Graf1: 283073 220567
1 0 283073
1 1 275466
1 2 275466
1 3 275466
1 4 275466
2 5 275466
2 6 271124
2 7 271124
2 8 271124
2 9 271124
2 10 269162
3 11 269162
3 12 269162
3 13 269162
3 14 269162
3 15 258882
4 16 258882
4 17 258882
4 18 258882
4 19 258882
4 20 258882
5 21 258882
5 22 258882
5 23 258882
5 24 258882
5 25 258882
6 26 258882
6 27 258882
6 28 258882
6 29 258882
7 30 258882
7 31 258882
8 32 258882
9 33 258882
10 34 258882
12 35 258882
13 36 258882
14 37 258882
15 38 258882
16 39 258882
17 40 258882
18 41 258882
19 42 258882
20 43 258882
21 44 258882
23 45 258882
24 46 241353
25 47 241353
26 48 241353
27 49 241353
28 50 241353
29 51 241353
30 52 241353
31 53 241353
32 54 241353
34 55 241353
35 56 241353
36 57 241353
37 58 241353
38 59 241353
39 60 241353
40 61 241353
42 62 241353
43 63 241353
44 64 241353
45 65 241353
46 66 241353
47 67 241353
48 68 234106
49 69 234106
51 70 234106
52 71 220567
53 72 220567
54 73 220567
55 74 220567
56 75 220567
57 76 220567
59 77 220567
60 78 220567
64 73 61 68 57 21 47 52 20 62 19 1 67 69 82 32 28 66 60 58 15 80 26 63 98 36 59 22 70 2 11 25 0 43 87 88 44 77 5 55 76 89 7 75 78 35 27 91 85 24 34 23 13 71 97 31 53 16 29 4 74 10 56 18 96 3 49 65 50 37 54 45 6 30 64 92 90 51 42 14 12 41 86 72 1 79 54 94 65 57 84 9 93 38 39 8 95 46 20 13 83 40 95 48 81 17 99 33 
Graf2: 288057 261572
0 0 288057
0 1 288057
0 2 288057
1 3 280556
1 4 280556
1 5 280556
1 6 280556
1 7 277573
2 8 277573
2 9 277573
2 10 277573
2 11 277573
2 12 277573
3 13 277573
3 14 277573
3 15 274035
3 16 274035
3 17 273599
3 18 273599
4 19 273599
4 20 264893
4 21 264893
4 22 264893
4 23 264893
5 24 264893
5 25 264893
5 26 264893
5 27 264893
5 28 264893
6 29 264893
6 30 264893
7 31 264893
8 32 264893
9 33 264893
10 34 264893
11 35 264893
12 36 264893
13 37 264893
14 38 264893
16 39 264893
17 40 264893
18 41 264893
19 42 264893
20 43 264893
21 44 264893
22 45 264893
23 46 264893
25 47 264893
26 48 264893
27 49 264893
28 50 264893
29 51 264893
30 52 264893
31 53 264893
32 54 264893
34 55 264893
35 56 264893
36 57 264893
37 58 264893
38 59 264893
39 60 264893
40 61 264893
41 62 264893
42 63 264893
44 64 264893
45 65 264893
46 66 264893
47 67 264893
48 68 264893
49 69 264893
50 70 264893
52 71 264893
53 72 261572
54 73 261572
55 74 261572
56 75 261572
57 76 261572
59 77 261572
60 78 261572
6 23 8 33 50 10 7 1 47 51 80 61 57 12 20 32 87 46 71 28 15 95 36 9 44 21 64 58 72 5 59 92 42 35 53 49 39 83 25 16 37 90 34 17 86 88 73 96 75 76 85 93 55 48 38 60 27 26 45 19 88 63 2 4 54 18 30 63 84 35 53 70 78 43 92 51 66 14 13 0 77 74 22 89 3 79 81 11 97 31 69 56 41 99 62 3 98 76 85 93 67 82 42 68 52 91 40 65 29 7 24 94 
Graf3: 282145 225620
0 0 282145
0 1 282145
0 2 278896
1 3 272843
1 4 272843
1 5 272843
1 6 272843
1 7 264894
1 8 264894
2 9 264894
2 10 264894
2 11 264530
2 12 264530
2 13 264530
3 14 264530
3 15 264530
3 16 264530
3 17 264530
3 18 264530
4 19 264530
4 20 264530
4 21 264530
4 22 264530
4 23 264530
4 24 264530
5 25 264530
5 26 264530
5 27 264530
5 28 264530
5 29 264530
6 30 264530
7 31 264530
7 32 264530
9 33 264530
10 34 264530
11 35 264530
12 36 264530
13 37 264530
14 38 264530
15 39 264530
16 40 264530
18 41 264530
19 42 264530
20 43 264530
21 44 261682
22 45 261682
23 46 261682
24 47 261682
25 48 249752
27 49 249752
28 50 233351
29 51 233351
30 52 233351
31 53 233351
32 54 233351
33 55 233351
34 56 233351
35 57 233351
37 58 233351
38 59 233351
39 60 233351
40 61 233351
41 62 233351
42 63 233351
43 64 233351
44 65 233351
45 66 233351
47 67 233351
48 68 233351
49 69 233351
50 70 233351
51 71 233351
52 72 233351
53 73 233351
55 74 225620
56 75 225620
57 76 225620
58 77 225620
59 78 225620
60 79 225620
72 13 21 24 51 81 71 85 30 70 63 9 61 33 31 2 58 40 52 26 35 6 57 79 88 77 73 49 3 66 95 19 93 12 18 78 62 29 62 22 5 87 53 91 41 39 82 1 90 76 54 28 64 59 74 55 65 60 44 36 92 4 83 11 75 60 89 25 94 96 38 43 0 34 80 91 68 56 20 42 34 99 69 8 37 17 7 72 10 66 98 23 32 42 9 67 48 86 84 15 16 14 50 58 97 38 82 47 45 2 16 27 47 52 43 0 46 
Graf4: 274896 203330
1 0 274896
1 1 274896
1 2 272550
1 3 272550
1 4 261163
2 5 261163
2 6 261163
2 7 261163
2 8 261163
2 9 261163
2 10 261163
3 11 254530
3 12 254530
3 13 254530
3 14 254530
3 15 254530
4 16 254530
4 17 254530
4 18 254530
4 19 254530
4 20 254530
5 21 254530
5 22 254530
5 23 254530
5 24 254530
6 25 254530
6 26 254530
6 27 254530
6 28 254530
6 29 254530
7 30 254530
8 31 254530
8 32 250913
9 33 238427
11 34 238427
12 35 238427
13 36 236339
14 37 232991
15 38 232991
16 39 232991
17 40 232991
18 41 232991
19 42 232991
20 43 232991
22 44 232991
23 45 232991
24 46 232991
25 47 230550
26 48 230550
27 49 230550
28 50 224647
29 51 224647
31 52 224647
32 53 214391
33 54 214391
34 55 214391
35 56 214391
36 57 214391
37 58 214391
38 59 207968
39 60 207968
40 61 207968
42 62 207968
43 63 207968
44 64 207968
45 65 207968
46 66 207968
47 67 207968
48 68 207968
50 69 207968
51 70 207968
52 71 207968
53 72 207968
54 73 207968
55 74 203330
56 75 203330
58 76 203330
59 77 203330
60 78 203330
24 12 51 56 89 0 15 20 17 40 53 30 11 28 41 97 38 34 27 79 60 18 86 81 73 8 70 63 74 2 76 6 22 78 26 47 99 62 66 82 21 45 4 72 52 49 80 8 14 64 57 94 32 16 92 46 13 33 87 29 5 69 36 3 44 42 9 93 85 96 95 83 54 39 75 67 9 35 84 98 20 60 10 19 61 12 71 43 7 32 57 90 77 37 48 55 59 68 24 4 25 77 11 65 77 43 1 88 91 50 58 31 50 52 47 23 
Graf5: 281500 232203
0 0 281500
0 1 275181
1 2 275181
1 3 275181
1 4 275181
1 5 275181
1 6 275181
1 7 261627
2 8 261627
2 9 261627
2 10 261627
2 11 261627
2 12 261627
3 13 261627
3 14 261627
3 15 261627
3 16 247469
3 17 247469
3 18 247469
4 19 247469
4 20 247469
4 21 247469
4 22 247469
4 23 247469
5 24 247469
5 25 247469
5 26 247469
5 27 247469
5 28 247469
6 29 247469
6 30 247469
7 31 247469
8 32 247469
9 33 247469
10 34 247469
11 35 247469
12 36 247469
13 37 247469
14 38 247469
15 39 247469
17 40 247469
18 41 247469
19 42 247469
20 43 247469
21 44 247469
22 45 247469
23 46 247469
24 47 247469
25 48 247469
26 49 247469
28 50 247469
29 51 247469
30 52 247469
31 53 247469
32 54 247469
33 55 247469
34 56 247469
35 57 238904
36 58 238904
38 59 238904
39 60 238904
40 61 238904
41 62 238904
42 63 238904
43 64 238904
44 65 238904
45 66 237413
46 67 237413
48 68 237413
49 69 237413
50 70 237413
51 71 237413
52 72 237413
53 73 232203
54 74 232203
55 75 232203
57 76 232203
58 77 232203
59 78 232203
60 79 232203
7 14 63 98 38 54 85 35 95 20 3 30 97 37 49 78 71 87 79 0 56 29 9 77 10 41 92 46 73 90 99 91 12 24 21 13 39 27 2 16 60 22 44 66 4 47 15 82 61 70 52 48 69 81 59 72 96 6 32 26 88 50 1 42 51 75 89 23 84 80 8 19 65 40 82 36 64 30 55 34 11 5 17 78 43 76 74 52 57 86 94 18 89 25 67 68 53 45 58 90 83 93 7 14 26 31 33 28 79 0 56 29 62 
Graf6: 271643 233645
0 0 271643
0 1 271643
1 2 271643
1 3 271643
1 4 271643
1 5 271643
1 6 263071
2 7 263071
2 8 263071
2 9 263071
2 10 263071
2 11 263071
2 12 263071
3 13 263071
3 14 263071
3 15 259022
3 16 259022
3 17 259022
4 18 259022
4 19 259022
4 20 259022
4 21 259022
4 22 259022
5 23 259022
5 24 259022
5 25 259022
5 26 259022
5 27 259022
5 28 259022
6 29 259022
6 30 259022
7 31 259022
8 32 259022
9 33 259022
10 34 259022
11 35 259022
12 36 259022
13 37 259022
15 38 259022
16 39 259022
17 40 259022
18 41 259022
19 42 259022
20 43 259022
22 44 259022
23 45 259022
24 46 259022
25 47 259022
26 48 259022
27 49 259022
28 50 259022
29 51 259022
30 52 255223
32 53 255223
33 54 255223
34 55 255223
35 56 255223
36 57 255223
37 58 252567
38 59 247157
39 60 247157
40 61 247157
41 62 247157
43 63 247157
44 64 247157
45 65 247157
46 66 247157
47 67 247157
48 68 247157
49 69 247157
50 70 247157
52 71 234173
53 72 234173
54 73 234173
55 74 234173
56 75 234173
57 76 234173
58 77 234173
59 78 234173
60 79 233645
91 41 77 67 36 96 11 72 57 84 2 90 58 94 74 70 12 24 29 49 76 46 50 78 81 55 14 4 83 34 92 0 45 6 89 98 69 75 16 95 42 66 17 53 52 97 13 39 47 18 10 59 37 9 64 86 51 50 44 28 3 56 71 60 73 19 68 27 21 32 41 31 38 82 63 87 7 8 62 15 93 40 20 80 65 48 10 33 54 43 5 85 72 57 30 56 1 23 1 88 89 98 69 22 77 95 35 95 42 25 79 99 61 26 
Graf7: 282479 209598
0 0 282479
0 1 274216
0 2 274216
0 3 274216
1 4 264912
1 5 264912
1 6 264912
1 7 264912
1 8 264912
1 9 264912
2 10 264912
2 11 264912
2 12 264912
2 13 264912
2 14 264912
3 15 264912
3 16 264912
3 17 264912
3 18 264912
3 19 264912
3 20 264912
4 21 264912
4 22 264912
4 23 264912
4 24 264912
4 25 264912
5 26 264912
5 27 264912
5 28 264912
5 29 264912
6 30 264912
7 31 264912
7 32 264912
8 33 264912
10 34 264912
11 35 264912
12 36 264912
13 37 264912
14 38 264912
15 39 264912
16 40 251500
18 41 251500
19 42 251500
20 43 238986
21 44 238986
22 45 238986
23 46 238986
24 47 238986
25 48 238986
26 49 238986
27 50 238986
29 51 238986
30 52 238986
31 53 238986
32 54 238986
33 55 238986
34 56 238986
35 57 238986
36 58 238986
37 59 238986
39 60 238986
40 61 226822
41 62 226822
42 63 226822
43 64 226822
44 65 226822
46 66 226822
47 67 226822
48 68 224551
49 69 224551
50 70 209598
51 71 209598
52 72 209598
53 73 209598
55 74 209598
56 75 209598
57 76 209598
58 77 209598
59 78 209598
60 79 209598
19 66 86 96 34 16 0 10 28 61 29 26 88 51 45 20 35 31 54 24 17 38 53 37 18 80 73 58 68 32 62 6 69 22 44 92 84 12 65 55 77 25 95 74 41 3 8 57 47 42 9 83 14 39 87 75 81 85 91 52 36 5 79 59 40 7 89 21 90 76 27 98 30 99 70 2 71 93 4 23 22 44 78 34 82 49 1 56 37 60 3 15 79 67 97 38 50 48 64 72 63 46 33 13 11 53 94 43 
Graf8: 275614 221614
1 0 275614
1 1 263324
1 2 263324
1 3 263324
1 4 263324
2 5 263324
2 6 263324
2 7 263324
2 8 263324
2 9 263324
3 10 263324
3 11 263324
3 12 263324
3 13 263324
3 14 263324
3 15 263324
4 16 263324
4 17 263324
4 18 263305
4 19 263305
4 20 263305
5 21 263305
5 22 263305
5 23 263305
5 24 263305
5 25 263305
6 26 263305
6 27 263305
6 28 263305
6 29 254860
7 30 254860
7 31 254860
8 32 254860
9 33 254860
10 34 254860
12 35 254860
13 36 254860
14 37 254860
15 38 254860
16 39 254860
17 40 254860
18 41 254860
19 42 254860
20 43 254860
21 44 254860
23 45 251445
24 46 247079
25 47 232958
26 48 232958
27 49 232958
28 50 232958
29 51 232958
30 52 231140
31 53 231140
32 54 231140
33 55 231140
34 56 231140
35 57 231140
37 58 231140
38 59 231140
39 60 231140
40 61 231140
41 62 231140
42 63 231140
43 64 231140
44 65 231140
45 66 231140
46 67 231140
48 68 225524
49 69 225524
50 70 225524
51 71 225524
52 72 225524
53 73 225524
54 74 225524
56 75 221614
57 76 221614
58 77 221614
59 78 221614
60 79 221614
31 91 65 2 62 87 70 36 48 95 49 13 74 4 63 89 50 45 22 53 72 94 84 90 77 28 60 8 56 0 52 12 6 92 37 56 76 83 5 58 78 16 54 7 23 67 18 24 43 46 55 80 30 89 19 38 26 29 35 59 73 62 11 9 36 86 47 84 33 3 98 27 0 10 35 66 69 75 99 40 25 1 87 85 43 15 44 32 79 64 39 75 34 42 93 82 81 32 20 31 14 71 81 94 21 96 88 68 61 98 51 34 42 57 72 17 41 97 
Graf9: 285059 225417
0 0 285059
1 1 285059
1 2 280241
1 3 280241
1 4 280241
1 5 280241
1 6 280241
2 7 280241
2 8 280241
2 9 276428
2 10 276428
2 11 276428
3 12 276428
3 13 276428
3 14 276428
3 15 276428
3 16 260512
4 17 260512
4 18 260512
4 19 260512
4 20 260512
4 21 260512
4 22 260512
5 23 260512
5 24 260512
5 25 260512
5 26 260512
5 27 260512
6 28 260512
6 29 260512
6 30 260512
7 31 260512
8 32 258873
9 33 258873
10 34 258873
11 35 258873
12 36 258873
13 37 258873
14 38 248306
16 39 248306
17 40 248306
18 41 248306
19 42 248306
20 43 248306
21 44 248306
22 45 248306
23 46 248306
24 47 248306
26 48 248306
27 49 248306
28 50 248306
29 51 248306
30 52 241966
31 53 241966
32 54 239622
33 55 239622
34 56 239622
36 57 239622
37 58 234996
38 59 234996
39 60 234996
40 61 234996
41 62 234996
42 63 234996
43 64 234996
44 65 234888
46 66 234888
47 67 234888
48 68 234888
49 69 234888
50 70 225417
51 71 225417
52 72 225417
53 73 225417
55 74 225417
56 75 225417
57 76 225417
58 77 225417
59 78 225417
60 79 225417
61 42 76 83 55 6 93 70 44 86 99 12 14 46 29 64 72 50 74 36 3 63 32 23 56 22 9 40 35 10 31 68 16 15 91 24 0 28 5 59 41 2 81 47 51 87 25 7 21 96 58 4 1 66 38 45 27 40 17 43 37 30 84 60 95 11 18 21 90 92 89 26 49 19 97 52 96 48 20 62 8 1 75 82 69 98 71 73 82 78 53 67 94 85 57 13 88 77 39 79 33 53 67 65 54 80 70 67 94 85 34 
Graf10: 283278 219931
0 0 283278
0 1 281959
0 2 276442
0 3 276442
1 4 276442
1 5 276442
1 6 276442
1 7 276442
1 8 263211
1 9 263211
2 10 263211
2 11 263211
2 12 263211
2 13 263211
2 14 263211
3 15 263211
3 16 263211
3 17 263211
3 18 263211
3 19 263211
4 20 263211
4 21 263211
4 22 263211
4 23 263211
4 24 246244
4 25 246244
5 26 246244
5 27 246244
5 28 246244
5 29 246244
6 30 246244
7 31 246244
7 32 246244
8 33 246244
10 34 246244
11 35 246244
12 36 246244
13 37 246244
14 38 246244
15 39 246244
16 40 246244
17 41 246244
18 42 246244
20 43 246244
21 44 246244
22 45 246244
23 46 246244
24 47 246244
25 48 246244
26 49 246244
28 50 246244
29 51 246244
30 52 241984
31 53 241984
32 54 241984
33 55 241984
34 56 241984
35 57 241984
36 58 241984
37 59 236747
39 60 236747
40 61 236747
41 62 236747
42 63 236747
43 64 236747
44 65 236747
45 66 236747
46 67 236747
47 68 232514
49 69 232514
50 70 232514
51 71 232514
52 72 232514
53 73 232514
54 74 232514
55 75 232514
57 76 232514
58 77 232514
59 78 220886
60 79 219931
76 26 42 48 36 60 2 19 50 70 77 88 21 0 14 44 35 13 85 93 94 99 72 37 57 22 52 97 55 78 24 45 28 23 41 76 34 54 67 65 90 17 7 27 40 59 47 29 32 20 89 74 1 30 58 12 68 5 8 91 79 86 66 38 10 79 81 82 15 51 31 11 80 26 43 96 53 87 6 4 84 92 3 98 95 18 52 97 39 56 62 73 69 75 63 71 25 49 96 93 64 9 46 53 16 33 83 19 50 70 61 
Graf11: 285388 230182
0 0 285388
1 1 270232
1 2 270232
1 3 270232
1 4 266413
1 5 266413
1 6 266413
2 7 265060
2 8 265060
2 9 265060
2 10 265060
2 11 265060
3 12 265060
3 13 265060
3 14 265060
3 15 265060
3 16 265060
4 17 265060
4 18 265060
4 19 265060
4 20 265060
4 21 265060
4 22 265060
5 23 265060
5 24 265060
5 25 265060
5 26 265060
5 27 265060
6 28 265060
6 29 265060
7 30 265060
7 31 265060
8 32 265060
9 33 265060
10 34 265060
11 35 265060
12 36 265060
13 37 265060
15 38 256617
16 39 256617
17 40 256617
18 41 256617
19 42 256617
20 43 256617
21 44 256617
22 45 256617
23 46 256617
24 47 256617
26 48 256617
27 49 255330
28 50 255330
29 51 255330
30 52 255330
31 53 255330
32 54 255330
33 55 255330
35 56 255330
36 57 238599
37 58 238599
38 59 238599
39 60 238599
40 61 238599
42 62 238599
43 63 238599
44 64 238599
45 65 238599
46 66 238599
47 67 238599
48 68 238599
49 69 238599
51 70 238599
52 71 238599
53 72 238599
54 73 238599
55 74 238599
56 75 238599
58 76 238599
59 77 238154
60 78 230182
44 37 66 33 13 21 61 1 73 83 98 87 78 9 47 6 59 85 75 27 31 8 86 88 63 56 41 30 96 17 79 53 55 39 4 0 12 55 89 14 48 65 46 50 43 54 29 42 90 23 28 81 77 2 18 62 36 69 97 64 91 7 25 68 94 95 74 22 51 38 58 3 43 60 40 20 72 57 49 29 92 58 15 52 23 28 99 71 45 34 32 93 11 80 5 24 84 39 4 26 76 70 95 10 82 35 19 91 7 25 16 89 46 67 
Graf12: 278844 229361
0 0 278844
0 1 278844
1 2 278844
1 3 278844
1 4 278844
1 5 271710
1 6 271710
2 7 271710
2 8 271710
2 9 271710
2 10 271710
2 11 271710
3 12 271710
3 13 271710
3 14 271710
3 15 271710
3 16 270683
3 17 270683
4 18 270683
4 19 270683
4 20 270683
4 21 270683
4 22 270683
5 23 270683
5 24 270683
5 25 270683
5 26 270683
5 27 264697
6 28 264697
6 29 264697
6 30 250762
7 31 250762
8 32 250762
9 33 250762
10 34 250762
11 35 250762
12 36 250762
13 37 250762
14 38 250762
15 39 250762
17 40 250762
18 41 250762
19 42 250762
20 43 250762
21 44 250762
22 45 250762
23 46 250762
24 47 250762
25 48 244479
26 49 244479
28 50 244479
29 51 244479
30 52 244479
31 53 244479
32 54 244479
33 55 244479
34 56 244479
35 57 244479
36 58 244479
37 59 244479
38 60 244479
40 61 244479
41 62 244479
42 63 244479
43 64 244479
44 65 243075
45 66 243075
46 67 241376
48 68 241376
49 69 239030
50 70 239030
51 71 239030
52 72 237262
53 73 237262
54 74 237262
55 75 231300
56 76 231300
58 77 231300
59 78 231300
60 79 229361
42 26 77 14 28 54 12 24 5 20 86 6 65 2 3 72 29 16 96 60 46 93 32 43 11 84 1 85 0 39 61 81 57 45 76 4 63 48 73 9 15 55 91 78 27 82 31 30 52 7 92 59 13 80 95 10 88 70 66 75 18 51 18 21 96 35 22 33 19 62 37 97 56 36 87 44 88 53 89 79 99 58 50 80 49 69 67 76 23 38 17 68 98 83 41 40 94 71 74 4 83 64 95 10 34 8 54 68 25 14 47 37 90 
Graf13: 283111 226395
0 0 283111
0 1 283111
1 2 283111
1 3 283111
1 4 282521
1 5 282521
1 6 282521
1 7 275169
2 8 275169
2 9 275169
2 10 263054
2 11 263054
2 12 263054
3 13 263054
3 14 263054
3 15 263054
3 16 263054
3 17 263054
4 18 263054
4 19 263054
4 20 263054
4 21 263054
4 22 263054
4 23 263054
5 24 263054
5 25 263054
5 26 263054
5 27 263054
5 28 263054
6 29 263054
6 30 263054
7 31 263054
8 32 263054
9 33 263054
10 34 263054
11 35 263054
12 36 263054
13 37 263054
14 38 263054
15 39 263054
16 40 263054
17 41 257612
19 42 257612
20 43 257612
21 44 257612
22 45 257612
23 46 257612
24 47 257612
25 48 257612
26 49 257612
27 50 256430
28 51 256430
29 52 256430
30 53 256430
32 54 256430
33 55 240764
34 56 240764
35 57 240764
36 58 240764
37 59 236380
38 60 236380
39 61 231223
40 62 231223
42 63 231223
43 64 231223
44 65 231223
45 66 231223
46 67 231223
47 68 231223
48 69 231223
49 70 231223
51 71 231223
52 72 231223
53 73 231223
54 74 231223
55 75 231223
56 76 231223
57 77 231223
59 78 231223
60 79 226395
32 76 58 77 85 99 30 42 55 66 31 1 70 0 74 81 67 47 65 80 8 69 41 2 98 54 14 48 7 4 93 72 27 82 90 71 86 28 95 34 56 68 61 36 24 20 18 87 78 94 88 51 91 63 73 15 40 64 57 89 21 39 50 53 43 97 59 49 16 92 45 60 5 33 44 75 6 46 24 13 3 11 22 35 79 52 25 23 37 17 38 92 45 9 19 62 15 12 29 84 22 26 96 74 81 83 20 11 10 
Graf14: 298142 214603
-1 0 298142
-1 1 283578
-1 2 283578
0 3 283182
0 4 278434
0 5 278434
0 6 278434
0 7 278434
1 8 278434
1 9 278434
1 10 278434
1 11 278434
1 12 271800
2 13 271800
2 14 264078
2 15 264078
2 16 264078
2 17 264078
3 18 264078
3 19 264078
3 20 264078
3 21 264078
3 22 264078
3 23 264078
4 24 264078
4 25 264078
4 26 264078
4 27 264078
4 28 264078
5 29 264078
5 30 260992
6 31 260992
7 32 260992
8 33 260992
9 34 260992
10 35 260992
11 36 260992
12 37 260992
13 38 260992
14 39 260992
16 40 260992
17 41 260992
18 42 260992
19 43 260992
20 44 256923
21 45 256923
22 46 253871
23 47 253871
24 48 253871
25 49 252430
26 50 252430
27 51 252430
28 52 252430
29 53 247618
31 54 247618
32 55 247618
33 56 233257
34 57 233257
35 58 233257
36 59 233257
37 60 233257
38 61 233257
40 62 233257
41 63 233257
42 64 233257
43 65 233257
44 66 228909
45 67 228909
46 68 228909
47 69 228338
49 70 228338
50 71 228338
51 72 228338
52 73 228338
53 74 228338
54 75 216580
55 76 216580
56 77 216580
57 78 215801
58 79 214603
60 80 214603
99 91 19 98 61 13 81 83 59 28 26 93 84 33 88 57 5 44 12 97 43 79 35 21 92 66 27 7 16 36 3 87 39 78 76 48 54 6 94 74 37 8 85 73 30 86 18 4 15 92 69 96 82 75 45 24 77 51 55 69 62 23 42 64 25 68 14 34 53 40 41 29 49 31 50 9 67 46 52 65 82 2 11 58 1 10 89 47 27 32 70 72 63 17 6 0 56 60 95 30 20 80 90 20 80 71 38 17 6 98 22 
Graf15: 280732 249777
0 0 280732
0 1 280732
0 2 280732
0 3 280732
1 4 275666
1 5 275666
1 6 275666
1 7 275666
1 8 275666
2 9 275666
2 10 275666
2 11 271014
2 12 271014
2 13 260839
2 14 260839
3 15 260839
3 16 260839
3 17 260839
3 18 260839
3 19 260839
4 20 260839
4 21 260839
4 22 260839
4 23 260839
4 24 260839
5 25 260839
5 26 260839
5 27 260839
5 28 260839
5 29 260839
6 30 260839
7 31 260293
7 32 260293
8 33 260293
10 34 260293
11 35 260293
12 36 260293
13 37 260293
14 38 260293
15 39 260293
16 40 260293
17 41 260293
19 42 260293
20 43 260293
21 44 260293
22 45 260293
23 46 260293
24 47 260293
25 48 260293
26 49 260293
28 50 260293
29 51 260293
30 52 260293
31 53 260293
32 54 260293
33 55 260293
34 56 260293
35 57 260293
37 58 260293
38 59 260293
39 60 260293
40 61 260293
41 62 260293
42 63 260293
43 64 260293
44 65 260293
46 66 260293
47 67 260293
48 68 260293
49 69 258723
50 70 258723
51 71 258723
52 72 258723
54 73 258723
55 74 258723
56 75 250579
57 76 250579
58 77 250579
59 78 250579
60 79 249777
24 0 97 98 94 79 37 64 92 30 7 34 88 21 87 19 74 66 15 39 41 18 60 48 50 81 53 2 51 45 70 63 33 42 28 85 26 4 23 65 27 96 52 67 29 94 93 99 58 71 49 80 32 55 31 3 59 72 20 10 25 22 77 54 94 78 43 38 83 69 8 57 12 5 6 84 91 47 44 89 14 13 4 40 31 86 36 73 90 56 95 35 30 7 62 75 32 17 11 68 61 82 16 46 9 89 70 1 76 
Graf16: 265431 222643
0 0 265431
0 1 265431
0 2 265431
0 3 265431
0 4 265431
1 5 265431
1 6 260808
1 7 260808
1 8 260808
1 9 260808
2 10 260808
2 11 260808
2 12 260808
2 13 260808
2 14 260808
3 15 254253
3 16 254253
3 17 254253
3 18 254253
3 19 254253
3 20 254253
4 21 254253
4 22 254253
4 23 254253
4 24 254253
4 25 254253
5 26 254253
5 27 254253
5 28 254253
5 29 254253
6 30 254253
6 31 254253
7 32 254253
8 33 254253
10 34 254253
11 35 254253
12 36 254253
13 37 254253
14 38 254253
15 39 254253
16 40 254253
18 41 254253
19 42 247586
20 43 247586
21 44 247586
22 45 247586
23 46 247586
24 47 247586
26 48 247586
27 49 247586
28 50 247586
29 51 247586
30 52 247586
31 53 247586
32 54 245963
34 55 244929
35 56 244929
36 57 237422
37 58 235779
38 59 235779
39 60 235779
41 61 235779
42 62 235779
43 63 235779
44 64 235779
45 65 235779
46 66 235779
48 67 235779
49 68 235779
50 69 226493
51 70 226493
52 71 226493
53 72 226493
55 73 226493
56 74 226493
57 75 222643
58 76 222643
59 77 222643
60 78 222643
87 73 9 83 20 97 34 42 58 7 16 3 4 96 32 81 51 65 36 75 28 37 6 62 64 13 99 95 78 57 66 45 15 68 30 21 31 1 14 18 5 11 69 61 49 94 63 90 52 84 39 44 59 35 89 22 92 74 80 46 43 82 76 53 67 57 56 12 8 87 71 27 40 25 91 47 10 16 86 26 33 24 48 54 70 23 41 50 2 79 93 17 82 55 97 77 72 80 46 43 51 85 88 26 33 29 98 85 0 19 54 53 60 37 70 94 38 
Graf17: 278487 210872
1 0 278487
1 1 278487
1 2 278487
1 3 278487
1 4 278487
2 5 278487
2 6 278487
2 7 278487
2 8 278487
2 9 278487
3 10 267855
3 11 267855
3 12 267855
3 13 267855
3 14 267855
3 15 267855
4 16 263313
4 17 263313
4 18 263313
4 19 263313
4 20 263313
5 21 263313
5 22 263313
5 23 263313
5 24 263313
5 25 263313
6 26 263313
6 27 263313
6 28 263313
6 29 254357
7 30 254357
7 31 254357
8 32 254357
9 33 254357
10 34 254357
11 35 254357
13 36 254357
14 37 254357
15 38 251602
16 39 240333
17 40 235129
18 41 235129
19 42 235129
20 43 235129
21 44 235129
22 45 235129
23 46 235129
24 47 235129
26 48 235129
27 49 234787
28 50 234787
29 51 234787
30 52 234787
31 53 234787
32 54 234787
33 55 234787
34 56 234787
36 57 221995
37 58 221995
38 59 221995
39 60 221995
40 61 221995
41 62 221995
42 63 221995
43 64 221995
44 65 220273
46 66 220273
47 67 220273
48 68 220273
49 69 220273
50 70 210872
51 71 210872
52 72 210872
53 73 210872
54 74 210872
56 75 210872
57 76 210872
58 77 210872
59 78 210872
60 79 210872
77 55 62 21 60 58 32 31 9 5 78 79 8 46 66 95 97 24 17 34 70 93 68 22 84 7 90 26 76 51 11 87 65 50 15 38 87 67 43 48 14 83 53 35 20 36 41 86 2 42 18 74 75 47 19 1 64 49 63 4 56 36 13 85 0 81 45 23 27 30 25 99 29 89 72 37 71 91 82 33 10 41 96 69 39 73 76 16 94 59 92 28 61 62 21 64 98 6 12 54 40 88 89 52 44 63 40 3 57 60 58 32 5 80 
Graf18: 290212 236862
-1 0 290212
0 1 289731
0 2 288805
0 3 266625
0 4 266625
0 5 266625
1 6 266625
1 7 241770
1 8 241770
1 9 241770
1 10 241770
1 11 241770
2 12 241770
2 13 241770
2 14 241770
2 15 241770
2 16 241770
3 17 241770
3 18 241770
3 19 241770
3 20 241770
3 21 241770
4 22 241770
4 23 241770
4 24 241770
4 25 241770
4 26 241770
4 27 241770
5 28 241770
5 29 241770
6 30 241770
6 31 241770
7 32 241770
8 33 241770
9 34 241770
10 35 241770
11 36 241770
13 37 241770
14 38 241770
15 39 241770
16 40 241770
17 41 241770
18 42 241770
19 43 241770
20 44 241770
21 45 241770
22 46 241770
24 47 241770
25 48 241770
26 49 241770
27 50 241770
28 51 241770
29 52 241770
30 53 241770
31 54 241770
32 55 241770
34 56 241770
35 57 238840
36 58 238840
37 59 238840
38 60 238840
39 61 236862
40 62 236862
41 63 236862
42 64 236862
44 65 236862
45 66 236862
46 67 236862
47 68 236862
48 69 236862
49 70 236862
50 71 236862
52 72 236862
53 73 236862
54 74 236862
55 75 236862
56 76 236862
57 77 236862
58 78 236862
60 79 236862
33 91 9 73 39 62 29 44 35 98 64 77 45 2 82 84 70 6 61 27 23 4 13 0 80 72 76 63 48 8 81 97 24 57 67 7 75 22 52 25 30 11 42 69 56 40 10 1 87 53 41 36 51 54 16 10 43 14 21 38 65 20 85 74 34 41 31 88 49 68 47 66 58 90 5 17 15 55 46 89 94 79 78 59 93 26 28 4 13 12 81 99 96 60 92 37 19 91 81 6 18 3 32 77 45 86 30 71 50 95 87 61 22 44 83 
Graf19: 282568 233651
0 0 282568
0 1 275624
0 2 275624
0 3 275624
1 4 275624
1 5 275624
1 6 275624
1 7 275624
1 8 269389
2 9 269389
2 10 269389
2 11 269389
2 12 269389
2 13 269389
2 14 269389
3 15 269389
3 16 269389
3 17 269389
3 18 269389
3 19 269389
4 20 269389
4 21 269389
4 22 269389
4 23 269389
4 24 269389
4 25 269389
5 26 269389
5 27 269389
5 28 269389
5 29 269389
6 30 257935
7 31 257935
7 32 257935
8 33 257935
10 34 257935
11 35 257935
12 36 257935
13 37 257935
14 38 251164
15 39 251164
16 40 251164
17 41 251164
18 42 251164
19 43 251164
21 44 251164
22 45 251164
23 46 251164
24 47 245113
25 48 245113
26 49 245113
27 50 245113
28 51 245113
29 52 245113
31 53 245113
32 54 245113
33 55 245113
34 56 245113
35 57 237480
36 58 237480
37 59 237480
38 60 237480
39 61 237480
41 62 237480
42 63 237480
43 64 237480
44 65 237480
45 66 237480
46 67 237480
47 68 237480
48 69 237480
50 70 237480
51 71 237480
52 72 237480
53 73 237480
54 74 237480
55 75 237480
56 76 237480
58 77 233651
59 78 233651
60 79 233651
67 48 43 88 24 6 93 51 64 65 73 71 42 38 98 96 63 95 77 28 23 11 94 35 4 50 27 84 21 76 92 3 8 49 13 99 72 12 57 68 60 45 30 29 97 83 7 9 25 31 44 54 85 53 52 78 70 40 82 59 85 2 64 69 89 80 0 56 90 1 55 46 91 35 81 62 5 33 87 32 16 39 17 58 41 47 22 26 20 74 18 75 36 66 82 53 52 14 25 87 34 37 69 19 56 77 61 57 68 15 10 9 48 86 7 8 49 79 
Graf20: 275200 231104
0 0 275200
0 1 257610
1 2 257610
1 3 257610
1 4 257610
1 5 257610
1 6 257610
2 7 257610
2 8 257610
2 9 257610
2 10 257610
2 11 257610
2 12 257610
3 13 257610
3 14 257610
3 15 257610
3 16 257610
3 17 257610
4 18 257610
4 19 257610
4 20 257610
4 21 257610
4 22 257610
5 23 257610
5 24 257610
5 25 257610
5 26 257610
5 27 257610
5 28 257610
6 29 257610
6 30 257610
7 31 257261
8 32 257261
9 33 257261
10 34 257261
11 35 257261
12 36 257261
13 37 257261
14 38 257261
16 39 257261
17 40 257261
18 41 257261
19 42 257261
20 43 257261
21 44 257261
22 45 257261
23 46 257261
24 47 248079
25 48 248079
26 49 248079
28 50 248079
29 51 248079
30 52 248079
31 53 248079
32 54 248079
33 55 248079
34 56 248079
35 57 248079
36 58 248079
38 59 248079
39 60 238155
40 61 238155
41 62 238155
42 63 238155
43 64 235817
44 65 235817
45 66 235817
46 67 235817
48 68 235817
49 69 235817
50 70 235817
51 71 235817
52 72 235817
53 73 235817
54 74 235817
56 75 235817
57 76 231104
58 77 231104
59 78 231104
60 79 231104
73 55 46 80 47 76 50 81 41 95 26 13 18 39 7 78 67 82 90 37 49 5 56 53 99 23 30 16 85 44 29 92 71 36 43 15 20 25 79 11 31 78 48 1 66 38 86 84 34 27 51 4 40 52 97 12 77 45 62 61 35 65 10 5 63 64 41 0 8 58 17 88 42 94 89 56 9 93 98 83 61 54 22 2 21 99 28 91 32 33 87 3 45 62 59 72 60 74 49 6 90 68 69 24 14 54 7 96 1 75 57 68 69 9 19 60 81 98 84 34 70 
Graf21: 278943 219330
0 0 278943
1 1 272173
1 2 268630
1 3 268630
1 4 268630
1 5 268630
2 6 268630
2 7 268630
2 8 268630
2 9 268630
2 10 268630
2 11 268630
3 12 268630
3 13 268630
3 14 268630
3 15 268630
3 16 268630
4 17 268630
4 18 268630
4 19 268630
4 20 268630
4 21 268630
5 22 268630
5 23 268630
5 24 268630
5 25 268630
5 26 268630
5 27 268630
6 28 268630
6 29 267985
7 30 267985
7 31 267985
8 32 267985
9 33 267985
10 34 267985
11 35 267985
12 36 259326
14 37 254093
15 38 254093
16 39 254093
17 40 254093
18 41 254093
19 42 254093
20 43 254093
21 44 254093
23 45 254093
24 46 254093
25 47 254093
26 48 254093
27 49 254093
28 50 254093
29 51 254093
30 52 245467
31 53 245467
32 54 245467
33 55 245467
35 56 245467
36 57 241195
37 58 241195
38 59 238777
39 60 238777
40 61 238777
41 62 238777
42 63 238777
43 64 236496
44 65 236496
45 66 234281
47 67 234281
48 68 226665
49 69 226665
50 70 226665
51 71 226665
52 72 226665
53 73 226665
55 74 226665
56 75 226665
57 76 226665
58 77 226665
59 78 219582
60 79 219330
51 69 21 40 55 60 25 24 45 71 14 66 86 8 43 70 5 63 2 12 10 3 6 28 96 36 97 68 79 75 34 91 47 80 7 98 0 1 9 62 88 50 17 37 48 11 59 62 31 54 78 81 85 65 35 99 61 90 74 46 13 89 53 34 19 15 4 27 22 95 56 92 4 29 94 41 67 23 83 16 26 18 93 82 20 99 44 39 87 38 64 50 72 32 57 76 30 19 73 70 52 42 77 95 3 58 49 27 9 96 87 84 72 33 
Graf22: 275317 238504
0 0 275317
1 1 254176
1 2 254176
1 3 254176
1 4 254176
1 5 254176
2 6 254176
2 7 254176
2 8 254176
2 9 254176
2 10 254176
2 11 254176
3 12 254176
3 13 254176
3 14 254176
3 15 254176
3 16 254176
4 17 254176
4 18 254176
4 19 254176
4 20 254176
4 21 254176
5 22 254176
5 23 254176
5 24 254176
5 25 254176
5 26 254176
5 27 254176
6 28 254176
6 29 254176
7 30 254176
7 31 254176
8 32 254176
9 33 254176
10 34 254176
11 35 254176
12 36 254176
13 37 254176
14 38 254176
16 39 254176
17 40 254176
18 41 254176
19 42 254176
20 43 254176
21 44 254176
22 45 244502
23 46 244502
24 47 244502
25 48 244502
27 49 244502
28 50 244502
29 51 244502
30 52 244502
31 53 244502
32 54 244502
33 55 244502
34 56 244502
35 57 244502
36 58 244502
38 59 244502
39 60 244502
40 61 244502
41 62 244502
42 63 244502
43 64 244502
44 65 244502
45 66 244502
46 67 244502
48 68 244502
49 69 244502
50 70 244502
51 71 244502
52 72 238504
53 73 238504
54 74 238504
55 75 238504
56 76 238504
58 77 238504
59 78 238504
60 79 238504
88 74 78 61 89 86 0 16 37 55 85 56 19 54 3 39 14 8 50 53 76 18 40 32 11 23 72 90 95 57 79 6 87 68 30 42 69 13 38 80 92 47 49 70 91 25 36 35 93 58 82 77 62 71 45 52 44 46 75 4 67 34 15 83 98 8 97 84 21 26 12 31 47 9 22 63 69 5 96 33 20 51 48 94 28 66 64 2 43 10 60 24 7 29 27 1 73 59 81 87 41 99 68 23 65 44 47 64 17 
Graf23: 289308 242361
-1 0 289308
-1 1 282170
0 2 282170
0 3 282170
0 4 282170
0 5 282170
0 6 282170
0 7 282170
1 8 282170
1 9 282170
1 10 282170
1 11 282170
1 12 282170
2 13 282170
2 14 282170
2 15 282170
2 16 273086
2 17 273086
2 18 273086
3 19 273086
3 20 272247
3 21 272247
3 22 272247
3 23 272247
4 24 272247
4 25 272247
4 26 272247
4 27 272247
4 28 272247
5 29 272247
5 30 272247
6 31 272247
7 32 272247
8 33 272247
9 34 272247
10 35 272247
11 36 266369
12 37 266369
13 38 266369
14 39 266369
15 40 266369
16 41 266369
18 42 266369
19 43 266369
20 44 266369
21 45 266369
22 46 266369
23 47 266369
24 48 266369
25 49 266369
26 50 266369
27 51 266369
28 52 266369
30 53 266369
31 54 266369
32 55 259111
33 56 259111
34 57 259111
35 58 259111
36 59 259111
37 60 245618
38 61 245618
39 62 245618
41 63 245618
42 64 245618
43 65 245618
44 66 245618
45 67 245618
46 68 242361
47 69 242361
48 70 242361
49 71 242361
50 72 242361
52 73 242361
53 74 242361
54 75 242361
55 76 242361
56 77 242361
57 78 242361
58 79 242361
60 80 242361
14 40 70 21 88 63 39 15 58 68 5 24 11 55 57 36 81 4 28 38 26 31 66 45 34 89 60 50 0 35 32 77 61 44 86 73 18 43 84 94 48 52 56 27 6 30 76 82 78 25 99 75 47 79 16 72 80 2 64 33 10 7 53 62 19 83 29 67 69 87 97 51 30 65 42 13 54 85 46 96 95 91 12 93 65 23 8 27 9 38 37 87 49 22 23 24 41 66 74 85 71 17 44 86 59 1 20 47 90 34 89 3 13 92 94 39 15 98 
Graf24: 269067 233404
0 0 269067
0 1 269067
0 2 269067
0 3 269067
1 4 269067
1 5 269067
1 6 269067
1 7 269067
1 8 269067
2 9 261297
2 10 261297
2 11 261297
2 12 261297
2 13 261297
2 14 261297
3 15 261297
3 16 261297
3 17 261297
3 18 261297
3 19 261297
4 20 261297
4 21 261297
4 22 261297
4 23 261297
4 24 261297
5 25 261297
5 26 261297
5 27 261297
5 28 261297
5 29 261297
6 30 261297
7 31 261297
7 32 261297
8 33 261297
10 34 261297
11 35 261297
12 36 261297
13 37 261297
14 38 261297
15 39 261297
16 40 261297
17 41 261297
18 42 261297
20 43 261297
21 44 261297
22 45 233404
23 46 233404
24 47 233404
25 48 233404
26 49 233404
27 50 233404
28 51 233404
29 52 233404
30 53 233404
31 54 233404
33 55 233404
34 56 233404
35 57 233404
36 58 233404
37 59 233404
38 60 233404
39 61 233404
40 62 233404
41 63 233404
43 64 233404
44 65 233404
45 66 233404
46 67 233404
47 68 233404
48 69 233404
49 70 233404
50 71 233404
51 72 233404
52 73 233404
54 74 233404
55 75 233404
56 76 233404
57 77 233404
58 78 233404
59 79 233404
60 80 233404
68 54 70 41 24 71 48 16 40 99 27 88 47 78 56 43 92 80 6 63 28 19 15 59 2 45 83 21 38 11 31 95 53 18 9 75 61 50 7 76 45 60 96 57 62 12 49 55 4 65 14 69 30 52 17 46 33 42 97 74 73 22 91 85 51 26 84 13 81 1 5 58 79 86 37 98 39 87 38 35 32 90 66 93 59 89 20 3 8 29 23 25 0 77 36 44 10 34 14 72 47 67 82 86 37 94 40 68 97 64 
Graf25: 275485 216640
1 0 275485
1 1 275485
1 2 275485
1 3 275485
1 4 273500
1 5 273500
2 6 267177
2 7 267177
2 8 267177
2 9 267177
2 10 267177
3 11 267177
3 12 262470
3 13 262470
3 14 262470
3 15 262470
4 16 262470
4 17 262470
4 18 262470
4 19 262470
4 20 262470
4 21 262470
5 22 262470
5 23 262470
5 24 262470
5 25 262470
5 26 262470
6 27 262470
6 28 262470
6 29 262470
7 30 262470
7 31 262470
8 32 257267
9 33 257267
10 34 257267
11 35 257267
12 36 257267
14 37 257267
15 38 257180
16 39 257180
17 40 254895
18 41 246907
19 42 246907
20 43 246907
21 44 246907
22 45 246907
23 46 246907
24 47 246907
26 48 246907
27 49 233477
28 50 233477
29 51 233477
30 52 233477
31 53 233477
32 54 233477
33 55 233477
34 56 216640
36 57 216640
37 58 216640
38 59 216640
39 60 216640
40 61 216640
41 62 216640
42 63 216640
44 64 216640
45 65 216640
46 66 216640
47 67 216640
48 68 216640
49 69 216640
51 70 216640
52 71 216640
53 72 216640
54 73 216640
55 74 216640
56 75 216640
57 76 216640
59 77 216640
60 78 216640
15 90 18 66 69 64 60 93 49 9 20 25 54 40 19 62 92 61 29 81 17 4 52 12 47 41 32 78 45 2 44 30 0 85 13 72 6 96 42 56 1 95 75 99 88 87 57 28 63 23 83 97 31 94 55 16 71 65 67 48 3 34 22 73 24 70 33 7 84 43 50 82 91 14 80 5 1 53 74 58 37 39 51 8 98 59 35 85 86 98 59 77 79 21 10 76 89 63 23 36 38 26 78 68 26 90 62 27 4 7 29 46 58 37 0 11 
Graf26: 286882 221672
0 0 286882
0 1 286882
1 2 275718
1 3 275718
1 4 275718
1 5 272068
1 6 272068
1 7 272068
2 8 272068
2 9 272068
2 10 272068
2 11 272068
2 12 272068
3 13 272068
3 14 272068
3 15 272068
3 16 272068
3 17 272068
4 18 272068
4 19 272068
4 20 272068
4 21 257429
4 22 257429
4 23 257429
5 24 257429
5 25 257429
5 26 257429
5 27 257429
5 28 257429
6 29 257429
6 30 257429
7 31 253180
8 32 253180
9 33 253180
10 34 253180
11 35 253180
12 36 253180
13 37 253180
14 38 253180
15 39 253180
17 40 253180
18 41 253180
19 42 253180
20 43 253180
21 44 250997
22 45 250997
23 46 250997
24 47 241366
25 48 241366
27 49 241366
28 50 241366
29 51 241366
30 52 241366
31 53 241366
32 54 238014
33 55 237473
34 56 237473
36 57 237473
37 58 233178
38 59 233178
39 60 233178
40 61 233178
41 62 233178
42 63 233178
44 64 233178
45 65 233178
46 66 233178
47 67 233178
48 68 233178
49 69 233178
50 70 233178
51 71 233178
52 72 233178
54 73 233178
55 74 233178
56 75 227648
57 76 227648
58 77 227648
59 78 227648
60 79 221672
17 39 67 61 98 93 23 4 1 36 56 66 38 75 27 21 43 41 51 89 73 49 31 14 42 8 30 55 9 72 24 11 94 13 74 22 83 95 70 59 54 84 79 5 15 65 52 48 87 10 91 90 53 12 34 0 77 45 6 3 33 29 7 78 69 60 17 81 18 47 85 20 86 37 25 58 28 68 78 50 44 76 26 32 19 57 64 92 16 85 61 46 2 0 38 80 82 35 97 34 23 63 62 69 28 71 40 65 67 88 4 1 99 41 96 
Graf27: 263344 232956
1 0 263344
1 1 263344
1 2 263344
1 3 263344
1 4 263344
2 5 263344
2 6 263344
2 7 263344
2 8 263344
2 9 263344
2 10 263344
3 11 263344
3 12 263344
3 13 263344
3 14 263344
3 15 263344
4 16 263344
4 17 263344
4 18 263344
4 19 263344
4 20 263344
5 21 263344
5 22 263344
5 23 263344
5 24 263344
5 25 263344
5 26 263344
6 27 263344
6 28 263344
6 29 263344
7 30 263344
7 31 263344
8 32 263344
9 33 263344
10 34 263344
11 35 263344
12 36 263344
14 37 263344
15 38 263344
16 39 263344
17 40 263344
18 41 263344
19 42 263344
20 43 263344
21 44 242162
22 45 242162
23 46 242162
24 47 242162
25 48 242162
26 49 242162
28 50 242162
29 51 242162
30 52 242162
31 53 242162
32 54 242162
33 55 242162
34 56 242162
35 57 242162
36 58 242162
37 59 242162
38 60 242162
40 61 242162
41 62 242162
42 63 232956
43 64 232956
44 65 232956
45 66 232956
46 67 232956
48 68 232956
49 69 232956
50 70 232956
51 71 232956
52 72 232956
53 73 232956
54 74 232956
55 75 232956
56 76 232956
57 77 232956
59 78 232956
60 79 232956
35 44 92 33 15 57 95 54 21 73 81 91 88 45 53 11 74 25 28 14 82 51 84 87 94 7 29 76 89 60 77 79 24 34 8 66 98 86 55 64 78 62 46 40 39 30 31 4 65 37 18 75 63 47 69 13 17 48 1 52 36 33 41 33 2 26 10 38 83 23 61 16 85 68 22 97 96 3 56 32 58 67 72 80 43 70 9 20 71 6 42 62 46 12 49 27 1 52 5 31 93 99 43 67 90 13 7 0 59 50 91 88 45 19 
Graf28: 279694 230518
-1 0 279694
-1 1 238200
-1 2 238200
0 3 238200
0 4 238200
0 5 238200
0 6 238200
0 7 238200
1 8 238200
1 9 238200
1 10 238200
1 11 238200
1 12 238200
2 13 238200
2 14 238200
2 15 238200
2 16 238200
2 17 238200
2 18 238200
3 19 238200
3 20 238200
3 21 238200
3 22 238200
3 23 238200
4 24 238200
4 25 238200
4 26 238200
4 27 238200
4 28 238200
5 29 238200
5 30 238200
6 31 238200
7 32 238200
8 33 238200
9 34 238200
10 35 238200
11 36 238200
12 37 238200
13 38 238200
14 39 238200
15 40 238200
16 41 238200
18 42 238200
19 43 238200
20 44 238200
21 45 238200
22 46 238200
23 47 238200
24 48 238200
25 49 238200
26 50 238200
27 51 238200
29 52 238200
30 53 238200
31 54 238200
32 55 238200
33 56 238200
34 57 238200
35 58 238200
36 59 238200
37 60 238200
39 61 238200
40 62 238200
41 63 238200
42 64 238200
43 65 238200
44 66 238200
45 67 238200
46 68 238200
47 69 230895
49 70 230895
50 71 230895
51 72 230895
52 73 230518
53 74 230518
54 75 230518
55 76 230518
56 77 230518
57 78 230518
58 79 230518
60 80 230518
24 12 43 91 10 83 11 65 45 98 42 27 38 5 86 31 80 75 7 88 84 59 8 54 9 17 25 79 50 74 32 66 52 60 21 70 77 1 81 44 96 91 69 76 51 15 47 57 20 18 41 37 94 6 88 13 62 93 95 68 29 2 39 23 19 99 35 73 92 55 78 85 40 49 67 30 36 90 83 97 40 49 89 72 14 34 71 4 30 48 28 81 87 0 3 2 56 63 15 46 33 86 26 96 91 53 22 51 60 64 21 71 14 16 20 82 10 56 58 61 
Graf29: 289063 225273
0 0 289063
0 1 275825
0 2 275825
0 3 275825
1 4 275825
1 5 275825
1 6 275825
1 7 275825
1 8 266601
2 9 266601
2 10 266601
2 11 266601
2 12 248198
2 13 248198
2 14 248198
3 15 248198
3 16 248198
3 17 248198
3 18 248198
3 19 248198
4 20 248198
4 21 248198
4 22 248198
4 23 248198
4 24 248198
5 25 248198
5 26 248198
5 27 248198
5 28 248198
5 29 248198
6 30 248198
7 31 248198
7 32 248198
8 33 248198
10 34 248198
11 35 248198
12 36 248198
13 37 248198
14 38 248198
15 39 248198
16 40 248198
17 41 248198
18 42 248198
19 43 248198
20 44 248198
21 45 248198
23 46 248198
24 47 248198
25 48 248198
26 49 248198
27 50 248198
28 51 248198
29 52 248198
30 53 248198
31 54 248198
32 55 248198
34 56 248198
35 57 233854
36 58 233854
37 59 233854
38 60 233854
39 61 233854
40 62 233854
41 63 233854
42 64 233854
43 65 233854
44 66 233854
45 67 233854
46 68 233854
48 69 233854
49 70 233854
50 71 233854
51 72 233854
52 73 233854
53 74 233854
54 75 233854
55 76 233854
56 77 230588
57 78 230588
58 79 225273
60 80 225273
97 49 61 69 27 73 84 80 43 77 45 75 11 37 86 76 50 93 91 98 88 79 71 8 22 47 95 17 14 38 30 75 48 36 41 94 65 99 67 46 72 51 5 33 3 60 2 31 42 85 58 21 68 23 1 53 81 20 7 59 15 54 62 67 96 78 6 0 18 90 28 24 12 83 70 44 9 39 66 64 40 19 35 32 55 4 82 74 84 63 44 25 13 29 92 39 10 57 56 52 65 86 34 86 89 87 16 26 
Graf30: 283541 238868
0 0 283541
0 1 283541
0 2 279706
0 3 279706
1 4 279706
1 5 262619
1 6 262619
1 7 262619
1 8 262619
2 9 262619
2 10 262619
2 11 262619
2 12 262619
2 13 262619
3 14 262619
3 15 262619
3 16 262619
3 17 262619
3 18 262619
3 19 262619
4 20 262619
4 21 262619
4 22 262619
4 23 262619
4 24 262619
5 25 262619
5 26 262619
5 27 262619
5 28 262619
5 29 262619
6 30 262619
7 31 262619
7 32 262619
9 33 262619
10 34 262619
11 35 262619
12 36 262619
13 37 262619
14 38 262619
15 39 262619
16 40 262619
17 41 262619
18 42 262619
20 43 262619
21 44 262619
22 45 262619
23 46 262619
24 47 262619
25 48 262619
26 49 261833
27 50 261833
28 51 261833
30 52 248879
31 53 248879
32 54 248879
33 55 248879
34 56 248879
35 57 248879
36 58 248879
37 59 248879
38 60 248879
40 61 248879
41 62 248879
42 63 248879
43 64 248879
44 65 248879
45 66 248879
46 67 248879
48 68 248879
49 69 248879
50 70 248879
51 71 248879
52 72 248879
53 73 241688
54 74 241688
56 75 241688
57 76 241688
58 77 241688
59 78 238868
60 79 238868
45 90 33 82 69 4 72 57 34 81 89 40 14 96 22 85 30 50 62 31 65 76 43 23 79 47 68 0 59 73 83 27 25 74 32 65 36 16 9 12 70 21 95 46 75 41 35 13 3 56 38 26 99 97 55 51 94 54 11 2 88 10 7 18 53 1 64 60 19 91 8 98 78 58 78 24 19 5 77 52 42 80 87 6 20 81 15 71 37 92 17 49 84 88 15 61 48 43 44 76 2 38 74 39 11 63 24 19 66 28 37 67 93 66 16 29 50 62 31 86 
Graf31: 284776 223152
0 0 284776
1 1 268880
1 2 268880
1 3 262863
1 4 262863
1 5 262863
2 6 262396
2 7 262396
2 8 262396
2 9 262396
2 10 262396
3 11 262396
3 12 262396
3 13 262396
3 14 262396
3 15 261904
3 16 261904
4 17 261904
4 18 261904
4 19 261904
4 20 256267
4 21 256267
5 22 256267
5 23 256267
5 24 256267
5 25 256267
5 26 256267
6 27 256267
6 28 256267
6 29 256267
7 30 256267
7 31 256267
8 32 251263
9 33 251263
10 34 251263
11 35 251263
12 36 251263
13 37 251263
14 38 251263
15 39 251263
17 40 251263
18 41 251263
19 42 248737
20 43 248737
21 44 248737
22 45 248737
23 46 248737
24 47 248737
25 48 248737
27 49 248737
28 50 248737
29 51 248737
30 52 248737
31 53 248737
32 54 248737
33 55 248737
34 56 248737
36 57 248737
37 58 248737
38 59 244652
39 60 244652
40 61 244652
41 62 244652
42 63 244652
43 64 244652
45 65 244652
46 66 244652
47 67 244652
48 68 233774
49 69 233774
50 70 233774
51 71 233774
52 72 233774
53 73 233774
55 74 233774
56 75 233774
57 76 233774
58 77 233774
59 78 231313
60 79 223152
31 44 45 16 42 84 53 51 18 81 10 80 0 57 38 15 58 36 26 19 78 90 55 60 92 14 89 76 43 22 88 19 70 97 8 46 39 94 71 29 82 21 23 67 91 28 30 65 12 52 68 98 13 63 64 87 24 72 4 54 95 41 47 75 77 9 49 66 1 3 37 0 69 48 31 79 39 99 5 86 74 93 59 20 32 8 2 83 6 96 35 33 13 50 34 25 56 73 65 12 99 62 17 40 85 34 80 7 85 34 58 11 27 84 61 
Graf32: 292873 241323
1 0 292873
1 1 278260
1 2 278260
1 3 278260
1 4 277052
1 5 277052
2 6 277052
2 7 277052
2 8 277052
2 9 264662
2 10 264662
3 11 264662
3 12 264662
3 13 264662
3 14 264662
3 15 264662
3 16 264662
4 17 264662
4 18 264662
4 19 264662
4 20 264662
4 21 264662
5 22 264662
5 23 264662
5 24 264662
5 25 264662
5 26 264662
6 27 264662
6 28 264662
6 29 264662
7 30 264662
7 31 264662
8 32 264662
9 33 264662
10 34 264662
11 35 264662
12 36 264662
14 37 264662
15 38 264662
16 39 264662
17 40 264662
18 41 264662
19 42 264662
20 43 264662
21 44 264662
22 45 264662
23 46 264662
25 47 264662
26 48 264662
27 49 264662
28 50 264662
29 51 264662
30 52 261138
31 53 261138
33 54 261138
34 55 260584
35 56 260584
36 57 260584
37 58 260584
38 59 241323
39 60 241323
41 61 241323
42 62 241323
43 63 241323
44 64 241323
45 65 241323
46 66 241323
47 67 241323
48 68 241323
50 69 241323
51 70 241323
52 71 241323
53 72 241323
54 73 241323
55 74 241323
56 75 241323
58 76 241323
59 77 241323
60 78 241323
69 33 19 4 65 45 87 63 20 29 37 42 27 15 95 32 48 1 58 81 77 38 84 5 6 3 9 49 73 7 99 89 34 11 2 52 56 98 39 79 60 16 10 53 91 93 82 41 55 83 13 72 24 28 80 90 64 68 81 54 8 47 21 50 62 89 88 31 92 61 63 78 96 51 97 22 25 85 18 12 64 76 79 9 57 23 67 40 36 95 43 59 66 84 30 41 74 26 14 46 35 93 94 71 13 98 86 75 28 80 17 44 67 59 0 21 27 99 70 
Graf33: 269003 215147
0 0 269003
0 1 269003
1 2 269003
1 3 269003
1 4 269003
1 5 269003
1 6 269003
1 7 269003
2 8 269003
2 9 269003
2 10 269003
2 11 269003
2 12 269003
3 13 269003
3 14 269003
3 15 269003
3 16 269003
3 17 269003
4 18 269003
4 19 269003
4 20 269003
4 21 269003
4 22 269003
4 23 269003
5 24 269003
5 25 269003
5 26 269003
5 27 269003
5 28 269003
6 29 269003
6 30 265234
7 31 260902
8 32 258359
9 33 258359
10 34 258359
11 35 258359
12 36 258359
13 37 258359
14 38 258359
15 39 258359
16 40 258359
18 41 258359
19 42 258359
20 43 258359
21 44 258359
22 45 258359
23 46 258359
24 47 242286
25 48 242286
26 49 242286
27 50 242286
29 51 242286
30 52 237815
31 53 237815
32 54 237815
33 55 237815
34 56 237815
35 57 237815
36 58 235369
37 59 235369
38 60 235369
39 61 235369
41 62 235369
42 63 235369
43 64 235369
44 65 235369
45 66 226282
46 67 218745
47 68 218745
48 69 218745
49 70 218745
50 71 218745
51 72 218745
52 73 218745
54 74 218745
55 75 218745
56 76 218745
57 77 215147
58 78 215147
59 79 215147
60 80 215147
79 50 70 90 78 38 54 26 66 51 33 39 9 22 82 74 10 29 41 20 31 58 47 30 36 93 13 16 76 83 27 64 95 71 32 45 94 93 91 75 73 4 12 56 57 24 7 60 67 61 5 68 89 59 77 34 92 60 80 48 3 45 81 1 72 44 14 85 11 35 25 43 71 0 62 17 8 86 52 15 37 30 18 63 84 6 21 55 87 73 42 9 49 19 98 69 28 7 23 79 2 77 21 65 97 88 50 74 40 53 40 96 99 91 78 19 80 46 
Graf34: 293850 234508
1 0 293850
1 1 277340
1 2 277340
1 3 277340
1 4 277340
2 5 277340
2 6 277340
2 7 277340
2 8 277340
2 9 268148
2 10 268148
3 11 268148
3 12 268148
3 13 268148
3 14 268148
3 15 268148
4 16 268148
4 17 268148
4 18 267921
4 19 267921
4 20 267921
5 21 267921
5 22 267921
5 23 267921
5 24 267921
5 25 258882
5 26 258882
6 27 258882
6 28 258882
6 29 258882
7 30 258882
7 31 258882
8 32 258882
9 33 258882
10 34 258882
11 35 258882
13 36 258882
14 37 258882
15 38 258882
16 39 258882
17 40 258882
18 41 258882
19 42 258882
20 43 258882
21 44 258882
22 45 258882
24 46 258882
25 47 258882
26 48 258882
27 49 257411
28 50 250735
29 51 250735
30 52 250735
31 53 250735
32 54 235235
33 55 235235
34 56 235235
36 57 235235
37 58 235235
38 59 235235
39 60 235235
40 61 235235
41 62 235235
42 63 235235
43 64 235235
44 65 235235
46 66 235235
47 67 235235
48 68 235235
49 69 235235
50 70 235235
51 71 235235
52 72 235235
53 73 235235
55 74 235235
56 75 235235
57 76 235235
58 77 234508
59 78 234508
60 79 234508
44 32 83 78 13 92 54 68 64 55 46 76 43 72 40 29 59 17 69 34 53 22 19 67 3 10 26 18 35 36 7 21 20 15 6 57 66 52 39 81 45 79 86 62 9 75 28 41 38 0 91 89 23 75 49 42 25 60 83 61 14 96 5 81 63 33 71 87 88 48 51 58 44 2 25 98 4 82 16 90 30 50 99 35 36 65 56 31 97 91 44 85 8 39 81 73 12 80 24 1 95 93 84 94 24 37 74 45 44 85 77 76 46 11 42 27 47 26 18 59 70 
Graf35: 267681 228324
1 0 267681
1 1 267681
1 2 267681
1 3 267681
1 4 267681
1 5 267681
2 6 267681
2 7 267681
2 8 267681
2 9 267681
2 10 267681
3 11 267681
3 12 267681
3 13 266036
3 14 266036
3 15 266036
4 16 266036
4 17 266036
4 18 266036
4 19 266036
4 20 266036
4 21 255545
5 22 255545
5 23 255545
5 24 255545
5 25 255545
5 26 255545
6 27 255545
6 28 255545
6 29 255545
7 30 255545
7 31 255545
8 32 253659
9 33 253659
10 34 253659
11 35 253659
13 36 253659
14 37 253659
15 38 253659
16 39 253659
17 40 253659
18 41 253659
19 42 253659
21 43 253659
22 44 253659
23 45 253659
24 46 253659
25 47 253659
26 48 253659
27 49 253659
29 50 253659
30 51 253659
31 52 241547
32 53 241547
33 54 241547
34 55 241547
36 56 241547
37 57 241547
38 58 241547
39 59 241547
40 60 241547
41 61 241547
42 62 241547
44 63 231539
45 64 231539
46 65 231539
47 66 231539
48 67 231539
49 68 231539
50 69 231539
52 70 228324
53 71 228324
54 72 228324
55 73 228324
56 74 228324
57 75 228324
58 76 228324
60 77 228324
69 72 60 2 52 4 81 41 13 79 31 58 24 77 80 62 19 95 33 31 6 97 21 36 1 71 85 44 9 16 96 22 75 15 86 70 20 87 63 57 43 92 51 61 37 3 38 27 73 66 7 55 65 12 48 42 90 45 67 10 88 93 14 29 83 20 50 39 64 14 40 69 74 0 35 78 98 46 8 53 68 26 12 48 94 11 30 25 49 47 82 96 18 54 88 91 76 23 59 56 23 34 99 50 17 58 89 28 64 14 93 32 8 91 6 84 52 4 81 5 
Graf36: 278472 223391
0 0 278472
0 1 278472
0 2 278268
1 3 278268
1 4 278268
1 5 263539
1 6 263539
1 7 263539
1 8 263539
2 9 263539
2 10 252099
2 11 252099
2 12 252099
2 13 252099
3 14 252099
3 15 252099
3 16 252099
3 17 252099
3 18 252099
3 19 252099
4 20 252099
4 21 252099
4 22 252099
4 23 252099
4 24 252099
5 25 252099
5 26 252099
5 27 252099
5 28 252099
5 29 252099
6 30 252099
7 31 252099
7 32 252099
9 33 252099
10 34 252099
11 35 252099
12 36 252099
13 37 252099
14 38 252099
15 39 252099
16 40 252099
18 41 252099
19 42 252099
20 43 252099
21 44 252099
22 45 251669
23 46 247610
24 47 247610
26 48 247610
27 49 247610
28 50 247610
29 51 247610
30 52 247610
31 53 247610
32 54 247610
33 55 247610
35 56 247610
36 57 243815
37 58 243815
38 59 243815
39 60 243815
40 61 243815
41 62 243815
42 63 223391
43 64 223391
45 65 223391
46 66 223391
47 67 223391
48 68 223391
49 69 223391
50 70 223391
51 71 223391
53 72 223391
54 73 223391
55 74 223391
56 75 223391
57 76 223391
58 77 223391
60 78 223391
96 0 12 4 27 82 3 57 66 47 31 7 89 29 83 64 53 99 55 22 72 36 25 92 56 58 51 79 67 98 73 84 35 16 87 11 52 26 5 69 97 37 21 44 48 88 77 68 34 30 78 50 40 66 18 42 49 23 20 80 19 5 32 81 74 94 14 60 24 76 71 9 85 6 8 1 39 41 2 52 59 10 70 93 86 91 95 90 62 34 28 17 33 45 11 63 77 61 13 51 65 75 54 26 15 38 11 43 71 46 
Graf37: 275388 218695
-1 0 275388
-1 1 275388
-1 2 275388
0 3 275388
0 4 263988
0 5 263988
0 6 263988
0 7 263988
0 8 263988
1 9 263988
1 10 263988
1 11 263988
1 12 263988
1 13 263988
2 14 245303
2 15 245303
2 16 245303
2 17 245303
2 18 245303
3 19 245303
3 20 245303
3 21 245303
3 22 245303
3 23 245303
3 24 245303
4 25 245303
4 26 245303
4 27 245303
4 28 245303
4 29 245303
5 30 245303
6 31 245303
6 32 245303
8 33 245303
9 34 245303
10 35 245303
11 36 245303
12 37 245303
13 38 245303
14 39 245303
15 40 245303
16 41 245303
17 42 245303
19 43 245303
20 44 245303
21 45 235292
22 46 235292
23 47 235292
24 48 235292
25 49 235292
26 50 235292
27 51 235292
28 52 235292
29 53 235292
31 54 235292
32 55 235292
33 56 231966
34 57 231966
35 58 231966
36 59 231966
37 60 218695
38 61 218695
39 62 218695
41 63 218695
42 64 218695
43 65 218695
44 66 218695
45 67 218695
46 68 218695
47 69 218695
48 70 218695
50 71 218695
51 72 218695
52 73 218695
53 74 218695
54 75 218695
55 76 218695
56 77 218695
57 78 218695
58 79 218695
60 80 218695
68 4 51 99 52 95 10 46 96 85 14 92 0 25 82 59 12 71 6 60 17 5 15 41 86 75 32 44 76 36 45 80 62 26 22 24 61 98 77 58 40 91 74 1 73 53 44 9 16 90 94 88 60 97 87 55 64 48 11 69 2 81 19 13 83 21 20 54 33 50 84 49 27 18 65 89 39 8 67 54 33 63 70 35 57 23 36 37 78 3 25 42 34 38 66 52 94 79 72 28 8 56 43 79 63 29 93 31 7 24 47 30 
Graf38: 268910 215739
0 0 268910
0 1 268910
0 2 268910
0 3 268910
1 4 268910
1 5 268910
1 6 268910
1 7 268910
1 8 268910
2 9 268910
2 10 268910
2 11 268910
2 12 268910
2 13 260795
3 14 260795
3 15 260795
3 16 256121
3 17 256121
3 18 256121
3 19 256121
4 20 256121
4 21 256121
4 22 256121
4 23 256121
4 24 256121
5 25 256121
5 26 256121
5 27 256121
5 28 256121
5 29 256121
6 30 256121
7 31 256121
7 32 256121
8 33 256121
10 34 256121
11 35 256121
12 36 256121
13 37 256121
14 38 256121
15 39 256121
16 40 256121
17 41 256121
18 42 256121
19 43 256121
21 44 256121
22 45 256121
23 46 256121
24 47 256121
25 48 256121
26 49 256121
27 50 256121
28 51 252022
30 52 252022
31 53 243354
32 54 243354
33 55 243354
34 56 243354
35 57 239934
36 58 239934
37 59 239934
39 60 239934
40 61 239934
41 62 237839
42 63 237839
43 64 237839
44 65 237839
45 66 237839
46 67 237839
48 68 237839
49 69 237839
50 70 237839
51 71 237839
52 72 237839
53 73 237839
55 74 234560
56 75 215739
57 76 215739
58 77 215739
59 78 215739
60 79 215739
8 30 44 86 64 59 29 2 78 75 13 9 38 98 49 42 35 88 39 72 43 6 15 40 94 77 31 0 69 1 5 47 58 48 27 85 33 83 96 25 45 51 32 79 11 95 76 19 37 57 63 34 21 74 62 93 46 70 97 99 60 82 55 71 41 17 3 23 20 7 26 18 31 87 90 53 67 84 89 22 80 12 50 54 10 67 16 50 24 72 17 14 61 14 92 97 91 65 56 66 36 59 28 4 8 30 38 81 52 62 73 68 
Graf39: 286810 238325
0 0 286810
1 1 284818
1 2 281964
1 3 281964
1 4 281964
1 5 263899
2 6 263899
2 7 263899
2 8 261319
2 9 261319
2 10 261319
3 11 261319
3 12 261319
3 13 261319
3 14 261319
3 15 261319
3 16 261319
4 17 261319
4 18 261319
4 19 261319
4 20 261319
4 21 261319
5 22 261319
5 23 261319
5 24 261319
5 25 261319
5 26 261319
6 27 261319
6 28 261319
6 29 261319
7 30 261319
7 31 261319
8 32 261319
9 33 261319
10 34 261319
11 35 261319
13 36 261319
14 37 261319
15 38 261319
16 39 261319
17 40 261319
18 41 261319
19 42 261319
20 43 251118
21 44 251118
22 45 251118
24 46 251118
25 47 251118
26 48 243401
27 49 243401
28 50 243401
29 51 243401
30 52 243401
31 53 243401
32 54 243401
34 55 243401
35 56 243401
36 57 243401
37 58 243401
38 59 243401
39 60 243401
40 61 243401
41 62 243401
42 63 243401
43 64 243401
45 65 243401
46 66 243385
47 67 243385
48 68 243229
49 69 243229
50 70 243229
51 71 243229
52 72 243229
54 73 243229
55 74 243229
56 75 243229
57 76 243229
58 77 243229
59 78 238325
60 79 238325
44 13 34 88 41 89 20 28 2 4 55 84 43 26 9 71 7 32 76 27 0 70 65 77 72 15 2 62 29 17 61 33 1 60 47 74 90 53 18 42 81 12 87 16 66 91 21 93 22 67 39 92 6 23 5 99 45 55 31 13 82 36 3 37 78 40 30 14 69 51 96 49 19 95 48 71 59 52 24 25 50 80 98 79 63 11 39 94 68 46 73 35 75 57 22 8 10 86 59 21 44 56 54 14 6 38 55 84 58 46 63 64 37 85 83 77 51 56 97 
Graf40: 270815 213079
0 0 270815
0 1 270815
0 2 270815
0 3 270815
0 4 270815
0 5 262441
1 6 262441
1 7 262441
1 8 262441
1 9 260738
1 10 260738
2 11 260738
2 12 260738
2 13 260738
2 14 260738
2 15 260738
3 16 260738
3 17 260738
3 18 260738
3 19 260738
3 20 260738
4 21 260738
4 22 260738
4 23 260738
4 24 260738
4 25 260738
4 26 260738
5 27 260738
5 28 260738
5 29 260738
6 30 260738
6 31 260738
7 32 249093
8 33 249093
9 34 249093
10 35 249093
11 36 249093
13 37 249093
14 38 249093
15 39 249093
16 40 249093
17 41 249093
18 42 249093
19 43 249093
20 44 249093
21 45 246253
23 46 246253
24 47 246253
25 48 246253
26 49 246253
27 50 246253
28 51 246253
29 52 246253
30 53 241494
31 54 221705
32 55 221705
34 56 221705
35 57 221705
36 58 221705
37 59 221705
38 60 221705
39 61 221705
40 62 221705
41 63 221705
43 64 221705
44 65 221705
45 66 221705
46 67 221705
47 68 221705
48 69 221705
49 70 221705
51 71 217770
52 72 217770
53 73 217770
54 74 217770
55 75 217770
56 76 217770
57 77 217770
58 78 217770
60 79 213079
74 29 71 81 67 83 11 18 65 39 52 1 56 79 86 49 93 0 99 53 41 68 72 7 61 21 93 94 97 80 91 26 30 60 23 59 8 90 3 40 34 2 78 24 12 76 48 27 55 87 50 10 14 97 51 5 4 54 31 35 36 37 63 66 89 75 82 77 13 49 33 45 44 22 47 19 16 73 95 98 6 84 59 57 20 88 58 32 85 42 9 64 17 70 14 7 92 43 25 32 69 34 38 8 90 46 73 95 76 96 28 74 57 12 40 15 62 
Graf41: 270663 211359
0 0 270663
0 1 270663
0 2 270663
0 3 270663
1 4 270663
1 5 265484
1 6 265484
1 7 265484
1 8 265484
2 9 265484
2 10 265484
2 11 265484
2 12 265484
2 13 265484
3 14 265484
3 15 259651
3 16 259651
3 17 259651
3 18 259651
4 19 259651
4 20 256827
4 21 256827
4 22 256827
4 23 256827
4 24 256827
5 25 256827
5 26 256827
5 27 256827
5 28 256827
5 29 256827
6 30 256827
7 31 256827
7 32 256827
9 33 256827
10 34 256827
11 35 256827
12 36 256827
13 37 255521
14 38 255521
15 39 255521
16 40 255521
17 41 255521
18 42 255521
20 43 252654
21 44 250271
22 45 250271
23 46 250271
24 47 250271
25 48 250271
26 49 250271
27 50 250271
28 51 236931
30 52 236931
31 53 236931
32 54 236931
33 55 236931
34 56 222824
35 57 222824
36 58 222824
37 59 222824
39 60 222824
40 61 222824
41 62 222824
42 63 222824
43 64 222824
44 65 222824
45 66 221309
46 67 221309
47 68 221309
48 69 221309
49 70 221309
51 71 215602
52 72 215602
53 73 215602
54 74 215602
55 75 215602
56 76 215602
57 77 215602
58 78 215602
60 79 211359
29 31 49 53 18 79 88 95 64 54 10 43 83 38 33 80 28 20 39 74 78 56 47 98 92 15 35 58 17 60 48 75 57 3 5 77 41 50 40 45 19 68 26 97 84 24 61 90 51 42 71 12 52 1 2 65 89 73 85 95 93 8 86 30 34 9 13 96 21 37 59 81 60 66 19 11 90 7 63 70 72 22 6 82 93 69 44 94 76 99 55 67 29 58 46 87 25 27 21 70 0 32 14 32 36 91 4 16 27 95 92 23 48 84 24 72 62 
Graf42: 287244 230632
0 0 287244
0 1 277055
0 2 277055
1 3 272012
1 4 272012
1 5 272012
1 6 272012
1 7 268406
1 8 268406
2 9 268406
2 10 266667
2 11 262734
2 12 262734
2 13 262734
3 14 262734
3 15 262734
3 16 262734
3 17 262734
3 18 262734
4 19 262734
4 20 262734
4 21 262734
4 22 262734
4 23 262734
5 24 262734
5 25 262734
5 26 262734
5 27 262734
5 28 262734
5 29 262734
6 30 262734
7 31 262734
8 32 261767
9 33 261767
10 34 261767
11 35 261767
12 36 261767
13 37 261767
14 38 261767
15 39 261767
16 40 261767
18 41 261767
19 42 261704
20 43 261704
21 44 261704
22 45 261704
23 46 261704
24 47 261704
25 48 261704
27 49 261704
28 50 261704
29 51 256284
30 52 256173
31 53 255858
32 54 236018
33 55 236018
34 56 236018
35 57 236018
37 58 236018
38 59 236018
39 60 236018
40 61 236018
41 62 236018
42 63 236018
43 64 236018
44 65 236018
46 66 236018
47 67 236018
48 68 236018
49 69 236018
50 70 236018
51 71 236018
52 72 230632
54 73 230632
55 74 230632
56 75 230632
57 76 230632
58 77 230632
59 78 230632
60 79 230632
52 58 20 57 36 92 62 45 37 6 19 55 1 75 63 65 83 46 60 0 11 89 67 82 50 28 32 22 47 79 66 78 71 27 69 4 5 7 24 14 15 51 81 37 3 70 12 40 70 18 9 64 26 38 53 94 76 30 16 31 42 25 13 17 90 2 34 10 73 80 73 84 77 93 61 43 55 8 41 44 16 23 86 73 88 91 54 39 21 53 94 97 85 56 20 57 99 59 33 72 68 22 87 48 39 96 95 29 74 98 49 95 29 83 35 
Graf43: 290025 205542
1 0 290025
1 1 290025
1 2 275491
1 3 275491
1 4 274679
2 5 274679
2 6 274679
2 7 272338
2 8 272338
2 9 257488
2 10 257488
3 11 257488
3 12 257488
3 13 257488
3 14 257488
3 15 257488
4 16 257488
4 17 257488
4 18 257488
4 19 257488
4 20 257488
5 21 257488
5 22 257488
5 23 257488
5 24 250237
5 25 250237
5 26 250237
6 27 250237
6 28 250237
6 29 250237
7 30 250237
7 31 250237
8 32 250237
9 33 250237
10 34 250237
11 35 243113
13 36 243113
14 37 243113
15 38 243113
16 39 243113
17 40 225697
18 41 225697
19 42 225697
20 43 225697
21 44 225697
23 45 225697
24 46 225697
25 47 225697
26 48 225697
27 49 225697
28 50 225697
29 51 225697
30 52 225697
31 53 225697
33 54 225697
34 55 225697
35 56 225697
36 57 224115
37 58 205542
38 59 205542
39 60 205542
40 61 205542
42 62 205542
43 63 205542
44 64 205542
45 65 205542
46 66 205542
47 67 205542
48 68 205542
49 69 205542
51 70 205542
52 71 205542
53 72 205542
54 73 205542
55 74 205542
56 75 205542
58 76 205542
59 77 205542
60 78 205542
22 82 7 6 50 33 79 93 97 78 81 23 54 48 11 28 61 74 62 80 9 60 94 99 46 85 95 67 37 77 72 21 0 27 92 83 31 1 53 98 25 47 16 26 66 56 10 20 5 38 73 41 42 89 55 52 49 45 86 13 14 30 15 69 36 63 65 29 75 96 6 53 34 19 58 68 35 88 43 18 3 51 4 84 87 71 32 12 17 90 99 8 39 57 2 76 64 84 87 70 16 51 4 91 59 92 44 62 80 24 58 89 55 40 
Graf44: 255850 194177
-1 0 255850
-1 1 255850
0 2 255850
0 3 255850
0 4 255850
0 5 255850
0 6 255850
1 7 255850
1 8 255850
1 9 255850
1 10 255850
1 11 255850
1 12 255850
2 13 255850
2 14 255850
2 15 255850
2 16 255850
2 17 255850
3 18 255850
3 19 255850
3 20 255850
3 21 255850
3 22 255850
4 23 255850
4 24 255850
4 25 255850
4 26 255850
4 27 255850
4 28 255850
5 29 241969
5 30 241969
6 31 241969
7 32 241969
8 33 241969
9 34 241969
10 35 241969
11 36 241969
12 37 241969
13 38 241969
14 39 241969
15 40 224376
17 41 224376
18 42 224376
19 43 224376
20 44 224376
21 45 224376
22 46 224376
23 47 224376
24 48 224376
25 49 224376
26 50 224376
27 51 224376
29 52 224376
30 53 224376
31 54 224376
32 55 224376
33 56 224376
34 57 220490
35 58 220490
36 59 220490
37 60 220490
38 61 220490
40 62 220490
41 63 220490
42 64 220490
43 65 220490
44 66 220490
45 67 220490
46 68 194177
47 69 194177
48 70 194177
50 71 194177
51 72 194177
52 73 194177
53 74 194177
54 75 194177
55 76 194177
56 77 194177
57 78 194177
58 79 194177
60 80 194177
34 10 3 39 82 96 92 5 88 76 73 56 58 61 35 86 69 65 55 85 59 33 57 7 94 40 9 83 24 48 49 99 66 98 18 19 0 13 78 47 43 37 29 41 42 68 54 62 1 81 51 28 44 91 63 66 89 64 71 46 87 32 14 16 30 15 27 6 80 77 90 23 26 93 72 60 84 59 79 34 95 75 38 6 11 20 31 70 33 45 82 2 67 54 36 53 74 72 4 68 12 8 22 49 27 92 17 25 20 52 89 50 45 79 34 97 21 
Graf45: 273598 254938
0 0 273598
0 1 273598
0 2 273598
0 3 273598
1 4 273598
1 5 273598
1 6 273598
1 7 273598
1 8 273598
2 9 273598
2 10 267353
2 11 267353
2 12 267353
2 13 267353
3 14 265357
3 15 265357
3 16 265357
3 17 260876
3 18 260876
4 19 260876
4 20 260876
4 21 260876
4 22 260876
4 23 260876
4 24 260876
5 25 260876
5 26 260876
5 27 260876
5 28 260876
5 29 260876
6 30 260876
7 31 260876
7 32 260876
9 33 260876
10 34 260876
11 35 260876
12 36 260876
13 37 260876
14 38 260876
15 39 260876
17 40 260876
18 41 260876
19 42 260876
20 43 260876
21 44 260876
22 45 260876
23 46 260876
24 47 260876
26 48 260876
27 49 260876
28 50 260876
29 51 260876
30 52 260876
31 53 260876
32 54 260876
34 55 257542
35 56 257542
36 57 257542
37 58 257542
38 59 257542
39 60 257542
40 61 257542
42 62 257542
43 63 257542
44 64 257542
45 65 257542
46 66 257542
47 67 257542
49 68 257542
50 69 257542
51 70 257542
52 71 254938
53 72 254938
54 73 254938
55 74 254938
57 75 254938
58 76 254938
59 77 254938
60 78 254938
63 87 16 8 68 12 46 36 57 42 18 45 3 40 26 61 76 84 78 85 51 72 1 58 97 7 19 13 0 23 74 54 29 79 20 33 96 17 88 53 44 62 99 15 71 82 9 73 64 83 89 41 55 50 80 27 6 5 2 48 32 86 43 77 59 60 52 37 98 77 94 49 31 81 28 71 91 21 39 73 81 30 69 24 75 70 93 92 84 78 25 38 95 22 10 66 70 35 65 4 69 59 11 51 67 47 40 34 7 9 90 22 56 92 99 20 14 
Graf46: 285226 218073
0 0 285226
1 1 278219
1 2 278188
1 3 278188
1 4 278188
1 5 278188
2 6 278188
2 7 278188
2 8 274527
2 9 274527
2 10 274527
3 11 274527
3 12 274527
3 13 274527
3 14 274527
3 15 274527
4 16 274527
4 17 267306
4 18 267306
4 19 267306
4 20 267306
5 21 267306
5 22 267306
5 23 267306
5 24 267306
5 25 256147
5 26 256147
6 27 256147
6 28 256147
6 29 256147
7 30 256147
7 31 256147
8 32 256147
9 33 256147
10 34 256147
11 35 256147
13 36 256147
14 37 256147
15 38 256147
16 39 256147
17 40 256147
18 41 256147
19 42 256147
20 43 256147
21 44 256147
23 45 256147
24 46 256147
25 47 256147
26 48 256147
27 49 256147
28 50 256147
29 51 256147
30 52 249962
31 53 249962
32 54 249962
33 55 249962
35 56 229090
36 57 229090
37 58 229090
38 59 229090
39 60 229090
40 61 229090
41 62 229090
42 63 229090
43 64 229090
44 65 229090
46 66 229090
47 67 229090
48 68 229090
49 69 229090
50 70 218073
51 71 218073
52 72 218073
53 73 218073
54 74 218073
55 75 218073
57 76 218073
58 77 218073
59 78 218073
60 79 218073
61 6 14 90 77 71 68 79 58 18 78 55 67 88 80 43 75 65 7 47 34 94 70 85 15 46 59 26 41 24 64 69 19 30 87 38 20 21 35 54 76 73 83 22 96 74 12 89 28 92 10 98 40 63 49 95 33 23 31 16 44 1 11 27 52 45 51 39 8 50 86 66 60 66 29 4 91 48 37 42 94 97 99 81 13 5 3 87 37 56 2 36 9 17 25 10 0 75 65 82 29 32 62 84 17 5 72 53 46 57 32 93 
Graf47: 290745 214040
0 0 290745
0 1 290745
1 2 271366
1 3 271366
1 4 271366
1 5 271366
1 6 271366
2 7 271366
2 8 271366
2 9 271366
2 10 271366
2 11 269450
2 12 269450
3 13 269450
3 14 269450
3 15 263637
3 16 263637
3 17 263637
4 18 263637
4 19 263637
4 20 263637
4 21 263637
4 22 263637
5 23 263637
5 24 263637
5 25 263637
5 26 263637
5 27 263637
5 28 263637
6 29 263637
6 30 263637
7 31 263637
8 32 263637
9 33 263637
10 34 263637
11 35 263637
12 36 263637
13 37 256668
14 38 256668
16 39 256668
17 40 256668
18 41 256668
19 42 256668
20 43 256668
21 44 256668
22 45 256668
23 46 256668
24 47 256668
26 48 233572
27 49 233572
28 50 233572
29 51 233572
30 52 233572
31 53 233572
32 54 233572
33 55 233572
35 56 233572
36 57 233572
37 58 233572
38 59 233572
39 60 233572
41 61 233572
42 62 233572
43 63 233572
44 64 233572
45 65 233572
46 66 228691
48 67 228691
49 68 214040
50 69 214040
51 70 214040
52 71 214040
53 72 214040
55 73 214040
56 74 214040
57 75 214040
58 76 214040
59 77 214040
60 78 214040
79 41 68 34 56 43 57 88 9 26 65 92 47 35 2 90 10 29 19 70 36 51 42 0 85 60 15 13 76 5 28 98 58 45 61 21 79 41 97 50 74 59 18 31 39 71 49 14 3 63 97 44 48 38 92 37 7 96 72 77 11 23 54 12 62 32 84 33 83 61 86 16 64 93 53 55 20 52 3 24 82 30 80 40 89 99 69 8 29 75 45 91 22 87 67 81 17 1 95 66 10 27 6 4 46 19 73 32 72 77 25 94 68 17 78 
Graf48: 282921 220548
1 0 282921
1 1 273728
1 2 265155
1 3 265155
1 4 265155
2 5 265155
2 6 249306
2 7 249306
2 8 249306
2 9 249306
3 10 247337
3 11 247337
3 12 247337
3 13 247337
3 14 247337
3 15 247337
4 16 247337
4 17 247337
4 18 247337
4 19 247337
4 20 247337
5 21 247337
5 22 247337
5 23 247337
5 24 247337
5 25 247337
6 26 247337
6 27 247337
6 28 247337
6 29 247337
7 30 247337
7 31 247337
8 32 247337
9 33 247337
10 34 247337
11 35 247337
13 36 247337
14 37 247337
15 38 247337
16 39 247337
17 40 247337
18 41 247337
19 42 247337
20 43 247337
21 44 247337
23 45 247337
24 46 247337
25 47 247337
26 48 247337
27 49 247337
28 50 247337
29 51 247337
30 52 242017
31 53 242017
33 54 242017
34 55 242017
35 56 220548
36 57 220548
37 58 220548
38 59 220548
39 60 220548
40 61 220548
41 62 220548
43 63 220548
44 64 220548
45 65 220548
46 66 220548
47 67 220548
48 68 220548
49 69 220548
50 70 220548
51 71 220548
52 72 220548
54 73 220548
55 74 220548
56 75 220548
57 76 220548
58 77 220548
59 78 220548
60 79 220548
87 52 81 27 56 1 79 47 86 4 19 95 96 64 29 26 2 98 84 20 85 31 25 28 9 22 46 6 71 82 97 40 51 24 18 54 55 75 30 78 83 32 27 70 39 5 44 33 3 63 89 77 17 60 0 88 58 85 91 7 81 16 36 90 8 93 69 46 50 37 43 45 48 65 53 68 87 62 2 10 92 35 72 76 13 67 57 17 42 77 34 21 10 41 45 12 38 66 99 36 30 11 80 61 94 55 75 14 73 29 49 74 86 23 15 76 70 90 59 
Graf49: 283153 214686
0 0 283153
0 1 283153
0 2 277198
0 3 274486
0 4 272537
1 5 272537
1 6 272537
1 7 272537
1 8 263934
1 9 263934
2 10 263934
2 11 263934
2 12 263934
2 13 263934
2 14 263934
3 15 263934
3 16 263934
3 17 263934
3 18 263934
3 19 263934
3 20 263934
4 21 263934
4 22 263816
4 23 242591
4 24 242591
4 25 242591
5 26 242591
5 27 242591
5 28 242591
5 29 242591
6 30 242591
6 31 242591
7 32 242591
8 33 242591
9 34 242591
11 35 242591
12 36 242591
13 37 242591
14 38 242591
15 39 242591
16 40 239562
17 41 239562
18 42 239562
19 43 239562
20 44 239562
22 45 239562
23 46 239562
24 47 239562
25 48 236764
26 49 236764
27 50 236764
28 51 236764
29 52 236764
30 53 236764
31 54 236764
33 55 236764
34 56 230865
35 57 229718
36 58 229718
37 59 229718
38 60 229718
39 61 229718
40 62 229718
42 63 227754
43 64 227270
44 65 227270
45 66 227270
46 67 224974
47 68 224929
48 69 221586
49 70 221586
51 71 221586
52 72 221586
53 73 221586
54 74 221586
55 75 221586
56 76 221586
57 77 221586
59 78 220264
60 79 214686
72 54 56 60 31 2 89 44 85 83 27 14 51 74 43 21 24 58 76 4 37 73 81 8 29 61 53 26 97 66 32 48 9 59 38 79 45 68 63 93 69 12 37 62 77 39 22 3 66 52 20 65 67 50 70 0 47 53 71 49 7 87 98 94 25 92 46 34 96 16 19 12 58 91 86 75 35 10 80 57 63 18 5 1 23 15 40 95 13 5 78 41 28 90 36 30 55 84 33 46 72 99 42 17 64 11 6 85 82 8 13 5 78 41 88 
Graf50: 288634 228863
0 0 288634
0 1 283135
0 2 283135
1 3 277122
1 4 277122
1 5 275675
1 6 275675
1 7 263553
2 8 263553
2 9 263553
2 10 263553
2 11 263553
2 12 263553
2 13 263553
3 14 263553
3 15 263553
3 16 263553
3 17 263553
3 18 263553
4 19 263553
4 20 263553
4 21 263553
4 22 263553
4 23 263553
5 24 257830
5 25 257830
5 26 257830
5 27 257830
5 28 257830
5 29 257830
6 30 255467
7 31 255467
7 32 255467
9 33 255467
10 34 255467
11 35 255467
12 36 241308
13 37 241308
14 38 241308
15 39 241308
16 40 241308
17 41 241308
18 42 241308
19 43 241308
21 44 241308
22 45 241308
23 46 241308
24 47 241308
25 48 241308
26 49 241308
27 50 241308
28 51 241308
29 52 241308
30 53 241308
32 54 241308
33 55 241308
34 56 241308
35 57 241308
36 58 241308
37 59 241308
38 60 241308
39 61 241308
41 62 241308
42 63 241308
43 64 237058
44 65 237058
45 66 235175
46 67 235175
47 68 235175
49 69 235175
50 70 235175
51 71 235175
52 72 231250
53 73 231250
54 74 231250
55 75 231250
57 76 231250
58 77 231250
59 78 231250
60 79 228863
72 77 23 47 5 55 69 3 81 24 48 4 0 20 78 33 7 88 64 26 25 86 18 62 58 13 52 92 74 36 96 22 31 11 95 76 34 66 83 54 29 12 18 90 97 60 93 9 85 10 59 75 2 19 38 92 32 28 43 46 17 82 30 89 44 50 14 68 70 9 99 51 67 34 41 79 73 21 61 71 37 53 22 16 40 3 6 79 45 35 56 87 8 25 80 39 20 42 27 1 24 57 84 63 80 49 94 12 95 91 98 38 88 64 15 65 
