0 45 0 8 96 0 0 15 84 0 39 72 86 2 0 0 95 0 38 54 69 17 91 0 46 97 0 32 0 6 45 50 52 64 0 84 55 77 24 0 89 84 0 0 0 94 65 29 72 29 48 48 62 83 40 71 12 15 0 91 59 0 41 54 97 66 5 32 83 39 5 93 2 31 0 99 0 23 54 38 74 86 61 62 65 0 46 0 53 9 0 77 90 76 23 55 97 49 0 63 
45 0 91 46 84 0 71 64 42 0 69 0 0 33 71 25 65 45 31 76 0 50 55 96 27 58 79 94 0 73 65 0 54 75 22 78 84 48 45 62 0 28 74 8 0 37 83 53 2 9 33 5 7 43 0 92 82 31 0 78 43 0 86 29 0 41 54 67 68 53 0 71 27 0 52 0 56 26 77 63 40 77 81 22 100 61 51 0 0 88 18 73 70 15 7 53 64 65 84 80 
0 91 0 91 92 0 68 10 12 0 28 45 77 29 30 28 60 62 9 6 8 85 42 35 17 57 35 45 0 58 46 79 55 0 89 58 55 34 0 61 67 0 22 94 32 87 17 36 58 40 78 83 10 0 84 93 6 62 92 1 14 0 30 63 90 0 18 61 51 83 29 87 41 65 65 65 38 3 0 0 36 0 12 70 0 39 23 18 54 48 0 95 24 0 1 92 97 11 13 54 
8 46 91 0 0 0 79 25 0 38 85 19 37 0 93 92 34 0 25 80 84 0 27 0 37 95 39 13 13 73 1 0 68 94 0 57 82 92 16 76 89 0 0 78 47 93 22 1 0 99 0 0 0 66 46 23 81 93 31 53 6 69 12 57 89 67 10 0 69 100 77 0 0 2 54 33 38 19 4 8 66 75 68 99 55 82 2 38 50 46 66 5 33 0 98 0 11 97 50 0 
96 84 92 0 0 74 73 38 39 34 19 28 0 23 0 86 88 37 26 71 99 7 0 0 23 59 89 18 60 74 88 24 45 0 0 0 26 62 19 19 94 83 23 48 96 60 74 76 49 88 42 59 47 47 96 22 10 95 53 82 71 8 56 96 0 51 0 0 8 0 37 62 33 1 47 0 30 0 48 26 29 62 28 81 33 0 74 47 34 49 0 47 95 81 26 21 56 58 59 0 
0 0 0 0 74 0 31 93 2 53 62 72 88 19 92 70 49 34 72 88 14 79 66 0 28 18 65 0 8 29 0 72 50 35 0 0 0 63 66 0 32 15 0 90 80 6 56 91 72 52 23 51 70 17 86 5 0 81 7 96 25 51 76 0 3 7 28 28 35 35 0 3 0 20 37 0 96 20 14 69 0 90 78 23 20 45 73 0 0 92 3 87 0 0 88 42 86 32 89 0 
0 71 68 79 73 31 0 26 0 0 91 24 25 53 63 61 76 4 8 0 0 15 89 33 61 95 97 0 60 14 8 71 0 84 24 5 1 75 34 19 8 53 0 64 43 77 12 94 0 11 74 73 0 49 41 76 35 60 0 41 0 68 77 84 16 50 81 6 15 94 27 98 0 28 9 24 89 100 7 50 0 35 12 22 16 40 3 0 94 29 36 71 2 24 24 31 46 11 61 93 
15 64 10 25 38 93 26 0 17 0 29 79 27 100 48 22 32 22 92 100 66 86 89 27 0 28 0 76 8 76 3 12 23 27 0 99 22 37 0 47 30 59 67 0 37 0 8 45 68 0 7 47 2 88 0 0 97 31 1 33 65 96 59 0 60 43 0 19 7 0 29 10 40 10 17 5 50 25 42 91 63 92 47 29 56 66 50 0 61 58 0 3 36 46 99 88 87 31 23 24 
84 42 12 0 39 2 0 17 0 0 41 14 97 38 1 56 25 76 74 26 0 89 62 38 53 69 40 95 100 13 24 0 0 76 82 51 0 0 89 70 41 0 0 18 18 78 2 9 65 33 48 0 39 85 26 82 81 65 90 20 20 0 34 20 0 52 67 0 65 27 60 72 71 4 0 0 69 22 66 86 23 0 0 28 6 49 98 71 88 16 13 2 66 65 32 0 0 54 0 76 
0 0 0 38 34 53 0 0 0 0 5 74 81 0 97 30 50 13 8 45 50 82 0 0 2 32 20 23 56 47 67 93 85 0 0 35 84 81 5 60 0 72 43 28 25 0 61 75 7 24 82 21 95 68 25 0 0 0 62 36 100 98 41 54 0 45 62 59 95 94 69 27 89 83 38 27 55 4 79 48 23 78 70 49 0 82 29 72 0 16 65 6 69 1 8 48 41 91 84 0 
39 69 28 85 19 62 91 29 41 5 0 66 62 93 64 12 58 85 34 0 73 54 63 17 0 34 53 52 56 67 26 0 100 17 91 19 65 96 39 23 0 18 72 71 31 96 1 87 99 10 96 99 97 92 57 94 95 51 47 22 57 33 0 22 12 81 94 90 94 34 88 0 71 60 11 2 51 99 0 76 67 0 90 0 56 36 97 25 92 19 70 28 0 21 0 0 50 47 10 97 
72 0 45 19 28 72 24 79 14 74 66 0 66 46 69 0 2 51 16 32 60 21 1 82 43 55 0 49 42 97 60 62 83 60 90 23 41 93 4 74 0 33 86 23 45 43 66 77 38 4 26 0 15 66 26 86 42 94 74 82 7 0 63 50 0 0 51 0 27 50 95 51 32 17 0 80 44 96 97 38 0 73 0 48 8 72 38 21 28 0 80 17 66 5 94 46 34 31 72 37 
86 0 77 37 0 88 25 27 97 81 62 66 0 32 34 58 74 97 22 81 67 23 97 12 0 66 10 95 41 0 28 43 11 80 0 25 87 69 65 34 58 0 0 14 88 32 77 0 13 60 0 58 4 75 22 0 6 79 30 76 93 65 63 69 91 0 0 17 89 70 45 0 8 48 0 38 65 33 1 0 17 60 67 71 42 95 19 32 82 39 99 67 13 87 73 88 78 82 44 23 
2 33 29 0 23 19 53 100 38 0 93 46 32 0 0 3 59 51 49 12 72 92 87 0 4 18 77 3 65 88 45 0 83 0 50 51 4 29 0 0 44 22 68 0 54 91 70 42 50 15 10 88 0 62 90 0 58 31 12 0 82 29 35 37 0 59 82 75 34 88 49 11 0 51 95 83 0 49 30 0 94 1 28 94 15 81 0 3 0 0 38 32 0 87 18 57 48 76 21 93 
0 71 30 93 0 92 63 48 1 97 64 69 34 0 0 38 19 56 2 61 98 61 56 19 32 75 0 0 54 0 0 63 86 12 10 69 58 75 55 46 7 45 0 0 62 35 24 63 45 43 66 31 57 42 16 49 58 48 55 38 0 0 74 32 11 15 99 17 27 65 15 74 46 19 100 0 46 77 91 63 69 88 15 77 46 1 0 66 81 60 36 0 41 0 78 83 90 9 20 38 
0 25 28 92 86 70 61 22 56 30 12 0 58 3 38 0 51 17 0 0 90 0 2 10 0 54 57 0 0 37 65 0 82 48 14 76 0 93 0 91 55 0 61 75 0 50 97 42 16 42 69 7 81 94 60 0 57 40 0 41 0 98 67 82 90 35 61 90 30 13 90 73 1 57 48 35 84 46 76 8 23 94 52 32 0 0 0 72 90 87 59 19 89 56 85 57 4 43 78 31 
95 65 60 34 88 49 76 32 25 50 58 2 74 59 19 51 0 28 12 0 82 14 49 75 0 14 39 31 27 67 74 26 68 7 20 99 39 71 0 71 49 54 10 14 48 1 75 0 41 88 21 41 75 18 1 51 91 0 28 0 67 62 70 80 52 90 85 60 0 61 88 51 29 86 26 0 0 5 95 57 0 5 11 16 60 33 57 23 0 8 91 35 95 0 23 77 53 0 21 66 
0 45 62 0 37 34 4 22 76 13 85 51 97 51 56 17 28 0 42 96 56 89 76 0 0 0 35 72 36 29 27 0 77 15 89 58 90 0 30 2 0 55 41 99 82 35 98 97 1 61 98 0 36 30 92 0 70 48 7 79 5 76 43 59 16 77 97 85 18 96 5 22 5 23 37 0 90 46 47 85 44 99 71 74 14 51 88 0 42 15 24 70 67 82 86 86 35 30 50 33 
38 31 9 25 26 72 8 92 74 8 34 16 22 49 2 0 12 42 0 0 17 59 49 94 20 0 40 9 0 0 10 43 88 0 54 78 8 0 18 76 60 0 2 23 38 49 92 58 49 74 91 0 28 22 9 18 53 29 49 48 99 53 9 70 0 94 52 15 0 42 89 0 60 7 62 72 38 14 61 0 91 29 0 29 59 83 85 30 95 55 14 61 86 36 0 52 24 9 94 19 
54 76 6 80 71 88 0 100 26 45 0 32 81 12 61 0 0 96 0 0 0 0 94 47 87 61 99 0 47 65 50 83 55 91 49 83 93 27 0 0 0 89 23 87 29 99 76 77 4 10 95 77 57 31 40 0 71 0 0 23 72 0 2 47 41 83 8 19 60 89 25 100 0 67 76 83 0 0 6 65 0 5 0 94 64 100 89 64 25 27 0 28 81 44 87 84 0 77 80 0 
69 0 8 84 99 14 0 66 0 50 73 60 67 72 98 90 82 56 17 0 0 71 48 85 28 35 11 84 26 87 48 93 28 6 1 13 5 0 55 84 14 65 0 90 86 11 80 63 46 83 45 67 1 17 76 34 69 43 13 73 74 0 57 0 0 96 5 18 62 88 30 67 31 29 39 60 98 53 40 66 86 39 96 84 73 30 77 63 39 46 85 15 4 3 97 62 70 5 51 58 
17 50 85 0 7 79 15 86 89 82 54 21 23 92 61 0 14 89 59 0 71 0 33 14 30 34 9 0 49 99 0 11 62 98 90 61 29 0 98 0 30 8 77 80 2 80 67 0 3 55 18 24 61 0 55 91 70 65 64 20 23 0 10 40 0 0 89 28 74 34 85 15 96 0 55 10 70 80 90 1 0 59 0 78 69 6 73 68 42 0 74 56 80 0 0 4 45 0 99 0 
91 55 42 27 0 66 89 89 62 0 63 1 97 87 56 2 49 76 49 94 48 33 0 76 32 0 26 0 68 2 43 35 32 20 0 21 71 96 0 69 91 11 52 42 42 0 42 48 74 56 27 13 15 9 10 14 45 0 82 62 83 0 15 35 76 23 49 88 15 0 54 34 99 100 87 67 82 0 71 36 29 49 0 49 38 0 44 32 13 57 29 14 52 25 0 0 0 14 44 84 
0 96 35 0 0 0 33 27 38 0 17 82 12 0 19 10 75 0 94 47 85 14 76 0 69 13 0 71 0 19 82 36 0 0 69 46 97 26 16 14 61 23 60 66 0 0 32 14 38 24 97 0 6 86 65 93 3 27 88 44 29 0 63 87 76 74 6 57 51 74 57 63 73 21 85 0 5 77 74 97 70 63 40 90 0 79 38 36 0 58 28 20 0 0 5 77 44 79 36 0 
46 27 17 37 23 28 61 0 53 2 0 43 0 4 32 0 0 0 20 87 28 30 32 69 0 55 83 96 84 0 89 77 43 0 88 0 8 84 74 28 0 86 12 45 23 81 41 97 3 38 77 4 17 41 23 50 83 45 58 56 95 28 2 99 40 24 0 14 72 72 64 47 68 0 0 85 57 0 84 13 97 0 0 73 6 77 20 84 0 33 74 76 42 69 77 57 63 0 68 0 
97 58 57 95 59 18 95 28 69 32 34 55 66 18 75 54 14 0 0 61 35 34 0 13 55 0 7 89 51 67 91 0 31 34 22 97 29 16 93 90 82 95 4 54 100 34 79 11 86 75 40 47 95 0 0 24 68 91 46 90 51 15 86 31 0 99 0 47 0 14 44 66 100 0 52 15 37 58 33 43 60 68 63 94 25 17 0 62 74 71 47 23 23 0 100 38 5 74 7 0 
0 79 35 39 89 65 97 0 40 20 53 0 10 77 0 57 39 35 40 99 11 9 26 0 83 7 0 33 64 76 14 93 27 0 0 82 33 83 85 0 14 42 46 85 39 73 24 31 81 52 38 83 49 0 2 44 13 38 0 58 0 0 66 43 92 0 0 8 0 35 73 11 99 23 0 0 0 0 68 27 96 4 63 0 11 0 65 8 84 0 5 100 44 69 54 3 26 64 23 50 
32 94 45 13 18 0 0 76 95 23 52 49 95 3 0 0 31 72 9 0 84 0 0 71 96 89 33 0 31 98 73 70 30 66 0 45 60 33 87 0 2 51 47 37 25 16 32 61 7 58 96 38 63 86 54 76 0 0 88 57 40 98 73 72 4 0 44 51 31 0 30 62 71 88 8 65 9 84 72 35 12 51 100 20 36 68 79 89 0 0 59 19 41 30 46 20 78 0 65 56 
0 0 0 13 60 8 60 8 100 56 56 42 41 65 54 0 27 36 0 47 26 49 68 0 84 51 64 31 0 75 48 25 92 0 86 1 0 46 3 11 59 54 36 31 84 27 90 25 74 54 99 22 98 0 0 0 51 0 39 48 50 84 6 0 0 0 95 23 35 21 40 52 56 0 47 68 16 52 9 0 28 0 62 100 7 67 0 93 3 84 0 44 11 34 39 37 0 33 0 3 
6 73 58 73 74 29 14 76 13 47 67 97 0 88 0 37 67 29 0 65 87 99 2 19 0 67 76 98 75 0 85 100 92 27 88 47 27 20 69 0 21 80 94 64 59 25 52 39 21 63 84 80 79 51 7 92 82 94 21 50 16 20 23 13 35 8 98 68 85 87 0 0 33 98 79 0 39 0 73 64 32 60 96 45 39 0 61 0 33 2 88 51 83 33 23 1 71 79 58 87 
45 65 46 1 88 0 8 3 24 67 26 60 28 45 0 65 74 27 10 50 48 0 43 82 89 91 14 73 48 85 0 0 51 0 32 1 84 49 0 0 0 0 92 16 18 77 42 70 98 49 22 23 88 98 35 79 95 0 62 8 12 61 19 0 5 0 37 12 0 25 53 88 0 63 84 70 0 50 71 31 76 82 24 37 29 96 40 49 43 92 100 98 44 11 37 0 63 0 27 81 
50 0 79 0 24 72 71 12 0 93 0 62 43 0 63 0 26 0 43 83 93 11 35 36 77 0 93 70 25 100 0 0 99 0 54 0 62 59 87 94 0 78 99 67 84 76 0 61 97 14 5 54 2 84 50 96 28 25 0 56 4 0 90 6 52 47 17 94 28 0 0 68 0 36 0 64 40 98 35 4 3 97 42 7 10 38 22 0 76 96 95 17 99 36 0 93 78 47 82 99 
52 54 55 68 45 50 0 23 0 85 100 83 11 83 86 82 68 77 88 55 28 62 32 0 43 31 27 30 92 92 51 99 0 0 35 62 72 0 42 65 38 99 84 22 77 13 53 86 36 37 37 64 0 58 99 0 37 34 71 81 19 0 0 8 23 97 0 54 64 28 75 0 0 0 86 0 42 37 69 0 0 4 5 22 26 35 7 68 54 28 66 56 4 36 18 71 96 32 78 78 
64 75 0 94 0 35 84 27 76 0 17 60 80 0 12 48 7 15 0 91 6 98 20 0 0 34 0 66 0 27 0 0 0 0 60 59 21 31 59 90 0 0 84 34 64 57 90 79 72 41 0 82 28 0 70 27 33 61 0 32 31 47 0 42 71 58 0 20 77 32 0 64 35 35 0 17 95 0 14 0 9 16 82 72 95 0 3 50 64 14 45 51 9 4 0 88 66 76 90 38 
0 22 89 0 0 0 24 0 82 0 91 90 0 50 10 14 20 89 54 49 1 90 0 69 88 22 0 0 86 88 32 54 35 60 0 27 56 24 94 42 80 98 46 43 0 23 0 29 0 72 0 1 55 0 0 14 0 33 0 0 68 59 27 0 38 0 65 40 40 11 86 0 13 81 96 37 91 90 42 65 32 56 39 87 34 49 48 73 20 72 87 16 34 67 12 75 0 15 32 55 
84 78 58 57 0 0 5 99 51 35 19 23 25 51 69 76 99 58 78 83 13 61 21 46 0 97 82 45 1 47 1 0 62 59 27 0 63 0 0 13 0 94 28 80 35 100 32 99 83 0 0 89 71 76 0 52 74 0 0 78 7 15 55 0 68 18 49 53 0 86 48 13 0 73 0 13 38 97 0 0 17 0 0 77 43 0 0 26 30 0 99 0 69 4 53 44 78 34 1 20 
55 84 55 82 26 0 1 22 0 84 65 41 87 4 58 0 39 90 8 93 5 29 71 97 8 29 33 60 0 27 84 62 72 21 56 63 0 89 91 97 65 0 38 36 2 0 17 56 0 100 57 38 79 0 67 40 0 10 37 9 90 64 47 4 64 94 27 71 82 96 15 14 66 35 15 83 87 0 56 0 87 62 71 28 76 0 97 12 46 9 47 20 9 0 55 97 100 65 12 74 
77 48 34 92 62 63 75 37 0 81 96 93 69 29 75 93 71 0 0 27 0 0 96 26 84 16 83 33 46 20 49 59 0 31 24 0 89 0 54 14 40 27 100 98 26 65 0 88 0 4 11 66 6 36 0 87 87 0 23 97 0 58 93 54 0 4 13 15 0 36 0 7 1 0 17 0 21 0 39 17 37 0 77 9 59 30 41 50 72 87 12 93 42 0 40 55 0 90 9 21 
24 45 0 16 19 66 34 0 89 5 39 4 65 0 55 0 0 30 18 0 55 98 0 16 74 93 85 87 3 69 0 87 42 59 94 0 91 54 0 0 46 0 24 16 53 49 0 55 54 91 52 17 38 9 0 0 19 72 51 0 94 40 53 0 0 0 10 1 11 46 0 88 60 70 76 30 8 37 57 30 43 0 8 0 27 100 57 1 90 0 2 0 21 84 83 45 94 95 23 22 
0 62 61 76 19 0 19 47 70 60 23 74 34 0 46 91 71 2 76 0 84 0 69 14 28 90 0 0 11 0 0 94 65 90 42 13 97 14 0 0 96 56 12 46 83 56 6 68 73 31 22 95 75 47 0 76 97 7 11 26 66 89 16 27 79 83 70 84 53 38 26 85 0 59 15 5 34 81 47 92 0 28 0 99 29 93 44 63 26 15 71 97 27 57 0 4 38 78 58 34 
89 0 67 89 94 32 8 30 41 0 0 0 58 44 7 55 49 0 60 0 14 30 91 61 0 82 14 2 59 21 0 0 38 0 80 0 65 40 46 96 0 22 26 98 31 20 78 0 54 1 47 77 59 93 0 91 7 69 28 87 54 77 56 86 28 63 45 96 0 61 100 94 69 76 10 71 12 0 0 63 51 0 68 44 47 45 68 79 46 27 39 29 33 18 71 6 0 58 0 59 
84 28 0 0 83 15 53 59 0 72 18 33 0 22 45 0 54 55 0 89 65 8 11 23 86 95 42 51 54 80 0 78 99 0 98 94 0 27 0 56 22 0 0 54 0 32 23 96 49 79 0 0 23 60 65 37 0 40 69 90 3 74 48 5 82 0 6 46 22 0 79 78 72 65 17 62 0 17 84 97 64 0 0 41 25 37 94 70 45 11 42 28 35 20 34 0 21 0 84 54 
0 74 22 0 23 0 0 67 0 43 72 86 0 68 0 61 10 41 2 23 0 77 52 60 12 4 46 47 36 94 92 99 84 84 46 28 38 100 24 12 26 0 0 96 29 69 18 52 50 70 0 0 21 85 0 26 84 7 86 45 74 44 65 42 19 0 0 0 0 12 43 45 69 0 29 25 12 52 67 46 18 66 57 49 87 68 24 11 0 0 31 91 100 12 92 99 82 34 83 48 
0 8 94 78 48 90 64 0 18 28 71 23 14 0 0 75 14 99 23 87 90 80 42 66 45 54 85 37 31 64 16 67 22 34 43 80 36 98 16 46 98 54 96 0 82 71 34 93 94 64 6 74 0 0 39 11 0 51 18 15 58 70 79 82 43 6 0 0 80 71 31 1 52 81 34 54 45 0 82 17 0 23 12 66 36 88 46 18 68 17 7 42 58 42 0 3 65 52 49 91 
0 0 32 47 96 80 43 37 18 25 31 45 88 54 62 0 48 82 38 29 86 2 42 0 23 100 39 25 84 59 18 84 77 64 0 35 2 26 53 83 31 0 29 82 0 70 75 60 82 89 0 0 49 100 63 76 87 95 91 56 43 41 3 0 15 0 27 62 86 60 27 76 13 65 0 0 59 71 73 22 0 86 98 61 4 0 31 11 87 27 61 93 98 45 0 94 48 41 100 65 
94 37 87 93 60 6 77 0 78 0 96 43 32 91 35 50 1 35 49 99 11 80 0 0 81 34 73 16 27 25 77 76 13 57 23 100 0 65 49 56 20 32 69 71 70 0 21 79 52 29 73 25 28 95 20 99 63 26 53 73 81 53 78 5 0 56 86 0 11 92 7 51 98 0 90 36 50 34 68 8 14 39 45 49 17 92 100 44 37 38 29 90 28 77 94 84 75 87 34 0 
65 83 17 22 74 56 12 8 2 61 1 66 77 70 24 97 75 98 92 76 80 67 42 32 41 79 24 32 90 52 42 0 53 90 0 32 17 0 0 6 78 23 18 34 75 21 0 36 88 27 1 0 5 7 79 0 68 85 77 52 89 30 0 0 15 82 0 11 31 50 67 77 94 69 0 65 79 82 12 54 19 67 0 2 54 24 0 27 96 61 9 55 0 68 66 71 13 0 82 77 
29 53 36 1 76 91 94 45 9 75 87 77 0 42 63 42 0 97 58 77 63 0 48 14 97 11 31 61 25 39 70 61 86 79 29 99 56 88 55 68 0 96 52 93 60 79 36 0 70 0 40 29 84 41 52 82 0 0 0 35 80 51 59 71 24 86 69 25 0 48 19 98 97 0 78 51 60 34 77 88 14 51 100 0 50 52 67 80 29 0 51 28 78 12 57 0 49 0 97 30 
72 2 58 0 49 72 0 68 65 7 99 38 13 50 45 16 41 1 49 4 46 3 74 38 3 86 81 7 74 21 98 97 36 72 0 83 0 0 54 73 54 49 50 94 82 52 88 70 0 89 57 51 87 40 46 97 7 0 40 86 89 41 35 15 26 71 42 0 38 14 0 0 26 0 3 74 10 13 0 77 98 32 77 25 68 47 67 9 15 20 0 8 16 0 0 51 100 52 79 93 
29 9 40 99 88 52 11 0 33 24 10 4 60 15 43 42 88 61 74 10 83 55 56 24 38 75 52 58 54 63 49 14 37 41 72 0 100 4 91 31 1 79 70 64 89 29 27 0 89 0 11 56 35 97 47 98 36 20 0 73 0 94 10 43 0 26 0 4 9 94 60 0 0 0 95 0 0 1 52 45 0 68 4 84 74 17 55 0 27 24 32 84 15 39 100 32 34 29 29 0 
48 33 78 0 42 23 74 7 48 82 96 26 0 10 66 69 21 98 91 95 45 18 27 97 77 40 38 96 99 84 22 5 37 0 0 0 57 11 52 22 47 0 0 6 0 73 1 40 57 11 0 23 52 58 95 0 27 72 86 17 20 33 30 62 0 14 27 40 34 73 0 39 0 81 45 54 54 23 2 14 72 34 0 91 70 81 30 47 10 96 21 4 31 73 22 0 18 88 34 0 
48 5 83 0 59 51 73 47 0 21 99 0 58 88 31 7 41 0 0 77 67 24 13 0 4 47 83 38 22 80 23 54 64 82 1 89 38 66 17 95 77 0 0 74 0 25 0 29 51 56 23 0 15 49 0 76 37 83 0 86 42 26 56 28 78 6 0 0 98 50 72 38 25 19 88 97 29 0 19 57 84 0 0 34 17 68 97 0 0 84 0 39 56 25 0 18 94 0 49 96 
62 7 10 0 47 70 0 2 39 95 97 15 4 0 57 81 75 36 28 57 1 61 15 6 17 95 49 63 98 79 88 2 0 28 55 71 79 6 38 75 59 23 21 0 49 28 5 84 87 35 52 15 0 35 81 73 64 6 0 29 4 0 4 84 41 52 98 59 69 90 0 45 48 61 38 91 9 68 65 25 0 36 52 92 62 0 54 73 14 99 45 37 0 90 0 14 26 84 68 62 
83 43 0 66 47 17 49 88 85 68 92 66 75 62 42 94 18 30 22 31 17 0 9 86 41 0 0 86 0 51 98 84 58 0 0 76 0 36 9 47 93 60 85 0 100 95 7 41 40 97 58 49 35 0 66 12 14 93 0 85 74 81 28 49 14 60 83 83 48 0 28 72 0 4 40 28 0 16 16 1 32 93 0 53 26 89 4 13 10 14 7 0 62 33 0 91 64 67 71 0 
40 0 84 46 96 86 41 0 26 25 57 26 22 90 16 60 1 92 9 40 76 55 10 65 23 0 2 54 0 7 35 50 99 70 0 0 67 0 0 0 0 65 0 39 63 20 79 52 46 47 95 0 81 66 0 29 70 72 58 0 13 83 65 75 50 21 0 0 85 26 31 6 0 0 21 47 91 24 76 77 0 28 10 0 93 57 30 21 63 86 38 23 98 60 11 55 38 26 0 43 
71 92 93 23 22 5 76 0 82 0 94 86 0 0 49 0 51 0 18 0 34 91 14 93 50 24 44 76 0 92 79 96 0 27 14 52 40 87 0 76 91 37 26 11 76 99 0 82 97 98 0 76 73 12 29 0 98 84 9 72 0 89 47 0 44 32 23 1 44 65 43 19 41 31 42 58 70 65 18 70 99 9 98 92 76 58 44 86 31 92 0 32 98 61 43 47 72 54 74 52 
12 82 6 81 10 0 35 97 81 0 95 42 6 58 58 57 91 70 53 71 69 70 45 3 83 68 13 0 51 82 95 28 37 33 0 74 0 87 19 97 7 0 84 0 87 63 68 0 7 36 27 37 64 14 70 98 0 77 76 12 18 42 81 0 13 0 6 66 60 19 0 85 63 0 38 36 97 95 0 0 14 4 0 0 0 91 87 4 6 16 81 3 33 9 64 31 0 0 99 0 
15 31 62 93 95 81 60 31 65 0 51 94 79 31 48 40 0 48 29 0 43 65 0 27 45 91 38 0 0 94 0 25 34 61 33 0 10 0 72 7 69 40 7 51 95 26 85 0 0 20 72 83 6 93 72 84 77 0 0 17 91 16 38 8 19 75 87 30 80 80 32 46 0 0 90 22 65 49 81 88 70 22 0 0 0 0 25 66 0 0 32 0 79 80 35 37 29 75 0 90 
0 0 92 31 53 7 0 1 90 62 47 74 30 12 55 0 28 7 49 0 13 64 82 88 58 46 0 88 39 21 62 0 71 0 0 0 37 23 51 11 28 69 86 18 91 53 77 0 40 0 86 0 0 0 58 9 76 0 0 14 91 47 90 66 41 14 87 0 13 0 77 41 0 97 0 59 53 0 0 30 0 0 38 95 33 20 0 75 35 98 0 95 56 47 24 86 30 99 45 76 
91 78 1 53 82 96 41 33 20 36 22 82 76 0 38 41 0 79 48 23 73 20 62 44 56 90 58 57 48 50 8 56 81 32 0 78 9 97 0 26 87 90 45 15 56 73 52 35 86 73 17 86 29 85 0 72 12 17 14 0 62 90 44 83 11 54 24 37 86 79 93 21 35 68 39 33 0 0 86 53 12 74 0 45 79 41 78 39 0 42 44 62 82 62 0 92 19 29 70 0 
59 43 14 6 71 25 0 65 20 100 57 7 93 82 0 0 67 5 99 72 74 23 83 29 95 51 0 40 50 16 12 4 19 31 68 7 90 0 94 66 54 3 74 58 43 81 89 80 89 0 20 42 4 74 13 0 18 91 91 62 0 15 57 13 100 45 29 24 0 92 80 72 1 1 45 58 78 8 78 66 10 0 97 0 16 11 9 43 63 47 52 55 57 67 0 89 52 97 16 7 
0 0 0 69 8 51 68 96 0 98 33 0 65 29 0 98 62 76 53 0 0 0 0 0 28 15 0 98 84 20 61 0 0 47 59 15 64 58 40 89 77 74 44 70 41 53 30 51 41 94 33 26 0 81 83 89 42 16 47 90 15 0 45 0 91 0 27 17 0 0 16 97 0 89 96 0 59 0 84 74 0 81 44 48 22 70 35 56 0 94 91 47 29 0 60 58 0 40 42 0 
41 86 30 12 56 76 77 59 34 41 0 63 63 35 74 67 70 43 9 2 57 10 15 63 2 86 66 73 6 23 19 90 0 0 27 55 47 93 53 16 56 48 65 79 3 78 0 59 35 10 30 56 4 28 65 47 81 38 90 44 57 45 0 93 66 19 19 41 7 64 93 68 0 0 0 5 70 29 92 81 74 0 0 29 23 13 92 52 15 0 64 4 0 82 43 89 71 60 97 22 
54 29 63 57 96 0 84 0 20 54 22 50 69 37 32 82 80 59 70 47 0 40 35 87 99 31 43 72 0 13 0 6 8 42 0 0 4 54 0 27 86 5 42 82 0 5 0 71 15 43 62 28 84 49 75 0 0 8 66 83 13 0 93 0 70 19 54 5 0 33 41 43 58 44 85 0 95 18 78 92 29 0 68 68 17 88 0 77 47 0 8 14 36 15 0 44 76 65 50 38 
97 0 90 89 0 3 16 60 0 0 12 0 91 0 11 90 52 16 0 41 0 0 76 76 40 0 92 4 0 35 5 52 23 71 38 68 64 0 0 79 28 82 19 43 15 0 15 24 26 0 0 78 41 14 50 44 13 19 41 11 100 91 66 70 0 0 0 0 39 76 0 0 38 26 28 95 65 12 18 0 0 7 75 18 27 0 0 43 81 0 35 64 25 48 0 0 7 23 56 21 
66 41 0 67 51 7 50 43 52 45 81 0 0 59 15 35 90 77 94 83 96 0 23 74 24 99 0 0 0 8 0 47 97 58 0 18 94 4 0 83 63 0 0 6 0 56 82 86 71 26 14 6 52 60 21 32 0 75 14 54 45 0 19 19 0 0 0 82 66 85 0 0 78 78 0 46 10 54 70 0 27 20 49 28 61 29 0 96 86 69 91 24 0 81 67 83 2 42 14 0 
5 54 18 10 0 28 81 0 67 62 94 51 0 82 99 61 85 97 52 8 5 89 49 6 0 0 0 44 95 98 37 17 0 0 65 49 27 13 10 70 45 6 0 0 27 86 0 69 42 0 27 0 98 83 0 23 6 87 87 24 29 27 19 54 0 0 0 75 27 0 86 91 0 17 30 85 30 73 83 48 0 59 60 39 36 45 50 0 0 74 71 66 98 5 0 15 38 91 44 0 
32 67 61 0 0 28 6 19 0 59 90 0 17 75 17 90 60 85 15 19 18 28 88 57 14 47 8 51 23 68 12 94 54 20 40 53 71 15 1 84 96 46 0 0 62 0 11 25 0 4 40 0 59 83 0 1 66 30 0 37 24 17 41 5 0 82 75 0 0 0 35 69 76 0 0 34 7 64 80 0 0 42 2 30 39 80 0 50 62 0 92 44 54 1 82 0 47 0 0 5 
83 68 51 69 8 35 15 7 65 95 94 27 89 34 27 30 0 18 0 60 62 74 15 51 72 0 0 31 35 85 0 28 64 77 40 0 82 0 11 53 0 22 0 80 86 11 31 0 38 9 34 98 69 48 85 44 60 80 13 86 0 0 7 0 39 66 27 0 0 47 85 67 0 19 67 67 94 0 25 0 19 74 87 63 0 79 31 42 84 75 15 77 7 0 79 30 47 63 97 84 
39 53 83 100 0 35 94 0 27 94 34 50 70 88 65 13 61 96 42 89 88 34 0 74 72 14 35 0 21 87 25 0 28 32 11 86 96 36 46 38 61 0 12 71 60 92 50 48 14 94 73 50 90 0 26 65 19 80 0 79 92 0 64 33 76 85 0 0 47 0 56 26 39 92 51 58 0 74 42 57 21 0 0 5 40 0 22 80 29 21 0 0 21 0 72 37 52 53 60 15 
5 0 29 77 37 0 27 29 60 69 88 95 45 49 15 90 88 5 89 25 30 85 54 57 64 44 73 30 40 0 53 0 75 0 86 48 15 0 0 26 100 79 43 31 27 7 67 19 0 60 0 72 0 28 31 43 0 32 77 93 80 16 93 41 0 0 86 35 85 56 0 57 75 0 52 51 41 89 8 20 64 38 99 0 67 40 24 21 47 78 67 95 58 17 2 14 79 99 74 71 
93 71 87 0 62 3 98 10 72 27 0 51 0 11 74 73 51 22 0 100 67 15 34 63 47 66 11 62 52 0 88 68 0 64 0 13 14 7 88 85 94 78 45 1 76 51 77 98 0 0 39 38 45 72 6 19 85 46 41 21 72 97 68 43 0 0 91 69 67 26 57 0 12 98 93 29 64 78 92 0 83 23 92 62 89 31 9 68 50 62 77 97 0 75 83 30 35 29 0 0 
2 27 41 0 33 0 0 40 71 89 71 32 8 0 46 1 29 5 60 0 31 96 99 73 68 100 99 71 56 33 0 0 0 35 13 0 66 1 60 0 69 72 69 52 13 98 94 97 26 0 0 25 48 0 0 41 63 0 0 35 1 0 0 58 38 78 0 76 0 39 75 12 0 0 64 8 76 76 4 57 87 56 34 48 48 0 78 29 84 56 100 0 87 0 28 0 0 79 0 78 
31 0 65 2 1 20 28 10 4 83 60 17 48 51 19 57 86 23 7 67 29 0 100 21 0 0 23 88 0 98 63 36 0 35 81 73 35 0 70 59 76 65 0 81 65 0 69 0 0 0 81 19 61 4 0 31 0 0 97 68 1 89 0 44 26 78 17 0 19 92 0 98 0 0 49 58 46 27 41 64 100 0 46 75 35 0 44 77 86 52 71 0 0 79 0 0 42 0 0 0 
0 52 65 54 47 37 9 17 0 38 11 0 0 95 100 48 26 37 62 76 39 55 87 85 0 52 0 8 47 79 84 0 86 0 96 0 15 17 76 15 10 17 29 34 0 90 0 78 3 95 45 88 38 40 21 42 38 90 0 39 45 96 0 85 28 0 30 0 67 51 52 93 64 49 0 0 63 54 43 65 81 79 19 54 0 42 28 80 28 0 61 14 0 62 0 0 98 63 0 0 
99 0 65 33 0 0 24 5 0 27 2 80 38 83 0 35 0 0 72 83 60 10 67 0 85 15 0 65 68 0 70 64 0 17 37 13 83 0 30 5 71 62 25 54 0 36 65 51 74 0 54 97 91 28 47 58 36 22 59 33 58 0 5 0 95 46 85 34 67 58 51 29 8 58 0 0 39 33 26 9 64 75 3 0 47 60 0 47 9 86 0 41 8 0 44 100 88 8 0 0 
0 56 38 38 30 96 89 50 69 55 51 44 65 0 46 84 0 90 38 0 98 70 82 5 57 37 0 9 16 39 0 40 42 95 91 38 87 21 8 34 12 0 12 45 59 50 79 60 10 0 54 29 9 0 91 70 97 65 53 0 78 59 70 95 65 10 30 7 94 0 41 64 76 46 63 39 0 6 30 19 25 83 59 12 44 72 0 43 96 33 100 69 0 34 2 93 18 60 60 0 
23 26 3 19 0 20 100 25 22 4 99 96 33 49 77 46 5 46 14 0 53 80 0 77 0 58 0 84 52 0 50 98 37 0 90 97 0 0 37 81 0 17 52 0 71 34 82 34 13 1 23 0 68 16 24 65 95 49 0 0 8 0 29 18 12 54 73 64 0 74 89 78 76 27 54 33 6 0 72 5 0 100 2 48 13 27 0 26 87 67 90 0 46 91 0 10 50 52 87 86 
54 77 0 4 48 14 7 42 66 79 0 97 1 30 91 76 95 47 61 6 40 90 71 74 84 33 68 72 9 73 71 35 69 14 42 0 56 39 57 47 0 84 67 82 73 68 12 77 0 52 2 19 65 16 76 18 0 81 0 86 78 84 92 78 18 70 83 80 25 42 8 92 4 41 43 26 30 72 0 0 23 81 0 75 90 69 43 45 71 30 36 77 73 75 21 98 31 80 72 100 
38 63 0 8 26 69 50 91 86 48 76 38 0 0 63 8 57 85 0 65 66 1 36 97 13 43 27 35 0 64 31 4 0 0 65 0 0 17 30 92 63 97 46 17 22 8 54 88 77 45 14 57 25 1 77 70 0 88 30 53 66 74 81 92 0 0 48 0 0 57 20 0 57 64 65 9 19 5 0 0 30 0 56 0 27 24 97 11 64 69 34 0 80 0 54 85 24 0 61 0 
74 40 36 66 29 0 0 63 23 23 67 0 17 94 69 23 0 44 91 0 86 0 29 70 97 60 96 12 28 32 76 3 0 9 32 17 87 37 43 0 51 64 18 0 0 14 19 14 98 0 72 84 0 32 0 99 14 70 0 12 10 0 74 29 0 27 0 0 19 21 64 83 87 100 81 64 25 0 23 30 0 0 46 57 18 0 0 23 0 23 0 21 0 19 89 67 0 35 71 71 
86 77 0 75 62 90 35 92 0 78 0 73 60 1 88 94 5 99 29 5 39 59 49 63 0 68 4 51 0 60 82 97 4 16 56 0 62 0 0 28 0 0 66 23 86 39 67 51 32 68 34 0 36 93 28 9 4 22 0 74 0 81 0 0 7 20 59 42 74 0 38 23 56 0 79 75 83 100 81 0 0 0 0 0 47 0 61 0 92 5 0 37 93 5 27 83 81 30 2 0 
61 81 12 68 28 78 12 47 0 70 90 0 67 28 15 52 11 71 0 0 96 0 0 40 0 63 63 100 62 96 24 42 5 82 39 0 71 77 8 0 68 0 57 12 98 45 0 100 77 4 0 0 52 0 10 98 0 0 38 0 97 44 0 68 75 49 60 2 87 0 99 92 34 46 19 3 59 2 0 56 46 0 0 91 0 33 80 0 95 34 33 30 12 56 85 0 35 53 4 30 
62 22 70 99 81 23 22 29 28 49 0 48 71 94 77 32 16 74 29 94 84 78 49 90 73 94 0 20 100 45 37 7 22 72 87 77 28 9 0 99 44 41 49 66 61 49 2 0 25 84 91 34 92 53 0 92 0 0 95 45 0 48 29 68 18 28 39 30 63 5 0 62 48 75 54 0 12 48 75 0 57 0 91 0 63 0 24 98 7 31 72 0 59 32 0 15 29 18 14 46 
65 100 0 55 33 20 16 56 6 0 56 8 42 15 46 0 60 14 59 64 73 69 38 0 6 25 11 36 7 39 29 10 26 95 34 43 76 59 27 29 47 25 87 36 4 17 54 50 68 74 70 17 62 26 93 76 0 0 33 79 16 22 23 17 27 61 36 39 0 40 67 89 48 35 0 47 44 13 90 27 18 47 0 63 0 9 91 37 44 57 74 50 12 87 58 35 35 91 58 54 
0 61 39 82 0 45 40 66 49 82 36 72 95 81 1 0 33 51 83 100 30 6 0 79 77 17 0 68 67 0 96 38 35 0 49 0 0 30 100 93 45 37 68 88 0 92 24 52 47 17 81 68 0 89 57 58 91 0 20 41 11 70 13 88 0 29 45 80 79 0 40 31 0 0 42 60 72 27 69 24 0 0 33 0 9 0 12 59 64 85 69 20 64 50 17 79 72 93 39 0 
46 51 23 2 74 73 3 50 98 29 97 38 19 0 0 0 57 88 85 89 77 73 44 38 20 0 65 79 0 61 40 22 7 3 48 0 97 41 57 44 68 94 24 46 31 100 0 67 67 55 30 97 54 4 30 44 87 25 0 78 9 35 92 0 0 0 50 0 31 22 24 9 78 44 28 0 0 0 43 97 0 61 80 24 91 12 0 18 24 25 36 94 54 89 46 41 0 10 66 96 
0 0 18 38 47 0 0 0 71 72 25 21 32 3 66 72 23 0 30 64 63 68 32 36 84 62 8 89 93 0 49 0 68 50 73 26 12 50 1 63 79 70 11 18 11 44 27 80 9 0 47 0 73 13 21 86 4 66 75 39 43 56 52 77 43 96 0 50 42 80 21 68 29 77 80 47 43 26 45 11 23 0 0 98 37 59 18 0 85 83 52 90 50 25 53 4 95 70 71 55 
53 0 54 50 34 0 94 61 88 0 92 28 82 0 81 90 0 42 95 25 39 42 13 0 0 74 84 0 3 33 43 76 54 64 20 30 46 72 90 26 46 45 0 68 87 37 96 29 15 27 10 0 14 10 63 31 6 0 35 0 63 0 15 47 81 86 0 62 84 29 47 50 84 86 28 9 96 87 71 64 0 92 95 7 44 64 24 85 0 43 27 53 0 40 41 37 0 38 0 29 
9 88 48 46 49 92 29 58 16 16 19 0 39 0 60 87 8 15 55 27 46 0 57 58 33 71 0 0 84 2 92 96 28 14 72 0 9 87 0 15 27 11 0 17 27 38 61 0 20 24 96 84 99 14 86 92 16 0 98 42 47 94 0 0 0 69 74 0 75 21 78 62 56 52 0 86 33 67 30 69 23 5 34 31 57 85 25 83 43 0 79 49 22 50 4 93 84 41 98 0 
0 18 0 66 0 3 36 0 13 65 70 80 99 38 36 59 91 24 14 0 85 74 29 28 74 47 5 59 0 88 100 95 66 45 87 99 47 12 2 71 39 42 31 7 61 29 9 51 0 32 21 0 45 7 38 0 81 32 0 44 52 91 64 8 35 91 71 92 15 0 67 77 100 71 61 0 100 90 36 34 0 0 33 72 74 69 36 52 27 79 0 98 2 36 92 74 24 0 0 79 
77 73 95 5 47 87 71 3 2 6 28 17 67 32 0 19 35 70 61 28 15 56 14 20 76 23 100 19 44 51 98 17 56 51 16 0 20 93 0 97 29 28 91 42 93 90 55 28 8 84 4 39 37 0 23 32 3 0 95 62 55 47 4 14 64 24 66 44 77 0 95 97 0 0 14 41 69 0 77 0 21 37 30 0 50 20 94 90 53 49 98 0 56 0 0 80 68 24 98 58 
90 70 24 33 95 0 2 36 66 69 0 66 13 0 41 89 95 67 86 81 4 80 52 0 42 23 44 41 11 83 44 99 4 9 34 69 9 42 21 27 33 35 100 58 98 28 0 78 16 15 31 56 0 62 98 98 33 79 56 82 57 29 0 36 25 0 98 54 7 21 58 0 87 0 0 8 0 46 73 80 0 93 12 59 12 64 54 50 0 22 2 56 0 85 75 14 62 50 80 53 
76 15 0 0 81 0 24 46 65 1 21 5 87 87 0 56 0 82 36 44 3 0 25 0 69 0 69 30 34 33 11 36 36 4 67 4 0 0 84 57 18 20 12 42 45 77 68 12 0 39 73 25 90 33 60 61 9 80 47 62 67 0 82 15 48 81 5 1 0 0 17 75 0 79 62 0 34 91 75 0 19 5 56 32 87 50 89 25 40 50 36 0 85 0 20 64 0 65 18 0 
23 7 1 98 26 88 24 99 32 8 0 94 73 18 78 85 23 86 0 87 97 0 0 5 77 100 54 46 39 23 37 0 18 0 12 53 55 40 83 0 71 34 92 0 0 94 66 57 0 100 22 0 0 0 11 43 64 35 24 0 0 60 43 0 0 67 0 82 79 72 2 83 28 0 0 44 2 0 21 54 89 27 85 0 58 17 46 53 41 4 92 0 75 20 0 83 62 23 78 42 
55 53 92 0 21 42 31 88 0 48 0 46 88 57 83 57 77 86 52 84 62 4 0 77 57 38 3 20 37 1 0 93 71 88 75 44 97 55 45 4 6 0 99 3 94 84 71 0 51 32 0 18 14 91 55 47 31 37 86 92 89 58 89 44 0 83 15 0 30 37 14 30 0 0 0 100 93 10 98 85 67 83 0 15 35 79 41 4 37 93 74 80 14 64 83 0 3 63 22 41 
97 64 97 11 56 86 46 87 0 41 50 34 78 48 90 4 53 35 24 0 70 45 0 44 63 5 26 78 0 71 63 78 96 66 0 78 100 0 94 38 0 21 82 65 48 75 13 49 100 34 18 94 26 64 38 72 0 29 30 19 52 0 71 76 7 2 38 47 47 52 79 35 0 42 98 88 18 50 31 24 0 81 35 29 35 72 0 95 0 84 24 68 62 0 62 3 0 0 59 24 
49 65 11 97 58 32 11 31 54 91 47 31 82 76 9 43 0 30 9 77 5 0 14 79 0 74 64 0 33 79 0 47 32 76 15 34 65 90 95 78 58 0 34 52 41 87 0 0 52 29 88 0 84 67 26 54 0 75 99 29 97 40 60 65 23 42 91 0 63 53 99 29 79 0 63 8 60 52 80 0 35 30 53 18 91 93 10 70 38 41 0 24 50 65 23 63 0 0 50 14 
0 84 13 50 59 89 61 23 0 84 10 72 44 21 20 78 21 50 94 80 51 99 44 36 68 7 23 65 0 58 27 82 78 90 32 1 12 9 23 58 0 84 83 49 100 34 82 97 79 29 34 49 68 71 0 74 99 0 45 70 16 42 97 50 56 14 44 0 97 60 74 0 0 0 0 0 60 87 72 61 71 2 4 14 58 39 66 71 0 98 0 98 80 18 78 22 59 50 0 6 
63 80 54 0 0 0 93 24 76 0 97 37 23 93 38 31 66 33 19 0 58 0 84 0 0 0 50 56 3 87 81 99 78 38 55 20 74 21 22 34 59 54 48 91 65 0 77 30 93 0 0 96 62 0 43 52 0 90 76 0 7 0 22 38 21 0 0 5 84 15 71 0 78 0 0 0 0 86 100 0 71 0 30 46 54 0 96 55 29 0 79 58 53 0 42 41 24 14 6 0 
