0 0 0 0 0 0 0 0 0 100 275 0 0 0 0 0 0 0 0 0 0 292 0 0 0 181 180 0 0 0 0 0 0 0 0 0 0 0 0 0 0 0 74 0 0 0 0 40 0 0 274 0 81 0 0 21 0 0 0 0 0 0 159 0 0 0 0 0 0 0 0 0 0 0 8 0 0 0 0 0 0 0 0 0 0 0 0 0 0 36 0 0 0 0 160 154 0 0 0 0 
0 0 0 0 145 0 0 0 0 29 0 71 0 0 181 0 0 0 0 0 225 0 0 0 0 0 56 0 0 0 0 0 0 0 0 0 0 0 0 0 0 0 262 277 0 0 0 0 0 0 0 0 121 190 0 152 0 0 0 288 0 0 0 0 0 0 0 0 0 0 160 0 0 0 115 242 0 0 0 0 0 0 0 0 0 0 0 0 0 0 0 0 0 0 0 0 0 0 0 0 
0 0 0 0 78 0 0 0 0 0 0 69 0 0 0 0 0 232 0 0 0 0 0 0 0 0 0 0 0 0 0 0 0 0 0 0 0 0 0 0 0 0 0 293 203 0 0 56 0 0 0 0 0 0 0 0 0 0 0 0 0 0 0 0 0 0 0 0 0 0 0 0 0 0 0 0 0 0 255 72 0 278 137 0 0 0 0 0 116 0 0 0 0 0 0 0 0 0 0 0 
0 0 0 0 0 0 0 0 0 0 0 0 0 0 238 0 0 0 0 0 0 0 0 213 72 0 0 0 0 0 0 0 0 0 0 0 0 0 0 0 96 0 0 0 0 0 0 51 0 0 0 0 0 0 0 0 0 0 0 0 0 0 0 0 0 75 47 0 0 0 0 300 0 0 0 0 208 0 0 0 0 248 0 27 0 0 0 0 53 0 0 0 0 0 0 0 76 0 0 73 
0 145 78 0 0 0 0 0 0 0 0 0 0 0 0 0 0 0 0 0 0 0 0 0 0 34 0 0 0 0 0 0 0 291 0 0 0 0 0 0 0 0 0 0 0 0 0 0 0 0 0 0 0 0 0 0 0 0 2 0 0 0 0 247 0 0 0 0 0 0 0 0 195 0 0 0 0 0 76 0 0 0 0 0 0 195 0 0 159 0 0 0 0 0 0 0 0 0 0 0 
0 0 0 0 0 0 0 278 0 0 76 0 0 0 0 59 0 0 0 0 0 0 0 0 0 0 286 0 0 165 0 0 0 96 0 0 0 0 0 0 0 0 0 168 0 0 0 92 65 0 0 0 0 0 291 0 0 0 0 0 0 0 0 0 0 0 0 0 0 0 0 0 0 227 298 145 0 0 0 0 0 0 106 0 0 0 0 0 0 0 0 0 108 0 0 0 0 0 0 0 
0 0 0 0 0 0 0 0 0 0 0 0 0 0 0 0 0 0 0 295 0 0 196 0 181 0 221 77 0 0 0 0 0 0 0 0 205 0 0 0 0 0 0 0 0 0 0 0 0 220 0 0 0 0 0 0 0 0 0 0 0 0 0 0 0 0 221 0 0 0 0 0 0 0 0 0 0 0 0 0 0 0 0 138 0 0 0 0 0 0 0 0 0 0 265 0 0 0 0 0 
0 0 0 0 0 278 0 0 0 0 0 0 0 0 0 197 0 0 0 0 0 0 0 0 0 0 0 13 0 0 0 0 0 0 0 0 0 0 0 7 139 0 29 0 0 0 0 0 176 0 0 45 0 0 0 163 0 0 0 0 0 0 263 177 0 0 0 141 0 0 0 0 0 0 0 0 0 0 0 198 0 294 0 0 0 0 0 0 0 0 0 0 0 0 0 0 0 0 141 0 
0 0 0 0 0 0 0 0 0 0 252 0 0 0 0 0 0 0 0 7 261 0 297 0 0 0 0 0 0 0 0 0 0 224 0 0 0 215 0 0 0 0 0 0 0 0 0 0 0 237 0 0 0 0 0 0 0 272 0 0 0 0 0 0 0 0 0 0 0 0 0 0 0 0 232 96 0 0 0 0 0 0 287 0 212 0 0 0 0 0 0 96 0 0 0 234 0 0 0 25 
100 29 0 0 0 0 0 0 0 0 0 0 0 0 0 190 0 0 0 0 0 0 0 0 0 66 163 0 0 0 0 0 187 0 58 0 0 26 0 0 0 0 0 0 0 0 0 0 0 0 0 0 0 0 0 0 0 0 0 0 0 0 0 38 0 0 0 0 0 0 28 0 229 0 153 0 0 0 0 0 0 0 0 0 272 0 0 0 0 0 0 0 0 0 0 0 200 0 0 146 
275 0 0 0 0 76 0 0 252 0 0 0 139 0 0 0 0 0 0 0 0 0 0 0 0 0 0 0 0 0 282 0 0 0 0 0 0 0 0 0 0 0 0 0 0 0 60 0 0 0 0 0 0 0 0 147 0 0 0 0 0 0 0 0 172 0 0 0 120 0 0 0 0 0 0 0 0 242 0 0 0 0 0 0 0 4 250 0 0 0 81 0 121 0 0 0 0 0 0 159 
0 71 69 0 0 0 0 0 0 0 0 0 0 0 0 0 0 0 0 0 0 0 0 0 0 0 0 0 108 0 0 0 0 120 236 0 0 0 0 0 0 0 0 0 0 0 0 0 0 0 0 0 0 112 0 0 0 0 27 0 70 0 0 0 0 0 0 0 0 0 0 0 0 0 5 0 0 192 0 0 0 44 0 0 0 0 0 0 0 0 0 0 160 0 0 0 0 0 0 0 
0 0 0 0 0 0 0 0 0 0 139 0 0 0 0 0 0 0 0 266 0 0 0 0 0 0 0 0 0 0 25 0 0 0 0 215 0 0 0 0 0 0 0 0 0 0 91 187 0 0 0 0 0 0 0 0 5 150 0 0 191 0 0 0 0 0 0 0 0 0 0 0 0 180 0 0 0 273 0 0 0 270 0 0 0 0 0 0 0 0 0 0 0 0 0 0 0 0 0 98 
0 0 0 0 0 0 0 0 0 0 0 0 0 0 268 0 0 0 0 165 0 0 0 0 0 0 0 0 0 0 94 0 0 0 0 0 0 0 0 281 0 0 0 0 0 0 0 0 0 0 0 0 0 0 0 0 0 0 0 0 0 0 0 0 0 0 0 0 0 0 0 0 0 0 0 0 0 0 269 0 0 0 0 274 0 0 0 2 0 0 0 216 0 0 0 21 0 0 130 0 
0 181 0 238 0 0 0 0 0 0 0 0 0 268 0 0 0 0 0 0 205 0 0 0 0 115 95 0 0 45 0 0 0 0 0 0 0 0 0 0 0 125 26 0 0 0 147 0 0 0 0 0 0 0 0 0 0 233 0 0 0 0 0 0 0 0 259 0 0 0 0 0 0 0 0 0 0 0 0 142 0 0 0 0 0 0 0 0 0 229 0 0 0 0 0 0 80 0 0 0 
0 0 0 0 0 59 0 197 0 190 0 0 0 0 0 0 0 0 0 0 0 0 0 0 0 0 0 0 0 0 11 0 0 0 0 0 16 0 0 236 0 0 0 0 130 0 286 0 0 292 0 0 0 0 0 0 0 0 0 0 0 243 0 0 0 0 0 0 116 0 0 22 0 0 0 0 0 0 171 0 0 0 0 0 28 0 0 0 0 0 0 0 149 0 0 0 0 0 0 0 
0 0 0 0 0 0 0 0 0 0 0 0 0 0 0 0 0 0 0 0 0 0 0 295 0 0 0 0 0 0 0 0 0 0 0 0 0 126 0 0 0 0 0 100 0 105 0 0 92 0 0 146 0 0 0 0 0 0 0 0 0 198 0 0 0 0 0 0 0 250 0 0 0 0 0 0 0 0 0 0 0 0 0 0 0 0 0 0 0 0 0 0 0 0 0 0 0 0 242 0 
0 0 232 0 0 0 0 0 0 0 0 0 0 0 0 0 0 0 147 0 0 0 0 0 0 0 51 0 0 0 0 0 0 0 0 0 0 0 9 0 0 0 0 0 123 0 0 0 0 0 0 0 0 186 0 0 0 0 0 0 136 0 0 0 0 0 0 0 0 0 87 70 0 0 0 0 12 0 0 0 0 0 0 0 0 0 0 0 0 0 0 0 0 0 0 0 0 0 0 91 
0 0 0 0 0 0 0 0 0 0 0 0 0 0 0 0 0 147 0 101 0 0 0 0 0 0 0 0 0 0 0 0 0 0 0 0 0 0 0 0 0 0 0 0 0 0 0 267 0 0 0 0 0 0 0 0 0 0 0 0 0 0 224 0 0 0 242 0 0 0 0 0 0 0 190 0 0 0 0 0 0 0 0 0 173 0 0 223 0 0 0 216 0 0 0 0 0 0 0 89 
0 0 0 0 0 0 295 0 7 0 0 0 266 165 0 0 0 0 101 0 0 0 0 0 0 0 0 0 0 0 0 0 0 211 0 0 0 0 0 0 0 0 0 0 0 0 0 0 0 0 0 0 0 0 0 0 0 0 0 0 0 173 0 0 0 0 0 0 0 0 0 188 0 0 0 0 0 0 0 0 18 0 0 0 0 0 0 0 0 0 185 0 0 0 64 243 0 153 0 0 
0 225 0 0 0 0 0 0 261 0 0 0 0 0 205 0 0 0 0 0 0 0 0 0 0 0 0 0 0 277 0 0 0 0 0 0 0 0 0 0 0 256 0 0 0 0 0 0 0 0 0 0 0 0 0 0 288 0 0 0 138 0 0 52 0 0 56 0 0 0 0 112 12 0 0 0 0 0 0 0 0 0 0 0 0 151 222 0 0 189 0 248 0 0 0 0 0 0 0 0 
292 0 0 0 0 0 0 0 0 0 0 0 0 0 0 0 0 0 0 0 0 0 0 0 0 0 0 0 0 29 0 0 270 0 264 0 0 0 0 0 0 154 0 0 0 0 0 0 0 0 0 0 0 0 0 50 0 0 0 0 141 0 0 136 0 0 0 101 0 0 0 0 0 211 0 0 0 0 130 0 0 291 0 0 0 0 0 262 0 0 0 0 0 35 0 252 0 0 0 0 
0 0 0 0 0 0 196 0 297 0 0 0 0 0 0 0 0 0 0 0 0 0 0 226 0 256 0 0 107 0 0 0 0 300 0 0 0 0 0 0 0 0 0 0 0 15 0 70 0 0 0 0 0 0 0 0 197 13 0 0 0 0 0 0 0 0 0 0 0 0 0 0 0 0 0 0 0 0 0 0 264 85 0 58 0 0 0 0 0 245 0 0 0 146 0 0 0 0 0 0 
0 0 0 213 0 0 0 0 0 0 0 0 0 0 0 0 295 0 0 0 0 0 226 0 0 0 0 0 0 0 164 0 0 0 0 266 0 0 0 0 162 0 0 0 0 0 0 0 0 0 268 0 0 0 156 0 0 0 0 171 0 0 0 0 0 0 0 0 178 0 0 0 0 0 0 0 0 0 0 0 67 0 83 0 0 0 0 0 0 0 0 0 0 0 0 0 0 0 0 10 
0 0 0 72 0 0 181 0 0 0 0 0 0 0 0 0 0 0 0 0 0 0 0 0 0 0 0 0 0 300 0 0 0 0 175 75 87 0 0 0 0 0 0 0 0 0 0 0 0 0 0 0 71 0 0 0 0 0 0 0 0 181 0 0 0 0 0 0 0 0 0 296 0 0 0 0 0 0 0 0 0 0 0 0 0 0 0 0 0 0 282 0 186 0 0 217 0 0 0 0 
181 0 0 0 34 0 0 0 0 66 0 0 0 0 115 0 0 0 0 0 0 0 256 0 0 0 0 0 0 0 0 0 0 0 0 0 0 0 0 126 0 0 0 0 0 0 0 0 0 0 45 0 0 0 111 0 0 0 0 0 0 0 0 0 297 0 0 0 0 0 0 0 132 0 0 0 0 0 0 0 0 0 0 0 0 225 0 24 0 0 0 14 0 0 0 0 154 276 0 0 
180 56 0 0 0 286 221 0 0 163 0 0 0 0 95 0 0 51 0 0 0 0 0 0 0 0 0 0 0 161 0 0 144 0 0 0 0 0 131 0 0 0 0 0 0 0 0 0 0 0 42 0 0 0 0 0 0 0 0 0 0 0 0 0 194 0 0 0 0 0 0 0 0 30 0 0 0 99 0 0 0 0 0 187 0 0 0 0 0 0 0 0 0 0 0 0 0 0 0 0 
0 0 0 0 0 0 77 13 0 0 0 0 0 0 0 0 0 0 0 0 0 0 0 0 0 0 0 0 0 0 0 0 0 0 0 0 0 0 0 0 0 0 0 0 0 0 0 0 0 0 0 0 0 0 59 0 0 0 0 0 0 0 0 0 247 0 0 0 0 0 0 0 0 0 0 282 0 168 0 0 0 0 0 0 0 183 0 146 0 0 133 0 0 220 167 0 0 0 0 0 
0 0 0 0 0 0 0 0 0 0 0 108 0 0 0 0 0 0 0 0 0 0 107 0 0 0 0 0 0 0 0 0 0 0 0 0 0 0 0 0 0 0 28 0 0 0 199 0 0 0 0 0 0 0 0 0 0 0 0 146 0 0 0 0 0 0 172 0 0 0 0 0 0 0 0 0 0 0 0 0 0 0 0 235 0 0 130 207 232 0 0 0 0 0 0 0 0 0 163 280 
0 0 0 0 0 165 0 0 0 0 0 0 0 0 45 0 0 0 0 0 277 29 0 0 300 0 161 0 0 0 0 0 0 0 0 0 0 0 0 0 0 0 0 0 0 0 198 0 0 0 0 0 0 0 258 0 0 0 0 0 0 0 0 0 0 0 0 261 0 49 0 0 297 0 0 0 161 0 0 244 0 0 0 0 0 0 0 0 0 245 0 0 0 110 0 0 0 0 0 0 
0 0 0 0 0 0 0 0 0 0 282 0 25 94 0 11 0 0 0 0 0 0 0 164 0 0 0 0 0 0 0 227 0 0 0 0 0 0 0 0 0 0 0 0 0 0 0 0 0 0 0 200 0 0 0 0 78 0 0 0 0 0 0 0 0 0 0 0 0 0 0 0 124 0 0 0 0 0 0 0 0 0 0 0 0 0 21 0 0 0 0 0 0 38 0 0 41 0 0 0 
0 0 0 0 0 0 0 0 0 0 0 0 0 0 0 0 0 0 0 0 0 0 0 0 0 0 0 0 0 0 227 0 0 0 183 0 0 0 0 206 233 0 0 0 0 103 0 0 0 0 263 0 0 0 0 0 0 245 0 0 0 0 0 0 0 0 0 0 0 0 0 0 0 0 0 0 0 0 0 0 0 0 0 0 0 2 0 0 0 0 140 0 0 0 0 0 0 185 0 153 
0 0 0 0 0 0 0 0 0 187 0 0 0 0 0 0 0 0 0 0 0 270 0 0 0 0 144 0 0 0 0 0 0 0 0 0 0 229 0 0 0 0 0 0 0 0 0 0 0 0 0 0 0 195 191 0 0 24 0 0 0 0 0 248 0 0 0 0 0 189 0 0 0 0 232 0 150 0 0 0 203 0 0 0 0 0 0 0 0 0 0 0 0 161 0 58 0 0 229 0 
0 0 0 0 291 96 0 0 224 0 0 120 0 0 0 0 0 0 0 211 0 0 300 0 0 0 0 0 0 0 0 0 0 0 0 0 0 0 0 0 34 0 0 0 0 0 0 0 0 0 0 0 0 0 0 0 0 0 114 0 0 0 0 0 0 0 0 110 0 83 0 0 0 0 0 0 0 0 0 0 0 295 0 0 0 77 0 0 0 0 0 0 0 0 0 0 0 205 0 0 
0 0 0 0 0 0 0 0 0 58 0 236 0 0 0 0 0 0 0 0 0 264 0 0 175 0 0 0 0 0 0 183 0 0 0 0 0 0 0 230 0 0 0 13 0 40 0 0 0 0 0 0 0 97 0 0 0 0 0 89 43 0 0 0 81 0 0 0 0 0 0 0 0 0 0 0 0 215 0 0 0 0 0 66 0 0 0 0 0 0 0 0 0 0 0 0 0 0 0 0 
0 0 0 0 0 0 0 0 0 0 0 0 215 0 0 0 0 0 0 0 0 0 0 266 75 0 0 0 0 0 0 0 0 0 0 0 0 0 0 0 0 151 0 206 30 93 144 0 249 0 0 0 0 0 0 0 0 0 10 0 0 0 0 64 142 0 0 0 0 0 0 0 78 0 0 0 0 0 0 0 0 0 0 0 0 0 3 0 0 0 0 0 0 0 0 0 171 0 0 0 
0 0 0 0 0 0 205 0 0 0 0 0 0 0 0 16 0 0 0 0 0 0 0 0 87 0 0 0 0 0 0 0 0 0 0 0 0 0 0 0 0 0 0 0 298 0 0 0 0 0 132 0 70 0 0 85 0 0 0 0 0 0 36 0 141 0 258 0 0 89 0 0 0 0 0 0 0 0 286 84 0 152 0 0 0 0 0 0 0 25 0 0 0 0 0 0 0 0 0 0 
0 0 0 0 0 0 0 0 215 26 0 0 0 0 0 0 126 0 0 0 0 0 0 0 0 0 0 0 0 0 0 0 229 0 0 0 0 0 46 0 0 229 0 0 0 0 0 0 0 253 0 0 2 286 0 0 21 0 0 0 0 0 0 0 0 0 0 0 0 0 0 0 55 0 0 0 0 0 0 0 0 0 188 0 0 13 0 0 0 2 0 0 0 0 0 0 0 0 0 0 
0 0 0 0 0 0 0 0 0 0 0 0 0 0 0 0 0 9 0 0 0 0 0 0 0 0 131 0 0 0 0 0 0 0 0 0 0 46 0 0 0 0 0 0 0 0 0 0 0 0 269 0 24 0 0 0 0 0 117 0 0 0 0 251 60 0 293 0 0 0 0 0 0 39 0 0 0 0 17 177 0 0 116 0 183 0 0 0 0 287 0 0 0 0 0 0 0 0 0 0 
0 0 0 0 0 0 0 7 0 0 0 0 0 281 0 236 0 0 0 0 0 0 0 0 0 126 0 0 0 0 0 206 0 0 230 0 0 0 0 0 0 0 0 54 0 0 0 0 0 195 0 0 0 0 0 84 0 0 0 0 0 0 0 0 0 0 0 273 0 0 0 0 0 0 0 0 197 0 0 169 0 0 0 132 0 0 0 0 0 0 0 0 0 0 23 0 0 0 70 0 
0 0 0 96 0 0 0 139 0 0 0 0 0 0 0 0 0 0 0 0 0 0 0 162 0 0 0 0 0 0 0 233 0 34 0 0 0 0 0 0 0 132 0 0 0 0 0 0 0 142 0 0 0 0 0 0 123 0 0 0 0 0 0 0 0 0 0 0 0 243 0 0 0 0 0 8 0 0 0 0 0 0 0 41 0 0 0 0 90 88 0 198 0 0 0 0 0 34 0 0 
0 0 0 0 0 0 0 0 0 0 0 0 0 0 125 0 0 0 0 0 256 154 0 0 0 0 0 0 0 0 0 0 0 0 0 151 0 229 0 0 132 0 0 0 147 0 0 0 0 0 298 0 0 0 0 0 0 0 291 0 0 0 0 0 4 153 0 0 198 0 0 0 0 0 0 0 0 0 206 237 0 0 0 0 0 0 0 0 0 0 0 0 0 0 0 0 0 0 0 0 
74 262 0 0 0 0 0 29 0 0 0 0 0 0 26 0 0 0 0 0 0 0 0 0 0 0 0 0 28 0 0 0 0 0 0 0 0 0 0 0 0 0 0 0 0 0 0 0 0 0 143 0 0 0 0 0 0 0 0 85 5 0 0 170 0 0 0 0 188 0 0 300 13 0 0 0 0 0 0 0 0 0 262 0 0 0 0 0 289 0 0 0 0 0 0 222 0 0 0 0 
0 277 293 0 0 168 0 0 0 0 0 0 0 0 0 0 100 0 0 0 0 0 0 0 0 0 0 0 0 0 0 0 0 0 13 206 0 0 0 54 0 0 0 0 0 0 0 0 19 0 101 0 0 0 298 0 0 0 0 0 0 0 0 0 0 0 0 0 0 0 0 191 0 0 0 0 0 0 0 0 0 0 0 0 0 0 0 0 0 0 0 21 0 0 0 0 0 132 0 0 
0 0 203 0 0 0 0 0 0 0 0 0 0 0 0 130 0 123 0 0 0 0 0 0 0 0 0 0 0 0 0 0 0 0 0 30 298 0 0 0 0 147 0 0 0 0 0 0 0 292 0 237 112 0 0 0 0 0 0 244 0 0 0 0 0 0 0 0 155 0 0 0 129 0 0 35 0 0 0 0 44 0 0 0 0 0 0 0 0 0 0 0 0 0 0 0 0 142 0 0 
0 0 0 0 0 0 0 0 0 0 0 0 0 0 0 0 105 0 0 0 0 0 15 0 0 0 0 0 0 0 0 103 0 0 40 93 0 0 0 0 0 0 0 0 0 0 0 0 0 0 0 0 0 0 255 0 0 0 0 189 0 0 0 0 0 0 0 0 80 0 0 0 0 0 0 0 0 0 0 0 0 0 0 0 0 0 0 53 168 0 0 0 0 0 51 198 0 67 0 0 
0 0 0 0 0 0 0 0 0 0 60 0 91 0 147 286 0 0 0 0 0 0 0 0 0 0 0 0 199 198 0 0 0 0 0 144 0 0 0 0 0 0 0 0 0 0 0 0 0 0 0 0 0 0 0 0 0 0 0 0 0 103 0 0 0 0 0 214 0 0 0 0 0 0 0 0 0 0 0 0 0 0 154 0 0 0 0 0 0 0 115 56 0 0 0 0 0 0 0 0 
40 0 56 51 0 92 0 0 0 0 0 0 187 0 0 0 0 0 267 0 0 0 70 0 0 0 0 0 0 0 0 0 0 0 0 0 0 0 0 0 0 0 0 0 0 0 0 0 0 0 0 0 0 0 112 229 0 0 0 0 0 0 0 0 0 0 0 0 0 0 0 0 0 0 257 0 3 0 0 231 0 0 0 0 0 0 0 0 0 0 0 290 0 0 0 0 0 0 0 0 
0 0 0 0 0 65 0 176 0 0 0 0 0 0 0 0 92 0 0 0 0 0 0 0 0 0 0 0 0 0 0 0 0 0 0 249 0 0 0 0 0 0 0 19 0 0 0 0 0 0 0 0 0 8 0 208 210 0 0 0 0 0 0 0 0 0 0 0 0 0 0 0 0 28 0 0 237 0 0 0 236 0 0 0 0 0 0 0 0 150 127 0 0 0 0 0 0 0 0 0 
0 0 0 0 0 0 220 0 237 0 0 0 0 0 0 292 0 0 0 0 0 0 0 0 0 0 0 0 0 0 0 0 0 0 0 0 0 253 0 195 142 0 0 0 292 0 0 0 0 0 0 3 0 0 0 0 0 0 0 0 0 2 0 0 0 0 0 0 0 0 0 0 0 0 138 0 0 0 0 0 27 292 0 0 0 0 0 0 0 0 0 0 143 0 0 0 0 158 12 0 
274 0 0 0 0 0 0 0 0 0 0 0 0 0 0 0 0 0 0 0 0 0 0 268 0 45 42 0 0 0 0 263 0 0 0 0 132 0 269 0 0 298 143 101 0 0 0 0 0 0 0 0 0 273 0 0 0 0 0 0 0 210 0 0 0 0 0 15 0 0 0 0 0 0 0 0 0 0 0 0 0 0 0 0 0 0 0 0 0 0 0 0 0 0 0 58 0 0 155 0 
0 0 0 0 0 0 0 45 0 0 0 0 0 0 0 0 146 0 0 0 0 0 0 0 0 0 0 0 0 0 200 0 0 0 0 0 0 0 0 0 0 0 0 0 237 0 0 0 0 3 0 0 288 0 0 0 0 0 0 0 0 0 0 158 0 0 0 143 0 0 0 0 0 0 0 0 0 0 0 0 0 0 0 0 0 0 0 0 0 0 0 0 0 111 0 269 165 0 0 0 
81 121 0 0 0 0 0 0 0 0 0 0 0 0 0 0 0 0 0 0 0 0 0 0 71 0 0 0 0 0 0 0 0 0 0 0 70 2 24 0 0 0 0 0 112 0 0 0 0 0 0 288 0 240 0 0 0 0 0 0 0 110 0 0 46 0 0 0 0 146 0 0 0 0 0 0 0 0 0 0 0 0 20 0 0 0 0 0 0 0 0 0 167 0 0 222 0 0 0 0 
0 190 0 0 0 0 0 0 0 0 0 112 0 0 0 0 0 186 0 0 0 0 0 0 0 0 0 0 0 0 0 0 195 0 97 0 0 286 0 0 0 0 0 0 0 0 0 0 8 0 273 0 240 0 0 0 0 0 0 0 0 0 223 0 0 0 0 0 0 0 0 0 122 0 0 0 0 0 0 0 0 0 0 0 0 0 67 0 0 0 0 0 0 0 0 0 0 0 0 0 
0 0 0 0 0 291 0 0 0 0 0 0 0 0 0 0 0 0 0 0 0 0 0 156 0 111 0 59 0 258 0 0 191 0 0 0 0 0 0 0 0 0 0 298 0 255 0 112 0 0 0 0 0 0 0 226 33 0 0 0 0 0 243 0 0 0 0 0 290 0 0 0 0 0 0 0 0 0 0 108 0 0 0 0 0 0 0 0 0 0 199 0 0 0 0 0 0 0 0 0 
21 152 0 0 0 0 0 163 0 0 147 0 0 0 0 0 0 0 0 0 0 50 0 0 0 0 0 0 0 0 0 0 0 0 0 0 85 0 0 84 0 0 0 0 0 0 0 229 208 0 0 0 0 0 226 0 0 0 0 0 0 0 0 0 0 0 0 0 0 0 0 0 0 0 0 0 79 0 0 200 0 0 0 0 0 0 0 0 0 0 45 0 0 0 0 0 0 0 0 0 
0 0 0 0 0 0 0 0 0 0 0 0 5 0 0 0 0 0 0 0 288 0 197 0 0 0 0 0 0 0 78 0 0 0 0 0 0 21 0 0 123 0 0 0 0 0 0 0 210 0 0 0 0 0 33 0 0 0 0 0 0 0 198 0 0 0 34 0 0 0 0 0 0 0 0 0 0 0 0 0 0 0 0 0 0 0 0 0 0 0 0 0 0 0 0 0 0 0 0 0 
0 0 0 0 0 0 0 0 272 0 0 0 150 0 233 0 0 0 0 0 0 0 13 0 0 0 0 0 0 0 0 245 24 0 0 0 0 0 0 0 0 0 0 0 0 0 0 0 0 0 0 0 0 0 0 0 0 0 0 0 0 189 0 0 0 189 131 0 290 0 0 0 0 0 0 0 0 0 205 0 0 0 0 0 35 0 0 0 0 0 0 34 14 0 0 0 0 21 0 0 
0 0 0 0 2 0 0 0 0 0 0 27 0 0 0 0 0 0 0 0 0 0 0 0 0 0 0 0 0 0 0 0 0 114 0 10 0 0 117 0 0 291 0 0 0 0 0 0 0 0 0 0 0 0 0 0 0 0 0 0 0 0 0 0 0 0 0 0 0 0 0 0 0 0 0 0 0 0 0 0 0 0 0 0 0 0 0 0 0 0 0 0 0 4 0 0 0 0 0 46 
0 288 0 0 0 0 0 0 0 0 0 0 0 0 0 0 0 0 0 0 0 0 0 171 0 0 0 0 146 0 0 0 0 0 89 0 0 0 0 0 0 0 85 0 244 189 0 0 0 0 0 0 0 0 0 0 0 0 0 0 0 0 0 0 0 0 0 97 0 205 0 179 0 64 0 0 0 0 0 0 296 0 292 0 0 209 0 0 0 0 0 0 0 0 0 0 0 232 0 0 
0 0 0 0 0 0 0 0 0 0 0 70 191 0 0 0 0 136 0 0 138 141 0 0 0 0 0 0 0 0 0 0 0 0 43 0 0 0 0 0 0 0 5 0 0 0 0 0 0 0 0 0 0 0 0 0 0 0 0 0 0 0 231 0 102 0 25 0 166 0 0 0 0 0 0 0 0 0 103 0 0 0 266 0 0 0 0 0 0 0 0 0 0 124 0 0 51 0 0 0 
0 0 0 0 0 0 0 0 0 0 0 0 0 0 0 243 198 0 0 173 0 0 0 0 181 0 0 0 0 0 0 0 0 0 0 0 0 0 0 0 0 0 0 0 0 0 103 0 0 2 210 0 110 0 0 0 0 189 0 0 0 0 0 0 0 0 229 146 0 104 0 0 0 0 0 0 0 0 0 0 0 0 0 0 0 0 0 0 0 185 0 291 0 0 0 0 219 0 0 0 
159 0 0 0 0 0 0 263 0 0 0 0 0 0 0 0 0 0 224 0 0 0 0 0 0 0 0 0 0 0 0 0 0 0 0 0 36 0 0 0 0 0 0 0 0 0 0 0 0 0 0 0 0 223 243 0 198 0 0 0 231 0 0 0 136 0 0 0 0 0 0 0 0 0 0 0 208 0 235 0 0 0 0 0 0 0 0 0 0 0 0 0 0 0 0 0 0 0 0 237 
0 0 0 0 247 0 0 177 0 38 0 0 0 0 0 0 0 0 0 0 52 136 0 0 0 0 0 0 0 0 0 0 248 0 0 64 0 0 251 0 0 0 170 0 0 0 0 0 0 0 0 158 0 0 0 0 0 0 0 0 0 0 0 0 0 0 0 0 0 0 0 0 0 0 0 269 0 0 0 0 0 0 242 72 0 210 0 0 0 0 0 0 0 211 0 0 0 0 0 0 
0 0 0 0 0 0 0 0 0 0 172 0 0 0 0 0 0 0 0 0 0 0 0 0 0 297 194 247 0 0 0 0 0 0 81 142 141 0 60 0 0 4 0 0 0 0 0 0 0 0 0 0 46 0 0 0 0 0 0 0 102 0 136 0 0 0 0 0 0 0 0 0 0 0 0 0 0 0 0 0 0 0 0 0 0 0 0 0 0 0 0 0 140 0 165 0 119 0 0 0 
0 0 0 75 0 0 0 0 0 0 0 0 0 0 0 0 0 0 0 0 0 0 0 0 0 0 0 0 0 0 0 0 0 0 0 0 0 0 0 0 0 153 0 0 0 0 0 0 0 0 0 0 0 0 0 0 0 189 0 0 0 0 0 0 0 0 0 210 0 0 0 0 0 0 0 0 0 0 76 0 48 126 0 0 0 0 0 0 0 0 0 0 0 0 0 235 69 0 0 0 
0 0 0 47 0 0 221 0 0 0 0 0 0 0 259 0 0 0 242 0 56 0 0 0 0 0 0 0 172 0 0 0 0 0 0 0 258 0 293 0 0 0 0 0 0 0 0 0 0 0 0 0 0 0 0 0 34 131 0 0 25 229 0 0 0 0 0 0 113 0 0 9 0 0 0 0 0 0 0 0 0 0 0 0 0 0 0 0 0 0 267 0 0 0 0 0 0 0 0 0 
0 0 0 0 0 0 0 141 0 0 0 0 0 0 0 0 0 0 0 0 0 101 0 0 0 0 0 0 0 261 0 0 0 110 0 0 0 0 0 273 0 0 0 0 0 0 214 0 0 0 15 143 0 0 0 0 0 0 0 97 0 146 0 0 0 210 0 0 0 172 0 0 0 0 0 148 0 0 0 0 0 0 0 0 0 3 0 0 0 0 0 0 0 0 0 0 0 148 0 0 
0 0 0 0 0 0 0 0 0 0 120 0 0 0 0 116 0 0 0 0 0 0 0 178 0 0 0 0 0 0 0 0 0 0 0 0 0 0 0 0 0 198 188 0 155 80 0 0 0 0 0 0 0 0 290 0 0 290 0 0 166 0 0 0 0 0 113 0 0 0 66 0 0 147 0 0 0 140 0 0 0 270 0 0 0 0 0 0 0 0 0 0 0 0 0 0 0 0 0 0 
0 0 0 0 0 0 0 0 0 0 0 0 0 0 0 0 250 0 0 0 0 0 0 0 0 0 0 0 0 49 0 0 189 83 0 0 89 0 0 0 243 0 0 0 0 0 0 0 0 0 0 0 146 0 0 0 0 0 0 205 0 104 0 0 0 0 0 172 0 0 0 0 0 0 0 194 168 0 0 0 0 0 0 0 171 0 12 0 0 0 0 0 0 0 0 0 0 0 0 118 
0 160 0 0 0 0 0 0 0 28 0 0 0 0 0 0 0 87 0 0 0 0 0 0 0 0 0 0 0 0 0 0 0 0 0 0 0 0 0 0 0 0 0 0 0 0 0 0 0 0 0 0 0 0 0 0 0 0 0 0 0 0 0 0 0 0 0 0 66 0 0 0 0 0 0 0 0 186 164 0 0 0 0 0 0 0 0 0 0 0 0 62 0 0 0 0 125 0 0 0 
0 0 0 300 0 0 0 0 0 0 0 0 0 0 0 22 0 70 0 188 112 0 0 0 296 0 0 0 0 0 0 0 0 0 0 0 0 0 0 0 0 0 300 191 0 0 0 0 0 0 0 0 0 0 0 0 0 0 0 179 0 0 0 0 0 0 9 0 0 0 0 0 0 0 266 0 0 0 0 0 0 0 0 0 0 0 0 0 0 55 145 0 0 0 0 0 0 0 0 0 
0 0 0 0 195 0 0 0 0 229 0 0 0 0 0 0 0 0 0 0 12 0 0 0 0 132 0 0 0 297 124 0 0 0 0 78 0 55 0 0 0 0 13 0 129 0 0 0 0 0 0 0 0 122 0 0 0 0 0 0 0 0 0 0 0 0 0 0 0 0 0 0 0 0 68 0 0 0 0 0 0 0 0 0 289 0 0 39 0 0 0 0 0 0 0 0 0 0 0 0 
0 0 0 0 0 227 0 0 0 0 0 0 180 0 0 0 0 0 0 0 0 211 0 0 0 0 30 0 0 0 0 0 0 0 0 0 0 0 39 0 0 0 0 0 0 0 0 0 28 0 0 0 0 0 0 0 0 0 0 64 0 0 0 0 0 0 0 0 147 0 0 0 0 0 0 294 0 0 0 0 0 0 0 0 0 0 0 0 0 75 0 0 0 0 0 0 269 0 73 0 
8 115 0 0 0 298 0 0 232 153 0 5 0 0 0 0 0 0 190 0 0 0 0 0 0 0 0 0 0 0 0 0 232 0 0 0 0 0 0 0 0 0 0 0 0 0 0 257 0 138 0 0 0 0 0 0 0 0 0 0 0 0 0 0 0 0 0 0 0 0 0 266 68 0 0 0 0 0 0 0 0 0 0 0 0 0 0 0 0 0 201 0 0 0 0 0 0 101 0 0 
0 242 0 0 0 145 0 0 96 0 0 0 0 0 0 0 0 0 0 0 0 0 0 0 0 0 0 282 0 0 0 0 0 0 0 0 0 0 0 0 8 0 0 0 35 0 0 0 0 0 0 0 0 0 0 0 0 0 0 0 0 0 0 269 0 0 0 148 0 194 0 0 0 294 0 0 0 0 0 0 0 0 0 0 0 0 256 0 0 0 0 0 0 106 52 0 0 0 0 0 
0 0 0 208 0 0 0 0 0 0 0 0 0 0 0 0 0 12 0 0 0 0 0 0 0 0 0 0 0 161 0 0 150 0 0 0 0 0 0 197 0 0 0 0 0 0 0 3 237 0 0 0 0 0 0 79 0 0 0 0 0 0 208 0 0 0 0 0 0 168 0 0 0 0 0 0 0 0 88 0 0 0 0 0 0 0 0 0 0 0 0 0 0 0 0 0 0 0 0 0 
0 0 0 0 0 0 0 0 0 0 242 192 273 0 0 0 0 0 0 0 0 0 0 0 0 0 99 168 0 0 0 0 0 0 215 0 0 0 0 0 0 0 0 0 0 0 0 0 0 0 0 0 0 0 0 0 0 0 0 0 0 0 0 0 0 0 0 0 140 0 186 0 0 0 0 0 0 0 0 0 47 0 0 161 0 104 0 0 24 0 0 0 0 0 65 0 0 0 0 0 
0 0 255 0 76 0 0 0 0 0 0 0 0 269 0 171 0 0 0 0 0 130 0 0 0 0 0 0 0 0 0 0 0 0 0 0 286 0 17 0 0 206 0 0 0 0 0 0 0 0 0 0 0 0 0 0 0 205 0 0 103 0 235 0 0 76 0 0 0 0 164 0 0 0 0 0 88 0 0 0 0 0 0 0 0 0 0 0 0 0 0 0 0 0 0 0 0 0 90 0 
0 0 72 0 0 0 0 198 0 0 0 0 0 0 142 0 0 0 0 0 0 0 0 0 0 0 0 0 0 244 0 0 0 0 0 0 84 0 177 169 0 237 0 0 0 0 0 231 0 0 0 0 0 0 108 200 0 0 0 0 0 0 0 0 0 0 0 0 0 0 0 0 0 0 0 0 0 0 0 0 0 40 0 0 101 0 0 0 153 0 0 0 0 0 0 0 0 0 138 0 
0 0 0 0 0 0 0 0 0 0 0 0 0 0 0 0 0 0 0 18 0 0 264 67 0 0 0 0 0 0 0 0 203 0 0 0 0 0 0 0 0 0 0 0 44 0 0 0 236 27 0 0 0 0 0 0 0 0 0 296 0 0 0 0 0 48 0 0 0 0 0 0 0 0 0 0 0 47 0 0 0 0 295 0 0 65 0 0 0 0 0 0 0 0 0 0 0 0 0 0 
0 0 278 248 0 0 0 294 0 0 0 44 270 0 0 0 0 0 0 0 0 291 85 0 0 0 0 0 0 0 0 0 0 295 0 0 152 0 0 0 0 0 0 0 0 0 0 0 0 292 0 0 0 0 0 0 0 0 0 0 0 0 0 0 0 126 0 0 270 0 0 0 0 0 0 0 0 0 0 40 0 0 0 72 0 0 0 0 0 0 0 0 0 219 0 0 0 0 0 0 
0 0 137 0 0 106 0 0 287 0 0 0 0 0 0 0 0 0 0 0 0 0 0 83 0 0 0 0 0 0 0 0 0 0 0 0 0 188 116 0 0 0 262 0 0 0 154 0 0 0 0 0 20 0 0 0 0 0 0 292 266 0 0 242 0 0 0 0 0 0 0 0 0 0 0 0 0 0 0 0 295 0 0 0 0 0 0 0 0 0 194 0 0 17 0 0 0 0 0 0 
0 0 0 27 0 0 138 0 0 0 0 0 0 274 0 0 0 0 0 0 0 0 58 0 0 0 187 0 235 0 0 0 0 0 66 0 0 0 0 132 41 0 0 0 0 0 0 0 0 0 0 0 0 0 0 0 0 0 0 0 0 0 0 72 0 0 0 0 0 0 0 0 0 0 0 0 0 161 0 0 0 72 0 0 0 0 0 234 0 0 0 0 0 0 0 0 0 0 0 0 
0 0 0 0 0 0 0 0 212 272 0 0 0 0 0 28 0 0 173 0 0 0 0 0 0 0 0 0 0 0 0 0 0 0 0 0 0 0 183 0 0 0 0 0 0 0 0 0 0 0 0 0 0 0 0 0 0 35 0 0 0 0 0 0 0 0 0 0 0 171 0 0 289 0 0 0 0 0 0 101 0 0 0 0 0 0 151 204 0 0 0 0 85 0 130 0 0 54 0 232 
0 0 0 0 195 0 0 0 0 0 4 0 0 0 0 0 0 0 0 0 151 0 0 0 0 225 0 183 0 0 0 2 0 77 0 0 0 13 0 0 0 0 0 0 0 0 0 0 0 0 0 0 0 0 0 0 0 0 0 209 0 0 0 210 0 0 0 3 0 0 0 0 0 0 0 0 0 104 0 0 65 0 0 0 0 0 0 0 0 0 0 102 0 0 0 0 24 0 0 0 
0 0 0 0 0 0 0 0 0 0 250 0 0 0 0 0 0 0 0 0 222 0 0 0 0 0 0 0 130 0 21 0 0 0 0 3 0 0 0 0 0 0 0 0 0 0 0 0 0 0 0 0 0 67 0 0 0 0 0 0 0 0 0 0 0 0 0 0 0 12 0 0 0 0 0 256 0 0 0 0 0 0 0 0 151 0 0 0 0 0 94 166 0 0 0 294 0 0 0 0 
0 0 0 0 0 0 0 0 0 0 0 0 0 2 0 0 0 0 223 0 0 262 0 0 0 24 0 146 207 0 0 0 0 0 0 0 0 0 0 0 0 0 0 0 0 53 0 0 0 0 0 0 0 0 0 0 0 0 0 0 0 0 0 0 0 0 0 0 0 0 0 0 39 0 0 0 0 0 0 0 0 0 0 234 204 0 0 0 251 0 0 0 0 76 0 0 0 0 73 0 
0 0 116 53 159 0 0 0 0 0 0 0 0 0 0 0 0 0 0 0 0 0 0 0 0 0 0 0 232 0 0 0 0 0 0 0 0 0 0 0 90 0 289 0 0 168 0 0 0 0 0 0 0 0 0 0 0 0 0 0 0 0 0 0 0 0 0 0 0 0 0 0 0 0 0 0 0 24 0 153 0 0 0 0 0 0 0 251 0 0 0 0 21 0 0 0 0 0 0 0 
36 0 0 0 0 0 0 0 0 0 0 0 0 0 229 0 0 0 0 0 189 0 245 0 0 0 0 0 0 245 0 0 0 0 0 0 25 2 287 0 88 0 0 0 0 0 0 0 150 0 0 0 0 0 0 0 0 0 0 0 0 185 0 0 0 0 0 0 0 0 0 55 0 75 0 0 0 0 0 0 0 0 0 0 0 0 0 0 0 0 64 0 0 0 0 26 0 0 0 0 
0 0 0 0 0 0 0 0 0 0 81 0 0 0 0 0 0 0 0 185 0 0 0 0 282 0 0 133 0 0 0 140 0 0 0 0 0 0 0 0 0 0 0 0 0 0 115 0 127 0 0 0 0 0 199 45 0 0 0 0 0 0 0 0 0 0 267 0 0 0 0 145 0 0 201 0 0 0 0 0 0 0 194 0 0 0 94 0 0 64 0 0 0 0 0 0 0 0 0 0 
0 0 0 0 0 0 0 0 96 0 0 0 0 216 0 0 0 0 216 0 248 0 0 0 0 14 0 0 0 0 0 0 0 0 0 0 0 0 0 0 198 0 0 21 0 0 56 290 0 0 0 0 0 0 0 0 0 34 0 0 0 291 0 0 0 0 0 0 0 0 62 0 0 0 0 0 0 0 0 0 0 0 0 0 0 102 166 0 0 0 0 0 0 0 17 0 0 0 0 0 
0 0 0 0 0 108 0 0 0 0 121 160 0 0 0 149 0 0 0 0 0 0 0 0 186 0 0 0 0 0 0 0 0 0 0 0 0 0 0 0 0 0 0 0 0 0 0 0 0 143 0 0 167 0 0 0 0 14 0 0 0 0 0 0 140 0 0 0 0 0 0 0 0 0 0 0 0 0 0 0 0 0 0 0 85 0 0 0 21 0 0 0 0 248 207 0 285 0 137 0 
0 0 0 0 0 0 0 0 0 0 0 0 0 0 0 0 0 0 0 0 0 35 146 0 0 0 0 220 0 110 38 0 161 0 0 0 0 0 0 0 0 0 0 0 0 0 0 0 0 0 0 111 0 0 0 0 0 0 4 0 124 0 0 211 0 0 0 0 0 0 0 0 0 0 0 106 0 0 0 0 0 219 17 0 0 0 0 76 0 0 0 0 248 0 0 0 0 0 0 0 
160 0 0 0 0 0 265 0 0 0 0 0 0 0 0 0 0 0 0 64 0 0 0 0 0 0 0 167 0 0 0 0 0 0 0 0 0 0 0 23 0 0 0 0 0 51 0 0 0 0 0 0 0 0 0 0 0 0 0 0 0 0 0 0 165 0 0 0 0 0 0 0 0 0 0 52 0 65 0 0 0 0 0 0 130 0 0 0 0 0 0 17 207 0 0 0 0 0 0 0 
154 0 0 0 0 0 0 0 234 0 0 0 0 21 0 0 0 0 0 243 0 252 0 0 217 0 0 0 0 0 0 0 58 0 0 0 0 0 0 0 0 0 222 0 0 198 0 0 0 0 58 269 222 0 0 0 0 0 0 0 0 0 0 0 0 235 0 0 0 0 0 0 0 0 0 0 0 0 0 0 0 0 0 0 0 0 294 0 0 26 0 0 0 0 0 0 0 0 0 0 
0 0 0 76 0 0 0 0 0 200 0 0 0 0 80 0 0 0 0 0 0 0 0 0 0 154 0 0 0 0 41 0 0 0 0 171 0 0 0 0 0 0 0 0 0 0 0 0 0 0 0 165 0 0 0 0 0 0 0 0 51 219 0 0 119 69 0 0 0 0 125 0 0 269 0 0 0 0 0 0 0 0 0 0 0 24 0 0 0 0 0 0 285 0 0 0 0 0 0 0 
0 0 0 0 0 0 0 0 0 0 0 0 0 0 0 0 0 0 0 153 0 0 0 0 0 276 0 0 0 0 0 185 0 205 0 0 0 0 0 0 34 0 0 132 142 67 0 0 0 158 0 0 0 0 0 0 0 21 0 232 0 0 0 0 0 0 0 148 0 0 0 0 0 0 101 0 0 0 0 0 0 0 0 0 54 0 0 0 0 0 0 0 0 0 0 0 0 0 0 0 
0 0 0 0 0 0 0 141 0 0 0 0 0 130 0 0 242 0 0 0 0 0 0 0 0 0 0 0 163 0 0 0 229 0 0 0 0 0 0 70 0 0 0 0 0 0 0 0 0 12 155 0 0 0 0 0 0 0 0 0 0 0 0 0 0 0 0 0 0 0 0 0 0 73 0 0 0 0 90 138 0 0 0 0 0 0 0 73 0 0 0 0 137 0 0 0 0 0 0 0 
0 0 0 73 0 0 0 0 25 146 159 0 98 0 0 0 0 91 89 0 0 0 0 10 0 0 0 0 280 0 0 153 0 0 0 0 0 0 0 0 0 0 0 0 0 0 0 0 0 0 0 0 0 0 0 0 0 0 46 0 0 0 237 0 0 0 0 0 0 118 0 0 0 0 0 0 0 0 0 0 0 0 0 0 232 0 0 0 0 0 0 0 0 0 0 0 0 0 0 0 
