0 0 0 59 0 0 0 0 0 0 0 0 0 0 0 0 0 0 57 0 0 0 0 27 0 0 55 0 70 0 0 0 0 0 0 0 0 0 0 0 0 0 0 0 115 0 0 0 0 0 127 0 0 0 0 0 0 0 0 0 0 0 0 0 0 0 0 0 0 0 0 0 0 0 0 0 0 0 0 0 0 40 0 0 0 0 0 0 0 129 0 0 0 0 0 0 0 0 0 0 
0 0 0 0 0 140 0 0 0 0 101 18 0 0 0 0 0 0 0 0 0 0 0 0 0 0 0 0 0 0 0 0 0 0 0 0 0 0 61 0 0 0 0 0 0 106 0 0 0 0 0 0 0 0 0 0 8 0 0 0 0 0 0 86 0 0 0 0 0 0 0 82 0 0 56 0 0 0 0 71 79 0 0 0 0 3 0 0 0 70 0 84 60 0 0 0 0 0 0 0 
0 0 0 0 0 36 0 0 0 0 0 0 0 0 0 0 0 18 0 0 0 0 111 0 0 0 0 0 0 6 0 0 0 0 0 0 0 0 0 129 0 0 0 0 0 0 114 0 0 29 0 0 0 0 0 127 0 0 0 0 0 0 0 17 0 0 149 0 0 0 0 0 0 0 0 0 0 0 0 0 0 0 91 0 0 0 0 0 0 0 73 0 0 0 0 0 0 0 39 0 
59 0 0 0 0 0 0 0 0 0 0 0 1 0 106 0 0 0 0 0 0 38 0 0 0 0 62 0 0 0 0 0 0 0 0 0 0 0 0 0 0 0 0 0 71 0 0 0 0 26 0 0 0 0 0 0 0 0 0 0 0 0 0 36 0 0 47 0 0 0 26 0 0 0 0 0 90 0 0 0 0 0 0 0 1 0 0 0 0 0 0 0 0 0 0 0 0 130 82 125 
0 0 0 0 0 0 0 0 0 0 79 0 51 139 0 0 0 0 0 0 0 0 0 0 0 0 147 0 0 0 0 0 0 0 43 0 0 0 0 0 0 0 0 0 0 0 0 14 0 0 0 0 0 0 0 148 0 0 42 0 0 0 0 0 0 0 0 0 49 0 0 0 0 56 83 0 0 0 0 10 0 0 0 0 0 0 0 0 0 0 0 0 0 0 0 0 0 0 0 0 
0 140 36 0 0 0 0 0 0 0 0 0 0 0 0 139 143 0 0 0 0 0 0 0 0 0 0 0 9 0 0 0 140 0 0 0 0 0 49 0 0 0 58 0 0 0 0 0 0 0 0 0 0 97 111 0 42 0 0 13 0 0 0 0 130 0 0 0 0 0 0 0 0 0 0 0 145 0 0 0 80 0 0 0 0 0 0 0 0 0 0 0 0 0 0 0 0 0 0 0 
0 0 0 0 0 0 0 0 0 0 113 0 0 0 0 0 0 0 0 0 0 0 0 0 0 0 0 0 0 0 0 0 0 85 0 0 0 91 0 0 0 0 0 0 0 0 0 0 74 0 14 0 0 0 0 0 0 0 0 0 0 0 0 66 0 0 0 5 0 0 137 0 135 0 0 0 0 0 0 0 0 0 0 0 0 27 0 55 0 0 38 0 0 0 0 66 0 0 143 0 
0 0 0 0 0 0 0 0 0 5 0 0 0 16 0 0 57 0 0 0 0 0 0 0 0 0 0 0 0 0 0 0 65 0 0 111 100 0 0 0 0 0 0 0 0 0 0 0 0 116 0 99 67 0 0 0 0 0 0 3 0 0 0 0 0 0 0 0 0 0 0 0 10 0 122 0 0 0 0 0 0 0 45 0 0 0 0 0 0 0 142 0 0 0 0 0 0 0 0 0 
0 0 0 0 0 0 0 0 0 133 0 28 77 0 0 0 4 0 0 55 0 0 0 0 102 0 0 103 0 0 0 0 0 0 0 0 18 0 0 0 0 0 0 67 0 0 0 0 0 0 0 0 0 0 0 0 0 0 54 0 0 0 0 0 0 0 0 0 0 0 0 0 0 0 0 0 0 0 0 0 0 0 0 0 0 0 0 16 0 60 95 77 0 0 0 0 149 0 0 0 
0 0 0 0 0 0 0 5 133 0 0 130 0 82 0 0 0 0 0 0 0 0 0 0 0 0 41 0 0 0 0 0 0 0 0 100 0 0 0 0 0 37 0 0 0 71 0 0 0 0 0 0 0 0 0 14 0 0 0 0 145 0 0 0 0 0 35 36 0 0 0 0 0 0 0 0 0 0 0 0 0 0 0 0 0 0 0 0 0 0 0 0 0 0 0 0 0 0 0 0 
0 101 0 0 79 0 113 0 0 0 0 0 0 6 0 0 0 0 0 0 0 0 0 0 0 0 0 0 0 0 0 0 0 98 0 0 0 0 0 0 67 0 148 0 0 0 0 0 0 0 0 0 0 0 0 0 0 0 0 0 0 0 0 0 0 0 0 0 0 0 0 0 0 0 0 0 0 59 0 0 0 0 0 0 0 0 0 0 0 0 0 0 0 0 0 0 0 0 0 0 
0 18 0 0 0 0 0 0 28 130 0 0 0 0 0 0 0 57 0 63 0 0 0 55 0 0 0 0 0 0 0 0 0 0 0 0 0 144 0 0 0 0 0 0 0 0 0 0 0 137 0 119 0 0 0 0 0 0 0 0 118 0 0 0 0 72 0 0 0 48 0 0 0 0 0 0 0 115 91 0 0 0 0 0 0 0 37 0 0 0 0 0 0 0 0 0 0 0 0 0 
0 0 0 1 51 0 0 0 77 0 0 0 0 0 0 0 0 0 0 0 0 0 106 4 0 0 0 0 0 0 0 143 115 0 0 0 0 0 0 0 21 77 0 0 0 0 0 0 0 147 0 0 0 0 0 0 0 0 0 135 0 0 0 0 0 0 128 0 0 0 0 0 0 0 0 24 0 0 0 0 0 0 18 0 0 0 74 0 0 0 0 0 0 0 0 0 0 0 0 0 
0 0 0 0 139 0 0 16 0 82 6 0 0 0 0 0 0 0 0 0 0 0 0 47 0 0 0 0 128 49 0 0 0 0 15 0 0 0 0 0 0 0 0 0 0 0 0 0 0 0 0 0 0 0 0 0 0 0 0 0 0 0 0 0 44 0 0 0 0 0 83 0 0 0 0 86 0 0 0 0 0 0 0 0 125 0 0 92 0 0 0 9 0 0 0 0 0 0 18 0 
0 0 0 106 0 0 0 0 0 0 0 0 0 0 0 0 0 0 0 0 0 0 0 0 0 0 0 0 0 0 0 0 0 0 0 0 0 0 0 0 53 0 0 0 0 0 0 0 0 0 0 0 0 0 0 0 0 7 0 0 0 0 0 0 71 0 0 0 0 0 0 133 0 0 0 0 0 0 0 0 0 0 0 107 79 0 0 0 117 0 94 0 12 0 0 0 0 0 0 0 
0 0 0 0 0 139 0 0 0 0 0 0 0 0 0 0 0 0 0 0 0 0 20 110 96 0 0 0 0 20 0 0 131 0 0 0 41 0 0 0 0 0 0 0 0 0 1 0 0 0 0 0 0 0 0 0 0 0 0 0 0 0 0 0 30 0 0 0 0 0 0 0 0 0 0 8 145 0 0 0 133 0 0 0 0 0 0 0 0 0 0 0 137 49 0 87 0 0 0 0 
0 0 0 0 0 143 0 57 4 0 0 0 0 0 0 0 0 0 0 0 0 0 0 0 0 0 0 0 0 143 0 0 0 0 0 0 0 0 0 73 0 0 0 100 0 142 0 0 0 0 0 40 0 0 0 0 11 50 0 0 0 0 113 0 0 0 0 0 2 0 0 0 0 0 0 0 0 0 0 0 0 0 0 0 0 0 0 0 40 0 0 0 0 0 147 5 0 0 0 0 
0 0 18 0 0 0 0 0 0 0 0 57 0 0 0 0 0 0 102 63 0 0 6 0 45 0 0 13 87 0 0 0 0 0 0 6 0 0 0 0 0 0 0 0 93 0 0 0 0 0 0 0 0 0 0 0 0 0 0 0 0 0 146 0 0 0 0 0 0 0 0 0 0 2 0 0 0 0 0 0 0 0 0 0 0 0 0 0 0 0 0 0 0 0 0 0 0 0 0 0 
57 0 0 0 0 0 0 0 0 0 0 0 0 0 0 0 0 102 0 0 0 0 0 0 0 0 0 0 0 0 0 0 0 94 0 0 141 0 0 137 0 0 0 0 103 100 0 0 24 21 0 144 0 0 0 0 0 0 0 0 0 0 0 108 0 0 0 0 0 20 0 91 0 145 0 128 0 0 0 0 0 0 0 0 0 0 0 0 0 0 0 0 0 0 0 0 0 0 0 0 
0 0 0 0 0 0 0 0 55 0 0 63 0 0 0 0 0 63 0 0 40 0 0 0 0 0 0 0 54 0 0 0 0 0 10 0 0 0 0 54 0 0 0 0 0 0 0 0 0 0 0 0 0 0 48 0 0 0 0 0 130 105 0 0 1 0 0 0 133 0 0 0 0 0 0 0 0 74 0 0 0 4 0 103 0 0 0 0 0 0 0 0 0 0 0 0 0 0 0 0 
0 0 0 0 0 0 0 0 0 0 0 0 0 0 0 0 0 0 0 40 0 0 0 0 52 0 0 84 0 0 0 0 0 0 0 0 0 0 0 0 0 0 0 0 94 0 0 0 51 0 0 0 0 33 0 0 132 0 0 128 0 0 0 0 0 0 0 0 0 14 0 0 0 0 0 23 0 0 0 0 0 0 0 0 93 0 0 0 0 33 0 0 0 59 0 0 80 0 0 87 
0 0 0 38 0 0 0 0 0 0 0 0 0 0 0 0 0 0 0 0 0 0 0 0 0 0 0 0 0 0 0 0 0 0 0 0 0 20 0 54 0 0 0 24 0 0 0 0 0 0 0 0 0 0 0 0 80 0 0 0 0 99 0 0 0 0 0 37 0 30 0 0 34 0 0 0 0 0 0 48 0 0 0 0 0 0 0 0 0 0 131 0 0 0 0 0 0 0 0 0 
0 0 111 0 0 0 0 0 0 0 0 0 106 0 0 20 0 6 0 0 0 0 0 79 48 0 0 0 0 0 0 0 0 0 0 0 0 0 0 0 87 0 0 0 0 0 114 0 0 0 0 0 0 0 0 0 0 0 0 0 0 0 0 11 0 0 0 0 90 0 0 38 129 0 66 0 0 0 0 0 0 0 0 0 0 0 0 0 0 0 0 0 0 112 0 74 0 0 0 0 
27 0 0 0 0 0 0 0 0 0 0 55 4 47 0 110 0 0 0 0 0 0 79 0 0 0 0 131 0 0 0 0 0 0 0 0 0 0 0 0 0 0 0 0 0 0 0 0 0 0 0 0 0 0 0 0 0 58 0 0 0 0 0 0 0 0 0 0 0 0 0 0 0 0 0 0 0 0 0 0 0 0 0 0 46 0 0 0 0 0 0 0 101 114 0 0 0 76 0 0 
0 0 0 0 0 0 0 0 102 0 0 0 0 0 0 96 0 45 0 0 52 0 48 0 0 0 0 0 0 0 0 0 0 0 0 0 0 54 0 0 0 0 0 0 0 0 0 79 0 0 0 0 0 0 0 0 0 0 0 0 0 0 67 70 0 0 0 0 0 0 0 0 0 0 0 0 0 0 0 85 85 0 128 146 0 0 0 0 0 0 0 0 0 0 0 34 0 142 0 0 
0 0 0 0 0 0 0 0 0 0 0 0 0 0 0 0 0 0 0 0 0 0 0 0 0 0 0 0 69 0 0 0 0 0 0 0 0 0 0 0 150 0 0 0 6 0 0 0 0 0 0 0 0 0 0 0 0 0 130 0 0 0 0 0 0 41 0 0 0 0 0 0 0 0 0 0 0 8 0 0 0 0 0 0 0 0 0 0 0 0 61 0 0 0 0 0 0 0 0 6 
55 0 0 62 147 0 0 0 0 41 0 0 0 0 0 0 0 0 0 0 0 0 0 0 0 0 0 0 0 0 0 0 146 104 0 0 0 0 0 0 0 0 0 0 0 0 0 0 0 0 0 0 30 102 0 48 0 0 0 0 0 100 119 0 0 0 0 0 0 0 0 0 0 0 0 0 0 0 0 0 77 0 0 0 0 0 0 0 0 0 0 0 0 0 85 0 0 0 0 15 
0 0 0 0 0 0 0 0 103 0 0 0 0 0 0 0 0 13 0 0 84 0 0 131 0 0 0 0 0 0 0 0 0 0 123 0 0 0 0 105 0 41 0 0 0 0 0 0 87 0 134 0 0 0 0 0 0 0 99 0 0 0 0 0 42 2 13 0 106 0 0 0 0 0 0 0 0 0 0 0 0 0 0 0 0 0 0 0 0 0 0 53 0 0 0 0 0 0 0 0 
70 0 0 0 0 9 0 0 0 0 0 0 0 128 0 0 0 87 0 54 0 0 0 0 0 69 0 0 0 0 0 0 17 0 0 21 0 0 0 0 0 0 0 0 0 0 23 74 0 0 0 0 0 0 0 0 0 0 137 0 0 0 0 0 57 68 0 0 0 0 0 0 0 0 0 0 0 0 0 0 0 0 0 0 51 0 0 74 0 0 0 0 0 0 0 0 0 0 0 0 
0 0 6 0 0 0 0 0 0 0 0 0 0 49 0 20 143 0 0 0 0 0 0 0 0 0 0 0 0 0 0 49 0 0 110 0 0 0 0 0 111 0 90 0 0 0 0 0 0 0 0 0 0 18 0 0 0 0 0 0 0 0 0 0 15 0 0 0 0 0 0 0 0 0 120 0 0 0 0 0 0 0 0 0 0 85 0 0 4 0 0 0 143 0 0 0 0 0 0 0 
0 0 0 0 0 0 0 0 0 0 0 0 0 0 0 0 0 0 0 0 0 0 0 0 0 0 0 0 0 0 0 0 0 0 0 0 0 0 39 0 0 0 0 0 0 0 0 0 0 0 0 139 0 0 0 137 0 0 31 0 0 0 0 0 0 44 0 0 60 0 0 0 0 0 63 0 0 0 0 0 0 0 0 0 0 33 0 0 0 0 0 0 0 0 12 0 0 0 0 0 
0 0 0 0 0 0 0 0 0 0 0 0 143 0 0 0 0 0 0 0 0 0 0 0 0 0 0 0 0 49 0 0 0 0 76 0 0 0 0 0 128 0 0 0 0 0 0 0 0 0 0 13 0 0 0 0 0 0 0 67 0 95 0 0 0 0 0 0 67 119 112 0 0 0 0 0 0 0 93 83 0 0 0 0 0 0 0 0 0 58 0 4 66 0 0 0 0 0 0 0 
0 0 0 0 0 140 0 65 0 0 0 0 115 0 0 131 0 0 0 0 0 0 0 0 0 0 146 0 17 0 0 0 0 0 0 0 0 0 0 0 86 0 0 0 0 0 0 0 71 0 0 0 0 131 89 105 0 0 0 0 0 0 0 126 0 0 0 0 107 0 0 0 0 0 0 0 56 0 0 0 0 0 0 0 0 0 0 0 0 0 0 0 0 59 0 0 0 0 0 0 
0 0 0 0 0 0 85 0 0 0 98 0 0 0 0 0 0 0 94 0 0 0 0 0 0 0 104 0 0 0 0 0 0 0 0 0 0 0 0 0 0 0 0 0 0 0 0 75 0 0 0 0 0 0 0 0 0 0 0 0 40 17 0 0 0 0 0 0 134 0 0 115 0 0 0 0 97 72 0 0 0 0 0 0 0 0 0 0 13 0 0 0 0 0 20 0 0 0 91 0 
0 0 0 0 43 0 0 0 0 0 0 0 0 15 0 0 0 0 0 10 0 0 0 0 0 0 0 123 0 110 0 76 0 0 0 43 0 0 0 0 0 0 0 0 0 91 0 120 0 0 0 94 0 0 0 0 0 0 0 0 0 0 0 0 0 0 0 0 0 0 34 71 0 0 0 0 0 0 0 122 0 0 0 0 0 0 0 0 0 63 0 0 0 0 0 0 68 0 0 0 
0 0 0 0 0 0 0 111 0 100 0 0 0 0 0 0 0 6 0 0 0 0 0 0 0 0 0 0 21 0 0 0 0 0 43 0 23 0 0 32 0 0 0 0 0 0 0 0 0 111 0 0 0 0 0 59 0 0 0 0 0 0 0 0 0 0 0 0 0 0 0 0 0 0 0 92 132 92 0 0 0 0 0 0 0 0 20 0 0 0 0 0 0 127 0 0 0 0 0 0 
0 0 0 0 0 0 0 100 18 0 0 0 0 0 0 41 0 0 141 0 0 0 0 0 0 0 0 0 0 0 0 0 0 0 0 23 0 0 0 0 0 0 0 0 0 76 0 0 0 0 22 0 0 0 0 0 0 123 0 0 0 0 0 0 0 0 0 103 0 0 82 0 106 0 0 0 0 46 0 0 0 0 0 0 0 123 0 0 0 0 0 0 0 101 0 0 0 53 0 0 
0 0 0 0 0 0 91 0 0 0 0 144 0 0 0 0 0 0 0 0 0 20 0 0 54 0 0 0 0 0 0 0 0 0 0 0 0 0 0 0 0 0 0 0 0 0 0 0 0 0 0 0 144 0 0 0 0 0 0 0 19 0 0 0 0 0 148 0 0 0 0 0 0 0 27 0 0 0 0 0 0 0 26 0 0 0 20 0 0 0 0 0 137 0 0 0 0 0 0 73 
0 61 0 0 0 49 0 0 0 0 0 0 0 0 0 0 0 0 0 0 0 0 0 0 0 0 0 0 0 0 39 0 0 0 0 0 0 0 0 0 0 0 0 0 80 0 0 24 0 0 0 0 0 0 0 0 0 0 0 0 0 0 133 0 0 0 0 37 0 62 0 0 0 0 3 0 0 0 0 0 0 43 101 0 0 0 0 0 0 0 0 0 71 0 0 0 0 0 0 0 
0 0 129 0 0 0 0 0 0 0 0 0 0 0 0 0 73 0 137 54 0 54 0 0 0 0 0 105 0 0 0 0 0 0 0 32 0 0 0 0 0 0 0 0 85 0 0 0 0 0 0 134 0 57 0 0 0 0 0 144 0 0 19 0 0 0 0 0 0 0 0 0 0 0 0 0 0 0 0 0 100 0 0 0 0 0 0 0 0 0 0 40 0 0 138 0 0 0 0 0 
0 0 0 0 0 0 0 0 0 0 67 0 21 0 53 0 0 0 0 0 0 0 87 0 0 150 0 0 0 111 0 128 86 0 0 0 0 0 0 0 0 0 0 0 0 0 0 0 0 0 0 0 0 38 0 0 0 0 0 0 0 0 0 0 0 0 0 0 0 103 0 0 0 0 0 0 0 0 0 0 0 0 0 0 46 0 42 0 0 0 0 0 0 0 0 0 0 0 73 73 
0 0 0 0 0 0 0 0 0 37 0 0 77 0 0 0 0 0 0 0 0 0 0 0 0 0 0 41 0 0 0 0 0 0 0 0 0 0 0 0 0 0 0 110 0 10 0 0 101 35 0 28 0 0 0 0 0 0 0 127 0 0 0 0 0 0 0 0 0 0 81 0 145 0 0 0 0 0 0 0 0 0 55 139 150 0 0 0 0 0 0 0 0 0 0 126 0 0 0 0 
0 0 0 0 0 58 0 0 0 0 148 0 0 0 0 0 0 0 0 0 0 0 0 0 0 0 0 0 0 90 0 0 0 0 0 0 0 0 0 0 0 0 0 0 108 91 0 0 0 0 0 0 0 0 0 0 0 0 0 0 79 0 0 0 23 0 0 81 0 0 0 0 0 0 0 116 18 0 27 0 0 0 0 0 0 60 0 0 125 0 0 40 0 0 0 0 0 6 0 0 
0 0 0 0 0 0 0 0 67 0 0 0 0 0 0 0 100 0 0 0 0 24 0 0 0 0 0 0 0 0 0 0 0 0 0 0 0 0 0 0 0 110 0 0 0 0 0 0 0 0 0 0 0 0 37 0 0 0 127 0 0 0 81 0 0 0 0 45 0 0 0 0 49 83 0 0 0 0 25 0 0 0 0 0 0 0 0 0 0 93 0 0 0 48 0 0 29 0 107 0 
115 0 0 71 0 0 0 0 0 0 0 0 0 0 0 0 0 93 103 0 94 0 0 0 0 6 0 0 0 0 0 0 0 0 0 0 0 0 80 85 0 0 108 0 0 0 0 0 0 0 77 0 0 0 0 0 0 0 135 0 0 0 0 0 0 0 0 0 0 0 0 0 0 0 0 0 0 0 0 0 0 0 0 113 0 0 0 0 0 41 0 0 0 0 0 0 0 2 0 59 
0 106 0 0 0 0 0 0 0 71 0 0 0 0 0 0 142 0 100 0 0 0 0 0 0 0 0 0 0 0 0 0 0 0 91 0 76 0 0 0 0 10 91 0 0 0 0 0 0 0 0 0 0 0 0 0 0 0 0 0 0 0 0 0 0 0 0 67 0 0 0 0 0 126 0 0 0 0 0 0 0 0 83 0 0 0 0 0 7 0 113 0 0 0 0 10 0 0 10 0 
0 0 114 0 0 0 0 0 0 0 0 0 0 0 0 1 0 0 0 0 0 0 114 0 0 0 0 0 23 0 0 0 0 0 0 0 0 0 0 0 0 0 0 0 0 0 0 0 0 0 0 115 0 0 0 0 0 0 0 0 0 0 105 0 0 0 0 0 0 0 124 0 0 0 0 0 0 0 0 102 0 0 0 0 95 0 0 0 0 0 0 0 0 0 115 0 0 59 0 0 
0 0 0 0 14 0 0 0 0 0 0 0 0 0 0 0 0 0 0 0 0 0 0 0 79 0 0 0 74 0 0 0 0 75 120 0 0 0 24 0 0 0 0 0 0 0 0 0 150 0 0 0 0 0 0 0 0 0 0 0 27 0 0 0 0 0 2 0 0 0 0 0 48 91 0 0 0 0 0 0 109 0 0 0 0 0 62 0 0 0 0 43 0 0 0 0 0 0 0 0 
0 0 0 0 0 0 74 0 0 0 0 0 0 0 0 0 0 0 24 0 51 0 0 0 0 0 0 87 0 0 0 0 71 0 0 0 0 0 0 0 0 101 0 0 0 0 0 150 0 0 0 0 0 0 0 131 0 0 0 0 0 0 0 0 0 0 92 0 21 0 0 0 0 0 11 0 26 0 0 0 0 0 0 0 120 43 0 0 0 0 0 0 0 0 0 96 0 0 0 0 
0 0 29 26 0 0 0 116 0 0 0 137 147 0 0 0 0 0 21 0 0 0 0 0 0 0 0 0 0 0 0 0 0 0 0 111 0 0 0 0 0 35 0 0 0 0 0 0 0 0 148 0 0 0 0 0 0 0 0 80 0 0 0 0 0 112 0 0 0 0 0 49 0 0 72 0 0 0 0 0 0 0 0 0 149 0 0 80 0 0 0 0 0 0 0 0 0 0 0 0 
127 0 0 0 0 0 14 0 0 0 0 0 0 0 0 0 0 0 0 0 0 0 0 0 0 0 0 134 0 0 0 0 0 0 0 0 22 0 0 0 0 0 0 0 77 0 0 0 0 148 0 0 0 0 0 0 0 0 0 0 0 0 0 0 0 0 0 64 0 0 0 0 0 0 0 0 0 0 0 0 0 70 0 0 0 0 0 0 22 0 0 96 0 44 0 0 0 0 0 0 
0 0 0 0 0 0 0 99 0 0 0 119 0 0 0 0 40 0 144 0 0 0 0 0 0 0 0 0 0 0 139 13 0 0 94 0 0 0 0 134 0 28 0 0 0 0 115 0 0 0 0 0 0 0 0 0 0 0 0 0 0 0 17 0 94 62 0 0 0 0 0 0 0 0 0 0 0 0 0 0 0 0 0 0 0 0 0 88 0 0 0 0 0 0 0 0 0 0 33 0 
0 0 0 0 0 0 0 67 0 0 0 0 0 0 0 0 0 0 0 0 0 0 0 0 0 0 30 0 0 0 0 0 0 0 0 0 0 144 0 0 0 0 0 0 0 0 0 0 0 0 0 0 0 0 0 0 0 0 86 0 0 0 0 0 120 0 142 0 0 0 0 0 0 0 0 0 0 0 0 0 0 0 0 0 0 0 0 0 0 0 127 0 0 0 0 115 0 0 0 23 
0 0 0 0 0 97 0 0 0 0 0 0 0 0 0 0 0 0 0 0 33 0 0 0 0 0 102 0 0 18 0 0 131 0 0 0 0 0 0 57 38 0 0 0 0 0 0 0 0 0 0 0 0 0 15 0 0 0 23 0 0 0 42 0 0 30 0 0 0 0 0 0 92 0 0 0 0 0 143 0 0 0 0 0 0 134 0 0 0 0 0 0 0 0 0 0 0 0 0 13 
0 0 0 0 0 111 0 0 0 0 0 0 0 0 0 0 0 0 0 48 0 0 0 0 0 0 0 0 0 0 0 0 89 0 0 0 0 0 0 0 0 0 0 37 0 0 0 0 0 0 0 0 0 15 0 0 52 0 0 0 0 0 102 0 0 0 0 0 0 0 0 0 0 0 0 0 0 0 54 115 0 0 0 0 0 0 0 0 95 0 0 0 0 0 0 0 0 0 0 0 
0 0 127 0 148 0 0 0 0 14 0 0 0 0 0 0 0 0 0 0 0 0 0 0 0 0 48 0 0 0 137 0 105 0 0 59 0 0 0 0 0 0 0 0 0 0 0 0 131 0 0 0 0 0 0 0 0 0 0 0 0 0 0 0 0 0 0 0 0 51 49 0 0 0 0 0 126 0 0 66 0 0 0 0 0 0 0 0 0 0 28 0 0 0 0 0 0 0 42 34 
0 8 0 0 0 42 0 0 0 0 0 0 0 0 0 0 11 0 0 0 132 80 0 0 0 0 0 0 0 0 0 0 0 0 0 0 0 0 0 0 0 0 0 0 0 0 0 0 0 0 0 0 0 0 52 0 0 0 0 0 0 0 0 0 0 17 0 0 62 0 0 0 0 0 59 0 0 138 0 96 0 0 90 0 0 0 0 0 83 0 0 0 40 0 0 0 0 136 0 0 
0 0 0 0 0 0 0 0 0 0 0 0 0 0 7 0 50 0 0 0 0 0 0 58 0 0 0 0 0 0 0 0 0 0 0 0 123 0 0 0 0 0 0 0 0 0 0 0 0 0 0 0 0 0 0 0 0 0 0 0 47 0 0 39 0 0 0 0 0 0 0 39 0 0 0 0 0 0 0 0 0 0 0 0 0 39 109 0 0 0 0 0 0 0 0 0 0 0 21 0 
0 0 0 0 42 0 0 0 54 0 0 0 0 0 0 0 0 0 0 0 0 0 0 0 0 130 0 99 137 0 31 0 0 0 0 0 0 0 0 0 0 0 0 127 135 0 0 0 0 0 0 0 86 23 0 0 0 0 0 0 0 40 0 0 0 0 0 0 0 0 0 20 0 0 0 0 0 0 0 0 0 0 0 0 0 0 0 0 0 0 0 0 78 0 0 0 0 0 0 0 
0 0 0 0 0 13 0 3 0 0 0 0 135 0 0 0 0 0 0 0 128 0 0 0 0 0 0 0 0 0 0 67 0 0 0 0 0 0 0 144 0 127 0 0 0 0 0 0 0 80 0 0 0 0 0 0 0 0 0 0 0 0 0 0 70 0 0 0 0 0 0 87 0 134 0 0 0 0 0 107 144 0 0 0 0 0 0 0 0 0 0 0 0 0 0 0 91 125 0 0 
0 0 0 0 0 0 0 0 0 145 0 118 0 0 0 0 0 0 0 130 0 0 0 0 0 0 0 0 0 0 0 0 0 40 0 0 0 19 0 0 0 0 79 0 0 0 0 27 0 0 0 0 0 0 0 0 0 47 0 0 0 0 0 146 130 117 0 0 0 0 0 0 0 3 33 0 0 0 0 0 0 0 102 0 0 0 0 0 0 0 0 0 0 108 0 0 0 0 0 0 
0 0 0 0 0 0 0 0 0 0 0 0 0 0 0 0 0 0 0 105 0 99 0 0 0 0 100 0 0 0 0 95 0 17 0 0 0 0 0 0 0 0 0 0 0 0 0 0 0 0 0 0 0 0 0 0 0 0 40 0 0 0 0 117 0 0 0 0 30 0 108 0 0 0 0 0 0 0 0 0 0 0 0 0 0 0 0 0 5 0 0 0 0 0 0 0 143 0 101 0 
0 0 0 0 0 0 0 0 0 0 0 0 0 0 0 0 113 146 0 0 0 0 0 0 67 0 119 0 0 0 0 0 0 0 0 0 0 0 133 19 0 0 0 81 0 0 105 0 0 0 0 17 0 42 102 0 0 0 0 0 0 0 0 0 0 0 0 115 0 0 0 29 0 0 0 0 0 0 0 0 0 0 0 0 0 0 0 0 0 0 0 0 0 40 0 61 0 0 0 0 
0 86 17 36 0 0 66 0 0 0 0 0 0 0 0 0 0 0 108 0 0 0 11 0 70 0 0 0 0 0 0 0 126 0 0 0 0 0 0 0 0 0 0 0 0 0 0 0 0 0 0 0 0 0 0 0 0 39 0 0 146 117 0 0 0 0 0 0 0 0 0 0 0 142 0 0 0 0 0 0 0 122 0 0 0 0 0 0 0 0 0 0 0 50 0 0 0 16 0 0 
0 0 0 0 0 130 0 0 0 0 0 0 0 44 71 30 0 0 0 1 0 0 0 0 0 0 0 42 57 15 0 0 0 0 0 0 0 0 0 0 0 0 23 0 0 0 0 0 0 0 0 94 120 0 0 0 0 0 0 70 130 0 0 0 0 0 0 0 0 0 0 0 0 0 0 0 0 0 121 0 0 0 0 0 0 0 0 0 0 0 0 0 69 0 0 0 0 0 0 0 
0 0 0 0 0 0 0 0 0 0 0 72 0 0 0 0 0 0 0 0 0 0 0 0 0 41 0 2 68 0 44 0 0 0 0 0 0 0 0 0 0 0 0 0 0 0 0 0 0 112 0 62 0 30 0 0 17 0 0 0 117 0 0 0 0 0 0 131 0 114 0 0 0 0 0 0 0 0 0 0 38 0 0 0 0 0 0 0 0 0 45 0 0 0 0 0 0 0 0 0 
0 0 149 47 0 0 0 0 0 35 0 0 128 0 0 0 0 0 0 0 0 0 0 0 0 0 0 13 0 0 0 0 0 0 0 0 0 148 0 0 0 0 0 0 0 0 0 2 92 0 0 0 142 0 0 0 0 0 0 0 0 0 0 0 0 0 0 0 0 0 0 0 0 0 0 69 122 0 0 128 120 0 0 0 0 0 0 0 0 0 0 0 0 0 0 0 0 87 0 0 
0 0 0 0 0 0 5 0 0 36 0 0 0 0 0 0 0 0 0 0 0 37 0 0 0 0 0 0 0 0 0 0 0 0 0 0 103 0 37 0 0 0 81 45 0 67 0 0 0 0 64 0 0 0 0 0 0 0 0 0 0 0 115 0 0 131 0 0 0 0 0 0 0 0 0 0 143 0 0 64 0 0 0 0 0 0 137 4 0 0 0 0 0 0 0 0 0 0 0 0 
0 0 0 0 49 0 0 0 0 0 0 0 0 0 0 0 2 0 0 133 0 0 90 0 0 0 0 106 0 0 60 67 107 134 0 0 0 0 0 0 0 0 0 0 0 0 0 0 21 0 0 0 0 0 0 0 62 0 0 0 0 30 0 0 0 0 0 0 0 0 0 94 0 0 0 0 0 0 0 0 0 0 0 0 0 0 0 0 0 0 0 0 0 69 0 0 0 56 0 0 
0 0 0 0 0 0 0 0 0 0 0 48 0 0 0 0 0 0 20 0 14 30 0 0 0 0 0 0 0 0 0 119 0 0 0 0 0 0 62 0 103 0 0 0 0 0 0 0 0 0 0 0 0 0 0 51 0 0 0 0 0 0 0 0 0 114 0 0 0 0 125 0 0 0 0 0 0 68 0 0 0 0 0 0 0 0 0 116 0 146 0 0 0 0 0 0 0 0 0 0 
0 0 0 26 0 0 137 0 0 0 0 0 0 83 0 0 0 0 0 0 0 0 0 0 0 0 0 0 0 0 0 112 0 0 34 0 82 0 0 0 0 81 0 0 0 0 124 0 0 0 0 0 0 0 0 49 0 0 0 0 0 108 0 0 0 0 0 0 0 125 0 122 0 0 0 0 0 0 0 0 89 0 0 0 0 0 57 0 0 0 0 26 0 0 0 0 0 0 0 0 
0 82 0 0 0 0 0 0 0 0 0 0 0 0 133 0 0 0 91 0 0 0 38 0 0 0 0 0 0 0 0 0 0 115 71 0 0 0 0 0 0 0 0 0 0 0 0 0 0 49 0 0 0 0 0 0 0 39 20 87 0 0 29 0 0 0 0 0 94 0 122 0 0 0 0 0 0 0 0 0 0 25 0 0 0 0 0 0 0 0 0 0 0 0 0 33 0 0 0 0 
0 0 0 0 0 0 135 10 0 0 0 0 0 0 0 0 0 0 0 0 0 34 129 0 0 0 0 0 0 0 0 0 0 0 0 0 106 0 0 0 0 145 0 49 0 0 0 48 0 0 0 0 0 92 0 0 0 0 0 0 0 0 0 0 0 0 0 0 0 0 0 0 0 0 0 0 0 0 0 0 0 0 0 0 0 0 0 0 80 0 0 0 0 0 0 148 0 0 0 0 
0 0 0 0 56 0 0 0 0 0 0 0 0 0 0 0 0 2 145 0 0 0 0 0 0 0 0 0 0 0 0 0 0 0 0 0 0 0 0 0 0 0 0 83 0 126 0 91 0 0 0 0 0 0 0 0 0 0 0 134 3 0 0 142 0 0 0 0 0 0 0 0 0 0 0 0 0 105 0 0 89 0 0 48 0 0 0 0 0 0 0 0 0 0 0 0 0 0 0 38 
0 56 0 0 83 0 0 122 0 0 0 0 0 0 0 0 0 0 0 0 0 0 66 0 0 0 0 0 0 120 63 0 0 0 0 0 0 27 3 0 0 0 0 0 0 0 0 0 11 72 0 0 0 0 0 0 59 0 0 0 33 0 0 0 0 0 0 0 0 0 0 0 0 0 0 114 0 0 0 0 0 0 0 0 0 74 140 0 0 0 0 0 0 0 0 0 0 0 0 0 
0 0 0 0 0 0 0 0 0 0 0 0 24 86 0 8 0 0 128 0 23 0 0 0 0 0 0 0 0 0 0 0 0 0 0 92 0 0 0 0 0 0 116 0 0 0 0 0 0 0 0 0 0 0 0 0 0 0 0 0 0 0 0 0 0 0 69 0 0 0 0 0 0 0 114 0 0 0 0 0 0 0 0 0 123 0 0 0 0 0 0 0 0 0 136 0 0 0 0 0 
0 0 0 90 0 145 0 0 0 0 0 0 0 0 0 145 0 0 0 0 0 0 0 0 0 0 0 0 0 0 0 0 56 97 0 132 0 0 0 0 0 0 18 0 0 0 0 0 26 0 0 0 0 0 0 126 0 0 0 0 0 0 0 0 0 0 122 143 0 0 0 0 0 0 0 0 0 0 0 0 0 0 0 0 0 140 0 0 0 0 0 0 0 0 0 0 0 0 110 0 
0 0 0 0 0 0 0 0 0 0 59 115 0 0 0 0 0 0 0 74 0 0 0 0 0 8 0 0 0 0 0 0 0 72 0 92 46 0 0 0 0 0 0 0 0 0 0 0 0 0 0 0 0 0 0 0 138 0 0 0 0 0 0 0 0 0 0 0 0 68 0 0 0 105 0 0 0 0 0 0 0 0 0 0 0 0 0 0 0 0 140 0 99 0 0 0 22 0 0 0 
0 0 0 0 0 0 0 0 0 0 0 91 0 0 0 0 0 0 0 0 0 0 0 0 0 0 0 0 0 0 0 93 0 0 0 0 0 0 0 0 0 0 27 25 0 0 0 0 0 0 0 0 0 143 54 0 0 0 0 0 0 0 0 0 121 0 0 0 0 0 0 0 0 0 0 0 0 0 0 121 0 0 0 0 0 0 12 0 0 0 0 0 0 0 0 0 0 121 0 0 
0 71 0 0 10 0 0 0 0 0 0 0 0 0 0 0 0 0 0 0 0 48 0 0 85 0 0 0 0 0 0 83 0 0 122 0 0 0 0 0 0 0 0 0 0 0 102 0 0 0 0 0 0 0 115 66 96 0 0 107 0 0 0 0 0 0 128 64 0 0 0 0 0 0 0 0 0 0 121 0 0 0 0 0 0 0 0 63 0 0 0 0 0 0 0 0 0 0 0 0 
0 79 0 0 0 80 0 0 0 0 0 0 0 0 0 133 0 0 0 0 0 0 0 0 85 0 77 0 0 0 0 0 0 0 0 0 0 0 0 100 0 0 0 0 0 0 0 109 0 0 0 0 0 0 0 0 0 0 0 144 0 0 0 0 0 38 120 0 0 0 89 0 0 89 0 0 0 0 0 0 0 0 0 38 0 0 0 0 0 117 0 45 0 0 0 0 0 0 0 0 
40 0 0 0 0 0 0 0 0 0 0 0 0 0 0 0 0 0 0 4 0 0 0 0 0 0 0 0 0 0 0 0 0 0 0 0 0 0 43 0 0 0 0 0 0 0 0 0 0 0 70 0 0 0 0 0 0 0 0 0 0 0 0 122 0 0 0 0 0 0 0 25 0 0 0 0 0 0 0 0 0 0 27 0 0 0 0 0 0 0 0 0 0 0 0 0 0 0 0 0 
0 0 91 0 0 0 0 45 0 0 0 0 18 0 0 0 0 0 0 0 0 0 0 0 128 0 0 0 0 0 0 0 0 0 0 0 0 26 101 0 0 55 0 0 0 83 0 0 0 0 0 0 0 0 0 0 90 0 0 0 102 0 0 0 0 0 0 0 0 0 0 0 0 0 0 0 0 0 0 0 0 27 0 0 0 0 19 0 0 0 4 0 0 0 14 0 0 0 0 103 
0 0 0 0 0 0 0 0 0 0 0 0 0 0 107 0 0 0 0 103 0 0 0 0 146 0 0 0 0 0 0 0 0 0 0 0 0 0 0 0 0 139 0 0 113 0 0 0 0 0 0 0 0 0 0 0 0 0 0 0 0 0 0 0 0 0 0 0 0 0 0 0 0 48 0 0 0 0 0 0 38 0 0 0 0 0 0 36 0 0 0 85 0 0 0 0 0 0 0 0 
0 0 0 1 0 0 0 0 0 0 0 0 0 125 79 0 0 0 0 0 93 0 0 46 0 0 0 0 51 0 0 0 0 0 0 0 0 0 0 0 46 150 0 0 0 0 95 0 120 149 0 0 0 0 0 0 0 0 0 0 0 0 0 0 0 0 0 0 0 0 0 0 0 0 0 123 0 0 0 0 0 0 0 0 0 0 0 0 149 0 0 0 83 0 0 66 0 0 0 0 
0 3 0 0 0 0 27 0 0 0 0 0 0 0 0 0 0 0 0 0 0 0 0 0 0 0 0 0 0 85 33 0 0 0 0 0 123 0 0 0 0 0 60 0 0 0 0 0 43 0 0 0 0 134 0 0 0 39 0 0 0 0 0 0 0 0 0 0 0 0 0 0 0 0 74 0 140 0 0 0 0 0 0 0 0 0 74 0 0 0 0 0 0 0 0 0 69 0 51 0 
0 0 0 0 0 0 0 0 0 0 0 37 74 0 0 0 0 0 0 0 0 0 0 0 0 0 0 0 0 0 0 0 0 0 0 20 0 20 0 0 42 0 0 0 0 0 0 62 0 0 0 0 0 0 0 0 0 109 0 0 0 0 0 0 0 0 0 137 0 0 57 0 0 0 140 0 0 0 12 0 0 0 19 0 0 74 0 0 0 0 0 0 0 0 106 18 0 0 0 0 
0 0 0 0 0 0 55 0 16 0 0 0 0 92 0 0 0 0 0 0 0 0 0 0 0 0 0 0 74 0 0 0 0 0 0 0 0 0 0 0 0 0 0 0 0 0 0 0 0 80 0 88 0 0 0 0 0 0 0 0 0 0 0 0 0 0 0 4 0 116 0 0 0 0 0 0 0 0 0 63 0 0 0 36 0 0 0 0 0 0 0 0 0 0 0 0 0 97 0 0 
0 0 0 0 0 0 0 0 0 0 0 0 0 0 117 0 40 0 0 0 0 0 0 0 0 0 0 0 0 4 0 0 0 13 0 0 0 0 0 0 0 0 125 0 0 7 0 0 0 0 22 0 0 0 95 0 83 0 0 0 0 5 0 0 0 0 0 0 0 0 0 0 80 0 0 0 0 0 0 0 0 0 0 0 149 0 0 0 0 0 0 0 0 0 0 0 0 0 0 0 
129 70 0 0 0 0 0 0 60 0 0 0 0 0 0 0 0 0 0 0 33 0 0 0 0 0 0 0 0 0 0 58 0 0 63 0 0 0 0 0 0 0 0 93 41 0 0 0 0 0 0 0 0 0 0 0 0 0 0 0 0 0 0 0 0 0 0 0 0 146 0 0 0 0 0 0 0 0 0 0 117 0 0 0 0 0 0 0 0 0 0 26 0 69 0 0 0 43 0 0 
0 0 73 0 0 0 38 142 95 0 0 0 0 0 94 0 0 0 0 0 0 131 0 0 0 61 0 0 0 0 0 0 0 0 0 0 0 0 0 0 0 0 0 0 0 113 0 0 0 0 0 0 127 0 0 28 0 0 0 0 0 0 0 0 0 45 0 0 0 0 0 0 0 0 0 0 0 140 0 0 0 0 4 0 0 0 0 0 0 0 0 0 0 0 0 55 0 0 0 25 
0 84 0 0 0 0 0 0 77 0 0 0 0 9 0 0 0 0 0 0 0 0 0 0 0 0 0 53 0 0 0 4 0 0 0 0 0 0 0 40 0 0 40 0 0 0 0 43 0 0 96 0 0 0 0 0 0 0 0 0 0 0 0 0 0 0 0 0 0 0 26 0 0 0 0 0 0 0 0 0 45 0 0 85 0 0 0 0 0 26 0 0 0 0 0 0 0 0 0 0 
0 60 0 0 0 0 0 0 0 0 0 0 0 0 12 137 0 0 0 0 0 0 0 101 0 0 0 0 0 143 0 66 0 0 0 0 0 137 71 0 0 0 0 0 0 0 0 0 0 0 0 0 0 0 0 0 40 0 78 0 0 0 0 0 69 0 0 0 0 0 0 0 0 0 0 0 0 99 0 0 0 0 0 0 83 0 0 0 0 0 0 0 0 0 86 0 0 0 0 12 
0 0 0 0 0 0 0 0 0 0 0 0 0 0 0 49 0 0 0 0 59 0 112 114 0 0 0 0 0 0 0 0 59 0 0 127 101 0 0 0 0 0 0 48 0 0 0 0 0 0 44 0 0 0 0 0 0 0 0 0 108 0 40 50 0 0 0 0 69 0 0 0 0 0 0 0 0 0 0 0 0 0 0 0 0 0 0 0 0 69 0 0 0 0 0 0 61 0 0 0 
0 0 0 0 0 0 0 0 0 0 0 0 0 0 0 0 147 0 0 0 0 0 0 0 0 0 85 0 0 0 12 0 0 20 0 0 0 0 0 138 0 0 0 0 0 0 115 0 0 0 0 0 0 0 0 0 0 0 0 0 0 0 0 0 0 0 0 0 0 0 0 0 0 0 0 136 0 0 0 0 0 0 14 0 0 0 106 0 0 0 0 0 86 0 0 0 21 0 0 0 
0 0 0 0 0 0 66 0 0 0 0 0 0 0 0 87 5 0 0 0 0 0 74 0 34 0 0 0 0 0 0 0 0 0 0 0 0 0 0 0 0 126 0 0 0 10 0 0 96 0 0 0 115 0 0 0 0 0 0 0 0 0 61 0 0 0 0 0 0 0 0 33 148 0 0 0 0 0 0 0 0 0 0 0 66 0 18 0 0 0 55 0 0 0 0 0 0 0 0 0 
0 0 0 0 0 0 0 0 149 0 0 0 0 0 0 0 0 0 0 0 80 0 0 0 0 0 0 0 0 0 0 0 0 0 68 0 0 0 0 0 0 0 0 29 0 0 0 0 0 0 0 0 0 0 0 0 0 0 0 91 0 143 0 0 0 0 0 0 0 0 0 0 0 0 0 0 0 22 0 0 0 0 0 0 0 69 0 0 0 0 0 0 0 61 21 0 0 0 130 0 
0 0 0 130 0 0 0 0 0 0 0 0 0 0 0 0 0 0 0 0 0 0 0 76 142 0 0 0 0 0 0 0 0 0 0 0 53 0 0 0 0 0 6 0 2 0 59 0 0 0 0 0 0 0 0 0 136 0 0 125 0 0 0 16 0 0 87 0 56 0 0 0 0 0 0 0 0 0 121 0 0 0 0 0 0 0 0 97 0 43 0 0 0 0 0 0 0 0 0 0 
0 0 39 82 0 0 143 0 0 0 0 0 0 18 0 0 0 0 0 0 0 0 0 0 0 0 0 0 0 0 0 0 0 91 0 0 0 0 0 0 73 0 0 107 0 10 0 0 0 0 0 33 0 0 0 42 0 21 0 0 0 101 0 0 0 0 0 0 0 0 0 0 0 0 0 0 110 0 0 0 0 0 0 0 0 51 0 0 0 0 0 0 0 0 0 0 130 0 0 0 
0 0 0 125 0 0 0 0 0 0 0 0 0 0 0 0 0 0 0 0 87 0 0 0 0 6 15 0 0 0 0 0 0 0 0 0 0 73 0 0 73 0 0 0 59 0 0 0 0 0 0 0 23 13 0 34 0 0 0 0 0 0 0 0 0 0 0 0 0 0 0 0 0 38 0 0 0 0 0 0 0 0 103 0 0 0 0 0 0 0 25 0 12 0 0 0 0 0 0 0 
