0 0 94 0 0 0 0 0 0 0 0 0 0 15 0 0 0 0 0 0 0 0 0 0 0 0 0 0 0 0 61 0 0 0 0 0 0 0 77 0 41 0 0 29 0 0 0 45 0 30 0 0 0 18 0 0 0 0 0 0 0 0 0 0 0 0 0 0 0 0 0 9 0 0 0 0 0 0 0 0 0 0 0 0 0 0 0 0 0 0 0 0 0 49 0 0 0 0 0 0 
0 0 0 60 0 0 0 0 0 0 0 0 0 0 0 63 0 0 0 0 0 0 0 0 0 0 0 0 0 0 0 15 97 0 0 0 0 0 0 0 0 0 0 0 0 0 11 0 0 0 0 0 0 0 36 0 0 0 0 0 0 0 0 0 0 0 0 65 99 0 0 0 0 0 19 0 0 0 0 91 0 0 0 57 0 0 0 0 0 0 6 0 0 0 0 18 0 0 0 0 
94 0 0 0 0 0 0 0 0 0 0 0 0 0 0 0 67 0 0 0 0 37 0 0 0 0 0 0 0 0 0 0 0 36 0 0 0 0 0 0 0 0 41 0 0 46 0 10 0 13 0 0 0 0 0 0 0 0 0 0 0 0 0 0 0 0 0 0 0 0 11 0 0 0 0 97 0 80 0 0 0 0 0 0 0 0 0 0 0 0 0 0 0 0 57 0 0 0 75 0 
0 60 0 0 0 0 0 0 0 0 0 0 0 0 82 0 0 0 0 0 0 0 0 0 0 0 0 0 0 0 0 0 0 40 0 55 0 0 0 0 0 0 27 0 0 86 51 0 44 0 0 0 0 36 97 0 0 0 0 20 0 81 53 0 0 0 0 0 0 0 0 0 0 0 0 0 0 0 0 0 0 0 0 0 0 0 0 12 0 0 0 0 0 0 0 0 0 0 0 93 
0 0 0 0 0 0 0 0 0 3 0 0 0 0 0 0 0 0 29 0 0 50 0 0 0 0 0 0 0 18 0 0 0 0 0 0 0 0 37 0 0 0 0 0 0 0 0 0 0 0 0 0 0 0 62 35 0 86 0 0 0 0 0 0 23 0 0 0 0 0 0 95 0 0 0 42 0 0 0 0 32 11 0 36 0 0 0 0 0 24 0 0 0 0 0 0 0 0 0 0 
0 0 0 0 0 0 0 0 0 0 0 0 0 0 0 62 0 84 0 0 0 0 0 0 0 62 0 0 0 0 0 0 0 0 0 0 0 0 0 0 0 91 85 0 0 0 0 0 0 0 0 0 0 0 0 0 0 0 78 0 10 0 0 0 0 0 0 0 0 0 0 0 0 0 34 0 0 0 46 0 0 0 0 0 95 0 0 0 0 0 0 0 0 0 0 0 0 91 51 0 
0 0 0 0 0 0 0 0 0 0 0 0 35 0 0 0 0 0 9 0 0 0 22 0 0 0 0 26 0 31 0 0 0 0 0 0 0 0 0 0 0 21 0 0 0 0 0 0 0 0 0 0 0 0 0 0 0 67 0 0 0 46 0 0 0 0 0 99 0 0 0 0 0 0 0 50 0 0 0 0 0 0 0 0 0 72 0 0 0 0 0 77 0 0 0 0 0 0 0 0 
0 0 0 0 0 0 0 0 20 0 0 73 0 0 48 0 0 0 0 0 0 0 30 4 0 0 0 0 0 0 0 0 0 0 0 5 71 56 0 0 0 0 0 80 0 0 0 0 0 0 0 0 0 0 0 0 0 0 0 0 0 0 0 0 0 0 0 52 0 0 0 0 0 0 0 0 56 0 0 77 43 0 73 0 0 0 0 0 0 0 0 0 0 0 0 0 0 0 0 6 
0 0 0 0 0 0 0 20 0 0 0 0 0 15 0 0 0 0 0 47 98 0 0 53 0 0 0 0 0 0 0 0 0 52 0 0 0 52 0 37 0 0 0 0 0 0 0 0 0 0 0 0 43 0 0 0 0 0 0 0 0 0 0 0 0 43 0 0 0 0 0 0 33 0 0 0 0 28 0 0 0 0 0 0 6 0 0 0 0 0 0 0 0 0 0 0 70 0 0 1 
0 0 0 0 3 0 0 0 0 0 0 0 59 0 0 0 0 0 0 90 0 0 0 0 0 0 0 0 0 0 0 0 0 24 0 0 0 0 0 0 0 0 0 0 0 0 0 0 0 0 81 0 0 0 0 0 0 0 0 0 0 0 0 0 0 0 35 0 0 0 0 76 27 0 0 0 0 0 46 0 0 0 30 0 0 0 0 0 0 0 0 0 0 82 0 11 0 0 0 0 
0 0 0 0 0 0 0 0 0 0 0 0 0 0 0 0 0 64 0 0 5 0 0 0 0 86 0 0 0 0 0 0 0 0 0 0 99 0 0 0 0 14 0 0 0 0 0 0 0 0 0 0 0 0 0 0 1 0 0 0 99 0 25 0 0 0 0 0 0 0 0 44 0 67 0 0 0 43 0 77 65 0 0 0 0 64 0 0 0 0 0 0 0 0 0 0 0 0 0 0 
0 0 0 0 0 0 0 73 0 0 0 0 0 0 68 0 0 0 0 0 0 0 0 0 0 0 0 0 0 0 0 0 0 79 0 0 0 0 0 68 50 0 42 80 0 2 83 0 0 86 0 0 0 0 0 0 0 0 0 0 0 0 0 15 0 0 0 0 91 0 0 0 0 0 86 0 0 0 0 96 0 0 0 0 0 0 0 0 0 0 0 0 0 0 0 0 0 0 79 0 
0 0 0 0 0 0 35 0 0 59 0 0 0 19 0 0 0 0 0 0 0 0 30 0 0 47 0 0 0 83 0 0 0 0 0 0 0 0 0 0 0 25 0 0 22 0 0 0 0 0 0 10 0 0 0 0 0 0 71 0 51 0 0 0 0 0 0 0 0 90 0 0 0 0 0 0 0 0 0 0 0 16 10 0 0 22 0 0 0 0 0 0 0 0 0 0 0 0 0 0 
15 0 0 0 0 0 0 0 15 0 0 0 19 0 0 0 0 0 38 0 26 13 0 0 0 0 0 55 0 0 0 0 0 0 0 0 0 0 0 0 0 0 0 20 0 0 0 0 82 0 0 0 0 0 0 0 0 0 0 82 16 0 0 0 0 0 0 0 89 0 0 0 0 0 49 0 0 0 0 0 66 0 0 0 0 0 0 0 0 0 0 0 0 0 74 0 0 0 0 0 
0 0 0 82 0 0 0 48 0 0 0 68 0 0 0 0 0 0 12 0 0 0 0 0 0 0 0 0 0 0 50 93 0 0 0 0 3 0 0 0 0 0 0 0 0 0 0 0 0 0 0 95 0 0 52 0 12 0 4 0 0 0 87 0 94 0 0 0 27 0 0 0 0 0 0 61 0 0 0 0 0 0 0 0 0 0 0 0 0 0 0 0 0 0 0 0 0 0 0 0 
0 63 0 0 0 62 0 0 0 0 0 0 0 0 0 0 0 0 0 0 0 0 0 0 0 0 72 0 0 0 0 0 0 0 0 35 0 0 0 0 0 0 11 0 0 0 0 0 10 0 36 0 0 90 0 92 0 0 0 0 0 99 42 0 0 0 0 0 0 0 0 0 0 0 0 0 0 0 0 29 0 0 0 0 0 0 0 0 0 0 0 0 0 0 0 85 0 90 0 0 
0 0 67 0 0 0 0 0 0 0 0 0 0 0 0 0 0 0 0 0 0 0 0 0 0 0 0 96 0 0 0 59 0 0 0 0 0 0 0 57 0 0 0 0 0 62 60 0 0 0 0 0 0 0 6 0 0 0 0 32 39 65 0 0 0 0 0 83 0 0 0 92 0 0 0 0 0 0 0 0 0 0 0 0 0 75 0 0 0 49 0 0 0 0 0 30 0 0 0 0 
0 0 0 0 0 84 0 0 0 0 64 0 0 0 0 0 0 0 9 100 51 0 0 0 0 0 0 0 0 0 0 0 30 0 0 0 11 0 0 0 0 0 45 0 0 0 0 0 87 0 0 0 0 0 0 17 0 0 0 0 0 0 0 0 0 0 0 0 0 0 0 0 0 0 0 0 0 0 20 0 0 0 0 0 35 73 0 0 5 0 0 0 0 0 0 0 0 66 0 0 
0 0 0 0 29 0 9 0 0 0 0 0 0 38 12 0 0 9 0 25 0 0 0 0 0 0 0 14 0 0 0 0 0 26 0 0 0 0 0 0 0 0 0 0 0 0 0 0 0 0 0 0 44 0 0 0 0 0 0 0 0 17 0 0 0 0 31 0 0 0 0 36 0 0 0 17 0 14 0 39 0 0 0 0 0 0 0 0 0 0 0 0 0 0 0 0 0 0 0 0 
0 0 0 0 0 0 0 0 47 90 0 0 0 0 0 0 0 100 25 0 0 0 0 0 0 16 27 0 0 0 0 0 0 0 0 0 0 0 0 0 0 0 0 0 0 89 5 0 0 6 0 0 0 0 0 0 0 29 0 0 0 0 0 0 0 0 0 0 0 0 0 0 0 14 0 0 0 0 0 0 0 0 0 0 0 0 0 0 0 0 48 17 0 0 0 53 96 0 0 0 
0 0 0 0 0 0 0 0 98 0 5 0 0 26 0 0 0 51 0 0 0 99 0 0 0 0 0 0 0 0 0 0 0 0 0 0 0 0 0 0 98 0 55 0 0 0 0 0 0 12 0 0 0 74 0 0 0 47 0 0 0 0 0 0 0 0 0 0 18 0 40 0 0 0 0 0 0 0 0 0 0 0 0 0 83 0 0 0 0 0 0 0 0 0 55 0 0 0 0 0 
0 0 37 0 50 0 0 0 0 0 0 0 0 13 0 0 0 0 0 0 99 0 70 0 0 0 0 0 10 0 0 0 0 0 0 0 0 0 33 0 0 0 55 0 0 0 0 0 0 0 0 88 0 0 0 0 0 24 0 0 0 0 0 0 93 0 0 0 0 0 0 0 0 40 0 0 0 0 0 0 0 0 0 0 0 0 0 0 0 32 0 0 8 0 0 0 0 0 0 0 
0 0 0 0 0 0 22 30 0 0 0 0 30 0 0 0 0 0 0 0 0 70 0 0 0 0 0 0 0 0 0 0 0 0 30 0 0 0 0 0 37 77 0 70 0 0 0 0 0 67 0 0 0 0 0 0 0 0 0 0 0 0 0 0 0 0 0 0 0 0 0 0 0 0 0 0 12 0 0 0 0 95 0 0 0 0 0 0 0 0 0 0 67 0 0 0 100 0 0 0 
0 0 0 0 0 0 0 4 53 0 0 0 0 0 0 0 0 0 0 0 0 0 0 0 0 30 0 0 0 0 0 57 0 0 0 55 0 0 58 0 0 0 0 0 0 0 0 0 0 0 0 0 0 0 0 0 0 0 0 0 0 0 0 0 0 0 0 0 0 7 0 0 0 0 0 0 0 0 0 0 0 0 0 93 89 0 0 0 0 49 0 0 0 0 0 0 0 0 0 0 
0 0 0 0 0 0 0 0 0 0 0 0 0 0 0 0 0 0 0 0 0 0 0 0 0 0 0 0 0 0 0 22 79 0 0 0 0 0 0 0 0 0 0 0 32 0 0 0 65 0 0 0 0 98 4 0 0 0 0 0 0 0 0 28 0 0 0 0 0 0 0 45 0 0 0 0 0 0 0 0 64 0 0 0 0 0 60 0 0 28 0 0 0 0 0 0 0 0 0 0 
0 0 0 0 0 62 0 0 0 0 86 0 47 0 0 0 0 0 0 16 0 0 0 30 0 0 72 0 0 0 0 0 0 0 0 96 62 0 0 0 0 0 0 0 0 0 0 0 0 35 0 0 0 0 0 0 0 0 0 0 0 0 0 78 0 0 0 93 0 0 0 0 0 0 73 0 0 0 0 0 0 0 0 0 0 0 0 0 0 0 0 0 0 0 0 82 0 0 0 0 
0 0 0 0 0 0 0 0 0 0 0 0 0 0 0 72 0 0 0 27 0 0 0 0 0 72 0 0 0 0 0 0 0 0 0 15 0 48 0 7 0 37 97 0 0 0 0 0 0 0 0 0 0 0 0 0 0 0 0 0 0 0 0 0 0 0 0 0 0 0 0 0 88 0 0 0 0 0 27 0 0 66 0 0 0 0 0 0 0 0 69 0 0 91 0 0 0 0 0 0 
0 0 0 0 0 0 26 0 0 0 0 0 0 55 0 0 96 0 14 0 0 0 0 0 0 0 0 0 0 0 0 0 0 0 0 0 0 0 0 0 0 66 0 0 0 0 0 0 0 0 24 0 0 0 20 0 0 0 0 0 0 0 0 0 0 0 0 0 42 0 53 0 0 0 0 0 36 0 0 0 0 0 0 0 79 11 0 0 0 0 0 0 0 42 59 0 0 54 0 0 
0 0 0 0 0 0 0 0 0 0 0 0 0 0 0 0 0 0 0 0 0 10 0 0 0 0 0 0 0 0 0 0 0 0 0 0 0 18 0 0 0 0 0 0 48 0 0 0 51 0 0 0 74 54 0 0 0 0 0 0 0 0 0 0 0 0 0 12 0 0 0 0 0 0 0 0 0 0 0 0 0 0 0 0 81 0 0 1 0 0 0 0 0 0 0 0 0 0 0 0 
0 0 0 0 18 0 31 0 0 0 0 0 83 0 0 0 0 0 0 0 0 0 0 0 0 0 0 0 0 0 0 46 0 0 8 0 0 0 0 0 0 0 0 0 0 0 0 0 0 48 0 62 0 0 0 9 0 0 12 0 0 0 0 0 0 0 0 0 0 21 0 0 0 0 0 0 0 0 89 0 0 0 0 0 0 0 0 0 0 0 0 0 0 0 0 0 15 0 0 0 
61 0 0 0 0 0 0 0 0 0 0 0 0 0 50 0 0 0 0 0 0 0 0 0 0 0 0 0 0 0 0 0 85 96 0 0 0 40 0 0 56 0 0 0 0 0 0 0 0 0 0 0 0 0 0 0 18 0 2 0 0 0 0 0 0 0 0 0 59 0 0 0 0 0 0 0 0 0 0 0 0 0 0 0 0 0 84 59 0 0 0 0 78 0 0 0 0 0 91 82 
0 15 0 0 0 0 0 0 0 0 0 0 0 0 93 0 59 0 0 0 0 0 0 57 22 0 0 0 0 46 0 0 0 0 0 0 0 0 0 0 1 0 0 0 0 0 0 0 66 0 0 0 0 0 0 0 98 0 0 85 0 0 0 84 0 0 0 0 0 0 0 74 0 0 0 0 0 87 0 0 0 0 0 0 0 0 0 0 0 0 43 0 79 0 0 0 0 0 0 0 
0 97 0 0 0 0 0 0 0 0 0 0 0 0 0 0 0 30 0 0 0 0 0 0 79 0 0 0 0 0 85 0 0 0 0 0 0 0 0 0 0 0 0 0 0 0 0 0 0 0 0 72 0 0 0 0 0 0 0 44 0 0 13 0 0 0 0 0 0 0 0 0 0 60 0 75 7 0 0 0 0 0 0 0 0 0 0 0 0 0 0 0 0 8 0 0 0 0 0 0 
0 0 36 40 0 0 0 0 52 24 0 79 0 0 0 0 0 0 26 0 0 0 0 0 0 0 0 0 0 0 96 0 0 0 0 0 96 0 0 0 0 0 0 0 0 0 0 0 0 0 0 0 0 0 0 0 0 0 0 0 0 0 0 0 83 0 90 0 0 0 0 0 0 0 7 0 0 0 34 0 0 0 0 0 0 0 0 0 77 95 0 0 0 0 0 0 30 0 0 0 
0 0 0 0 0 0 0 0 0 0 0 0 0 0 0 0 0 0 0 0 0 0 30 0 0 0 0 0 0 8 0 0 0 0 0 0 0 0 20 0 0 0 0 0 0 0 0 0 0 0 0 0 0 0 0 0 0 0 0 0 0 0 0 12 0 0 0 0 0 0 0 0 0 90 0 0 0 0 0 0 0 0 0 1 0 0 0 0 83 0 0 0 0 0 0 0 0 0 0 0 
0 0 0 55 0 0 0 5 0 0 0 0 0 0 0 35 0 0 0 0 0 0 0 55 0 96 15 0 0 0 0 0 0 0 0 0 0 0 0 0 0 0 0 0 93 0 0 0 70 0 2 0 0 0 98 0 0 0 0 91 0 0 0 28 0 0 0 84 0 0 0 0 0 0 0 0 0 0 0 82 0 0 0 0 0 0 0 0 0 0 0 0 0 0 0 0 73 0 0 0 
0 0 0 0 0 0 0 71 0 0 99 0 0 0 3 0 0 11 0 0 0 0 0 0 0 62 0 0 0 0 0 0 0 96 0 0 0 0 0 0 0 0 0 0 0 0 85 61 0 0 0 0 0 0 0 0 96 0 0 0 0 15 83 0 0 0 0 0 0 0 0 0 0 0 0 0 0 0 0 0 0 0 0 0 0 0 0 0 0 0 0 0 0 0 0 0 0 27 0 0 
0 0 0 0 0 0 0 56 52 0 0 0 0 0 0 0 0 0 0 0 0 0 0 0 0 0 48 0 18 0 40 0 0 0 0 0 0 0 0 0 14 0 0 0 0 0 28 0 0 0 0 0 0 0 0 82 0 0 0 0 0 0 0 0 86 0 69 0 0 50 0 0 0 0 0 0 0 0 0 0 0 0 0 0 0 0 0 0 0 0 0 0 89 0 0 0 0 0 0 0 
77 0 0 0 37 0 0 0 0 0 0 0 0 0 0 0 0 0 0 0 0 33 0 58 0 0 0 0 0 0 0 0 0 0 20 0 0 0 0 0 0 0 0 0 0 0 0 0 0 9 4 0 30 0 0 0 0 0 0 0 0 0 0 0 0 0 0 0 0 0 0 0 0 0 0 0 0 0 0 0 0 0 73 0 0 0 0 0 0 0 64 79 0 0 0 0 0 0 0 0 
0 0 0 0 0 0 0 0 37 0 0 68 0 0 0 0 57 0 0 0 0 0 0 0 0 0 7 0 0 0 0 0 0 0 0 0 0 0 0 0 94 78 0 0 18 0 0 85 0 0 0 0 0 0 0 0 0 0 0 0 0 0 0 0 0 0 27 0 0 0 0 0 0 0 0 0 0 0 0 0 0 0 0 0 0 0 0 0 0 0 0 0 84 0 0 0 0 0 0 0 
41 0 0 0 0 0 0 0 0 0 0 50 0 0 0 0 0 0 0 0 98 0 37 0 0 0 0 0 0 0 56 1 0 0 0 0 0 14 0 94 0 0 0 0 0 0 0 73 0 45 0 0 0 77 0 0 59 0 30 0 0 0 71 0 0 0 0 0 0 0 0 0 0 0 0 0 0 0 0 0 0 0 0 0 35 0 0 0 0 0 0 0 0 0 0 0 0 0 0 0 
0 0 0 0 0 91 21 0 0 0 14 0 25 0 0 0 0 0 0 0 0 0 77 0 0 0 37 66 0 0 0 0 0 0 0 0 0 0 0 78 0 0 0 0 0 0 100 0 0 0 52 0 0 0 0 0 0 0 0 0 0 0 0 0 0 80 0 0 0 0 0 0 0 17 0 0 0 0 0 0 0 0 0 0 0 47 0 0 0 32 0 0 0 0 0 0 0 0 1 0 
0 0 41 27 0 85 0 0 0 0 0 42 0 0 0 11 0 45 0 0 55 55 0 0 0 0 97 0 0 0 0 0 0 0 0 0 0 0 0 0 0 0 0 0 0 0 0 0 0 0 0 0 0 0 0 0 0 0 0 0 0 0 0 0 0 0 0 0 0 0 60 0 0 0 34 0 48 0 0 0 0 0 0 0 0 0 0 0 78 0 0 0 0 0 0 0 0 0 0 0 
29 0 0 0 0 0 0 80 0 0 0 80 0 20 0 0 0 0 0 0 0 0 70 0 0 0 0 0 0 0 0 0 0 0 0 0 0 0 0 0 0 0 0 0 0 0 0 0 0 0 0 0 0 0 0 0 0 0 0 0 67 0 0 35 0 0 76 0 0 0 0 0 0 0 0 0 0 0 0 0 0 0 0 0 0 32 0 0 0 0 0 0 0 0 0 76 0 0 0 0 
0 0 0 0 0 0 0 0 0 0 0 0 22 0 0 0 0 0 0 0 0 0 0 0 32 0 0 0 48 0 0 0 0 0 0 93 0 0 0 18 0 0 0 0 0 0 0 0 0 13 0 0 0 0 0 0 0 0 22 81 0 0 0 0 0 0 0 0 0 0 0 97 0 0 0 0 0 0 0 0 0 0 0 0 0 0 0 0 0 85 0 0 0 0 0 0 0 0 0 0 
0 0 46 86 0 0 0 0 0 0 0 2 0 0 0 0 62 0 0 89 0 0 0 0 0 0 0 0 0 0 0 0 0 0 0 0 0 0 0 0 0 0 0 0 0 0 0 0 0 28 0 0 0 0 0 54 0 0 99 0 80 0 0 0 0 0 67 0 0 0 0 0 0 0 1 0 0 0 0 0 0 0 57 16 0 13 0 83 0 0 0 0 0 0 0 0 0 0 0 0 
0 11 0 51 0 0 0 0 0 0 0 83 0 0 0 0 60 0 0 5 0 0 0 0 0 0 0 0 0 0 0 0 0 0 0 0 85 28 0 0 0 100 0 0 0 0 0 0 0 0 0 0 0 14 0 0 0 0 51 0 26 0 21 0 0 0 0 0 0 0 0 0 0 0 0 0 0 0 0 0 0 0 0 3 0 0 0 0 75 0 0 0 0 0 88 0 0 0 0 0 
45 0 10 0 0 0 0 0 0 0 0 0 0 0 0 0 0 0 0 0 0 0 0 0 0 0 0 0 0 0 0 0 0 0 0 0 61 0 0 85 73 0 0 0 0 0 0 0 0 0 0 0 0 90 0 0 0 0 0 54 0 0 0 0 0 0 0 0 0 70 0 0 0 36 0 0 0 0 0 0 0 0 71 0 0 0 0 0 0 0 0 0 0 68 0 0 0 0 0 0 
0 0 0 44 0 0 0 0 0 0 0 0 0 82 0 10 0 87 0 0 0 0 0 0 65 0 0 0 51 0 0 66 0 0 0 70 0 0 0 0 0 0 0 0 0 0 0 0 0 0 0 0 0 0 0 0 0 26 0 0 0 0 0 55 0 0 0 0 0 0 0 0 0 0 0 0 0 0 0 0 0 0 51 0 55 85 0 0 0 0 0 0 37 0 0 0 0 0 12 0 
30 0 13 0 0 0 0 0 0 0 0 86 0 0 0 0 0 0 0 6 12 0 67 0 0 35 0 0 0 48 0 0 0 0 0 0 0 0 9 0 45 0 0 0 13 28 0 0 0 0 0 0 0 0 0 0 0 0 0 0 0 0 0 0 0 0 75 0 0 0 0 0 0 94 0 0 0 0 0 0 0 0 0 0 0 0 0 0 0 0 0 0 0 0 0 0 0 0 0 75 
0 0 0 0 0 0 0 0 0 81 0 0 0 0 0 36 0 0 0 0 0 0 0 0 0 0 0 24 0 0 0 0 0 0 0 2 0 0 4 0 0 52 0 0 0 0 0 0 0 0 0 0 0 0 98 0 0 0 0 0 0 36 0 0 0 0 0 0 0 0 0 0 0 39 0 0 0 86 77 0 0 0 0 0 68 0 0 0 0 0 6 0 0 0 0 0 0 90 0 84 
0 0 0 0 0 0 0 0 0 0 0 0 10 0 95 0 0 0 0 0 0 88 0 0 0 0 0 0 0 62 0 0 72 0 0 0 0 0 0 0 0 0 0 0 0 0 0 0 0 0 0 0 51 0 0 0 0 0 0 0 0 0 0 14 0 32 0 0 0 0 51 0 0 56 0 45 0 0 0 0 66 0 0 0 52 0 0 0 0 0 0 0 0 0 0 0 0 0 0 0 
0 0 0 0 0 0 0 0 43 0 0 0 0 0 0 0 0 0 44 0 0 0 0 0 0 0 0 0 74 0 0 0 0 0 0 0 0 0 30 0 0 0 0 0 0 0 0 0 0 0 0 51 0 0 0 0 0 0 0 50 0 0 0 67 0 94 0 0 0 36 0 65 0 0 0 28 0 0 55 0 0 0 15 62 0 0 0 0 0 0 0 0 0 0 0 0 0 0 0 0 
18 0 0 36 0 0 0 0 0 0 0 0 0 0 0 90 0 0 0 0 74 0 0 0 98 0 0 0 54 0 0 0 0 0 0 0 0 0 0 0 77 0 0 0 0 0 14 90 0 0 0 0 0 0 0 0 0 0 0 0 0 0 80 0 0 35 0 0 0 9 0 0 0 0 0 0 0 0 0 0 60 0 0 0 0 0 35 0 0 0 0 0 0 0 0 14 0 0 0 0 
0 36 0 97 62 0 0 0 0 0 0 0 0 0 52 0 6 0 0 0 0 0 0 0 4 0 0 20 0 0 0 0 0 0 0 98 0 0 0 0 0 0 0 0 0 0 0 0 0 0 98 0 0 0 0 0 0 0 0 0 0 0 0 0 36 0 0 0 0 0 0 0 0 74 0 54 0 0 0 0 0 0 0 0 0 0 0 0 35 0 0 0 0 0 0 52 0 97 0 0 
0 0 0 0 35 0 0 0 0 0 0 0 0 0 0 92 0 17 0 0 0 0 0 0 0 0 0 0 0 9 0 0 0 0 0 0 0 82 0 0 0 0 0 0 0 54 0 0 0 0 0 0 0 0 0 0 0 0 0 0 0 0 0 0 0 0 43 0 0 0 0 0 0 0 0 0 0 0 0 96 0 0 0 0 0 0 36 38 0 0 0 0 97 41 0 0 0 0 62 0 
0 0 0 0 0 0 0 0 0 0 1 0 0 0 12 0 0 0 0 0 0 0 0 0 0 0 0 0 0 0 18 98 0 0 0 0 96 0 0 0 59 0 0 0 0 0 0 0 0 0 0 0 0 0 0 0 0 0 0 0 0 0 0 0 0 22 93 0 0 12 0 0 0 0 0 0 0 44 0 0 0 0 0 0 0 0 0 0 0 0 0 0 61 0 46 0 0 0 0 35 
0 0 0 0 86 0 67 0 0 0 0 0 0 0 0 0 0 0 0 29 47 24 0 0 0 0 0 0 0 0 0 0 0 0 0 0 0 0 0 0 0 0 0 0 0 0 0 0 26 0 0 0 0 0 0 0 0 0 0 0 0 0 0 0 0 0 0 0 0 0 24 0 57 0 0 0 0 0 0 0 75 26 0 0 0 0 0 0 0 0 98 0 21 24 43 0 0 0 0 27 
0 0 0 0 0 78 0 0 0 0 0 0 71 0 4 0 0 0 0 0 0 0 0 0 0 0 0 0 0 12 2 0 0 0 0 0 0 0 0 0 30 0 0 0 22 99 51 0 0 0 0 0 0 0 0 0 0 0 0 0 60 0 0 0 0 0 0 0 0 0 0 0 72 0 0 0 0 69 0 0 0 0 0 0 0 0 0 14 0 0 0 0 89 0 0 0 18 0 0 0 
0 0 0 20 0 0 0 0 0 0 0 0 0 82 0 0 32 0 0 0 0 0 0 0 0 0 0 0 0 0 0 85 44 0 0 91 0 0 0 0 0 0 0 0 81 0 0 54 0 0 0 0 50 0 0 0 0 0 0 0 0 0 0 0 0 0 22 0 0 0 0 0 20 0 0 41 0 0 0 0 0 0 0 0 0 0 0 28 0 0 0 94 0 0 0 0 0 0 30 0 
0 0 0 0 0 10 0 0 0 0 99 0 51 16 0 0 39 0 0 0 0 0 0 0 0 0 0 0 0 0 0 0 0 0 0 0 0 0 0 0 0 0 0 67 0 80 26 0 0 0 0 0 0 0 0 0 0 0 60 0 0 0 0 0 0 0 0 0 0 0 0 0 0 0 0 38 0 0 0 0 0 0 10 0 0 0 0 0 51 0 55 0 0 0 0 0 0 44 73 0 
0 0 0 81 0 0 46 0 0 0 0 0 0 0 0 99 65 0 17 0 0 0 0 0 0 0 0 0 0 0 0 0 0 0 0 0 15 0 0 0 0 0 0 0 0 0 0 0 0 0 36 0 0 0 0 0 0 0 0 0 0 0 0 0 0 0 0 0 0 0 0 0 0 0 0 0 0 25 23 0 0 1 0 0 0 68 0 0 0 0 35 0 26 0 0 0 0 92 25 0 
0 0 0 53 0 0 0 0 0 0 25 0 0 0 87 42 0 0 0 0 0 0 0 0 0 0 0 0 0 0 0 0 13 0 0 0 83 0 0 0 71 0 0 0 0 0 21 0 0 0 0 0 0 80 0 0 0 0 0 0 0 0 0 0 0 0 11 36 0 0 22 0 0 0 0 0 0 0 0 0 0 64 0 0 0 0 0 0 0 0 0 0 0 0 73 0 41 0 0 0 
0 0 0 0 0 0 0 0 0 0 0 15 0 0 0 0 0 0 0 0 0 0 0 0 28 78 0 0 0 0 0 84 0 0 12 28 0 0 0 0 0 0 0 35 0 0 0 0 55 0 0 14 67 0 0 0 0 0 0 0 0 0 0 0 87 0 0 7 0 0 92 85 0 0 0 0 0 0 0 0 0 0 0 0 0 0 0 0 0 0 0 0 0 0 0 0 78 0 0 0 
0 0 0 0 23 0 0 0 0 0 0 0 0 0 94 0 0 0 0 0 0 93 0 0 0 0 0 0 0 0 0 0 0 83 0 0 0 86 0 0 0 0 0 0 0 0 0 0 0 0 0 0 0 0 36 0 0 0 0 0 0 0 0 87 0 0 0 0 94 0 0 0 0 0 7 1 0 0 0 0 60 0 0 64 0 0 0 0 77 0 0 0 0 0 0 0 99 0 0 71 
0 0 0 0 0 0 0 0 43 0 0 0 0 0 0 0 0 0 0 0 0 0 0 0 0 0 0 0 0 0 0 0 0 0 0 0 0 0 0 0 0 80 0 0 0 0 0 0 0 0 0 32 94 35 0 0 22 0 0 0 0 0 0 0 0 0 0 0 0 0 0 0 0 0 18 0 0 0 0 0 0 0 0 0 0 0 0 0 0 0 0 82 0 0 0 0 0 0 17 0 
0 0 0 0 0 0 0 0 0 35 0 0 0 0 0 0 0 0 31 0 0 0 0 0 0 0 0 0 0 0 0 0 0 90 0 0 0 69 0 27 0 0 0 76 0 67 0 0 0 75 0 0 0 0 0 43 93 0 0 22 0 0 11 0 0 0 0 0 0 0 0 0 0 0 0 0 0 0 0 0 0 0 0 0 0 0 0 0 60 99 0 0 0 0 0 0 0 0 0 26 
0 65 0 0 0 0 99 52 0 0 0 0 0 0 0 0 83 0 0 0 0 0 0 0 0 93 0 0 12 0 0 0 0 0 0 84 0 0 0 0 0 0 0 0 0 0 0 0 0 0 0 0 0 0 0 0 0 0 0 0 0 0 36 7 0 0 0 0 0 0 0 0 0 90 0 0 11 0 0 0 40 0 56 0 0 0 0 0 0 0 0 0 0 0 0 35 88 0 0 0 
0 99 0 0 0 0 0 0 0 0 0 91 0 89 27 0 0 0 0 0 18 0 0 0 0 0 0 42 0 0 59 0 0 0 0 0 0 0 0 0 0 0 0 0 0 0 0 0 0 0 0 0 0 0 0 0 0 0 0 0 0 0 0 0 94 0 0 0 0 52 0 0 0 0 0 0 0 14 0 0 0 0 0 0 0 0 0 0 0 0 0 0 0 0 69 0 0 0 0 67 
0 0 0 0 0 0 0 0 0 0 0 0 90 0 0 0 0 0 0 0 0 0 0 7 0 0 0 0 0 21 0 0 0 0 0 0 0 50 0 0 0 0 0 0 0 0 0 70 0 0 0 0 36 9 0 0 12 0 0 0 0 0 0 0 0 0 0 0 52 0 0 0 0 69 0 0 0 0 0 0 0 0 0 0 0 0 0 0 0 0 0 0 0 0 0 28 30 0 0 42 
0 0 11 0 0 0 0 0 0 0 0 0 0 0 0 0 0 0 0 0 40 0 0 0 0 0 0 53 0 0 0 0 0 0 0 0 0 0 0 0 0 0 60 0 0 0 0 0 0 0 0 51 0 0 0 0 0 24 0 0 0 0 22 92 0 0 0 0 0 0 0 0 0 0 0 0 0 0 25 0 90 0 0 0 44 0 0 0 0 0 0 0 0 0 46 57 0 0 10 32 
9 0 0 0 95 0 0 0 0 76 44 0 0 0 0 0 92 0 36 0 0 0 0 0 45 0 0 0 0 0 0 74 0 0 0 0 0 0 0 0 0 0 0 0 97 0 0 0 0 0 0 0 65 0 0 0 0 0 0 0 0 0 0 85 0 0 0 0 0 0 0 0 0 0 0 0 0 0 0 0 0 0 0 0 0 33 0 0 0 0 0 0 0 0 0 0 0 0 0 0 
0 0 0 0 0 0 0 0 33 27 0 0 0 0 0 0 0 0 0 0 0 0 0 0 0 0 88 0 0 0 0 0 0 0 0 0 0 0 0 0 0 0 0 0 0 0 0 0 0 0 0 0 0 0 0 0 0 57 72 20 0 0 0 0 0 0 0 0 0 0 0 0 0 0 45 0 39 0 0 0 0 0 89 0 0 0 0 0 0 0 0 0 0 88 0 0 0 0 0 0 
0 0 0 0 0 0 0 0 0 0 67 0 0 0 0 0 0 0 0 14 0 40 0 0 0 0 0 0 0 0 0 0 60 0 90 0 0 0 0 0 0 17 0 0 0 0 0 36 0 94 39 56 0 0 74 0 0 0 0 0 0 0 0 0 0 0 0 90 0 69 0 0 0 0 0 0 0 0 0 0 0 0 0 0 0 0 0 0 15 0 0 0 0 1 0 0 0 0 0 0 
0 19 0 0 0 34 0 0 0 0 0 86 0 49 0 0 0 0 0 0 0 0 0 0 0 73 0 0 0 0 0 0 0 7 0 0 0 0 0 0 0 0 34 0 0 1 0 0 0 0 0 0 0 0 0 0 0 0 0 0 0 0 0 0 7 18 0 0 0 0 0 0 45 0 0 16 0 0 0 0 92 0 0 81 27 0 0 0 0 0 0 0 0 0 0 0 0 0 0 0 
0 0 97 0 42 0 50 0 0 0 0 0 0 0 61 0 0 0 17 0 0 0 0 0 0 0 0 0 0 0 0 0 75 0 0 0 0 0 0 0 0 0 0 0 0 0 0 0 0 0 0 45 28 0 54 0 0 0 0 41 38 0 0 0 1 0 0 0 0 0 0 0 0 0 16 0 0 56 0 0 0 0 0 0 0 0 0 0 0 0 0 0 0 0 48 0 0 0 0 0 
0 0 0 0 0 0 0 56 0 0 0 0 0 0 0 0 0 0 0 0 0 0 12 0 0 0 0 36 0 0 0 0 7 0 0 0 0 0 0 0 0 0 48 0 0 0 0 0 0 0 0 0 0 0 0 0 0 0 0 0 0 0 0 0 0 0 0 11 0 0 0 0 39 0 0 0 0 0 62 0 0 0 0 0 0 0 0 0 0 0 0 0 0 0 71 0 0 0 0 0 
0 0 80 0 0 0 0 0 28 0 43 0 0 0 0 0 0 0 14 0 0 0 0 0 0 0 0 0 0 0 0 87 0 0 0 0 0 0 0 0 0 0 0 0 0 0 0 0 0 0 86 0 0 0 0 0 44 0 69 0 0 25 0 0 0 0 0 0 14 0 0 0 0 0 0 56 0 0 0 0 0 0 27 0 0 0 0 0 0 0 61 0 0 0 0 0 16 0 48 0 
0 0 0 0 0 46 0 0 0 46 0 0 0 0 0 0 0 20 0 0 0 0 0 0 0 0 27 0 0 89 0 0 0 34 0 0 0 0 0 0 0 0 0 0 0 0 0 0 0 0 77 0 55 0 0 0 0 0 0 0 0 23 0 0 0 0 0 0 0 0 25 0 0 0 0 0 62 0 0 0 58 22 0 94 0 0 0 0 0 0 0 0 0 0 0 0 0 0 0 0 
0 91 0 0 0 0 0 77 0 0 77 96 0 0 0 29 0 0 39 0 0 0 0 0 0 0 0 0 0 0 0 0 0 0 0 82 0 0 0 0 0 0 0 0 0 0 0 0 0 0 0 0 0 0 0 96 0 0 0 0 0 0 0 0 0 0 0 0 0 0 0 0 0 0 0 0 0 0 0 0 0 0 0 6 0 16 0 0 0 0 53 0 0 0 0 0 0 33 13 0 
0 0 0 0 32 0 0 43 0 0 65 0 0 66 0 0 0 0 0 0 0 0 0 0 64 0 0 0 0 0 0 0 0 0 0 0 0 0 0 0 0 0 0 0 0 0 0 0 0 0 0 66 0 60 0 0 0 75 0 0 0 0 0 0 60 0 0 40 0 0 90 0 0 0 92 0 0 0 58 0 0 0 0 0 0 0 0 0 0 0 0 0 0 9 0 74 0 0 0 0 
0 0 0 0 11 0 0 0 0 0 0 0 16 0 0 0 0 0 0 0 0 0 95 0 0 0 66 0 0 0 0 0 0 0 0 0 0 0 0 0 0 0 0 0 0 0 0 0 0 0 0 0 0 0 0 0 0 26 0 0 0 1 64 0 0 0 0 0 0 0 0 0 0 0 0 0 0 0 22 0 0 0 0 18 0 0 0 0 0 0 0 0 0 0 0 0 0 0 0 0 
0 0 0 0 0 0 0 73 0 30 0 0 10 0 0 0 0 0 0 0 0 0 0 0 0 0 0 0 0 0 0 0 0 0 0 0 0 0 73 0 0 0 0 0 0 57 0 71 51 0 0 0 15 0 0 0 0 0 0 0 10 0 0 0 0 0 0 56 0 0 0 0 89 0 0 0 0 27 0 0 0 0 0 0 0 0 0 0 0 31 95 0 0 0 0 0 0 0 0 0 
0 57 0 0 36 0 0 0 0 0 0 0 0 0 0 0 0 0 0 0 0 0 0 93 0 0 0 0 0 0 0 0 0 0 1 0 0 0 0 0 0 0 0 0 0 16 3 0 0 0 0 0 62 0 0 0 0 0 0 0 0 0 0 0 64 0 0 0 0 0 0 0 0 0 81 0 0 0 94 6 0 18 0 0 0 0 55 0 51 41 0 0 0 0 0 0 0 0 0 0 
0 0 0 0 0 95 0 0 6 0 0 0 0 0 0 0 0 35 0 0 83 0 0 89 0 0 0 79 81 0 0 0 0 0 0 0 0 0 0 0 35 0 0 0 0 0 0 0 55 0 68 52 0 0 0 0 0 0 0 0 0 0 0 0 0 0 0 0 0 0 44 0 0 0 27 0 0 0 0 0 0 0 0 0 0 0 0 56 0 0 0 0 0 0 0 0 0 0 0 0 
0 0 0 0 0 0 72 0 0 0 64 0 22 0 0 0 75 73 0 0 0 0 0 0 0 0 0 11 0 0 0 0 0 0 0 0 0 0 0 0 0 47 0 32 0 13 0 0 85 0 0 0 0 0 0 0 0 0 0 0 0 68 0 0 0 0 0 0 0 0 0 33 0 0 0 0 0 0 0 16 0 0 0 0 0 0 0 0 0 15 0 63 0 0 0 0 0 0 0 0 
0 0 0 0 0 0 0 0 0 0 0 0 0 0 0 0 0 0 0 0 0 0 0 0 60 0 0 0 0 0 84 0 0 0 0 0 0 0 0 0 0 0 0 0 0 0 0 0 0 0 0 0 0 35 0 36 0 0 0 0 0 0 0 0 0 0 0 0 0 0 0 0 0 0 0 0 0 0 0 0 0 0 0 55 0 0 0 0 68 0 0 0 22 70 0 0 0 41 0 55 
0 0 0 12 0 0 0 0 0 0 0 0 0 0 0 0 0 0 0 0 0 0 0 0 0 0 0 0 1 0 59 0 0 0 0 0 0 0 0 0 0 0 0 0 0 83 0 0 0 0 0 0 0 0 0 38 0 0 14 28 0 0 0 0 0 0 0 0 0 0 0 0 0 0 0 0 0 0 0 0 0 0 0 0 56 0 0 0 100 55 0 59 0 0 0 0 0 0 0 0 
0 0 0 0 0 0 0 0 0 0 0 0 0 0 0 0 0 5 0 0 0 0 0 0 0 0 0 0 0 0 0 0 0 77 83 0 0 0 0 0 0 0 78 0 0 0 75 0 0 0 0 0 0 0 35 0 0 0 0 0 51 0 0 0 77 0 60 0 0 0 0 0 0 15 0 0 0 0 0 0 0 0 0 51 0 0 68 100 0 0 0 0 0 14 0 0 19 0 0 0 
0 0 0 0 24 0 0 0 0 0 0 0 0 0 0 0 49 0 0 0 0 32 0 49 28 0 0 0 0 0 0 0 0 95 0 0 0 0 0 0 0 32 0 0 85 0 0 0 0 0 0 0 0 0 0 0 0 0 0 0 0 0 0 0 0 0 99 0 0 0 0 0 0 0 0 0 0 0 0 0 0 0 31 41 0 15 0 55 0 0 0 0 0 4 0 0 0 9 0 0 
0 6 0 0 0 0 0 0 0 0 0 0 0 0 0 0 0 0 0 48 0 0 0 0 0 0 69 0 0 0 0 43 0 0 0 0 0 0 64 0 0 0 0 0 0 0 0 0 0 0 6 0 0 0 0 0 0 98 0 0 55 35 0 0 0 0 0 0 0 0 0 0 0 0 0 0 0 61 0 53 0 0 95 0 0 0 0 0 0 0 0 18 38 0 0 0 0 0 83 0 
0 0 0 0 0 0 77 0 0 0 0 0 0 0 0 0 0 0 0 17 0 0 0 0 0 0 0 0 0 0 0 0 0 0 0 0 0 0 79 0 0 0 0 0 0 0 0 0 0 0 0 0 0 0 0 0 0 0 0 94 0 0 0 0 0 82 0 0 0 0 0 0 0 0 0 0 0 0 0 0 0 0 0 0 0 63 0 59 0 0 18 0 0 0 47 0 0 0 0 0 
0 0 0 0 0 0 0 0 0 0 0 0 0 0 0 0 0 0 0 0 0 8 67 0 0 0 0 0 0 0 78 79 0 0 0 0 0 89 0 84 0 0 0 0 0 0 0 0 37 0 0 0 0 0 0 97 61 21 89 0 0 26 0 0 0 0 0 0 0 0 0 0 0 0 0 0 0 0 0 0 0 0 0 0 0 0 22 0 0 0 38 0 0 0 0 0 0 0 0 0 
49 0 0 0 0 0 0 0 0 82 0 0 0 0 0 0 0 0 0 0 0 0 0 0 0 0 91 42 0 0 0 0 8 0 0 0 0 0 0 0 0 0 0 0 0 0 0 68 0 0 0 0 0 0 0 41 0 24 0 0 0 0 0 0 0 0 0 0 0 0 0 0 88 1 0 0 0 0 0 0 9 0 0 0 0 0 70 0 14 4 0 0 0 0 0 40 0 0 0 0 
0 0 57 0 0 0 0 0 0 0 0 0 0 74 0 0 0 0 0 0 55 0 0 0 0 0 0 59 0 0 0 0 0 0 0 0 0 0 0 0 0 0 0 0 0 0 88 0 0 0 0 0 0 0 0 0 46 43 0 0 0 0 73 0 0 0 0 0 69 0 46 0 0 0 0 48 71 0 0 0 0 0 0 0 0 0 0 0 0 0 0 47 0 0 0 0 98 73 0 0 
0 18 0 0 0 0 0 0 0 11 0 0 0 0 0 85 30 0 0 53 0 0 0 0 0 82 0 0 0 0 0 0 0 0 0 0 0 0 0 0 0 0 0 76 0 0 0 0 0 0 0 0 0 14 52 0 0 0 0 0 0 0 0 0 0 0 0 35 0 28 57 0 0 0 0 0 0 0 0 0 74 0 0 0 0 0 0 0 0 0 0 0 0 40 0 0 0 59 0 0 
0 0 0 0 0 0 0 0 70 0 0 0 0 0 0 0 0 0 0 96 0 0 100 0 0 0 0 0 0 15 0 0 0 30 0 73 0 0 0 0 0 0 0 0 0 0 0 0 0 0 0 0 0 0 0 0 0 0 18 0 0 0 41 78 99 0 0 88 0 30 0 0 0 0 0 0 0 16 0 0 0 0 0 0 0 0 0 0 19 0 0 0 0 0 98 0 0 0 0 0 
0 0 0 0 0 91 0 0 0 0 0 0 0 0 0 90 0 66 0 0 0 0 0 0 0 0 0 54 0 0 0 0 0 0 0 0 27 0 0 0 0 0 0 0 0 0 0 0 0 0 90 0 0 0 97 0 0 0 0 0 44 92 0 0 0 0 0 0 0 0 0 0 0 0 0 0 0 0 0 33 0 0 0 0 0 0 41 0 0 9 0 0 0 0 73 59 0 0 0 0 
0 0 75 0 0 51 0 0 0 0 0 79 0 0 0 0 0 0 0 0 0 0 0 0 0 0 0 0 0 0 91 0 0 0 0 0 0 0 0 0 0 1 0 0 0 0 0 0 12 0 0 0 0 0 0 62 0 0 0 30 73 25 0 0 0 17 0 0 0 0 10 0 0 0 0 0 0 48 0 13 0 0 0 0 0 0 0 0 0 0 83 0 0 0 0 0 0 0 0 0 
0 0 0 93 0 0 0 6 1 0 0 0 0 0 0 0 0 0 0 0 0 0 0 0 0 0 0 0 0 0 82 0 0 0 0 0 0 0 0 0 0 0 0 0 0 0 0 0 0 75 84 0 0 0 0 0 35 27 0 0 0 0 0 0 71 0 26 0 67 42 32 0 0 0 0 0 0 0 0 0 0 0 0 0 0 0 55 0 0 0 0 0 0 0 0 0 0 0 0 0 
