0 0 0 0 0 56 0 0 0 0 0 0 0 0 0 180 0 0 0 0 0 0 260 119 0 145 0 0 0 0 0 0 0 0 0 467 0 35 0 0 0 0 422 0 0 0 0 0 0 318 0 0 0 0 0 0 0 108 0 0 0 0 0 0 0 0 0 0 0 0 0 0 0 0 0 245 0 0 0 0 0 0 0 0 70 0 0 0 0 0 0 0 0 487 418 358 0 0 0 0 
0 0 0 0 0 0 0 0 0 0 0 0 0 0 0 0 420 0 0 0 0 0 0 198 0 0 0 0 0 0 0 0 0 0 0 0 0 0 0 0 0 0 0 0 0 0 0 0 0 0 0 0 0 0 0 0 2 0 0 0 223 0 0 397 0 0 0 0 0 0 0 0 132 0 200 0 0 0 0 0 0 0 0 0 0 0 0 0 0 0 0 0 0 0 0 0 0 0 0 306 
0 0 0 0 0 407 0 0 0 0 144 0 0 0 0 0 0 0 0 0 0 0 0 0 72 0 0 0 0 447 390 0 0 0 0 0 0 0 499 0 0 0 0 0 0 0 0 0 0 62 0 0 0 0 0 0 0 0 0 0 0 0 0 0 0 0 0 187 0 0 0 0 0 0 0 0 0 0 0 0 0 0 326 5 0 0 0 0 0 0 0 0 128 84 22 0 0 0 200 0 
0 0 0 0 0 0 0 0 0 0 0 0 0 353 0 0 0 382 0 0 0 0 0 0 0 0 0 42 0 0 0 0 0 0 0 0 0 0 420 0 460 0 0 0 417 0 0 265 0 0 0 237 0 0 492 0 0 2 0 0 0 492 0 0 0 0 0 0 0 0 0 0 0 326 0 369 0 0 0 0 0 212 0 0 0 0 311 0 0 0 0 0 0 0 0 0 0 0 0 0 
0 0 0 0 0 0 0 0 0 42 0 0 0 0 0 0 434 0 0 0 0 0 330 481 0 0 0 0 0 0 484 0 0 0 0 354 0 0 428 0 416 0 0 0 0 0 0 0 284 0 0 0 0 0 256 0 0 0 0 0 0 0 457 0 0 406 0 0 0 0 0 0 0 0 0 0 0 0 0 0 0 0 0 0 0 374 0 0 0 0 0 0 0 294 0 0 305 0 0 0 
56 0 407 0 0 0 0 0 0 0 0 0 0 0 0 0 0 433 0 81 0 0 0 0 0 0 0 0 240 0 134 0 0 0 0 0 0 0 0 275 0 0 0 400 0 0 0 0 0 0 364 57 0 0 0 0 0 0 475 391 0 0 0 0 345 133 0 0 0 0 0 0 0 0 0 0 0 0 0 0 0 0 0 0 0 0 354 0 0 0 0 0 0 0 0 0 0 0 0 0 
0 0 0 0 0 0 0 0 0 0 0 0 0 0 0 0 0 0 0 80 0 0 385 0 0 0 0 0 0 0 297 0 428 0 0 0 0 0 0 0 0 0 0 106 124 0 0 168 0 62 0 0 0 0 0 0 0 0 0 0 0 0 0 0 0 0 0 0 0 0 0 278 380 0 0 0 121 0 0 0 0 0 0 0 0 0 28 0 0 0 365 303 0 0 0 370 0 0 0 0 
0 0 0 0 0 0 0 0 242 0 0 0 0 0 452 0 0 0 262 0 0 0 0 0 0 0 0 0 0 0 0 0 0 0 0 0 0 0 0 0 0 0 0 0 0 82 0 0 0 325 0 208 0 0 0 0 0 0 0 249 234 69 0 0 0 0 0 0 0 0 0 0 0 0 0 0 455 0 0 0 0 496 0 0 0 0 0 0 0 0 0 0 0 0 36 0 0 0 0 0 
0 0 0 0 0 0 0 242 0 0 0 0 0 298 0 0 0 0 0 0 257 0 0 0 0 301 442 0 0 0 0 0 0 37 0 448 0 0 0 348 0 0 0 0 0 0 0 0 0 0 0 0 27 0 0 0 0 0 0 0 143 0 0 0 0 0 354 0 0 0 0 0 0 276 0 0 0 0 299 0 0 0 0 0 0 0 146 0 0 0 0 0 0 178 0 0 0 0 0 0 
0 0 0 0 42 0 0 0 0 0 0 54 0 81 0 0 0 0 0 0 0 59 0 226 0 0 261 0 0 0 0 13 0 419 0 0 0 250 0 0 0 0 0 0 0 0 131 0 0 0 0 0 0 0 0 0 0 0 0 0 0 0 0 17 0 0 0 0 0 0 82 0 0 0 0 0 0 0 0 0 169 0 0 0 19 278 0 0 0 0 0 0 0 0 0 0 0 0 0 0 
0 0 144 0 0 0 0 0 0 0 0 0 0 0 0 0 0 177 227 0 0 0 0 0 0 0 0 0 0 0 0 0 0 0 0 0 0 0 0 0 235 0 0 345 0 0 0 0 3 0 340 336 0 0 0 0 0 0 0 0 0 58 0 0 0 0 0 187 315 0 0 0 0 0 0 0 0 367 0 462 98 0 0 0 0 0 0 0 0 0 0 0 0 0 0 333 0 0 0 0 
0 0 0 0 0 0 0 0 0 54 0 0 0 90 0 0 0 0 206 0 0 201 0 0 0 0 0 0 0 0 0 0 0 0 0 374 139 0 0 0 0 0 0 0 0 482 0 0 0 0 433 0 0 0 0 0 0 0 0 375 0 0 0 0 375 0 0 0 0 0 0 0 0 0 0 0 0 0 0 0 357 0 0 0 0 461 0 0 382 0 0 0 0 0 0 255 0 161 0 0 
0 0 0 0 0 0 0 0 0 0 0 0 0 0 0 0 0 0 0 0 0 0 0 0 0 0 427 0 0 0 0 18 0 0 0 0 0 0 0 0 0 274 0 0 0 0 0 0 0 0 336 0 0 0 0 0 225 0 0 0 0 0 0 0 0 72 0 0 92 0 0 0 0 0 440 0 0 0 0 0 0 28 0 105 432 0 259 315 0 0 0 395 0 0 242 0 0 0 0 0 
0 0 0 353 0 0 0 0 298 81 0 90 0 0 300 0 0 0 0 0 0 0 0 0 0 0 0 0 388 0 0 0 0 0 0 0 0 185 0 0 0 0 0 0 0 0 0 0 0 0 0 0 0 0 0 0 0 353 0 148 0 0 0 241 19 49 0 0 0 0 0 0 0 0 0 0 0 331 0 0 0 0 0 447 0 0 0 0 0 0 0 0 0 0 0 0 0 0 183 0 
0 0 0 0 0 0 0 452 0 0 0 0 0 300 0 0 0 0 0 0 484 251 0 0 0 0 0 0 0 0 0 0 0 0 108 0 0 0 0 0 0 0 0 0 0 0 0 0 0 0 0 197 0 0 0 0 0 0 0 0 0 0 160 0 0 0 0 0 0 0 0 0 0 0 0 0 0 0 0 0 0 0 0 0 312 0 0 0 0 0 0 0 0 0 0 0 332 0 0 0 
180 0 0 0 0 0 0 0 0 0 0 0 0 0 0 0 0 221 0 0 0 0 0 0 379 0 0 0 334 0 0 0 0 0 0 0 0 0 0 0 0 0 0 0 0 0 0 0 0 0 0 0 0 0 477 0 0 0 0 0 0 0 0 0 0 0 0 188 443 0 0 0 0 0 0 0 131 0 0 0 0 430 0 0 0 0 0 137 202 0 0 0 0 0 0 0 0 0 0 311 
0 420 0 0 434 0 0 0 0 0 0 0 0 0 0 0 0 0 0 0 0 0 0 0 0 0 0 0 0 0 0 0 0 0 0 0 0 0 122 0 0 0 0 440 0 0 0 431 0 0 0 0 0 184 0 0 0 498 0 0 0 364 0 0 0 0 0 423 0 0 0 0 124 0 0 0 0 0 0 0 0 0 0 0 0 0 0 0 0 0 0 0 0 0 0 0 0 0 0 0 
0 0 0 382 0 433 0 0 0 0 177 0 0 0 0 221 0 0 0 0 0 0 0 0 0 0 86 0 0 0 0 0 0 0 0 0 432 0 0 0 0 337 40 0 0 0 0 0 0 0 0 0 0 0 0 167 0 0 0 0 0 0 0 0 0 0 0 0 133 271 0 281 0 0 0 0 0 0 0 0 0 0 0 0 0 0 0 0 0 342 0 0 0 0 0 0 466 0 0 191 
0 0 0 0 0 0 0 262 0 0 227 206 0 0 0 0 0 0 0 0 0 131 0 255 0 0 0 0 0 0 0 0 429 0 299 0 0 73 0 0 0 0 0 0 0 0 0 375 0 0 0 0 0 0 0 0 0 0 0 0 145 0 0 0 77 0 479 0 0 0 0 47 0 0 0 0 0 0 0 0 0 0 0 219 0 0 0 0 0 457 0 0 0 0 0 0 0 0 0 0 
0 0 0 0 0 81 80 0 0 0 0 0 0 0 0 0 0 0 0 0 0 0 0 0 0 0 0 0 0 0 0 59 0 0 0 0 0 0 0 38 0 493 0 0 0 241 0 0 0 0 0 0 0 0 0 0 0 0 0 0 365 342 0 0 1 0 375 0 0 0 0 275 0 0 0 0 0 0 0 128 182 0 0 0 0 0 0 0 0 0 0 0 189 0 0 0 0 0 0 256 
0 0 0 0 0 0 0 0 257 0 0 0 0 0 484 0 0 0 0 0 0 0 0 0 0 0 0 0 0 0 0 0 0 0 0 0 0 0 36 0 0 0 127 0 0 0 0 0 0 388 0 0 0 121 0 0 0 0 0 0 0 0 0 0 0 0 0 0 0 0 0 0 0 0 0 0 0 0 0 0 0 0 0 0 0 0 0 458 0 0 0 0 0 0 0 0 0 0 0 0 
0 0 0 0 0 0 0 0 0 59 0 201 0 0 251 0 0 0 131 0 0 0 0 0 0 0 0 0 0 270 0 0 0 0 0 282 0 0 441 0 246 0 0 0 0 0 0 0 0 246 0 0 0 0 0 416 0 0 0 51 0 0 0 0 0 0 0 0 80 0 394 0 0 0 0 0 0 0 0 0 0 0 0 0 0 0 0 0 0 0 0 0 0 0 0 65 0 72 0 0 
260 0 0 0 330 0 385 0 0 0 0 0 0 0 0 0 0 0 0 0 0 0 0 0 431 0 459 0 0 0 0 256 0 0 0 0 0 0 0 0 0 297 0 0 0 0 0 0 0 0 0 285 0 0 120 0 0 0 0 0 0 0 0 0 0 0 0 0 0 0 0 0 0 0 0 0 0 0 0 0 0 0 0 478 439 0 0 0 70 0 0 0 0 0 0 0 0 0 124 0 
119 198 0 0 481 0 0 0 0 226 0 0 0 0 0 0 0 0 255 0 0 0 0 0 0 0 0 0 0 0 54 134 0 0 0 415 0 0 0 427 0 0 0 490 0 0 0 0 0 471 0 0 0 0 0 0 0 0 0 0 0 0 0 0 0 0 206 0 0 0 0 0 0 0 0 0 0 0 0 0 0 0 0 0 0 129 0 0 0 0 0 0 26 0 0 0 0 0 315 0 
0 0 72 0 0 0 0 0 0 0 0 0 0 0 0 379 0 0 0 0 0 0 431 0 0 0 0 0 0 0 0 0 0 0 0 0 462 190 0 237 0 0 0 0 0 0 232 0 0 0 0 290 56 0 0 0 0 0 0 0 0 0 0 0 0 0 0 219 0 0 0 0 0 0 0 0 0 0 0 0 17 0 0 0 0 0 0 0 0 0 0 0 0 0 0 0 0 0 0 0 
145 0 0 0 0 0 0 0 301 0 0 0 0 0 0 0 0 0 0 0 0 0 0 0 0 0 0 0 0 0 0 0 0 23 0 0 0 0 0 0 0 0 0 0 0 0 0 259 296 0 0 0 0 0 0 0 0 0 0 0 0 288 0 0 0 0 0 0 0 0 0 0 0 0 0 0 0 0 0 0 296 0 0 0 282 0 0 0 0 0 0 124 0 0 85 0 0 0 0 0 
0 0 0 0 0 0 0 0 442 261 0 0 427 0 0 0 0 86 0 0 0 0 459 0 0 0 0 0 0 496 0 0 0 0 0 0 0 0 0 0 0 0 0 0 0 0 0 0 0 0 0 380 0 0 0 0 0 0 255 0 0 0 212 149 0 0 0 0 0 0 101 0 0 0 364 406 236 0 0 0 0 0 0 0 0 0 0 0 0 0 0 0 0 0 0 0 0 0 0 477 
0 0 0 42 0 0 0 0 0 0 0 0 0 0 0 0 0 0 0 0 0 0 0 0 0 0 0 0 0 0 260 0 0 433 0 0 0 0 0 421 0 0 0 135 0 398 0 0 0 0 0 0 241 0 0 0 467 0 344 0 0 0 0 0 39 0 0 0 0 275 0 0 0 0 0 446 0 0 0 0 0 0 0 0 0 0 0 327 0 0 24 0 0 0 207 0 0 0 0 0 
0 0 0 0 0 240 0 0 0 0 0 0 0 388 0 334 0 0 0 0 0 0 0 0 0 0 0 0 0 0 0 0 0 0 0 0 0 0 0 0 0 0 0 467 0 0 0 0 0 0 0 0 0 0 0 0 128 0 0 0 0 0 0 0 0 0 0 0 0 0 0 0 0 0 0 156 0 0 0 0 0 0 485 0 0 119 0 0 267 0 0 0 0 0 0 0 0 0 0 0 
0 0 447 0 0 0 0 0 0 0 0 0 0 0 0 0 0 0 0 0 0 270 0 0 0 0 496 0 0 0 0 0 0 0 0 0 326 0 0 0 195 0 0 0 0 0 262 0 0 0 0 0 0 0 0 0 226 0 0 0 0 0 0 0 0 0 0 0 457 0 0 0 0 0 0 0 489 0 0 433 202 352 0 0 0 0 0 0 0 24 0 0 0 0 0 0 0 0 0 0 
0 0 390 0 484 134 297 0 0 0 0 0 0 0 0 0 0 0 0 0 0 0 0 54 0 0 0 260 0 0 0 0 0 0 0 356 281 0 0 212 0 0 0 0 0 0 0 0 0 0 0 0 0 0 0 0 0 0 0 0 0 55 0 0 0 0 0 0 0 0 0 0 0 0 0 0 0 0 0 0 0 0 0 0 0 0 0 0 209 0 0 0 0 0 0 0 0 0 0 0 
0 0 0 0 0 0 0 0 0 13 0 0 18 0 0 0 0 0 0 59 0 0 256 134 0 0 0 0 0 0 0 0 0 0 0 0 0 0 0 0 0 0 0 256 0 0 0 264 0 0 0 0 0 0 0 0 0 0 0 0 0 0 121 0 0 202 0 0 0 0 0 0 0 0 0 0 266 0 96 241 0 0 0 0 0 263 0 0 0 0 0 0 0 0 0 0 0 99 472 0 
0 0 0 0 0 0 428 0 0 0 0 0 0 0 0 0 0 0 429 0 0 0 0 0 0 0 0 0 0 0 0 0 0 0 343 160 0 0 58 0 21 0 0 0 0 0 0 0 0 0 0 0 380 0 0 0 0 0 0 500 0 0 0 0 0 0 0 0 0 0 0 232 0 0 0 0 145 0 0 0 0 0 0 0 0 0 0 0 0 0 0 55 0 0 0 0 0 0 190 0 
0 0 0 0 0 0 0 0 37 419 0 0 0 0 0 0 0 0 0 0 0 0 0 0 0 23 0 433 0 0 0 0 0 0 0 0 0 0 0 0 0 0 0 0 0 0 0 0 0 0 0 0 0 39 0 0 0 197 0 0 499 0 0 0 0 174 0 0 0 301 0 0 0 161 0 0 0 0 0 0 0 0 246 0 448 0 0 0 0 0 0 0 0 0 42 0 0 0 381 0 
0 0 0 0 0 0 0 0 0 0 0 0 0 0 108 0 0 0 299 0 0 0 0 0 0 0 0 0 0 0 0 0 343 0 0 0 0 0 0 0 0 0 165 415 0 0 0 0 0 0 0 0 283 73 0 0 0 0 190 0 0 0 0 0 0 0 0 0 0 0 0 0 0 0 0 0 0 0 0 0 0 0 0 0 94 0 0 0 192 0 479 382 0 128 0 0 0 362 121 0 
467 0 0 0 354 0 0 0 448 0 0 374 0 0 0 0 0 0 0 0 0 282 0 415 0 0 0 0 0 0 356 0 160 0 0 0 0 0 0 0 0 403 0 0 0 0 0 0 0 0 0 0 0 0 0 0 105 484 0 0 0 0 0 0 401 0 0 0 0 0 0 0 0 0 0 0 0 0 0 0 0 0 0 0 0 0 0 0 0 0 0 0 0 385 0 0 320 340 0 0 
0 0 0 0 0 0 0 0 0 0 0 139 0 0 0 0 0 432 0 0 0 0 0 0 462 0 0 0 0 326 281 0 0 0 0 0 0 0 0 330 0 0 0 0 0 0 0 0 0 0 0 0 0 0 0 0 0 0 0 0 0 0 0 0 0 0 0 0 459 216 0 0 0 0 0 0 16 0 0 0 216 0 0 0 89 0 220 0 0 0 346 0 357 0 0 69 0 0 0 0 
35 0 0 0 0 0 0 0 0 250 0 0 0 185 0 0 0 0 73 0 0 0 0 0 190 0 0 0 0 0 0 0 0 0 0 0 0 0 0 0 0 0 417 0 266 0 0 0 0 0 0 0 0 443 0 0 0 0 236 0 0 0 7 0 0 0 0 0 0 0 0 0 0 0 0 0 0 342 394 0 0 0 0 0 0 0 0 0 0 0 123 0 421 0 0 0 0 0 0 0 
0 0 499 420 428 0 0 0 0 0 0 0 0 0 0 0 122 0 0 0 36 441 0 0 0 0 0 0 0 0 0 0 58 0 0 0 0 0 0 0 0 379 0 0 0 0 0 0 0 0 0 0 0 0 0 0 0 0 0 0 0 0 0 0 0 390 0 0 0 0 0 0 0 0 0 0 0 0 289 0 0 486 0 0 0 374 0 0 0 0 0 0 0 0 0 0 0 0 0 0 
0 0 0 0 0 275 0 0 348 0 0 0 0 0 0 0 0 0 0 38 0 0 0 427 237 0 0 421 0 0 212 0 0 0 0 0 330 0 0 0 0 0 0 0 26 0 0 0 0 396 0 0 0 0 382 0 0 206 0 0 0 0 0 0 0 0 415 0 0 0 0 273 0 0 0 0 0 0 0 455 0 0 0 0 0 0 0 0 0 0 0 0 0 0 0 0 0 0 0 0 
0 0 0 460 416 0 0 0 0 0 235 0 0 0 0 0 0 0 0 0 0 246 0 0 0 0 0 0 0 195 0 0 21 0 0 0 0 0 0 0 0 0 0 0 0 0 0 0 116 0 0 228 0 497 0 399 0 474 0 0 0 9 0 0 0 249 0 0 0 0 0 0 0 0 0 0 0 0 0 0 0 0 0 325 0 0 0 42 0 0 0 0 0 0 0 0 0 0 0 0 
0 0 0 0 0 0 0 0 0 0 0 0 274 0 0 0 0 337 0 493 0 0 297 0 0 0 0 0 0 0 0 0 0 0 0 403 0 0 379 0 0 0 0 0 0 0 0 53 0 0 0 0 0 0 0 0 0 0 0 0 0 0 0 0 0 0 0 0 0 0 0 0 0 0 0 0 0 0 0 0 490 0 284 0 0 0 0 0 0 40 0 0 210 0 193 0 221 0 0 0 
422 0 0 0 0 0 0 0 0 0 0 0 0 0 0 0 0 40 0 0 127 0 0 0 0 0 0 0 0 0 0 0 0 0 165 0 0 417 0 0 0 0 0 0 102 0 0 0 0 0 0 0 0 0 0 0 0 0 0 482 0 0 0 0 0 476 0 0 0 0 0 0 0 0 0 0 369 0 0 0 0 0 0 320 0 353 0 367 0 442 0 0 0 0 0 0 0 0 0 164 
0 0 0 0 0 400 106 0 0 0 345 0 0 0 0 0 440 0 0 0 0 0 0 490 0 0 0 135 467 0 0 256 0 0 415 0 0 0 0 0 0 0 0 0 0 0 0 0 0 0 0 0 0 0 0 0 0 0 223 434 0 0 0 0 0 0 0 0 0 0 0 0 199 0 0 0 0 0 0 0 0 0 204 0 0 0 0 159 0 0 0 0 0 0 0 0 0 0 0 430 
0 0 0 417 0 0 124 0 0 0 0 0 0 0 0 0 0 0 0 0 0 0 0 0 0 0 0 0 0 0 0 0 0 0 0 0 0 266 0 26 0 0 102 0 0 0 1 0 0 415 347 0 0 0 0 0 0 0 0 0 0 0 0 486 0 0 0 297 0 0 0 0 0 0 0 0 190 0 232 0 60 0 0 0 0 467 0 0 0 0 0 0 0 0 0 0 0 0 0 184 
0 0 0 0 0 0 0 82 0 0 0 482 0 0 0 0 0 0 0 241 0 0 0 0 0 0 0 398 0 0 0 0 0 0 0 0 0 0 0 0 0 0 0 0 0 0 322 0 0 0 360 0 0 467 0 126 0 0 0 268 350 0 0 0 0 0 0 0 0 0 9 0 0 0 0 0 0 0 411 0 158 0 0 0 0 0 0 0 0 0 0 0 0 0 0 0 0 0 0 0 
0 0 0 0 0 0 0 0 0 131 0 0 0 0 0 0 0 0 0 0 0 0 0 0 232 0 0 0 0 262 0 0 0 0 0 0 0 0 0 0 0 0 0 0 1 322 0 0 344 0 0 0 0 0 0 0 0 0 0 0 0 0 0 0 0 400 0 27 0 0 0 0 0 0 0 0 0 0 0 0 0 0 0 185 0 458 0 0 0 0 346 0 0 0 465 0 0 0 0 335 
0 0 0 265 0 0 168 0 0 0 0 0 0 0 0 0 431 0 375 0 0 0 0 0 0 259 0 0 0 0 0 264 0 0 0 0 0 0 0 0 0 53 0 0 0 0 0 0 68 0 0 0 68 0 0 0 0 0 0 0 0 0 0 0 424 0 0 0 187 0 0 0 0 0 62 336 0 0 0 0 0 0 428 0 0 0 0 0 0 271 0 0 0 0 0 0 0 0 0 0 
0 0 0 0 284 0 0 0 0 0 3 0 0 0 0 0 0 0 0 0 0 0 0 0 0 296 0 0 0 0 0 0 0 0 0 0 0 0 0 0 116 0 0 0 0 0 344 68 0 0 0 0 0 0 0 0 0 0 0 280 0 0 0 0 0 458 0 0 0 0 0 109 0 0 0 0 0 0 486 0 0 0 324 0 0 0 0 0 0 453 251 237 0 0 0 0 137 0 0 0 
318 0 62 0 0 0 62 325 0 0 0 0 0 0 0 0 0 0 0 0 388 246 0 471 0 0 0 0 0 0 0 0 0 0 0 0 0 0 0 396 0 0 0 0 415 0 0 0 0 0 0 0 0 0 0 0 0 0 0 113 313 0 262 0 0 0 0 0 0 0 0 0 0 0 0 0 0 0 132 0 0 0 0 211 0 0 0 0 0 0 0 469 0 0 0 0 0 0 0 0 
0 0 0 0 0 364 0 0 0 0 340 433 336 0 0 0 0 0 0 0 0 0 0 0 0 0 0 0 0 0 0 0 0 0 0 0 0 0 0 0 0 0 0 0 347 360 0 0 0 0 0 0 0 0 0 0 0 0 0 0 0 0 0 0 0 0 0 0 0 0 104 0 0 0 0 0 0 83 0 0 0 0 0 0 0 0 0 0 0 0 0 0 0 0 0 0 0 0 0 0 
0 0 0 237 0 57 0 208 0 0 336 0 0 0 197 0 0 0 0 0 0 0 285 0 290 0 380 0 0 0 0 0 0 0 0 0 0 0 0 0 228 0 0 0 0 0 0 0 0 0 0 0 0 0 0 0 0 0 0 0 0 0 176 0 402 0 0 0 498 0 0 0 0 0 0 384 0 0 0 0 0 0 0 0 0 0 474 0 0 0 0 0 0 0 0 0 0 0 344 0 
0 0 0 0 0 0 0 0 27 0 0 0 0 0 0 0 0 0 0 0 0 0 0 0 56 0 0 241 0 0 0 0 380 0 283 0 0 0 0 0 0 0 0 0 0 0 0 68 0 0 0 0 0 0 455 0 0 227 0 0 0 0 0 271 0 0 0 0 0 238 0 0 166 0 0 0 334 0 0 0 0 117 0 181 0 0 0 144 0 0 0 0 0 0 0 0 0 0 0 0 
0 0 0 0 0 0 0 0 0 0 0 0 0 0 0 0 184 0 0 0 121 0 0 0 0 0 0 0 0 0 0 0 0 39 73 0 0 443 0 0 497 0 0 0 0 467 0 0 0 0 0 0 0 0 0 0 130 0 0 0 0 0 0 0 0 0 0 178 0 426 0 0 0 0 0 0 0 0 0 0 0 0 0 0 0 0 0 0 0 0 0 0 0 0 0 0 0 0 0 0 
0 0 0 492 256 0 0 0 0 0 0 0 0 0 0 477 0 0 0 0 0 0 120 0 0 0 0 0 0 0 0 0 0 0 0 0 0 0 0 382 0 0 0 0 0 0 0 0 0 0 0 0 455 0 0 0 0 0 0 0 0 0 0 0 0 0 2 0 0 0 0 0 0 0 0 384 0 0 0 0 0 0 0 0 0 0 0 0 0 0 0 0 0 61 0 213 0 0 0 0 
0 0 0 0 0 0 0 0 0 0 0 0 0 0 0 0 0 167 0 0 0 416 0 0 0 0 0 0 0 0 0 0 0 0 0 0 0 0 0 0 399 0 0 0 0 126 0 0 0 0 0 0 0 0 0 0 0 0 0 0 0 0 0 0 0 0 328 0 0 213 0 0 0 6 0 0 0 0 0 0 0 0 34 0 0 0 0 419 0 0 0 0 167 0 383 0 0 0 0 0 
0 2 0 0 0 0 0 0 0 0 0 0 225 0 0 0 0 0 0 0 0 0 0 0 0 0 0 467 128 226 0 0 0 0 0 105 0 0 0 0 0 0 0 0 0 0 0 0 0 0 0 0 0 130 0 0 0 0 0 0 0 0 0 0 0 0 0 0 0 0 0 0 0 401 0 0 0 0 0 0 92 120 494 0 0 0 0 0 360 0 0 0 0 0 0 0 0 0 93 0 
108 0 0 2 0 0 0 0 0 0 0 0 0 353 0 0 498 0 0 0 0 0 0 0 0 0 0 0 0 0 0 0 0 197 0 484 0 0 0 206 474 0 0 0 0 0 0 0 0 0 0 0 227 0 0 0 0 0 0 0 0 0 0 0 0 0 0 382 253 0 0 0 0 0 0 0 0 0 0 0 123 0 0 0 0 0 0 0 0 0 68 0 0 0 0 295 0 0 74 0 
0 0 0 0 0 475 0 0 0 0 0 0 0 0 0 0 0 0 0 0 0 0 0 0 0 0 255 344 0 0 0 0 0 0 190 0 0 236 0 0 0 0 0 223 0 0 0 0 0 0 0 0 0 0 0 0 0 0 0 0 0 0 157 273 0 0 0 0 0 347 122 0 0 0 0 0 0 0 173 0 0 0 0 0 0 0 0 56 0 0 0 163 0 67 0 0 0 235 0 0 
0 0 0 0 0 391 0 249 0 0 0 375 0 148 0 0 0 0 0 0 0 51 0 0 0 0 0 0 0 0 0 0 500 0 0 0 0 0 0 0 0 0 482 434 0 268 0 0 280 113 0 0 0 0 0 0 0 0 0 0 0 0 0 0 0 0 0 0 0 468 0 63 0 0 0 0 0 0 0 0 0 0 0 0 0 0 164 0 0 0 0 0 53 0 0 0 0 0 0 0 
0 223 0 0 0 0 0 234 143 0 0 0 0 0 0 0 0 0 145 365 0 0 0 0 0 0 0 0 0 0 0 0 0 499 0 0 0 0 0 0 0 0 0 0 0 350 0 0 0 313 0 0 0 0 0 0 0 0 0 0 0 0 0 0 0 0 0 0 0 0 332 0 0 0 0 0 499 0 0 0 0 0 0 0 0 0 198 0 0 0 0 0 0 0 0 192 0 286 0 0 
0 0 0 492 0 0 0 69 0 0 58 0 0 0 0 0 364 0 0 342 0 0 0 0 0 288 0 0 0 0 55 0 0 0 0 0 0 0 0 0 9 0 0 0 0 0 0 0 0 0 0 0 0 0 0 0 0 0 0 0 0 0 0 0 0 0 0 0 0 0 467 0 172 398 0 0 0 0 0 0 0 14 386 0 0 347 0 0 0 0 0 0 0 0 0 0 0 0 0 113 
0 0 0 0 457 0 0 0 0 0 0 0 0 0 160 0 0 0 0 0 0 0 0 0 0 0 212 0 0 0 0 121 0 0 0 0 0 7 0 0 0 0 0 0 0 0 0 0 0 262 0 176 0 0 0 0 0 0 157 0 0 0 0 0 0 0 0 0 0 439 4 0 0 134 0 0 363 0 491 68 0 0 117 0 0 0 0 0 0 0 0 0 0 0 0 0 0 0 0 0 
0 397 0 0 0 0 0 0 0 17 0 0 0 241 0 0 0 0 0 0 0 0 0 0 0 0 149 0 0 0 0 0 0 0 0 0 0 0 0 0 0 0 0 0 486 0 0 0 0 0 0 0 271 0 0 0 0 0 273 0 0 0 0 0 0 0 0 378 244 0 0 0 229 24 0 0 0 0 0 0 318 0 0 0 143 0 0 0 0 17 0 0 0 0 0 208 0 0 0 0 
0 0 0 0 0 345 0 0 0 0 0 375 0 19 0 0 0 0 77 1 0 0 0 0 0 0 0 39 0 0 0 0 0 0 0 401 0 0 0 0 0 0 0 0 0 0 0 424 0 0 0 402 0 0 0 0 0 0 0 0 0 0 0 0 0 0 0 167 0 0 0 0 0 0 0 0 0 0 0 0 0 127 0 0 0 0 0 0 0 0 0 283 0 0 0 0 0 0 0 0 
0 0 0 0 406 133 0 0 0 0 0 0 72 49 0 0 0 0 0 0 0 0 0 0 0 0 0 0 0 0 0 202 0 174 0 0 0 0 390 0 249 0 476 0 0 0 400 0 458 0 0 0 0 0 0 0 0 0 0 0 0 0 0 0 0 0 0 0 0 24 0 0 0 0 0 0 0 237 0 0 0 0 0 0 192 0 0 0 0 0 0 0 0 0 0 0 0 147 0 0 
0 0 0 0 0 0 0 0 354 0 0 0 0 0 0 0 0 0 479 375 0 0 0 206 0 0 0 0 0 0 0 0 0 0 0 0 0 0 0 415 0 0 0 0 0 0 0 0 0 0 0 0 0 0 2 328 0 0 0 0 0 0 0 0 0 0 0 0 0 0 0 0 0 0 0 0 0 0 0 0 0 0 427 0 0 0 0 0 0 0 0 0 0 318 497 0 0 0 284 0 
0 0 187 0 0 0 0 0 0 0 187 0 0 0 0 188 423 0 0 0 0 0 0 0 219 0 0 0 0 0 0 0 0 0 0 0 0 0 0 0 0 0 0 0 297 0 27 0 0 0 0 0 0 178 0 0 0 382 0 0 0 0 0 378 167 0 0 0 0 0 0 0 0 0 0 0 0 0 0 100 0 0 0 0 0 0 0 0 0 0 0 420 0 0 0 0 387 0 0 454 
0 0 0 0 0 0 0 0 0 0 315 0 92 0 0 443 0 133 0 0 0 80 0 0 0 0 0 0 0 457 0 0 0 0 0 0 459 0 0 0 0 0 0 0 0 0 0 187 0 0 0 498 0 0 0 0 0 253 0 0 0 0 0 244 0 0 0 0 0 0 0 0 0 0 0 0 0 0 0 0 0 0 0 0 0 0 0 0 0 0 343 0 444 0 0 0 0 0 0 0 
0 0 0 0 0 0 0 0 0 0 0 0 0 0 0 0 0 271 0 0 0 0 0 0 0 0 0 275 0 0 0 0 0 301 0 0 216 0 0 0 0 0 0 0 0 0 0 0 0 0 0 0 238 426 0 213 0 0 347 468 0 0 439 0 0 24 0 0 0 0 0 0 0 0 0 475 50 0 0 0 0 0 0 0 0 0 0 0 0 431 0 0 0 0 0 0 0 0 0 0 
0 0 0 0 0 0 0 0 0 82 0 0 0 0 0 0 0 0 0 0 0 394 0 0 0 0 101 0 0 0 0 0 0 0 0 0 0 0 0 0 0 0 0 0 0 9 0 0 0 0 104 0 0 0 0 0 0 0 122 0 332 467 4 0 0 0 0 0 0 0 0 100 282 0 457 0 0 0 29 0 0 0 0 0 0 0 0 0 0 0 0 0 0 0 158 0 361 0 0 0 
0 0 0 0 0 0 278 0 0 0 0 0 0 0 0 0 0 281 47 275 0 0 0 0 0 0 0 0 0 0 0 0 232 0 0 0 0 0 0 273 0 0 0 0 0 0 0 0 109 0 0 0 0 0 0 0 0 0 0 63 0 0 0 0 0 0 0 0 0 0 100 0 163 0 0 0 0 0 0 0 0 0 0 0 0 0 166 0 0 0 18 0 0 0 0 0 0 0 268 154 
0 132 0 0 0 0 380 0 0 0 0 0 0 0 0 0 124 0 0 0 0 0 0 0 0 0 0 0 0 0 0 0 0 0 0 0 0 0 0 0 0 0 0 199 0 0 0 0 0 0 0 0 166 0 0 0 0 0 0 0 0 172 0 229 0 0 0 0 0 0 282 163 0 241 0 0 0 0 0 0 0 0 0 36 0 0 0 284 0 116 459 0 0 0 0 451 0 0 0 0 
0 0 0 326 0 0 0 0 276 0 0 0 0 0 0 0 0 0 0 0 0 0 0 0 0 0 0 0 0 0 0 0 0 161 0 0 0 0 0 0 0 0 0 0 0 0 0 0 0 0 0 0 0 0 0 6 401 0 0 0 0 398 134 24 0 0 0 0 0 0 0 0 241 0 0 0 0 0 0 0 0 0 0 0 0 0 0 0 0 0 0 0 0 0 0 411 0 0 0 0 
0 200 0 0 0 0 0 0 0 0 0 0 440 0 0 0 0 0 0 0 0 0 0 0 0 0 364 0 0 0 0 0 0 0 0 0 0 0 0 0 0 0 0 0 0 0 0 62 0 0 0 0 0 0 0 0 0 0 0 0 0 0 0 0 0 0 0 0 0 0 457 0 0 0 0 0 0 0 0 0 0 0 0 0 0 0 0 0 0 305 0 0 0 0 0 0 0 0 0 322 
245 0 0 369 0 0 0 0 0 0 0 0 0 0 0 0 0 0 0 0 0 0 0 0 0 0 406 446 156 0 0 0 0 0 0 0 0 0 0 0 0 0 0 0 0 0 0 336 0 0 0 384 0 0 384 0 0 0 0 0 0 0 0 0 0 0 0 0 0 475 0 0 0 0 0 0 409 422 0 0 0 0 0 0 0 0 0 15 215 0 0 0 0 10 0 0 16 0 0 0 
0 0 0 0 0 0 121 455 0 0 0 0 0 0 0 131 0 0 0 0 0 0 0 0 0 0 236 0 0 489 0 266 145 0 0 0 16 0 0 0 0 0 369 0 190 0 0 0 0 0 0 0 334 0 0 0 0 0 0 0 499 0 363 0 0 0 0 0 0 50 0 0 0 0 0 409 0 0 0 0 0 0 0 0 0 0 0 0 0 0 0 0 0 0 0 0 0 0 0 0 
0 0 0 0 0 0 0 0 0 0 367 0 0 331 0 0 0 0 0 0 0 0 0 0 0 0 0 0 0 0 0 0 0 0 0 0 0 342 0 0 0 0 0 0 0 0 0 0 0 0 83 0 0 0 0 0 0 0 0 0 0 0 0 0 0 237 0 0 0 0 0 0 0 0 0 422 0 0 0 0 0 0 0 0 0 0 0 271 0 470 0 0 0 399 231 0 0 0 500 0 
0 0 0 0 0 0 0 0 299 0 0 0 0 0 0 0 0 0 0 0 0 0 0 0 0 0 0 0 0 0 0 96 0 0 0 0 0 394 289 0 0 0 0 0 232 411 0 0 486 132 0 0 0 0 0 0 0 0 173 0 0 0 491 0 0 0 0 0 0 0 29 0 0 0 0 0 0 0 0 0 0 410 0 0 0 0 0 0 0 10 0 0 219 0 0 285 0 0 0 0 
0 0 0 0 0 0 0 0 0 0 462 0 0 0 0 0 0 0 0 128 0 0 0 0 0 0 0 0 0 433 0 241 0 0 0 0 0 0 0 455 0 0 0 0 0 0 0 0 0 0 0 0 0 0 0 0 0 0 0 0 0 0 68 0 0 0 0 100 0 0 0 0 0 0 0 0 0 0 0 0 0 0 0 0 76 0 25 0 95 0 0 0 0 84 0 0 0 45 216 0 
0 0 0 0 0 0 0 0 0 169 98 357 0 0 0 0 0 0 0 182 0 0 0 0 17 296 0 0 0 202 0 0 0 0 0 0 216 0 0 0 0 490 0 0 60 158 0 0 0 0 0 0 0 0 0 0 92 123 0 0 0 0 0 318 0 0 0 0 0 0 0 0 0 0 0 0 0 0 0 0 0 0 0 0 192 0 0 0 0 0 0 0 0 0 0 0 0 0 0 0 
0 0 0 212 0 0 0 496 0 0 0 0 28 0 0 430 0 0 0 0 0 0 0 0 0 0 0 0 0 352 0 0 0 0 0 0 0 0 486 0 0 0 0 0 0 0 0 0 0 0 0 0 117 0 0 0 120 0 0 0 0 14 0 0 127 0 0 0 0 0 0 0 0 0 0 0 0 0 410 0 0 0 0 69 0 0 0 0 0 0 0 0 402 341 0 0 0 0 0 0 
0 0 326 0 0 0 0 0 0 0 0 0 0 0 0 0 0 0 0 0 0 0 0 0 0 0 0 0 485 0 0 0 0 246 0 0 0 0 0 0 0 284 0 204 0 0 0 428 324 0 0 0 0 0 0 34 494 0 0 0 0 386 117 0 0 0 427 0 0 0 0 0 0 0 0 0 0 0 0 0 0 0 0 0 0 0 0 0 0 0 379 0 0 0 0 0 0 0 0 0 
0 0 5 0 0 0 0 0 0 0 0 0 105 447 0 0 0 0 219 0 0 0 478 0 0 0 0 0 0 0 0 0 0 0 0 0 0 0 0 0 325 0 320 0 0 0 185 0 0 211 0 0 181 0 0 0 0 0 0 0 0 0 0 0 0 0 0 0 0 0 0 0 36 0 0 0 0 0 0 0 0 69 0 0 0 0 118 0 0 0 0 0 0 0 0 0 0 312 0 0 
70 0 0 0 0 0 0 0 0 19 0 0 432 0 312 0 0 0 0 0 0 0 439 0 0 282 0 0 0 0 0 0 0 448 94 0 89 0 0 0 0 0 0 0 0 0 0 0 0 0 0 0 0 0 0 0 0 0 0 0 0 0 0 143 0 192 0 0 0 0 0 0 0 0 0 0 0 0 0 76 192 0 0 0 0 0 303 0 0 0 0 195 0 0 0 0 0 0 0 0 
0 0 0 0 374 0 0 0 0 278 0 461 0 0 0 0 0 0 0 0 0 0 0 129 0 0 0 0 119 0 0 263 0 0 0 0 0 0 374 0 0 0 353 0 467 0 458 0 0 0 0 0 0 0 0 0 0 0 0 0 0 347 0 0 0 0 0 0 0 0 0 0 0 0 0 0 0 0 0 0 0 0 0 0 0 0 468 0 0 0 0 0 0 0 0 0 0 0 0 0 
0 0 0 311 0 354 28 0 146 0 0 0 259 0 0 0 0 0 0 0 0 0 0 0 0 0 0 0 0 0 0 0 0 0 0 0 220 0 0 0 0 0 0 0 0 0 0 0 0 0 0 474 0 0 0 0 0 0 0 164 198 0 0 0 0 0 0 0 0 0 0 166 0 0 0 0 0 0 0 25 0 0 0 118 303 468 0 0 0 0 0 40 0 0 0 0 0 0 0 0 
0 0 0 0 0 0 0 0 0 0 0 0 315 0 0 137 0 0 0 0 458 0 0 0 0 0 0 327 0 0 0 0 0 0 0 0 0 0 0 0 42 0 367 159 0 0 0 0 0 0 0 0 144 0 0 419 0 0 56 0 0 0 0 0 0 0 0 0 0 0 0 0 284 0 0 15 0 271 0 0 0 0 0 0 0 0 0 0 0 0 0 0 59 273 0 0 0 0 0 0 
0 0 0 0 0 0 0 0 0 0 0 382 0 0 0 202 0 0 0 0 0 0 70 0 0 0 0 0 267 0 209 0 0 0 192 0 0 0 0 0 0 0 0 0 0 0 0 0 0 0 0 0 0 0 0 0 360 0 0 0 0 0 0 0 0 0 0 0 0 0 0 0 0 0 0 215 0 0 0 95 0 0 0 0 0 0 0 0 0 0 428 0 0 0 0 0 0 0 0 0 
0 0 0 0 0 0 0 0 0 0 0 0 0 0 0 0 0 342 457 0 0 0 0 0 0 0 0 0 0 24 0 0 0 0 0 0 0 0 0 0 0 40 442 0 0 0 0 271 453 0 0 0 0 0 0 0 0 0 0 0 0 0 0 17 0 0 0 0 0 431 0 0 116 0 305 0 0 470 10 0 0 0 0 0 0 0 0 0 0 0 0 81 0 0 0 442 0 0 0 0 
0 0 0 0 0 0 365 0 0 0 0 0 0 0 0 0 0 0 0 0 0 0 0 0 0 0 0 24 0 0 0 0 0 0 479 0 346 123 0 0 0 0 0 0 0 0 346 0 251 0 0 0 0 0 0 0 0 68 0 0 0 0 0 0 0 0 0 0 343 0 0 18 459 0 0 0 0 0 0 0 0 0 379 0 0 0 0 0 428 0 0 0 277 0 0 0 0 0 0 86 
0 0 0 0 0 0 303 0 0 0 0 0 395 0 0 0 0 0 0 0 0 0 0 0 0 124 0 0 0 0 0 0 55 0 382 0 0 0 0 0 0 0 0 0 0 0 0 0 237 469 0 0 0 0 0 0 0 0 163 0 0 0 0 0 283 0 0 420 0 0 0 0 0 0 0 0 0 0 0 0 0 0 0 0 195 0 40 0 0 81 0 0 396 0 0 0 0 109 0 0 
0 0 128 0 0 0 0 0 0 0 0 0 0 0 0 0 0 0 0 189 0 0 0 26 0 0 0 0 0 0 0 0 0 0 0 0 357 421 0 0 0 210 0 0 0 0 0 0 0 0 0 0 0 0 0 167 0 0 0 53 0 0 0 0 0 0 0 0 444 0 0 0 0 0 0 0 0 0 219 0 0 402 0 0 0 0 0 59 0 0 277 396 0 0 0 0 0 0 0 0 
487 0 84 0 294 0 0 0 178 0 0 0 0 0 0 0 0 0 0 0 0 0 0 0 0 0 0 0 0 0 0 0 0 0 128 385 0 0 0 0 0 0 0 0 0 0 0 0 0 0 0 0 0 0 61 0 0 0 67 0 0 0 0 0 0 0 318 0 0 0 0 0 0 0 0 10 0 399 0 84 0 341 0 0 0 0 0 273 0 0 0 0 0 0 0 0 0 0 0 0 
418 0 22 0 0 0 0 36 0 0 0 0 242 0 0 0 0 0 0 0 0 0 0 0 0 85 0 207 0 0 0 0 0 42 0 0 0 0 0 0 0 193 0 0 0 0 465 0 0 0 0 0 0 0 0 383 0 0 0 0 0 0 0 0 0 0 497 0 0 0 158 0 0 0 0 0 0 231 0 0 0 0 0 0 0 0 0 0 0 0 0 0 0 0 0 189 0 377 0 0 
358 0 0 0 0 0 370 0 0 0 333 255 0 0 0 0 0 0 0 0 0 65 0 0 0 0 0 0 0 0 0 0 0 0 0 0 69 0 0 0 0 0 0 0 0 0 0 0 0 0 0 0 0 0 213 0 0 295 0 0 192 0 0 208 0 0 0 0 0 0 0 0 451 411 0 0 0 0 285 0 0 0 0 0 0 0 0 0 0 442 0 0 0 0 189 0 0 0 0 0 
0 0 0 0 305 0 0 0 0 0 0 0 0 0 332 0 0 466 0 0 0 0 0 0 0 0 0 0 0 0 0 0 0 0 0 320 0 0 0 0 0 221 0 0 0 0 0 0 137 0 0 0 0 0 0 0 0 0 0 0 0 0 0 0 0 0 0 387 0 0 361 0 0 0 0 16 0 0 0 0 0 0 0 0 0 0 0 0 0 0 0 0 0 0 0 0 0 0 0 0 
0 0 0 0 0 0 0 0 0 0 0 161 0 0 0 0 0 0 0 0 0 72 0 0 0 0 0 0 0 0 0 99 0 0 362 340 0 0 0 0 0 0 0 0 0 0 0 0 0 0 0 0 0 0 0 0 0 0 235 0 286 0 0 0 0 147 0 0 0 0 0 0 0 0 0 0 0 0 0 45 0 0 0 312 0 0 0 0 0 0 0 109 0 0 377 0 0 0 0 0 
0 0 200 0 0 0 0 0 0 0 0 0 0 183 0 0 0 0 0 0 0 0 124 315 0 0 0 0 0 0 0 472 190 381 121 0 0 0 0 0 0 0 0 0 0 0 0 0 0 0 0 344 0 0 0 0 93 74 0 0 0 0 0 0 0 0 284 0 0 0 0 268 0 0 0 0 0 500 0 216 0 0 0 0 0 0 0 0 0 0 0 0 0 0 0 0 0 0 0 0 
0 306 0 0 0 0 0 0 0 0 0 0 0 0 0 311 0 191 0 256 0 0 0 0 0 0 477 0 0 0 0 0 0 0 0 0 0 0 0 0 0 0 164 430 184 0 335 0 0 0 0 0 0 0 0 0 0 0 0 0 0 113 0 0 0 0 0 454 0 0 0 154 0 0 322 0 0 0 0 0 0 0 0 0 0 0 0 0 0 0 86 0 0 0 0 0 0 0 0 0 
