0 39 0 0 0 0 0 0 91 0 0 0 0 0 0 0 0 0 0 0 70 0 0 0 0 0 0 0 0 0 0 0 0 0 0 67 0 18 0 0 0 10 0 0 26 0 0 0 0 0 0 0 66 55 0 0 0 0 0 0 0 0 0 0 0 0 0 0 0 0 54 0 0 0 0 0 37 0 0 15 0 27 9 0 0 0 0 0 0 0 0 0 0 0 0 0 0 0 27 0 
39 0 0 0 0 44 0 14 0 0 0 0 0 0 0 0 0 0 0 0 0 0 0 46 0 84 0 0 0 0 0 0 0 0 0 0 0 0 0 0 0 76 49 0 0 0 0 0 0 0 0 0 0 0 0 0 60 0 0 0 0 0 0 0 0 0 0 0 0 0 0 0 0 0 0 0 0 0 0 0 0 0 0 0 0 0 0 69 0 53 0 0 0 67 21 0 0 0 0 0 
0 0 0 0 0 0 0 0 0 0 0 0 0 0 44 0 0 19 0 0 0 0 0 0 60 0 0 0 0 0 0 0 0 0 0 0 0 0 0 4 0 0 0 0 0 0 0 0 0 0 0 0 34 0 0 22 0 0 0 0 0 0 0 0 0 0 0 86 0 0 0 0 0 0 0 0 0 1 0 0 0 0 0 0 0 0 0 0 0 0 0 0 0 0 0 0 0 0 0 0 
0 0 0 0 0 0 0 76 0 0 0 0 0 0 0 0 43 0 0 0 0 0 9 0 0 0 42 0 42 0 0 0 0 0 0 0 0 0 73 0 0 0 0 46 0 0 0 0 0 0 0 0 0 0 0 0 0 2 0 0 0 0 0 0 16 0 0 0 4 56 0 0 0 0 0 0 0 0 0 0 1 0 0 0 0 0 0 0 0 0 0 0 61 0 0 0 0 57 0 32 
0 0 0 0 0 0 0 0 0 64 0 0 0 0 0 0 0 0 0 0 0 0 0 0 0 0 0 0 0 0 0 0 0 0 0 57 0 0 0 68 0 0 0 0 0 0 0 0 0 0 0 0 0 0 0 0 0 0 0 0 36 0 87 0 0 0 0 0 0 0 0 0 0 0 0 0 0 0 0 0 0 0 0 0 0 0 0 0 56 36 76 0 0 0 0 76 0 29 0 0 
0 44 0 0 0 0 0 0 0 10 0 0 3 0 0 0 0 0 0 0 0 0 0 0 0 95 0 0 0 0 0 0 0 0 0 0 0 0 68 6 0 0 83 0 0 0 64 0 78 0 0 75 0 0 0 0 0 0 0 0 0 0 0 0 0 0 0 0 0 0 0 0 0 0 0 0 0 17 0 0 0 0 0 0 0 0 0 5 0 0 0 0 0 0 0 74 58 0 0 0 
0 0 0 0 0 0 0 0 0 0 0 0 0 0 0 0 0 0 0 0 0 0 58 73 0 0 0 0 0 0 75 0 0 0 0 84 0 100 0 0 0 0 0 0 0 0 0 0 0 36 0 0 0 0 0 0 0 0 0 0 0 0 6 3 0 0 0 0 0 0 0 0 79 0 52 0 0 0 0 0 0 0 16 0 0 0 0 0 0 89 0 0 0 43 0 48 50 0 0 0 
0 14 0 76 0 0 0 0 0 0 0 0 0 0 0 0 0 29 0 0 0 0 0 45 0 0 30 0 76 0 0 0 0 0 0 0 0 57 0 0 0 0 31 0 0 0 0 0 62 0 0 0 0 0 0 0 0 0 0 0 0 0 0 0 0 0 0 0 54 0 0 0 0 0 0 0 0 0 0 0 0 0 0 0 0 0 0 0 0 0 0 0 0 0 0 0 0 0 0 59 
91 0 0 0 0 0 0 0 0 0 0 0 0 3 0 0 0 0 0 0 0 49 0 0 84 0 0 0 0 77 0 0 0 0 0 0 0 31 0 0 98 62 0 0 0 0 0 0 0 0 0 0 89 0 0 0 0 0 50 0 0 0 0 0 0 0 93 0 0 0 0 0 0 0 0 0 0 0 0 0 0 0 66 0 0 0 0 0 0 0 0 42 0 0 0 0 0 0 0 88 
0 0 0 0 64 10 0 0 0 0 0 0 0 72 0 0 0 0 0 47 0 0 0 0 0 0 0 0 5 30 0 79 0 0 0 0 0 0 0 0 0 0 0 0 0 0 0 0 0 0 0 0 0 0 0 0 0 0 0 19 0 3 0 0 0 0 0 0 0 0 0 0 0 0 0 82 0 14 0 0 52 0 0 0 0 0 0 0 0 84 0 0 0 0 0 0 0 0 0 0 
0 0 0 0 0 0 0 0 0 0 0 0 0 0 0 0 0 0 0 0 64 0 0 0 0 0 0 0 16 0 0 0 94 0 0 0 0 0 0 0 0 0 0 0 0 44 0 0 0 71 0 0 0 0 35 0 0 0 0 0 0 0 0 0 0 0 48 0 0 6 0 0 0 0 0 0 0 0 0 0 0 0 0 0 0 0 0 0 21 0 0 0 6 0 0 0 0 0 0 0 
0 0 0 0 0 0 0 0 0 0 0 0 0 0 0 43 0 0 0 0 0 0 0 0 0 51 0 0 0 27 0 0 0 0 78 0 0 0 47 0 97 0 0 26 0 90 0 0 0 0 0 0 90 32 0 0 0 0 0 0 0 11 0 0 22 0 0 0 0 0 0 23 0 0 0 66 0 0 0 0 0 0 0 0 0 0 0 0 0 0 0 0 0 0 0 0 0 0 25 0 
0 0 0 0 0 3 0 0 0 0 0 0 0 0 98 0 0 0 0 0 0 76 0 0 0 0 0 0 0 0 9 80 0 0 0 0 67 0 0 0 0 0 0 75 0 0 0 20 24 0 0 0 0 0 0 0 0 0 0 0 0 0 0 0 0 6 0 0 0 0 0 0 0 0 0 0 0 0 0 0 0 0 0 0 0 0 0 0 0 0 0 0 0 93 0 0 0 0 0 0 
0 0 0 0 0 0 0 0 3 72 0 0 0 0 0 0 0 0 0 0 0 0 0 17 0 0 0 0 0 0 0 0 0 27 0 0 0 0 0 0 0 0 0 0 0 0 0 0 0 0 0 0 0 0 0 0 52 0 97 34 0 0 0 0 0 0 0 0 0 0 0 66 0 39 0 0 0 0 0 0 100 0 0 0 0 0 0 0 0 0 0 0 0 0 93 0 0 0 0 0 
0 0 44 0 0 0 0 0 0 0 0 0 98 0 0 0 0 0 44 0 0 35 0 20 0 0 0 0 0 71 0 23 0 0 0 41 0 0 0 0 0 0 0 0 0 0 0 0 0 0 0 0 0 69 8 0 0 0 0 0 0 41 0 0 0 0 0 0 0 0 0 99 0 0 0 0 0 0 0 0 0 0 43 0 0 0 0 0 0 0 0 15 0 0 0 0 0 0 10 0 
0 0 0 0 0 0 0 0 0 0 0 43 0 0 0 0 0 0 0 0 0 0 0 95 0 0 0 28 0 100 0 0 0 0 0 0 0 0 0 0 0 43 0 0 0 0 0 0 79 0 0 4 0 76 0 0 0 34 0 0 0 0 0 0 0 0 0 0 0 11 0 0 0 0 0 0 0 0 0 0 22 0 0 50 0 0 39 0 0 0 0 0 0 0 0 0 29 0 78 0 
0 0 0 43 0 0 0 0 0 0 0 0 0 0 0 0 0 0 0 0 37 0 0 0 0 38 0 7 0 0 5 0 0 0 96 0 0 0 0 0 0 0 0 0 0 0 0 9 0 0 0 0 0 0 0 0 0 0 0 0 0 70 0 0 0 0 0 0 0 0 92 0 51 0 0 0 0 63 0 6 29 0 0 43 53 0 0 0 0 0 0 0 0 0 0 0 0 0 0 0 
0 0 19 0 0 0 0 29 0 0 0 0 0 0 0 0 0 0 0 0 0 0 0 0 0 0 0 0 0 0 25 74 0 0 0 0 0 0 99 0 0 43 0 0 0 0 0 96 0 0 28 0 0 0 0 63 0 0 0 0 0 2 0 6 0 57 0 0 0 0 0 0 0 0 4 0 56 0 0 0 74 0 0 0 0 0 0 0 0 0 0 0 0 0 0 0 0 0 0 0 
0 0 0 0 0 0 0 0 0 0 0 0 0 0 44 0 0 0 0 0 0 0 0 0 0 0 0 0 0 0 0 0 0 85 0 0 0 0 0 0 0 0 98 0 0 0 9 0 0 0 19 0 0 19 0 0 15 24 0 0 0 0 0 0 0 0 0 0 0 0 0 0 0 0 0 0 68 0 0 0 0 0 0 0 0 0 0 0 0 0 0 65 6 0 0 0 0 0 51 0 
0 0 0 0 0 0 0 0 0 47 0 0 0 0 0 0 0 0 0 0 0 0 0 0 0 0 51 57 0 0 0 0 0 0 19 0 0 0 0 0 0 0 0 0 90 0 0 0 0 0 0 0 0 0 0 0 0 0 0 0 0 0 0 0 0 0 0 0 0 9 0 0 0 0 0 0 0 0 0 0 0 0 0 0 0 0 18 0 71 0 67 0 0 54 0 0 79 0 0 0 
70 0 0 0 0 0 0 0 0 0 64 0 0 0 0 0 37 0 0 0 0 81 0 0 0 0 0 0 0 0 0 0 0 0 0 0 0 0 0 0 0 0 0 0 39 0 0 0 99 0 0 8 0 0 0 0 0 0 0 0 0 0 0 0 0 0 0 52 0 0 0 87 0 100 0 49 0 0 0 0 0 0 0 0 8 0 0 17 0 0 0 0 0 0 0 0 0 44 28 0 
0 0 0 0 0 0 0 0 49 0 0 0 76 0 35 0 0 0 0 0 81 0 0 0 0 0 0 15 0 0 0 0 0 0 0 40 0 0 0 0 34 0 0 0 0 0 64 0 0 0 0 0 0 0 83 0 0 47 0 0 0 0 0 0 0 0 82 0 0 0 66 0 0 0 0 0 0 45 0 0 0 0 0 0 0 0 29 0 0 0 0 0 0 90 0 0 0 0 0 0 
0 0 0 9 0 0 58 0 0 0 0 0 0 0 0 0 0 0 0 0 0 0 0 0 0 0 24 0 0 0 0 0 0 0 0 0 0 2 0 0 0 0 0 0 0 0 0 0 0 0 0 0 42 59 0 0 0 0 0 0 0 0 0 0 0 0 0 90 0 71 0 0 0 0 0 0 0 0 0 0 0 0 0 0 0 0 0 0 0 0 0 0 0 0 0 0 6 66 0 0 
0 46 0 0 0 0 73 45 0 0 0 0 0 17 20 95 0 0 0 0 0 0 0 0 0 0 0 0 0 0 0 0 0 0 49 0 0 0 0 41 0 0 65 0 0 0 0 0 0 0 0 0 0 0 46 57 0 0 0 0 0 0 0 0 0 0 50 0 69 0 0 0 0 0 0 48 0 0 0 0 0 0 0 0 0 0 0 0 0 0 0 0 0 0 0 0 0 79 0 0 
0 0 60 0 0 0 0 0 84 0 0 0 0 0 0 0 0 0 0 0 0 0 0 0 0 0 0 0 0 0 0 0 0 0 0 0 0 0 98 0 0 0 0 0 0 0 0 0 0 0 0 0 0 51 0 0 0 39 0 0 0 0 31 96 0 0 0 0 0 0 0 0 0 0 0 0 14 0 0 0 0 0 0 0 95 0 0 73 0 0 0 0 0 0 0 0 0 0 0 0 
0 84 0 0 0 95 0 0 0 0 0 51 0 0 0 0 38 0 0 0 0 0 0 0 0 0 0 0 0 3 0 0 0 62 0 0 0 0 0 0 0 0 0 54 0 0 0 0 0 0 0 0 0 0 0 7 0 0 0 0 0 0 0 0 0 0 0 0 0 0 0 0 0 0 0 48 0 0 0 0 0 0 0 0 0 0 36 78 0 0 0 93 0 0 0 10 0 0 0 0 
0 0 0 42 0 0 0 30 0 0 0 0 0 0 0 0 0 0 0 51 0 0 24 0 0 0 0 0 0 0 0 0 0 0 0 0 0 0 0 15 0 0 0 0 0 0 0 17 0 0 0 49 0 41 0 0 0 0 0 0 0 0 78 0 0 0 0 0 0 70 0 0 0 80 13 0 73 0 0 45 0 0 0 0 0 0 78 0 0 0 0 0 0 0 0 0 0 0 0 0 
0 0 0 0 0 0 0 0 0 0 0 0 0 0 0 28 7 0 0 57 0 15 0 0 0 0 0 0 0 0 0 0 0 0 0 0 32 94 0 0 0 0 0 0 0 0 0 0 0 0 0 0 0 0 0 0 0 0 0 0 0 0 0 0 0 0 0 0 0 0 0 0 43 0 0 0 0 0 0 0 0 97 0 0 0 0 0 0 3 86 0 0 0 0 0 0 78 0 0 0 
0 0 0 42 0 0 0 76 0 5 16 0 0 0 0 0 0 0 0 0 0 0 0 0 0 0 0 0 0 100 96 0 44 0 0 0 0 0 0 0 0 0 0 0 0 78 0 0 0 0 0 0 0 56 0 0 0 0 0 82 0 0 0 0 0 0 0 0 0 0 0 0 0 0 0 0 0 0 0 0 0 0 0 0 0 0 87 0 0 0 59 0 0 0 0 0 0 0 0 0 
0 0 0 0 0 0 0 0 77 30 0 27 0 0 71 100 0 0 0 0 0 0 0 0 0 3 0 0 100 0 0 0 0 0 0 0 43 69 0 0 0 0 0 0 0 0 0 0 0 71 0 0 0 0 0 0 57 0 0 0 0 0 0 0 0 0 0 0 0 0 0 0 0 0 0 0 0 0 0 0 0 0 0 0 51 77 0 0 0 0 0 0 0 0 0 0 0 0 0 0 
0 0 0 0 0 0 75 0 0 0 0 0 9 0 0 0 5 25 0 0 0 0 0 0 0 0 0 0 96 0 0 0 0 0 0 0 0 0 0 0 0 0 0 55 0 0 0 0 3 0 0 0 0 0 0 0 0 0 0 0 0 28 0 0 0 0 0 0 0 0 0 0 0 0 0 0 0 0 40 0 0 0 0 0 46 0 0 98 0 0 42 0 12 0 39 0 0 0 0 0 
0 0 0 0 0 0 0 0 0 79 0 0 80 0 23 0 0 74 0 0 0 0 0 0 0 0 0 0 0 0 0 0 0 0 0 0 0 0 0 0 74 0 0 0 0 0 0 0 0 62 0 0 0 0 0 0 2 0 0 0 0 0 0 0 0 0 0 0 0 0 47 0 0 0 92 0 46 0 77 0 0 0 0 0 0 0 0 0 0 0 0 0 83 0 0 0 0 0 0 0 
0 0 0 0 0 0 0 0 0 0 94 0 0 0 0 0 0 0 0 0 0 0 0 0 0 0 0 0 44 0 0 0 0 0 0 0 0 0 0 0 0 0 0 0 0 0 45 0 0 95 0 0 0 0 88 0 0 0 0 0 0 0 0 0 79 0 0 0 0 0 54 89 0 0 0 0 0 0 49 0 65 63 0 0 0 0 0 94 50 0 68 0 0 0 0 0 0 0 0 39 
0 0 0 0 0 0 0 0 0 0 0 0 0 27 0 0 0 0 85 0 0 0 0 0 0 62 0 0 0 0 0 0 0 0 0 0 0 0 0 0 0 0 0 0 0 99 0 0 0 10 52 0 0 0 0 0 0 0 65 0 0 73 0 0 0 0 0 0 21 90 76 0 69 0 0 85 0 57 0 0 0 0 0 0 0 0 0 0 0 0 0 0 0 0 0 0 0 0 0 12 
0 0 0 0 0 0 0 0 0 0 0 78 0 0 0 0 96 0 0 19 0 0 0 49 0 0 0 0 0 0 0 0 0 0 0 0 0 0 0 0 0 0 0 0 0 0 0 0 0 15 0 7 0 0 0 0 52 0 0 0 0 0 0 24 0 0 0 0 0 0 73 0 0 0 0 0 0 0 0 0 0 22 0 0 0 30 0 0 0 0 2 0 0 0 0 98 87 0 35 0 
67 0 0 0 57 0 84 0 0 0 0 0 0 0 41 0 0 0 0 0 0 40 0 0 0 0 0 0 0 0 0 0 0 0 0 0 0 0 0 0 0 0 0 0 14 0 20 0 0 90 0 62 0 0 0 0 0 0 0 0 0 0 0 0 0 48 0 0 0 0 0 0 0 33 0 0 0 37 77 0 0 0 0 0 0 0 0 0 0 0 0 59 0 0 11 0 0 0 0 0 
0 0 0 0 0 0 0 0 0 0 0 0 67 0 0 0 0 0 0 0 0 0 0 0 0 0 0 32 0 43 0 0 0 0 0 0 0 0 0 0 0 0 0 0 0 0 0 0 0 0 98 0 0 0 0 99 0 0 14 47 0 0 37 0 0 0 0 0 0 0 0 0 0 0 23 48 0 96 88 0 0 0 0 0 0 0 0 0 0 0 21 0 0 0 0 0 0 0 0 0 
18 0 0 0 0 0 100 57 31 0 0 0 0 0 0 0 0 0 0 0 0 0 2 0 0 0 0 94 0 69 0 0 0 0 0 0 0 0 0 0 0 0 0 0 0 0 0 0 0 0 0 0 0 0 82 0 0 0 0 0 0 0 0 0 98 0 0 0 0 0 0 70 0 0 0 0 0 0 0 0 0 12 0 0 0 0 0 0 0 0 0 0 0 0 0 0 0 0 51 0 
0 0 0 73 0 68 0 0 0 0 0 47 0 0 0 0 0 99 0 0 0 0 0 0 98 0 0 0 0 0 0 0 0 0 0 0 0 0 0 0 0 0 0 0 0 0 0 0 0 95 92 0 0 0 0 0 10 0 0 0 0 0 0 0 0 0 0 0 0 0 0 0 0 43 97 0 0 51 0 0 0 0 0 0 0 0 0 0 0 0 0 0 0 0 0 0 0 0 0 0 
0 0 4 0 68 6 0 0 0 0 0 0 0 0 0 0 0 0 0 0 0 0 0 41 0 0 15 0 0 0 0 0 0 0 0 0 0 0 0 0 0 0 43 0 0 0 0 0 0 36 0 86 0 0 0 0 0 0 0 0 0 0 0 58 0 0 0 0 0 0 13 0 0 0 0 0 0 0 0 0 0 0 0 0 0 0 0 0 0 16 0 0 21 0 84 0 56 18 0 0 
0 0 0 0 0 0 0 0 98 0 0 97 0 0 0 0 0 0 0 0 0 34 0 0 0 0 0 0 0 0 0 74 0 0 0 0 0 0 0 0 0 0 0 0 0 99 0 0 0 0 0 0 0 0 0 0 0 0 0 48 53 59 0 0 0 0 74 90 0 91 0 0 0 0 0 0 0 0 0 0 0 66 0 0 0 0 67 0 24 0 0 0 0 0 0 0 0 0 56 0 
10 76 0 0 0 0 0 0 62 0 0 0 0 0 0 43 0 43 0 0 0 0 0 0 0 0 0 0 0 0 0 0 0 0 0 0 0 0 0 0 0 0 0 0 0 0 36 0 0 92 0 66 0 0 0 0 66 0 48 0 0 0 0 0 0 0 0 0 32 0 0 0 0 54 0 0 0 0 0 0 0 0 0 0 0 0 0 0 0 61 0 16 0 0 0 96 0 0 0 0 
0 49 0 0 0 83 0 31 0 0 0 0 0 0 0 0 0 0 98 0 0 0 0 65 0 0 0 0 0 0 0 0 0 0 0 0 0 0 0 43 0 0 0 0 0 0 0 0 0 0 0 0 0 7 0 0 0 0 0 13 0 0 0 0 0 0 0 0 0 0 0 0 19 33 0 0 0 0 0 0 0 0 0 0 0 0 0 24 0 0 0 0 0 0 0 30 0 0 0 0 
0 0 0 46 0 0 0 0 0 0 0 26 75 0 0 0 0 0 0 0 0 0 0 0 0 54 0 0 0 0 55 0 0 0 0 0 0 0 0 0 0 0 0 0 0 58 0 0 74 0 0 0 46 0 0 4 0 0 0 0 0 0 0 0 0 0 99 0 0 0 65 0 0 0 0 0 0 0 0 0 0 15 0 0 0 0 0 0 0 0 0 0 0 0 0 0 0 0 0 0 
26 0 0 0 0 0 0 0 0 0 0 0 0 0 0 0 0 0 0 90 39 0 0 0 0 0 0 0 0 0 0 0 0 0 0 14 0 0 0 0 0 0 0 0 0 0 0 86 0 0 0 0 0 0 0 0 0 69 0 0 0 0 0 0 0 0 80 0 97 94 86 0 0 76 0 0 0 0 0 0 0 0 0 0 0 95 0 0 0 67 0 0 0 0 0 0 0 0 0 0 
0 0 0 0 0 0 0 0 0 0 44 90 0 0 0 0 0 0 0 0 0 0 0 0 0 0 0 0 78 0 0 0 0 99 0 0 0 0 0 0 99 0 0 58 0 0 0 84 87 0 40 0 0 0 0 0 0 0 66 0 0 0 0 0 0 0 0 0 0 0 0 26 36 0 0 0 0 0 0 0 0 0 0 0 46 0 0 75 0 0 0 82 0 0 0 0 0 0 0 0 
0 0 0 0 0 64 0 0 0 0 0 0 0 0 0 0 0 0 9 0 0 64 0 0 0 0 0 0 0 0 0 0 45 0 0 20 0 0 0 0 0 36 0 0 0 0 0 0 0 0 0 0 12 0 0 0 0 51 0 0 0 0 37 0 0 91 0 0 0 0 0 0 0 0 0 0 0 0 0 86 0 0 0 0 0 0 0 0 0 0 0 70 0 0 0 20 0 0 0 0 
0 0 0 0 0 0 0 0 0 0 0 0 20 0 0 0 9 96 0 0 0 0 0 0 0 0 17 0 0 0 0 0 0 0 0 0 0 0 0 0 0 0 0 0 86 84 0 0 0 0 0 0 61 0 0 0 0 0 0 0 0 0 68 0 0 0 0 17 0 0 0 0 0 0 0 0 0 0 0 0 0 0 0 0 52 0 0 0 0 0 0 0 0 0 63 0 0 0 0 0 
0 0 0 0 0 78 0 62 0 0 0 0 24 0 0 79 0 0 0 0 99 0 0 0 0 0 0 0 0 0 3 0 0 0 0 0 0 0 0 0 0 0 0 74 0 87 0 0 0 0 0 0 0 0 0 0 93 89 61 0 0 0 0 0 0 0 0 0 0 0 0 0 0 0 0 0 0 0 0 0 0 0 31 0 0 0 43 0 0 0 0 36 0 0 0 21 0 0 0 0 
0 0 0 0 0 0 36 0 0 0 71 0 0 0 0 0 0 0 0 0 0 0 0 0 0 0 0 0 0 71 0 62 95 10 15 90 0 0 95 36 0 92 0 0 0 0 0 0 0 0 0 0 0 0 0 0 0 0 0 0 0 0 0 60 0 0 0 0 0 0 0 0 0 0 81 0 0 0 0 0 0 4 0 0 0 0 0 0 0 0 37 0 0 0 0 0 0 0 0 0 
0 0 0 0 0 0 0 0 0 0 0 0 0 0 0 0 0 28 19 0 0 0 0 0 0 0 0 0 0 0 0 0 0 52 0 0 98 0 92 0 0 0 0 0 0 40 0 0 0 0 0 0 45 84 0 0 0 0 0 0 0 0 0 88 16 0 0 0 0 0 0 0 0 0 0 0 0 0 0 0 0 0 0 37 7 0 0 0 94 29 0 0 0 0 0 0 0 0 0 0 
0 0 0 0 0 75 0 0 0 0 0 0 0 0 0 4 0 0 0 0 8 0 0 0 0 0 49 0 0 0 0 0 0 0 7 62 0 0 0 86 0 66 0 0 0 0 0 0 0 0 0 0 0 0 0 0 0 0 0 0 85 6 55 0 0 0 0 0 0 0 0 0 0 0 0 0 0 0 0 43 0 0 0 0 0 0 0 0 0 0 0 0 0 0 0 0 0 83 0 25 
66 0 34 0 0 0 0 0 89 0 0 90 0 0 0 0 0 0 0 0 0 0 42 0 0 0 0 0 0 0 0 0 0 0 0 0 0 0 0 0 0 0 0 46 0 0 12 61 0 0 45 0 0 0 0 0 85 0 25 0 86 0 0 0 64 4 0 0 0 0 74 0 0 0 0 0 0 0 0 0 0 0 0 0 0 0 0 0 0 0 0 0 0 0 0 0 0 0 0 0 
55 0 0 0 0 0 0 0 0 0 0 32 0 0 69 76 0 0 19 0 0 0 59 0 51 0 41 0 56 0 0 0 0 0 0 0 0 0 0 0 0 0 7 0 0 0 0 0 0 0 84 0 0 0 0 0 0 0 0 82 0 0 0 0 0 7 0 0 0 0 0 0 0 0 0 0 0 0 0 0 0 0 0 72 0 0 0 0 0 0 3 0 0 0 0 0 0 0 0 0 
0 0 0 0 0 0 0 0 0 0 35 0 0 0 8 0 0 0 0 0 0 83 0 46 0 0 0 0 0 0 0 0 88 0 0 0 0 82 0 0 0 0 0 0 0 0 0 0 0 0 0 0 0 0 0 0 0 44 96 0 0 0 0 0 5 0 0 26 0 0 0 0 70 33 0 53 0 0 0 0 26 0 0 46 0 0 0 0 0 0 0 0 0 0 0 0 0 0 0 0 
0 0 22 0 0 0 0 0 0 0 0 0 0 0 0 0 0 63 0 0 0 0 0 57 0 7 0 0 0 0 0 0 0 0 0 0 99 0 0 0 0 0 0 4 0 0 0 0 0 0 0 0 0 0 0 0 0 0 0 85 0 0 0 6 0 18 49 0 0 0 0 0 0 0 0 0 0 0 0 0 0 0 0 0 0 47 0 0 0 0 0 0 0 0 34 0 0 0 0 61 
0 60 0 0 0 0 0 0 0 0 0 0 0 52 0 0 0 0 15 0 0 0 0 0 0 0 0 0 0 57 0 2 0 0 52 0 0 0 10 0 0 66 0 0 0 0 0 0 93 0 0 0 85 0 0 0 0 0 0 73 0 0 12 0 0 0 0 0 0 0 0 0 0 0 0 0 0 0 0 0 0 0 73 0 0 0 0 0 0 0 5 0 0 0 0 0 97 0 0 0 
0 0 0 2 0 0 0 0 0 0 0 0 0 0 0 34 0 0 24 0 0 47 0 0 39 0 0 0 0 0 0 0 0 0 0 0 0 0 0 0 0 0 0 0 69 0 51 0 89 0 0 0 0 0 44 0 0 0 0 0 0 26 0 0 0 0 0 0 43 28 0 71 0 0 0 0 0 0 0 0 0 0 0 0 0 0 0 0 0 0 0 0 28 0 46 0 0 0 0 0 
0 0 0 0 0 0 0 0 50 0 0 0 0 97 0 0 0 0 0 0 0 0 0 0 0 0 0 0 0 0 0 0 0 65 0 0 14 0 0 0 0 48 0 0 0 66 0 0 61 0 0 0 25 0 96 0 0 0 0 0 0 0 0 0 0 0 31 0 0 0 0 0 0 0 0 0 0 0 63 0 0 0 84 0 0 0 0 0 0 0 0 0 3 28 0 0 0 0 0 38 
0 0 0 0 0 0 0 0 0 19 0 0 0 34 0 0 0 0 0 0 0 0 0 0 0 0 0 0 82 0 0 0 0 0 0 0 47 0 0 0 48 0 13 0 0 0 0 0 0 0 0 0 0 82 0 85 73 0 0 0 0 0 15 45 0 0 0 0 0 0 0 0 0 0 0 0 0 0 0 63 0 95 0 0 0 0 0 58 0 0 0 0 0 0 0 2 0 0 0 0 
0 0 0 0 36 0 0 0 0 0 0 0 0 0 0 0 0 0 0 0 0 0 0 0 0 0 0 0 0 0 0 0 0 0 0 0 0 0 0 0 53 0 0 0 0 0 0 0 0 0 0 85 86 0 0 0 0 0 0 0 0 0 52 0 0 0 0 0 0 0 0 0 0 0 0 0 7 0 47 0 0 63 0 0 0 0 0 0 0 0 0 0 0 0 91 0 0 0 0 42 
0 0 0 0 0 0 0 0 0 3 0 11 0 0 41 0 70 2 0 0 0 0 0 0 0 0 0 0 0 0 28 0 0 73 0 0 0 0 0 0 59 0 0 0 0 0 0 0 0 0 0 6 0 0 0 0 0 26 0 0 0 0 0 0 0 0 11 0 0 0 0 90 0 0 0 0 20 0 0 0 0 0 0 0 0 0 0 50 0 0 0 0 0 0 0 0 0 0 54 0 
0 0 0 0 87 0 6 0 0 0 0 0 0 0 0 0 0 0 0 0 0 0 0 0 31 0 78 0 0 0 0 0 0 0 0 0 37 0 0 0 0 0 0 0 0 0 37 68 0 0 0 55 0 0 0 0 12 0 0 15 52 0 0 0 0 0 0 0 0 4 0 0 76 0 0 0 0 0 0 0 29 0 0 0 0 0 0 0 75 0 0 0 0 0 0 0 0 0 0 0 
0 0 0 0 0 0 3 0 0 0 0 0 0 0 0 0 0 6 0 0 0 0 0 0 96 0 0 0 0 0 0 0 0 0 24 0 0 0 0 58 0 0 0 0 0 0 0 0 0 60 88 0 0 0 0 6 0 0 0 45 0 0 0 0 0 0 0 0 0 0 0 0 26 0 0 0 88 0 0 0 0 0 0 0 86 63 0 0 0 84 3 0 0 0 0 0 0 0 0 0 
0 0 0 16 0 0 0 0 0 0 0 22 0 0 0 0 0 0 0 0 0 0 0 0 0 0 0 0 0 0 0 0 79 0 0 0 0 98 0 0 0 0 0 0 0 0 0 0 0 0 16 0 64 0 5 0 0 0 0 0 0 0 0 0 0 0 0 0 0 0 0 0 0 0 0 27 0 0 0 0 0 87 0 0 0 0 0 0 0 0 0 0 0 0 0 53 0 67 0 0 
0 0 0 0 0 0 0 0 0 0 0 0 6 0 0 0 0 57 0 0 0 0 0 0 0 0 0 0 0 0 0 0 0 0 0 48 0 0 0 0 0 0 0 0 0 0 91 0 0 0 0 0 4 7 0 18 0 0 0 0 0 0 0 0 0 0 0 0 0 99 0 0 0 0 0 56 0 0 26 0 0 0 0 0 0 0 4 0 0 0 0 75 0 23 0 0 25 0 0 0 
0 0 0 0 0 0 0 0 93 0 48 0 0 0 0 0 0 0 0 0 0 82 0 50 0 0 0 0 0 0 0 0 0 0 0 0 0 0 0 0 74 0 0 99 80 0 0 0 0 0 0 0 0 0 0 49 0 0 31 0 0 11 0 0 0 0 0 8 0 0 0 0 0 0 0 0 56 0 0 0 0 0 0 0 0 0 0 0 0 0 76 0 0 0 0 69 17 0 0 0 
0 0 86 0 0 0 0 0 0 0 0 0 0 0 0 0 0 0 0 0 52 0 90 0 0 0 0 0 0 0 0 0 0 0 0 0 0 0 0 0 90 0 0 0 0 0 0 17 0 0 0 0 0 0 26 0 0 0 0 0 0 0 0 0 0 0 8 0 0 0 0 0 0 97 0 0 0 0 0 0 0 0 61 0 35 66 0 0 92 0 63 39 0 0 0 0 0 0 19 0 
0 0 0 4 0 0 0 54 0 0 0 0 0 0 0 0 0 0 0 0 0 0 0 69 0 0 0 0 0 0 0 0 0 21 0 0 0 0 0 0 0 32 0 0 97 0 0 0 0 0 0 0 0 0 0 0 0 43 0 0 0 0 0 0 0 0 0 0 0 0 0 0 0 0 0 0 0 0 0 0 0 0 0 0 0 77 0 0 26 0 0 0 0 0 0 0 47 0 0 0 
0 0 0 56 0 0 0 0 0 0 6 0 0 0 0 11 0 0 0 9 0 0 71 0 0 0 70 0 0 0 0 0 0 90 0 0 0 0 0 0 91 0 0 0 94 0 0 0 0 0 0 0 0 0 0 0 0 28 0 0 0 0 4 0 0 99 0 0 0 0 0 0 0 0 0 0 0 0 0 19 8 0 0 0 0 0 0 0 0 0 0 15 0 0 0 0 0 0 0 0 
54 0 0 0 0 0 0 0 0 0 0 0 0 0 0 0 92 0 0 0 0 66 0 0 0 0 0 0 0 0 0 47 54 76 73 0 0 0 0 13 0 0 0 65 86 0 0 0 0 0 0 0 74 0 0 0 0 0 0 0 0 0 0 0 0 0 0 0 0 0 0 0 0 67 0 0 0 0 95 0 0 0 0 0 0 0 82 0 0 61 0 0 0 0 0 0 0 0 0 0 
0 0 0 0 0 0 0 0 0 0 0 23 0 66 99 0 0 0 0 0 87 0 0 0 0 0 0 0 0 0 0 0 89 0 0 0 0 70 0 0 0 0 0 0 0 26 0 0 0 0 0 0 0 0 0 0 0 71 0 0 0 90 0 0 0 0 0 0 0 0 0 0 0 0 0 0 20 0 0 0 0 0 0 47 0 43 37 0 2 0 0 0 0 0 0 0 0 0 44 0 
0 0 0 0 0 0 79 0 0 0 0 0 0 0 0 0 51 0 0 0 0 0 0 0 0 0 0 43 0 0 0 0 0 69 0 0 0 0 0 0 0 0 19 0 0 36 0 0 0 0 0 0 0 0 70 0 0 0 0 0 0 0 76 26 0 0 0 0 0 0 0 0 0 0 0 0 0 0 0 0 52 27 0 0 29 0 41 0 0 0 0 0 12 0 0 30 0 0 0 0 
0 0 0 0 0 0 0 0 0 0 0 0 0 39 0 0 0 0 0 0 100 0 0 0 0 0 80 0 0 0 0 0 0 0 0 33 0 0 43 0 0 54 33 0 76 0 0 0 0 0 0 0 0 0 33 0 0 0 0 0 0 0 0 0 0 0 0 97 0 0 67 0 0 0 0 0 45 0 0 0 0 42 0 0 71 0 0 0 0 0 67 0 0 0 0 0 0 0 0 0 
0 0 0 0 0 0 52 0 0 0 0 0 0 0 0 0 0 4 0 0 0 0 0 0 0 0 13 0 0 0 0 92 0 0 0 0 23 0 97 0 0 0 0 0 0 0 0 0 0 81 0 0 0 0 0 0 0 0 0 0 0 0 0 0 0 0 0 0 0 0 0 0 0 0 0 0 0 0 28 90 0 0 0 0 0 32 0 21 93 0 0 0 0 0 0 0 0 0 0 54 
0 0 0 0 0 0 0 0 0 82 0 66 0 0 0 0 0 0 0 0 49 0 0 48 0 48 0 0 0 0 0 0 0 85 0 0 48 0 0 0 0 0 0 0 0 0 0 0 0 0 0 0 0 0 53 0 0 0 0 0 0 0 0 0 27 56 0 0 0 0 0 0 0 0 0 0 0 30 0 0 0 0 0 0 0 0 0 0 0 0 0 0 0 81 4 0 0 0 0 81 
37 0 0 0 0 0 0 0 0 0 0 0 0 0 0 0 0 56 68 0 0 0 0 0 14 0 73 0 0 0 0 46 0 0 0 0 0 0 0 0 0 0 0 0 0 0 0 0 0 0 0 0 0 0 0 0 0 0 0 0 7 20 0 88 0 0 56 0 0 0 0 20 0 45 0 0 0 0 0 0 0 53 0 0 0 0 0 0 47 0 0 0 0 0 0 13 0 0 0 0 
0 0 1 0 0 17 0 0 0 14 0 0 0 0 0 0 63 0 0 0 0 45 0 0 0 0 0 0 0 0 0 0 0 57 0 37 96 0 51 0 0 0 0 0 0 0 0 0 0 0 0 0 0 0 0 0 0 0 0 0 0 0 0 0 0 0 0 0 0 0 0 0 0 0 0 30 0 0 0 31 0 0 0 0 0 54 0 0 0 7 0 44 0 0 0 0 0 0 0 0 
0 0 0 0 0 0 0 0 0 0 0 0 0 0 0 0 0 0 0 0 0 0 0 0 0 0 0 0 0 0 40 77 49 0 0 77 88 0 0 0 0 0 0 0 0 0 0 0 0 0 0 0 0 0 0 0 0 0 63 0 47 0 0 0 0 26 0 0 0 0 95 0 0 0 28 0 0 0 0 80 0 0 39 0 0 17 0 0 0 0 0 0 0 0 0 0 0 0 0 0 
15 0 0 0 0 0 0 0 0 0 0 0 0 0 0 0 6 0 0 0 0 0 0 0 0 0 45 0 0 0 0 0 0 0 0 0 0 0 0 0 0 0 0 0 0 0 86 0 0 0 0 43 0 0 0 0 0 0 0 63 0 0 0 0 0 0 0 0 0 19 0 0 0 0 90 0 0 31 80 0 0 0 0 0 0 0 0 0 0 0 87 0 0 0 0 0 0 0 0 0 
0 0 0 1 0 0 0 0 0 52 0 0 0 100 0 22 29 74 0 0 0 0 0 0 0 0 0 0 0 0 0 0 65 0 0 0 0 0 0 0 0 0 0 0 0 0 0 0 0 0 0 0 0 0 26 0 0 0 0 0 0 0 29 0 0 0 0 0 0 8 0 0 52 0 0 0 0 0 0 0 0 0 7 0 0 0 0 0 28 63 0 0 0 0 0 0 0 76 0 0 
27 0 0 0 0 0 0 0 0 0 0 0 0 0 0 0 0 0 0 0 0 0 0 0 0 0 0 97 0 0 0 0 63 0 22 0 0 12 0 0 66 0 0 15 0 0 0 0 0 4 0 0 0 0 0 0 0 0 0 95 63 0 0 0 87 0 0 0 0 0 0 0 27 42 0 0 53 0 0 0 0 0 0 0 0 0 0 0 56 0 0 0 0 0 0 0 0 0 0 0 
9 0 0 0 0 0 16 0 66 0 0 0 0 0 43 0 0 0 0 0 0 0 0 0 0 0 0 0 0 0 0 0 0 0 0 0 0 0 0 0 0 0 0 0 0 0 0 0 31 0 0 0 0 0 0 0 73 0 84 0 0 0 0 0 0 0 0 61 0 0 0 0 0 0 0 0 0 0 39 0 7 0 0 60 72 0 0 0 0 57 0 0 27 68 0 0 0 0 0 0 
0 0 0 0 0 0 0 0 0 0 0 0 0 0 0 50 43 0 0 0 0 0 0 0 0 0 0 0 0 0 0 0 0 0 0 0 0 0 0 0 0 0 0 0 0 0 0 0 0 0 37 0 0 72 46 0 0 0 0 0 0 0 0 0 0 0 0 0 0 0 0 47 0 0 0 0 0 0 0 0 0 0 60 0 0 99 0 0 0 22 0 0 0 0 0 85 0 0 0 0 
0 0 0 0 0 0 0 0 0 0 0 0 0 0 0 0 53 0 0 0 8 0 0 0 95 0 0 0 0 51 46 0 0 0 0 0 0 0 0 0 0 0 0 0 0 46 0 52 0 0 7 0 0 0 0 0 0 0 0 0 0 0 0 86 0 0 0 35 0 0 0 0 29 71 0 0 0 0 0 0 0 0 72 0 0 29 0 0 0 0 0 0 55 0 0 0 0 0 0 0 
0 0 0 0 0 0 0 0 0 0 0 0 0 0 0 0 0 0 0 0 0 0 0 0 0 0 0 0 0 77 0 0 0 0 30 0 0 0 0 0 0 0 0 0 95 0 0 0 0 0 0 0 0 0 0 47 0 0 0 0 0 0 0 63 0 0 0 66 77 0 0 43 0 0 32 0 0 54 17 0 0 0 0 99 29 0 0 50 0 0 0 0 0 0 0 0 0 0 0 0 
0 0 0 0 0 0 0 0 0 0 0 0 0 0 0 39 0 0 0 18 0 29 0 0 0 36 78 0 87 0 0 0 0 0 0 0 0 0 0 0 67 0 0 0 0 0 0 0 43 0 0 0 0 0 0 0 0 0 0 0 0 0 0 0 0 4 0 0 0 0 82 37 41 0 0 0 0 0 0 0 0 0 0 0 0 0 0 0 0 0 0 0 0 22 0 0 18 0 0 0 
0 69 0 0 0 5 0 0 0 0 0 0 0 0 0 0 0 0 0 0 17 0 0 0 73 78 0 0 0 0 98 0 94 0 0 0 0 0 0 0 0 0 24 0 0 75 0 0 0 0 0 0 0 0 0 0 0 0 0 58 0 50 0 0 0 0 0 0 0 0 0 0 0 0 21 0 0 0 0 0 0 0 0 0 0 50 0 0 0 0 0 0 88 0 0 0 0 0 70 0 
0 0 0 0 56 0 0 0 0 0 21 0 0 0 0 0 0 0 0 71 0 0 0 0 0 0 0 3 0 0 0 0 50 0 0 0 0 0 0 0 24 0 0 0 0 0 0 0 0 0 94 0 0 0 0 0 0 0 0 0 0 0 75 0 0 0 0 92 26 0 0 2 0 0 93 0 47 0 0 0 28 56 0 0 0 0 0 0 0 0 0 0 0 0 0 0 0 0 0 0 
0 53 0 0 36 0 89 0 0 84 0 0 0 0 0 0 0 0 0 0 0 0 0 0 0 0 0 86 0 0 0 0 0 0 0 0 0 0 0 16 0 61 0 0 67 0 0 0 0 0 29 0 0 0 0 0 0 0 0 0 0 0 0 84 0 0 0 0 0 0 61 0 0 0 0 0 0 7 0 0 63 0 57 22 0 0 0 0 0 0 0 0 0 0 0 0 0 0 0 0 
0 0 0 0 76 0 0 0 0 0 0 0 0 0 0 0 0 0 0 67 0 0 0 0 0 0 0 0 59 0 42 0 68 0 2 0 21 0 0 0 0 0 0 0 0 0 0 0 0 37 0 0 0 3 0 0 5 0 0 0 0 0 0 3 0 0 76 63 0 0 0 0 0 67 0 0 0 0 0 87 0 0 0 0 0 0 0 0 0 0 0 0 0 0 0 0 0 0 0 0 
0 0 0 0 0 0 0 0 42 0 0 0 0 0 15 0 0 0 65 0 0 0 0 0 0 93 0 0 0 0 0 0 0 0 0 59 0 0 0 0 0 16 0 0 0 82 70 0 36 0 0 0 0 0 0 0 0 0 0 0 0 0 0 0 0 75 0 39 0 15 0 0 0 0 0 0 0 44 0 0 0 0 0 0 0 0 0 0 0 0 0 0 0 9 0 0 0 0 0 0 
0 0 0 61 0 0 0 0 0 0 6 0 0 0 0 0 0 0 6 0 0 0 0 0 0 0 0 0 0 0 12 83 0 0 0 0 0 0 0 21 0 0 0 0 0 0 0 0 0 0 0 0 0 0 0 0 0 28 3 0 0 0 0 0 0 0 0 0 0 0 0 0 12 0 0 0 0 0 0 0 0 0 27 0 55 0 0 88 0 0 0 0 0 0 0 0 0 0 0 0 
0 67 0 0 0 0 43 0 0 0 0 0 93 0 0 0 0 0 0 54 0 90 0 0 0 0 0 0 0 0 0 0 0 0 0 0 0 0 0 0 0 0 0 0 0 0 0 0 0 0 0 0 0 0 0 0 0 0 28 0 0 0 0 0 0 23 0 0 0 0 0 0 0 0 0 81 0 0 0 0 0 0 68 0 0 0 22 0 0 0 0 9 0 0 0 0 0 0 30 0 
0 21 0 0 0 0 0 0 0 0 0 0 0 93 0 0 0 0 0 0 0 0 0 0 0 0 0 0 0 0 39 0 0 0 0 11 0 0 0 84 0 0 0 0 0 0 0 63 0 0 0 0 0 0 0 34 0 46 0 0 91 0 0 0 0 0 0 0 0 0 0 0 0 0 0 4 0 0 0 0 0 0 0 0 0 0 0 0 0 0 0 0 0 0 0 0 0 0 0 0 
0 0 0 0 76 74 48 0 0 0 0 0 0 0 0 0 0 0 0 0 0 0 0 0 0 10 0 0 0 0 0 0 0 0 98 0 0 0 0 0 0 96 30 0 0 0 20 0 21 0 0 0 0 0 0 0 0 0 0 2 0 0 0 0 53 0 69 0 0 0 0 0 30 0 0 0 13 0 0 0 0 0 0 85 0 0 0 0 0 0 0 0 0 0 0 0 0 0 0 0 
0 0 0 0 0 58 50 0 0 0 0 0 0 0 0 29 0 0 0 79 0 0 6 0 0 0 0 78 0 0 0 0 0 0 87 0 0 0 0 56 0 0 0 0 0 0 0 0 0 0 0 0 0 0 0 0 97 0 0 0 0 0 0 0 0 25 17 0 47 0 0 0 0 0 0 0 0 0 0 0 0 0 0 0 0 0 18 0 0 0 0 0 0 0 0 0 0 0 0 0 
0 0 0 57 29 0 0 0 0 0 0 0 0 0 0 0 0 0 0 0 44 0 66 79 0 0 0 0 0 0 0 0 0 0 0 0 0 0 0 18 0 0 0 0 0 0 0 0 0 0 0 83 0 0 0 0 0 0 0 0 0 0 0 0 67 0 0 0 0 0 0 0 0 0 0 0 0 0 0 0 76 0 0 0 0 0 0 0 0 0 0 0 0 0 0 0 0 0 86 0 
27 0 0 0 0 0 0 0 0 0 0 25 0 0 10 78 0 0 51 0 28 0 0 0 0 0 0 0 0 0 0 0 0 0 35 0 0 51 0 0 56 0 0 0 0 0 0 0 0 0 0 0 0 0 0 0 0 0 0 0 0 54 0 0 0 0 0 19 0 0 0 44 0 0 0 0 0 0 0 0 0 0 0 0 0 0 0 70 0 0 0 0 0 30 0 0 0 86 0 0 
0 0 0 32 0 0 0 59 88 0 0 0 0 0 0 0 0 0 0 0 0 0 0 0 0 0 0 0 0 0 0 0 39 12 0 0 0 0 0 0 0 0 0 0 0 0 0 0 0 0 0 25 0 0 0 61 0 0 38 0 42 0 0 0 0 0 0 0 0 0 0 0 0 0 54 81 0 0 0 0 0 0 0 0 0 0 0 0 0 0 0 0 0 0 0 0 0 0 0 0 
