0 0 0 0 78 0 0 0 97 35 0 0 0 0 0 0 0 0 0 0 0 0 0 0 0 0 0 0 0 45 0 0 0 0 0 0 0 0 22 0 0 0 0 0 0 0 0 0 0 0 0 0 0 0 0 0 0 0 0 0 0 0 0 0 0 0 0 0 0 0 0 0 0 0 0 0 0 0 0 0 0 75 0 0 0 0 81 0 0 0 0 0 0 0 0 0 0 0 78 0 
0 0 0 0 0 46 0 0 0 0 0 0 0 0 0 11 0 0 0 0 0 59 0 0 0 0 0 0 0 0 0 0 0 0 0 0 0 0 12 0 0 0 0 0 0 0 0 0 0 0 0 48 0 0 0 0 0 0 0 0 0 0 0 56 0 0 0 0 0 91 0 0 0 0 0 0 0 0 0 0 0 0 0 0 0 0 0 0 0 83 0 0 0 0 0 7 0 0 0 0 
0 0 0 0 28 0 0 0 31 0 0 0 0 0 0 0 0 0 0 0 0 0 0 72 0 0 0 0 0 0 0 46 0 0 0 0 0 0 0 0 0 0 0 0 0 6 0 0 0 0 0 0 0 0 0 0 0 0 0 0 0 0 0 0 97 0 33 0 0 0 0 0 0 0 0 0 80 0 0 0 0 16 0 0 45 0 97 0 0 0 0 0 0 0 0 3 50 70 91 0 
0 0 0 0 0 33 0 0 0 0 0 0 19 0 0 0 0 0 0 0 0 66 0 0 0 0 0 0 0 0 0 37 0 0 94 0 7 0 0 82 0 0 0 0 0 0 0 0 0 0 0 0 0 0 0 0 0 0 54 1 19 74 0 0 0 0 0 0 0 0 0 0 0 80 0 0 0 0 0 0 0 0 0 0 0 0 0 0 0 0 76 0 0 0 0 0 0 0 0 0 
78 0 28 0 0 0 0 0 0 0 0 0 0 0 0 0 0 0 0 0 0 0 0 0 0 0 0 5 50 0 0 34 0 96 0 0 0 0 0 20 0 0 57 0 0 96 0 0 0 0 0 0 0 0 0 56 0 0 0 0 0 0 0 33 0 0 0 97 6 0 0 44 0 0 0 0 0 0 0 0 0 0 0 8 0 0 0 0 0 0 0 0 0 0 0 0 0 0 0 0 
0 46 0 33 0 0 0 0 0 0 0 0 0 0 76 0 0 0 0 0 67 0 0 0 0 6 0 0 0 0 0 0 0 0 0 0 0 0 0 58 0 0 0 91 0 0 0 6 0 90 0 0 0 0 0 0 0 0 49 0 70 0 0 0 0 0 0 0 0 38 0 0 0 0 0 0 0 0 0 52 0 0 0 0 69 0 0 0 0 0 0 0 83 0 0 0 0 0 0 0 
0 0 0 0 0 0 0 0 0 0 0 0 0 29 0 0 0 0 0 87 0 0 0 0 0 0 0 0 0 0 0 0 48 0 0 7 0 0 0 0 0 0 0 0 92 0 0 0 0 0 27 0 0 0 0 0 0 0 0 54 67 0 0 0 0 0 0 0 0 0 0 0 0 4 53 0 0 0 0 0 0 0 0 0 44 0 0 0 0 0 27 0 84 0 0 0 0 0 0 0 
0 0 0 0 0 0 0 0 0 0 0 0 0 0 0 0 0 0 0 0 0 0 0 0 0 0 19 0 0 0 0 0 0 0 0 85 0 0 0 75 74 0 0 0 17 63 0 0 0 0 0 0 86 0 0 68 0 0 0 0 0 0 0 18 0 0 54 0 22 0 0 0 0 0 0 0 0 13 0 0 0 0 83 0 72 0 0 8 0 0 0 0 0 0 0 0 0 0 0 0 
97 0 31 0 0 0 0 0 0 0 29 0 0 0 0 0 0 0 0 0 23 0 0 0 0 0 3 0 0 0 0 0 0 0 0 70 0 0 89 0 0 0 0 0 0 0 0 0 0 0 0 0 0 0 0 99 0 37 0 0 0 0 0 0 0 0 0 0 0 0 0 28 0 0 0 0 90 0 0 0 0 0 0 0 0 0 0 91 0 0 0 45 77 0 0 0 0 0 12 0 
35 0 0 0 0 0 0 0 0 0 0 0 0 0 0 0 0 0 0 0 0 0 0 0 0 7 0 0 0 0 0 0 0 0 0 0 63 0 0 0 19 0 0 0 0 0 0 0 0 74 0 0 0 0 0 0 0 0 0 0 0 0 0 0 6 0 0 0 0 0 0 0 0 0 0 0 61 0 0 0 0 0 0 20 0 0 0 0 93 0 0 0 0 0 0 0 0 0 39 0 
0 0 0 0 0 0 0 0 29 0 0 0 0 0 0 0 66 0 0 0 0 0 0 0 34 0 0 0 0 0 0 0 0 0 0 0 0 0 0 0 0 0 0 0 41 0 0 0 0 0 0 0 36 0 0 0 0 0 0 13 0 0 0 0 69 25 0 0 0 88 0 0 84 0 0 0 0 83 0 0 0 81 1 0 0 0 0 50 0 0 0 0 0 35 0 0 0 0 0 0 
0 0 0 0 0 0 0 0 0 0 0 0 0 0 0 0 0 0 0 0 0 0 17 0 0 0 100 0 0 14 0 0 0 0 0 0 0 0 0 0 0 27 0 0 0 0 41 0 57 0 0 0 0 0 0 0 0 66 0 0 0 0 0 0 0 0 0 0 0 0 0 0 0 0 0 0 0 0 0 0 0 0 0 0 0 0 0 0 0 0 0 0 0 0 0 0 0 0 0 0 
0 0 0 19 0 0 0 0 0 0 0 0 0 0 0 0 0 0 0 0 0 0 0 0 91 0 0 0 0 0 0 0 0 21 0 0 0 0 0 0 0 13 0 0 46 0 0 0 0 0 0 0 0 0 74 0 35 0 0 17 0 0 0 0 0 0 0 0 0 0 0 0 19 0 0 0 0 0 0 53 97 0 0 0 0 62 0 0 0 66 0 0 0 0 55 0 13 0 0 0 
0 0 0 0 0 0 29 0 0 0 0 0 0 0 0 0 0 38 87 0 0 0 0 0 0 0 0 0 0 0 57 0 0 0 0 0 0 0 0 0 0 0 0 0 0 0 0 0 0 26 0 0 0 0 0 0 0 0 0 0 83 0 61 0 0 0 0 0 0 78 0 12 0 0 0 0 0 0 0 70 0 0 98 51 0 0 0 0 0 0 0 66 59 56 0 0 0 0 0 0 
0 0 0 0 0 76 0 0 0 0 0 0 0 0 0 38 0 0 87 0 0 0 0 0 0 25 0 0 0 1 0 0 0 0 59 17 0 0 0 0 0 0 0 8 0 0 0 0 0 0 0 0 0 0 0 0 0 0 0 0 0 0 0 21 0 0 0 0 0 0 0 0 0 0 0 0 0 0 0 0 0 0 0 22 0 0 0 0 0 0 0 0 0 0 0 0 0 0 0 0 
0 11 0 0 0 0 0 0 0 0 0 0 0 0 38 0 0 0 0 0 0 0 38 0 0 0 0 0 0 0 0 0 0 0 0 0 0 5 0 0 0 0 0 0 0 0 0 0 0 0 0 0 70 0 0 0 0 0 0 0 4 0 0 76 92 0 0 0 0 0 0 0 0 0 0 0 0 0 0 89 89 0 0 0 0 0 0 0 0 76 0 97 42 0 0 0 6 0 81 0 
0 0 0 0 0 0 0 0 0 0 66 0 0 0 0 0 0 68 0 0 0 0 0 0 0 0 0 0 0 0 0 0 0 0 0 0 0 0 55 0 60 0 0 0 0 0 43 0 0 0 0 0 0 0 84 0 0 0 0 0 0 0 0 0 0 43 15 0 0 0 0 0 0 0 0 0 0 0 0 0 0 0 0 0 0 0 11 0 0 0 0 0 37 0 0 60 0 0 0 0 
0 0 0 0 0 0 0 0 0 0 0 0 0 38 0 0 68 0 0 0 0 64 0 0 0 0 0 0 0 0 0 0 0 0 0 0 0 0 0 0 0 0 0 0 0 0 0 0 0 0 0 0 0 0 0 0 0 0 0 0 0 31 0 0 0 0 0 0 0 0 0 0 0 0 0 0 0 0 0 0 0 0 0 0 0 0 0 0 0 42 0 0 0 0 96 0 0 0 0 0 
0 0 0 0 0 0 0 0 0 0 0 0 0 87 87 0 0 0 0 0 0 0 0 0 0 0 0 69 0 0 0 0 0 0 0 0 0 0 0 0 0 85 0 0 0 0 0 24 0 0 0 0 0 0 0 0 82 0 0 0 0 0 92 0 0 0 0 0 0 23 95 5 0 21 0 0 0 0 15 0 0 0 0 55 0 0 0 0 0 0 0 0 0 0 83 0 0 0 75 0 
0 0 0 0 0 0 87 0 0 0 0 0 0 0 0 0 0 0 0 0 0 31 15 0 0 0 0 0 11 0 0 0 0 0 35 74 0 0 61 72 0 0 78 0 0 0 0 0 0 0 0 94 0 0 0 0 0 0 0 0 0 0 0 0 0 0 0 0 0 0 42 46 0 0 0 0 0 0 0 0 0 0 64 0 0 0 0 0 0 20 0 0 0 0 0 0 0 89 0 0 
0 0 0 0 0 67 0 0 23 0 0 0 0 0 0 0 0 0 0 0 0 0 0 0 0 6 0 0 0 0 24 0 0 0 0 0 0 0 0 28 0 0 0 0 0 0 0 0 0 0 0 0 52 0 13 0 0 0 0 0 0 0 0 28 0 0 0 0 24 0 0 31 56 0 0 0 0 0 0 40 0 0 71 0 0 0 0 32 0 54 0 0 0 0 0 0 0 0 0 0 
0 59 0 66 0 0 0 0 0 0 0 0 0 0 0 0 0 64 0 31 0 0 0 0 0 0 0 0 0 0 0 0 0 0 0 68 0 19 0 0 0 0 0 68 0 0 0 0 0 0 0 0 0 95 0 0 78 0 0 0 0 0 0 0 0 0 0 66 0 0 0 0 19 0 0 0 50 42 0 0 0 0 0 0 0 0 0 0 85 0 0 0 33 0 0 0 0 0 0 0 
0 0 0 0 0 0 0 0 0 0 0 17 0 0 0 38 0 0 0 15 0 0 0 0 39 0 0 0 47 0 61 0 23 0 0 0 0 0 0 0 0 0 0 97 19 0 0 0 49 11 0 0 0 0 0 34 0 0 0 0 0 0 0 84 0 0 0 0 0 0 10 0 0 0 0 0 0 0 0 0 0 0 0 0 0 0 0 0 0 0 0 0 0 0 0 0 0 0 0 97 
0 0 72 0 0 0 0 0 0 0 0 0 0 0 0 0 0 0 0 0 0 0 0 0 0 0 0 60 40 0 94 39 0 20 58 0 0 0 0 18 0 9 0 0 0 0 0 0 0 82 0 0 0 0 0 0 0 0 0 0 50 0 0 0 77 0 0 0 0 0 0 0 0 0 0 0 0 20 0 0 63 0 0 0 0 0 0 0 0 0 0 0 0 0 34 0 0 0 0 0 
0 0 0 0 0 0 0 0 0 0 34 0 91 0 0 0 0 0 0 0 0 0 39 0 0 0 0 80 0 41 0 0 0 0 0 0 0 0 0 0 0 0 0 0 0 0 0 0 0 0 75 83 0 0 0 98 28 69 0 0 0 0 0 0 0 0 0 0 0 41 91 0 0 0 0 0 100 0 0 0 0 0 0 79 70 0 0 0 0 0 0 0 0 0 0 0 0 0 0 0 
0 0 0 0 0 6 0 0 0 7 0 0 0 0 25 0 0 0 0 0 6 0 0 0 0 0 0 0 0 0 0 0 0 0 0 0 0 0 0 0 0 0 4 0 0 0 0 0 0 0 0 0 0 0 0 0 0 0 0 0 0 93 13 0 0 0 0 0 0 0 64 0 0 0 0 0 0 0 0 0 0 0 0 0 0 0 32 58 0 0 0 0 0 0 0 13 0 92 0 0 
0 0 0 0 0 0 0 19 3 0 0 100 0 0 0 0 0 0 0 0 0 0 0 0 0 0 0 0 0 0 0 81 60 0 0 0 0 0 0 0 0 0 43 0 0 61 0 0 78 0 0 0 0 0 77 0 0 99 0 0 0 0 0 0 0 0 0 0 0 0 0 0 0 0 0 0 0 0 0 0 0 0 0 0 0 37 0 0 0 0 0 0 49 0 0 81 100 0 60 0 
0 0 0 0 5 0 0 0 0 0 0 0 0 0 0 0 0 0 69 0 0 0 0 60 80 0 0 0 57 0 0 50 0 0 4 0 0 43 0 0 0 0 57 0 0 0 38 0 0 0 0 0 0 0 0 26 0 0 0 72 0 0 0 0 0 0 0 0 37 0 0 0 0 0 0 0 0 0 0 0 0 0 0 0 0 0 0 0 0 0 0 78 0 0 0 0 0 33 0 0 
0 0 0 0 50 0 0 0 0 0 0 0 0 0 0 0 0 0 0 11 0 0 47 40 0 0 0 57 0 63 61 0 0 0 56 0 0 0 32 0 0 0 0 0 0 0 0 0 0 0 0 0 65 0 0 0 0 0 0 0 0 0 43 0 0 0 0 0 0 0 0 0 0 0 0 0 0 0 0 0 0 0 0 0 0 0 0 0 0 0 85 17 0 0 0 88 36 0 0 0 
45 0 0 0 0 0 0 0 0 0 0 14 0 0 1 0 0 0 0 0 0 0 0 0 41 0 0 0 63 0 0 0 0 0 0 0 0 0 0 0 0 0 0 0 0 0 46 0 32 0 0 0 0 0 0 0 0 0 0 0 0 35 0 0 0 0 0 0 0 0 0 0 0 0 0 86 0 0 0 22 0 0 0 0 0 0 0 0 0 0 0 0 0 84 0 0 43 0 0 0 
0 0 0 0 0 0 0 0 0 0 0 0 0 57 0 0 0 0 0 0 24 0 61 94 0 0 0 0 61 0 0 0 0 0 0 0 0 75 0 76 0 0 0 0 0 0 0 0 0 0 0 39 0 0 0 0 70 36 0 0 0 0 0 0 0 0 0 0 0 0 0 0 0 56 0 0 76 0 0 0 0 0 0 0 8 0 0 0 0 0 7 24 0 0 0 0 0 0 0 0 
0 0 46 37 34 0 0 0 0 0 0 0 0 0 0 0 0 0 0 0 0 0 0 39 0 0 81 50 0 0 0 0 0 0 0 22 0 0 0 0 76 0 0 87 0 0 0 0 0 0 21 0 0 0 0 66 0 0 0 93 0 0 25 0 0 0 0 0 0 0 0 0 0 0 0 0 0 0 0 55 0 0 0 0 0 0 41 0 0 0 0 0 0 0 0 0 0 0 0 0 
0 0 0 0 0 0 48 0 0 0 0 0 0 0 0 0 0 0 0 0 0 0 23 0 0 0 60 0 0 0 0 0 0 0 0 0 0 0 43 0 0 0 87 0 0 0 0 75 0 0 0 0 0 0 0 0 0 0 0 65 0 0 0 85 0 0 0 0 0 0 0 0 0 0 0 0 0 0 0 0 0 0 0 0 0 0 72 0 0 0 0 0 0 0 0 0 0 0 0 0 
0 0 0 0 96 0 0 0 0 0 0 0 21 0 0 0 0 0 0 0 0 0 0 20 0 0 0 0 0 0 0 0 0 0 0 0 0 0 0 0 0 0 0 0 0 0 0 0 0 0 0 0 25 0 0 0 0 0 0 40 0 0 0 0 0 66 0 0 0 51 0 0 0 0 0 0 9 0 0 0 0 0 0 0 0 0 0 0 0 40 79 0 0 0 0 0 0 0 0 0 
0 0 0 94 0 0 0 0 0 0 0 0 0 0 59 0 0 0 0 35 0 0 0 58 0 0 0 4 56 0 0 0 0 0 0 0 0 0 0 0 0 0 0 0 0 0 0 0 0 0 0 0 0 0 55 0 0 96 0 0 0 3 0 0 95 0 0 0 0 0 0 0 0 0 25 0 0 0 0 0 0 0 0 0 0 0 0 0 0 0 0 0 0 0 0 0 0 0 0 0 
0 0 0 0 0 0 7 85 70 0 0 0 0 0 17 0 0 0 0 74 0 68 0 0 0 0 0 0 0 0 0 22 0 0 0 0 0 0 0 0 0 0 0 7 0 0 0 40 0 86 0 0 0 0 0 0 0 0 16 0 0 0 0 0 0 0 0 0 0 0 0 0 0 0 21 0 0 0 0 0 0 0 0 0 0 0 0 0 0 0 0 0 0 0 0 51 0 0 0 0 
0 0 0 7 0 0 0 0 0 63 0 0 0 0 0 0 0 0 0 0 0 0 0 0 0 0 0 0 0 0 0 0 0 0 0 0 0 0 0 0 0 0 62 0 0 0 0 0 6 0 0 0 0 92 0 0 0 28 19 0 0 0 0 0 0 0 41 100 0 0 0 0 0 0 0 0 0 0 0 0 0 0 88 0 0 0 0 0 0 0 0 0 40 71 0 30 0 47 0 0 
0 0 0 0 0 0 0 0 0 0 0 0 0 0 0 5 0 0 0 0 0 19 0 0 0 0 0 43 0 0 75 0 0 0 0 0 0 0 15 78 0 0 0 0 0 79 0 0 0 71 0 67 0 0 0 3 0 0 0 0 0 0 0 0 0 64 0 0 95 0 0 0 0 0 0 0 0 0 0 0 0 0 0 0 0 0 0 0 0 0 0 0 0 0 0 0 0 4 0 0 
22 12 0 0 0 0 0 0 89 0 0 0 0 0 0 0 55 0 0 61 0 0 0 0 0 0 0 0 32 0 0 0 43 0 0 0 0 15 0 0 46 0 0 0 0 0 0 0 0 0 0 0 0 0 0 78 0 0 0 0 0 0 0 96 0 0 0 0 0 0 0 0 40 0 0 0 0 0 0 0 99 0 0 0 0 0 0 0 0 0 0 0 0 0 9 0 76 0 0 0 
0 0 0 82 20 58 0 75 0 0 0 0 0 0 0 0 0 0 0 72 28 0 0 18 0 0 0 0 0 0 76 0 0 0 0 0 0 78 0 0 0 0 0 0 0 0 0 0 88 0 0 0 0 45 0 0 0 0 24 0 0 0 0 0 0 0 0 0 0 0 0 0 0 0 42 0 40 0 0 0 0 0 56 0 0 0 0 0 0 0 0 0 0 0 0 0 0 0 0 0 
0 0 0 0 0 0 0 74 0 19 0 0 0 0 0 0 60 0 0 0 0 0 0 0 0 0 0 0 0 0 0 76 0 0 0 0 0 0 46 0 0 7 0 0 0 13 0 0 0 50 0 0 0 0 0 0 0 0 0 0 0 0 0 0 21 0 0 0 0 51 0 0 0 0 0 49 0 0 0 0 0 0 0 75 0 0 0 0 0 69 0 94 0 0 0 0 0 0 4 0 
0 0 0 0 0 0 0 0 0 0 0 27 13 0 0 0 0 0 85 0 0 0 0 9 0 0 0 0 0 0 0 0 0 0 0 0 0 0 0 0 7 0 41 0 0 0 0 0 0 0 0 0 100 0 0 0 0 0 0 76 0 0 0 0 67 0 0 0 0 0 0 0 0 0 0 0 0 0 0 0 85 0 52 86 0 0 0 0 0 0 0 0 0 0 0 0 0 0 40 0 
0 0 0 0 57 0 0 0 0 0 0 0 0 0 0 0 0 0 0 78 0 0 0 0 0 4 43 57 0 0 0 0 87 0 0 0 62 0 0 0 0 41 0 0 0 0 0 0 0 0 0 64 0 0 0 0 0 0 0 0 0 60 0 63 0 0 0 90 0 0 0 0 0 0 89 0 0 0 0 0 0 50 0 0 0 0 0 0 0 0 93 0 0 0 0 0 0 0 0 0 
0 0 0 0 0 91 0 0 0 0 0 0 0 0 8 0 0 0 0 0 0 68 97 0 0 0 0 0 0 0 0 87 0 0 0 7 0 0 0 0 0 0 0 0 0 0 0 0 0 0 0 0 76 0 33 0 0 0 0 0 0 0 0 0 0 0 0 0 0 0 0 0 0 0 0 0 0 0 0 0 0 0 0 0 0 0 0 0 0 0 19 0 33 0 0 0 0 0 0 0 
0 0 0 0 0 0 92 17 0 0 41 0 46 0 0 0 0 0 0 0 0 0 19 0 0 0 0 0 0 0 0 0 0 0 0 0 0 0 0 0 0 0 0 0 0 0 0 99 0 0 0 0 0 67 0 0 0 0 74 0 2 0 0 0 0 0 0 0 0 0 0 0 0 81 0 0 82 7 56 0 0 0 0 0 0 0 0 0 0 17 0 0 0 0 16 0 0 0 0 0 
0 0 6 0 96 0 0 63 0 0 0 0 0 0 0 0 0 0 0 0 0 0 0 0 0 0 61 0 0 0 0 0 0 0 0 0 0 79 0 0 13 0 0 0 0 0 0 50 40 0 0 0 0 0 0 0 0 0 80 0 0 1 0 0 0 68 0 0 0 0 0 0 0 74 0 0 0 0 0 0 64 0 0 0 0 0 0 0 0 0 0 0 0 0 73 0 0 0 62 0 
0 0 0 0 0 0 0 0 0 0 0 41 0 0 0 0 43 0 0 0 0 0 0 0 0 0 0 38 0 46 0 0 0 0 0 0 0 0 0 0 0 0 0 0 0 0 0 0 38 0 0 0 0 0 0 0 0 0 64 0 0 0 0 0 0 0 0 0 0 0 0 0 0 0 0 0 0 0 68 0 0 52 0 0 61 0 0 0 91 0 35 0 0 0 0 11 0 0 0 49 
0 0 0 0 0 6 0 0 0 0 0 0 0 0 0 0 0 0 24 0 0 0 0 0 0 0 0 0 0 0 0 0 75 0 0 40 0 0 0 0 0 0 0 0 99 50 0 0 0 0 0 0 0 0 0 0 0 0 0 0 0 0 0 0 0 0 0 0 0 0 0 94 0 0 62 0 0 0 52 0 0 97 0 0 0 3 0 0 0 0 0 0 0 0 0 0 0 0 0 0 
0 0 0 0 0 0 0 0 0 0 0 57 0 0 0 0 0 0 0 0 0 0 49 0 0 0 78 0 0 32 0 0 0 0 0 0 6 0 0 88 0 0 0 0 0 40 38 0 0 0 0 0 0 0 0 0 0 0 0 0 0 0 43 0 0 0 0 0 0 0 0 0 78 0 65 0 0 0 0 0 0 0 0 0 0 0 0 0 59 92 0 0 0 0 0 0 0 0 0 0 
0 0 0 0 0 90 0 0 0 74 0 0 0 26 0 0 0 0 0 0 0 0 11 82 0 0 0 0 0 0 0 0 0 0 0 86 0 71 0 0 50 0 0 0 0 0 0 0 0 0 0 0 0 0 0 0 51 0 0 0 0 56 0 0 0 0 0 51 0 0 0 0 0 0 0 0 0 0 0 0 0 0 0 68 0 0 0 0 0 0 0 100 10 0 0 0 0 26 0 0 
0 0 0 0 0 0 27 0 0 0 0 0 0 0 0 0 0 0 0 0 0 0 0 0 75 0 0 0 0 0 0 21 0 0 0 0 0 0 0 0 0 0 0 0 0 0 0 0 0 0 0 0 0 0 0 36 0 0 0 22 0 0 0 0 0 0 0 0 0 0 67 0 0 0 0 0 0 0 0 0 49 0 0 0 0 0 0 0 0 0 0 0 0 50 0 0 42 0 0 0 
0 48 0 0 0 0 0 0 0 0 0 0 0 0 0 0 0 0 0 94 0 0 0 0 83 0 0 0 0 0 39 0 0 0 0 0 0 67 0 0 0 0 64 0 0 0 0 0 0 0 0 0 0 0 0 0 0 0 0 24 0 0 94 0 0 0 0 0 0 0 0 0 0 100 46 0 0 0 0 0 0 0 0 0 0 0 0 0 49 0 66 0 0 0 0 0 0 0 0 0 
0 0 0 0 0 0 0 86 0 0 36 0 0 0 0 70 0 0 0 0 52 0 0 0 0 0 0 0 65 0 0 0 0 25 0 0 0 0 0 0 0 100 0 76 0 0 0 0 0 0 0 0 0 0 0 0 0 0 0 0 0 0 43 0 0 0 0 0 0 0 0 0 0 0 0 0 0 0 3 0 0 0 52 0 0 67 0 0 0 32 65 0 0 0 0 0 0 0 41 0 
0 0 0 0 0 0 0 0 0 0 0 0 0 0 0 0 0 0 0 0 0 95 0 0 0 0 0 0 0 0 0 0 0 0 0 0 92 0 0 45 0 0 0 0 67 0 0 0 0 0 0 0 0 0 0 0 0 0 0 0 0 0 0 0 0 0 0 0 37 0 0 26 77 0 0 0 0 0 0 0 51 0 0 0 0 0 7 87 0 0 0 0 0 0 0 0 0 0 0 0 
0 0 0 0 0 0 0 0 0 0 0 0 74 0 0 0 84 0 0 0 13 0 0 0 0 0 77 0 0 0 0 0 0 0 55 0 0 0 0 0 0 0 0 33 0 0 0 0 0 0 0 0 0 0 0 0 74 0 0 0 0 0 0 67 60 0 0 0 0 12 0 0 40 0 0 0 0 91 0 0 0 25 0 0 69 0 0 0 0 0 0 0 0 56 0 0 0 0 0 0 
0 0 0 0 56 0 0 68 99 0 0 0 0 0 0 0 0 0 0 0 0 0 34 0 98 0 0 26 0 0 0 66 0 0 0 0 0 3 78 0 0 0 0 0 0 0 0 0 0 0 36 0 0 0 0 0 76 0 0 0 0 0 0 0 0 0 0 0 0 0 0 100 0 0 0 0 0 0 0 0 0 53 0 0 0 0 0 0 29 0 0 0 0 91 0 0 0 0 0 0 
0 0 0 0 0 0 0 0 0 0 0 0 35 0 0 0 0 0 82 0 0 78 0 0 28 0 0 0 0 0 70 0 0 0 0 0 0 0 0 0 0 0 0 0 0 0 0 0 0 51 0 0 0 0 74 76 0 0 0 4 0 0 0 0 0 0 91 0 0 0 0 0 0 86 0 0 0 0 55 0 0 0 0 0 0 0 0 0 0 0 0 0 81 43 0 0 91 0 0 0 
0 0 0 0 0 0 0 0 37 0 0 66 0 0 0 0 0 0 0 0 0 0 0 0 69 0 99 0 0 0 36 0 0 0 96 0 28 0 0 0 0 0 0 0 0 0 0 0 0 0 0 0 0 0 0 0 0 0 0 62 0 0 0 0 0 0 0 76 27 0 0 0 0 100 0 0 0 0 0 0 0 0 0 0 0 0 0 0 57 0 0 0 0 0 0 72 0 0 0 98 
0 0 0 54 0 49 0 0 0 0 0 0 0 0 0 0 0 0 0 0 0 0 0 0 0 0 0 0 0 0 0 0 0 0 0 16 19 0 0 24 0 0 0 0 74 80 64 0 0 0 0 0 0 0 0 0 0 0 0 0 0 0 0 0 0 0 0 0 0 0 0 0 0 0 0 0 0 0 9 0 0 0 0 0 52 0 0 0 0 0 0 0 0 0 0 0 49 0 0 0 
0 0 0 1 0 0 54 0 0 0 13 0 17 0 0 0 0 0 0 0 0 0 0 0 0 0 0 72 0 0 0 93 65 40 0 0 0 0 0 0 0 76 0 0 0 0 0 0 0 0 22 24 0 0 0 0 4 62 0 0 0 0 0 0 0 0 0 0 0 0 0 0 0 0 0 0 0 0 0 0 0 0 0 0 0 0 0 0 0 0 0 0 0 0 0 0 0 0 0 28 
0 0 0 19 0 70 67 0 0 0 0 0 0 83 0 4 0 0 0 0 0 0 0 50 0 0 0 0 0 0 0 0 0 0 0 0 0 0 0 0 0 0 0 0 2 0 0 0 0 0 0 0 0 0 0 0 0 0 0 0 0 0 0 0 0 0 0 0 0 0 44 0 0 0 0 0 25 0 82 0 0 0 0 65 0 0 0 0 0 0 8 0 0 0 0 0 0 0 0 10 
0 0 0 74 0 0 0 0 0 0 0 0 0 0 0 0 0 31 0 0 0 0 0 0 0 93 0 0 0 35 0 0 0 0 3 0 0 0 0 0 0 0 60 0 0 1 0 0 0 56 0 0 0 0 0 0 0 0 0 0 0 0 25 0 0 0 0 0 0 0 0 0 0 0 0 0 0 0 0 0 0 59 0 0 0 0 59 0 0 0 0 0 0 54 0 0 0 71 89 72 
0 0 0 0 0 0 0 0 0 0 0 0 0 61 0 0 0 0 92 0 0 0 0 0 0 13 0 0 43 0 0 25 0 0 0 0 0 0 0 0 0 0 0 0 0 0 0 0 43 0 0 94 43 0 0 0 0 0 0 0 0 25 0 98 44 0 0 0 0 0 0 0 0 99 0 0 74 0 0 0 0 0 0 0 0 0 0 0 40 0 0 1 0 0 0 0 0 0 0 0 
0 56 0 0 33 0 0 18 0 0 0 0 0 0 21 76 0 0 0 0 28 0 84 0 0 0 0 0 0 0 0 0 85 0 0 0 0 0 96 0 0 0 63 0 0 0 0 0 0 0 0 0 0 0 67 0 0 0 0 0 0 0 98 0 0 0 0 0 0 0 0 0 0 0 1 91 0 0 0 0 0 0 0 0 0 0 0 0 0 0 0 0 0 0 0 0 55 0 0 0 
0 0 97 0 0 0 0 0 0 6 69 0 0 0 0 92 0 0 0 0 0 0 0 77 0 0 0 0 0 0 0 0 0 0 95 0 0 0 0 0 21 67 0 0 0 0 0 0 0 0 0 0 0 0 60 0 0 0 0 0 0 0 44 0 0 0 0 0 0 0 0 0 0 0 0 0 79 0 0 0 0 0 34 0 0 0 0 0 0 0 0 0 0 0 0 0 0 0 0 87 
0 0 0 0 0 0 0 0 0 0 25 0 0 0 0 0 43 0 0 0 0 0 0 0 0 0 0 0 0 0 0 0 0 66 0 0 0 64 0 0 0 0 0 0 0 68 0 0 0 0 0 0 0 0 0 0 0 0 0 0 0 0 0 0 0 0 59 65 0 0 0 0 0 35 0 0 0 0 0 27 100 71 0 0 0 0 19 23 0 0 0 0 0 33 0 58 0 0 0 0 
0 0 33 0 0 0 0 54 0 0 0 0 0 0 0 0 15 0 0 0 0 0 0 0 0 0 0 0 0 0 0 0 0 0 0 0 41 0 0 0 0 0 0 0 0 0 0 0 0 0 0 0 0 0 0 0 91 0 0 0 0 0 0 0 0 59 0 0 0 0 0 0 0 0 0 0 0 0 42 0 0 0 0 0 0 27 0 0 96 0 0 0 42 53 78 0 0 0 0 0 
0 0 0 0 97 0 0 0 0 0 0 0 0 0 0 0 0 0 0 0 0 66 0 0 0 0 0 0 0 0 0 0 0 0 0 0 100 0 0 0 0 0 90 0 0 0 0 0 0 51 0 0 0 0 0 0 0 76 0 0 0 0 0 0 0 65 0 0 0 0 52 0 0 0 0 0 0 0 0 0 0 0 0 23 0 0 0 0 0 0 0 0 0 0 37 0 0 24 0 0 
0 0 0 0 6 0 0 22 0 0 0 0 0 0 0 0 0 0 0 0 24 0 0 0 0 0 0 37 0 0 0 0 0 0 0 0 0 95 0 0 0 0 0 0 0 0 0 0 0 0 0 0 0 37 0 0 0 27 0 0 0 0 0 0 0 0 0 0 0 0 94 0 0 0 0 0 51 0 67 29 65 0 0 0 0 96 0 0 2 0 0 0 0 0 0 0 0 0 0 0 
0 91 0 0 0 38 0 0 0 0 88 0 0 78 0 0 0 0 23 0 0 0 0 0 41 0 0 0 0 0 0 0 0 51 0 0 0 0 0 0 51 0 0 0 0 0 0 0 0 0 0 0 0 0 12 0 0 0 0 0 0 0 0 0 0 0 0 0 0 0 0 0 53 0 0 0 0 0 0 0 55 96 0 0 0 0 0 0 0 0 0 0 0 16 0 0 0 0 16 75 
0 0 0 0 0 0 0 0 0 0 0 0 0 0 0 0 0 0 95 42 0 0 10 0 91 64 0 0 0 0 0 0 0 0 0 0 0 0 0 0 0 0 0 0 0 0 0 0 0 0 67 0 0 0 0 0 0 0 0 0 44 0 0 0 0 0 0 52 94 0 0 0 0 0 0 92 0 0 43 0 0 0 0 57 0 0 0 0 0 0 0 45 0 45 34 0 0 0 0 0 
0 0 0 0 44 0 0 0 28 0 0 0 0 12 0 0 0 0 5 46 31 0 0 0 0 0 0 0 0 0 0 0 0 0 0 0 0 0 0 0 0 0 0 0 0 0 0 94 0 0 0 0 0 26 0 100 0 0 0 0 0 0 0 0 0 0 0 0 0 0 0 0 0 0 0 0 0 0 0 0 0 0 0 40 0 0 0 0 27 87 0 56 0 60 18 0 0 0 0 0 
0 0 0 0 0 0 0 0 0 0 84 0 19 0 0 0 0 0 0 0 56 19 0 0 0 0 0 0 0 0 0 0 0 0 0 0 0 0 40 0 0 0 0 0 0 0 0 0 78 0 0 0 0 77 40 0 0 0 0 0 0 0 0 0 0 0 0 0 0 53 0 0 0 0 0 0 0 0 0 28 0 52 0 54 0 38 38 0 0 98 0 0 0 0 0 0 0 0 0 0 
0 0 0 80 0 0 4 0 0 0 0 0 0 0 0 0 0 0 21 0 0 0 0 0 0 0 0 0 0 0 56 0 0 0 0 0 0 0 0 0 0 0 0 0 81 74 0 0 0 0 0 100 0 0 0 0 86 100 0 0 0 0 99 0 0 35 0 0 0 0 0 0 0 0 0 0 0 0 0 0 0 54 0 0 47 0 0 0 0 0 0 0 0 0 0 0 0 0 0 0 
0 0 0 0 0 0 53 0 0 0 0 0 0 0 0 0 0 0 0 0 0 0 0 0 0 0 0 0 0 0 0 0 0 0 25 21 0 0 0 42 0 0 89 0 0 0 0 62 65 0 0 46 0 0 0 0 0 0 0 0 0 0 0 1 0 0 0 0 0 0 0 0 0 0 0 0 0 0 0 62 0 0 0 0 0 27 25 0 0 0 83 0 0 0 51 0 33 0 0 0 
0 0 0 0 0 0 0 0 0 0 0 0 0 0 0 0 0 0 0 0 0 0 0 0 0 0 0 0 0 86 0 0 0 0 0 0 0 0 0 0 49 0 0 0 0 0 0 0 0 0 0 0 0 0 0 0 0 0 0 0 0 0 0 91 0 0 0 0 0 0 92 0 0 0 0 0 0 71 0 0 0 0 0 0 0 0 0 0 0 95 0 40 0 0 0 0 0 0 0 0 
0 0 80 0 0 0 0 0 90 61 0 0 0 0 0 0 0 0 0 0 0 50 0 0 100 0 0 0 0 0 76 0 0 9 0 0 0 0 0 40 0 0 0 0 82 0 0 0 0 0 0 0 0 0 0 0 0 0 0 0 25 0 74 0 79 0 0 0 51 0 0 0 0 0 0 0 0 0 0 0 0 0 37 0 0 84 0 0 0 0 0 0 0 0 0 0 0 0 0 0 
0 0 0 0 0 0 0 13 0 0 83 0 0 0 0 0 0 0 0 0 0 42 0 20 0 0 0 0 0 0 0 0 0 0 0 0 0 0 0 0 0 0 0 0 7 0 0 0 0 0 0 0 0 0 91 0 0 0 0 0 0 0 0 0 0 0 0 0 0 0 0 0 0 0 0 71 0 0 0 0 0 53 0 0 1 0 54 31 30 0 0 0 0 0 24 0 28 0 0 90 
0 0 0 0 0 0 0 0 0 0 0 0 0 0 0 0 0 0 15 0 0 0 0 0 0 0 0 0 0 0 0 0 0 0 0 0 0 0 0 0 0 0 0 0 56 0 68 52 0 0 0 0 3 0 0 0 55 0 9 0 82 0 0 0 0 0 42 0 67 0 43 0 0 0 0 0 0 0 0 0 0 0 0 0 0 0 0 0 0 0 0 0 0 0 0 0 0 0 36 0 
0 0 0 0 0 52 0 0 0 0 0 0 53 70 0 89 0 0 0 0 40 0 0 0 0 0 0 0 0 22 0 55 0 0 0 0 0 0 0 0 0 0 0 0 0 0 0 0 0 0 0 0 0 0 0 0 0 0 0 0 0 0 0 0 0 27 0 0 29 0 0 0 28 0 62 0 0 0 0 0 0 0 0 0 61 0 0 66 0 0 91 0 71 0 0 0 0 0 0 0 
0 0 0 0 0 0 0 0 0 0 0 0 97 0 0 89 0 0 0 0 0 0 0 63 0 0 0 0 0 0 0 0 0 0 0 0 0 0 99 0 0 85 0 0 0 64 0 0 0 0 49 0 0 51 0 0 0 0 0 0 0 0 0 0 0 100 0 0 65 55 0 0 0 0 0 0 0 0 0 0 0 0 0 0 0 0 0 0 0 12 0 13 0 0 0 61 0 0 0 0 
75 0 16 0 0 0 0 0 0 0 81 0 0 0 0 0 0 0 0 0 0 0 0 0 0 0 0 0 0 0 0 0 0 0 0 0 0 0 0 0 0 0 50 0 0 0 52 97 0 0 0 0 0 0 25 53 0 0 0 0 0 59 0 0 0 71 0 0 0 96 0 0 52 54 0 0 0 53 0 0 0 0 0 0 0 0 0 0 0 0 0 0 0 0 0 5 0 0 0 0 
0 0 0 0 0 0 0 83 0 0 1 0 0 98 0 0 0 0 0 64 71 0 0 0 0 0 0 0 0 0 0 0 0 0 0 0 88 0 0 56 0 52 0 0 0 0 0 0 0 0 0 0 52 0 0 0 0 0 0 0 0 0 0 0 34 0 0 0 0 0 0 0 0 0 0 0 37 0 0 0 0 0 0 0 0 0 0 43 0 0 0 0 0 0 0 36 0 0 0 0 
0 0 0 0 8 0 0 0 0 20 0 0 0 51 22 0 0 0 55 0 0 0 0 0 79 0 0 0 0 0 0 0 0 0 0 0 0 0 0 0 75 86 0 0 0 0 0 0 0 68 0 0 0 0 0 0 0 0 0 0 65 0 0 0 0 0 0 23 0 0 57 40 54 0 0 0 0 0 0 0 0 0 0 0 0 0 0 0 0 0 0 0 0 63 0 0 0 0 0 0 
0 0 45 0 0 69 44 72 0 0 0 0 0 0 0 0 0 0 0 0 0 0 0 0 70 0 0 0 0 0 8 0 0 0 0 0 0 0 0 0 0 0 0 0 0 0 61 0 0 0 0 0 0 0 69 0 0 0 52 0 0 0 0 0 0 0 0 0 0 0 0 0 0 47 0 0 0 1 0 61 0 0 0 0 0 6 78 0 0 0 13 0 0 0 0 0 0 0 0 0 
0 0 0 0 0 0 0 0 0 0 0 0 62 0 0 0 0 0 0 0 0 0 0 0 0 0 37 0 0 0 0 0 0 0 0 0 0 0 0 0 0 0 0 0 0 0 0 3 0 0 0 0 67 0 0 0 0 0 0 0 0 0 0 0 0 0 27 0 96 0 0 0 38 0 27 0 84 0 0 0 0 0 0 0 6 0 22 0 0 0 0 0 0 0 33 0 0 0 0 0 
81 0 97 0 0 0 0 0 0 0 0 0 0 0 0 0 11 0 0 0 0 0 0 0 0 32 0 0 0 0 0 41 72 0 0 0 0 0 0 0 0 0 0 0 0 0 0 0 0 0 0 0 0 7 0 0 0 0 0 0 0 59 0 0 0 19 0 0 0 0 0 0 38 0 25 0 0 54 0 0 0 0 0 0 78 22 0 0 0 0 0 31 0 0 0 0 0 0 0 0 
0 0 0 0 0 0 0 8 91 0 50 0 0 0 0 0 0 0 0 0 32 0 0 0 0 58 0 0 0 0 0 0 0 0 0 0 0 0 0 0 0 0 0 0 0 0 0 0 0 0 0 0 0 87 0 0 0 0 0 0 0 0 0 0 0 23 0 0 0 0 0 0 0 0 0 0 0 31 0 66 0 0 43 0 0 0 0 0 25 0 0 0 0 0 0 0 0 0 0 81 
0 0 0 0 0 0 0 0 0 93 0 0 0 0 0 0 0 0 0 0 0 85 0 0 0 0 0 0 0 0 0 0 0 0 0 0 0 0 0 0 0 0 0 0 0 0 91 0 59 0 0 49 0 0 0 29 0 57 0 0 0 0 40 0 0 0 96 0 2 0 0 27 0 0 0 0 0 30 0 0 0 0 0 0 0 0 0 25 0 0 0 0 0 0 56 0 78 0 0 0 
0 83 0 0 0 0 0 0 0 0 0 0 66 0 0 76 0 42 0 20 54 0 0 0 0 0 0 0 0 0 0 0 0 40 0 0 0 0 0 0 69 0 0 0 17 0 0 0 92 0 0 0 32 0 0 0 0 0 0 0 0 0 0 0 0 0 0 0 0 0 0 87 98 0 0 95 0 0 0 0 12 0 0 0 0 0 0 0 0 0 0 0 0 0 0 0 0 0 0 0 
0 0 0 76 0 0 27 0 0 0 0 0 0 0 0 0 0 0 0 0 0 0 0 0 0 0 0 0 85 0 7 0 0 79 0 0 0 0 0 0 0 0 93 19 0 0 35 0 0 0 0 66 65 0 0 0 0 0 0 0 8 0 0 0 0 0 0 0 0 0 0 0 0 0 83 0 0 0 0 91 0 0 0 0 13 0 0 0 0 0 0 0 0 0 0 0 0 0 0 48 
0 0 0 0 0 0 0 0 45 0 0 0 0 66 0 97 0 0 0 0 0 0 0 0 0 0 0 78 17 0 24 0 0 0 0 0 0 0 0 0 94 0 0 0 0 0 0 0 0 100 0 0 0 0 0 0 0 0 0 0 0 0 1 0 0 0 0 0 0 0 45 56 0 0 0 40 0 0 0 0 13 0 0 0 0 0 31 0 0 0 0 0 0 0 0 0 0 0 0 14 
0 0 0 0 0 83 84 0 77 0 0 0 0 59 0 42 37 0 0 0 0 33 0 0 0 0 49 0 0 0 0 0 0 0 0 0 40 0 0 0 0 0 0 33 0 0 0 0 0 10 0 0 0 0 0 0 81 0 0 0 0 0 0 0 0 0 42 0 0 0 0 0 0 0 0 0 0 0 0 71 0 0 0 0 0 0 0 0 0 0 0 0 0 0 0 0 0 55 0 0 
0 0 0 0 0 0 0 0 0 0 35 0 0 56 0 0 0 0 0 0 0 0 0 0 0 0 0 0 0 84 0 0 0 0 0 0 71 0 0 0 0 0 0 0 0 0 0 0 0 0 50 0 0 0 56 91 43 0 0 0 0 54 0 0 0 33 53 0 0 16 45 60 0 0 0 0 0 0 0 0 0 0 0 63 0 0 0 0 0 0 0 0 0 0 0 0 0 0 0 0 
0 0 0 0 0 0 0 0 0 0 0 0 55 0 0 0 0 96 83 0 0 0 0 34 0 0 0 0 0 0 0 0 0 0 0 0 0 0 9 0 0 0 0 0 16 73 0 0 0 0 0 0 0 0 0 0 0 0 0 0 0 0 0 0 0 0 78 37 0 0 34 18 0 0 51 0 0 24 0 0 0 0 0 0 0 33 0 0 56 0 0 0 0 0 0 0 0 0 0 0 
0 7 3 0 0 0 0 0 0 0 0 0 0 0 0 0 60 0 0 0 0 0 0 0 0 13 81 0 88 0 0 0 0 0 0 51 30 0 0 0 0 0 0 0 0 0 11 0 0 0 0 0 0 0 0 0 0 72 0 0 0 0 0 0 0 58 0 0 0 0 0 0 0 0 0 0 0 0 0 0 61 5 36 0 0 0 0 0 0 0 0 0 0 0 0 0 0 36 0 0 
0 0 50 0 0 0 0 0 0 0 0 0 13 0 0 6 0 0 0 0 0 0 0 0 0 0 100 0 36 43 0 0 0 0 0 0 0 0 76 0 0 0 0 0 0 0 0 0 0 0 42 0 0 0 0 0 91 0 49 0 0 0 0 55 0 0 0 0 0 0 0 0 0 0 33 0 0 28 0 0 0 0 0 0 0 0 0 0 78 0 0 0 0 0 0 0 0 0 0 35 
0 0 70 0 0 0 0 0 0 0 0 0 0 0 0 0 0 0 0 89 0 0 0 0 0 92 0 33 0 0 0 0 0 0 0 0 47 4 0 0 0 0 0 0 0 0 0 0 0 26 0 0 0 0 0 0 0 0 0 0 0 71 0 0 0 0 0 24 0 0 0 0 0 0 0 0 0 0 0 0 0 0 0 0 0 0 0 0 0 0 0 0 55 0 0 36 0 0 0 0 
78 0 91 0 0 0 0 0 12 39 0 0 0 0 0 81 0 0 75 0 0 0 0 0 0 0 60 0 0 0 0 0 0 0 0 0 0 0 0 0 4 40 0 0 0 62 0 0 0 0 0 0 41 0 0 0 0 0 0 0 0 89 0 0 0 0 0 0 0 16 0 0 0 0 0 0 0 0 36 0 0 0 0 0 0 0 0 0 0 0 0 0 0 0 0 0 0 0 0 0 
0 0 0 0 0 0 0 0 0 0 0 0 0 0 0 0 0 0 0 0 0 0 97 0 0 0 0 0 0 0 0 0 0 0 0 0 0 0 0 0 0 0 0 0 0 0 49 0 0 0 0 0 0 0 0 0 0 98 0 28 10 72 0 0 87 0 0 0 0 75 0 0 0 0 0 0 0 90 0 0 0 0 0 0 0 0 0 81 0 0 48 14 0 0 0 0 35 0 0 0 
