0 40 85 82 64 81 92 60 75 72 10 0 7 35 69 0 96 0 0 34 92 64 44 53 6 95 15 0 0 80 0 46 63 92 69 29 68 44 11 0 0 0 40 39 84 26 38 57 91 56 0 63 88 89 6 84 0 73 31 1 90 44 63 0 46 0 0 64 0 90 0 86 0 73 0 92 85 0 44 85 6 10 80 64 15 16 53 71 0 64 57 84 32 42 63 4 2 64 0 8 
40 0 93 59 59 0 85 81 26 37 23 0 50 40 33 65 63 32 0 39 14 0 44 72 57 73 55 75 0 26 71 19 54 100 13 10 39 48 69 15 0 0 18 42 14 65 65 15 0 16 0 0 74 0 2 14 0 35 13 0 61 60 82 62 56 0 52 64 58 57 1 12 77 53 0 11 0 48 43 63 65 8 47 58 25 6 11 0 42 27 0 51 65 75 0 9 63 68 16 29 
85 93 0 0 93 94 43 92 38 67 29 59 74 0 0 17 26 25 53 73 51 4 47 65 26 8 0 28 63 54 100 62 5 50 1 0 95 75 58 34 18 15 45 16 59 78 14 91 25 33 36 0 78 46 82 49 54 81 80 75 71 99 35 72 74 21 0 96 54 47 0 50 73 55 42 17 89 61 33 35 66 16 70 7 56 67 31 0 31 29 20 96 15 57 38 77 54 78 53 84 
82 59 0 0 59 74 0 58 87 0 82 59 57 18 7 44 0 70 51 27 49 89 69 60 0 58 79 56 0 94 0 10 0 23 44 43 0 91 0 99 20 0 84 41 25 41 37 23 29 99 76 29 96 13 63 44 13 46 64 48 44 4 27 56 83 62 0 0 61 99 0 70 46 59 0 65 56 22 3 41 0 75 63 35 0 0 20 84 0 89 41 5 55 16 0 74 30 32 9 25 
64 59 93 59 0 44 38 72 50 25 0 0 13 79 86 0 29 40 0 99 88 42 95 73 55 96 0 0 33 17 9 0 18 3 0 30 96 84 88 4 65 53 53 6 0 0 69 0 39 77 13 9 0 0 79 35 61 65 72 0 14 93 22 30 25 91 0 65 98 42 0 0 56 70 27 0 0 45 0 20 1 48 99 0 79 0 28 36 79 42 52 47 82 59 0 44 54 60 56 84 
81 0 94 74 44 0 44 2 56 69 58 0 12 99 57 78 49 86 75 29 36 0 66 78 5 87 42 60 91 0 14 83 0 46 19 52 76 63 0 58 39 86 86 26 54 55 0 47 72 48 25 57 40 0 86 99 84 0 38 93 61 0 68 50 42 19 43 99 5 11 10 0 17 78 57 53 76 58 34 49 91 98 2 10 0 0 92 92 75 42 53 4 87 90 91 68 46 0 22 14 
92 85 43 0 38 44 0 33 86 52 18 43 12 18 89 20 70 90 100 22 83 50 26 11 0 72 35 9 0 87 35 0 88 30 71 86 62 10 0 84 35 0 33 55 42 84 87 0 22 58 45 90 5 86 64 79 67 83 0 62 9 94 12 0 11 20 2 0 48 0 17 18 51 90 11 87 91 0 81 0 44 26 58 24 12 58 19 40 49 52 3 99 49 2 99 70 15 70 0 10 
60 81 92 58 72 2 33 0 71 10 79 92 42 65 27 31 41 92 48 17 72 61 81 59 0 67 0 47 0 88 51 66 86 31 44 73 99 71 13 23 50 0 7 0 0 90 14 25 64 40 90 48 11 89 18 75 55 27 21 46 26 0 85 59 34 67 37 0 0 0 85 27 78 2 18 0 25 67 47 51 87 32 60 28 23 51 3 62 0 7 4 95 29 56 55 77 73 35 51 61 
75 26 38 87 50 56 86 71 0 93 90 35 81 14 82 18 2 0 64 65 41 8 56 68 0 75 100 26 0 0 82 13 71 40 0 3 0 73 43 66 0 100 83 0 90 61 9 55 80 20 18 44 0 83 10 0 0 28 65 56 5 40 98 0 53 93 1 80 36 76 52 26 71 97 72 67 0 89 49 18 90 0 22 35 0 0 49 94 19 98 70 0 70 46 87 71 17 62 0 8 
72 37 67 0 25 69 52 10 93 0 48 0 9 0 91 0 0 63 0 80 33 23 5 74 0 74 70 21 19 81 6 16 31 59 27 70 30 63 38 60 0 62 98 78 90 0 78 0 0 72 85 22 0 9 87 0 68 59 73 31 43 71 65 48 4 0 31 67 20 49 0 16 94 52 61 17 66 90 0 71 36 21 60 86 0 34 88 12 5 79 51 27 28 31 32 0 78 0 64 76 
10 23 29 82 0 58 18 79 90 48 0 97 77 53 74 0 22 86 10 99 59 51 0 26 0 86 13 96 86 32 76 93 5 64 37 38 31 98 85 3 27 33 11 0 93 26 43 94 25 52 62 0 36 76 0 99 52 40 36 72 72 97 45 72 86 9 30 81 84 21 56 52 53 6 81 0 38 70 62 45 20 93 56 37 13 97 36 67 4 47 100 91 3 18 0 73 92 35 53 20 
0 0 59 59 0 0 43 92 35 0 97 0 72 67 44 81 64 0 0 97 45 19 0 76 54 8 0 80 81 43 86 24 86 79 21 39 69 17 20 78 54 30 17 78 95 69 92 0 14 18 24 24 78 68 3 46 86 57 20 75 0 0 91 65 6 11 68 100 9 31 37 51 97 35 85 64 76 0 22 26 0 48 91 0 77 85 0 73 88 58 51 54 22 4 87 80 0 65 77 73 
7 50 74 57 13 12 12 42 81 9 77 72 0 55 0 46 0 8 93 27 44 82 40 62 8 30 0 13 0 0 92 0 66 86 17 94 64 9 16 7 0 46 50 0 82 33 0 94 65 90 72 49 50 76 12 83 66 56 18 17 2 81 25 81 61 0 2 86 96 31 15 70 3 96 37 86 80 8 35 20 0 0 0 85 36 30 83 74 80 36 43 70 62 97 36 74 4 45 40 35 
35 40 0 18 79 99 18 65 14 0 53 67 55 0 17 30 41 31 45 74 0 9 46 10 57 44 0 85 0 3 18 79 20 98 34 62 6 23 75 0 51 7 35 54 83 26 88 84 18 0 49 4 83 95 6 8 14 83 100 49 18 76 6 42 89 0 43 0 0 27 0 8 0 73 25 54 24 90 76 27 72 46 0 71 0 15 6 20 71 57 9 0 21 0 91 0 0 74 12 46 
69 33 0 7 86 57 89 27 82 91 74 44 0 17 0 40 39 0 69 37 72 57 84 68 34 17 15 50 53 20 0 1 4 86 98 19 97 0 1 6 5 0 17 1 88 56 70 24 84 18 53 0 56 46 17 55 1 22 12 88 9 1 50 62 67 54 60 20 95 64 33 39 9 98 69 47 58 90 0 38 50 20 0 59 63 64 71 42 87 55 55 5 83 22 75 50 37 0 82 25 
0 65 17 44 0 78 20 31 18 0 0 81 46 30 40 0 80 78 72 85 59 61 23 93 0 14 56 30 49 1 37 54 74 0 28 46 18 0 30 95 60 0 0 35 60 13 18 33 26 0 20 74 83 14 16 2 0 39 94 69 14 0 47 63 2 0 62 96 91 38 61 33 87 47 46 79 0 3 90 92 90 0 0 58 0 2 0 56 0 88 0 0 27 35 31 76 45 25 55 32 
96 63 26 0 29 49 70 41 2 0 22 64 0 41 39 80 0 31 0 0 100 67 27 73 17 37 8 0 0 15 26 99 27 39 99 16 37 49 99 10 67 57 4 65 45 55 92 0 0 0 50 12 32 38 96 33 19 65 99 5 70 37 6 19 95 20 82 9 76 42 24 0 75 37 0 0 78 65 86 4 23 12 0 5 91 35 45 38 77 12 58 0 33 4 72 81 85 1 26 70 
0 32 25 70 40 86 90 92 0 63 86 0 8 31 0 78 31 0 40 18 94 10 36 20 79 34 72 14 20 54 68 77 59 44 24 72 22 74 3 0 76 67 54 67 59 0 2 83 28 57 26 4 31 96 73 23 77 4 31 27 21 4 72 25 85 85 56 46 99 62 43 40 28 0 13 0 81 26 0 35 17 36 33 73 69 15 8 19 19 8 7 93 90 17 43 89 62 86 57 50 
0 0 53 51 0 75 100 48 64 0 10 0 93 45 69 72 0 40 0 0 29 24 90 50 36 11 54 31 87 9 48 0 21 59 82 1 58 31 19 28 96 10 6 77 66 67 72 0 11 28 10 87 78 91 73 63 69 91 8 2 83 0 87 32 55 73 68 90 39 2 36 53 11 64 44 55 9 74 80 77 33 14 0 41 26 23 0 90 2 92 0 25 0 0 9 42 100 35 67 0 
34 39 73 27 99 29 22 17 65 80 99 97 27 74 37 85 0 18 0 0 84 1 23 87 96 84 4 7 0 14 98 91 20 83 5 27 46 42 34 39 57 60 0 49 17 41 12 19 0 58 65 18 0 76 64 81 44 0 59 17 5 58 79 4 36 41 34 2 3 76 0 86 2 5 97 18 83 23 26 96 34 51 83 75 4 98 34 0 27 27 0 79 87 56 0 76 21 16 42 3 
92 14 51 49 88 36 83 72 41 33 59 45 44 0 72 59 100 94 29 84 0 15 30 38 87 92 85 88 51 4 95 76 67 10 51 71 33 82 19 70 100 0 83 76 0 86 0 51 48 96 71 94 91 31 87 4 57 33 32 48 0 10 0 15 19 45 0 66 19 33 0 28 44 14 0 46 16 0 53 34 8 7 74 72 26 98 18 21 81 19 27 35 6 2 0 0 0 81 82 40 
64 0 4 89 42 0 50 61 8 23 51 19 82 9 57 61 67 10 24 1 15 0 86 25 93 90 66 38 87 63 0 61 42 48 56 77 15 39 10 6 83 54 0 35 97 46 84 75 0 25 8 11 48 46 0 46 61 38 20 87 0 0 0 82 13 15 17 58 58 0 0 54 61 0 73 13 5 60 94 12 25 86 90 9 0 36 87 68 68 96 49 73 0 67 92 17 63 0 0 0 
44 44 47 69 95 66 26 81 56 5 0 0 40 46 84 23 27 36 90 23 30 86 0 0 44 15 1 20 27 76 24 73 54 64 12 95 94 0 93 93 8 82 38 85 52 91 0 65 49 0 6 32 33 52 0 69 0 12 35 4 42 13 0 32 43 80 22 0 88 72 5 38 51 40 10 63 41 88 48 12 3 7 76 32 30 46 0 38 0 0 96 38 0 96 89 26 9 83 0 29 
53 72 65 60 73 78 11 59 68 74 26 76 62 10 68 93 73 20 50 87 38 25 0 0 52 79 93 74 87 60 78 19 83 66 71 49 19 0 0 96 0 87 13 24 24 61 55 50 0 34 14 45 0 17 42 5 62 34 54 33 9 83 25 0 81 51 0 96 0 79 71 54 94 55 96 0 16 92 68 10 69 99 45 40 43 34 79 35 100 0 49 97 0 64 31 0 92 0 74 0 
6 57 26 0 55 5 0 0 0 0 0 54 8 57 34 0 17 79 36 96 87 93 44 52 0 4 12 18 68 17 23 89 0 22 0 0 44 61 6 28 89 64 78 0 90 39 55 74 0 0 3 6 0 36 6 81 96 0 93 98 98 30 38 0 61 58 81 67 0 85 0 2 59 62 34 71 0 0 73 0 90 42 50 17 27 43 37 1 3 0 47 26 0 58 65 48 55 55 61 80 
95 73 8 58 96 87 72 67 75 74 86 8 30 44 17 14 37 34 11 84 92 90 15 79 4 0 93 96 64 100 46 54 0 94 49 86 27 0 83 8 58 27 42 75 11 0 65 31 47 46 57 0 27 69 46 80 29 56 16 0 60 63 58 36 59 53 20 80 0 54 0 60 0 38 75 97 25 95 18 15 92 0 74 69 22 76 71 48 69 84 93 20 53 66 44 43 63 37 93 56 
15 55 0 79 0 42 35 0 100 70 13 0 0 0 15 56 8 72 54 4 85 66 1 93 12 93 0 21 0 0 87 95 0 33 0 29 71 48 65 32 43 0 42 76 0 64 0 40 66 0 85 39 96 59 29 0 0 20 7 19 71 96 39 79 38 44 50 0 48 4 34 17 0 77 89 87 52 92 58 0 84 0 0 0 0 0 24 64 0 28 0 0 0 0 0 49 50 16 31 0 
0 75 28 56 0 60 9 47 26 21 96 80 13 85 50 30 0 14 31 7 88 38 20 74 18 96 21 0 65 19 11 99 63 88 19 11 99 51 16 7 40 36 0 46 0 85 81 11 0 74 0 79 92 100 7 0 0 93 65 55 95 0 37 75 75 31 55 0 45 35 50 79 83 8 0 49 51 39 23 22 7 65 94 0 77 0 73 22 0 0 75 16 40 49 85 43 46 17 61 0 
0 0 63 0 33 91 0 0 0 19 86 81 0 0 53 49 0 20 87 0 51 87 27 87 68 64 0 65 0 23 92 96 2 6 62 19 80 0 0 20 84 85 76 81 26 62 23 84 1 64 56 88 0 0 28 26 64 0 0 35 82 50 44 92 50 7 43 94 5 33 2 0 98 33 10 4 0 53 8 98 75 70 11 39 67 0 4 4 99 0 43 76 96 66 46 39 26 65 22 71 
80 26 54 94 17 0 87 88 0 81 32 43 0 3 20 1 15 54 9 14 4 63 76 60 17 100 0 19 23 0 75 71 52 15 95 0 0 89 6 30 0 0 76 27 97 25 0 83 0 9 47 6 41 75 97 28 0 45 0 67 0 0 7 7 44 20 46 50 16 35 17 52 0 0 97 0 13 61 86 0 86 0 43 62 39 38 79 0 86 12 12 65 66 0 55 54 68 16 95 54 
0 71 100 0 9 14 35 51 82 6 76 86 92 18 0 37 26 68 48 98 95 0 24 78 23 46 87 11 92 75 0 0 0 67 28 23 0 0 43 0 0 90 95 0 6 98 98 50 81 81 50 91 14 95 0 0 18 0 81 92 52 58 46 58 41 0 86 95 45 50 88 0 42 82 42 85 33 47 54 0 67 96 69 54 73 23 1 0 0 72 16 70 95 38 79 72 26 55 13 53 
46 19 62 10 0 83 0 66 13 16 93 24 0 79 1 54 99 77 0 91 76 61 73 19 89 54 95 99 96 71 0 0 28 90 93 79 58 0 27 64 83 35 2 7 0 0 54 0 21 0 0 31 0 73 21 47 0 97 12 32 0 20 66 22 70 0 64 0 97 0 85 71 50 0 91 23 0 28 96 79 25 29 14 32 0 5 83 31 45 76 98 0 35 76 37 22 94 96 34 30 
63 54 5 0 18 0 88 86 71 31 5 86 66 20 4 74 27 59 21 20 67 42 54 83 0 0 0 63 2 52 0 28 0 28 35 93 33 27 40 52 49 55 1 58 41 4 8 48 99 34 96 49 0 82 0 84 92 22 28 66 16 8 3 31 58 5 62 97 98 20 78 65 2 0 9 0 81 37 49 87 72 27 34 41 52 76 71 0 28 47 25 0 91 44 36 53 1 0 0 74 
92 100 50 23 3 46 30 31 40 59 64 79 86 98 86 0 39 44 59 83 10 48 64 66 22 94 33 88 6 15 67 90 28 0 36 39 41 33 0 20 63 19 0 11 71 83 46 0 0 14 80 95 19 28 89 20 24 73 96 44 95 25 13 55 24 62 13 73 89 98 89 65 67 73 25 83 70 0 99 63 46 63 0 35 38 5 59 24 18 0 74 76 47 59 45 41 61 41 0 39 
69 13 1 44 0 19 71 44 0 27 37 21 17 34 98 28 99 24 82 5 51 56 12 71 0 49 0 19 62 95 28 93 35 36 0 31 77 17 79 89 0 93 100 28 71 96 57 31 0 0 2 81 74 36 36 4 0 2 58 25 27 0 37 49 3 43 63 0 68 16 0 98 72 12 0 0 48 9 39 10 88 0 0 0 73 20 59 1 78 32 0 50 42 0 48 33 55 27 60 56 
29 10 0 43 30 52 86 73 3 70 38 39 94 62 19 46 16 72 1 27 71 77 95 49 0 86 29 11 19 0 23 79 93 39 31 0 39 63 58 61 0 99 1 0 19 23 15 0 58 0 88 52 90 60 45 0 70 0 40 33 0 0 71 97 27 0 63 75 98 0 4 4 37 7 88 82 0 0 11 84 77 0 30 11 0 95 56 72 97 16 0 0 7 95 0 89 0 87 7 11 
68 39 95 0 96 76 62 99 0 30 31 69 64 6 97 18 37 22 58 46 33 15 94 19 44 27 71 99 80 0 0 58 33 41 77 39 0 10 0 24 0 97 49 0 39 43 88 56 0 76 61 0 100 0 38 56 56 32 88 37 3 38 50 19 74 0 99 12 56 3 0 52 78 4 4 46 49 31 78 57 14 73 0 86 0 54 75 71 1 65 72 70 58 0 0 14 61 68 89 61 
44 48 75 91 84 63 10 71 73 63 98 17 9 23 0 0 49 74 31 42 82 39 0 0 61 0 48 51 0 89 0 0 27 33 17 63 10 0 33 74 35 93 87 98 50 9 0 79 94 2 0 93 0 92 30 78 55 60 82 33 11 41 97 71 60 10 73 49 86 0 56 85 1 0 10 0 60 31 70 56 36 97 1 0 62 7 39 70 0 0 58 83 76 75 70 78 5 50 0 88 
11 69 58 0 88 0 0 13 43 38 85 20 16 75 1 30 99 3 19 34 19 10 93 0 6 83 65 16 0 6 43 27 40 0 79 58 0 33 0 0 65 74 8 14 95 32 84 37 27 0 81 0 46 27 34 84 51 98 72 0 48 24 0 83 30 26 80 26 0 81 0 0 72 60 2 80 0 24 95 84 15 8 0 33 80 1 0 32 0 74 55 4 90 0 0 0 79 0 70 53 
0 15 34 99 4 58 84 23 66 60 3 78 7 0 6 95 10 0 28 39 70 6 93 96 28 8 32 7 20 30 0 64 52 20 89 61 24 74 0 0 0 48 0 0 0 0 51 85 0 68 67 62 0 40 0 53 21 92 0 14 28 93 0 34 0 22 28 0 50 75 92 82 86 1 96 94 32 0 0 84 53 80 0 22 35 85 90 20 43 12 10 0 96 19 81 92 55 65 81 22 
0 0 18 20 65 39 35 50 0 0 27 54 0 51 5 60 67 76 96 57 100 83 8 0 89 58 43 40 84 0 0 83 49 63 0 0 0 35 65 0 0 16 0 10 14 0 0 73 14 47 0 0 74 0 0 25 75 20 0 8 67 0 0 79 96 69 23 92 100 71 56 24 45 36 0 0 11 0 62 0 25 19 0 51 0 66 37 12 44 45 0 58 39 61 59 14 33 97 81 11 
0 0 15 0 53 86 0 0 100 62 33 30 46 7 0 0 57 67 10 60 0 54 82 87 64 27 0 36 85 0 90 35 55 19 93 99 97 93 74 48 16 0 0 58 87 0 49 0 62 27 35 55 57 95 100 100 64 99 63 100 70 38 9 57 52 13 23 2 44 0 0 75 90 9 14 39 63 6 9 12 34 79 18 89 87 34 97 86 4 4 27 0 30 24 14 0 53 0 8 31 
40 18 45 84 53 86 33 7 83 98 11 17 50 35 17 0 4 54 6 0 83 0 38 13 78 42 42 0 76 76 95 2 1 0 100 1 49 87 8 0 0 0 0 26 7 82 22 2 30 40 48 55 81 59 67 52 10 0 2 13 83 21 91 100 33 2 40 8 16 32 0 9 0 36 63 28 47 42 0 25 71 32 72 85 67 42 26 13 90 0 69 23 8 94 30 80 49 57 15 78 
39 42 16 41 6 26 55 0 0 78 0 78 0 54 1 35 65 67 77 49 76 35 85 24 0 75 76 46 81 27 0 7 58 11 28 0 0 98 14 0 10 58 26 0 31 24 55 0 5 63 57 89 59 0 73 0 0 18 0 77 80 64 63 6 74 87 59 87 38 50 61 2 97 7 85 40 12 47 0 28 89 3 19 71 24 77 60 67 20 27 52 90 0 53 11 39 0 60 0 2 
84 14 59 25 0 54 42 0 90 90 93 95 82 83 88 60 45 59 66 17 0 97 52 24 90 11 0 0 26 97 6 0 41 71 71 19 39 50 95 0 14 87 7 31 0 90 32 41 72 18 83 0 34 89 99 47 37 16 58 23 0 18 6 52 70 0 81 67 2 93 75 56 0 0 72 94 17 31 94 98 65 66 20 70 30 50 0 33 80 77 59 0 62 0 5 5 31 98 21 71 
26 65 78 41 0 55 84 90 61 0 26 69 33 26 56 13 55 0 67 41 86 46 91 61 39 0 64 85 62 25 98 0 4 83 96 23 43 9 32 0 0 0 82 24 90 0 0 57 53 85 16 61 60 69 45 93 54 47 0 67 56 19 42 42 51 0 63 62 28 50 51 24 69 37 88 90 54 0 73 51 59 1 1 28 50 55 59 5 75 84 76 41 13 62 0 1 22 0 86 61 
38 65 14 37 69 0 87 14 9 78 43 92 0 88 70 18 92 2 72 12 0 84 0 55 55 65 0 81 23 0 98 54 8 46 57 15 88 0 84 51 0 49 22 55 32 0 0 25 36 39 48 95 0 51 89 27 66 91 54 33 57 0 8 59 20 89 89 17 35 81 53 79 25 65 21 56 80 30 8 64 41 21 25 50 56 52 0 59 2 72 0 5 72 45 26 37 50 0 7 40 
57 15 91 23 0 47 0 25 55 0 94 0 94 84 24 33 0 83 0 19 51 75 65 50 74 31 40 11 84 83 50 0 48 0 31 0 56 79 37 85 73 0 2 0 41 57 25 0 0 0 0 35 46 0 2 91 1 72 59 60 0 0 32 79 91 0 55 0 99 0 0 22 0 0 0 99 0 30 86 17 0 4 87 57 55 0 0 35 79 10 40 70 38 0 0 27 0 32 48 7 
91 0 25 29 39 72 22 64 80 0 25 14 65 18 84 26 0 28 11 0 48 0 49 0 0 47 66 0 1 0 81 21 99 0 0 58 0 94 27 0 14 62 30 5 72 53 36 0 0 0 59 0 89 0 0 0 85 21 12 80 78 100 17 16 13 0 0 92 42 0 0 0 49 100 73 0 0 0 0 57 52 1 81 25 36 19 79 1 54 25 36 86 44 35 0 58 93 37 0 0 
56 16 33 99 77 48 58 40 20 72 52 18 90 0 18 0 0 57 28 58 96 25 0 34 0 46 0 74 64 9 81 0 34 14 0 0 76 2 0 68 47 27 40 63 18 85 39 0 0 0 93 86 16 53 0 0 0 85 24 0 80 56 62 0 11 0 0 0 6 0 33 0 47 77 69 62 73 74 29 27 14 20 18 66 0 86 0 81 0 0 22 62 96 42 86 0 0 34 57 26 
0 0 36 76 13 25 45 90 18 85 62 24 72 49 53 20 50 26 10 65 71 8 6 14 3 57 85 0 56 47 50 0 96 80 2 88 61 0 81 67 0 35 48 57 83 16 48 0 59 93 0 0 56 0 24 91 27 46 77 0 16 67 46 0 15 92 62 12 88 38 29 24 0 0 64 0 89 86 0 9 13 74 12 10 0 64 17 21 0 0 4 94 67 80 40 4 77 34 17 59 
63 0 0 29 9 57 90 48 44 22 0 24 49 4 0 74 12 4 87 18 94 11 32 45 6 0 39 79 88 6 91 31 49 95 81 52 0 93 0 62 0 55 55 89 0 61 95 35 0 86 0 0 0 84 51 0 33 82 70 0 56 32 0 21 4 0 25 0 45 90 25 97 0 24 11 93 23 48 24 19 33 55 0 14 0 35 68 12 42 57 0 12 89 81 100 87 30 60 41 59 
88 74 78 96 0 40 5 11 0 0 36 78 50 83 56 83 32 31 78 0 91 48 33 0 0 27 96 92 0 41 14 0 0 19 74 90 100 0 46 0 74 57 81 59 34 60 0 46 89 16 56 0 0 79 55 0 0 48 74 32 81 11 48 66 4 15 0 0 81 27 0 97 37 95 0 46 60 31 3 11 99 98 0 0 0 77 28 0 0 75 0 7 31 89 84 0 46 51 59 22 
89 0 46 13 0 0 86 89 83 9 76 68 76 95 46 14 38 96 91 76 31 46 52 17 36 69 59 100 0 75 95 73 82 28 36 60 0 92 27 40 0 95 59 0 89 69 51 0 0 53 0 84 79 0 30 0 0 0 99 22 34 0 5 11 32 54 88 0 86 20 9 90 60 21 19 0 87 16 42 22 77 0 0 0 95 32 0 0 51 21 100 59 76 52 58 0 23 61 35 76 
6 2 82 63 79 86 64 18 10 87 0 3 12 6 17 16 96 73 73 64 87 0 0 42 6 46 29 7 28 97 0 21 0 89 36 45 38 30 34 0 0 100 67 73 99 45 89 2 0 0 24 51 55 30 0 1 11 46 57 84 13 6 53 94 71 15 100 52 0 4 68 7 89 17 59 21 69 34 26 85 25 29 33 63 80 0 38 45 0 27 28 45 12 18 78 38 10 0 56 15 
84 14 49 44 35 99 79 75 0 0 99 46 83 8 55 2 33 23 63 81 4 46 69 5 81 80 0 0 26 28 0 47 84 20 4 0 56 78 84 53 25 100 52 0 47 93 27 91 0 0 91 0 0 0 1 0 5 0 52 0 28 33 28 94 0 1 0 0 74 32 75 27 92 32 10 44 68 84 6 13 50 0 35 22 90 23 0 24 100 38 92 97 66 85 28 79 84 13 0 8 
0 0 54 13 61 84 67 55 0 68 52 86 66 14 1 0 19 77 69 44 57 61 0 62 96 29 0 0 64 0 18 0 92 24 0 70 56 55 51 21 75 64 10 0 37 54 66 1 85 0 27 33 0 0 11 5 0 65 5 73 13 41 15 63 32 60 99 72 79 0 12 22 91 0 59 0 0 0 6 75 88 6 32 0 8 41 54 82 87 89 24 59 61 0 0 90 65 11 23 90 
73 35 81 46 65 0 83 27 28 59 40 57 56 83 22 39 65 4 91 0 33 38 12 34 0 56 20 93 0 45 0 97 22 73 2 0 32 60 98 92 20 99 0 18 16 47 91 72 21 85 46 82 48 0 46 0 65 0 63 0 40 1 36 21 9 0 69 46 47 39 38 0 62 76 84 0 89 13 77 96 91 96 90 81 61 63 37 50 36 16 49 66 21 71 0 4 84 0 0 59 
31 13 80 64 72 38 0 21 65 73 36 20 18 100 12 94 99 31 8 59 32 20 35 54 93 16 7 65 0 0 81 12 28 96 58 40 88 82 72 0 0 63 2 0 58 0 54 59 12 24 77 70 74 99 57 52 5 63 0 72 13 39 19 52 36 0 62 51 72 62 14 92 21 22 56 26 7 40 0 54 59 21 9 41 0 55 0 74 18 39 50 49 5 60 42 75 41 0 13 1 
1 0 75 48 0 93 62 46 56 31 72 75 17 49 88 69 5 27 2 17 48 87 4 33 98 0 19 55 35 67 92 32 66 44 25 33 37 33 0 14 8 100 13 77 23 67 33 60 80 0 0 0 32 22 84 0 73 0 72 0 61 88 0 62 0 12 19 0 3 0 29 18 15 2 54 45 0 54 32 29 0 67 29 84 89 36 94 53 39 68 0 17 51 70 27 95 0 56 74 94 
90 61 71 44 14 61 9 26 5 43 72 0 2 18 9 14 70 21 83 5 0 0 42 9 98 60 71 95 82 0 52 0 16 95 27 0 3 11 48 28 67 70 83 80 0 56 57 0 78 80 16 56 81 34 13 28 13 40 13 61 0 0 8 37 10 0 95 0 62 60 89 36 80 81 87 53 31 47 53 94 77 31 0 84 24 31 35 38 25 42 62 0 0 57 11 74 98 56 65 86 
44 60 99 4 93 0 94 0 40 71 97 0 81 76 1 0 37 4 0 58 10 0 13 83 30 63 96 0 50 0 58 20 8 25 0 0 38 41 24 93 0 38 21 64 18 19 0 0 100 56 67 32 11 0 6 33 41 1 39 88 0 0 91 16 0 21 46 98 0 0 32 4 33 65 26 3 0 0 20 4 84 74 18 67 87 25 0 98 6 85 57 80 48 58 20 54 0 99 46 8 
63 82 35 27 22 68 12 85 98 65 45 91 25 6 50 47 6 72 87 79 0 0 0 25 38 58 39 37 44 7 46 66 3 13 37 71 50 97 0 0 0 9 91 63 6 42 8 32 17 62 46 0 48 5 53 28 15 36 19 0 8 91 0 29 13 38 14 99 56 0 0 52 58 17 98 59 1 16 41 47 32 2 18 29 46 0 2 27 0 68 0 50 12 17 86 68 77 6 54 55 
0 62 72 56 30 50 0 59 0 48 72 65 81 42 62 63 19 25 32 4 15 82 32 0 0 36 79 75 92 7 58 22 31 55 49 97 19 71 83 34 79 57 100 6 52 42 59 79 16 0 0 21 66 11 94 94 63 21 52 62 37 16 29 0 15 42 71 16 40 0 87 3 63 0 20 11 85 92 0 48 78 3 13 40 8 36 77 58 27 58 87 75 0 30 88 76 76 67 32 44 
46 56 74 83 25 42 11 34 53 4 86 6 61 89 67 2 95 85 55 36 19 13 43 81 61 59 38 75 50 44 41 70 58 24 3 27 74 60 30 0 96 52 33 74 70 51 20 91 13 11 15 4 4 32 71 0 32 9 36 0 10 0 13 15 0 0 74 53 79 81 45 48 98 62 11 36 20 47 0 90 85 88 46 61 0 68 1 0 33 0 0 84 0 59 59 15 42 23 16 5 
0 0 21 62 91 19 20 67 93 0 9 11 0 0 54 0 20 85 73 41 45 15 80 51 58 53 44 31 7 20 0 0 5 62 43 0 0 10 26 22 69 13 2 87 0 0 89 0 0 0 92 0 15 54 15 1 60 0 0 12 0 21 38 42 0 0 92 51 2 0 49 58 24 55 20 33 87 100 36 57 25 100 0 58 0 47 92 96 68 59 0 99 69 6 26 0 33 0 21 0 
0 52 0 0 0 43 2 37 1 31 30 68 2 43 60 62 82 56 68 34 0 17 22 0 81 20 50 55 43 46 86 64 62 13 63 63 99 73 80 28 23 23 40 59 81 63 89 55 0 0 62 25 0 88 100 0 99 69 62 19 95 46 14 71 74 92 0 0 29 40 87 0 52 57 20 53 0 14 2 55 83 14 79 31 0 85 86 63 14 4 0 61 0 8 20 45 6 74 84 85 
64 64 96 0 65 99 0 0 80 67 81 100 86 0 20 96 9 46 90 2 66 58 0 96 67 80 0 0 94 50 95 0 97 73 0 75 12 49 26 0 92 2 8 87 67 62 17 0 92 0 12 0 0 0 52 0 72 46 51 0 0 98 99 16 53 51 0 0 11 74 87 89 0 29 0 12 82 65 9 85 0 64 43 94 80 0 21 17 0 0 57 77 94 2 27 29 66 85 0 32 
0 58 54 61 98 5 48 0 36 20 84 9 96 0 95 91 76 99 39 3 19 58 88 0 0 0 48 45 5 16 45 97 98 89 68 98 56 86 0 50 100 44 16 38 2 28 35 99 42 6 88 45 81 86 0 74 79 47 72 3 62 0 56 40 79 2 29 11 0 30 81 97 0 99 98 0 97 16 58 79 31 31 87 64 0 18 0 67 99 4 92 27 33 30 12 0 74 0 97 75 
90 57 47 99 42 11 0 0 76 49 21 31 31 27 64 38 42 62 2 76 33 0 72 79 85 54 4 35 33 35 50 0 20 98 16 0 3 0 81 75 71 0 32 50 93 50 81 0 0 0 38 90 27 20 4 32 0 39 62 0 60 0 0 0 81 0 40 74 30 0 3 15 46 0 15 68 0 78 60 53 0 15 28 100 26 12 92 42 75 0 0 18 0 88 47 90 0 3 38 40 
0 1 0 0 0 10 17 85 52 0 56 37 15 0 33 61 24 43 36 0 0 0 5 71 0 0 34 50 2 17 88 85 78 89 0 4 0 56 0 92 56 0 0 61 75 51 53 0 0 33 29 25 0 9 68 75 12 38 14 29 89 32 0 87 45 49 87 87 81 3 0 0 0 7 0 7 0 0 27 0 24 9 0 39 0 82 0 45 0 25 67 0 53 0 0 20 0 100 0 44 
86 12 50 70 0 0 18 27 26 16 52 51 70 8 39 33 0 40 53 86 28 54 38 54 2 60 17 79 0 52 0 71 65 65 98 4 52 85 0 82 24 75 9 2 56 24 79 22 0 0 24 97 97 90 7 27 22 0 92 18 36 4 52 3 48 58 0 89 97 15 0 0 35 79 50 0 6 42 99 50 3 7 0 91 93 76 0 83 42 13 0 53 0 37 70 0 94 59 38 11 
0 77 73 46 56 17 51 78 71 94 53 97 3 0 9 87 75 28 11 2 44 61 51 94 59 0 0 83 98 0 42 50 2 67 72 37 78 1 72 86 45 90 0 97 0 69 25 0 49 47 0 0 37 60 89 92 91 62 21 15 80 33 58 63 98 24 52 0 0 46 0 35 0 11 76 12 55 24 8 83 85 0 54 3 0 9 67 51 8 24 79 60 55 36 69 79 0 32 94 72 
73 53 55 59 70 78 90 2 97 52 6 35 96 73 98 47 37 0 64 5 14 0 40 55 62 38 77 8 33 0 82 0 0 73 12 7 4 0 60 1 36 9 36 7 0 37 65 0 100 77 0 24 95 21 17 32 0 76 22 2 81 65 17 0 62 55 57 29 99 0 7 79 11 0 65 75 83 93 90 50 0 77 75 62 56 0 25 43 0 0 0 0 50 70 0 25 71 0 46 35 
0 0 42 0 27 57 11 18 72 61 81 85 37 25 69 46 0 13 44 97 0 73 10 96 34 75 89 0 10 97 42 91 9 25 0 88 4 10 2 96 0 14 63 85 72 88 21 0 73 69 64 11 0 19 59 10 59 84 56 54 87 26 98 20 11 20 20 0 98 15 0 50 76 65 0 97 29 1 41 0 78 82 4 72 99 100 89 4 61 0 0 0 0 92 84 86 58 0 10 17 
92 11 17 65 0 53 87 0 67 17 0 64 86 54 47 79 0 0 55 18 46 13 63 0 71 97 87 49 4 0 85 23 0 83 0 82 46 0 80 94 0 39 28 40 94 90 56 99 0 62 0 93 46 0 21 44 0 0 26 45 53 3 59 11 36 33 53 12 0 68 7 0 12 75 97 0 0 0 91 12 28 90 81 79 24 93 11 87 100 98 72 57 88 29 0 0 40 24 1 0 
85 0 89 56 0 76 91 25 0 66 38 76 80 24 58 0 78 81 9 83 16 5 41 16 0 25 52 51 0 13 33 0 81 70 48 0 49 60 0 32 11 63 47 12 17 54 80 0 0 73 89 23 60 87 69 68 0 89 7 0 31 0 1 85 20 87 0 82 97 0 0 6 55 83 29 0 0 9 52 52 34 1 0 70 0 48 29 21 81 16 56 8 42 67 1 57 3 86 9 23 
0 48 61 22 45 58 0 67 89 90 70 0 8 90 90 3 65 26 74 23 0 60 88 92 0 95 92 39 53 61 47 28 37 0 9 0 31 31 24 0 0 6 42 47 31 0 30 30 0 74 86 48 31 16 34 84 0 13 40 54 47 0 16 92 47 100 14 65 16 78 0 42 24 93 1 0 9 0 51 3 3 90 0 76 40 45 25 5 95 64 24 39 16 50 56 0 0 99 77 68 
44 43 33 3 0 34 81 47 49 0 62 22 35 76 0 90 86 0 80 26 53 94 48 68 73 18 58 23 8 86 54 96 49 99 39 11 78 70 95 0 62 9 0 0 94 73 8 86 0 29 0 24 3 42 26 6 6 77 0 32 53 20 41 0 0 36 2 9 58 60 27 99 8 90 41 91 52 51 0 45 31 0 0 74 4 0 30 36 13 93 15 18 27 63 98 11 74 48 50 26 
85 63 35 41 20 49 0 51 18 71 45 26 20 27 38 92 4 35 77 96 34 12 12 10 0 15 0 22 98 0 0 79 87 63 10 84 57 56 84 84 0 12 25 28 98 51 64 17 57 27 9 19 11 22 85 13 75 96 54 29 94 4 47 48 90 57 55 85 79 53 0 50 83 50 0 12 52 3 45 0 54 19 54 9 39 63 9 14 54 31 80 97 0 23 46 83 34 62 9 43 
6 65 66 0 1 91 44 87 90 36 20 0 0 72 50 90 23 17 33 34 8 25 3 69 90 92 84 7 75 86 67 25 72 46 88 77 14 36 15 53 25 34 71 89 65 59 41 0 52 14 13 33 99 77 25 50 88 91 59 0 77 84 32 78 85 25 83 0 31 0 24 3 85 0 78 28 34 3 31 54 0 35 0 55 30 10 100 12 27 16 0 0 92 80 90 76 85 47 80 91 
10 8 16 75 48 98 26 32 0 21 93 48 0 46 20 0 12 36 14 51 7 86 7 99 42 0 0 65 70 0 96 29 27 63 0 0 73 97 8 80 19 79 32 3 66 1 21 4 1 20 74 55 98 0 29 0 6 96 21 67 31 74 2 3 88 100 14 64 31 15 9 7 0 77 82 90 1 90 0 19 35 0 36 49 0 0 6 63 0 69 57 31 36 12 80 65 30 25 99 59 
80 47 70 63 99 2 58 60 22 60 56 91 0 0 0 0 0 33 0 83 74 90 76 45 50 74 0 94 11 43 69 14 34 0 0 30 0 1 0 0 0 18 72 19 20 1 25 87 81 18 12 0 0 0 33 35 32 90 9 29 0 18 18 13 46 0 79 43 87 28 0 0 54 75 4 81 0 0 0 54 0 36 0 59 7 12 47 58 55 0 67 81 98 0 58 0 4 0 21 58 
64 58 7 35 0 10 24 28 35 86 37 0 85 71 59 58 5 73 41 75 72 9 32 40 17 69 0 0 39 62 54 32 41 35 0 11 86 0 33 22 51 89 85 71 70 28 50 57 25 66 10 14 0 0 63 22 0 81 41 84 84 67 29 40 61 58 31 94 64 100 39 91 3 62 72 79 70 76 74 9 55 49 59 0 0 22 51 0 61 11 79 45 5 45 81 48 75 85 98 35 
15 25 56 0 79 0 12 23 0 0 13 77 36 0 63 0 91 69 26 4 26 0 30 43 27 22 0 77 67 39 73 0 52 38 73 0 0 62 80 35 0 87 67 24 30 50 56 55 36 0 0 0 0 95 80 90 8 61 0 89 24 87 46 8 0 0 0 80 0 26 0 93 0 56 99 24 0 40 4 39 30 0 7 0 0 0 76 41 76 0 0 0 84 78 31 60 15 88 0 0 
16 6 67 0 0 0 58 51 0 34 97 85 30 15 64 2 35 15 23 98 98 36 46 34 43 76 0 0 0 38 23 5 76 5 20 95 54 7 1 85 66 34 42 77 50 55 52 0 19 86 64 35 77 32 0 23 41 63 55 36 31 25 0 36 68 47 85 0 18 12 82 76 9 0 100 93 48 45 0 63 10 0 12 22 0 0 49 60 64 35 0 16 19 7 64 43 25 44 20 57 
53 11 31 20 28 92 19 3 49 88 36 0 83 6 71 0 45 8 0 34 18 87 0 79 37 71 24 73 4 79 1 83 71 59 59 56 75 39 0 90 37 97 26 60 0 59 0 0 79 0 17 68 28 0 38 0 54 37 0 94 35 0 2 77 1 92 86 21 0 92 0 0 67 25 89 11 29 25 30 9 100 6 47 51 76 49 0 13 88 77 17 64 96 14 48 0 93 41 0 4 
71 0 0 84 36 92 40 62 94 12 67 73 74 20 42 56 38 19 90 0 21 68 38 35 1 48 64 22 4 0 0 31 0 24 1 72 71 70 32 20 12 86 13 67 33 5 59 35 1 81 21 12 0 0 45 24 82 50 74 53 38 98 27 58 0 96 63 17 67 42 45 83 51 43 4 87 21 5 36 14 12 63 58 0 41 60 13 0 14 0 0 65 90 100 27 84 29 24 49 41 
0 42 31 0 79 75 49 0 19 5 4 88 80 71 87 0 77 19 2 27 81 68 0 100 3 69 0 0 99 86 0 45 28 18 78 97 1 0 0 43 44 4 90 20 80 75 2 79 54 0 0 42 0 51 0 100 87 36 18 39 25 6 0 27 33 68 14 0 99 75 0 42 8 0 61 100 81 95 13 54 27 0 55 61 76 64 88 14 0 0 0 77 93 0 81 14 0 77 66 28 
64 27 29 89 42 42 52 7 98 79 47 58 36 57 55 88 12 8 92 27 19 96 0 0 0 84 28 0 0 12 72 76 47 0 32 16 65 0 74 12 45 4 0 27 77 84 72 10 25 0 0 57 75 21 27 38 89 16 39 68 42 85 68 58 0 59 4 0 4 0 25 13 24 0 0 98 16 64 93 31 16 69 0 11 0 35 77 0 0 0 38 62 45 30 0 53 0 0 92 54 
57 0 20 41 52 53 3 4 70 51 100 51 43 9 55 0 58 7 0 0 27 49 96 49 47 93 0 75 43 12 16 98 25 74 0 0 72 58 55 10 0 27 69 52 59 76 0 40 36 22 4 0 0 100 28 92 24 49 50 0 62 57 0 87 0 0 0 57 92 0 67 0 79 0 0 72 56 24 15 80 0 57 67 79 0 0 17 0 0 38 0 54 29 9 0 31 0 99 0 26 
84 51 96 5 47 4 99 95 0 27 91 54 70 0 5 0 0 93 25 79 35 73 38 97 26 20 0 16 76 65 70 0 0 76 50 0 70 83 4 0 58 0 23 90 0 41 5 70 86 62 94 12 7 59 45 97 59 66 49 17 0 80 50 75 84 99 61 77 27 18 0 53 60 0 0 57 8 39 18 97 0 31 81 45 0 16 64 65 77 62 54 0 7 95 19 47 43 23 81 33 
32 65 15 55 82 87 49 29 70 28 3 22 62 21 83 27 33 90 0 87 6 0 0 0 0 53 0 40 96 66 95 35 91 47 42 7 58 76 90 96 39 30 8 0 62 13 72 38 44 96 67 89 31 76 12 66 61 21 5 51 0 48 12 0 0 69 0 94 33 0 53 0 55 50 0 88 42 16 27 0 92 36 98 5 84 19 96 90 93 45 29 7 0 21 0 4 5 100 29 36 
42 75 57 16 59 90 2 56 46 31 18 4 97 0 22 35 4 17 0 56 2 67 96 64 58 66 0 49 66 0 38 76 44 59 0 95 0 75 0 19 61 24 94 53 0 62 45 0 35 42 80 81 89 52 18 85 0 71 60 70 57 58 17 30 59 6 8 2 30 88 0 37 36 70 92 29 67 50 63 23 80 12 0 45 78 7 14 100 0 30 9 95 21 0 92 18 1 59 71 51 
63 0 38 0 0 91 99 55 87 32 0 87 36 91 75 31 72 43 9 0 0 92 89 31 65 44 0 85 46 55 79 37 36 45 48 0 0 70 0 81 59 14 30 11 5 0 26 0 0 86 40 100 84 58 78 28 0 0 42 27 11 20 86 88 59 26 20 27 12 47 0 70 69 0 84 0 1 56 98 46 90 80 58 81 31 64 48 27 81 0 0 19 0 92 0 27 26 33 29 97 
4 9 77 74 44 68 70 77 71 0 73 80 74 0 50 76 81 89 42 76 0 17 26 0 48 43 49 43 39 54 72 22 53 41 33 89 14 78 0 92 14 0 80 39 5 1 37 27 58 0 4 87 0 0 38 79 90 4 75 95 74 54 68 76 15 0 45 29 0 90 20 0 79 25 86 0 57 0 11 83 76 65 0 48 60 43 0 84 14 53 31 47 4 18 27 0 61 96 61 20 
2 63 54 30 54 46 15 73 17 78 92 0 4 0 37 45 85 62 100 21 0 63 9 92 55 63 50 46 26 68 26 94 1 61 55 0 61 5 79 55 33 53 49 0 31 22 50 0 93 0 77 30 46 23 10 84 65 84 41 0 98 0 77 76 42 33 6 66 74 0 0 94 0 71 58 40 3 0 74 34 85 30 4 75 15 25 93 29 0 0 0 43 5 1 26 61 0 12 31 89 
64 68 78 32 60 0 70 35 62 0 35 65 45 74 0 25 1 86 35 16 81 0 83 0 55 37 16 17 65 16 55 96 0 41 27 87 68 50 0 65 97 0 57 60 98 0 0 32 37 34 34 60 51 61 0 13 11 0 0 56 56 99 6 67 23 0 74 85 0 3 100 59 32 0 0 24 86 99 48 62 47 25 0 85 88 44 41 24 77 0 99 23 100 59 33 96 12 0 0 82 
0 16 53 9 56 22 0 51 0 64 53 77 40 12 82 55 26 57 67 42 82 0 0 74 61 93 31 61 22 95 13 34 0 0 60 7 89 0 70 81 81 8 15 0 21 86 7 48 0 57 17 41 59 35 56 0 23 0 13 74 65 46 54 32 16 21 84 0 97 38 0 38 94 46 10 1 9 77 50 9 80 99 21 98 0 20 0 49 66 92 0 81 29 71 29 61 31 0 0 25 
8 29 84 25 84 14 10 61 8 76 20 73 35 46 25 32 70 50 0 3 40 0 29 0 80 56 0 0 71 54 53 30 74 39 56 11 61 88 53 22 11 31 78 2 71 61 40 7 0 26 59 59 22 76 15 8 90 59 1 94 86 8 55 44 5 0 85 32 75 40 44 11 72 35 17 0 23 68 26 43 91 59 58 35 0 57 4 41 28 54 26 33 36 51 97 20 89 82 25 0 
