0 0 0 73 0 38 0 54 0 0 0 0 0 0 0 0 0 42 57 0 0 0 0 0 0 0 0 0 63 0 0 0 0 0 0 0 0 0 0 0 0 21 0 37 0 0 0 0 0 0 0 0 0 0 0 30 0 0 0 0 0 15 0 28 0 0 0 83 0 0 0 0 0 0 0 0 0 0 0 0 0 48 0 0 0 0 0 0 0 0 0 0 0 0 0 0 0 0 0 0 
0 0 0 0 0 0 0 0 0 59 0 0 23 0 38 0 0 0 0 0 0 0 0 0 0 0 0 0 0 0 0 0 0 0 0 57 11 0 0 0 0 0 0 0 0 0 0 0 0 0 0 30 0 0 0 0 0 0 70 0 0 0 34 0 0 0 0 0 0 0 0 0 0 0 0 0 68 0 0 0 0 17 0 0 0 0 0 0 0 0 0 0 0 0 0 0 0 0 0 0 
0 0 0 0 0 87 0 92 0 0 0 0 0 0 0 0 0 0 0 0 0 0 0 0 0 0 0 0 0 0 0 0 0 0 0 0 0 0 0 0 0 0 0 0 0 82 0 0 0 0 0 0 0 0 0 0 0 0 0 0 0 30 0 88 0 10 27 0 0 18 0 0 0 0 77 0 0 0 0 0 0 0 0 0 0 0 0 0 46 0 85 0 27 30 0 0 0 0 0 0 
73 0 0 0 0 0 0 0 0 0 0 0 0 0 0 0 0 0 48 0 0 0 0 0 0 0 0 0 0 0 0 0 0 0 0 0 0 0 0 94 88 0 0 0 0 0 0 0 0 0 0 0 0 0 0 0 0 0 0 0 0 0 0 0 0 0 0 0 0 0 0 0 0 0 0 0 0 0 0 0 0 0 0 0 0 0 0 0 0 0 42 0 0 31 0 0 0 9 0 0 
0 0 0 0 0 0 0 0 0 0 0 0 0 0 0 0 50 0 0 0 0 0 0 0 0 0 0 0 0 0 0 56 9 0 0 0 73 0 0 0 0 1 0 0 0 0 0 0 0 0 0 0 0 0 0 0 0 0 0 0 67 0 0 49 0 0 0 0 0 0 0 0 0 0 69 0 0 91 0 0 0 0 0 0 0 0 0 0 0 0 0 0 0 0 0 0 0 0 0 0 
38 0 87 0 0 0 0 0 0 0 0 0 0 0 0 96 0 0 0 0 76 0 0 0 31 0 10 6 0 0 0 38 0 0 13 0 0 0 0 0 0 0 0 0 0 0 0 0 0 0 0 0 0 79 0 0 0 0 0 0 0 0 0 0 0 61 33 0 0 0 0 0 0 0 0 0 0 0 0 0 0 0 0 0 0 0 0 0 0 0 0 0 0 0 0 0 0 0 98 0 
0 0 0 0 0 0 0 0 0 6 0 0 0 0 0 0 0 0 0 0 0 0 0 0 0 0 0 0 75 0 0 0 0 0 0 0 94 0 0 0 0 0 0 0 0 0 0 0 0 0 0 0 0 0 53 0 0 0 0 0 0 0 0 0 0 0 41 0 0 0 0 0 0 0 0 0 13 0 0 0 16 0 0 0 0 0 20 98 0 0 0 68 0 39 0 0 0 0 0 52 
54 0 92 0 0 0 0 0 0 0 0 0 0 0 0 0 0 0 0 0 0 0 0 43 0 0 0 0 3 0 55 0 0 0 0 0 0 0 0 0 0 0 0 0 0 0 0 0 0 0 0 37 0 0 0 0 0 0 46 57 54 0 0 0 0 0 0 0 0 0 0 0 0 0 0 0 0 30 0 0 92 97 0 0 95 0 0 0 0 0 0 0 0 0 0 0 0 0 0 0 
0 0 0 0 0 0 0 0 0 0 0 0 0 0 0 0 0 0 0 0 16 0 0 0 0 25 0 0 0 0 0 0 0 0 0 0 0 0 0 0 0 0 0 0 6 0 0 0 77 0 0 0 0 0 36 0 0 0 0 0 0 36 0 0 0 0 0 0 0 45 0 0 0 58 0 0 0 0 0 0 43 32 0 0 0 80 0 0 0 42 0 0 0 92 0 0 0 0 0 0 
0 59 0 0 0 0 6 0 0 0 0 0 0 0 0 0 0 13 0 0 0 0 0 0 0 0 0 0 0 0 0 0 0 0 0 0 0 0 5 0 0 0 0 0 0 0 13 0 0 0 0 0 0 0 0 0 0 4 0 0 0 0 0 0 0 0 0 0 0 0 0 0 0 0 0 0 0 0 0 0 0 0 52 0 0 97 0 0 0 0 0 0 0 92 0 0 0 0 0 57 
0 0 0 0 0 0 0 0 0 0 0 0 0 0 0 0 0 0 0 0 0 0 0 0 0 0 0 0 0 0 0 0 0 0 77 0 0 0 0 0 0 0 0 0 0 0 0 0 0 0 0 0 0 0 0 0 0 0 82 0 0 0 0 29 0 0 0 0 15 0 0 0 27 0 0 0 0 0 0 0 0 0 0 0 0 0 0 0 0 0 0 0 0 0 0 0 0 0 0 0 
0 0 0 0 0 0 0 0 0 0 0 0 39 0 0 0 0 0 0 0 0 0 0 0 92 0 0 0 0 0 0 0 0 0 0 84 0 29 0 0 0 0 0 0 0 0 48 70 0 0 0 0 79 0 0 0 0 0 0 0 0 0 0 0 0 0 0 0 0 0 0 0 0 0 0 0 0 0 0 0 0 0 0 0 0 0 0 0 54 0 0 0 0 0 0 0 0 0 0 0 
0 23 0 0 0 0 0 0 0 0 0 39 0 0 0 0 0 0 0 0 0 0 0 0 0 0 0 0 0 0 0 62 0 0 0 0 0 0 0 0 0 0 0 0 0 0 77 0 0 0 0 0 0 0 0 0 0 0 0 11 0 0 0 0 15 0 0 0 0 0 43 0 0 0 0 0 0 0 0 0 0 0 0 0 0 0 0 0 0 0 0 0 0 0 16 0 0 0 0 0 
0 0 0 0 0 0 0 0 0 0 0 0 0 0 0 0 0 0 0 44 0 0 0 79 0 0 0 0 0 12 0 12 0 0 28 0 0 0 0 0 0 95 0 0 73 0 0 0 0 0 0 0 0 0 0 0 0 0 0 0 0 0 76 0 0 0 88 0 0 0 0 0 0 0 0 0 0 0 0 65 0 0 0 0 0 0 0 48 0 0 0 20 0 0 0 0 0 0 0 0 
0 38 0 0 0 0 0 0 0 0 0 0 0 0 0 0 0 0 0 0 0 0 98 57 0 0 0 46 0 0 0 0 0 0 0 0 0 0 0 0 0 0 0 0 0 21 0 21 0 0 0 0 0 0 0 0 0 0 0 0 0 0 0 0 0 1 0 0 43 0 0 0 0 0 0 0 0 0 0 0 28 0 0 0 0 0 0 34 0 0 49 0 0 0 0 0 0 0 0 0 
0 0 0 0 0 96 0 0 0 0 0 0 0 0 0 0 0 0 0 0 0 0 0 0 0 0 88 0 0 0 0 0 0 51 0 88 0 0 0 60 0 0 0 0 0 0 0 0 0 0 0 0 0 0 0 0 0 0 0 0 0 0 0 0 0 0 0 0 0 0 0 0 0 0 0 0 0 0 0 69 0 0 0 0 0 0 0 0 0 0 0 0 58 0 93 0 0 19 56 0 
0 0 0 0 50 0 0 0 0 0 0 0 0 0 0 0 0 0 54 0 57 0 0 0 16 79 0 55 49 0 34 0 0 0 0 0 0 0 0 0 0 0 0 0 0 0 7 0 0 0 0 36 0 63 0 0 0 0 0 0 0 0 0 0 0 0 0 0 0 15 0 0 0 99 0 0 0 0 67 0 0 0 0 0 0 0 0 0 0 0 0 0 0 0 0 0 0 0 0 0 
42 0 0 0 0 0 0 0 0 13 0 0 0 0 0 0 0 0 0 0 0 0 96 0 0 0 0 0 0 0 0 0 0 0 0 0 0 0 0 0 0 0 0 69 0 0 0 0 0 0 0 0 0 0 0 0 0 0 0 0 0 0 0 0 0 0 0 0 0 0 93 0 0 96 0 0 0 0 0 0 0 0 0 0 0 0 0 28 0 0 0 0 0 0 0 0 0 0 0 0 
57 0 0 48 0 0 0 0 0 0 0 0 0 0 0 0 54 0 0 0 0 0 0 0 0 0 0 0 0 24 0 0 0 0 0 0 0 0 0 0 0 0 0 0 0 0 0 0 0 0 0 0 0 0 0 0 0 0 0 0 0 0 76 0 0 0 0 0 0 0 0 0 2 0 0 0 0 92 0 14 0 0 0 0 0 0 0 0 0 0 0 93 99 0 0 35 0 0 0 0 
0 0 0 0 0 0 0 0 0 0 0 0 0 44 0 0 0 0 0 0 0 0 0 0 0 0 0 77 0 0 0 0 0 0 0 0 0 0 0 0 29 0 0 0 0 0 0 0 0 17 0 0 0 0 75 0 0 0 0 0 0 0 63 0 0 46 0 0 0 0 0 0 0 0 52 0 0 0 0 0 0 0 0 14 0 0 0 0 0 0 0 0 0 0 0 0 0 0 0 0 
0 0 0 0 0 76 0 0 16 0 0 0 0 0 0 0 57 0 0 0 0 0 0 0 0 0 0 0 0 0 0 0 0 0 0 0 0 26 0 14 28 0 0 0 0 0 0 0 0 0 0 0 0 0 0 0 0 0 0 0 35 0 0 0 0 0 0 0 21 0 0 0 0 0 0 96 0 0 0 15 0 0 0 0 0 0 0 0 31 68 0 0 0 0 0 0 0 0 3 0 
0 0 0 0 0 0 0 0 0 0 0 0 0 0 0 0 0 0 0 0 0 0 0 0 0 0 96 0 0 0 0 0 0 0 0 0 0 0 16 0 0 0 0 0 0 0 0 5 52 0 0 0 0 0 0 0 0 0 0 0 0 0 0 0 0 0 0 0 0 0 0 0 65 0 0 0 0 0 0 0 0 0 0 0 0 0 0 0 0 0 0 0 0 0 80 0 0 0 44 0 
0 0 0 0 0 0 0 0 0 0 0 0 0 0 98 0 0 96 0 0 0 0 0 0 0 0 0 0 0 0 0 0 41 0 0 0 0 0 0 66 0 0 0 0 0 94 0 0 0 0 0 0 0 0 0 0 84 0 0 0 0 0 0 57 21 0 0 0 0 0 0 0 2 0 0 0 0 0 0 0 0 0 0 0 16 0 0 0 0 0 0 0 0 0 0 0 0 0 0 0 
0 0 0 0 0 0 0 43 0 0 0 0 0 79 57 0 0 0 0 0 0 0 0 0 0 0 0 0 76 0 0 83 0 0 0 0 0 0 0 0 0 0 17 0 0 0 0 0 0 77 47 0 0 0 0 0 0 0 67 0 0 0 0 0 0 0 0 93 0 0 0 0 0 0 0 0 0 0 42 0 0 11 0 0 0 0 0 0 0 69 0 87 0 62 0 0 0 0 0 0 
0 0 0 0 0 31 0 0 0 0 0 92 0 0 0 0 16 0 0 0 0 0 0 0 0 0 0 0 0 0 0 0 0 0 0 0 0 0 0 0 0 0 0 0 0 37 0 0 0 0 0 0 87 0 9 0 0 0 0 0 0 0 0 0 0 0 21 0 0 0 0 0 0 0 0 0 0 0 0 0 0 0 0 0 0 0 0 0 0 0 0 0 0 0 0 0 88 0 0 0 
0 0 0 0 0 0 0 0 25 0 0 0 0 0 0 0 79 0 0 0 0 0 0 0 0 0 0 0 0 0 0 0 0 0 0 0 0 0 0 0 0 0 0 0 0 0 0 0 0 89 0 0 0 0 0 0 0 0 0 18 0 0 0 0 0 0 0 0 0 0 0 56 0 0 65 0 0 0 0 46 0 48 0 0 0 0 7 0 0 0 0 0 0 0 0 0 0 0 0 0 
0 0 0 0 0 10 0 0 0 0 0 0 0 0 0 88 0 0 0 0 0 96 0 0 0 0 0 0 0 0 0 24 0 0 0 0 0 0 0 0 0 41 0 0 0 0 0 0 0 0 0 0 0 0 0 0 0 0 0 0 0 0 0 0 0 0 0 0 72 0 0 0 0 0 0 0 20 0 88 0 0 0 80 0 0 0 0 0 0 0 0 0 0 0 0 0 0 0 0 0 
0 0 0 0 0 6 0 0 0 0 0 0 0 0 46 0 55 0 0 77 0 0 0 0 0 0 0 0 0 0 0 0 0 0 0 0 0 0 0 0 0 0 0 0 0 0 0 0 0 0 0 0 0 47 0 0 0 0 0 0 0 0 0 0 0 0 74 0 0 0 0 0 0 0 0 0 0 0 74 0 0 0 0 0 0 0 0 0 0 49 0 0 53 0 0 0 0 0 0 0 
63 0 0 0 0 0 75 3 0 0 0 0 0 0 0 0 49 0 0 0 0 0 0 76 0 0 0 0 0 0 0 18 89 0 0 82 0 0 0 0 12 0 0 0 0 0 0 0 0 0 0 0 0 0 0 0 0 0 0 0 0 0 0 0 0 0 0 0 0 0 68 0 0 0 56 0 0 78 0 0 0 0 4 0 0 0 0 0 0 0 0 0 0 0 0 0 0 0 21 0 
0 0 0 0 0 0 0 0 0 0 0 0 0 12 0 0 0 0 24 0 0 0 0 0 0 0 0 0 0 0 0 0 74 0 0 88 0 0 0 0 0 0 0 0 0 0 0 57 0 87 0 0 0 0 0 0 0 0 0 0 0 23 0 0 0 0 0 0 0 0 0 92 0 0 0 0 0 0 0 0 0 77 74 0 0 0 0 0 70 0 0 0 0 0 0 0 0 0 0 0 
0 0 0 0 0 0 0 55 0 0 0 0 0 0 0 0 34 0 0 0 0 0 0 0 0 0 0 0 0 0 0 0 0 0 0 0 0 0 0 0 0 0 0 0 0 0 0 0 0 0 0 0 0 0 3 0 0 0 0 0 0 0 0 0 0 50 0 0 0 0 0 0 0 0 0 0 0 0 0 0 0 16 0 0 69 0 0 0 0 77 0 0 0 0 0 0 0 0 43 0 
0 0 0 0 56 38 0 0 0 0 0 0 62 12 0 0 0 0 0 0 0 0 0 83 0 0 24 0 18 0 0 0 0 99 0 0 0 0 0 0 0 0 0 0 0 0 0 0 0 0 0 34 0 0 0 0 0 0 0 0 0 0 0 0 0 0 0 0 0 0 0 0 0 0 0 66 0 0 71 0 0 0 0 0 0 0 0 0 0 0 0 0 94 0 0 0 0 0 0 0 
0 0 0 0 9 0 0 0 0 0 0 0 0 0 0 0 0 0 0 0 0 0 41 0 0 0 0 0 89 74 0 0 0 0 0 0 0 0 0 0 0 0 0 0 0 0 0 0 0 0 0 64 0 0 0 0 0 0 82 0 0 0 0 0 0 0 0 0 0 0 0 0 0 0 0 0 34 0 0 0 0 0 0 0 0 0 0 0 0 0 0 0 0 0 0 0 0 0 94 0 
0 0 0 0 0 0 0 0 0 0 0 0 0 0 0 51 0 0 0 0 0 0 0 0 0 0 0 0 0 0 0 99 0 0 0 0 0 0 0 0 0 0 0 0 0 0 0 0 0 0 0 0 0 0 0 84 39 0 23 0 0 0 0 75 0 0 0 0 0 90 0 0 0 0 0 0 79 0 0 0 0 0 0 0 0 0 0 34 0 0 0 24 0 0 0 91 0 79 0 0 
0 0 0 0 0 13 0 0 0 0 77 0 0 28 0 0 0 0 0 0 0 0 0 0 0 0 0 0 0 0 0 0 0 0 0 0 0 55 0 0 0 2 0 0 0 0 0 0 0 0 0 0 44 0 0 0 0 0 0 0 0 0 0 0 0 0 0 0 0 0 0 0 0 0 0 0 0 0 0 0 0 0 0 0 0 0 0 0 70 0 66 0 0 0 0 55 85 0 0 0 
0 57 0 0 0 0 0 0 0 0 0 84 0 0 0 88 0 0 0 0 0 0 0 0 0 0 0 0 82 88 0 0 0 0 0 0 0 56 41 0 0 0 0 0 0 0 0 0 0 0 0 0 0 0 0 0 56 0 0 0 0 0 0 0 0 83 0 0 0 0 0 0 0 0 0 0 0 0 0 0 0 0 92 0 0 0 0 0 0 0 0 33 0 0 0 0 0 0 0 0 
0 11 0 0 73 0 94 0 0 0 0 0 0 0 0 0 0 0 0 0 0 0 0 0 0 0 0 0 0 0 0 0 0 0 0 0 0 0 0 0 0 0 0 0 0 0 0 0 0 0 95 0 0 46 0 0 0 0 0 0 0 0 0 0 0 0 0 0 0 0 0 0 0 90 0 0 0 0 0 0 0 0 0 30 0 0 0 0 0 0 0 0 0 0 0 0 0 0 0 67 
0 0 0 0 0 0 0 0 0 0 0 29 0 0 0 0 0 0 0 0 26 0 0 0 0 0 0 0 0 0 0 0 0 0 55 56 0 0 0 0 0 0 0 0 46 0 58 0 0 0 0 0 0 0 0 0 0 0 0 0 0 0 0 0 0 0 0 0 0 0 0 0 0 0 0 0 0 0 0 0 0 0 0 0 0 0 0 84 0 0 0 0 0 0 0 0 3 0 0 83 
0 0 0 0 0 0 0 0 0 5 0 0 0 0 0 0 0 0 0 0 0 16 0 0 0 0 0 0 0 0 0 0 0 0 0 41 0 0 0 0 0 0 0 0 0 0 0 0 0 0 0 0 0 0 0 0 0 0 0 0 0 0 0 0 0 0 0 16 0 0 0 0 0 94 0 0 0 0 0 0 13 69 0 12 0 0 0 0 0 0 0 0 0 0 0 43 0 0 0 0 
0 0 0 94 0 0 0 0 0 0 0 0 0 0 0 60 0 0 0 0 14 0 66 0 0 0 0 0 0 0 0 0 0 0 0 0 0 0 0 0 2 0 0 0 0 0 0 0 0 0 0 0 0 0 20 0 0 0 0 0 0 0 0 0 53 0 0 0 76 0 0 0 0 0 0 46 0 0 0 0 0 0 0 0 83 0 0 0 30 0 55 0 0 0 0 0 0 0 0 0 
0 0 0 88 0 0 0 0 0 0 0 0 0 0 0 0 0 0 0 29 28 0 0 0 0 0 0 0 12 0 0 0 0 0 0 0 0 0 0 2 0 0 61 0 0 0 0 79 72 0 0 0 0 0 0 11 0 0 0 0 0 0 0 0 0 23 0 0 0 0 0 0 0 0 0 0 0 0 0 0 0 0 0 0 0 0 0 0 0 0 0 0 0 0 0 89 0 0 7 0 
21 0 0 0 1 0 0 0 0 0 0 0 0 95 0 0 0 0 0 0 0 0 0 0 0 0 41 0 0 0 0 0 0 0 2 0 0 0 0 0 0 0 0 0 0 0 30 0 0 0 0 0 0 0 0 0 0 0 0 0 0 9 0 92 0 0 0 0 0 0 0 0 0 1 0 0 58 68 0 0 0 0 0 0 0 75 0 0 0 0 0 0 0 0 0 0 0 0 0 0 
0 0 0 0 0 0 0 0 0 0 0 0 0 0 0 0 0 0 0 0 0 0 0 17 0 0 0 0 0 0 0 0 0 0 0 0 0 0 0 0 61 0 0 0 21 0 0 1 0 84 0 0 0 0 0 17 0 0 0 11 0 97 0 0 0 0 0 0 0 0 0 37 0 0 0 0 0 0 0 0 0 21 0 0 0 76 0 0 0 0 0 0 45 0 0 0 0 0 0 0 
37 0 0 0 0 0 0 0 0 0 0 0 0 0 0 0 0 69 0 0 0 0 0 0 0 0 0 0 0 0 0 0 0 0 0 0 0 0 0 0 0 0 0 0 91 0 0 0 29 0 0 73 15 0 0 0 0 0 0 0 0 0 0 0 0 0 0 70 0 0 0 0 0 60 0 61 0 0 0 0 0 0 0 0 0 0 0 0 0 0 0 0 0 0 0 0 0 91 0 0 
0 0 0 0 0 0 0 0 6 0 0 0 0 73 0 0 0 0 0 0 0 0 0 0 0 0 0 0 0 0 0 0 0 0 0 0 0 46 0 0 0 0 21 91 0 0 66 15 0 0 0 0 0 0 65 0 0 0 0 0 0 0 37 0 0 0 0 0 0 0 0 94 0 0 0 0 0 0 86 0 0 8 0 0 0 0 0 3 0 0 36 0 0 0 0 0 0 0 0 0 
0 0 82 0 0 0 0 0 0 0 0 0 0 0 21 0 0 0 0 0 0 0 94 0 37 0 0 0 0 0 0 0 0 0 0 0 0 0 0 0 0 0 0 0 0 0 0 0 0 0 0 0 0 0 0 0 0 84 0 0 28 0 0 0 0 35 0 0 0 0 0 0 0 0 0 0 0 0 12 0 0 0 98 0 0 0 0 0 0 0 0 0 0 0 0 0 0 57 0 0 
0 0 0 0 0 0 0 0 0 13 0 48 77 0 0 0 7 0 0 0 0 0 0 0 0 0 0 0 0 0 0 0 0 0 0 0 0 58 0 0 0 30 0 0 66 0 0 0 10 64 0 0 0 0 0 0 0 40 0 0 63 0 0 0 0 0 0 100 0 0 0 0 0 0 0 78 0 88 0 0 0 0 0 0 0 0 0 0 0 0 0 0 0 0 0 0 49 0 0 0 
0 0 0 0 0 0 0 0 0 0 0 70 0 0 21 0 0 0 0 0 0 5 0 0 0 0 0 0 0 57 0 0 0 0 0 0 0 0 0 0 79 0 1 0 15 0 0 0 36 0 0 0 0 0 0 52 0 0 23 0 0 0 73 0 0 0 0 0 0 0 0 0 0 0 38 0 0 0 0 0 0 0 0 0 0 0 0 0 0 0 95 0 0 0 0 0 0 26 0 72 
0 0 0 0 0 0 0 0 77 0 0 0 0 0 0 0 0 0 0 0 0 52 0 0 0 0 0 0 0 0 0 0 0 0 0 0 0 0 0 0 72 0 0 29 0 0 10 36 0 0 0 0 0 0 0 50 0 0 0 0 0 0 0 0 0 0 0 13 0 0 0 0 0 0 0 0 46 0 0 0 0 0 0 0 0 0 0 0 0 0 0 0 0 0 0 0 0 0 0 0 
0 0 0 0 0 0 0 0 0 0 0 0 0 0 0 0 0 0 0 17 0 0 0 77 0 89 0 0 0 87 0 0 0 0 0 0 0 0 0 0 0 0 84 0 0 0 64 0 0 0 0 0 0 0 0 0 0 0 0 0 0 0 0 0 15 0 0 0 0 0 0 0 0 0 0 0 0 0 0 0 0 0 0 0 0 0 0 0 0 0 0 0 45 0 16 0 0 0 0 0 
0 0 0 0 0 0 0 0 0 0 0 0 0 0 0 0 0 0 0 0 0 0 0 47 0 0 0 0 0 0 0 0 0 0 0 0 95 0 0 0 0 0 0 0 0 0 0 0 0 0 0 0 0 0 0 0 0 0 0 0 3 47 33 0 0 0 0 0 0 0 0 0 0 0 0 0 0 0 0 0 0 0 0 0 0 0 0 0 0 1 0 0 0 0 0 0 0 0 0 0 
0 30 0 0 0 0 0 37 0 0 0 0 0 0 0 0 36 0 0 0 0 0 0 0 0 0 0 0 0 0 0 34 64 0 0 0 0 0 0 0 0 0 0 73 0 0 0 0 0 0 0 0 0 0 0 99 0 0 0 0 0 0 0 0 28 0 0 0 0 0 0 0 0 0 0 0 0 59 0 0 0 0 0 0 0 0 53 0 0 0 0 0 0 0 0 0 0 0 0 0 
0 0 0 0 0 0 0 0 0 0 0 79 0 0 0 0 0 0 0 0 0 0 0 0 87 0 0 0 0 0 0 0 0 0 44 0 0 0 0 0 0 0 0 15 0 0 0 0 0 0 0 0 0 0 0 0 0 0 78 0 0 0 0 0 0 0 0 0 0 0 0 0 0 48 0 0 0 0 0 0 75 0 0 0 0 0 0 0 0 44 0 0 6 0 47 0 0 0 49 30 
0 0 0 0 0 79 0 0 0 0 0 0 0 0 0 0 63 0 0 0 0 0 0 0 0 0 0 47 0 0 0 0 0 0 0 0 46 0 0 0 0 0 0 0 0 0 0 0 0 0 0 0 0 0 0 0 0 0 0 0 0 0 0 41 0 0 0 0 0 0 0 0 0 0 0 0 0 0 0 0 0 0 0 54 94 0 0 0 0 0 0 0 0 0 0 0 0 0 0 0 
0 0 0 0 0 0 53 0 36 0 0 0 0 0 0 0 0 0 0 75 0 0 0 0 9 0 0 0 0 0 3 0 0 0 0 0 0 0 0 20 0 0 0 0 65 0 0 0 0 0 0 0 0 0 0 0 0 0 0 0 0 0 0 0 0 0 0 0 0 0 0 0 84 0 0 0 0 0 0 0 0 0 0 0 0 0 0 0 89 0 0 0 0 0 0 0 0 0 0 0 
30 0 0 0 0 0 0 0 0 0 0 0 0 0 0 0 0 0 0 0 0 0 0 0 0 0 0 0 0 0 0 0 0 84 0 0 0 0 0 0 11 0 17 0 0 0 0 52 50 0 0 99 0 0 0 0 0 0 0 0 0 0 0 0 0 0 0 0 0 0 0 0 0 0 0 0 0 0 0 0 0 0 0 0 0 0 0 0 0 0 0 0 0 58 0 6 0 0 35 0 
0 0 0 0 0 0 0 0 0 0 0 0 0 0 0 0 0 0 0 0 0 0 84 0 0 0 0 0 0 0 0 0 0 39 0 56 0 0 0 0 0 0 0 0 0 0 0 0 0 0 0 0 0 0 0 0 0 0 37 0 0 0 0 0 0 0 0 0 0 11 47 0 0 0 0 90 0 0 0 0 0 0 0 0 0 0 0 0 0 0 0 0 0 0 0 0 0 0 0 0 
0 0 0 0 0 0 0 0 0 4 0 0 0 0 0 0 0 0 0 0 0 0 0 0 0 0 0 0 0 0 0 0 0 0 0 0 0 0 0 0 0 0 0 0 0 84 40 0 0 0 0 0 0 0 0 0 0 0 0 56 0 0 0 0 0 0 0 0 52 0 0 19 0 0 78 0 29 0 0 0 0 0 0 0 58 0 69 0 0 0 0 0 0 0 0 0 0 0 0 0 
0 70 0 0 0 0 0 46 0 0 82 0 0 0 0 0 0 0 0 0 0 0 0 67 0 0 0 0 0 0 0 0 82 23 0 0 0 0 0 0 0 0 0 0 0 0 0 23 0 0 0 0 78 0 0 0 37 0 0 0 96 0 0 0 0 0 0 31 0 0 0 0 0 0 0 0 0 0 0 55 0 0 0 0 81 0 0 0 0 0 0 0 1 0 0 0 0 0 0 87 
0 0 0 0 0 0 0 57 0 0 0 0 11 0 0 0 0 0 0 0 0 0 0 0 0 18 0 0 0 0 0 0 0 0 0 0 0 0 0 0 0 0 11 0 0 0 0 0 0 0 0 0 0 0 0 0 0 56 0 0 0 0 0 0 0 0 0 0 0 0 0 0 0 0 0 0 0 0 40 0 0 57 0 0 0 0 0 0 0 0 0 0 0 0 0 0 0 66 0 0 
0 0 0 0 67 0 0 54 0 0 0 0 0 0 0 0 0 0 0 0 35 0 0 0 0 0 0 0 0 0 0 0 0 0 0 0 0 0 0 0 0 0 0 0 0 28 63 0 0 0 3 0 0 0 0 0 0 0 96 0 0 0 0 0 0 0 0 0 0 0 0 0 68 0 0 0 24 0 0 0 0 0 0 0 0 0 0 0 0 0 0 0 0 0 0 0 0 0 75 0 
15 0 30 0 0 0 0 0 36 0 0 0 0 0 0 0 0 0 0 0 0 0 0 0 0 0 0 0 0 23 0 0 0 0 0 0 0 0 0 0 0 9 97 0 0 0 0 0 0 0 47 0 0 0 0 0 0 0 0 0 0 0 0 0 74 0 0 0 0 0 0 0 0 0 0 62 0 30 0 0 0 0 0 79 0 0 0 0 0 0 0 0 87 79 0 0 0 0 0 0 
0 34 0 0 0 0 0 0 0 0 0 0 0 76 0 0 0 0 76 63 0 0 0 0 0 0 0 0 0 0 0 0 0 0 0 0 0 0 0 0 0 0 0 0 37 0 0 73 0 0 33 0 0 0 0 0 0 0 0 0 0 0 0 0 0 0 0 0 0 0 0 0 0 0 0 0 69 72 0 0 0 0 0 0 0 0 0 0 0 0 0 0 0 0 0 0 0 18 0 0 
28 0 88 0 49 0 0 0 0 0 29 0 0 0 0 0 0 0 0 0 0 0 57 0 0 0 0 0 0 0 0 0 0 75 0 0 0 0 0 0 0 92 0 0 0 0 0 0 0 0 0 0 0 41 0 0 0 0 0 0 0 0 0 0 14 0 0 0 0 0 0 0 0 0 0 0 0 0 0 93 0 0 0 0 0 0 0 0 9 24 0 73 0 0 0 0 0 0 0 0 
0 0 0 0 0 0 0 0 0 0 0 0 15 0 0 0 0 0 0 0 0 0 21 0 0 0 0 0 0 0 0 0 0 0 0 0 0 0 0 53 0 0 0 0 0 0 0 0 0 15 0 28 0 0 0 0 0 0 0 0 0 74 0 14 0 0 0 0 0 0 0 0 0 0 0 0 0 0 0 0 0 0 0 0 0 0 0 0 0 53 0 0 6 0 0 0 0 0 0 86 
0 0 10 0 0 61 0 0 0 0 0 0 0 0 1 0 0 0 0 46 0 0 0 0 0 0 0 0 0 0 50 0 0 0 0 83 0 0 0 0 23 0 0 0 0 35 0 0 0 0 0 0 0 0 0 0 0 0 0 0 0 0 0 0 0 0 0 0 0 0 0 0 0 0 0 0 0 0 0 0 0 0 0 0 0 0 0 39 17 0 0 91 0 0 0 0 0 0 0 0 
0 0 27 0 0 33 41 0 0 0 0 0 0 88 0 0 0 0 0 0 0 0 0 0 21 0 0 74 0 0 0 0 0 0 0 0 0 0 0 0 0 0 0 0 0 0 0 0 0 0 0 0 0 0 0 0 0 0 0 0 0 0 0 0 0 0 0 0 0 0 0 0 0 0 0 0 14 0 0 0 0 0 74 0 12 49 0 0 0 0 0 0 0 0 0 0 0 0 78 0 
83 0 0 0 0 0 0 0 0 0 0 0 0 0 0 0 0 0 0 0 0 0 0 93 0 0 0 0 0 0 0 0 0 0 0 0 0 0 16 0 0 0 0 70 0 0 100 0 13 0 0 0 0 0 0 0 0 0 31 0 0 0 0 0 0 0 0 0 0 69 0 79 0 0 30 0 94 0 0 0 0 0 0 0 0 67 0 0 0 0 0 0 0 0 0 0 0 0 0 0 
0 0 0 0 0 0 0 0 0 0 15 0 0 0 43 0 0 0 0 0 21 0 0 0 0 0 72 0 0 0 0 0 0 0 0 0 0 0 0 76 0 0 0 0 0 0 0 0 0 0 0 0 0 0 0 0 0 52 0 0 0 0 0 0 0 0 0 0 0 0 0 0 0 0 0 0 0 0 0 0 0 0 57 0 0 0 0 0 0 0 0 0 0 0 21 0 0 0 0 5 
0 0 18 0 0 0 0 0 45 0 0 0 0 0 0 0 15 0 0 0 0 0 0 0 0 0 0 0 0 0 0 0 0 90 0 0 0 0 0 0 0 0 0 0 0 0 0 0 0 0 0 0 0 0 0 0 11 0 0 0 0 0 0 0 0 0 0 69 0 0 0 0 0 0 0 0 0 0 0 0 23 0 0 0 0 0 0 0 0 0 0 0 0 0 0 0 63 0 0 2 
0 0 0 0 0 0 0 0 0 0 0 0 43 0 0 0 0 93 0 0 0 0 0 0 0 0 0 0 68 0 0 0 0 0 0 0 0 0 0 0 0 0 0 0 0 0 0 0 0 0 0 0 0 0 0 0 47 0 0 0 0 0 0 0 0 0 0 0 0 0 0 0 0 0 0 12 0 0 0 0 0 100 0 0 0 0 0 0 0 0 0 0 40 0 0 0 0 0 0 0 
0 0 0 0 0 0 0 0 0 0 0 0 0 0 0 0 0 0 0 0 0 0 0 0 0 56 0 0 0 92 0 0 0 0 0 0 0 0 0 0 0 0 37 0 94 0 0 0 0 0 0 0 0 0 0 0 0 19 0 0 0 0 0 0 0 0 0 79 0 0 0 0 0 0 0 0 0 0 0 0 0 0 0 0 0 0 0 0 0 0 0 0 4 0 0 0 0 0 0 0 
0 0 0 0 0 0 0 0 0 0 27 0 0 0 0 0 0 0 2 0 0 65 2 0 0 0 0 0 0 0 0 0 0 0 0 0 0 0 0 0 0 0 0 0 0 0 0 0 0 0 0 0 0 0 84 0 0 0 0 0 68 0 0 0 0 0 0 0 0 0 0 0 0 0 0 0 0 0 0 0 0 48 0 0 0 0 0 0 75 0 60 8 0 0 0 0 69 0 0 0 
0 0 0 0 0 0 0 0 58 0 0 0 0 0 0 0 99 96 0 0 0 0 0 0 0 0 0 0 0 0 0 0 0 0 0 0 90 0 94 0 0 1 0 60 0 0 0 0 0 0 0 0 48 0 0 0 0 0 0 0 0 0 0 0 0 0 0 0 0 0 0 0 0 0 0 0 0 0 0 0 0 0 0 0 0 0 0 0 0 0 0 0 0 0 0 0 0 0 0 3 
0 0 77 0 69 0 0 0 0 0 0 0 0 0 0 0 0 0 0 52 0 0 0 0 0 65 0 0 56 0 0 0 0 0 0 0 0 0 0 0 0 0 0 0 0 0 0 38 0 0 0 0 0 0 0 0 0 78 0 0 0 0 0 0 0 0 0 30 0 0 0 0 0 0 0 0 0 0 0 0 0 0 0 0 0 0 0 0 69 0 0 0 0 0 0 0 0 0 0 0 
0 0 0 0 0 0 0 0 0 0 0 0 0 0 0 0 0 0 0 0 96 0 0 0 0 0 0 0 0 0 0 66 0 0 0 0 0 0 0 46 0 0 0 61 0 0 78 0 0 0 0 0 0 0 0 0 90 0 0 0 0 62 0 0 0 0 0 0 0 0 12 0 0 0 0 0 10 0 0 0 0 0 0 0 0 67 0 0 0 0 0 0 0 0 0 0 0 0 0 0 
0 68 0 0 0 0 13 0 0 0 0 0 0 0 0 0 0 0 0 0 0 0 0 0 0 0 20 0 0 0 0 0 34 79 0 0 0 0 0 0 0 58 0 0 0 0 0 0 46 0 0 0 0 0 0 0 0 29 0 0 24 0 69 0 0 0 14 94 0 0 0 0 0 0 0 10 0 0 0 0 0 0 0 0 0 0 0 3 0 0 0 0 0 0 82 0 0 0 0 0 
0 0 0 0 91 0 0 30 0 0 0 0 0 0 0 0 0 0 92 0 0 0 0 0 0 0 0 0 78 0 0 0 0 0 0 0 0 0 0 0 0 68 0 0 0 0 88 0 0 0 0 59 0 0 0 0 0 0 0 0 0 30 72 0 0 0 0 0 0 0 0 0 0 0 0 0 0 0 0 0 0 0 0 0 0 0 0 0 0 0 0 74 0 0 0 0 0 0 0 49 
0 0 0 0 0 0 0 0 0 0 0 0 0 0 0 0 67 0 0 0 0 0 0 42 0 0 88 74 0 0 0 71 0 0 0 0 0 0 0 0 0 0 0 0 86 12 0 0 0 0 0 0 0 0 0 0 0 0 0 40 0 0 0 0 0 0 0 0 0 0 0 0 0 0 0 0 0 0 0 0 0 0 0 0 0 67 0 0 0 0 54 0 0 0 0 78 0 92 0 0 
0 0 0 0 0 0 0 0 0 0 0 0 0 65 0 69 0 0 14 0 15 0 0 0 0 46 0 0 0 0 0 0 0 0 0 0 0 0 0 0 0 0 0 0 0 0 0 0 0 0 0 0 0 0 0 0 0 0 55 0 0 0 0 93 0 0 0 0 0 0 0 0 0 0 0 0 0 0 0 0 0 0 0 0 0 0 0 0 0 0 0 0 0 0 0 46 0 40 50 0 
0 0 0 0 0 0 16 92 43 0 0 0 0 0 28 0 0 0 0 0 0 0 0 0 0 0 0 0 0 0 0 0 0 0 0 0 0 0 13 0 0 0 0 0 0 0 0 0 0 0 0 0 75 0 0 0 0 0 0 0 0 0 0 0 0 0 0 0 0 23 0 0 0 0 0 0 0 0 0 0 0 0 0 0 0 0 0 0 0 0 0 0 0 0 0 0 0 0 0 0 
48 17 0 0 0 0 0 97 32 0 0 0 0 0 0 0 0 0 0 0 0 0 0 11 0 48 0 0 0 77 16 0 0 0 0 0 0 0 69 0 0 0 21 0 8 0 0 0 0 0 0 0 0 0 0 0 0 0 0 57 0 0 0 0 0 0 0 0 0 0 100 0 48 0 0 0 0 0 0 0 0 0 0 0 0 0 0 0 0 79 0 0 0 0 0 0 0 0 0 0 
0 0 0 0 0 0 0 0 0 52 0 0 0 0 0 0 0 0 0 0 0 0 0 0 0 0 80 0 4 74 0 0 0 0 0 92 0 0 0 0 0 0 0 0 0 98 0 0 0 0 0 0 0 0 0 0 0 0 0 0 0 0 0 0 0 0 74 0 57 0 0 0 0 0 0 0 0 0 0 0 0 0 0 0 0 0 0 0 0 0 0 0 0 0 0 0 0 0 0 0 
0 0 0 0 0 0 0 0 0 0 0 0 0 0 0 0 0 0 0 14 0 0 0 0 0 0 0 0 0 0 0 0 0 0 0 0 30 0 12 0 0 0 0 0 0 0 0 0 0 0 0 0 0 54 0 0 0 0 0 0 0 79 0 0 0 0 0 0 0 0 0 0 0 0 0 0 0 0 0 0 0 0 0 0 0 0 0 0 0 0 79 0 0 0 0 0 1 0 0 0 
0 0 0 0 0 0 0 95 0 0 0 0 0 0 0 0 0 0 0 0 0 0 16 0 0 0 0 0 0 0 69 0 0 0 0 0 0 0 0 83 0 0 0 0 0 0 0 0 0 0 0 0 0 94 0 0 0 58 81 0 0 0 0 0 0 0 12 0 0 0 0 0 0 0 0 0 0 0 0 0 0 0 0 0 0 0 0 0 74 0 0 0 0 0 0 0 0 0 0 52 
0 0 0 0 0 0 0 0 80 97 0 0 0 0 0 0 0 0 0 0 0 0 0 0 0 0 0 0 0 0 0 0 0 0 0 0 0 0 0 0 0 75 76 0 0 0 0 0 0 0 0 0 0 0 0 0 0 0 0 0 0 0 0 0 0 0 49 67 0 0 0 0 0 0 0 67 0 0 67 0 0 0 0 0 0 0 0 0 17 0 4 0 0 0 0 76 0 0 0 0 
0 0 0 0 0 0 20 0 0 0 0 0 0 0 0 0 0 0 0 0 0 0 0 0 0 7 0 0 0 0 0 0 0 0 0 0 0 0 0 0 0 0 0 0 0 0 0 0 0 0 0 53 0 0 0 0 0 69 0 0 0 0 0 0 0 0 0 0 0 0 0 0 0 0 0 0 0 0 0 0 0 0 0 0 0 0 0 0 0 0 69 0 7 0 0 0 0 0 0 0 
0 0 0 0 0 0 98 0 0 0 0 0 0 48 34 0 0 28 0 0 0 0 0 0 0 0 0 0 0 0 0 0 0 34 0 0 0 84 0 0 0 0 0 0 3 0 0 0 0 0 0 0 0 0 0 0 0 0 0 0 0 0 0 0 0 39 0 0 0 0 0 0 0 0 0 0 3 0 0 0 0 0 0 0 0 0 0 0 0 0 0 15 0 0 0 0 0 99 0 0 
0 0 46 0 0 0 0 0 0 0 0 54 0 0 0 0 0 0 0 0 31 0 0 0 0 0 0 0 0 70 0 0 0 0 70 0 0 0 0 30 0 0 0 0 0 0 0 0 0 0 0 0 0 0 89 0 0 0 0 0 0 0 0 9 0 17 0 0 0 0 0 0 75 0 69 0 0 0 0 0 0 0 0 0 74 17 0 0 0 0 0 0 0 0 0 0 0 0 0 0 
0 0 0 0 0 0 0 0 42 0 0 0 0 0 0 0 0 0 0 0 68 0 0 69 0 0 0 49 0 0 77 0 0 0 0 0 0 0 0 0 0 0 0 0 0 0 0 0 0 0 1 0 44 0 0 0 0 0 0 0 0 0 0 24 53 0 0 0 0 0 0 0 0 0 0 0 0 0 0 0 0 79 0 0 0 0 0 0 0 0 0 0 0 77 0 0 0 0 0 0 
0 0 85 42 0 0 0 0 0 0 0 0 0 0 49 0 0 0 0 0 0 0 0 0 0 0 0 0 0 0 0 0 0 0 66 0 0 0 0 55 0 0 0 0 36 0 0 95 0 0 0 0 0 0 0 0 0 0 0 0 0 0 0 0 0 0 0 0 0 0 0 0 60 0 0 0 0 0 54 0 0 0 0 79 0 4 69 0 0 0 0 0 0 16 0 0 0 0 0 0 
0 0 0 0 0 0 68 0 0 0 0 0 0 20 0 0 0 0 93 0 0 0 0 87 0 0 0 0 0 0 0 0 0 24 0 33 0 0 0 0 0 0 0 0 0 0 0 0 0 0 0 0 0 0 0 0 0 0 0 0 0 0 0 73 0 91 0 0 0 0 0 0 8 0 0 0 0 74 0 0 0 0 0 0 0 0 0 15 0 0 0 0 0 22 0 0 0 0 0 0 
0 0 27 0 0 0 0 0 0 0 0 0 0 0 0 58 0 0 99 0 0 0 0 0 0 0 0 53 0 0 0 94 0 0 0 0 0 0 0 0 0 0 45 0 0 0 0 0 0 45 0 0 6 0 0 0 0 0 1 0 0 87 0 0 6 0 0 0 0 0 40 4 0 0 0 0 0 0 0 0 0 0 0 0 0 0 7 0 0 0 0 0 0 0 0 0 29 0 0 0 
0 0 30 31 0 0 39 0 92 92 0 0 0 0 0 0 0 0 0 0 0 0 0 62 0 0 0 0 0 0 0 0 0 0 0 0 0 0 0 0 0 0 0 0 0 0 0 0 0 0 0 0 0 0 0 58 0 0 0 0 0 79 0 0 0 0 0 0 0 0 0 0 0 0 0 0 0 0 0 0 0 0 0 0 0 0 0 0 0 77 16 22 0 0 0 0 0 24 12 0 
0 0 0 0 0 0 0 0 0 0 0 0 16 0 0 93 0 0 0 0 0 80 0 0 0 0 0 0 0 0 0 0 0 0 0 0 0 0 0 0 0 0 0 0 0 0 0 0 0 16 0 0 47 0 0 0 0 0 0 0 0 0 0 0 0 0 0 0 21 0 0 0 0 0 0 0 82 0 0 0 0 0 0 0 0 0 0 0 0 0 0 0 0 0 0 0 0 0 0 0 
0 0 0 0 0 0 0 0 0 0 0 0 0 0 0 0 0 0 35 0 0 0 0 0 0 0 0 0 0 0 0 0 0 91 55 0 0 0 43 0 89 0 0 0 0 0 0 0 0 0 0 0 0 0 0 6 0 0 0 0 0 0 0 0 0 0 0 0 0 0 0 0 0 0 0 0 0 0 78 46 0 0 0 0 0 76 0 0 0 0 0 0 0 0 0 0 0 0 0 0 
0 0 0 0 0 0 0 0 0 0 0 0 0 0 0 0 0 0 0 0 0 0 0 0 88 0 0 0 0 0 0 0 0 0 85 0 0 3 0 0 0 0 0 0 0 0 49 0 0 0 0 0 0 0 0 0 0 0 0 0 0 0 0 0 0 0 0 0 0 63 0 0 69 0 0 0 0 0 0 0 0 0 0 1 0 0 0 0 0 0 0 0 29 0 0 0 0 0 0 0 
0 0 0 9 0 0 0 0 0 0 0 0 0 0 0 19 0 0 0 0 0 0 0 0 0 0 0 0 0 0 0 0 0 79 0 0 0 0 0 0 0 0 0 91 0 57 0 26 0 0 0 0 0 0 0 0 0 0 0 66 0 0 18 0 0 0 0 0 0 0 0 0 0 0 0 0 0 0 92 40 0 0 0 0 0 0 0 99 0 0 0 0 0 24 0 0 0 0 0 0 
0 0 0 0 0 98 0 0 0 0 0 0 0 0 0 56 0 0 0 0 3 44 0 0 0 0 0 0 21 0 43 0 94 0 0 0 0 0 0 0 7 0 0 0 0 0 0 0 0 0 0 0 49 0 0 35 0 0 0 0 75 0 0 0 0 0 78 0 0 0 0 0 0 0 0 0 0 0 0 50 0 0 0 0 0 0 0 0 0 0 0 0 0 12 0 0 0 0 0 42 
0 0 0 0 0 0 52 0 0 57 0 0 0 0 0 0 0 0 0 0 0 0 0 0 0 0 0 0 0 0 0 0 0 0 0 0 67 83 0 0 0 0 0 0 0 0 0 72 0 0 0 0 30 0 0 0 0 0 87 0 0 0 0 0 86 0 0 0 5 2 0 0 0 3 0 0 0 49 0 0 0 0 0 0 52 0 0 0 0 0 0 0 0 0 0 0 0 0 42 0 
