0 0 0 0 0 0 0 0 0 1 0 0 0 43 0 0 47 0 0 0 0 0 0 0 0 0 77 0 0 0 11 0 0 0 0 0 0 0 0 0 0 0 0 0 0 0 0 0 42 0 0 0 0 0 0 28 0 0 0 0 0 0 0 0 69 67 0 0 0 0 11 0 0 14 0 0 0 0 0 0 0 0 0 0 0 0 0 22 0 83 0 0 0 0 39 0 0 0 0 0 
0 0 0 0 73 0 0 0 0 0 0 0 0 0 0 0 0 0 0 93 0 31 3 0 0 0 0 0 0 23 0 0 0 0 72 0 0 95 0 12 0 0 0 0 0 0 0 0 0 0 0 0 0 0 0 0 0 0 0 0 0 35 0 0 0 81 2 0 0 0 0 0 48 0 100 0 0 0 0 0 0 0 0 28 0 0 0 0 0 0 0 0 0 54 0 0 0 0 0 0 
0 0 0 0 0 0 0 0 0 0 0 0 31 0 0 0 0 0 0 0 0 0 43 0 91 0 0 0 0 0 0 0 0 0 0 0 21 0 0 0 0 0 0 0 0 0 0 0 0 0 75 0 95 0 0 0 0 0 0 13 0 0 0 87 47 0 0 0 0 37 96 0 0 0 0 60 0 0 0 0 0 0 0 62 0 0 0 0 0 0 0 0 0 70 0 0 0 71 0 0 
0 0 0 0 0 0 0 0 0 60 0 0 0 25 0 0 0 0 81 0 0 12 0 0 0 0 0 0 81 0 0 0 10 89 0 0 4 0 0 0 0 0 0 46 0 0 0 19 0 0 0 0 0 68 0 0 0 0 0 0 0 0 0 58 0 0 0 0 0 0 0 0 0 0 0 0 0 47 34 0 0 0 0 0 0 97 0 0 0 0 0 0 0 0 0 0 0 0 0 0 
0 73 0 0 0 0 0 0 0 0 0 0 0 0 0 0 0 67 0 0 0 0 0 100 0 0 0 0 0 0 0 0 0 0 17 0 93 0 0 0 0 65 0 0 0 0 0 0 0 0 0 93 0 0 0 68 0 0 0 0 0 0 0 0 0 0 0 0 0 0 0 93 0 0 0 0 0 0 36 0 0 90 0 0 91 0 0 82 0 0 0 0 0 0 0 0 80 0 0 31 
0 0 0 0 0 0 0 0 0 0 0 0 29 0 0 57 0 0 0 0 0 44 0 0 0 0 0 0 0 0 0 0 0 0 0 0 0 9 0 0 0 0 0 0 0 5 0 0 0 0 0 0 0 0 0 0 0 0 0 0 0 0 0 0 0 0 0 0 41 0 0 0 0 0 0 0 0 0 0 0 88 0 0 84 0 50 0 10 23 0 0 0 0 0 90 0 0 0 0 0 
0 0 0 0 0 0 0 0 0 0 0 0 0 0 0 0 0 0 0 0 85 0 100 0 0 0 0 0 0 0 0 0 0 94 0 0 0 0 0 0 24 0 0 0 0 0 15 0 68 4 0 0 0 0 0 0 64 88 0 0 51 0 0 0 0 0 0 0 0 4 12 0 0 7 0 0 0 37 0 0 0 0 0 0 0 0 0 0 0 0 0 0 0 0 0 0 0 0 91 0 
0 0 0 0 0 0 0 0 0 0 0 1 0 75 0 0 44 0 0 0 0 0 0 0 0 0 2 0 0 0 0 0 0 0 0 12 0 0 11 0 0 0 0 0 0 0 19 0 0 0 0 0 36 0 0 0 0 0 0 0 0 0 0 0 0 0 0 0 0 0 0 0 0 0 0 0 0 82 6 0 17 0 59 0 0 0 77 0 63 49 0 0 0 0 0 0 0 0 0 0 
0 0 0 0 0 0 0 0 0 0 0 0 0 0 0 0 0 0 0 0 0 0 0 0 0 0 0 0 0 0 0 75 0 0 0 82 12 0 90 0 0 0 0 0 0 0 0 0 0 0 92 47 0 0 0 0 0 0 0 0 0 0 0 57 63 0 21 0 0 0 0 0 0 79 0 0 0 0 0 0 0 0 0 54 0 0 0 0 0 0 0 0 0 0 0 0 0 0 0 0 
1 0 0 60 0 0 0 0 0 0 0 0 0 0 0 0 0 3 26 0 0 0 5 0 0 0 0 0 0 0 0 0 0 40 0 6 0 0 0 0 0 0 30 0 0 0 0 0 0 0 0 98 100 0 0 0 0 5 0 0 0 0 0 0 0 0 0 36 0 0 0 0 0 0 0 0 0 73 0 0 0 0 0 0 0 0 0 0 0 0 0 0 32 0 0 0 77 0 0 0 
0 0 0 0 0 0 0 0 0 0 0 0 0 0 0 0 82 52 0 0 0 0 0 0 49 0 0 0 63 91 0 0 0 0 26 0 0 0 0 0 45 45 0 0 0 0 0 0 0 0 77 0 0 0 0 0 0 0 0 0 0 0 44 0 0 0 0 0 0 0 26 0 1 0 0 50 0 21 0 11 0 0 0 0 0 0 0 0 0 0 0 0 0 0 0 0 0 0 0 0 
0 0 0 0 0 0 0 1 0 0 0 0 85 0 23 0 54 0 0 0 0 0 0 0 0 48 0 0 0 0 31 0 0 0 0 39 0 0 0 0 0 0 0 0 0 0 0 0 0 0 0 0 0 0 0 0 4 0 0 83 0 0 0 0 0 0 0 0 87 0 0 78 98 0 0 0 68 0 0 0 0 0 0 0 82 0 0 25 0 0 0 0 0 0 0 0 0 0 0 0 
0 0 31 0 0 29 0 0 0 0 0 85 0 0 33 0 0 0 0 2 0 0 0 0 0 0 0 0 0 0 0 0 0 15 0 0 26 0 0 0 0 0 0 0 0 0 55 0 0 0 0 62 0 29 0 0 0 0 35 4 91 0 0 0 0 0 0 0 56 0 0 0 0 0 0 0 0 0 0 0 0 0 0 0 0 0 0 0 0 0 0 0 0 0 0 0 0 90 0 0 
43 0 0 25 0 0 0 75 0 0 0 0 0 0 31 0 0 0 0 0 0 0 0 0 0 0 0 0 0 0 0 0 0 0 0 0 0 0 0 0 1 93 62 0 0 0 0 0 0 0 0 0 16 0 0 0 0 0 0 0 0 0 22 0 0 0 0 0 0 0 0 0 0 0 18 0 0 0 0 0 40 0 0 0 16 0 0 0 26 0 0 0 0 0 0 0 0 0 0 0 
0 0 0 0 0 0 0 0 0 0 0 23 33 31 0 0 0 0 0 0 0 0 0 42 0 0 0 0 0 0 0 0 0 0 0 0 0 0 0 0 0 0 0 0 0 62 0 0 0 0 0 0 63 0 0 0 0 0 0 0 43 0 20 0 0 0 0 0 0 0 41 0 5 0 0 0 63 0 0 0 0 0 0 69 0 0 0 0 0 61 0 0 0 0 0 0 0 75 0 0 
0 0 0 0 0 57 0 0 0 0 0 0 0 0 0 0 0 0 0 0 35 0 0 0 0 0 0 0 0 5 0 0 18 0 0 0 0 20 0 0 0 57 0 0 0 0 0 0 0 90 0 0 0 0 0 0 0 0 0 0 0 0 0 0 0 26 0 0 0 0 0 0 0 0 0 0 0 0 0 63 0 0 0 0 0 0 38 22 0 0 0 0 0 0 0 0 0 0 0 0 
47 0 0 0 0 0 0 44 0 0 82 54 0 0 0 0 0 0 0 0 0 0 0 0 0 0 0 0 0 0 0 0 67 0 0 0 0 0 0 0 0 0 0 0 0 0 0 0 0 0 0 0 0 0 0 0 0 0 0 1 0 0 0 0 0 0 0 0 0 0 0 0 0 0 0 0 31 0 0 0 0 79 79 27 0 0 0 0 0 0 0 0 0 0 0 72 0 0 21 0 
0 0 0 0 67 0 0 0 0 3 52 0 0 0 0 0 0 0 75 71 0 22 0 0 0 0 0 0 0 0 39 0 0 0 0 0 0 0 0 0 0 0 0 61 0 0 0 0 0 0 0 0 0 0 0 0 70 0 0 0 0 0 56 57 0 0 0 0 0 0 0 0 0 21 0 0 0 0 0 0 0 0 0 10 0 0 0 0 0 0 0 0 92 0 6 0 0 0 0 0 
0 0 0 81 0 0 0 0 0 26 0 0 0 0 0 0 0 75 0 0 80 0 0 0 0 0 0 0 0 3 99 0 0 0 0 0 0 34 38 0 0 0 0 0 0 0 0 0 0 0 0 0 0 0 36 0 0 0 71 0 0 0 0 0 0 0 89 0 0 0 0 0 0 0 0 0 0 0 0 0 0 0 0 80 0 0 0 0 0 0 0 32 0 0 0 0 0 0 0 0 
0 93 0 0 0 0 0 0 0 0 0 0 2 0 0 0 0 71 0 0 0 0 44 0 0 0 34 0 0 0 0 0 0 80 0 0 0 0 0 0 0 0 0 0 0 67 0 0 0 0 0 0 0 0 0 0 0 0 0 0 99 0 0 0 0 0 0 55 0 0 0 0 0 0 0 19 0 0 77 56 0 0 0 0 0 89 0 0 0 27 0 0 0 0 0 0 0 0 0 32 
0 0 0 0 0 0 85 0 0 0 0 0 0 0 0 35 0 0 80 0 0 0 0 0 0 85 0 43 29 0 59 0 0 0 0 0 0 0 0 0 0 0 31 0 0 0 0 0 84 8 0 0 0 0 0 0 0 0 0 0 43 0 0 0 0 0 0 0 0 0 0 0 0 0 0 0 0 0 0 0 0 0 0 0 1 0 0 27 32 0 0 0 0 0 0 0 0 0 0 0 
0 31 0 12 0 44 0 0 0 0 0 0 0 0 0 0 0 22 0 0 0 0 0 0 56 0 0 0 13 68 32 0 51 0 76 0 0 0 0 0 0 0 0 0 0 0 0 0 0 0 0 0 0 0 0 0 0 0 0 0 0 0 0 0 0 0 0 0 0 0 0 0 0 0 0 0 0 0 0 0 0 0 0 0 0 0 0 62 0 0 0 0 0 47 0 0 0 0 0 0 
0 3 43 0 0 0 100 0 0 5 0 0 0 0 0 0 0 0 0 44 0 0 0 0 0 0 0 0 0 0 0 69 0 0 0 0 0 0 0 0 4 0 0 0 0 0 0 0 0 0 0 0 0 0 0 0 0 0 0 79 0 0 82 0 0 0 92 0 0 82 94 0 0 0 0 0 0 0 0 0 0 0 30 0 0 0 0 0 0 0 0 0 0 0 0 0 12 0 61 0 
0 0 0 0 100 0 0 0 0 0 0 0 0 0 42 0 0 0 0 0 0 0 0 0 11 0 0 0 0 0 0 0 0 0 0 9 0 0 0 0 0 0 0 0 49 0 21 13 0 0 0 65 0 0 0 0 0 0 0 0 0 0 57 0 0 0 5 0 0 0 0 0 0 0 0 0 0 0 0 0 0 0 0 0 0 0 0 0 0 0 0 95 0 0 0 0 36 0 0 0 
0 0 91 0 0 0 0 0 0 0 49 0 0 0 0 0 0 0 0 0 0 56 0 11 0 0 0 44 0 0 0 36 0 0 0 0 0 0 0 37 73 0 0 0 0 0 0 0 76 0 0 0 49 0 0 0 0 0 61 0 0 0 0 0 0 0 0 0 0 0 0 0 0 0 0 0 0 54 0 0 0 0 0 0 8 0 0 0 0 0 48 0 0 19 0 0 0 0 0 0 
0 0 0 0 0 0 0 0 0 0 0 48 0 0 0 0 0 0 0 0 85 0 0 0 0 0 0 0 0 0 0 0 0 0 0 0 0 0 0 0 0 0 0 0 0 0 0 0 0 0 0 0 0 51 32 0 0 0 0 0 74 0 0 0 0 0 0 0 0 0 0 0 0 0 0 0 0 0 0 0 0 76 0 0 0 0 0 84 0 0 0 0 67 0 0 54 0 0 0 11 
77 0 0 0 0 0 0 2 0 0 0 0 0 0 0 0 0 0 0 34 0 0 0 0 0 0 0 0 0 0 0 0 0 0 29 0 0 0 0 0 0 0 0 0 0 0 0 0 0 0 0 0 0 0 0 0 0 0 0 76 0 0 0 0 0 31 0 99 0 0 0 0 0 0 0 0 0 47 0 0 0 0 0 96 0 0 0 0 0 0 0 0 0 0 0 0 0 0 0 0 
0 0 0 0 0 0 0 0 0 0 0 0 0 0 0 0 0 0 0 0 43 0 0 0 44 0 0 0 0 52 40 0 84 0 0 0 0 0 0 74 0 0 0 18 0 0 12 0 0 0 0 0 0 0 0 0 0 0 0 0 0 34 0 88 0 0 0 0 0 0 67 0 0 0 0 0 0 49 0 0 0 0 0 0 0 21 0 0 0 0 0 0 0 52 0 0 0 0 0 0 
0 0 0 81 0 0 0 0 0 0 63 0 0 0 0 0 0 0 0 0 29 13 0 0 0 0 0 0 0 0 0 0 0 0 0 0 0 51 0 0 79 0 0 0 0 0 0 0 0 0 65 0 0 0 0 0 0 0 0 0 0 0 0 0 35 0 0 0 0 0 0 0 0 0 0 0 0 0 0 0 0 0 14 0 0 0 0 0 0 0 0 0 12 0 0 0 0 0 0 0 
0 23 0 0 0 0 0 0 0 0 91 0 0 0 0 5 0 0 3 0 0 68 0 0 0 0 0 52 0 0 0 0 0 0 0 0 0 0 0 0 0 0 46 0 0 0 32 0 0 0 0 0 0 26 52 91 0 0 0 0 35 0 0 0 0 0 0 0 0 0 0 0 0 0 0 0 0 0 0 0 18 0 0 0 0 0 0 0 0 0 0 0 0 0 0 0 0 0 0 99 
11 0 0 0 0 0 0 0 0 0 0 31 0 0 0 0 0 39 99 0 59 32 0 0 0 0 0 40 0 0 0 0 0 0 0 42 0 0 0 0 0 0 0 0 0 0 0 0 0 0 0 0 0 0 0 0 0 0 0 0 0 0 0 0 0 0 0 0 0 0 0 0 0 84 0 0 0 0 79 0 0 0 0 0 0 0 0 0 0 0 0 33 0 0 91 0 99 61 0 0 
0 0 0 0 0 0 0 0 75 0 0 0 0 0 0 0 0 0 0 0 0 0 69 0 36 0 0 0 0 0 0 0 0 0 0 0 0 18 0 0 0 0 5 46 0 81 0 30 20 0 33 0 0 0 0 93 0 0 0 0 0 0 0 0 0 0 0 0 0 0 0 0 0 0 0 0 72 0 0 0 0 0 0 0 0 0 0 31 0 0 0 62 0 0 0 0 62 0 0 0 
0 0 0 10 0 0 0 0 0 0 0 0 0 0 0 18 67 0 0 0 0 51 0 0 0 0 0 84 0 0 0 0 0 0 0 30 0 23 90 0 0 33 0 0 0 0 0 0 0 0 0 0 0 46 0 0 0 0 0 0 0 0 0 0 0 0 0 0 75 90 0 0 0 0 0 0 0 26 0 0 35 0 0 0 0 0 0 0 0 0 0 0 0 0 0 0 0 0 55 0 
0 0 0 89 0 0 94 0 0 40 0 0 15 0 0 0 0 0 0 80 0 0 0 0 0 0 0 0 0 0 0 0 0 0 0 0 0 0 0 0 0 9 0 0 68 0 0 0 0 0 0 0 0 0 0 0 87 0 0 30 0 0 0 75 0 0 0 0 0 0 0 0 0 0 0 49 0 0 11 0 0 0 8 0 0 0 0 0 0 0 29 0 0 0 0 0 0 0 91 0 
0 72 0 0 17 0 0 0 0 0 26 0 0 0 0 0 0 0 0 0 0 76 0 0 0 0 29 0 0 0 0 0 0 0 0 0 0 0 0 0 28 0 56 0 88 0 0 0 62 0 0 0 87 0 0 0 0 0 0 0 0 0 0 0 0 0 0 0 0 0 43 0 0 0 0 0 0 0 0 0 0 0 0 0 0 0 0 0 0 0 0 0 0 0 0 46 97 0 0 0 
0 0 0 0 0 0 0 12 82 6 0 39 0 0 0 0 0 0 0 0 0 0 0 9 0 0 0 0 0 0 42 0 30 0 0 0 0 0 0 22 0 0 15 0 0 0 0 0 0 0 0 0 0 30 36 0 0 0 0 67 56 0 0 0 0 0 0 0 0 43 0 0 0 0 0 0 0 0 0 0 0 0 0 0 0 0 0 0 0 0 0 0 0 0 0 0 0 0 66 0 
0 0 21 4 93 0 0 0 12 0 0 0 26 0 0 0 0 0 0 0 0 0 0 0 0 0 0 0 0 0 0 0 0 0 0 0 0 0 0 0 0 0 21 0 0 0 0 0 0 0 0 28 0 0 0 0 87 0 0 0 0 0 0 0 28 0 0 0 49 0 0 0 0 0 0 72 0 0 0 0 0 0 0 0 0 0 0 0 16 0 0 0 0 0 0 0 0 0 0 0 
0 95 0 0 0 9 0 0 0 0 0 0 0 0 0 20 0 0 34 0 0 0 0 0 0 0 0 0 51 0 0 18 23 0 0 0 0 0 0 0 0 0 0 0 0 0 41 0 0 0 0 0 0 0 0 0 0 0 0 0 0 95 0 0 0 0 0 66 0 0 0 0 20 0 0 0 0 0 0 0 0 0 0 0 0 0 0 0 0 0 0 21 0 80 0 0 0 0 0 0 
0 0 0 0 0 0 0 11 90 0 0 0 0 0 0 0 0 0 38 0 0 0 0 0 0 0 0 0 0 0 0 0 90 0 0 0 0 0 0 0 0 0 0 0 0 0 83 19 0 0 0 0 0 91 0 0 0 0 0 0 0 0 0 0 0 9 0 0 48 0 0 0 0 46 0 0 0 27 0 43 0 0 0 0 0 0 42 0 0 0 0 0 0 0 0 0 0 0 0 0 
0 12 0 0 0 0 0 0 0 0 0 0 0 0 0 0 0 0 0 0 0 0 0 0 37 0 0 74 0 0 0 0 0 0 0 22 0 0 0 0 0 0 0 0 55 0 0 0 0 0 0 0 66 0 0 0 0 0 0 31 0 0 0 0 0 0 66 0 0 24 0 0 0 0 0 0 0 0 0 0 0 74 0 0 0 0 17 0 0 0 0 29 0 54 0 0 0 0 11 98 
0 0 0 0 0 0 24 0 0 0 45 0 0 1 0 0 0 0 0 0 0 0 4 0 73 0 0 0 79 0 0 0 0 0 28 0 0 0 0 0 0 61 0 0 0 0 0 0 0 0 0 0 0 0 0 65 0 0 0 0 0 0 61 0 0 43 0 0 0 0 0 0 0 0 0 0 0 0 0 0 50 0 7 0 0 0 0 0 0 0 0 0 0 0 0 0 40 0 0 96 
0 0 0 0 65 0 0 0 0 0 45 0 0 93 0 57 0 0 0 0 0 0 0 0 0 0 0 0 0 0 0 0 33 9 0 0 0 0 0 0 61 0 0 0 0 0 0 0 0 0 0 0 0 0 0 88 0 0 0 0 0 0 0 37 93 0 0 0 0 0 0 0 0 0 0 0 0 0 61 0 0 0 0 0 0 0 0 0 0 38 0 79 0 0 0 0 0 0 0 0 
0 0 0 0 0 0 0 0 0 30 0 0 0 62 0 0 0 0 0 0 31 0 0 0 0 0 0 0 0 46 0 5 0 0 56 15 21 0 0 0 0 0 0 0 0 0 0 0 0 0 0 0 1 0 0 0 0 37 53 0 0 0 0 0 0 0 0 0 0 0 0 0 0 0 0 0 0 0 0 0 0 0 0 0 0 0 0 0 95 0 82 0 0 0 0 0 0 0 0 33 
0 0 0 46 0 0 0 0 0 0 0 0 0 0 0 0 0 61 0 0 0 0 0 0 0 0 0 18 0 0 0 46 0 0 0 0 0 0 0 0 0 0 0 0 0 0 0 0 51 0 0 0 0 0 0 0 0 6 0 19 0 57 75 0 0 58 0 0 0 97 0 0 0 0 0 0 0 0 0 0 0 0 0 0 0 0 0 40 0 60 0 0 0 0 0 0 11 0 0 6 
0 0 0 0 0 0 0 0 0 0 0 0 0 0 0 0 0 0 0 0 0 0 0 49 0 0 0 0 0 0 0 0 0 68 88 0 0 0 0 55 0 0 0 0 0 0 0 11 0 0 0 58 0 0 0 0 0 0 98 0 0 0 0 0 0 0 0 0 0 0 0 0 0 0 0 0 76 0 78 0 0 0 0 0 0 0 5 0 0 0 0 0 0 0 0 0 0 0 0 0 
0 0 0 0 0 5 0 0 0 0 0 0 0 0 62 0 0 0 0 67 0 0 0 0 0 0 0 0 0 0 0 81 0 0 0 0 0 0 0 0 0 0 0 0 0 0 0 0 69 0 0 0 0 0 0 0 0 73 0 0 0 0 0 0 0 0 0 0 0 19 0 72 0 0 0 87 0 0 0 71 0 0 0 0 0 0 92 0 0 0 0 0 0 0 0 0 0 0 0 0 
0 0 0 0 0 0 15 19 0 0 0 0 55 0 0 0 0 0 0 0 0 0 0 21 0 0 0 12 0 32 0 0 0 0 0 0 0 41 83 0 0 0 0 0 0 0 0 0 0 0 0 0 0 0 0 0 2 0 0 0 0 0 0 0 61 0 7 0 0 0 0 0 0 20 0 0 0 0 0 0 0 0 0 0 0 0 0 0 0 0 0 0 0 0 0 0 0 0 0 25 
0 0 0 19 0 0 0 0 0 0 0 0 0 0 0 0 0 0 0 0 0 0 0 13 0 0 0 0 0 0 0 30 0 0 0 0 0 0 19 0 0 0 0 0 11 0 0 0 69 0 0 46 0 0 0 0 0 0 0 0 0 0 0 0 0 0 0 0 53 0 0 55 0 0 0 0 0 0 0 0 96 0 44 13 0 0 0 12 0 0 0 0 0 75 0 0 0 0 0 27 
42 0 0 0 0 0 68 0 0 0 0 0 0 0 0 0 0 0 0 0 84 0 0 0 76 0 0 0 0 0 0 20 0 0 62 0 0 0 0 0 0 0 0 51 0 69 0 69 0 0 44 0 0 0 0 0 0 0 24 0 0 0 0 47 0 0 0 0 0 0 0 0 0 0 0 64 0 0 0 0 0 0 0 0 0 37 0 0 0 0 0 0 0 0 0 0 0 85 0 0 
0 0 0 0 0 0 4 0 0 0 0 0 0 0 0 90 0 0 0 0 8 0 0 0 0 0 0 0 0 0 0 0 0 0 0 0 0 0 0 0 0 0 0 0 0 0 0 0 0 0 0 21 62 93 0 0 0 0 0 0 0 0 0 0 0 0 0 0 0 0 0 0 0 0 0 0 35 0 0 0 0 0 0 0 0 0 19 99 0 0 0 0 93 0 0 0 0 0 0 36 
0 0 75 0 0 0 0 0 92 0 77 0 0 0 0 0 0 0 0 0 0 0 0 0 0 0 0 0 65 0 0 33 0 0 0 0 0 0 0 0 0 0 0 0 0 0 0 0 44 0 0 0 26 0 0 86 7 0 0 0 0 0 0 0 0 0 0 66 0 0 0 0 0 32 0 0 0 0 0 0 0 0 0 0 0 0 0 0 0 0 0 0 82 0 0 0 0 0 0 0 
0 0 0 0 93 0 0 0 47 98 0 0 62 0 0 0 0 0 0 0 0 0 0 65 0 0 0 0 0 0 0 0 0 0 0 0 28 0 0 0 0 0 0 0 58 0 0 46 0 21 0 0 0 0 0 0 0 0 0 0 0 0 43 0 0 0 0 0 50 0 0 0 0 0 0 0 69 0 0 0 32 0 0 0 69 0 0 0 0 0 0 0 0 0 0 0 33 0 0 0 
0 0 95 0 0 0 0 36 0 100 0 0 0 16 63 0 0 0 0 0 0 0 0 0 49 0 0 0 0 0 0 0 0 0 87 0 0 0 0 66 0 0 1 0 0 0 0 0 0 62 26 0 0 0 0 0 38 0 0 0 0 83 0 0 0 0 0 0 0 0 0 0 0 0 75 0 0 0 0 0 41 0 0 0 0 0 0 0 0 0 0 0 0 0 0 0 0 0 0 0 
0 0 0 68 0 0 0 0 0 0 0 0 29 0 0 0 0 0 0 0 0 0 0 0 0 51 0 0 0 26 0 0 46 0 0 30 0 0 91 0 0 0 0 0 0 0 0 0 0 93 0 0 0 0 68 0 0 0 0 0 0 0 0 0 0 0 0 0 0 0 0 0 0 0 0 80 0 0 0 0 0 0 0 0 0 0 0 0 69 0 0 73 0 0 0 0 0 53 0 0 
0 0 0 0 0 0 0 0 0 0 0 0 0 0 0 0 0 0 36 0 0 0 0 0 0 32 0 0 0 52 0 0 0 0 0 36 0 0 0 0 0 0 0 0 0 0 0 0 0 0 0 0 0 68 0 6 0 0 59 0 0 0 0 0 0 0 0 0 0 0 0 0 0 0 79 0 0 0 0 0 0 0 0 0 0 0 64 0 0 0 0 0 0 0 0 11 0 81 0 0 
28 0 0 0 68 0 0 0 0 0 0 0 0 0 0 0 0 0 0 0 0 0 0 0 0 0 0 0 0 91 0 93 0 0 0 0 0 0 0 0 65 88 0 0 0 0 0 0 0 0 86 0 0 0 6 0 0 0 0 0 0 0 0 0 0 10 7 0 0 0 0 0 0 0 98 0 0 0 0 0 0 0 0 0 0 0 72 0 45 0 0 0 0 0 0 32 44 0 0 0 
0 0 0 0 0 0 64 0 0 0 0 4 0 0 0 0 0 70 0 0 0 0 0 0 0 0 0 0 0 0 0 0 0 87 0 0 87 0 0 0 0 0 0 0 0 0 2 0 0 0 7 0 38 0 0 0 0 0 10 0 79 33 0 0 0 0 0 0 0 0 0 0 0 0 37 0 0 0 0 0 0 0 0 0 0 0 0 0 0 0 69 0 15 0 0 0 0 0 65 0 
0 0 0 0 0 0 88 0 0 5 0 0 0 0 0 0 0 0 0 0 0 0 0 0 0 0 0 0 0 0 0 0 0 0 0 0 0 0 0 0 0 0 37 6 0 73 0 0 0 0 0 0 0 0 0 0 0 0 0 0 0 52 0 68 0 0 96 0 0 0 0 81 0 0 0 0 0 0 0 100 0 47 53 0 0 0 0 40 0 0 0 0 0 69 0 48 0 0 0 0 
0 0 0 0 0 0 0 0 0 0 0 0 35 0 0 0 0 0 71 0 0 0 0 0 61 0 0 0 0 0 0 0 0 0 0 0 0 0 0 0 0 0 53 0 98 0 0 0 24 0 0 0 0 0 59 0 10 0 0 0 55 91 0 0 0 0 0 0 0 0 0 0 0 0 0 0 0 0 0 0 0 0 0 0 0 51 0 79 0 0 0 0 36 0 0 43 15 0 0 0 
0 0 13 0 0 0 0 0 0 0 0 83 4 0 0 0 1 0 0 0 0 0 79 0 0 0 76 0 0 0 0 0 0 30 0 67 0 0 0 31 0 0 0 19 0 0 0 0 0 0 0 0 0 0 0 0 0 0 0 0 74 0 0 0 0 0 0 0 0 0 0 0 0 0 0 0 0 0 0 0 0 91 0 45 0 0 0 0 0 0 0 0 0 0 0 84 0 0 73 0 
0 0 0 0 0 0 51 0 0 0 0 0 91 0 43 0 0 0 0 99 43 0 0 0 0 74 0 0 0 35 0 0 0 0 0 56 0 0 0 0 0 0 0 0 0 0 0 0 0 0 0 0 0 0 0 0 79 0 55 74 0 0 0 0 0 0 0 0 0 0 0 0 0 0 0 0 0 0 0 0 0 0 42 0 15 0 0 0 0 0 0 0 0 65 0 0 72 0 0 0 
0 35 0 0 0 0 0 0 0 0 0 0 0 0 0 0 0 0 0 0 0 0 0 0 0 0 0 34 0 0 0 0 0 0 0 0 0 95 0 0 0 0 0 57 0 0 0 0 0 0 0 0 83 0 0 0 33 52 91 0 0 0 0 0 0 0 0 0 0 14 0 0 85 0 0 0 0 9 0 0 0 0 0 0 23 0 0 0 0 0 0 0 0 0 0 0 0 0 0 0 
0 0 0 0 0 0 0 0 0 0 44 0 0 22 20 0 0 56 0 0 0 0 82 57 0 0 0 0 0 0 0 0 0 0 0 0 0 0 0 0 61 0 0 75 0 0 0 0 0 0 0 43 0 0 0 0 0 0 0 0 0 0 0 0 0 0 0 0 0 0 0 0 0 40 0 96 0 0 0 0 0 0 0 0 0 0 0 0 19 0 0 0 0 0 0 0 0 0 0 0 
0 0 87 58 0 0 0 0 57 0 0 0 0 0 0 0 0 57 0 0 0 0 0 0 0 0 0 88 0 0 0 0 0 75 0 0 0 0 0 0 0 37 0 0 0 0 0 0 47 0 0 0 0 0 0 0 0 68 0 0 0 0 0 0 30 0 0 0 0 29 0 0 0 88 0 35 0 0 0 0 0 0 0 0 0 0 0 0 43 0 37 0 0 0 0 0 0 0 0 0 
69 0 47 0 0 0 0 0 63 0 0 0 0 0 0 0 0 0 0 0 0 0 0 0 0 0 0 0 35 0 0 0 0 0 0 0 28 0 0 0 0 93 0 0 0 0 61 0 0 0 0 0 0 0 0 0 0 0 0 0 0 0 0 30 0 0 0 24 0 0 0 0 0 0 0 0 0 0 100 0 0 0 0 0 26 0 0 0 0 97 0 0 0 0 0 0 94 0 85 65 
67 81 0 0 0 0 0 0 0 0 0 0 0 0 0 26 0 0 0 0 0 0 0 0 0 0 31 0 0 0 0 0 0 0 0 0 0 0 9 0 43 0 0 58 0 0 0 0 0 0 0 0 0 0 0 10 0 0 0 0 0 0 0 0 0 0 0 0 0 0 0 0 0 0 89 0 0 35 0 0 0 10 99 0 0 0 21 0 0 0 96 0 0 0 51 0 0 0 0 0 
0 2 0 0 0 0 0 0 21 0 0 0 0 0 0 0 0 0 89 0 0 0 92 5 0 0 0 0 0 0 0 0 0 0 0 0 0 0 0 66 0 0 0 0 0 0 7 0 0 0 0 0 0 0 0 7 0 96 0 0 0 0 0 0 0 0 0 0 0 0 0 0 0 0 0 0 0 0 0 0 0 0 0 48 0 0 15 0 0 0 0 0 0 0 0 0 0 0 0 0 
0 0 0 0 0 0 0 0 0 36 0 0 0 0 0 0 0 0 0 55 0 0 0 0 0 0 99 0 0 0 0 0 0 0 0 0 0 66 0 0 0 0 0 0 0 0 0 0 0 0 66 0 0 0 0 0 0 0 0 0 0 0 0 0 24 0 0 0 0 0 0 0 0 0 0 0 0 0 0 0 0 7 0 0 0 0 0 0 0 69 66 0 0 0 68 0 0 0 0 0 
0 0 0 0 0 41 0 0 0 0 0 87 56 0 0 0 0 0 0 0 0 0 0 0 0 0 0 0 0 0 0 0 75 0 0 0 49 0 48 0 0 0 0 0 0 0 0 53 0 0 0 50 0 0 0 0 0 0 0 0 0 0 0 0 0 0 0 0 0 0 0 74 22 0 0 0 23 0 90 0 0 0 0 0 95 0 0 0 0 0 0 0 0 0 10 0 0 0 0 85 
0 0 37 0 0 0 4 0 0 0 0 0 0 0 0 0 0 0 0 0 0 0 82 0 0 0 0 0 0 0 0 0 90 0 0 43 0 0 0 24 0 0 0 97 0 19 0 0 0 0 0 0 0 0 0 0 0 0 0 0 0 14 0 29 0 0 0 0 0 0 0 98 0 0 0 0 0 0 0 45 0 0 0 0 0 0 0 0 0 0 0 0 0 0 0 0 0 0 9 0 
11 0 96 0 0 0 12 0 0 0 26 0 0 0 41 0 0 0 0 0 0 0 94 0 0 0 0 67 0 0 0 0 0 0 43 0 0 0 0 0 0 0 0 0 0 0 0 0 0 0 0 0 0 0 0 0 0 0 0 0 0 0 0 0 0 0 0 0 0 0 0 0 0 0 0 66 0 0 0 0 0 0 0 0 0 0 0 0 0 0 0 0 0 0 0 0 0 0 0 0 
0 0 0 0 93 0 0 0 0 0 0 78 0 0 0 0 0 0 0 0 0 0 0 0 0 0 0 0 0 0 0 0 0 0 0 0 0 0 0 0 0 0 0 0 0 72 0 55 0 0 0 0 0 0 0 0 0 81 0 0 0 0 0 0 0 0 0 0 74 98 0 0 0 0 0 0 0 0 0 0 74 0 63 0 49 0 43 0 74 0 0 0 83 0 0 9 0 0 99 0 
0 48 0 0 0 0 0 0 0 0 1 98 0 0 5 0 0 0 0 0 0 0 0 0 0 0 0 0 0 0 0 0 0 0 0 0 0 20 0 0 0 0 0 0 0 0 0 0 0 0 0 0 0 0 0 0 0 0 0 0 0 85 0 0 0 0 0 0 22 0 0 0 0 0 0 0 0 0 0 0 50 0 0 0 0 68 0 0 0 0 0 0 0 89 0 0 0 73 0 0 
14 0 0 0 0 0 7 0 79 0 0 0 0 0 0 0 0 21 0 0 0 0 0 0 0 0 0 0 0 0 84 0 0 0 0 0 0 0 46 0 0 0 0 0 0 0 20 0 0 0 32 0 0 0 0 0 0 0 0 0 0 0 40 88 0 0 0 0 0 0 0 0 0 0 0 0 0 0 0 0 0 0 82 0 0 0 0 0 0 41 56 54 0 0 98 0 0 0 0 0 
0 100 0 0 0 0 0 0 0 0 0 0 0 18 0 0 0 0 0 0 0 0 0 0 0 0 0 0 0 0 0 0 0 0 0 0 0 0 0 0 0 0 0 0 0 0 0 0 0 0 0 0 75 0 79 98 37 0 0 0 0 0 0 0 0 89 0 0 0 0 0 0 0 0 0 0 0 0 0 0 0 0 0 0 0 0 0 59 0 0 13 0 0 24 0 0 0 33 71 0 
0 0 60 0 0 0 0 0 0 0 50 0 0 0 0 0 0 0 0 19 0 0 0 0 0 0 0 0 0 0 0 0 0 49 0 0 72 0 0 0 0 0 0 0 0 87 0 0 64 0 0 0 0 80 0 0 0 0 0 0 0 0 96 35 0 0 0 0 0 0 66 0 0 0 0 0 0 0 44 48 0 0 0 0 0 0 0 0 0 21 0 0 0 0 0 0 0 21 0 0 
0 0 0 0 0 0 0 0 0 0 0 68 0 0 63 0 31 0 0 0 0 0 0 0 0 0 0 0 0 0 0 72 0 0 0 0 0 0 0 0 0 0 0 0 76 0 0 0 0 35 0 69 0 0 0 0 0 0 0 0 0 0 0 0 0 0 0 0 23 0 0 0 0 0 0 0 0 0 75 0 60 0 0 0 0 0 0 0 0 0 0 0 0 0 79 0 0 0 0 43 
0 0 0 47 0 0 37 82 0 73 21 0 0 0 0 0 0 0 0 0 0 0 0 0 54 0 47 49 0 0 0 0 26 0 0 0 0 0 27 0 0 0 0 0 0 0 0 0 0 0 0 0 0 0 0 0 0 0 0 0 0 9 0 0 0 35 0 0 0 0 0 0 0 0 0 0 0 0 0 0 0 0 0 0 0 0 0 0 31 0 0 0 0 0 0 0 0 0 86 0 
0 0 0 34 36 0 0 6 0 0 0 0 0 0 0 0 0 0 0 77 0 0 0 0 0 0 0 0 0 0 79 0 0 11 0 0 0 0 0 0 0 61 0 0 78 0 0 0 0 0 0 0 0 0 0 0 0 0 0 0 0 0 0 0 100 0 0 0 90 0 0 0 0 0 0 44 75 0 0 0 0 0 0 0 0 0 0 0 0 0 36 0 0 97 78 0 0 0 0 0 
0 0 0 0 0 0 0 0 0 0 11 0 0 0 0 63 0 0 0 56 0 0 0 0 0 0 0 0 0 0 0 0 0 0 0 0 0 0 43 0 0 0 0 0 0 71 0 0 0 0 0 0 0 0 0 0 0 100 0 0 0 0 0 0 0 0 0 0 0 45 0 0 0 0 0 48 0 0 0 0 0 93 0 0 91 0 0 0 0 0 0 0 0 0 0 0 0 0 0 0 
0 0 0 0 0 88 0 17 0 0 0 0 0 40 0 0 0 0 0 0 0 0 0 0 0 0 0 0 0 18 0 0 35 0 0 0 0 0 0 0 50 0 0 0 0 0 0 96 0 0 0 32 41 0 0 0 0 0 0 0 0 0 0 0 0 0 0 0 0 0 0 74 50 0 0 0 60 0 0 0 0 0 0 0 0 0 57 0 0 0 87 0 0 0 0 0 95 0 0 0 
0 0 0 0 90 0 0 0 0 0 0 0 0 0 0 0 79 0 0 0 0 0 0 0 0 76 0 0 0 0 0 0 0 0 0 0 0 0 0 74 0 0 0 0 0 0 0 0 0 0 0 0 0 0 0 0 0 47 0 91 0 0 0 0 0 10 0 7 0 0 0 0 0 0 0 0 0 0 0 93 0 0 0 0 0 0 0 0 0 0 0 0 0 0 0 0 0 0 0 0 
0 0 0 0 0 0 0 59 0 0 0 0 0 0 0 0 79 0 0 0 0 0 30 0 0 0 0 0 14 0 0 0 0 8 0 0 0 0 0 0 7 0 0 0 0 0 0 44 0 0 0 0 0 0 0 0 0 53 0 0 42 0 0 0 0 99 0 0 0 0 0 63 0 82 0 0 0 0 0 0 0 0 0 0 0 0 44 0 43 0 0 0 0 15 0 0 0 0 0 0 
0 28 62 0 0 84 0 0 54 0 0 0 0 0 69 0 27 10 80 0 0 0 0 0 0 0 96 0 0 0 0 0 0 0 0 0 0 0 0 0 0 0 0 0 0 0 0 13 0 0 0 0 0 0 0 0 0 0 0 45 0 0 0 0 0 0 48 0 0 0 0 0 0 0 0 0 0 0 0 0 0 0 0 0 0 71 0 0 0 0 0 0 0 0 0 5 0 89 0 0 
0 0 0 0 91 0 0 0 0 0 0 82 0 16 0 0 0 0 0 0 1 0 0 0 8 0 0 0 0 0 0 0 0 0 0 0 0 0 0 0 0 0 0 0 0 0 0 0 0 0 0 69 0 0 0 0 0 0 0 0 15 23 0 0 26 0 0 0 95 0 0 49 0 0 0 0 0 0 0 91 0 0 0 0 0 0 0 0 54 0 0 0 0 13 0 0 0 50 0 0 
0 0 0 97 0 50 0 0 0 0 0 0 0 0 0 0 0 0 0 89 0 0 0 0 0 0 0 21 0 0 0 0 0 0 0 0 0 0 0 0 0 0 0 0 0 0 0 0 37 0 0 0 0 0 0 0 0 0 51 0 0 0 0 0 0 0 0 0 0 0 0 0 68 0 0 0 0 0 0 0 0 0 0 71 0 0 0 0 0 41 49 0 0 0 21 0 0 31 0 0 
0 0 0 0 0 0 0 77 0 0 0 0 0 0 0 38 0 0 0 0 0 0 0 0 0 0 0 0 0 0 0 0 0 0 0 0 0 0 42 17 0 0 0 0 5 92 0 0 0 19 0 0 0 0 64 72 0 0 0 0 0 0 0 0 0 21 15 0 0 0 0 43 0 0 0 0 0 0 0 0 57 0 44 0 0 0 0 0 0 0 0 0 0 0 0 23 0 0 0 0 
22 0 0 0 82 10 0 0 0 0 0 25 0 0 0 22 0 0 0 0 27 62 0 0 0 84 0 0 0 0 0 31 0 0 0 0 0 0 0 0 0 0 0 40 0 0 0 12 0 99 0 0 0 0 0 0 0 40 79 0 0 0 0 0 0 0 0 0 0 0 0 0 0 0 59 0 0 0 0 0 0 0 0 0 0 0 0 0 0 0 0 0 0 0 0 0 0 0 0 0 
0 0 0 0 0 23 0 63 0 0 0 0 0 26 0 0 0 0 0 0 32 0 0 0 0 0 0 0 0 0 0 0 0 0 0 0 16 0 0 0 0 0 95 0 0 0 0 0 0 0 0 0 0 69 0 45 0 0 0 0 0 0 19 43 0 0 0 0 0 0 0 74 0 0 0 0 0 31 0 0 0 0 43 0 54 0 0 0 0 0 0 0 0 0 0 0 0 0 66 0 
83 0 0 0 0 0 0 49 0 0 0 0 0 0 61 0 0 0 0 27 0 0 0 0 0 0 0 0 0 0 0 0 0 0 0 0 0 0 0 0 0 38 0 60 0 0 0 0 0 0 0 0 0 0 0 0 0 0 0 0 0 0 0 0 97 0 0 69 0 0 0 0 0 41 0 21 0 0 0 0 0 0 0 0 0 41 0 0 0 0 48 0 0 0 0 0 0 99 0 0 
0 0 0 0 0 0 0 0 0 0 0 0 0 0 0 0 0 0 0 0 0 0 0 0 48 0 0 0 0 0 0 0 0 29 0 0 0 0 0 0 0 0 82 0 0 0 0 0 0 0 0 0 0 0 0 0 69 0 0 0 0 0 0 37 0 96 0 66 0 0 0 0 0 56 13 0 0 0 36 0 87 0 0 0 0 49 0 0 0 48 0 70 0 0 0 0 0 0 0 0 
0 0 0 0 0 0 0 0 0 0 0 0 0 0 0 0 0 0 32 0 0 0 0 95 0 0 0 0 0 0 33 62 0 0 0 0 0 21 0 29 0 79 0 0 0 0 0 0 0 0 0 0 0 73 0 0 0 0 0 0 0 0 0 0 0 0 0 0 0 0 0 0 0 54 0 0 0 0 0 0 0 0 0 0 0 0 0 0 0 0 70 0 0 0 0 0 0 0 0 0 
0 0 0 0 0 0 0 0 0 32 0 0 0 0 0 0 0 92 0 0 0 0 0 0 0 67 0 0 12 0 0 0 0 0 0 0 0 0 0 0 0 0 0 0 0 0 0 0 0 93 82 0 0 0 0 0 15 0 36 0 0 0 0 0 0 0 0 0 0 0 0 83 0 0 0 0 0 0 0 0 0 0 0 0 0 0 0 0 0 0 0 0 0 0 0 0 0 74 0 0 
0 54 70 0 0 0 0 0 0 0 0 0 0 0 0 0 0 0 0 0 0 47 0 0 19 0 0 52 0 0 0 0 0 0 0 0 0 80 0 54 0 0 0 0 0 0 0 75 0 0 0 0 0 0 0 0 0 69 0 0 65 0 0 0 0 0 0 0 0 0 0 0 89 0 24 0 0 0 97 0 0 0 15 0 13 0 0 0 0 0 0 0 0 0 0 0 0 0 0 0 
39 0 0 0 0 90 0 0 0 0 0 0 0 0 0 0 0 6 0 0 0 0 0 0 0 0 0 0 0 0 91 0 0 0 0 0 0 0 0 0 0 0 0 0 0 0 0 0 0 0 0 0 0 0 0 0 0 0 0 0 0 0 0 0 0 51 0 68 10 0 0 0 0 98 0 0 79 0 78 0 0 0 0 0 0 21 0 0 0 0 0 0 0 0 0 0 0 0 0 86 
0 0 0 0 0 0 0 0 0 0 0 0 0 0 0 0 72 0 0 0 0 0 0 0 0 54 0 0 0 0 0 0 0 0 46 0 0 0 0 0 0 0 0 0 0 0 0 0 0 0 0 0 0 0 11 32 0 48 43 84 0 0 0 0 0 0 0 0 0 0 0 9 0 0 0 0 0 0 0 0 0 0 0 5 0 0 23 0 0 0 0 0 0 0 0 0 0 0 0 0 
0 0 0 0 80 0 0 0 0 77 0 0 0 0 0 0 0 0 0 0 0 0 12 36 0 0 0 0 0 0 99 62 0 0 97 0 0 0 0 0 40 0 0 11 0 0 0 0 0 0 0 33 0 0 0 44 0 0 15 0 72 0 0 0 94 0 0 0 0 0 0 0 0 0 0 0 0 0 0 0 95 0 0 0 0 0 0 0 0 0 0 0 0 0 0 0 0 0 0 0 
0 0 71 0 0 0 0 0 0 0 0 0 90 0 75 0 0 0 0 0 0 0 0 0 0 0 0 0 0 0 61 0 0 0 0 0 0 0 0 0 0 0 0 0 0 0 0 0 85 0 0 0 0 53 81 0 0 0 0 0 0 0 0 0 0 0 0 0 0 0 0 0 73 0 33 21 0 0 0 0 0 0 0 89 50 31 0 0 0 99 0 0 74 0 0 0 0 0 0 0 
0 0 0 0 0 0 91 0 0 0 0 0 0 0 0 0 21 0 0 0 0 0 61 0 0 0 0 0 0 0 0 0 55 91 0 66 0 0 0 11 0 0 0 0 0 0 0 0 0 0 0 0 0 0 0 0 65 0 0 73 0 0 0 0 85 0 0 0 0 9 0 99 0 0 71 0 0 86 0 0 0 0 0 0 0 0 0 0 66 0 0 0 0 0 0 0 0 0 0 0 
0 0 0 0 31 0 0 0 0 0 0 0 0 0 0 0 0 0 0 32 0 0 0 0 0 11 0 0 0 99 0 0 0 0 0 0 0 0 0 98 96 0 33 6 0 0 25 27 0 36 0 0 0 0 0 0 0 0 0 0 0 0 0 0 65 0 0 0 85 0 0 0 0 0 0 0 43 0 0 0 0 0 0 0 0 0 0 0 0 0 0 0 0 0 86 0 0 0 0 0 
