0 0 0 86 88 81 0 79 0 41 86 0 0 0 29 0 0 12 0 0 93 0 0 26 0 0 93 62 67 97 0 50 0 0 33 0 0 79 91 0 23 0 41 97 100 0 0 0 0 0 0 25 0 0 0 0 0 63 42 0 97 0 0 0 0 0 42 58 0 0 0 0 0 0 0 65 0 0 20 0 0 0 9 0 0 10 0 88 2 19 43 0 68 0 0 59 35 0 0 0 
0 0 56 0 0 0 0 0 0 0 0 0 0 0 0 44 12 0 38 96 0 0 0 42 22 50 44 0 82 0 39 62 91 0 0 0 0 88 89 0 0 36 0 33 0 0 87 65 0 0 3 0 0 0 0 100 8 76 0 0 27 0 7 26 0 64 0 0 83 0 12 0 4 6 0 52 39 0 9 0 0 0 85 85 34 11 86 0 0 0 0 0 0 54 0 74 0 0 46 0 
0 56 0 0 0 0 91 0 0 69 8 22 0 0 13 0 0 0 15 90 0 0 0 0 0 0 0 0 22 0 0 0 16 0 0 0 0 0 0 0 32 92 42 0 32 0 65 9 0 0 0 89 0 0 45 0 0 28 27 8 0 0 0 0 0 0 0 41 0 0 0 0 0 69 0 0 9 0 0 0 0 76 37 99 5 0 0 17 0 15 0 0 0 0 41 78 0 39 41 0 
86 0 0 0 0 0 73 56 0 0 81 0 0 22 38 71 0 0 48 0 10 0 0 63 71 0 0 0 58 64 0 73 89 0 63 0 0 0 52 12 0 0 43 0 0 84 0 0 0 88 65 0 15 0 0 0 38 49 0 87 16 17 0 0 22 0 29 31 29 0 82 0 0 87 0 0 37 0 26 94 0 7 23 0 42 66 55 0 80 73 83 93 14 33 41 0 0 0 0 26 
88 0 0 0 0 53 6 28 0 0 51 0 0 0 0 0 0 0 0 0 7 0 73 0 43 22 72 0 0 0 0 0 0 0 51 0 0 85 0 0 0 25 8 0 0 0 0 0 0 0 0 35 0 0 4 0 56 0 0 67 0 67 81 97 0 0 0 0 0 37 50 50 0 0 0 3 71 0 81 77 0 0 10 0 0 0 0 100 92 64 0 0 0 0 0 0 50 0 0 41 
81 0 0 0 53 0 72 0 0 12 44 0 45 3 36 0 78 0 76 23 39 0 77 72 21 0 83 0 27 89 96 0 0 94 0 63 0 77 0 26 0 0 0 0 0 0 44 42 0 0 0 92 72 0 76 0 0 86 28 36 0 0 0 58 0 69 0 0 0 0 5 4 46 78 0 30 10 25 0 41 0 0 13 6 70 0 0 0 0 0 77 16 77 0 57 0 86 0 0 69 
0 0 91 73 6 72 0 19 52 39 0 0 0 68 3 12 99 0 0 0 70 83 0 0 0 44 0 0 35 6 0 68 47 0 83 29 0 0 8 0 0 61 0 30 50 0 0 1 58 0 0 44 0 67 0 2 62 0 66 0 0 19 0 91 57 0 10 12 42 28 37 0 0 0 0 0 0 38 0 32 63 87 0 0 6 0 0 33 0 37 22 68 0 54 0 0 52 0 0 0 
79 0 0 56 28 0 19 0 0 0 71 0 0 0 0 0 86 71 95 0 82 3 0 0 18 0 79 29 56 49 0 0 0 26 38 0 65 20 0 88 0 0 0 0 0 26 0 0 26 76 79 71 36 38 0 0 52 45 76 68 57 0 0 0 32 0 0 10 46 0 0 78 23 20 58 0 35 16 0 89 0 0 59 0 0 0 0 69 67 0 0 47 97 0 98 0 0 0 25 18 
0 0 0 0 0 0 52 0 0 0 37 19 0 14 0 88 53 0 58 0 0 98 0 11 19 58 0 0 85 93 97 11 0 53 0 0 0 0 59 25 0 44 47 0 19 0 0 8 0 0 37 0 0 70 0 70 0 0 0 0 0 0 0 0 30 32 0 0 0 0 0 0 17 30 19 52 0 69 0 0 0 0 0 0 0 0 0 0 0 0 48 99 0 0 84 2 0 0 0 0 
41 0 69 0 0 12 39 0 0 0 98 70 0 0 0 0 0 40 62 32 0 3 0 0 14 0 65 0 0 0 0 0 21 0 82 0 53 0 0 0 72 85 93 36 0 11 0 0 0 0 30 28 60 0 0 0 0 31 0 37 18 0 0 58 0 36 0 40 0 79 0 0 0 0 3 28 92 58 0 3 0 36 0 0 0 0 18 0 0 0 0 0 0 26 0 98 0 0 0 0 
86 0 8 81 51 44 0 71 37 98 0 0 0 0 71 55 0 90 0 18 1 100 0 0 67 0 23 0 59 46 0 84 71 0 57 38 0 45 0 0 0 60 50 0 49 0 0 0 0 97 2 95 5 89 0 0 0 0 0 0 54 0 0 54 0 34 0 0 95 91 0 29 0 58 74 48 0 0 0 55 30 0 0 0 0 66 0 17 0 0 0 0 28 0 0 0 52 73 0 0 
0 0 22 0 0 0 0 0 19 70 0 0 13 0 76 99 0 12 0 19 68 51 81 34 0 5 0 8 0 0 0 0 0 79 0 55 0 0 2 0 2 0 0 0 0 78 99 17 0 77 47 0 10 70 56 0 22 35 39 0 67 0 41 32 0 54 0 0 0 65 0 0 15 94 35 0 0 27 19 0 98 0 0 0 0 0 43 0 25 0 19 40 95 6 10 19 6 0 0 40 
0 0 0 0 0 45 0 0 0 0 0 13 0 0 37 0 33 0 0 91 0 13 0 65 0 50 0 0 89 0 72 0 0 0 0 57 0 94 77 0 0 0 0 0 62 100 57 0 0 0 0 0 34 0 0 0 0 58 14 0 7 0 0 53 0 0 42 0 0 60 98 30 0 29 0 56 0 0 80 72 75 56 0 100 0 0 0 0 0 17 94 79 0 93 0 0 0 74 27 0 
0 0 0 22 0 3 68 0 14 0 0 0 0 0 0 80 5 9 0 63 0 47 0 24 36 57 0 45 0 25 0 0 22 17 79 0 0 0 46 0 0 44 0 10 0 26 0 0 5 26 70 0 0 66 66 0 0 74 0 0 57 0 0 40 89 82 0 94 0 14 0 0 0 0 0 30 0 0 54 74 0 36 0 75 50 0 47 2 0 0 11 38 0 0 62 0 20 0 0 56 
29 0 13 38 0 36 3 0 0 0 71 76 37 0 0 0 45 0 0 37 0 67 0 83 0 0 26 8 31 0 64 79 0 0 0 2 0 28 99 0 0 32 0 83 75 0 45 0 75 0 100 0 0 0 0 26 26 55 98 21 0 26 4 2 38 7 60 15 0 0 45 39 0 38 0 8 0 0 12 0 0 0 0 0 0 0 0 0 51 93 0 98 82 0 0 29 0 63 0 83 
0 44 0 71 0 0 12 0 88 0 55 99 0 80 0 0 0 0 83 72 41 22 79 100 93 0 0 0 65 53 7 2 0 45 0 35 0 0 0 0 22 0 52 0 87 0 78 0 31 0 0 0 0 0 0 0 82 0 1 38 89 0 0 0 14 82 100 0 88 0 0 0 0 52 33 54 0 0 91 0 0 0 93 0 58 0 33 100 62 53 0 80 0 73 2 0 28 68 31 0 
0 12 0 0 0 78 99 86 53 0 0 0 33 5 45 0 0 99 0 0 0 0 18 0 5 76 0 0 40 13 0 0 63 0 0 56 0 43 29 0 80 0 4 0 0 73 63 0 62 0 25 0 10 74 0 0 0 17 0 0 35 93 95 15 0 0 40 0 0 83 86 0 0 0 36 15 0 75 0 10 47 0 0 63 22 0 0 43 98 4 0 47 0 0 21 11 0 61 0 6 
12 0 0 0 0 0 0 71 0 40 90 12 0 9 0 0 99 0 61 0 67 56 0 70 97 73 0 0 26 21 55 0 0 0 0 0 0 77 43 16 0 9 6 0 80 0 49 0 0 14 0 47 25 0 14 1 50 12 65 92 85 0 99 0 0 100 24 91 0 0 0 39 0 0 0 89 0 0 0 91 20 0 95 0 92 0 0 0 0 0 83 56 9 0 6 0 0 1 58 50 
0 38 15 48 0 76 0 95 58 62 0 0 0 0 0 83 0 61 0 0 0 4 0 16 0 31 80 0 0 0 23 0 81 0 0 0 0 0 35 73 0 0 0 0 0 95 0 54 0 0 0 0 0 27 0 0 24 64 72 0 0 77 0 0 0 0 22 47 34 0 0 6 65 70 0 0 0 0 0 0 0 0 0 0 0 77 0 0 49 0 71 0 0 26 0 16 64 0 91 0 
0 96 90 0 0 23 0 0 0 32 18 19 91 63 37 72 0 0 0 0 40 0 0 0 95 99 0 0 0 76 49 82 0 28 0 84 89 29 0 53 67 14 0 0 36 0 21 0 0 0 0 0 64 72 0 77 0 17 0 87 57 33 0 38 0 0 19 0 41 0 6 39 22 18 0 29 0 5 0 34 0 0 0 64 36 51 93 0 72 0 0 0 0 100 0 88 0 0 10 0 
93 0 0 10 7 39 70 82 0 0 1 68 0 0 0 41 0 67 0 40 0 63 0 72 0 0 0 70 0 0 16 0 0 78 0 0 42 39 91 50 0 89 0 40 0 88 0 65 0 0 0 0 88 0 0 25 46 66 11 43 0 29 84 0 89 43 35 0 87 0 0 0 33 30 5 0 75 0 13 0 0 25 61 0 0 0 0 56 0 21 0 72 0 97 0 74 0 0 77 89 
0 0 0 0 0 0 83 3 98 3 100 51 13 47 67 22 0 56 4 0 63 0 0 97 0 30 85 0 28 57 63 81 65 0 0 4 76 7 0 56 0 3 49 0 0 25 0 0 0 0 0 0 44 97 56 94 0 0 47 36 17 17 42 84 0 0 76 0 0 56 63 27 0 0 0 39 0 0 0 0 0 0 0 0 54 0 0 0 0 0 0 12 38 48 0 18 56 0 23 0 
0 0 0 0 73 77 0 0 0 0 0 81 0 0 0 79 18 0 0 0 0 0 0 4 0 6 0 61 0 0 9 17 0 0 0 0 0 85 0 19 57 2 0 0 0 8 91 0 20 36 79 0 100 0 11 13 0 0 0 0 56 0 0 0 50 25 32 0 86 0 0 0 0 0 0 0 0 49 0 0 0 0 27 66 0 0 0 13 61 0 0 67 0 0 0 0 0 0 45 0 
26 42 0 63 0 72 0 0 11 0 0 34 65 24 83 100 0 70 16 0 72 97 4 0 85 0 49 94 0 0 0 69 33 0 0 9 0 0 0 25 96 0 0 17 0 0 5 69 0 0 28 23 0 0 0 0 97 89 79 49 58 0 0 0 0 24 0 0 41 0 33 0 82 0 23 59 88 3 47 39 81 0 69 0 0 0 0 0 0 0 83 79 80 0 47 0 0 0 42 0 
0 22 0 71 43 21 0 18 19 14 67 0 0 36 0 93 5 97 0 95 0 0 0 85 0 99 66 0 93 0 0 0 27 78 4 0 4 0 83 0 63 0 57 0 47 0 0 0 38 0 0 0 0 62 33 0 68 0 4 1 81 24 0 0 0 0 20 67 0 75 0 44 0 60 0 0 0 41 85 57 0 66 79 96 0 67 0 0 0 0 7 0 36 97 0 37 0 0 0 0 
0 50 0 0 22 0 44 0 58 0 0 5 50 57 0 0 76 73 31 99 0 30 6 0 99 0 0 0 0 42 0 27 0 0 0 90 0 0 0 0 37 61 0 0 14 0 2 70 0 0 0 0 0 0 35 52 37 3 0 15 77 0 0 0 53 0 0 0 0 90 0 67 0 0 43 0 0 0 0 0 0 0 9 0 0 63 0 0 43 51 0 21 0 46 0 88 64 0 0 86 
93 44 0 0 72 83 0 79 0 65 23 0 0 0 26 0 0 0 80 0 0 85 0 49 66 0 0 0 0 0 0 0 34 0 0 32 0 0 3 61 84 0 0 64 77 85 0 0 0 0 59 0 57 66 0 0 62 0 0 0 0 0 0 0 0 0 42 0 0 0 90 0 86 89 0 0 0 0 14 0 60 0 0 87 49 0 0 0 0 3 40 0 0 0 0 0 0 32 63 0 
62 0 0 0 0 0 0 29 0 0 0 8 0 45 8 0 0 0 0 0 70 0 61 94 0 0 0 0 0 0 55 0 0 36 54 0 0 12 19 44 0 1 0 0 0 27 0 83 0 28 0 0 80 0 0 22 16 12 0 0 0 0 75 0 0 52 0 0 0 0 0 0 0 1 0 85 0 0 0 0 83 0 7 0 25 0 82 0 0 80 62 16 0 0 68 0 69 0 64 0 
67 82 22 58 0 27 35 56 85 0 59 0 89 0 31 65 40 26 0 0 0 28 0 0 93 0 0 0 0 84 84 63 0 0 0 30 52 0 6 41 0 35 0 0 0 0 88 0 0 0 0 0 0 0 48 66 0 24 0 75 0 49 89 0 0 6 0 95 0 32 0 100 0 0 30 84 0 0 100 0 32 6 0 0 62 75 94 0 0 67 0 55 7 56 0 15 29 0 45 0 
97 0 0 64 0 89 6 49 93 0 46 0 0 25 0 53 13 21 0 76 0 57 0 0 0 42 0 0 84 0 0 92 0 76 0 0 0 0 0 80 81 0 49 0 87 0 0 0 0 7 39 0 17 0 0 33 4 0 0 0 10 0 27 6 0 0 0 0 0 0 51 0 0 26 0 0 47 88 0 25 0 0 14 0 31 0 0 0 49 51 59 0 0 0 0 69 2 0 0 12 
0 39 0 0 0 96 0 0 97 0 0 0 72 0 64 7 0 55 23 49 16 63 9 0 0 0 0 55 84 0 0 0 0 0 0 24 18 0 0 0 70 0 38 0 58 0 13 0 0 0 0 0 67 18 0 0 0 0 11 0 0 91 0 0 52 56 0 88 0 0 0 45 97 40 0 0 0 0 87 0 0 44 0 91 81 0 47 0 0 0 0 0 0 88 92 65 89 7 62 36 
50 62 0 73 0 0 68 0 11 0 84 0 0 0 79 2 0 0 0 82 0 81 17 69 0 27 0 0 63 92 0 0 0 0 77 0 0 41 29 10 66 89 41 60 0 90 31 2 86 14 0 98 35 0 0 0 58 76 0 2 0 91 0 0 43 29 0 0 0 47 0 0 0 97 90 0 62 0 0 16 0 0 0 0 89 19 25 22 30 0 0 15 73 0 79 0 81 0 0 0 
0 91 16 89 0 0 47 0 0 21 71 0 0 22 0 0 63 0 81 0 0 65 0 33 27 0 34 0 0 0 0 0 0 75 47 0 54 55 0 0 11 95 95 54 0 96 57 0 15 0 17 0 48 0 0 55 0 0 0 5 24 0 0 98 82 25 0 89 0 0 0 0 0 0 0 0 0 7 66 0 52 88 0 50 0 0 0 0 83 0 52 69 0 7 25 54 0 53 54 0 
0 0 0 0 0 94 0 26 53 0 0 79 0 17 0 45 0 0 0 28 78 0 0 0 78 0 0 36 0 76 0 0 75 0 0 0 0 0 0 20 0 0 0 92 0 48 98 0 8 40 0 36 0 0 87 44 0 64 0 0 0 0 0 0 0 0 0 25 0 52 90 16 57 0 0 99 0 55 61 80 47 57 0 0 0 0 0 73 5 0 0 12 0 0 50 78 0 0 0 0 
33 0 0 63 51 0 83 38 0 82 57 0 0 79 0 0 0 0 0 0 0 0 0 0 4 0 0 54 0 0 0 77 47 0 0 41 13 0 0 56 0 0 0 0 0 0 63 0 69 0 0 0 44 10 0 0 0 0 50 75 9 40 0 0 17 0 0 0 0 85 99 0 0 0 72 0 0 0 7 0 0 0 92 0 0 99 0 23 32 0 69 0 8 0 0 0 0 66 0 0 
0 0 0 0 0 63 29 0 0 0 38 55 57 0 2 35 56 0 0 84 0 4 0 9 0 90 32 0 30 0 24 0 0 0 41 0 0 0 5 0 0 86 0 39 0 11 0 0 0 0 97 0 0 0 0 0 73 39 0 37 9 0 0 0 3 0 0 20 0 0 0 0 3 0 26 92 0 87 47 17 0 91 83 0 28 0 0 59 63 51 0 0 0 16 6 66 0 46 0 0 
0 0 0 0 0 0 0 65 0 53 0 0 0 0 0 0 0 0 0 89 42 76 0 0 4 0 0 0 52 0 18 0 54 0 13 0 0 0 0 0 33 0 0 83 61 0 0 0 0 38 0 0 54 0 55 0 0 52 0 0 0 92 0 0 0 0 33 72 86 0 15 18 50 0 8 98 0 78 0 0 0 33 80 88 0 19 0 0 35 0 11 8 37 53 18 52 81 0 0 0 
79 88 0 0 85 77 0 20 0 0 45 0 94 0 28 0 43 77 0 29 39 7 85 0 0 0 0 12 0 0 0 41 55 0 0 0 0 0 18 0 0 95 85 0 0 57 34 12 8 0 18 88 62 60 0 12 91 0 28 0 0 64 6 29 0 65 0 62 0 29 53 0 0 0 77 0 91 10 90 0 13 0 0 33 0 0 0 0 0 21 0 0 33 70 24 0 50 24 0 0 
91 89 0 52 0 0 8 0 59 0 0 2 77 46 99 0 29 43 35 0 91 0 0 0 83 0 3 19 6 0 0 29 0 0 0 5 0 18 0 0 0 0 0 100 48 0 0 76 17 69 0 8 0 0 80 0 37 49 48 0 0 0 0 0 14 18 0 0 0 56 0 0 45 49 0 0 60 98 36 0 66 59 85 0 34 84 0 100 7 51 28 23 11 0 0 0 0 98 0 0 
0 0 0 12 0 26 0 88 25 0 0 0 0 0 0 0 0 16 73 53 50 56 19 25 0 0 61 44 41 80 0 10 0 20 56 0 0 0 0 0 0 0 0 41 49 99 65 65 0 36 0 0 0 32 79 0 31 0 0 0 0 0 0 70 0 0 0 13 0 0 52 0 0 99 0 86 0 71 0 0 42 18 18 93 50 39 0 0 77 0 15 48 0 89 0 0 58 28 30 0 
23 0 32 0 0 0 0 0 0 72 0 2 0 0 0 22 80 0 0 67 0 0 57 96 63 37 84 0 0 81 70 66 11 0 0 0 33 0 0 0 0 0 40 0 77 58 8 0 81 18 26 0 0 68 25 0 0 0 0 0 55 81 0 62 27 0 6 0 25 0 0 61 0 6 0 0 0 0 0 54 76 95 0 0 3 59 36 80 90 0 21 0 99 92 0 100 93 49 18 89 
0 36 92 0 25 0 61 0 44 85 60 0 0 44 32 0 0 9 0 14 89 3 2 0 0 61 0 1 35 0 0 89 95 0 0 86 0 95 0 0 0 0 0 81 33 0 0 6 0 9 35 61 12 29 79 36 0 0 5 0 0 58 87 0 71 0 13 87 0 0 0 0 0 4 89 97 0 0 0 18 77 78 0 11 79 0 0 0 0 0 0 0 0 14 65 0 0 0 0 0 
41 0 42 43 8 0 0 0 47 93 50 0 0 0 0 52 4 6 0 0 0 49 0 0 57 0 0 0 0 49 38 41 95 0 0 0 0 85 0 0 40 0 0 0 58 22 0 0 13 72 0 0 34 37 0 0 0 0 9 14 27 61 0 80 0 0 0 0 48 0 91 12 0 78 27 14 0 0 0 0 0 76 0 46 0 83 65 74 55 29 0 65 0 0 34 6 0 55 18 0 
97 33 0 0 0 0 30 0 0 36 0 0 0 10 83 0 0 0 0 0 40 0 0 17 0 0 64 0 0 0 0 60 54 92 0 39 83 0 100 41 0 81 0 0 69 0 68 90 0 0 0 42 6 0 0 60 0 65 49 57 58 4 2 0 0 0 0 19 14 0 40 99 0 80 0 14 0 58 66 37 33 86 0 0 0 0 0 0 48 42 0 0 0 47 95 0 87 0 75 74 
100 0 32 0 0 0 50 0 19 0 49 0 62 0 75 87 0 80 0 36 0 0 0 0 47 14 77 0 0 87 58 0 0 0 0 0 61 0 48 49 77 33 58 69 0 53 0 19 0 0 33 95 94 0 42 0 76 0 0 0 0 0 61 0 43 0 0 88 0 33 24 34 11 51 29 0 0 0 0 87 89 56 9 91 100 0 0 21 0 46 0 0 0 96 66 0 0 0 49 0 
0 0 0 84 0 0 0 26 0 11 0 78 100 26 0 0 73 0 95 0 88 25 8 0 0 0 85 27 0 0 0 90 96 48 0 11 0 57 0 99 58 0 22 0 53 0 0 0 0 44 0 0 0 0 0 0 0 9 64 9 91 33 12 0 86 93 0 32 0 98 0 0 0 51 40 0 62 0 85 83 0 61 0 0 84 0 61 76 0 74 46 62 13 70 0 45 0 8 32 0 
0 87 65 0 0 44 0 0 0 0 0 99 57 0 45 78 63 49 0 21 0 0 91 5 0 2 0 0 88 0 13 31 57 98 63 0 0 34 0 65 8 0 0 68 0 0 0 71 0 60 0 0 0 0 0 0 69 0 18 55 0 0 26 64 95 0 0 0 98 0 0 72 46 82 0 23 98 0 0 83 0 24 0 30 70 0 0 0 0 43 0 0 68 0 0 0 29 0 0 0 
0 65 9 0 0 42 1 0 8 0 0 17 0 0 0 0 0 0 54 0 65 0 0 69 0 70 0 83 0 0 0 2 0 0 0 0 0 12 76 65 0 6 0 90 19 0 71 0 0 33 8 0 0 0 37 25 16 30 42 50 47 15 0 8 85 0 3 65 0 88 0 69 34 76 34 0 0 0 0 0 41 0 55 58 0 7 0 0 12 0 0 0 0 95 56 57 50 90 7 0 
0 0 0 0 0 0 58 26 0 0 0 0 0 5 75 31 62 0 0 0 0 0 20 0 38 0 0 0 0 0 0 86 15 8 69 0 0 8 17 0 81 0 13 0 0 0 0 0 0 91 0 0 0 67 0 0 0 95 83 52 35 74 15 0 0 74 7 0 0 0 0 85 23 0 0 41 22 0 0 37 47 38 0 0 0 69 4 0 70 0 79 0 50 0 0 0 68 69 0 55 
0 0 0 88 0 0 0 76 0 0 97 77 0 26 0 0 0 14 0 0 0 0 36 0 0 0 0 28 0 7 0 14 0 40 0 0 38 0 69 36 18 9 72 0 0 44 60 33 91 0 23 40 43 72 64 65 0 94 0 0 21 0 77 0 0 93 90 97 0 68 65 0 0 0 94 66 9 0 15 35 61 0 2 0 45 0 0 0 0 0 43 63 0 0 80 75 33 78 78 0 
0 3 0 65 0 0 0 79 37 30 2 47 0 70 100 0 25 0 0 0 0 0 79 28 0 0 59 0 0 39 0 0 17 0 0 97 0 18 0 0 26 35 0 0 33 0 0 8 0 23 0 67 0 0 0 0 81 0 0 45 84 62 0 0 80 0 0 0 88 0 29 28 0 0 87 0 0 0 0 36 31 14 0 51 96 0 0 0 0 0 73 0 0 0 72 55 0 90 30 74 
25 0 89 0 35 92 44 71 0 28 95 0 0 0 0 0 0 47 0 0 0 0 0 23 0 0 0 0 0 0 0 98 0 36 0 0 0 88 8 0 0 61 0 42 95 0 0 0 0 40 67 0 92 0 0 2 86 91 61 0 26 49 0 0 0 0 0 60 36 0 94 24 0 0 42 0 27 0 0 0 0 68 61 0 0 0 56 27 41 0 0 0 0 79 50 0 76 0 0 94 
0 0 0 15 0 72 0 36 0 60 5 10 34 0 0 0 10 25 0 64 88 44 100 0 0 0 57 80 0 17 67 35 48 0 44 0 54 62 0 0 0 12 34 6 94 0 0 0 0 43 0 92 0 0 0 3 5 0 0 22 0 84 6 0 0 0 99 29 93 0 0 0 0 0 0 36 0 0 0 0 0 0 33 0 56 20 0 49 74 0 97 0 0 87 0 36 0 86 0 79 
0 0 0 0 0 0 67 38 70 0 89 70 0 66 0 0 74 0 27 72 0 97 0 0 62 0 66 0 0 0 18 0 0 0 10 0 0 60 0 32 68 29 37 0 0 0 0 0 67 72 0 0 0 0 0 41 86 19 70 55 0 0 0 0 51 92 83 17 65 90 0 51 0 15 80 0 0 66 0 0 49 83 71 0 0 99 0 0 0 20 42 64 74 78 75 41 46 0 0 0 
0 0 45 0 4 76 0 0 0 0 0 56 0 66 0 0 0 14 0 0 0 56 11 0 33 35 0 0 48 0 0 0 0 87 0 0 55 0 80 79 25 79 0 0 42 0 0 37 0 64 0 0 0 0 0 0 0 0 60 0 0 6 0 34 0 0 59 0 0 78 0 0 0 0 76 99 0 96 0 0 0 52 0 0 27 62 0 0 0 29 18 98 80 0 0 0 0 0 0 0 
0 100 0 0 0 0 2 0 70 0 0 0 0 0 26 0 0 1 0 77 25 94 13 0 0 52 0 22 66 33 0 0 55 44 0 0 0 12 0 0 0 36 0 60 0 0 0 25 0 65 0 2 3 41 0 0 69 49 0 0 60 99 14 0 98 51 0 0 71 0 0 0 20 0 54 54 67 0 0 90 0 86 96 11 35 0 60 17 0 0 0 0 0 29 56 16 70 0 78 88 
0 8 0 38 56 0 62 52 0 0 0 22 0 0 26 82 0 50 24 0 46 0 0 97 68 37 62 16 0 4 0 58 0 0 0 73 0 91 37 31 0 0 0 0 76 0 69 16 0 0 81 86 5 86 0 69 0 0 63 0 0 0 0 0 0 53 0 0 0 88 26 9 91 0 12 0 0 3 8 73 59 0 53 98 0 94 45 23 0 0 0 19 0 14 0 0 19 0 0 13 
63 76 28 49 0 86 0 45 0 31 0 35 58 74 55 0 17 12 64 17 66 0 0 89 0 3 0 12 24 0 0 76 0 64 0 39 52 0 49 0 0 0 0 65 0 9 0 30 95 94 0 91 0 19 0 49 0 0 90 0 0 0 0 23 0 0 0 0 0 5 65 23 0 0 0 36 0 0 84 64 0 0 2 82 35 42 0 68 0 0 0 0 97 0 0 0 0 57 0 83 
42 0 27 0 0 28 66 76 0 0 0 39 14 0 98 1 0 65 72 0 11 47 0 79 4 0 0 0 0 0 11 0 0 0 50 0 0 28 48 0 0 5 9 49 0 64 18 42 83 0 0 61 0 70 60 0 63 90 0 0 70 0 57 0 0 0 75 22 0 0 82 0 0 22 42 0 39 0 0 23 0 0 0 0 82 0 15 61 0 25 28 39 98 68 0 96 0 56 0 0 
0 0 8 87 67 36 0 68 0 37 0 0 0 0 21 38 0 92 0 87 43 36 0 49 1 15 0 0 75 0 0 2 5 0 75 37 0 0 0 0 0 0 14 57 0 9 55 50 52 0 45 0 22 55 0 0 0 0 0 0 0 0 0 3 0 31 38 0 39 76 0 58 80 0 30 1 50 21 0 0 24 0 0 0 79 65 9 92 36 0 0 0 0 49 0 0 0 41 99 57 
97 27 0 16 0 0 0 57 0 18 54 67 7 57 0 89 35 85 0 57 0 17 56 58 81 77 0 0 0 10 0 0 24 0 9 9 0 0 0 0 55 0 27 58 0 91 0 47 35 21 84 26 0 0 0 60 0 0 70 0 0 0 0 0 0 85 0 42 96 0 33 0 83 0 0 0 0 0 0 0 75 89 0 40 0 0 83 0 0 0 75 0 0 0 0 0 67 21 90 0 
0 0 0 17 67 0 19 0 0 0 0 0 0 0 26 0 93 0 77 33 29 17 0 0 24 0 0 0 49 0 91 91 0 0 40 0 92 64 0 0 81 58 61 4 0 33 0 15 74 0 62 49 84 0 6 99 0 0 0 0 0 0 20 23 37 0 57 80 64 0 0 79 3 0 8 0 33 0 63 79 0 0 0 0 0 47 0 0 93 0 0 0 58 0 0 0 0 94 42 25 
0 7 0 0 81 0 0 0 0 0 0 41 0 0 4 0 95 99 0 0 84 42 0 0 0 0 0 75 89 27 0 0 0 0 0 0 0 6 0 0 0 87 0 2 61 12 26 0 15 77 0 0 6 0 0 14 0 0 57 0 0 20 0 27 0 51 29 21 4 20 0 0 0 0 0 0 0 0 0 0 0 0 74 21 0 0 31 4 0 0 95 20 0 0 0 77 0 84 29 0 
0 26 0 0 97 58 91 0 0 58 54 32 53 40 2 0 15 0 0 38 0 84 0 0 0 0 0 0 0 6 0 0 98 0 0 0 0 29 0 70 62 0 80 0 0 0 64 8 0 0 0 0 0 0 34 0 0 23 0 3 0 23 27 0 0 89 51 84 0 0 7 48 0 61 0 0 62 66 0 15 0 30 0 53 0 10 94 0 0 23 0 54 0 0 0 92 0 62 96 93 
0 0 0 22 0 0 57 32 30 0 0 0 0 89 38 14 0 0 0 0 89 0 50 0 0 53 0 0 0 0 52 43 82 0 17 3 0 0 14 0 27 71 0 0 43 86 95 85 0 0 80 0 0 51 0 98 0 0 0 0 0 37 0 0 0 41 0 0 0 0 0 0 0 0 0 64 0 35 0 0 0 87 0 0 0 0 0 0 5 0 70 0 0 0 32 0 89 0 0 0 
0 64 0 0 0 69 0 0 32 36 34 54 0 82 7 82 0 100 0 0 43 0 25 24 0 0 0 52 6 0 56 29 25 0 0 0 0 65 18 0 0 0 0 0 0 93 0 0 74 93 0 0 0 92 0 51 53 0 0 31 85 0 51 89 41 0 0 0 0 0 30 0 55 54 69 0 70 0 4 48 0 7 60 82 17 0 23 0 12 9 14 0 10 93 49 0 0 0 70 0 
42 0 0 29 0 0 10 0 0 0 0 0 42 0 60 100 40 24 22 19 35 76 32 0 20 0 42 0 0 0 0 0 0 0 0 0 33 0 0 0 6 13 0 0 0 0 0 3 7 90 0 0 99 83 59 0 0 0 75 38 0 57 29 51 0 0 0 0 0 0 0 41 74 0 0 56 3 0 0 0 0 37 0 42 0 0 0 17 0 0 0 0 0 61 0 20 37 100 3 0 
58 0 41 31 0 0 12 10 0 40 0 0 0 94 15 0 0 91 47 0 0 0 0 0 67 0 0 0 95 0 88 0 89 25 0 20 72 62 0 13 0 87 0 19 88 32 0 65 0 97 0 60 29 17 0 0 0 0 22 0 42 80 21 84 0 0 0 0 0 0 0 0 0 0 20 0 0 0 0 0 0 0 88 98 32 73 0 74 26 0 0 0 64 68 0 12 0 0 0 0 
0 83 0 29 0 0 42 46 0 0 95 0 0 0 0 88 0 0 34 41 87 0 86 41 0 0 0 0 0 0 0 0 0 0 0 0 86 0 0 0 25 0 48 14 0 0 98 0 0 0 88 36 93 65 0 71 0 0 0 39 96 64 4 0 0 0 0 0 0 2 10 94 78 32 0 0 0 64 0 17 0 0 0 0 71 0 0 39 0 1 14 0 0 37 0 0 55 46 33 23 
0 0 0 0 37 0 28 0 0 79 91 65 60 14 0 0 83 0 0 0 0 56 0 0 75 90 0 0 32 0 0 47 0 52 85 0 0 29 56 0 0 0 0 0 33 98 0 88 0 68 0 0 0 90 78 0 88 5 0 76 0 0 20 0 0 0 0 0 2 0 100 53 0 0 0 0 30 0 58 0 24 0 29 57 93 4 0 0 16 84 0 69 0 0 32 0 98 0 0 33 
0 12 0 82 50 5 37 0 0 0 0 0 98 0 45 0 86 0 0 6 0 63 0 33 0 0 90 0 0 51 0 0 0 90 99 0 15 53 0 52 0 0 91 40 24 0 0 0 0 65 29 94 0 0 0 0 26 65 82 0 33 0 0 7 0 30 0 0 10 100 0 0 0 95 0 80 57 22 1 0 52 0 24 93 0 0 0 0 65 0 18 0 0 0 0 14 63 0 65 22 
0 0 0 0 50 4 0 78 0 0 29 0 30 0 39 0 0 39 6 39 0 27 0 0 44 67 0 0 100 0 45 0 0 16 0 0 18 0 0 0 61 0 12 99 34 0 72 69 85 0 28 24 0 51 0 0 9 23 0 58 0 79 0 48 0 0 41 0 94 53 0 0 19 0 0 89 0 29 0 0 0 0 29 10 2 0 0 98 0 63 100 0 0 0 65 42 59 0 0 0 
0 4 0 0 0 46 0 23 17 0 0 15 0 0 0 0 0 0 65 22 33 0 0 82 0 0 86 0 0 0 97 0 0 57 0 3 50 0 45 0 0 0 0 0 11 0 46 34 23 0 0 0 0 0 0 20 91 0 0 80 83 3 0 0 0 55 74 0 78 0 0 19 0 46 40 1 83 18 94 0 41 33 45 0 10 75 0 44 33 4 0 6 0 0 0 0 92 0 0 0 
0 6 69 87 0 78 0 20 30 0 58 94 29 0 38 52 0 0 70 18 30 0 0 0 60 0 89 1 0 26 40 97 0 0 0 0 0 0 49 99 6 4 78 80 51 51 82 76 0 0 0 0 0 15 0 0 0 0 22 0 0 0 0 61 0 54 0 0 32 0 95 0 46 0 0 94 0 0 0 18 0 0 13 38 44 86 0 0 2 27 0 76 81 62 0 0 57 0 15 0 
0 0 0 0 0 0 0 58 19 3 74 35 0 0 0 33 36 0 0 0 5 0 0 23 0 43 0 0 30 0 0 90 0 0 72 26 8 77 0 0 0 89 27 0 29 40 0 34 0 94 87 42 0 80 76 54 12 0 42 30 0 8 0 0 0 69 0 20 0 0 0 0 40 0 0 56 0 0 0 79 0 0 0 90 13 0 0 82 0 0 0 0 20 52 34 0 0 0 0 0 
65 52 0 0 3 30 0 0 52 28 48 0 56 30 8 54 15 89 0 29 0 39 0 59 0 0 0 85 84 0 0 0 0 99 0 92 98 0 0 86 0 97 14 14 0 0 23 0 41 66 0 0 36 0 99 54 0 36 0 1 0 0 0 0 64 0 56 0 0 0 80 89 1 94 56 0 0 0 5 0 25 37 97 1 0 89 0 15 44 0 0 0 0 5 0 0 26 0 0 0 
0 39 9 37 71 10 0 35 0 92 0 0 0 0 0 0 0 0 0 0 75 0 0 88 0 0 0 0 0 47 0 62 0 0 0 0 0 91 60 0 0 0 0 0 0 62 98 0 22 9 0 27 0 0 0 67 0 0 39 50 0 33 0 62 0 70 3 0 0 30 57 0 83 0 0 0 0 45 86 0 13 0 91 98 92 67 45 0 59 0 0 57 0 36 0 0 6 32 69 67 
0 0 0 0 0 25 38 16 69 58 0 27 0 0 0 0 75 0 0 5 0 0 49 3 41 0 0 0 0 88 0 0 7 55 0 87 78 10 98 71 0 0 0 58 0 0 0 0 0 0 0 0 0 66 96 0 3 0 0 21 0 0 0 66 35 0 0 0 64 0 22 29 18 0 0 0 45 0 93 0 26 97 64 0 11 0 0 0 0 47 0 0 0 0 29 0 18 0 0 0 
20 9 0 26 81 0 0 0 0 0 0 19 80 54 12 91 0 0 0 0 13 0 0 47 85 0 14 0 100 0 87 0 66 61 7 47 0 90 36 0 0 0 0 66 0 85 0 0 0 15 0 0 0 0 0 0 8 84 0 0 0 63 0 0 0 4 0 0 0 58 1 0 94 0 0 5 86 93 0 15 0 0 0 87 0 74 40 0 0 49 0 7 29 88 22 79 0 7 46 41 
0 0 0 94 77 41 32 89 0 3 55 0 72 74 0 0 10 91 0 34 0 0 0 39 57 0 0 0 0 25 0 16 0 80 0 17 0 0 0 0 54 18 0 37 87 83 83 0 37 35 36 0 0 0 0 90 73 64 23 0 0 79 0 15 0 48 0 0 17 0 0 0 0 18 79 0 0 0 15 0 0 0 0 0 0 34 71 0 0 0 61 10 81 0 1 0 0 0 0 97 
0 0 0 0 0 0 63 0 0 0 30 98 75 0 0 0 47 20 0 0 0 0 0 81 0 0 60 83 32 0 0 0 52 47 0 0 0 13 66 42 76 77 0 33 89 0 0 41 47 61 31 0 0 49 0 0 59 0 0 24 75 0 0 0 0 0 0 0 0 24 52 0 41 0 0 25 13 26 0 0 0 0 0 21 0 0 0 0 0 0 77 0 0 21 0 0 62 0 0 22 
0 0 76 7 0 0 87 0 0 36 0 0 56 36 0 0 0 0 0 0 25 0 0 0 66 0 0 0 6 0 44 0 88 57 0 91 33 0 59 18 95 78 76 86 56 61 24 0 38 0 14 68 0 83 52 86 0 0 0 0 89 0 0 30 87 7 37 0 0 0 0 0 33 0 0 37 0 97 0 0 0 0 0 100 86 100 31 96 0 86 52 0 99 0 95 0 0 89 0 0 
9 85 37 23 10 13 0 59 0 0 0 0 0 0 0 93 0 95 0 0 61 0 27 69 79 9 0 7 0 14 0 0 0 0 92 83 80 0 85 18 0 0 0 0 9 0 0 55 0 2 0 61 33 71 0 96 53 2 0 0 0 0 74 0 0 60 0 88 0 29 24 29 45 13 0 97 91 64 0 0 0 0 0 28 48 4 0 0 66 35 69 10 0 0 0 0 0 60 12 0 
0 85 99 0 0 6 0 0 0 0 0 0 100 75 0 0 63 0 0 64 0 0 66 0 96 0 87 0 0 0 91 0 50 0 0 0 88 33 0 93 0 11 46 0 91 0 30 58 0 0 51 0 0 0 0 11 98 82 0 0 40 0 21 53 0 82 42 98 0 57 93 10 0 38 90 1 98 0 87 0 21 100 28 0 31 0 56 41 0 0 69 0 2 0 53 93 0 0 29 20 
0 34 5 42 0 70 6 0 0 0 0 0 0 50 0 58 22 92 0 36 0 54 0 0 0 0 49 25 62 31 81 89 0 0 0 28 0 0 34 50 3 79 0 0 100 84 70 0 0 45 96 0 56 0 27 35 0 35 82 79 0 0 0 0 0 17 0 32 71 93 0 2 10 44 13 0 92 11 0 0 0 86 48 31 0 0 45 0 40 0 71 0 0 0 0 5 0 0 0 0 
10 11 0 66 0 0 0 0 0 0 66 0 0 0 0 0 0 0 77 51 0 0 0 0 67 63 0 0 75 0 0 19 0 0 99 0 19 0 84 39 59 0 83 0 0 0 0 7 69 0 0 0 20 99 62 0 94 42 0 65 0 47 0 10 0 0 0 73 0 4 0 0 75 86 0 89 67 0 74 34 0 100 4 0 0 0 88 0 0 82 71 35 41 26 0 70 0 0 0 0 
0 86 0 55 0 0 0 0 0 18 0 43 0 47 0 33 0 0 0 93 0 0 0 0 0 0 0 82 94 0 47 25 0 0 0 0 0 0 0 0 36 0 65 0 0 61 0 0 4 0 0 56 0 0 0 60 45 0 15 9 83 0 31 94 0 23 0 0 0 0 0 0 0 0 0 0 45 0 40 71 0 31 0 56 45 88 0 57 0 15 76 53 0 0 0 0 0 90 54 39 
88 0 17 0 100 0 33 69 0 0 17 0 0 2 0 100 43 0 0 0 56 0 13 0 0 0 0 0 0 0 0 22 0 73 23 59 0 0 100 0 80 0 74 0 21 76 0 0 0 0 0 27 49 0 0 17 23 68 61 92 0 0 4 0 0 0 17 74 39 0 0 98 44 0 82 15 0 0 0 0 0 96 0 41 0 0 57 0 0 0 0 0 0 0 0 0 0 0 7 57 
2 0 0 80 92 0 0 67 0 0 0 25 0 0 51 62 98 0 49 72 0 0 61 0 0 43 0 0 0 49 0 30 83 5 32 63 35 0 7 77 90 0 55 48 0 0 0 12 70 0 0 41 74 0 0 0 0 0 0 36 0 93 0 0 5 12 0 26 0 16 65 0 33 2 0 44 59 0 0 0 0 0 66 0 40 0 0 0 0 79 70 87 59 5 0 29 6 83 19 0 
19 0 15 73 64 0 37 0 0 0 0 0 17 0 93 53 4 0 0 0 21 0 0 0 0 51 3 80 67 51 0 0 0 0 0 51 0 21 51 0 0 0 29 42 46 74 43 0 0 0 0 0 0 20 29 0 0 0 25 0 0 0 0 23 0 9 0 0 1 84 0 63 4 27 0 0 0 47 49 0 0 86 35 0 0 82 15 0 79 0 0 0 90 0 5 0 0 52 23 0 
43 0 0 83 0 77 22 0 48 0 0 19 94 11 0 0 0 83 71 0 0 0 0 83 7 0 40 62 0 59 0 0 52 0 69 0 11 0 28 15 21 0 0 0 0 46 0 0 79 43 73 0 97 42 18 0 0 0 28 0 75 0 95 0 70 14 0 0 14 0 18 100 0 0 0 0 0 0 0 61 77 52 69 69 71 71 76 0 70 0 0 29 58 0 9 0 83 0 31 0 
0 0 0 93 0 16 68 47 99 0 0 40 79 38 98 80 47 56 0 0 72 12 67 79 0 21 0 16 55 0 0 15 69 12 0 0 8 0 23 48 0 0 65 0 0 62 0 0 0 63 0 0 0 64 98 0 19 0 39 0 0 0 20 54 0 0 0 0 0 69 0 0 6 76 0 0 57 0 7 10 0 0 10 0 0 35 53 0 87 0 29 0 70 0 0 98 83 99 0 0 
68 0 0 14 0 77 0 97 0 0 28 95 0 0 82 0 0 9 0 0 0 38 0 80 36 0 0 0 7 0 0 73 0 0 8 0 37 33 11 0 99 0 0 0 0 13 68 0 50 0 0 0 0 74 80 0 0 97 98 0 0 58 0 0 0 10 0 64 0 0 0 0 0 81 20 0 0 0 29 81 0 99 0 2 0 41 0 0 59 90 58 70 0 27 0 46 60 0 0 0 
0 54 0 33 0 0 54 0 0 26 0 6 93 0 0 73 0 0 26 100 97 48 0 0 97 46 0 0 56 0 88 0 7 0 0 16 53 70 0 89 92 14 0 47 96 70 0 95 0 0 0 79 87 78 0 29 14 0 68 49 0 0 0 0 0 93 61 68 37 0 0 0 0 62 52 5 36 0 88 0 21 0 0 0 0 26 0 0 5 0 0 0 27 0 6 99 27 37 0 0 
0 0 41 41 0 57 0 98 84 0 0 10 0 62 0 2 21 6 0 0 0 0 0 47 0 0 0 68 0 0 92 79 25 50 0 6 18 24 0 0 0 65 34 95 66 0 0 56 0 80 72 50 0 75 0 56 0 0 0 0 0 0 0 0 32 49 0 0 0 32 0 65 0 0 34 0 0 29 22 1 0 95 0 53 0 0 0 0 0 5 9 0 0 6 0 79 9 0 0 13 
59 74 78 0 0 0 0 0 2 98 0 19 0 0 29 0 11 0 16 88 74 18 0 0 37 88 0 0 15 69 65 0 54 78 0 66 52 0 0 0 100 0 6 0 0 45 0 57 0 75 55 0 36 41 0 16 0 0 96 0 0 0 77 92 0 0 20 12 0 0 14 42 0 0 0 0 0 0 79 0 0 0 0 93 5 70 0 0 29 0 0 98 46 99 79 0 0 82 59 20 
35 0 0 0 50 86 52 0 0 0 52 6 0 20 0 28 0 0 64 0 0 56 0 0 0 64 0 69 29 2 89 81 0 0 0 0 81 50 0 58 93 0 0 87 0 0 29 50 68 33 0 76 0 46 0 70 19 0 0 0 67 0 0 0 89 0 37 0 55 98 63 59 92 57 0 26 6 18 0 0 62 0 0 0 0 0 0 0 6 0 83 83 60 27 9 0 0 0 93 20 
0 0 39 0 0 0 0 0 0 0 73 0 74 0 63 68 61 1 0 0 0 0 0 0 0 0 32 0 0 0 7 0 53 0 66 46 0 24 98 28 49 0 55 0 0 8 0 90 69 78 90 0 86 0 0 0 0 57 56 41 21 94 84 62 0 0 100 0 46 0 0 0 0 0 0 0 32 0 7 0 0 89 60 0 0 0 90 0 83 52 0 99 0 37 0 82 0 0 89 57 
0 46 41 0 0 0 0 25 0 0 0 0 27 0 0 31 0 58 91 10 77 23 45 42 0 0 63 64 45 0 62 0 54 0 0 0 0 0 0 30 18 0 18 75 49 32 0 7 0 78 30 0 0 0 0 78 0 0 0 99 90 42 29 96 0 70 3 0 33 0 65 0 0 15 0 0 69 0 46 0 0 0 12 29 0 0 54 7 19 23 31 0 0 0 0 59 93 89 0 64 
0 0 0 26 41 69 0 18 0 0 0 40 0 56 83 0 6 50 0 0 89 0 0 0 0 86 0 0 0 12 36 0 0 0 0 0 0 0 0 0 89 0 0 74 0 0 0 0 55 0 74 94 79 0 0 88 13 83 0 57 0 25 0 93 0 0 0 0 23 33 22 0 0 0 0 0 67 0 41 97 22 0 0 20 0 0 39 57 0 0 0 0 0 0 13 20 20 57 64 0 
