0 0 0 0 0 0 0 0 0 0 37 0 0 0 0 0 0 0 0 0 0 0 0 0 0 0 0 0 168 259 0 0 0 0 0 0 0 0 114 0 0 0 0 0 0 0 0 135 0 0 0 0 0 0 0 0 277 0 0 22 0 0 0 0 0 0 0 0 0 199 0 0 0 0 0 0 0 161 150 93 0 0 0 0 285 0 0 0 0 0 0 0 0 0 0 0 0 0 0 33 
0 0 0 0 0 0 0 0 0 0 0 0 0 0 246 0 0 0 0 0 0 26 0 142 0 0 0 0 0 0 0 0 0 0 0 254 0 0 0 0 0 0 0 0 0 0 0 0 0 0 0 0 0 0 0 0 0 0 0 0 0 0 0 252 62 214 0 0 0 69 0 0 0 0 0 0 0 72 0 0 0 0 0 0 0 0 0 36 0 0 0 0 0 0 0 36 0 0 0 0 
0 0 0 0 155 0 0 0 0 0 0 0 0 0 0 0 64 0 0 0 0 0 0 0 0 0 0 0 212 0 0 0 0 39 0 0 0 0 0 0 0 233 0 74 0 0 0 0 0 0 0 0 0 0 0 0 0 0 0 0 0 107 0 0 0 0 0 0 0 0 0 0 0 0 0 0 0 0 42 22 0 0 0 0 0 0 0 0 0 0 0 0 175 0 0 0 0 0 0 0 
0 0 0 0 0 170 0 152 0 0 0 0 0 0 0 0 0 0 0 0 0 0 0 0 0 0 0 0 0 0 0 0 0 0 0 0 24 0 144 0 155 0 0 0 226 0 131 0 0 71 0 0 0 0 0 0 275 0 0 0 0 0 0 0 0 0 0 0 0 0 105 0 0 0 0 0 0 0 0 0 0 0 0 0 0 125 0 127 0 0 0 0 0 0 0 0 0 0 0 0 
0 0 155 0 0 0 0 0 25 0 0 0 0 0 0 0 0 0 0 0 0 0 180 0 282 0 0 0 0 0 238 0 0 0 0 0 0 0 0 0 0 0 0 0 0 0 0 0 0 0 0 0 0 0 0 0 221 0 0 289 25 0 0 0 0 0 0 0 71 112 0 0 0 0 0 0 90 0 0 0 0 0 0 209 101 0 0 0 0 168 0 0 0 0 0 0 0 135 0 0 
0 0 0 170 0 0 10 0 0 181 0 0 0 0 0 0 252 0 0 0 0 0 0 0 0 0 95 0 0 0 0 0 0 0 52 0 0 0 0 132 0 0 0 162 0 0 0 0 0 0 0 0 188 0 230 0 0 115 215 0 151 0 0 0 0 0 0 0 0 0 0 0 0 0 0 0 0 0 0 0 0 287 0 0 0 0 0 0 0 0 0 279 0 0 0 0 0 0 0 0 
0 0 0 0 0 10 0 0 0 0 0 0 0 0 0 0 0 0 0 0 77 0 0 0 155 0 0 0 0 0 115 0 84 27 0 0 0 0 0 0 0 0 0 0 0 0 0 0 0 0 28 0 0 0 0 0 80 229 0 0 0 0 0 0 0 0 0 0 0 0 15 0 0 0 0 204 0 0 150 0 0 0 179 0 0 0 0 0 90 0 0 0 0 0 0 0 0 262 0 0 
0 0 0 152 0 0 0 0 0 0 0 0 0 82 0 0 0 0 0 0 0 0 8 0 0 0 0 0 0 0 252 0 0 0 0 0 0 178 0 0 0 0 0 0 0 0 291 0 0 0 0 0 0 0 0 0 0 0 0 0 0 0 0 98 0 0 0 0 0 0 0 0 0 0 0 0 0 274 0 0 0 126 0 0 0 0 0 266 0 0 0 0 292 0 171 0 226 44 0 122 
0 0 0 0 25 0 0 0 0 0 266 0 225 0 168 0 0 0 0 0 0 0 0 160 0 0 0 0 236 0 0 0 0 0 33 0 0 0 0 0 186 0 0 0 216 0 0 0 0 0 0 0 0 0 0 0 0 0 0 0 61 0 42 254 0 187 0 0 0 0 0 0 0 225 20 0 0 0 0 0 0 0 0 0 0 0 0 0 0 0 0 0 0 0 0 0 0 0 0 0 
0 0 0 0 0 181 0 0 0 0 0 0 0 0 182 0 0 0 0 0 0 0 77 0 0 0 0 238 0 0 0 0 0 0 0 0 0 0 0 0 0 0 0 0 0 0 0 0 0 0 0 0 0 0 0 160 0 138 0 0 0 219 65 0 0 50 0 0 0 0 286 0 0 0 0 299 0 0 0 0 0 0 0 0 0 0 0 0 0 0 49 0 0 0 103 0 0 4 0 0 
37 0 0 0 0 0 0 0 266 0 0 0 0 0 0 0 0 47 294 0 0 0 0 0 0 0 0 0 0 0 0 0 0 0 0 0 173 0 0 0 0 0 0 0 0 0 0 0 165 0 195 0 11 0 0 0 6 0 0 0 0 0 0 244 0 0 0 9 0 0 0 0 0 0 0 0 0 0 0 194 0 0 0 0 0 0 0 0 0 0 0 0 0 0 0 0 0 0 0 160 
0 0 0 0 0 0 0 0 0 0 0 0 0 0 0 71 0 0 0 0 0 0 232 0 0 0 0 0 0 0 0 0 288 0 0 0 0 0 0 0 0 0 112 0 0 0 0 0 0 0 0 0 0 0 0 0 246 297 0 0 0 0 0 0 0 0 0 0 0 0 0 70 0 0 0 0 0 0 62 0 48 27 0 0 0 0 0 0 0 0 0 0 0 277 0 77 0 0 0 0 
0 0 0 0 0 0 0 0 225 0 0 0 0 196 0 0 0 257 0 0 218 0 0 0 0 0 0 0 0 0 0 0 0 0 0 0 0 0 0 0 0 285 0 0 0 0 0 0 0 158 0 0 0 0 0 0 0 71 0 0 214 0 0 0 0 0 0 0 163 0 0 0 0 0 87 0 66 0 0 0 0 0 0 0 0 0 0 0 0 0 0 0 50 0 0 0 0 0 0 0 
0 0 0 0 0 0 0 82 0 0 0 0 196 0 0 133 0 0 0 0 0 0 0 226 0 0 0 0 0 0 0 0 0 0 0 0 0 0 0 236 0 0 0 0 0 114 0 0 0 0 82 0 0 0 0 0 0 0 0 0 0 0 0 0 0 0 0 0 0 72 0 262 0 0 0 0 0 0 0 0 0 0 0 0 0 0 0 0 0 0 0 0 0 47 0 0 45 0 0 157 
0 246 0 0 0 0 0 0 168 182 0 0 0 0 0 0 0 0 0 0 0 265 0 0 0 0 0 0 0 0 0 0 0 0 0 0 277 100 23 0 0 0 0 0 0 90 0 0 0 0 0 0 0 0 0 0 0 0 0 0 0 0 0 0 0 105 0 0 42 0 0 0 0 0 0 107 0 0 0 0 0 0 0 0 0 101 0 0 0 0 0 0 0 124 0 0 299 0 0 0 
0 0 0 0 0 0 0 0 0 0 0 71 0 133 0 0 129 0 0 0 0 0 0 0 0 0 0 0 0 102 0 0 0 0 0 99 0 299 0 0 0 109 0 119 0 0 0 0 0 0 0 0 0 0 0 0 0 0 0 0 0 0 0 0 0 0 0 0 0 0 0 0 0 0 0 0 0 0 0 0 0 0 0 72 0 0 238 0 0 0 144 0 0 0 0 155 0 0 0 0 
0 0 64 0 0 252 0 0 0 0 0 0 0 0 0 129 0 0 0 0 0 0 0 0 0 183 0 65 0 0 0 0 0 0 0 0 0 0 0 63 0 0 0 0 0 0 0 137 0 0 0 0 49 0 0 0 0 0 181 0 0 0 0 112 0 34 0 0 53 0 0 0 0 0 0 0 0 0 0 0 0 0 0 0 0 0 200 0 0 0 0 0 0 231 0 0 0 0 0 0 
0 0 0 0 0 0 0 0 0 0 47 0 257 0 0 0 0 0 0 0 0 299 0 0 197 0 0 0 0 0 0 0 0 0 0 0 0 0 0 0 257 0 0 0 0 0 146 0 0 0 0 0 0 277 235 0 0 0 0 0 0 0 0 0 0 0 107 0 0 0 285 0 144 192 0 0 0 0 0 0 170 0 0 0 0 112 0 0 0 0 294 0 0 0 0 0 0 0 0 0 
0 0 0 0 0 0 0 0 0 0 294 0 0 0 0 0 0 0 0 0 200 0 0 0 217 282 0 0 0 0 0 0 0 0 0 0 0 0 18 0 0 0 0 0 0 0 0 0 0 0 0 157 0 0 0 0 0 0 0 0 0 0 67 0 0 0 0 0 0 0 0 0 0 0 0 0 0 0 153 0 0 0 0 0 0 0 217 11 0 140 0 0 0 0 252 0 295 0 0 0 
0 0 0 0 0 0 0 0 0 0 0 0 0 0 0 0 0 0 0 0 0 0 0 0 0 277 25 0 0 0 0 0 134 0 0 0 0 0 74 74 0 0 0 0 0 0 0 0 0 0 0 117 0 226 0 113 0 0 297 0 0 0 0 0 0 0 0 196 0 0 250 0 0 0 0 0 0 0 0 0 0 204 0 0 0 0 0 0 0 0 0 0 0 0 0 129 0 0 0 33 
0 0 0 0 0 0 77 0 0 0 0 0 218 0 0 0 0 0 200 0 0 0 0 0 0 0 0 0 0 0 0 0 0 105 0 0 0 0 107 0 0 0 0 0 0 0 0 207 0 0 0 0 0 0 0 178 0 0 0 0 0 31 0 0 0 165 219 0 0 0 0 0 253 0 0 0 0 0 0 0 0 0 0 74 0 0 0 0 0 0 0 142 0 0 0 0 0 0 0 0 
0 26 0 0 0 0 0 0 0 0 0 0 0 0 265 0 0 299 0 0 0 0 0 0 0 0 0 0 0 0 0 0 0 0 0 0 0 204 181 0 0 0 0 0 0 0 0 0 0 106 0 291 0 0 0 0 0 0 0 138 0 0 0 0 0 0 245 0 0 0 0 0 0 0 0 0 0 0 0 0 3 0 0 167 0 0 0 0 0 0 0 0 48 0 0 0 0 0 0 259 
0 0 0 0 180 0 0 8 0 77 0 232 0 0 0 0 0 0 0 0 0 0 0 0 0 0 0 0 0 0 0 0 0 0 0 0 0 0 0 0 0 0 0 0 208 0 0 0 0 0 0 0 0 0 0 0 0 0 0 0 0 0 0 205 268 0 0 0 0 0 0 0 0 47 0 0 23 0 0 0 0 0 0 0 0 0 0 0 0 0 0 0 70 293 0 0 0 0 0 0 
0 142 0 0 0 0 0 0 160 0 0 0 0 226 0 0 0 0 0 0 0 0 0 0 0 0 0 0 0 0 123 0 0 102 211 115 0 0 0 0 0 91 0 0 0 0 147 0 0 115 0 0 0 0 0 0 0 0 0 0 0 0 0 21 260 0 0 0 0 0 0 0 0 0 0 0 0 0 0 0 244 0 0 0 0 0 0 0 0 0 185 0 0 0 0 0 0 0 0 0 
0 0 0 0 282 0 155 0 0 0 0 0 0 0 0 0 0 197 217 0 0 0 0 0 0 0 0 0 182 0 0 0 111 0 0 0 0 0 0 0 0 0 0 2 0 0 0 41 0 0 0 6 0 0 0 0 0 0 0 0 0 0 0 0 0 0 0 0 0 0 0 0 179 0 0 44 0 0 0 0 0 0 30 0 0 0 145 0 0 0 0 0 0 0 0 0 0 0 69 0 
0 0 0 0 0 0 0 0 0 0 0 0 0 0 0 0 183 0 282 277 0 0 0 0 0 0 0 0 109 147 0 0 109 0 0 0 0 123 0 0 0 0 0 200 290 0 0 276 0 0 0 0 0 0 0 0 0 0 76 0 0 0 201 0 0 0 256 0 0 0 0 0 0 0 0 0 0 0 0 0 0 0 0 0 0 0 0 0 0 0 0 0 0 89 0 51 0 0 0 0 
0 0 0 0 0 95 0 0 0 0 0 0 0 0 0 0 0 0 0 25 0 0 0 0 0 0 0 67 0 0 67 0 0 0 0 0 0 0 0 0 0 0 0 0 0 0 0 0 0 0 0 0 0 184 0 0 0 0 0 0 0 0 0 0 0 233 0 90 0 0 0 0 0 0 0 0 0 0 0 0 0 125 0 0 98 0 0 0 0 0 0 0 0 0 114 0 0 0 0 64 
0 0 0 0 0 0 0 0 0 238 0 0 0 0 0 0 65 0 0 0 0 0 0 0 0 0 67 0 246 0 0 224 0 0 0 0 0 0 0 0 0 0 0 0 0 0 0 0 0 171 0 0 0 0 0 0 0 217 0 0 0 0 27 0 0 0 0 0 0 0 0 0 100 0 0 0 0 0 0 0 0 0 0 168 0 0 0 0 0 0 0 0 0 0 0 0 0 0 0 0 
168 0 212 0 0 0 0 0 236 0 0 0 0 0 0 0 0 0 0 0 0 0 0 0 182 109 0 246 0 0 0 0 0 0 0 0 0 0 0 0 139 0 0 0 254 0 0 0 0 0 0 0 0 0 0 0 0 0 0 0 0 0 0 0 0 0 0 0 0 0 0 0 0 50 0 0 0 0 0 0 0 0 0 56 0 0 0 0 0 0 0 197 109 0 0 0 0 0 0 0 
259 0 0 0 0 0 0 0 0 0 0 0 0 0 0 102 0 0 0 0 0 0 0 0 0 147 0 0 0 0 0 0 0 0 0 201 122 0 0 0 0 0 0 0 244 0 0 53 0 0 0 0 0 0 0 272 0 0 226 0 0 0 0 0 0 0 0 0 0 0 0 0 0 0 0 0 0 0 0 0 0 0 90 208 233 0 110 84 203 0 0 0 0 0 0 0 0 0 0 0 
0 0 0 0 238 0 115 252 0 0 0 0 0 0 0 0 0 0 0 0 0 0 0 123 0 0 67 0 0 0 0 0 38 0 0 0 0 0 0 90 0 0 0 0 0 0 0 0 0 0 0 0 0 0 0 0 0 0 0 0 0 0 150 0 0 0 0 89 0 0 0 0 0 0 0 0 0 60 0 43 140 0 0 0 0 0 0 0 0 0 0 0 107 0 14 0 67 0 0 0 
0 0 0 0 0 0 0 0 0 0 0 0 0 0 0 0 0 0 0 0 0 0 0 0 0 0 0 224 0 0 0 0 0 0 0 0 268 296 0 0 0 131 0 0 0 0 0 0 0 0 0 0 223 0 0 0 0 0 0 0 0 191 0 0 0 0 0 290 0 0 0 0 250 0 0 0 0 0 0 0 0 67 71 0 0 0 0 0 0 0 0 62 0 0 0 0 0 0 0 0 
0 0 0 0 0 0 84 0 0 0 0 288 0 0 0 0 0 0 0 134 0 0 0 0 111 109 0 0 0 0 38 0 0 251 0 0 0 241 0 0 0 0 0 0 264 0 0 0 176 0 0 0 0 0 0 141 0 0 0 0 0 0 0 0 0 0 0 0 0 0 32 0 0 0 287 0 0 0 0 0 0 0 0 0 0 0 0 0 0 0 0 0 0 0 0 0 0 245 0 194 
0 0 39 0 0 0 27 0 0 0 0 0 0 0 0 0 0 0 0 0 105 0 0 102 0 0 0 0 0 0 0 0 251 0 0 0 0 0 0 0 165 0 0 0 0 0 0 0 0 0 0 0 0 0 0 0 0 0 213 0 0 0 0 0 0 0 0 0 0 0 0 0 0 239 0 0 0 0 0 0 121 163 0 0 254 0 0 28 0 0 0 0 0 0 191 0 0 0 0 0 
0 0 0 0 0 52 0 0 33 0 0 0 0 0 0 0 0 0 0 0 0 0 0 211 0 0 0 0 0 0 0 0 0 0 0 0 0 0 0 170 0 122 0 0 0 0 0 149 0 0 0 0 0 0 197 17 0 0 0 0 0 221 0 0 0 0 0 19 0 273 0 0 0 0 0 0 0 0 0 0 220 0 0 0 0 0 0 232 0 0 0 0 0 0 0 0 0 50 0 0 
0 254 0 0 0 0 0 0 0 0 0 0 0 0 0 99 0 0 0 0 0 0 0 115 0 0 0 0 0 201 0 0 0 0 0 0 0 0 104 0 0 0 283 153 0 0 0 135 0 0 168 0 60 0 0 0 0 0 0 0 0 0 161 0 0 0 0 0 0 0 0 71 0 0 193 0 0 0 0 0 0 0 0 0 0 0 0 0 0 0 46 127 0 0 0 0 0 0 0 0 
0 0 0 24 0 0 0 0 0 0 173 0 0 0 277 0 0 0 0 0 0 0 0 0 0 0 0 0 0 122 0 268 0 0 0 0 0 0 0 0 0 0 0 0 0 0 0 259 0 0 0 0 0 0 0 0 0 58 30 0 0 0 0 0 0 231 0 0 0 0 0 0 0 0 0 183 0 0 0 0 0 0 0 0 0 0 0 0 0 37 0 128 0 0 0 0 0 0 0 0 
0 0 0 0 0 0 0 178 0 0 0 0 0 0 100 299 0 0 0 0 0 204 0 0 0 123 0 0 0 0 0 296 241 0 0 0 0 0 0 0 0 0 0 0 143 0 0 0 66 0 0 103 0 0 0 0 0 60 0 0 0 0 0 0 0 0 0 0 78 0 0 0 0 110 0 0 0 0 0 0 0 0 0 0 0 0 0 0 0 153 0 0 0 0 0 0 11 0 0 0 
114 0 0 144 0 0 0 0 0 0 0 0 0 0 23 0 0 0 18 74 107 181 0 0 0 0 0 0 0 0 0 0 0 0 0 104 0 0 0 0 0 0 0 143 0 0 161 190 0 0 0 0 0 0 0 0 0 0 0 0 0 0 0 0 0 256 0 0 0 0 0 0 0 0 0 0 0 0 0 0 0 0 0 0 0 0 0 0 99 0 0 45 95 0 0 0 0 0 0 0 
0 0 0 0 0 132 0 0 0 0 0 0 0 236 0 0 63 0 0 74 0 0 0 0 0 0 0 0 0 0 90 0 0 0 170 0 0 0 0 0 175 0 0 0 0 0 0 0 0 213 0 0 0 224 0 138 0 0 0 0 0 0 155 0 0 0 0 0 0 184 0 0 0 0 0 0 0 0 0 0 0 0 0 0 0 0 0 0 0 0 0 0 93 0 0 0 0 0 31 148 
0 0 0 155 0 0 0 0 186 0 0 0 0 0 0 0 0 257 0 0 0 0 0 0 0 0 0 0 139 0 0 0 0 165 0 0 0 0 0 175 0 0 1 0 0 0 0 0 0 0 103 0 0 0 0 0 263 0 0 0 0 0 0 0 101 0 166 0 0 0 0 0 0 188 0 0 0 0 0 0 0 0 0 0 0 0 151 0 0 0 0 0 0 0 90 0 0 44 0 0 
0 0 233 0 0 0 0 0 0 0 0 0 285 0 0 109 0 0 0 0 0 0 0 91 0 0 0 0 0 0 0 131 0 0 122 0 0 0 0 0 0 0 0 0 0 0 230 180 0 0 0 0 0 0 0 0 0 0 0 0 0 0 0 0 0 0 0 0 0 0 0 0 0 227 0 116 0 0 0 0 0 0 0 0 0 147 0 0 0 0 0 0 0 0 0 0 0 0 0 0 
0 0 0 0 0 0 0 0 0 0 0 112 0 0 0 0 0 0 0 0 0 0 0 0 0 0 0 0 0 0 0 0 0 0 0 283 0 0 0 0 1 0 0 0 0 0 0 0 0 0 0 0 0 0 118 0 0 247 0 0 0 0 291 0 0 0 0 0 258 0 0 0 0 0 0 0 0 0 0 0 0 0 0 0 0 91 0 0 0 0 0 140 0 0 0 0 0 158 0 0 
0 0 74 0 0 162 0 0 0 0 0 0 0 0 0 119 0 0 0 0 0 0 0 0 2 200 0 0 0 0 0 0 0 0 0 153 0 0 143 0 0 0 0 0 0 0 288 0 0 0 0 133 0 0 33 0 0 0 0 0 0 0 0 0 0 22 0 0 0 0 0 0 0 0 0 0 0 0 0 0 0 0 0 0 0 0 0 231 0 6 0 0 0 0 0 0 0 0 37 0 
0 0 0 226 0 0 0 0 216 0 0 0 0 0 0 0 0 0 0 0 0 0 208 0 0 290 0 0 254 244 0 0 264 0 0 0 0 143 0 0 0 0 0 0 0 92 0 0 0 0 0 0 0 0 0 0 0 0 0 0 0 170 0 0 0 0 0 0 0 0 0 137 0 0 0 0 0 0 237 0 0 0 0 0 0 0 0 0 114 0 0 0 0 0 0 115 0 0 0 296 
0 0 0 0 0 0 0 0 0 0 0 0 0 114 90 0 0 0 0 0 0 0 0 0 0 0 0 0 0 0 0 0 0 0 0 0 0 0 0 0 0 0 0 0 92 0 0 0 0 0 0 185 0 0 0 0 217 0 0 0 0 234 0 0 0 0 0 122 0 0 0 165 0 99 152 0 26 0 0 0 0 265 0 0 0 0 0 2 0 0 0 0 0 248 132 0 0 0 0 0 
0 0 0 131 0 0 0 291 0 0 0 0 0 0 0 0 0 146 0 0 0 0 0 147 0 0 0 0 0 0 0 0 0 0 0 0 0 0 161 0 0 230 0 288 0 0 0 0 0 49 297 0 172 0 0 0 0 0 0 0 0 0 0 0 0 0 0 133 0 0 0 141 0 0 0 0 297 0 0 0 0 239 0 0 0 0 0 0 0 0 0 0 0 0 0 0 68 0 0 0 
135 0 0 0 0 0 0 0 0 0 0 0 0 0 0 0 137 0 0 0 207 0 0 0 41 276 0 0 0 53 0 0 0 0 149 135 259 0 190 0 0 180 0 0 0 0 0 0 0 0 0 0 0 0 0 0 0 0 286 0 0 0 0 0 105 0 0 0 0 0 102 0 0 0 0 0 0 0 0 0 0 0 0 0 0 0 267 0 0 0 0 0 0 0 0 0 0 0 0 0 
0 0 0 0 0 0 0 0 0 0 165 0 0 0 0 0 0 0 0 0 0 0 0 0 0 0 0 0 0 0 0 0 176 0 0 0 0 66 0 0 0 0 0 0 0 0 0 0 0 0 14 0 0 0 0 32 0 0 0 0 0 0 0 0 275 0 0 0 0 0 121 0 0 0 0 0 0 141 0 0 0 0 0 0 0 0 0 0 0 0 0 0 0 0 0 96 0 0 0 0 
0 0 0 71 0 0 0 0 0 0 0 0 158 0 0 0 0 0 0 0 0 106 0 115 0 0 0 171 0 0 0 0 0 0 0 0 0 0 0 213 0 0 0 0 0 0 49 0 0 0 0 0 0 0 0 0 0 0 0 221 0 72 0 0 0 0 0 0 0 0 0 0 0 0 0 0 0 3 102 0 237 0 0 0 0 0 0 0 0 0 37 0 0 214 0 0 0 0 0 0 
0 0 0 0 0 0 28 0 0 0 195 0 0 82 0 0 0 0 0 0 0 0 0 0 0 0 0 0 0 0 0 0 0 0 0 168 0 0 0 0 103 0 0 0 0 0 297 0 14 0 0 240 0 0 0 0 253 44 0 0 0 0 0 284 0 0 0 0 0 159 0 0 0 0 19 48 175 0 0 0 0 0 0 0 0 0 0 0 0 0 0 0 0 0 0 0 0 0 0 0 
0 0 0 0 0 0 0 0 0 0 0 0 0 0 0 0 0 0 157 117 0 291 0 0 6 0 0 0 0 0 0 0 0 0 0 0 0 103 0 0 0 0 0 133 0 185 0 0 0 0 240 0 0 0 86 0 0 83 0 145 0 0 0 0 125 0 0 0 0 0 0 131 0 0 0 0 0 0 0 0 0 0 0 0 0 0 0 0 0 0 0 0 0 271 0 0 244 0 0 0 
0 0 0 0 0 188 0 0 0 0 11 0 0 0 0 0 49 0 0 0 0 0 0 0 0 0 0 0 0 0 0 223 0 0 0 60 0 0 0 0 0 0 0 0 0 0 172 0 0 0 0 0 0 0 0 0 0 0 0 0 0 0 0 0 0 0 0 0 58 0 0 0 0 0 0 0 0 70 0 0 0 0 51 0 0 0 0 0 0 82 239 0 0 0 0 0 174 87 0 0 
0 0 0 0 0 0 0 0 0 0 0 0 0 0 0 0 0 277 0 226 0 0 0 0 0 0 184 0 0 0 0 0 0 0 0 0 0 0 0 224 0 0 0 0 0 0 0 0 0 0 0 0 0 0 0 0 0 0 0 94 0 0 0 58 0 0 0 0 0 0 0 0 0 0 0 0 128 0 0 0 0 265 0 0 108 0 0 0 0 0 0 0 0 0 0 0 248 0 30 0 
0 0 0 0 0 230 0 0 0 0 0 0 0 0 0 0 0 235 0 0 0 0 0 0 0 0 0 0 0 0 0 0 0 0 197 0 0 0 0 0 0 0 118 33 0 0 0 0 0 0 0 86 0 0 0 0 0 0 0 0 0 0 0 0 0 0 0 0 0 0 0 284 0 0 137 0 0 0 0 0 0 0 0 0 0 0 0 0 0 0 0 0 163 0 0 0 0 71 0 0 
0 0 0 0 0 0 0 0 0 160 0 0 0 0 0 0 0 0 0 113 178 0 0 0 0 0 0 0 0 272 0 0 141 0 17 0 0 0 0 138 0 0 0 0 0 0 0 0 32 0 0 0 0 0 0 0 0 0 0 0 0 0 0 0 210 0 0 0 74 0 0 0 0 0 0 0 297 150 0 0 0 0 0 0 0 0 0 0 0 35 0 0 0 0 0 0 0 300 0 0 
277 0 0 275 221 0 80 0 0 0 6 246 0 0 0 0 0 0 0 0 0 0 0 0 0 0 0 0 0 0 0 0 0 0 0 0 0 0 0 0 263 0 0 0 0 217 0 0 0 0 253 0 0 0 0 0 0 0 0 187 85 0 202 0 0 0 0 0 0 0 0 0 31 0 0 0 0 0 0 65 0 0 0 0 0 0 0 0 0 0 0 197 0 0 0 0 0 0 0 0 
0 0 0 0 0 115 229 0 0 138 0 297 71 0 0 0 0 0 0 0 0 0 0 0 0 0 0 217 0 0 0 0 0 0 0 0 58 60 0 0 0 0 247 0 0 0 0 0 0 0 44 83 0 0 0 0 0 0 0 0 71 0 0 0 181 0 0 0 0 0 0 0 0 0 0 0 0 0 0 0 0 0 0 0 0 0 143 0 0 0 0 0 0 0 0 295 0 0 0 0 
0 0 0 0 0 215 0 0 0 0 0 0 0 0 0 0 181 0 0 297 0 0 0 0 0 76 0 0 0 226 0 0 0 213 0 0 30 0 0 0 0 0 0 0 0 0 0 286 0 0 0 0 0 0 0 0 0 0 0 0 0 0 0 0 272 0 103 0 226 274 0 0 0 0 0 0 0 0 0 0 100 0 0 0 0 0 0 52 0 0 0 0 0 0 0 238 0 0 0 0 
22 0 0 0 289 0 0 0 0 0 0 0 0 0 0 0 0 0 0 0 0 138 0 0 0 0 0 0 0 0 0 0 0 0 0 0 0 0 0 0 0 0 0 0 0 0 0 0 0 221 0 145 0 94 0 0 187 0 0 0 0 0 0 0 0 0 0 0 0 0 0 0 0 0 263 266 0 0 0 0 0 0 0 0 0 0 0 0 0 0 0 137 0 0 0 0 0 40 0 0 
0 0 0 0 25 151 0 0 61 0 0 0 214 0 0 0 0 0 0 0 0 0 0 0 0 0 0 0 0 0 0 0 0 0 0 0 0 0 0 0 0 0 0 0 0 0 0 0 0 0 0 0 0 0 0 0 85 71 0 0 0 0 10 0 0 0 262 0 0 0 0 0 0 0 292 0 0 0 0 0 18 94 0 9 0 0 205 0 0 0 0 171 0 0 0 0 0 0 195 0 
0 0 107 0 0 0 0 0 0 219 0 0 0 0 0 0 0 0 0 0 31 0 0 0 0 0 0 0 0 0 0 191 0 0 221 0 0 0 0 0 0 0 0 0 170 234 0 0 0 72 0 0 0 0 0 0 0 0 0 0 0 0 0 0 0 0 0 296 0 0 0 0 0 0 0 0 0 0 257 0 0 0 0 0 0 229 0 0 0 0 0 0 0 48 0 0 0 252 0 0 
0 0 0 0 0 0 0 0 42 65 0 0 0 0 0 0 0 0 67 0 0 0 0 0 0 201 0 27 0 0 150 0 0 0 0 161 0 0 0 155 0 0 291 0 0 0 0 0 0 0 0 0 0 0 0 0 202 0 0 0 10 0 0 0 0 0 0 0 0 168 0 0 0 0 0 0 0 0 0 0 0 0 0 0 0 0 263 88 0 0 0 0 0 0 0 0 0 0 0 0 
0 252 0 0 0 0 0 98 254 0 244 0 0 0 0 0 112 0 0 0 0 0 205 21 0 0 0 0 0 0 0 0 0 0 0 0 0 0 0 0 0 0 0 0 0 0 0 0 0 0 284 0 0 58 0 0 0 0 0 0 0 0 0 0 0 0 294 0 300 33 0 0 0 113 0 0 0 0 0 0 0 0 259 0 0 0 0 0 38 0 0 0 0 0 0 0 0 0 0 0 
0 62 0 0 0 0 0 0 0 0 0 0 0 0 0 0 0 0 0 0 0 0 268 260 0 0 0 0 0 0 0 0 0 0 0 0 0 0 0 0 101 0 0 0 0 0 0 105 275 0 0 125 0 0 0 210 0 181 272 0 0 0 0 0 0 0 0 47 0 0 0 0 0 0 191 0 0 0 0 127 0 0 41 0 0 0 0 0 0 0 0 0 0 0 0 90 0 0 0 0 
0 214 0 0 0 0 0 0 187 50 0 0 0 0 105 0 34 0 0 0 165 0 0 0 0 0 233 0 0 0 0 0 0 0 0 0 231 0 256 0 0 0 0 22 0 0 0 0 0 0 0 0 0 0 0 0 0 0 0 0 0 0 0 0 0 0 0 0 0 0 0 0 0 46 208 0 0 0 0 0 0 0 0 0 0 141 232 110 0 0 0 0 0 0 0 0 0 0 0 0 
0 0 0 0 0 0 0 0 0 0 0 0 0 0 0 0 0 107 0 0 219 245 0 0 0 256 0 0 0 0 0 0 0 0 0 0 0 0 0 0 166 0 0 0 0 0 0 0 0 0 0 0 0 0 0 0 0 0 103 0 262 0 0 294 0 0 0 0 0 0 284 0 56 39 0 0 0 0 0 0 0 0 0 0 0 16 0 0 0 0 2 124 0 0 0 0 0 0 0 0 
0 0 0 0 0 0 0 0 0 0 9 0 0 0 0 0 0 0 0 196 0 0 0 0 0 0 90 0 0 0 89 290 0 0 19 0 0 0 0 0 0 0 0 0 0 122 133 0 0 0 0 0 0 0 0 0 0 0 0 0 0 296 0 0 47 0 0 0 0 0 0 0 0 0 0 0 0 290 0 0 0 194 0 0 94 158 0 0 0 0 0 174 0 0 0 0 0 0 0 0 
0 0 0 0 71 0 0 0 0 0 0 0 163 0 42 0 53 0 0 0 0 0 0 0 0 0 0 0 0 0 0 0 0 0 0 0 0 78 0 0 0 0 258 0 0 0 0 0 0 0 0 0 58 0 0 74 0 0 226 0 0 0 0 300 0 0 0 0 0 0 0 0 0 0 0 0 0 0 0 0 164 0 0 0 178 235 0 0 0 0 0 0 0 113 0 60 0 0 0 0 
199 69 0 0 112 0 0 0 0 0 0 0 0 72 0 0 0 0 0 0 0 0 0 0 0 0 0 0 0 0 0 0 0 0 273 0 0 0 0 184 0 0 0 0 0 0 0 0 0 0 159 0 0 0 0 0 0 0 274 0 0 0 168 33 0 0 0 0 0 0 0 0 0 0 136 0 0 251 0 0 0 0 0 0 118 0 0 149 0 0 0 225 0 0 0 0 0 0 0 0 
0 0 0 105 0 0 15 0 0 286 0 0 0 0 0 0 0 285 0 250 0 0 0 0 0 0 0 0 0 0 0 0 32 0 0 0 0 0 0 0 0 0 0 0 0 0 0 102 121 0 0 0 0 0 0 0 0 0 0 0 0 0 0 0 0 0 284 0 0 0 0 149 0 0 0 0 0 0 0 0 0 0 0 0 0 243 217 0 0 0 0 0 0 0 0 0 0 19 0 0 
0 0 0 0 0 0 0 0 0 0 0 70 0 262 0 0 0 0 0 0 0 0 0 0 0 0 0 0 0 0 0 0 0 0 0 71 0 0 0 0 0 0 0 0 137 165 141 0 0 0 0 131 0 0 284 0 0 0 0 0 0 0 0 0 0 0 0 0 0 0 149 0 0 0 0 0 24 0 0 0 0 0 0 0 0 0 0 0 184 0 39 0 117 0 0 0 0 0 0 0 
0 0 0 0 0 0 0 0 0 0 0 0 0 0 0 0 0 144 0 0 253 0 0 0 179 0 0 100 0 0 0 250 0 0 0 0 0 0 0 0 0 0 0 0 0 0 0 0 0 0 0 0 0 0 0 0 31 0 0 0 0 0 0 0 0 0 56 0 0 0 0 0 0 0 0 0 0 0 0 0 0 0 0 0 0 233 0 0 0 0 167 0 266 0 0 0 0 140 0 0 
0 0 0 0 0 0 0 0 225 0 0 0 0 0 0 0 0 192 0 0 0 0 47 0 0 0 0 0 50 0 0 0 0 239 0 0 0 110 0 0 188 227 0 0 0 99 0 0 0 0 0 0 0 0 0 0 0 0 0 0 0 0 0 113 0 46 39 0 0 0 0 0 0 0 0 0 0 0 0 0 0 0 0 0 0 0 0 96 0 0 0 0 0 0 0 154 0 0 0 138 
0 0 0 0 0 0 0 0 20 0 0 0 87 0 0 0 0 0 0 0 0 0 0 0 0 0 0 0 0 0 0 0 287 0 0 193 0 0 0 0 0 0 0 0 0 152 0 0 0 0 19 0 0 0 137 0 0 0 0 263 292 0 0 0 191 208 0 0 0 136 0 0 0 0 0 121 0 112 0 0 0 0 0 0 0 0 0 0 0 272 0 0 0 0 0 0 0 0 0 0 
0 0 0 0 0 0 204 0 0 299 0 0 0 0 107 0 0 0 0 0 0 0 0 0 44 0 0 0 0 0 0 0 0 0 0 0 183 0 0 0 0 116 0 0 0 0 0 0 0 0 48 0 0 0 0 0 0 0 0 266 0 0 0 0 0 0 0 0 0 0 0 0 0 0 121 0 0 0 0 0 13 0 0 0 0 0 0 0 0 0 62 0 0 0 0 0 238 0 0 0 
0 0 0 0 90 0 0 0 0 0 0 0 66 0 0 0 0 0 0 0 0 0 23 0 0 0 0 0 0 0 0 0 0 0 0 0 0 0 0 0 0 0 0 0 0 26 297 0 0 0 175 0 0 128 0 297 0 0 0 0 0 0 0 0 0 0 0 0 0 0 0 24 0 0 0 0 0 254 0 0 0 0 0 73 135 0 0 0 0 0 0 0 0 0 0 0 115 0 258 0 
161 72 0 0 0 0 0 274 0 0 0 0 0 0 0 0 0 0 0 0 0 0 0 0 0 0 0 0 0 0 60 0 0 0 0 0 0 0 0 0 0 0 0 0 0 0 0 0 141 3 0 0 70 0 0 150 0 0 0 0 0 0 0 0 0 0 0 290 0 251 0 0 0 0 112 0 254 0 0 23 73 0 0 0 10 0 0 0 0 0 0 0 0 0 0 0 0 0 0 0 
150 0 42 0 0 0 150 0 0 0 0 62 0 0 0 0 0 0 153 0 0 0 0 0 0 0 0 0 0 0 0 0 0 0 0 0 0 0 0 0 0 0 0 0 237 0 0 0 0 102 0 0 0 0 0 0 0 0 0 0 0 257 0 0 0 0 0 0 0 0 0 0 0 0 0 0 0 0 0 0 0 0 234 0 144 0 0 0 0 0 0 0 0 0 0 0 0 0 239 0 
93 0 22 0 0 0 0 0 0 0 194 0 0 0 0 0 0 0 0 0 0 0 0 0 0 0 0 0 0 0 43 0 0 0 0 0 0 0 0 0 0 0 0 0 0 0 0 0 0 0 0 0 0 0 0 0 65 0 0 0 0 0 0 0 127 0 0 0 0 0 0 0 0 0 0 0 0 23 0 0 264 0 0 0 254 164 292 0 0 0 0 0 0 0 0 0 58 0 135 0 
0 0 0 0 0 0 0 0 0 0 0 48 0 0 0 0 0 170 0 0 0 3 0 244 0 0 0 0 0 0 140 0 0 121 220 0 0 0 0 0 0 0 0 0 0 0 0 0 0 237 0 0 0 0 0 0 0 0 100 0 18 0 0 0 0 0 0 0 164 0 0 0 0 0 0 13 0 73 0 264 0 0 0 0 0 0 0 0 0 0 0 0 0 85 0 0 0 0 0 0 
0 0 0 0 0 287 0 126 0 0 0 27 0 0 0 0 0 0 0 204 0 0 0 0 0 0 125 0 0 0 0 67 0 163 0 0 0 0 0 0 0 0 0 0 0 265 239 0 0 0 0 0 0 265 0 0 0 0 0 0 94 0 0 0 0 0 0 194 0 0 0 0 0 0 0 0 0 0 0 0 0 0 0 0 0 0 0 0 0 290 0 0 0 94 0 228 0 0 0 0 
0 0 0 0 0 0 179 0 0 0 0 0 0 0 0 0 0 0 0 0 0 0 0 0 30 0 0 0 0 90 0 71 0 0 0 0 0 0 0 0 0 0 0 0 0 0 0 0 0 0 0 0 51 0 0 0 0 0 0 0 0 0 0 259 41 0 0 0 0 0 0 0 0 0 0 0 0 0 234 0 0 0 0 0 0 0 0 0 195 0 0 0 219 0 108 0 0 0 0 0 
0 0 0 0 209 0 0 0 0 0 0 0 0 0 0 72 0 0 0 0 74 167 0 0 0 0 0 168 56 208 0 0 0 0 0 0 0 0 0 0 0 0 0 0 0 0 0 0 0 0 0 0 0 0 0 0 0 0 0 0 9 0 0 0 0 0 0 0 0 0 0 0 0 0 0 0 73 0 0 0 0 0 0 0 0 0 293 0 216 0 0 0 0 0 0 78 0 0 93 0 
285 0 0 0 101 0 0 0 0 0 0 0 0 0 0 0 0 0 0 0 0 0 0 0 0 0 98 0 0 233 0 0 0 254 0 0 0 0 0 0 0 0 0 0 0 0 0 0 0 0 0 0 0 108 0 0 0 0 0 0 0 0 0 0 0 0 0 94 178 118 0 0 0 0 0 0 135 10 144 254 0 0 0 0 0 0 0 0 0 0 0 0 56 0 0 0 0 0 0 0 
0 0 0 125 0 0 0 0 0 0 0 0 0 0 101 0 0 112 0 0 0 0 0 0 0 0 0 0 0 0 0 0 0 0 0 0 0 0 0 0 0 147 91 0 0 0 0 0 0 0 0 0 0 0 0 0 0 0 0 0 0 229 0 0 0 141 16 158 235 0 243 0 233 0 0 0 0 0 0 164 0 0 0 0 0 0 0 0 0 0 202 0 0 0 0 0 0 0 0 76 
0 0 0 0 0 0 0 0 0 0 0 0 0 0 0 238 200 0 217 0 0 0 0 0 145 0 0 0 0 110 0 0 0 0 0 0 0 0 0 0 151 0 0 0 0 0 0 267 0 0 0 0 0 0 0 0 0 143 0 0 205 0 263 0 0 232 0 0 0 0 217 0 0 0 0 0 0 0 0 292 0 0 0 293 0 0 0 0 0 0 0 0 0 0 0 0 0 0 271 0 
0 36 0 127 0 0 0 266 0 0 0 0 0 0 0 0 0 0 11 0 0 0 0 0 0 0 0 0 0 84 0 0 0 28 232 0 0 0 0 0 0 0 0 231 0 2 0 0 0 0 0 0 0 0 0 0 0 0 52 0 0 0 88 0 0 110 0 0 0 149 0 0 0 96 0 0 0 0 0 0 0 0 0 0 0 0 0 0 0 0 0 0 0 291 0 0 0 0 0 0 
0 0 0 0 0 0 90 0 0 0 0 0 0 0 0 0 0 0 0 0 0 0 0 0 0 0 0 0 0 203 0 0 0 0 0 0 0 0 99 0 0 0 0 0 114 0 0 0 0 0 0 0 0 0 0 0 0 0 0 0 0 0 0 38 0 0 0 0 0 0 0 184 0 0 0 0 0 0 0 0 0 0 195 216 0 0 0 0 0 0 170 138 0 0 0 0 0 0 195 0 
0 0 0 0 168 0 0 0 0 0 0 0 0 0 0 0 0 0 140 0 0 0 0 0 0 0 0 0 0 0 0 0 0 0 0 0 37 153 0 0 0 0 0 6 0 0 0 0 0 0 0 0 82 0 0 35 0 0 0 0 0 0 0 0 0 0 0 0 0 0 0 0 0 0 272 0 0 0 0 0 0 290 0 0 0 0 0 0 0 0 0 0 0 5 0 0 0 0 0 131 
0 0 0 0 0 0 0 0 0 49 0 0 0 0 0 144 0 294 0 0 0 0 0 185 0 0 0 0 0 0 0 0 0 0 0 46 0 0 0 0 0 0 0 0 0 0 0 0 0 37 0 0 239 0 0 0 0 0 0 0 0 0 0 0 0 0 2 0 0 0 0 39 167 0 0 62 0 0 0 0 0 0 0 0 0 202 0 0 170 0 0 0 0 0 0 0 0 0 222 0 
0 0 0 0 0 279 0 0 0 0 0 0 0 0 0 0 0 0 0 0 142 0 0 0 0 0 0 0 197 0 0 62 0 0 0 127 128 0 45 0 0 0 140 0 0 0 0 0 0 0 0 0 0 0 0 0 197 0 0 137 171 0 0 0 0 0 124 174 0 225 0 0 0 0 0 0 0 0 0 0 0 0 0 0 0 0 0 0 138 0 0 0 0 0 0 0 0 0 0 0 
0 0 175 0 0 0 0 292 0 0 0 0 50 0 0 0 0 0 0 0 0 48 70 0 0 0 0 0 109 0 107 0 0 0 0 0 0 0 95 93 0 0 0 0 0 0 0 0 0 0 0 0 0 0 163 0 0 0 0 0 0 0 0 0 0 0 0 0 0 0 0 117 266 0 0 0 0 0 0 0 0 0 219 0 56 0 0 0 0 0 0 0 0 0 0 0 0 0 0 0 
0 0 0 0 0 0 0 0 0 0 0 277 0 47 124 0 231 0 0 0 0 0 293 0 0 89 0 0 0 0 0 0 0 0 0 0 0 0 0 0 0 0 0 0 0 248 0 0 0 214 0 271 0 0 0 0 0 0 0 0 0 48 0 0 0 0 0 0 113 0 0 0 0 0 0 0 0 0 0 0 85 94 0 0 0 0 0 291 0 5 0 0 0 0 0 0 0 0 0 0 
0 0 0 0 0 0 0 171 0 103 0 0 0 0 0 0 0 0 252 0 0 0 0 0 0 0 114 0 0 0 14 0 0 191 0 0 0 0 0 0 90 0 0 0 0 132 0 0 0 0 0 0 0 0 0 0 0 0 0 0 0 0 0 0 0 0 0 0 0 0 0 0 0 0 0 0 0 0 0 0 0 0 108 0 0 0 0 0 0 0 0 0 0 0 0 252 0 0 0 0 
0 36 0 0 0 0 0 0 0 0 0 77 0 0 0 155 0 0 0 129 0 0 0 0 0 51 0 0 0 0 0 0 0 0 0 0 0 0 0 0 0 0 0 0 115 0 0 0 96 0 0 0 0 0 0 0 0 295 238 0 0 0 0 0 90 0 0 0 60 0 0 0 0 154 0 0 0 0 0 0 0 228 0 78 0 0 0 0 0 0 0 0 0 0 252 0 0 0 0 0 
0 0 0 0 0 0 0 226 0 0 0 0 0 45 299 0 0 0 295 0 0 0 0 0 0 0 0 0 0 0 67 0 0 0 0 0 0 11 0 0 0 0 0 0 0 0 68 0 0 0 0 244 174 248 0 0 0 0 0 0 0 0 0 0 0 0 0 0 0 0 0 0 0 0 0 238 115 0 0 58 0 0 0 0 0 0 0 0 0 0 0 0 0 0 0 0 0 0 0 0 
0 0 0 0 135 0 262 44 0 4 0 0 0 0 0 0 0 0 0 0 0 0 0 0 0 0 0 0 0 0 0 0 245 0 50 0 0 0 0 0 44 0 158 0 0 0 0 0 0 0 0 0 87 0 71 300 0 0 0 40 0 252 0 0 0 0 0 0 0 0 19 0 140 0 0 0 0 0 0 0 0 0 0 0 0 0 0 0 0 0 0 0 0 0 0 0 0 0 0 0 
0 0 0 0 0 0 0 0 0 0 0 0 0 0 0 0 0 0 0 0 0 0 0 0 69 0 0 0 0 0 0 0 0 0 0 0 0 0 0 31 0 0 0 37 0 0 0 0 0 0 0 0 0 30 0 0 0 0 0 0 195 0 0 0 0 0 0 0 0 0 0 0 0 0 0 0 258 0 239 135 0 0 0 93 0 0 271 0 195 0 222 0 0 0 0 0 0 0 0 0 
33 0 0 0 0 0 0 122 0 0 160 0 0 157 0 0 0 0 0 33 0 259 0 0 0 0 64 0 0 0 0 0 194 0 0 0 0 0 0 148 0 0 0 0 296 0 0 0 0 0 0 0 0 0 0 0 0 0 0 0 0 0 0 0 0 0 0 0 0 0 0 0 0 138 0 0 0 0 0 0 0 0 0 0 0 76 0 0 0 131 0 0 0 0 0 0 0 0 0 0 
