0 42 0 0 26 0 0 0 0 85 0 0 89 76 0 0 85 60 88 0 0 0 36 0 0 0 0 99 0 0 0 0 58 0 0 0 44 20 0 0 0 39 41 0 0 0 0 0 0 49 0 0 28 29 0 0 0 86 0 56 92 88 0 18 0 0 0 0 0 0 0 0 0 0 87 0 0 0 23 0 0 20 38 43 0 0 0 0 0 0 0 0 0 0 0 0 0 54 0 78 
42 0 0 4 88 0 0 41 0 45 0 0 0 0 0 0 77 2 34 0 0 17 0 0 57 81 0 0 0 25 0 0 90 12 0 0 0 0 45 0 0 0 0 0 81 0 0 40 0 0 0 0 0 0 8 74 0 0 80 52 0 0 3 0 0 0 0 0 19 0 90 0 1 0 0 0 0 96 0 56 0 0 0 0 0 0 0 0 57 0 0 0 87 0 0 0 0 0 74 0 
0 0 0 0 0 0 0 0 0 0 0 89 0 0 0 0 0 5 0 51 21 0 94 96 0 47 28 0 0 46 0 94 0 0 78 0 55 0 0 0 100 6 18 0 0 1 38 73 0 0 0 32 0 81 0 0 0 0 0 0 0 0 0 0 6 81 0 0 0 0 90 0 75 0 0 0 0 0 0 90 0 33 41 0 0 0 34 0 84 86 0 0 0 0 0 0 0 0 0 0 
0 4 0 0 0 85 0 46 68 0 0 0 0 0 0 40 0 0 0 0 48 0 0 0 51 0 0 0 0 0 0 0 0 70 40 0 82 0 0 0 0 0 0 0 62 73 0 0 16 0 0 0 0 0 0 0 0 77 0 0 0 25 0 34 0 18 82 37 0 0 0 0 0 0 53 0 0 0 46 0 67 0 0 61 0 0 0 0 0 11 0 0 0 0 0 0 0 35 91 69 
26 88 0 0 0 0 0 0 0 0 0 0 0 68 0 0 0 65 0 0 16 0 0 74 0 0 0 42 2 0 18 12 0 0 0 0 0 0 0 0 0 0 0 0 41 0 0 0 0 0 0 0 0 1 53 0 0 77 0 65 0 0 0 0 0 0 0 0 0 0 0 0 0 0 100 99 0 0 0 0 0 0 0 0 0 23 0 0 0 2 44 92 38 0 50 41 0 0 0 0 
0 0 0 85 0 0 0 0 0 0 0 26 95 0 0 0 0 0 0 0 19 0 0 0 100 0 53 0 0 58 61 0 0 0 0 20 0 0 0 69 0 20 0 0 84 0 0 16 0 0 52 0 0 0 85 62 42 0 0 0 0 66 0 0 0 0 0 0 0 0 0 0 0 0 56 0 73 0 0 0 31 0 0 94 12 49 0 0 0 0 0 77 0 0 0 0 0 12 0 0 
0 0 0 0 0 0 0 0 79 0 0 0 0 0 0 69 0 0 0 21 0 0 0 33 0 0 56 0 0 0 0 0 76 23 0 0 0 0 0 0 0 0 0 63 0 0 0 0 99 0 0 71 0 0 64 0 52 0 0 0 0 0 0 0 78 72 15 0 50 0 54 43 82 0 0 73 0 0 0 0 21 0 95 0 80 4 8 91 85 0 0 0 0 32 0 20 0 26 0 0 
0 41 0 46 0 0 0 0 0 0 0 0 0 0 0 0 0 0 0 0 0 0 0 0 0 99 0 0 0 0 0 0 0 0 0 33 0 0 0 77 0 0 0 15 48 0 30 0 0 0 37 0 62 0 0 0 0 0 0 0 0 73 93 43 64 82 0 90 0 0 0 0 0 0 0 0 0 0 0 0 0 0 0 0 0 0 0 0 17 0 59 0 0 0 0 0 87 62 0 0 
0 0 0 68 0 0 79 0 0 0 0 58 0 0 0 0 0 78 0 0 55 0 0 44 0 0 0 0 0 0 47 0 0 0 0 57 0 0 15 0 0 0 0 0 0 50 0 88 0 0 85 64 6 0 0 0 0 0 0 0 0 0 15 31 0 0 0 11 4 19 0 0 27 0 0 90 0 0 0 0 0 0 0 63 66 0 0 0 0 0 98 0 0 0 0 0 0 0 0 0 
85 45 0 0 0 0 0 0 0 0 0 0 0 0 13 0 0 94 100 99 72 0 4 0 0 65 6 0 0 0 0 0 0 34 0 0 0 20 0 0 0 0 0 0 0 0 65 99 0 0 28 0 52 69 0 0 33 0 0 0 8 0 0 0 0 0 0 0 0 30 8 0 19 0 0 0 0 0 0 59 11 80 0 0 0 0 0 84 0 74 0 72 73 0 0 66 0 0 0 0 
0 0 0 0 0 0 0 0 0 0 0 19 0 0 0 0 0 0 0 0 39 72 0 51 0 0 60 0 0 0 67 42 0 0 27 0 0 0 0 19 31 0 0 0 0 0 0 46 0 0 0 0 51 0 0 43 0 0 0 0 0 0 0 0 93 4 0 65 0 0 0 92 0 0 29 0 0 0 0 0 0 0 90 0 0 0 32 24 78 0 0 62 0 5 96 0 7 0 0 52 
0 0 89 0 0 26 0 0 58 0 19 0 0 0 0 0 84 0 0 0 0 0 13 9 0 0 0 35 68 83 0 100 0 0 0 0 0 0 0 84 0 0 0 12 0 0 29 0 98 64 80 78 58 0 0 0 0 0 44 0 0 0 49 0 0 0 42 0 0 0 0 0 50 0 0 0 0 0 0 0 0 56 0 0 0 0 0 0 0 0 0 96 0 0 0 0 0 31 0 84 
89 0 0 0 0 95 0 0 0 0 0 0 0 0 23 0 38 29 0 74 59 0 0 87 41 0 0 0 30 0 100 93 23 0 0 43 0 0 0 13 0 17 0 0 0 0 0 0 91 0 37 0 0 0 0 0 0 18 68 19 0 0 0 0 0 0 0 0 0 0 0 0 48 0 31 0 0 0 96 0 0 0 0 0 0 0 0 99 0 0 0 0 0 72 22 0 0 0 0 0 
76 0 0 0 68 0 0 0 0 0 0 0 0 0 0 79 0 0 0 72 0 0 0 0 56 0 65 0 0 0 0 1 0 92 0 0 0 0 30 0 2 34 0 0 75 0 0 70 0 0 63 0 0 0 22 27 81 0 0 0 22 34 0 0 0 0 0 4 69 58 0 0 0 0 19 0 0 41 0 62 0 90 0 0 0 0 0 75 0 8 69 0 0 0 0 0 0 0 87 0 
0 0 0 0 0 0 0 0 0 13 0 0 23 0 0 0 0 36 96 0 0 6 4 37 0 0 0 0 0 35 0 0 0 0 0 0 71 87 0 0 28 0 26 4 0 67 0 62 0 0 0 0 72 0 0 0 0 0 44 0 0 0 8 0 0 98 0 0 0 11 0 0 0 58 0 0 0 0 0 0 100 8 0 0 93 0 0 0 0 0 86 97 0 0 0 0 0 89 0 0 
0 0 0 40 0 0 69 0 0 0 0 0 0 79 0 0 0 0 12 0 50 0 42 36 0 0 0 0 0 0 50 15 97 7 0 42 0 8 27 22 0 0 4 18 0 0 100 0 0 0 76 0 0 0 50 0 0 56 24 0 0 0 78 81 0 23 0 0 57 0 0 0 0 0 0 81 0 0 0 0 0 0 0 0 0 0 75 0 0 0 63 10 0 0 0 0 0 0 0 0 
85 77 0 0 0 0 0 0 0 0 0 84 38 0 0 0 0 48 0 0 25 0 0 0 0 59 0 65 0 0 71 75 0 0 0 0 41 0 0 15 0 57 0 0 78 0 0 46 54 0 0 97 0 0 0 0 0 0 0 0 0 0 0 0 0 62 99 0 0 0 0 37 59 8 0 0 0 0 22 0 0 0 0 0 0 0 0 0 50 0 0 0 0 36 77 0 0 0 89 0 
60 2 5 0 65 0 0 0 78 94 0 0 29 0 36 0 48 0 85 87 0 0 0 0 0 89 45 12 0 99 0 0 0 41 0 0 0 0 30 0 0 51 0 0 0 0 0 0 0 1 33 0 0 21 0 0 0 0 0 0 9 0 0 0 62 0 0 0 0 0 0 0 0 0 38 0 63 0 0 0 0 0 23 0 14 0 0 0 0 0 0 0 0 75 45 0 0 0 0 0 
88 34 0 0 0 0 0 0 0 100 0 0 0 0 96 12 0 85 0 0 0 0 0 0 0 0 0 0 0 26 0 0 0 0 0 0 27 0 0 0 90 0 0 0 100 0 0 0 0 0 0 62 0 0 0 0 7 0 75 0 0 74 0 0 0 27 6 0 0 0 0 0 0 35 0 89 0 0 0 0 0 0 0 0 0 0 0 0 6 63 0 0 0 0 0 0 0 0 91 0 
0 0 51 0 0 0 21 0 0 99 0 0 74 72 0 0 0 87 0 0 0 43 0 0 5 0 0 35 0 0 0 0 0 0 0 99 0 22 0 19 0 0 24 0 0 0 0 0 0 0 0 0 0 0 0 48 92 0 0 0 36 0 0 0 0 0 0 0 0 0 8 0 91 96 0 79 32 75 0 0 0 0 30 100 0 17 0 0 0 0 0 0 100 90 0 0 0 0 0 0 
0 0 21 48 16 19 0 0 55 72 39 0 59 0 0 50 25 0 0 0 0 0 37 0 0 0 0 0 63 0 0 0 72 97 0 14 0 0 44 0 53 0 0 0 16 0 0 0 0 70 0 0 0 0 2 0 0 0 0 0 0 25 0 0 0 20 0 58 0 0 0 93 0 0 0 79 0 0 0 0 40 0 0 0 0 0 0 90 0 0 65 0 0 0 0 0 0 18 65 0 
0 17 0 0 0 0 0 0 0 0 72 0 0 0 6 0 0 0 0 43 0 0 0 0 36 0 0 0 0 67 0 0 64 0 0 0 0 0 72 99 0 0 0 0 64 0 0 1 66 33 15 0 0 0 0 0 31 0 43 0 36 4 0 79 0 0 70 35 0 0 7 0 0 0 93 61 0 0 27 0 0 70 0 0 64 74 0 0 51 4 0 0 0 0 0 0 0 0 0 0 
36 0 94 0 0 0 0 0 0 4 0 13 0 0 4 42 0 0 0 0 37 0 0 0 0 24 80 0 26 0 0 32 0 51 98 0 0 7 0 0 0 0 85 0 0 0 0 0 50 0 0 0 0 0 0 0 0 0 47 0 0 0 0 0 0 0 0 0 0 71 0 0 0 7 0 68 60 56 21 0 18 0 0 0 0 0 46 0 60 0 27 0 0 0 0 27 0 0 0 0 
0 0 96 0 74 0 33 0 44 0 51 9 87 0 37 36 0 0 0 0 0 0 0 0 0 0 0 0 36 0 0 0 0 0 0 0 0 38 0 0 0 0 0 0 82 0 0 0 19 0 0 0 0 0 0 0 83 58 0 0 0 89 35 0 75 0 0 10 6 0 0 0 34 84 0 83 0 0 53 0 17 27 0 0 0 0 0 0 66 40 89 0 0 0 0 56 0 0 0 0 
0 57 0 51 0 100 0 0 0 0 0 0 41 56 0 0 0 0 0 5 0 36 0 0 0 0 0 35 0 0 0 0 0 0 0 8 0 0 0 17 76 3 0 0 0 0 0 0 0 0 90 11 0 0 0 0 0 0 66 36 55 17 0 0 43 0 0 68 0 67 0 0 0 0 0 0 0 0 0 0 0 0 39 3 0 0 0 61 2 0 38 0 61 0 26 0 0 0 38 64 
0 81 47 0 0 0 0 99 0 65 0 0 0 0 0 0 59 89 0 0 0 0 24 0 0 0 73 0 0 3 92 0 0 0 48 43 0 0 0 87 0 0 0 0 0 0 0 0 0 0 0 0 11 0 0 0 0 0 0 0 9 0 0 9 0 21 0 0 0 0 0 68 0 0 15 50 18 100 0 0 0 0 80 0 0 0 46 0 0 0 0 94 0 2 32 0 0 0 0 0 
0 0 28 0 0 53 56 0 0 6 60 0 0 65 0 0 0 45 0 0 0 0 80 0 0 73 0 0 0 0 0 72 0 0 0 0 0 0 85 0 0 32 0 77 0 98 0 4 0 0 0 0 0 0 55 6 0 0 0 21 40 0 0 0 52 0 0 0 0 51 0 0 0 0 0 0 0 97 0 0 0 0 0 0 0 88 62 69 0 0 0 0 0 100 0 0 0 0 0 0 
99 0 0 0 42 0 0 0 0 0 0 35 0 0 0 0 65 12 0 35 0 0 0 0 35 0 0 0 0 0 0 37 34 0 0 0 26 0 89 0 48 0 46 0 0 0 45 0 0 35 80 0 0 0 72 0 76 0 0 0 0 31 0 86 0 0 0 0 0 0 0 0 20 0 0 69 11 0 0 26 57 0 0 0 0 0 0 0 0 0 91 0 65 42 0 0 0 77 0 98 
0 0 0 0 2 0 0 0 0 0 0 68 30 0 0 0 0 0 0 0 63 0 26 36 0 0 0 0 0 0 0 0 0 57 0 0 28 0 0 0 11 0 0 0 39 0 0 33 0 0 0 0 0 81 0 0 0 0 0 0 65 0 0 89 0 0 0 0 0 30 0 79 0 0 47 0 0 0 0 0 88 95 0 0 85 0 97 0 0 0 0 0 0 0 37 0 0 0 56 0 
0 25 46 0 0 58 0 0 0 0 0 83 0 0 35 0 0 99 26 0 0 67 0 0 0 3 0 0 0 0 0 0 0 0 30 0 24 87 0 0 0 0 0 60 0 80 58 0 0 0 0 0 29 0 0 68 0 0 14 0 0 0 90 0 0 0 0 32 0 0 0 0 0 80 0 62 0 0 62 34 0 0 71 0 0 0 25 0 0 0 81 0 40 0 0 75 0 45 0 0 
0 0 0 0 18 61 0 0 47 0 67 0 100 0 0 50 71 0 0 0 0 0 0 0 0 92 0 0 0 0 0 0 0 0 0 32 0 0 0 87 18 74 0 0 0 0 0 0 0 0 0 0 32 0 0 0 0 0 0 0 19 34 3 85 78 0 52 0 0 37 0 0 0 0 14 40 0 0 4 42 0 40 0 59 0 0 0 0 0 0 17 0 0 0 0 72 96 0 56 0 
0 0 94 0 12 0 0 0 0 0 42 100 93 1 0 15 75 0 0 0 0 0 32 0 0 0 72 37 0 0 0 0 72 0 0 0 0 0 0 0 0 0 0 81 0 0 0 53 0 0 0 80 0 2 0 0 0 0 0 0 0 82 0 0 0 0 0 22 80 0 0 0 0 0 0 0 0 0 0 15 0 0 0 0 0 0 30 0 0 79 0 0 0 0 0 91 0 0 0 0 
58 90 0 0 0 0 76 0 0 0 0 0 23 0 0 97 0 0 0 0 72 64 0 0 0 0 0 34 0 0 0 72 0 0 0 0 0 0 0 0 0 0 15 25 0 0 0 0 33 0 0 35 0 0 0 90 0 58 0 0 0 0 0 0 0 0 0 57 94 0 0 0 0 0 0 58 0 0 30 0 0 0 30 0 49 28 0 38 91 0 0 0 0 0 0 26 100 0 0 0 
0 12 0 70 0 0 23 0 0 34 0 0 0 92 0 7 0 41 0 0 97 0 51 0 0 0 0 0 57 0 0 0 0 0 0 73 0 0 46 0 34 0 0 0 0 0 19 0 22 0 0 0 0 0 23 0 0 0 0 0 0 0 0 0 58 0 0 0 0 0 0 7 35 84 0 0 0 0 19 0 0 0 0 0 50 0 0 0 0 32 0 44 0 88 0 0 0 0 22 0 
0 0 78 40 0 0 0 0 0 0 27 0 0 0 0 0 0 0 0 0 0 0 98 0 0 48 0 0 0 30 0 0 0 0 0 1 59 0 0 0 0 0 0 32 0 0 0 0 0 0 0 0 22 0 0 35 0 0 75 0 31 0 12 0 12 49 0 0 27 0 0 0 40 24 0 0 56 0 0 0 65 42 0 0 0 62 16 0 0 0 33 0 0 4 0 74 0 0 55 0 
0 0 0 0 0 20 0 33 57 0 0 0 43 0 0 42 0 0 0 99 14 0 0 0 8 43 0 0 0 0 32 0 0 73 1 0 0 8 30 16 0 0 0 0 0 90 0 0 77 0 0 0 0 0 0 9 10 75 84 0 36 0 0 0 11 75 0 0 0 0 50 0 0 0 0 0 0 13 0 0 0 31 0 0 0 0 0 0 0 0 0 0 0 0 0 0 44 0 47 60 
44 0 55 82 0 0 0 0 0 0 0 0 0 0 71 0 41 0 27 0 0 0 0 0 0 0 0 26 28 24 0 0 0 0 59 0 0 0 0 0 0 0 0 0 47 84 0 91 0 68 0 36 0 0 83 0 0 0 0 0 0 0 0 0 15 67 0 0 0 0 0 0 0 0 0 0 0 9 0 62 0 0 0 0 0 74 0 0 0 0 0 0 0 0 0 0 95 69 0 0 
20 0 0 0 0 0 0 0 0 20 0 0 0 0 87 8 0 0 0 22 0 0 7 38 0 0 0 0 0 87 0 0 0 0 0 8 0 0 0 0 0 0 83 0 0 0 0 0 0 0 0 0 0 0 38 47 0 7 60 0 0 0 0 0 0 0 33 0 0 0 4 0 19 0 0 0 45 19 54 0 0 0 0 0 91 0 0 0 0 5 0 58 0 0 81 0 86 0 0 0 
0 45 0 0 0 0 0 0 15 0 0 0 0 30 0 27 0 30 0 0 44 72 0 0 0 0 85 89 0 0 0 0 0 46 0 30 0 0 0 0 0 67 0 0 64 0 72 0 0 28 62 23 59 0 0 25 0 39 59 0 0 46 0 0 0 0 0 14 0 0 0 0 59 100 0 0 0 0 0 75 0 0 0 39 51 0 0 0 0 0 0 64 0 34 0 0 0 0 0 0 
0 0 0 0 0 69 0 77 0 0 19 84 13 0 0 22 15 0 0 19 0 99 0 0 17 87 0 0 0 0 87 0 0 0 0 16 0 0 0 0 78 0 65 0 0 10 0 0 0 36 98 0 0 0 46 96 0 0 0 0 0 0 0 0 0 26 0 75 47 93 0 0 0 0 0 0 0 0 0 0 0 51 0 0 0 97 15 0 11 0 0 0 0 0 0 0 39 63 0 0 
0 0 100 0 0 0 0 0 0 0 31 0 0 2 28 0 0 0 90 0 53 0 0 0 76 0 0 48 11 0 18 0 0 34 0 0 0 0 0 78 0 98 0 0 0 0 36 80 17 0 0 0 0 0 2 0 0 0 0 0 0 0 0 0 93 0 0 0 0 0 0 0 0 0 60 0 87 0 0 0 0 0 50 88 4 0 0 0 0 0 63 0 0 0 0 0 0 72 7 0 
39 0 6 0 0 20 0 0 0 0 0 0 17 34 0 0 57 51 0 0 0 0 0 0 3 0 32 0 0 0 74 0 0 0 0 0 0 0 67 0 98 0 0 0 0 0 11 0 0 0 95 0 60 80 0 14 0 0 0 0 0 0 19 0 0 0 0 0 0 54 0 0 0 76 0 0 0 0 0 0 0 0 0 16 0 56 85 0 0 0 0 0 0 67 0 0 0 0 67 0 
41 0 18 0 0 0 0 0 0 0 0 0 0 0 26 4 0 0 0 24 0 0 85 0 0 0 0 46 0 0 0 0 15 0 0 0 0 83 0 65 0 0 0 0 0 0 0 0 46 0 0 12 0 0 0 100 0 0 0 0 0 0 0 0 0 0 0 97 0 0 0 40 0 0 16 0 0 0 0 0 0 91 0 23 0 0 29 0 0 19 0 0 0 0 0 0 17 0 43 0 
0 0 0 0 0 0 63 15 0 0 0 12 0 0 4 18 0 0 0 0 0 0 0 0 0 0 77 0 0 60 0 81 25 0 32 0 0 0 0 0 0 0 0 0 0 0 0 46 70 0 0 0 0 0 0 0 0 19 91 0 0 0 0 35 0 0 0 0 0 38 0 0 0 67 0 0 0 0 75 7 21 45 44 0 15 0 0 40 62 81 0 0 64 5 9 0 0 46 0 0 
0 81 0 62 41 84 0 48 0 0 0 0 0 75 0 0 78 0 100 0 16 64 0 82 0 0 0 0 39 0 0 0 0 0 0 0 47 0 64 0 0 0 0 0 0 0 0 0 20 0 0 57 71 7 60 37 0 35 0 98 0 0 0 31 0 0 0 0 0 0 0 62 0 0 100 0 30 0 0 0 0 99 0 0 0 0 0 0 45 0 0 0 90 0 0 0 0 0 0 85 
0 0 1 73 0 0 0 0 50 0 0 0 0 0 67 0 0 0 0 0 0 0 0 0 0 0 98 0 0 80 0 0 0 0 0 90 84 0 0 10 0 0 0 0 0 0 34 0 0 0 0 0 0 63 0 0 0 0 0 46 0 0 0 0 0 0 0 0 45 69 0 77 0 0 45 0 0 0 0 58 0 0 0 0 0 0 65 0 50 0 0 0 92 50 0 0 54 0 0 0 
0 0 38 0 0 0 0 30 0 65 0 29 0 0 0 100 0 0 0 0 0 0 0 0 0 0 0 45 0 58 0 0 0 19 0 0 0 0 72 0 36 11 0 0 0 34 0 0 0 0 5 54 0 81 0 0 2 0 0 0 0 0 0 0 13 79 0 0 0 0 0 56 0 15 0 55 0 0 0 0 0 0 0 97 0 0 0 77 97 65 75 0 58 0 81 0 29 0 0 100 
0 40 73 0 0 16 0 0 88 99 46 0 0 70 62 0 46 0 0 0 0 1 0 0 0 0 4 0 33 0 0 53 0 0 0 0 91 0 0 0 80 0 0 46 0 0 0 0 0 0 0 0 0 38 0 33 0 0 93 37 0 19 15 42 0 0 0 0 0 0 0 0 29 0 0 0 0 0 0 0 0 0 0 62 0 0 0 0 0 0 0 89 92 0 0 31 0 97 25 0 
0 0 0 16 0 0 99 0 0 0 0 98 91 0 0 0 54 0 0 0 0 66 50 19 0 0 0 0 0 0 0 0 33 22 0 77 0 0 0 0 17 0 46 70 20 0 0 0 0 8 0 0 0 0 78 0 55 0 34 0 0 0 16 0 63 0 0 0 0 0 30 0 62 0 77 0 0 0 0 35 0 19 0 0 81 0 0 95 0 0 0 0 0 0 0 100 97 0 0 0 
49 0 0 0 0 0 0 0 0 0 0 64 0 0 0 0 0 1 0 0 70 33 0 0 0 0 0 35 0 0 0 0 0 0 0 0 68 0 28 36 0 0 0 0 0 0 0 0 8 0 58 0 71 48 0 46 0 81 80 0 0 0 0 0 0 71 0 0 33 56 0 0 21 0 0 0 0 0 0 0 76 31 0 0 75 3 0 0 100 41 0 7 0 0 0 96 71 0 0 19 
0 0 0 0 0 52 0 37 85 28 0 80 37 63 0 76 0 33 0 0 0 15 0 0 90 0 0 80 0 0 0 0 0 0 0 0 0 0 62 98 0 95 0 0 0 0 5 0 0 58 0 0 74 0 0 0 18 79 0 0 0 0 0 0 12 0 0 0 0 0 1 0 0 0 0 0 0 0 0 15 91 96 0 0 0 0 0 0 11 0 0 0 0 65 0 0 0 0 0 90 
0 0 32 0 0 0 71 0 64 0 0 78 0 0 0 0 97 0 62 0 0 0 0 0 11 0 0 0 0 0 0 80 35 0 0 0 36 0 23 0 0 0 12 0 57 0 54 0 0 0 0 0 46 0 79 0 37 0 0 53 0 0 0 0 24 0 86 46 0 0 0 0 75 0 0 44 48 0 0 0 0 0 0 23 0 0 0 49 75 0 0 72 0 0 56 100 0 0 0 0 
28 0 0 0 0 0 0 62 6 52 51 58 0 0 72 0 0 0 0 0 0 0 0 0 0 11 0 0 0 29 32 0 0 0 22 0 0 0 59 0 0 60 0 0 71 0 0 0 0 71 74 46 0 0 0 0 0 0 0 27 0 0 0 79 0 0 32 0 0 0 0 0 0 0 0 0 0 56 0 0 68 0 0 0 0 0 0 0 0 0 6 0 0 0 0 0 43 58 0 0 
29 0 81 0 1 0 0 0 0 69 0 0 0 0 0 0 0 21 0 0 0 0 0 0 0 0 0 0 81 0 0 2 0 0 0 0 0 0 0 0 0 80 0 0 7 63 81 38 0 48 0 0 0 0 0 41 0 0 4 0 0 52 0 0 0 0 95 0 0 0 0 0 0 0 0 0 0 0 0 45 72 0 0 0 0 63 0 0 93 0 0 80 64 0 0 0 0 0 0 0 
0 8 0 0 53 85 64 0 0 0 0 0 0 22 0 50 0 0 0 0 2 0 0 0 0 0 55 72 0 0 0 0 0 23 0 0 83 38 0 46 2 0 0 0 60 0 0 0 78 0 0 79 0 0 0 28 0 54 0 0 0 0 0 0 0 32 18 0 0 48 0 0 0 0 19 37 100 0 5 0 37 0 0 0 0 0 0 0 96 0 0 0 0 0 50 0 0 0 0 71 
0 74 0 0 0 62 0 0 0 0 43 0 0 27 0 0 0 0 0 48 0 0 0 0 0 0 6 0 0 68 0 0 90 0 35 9 0 47 25 96 0 14 100 0 37 0 0 33 0 46 0 0 0 41 28 0 0 0 57 59 53 0 0 8 90 0 0 0 0 0 0 0 0 0 0 33 74 39 0 0 0 75 73 0 0 0 0 0 0 0 0 0 0 0 0 0 0 0 0 0 
0 0 0 0 0 42 52 0 0 33 0 0 0 81 0 0 0 0 7 92 0 31 0 83 0 0 0 76 0 0 0 0 0 0 0 10 0 0 0 0 0 0 0 0 0 0 2 0 55 0 18 37 0 0 0 0 0 0 90 63 0 0 0 0 0 0 0 0 0 0 46 0 35 0 97 0 0 0 96 77 0 0 0 0 0 0 0 0 0 0 0 0 0 0 0 0 0 0 0 0 
86 0 0 77 77 0 0 0 0 0 0 0 18 0 0 56 0 0 0 0 0 0 0 58 0 0 0 0 0 0 0 0 58 0 0 75 0 7 39 0 0 0 0 19 35 0 0 0 0 81 79 0 0 0 54 0 0 0 0 65 3 16 0 66 0 40 0 0 76 78 0 0 0 0 0 62 0 0 0 0 0 0 0 0 0 0 0 0 0 0 0 45 0 72 0 0 34 0 0 0 
0 80 0 0 0 0 0 0 0 0 0 44 68 0 44 24 0 0 75 0 0 43 47 0 66 0 0 0 0 14 0 0 0 0 75 84 0 60 59 0 0 0 0 91 0 0 0 93 34 80 0 0 0 4 0 57 90 0 0 94 0 0 30 0 80 0 0 0 13 0 27 0 0 36 0 0 0 0 62 0 0 0 0 0 0 0 0 0 0 0 0 0 0 0 0 0 0 96 0 97 
56 52 0 0 65 0 0 0 0 0 0 0 19 0 0 0 0 0 0 0 0 0 0 0 36 0 21 0 0 0 0 0 0 0 0 0 0 0 0 0 0 0 0 0 98 46 0 37 0 0 0 53 27 0 0 59 63 65 94 0 0 83 0 0 83 0 0 0 0 0 0 0 100 0 0 54 10 97 0 92 69 0 83 0 18 56 0 0 44 0 0 0 56 23 0 0 0 0 0 83 
92 0 0 0 0 0 0 0 0 8 0 0 0 22 0 0 0 9 0 36 0 36 0 0 55 9 40 0 65 0 19 0 0 0 31 36 0 0 0 0 0 0 0 0 0 0 0 0 0 0 0 0 0 0 0 53 0 3 0 0 0 50 0 0 86 0 80 65 0 0 0 0 0 0 0 0 48 0 0 0 0 12 0 95 0 0 0 0 5 63 0 0 0 7 0 0 0 0 0 78 
88 0 0 25 0 66 0 73 0 0 0 0 0 34 0 0 0 0 74 0 25 4 0 89 17 0 0 31 0 0 34 82 0 0 0 0 0 0 46 0 0 0 0 0 0 0 0 19 0 0 0 0 0 52 0 0 0 16 0 83 50 0 0 0 0 0 0 0 0 0 0 33 0 0 0 0 7 0 70 0 0 74 0 94 77 0 0 13 0 0 0 0 0 0 0 0 0 0 0 0 
0 3 0 0 0 0 0 93 15 0 0 49 0 0 8 78 0 0 0 0 0 0 0 35 0 0 0 0 0 90 3 0 0 0 12 0 0 0 0 0 0 19 0 0 0 0 0 15 16 0 0 0 0 0 0 0 0 0 30 0 0 0 0 0 0 18 44 0 0 0 26 0 0 0 0 0 0 0 0 0 99 0 0 96 0 0 0 37 0 0 0 66 46 0 57 0 0 0 0 0 
18 0 0 34 0 0 0 43 31 0 0 0 0 0 0 81 0 0 0 0 0 79 0 0 0 9 0 86 89 0 85 0 0 0 0 0 0 0 0 0 0 0 0 35 31 0 0 42 0 0 0 0 79 0 0 8 0 66 0 0 0 0 0 0 0 0 0 26 0 0 0 0 0 0 0 0 0 0 0 0 0 76 59 0 0 0 0 0 0 96 53 0 0 0 0 0 74 0 0 0 
0 0 6 0 0 0 78 64 0 0 93 0 0 0 0 0 0 62 0 0 0 0 0 75 43 0 52 0 0 0 78 0 0 58 12 11 15 0 0 0 93 0 0 0 0 0 13 0 63 0 12 24 0 0 0 90 0 0 80 83 86 0 0 0 0 0 56 0 0 0 0 0 0 30 0 0 0 0 0 0 0 0 0 60 0 0 0 15 0 0 0 0 0 0 0 0 92 0 44 0 
0 0 81 18 0 0 72 82 0 0 4 0 0 0 98 23 62 0 27 0 20 0 0 0 0 21 0 0 0 0 0 0 0 0 49 75 67 0 0 26 0 0 0 0 0 0 79 0 0 71 0 0 0 0 32 0 0 40 0 0 0 0 18 0 0 0 0 0 25 0 0 28 0 0 0 0 15 37 0 0 0 0 0 0 0 0 0 0 0 0 37 0 0 0 4 0 0 0 0 0 
0 0 0 82 0 0 15 0 0 0 0 42 0 0 0 0 99 0 6 0 0 70 0 0 0 0 0 0 0 0 52 0 0 0 0 0 0 33 0 0 0 0 0 0 0 0 0 0 0 0 0 86 32 95 18 0 0 0 0 0 80 0 44 0 56 0 0 0 0 0 0 98 15 0 0 19 0 0 0 0 0 0 45 0 0 0 0 0 82 54 0 0 100 72 0 0 0 0 54 0 
0 0 0 37 0 0 0 90 11 0 65 0 0 4 0 0 0 0 0 0 58 35 0 10 68 0 0 0 0 32 0 22 57 0 0 0 0 0 14 75 0 0 97 0 0 0 0 0 0 0 0 46 0 0 0 0 0 0 0 0 65 0 0 26 0 0 0 0 0 23 0 0 0 0 0 37 0 0 0 0 0 0 0 0 0 0 50 0 0 0 0 29 0 32 0 0 41 0 59 0 
0 19 0 0 0 0 50 0 4 0 0 0 0 69 0 57 0 0 0 0 0 0 0 6 0 0 0 0 0 0 0 80 94 0 27 0 0 0 0 47 0 0 0 0 0 45 0 0 0 33 0 0 0 0 0 0 0 76 13 0 0 0 0 0 0 25 0 0 0 69 0 0 0 0 0 0 0 0 0 0 78 0 0 26 0 0 29 0 0 0 58 97 0 0 0 0 0 0 0 68 
0 0 0 0 0 0 0 0 19 30 0 0 0 58 11 0 0 0 0 0 0 0 71 0 67 0 51 0 30 0 37 0 0 0 0 0 0 0 0 93 0 54 0 38 0 69 0 0 0 56 0 0 0 0 48 0 0 78 0 0 0 0 0 0 0 0 0 23 69 0 0 36 0 0 0 0 0 69 36 84 99 0 0 0 0 64 24 0 0 0 0 0 84 23 0 0 0 66 0 0 
0 90 90 0 0 0 54 0 0 8 0 0 0 0 0 0 0 0 0 8 0 7 0 0 0 0 0 0 0 0 0 0 0 0 0 50 0 4 0 0 0 0 0 0 0 0 0 0 30 0 1 0 0 0 0 0 46 0 27 0 0 0 26 0 0 0 0 0 0 0 0 25 0 0 71 0 0 13 0 61 0 0 0 0 0 83 0 0 0 0 0 0 0 47 0 0 79 0 0 31 
0 0 0 0 0 0 43 0 0 0 92 0 0 0 0 0 37 0 0 0 93 0 0 0 0 68 0 0 79 0 0 0 0 7 0 0 0 0 0 0 0 0 40 0 62 77 56 0 0 0 0 0 0 0 0 0 0 0 0 0 0 33 0 0 0 28 98 0 0 36 25 0 38 0 0 0 0 0 0 8 0 50 0 0 0 0 63 0 0 0 74 0 20 63 21 65 0 0 0 54 
0 1 75 0 0 0 82 0 27 19 0 50 48 0 0 0 59 0 0 91 0 0 0 34 0 0 0 20 0 0 0 0 0 35 40 0 0 19 59 0 0 0 0 0 0 0 0 29 62 21 0 75 0 0 0 0 35 0 0 100 0 0 0 0 0 0 15 0 0 0 0 38 0 0 0 0 0 0 35 0 0 39 0 57 0 0 0 0 0 0 16 0 17 0 0 43 0 38 0 0 
0 0 0 0 0 0 0 0 0 0 0 0 0 0 58 0 8 0 35 96 0 0 7 84 0 0 0 0 0 80 0 0 0 84 24 0 0 0 100 0 0 76 0 67 0 0 15 0 0 0 0 0 0 0 0 0 0 0 36 0 0 0 0 0 30 0 0 0 0 0 0 0 0 0 0 0 0 37 100 0 0 9 51 16 0 0 52 0 0 17 0 0 87 0 0 0 0 0 99 0 
87 0 0 53 100 56 0 0 0 0 29 0 31 19 0 0 0 38 0 0 0 93 0 0 0 15 0 0 47 0 14 0 0 0 0 0 0 0 0 0 60 0 16 0 100 45 0 0 77 0 0 0 0 0 19 0 97 0 0 0 0 0 0 0 0 0 0 0 0 0 71 0 0 0 0 0 0 64 0 0 0 51 8 0 0 3 0 0 0 0 50 0 19 0 56 39 0 0 0 13 
0 0 0 0 99 0 73 0 90 0 0 0 0 0 0 81 0 0 89 79 79 61 68 83 0 50 0 69 0 62 40 0 58 0 0 0 0 0 0 0 0 0 0 0 0 0 55 0 0 0 0 44 0 0 37 33 0 62 0 54 0 0 0 0 0 0 19 37 0 0 0 0 0 0 0 0 0 0 0 0 0 0 0 0 27 0 70 0 0 0 0 63 0 28 19 0 0 0 91 0 
0 0 0 0 0 73 0 0 0 0 0 0 0 0 0 0 0 63 0 32 0 0 60 0 0 18 0 11 0 0 0 0 0 0 56 0 0 45 0 0 87 0 0 0 30 0 0 0 0 0 0 48 0 0 100 74 0 0 0 10 48 7 0 0 0 15 0 0 0 0 0 0 0 0 0 0 0 0 19 0 0 0 0 0 14 0 44 0 0 0 91 18 0 0 0 0 0 10 37 0 
0 96 0 0 0 0 0 0 0 0 0 0 0 41 0 0 0 0 0 75 0 0 56 0 0 100 97 0 0 0 0 0 0 0 0 13 9 19 0 0 0 0 0 0 0 0 0 0 0 0 0 0 56 0 0 39 0 0 0 97 0 0 0 0 0 37 0 0 0 69 13 0 0 37 64 0 0 0 0 0 0 0 0 90 0 31 0 0 50 0 0 0 0 61 0 0 0 0 27 15 
23 0 0 46 0 0 0 0 0 0 0 0 96 0 0 0 22 0 0 0 0 27 21 53 0 0 0 0 0 62 4 0 30 19 0 0 0 54 0 0 0 0 0 75 0 0 0 0 0 0 0 0 0 0 5 0 96 0 62 0 0 70 0 0 0 0 0 0 0 36 0 0 35 100 0 0 19 0 0 0 66 0 0 68 68 87 0 0 96 0 0 33 0 18 0 0 0 75 0 85 
0 56 90 0 0 0 0 0 0 59 0 0 0 62 0 0 0 0 0 0 0 0 0 0 0 0 0 26 0 34 42 15 0 0 0 0 62 0 75 0 0 0 0 7 0 58 0 0 35 0 15 0 0 45 0 0 77 0 0 92 0 0 0 0 0 0 0 0 0 84 61 8 0 0 0 0 0 0 0 0 0 0 44 0 0 0 0 88 0 0 34 0 63 0 0 0 0 0 0 0 
0 0 0 67 0 31 21 0 0 11 0 0 0 0 100 0 0 0 0 0 40 0 18 17 0 0 0 57 88 0 0 0 0 0 65 0 0 0 0 0 0 0 0 21 0 0 0 0 0 76 91 0 68 72 37 0 0 0 0 69 0 0 99 0 0 0 0 0 78 99 0 0 0 0 0 0 0 0 66 0 0 0 0 0 0 0 96 0 0 0 43 0 96 0 26 50 0 71 0 0 
20 0 33 0 0 0 0 0 0 80 0 56 0 90 8 0 0 0 0 0 0 70 0 27 0 0 0 0 95 0 40 0 0 0 42 31 0 0 0 51 0 0 91 45 99 0 0 0 19 31 96 0 0 0 0 75 0 0 0 0 12 74 0 76 0 0 0 0 0 0 0 50 39 9 51 0 0 0 0 0 0 0 0 0 29 0 0 65 0 0 0 0 0 0 0 0 0 0 15 0 
38 0 41 0 0 0 95 0 0 0 90 0 0 0 0 0 0 23 0 30 0 0 0 0 39 80 0 0 0 71 0 0 30 0 0 0 0 0 0 0 50 0 0 44 0 0 0 0 0 0 0 0 0 0 0 73 0 0 0 83 0 0 0 59 0 0 45 0 0 0 0 0 0 51 8 0 0 0 0 44 0 0 0 88 87 80 0 0 8 29 0 0 0 0 0 0 0 51 33 95 
43 0 0 61 0 94 0 0 63 0 0 0 0 0 0 0 0 0 0 100 0 0 0 0 3 0 0 0 0 0 59 0 0 0 0 0 0 0 39 0 88 16 23 0 0 0 97 62 0 0 0 23 0 0 0 0 0 0 0 0 95 94 96 0 60 0 0 0 26 0 0 0 57 16 0 0 0 90 68 0 0 0 88 0 0 0 0 0 0 0 0 76 0 0 0 0 55 0 0 4 
0 0 0 0 0 12 80 0 66 0 0 0 0 0 93 0 0 14 0 0 0 64 0 0 0 0 0 0 85 0 0 0 49 50 0 0 0 91 51 0 4 0 0 15 0 0 0 0 81 75 0 0 0 0 0 0 0 0 0 18 0 77 0 0 0 0 0 0 0 0 0 0 0 0 0 27 14 0 68 0 0 29 87 0 0 0 97 0 0 89 0 0 63 0 0 0 0 0 72 0 
0 0 0 0 23 49 4 0 0 0 0 0 0 0 0 0 0 0 0 17 0 74 0 0 0 0 88 0 0 0 0 0 28 0 62 0 74 0 0 97 0 56 0 0 0 0 0 0 0 3 0 0 0 63 0 0 0 0 0 56 0 0 0 0 0 0 0 0 0 64 83 0 0 0 3 0 0 31 87 0 0 0 80 0 0 0 0 0 0 83 54 0 0 100 0 0 0 0 94 18 
0 0 34 0 0 0 8 0 0 0 32 0 0 0 0 75 0 0 0 0 0 0 46 0 0 46 62 0 97 25 0 30 0 0 16 0 0 0 0 15 0 85 29 0 0 65 0 0 0 0 0 0 0 0 0 0 0 0 0 0 0 0 0 0 0 0 0 50 29 24 0 63 0 52 0 70 44 0 0 0 96 0 0 0 97 0 0 59 0 0 0 27 0 53 0 45 0 0 0 77 
0 0 0 0 0 0 91 0 0 84 24 0 99 75 0 0 0 0 0 0 90 0 0 0 61 0 69 0 0 0 0 0 38 0 0 0 0 0 0 0 0 0 0 40 0 0 77 0 95 0 0 49 0 0 0 0 0 0 0 0 0 13 37 0 15 0 0 0 0 0 0 0 0 0 0 0 0 0 0 88 0 65 0 0 0 0 59 0 0 0 24 0 0 0 0 29 78 0 0 10 
0 57 84 0 0 0 85 17 0 0 78 0 0 0 0 0 50 0 6 0 0 51 60 66 2 0 0 0 0 0 0 0 91 0 0 0 0 0 0 11 0 0 0 62 45 50 97 0 0 100 11 75 0 93 96 0 0 0 0 44 5 0 0 0 0 0 82 0 0 0 0 0 0 0 0 0 0 50 96 0 0 0 8 0 0 0 0 0 0 0 0 42 0 0 0 76 0 0 0 0 
0 0 86 11 2 0 0 0 0 74 0 0 0 8 0 0 0 0 63 0 0 4 0 40 0 0 0 0 0 0 0 79 0 32 0 0 0 5 0 0 0 0 19 81 0 0 65 0 0 41 0 0 0 0 0 0 0 0 0 0 63 0 0 96 0 0 54 0 0 0 0 0 0 17 0 0 0 0 0 0 0 0 29 0 89 83 0 0 0 0 0 0 0 0 4 0 0 45 0 93 
0 0 0 0 44 0 0 59 98 0 0 0 0 69 86 63 0 0 0 0 65 0 27 89 38 0 0 91 0 81 17 0 0 0 33 0 0 0 0 0 63 0 0 0 0 0 75 0 0 0 0 0 6 0 0 0 0 0 0 0 0 0 0 53 0 37 0 0 58 0 0 74 16 0 50 0 91 0 0 34 43 0 0 0 0 54 0 24 0 0 0 0 41 0 0 0 0 0 12 0 
0 0 0 0 92 77 0 0 0 72 62 96 0 0 97 10 0 0 0 0 0 0 0 0 0 94 0 0 0 0 0 0 0 44 0 0 0 58 64 0 0 0 0 0 0 0 0 89 0 7 0 72 0 80 0 0 0 45 0 0 0 0 66 0 0 0 0 29 97 0 0 0 0 0 0 63 18 0 33 0 0 0 0 76 0 0 27 0 42 0 0 0 16 0 17 11 0 56 0 59 
0 87 0 0 38 0 0 0 0 73 0 0 0 0 0 0 0 0 0 100 0 0 0 0 61 0 0 65 0 40 0 0 0 0 0 0 0 0 0 0 0 0 0 64 90 92 58 92 0 0 0 0 0 64 0 0 0 0 0 56 0 0 46 0 0 0 100 0 0 84 0 20 17 87 19 0 0 0 0 63 96 0 0 0 63 0 0 0 0 0 41 16 0 0 0 25 0 0 14 0 
0 0 0 0 0 0 32 0 0 0 5 0 72 0 0 0 36 75 0 90 0 0 0 0 0 2 100 42 0 0 0 0 0 88 4 0 0 0 34 0 0 67 0 5 0 50 0 0 0 0 65 0 0 0 0 0 0 72 0 23 7 0 0 0 0 0 72 32 0 23 47 63 0 0 0 28 0 61 18 0 0 0 0 0 0 100 53 0 0 0 0 0 0 0 0 0 0 0 0 39 
0 0 0 0 50 0 0 0 0 0 96 0 22 0 0 0 77 45 0 0 0 0 0 0 26 32 0 0 37 0 0 0 0 0 0 0 0 81 0 0 0 0 0 9 0 0 81 0 0 0 0 56 0 0 50 0 0 0 0 0 0 0 57 0 0 4 0 0 0 0 0 21 0 0 56 19 0 0 0 0 26 0 0 0 0 0 0 0 0 4 0 17 0 0 0 84 0 88 0 0 
0 0 0 0 41 0 20 0 0 66 0 0 0 0 0 0 0 0 0 0 0 0 27 56 0 0 0 0 0 75 72 91 26 0 74 0 0 0 0 0 0 0 0 0 0 0 0 31 100 96 0 100 0 0 0 0 0 0 0 0 0 0 0 0 0 0 0 0 0 0 0 65 43 0 39 0 0 0 0 0 50 0 0 0 0 0 45 29 76 0 0 11 25 0 84 0 0 0 36 90 
0 0 0 0 0 0 0 87 0 0 7 0 0 0 0 0 0 0 0 0 0 0 0 0 0 0 0 0 0 0 96 0 100 0 0 44 95 86 0 39 0 0 17 0 0 54 29 0 97 71 0 0 43 0 0 0 0 34 0 0 0 0 0 74 92 0 0 41 0 0 79 0 0 0 0 0 0 0 0 0 0 0 0 55 0 0 0 78 0 0 0 0 0 0 0 0 0 0 0 0 
54 0 0 35 0 12 26 62 0 0 0 31 0 0 89 0 0 0 0 0 18 0 0 0 0 0 0 77 0 45 0 0 0 0 0 0 69 0 0 63 72 0 0 46 0 0 0 97 0 0 0 0 58 0 0 0 0 0 96 0 0 0 0 0 0 0 0 0 0 66 0 0 38 0 0 0 10 0 75 0 71 0 51 0 0 0 0 0 0 45 0 56 0 0 88 0 0 0 0 0 
0 74 0 91 0 0 0 0 0 0 0 0 0 87 0 0 89 0 91 0 65 0 0 0 38 0 0 0 56 0 56 0 0 22 55 47 0 0 0 0 7 67 43 0 0 0 0 25 0 0 0 0 0 0 0 0 0 0 0 0 0 0 0 0 44 0 54 59 0 0 0 0 0 99 0 91 37 27 0 0 0 15 33 0 72 94 0 0 0 0 12 0 14 0 0 36 0 0 0 0 
78 0 0 69 0 0 0 0 0 0 52 84 0 0 0 0 0 0 0 0 0 0 0 0 64 0 0 98 0 0 0 0 0 0 0 60 0 0 0 0 0 0 0 0 85 0 100 0 0 19 90 0 0 0 71 0 0 0 97 83 78 0 0 0 0 0 0 0 68 0 31 54 0 0 13 0 0 15 85 0 0 0 95 4 0 18 77 10 0 93 0 59 0 39 0 90 0 0 0 0 
