0 0 0 0 0 0 454 0 109 483 0 0 0 121 0 0 0 0 0 0 0 0 0 0 0 0 201 0 0 0 0 0 0 0 0 0 380 0 0 0 0 0 0 0 0 0 0 0 0 0 0 0 0 124 0 0 0 299 35 0 0 0 0 23 0 0 0 0 0 0 0 0 0 0 0 293 0 0 0 0 0 0 0 0 0 0 0 0 0 400 0 241 0 0 0 0 0 0 163 0 
0 0 0 0 127 0 0 0 0 0 0 0 0 0 0 0 0 339 0 140 0 0 0 0 195 0 0 0 0 0 0 0 0 0 0 0 0 0 0 0 0 260 0 100 0 0 0 258 0 0 0 0 0 0 0 0 43 19 0 0 0 0 0 0 0 442 0 0 0 0 0 0 236 0 0 0 0 0 0 0 0 0 162 146 0 0 0 0 0 0 0 0 0 0 0 207 0 0 321 0 
0 0 0 0 0 0 0 0 0 0 0 0 0 250 0 0 0 0 0 0 0 0 0 125 0 0 0 0 0 0 0 0 0 0 0 0 0 0 0 355 69 0 0 0 0 0 278 475 0 0 0 0 0 0 0 0 0 0 0 0 0 0 0 244 293 0 0 0 0 0 213 0 0 0 0 0 0 0 0 0 0 0 0 0 0 0 479 0 0 0 0 0 0 448 0 0 0 0 0 0 
0 0 0 0 0 0 0 0 0 90 0 0 0 0 0 0 0 0 0 0 0 0 0 0 0 0 0 0 0 440 0 0 0 0 362 0 0 0 0 0 0 0 0 0 360 0 0 0 0 430 0 0 245 0 0 0 304 0 0 400 0 0 0 0 0 0 0 0 0 0 0 0 377 330 0 0 0 0 0 0 0 114 0 0 0 192 0 0 0 0 151 0 0 355 0 0 137 0 0 0 
0 127 0 0 0 0 0 0 0 0 0 0 0 0 0 0 22 0 0 0 0 0 0 0 0 0 0 0 0 0 237 289 0 322 0 0 0 0 202 0 0 0 129 0 133 312 0 0 0 0 0 0 136 0 0 0 0 0 269 0 0 0 0 0 0 0 0 74 0 0 0 0 0 0 0 0 0 0 258 0 219 0 0 0 0 0 0 0 0 0 0 0 0 274 0 0 0 0 0 0 
0 0 0 0 0 0 0 0 0 0 0 0 0 168 0 429 0 193 71 0 0 0 386 0 0 0 364 0 0 0 0 0 0 0 0 188 0 24 404 0 0 0 0 0 0 0 0 0 310 0 363 0 0 0 216 0 0 0 297 0 0 0 0 0 0 0 0 0 0 121 0 0 0 0 0 0 268 0 0 0 0 0 0 0 0 0 0 0 0 0 0 0 0 0 0 0 0 0 0 0 
454 0 0 0 0 0 0 0 0 0 0 0 167 0 0 0 0 0 0 0 0 270 0 0 0 0 0 439 0 50 0 0 0 0 0 0 0 0 0 0 0 0 0 0 0 0 0 0 0 0 0 0 481 0 0 117 0 420 0 0 0 0 344 0 0 0 370 0 0 412 0 0 0 0 0 0 0 375 0 0 0 0 0 0 0 0 0 0 0 0 0 0 0 0 0 0 0 0 0 155 
0 0 0 0 0 0 0 0 0 0 0 0 0 0 0 0 0 0 0 0 0 0 0 0 0 341 124 0 0 0 0 278 97 0 185 0 333 0 0 0 0 0 0 0 0 0 0 266 0 0 0 0 0 0 0 452 0 0 0 0 0 0 0 0 0 0 0 441 0 0 0 0 0 0 331 484 0 393 0 0 0 0 0 58 0 0 0 0 0 0 0 0 0 0 0 0 0 0 0 0 
109 0 0 0 0 0 0 0 0 0 0 0 0 0 0 445 0 0 0 0 0 0 0 0 0 0 0 0 0 0 0 0 0 368 123 0 0 0 0 0 0 0 0 0 0 0 31 0 0 91 0 0 0 0 0 0 0 0 256 0 0 0 0 0 0 0 0 0 0 0 0 497 0 0 0 0 0 0 0 0 20 380 0 224 0 0 0 281 0 0 0 0 0 0 0 318 0 0 0 0 
483 0 0 90 0 0 0 0 0 0 0 0 0 0 0 0 0 0 0 0 0 0 0 0 0 0 0 0 0 0 0 0 0 155 0 0 0 0 0 277 430 0 0 0 0 0 0 0 0 0 0 0 0 0 0 0 0 326 0 0 0 0 17 0 0 0 376 0 165 0 93 0 0 0 0 0 0 0 500 0 0 73 0 69 0 305 0 0 0 0 0 360 0 0 0 0 0 0 0 0 
0 0 0 0 0 0 0 0 0 0 0 0 0 0 0 24 0 0 0 89 0 0 0 0 42 0 0 0 0 0 0 0 0 0 16 0 0 0 0 0 0 0 0 246 81 0 0 0 0 0 0 0 0 237 0 381 0 0 0 0 0 0 0 0 0 0 0 0 0 0 0 0 0 0 0 0 0 181 0 0 0 0 0 0 0 0 0 0 0 351 491 0 0 0 0 0 165 0 0 0 
0 0 0 0 0 0 0 0 0 0 0 0 0 0 0 0 0 0 176 0 0 0 0 0 0 0 0 0 0 0 0 0 0 0 0 0 0 0 497 0 0 0 495 0 0 0 0 0 0 350 0 0 481 0 17 217 264 0 0 0 0 337 462 365 0 0 0 1 0 0 0 0 0 0 0 0 0 0 0 0 0 0 0 0 36 369 0 0 0 0 0 0 0 0 0 0 0 72 0 0 
0 0 0 0 0 0 167 0 0 0 0 0 0 0 0 0 0 0 0 0 286 0 0 0 0 0 0 0 0 0 83 0 0 0 0 0 0 0 0 39 0 0 0 0 499 0 0 0 0 0 0 0 0 0 0 0 0 0 0 0 0 0 0 0 0 0 0 0 0 0 0 0 0 0 0 467 0 0 0 73 0 0 0 0 0 0 0 0 0 0 0 0 0 0 0 322 0 0 0 0 
121 0 250 0 0 168 0 0 0 0 0 0 0 0 0 0 0 0 0 0 0 0 0 0 0 0 0 0 0 0 0 409 426 0 0 182 0 0 0 0 0 0 0 0 0 0 251 299 0 0 0 0 0 0 122 0 0 0 0 0 0 0 417 0 304 0 0 0 0 0 0 0 0 0 0 0 0 0 0 49 0 0 0 0 0 0 0 0 0 52 328 0 199 0 0 0 0 0 0 0 
0 0 0 0 0 0 0 0 0 0 0 0 0 0 0 460 0 147 0 0 0 0 0 0 0 0 0 0 347 0 0 0 0 0 0 0 0 413 0 0 0 0 0 299 0 0 0 0 0 0 0 0 0 0 0 0 0 298 0 0 0 0 361 0 0 0 0 0 97 488 440 63 0 0 0 0 0 0 0 0 0 0 0 0 0 0 0 0 0 171 0 0 0 0 249 0 0 20 0 0 
0 0 0 0 0 429 0 0 445 0 24 0 0 0 460 0 0 320 424 0 0 0 41 0 0 0 0 0 0 0 0 0 0 0 5 0 0 0 0 0 0 222 0 0 0 0 0 0 0 0 0 0 0 0 0 0 0 244 0 90 0 0 0 0 462 0 0 0 0 0 0 0 0 0 0 0 0 0 0 91 0 0 0 0 150 0 0 0 0 0 0 0 0 0 0 0 0 0 0 0 
0 0 0 0 22 0 0 0 0 0 0 0 0 0 0 0 0 288 284 130 0 0 0 0 0 0 349 0 0 329 0 0 437 0 0 0 0 0 0 0 0 0 0 0 0 175 0 0 0 0 0 0 0 0 0 0 0 0 0 0 0 0 0 0 0 0 0 0 0 0 0 0 0 0 0 459 0 0 0 0 0 0 0 0 0 0 0 0 0 0 0 0 0 130 0 0 0 0 0 0 
0 339 0 0 0 193 0 0 0 0 0 0 0 0 147 320 288 0 0 0 0 0 0 0 0 0 0 350 0 0 0 0 0 0 0 0 0 0 0 344 424 0 268 163 0 0 0 0 0 0 0 0 0 0 0 0 0 499 0 0 0 0 0 0 0 0 0 0 284 0 404 0 0 0 28 0 0 0 0 0 0 0 0 0 0 22 0 0 0 0 0 0 0 0 0 0 0 0 0 0 
0 0 0 0 0 71 0 0 0 0 0 176 0 0 0 424 284 0 0 0 0 0 488 0 63 0 0 0 0 0 0 370 52 0 0 0 0 0 0 0 0 0 218 0 0 0 0 0 0 0 0 0 0 85 0 0 0 0 0 0 442 0 0 0 0 0 0 0 0 0 0 0 0 0 284 0 0 0 0 0 0 198 0 0 0 0 449 0 0 0 0 0 0 0 0 0 189 0 0 0 
0 140 0 0 0 0 0 0 0 0 89 0 0 0 0 0 130 0 0 0 0 0 0 0 307 0 0 0 0 0 0 0 0 0 0 0 415 0 0 0 0 0 0 0 0 0 0 0 0 0 0 0 0 0 23 0 0 0 0 0 0 0 0 0 117 231 268 0 0 0 273 0 0 0 0 0 0 0 0 0 446 0 0 0 0 0 0 0 0 0 0 0 0 0 0 0 0 0 0 496 
0 0 0 0 0 0 0 0 0 0 0 0 286 0 0 0 0 0 0 0 0 372 0 0 0 0 0 0 0 0 0 179 0 228 0 0 0 0 306 0 0 0 183 0 0 0 0 0 72 0 0 0 0 0 0 0 0 0 0 0 99 0 0 0 0 0 85 0 286 0 0 0 92 0 0 0 0 0 0 0 0 0 0 0 0 0 0 481 0 0 0 0 0 0 0 0 0 486 36 229 
0 0 0 0 0 0 270 0 0 0 0 0 0 0 0 0 0 0 0 0 372 0 0 0 0 0 0 0 0 0 133 0 0 0 279 0 0 0 0 0 0 73 0 0 0 0 278 0 0 0 0 212 0 0 0 195 0 0 0 0 0 47 280 0 0 0 0 0 0 0 0 0 0 0 0 0 0 162 0 0 0 0 0 0 0 479 0 0 0 0 0 0 0 213 434 45 0 0 0 0 
0 0 0 0 0 386 0 0 0 0 0 0 0 0 0 41 0 0 488 0 0 0 0 0 0 0 0 0 0 0 0 0 0 0 0 0 0 0 0 150 0 0 0 0 0 96 497 0 0 0 225 0 0 188 0 0 0 0 0 0 0 0 0 0 0 0 0 0 477 0 0 0 0 0 0 0 0 0 0 0 0 0 0 0 0 0 122 0 320 0 225 0 0 0 0 0 0 0 0 0 
0 0 125 0 0 0 0 0 0 0 0 0 0 0 0 0 0 0 0 0 0 0 0 0 0 0 0 0 0 0 0 0 0 0 0 0 63 0 0 0 0 0 0 0 0 0 0 0 0 0 224 0 166 0 0 0 0 0 0 0 0 403 194 0 0 0 104 0 0 0 0 424 50 342 0 0 0 0 0 0 0 241 81 0 0 0 0 0 0 0 242 0 318 0 0 0 0 0 0 0 
0 195 0 0 0 0 0 0 0 0 42 0 0 0 0 0 0 0 63 307 0 0 0 0 0 0 0 0 0 0 0 0 0 0 0 0 0 0 0 0 0 0 0 0 0 0 0 0 0 0 0 0 0 462 0 0 0 157 113 0 0 0 0 0 0 240 0 0 0 0 0 0 0 0 62 0 0 0 174 161 36 0 0 0 0 444 0 0 0 0 97 0 276 0 0 0 0 0 0 0 
0 0 0 0 0 0 0 341 0 0 0 0 0 0 0 0 0 0 0 0 0 0 0 0 0 0 0 375 0 0 0 0 87 0 0 0 0 0 0 285 326 0 0 0 0 0 0 0 0 0 0 0 0 0 0 0 352 0 443 0 0 0 0 0 0 0 0 231 0 0 0 0 0 0 0 0 0 0 0 0 0 0 0 0 0 0 56 0 0 379 0 0 0 0 0 0 0 0 0 0 
201 0 0 0 0 364 0 124 0 0 0 0 0 0 0 0 349 0 0 0 0 0 0 0 0 0 0 0 0 0 0 0 0 0 398 0 354 0 0 0 0 0 339 0 451 0 0 0 0 265 0 0 0 0 0 434 0 0 123 0 0 0 0 330 0 0 0 0 0 0 0 0 0 0 0 0 0 0 0 0 0 0 0 0 0 0 0 0 0 0 0 422 0 10 0 0 0 0 0 115 
0 0 0 0 0 0 439 0 0 0 0 0 0 0 0 0 0 350 0 0 0 0 0 0 0 375 0 0 0 0 0 437 0 0 0 0 201 0 336 0 0 0 113 0 0 0 0 0 0 0 0 185 0 0 0 0 9 0 0 0 0 0 477 0 0 0 0 385 0 0 0 0 25 0 0 163 0 0 0 0 0 0 0 0 0 0 157 0 0 0 0 0 220 0 0 0 0 0 0 0 
0 0 0 0 0 0 0 0 0 0 0 0 0 0 347 0 0 0 0 0 0 0 0 0 0 0 0 0 0 346 180 258 0 425 0 394 0 86 0 145 0 0 0 0 0 0 0 0 0 0 0 0 0 0 0 0 0 0 0 0 0 311 0 194 0 0 0 362 0 0 0 0 0 0 0 0 0 0 0 0 0 0 0 0 0 0 0 275 0 0 0 0 0 461 0 314 461 0 0 0 
0 0 0 440 0 0 50 0 0 0 0 0 0 0 0 0 329 0 0 0 0 0 0 0 0 0 0 0 346 0 0 0 0 0 0 0 0 0 0 365 0 0 0 0 0 0 0 412 0 0 0 0 0 419 0 0 0 194 0 0 0 6 372 0 0 0 0 0 0 0 0 0 0 0 0 0 0 0 0 0 0 0 0 0 0 0 0 0 0 0 0 436 0 0 470 337 0 0 463 444 
0 0 0 0 237 0 0 0 0 0 0 0 83 0 0 0 0 0 0 0 0 133 0 0 0 0 0 0 180 0 0 0 0 0 0 0 0 0 0 0 0 154 0 0 0 0 0 0 274 0 0 0 351 0 0 0 0 0 0 0 0 0 0 0 0 0 0 0 0 401 0 0 0 85 0 0 29 0 354 148 0 0 0 0 0 0 0 0 0 0 0 0 0 0 0 0 0 0 156 0 
0 0 0 0 289 0 0 278 0 0 0 0 0 409 0 0 0 0 370 0 179 0 0 0 0 0 0 437 258 0 0 0 120 0 0 0 0 0 0 0 0 0 0 274 0 0 64 0 0 0 0 211 0 0 0 0 0 0 0 156 0 203 0 0 0 0 0 0 0 291 0 0 0 0 0 0 0 0 0 0 0 0 0 0 0 0 0 0 0 0 0 0 0 0 0 0 123 0 0 0 
0 0 0 0 0 0 0 97 0 0 0 0 0 426 0 0 437 0 52 0 0 0 0 0 0 87 0 0 0 0 0 120 0 0 0 0 386 0 0 0 333 0 394 0 0 0 445 0 0 0 0 0 0 0 0 0 0 0 0 0 0 0 0 0 334 0 0 0 0 0 0 0 0 0 0 0 361 0 191 0 0 0 0 0 0 0 0 0 0 0 0 216 0 0 0 0 0 0 0 0 
0 0 0 0 322 0 0 0 368 155 0 0 0 0 0 0 0 0 0 0 228 0 0 0 0 0 0 0 425 0 0 0 0 0 103 0 0 0 0 0 0 0 0 0 0 0 0 0 0 0 75 0 0 412 0 0 0 0 0 0 0 0 0 0 118 0 0 0 0 0 0 0 249 0 0 0 0 0 0 0 57 0 0 0 0 333 0 229 0 0 450 0 0 0 0 91 0 0 0 0 
0 0 0 362 0 0 0 185 123 0 16 0 0 0 0 5 0 0 0 0 0 279 0 0 0 0 398 0 0 0 0 0 0 103 0 0 0 0 0 0 0 0 0 0 0 0 0 0 0 0 0 0 0 0 0 0 0 0 0 0 0 0 0 99 0 261 388 0 0 0 0 0 0 0 0 0 0 0 349 0 0 0 0 0 0 0 0 0 0 0 0 0 0 0 0 0 357 143 193 0 
0 0 0 0 0 188 0 0 0 0 0 0 0 182 0 0 0 0 0 0 0 0 0 0 0 0 0 0 394 0 0 0 0 0 0 0 0 0 0 0 0 0 0 0 0 0 0 0 0 0 0 0 0 0 0 0 0 0 0 0 162 0 0 0 0 0 0 0 0 0 0 0 0 0 0 0 65 0 0 0 0 0 0 129 0 0 0 0 0 0 0 0 0 0 0 0 0 0 0 0 
380 0 0 0 0 0 0 333 0 0 0 0 0 0 0 0 0 0 0 415 0 0 0 63 0 0 354 201 0 0 0 0 386 0 0 0 0 0 485 0 0 0 0 0 0 0 0 0 0 0 308 0 492 0 0 0 0 0 0 0 243 213 339 0 0 466 0 0 0 0 0 0 0 0 0 0 0 0 0 219 0 0 0 0 0 0 0 0 0 0 0 0 0 0 0 0 0 0 0 0 
0 0 0 0 0 24 0 0 0 0 0 0 0 0 413 0 0 0 0 0 0 0 0 0 0 0 0 0 86 0 0 0 0 0 0 0 0 0 0 0 0 0 0 0 0 0 0 0 54 0 0 0 0 0 0 476 190 0 0 0 0 0 0 0 0 0 0 0 0 0 382 0 0 0 0 0 0 0 0 0 0 0 0 0 175 0 0 0 0 0 0 0 0 0 165 0 0 0 0 0 
0 0 0 0 202 404 0 0 0 0 0 497 0 0 0 0 0 0 0 0 306 0 0 0 0 0 0 336 0 0 0 0 0 0 0 0 485 0 0 88 0 0 0 490 318 499 0 0 0 0 0 0 0 0 0 0 0 0 0 0 0 0 0 226 0 0 0 467 0 0 0 0 0 0 0 0 0 275 0 0 0 0 0 0 0 430 0 0 240 0 0 0 0 0 0 0 0 0 0 0 
0 0 355 0 0 0 0 0 0 277 0 0 39 0 0 0 0 344 0 0 0 0 150 0 0 285 0 0 145 365 0 0 0 0 0 0 0 0 88 0 0 0 0 0 0 0 0 0 0 0 0 0 0 0 0 0 0 0 0 0 0 0 27 0 0 0 0 0 0 0 0 0 0 0 0 0 0 0 0 0 323 255 0 0 0 0 0 126 72 0 0 0 0 0 0 0 0 0 295 0 
0 0 69 0 0 0 0 0 0 430 0 0 0 0 0 0 0 424 0 0 0 0 0 0 0 326 0 0 0 0 0 0 333 0 0 0 0 0 0 0 0 14 0 0 0 52 0 164 0 0 0 0 0 0 0 0 0 0 0 0 0 0 0 0 0 0 0 0 0 0 0 0 0 6 0 0 0 0 346 0 0 0 0 0 444 0 0 0 318 0 0 0 0 0 0 0 0 0 0 0 
0 260 0 0 0 0 0 0 0 0 0 0 0 0 0 222 0 0 0 0 0 73 0 0 0 0 0 0 0 0 154 0 0 0 0 0 0 0 0 0 14 0 0 0 0 0 434 0 0 0 321 0 0 0 0 357 0 0 0 0 0 0 0 0 0 0 0 0 0 53 0 0 0 0 493 0 0 0 158 0 0 0 0 0 0 0 0 0 0 0 0 0 426 0 0 230 0 0 0 0 
0 0 0 0 129 0 0 0 0 0 0 495 0 0 0 0 0 268 218 0 183 0 0 0 0 0 339 113 0 0 0 0 394 0 0 0 0 0 0 0 0 0 0 0 304 0 0 0 0 0 0 271 0 0 0 0 0 423 0 0 0 0 0 1 0 0 0 0 0 0 0 0 0 0 0 0 0 0 0 0 0 0 391 312 0 392 0 0 0 0 0 0 0 0 0 0 0 0 0 0 
0 100 0 0 0 0 0 0 0 0 246 0 0 0 299 0 0 163 0 0 0 0 0 0 0 0 0 0 0 0 0 274 0 0 0 0 0 0 490 0 0 0 0 0 0 0 0 0 0 0 0 0 0 212 190 0 0 446 0 0 0 0 0 0 0 395 61 0 0 0 0 0 234 0 0 97 0 0 0 0 0 0 0 0 0 0 237 0 0 0 0 0 0 0 0 0 84 0 0 0 
0 0 0 360 133 0 0 0 0 0 81 0 499 0 0 0 0 0 0 0 0 0 0 0 0 0 451 0 0 0 0 0 0 0 0 0 0 0 318 0 0 0 304 0 0 0 0 321 0 0 65 0 0 0 313 0 0 0 0 0 0 149 0 0 19 0 0 0 0 0 0 0 343 481 0 0 0 0 0 0 0 0 0 219 0 0 0 0 0 0 0 0 0 0 0 0 0 0 0 0 
0 0 0 0 312 0 0 0 0 0 0 0 0 0 0 0 175 0 0 0 0 0 96 0 0 0 0 0 0 0 0 0 0 0 0 0 0 0 499 0 52 0 0 0 0 0 0 0 0 403 0 0 0 0 0 0 0 0 0 0 0 0 0 250 0 0 0 0 0 0 0 0 0 201 0 236 0 0 472 466 0 0 245 215 0 0 0 0 0 0 0 0 0 0 0 257 0 0 0 0 
0 0 278 0 0 0 0 0 31 0 0 0 0 251 0 0 0 0 0 0 0 278 497 0 0 0 0 0 0 0 0 64 445 0 0 0 0 0 0 0 0 434 0 0 0 0 0 108 102 0 0 461 0 390 0 0 0 0 0 0 0 0 0 0 0 0 0 0 0 0 104 0 0 0 0 0 0 0 0 0 0 0 0 0 0 0 0 0 0 0 0 0 0 420 0 0 0 0 0 0 
0 258 475 0 0 0 0 266 0 0 0 0 0 299 0 0 0 0 0 0 0 0 0 0 0 0 0 0 0 412 0 0 0 0 0 0 0 0 0 0 164 0 0 0 321 0 108 0 0 0 0 0 0 0 0 20 0 0 0 0 431 0 0 0 0 0 0 0 0 0 0 0 0 0 0 0 0 0 0 0 158 0 0 59 0 0 0 0 0 65 0 365 0 0 76 0 0 0 0 0 
0 0 0 0 0 310 0 0 0 0 0 0 0 0 0 0 0 0 0 0 72 0 0 0 0 0 0 0 0 0 274 0 0 0 0 0 0 54 0 0 0 0 0 0 0 0 102 0 0 0 0 0 0 0 0 0 240 0 0 0 0 0 0 0 0 0 0 0 0 0 0 0 0 0 0 36 0 0 0 0 0 0 0 0 493 0 0 269 0 0 0 0 239 0 0 0 0 0 0 0 
0 0 0 430 0 0 0 0 91 0 0 350 0 0 0 0 0 0 0 0 0 0 0 0 0 0 265 0 0 0 0 0 0 0 0 0 0 0 0 0 0 0 0 0 0 403 0 0 0 0 0 0 0 0 0 0 0 0 0 0 0 0 0 0 0 209 0 0 0 0 0 0 0 0 0 0 0 0 0 0 212 0 0 0 0 0 0 0 0 9 0 0 0 0 0 0 0 0 0 0 
0 0 0 0 0 363 0 0 0 0 0 0 0 0 0 0 0 0 0 0 0 0 225 224 0 0 0 0 0 0 0 0 0 75 0 0 308 0 0 0 0 321 0 0 65 0 0 0 0 0 0 0 27 0 0 0 0 459 0 0 0 0 0 303 0 0 0 0 0 386 0 0 0 0 0 0 0 0 0 0 438 0 0 0 0 0 0 0 386 0 338 0 0 0 0 383 0 0 0 0 
0 0 0 0 0 0 0 0 0 0 0 0 0 0 0 0 0 0 0 0 0 212 0 0 0 0 0 185 0 0 0 211 0 0 0 0 0 0 0 0 0 0 271 0 0 0 461 0 0 0 0 0 0 0 0 0 0 0 0 343 0 21 0 0 0 248 0 0 0 0 0 0 0 0 0 0 0 0 0 27 0 0 0 0 0 0 0 0 0 0 0 0 0 0 0 0 0 307 0 0 
0 0 0 245 136 0 481 0 0 0 0 481 0 0 0 0 0 0 0 0 0 0 0 166 0 0 0 0 0 0 351 0 0 0 0 0 492 0 0 0 0 0 0 0 0 0 0 0 0 0 27 0 0 353 0 0 0 0 72 0 0 0 0 0 0 0 0 0 0 0 0 0 0 0 0 0 271 0 0 0 0 0 285 0 0 0 0 0 381 0 0 0 0 0 301 0 0 340 0 0 
124 0 0 0 0 0 0 0 0 0 237 0 0 0 0 0 0 0 85 0 0 0 188 0 462 0 0 0 0 419 0 0 0 412 0 0 0 0 0 0 0 0 0 212 0 0 390 0 0 0 0 0 353 0 0 0 0 0 0 0 0 0 254 0 0 0 0 0 0 0 0 0 0 0 0 321 0 198 0 0 0 0 0 0 0 0 0 332 0 0 0 0 0 138 0 0 0 0 0 0 
0 0 0 0 0 216 0 0 0 0 0 17 0 122 0 0 0 0 0 23 0 0 0 0 0 0 0 0 0 0 0 0 0 0 0 0 0 0 0 0 0 0 0 190 313 0 0 0 0 0 0 0 0 0 0 0 0 221 0 0 0 0 0 0 0 0 0 0 0 387 0 390 170 0 0 272 0 0 0 0 0 0 0 53 0 0 0 0 0 0 0 0 0 223 0 0 0 0 0 0 
0 0 0 0 0 0 117 452 0 0 381 217 0 0 0 0 0 0 0 0 0 195 0 0 0 0 434 0 0 0 0 0 0 0 0 0 0 476 0 0 0 357 0 0 0 0 0 20 0 0 0 0 0 0 0 0 0 0 0 356 0 0 0 0 0 0 0 0 200 0 0 0 0 0 99 0 0 3 0 0 0 0 0 0 104 0 0 0 0 0 0 0 0 388 0 0 0 0 0 0 
0 43 0 304 0 0 0 0 0 0 0 264 0 0 0 0 0 0 0 0 0 0 0 0 0 352 0 9 0 0 0 0 0 0 0 0 0 190 0 0 0 0 0 0 0 0 0 0 240 0 0 0 0 0 0 0 0 0 0 0 0 0 0 0 0 0 0 339 0 0 0 0 0 0 0 0 0 0 0 0 0 0 220 0 498 0 0 419 0 261 0 0 0 0 0 353 0 0 0 0 
299 19 0 0 0 0 420 0 0 326 0 0 0 0 298 244 0 499 0 0 0 0 0 0 157 0 0 0 0 194 0 0 0 0 0 0 0 0 0 0 0 0 423 446 0 0 0 0 0 0 459 0 0 0 221 0 0 0 0 0 403 0 0 0 0 0 0 0 0 0 0 0 0 0 0 0 0 0 0 0 0 0 0 0 0 0 0 0 0 0 0 67 0 0 0 0 0 0 0 0 
35 0 0 0 269 297 0 0 256 0 0 0 0 0 0 0 0 0 0 0 0 0 0 0 113 443 123 0 0 0 0 0 0 0 0 0 0 0 0 0 0 0 0 0 0 0 0 0 0 0 0 0 72 0 0 0 0 0 0 0 0 0 0 0 0 0 0 0 0 0 0 0 0 0 0 0 0 0 0 0 0 0 427 0 0 0 0 0 285 0 0 0 0 0 0 0 0 0 0 0 
0 0 0 400 0 0 0 0 0 0 0 0 0 0 0 90 0 0 0 0 0 0 0 0 0 0 0 0 0 0 0 156 0 0 0 0 0 0 0 0 0 0 0 0 0 0 0 0 0 0 0 343 0 0 0 356 0 0 0 0 0 0 0 296 0 0 0 0 0 415 4 0 0 0 0 176 0 0 0 139 0 0 0 470 460 0 220 0 0 0 0 0 0 0 0 0 408 0 0 263 
0 0 0 0 0 0 0 0 0 0 0 0 0 0 0 0 0 0 442 0 99 0 0 0 0 0 0 0 0 0 0 0 0 0 0 162 243 0 0 0 0 0 0 0 0 0 0 431 0 0 0 0 0 0 0 0 0 403 0 0 0 0 0 0 0 445 210 0 0 0 0 0 432 470 0 0 0 0 0 0 0 0 0 0 0 0 0 0 0 0 0 0 0 0 0 0 0 0 0 0 
0 0 0 0 0 0 0 0 0 0 0 337 0 0 0 0 0 0 0 0 0 47 0 403 0 0 0 0 311 6 0 203 0 0 0 0 213 0 0 0 0 0 0 0 149 0 0 0 0 0 0 21 0 0 0 0 0 0 0 0 0 0 0 0 0 0 271 0 0 0 0 0 378 0 0 0 0 0 0 0 0 0 0 0 0 0 380 0 34 0 0 0 0 0 0 0 0 0 0 0 
0 0 0 0 0 0 344 0 0 17 0 462 0 417 361 0 0 0 0 0 0 280 0 194 0 0 0 477 0 372 0 0 0 0 0 0 339 0 0 27 0 0 0 0 0 0 0 0 0 0 0 0 0 254 0 0 0 0 0 0 0 0 0 0 0 0 335 0 0 0 0 0 0 0 0 0 0 207 0 0 0 0 0 0 0 0 0 0 0 0 0 0 0 0 413 0 0 0 0 0 
23 0 244 0 0 0 0 0 0 0 0 365 0 0 0 0 0 0 0 0 0 0 0 0 0 0 330 0 194 0 0 0 0 0 99 0 0 0 226 0 0 0 1 0 0 250 0 0 0 0 303 0 0 0 0 0 0 0 0 296 0 0 0 0 0 51 0 0 0 0 0 0 0 0 0 261 0 0 0 0 0 0 0 0 0 0 0 0 0 0 0 0 0 0 0 0 0 0 0 0 
0 0 293 0 0 0 0 0 0 0 0 0 0 304 0 462 0 0 0 117 0 0 0 0 0 0 0 0 0 0 0 0 334 118 0 0 0 0 0 0 0 0 0 0 19 0 0 0 0 0 0 0 0 0 0 0 0 0 0 0 0 0 0 0 0 0 0 158 53 0 0 0 0 0 0 0 0 173 0 0 0 0 0 0 0 0 0 463 0 0 0 0 0 0 0 0 0 0 0 0 
0 442 0 0 0 0 0 0 0 0 0 0 0 0 0 0 0 0 0 231 0 0 0 0 240 0 0 0 0 0 0 0 0 0 261 0 466 0 0 0 0 0 0 395 0 0 0 0 0 209 0 248 0 0 0 0 0 0 0 0 445 0 0 51 0 0 0 0 0 0 0 0 0 0 0 0 0 0 0 0 0 58 92 356 0 107 0 0 0 0 0 0 0 0 0 0 0 0 0 323 
0 0 0 0 0 0 370 0 0 376 0 0 0 0 0 0 0 0 0 268 85 0 0 104 0 0 0 0 0 0 0 0 0 0 388 0 0 0 0 0 0 0 0 61 0 0 0 0 0 0 0 0 0 0 0 0 0 0 0 0 210 271 335 0 0 0 0 0 0 264 0 257 0 0 0 0 0 0 5 0 0 0 293 0 0 0 0 0 0 0 0 0 0 0 0 0 0 0 0 443 
0 0 0 0 74 0 0 441 0 0 0 1 0 0 0 0 0 0 0 0 0 0 0 0 0 231 0 385 362 0 0 0 0 0 0 0 0 0 467 0 0 0 0 0 0 0 0 0 0 0 0 0 0 0 0 0 339 0 0 0 0 0 0 0 158 0 0 0 151 0 473 0 0 0 0 0 0 0 0 0 0 0 0 0 206 0 0 0 0 0 0 0 0 257 401 0 0 423 0 0 
0 0 0 0 0 0 0 0 0 165 0 0 0 0 97 0 0 284 0 0 286 0 477 0 0 0 0 0 0 0 0 0 0 0 0 0 0 0 0 0 0 0 0 0 0 0 0 0 0 0 0 0 0 0 0 200 0 0 0 0 0 0 0 0 53 0 0 151 0 0 0 0 0 120 0 0 412 0 0 0 0 0 0 295 266 0 0 16 0 0 0 337 0 0 0 411 0 0 0 0 
0 0 0 0 0 121 412 0 0 0 0 0 0 0 488 0 0 0 0 0 0 0 0 0 0 0 0 0 0 0 401 291 0 0 0 0 0 0 0 0 0 53 0 0 0 0 0 0 0 0 386 0 0 0 387 0 0 0 0 415 0 0 0 0 0 0 264 0 0 0 0 0 0 0 0 0 0 0 0 0 0 0 0 0 189 0 0 0 0 0 0 475 0 0 0 0 42 0 0 0 
0 0 213 0 0 0 0 0 0 93 0 0 0 0 440 0 0 404 0 273 0 0 0 0 0 0 0 0 0 0 0 0 0 0 0 0 0 382 0 0 0 0 0 0 0 0 104 0 0 0 0 0 0 0 0 0 0 0 0 4 0 0 0 0 0 0 0 473 0 0 0 129 159 0 422 362 0 0 0 0 0 0 0 0 0 0 56 0 0 449 0 0 0 0 0 0 0 0 0 0 
0 0 0 0 0 0 0 0 497 0 0 0 0 0 63 0 0 0 0 0 0 0 0 424 0 0 0 0 0 0 0 0 0 0 0 0 0 0 0 0 0 0 0 0 0 0 0 0 0 0 0 0 0 0 390 0 0 0 0 0 0 0 0 0 0 0 257 0 0 0 129 0 0 144 0 0 0 0 0 0 144 456 0 0 0 0 0 0 330 0 194 0 0 0 0 0 0 0 0 0 
0 236 0 377 0 0 0 0 0 0 0 0 0 0 0 0 0 0 0 0 92 0 0 50 0 0 0 25 0 0 0 0 0 249 0 0 0 0 0 0 0 0 0 234 343 0 0 0 0 0 0 0 0 0 170 0 0 0 0 0 432 378 0 0 0 0 0 0 0 0 159 0 0 0 0 0 0 0 0 0 0 0 0 0 314 0 0 467 0 0 0 0 0 0 0 0 366 0 0 0 
0 0 0 330 0 0 0 0 0 0 0 0 0 0 0 0 0 0 0 0 0 0 0 342 0 0 0 0 0 0 85 0 0 0 0 0 0 0 0 0 6 0 0 0 481 201 0 0 0 0 0 0 0 0 0 0 0 0 0 0 470 0 0 0 0 0 0 0 120 0 0 144 0 0 0 119 0 0 0 0 0 0 0 0 0 0 0 0 0 0 0 0 0 0 11 0 0 316 0 0 
0 0 0 0 0 0 0 331 0 0 0 0 0 0 0 0 0 28 284 0 0 0 0 0 62 0 0 0 0 0 0 0 0 0 0 0 0 0 0 0 0 493 0 0 0 0 0 0 0 0 0 0 0 0 0 99 0 0 0 0 0 0 0 0 0 0 0 0 0 0 422 0 0 0 0 0 0 0 0 32 80 0 0 0 125 0 0 0 0 0 0 0 0 0 359 0 0 120 0 0 
293 0 0 0 0 0 0 484 0 0 0 0 467 0 0 0 459 0 0 0 0 0 0 0 0 0 0 163 0 0 0 0 0 0 0 0 0 0 0 0 0 0 0 97 0 236 0 0 36 0 0 0 0 321 272 0 0 0 0 176 0 0 0 261 0 0 0 0 0 0 362 0 0 119 0 0 0 0 0 0 0 0 0 0 0 0 0 0 0 0 0 432 0 0 0 0 0 0 0 0 
0 0 0 0 0 268 0 0 0 0 0 0 0 0 0 0 0 0 0 0 0 0 0 0 0 0 0 0 0 0 29 0 361 0 0 65 0 0 0 0 0 0 0 0 0 0 0 0 0 0 0 0 271 0 0 0 0 0 0 0 0 0 0 0 0 0 0 0 412 0 0 0 0 0 0 0 0 0 0 0 0 0 383 0 0 0 0 0 0 0 0 92 0 232 0 0 0 0 323 0 
0 0 0 0 0 0 375 393 0 0 181 0 0 0 0 0 0 0 0 0 0 162 0 0 0 0 0 0 0 0 0 0 0 0 0 0 0 0 275 0 0 0 0 0 0 0 0 0 0 0 0 0 0 198 0 3 0 0 0 0 0 0 207 0 173 0 0 0 0 0 0 0 0 0 0 0 0 0 0 0 0 0 86 0 0 0 0 0 0 0 0 0 0 0 368 484 0 0 281 0 
0 0 0 0 258 0 0 0 0 500 0 0 0 0 0 0 0 0 0 0 0 0 0 0 174 0 0 0 0 0 354 0 191 0 349 0 0 0 0 0 346 158 0 0 0 472 0 0 0 0 0 0 0 0 0 0 0 0 0 0 0 0 0 0 0 0 5 0 0 0 0 0 0 0 0 0 0 0 0 174 0 0 0 122 0 176 0 0 0 0 0 0 0 0 0 0 0 0 336 100 
0 0 0 0 0 0 0 0 0 0 0 0 73 49 0 91 0 0 0 0 0 0 0 0 161 0 0 0 0 0 148 0 0 0 0 0 219 0 0 0 0 0 0 0 0 466 0 0 0 0 0 27 0 0 0 0 0 0 0 139 0 0 0 0 0 0 0 0 0 0 0 0 0 0 32 0 0 0 174 0 0 0 0 0 0 0 0 283 0 0 0 0 0 0 490 0 0 0 409 198 
0 0 0 0 219 0 0 0 20 0 0 0 0 0 0 0 0 0 0 446 0 0 0 0 36 0 0 0 0 0 0 0 0 57 0 0 0 0 0 323 0 0 0 0 0 0 0 158 0 212 438 0 0 0 0 0 0 0 0 0 0 0 0 0 0 0 0 0 0 0 0 144 0 0 80 0 0 0 0 0 0 18 0 0 0 0 0 0 0 307 0 0 0 0 0 0 98 0 431 0 
0 0 0 114 0 0 0 0 380 73 0 0 0 0 0 0 0 0 198 0 0 0 0 241 0 0 0 0 0 0 0 0 0 0 0 0 0 0 0 255 0 0 0 0 0 0 0 0 0 0 0 0 0 0 0 0 0 0 0 0 0 0 0 0 0 58 0 0 0 0 0 456 0 0 0 0 0 0 0 0 18 0 166 0 0 0 0 0 0 65 0 0 0 0 143 0 0 391 0 283 
0 162 0 0 0 0 0 0 0 0 0 0 0 0 0 0 0 0 0 0 0 0 0 81 0 0 0 0 0 0 0 0 0 0 0 0 0 0 0 0 0 0 391 0 0 245 0 0 0 0 0 0 285 0 0 0 220 0 427 0 0 0 0 0 0 92 293 0 0 0 0 0 0 0 0 0 383 86 0 0 0 166 0 0 0 361 0 0 0 0 0 0 0 0 371 0 0 87 0 0 
0 146 0 0 0 0 0 58 224 69 0 0 0 0 0 0 0 0 0 0 0 0 0 0 0 0 0 0 0 0 0 0 0 0 0 129 0 0 0 0 0 0 312 0 219 215 0 59 0 0 0 0 0 0 53 0 0 0 0 470 0 0 0 0 0 356 0 0 295 0 0 0 0 0 0 0 0 0 122 0 0 0 0 0 0 0 0 0 0 0 0 0 382 0 0 0 0 0 0 0 
0 0 0 0 0 0 0 0 0 0 0 36 0 0 0 150 0 0 0 0 0 0 0 0 0 0 0 0 0 0 0 0 0 0 0 0 0 175 0 0 444 0 0 0 0 0 0 0 493 0 0 0 0 0 0 104 498 0 0 460 0 0 0 0 0 0 0 206 266 189 0 0 314 0 125 0 0 0 0 0 0 0 0 0 0 268 0 0 0 0 0 0 0 0 0 0 0 0 86 0 
0 0 0 192 0 0 0 0 0 305 0 369 0 0 0 0 0 22 0 0 0 479 0 0 444 0 0 0 0 0 0 0 0 333 0 0 0 0 430 0 0 0 392 0 0 0 0 0 0 0 0 0 0 0 0 0 0 0 0 0 0 0 0 0 0 107 0 0 0 0 0 0 0 0 0 0 0 0 176 0 0 0 361 0 268 0 0 0 0 0 0 0 0 0 0 0 195 277 0 0 
0 0 479 0 0 0 0 0 0 0 0 0 0 0 0 0 0 0 449 0 0 0 122 0 0 56 0 157 0 0 0 0 0 0 0 0 0 0 0 0 0 0 0 237 0 0 0 0 0 0 0 0 0 0 0 0 0 0 0 220 0 380 0 0 0 0 0 0 0 0 56 0 0 0 0 0 0 0 0 0 0 0 0 0 0 0 0 0 0 0 0 0 0 0 0 40 0 0 0 0 
0 0 0 0 0 0 0 0 281 0 0 0 0 0 0 0 0 0 0 0 481 0 0 0 0 0 0 0 275 0 0 0 0 229 0 0 0 0 0 126 0 0 0 0 0 0 0 0 269 0 0 0 0 332 0 0 419 0 0 0 0 0 0 0 463 0 0 0 16 0 0 0 467 0 0 0 0 0 0 283 0 0 0 0 0 0 0 0 407 0 0 234 0 400 0 0 0 0 0 0 
0 0 0 0 0 0 0 0 0 0 0 0 0 0 0 0 0 0 0 0 0 0 320 0 0 0 0 0 0 0 0 0 0 0 0 0 0 0 240 72 318 0 0 0 0 0 0 0 0 0 386 0 381 0 0 0 0 0 285 0 0 34 0 0 0 0 0 0 0 0 0 330 0 0 0 0 0 0 0 0 0 0 0 0 0 0 0 407 0 0 0 0 0 0 0 0 0 221 0 237 
400 0 0 0 0 0 0 0 0 0 351 0 0 52 171 0 0 0 0 0 0 0 0 0 0 379 0 0 0 0 0 0 0 0 0 0 0 0 0 0 0 0 0 0 0 0 0 65 0 9 0 0 0 0 0 0 261 0 0 0 0 0 0 0 0 0 0 0 0 0 449 0 0 0 0 0 0 0 0 0 307 65 0 0 0 0 0 0 0 0 0 0 0 0 436 0 443 363 30 0 
0 0 0 151 0 0 0 0 0 0 491 0 0 328 0 0 0 0 0 0 0 0 225 242 97 0 0 0 0 0 0 0 0 450 0 0 0 0 0 0 0 0 0 0 0 0 0 0 0 0 338 0 0 0 0 0 0 0 0 0 0 0 0 0 0 0 0 0 0 0 0 194 0 0 0 0 0 0 0 0 0 0 0 0 0 0 0 0 0 0 0 0 0 0 0 0 0 0 0 0 
241 0 0 0 0 0 0 0 0 360 0 0 0 0 0 0 0 0 0 0 0 0 0 0 0 0 422 0 0 436 0 0 216 0 0 0 0 0 0 0 0 0 0 0 0 0 0 365 0 0 0 0 0 0 0 0 0 67 0 0 0 0 0 0 0 0 0 0 337 475 0 0 0 0 0 432 92 0 0 0 0 0 0 0 0 0 0 234 0 0 0 0 0 0 0 0 52 0 0 0 
0 0 0 0 0 0 0 0 0 0 0 0 0 199 0 0 0 0 0 0 0 0 0 318 276 0 0 220 0 0 0 0 0 0 0 0 0 0 0 0 0 426 0 0 0 0 0 0 239 0 0 0 0 0 0 0 0 0 0 0 0 0 0 0 0 0 0 0 0 0 0 0 0 0 0 0 0 0 0 0 0 0 0 382 0 0 0 0 0 0 0 0 0 0 0 0 0 204 0 464 
0 0 448 355 274 0 0 0 0 0 0 0 0 0 0 0 130 0 0 0 0 213 0 0 0 0 10 0 461 0 0 0 0 0 0 0 0 0 0 0 0 0 0 0 0 0 420 0 0 0 0 0 0 138 223 388 0 0 0 0 0 0 0 0 0 0 0 257 0 0 0 0 0 0 0 0 232 0 0 0 0 0 0 0 0 0 0 400 0 0 0 0 0 0 0 0 0 0 18 0 
0 0 0 0 0 0 0 0 0 0 0 0 0 0 249 0 0 0 0 0 0 434 0 0 0 0 0 0 0 470 0 0 0 0 0 0 0 165 0 0 0 0 0 0 0 0 0 76 0 0 0 0 301 0 0 0 0 0 0 0 0 0 413 0 0 0 0 401 0 0 0 0 0 11 359 0 0 368 0 490 0 143 371 0 0 0 0 0 0 436 0 0 0 0 0 0 0 0 0 0 
0 207 0 0 0 0 0 0 318 0 0 0 322 0 0 0 0 0 0 0 0 45 0 0 0 0 0 0 314 337 0 0 0 91 0 0 0 0 0 0 0 230 0 0 0 257 0 0 0 0 383 0 0 0 0 0 353 0 0 0 0 0 0 0 0 0 0 0 411 0 0 0 0 0 0 0 0 484 0 0 0 0 0 0 0 0 40 0 0 0 0 0 0 0 0 0 0 0 0 0 
0 0 0 137 0 0 0 0 0 0 165 0 0 0 0 0 0 0 189 0 0 0 0 0 0 0 0 0 461 0 0 123 0 0 357 0 0 0 0 0 0 0 0 84 0 0 0 0 0 0 0 0 0 0 0 0 0 0 0 408 0 0 0 0 0 0 0 0 0 42 0 0 366 0 0 0 0 0 0 0 98 0 0 0 0 195 0 0 0 443 0 52 0 0 0 0 0 0 0 0 
0 0 0 0 0 0 0 0 0 0 0 72 0 0 20 0 0 0 0 0 486 0 0 0 0 0 0 0 0 0 0 0 0 0 143 0 0 0 0 0 0 0 0 0 0 0 0 0 0 0 0 307 340 0 0 0 0 0 0 0 0 0 0 0 0 0 0 423 0 0 0 0 0 316 120 0 0 0 0 0 0 391 87 0 0 277 0 0 221 363 0 0 204 0 0 0 0 0 0 0 
163 321 0 0 0 0 0 0 0 0 0 0 0 0 0 0 0 0 0 0 36 0 0 0 0 0 0 0 0 463 156 0 0 0 193 0 0 0 0 295 0 0 0 0 0 0 0 0 0 0 0 0 0 0 0 0 0 0 0 0 0 0 0 0 0 0 0 0 0 0 0 0 0 0 0 0 323 281 336 409 431 0 0 0 86 0 0 0 0 30 0 0 0 18 0 0 0 0 0 0 
0 0 0 0 0 0 155 0 0 0 0 0 0 0 0 0 0 0 0 496 229 0 0 0 0 0 115 0 0 444 0 0 0 0 0 0 0 0 0 0 0 0 0 0 0 0 0 0 0 0 0 0 0 0 0 0 0 0 0 263 0 0 0 0 0 323 443 0 0 0 0 0 0 0 0 0 0 0 100 198 0 283 0 0 0 0 0 0 237 0 0 0 464 0 0 0 0 0 0 0 
