0 0 24 91 56 18 94 50 0 59 1 0 90 0 0 0 48 10 0 7 0 0 2 30 45 0 4 66 0 59 0 29 100 43 27 0 50 23 0 100 51 83 0 20 50 51 78 34 0 73 14 5 0 15 89 0 44 89 0 84 28 9 95 0 93 32 86 0 62 26 63 48 16 13 62 0 93 0 0 91 87 64 15 81 2 0 97 1 0 0 25 0 31 14 93 75 81 53 22 0 
0 0 95 11 89 0 74 87 0 17 0 18 81 0 27 40 95 41 63 0 95 50 97 12 25 9 7 16 77 0 41 0 0 11 2 15 0 59 0 0 4 39 82 0 40 86 77 13 94 0 0 28 0 0 43 89 71 50 36 0 0 57 47 6 9 72 26 90 0 0 57 43 87 30 0 46 18 91 69 85 0 48 0 0 0 0 59 0 57 73 0 0 58 84 0 58 0 79 55 0 
24 95 0 94 56 62 3 0 51 96 0 19 63 36 28 0 15 26 0 76 35 37 98 0 0 0 84 0 5 14 0 48 0 95 40 0 69 0 0 98 0 55 66 95 86 90 0 49 0 13 68 0 23 10 0 0 72 82 64 13 51 22 44 61 81 92 61 0 0 52 38 26 89 55 0 23 23 0 0 0 66 44 84 92 35 0 83 8 0 0 96 50 67 0 1 90 0 83 32 0 
91 11 94 0 91 0 0 26 9 0 8 80 24 0 0 64 69 27 14 11 53 1 42 65 39 0 27 56 0 5 69 0 41 9 0 18 25 15 0 41 37 22 9 38 76 0 39 39 59 0 0 61 100 6 0 91 0 77 0 67 60 10 79 0 0 0 0 0 20 0 65 55 98 17 0 0 42 72 0 0 95 21 7 26 96 0 42 0 10 0 81 51 0 95 53 0 0 0 96 0 
56 89 56 91 0 67 0 0 3 0 67 77 73 0 0 0 78 0 79 0 15 61 26 0 0 0 86 10 48 85 24 56 0 63 0 0 95 33 0 0 0 52 0 0 56 36 0 0 0 61 40 0 23 40 88 0 0 28 54 16 51 0 0 37 15 88 0 0 64 8 73 91 13 87 67 0 57 0 0 0 96 82 0 0 94 9 0 46 99 0 0 0 93 0 100 31 55 87 71 80 
18 0 62 0 67 0 14 89 0 0 27 100 96 44 0 4 0 0 24 24 83 99 61 0 0 42 74 0 19 0 84 87 7 47 37 91 0 95 79 29 79 89 0 0 82 14 58 40 79 0 17 1 46 0 0 0 83 0 60 0 83 79 93 41 29 81 37 64 54 23 0 0 64 0 89 9 0 0 45 89 0 10 82 2 14 11 10 0 100 8 5 0 32 67 44 0 0 20 40 37 
94 74 3 0 0 14 0 0 64 46 27 0 0 41 0 27 0 0 0 0 44 97 0 0 23 71 4 0 66 0 8 55 70 0 0 0 0 0 0 0 80 31 47 84 33 39 79 67 56 34 0 57 84 0 0 0 87 0 0 0 11 0 65 68 19 0 10 5 99 0 0 0 0 2 89 4 0 73 83 0 37 81 0 50 13 0 65 62 0 13 2 20 13 0 47 32 10 0 49 0 
50 87 0 26 0 89 0 0 0 97 0 18 0 58 87 0 28 43 0 86 97 99 0 67 0 0 12 13 0 68 0 0 86 26 43 95 60 0 0 0 0 26 0 51 0 0 0 0 0 10 67 75 46 0 69 37 55 32 50 0 8 0 0 0 80 0 24 69 60 96 7 24 0 0 0 42 87 0 0 37 17 2 80 96 39 64 8 0 0 46 79 0 0 16 52 0 43 0 0 0 
0 0 51 9 3 0 64 0 0 0 0 0 43 0 71 71 0 0 80 0 1 0 97 11 0 66 0 61 28 77 8 0 31 23 37 92 86 77 0 0 99 0 94 19 24 0 72 97 53 0 0 55 0 44 26 0 0 0 52 79 62 0 96 76 0 47 100 72 13 93 9 0 82 0 78 0 86 0 0 45 68 0 18 0 0 6 38 0 0 0 0 40 53 70 0 17 17 35 88 0 
59 17 96 0 0 0 46 97 0 0 94 83 59 0 69 1 0 8 36 71 21 27 60 27 57 47 65 48 34 7 40 19 0 72 0 46 0 93 0 69 0 84 24 0 42 0 80 0 45 13 76 21 42 59 0 0 0 83 90 60 75 0 60 28 0 0 50 0 0 88 59 0 85 72 24 0 67 11 4 69 0 28 72 40 17 78 16 38 97 0 70 0 17 11 0 0 38 0 29 46 
1 0 0 8 67 27 27 0 0 94 0 0 39 70 38 49 0 0 1 22 0 14 39 21 0 47 47 0 6 38 0 34 52 14 0 83 97 90 69 0 31 74 100 68 7 71 0 0 0 53 0 0 0 0 0 5 0 0 9 78 0 86 99 0 0 80 59 52 15 0 75 80 0 50 29 6 0 78 14 1 66 2 0 99 0 0 32 50 22 27 60 25 27 72 78 14 65 0 60 0 
0 18 19 80 77 100 0 18 0 83 0 0 0 0 0 0 12 75 0 0 39 11 0 28 0 0 0 63 0 59 19 26 87 0 0 0 48 99 0 76 48 0 30 5 53 49 18 93 0 0 0 0 0 0 0 21 50 0 23 0 28 0 35 68 81 86 0 6 0 82 0 0 0 8 17 95 0 73 93 27 0 45 0 0 0 43 36 95 0 74 27 0 20 0 0 0 95 36 52 0 
90 81 63 24 73 96 0 0 43 59 39 0 0 51 0 0 91 67 50 0 27 0 0 63 96 0 0 1 27 0 6 15 42 8 0 96 7 0 67 0 87 0 37 14 1 54 63 41 51 96 0 99 50 60 0 0 35 17 86 21 33 0 2 77 9 41 10 0 69 0 44 26 1 0 0 0 24 0 16 85 0 0 14 76 0 29 0 24 7 0 16 0 59 0 79 0 4 0 1 26 
0 0 36 0 0 44 41 58 0 0 70 0 51 0 53 0 26 67 0 81 0 0 0 0 0 71 0 0 35 0 88 93 73 31 68 0 21 0 0 0 0 0 7 0 8 0 62 84 92 80 38 0 0 57 70 0 45 0 94 29 0 26 0 32 24 39 0 71 0 0 0 31 88 99 0 0 56 60 0 58 0 49 23 0 71 16 92 37 0 87 24 0 32 6 0 16 76 42 40 0 
0 27 28 0 0 0 0 87 71 69 38 0 0 53 0 0 42 34 0 92 2 0 73 0 85 90 64 10 25 0 58 96 0 0 0 0 0 49 9 8 53 0 81 45 39 0 76 0 47 0 0 64 93 70 19 44 0 0 46 88 86 80 0 0 33 51 0 0 0 0 39 51 0 0 0 60 22 0 96 8 42 76 16 95 32 0 0 25 0 46 0 7 31 0 44 0 17 0 99 27 
0 40 0 64 0 4 27 0 71 1 49 0 0 0 0 0 60 0 33 0 62 0 0 30 17 67 0 0 0 0 14 0 0 21 41 60 0 88 17 2 0 43 45 66 0 0 59 23 0 33 25 11 65 53 12 0 86 43 26 16 0 42 0 10 0 24 88 52 9 54 2 0 0 0 9 0 0 58 88 0 25 27 53 0 0 0 0 0 48 87 67 97 0 97 80 0 16 0 61 0 
48 95 15 69 78 0 0 28 0 0 0 12 91 26 42 60 0 8 79 45 0 44 60 0 0 82 0 41 0 86 76 53 0 0 93 36 0 0 0 74 0 66 95 0 0 9 14 97 78 43 0 96 0 41 18 0 0 0 0 97 0 0 54 0 0 0 93 48 0 7 0 0 38 80 0 0 23 0 29 0 0 0 0 37 89 19 0 95 0 30 74 89 0 21 89 71 80 52 0 0 
10 41 26 27 0 0 0 43 0 8 0 75 67 67 34 0 8 0 39 0 9 85 79 0 0 53 0 30 0 44 0 21 73 56 46 6 16 0 4 0 30 82 95 0 43 21 85 0 10 89 59 3 10 0 58 0 0 74 18 14 0 89 25 66 4 0 72 62 52 4 0 0 37 29 16 15 0 91 0 0 6 93 96 98 63 19 53 0 90 0 5 85 95 82 37 18 21 0 0 93 
0 63 0 14 79 24 0 0 80 36 1 0 50 0 0 33 79 39 0 92 0 0 0 0 50 0 25 0 22 9 0 0 96 0 37 0 0 74 24 11 0 42 24 0 0 86 62 51 37 52 23 16 51 92 0 90 83 71 66 96 84 43 10 35 84 38 88 0 92 33 84 76 66 0 0 5 0 0 0 43 8 54 38 6 40 0 3 92 0 81 20 52 8 57 0 80 25 41 0 12 
7 0 76 11 0 24 0 86 0 71 22 0 0 81 92 0 45 0 92 0 0 0 93 0 0 0 47 57 17 0 25 34 0 0 79 0 81 46 0 0 59 39 0 71 91 51 0 0 1 0 0 21 0 0 0 86 27 0 0 0 27 79 59 0 79 69 97 99 0 5 50 67 0 37 14 0 0 0 47 0 62 0 49 0 80 0 47 7 20 44 15 74 10 32 0 73 76 0 32 66 
0 95 35 53 15 83 44 97 1 21 0 39 27 0 2 62 0 9 0 0 0 18 0 76 54 25 21 0 80 77 50 0 95 91 97 31 0 0 35 74 53 0 0 70 70 10 0 0 0 0 60 82 35 70 98 60 26 93 84 25 91 3 5 0 0 0 0 14 0 0 7 74 8 26 62 0 62 46 13 38 57 55 83 0 0 0 0 0 0 75 0 0 6 0 0 10 88 68 0 25 
0 50 37 1 61 99 97 99 0 27 14 11 0 0 0 0 44 85 0 0 18 0 50 14 0 25 51 0 0 0 73 18 72 0 62 0 66 0 26 72 0 0 98 72 0 0 0 16 98 0 56 79 44 5 47 90 0 0 4 0 28 0 0 0 0 18 0 31 0 0 56 98 39 0 66 40 6 99 0 56 0 39 70 0 24 0 0 0 39 88 0 13 24 0 84 0 0 18 0 0 
2 97 98 42 26 61 0 0 97 60 39 0 0 0 73 0 60 79 0 93 0 50 0 89 21 60 0 0 91 86 73 23 0 0 12 0 43 0 83 14 0 0 41 93 97 62 79 80 2 93 24 33 63 86 3 48 96 93 0 71 46 40 98 53 26 15 0 66 0 0 0 0 68 34 23 66 0 0 77 19 86 45 72 66 0 0 64 55 24 0 6 89 89 56 0 55 86 62 6 0 
30 12 0 65 0 0 0 67 11 27 21 28 63 0 0 30 0 0 0 0 76 14 89 0 11 0 20 0 92 0 60 52 19 96 0 0 91 0 13 30 0 77 0 73 0 56 72 0 0 0 0 71 0 6 72 77 0 12 55 84 34 0 0 0 35 0 0 27 100 34 95 16 41 2 77 0 0 69 50 0 97 0 50 55 31 0 47 0 0 45 0 5 25 23 43 23 22 0 0 0 
45 25 0 39 0 0 23 0 0 57 0 0 96 0 85 17 0 0 50 0 54 0 21 11 0 19 37 0 0 38 0 78 28 0 0 74 40 0 16 0 0 8 0 61 39 53 45 66 55 63 9 15 0 12 17 0 23 41 0 0 22 0 75 10 0 16 88 27 97 55 40 0 25 0 28 0 0 46 35 0 26 90 60 65 0 53 61 22 32 58 43 62 0 0 86 72 84 0 0 0 
0 9 0 0 0 42 71 0 66 47 47 0 0 71 90 67 82 53 0 0 25 25 60 0 19 0 0 79 0 25 61 0 28 17 53 0 100 53 86 15 0 50 0 96 65 26 64 0 0 0 0 53 92 0 0 47 32 54 76 35 73 0 88 86 81 48 84 0 72 0 94 0 51 1 28 0 0 68 0 38 91 0 85 17 90 0 3 62 0 0 0 0 0 36 0 89 14 0 0 56 
4 7 84 27 86 74 4 12 0 65 47 0 0 0 64 0 0 0 25 47 21 51 0 20 37 0 0 61 30 43 18 27 84 86 6 0 2 0 0 64 44 0 63 46 0 0 0 91 85 0 7 97 0 81 0 22 0 34 0 15 22 10 58 87 64 6 66 98 0 69 97 94 19 99 0 57 0 60 45 94 0 99 18 0 0 70 34 81 0 0 6 0 0 56 63 0 57 0 0 46 
66 16 0 56 10 0 0 13 61 48 0 63 1 0 10 0 41 30 0 57 0 0 0 0 0 79 61 0 67 6 80 81 0 7 0 0 12 31 0 0 18 28 0 74 42 88 82 70 34 64 0 26 23 0 0 0 0 56 15 97 65 64 87 34 4 92 0 0 91 44 29 71 69 0 0 98 0 0 0 48 0 0 61 25 70 0 67 77 62 32 45 0 45 0 30 53 36 45 12 0 
0 77 5 0 48 19 66 0 28 34 6 0 27 35 25 0 0 0 22 17 80 0 91 92 0 0 30 67 0 0 58 78 57 41 68 94 84 69 36 0 65 11 0 13 82 0 78 8 0 96 0 0 0 57 14 72 0 81 86 44 79 58 0 0 0 66 69 31 0 0 70 33 0 5 28 0 30 0 0 21 10 54 15 99 80 50 0 8 33 71 0 37 15 0 0 12 0 0 0 0 
59 0 14 5 85 0 0 68 77 7 38 59 0 0 0 0 86 44 9 0 77 0 86 0 38 25 43 6 0 0 0 79 95 0 0 74 0 0 5 8 57 5 0 3 0 33 37 62 35 0 0 0 87 0 34 98 0 82 51 81 37 18 41 13 0 75 61 0 65 77 74 52 0 84 83 96 7 0 53 75 76 15 69 42 49 54 63 91 84 62 74 0 0 72 7 33 0 72 3 1 
0 41 0 69 24 84 8 0 8 40 0 19 6 88 58 14 76 0 0 25 50 73 73 60 0 61 18 80 58 0 0 72 0 35 33 0 0 84 47 34 0 11 16 31 74 63 95 0 12 7 6 93 0 67 1 49 87 80 1 48 0 19 0 0 83 19 19 0 0 40 0 0 0 65 27 15 45 0 0 74 68 48 0 50 0 0 8 0 80 97 24 83 47 65 75 32 0 3 82 81 
29 0 48 0 56 87 55 0 0 19 34 26 15 93 96 0 53 21 0 34 0 18 23 52 78 0 27 81 78 79 72 0 66 16 0 87 17 49 0 0 0 50 0 13 30 0 12 35 18 9 0 0 0 0 0 47 0 0 31 0 100 0 22 0 0 15 8 0 5 47 0 0 23 59 79 99 0 33 84 17 2 56 0 32 0 0 31 0 100 0 56 82 69 0 71 51 0 42 26 22 
100 0 0 41 0 7 70 86 31 0 52 87 42 73 0 0 0 73 96 0 95 72 0 19 28 28 84 0 57 95 0 66 0 90 68 0 0 85 61 94 76 45 0 0 0 0 34 0 21 11 33 40 29 90 0 0 5 18 0 93 0 77 0 69 36 0 99 20 72 20 94 0 0 15 89 13 0 0 99 31 72 0 15 0 0 87 0 46 0 0 0 86 0 95 96 26 60 45 70 0 
43 11 95 9 63 47 0 26 23 72 14 0 8 31 0 21 0 56 0 0 91 0 0 96 0 17 86 7 41 0 35 16 90 0 2 3 95 30 1 3 0 46 1 0 0 0 70 12 21 0 10 0 0 31 81 38 91 0 0 0 14 64 66 0 50 0 29 42 0 70 37 61 0 0 94 16 53 19 51 4 61 1 31 0 0 0 40 100 52 22 0 41 39 16 93 0 0 55 0 26 
27 2 40 0 0 37 0 43 37 0 0 0 0 68 0 41 93 46 37 79 97 62 12 0 0 53 6 0 68 0 33 0 68 2 0 89 0 70 0 2 0 0 11 82 57 33 81 0 46 0 38 33 24 58 21 0 39 0 48 0 30 83 0 42 16 0 0 100 2 69 56 0 0 0 99 0 3 90 89 80 18 0 0 37 69 10 19 5 0 0 0 0 10 47 29 0 0 84 0 0 
0 15 0 18 0 91 0 95 92 46 83 0 96 0 0 60 36 6 0 0 31 0 0 0 74 0 0 0 94 74 0 87 0 3 89 0 0 5 0 71 62 88 0 38 5 0 0 29 92 55 77 59 22 0 51 0 65 60 0 0 93 60 83 0 64 0 83 62 3 50 27 67 0 54 48 0 59 0 99 98 0 0 0 0 3 90 88 23 79 92 98 60 13 67 76 0 23 14 19 0 
50 0 69 25 95 0 0 60 86 0 97 48 7 21 0 0 0 16 0 81 0 66 43 91 40 100 2 12 84 0 0 17 0 95 0 0 0 0 0 0 0 61 0 0 54 41 0 89 50 53 0 80 0 0 0 50 68 59 51 59 24 98 78 0 10 0 52 50 0 0 0 3 0 55 64 44 87 4 0 57 22 0 16 1 24 87 15 27 0 0 66 0 0 0 0 3 60 27 72 2 
23 59 0 15 33 95 0 0 77 93 90 99 0 0 49 88 0 0 74 46 0 0 0 0 0 53 0 31 69 0 84 49 85 30 70 5 0 0 58 7 0 62 0 48 42 89 0 44 3 67 65 75 36 80 30 52 53 18 0 0 50 32 35 0 0 0 0 0 86 90 73 27 95 0 0 38 43 3 57 100 0 0 0 49 26 79 60 13 44 0 0 80 7 8 0 34 0 24 82 0 
0 0 0 0 0 79 0 0 0 0 69 0 67 0 9 17 0 4 24 0 35 26 83 13 16 86 0 0 36 5 47 0 61 1 0 0 0 58 0 97 0 94 37 1 5 0 28 1 5 86 11 0 53 45 0 23 99 8 3 0 0 25 28 0 71 0 60 70 13 85 0 0 0 0 56 1 86 0 95 6 8 0 88 25 55 92 71 46 25 75 30 0 97 36 77 0 85 0 40 0 
100 0 98 41 0 29 0 0 0 69 0 76 0 0 8 2 74 0 11 0 74 72 14 30 0 15 64 0 0 8 34 0 94 3 2 71 0 7 97 0 10 0 11 76 0 0 5 0 41 0 45 0 0 46 8 0 0 0 33 93 0 89 0 29 78 55 1 0 0 5 0 47 22 0 0 49 97 92 0 8 89 32 0 88 84 49 0 48 0 34 30 28 0 0 19 14 21 30 80 1 
51 4 0 37 0 79 80 0 99 0 31 48 87 0 53 0 0 30 0 59 53 0 0 0 0 0 44 18 65 57 0 0 76 0 0 62 0 0 0 10 0 28 61 76 58 0 0 33 41 0 32 0 37 76 36 0 64 0 85 0 0 62 55 0 0 0 0 89 0 0 0 0 0 0 6 92 0 48 0 27 0 0 46 25 99 90 60 27 7 21 0 20 51 42 0 27 0 42 26 72 
83 39 55 22 52 89 31 26 0 84 74 0 0 0 0 43 66 82 42 39 0 0 0 77 8 50 0 28 11 5 11 50 45 46 0 88 61 62 94 0 28 0 0 0 0 4 80 1 74 97 99 18 0 0 79 0 0 0 0 0 0 1 14 45 0 43 0 68 11 39 90 30 0 88 6 15 63 0 0 0 25 21 0 0 82 43 90 92 0 91 35 95 1 91 2 27 93 62 0 43 
0 82 66 9 0 0 47 0 94 24 100 30 37 7 81 45 95 95 24 0 0 98 41 0 0 0 63 0 0 0 16 0 0 1 11 0 0 0 37 11 61 0 0 12 0 95 85 58 83 32 0 0 0 5 88 10 0 0 67 83 48 77 84 0 0 0 69 51 29 33 22 0 0 14 0 75 26 78 98 0 75 11 0 0 4 0 94 91 56 63 28 41 99 52 46 7 55 0 70 40 
20 0 95 38 0 0 84 51 19 0 68 5 14 0 45 66 0 0 0 71 70 72 93 73 61 96 46 74 13 3 31 13 0 0 82 38 0 48 1 76 76 0 12 0 22 61 0 0 0 0 24 93 47 0 0 0 0 40 4 86 0 37 55 5 4 26 65 0 28 6 95 0 70 23 0 0 66 74 94 71 52 0 30 0 88 85 0 43 0 0 3 45 35 62 21 6 89 52 0 51 
50 40 86 76 56 82 33 0 24 42 7 53 1 8 39 0 0 43 0 91 70 0 97 0 39 65 0 42 82 0 74 30 0 0 57 5 54 42 5 0 58 0 0 22 0 31 4 55 43 30 57 50 0 82 7 0 0 17 13 40 0 71 30 0 97 0 55 99 14 61 0 8 0 40 15 13 46 0 94 55 0 0 38 68 68 100 96 0 53 70 0 74 64 0 27 0 88 0 16 8 
51 86 90 0 36 14 39 0 0 0 71 49 54 0 0 0 9 21 86 51 10 0 62 56 53 26 0 88 0 33 63 0 0 0 33 0 41 89 0 0 0 4 95 61 31 0 83 85 48 0 49 28 79 52 0 21 48 11 0 0 0 47 42 0 70 0 0 0 0 12 46 88 16 7 46 94 24 8 0 96 2 0 32 0 73 0 13 24 0 16 0 0 0 0 91 0 38 12 18 0 
78 77 0 39 0 58 79 0 72 80 0 18 63 62 76 59 14 85 62 0 0 0 79 72 45 64 0 82 78 37 95 12 34 70 81 0 0 0 28 5 0 80 85 0 4 83 0 0 0 0 0 0 14 22 13 61 0 83 94 0 59 74 63 31 40 0 0 0 86 40 26 76 0 13 0 62 93 0 0 71 58 77 0 79 18 25 0 0 63 61 51 1 31 43 93 81 0 27 11 0 
34 13 49 39 0 40 67 0 97 0 0 93 41 84 0 23 97 0 51 0 0 16 80 0 66 0 91 70 8 62 0 35 0 12 0 29 89 44 1 0 33 1 58 0 55 85 0 0 0 0 53 89 49 26 43 74 34 81 11 15 2 0 15 5 87 36 14 97 0 93 0 61 82 0 0 19 60 68 25 59 39 49 48 33 0 0 10 10 7 41 0 25 27 0 0 82 0 59 40 71 
0 94 0 59 0 79 56 0 53 45 0 0 51 92 47 0 78 10 37 1 0 98 2 0 55 0 85 34 0 35 12 18 21 21 46 92 50 3 5 41 41 74 83 0 43 48 0 0 0 86 23 59 0 9 40 68 79 19 0 0 3 0 0 12 0 0 68 65 0 7 0 44 46 51 94 0 68 2 65 0 0 18 67 16 0 96 65 0 19 92 67 31 0 0 7 0 38 53 38 6 
73 0 13 0 61 0 34 10 0 13 53 0 96 80 0 33 43 89 52 0 0 0 93 0 63 0 0 64 96 0 7 9 11 0 0 55 53 67 86 0 0 97 32 0 30 0 0 0 86 0 79 7 73 47 67 17 75 44 0 0 55 14 0 29 93 74 59 86 0 42 65 35 24 0 37 66 74 100 71 24 0 0 0 72 24 0 62 44 0 37 0 27 16 95 70 48 59 92 95 66 
14 0 68 0 40 17 0 67 0 76 0 0 0 38 0 25 0 59 23 0 60 56 24 0 9 0 7 0 0 0 6 0 33 10 38 77 0 65 11 45 32 99 0 24 57 49 0 53 23 79 0 66 56 61 97 5 0 0 12 0 75 45 45 5 45 94 31 0 60 79 59 7 0 99 42 61 0 22 71 93 12 4 95 0 0 13 85 6 0 71 86 52 63 3 36 33 4 0 0 55 
5 28 0 61 0 1 57 75 55 21 0 0 99 0 64 11 96 3 16 21 82 79 33 71 15 53 97 26 0 0 93 0 40 0 33 59 80 75 0 0 0 18 0 93 50 28 0 89 59 7 66 0 0 17 0 35 0 44 78 89 96 69 0 71 0 0 42 44 95 33 5 13 0 8 74 0 54 0 44 0 67 66 59 81 38 0 54 0 0 20 0 74 0 4 0 8 96 0 0 28 
0 0 23 100 23 46 84 46 0 42 0 0 50 0 93 65 0 10 51 0 35 44 63 0 0 92 0 23 0 87 0 0 29 0 24 22 0 36 53 0 37 0 0 47 0 79 14 49 0 73 56 0 0 0 0 82 92 24 94 0 42 86 0 31 0 45 75 20 71 68 44 0 82 0 98 14 84 0 99 0 48 91 46 14 0 0 78 84 0 66 68 25 6 2 0 83 15 89 0 84 
15 0 10 6 40 0 0 0 44 59 0 0 60 57 70 53 41 0 92 0 70 5 86 6 12 0 81 0 57 0 67 0 90 31 58 0 0 80 45 46 76 0 5 0 82 52 22 26 9 47 61 17 0 0 0 0 11 28 92 43 0 0 82 96 14 0 76 80 67 54 0 36 0 34 0 74 35 0 73 0 0 40 15 0 3 0 76 100 0 71 47 24 0 0 0 23 0 0 25 0 
89 43 0 0 88 0 0 69 26 0 0 0 0 70 19 12 18 58 0 0 98 47 3 72 17 0 0 0 14 34 1 0 0 81 21 51 0 30 0 8 36 79 88 0 7 0 13 43 40 67 97 0 0 0 0 58 38 88 92 0 0 0 3 64 0 0 10 0 63 17 26 74 53 94 0 94 0 7 95 46 54 89 0 2 0 2 82 55 39 74 0 75 81 11 70 24 100 49 0 0 
0 89 0 91 0 0 0 37 0 0 5 21 0 0 44 0 0 0 90 86 60 90 48 77 0 47 22 0 72 98 49 47 0 38 0 0 50 52 23 0 0 0 10 0 0 21 61 74 68 17 5 35 82 0 58 0 18 79 35 0 29 0 24 14 0 0 88 50 63 0 0 73 80 0 23 0 0 53 39 74 93 94 0 0 0 6 0 0 19 2 94 63 0 0 0 67 0 0 87 0 
44 71 72 0 0 83 87 55 0 0 0 50 35 45 0 86 0 0 83 27 26 0 96 0 23 32 0 0 0 0 87 0 5 91 39 65 68 53 99 0 64 0 0 0 0 48 0 34 79 75 0 0 92 11 38 18 0 0 39 0 0 0 0 62 83 31 58 0 62 49 97 0 49 57 0 0 0 21 79 50 64 78 13 0 10 0 0 45 95 98 0 1 0 0 21 0 0 99 0 0 
89 50 82 77 28 0 0 32 0 83 0 0 17 0 0 43 0 74 71 0 93 0 93 12 41 54 34 56 81 82 80 0 18 0 0 60 59 18 8 0 0 0 0 40 17 11 83 81 19 44 0 44 24 28 88 79 0 0 68 11 0 28 0 52 93 0 0 0 0 42 100 93 11 48 41 79 8 62 91 20 69 0 0 19 0 18 0 13 63 86 31 51 11 91 48 30 0 38 83 0 
0 36 64 0 54 60 0 50 52 90 9 23 86 94 46 26 0 18 66 0 84 4 0 55 0 76 0 15 86 51 1 31 0 0 48 0 51 0 3 33 85 0 67 4 13 0 94 11 0 0 12 78 94 92 92 35 39 68 0 93 50 71 0 93 0 0 0 0 28 57 26 91 78 56 0 0 67 0 0 89 19 0 89 35 0 0 42 69 0 52 58 17 0 10 71 0 0 27 24 0 
84 0 13 67 16 0 0 0 79 60 78 0 21 29 88 16 97 14 96 0 25 0 71 84 0 35 15 97 44 81 48 0 93 0 0 0 59 0 0 93 0 0 83 86 40 0 0 15 0 0 0 89 0 43 0 0 0 11 93 0 53 0 0 0 58 0 4 25 23 94 0 97 0 0 63 52 97 0 52 0 66 8 3 0 51 0 78 12 4 0 80 0 89 21 77 0 0 30 98 0 
28 0 51 60 51 83 11 8 62 75 0 28 33 0 86 0 0 0 84 27 91 28 46 34 22 73 22 65 79 37 0 100 0 14 30 93 24 50 0 0 0 0 48 0 0 0 59 2 3 55 75 96 42 0 0 29 0 0 50 53 0 24 0 0 31 69 8 33 86 0 0 39 0 99 3 22 81 0 58 0 83 39 31 23 81 43 1 20 0 72 79 10 36 0 0 59 29 0 65 0 
9 57 22 10 0 79 0 0 0 0 86 0 0 26 80 42 0 89 43 79 3 0 40 0 0 0 10 64 58 18 19 0 77 64 83 60 98 32 25 89 62 1 77 37 71 47 74 0 0 14 45 69 86 0 0 0 0 28 71 0 24 0 82 8 88 26 61 0 33 87 99 0 32 0 21 88 97 91 91 0 10 17 50 0 44 78 9 44 13 0 11 33 0 0 96 89 16 17 61 0 
95 47 44 79 0 93 65 0 96 60 99 35 2 0 0 0 54 25 10 59 5 0 98 0 75 88 58 87 0 41 0 22 0 66 0 83 78 35 28 0 55 14 84 55 30 42 63 15 0 0 45 0 0 82 3 24 0 0 0 0 0 82 0 29 25 0 11 0 16 0 71 0 0 10 0 0 0 21 0 62 50 60 0 0 0 0 28 92 0 0 92 60 19 0 0 65 0 89 60 25 
0 6 61 0 37 41 68 0 76 28 0 68 77 32 0 10 0 66 35 0 0 0 53 0 10 86 87 34 0 13 0 0 69 0 42 0 0 0 0 29 0 45 0 5 0 0 31 5 12 29 5 71 31 96 64 14 62 52 93 0 0 8 29 0 63 0 0 61 32 0 97 0 3 57 0 0 39 73 13 0 0 28 16 0 0 0 54 0 0 0 7 0 66 0 4 32 17 7 77 16 
93 9 81 0 15 29 19 80 0 0 0 81 9 24 33 0 0 4 84 79 0 0 26 35 0 81 64 4 0 0 83 0 36 50 16 64 10 0 71 78 0 0 0 4 97 70 40 87 0 93 45 0 0 14 0 0 83 93 0 58 31 88 25 63 0 8 0 0 92 0 0 0 4 17 58 0 5 17 98 76 51 0 0 0 42 24 38 74 66 52 29 69 15 0 0 0 24 0 0 46 
32 72 92 0 88 81 0 0 47 0 80 86 41 39 51 24 0 0 38 69 0 18 15 0 16 48 6 92 66 75 19 15 0 0 0 0 0 0 0 55 0 43 0 26 0 0 0 36 0 74 94 0 45 0 0 0 31 0 0 0 69 26 0 0 8 0 0 4 30 0 35 4 0 33 0 82 32 0 37 0 0 24 0 0 44 0 0 0 95 85 0 0 3 46 77 12 0 21 96 41 
86 26 61 0 0 37 10 24 100 50 59 0 10 0 0 88 93 72 88 97 0 0 0 0 88 84 66 0 69 61 19 8 99 29 0 83 52 0 60 1 0 0 69 65 55 0 0 14 68 59 31 42 75 76 10 88 58 0 0 4 8 61 11 0 0 0 0 0 4 63 0 0 0 1 0 54 0 82 20 34 98 0 83 0 58 38 50 0 38 0 70 0 37 0 66 0 0 0 30 82 
0 90 0 0 0 64 5 69 72 0 52 6 0 71 0 52 48 62 0 99 14 31 66 27 27 0 98 0 31 0 0 0 20 42 100 62 50 0 70 0 89 68 51 0 99 0 0 97 65 86 0 44 20 80 0 50 0 0 0 25 33 0 0 61 0 4 0 0 12 0 8 37 58 22 20 88 0 0 0 0 93 17 41 0 0 0 50 87 0 0 25 89 13 0 0 34 0 0 28 9 
62 0 0 20 64 54 99 60 13 0 15 0 69 0 0 9 0 52 92 0 0 0 0 100 97 72 0 91 0 65 0 5 72 0 2 3 0 86 13 0 0 11 29 28 14 0 86 0 0 0 60 95 71 67 63 63 62 0 28 23 86 33 16 32 92 30 4 12 0 21 0 2 16 29 41 0 99 67 16 0 83 0 78 0 13 68 34 39 0 5 49 0 51 59 5 58 56 14 26 0 
26 0 52 0 8 23 0 96 93 88 0 82 0 0 0 54 7 4 33 5 0 0 0 34 55 0 69 44 0 77 40 47 20 70 69 50 0 90 85 5 0 39 33 6 61 12 40 93 7 42 79 33 68 54 17 0 49 42 57 94 0 87 0 0 0 0 63 0 21 0 16 0 74 78 62 0 0 82 10 0 95 0 98 22 0 61 0 0 0 59 83 0 6 0 32 93 22 80 53 7 
63 57 38 65 73 0 0 7 9 59 75 0 44 0 39 2 0 0 84 50 7 56 0 95 40 94 97 29 70 74 0 0 94 37 56 27 0 73 0 0 0 90 22 95 0 46 26 0 0 65 59 5 44 0 26 0 97 100 26 0 0 99 71 97 0 35 0 8 0 16 0 0 5 10 47 0 61 0 98 1 0 0 0 43 0 72 11 0 88 20 19 0 79 0 0 20 0 3 88 0 
48 43 26 55 91 0 0 24 0 0 80 0 26 31 51 0 0 0 76 67 74 98 0 16 0 0 94 71 33 52 0 0 0 61 0 67 3 27 0 47 0 30 0 0 8 88 76 61 44 35 7 13 0 36 74 73 0 93 91 97 39 0 0 0 0 4 0 37 2 0 0 0 5 59 12 0 80 45 19 0 0 0 89 52 4 25 0 0 77 54 0 64 0 48 42 0 0 23 0 68 
16 87 89 98 13 64 0 0 82 85 0 0 1 88 0 0 38 37 66 0 8 39 68 41 25 51 19 69 0 0 0 23 0 0 0 0 0 95 0 22 0 0 0 70 0 16 0 82 46 24 0 0 82 0 53 80 49 11 78 0 0 32 0 3 4 0 0 58 16 74 5 5 0 77 20 62 0 9 23 0 77 50 36 0 0 21 0 16 42 22 0 75 4 0 53 0 100 0 8 27 
13 30 55 17 87 0 2 0 0 72 50 8 0 99 0 0 80 29 0 37 26 0 34 2 0 1 99 0 5 84 65 59 15 0 0 54 55 0 0 0 0 88 14 23 40 7 13 0 51 0 99 8 0 34 94 0 57 48 56 0 99 0 10 57 17 33 1 22 29 78 10 59 77 0 59 30 76 43 0 15 0 84 8 13 65 87 54 0 0 0 0 0 7 19 20 55 7 0 67 0 
62 0 0 0 67 89 89 0 78 24 29 17 0 0 0 9 0 16 0 14 62 66 23 77 28 28 0 0 28 83 27 79 89 94 99 48 64 0 56 0 6 6 0 0 15 46 0 0 94 37 42 74 98 0 0 23 0 41 0 63 3 21 0 0 58 0 0 20 41 62 47 12 20 59 0 21 85 27 10 0 0 0 37 0 11 0 23 37 71 45 69 46 75 3 94 0 79 0 0 0 
0 46 23 0 0 9 4 42 0 0 6 95 0 0 60 0 0 15 5 0 0 40 66 0 0 0 57 98 0 96 15 99 13 16 0 0 44 38 1 49 92 15 75 0 13 94 62 19 0 66 61 0 14 74 94 0 0 79 0 52 22 88 0 0 0 82 54 88 0 0 0 0 62 30 21 0 0 2 51 85 0 54 0 79 47 0 0 0 93 0 30 0 65 0 0 0 0 64 75 0 
93 18 23 42 57 0 0 87 86 67 0 0 24 56 22 0 23 0 0 0 62 6 0 0 0 0 0 0 30 7 45 0 0 53 3 59 87 43 86 97 0 63 26 66 46 24 93 60 68 74 0 54 84 35 0 0 0 8 67 97 81 97 0 39 5 32 0 0 99 0 61 80 0 76 85 0 0 0 28 48 0 69 5 0 0 15 89 0 0 60 63 0 59 0 0 0 0 0 84 62 
0 91 0 72 0 0 73 0 0 11 78 73 0 60 0 58 0 91 0 0 46 99 0 69 46 68 60 0 0 0 0 33 0 19 90 0 4 3 0 92 48 0 78 74 0 8 0 68 2 100 22 0 0 0 7 53 21 62 0 0 0 91 21 73 17 0 82 0 67 82 0 45 9 43 27 2 0 0 13 0 0 0 0 0 0 80 0 0 0 0 85 56 2 0 80 0 0 25 0 0 
0 69 0 0 0 45 83 0 0 4 14 93 16 0 96 88 29 0 0 47 13 0 77 50 35 0 45 0 0 53 0 84 99 51 89 99 0 57 95 0 0 0 98 94 94 0 0 25 65 71 71 44 99 73 95 39 79 91 0 52 58 91 0 13 98 37 20 0 16 10 98 19 23 0 10 51 28 13 0 81 0 94 75 88 45 0 32 49 58 10 90 65 0 0 90 85 0 9 17 82 
91 85 0 0 0 89 0 37 45 69 1 27 85 58 8 0 0 0 43 0 38 56 19 0 0 38 94 48 21 75 74 17 31 4 80 98 57 100 6 8 27 0 0 71 55 96 71 59 0 24 93 0 0 0 46 74 50 20 89 0 0 0 62 0 76 0 34 0 0 0 1 0 0 15 0 85 48 0 81 0 32 0 61 0 0 58 61 46 0 47 0 15 9 0 59 84 98 37 19 26 
87 0 66 95 96 0 37 17 68 0 66 0 0 0 42 25 0 6 8 62 57 0 86 97 26 91 0 0 10 76 68 2 72 61 18 0 22 0 8 89 0 25 75 52 0 2 58 39 0 0 12 67 48 0 54 93 64 69 19 66 83 10 50 0 51 0 98 93 83 95 0 0 77 0 0 0 0 0 0 32 0 0 58 0 93 96 1 0 0 26 42 0 67 0 60 30 29 0 71 0 
64 48 44 21 82 10 81 2 0 28 2 45 0 49 76 27 0 93 54 0 55 39 45 0 90 0 99 0 54 15 48 56 0 1 0 0 0 0 0 32 0 21 11 0 0 0 77 49 18 0 4 66 91 40 89 94 78 0 0 8 39 17 60 28 0 24 0 17 0 0 0 0 50 84 0 54 69 0 94 0 0 0 10 0 43 14 65 0 0 83 68 45 0 0 0 0 0 6 91 60 
15 0 84 7 0 82 0 80 18 72 0 0 14 23 16 53 0 96 38 49 83 70 72 50 60 85 18 61 15 69 0 0 15 31 0 0 16 0 88 0 46 0 0 30 38 32 0 48 67 0 95 59 46 15 0 0 13 0 89 3 31 50 0 16 0 0 83 41 78 98 0 89 36 8 37 0 5 0 75 61 58 10 0 0 0 0 0 73 49 32 71 53 54 96 93 0 63 42 94 0 
81 0 92 26 0 2 50 96 0 40 99 0 76 0 95 0 37 98 6 0 0 0 66 55 65 17 0 25 99 42 50 32 0 0 37 0 1 49 25 88 25 0 0 0 68 0 79 33 16 72 0 81 14 0 2 0 0 19 35 0 23 0 0 0 0 0 0 0 0 22 43 52 0 13 0 79 0 0 88 0 0 0 0 0 0 0 78 0 81 79 77 0 67 0 47 32 68 36 71 6 
2 0 35 96 94 14 13 39 0 17 0 0 0 71 32 0 89 63 40 80 0 24 0 31 0 90 0 70 80 49 0 0 0 0 69 3 24 26 55 84 99 82 4 88 68 73 18 0 0 24 0 38 0 3 0 0 10 0 0 51 81 44 0 0 42 44 58 0 13 0 0 4 0 65 11 47 0 0 45 0 93 43 0 0 0 34 85 96 25 0 58 90 0 0 0 32 0 9 80 91 
0 0 0 0 9 11 0 64 6 78 0 43 29 16 0 0 19 19 0 0 0 0 0 0 53 0 70 0 50 54 0 0 87 0 10 90 87 79 92 49 90 43 0 85 100 0 25 0 96 0 13 0 0 0 2 6 0 18 0 0 43 78 0 0 24 0 38 0 68 61 72 25 21 87 0 0 15 80 0 58 96 14 0 0 34 0 16 0 14 51 0 2 95 42 86 93 67 93 74 22 
97 59 83 42 0 10 65 8 38 16 32 36 0 92 0 0 0 53 3 47 0 0 64 47 61 3 34 67 0 63 8 31 0 40 19 88 15 60 71 0 60 90 94 0 96 13 0 10 65 62 85 54 78 76 82 0 0 0 42 78 1 9 28 54 38 0 50 50 34 0 11 0 0 54 23 0 89 0 32 61 1 65 0 78 85 16 0 0 0 98 0 83 16 49 0 70 0 0 38 0 
1 0 8 0 46 0 62 0 0 38 50 95 24 37 25 0 95 0 92 7 0 0 55 0 22 62 81 77 8 91 0 0 46 100 5 23 27 13 46 48 27 92 91 43 0 24 0 10 0 44 6 0 84 100 55 0 45 13 69 12 20 44 92 0 74 0 0 87 39 0 0 0 16 0 37 0 0 0 49 46 0 0 73 0 96 0 0 0 10 24 0 0 97 0 0 69 50 0 23 1 
0 57 0 10 99 100 0 0 0 97 22 0 7 0 0 48 0 90 0 20 0 39 24 0 32 0 0 62 33 84 80 100 0 52 0 79 0 44 25 0 7 0 56 0 53 0 63 7 19 0 0 0 0 0 39 19 95 63 0 4 0 13 0 0 66 95 38 0 0 0 88 77 42 0 71 93 0 0 58 0 0 0 49 81 25 14 0 10 0 0 0 87 0 27 24 80 12 58 0 30 
0 73 0 0 0 8 13 46 0 0 27 74 0 87 46 87 30 0 81 44 75 88 0 45 58 0 0 32 71 62 97 0 0 22 0 92 0 0 75 34 21 91 63 0 70 16 61 41 92 37 71 20 66 71 74 2 98 86 52 0 72 0 0 0 52 85 0 0 5 59 20 54 22 0 45 0 60 0 10 47 26 83 32 79 0 51 98 24 0 0 0 27 5 52 100 50 0 64 0 55 
25 0 96 81 0 5 2 79 0 70 60 27 16 24 0 67 74 5 20 15 0 0 6 0 43 0 6 45 0 74 24 56 0 0 0 98 66 0 30 30 0 35 28 3 0 0 51 0 67 0 86 0 68 47 0 94 0 31 58 80 79 11 92 7 29 0 70 25 49 83 19 0 0 0 69 30 63 85 90 0 42 68 71 77 58 0 0 0 0 0 0 24 59 58 20 32 75 39 0 29 
0 0 50 51 0 0 20 0 40 0 25 0 0 0 7 97 89 85 52 74 0 13 89 5 62 0 0 0 37 0 83 82 86 41 0 60 0 80 0 28 20 95 41 45 74 0 1 25 31 27 52 74 25 24 75 63 1 51 17 0 10 33 60 0 69 0 0 89 0 0 0 64 75 0 46 0 0 56 65 15 0 45 53 0 90 2 83 0 87 27 24 0 65 0 1 55 0 57 20 81 
31 58 67 0 93 32 13 0 53 17 27 20 59 32 31 0 0 95 8 10 6 24 89 25 0 0 0 45 15 0 47 69 0 39 10 13 0 7 97 0 51 1 99 35 64 0 31 27 0 16 63 0 6 0 81 0 0 11 0 89 36 0 19 66 15 3 37 13 51 6 79 0 4 7 75 65 59 2 0 9 67 0 54 67 0 95 16 97 0 5 59 65 0 0 0 0 61 0 0 58 
14 84 0 95 0 67 0 16 70 11 72 0 0 6 0 97 21 82 57 32 0 0 56 23 0 36 56 0 0 72 65 0 95 16 47 67 0 8 36 0 42 91 52 62 0 0 43 0 0 95 3 4 2 0 11 0 0 91 10 21 0 0 0 0 0 46 0 0 59 0 0 48 0 19 3 0 0 0 0 0 0 0 96 0 0 42 49 0 27 52 58 0 0 0 39 50 56 13 0 21 
93 0 1 53 100 44 47 52 0 0 78 0 79 0 44 80 89 37 0 0 0 84 0 43 86 0 63 30 0 7 75 71 96 93 29 76 0 0 77 19 0 2 46 21 27 91 93 0 7 70 36 0 0 0 70 0 21 48 71 77 0 96 0 4 0 77 66 0 5 32 0 42 53 20 94 0 0 80 90 59 60 0 93 47 0 86 0 0 24 100 20 1 0 39 0 38 13 56 35 11 
75 58 90 0 31 0 32 0 17 0 14 0 0 16 0 0 71 18 80 73 10 0 55 23 72 89 0 53 12 33 32 51 26 0 0 0 3 34 0 14 27 27 7 6 0 0 81 82 0 48 33 8 83 23 24 67 0 30 0 0 59 89 65 32 0 12 0 34 58 93 20 0 0 55 0 0 0 0 85 84 30 0 0 32 32 93 70 69 80 50 32 55 0 50 38 0 0 75 48 80 
81 0 0 0 55 0 10 43 17 38 65 95 4 76 17 16 80 21 25 76 88 0 86 22 84 14 57 36 0 0 0 0 60 0 0 23 60 0 85 21 0 93 55 89 88 38 0 0 38 59 4 96 15 0 100 0 0 0 0 0 29 16 0 17 24 0 0 0 56 22 0 0 100 7 79 0 0 0 0 98 29 0 63 68 0 67 0 50 12 0 75 0 61 56 13 0 0 11 83 83 
53 79 83 0 87 20 0 0 35 0 0 36 0 42 0 0 52 0 41 0 68 18 62 0 0 0 0 45 0 72 3 42 45 55 84 14 27 24 0 30 42 62 0 52 0 12 27 59 53 92 0 0 89 0 49 0 99 38 27 30 0 17 89 7 0 21 0 0 14 80 3 23 0 0 0 64 0 25 9 37 0 6 42 36 9 93 0 0 58 64 39 57 0 13 56 75 11 0 36 0 
22 55 32 96 71 40 49 0 88 29 60 52 1 40 99 61 0 0 0 32 0 0 6 0 0 0 0 12 0 3 82 26 70 0 0 19 72 82 40 80 26 0 70 0 16 18 11 40 38 95 0 0 0 25 0 87 0 83 24 98 65 61 60 77 0 96 30 28 26 53 88 0 8 67 0 75 84 0 17 19 71 91 94 71 80 74 38 23 0 0 0 20 0 0 35 48 83 36 0 23 
0 0 0 0 80 37 0 0 0 46 0 0 26 0 27 0 0 93 12 66 25 0 0 0 0 56 46 0 0 1 81 22 0 26 0 0 2 0 0 1 72 43 40 51 8 0 0 71 6 66 55 28 84 0 0 0 0 0 0 0 0 0 25 16 46 41 82 9 0 7 0 68 27 0 0 0 62 0 82 26 0 60 0 6 91 22 0 1 30 55 29 81 58 21 11 80 83 0 23 0 
