0 85 72 0 0 70 60 0 0 24 82 94 8 0 47 73 42 5 18 66 41 67 0 13 0 0 60 33 100 43 91 70 54 61 75 0 63 0 0 55 14 57 20 25 51 91 59 90 0 87 85 11 65 0 68 56 84 0 0 33 97 12 36 60 97 15 100 11 71 6 0 24 88 42 95 100 0 69 0 46 96 20 100 65 37 3 0 0 67 73 46 6 0 7 48 50 0 56 6 99 
85 0 61 60 29 0 63 61 22 33 80 72 95 0 58 66 28 6 24 34 0 55 73 16 71 0 24 55 53 52 33 98 16 0 80 0 0 93 34 44 24 10 52 0 0 41 61 36 21 0 80 18 0 63 86 29 82 61 90 0 69 82 47 53 93 63 0 10 0 54 78 0 0 77 72 31 3 39 84 0 0 43 0 86 13 0 80 70 25 82 50 39 0 28 1 71 61 39 97 7 
72 61 0 36 78 26 66 26 6 50 23 75 56 0 68 91 0 84 99 8 71 0 22 38 0 22 74 11 58 0 39 20 0 0 51 48 0 36 98 23 95 60 51 87 54 92 62 0 28 27 38 52 33 17 49 7 9 42 87 71 21 1 76 64 5 0 71 30 97 94 100 42 88 35 83 75 28 14 0 63 86 19 89 26 6 90 81 96 85 6 0 0 0 29 91 13 35 0 0 0 
0 60 36 0 0 0 43 59 0 87 46 15 80 90 0 0 57 42 18 88 45 72 73 2 1 61 49 71 88 8 0 21 0 53 3 70 0 19 61 45 89 90 31 0 42 30 100 0 44 77 45 13 87 0 41 94 100 63 16 23 2 0 44 66 87 28 37 72 83 76 40 38 39 0 46 18 87 0 64 56 10 45 33 50 0 58 53 95 20 45 69 0 0 46 15 0 7 86 41 7 
0 29 78 0 0 27 0 33 15 49 0 24 1 0 29 41 15 71 74 89 14 42 40 77 100 29 76 87 72 44 31 38 79 58 37 15 68 41 97 0 58 100 25 0 54 74 0 62 36 14 29 49 68 94 47 71 0 19 40 67 0 17 0 92 0 0 57 0 34 75 78 6 84 0 46 83 0 96 44 0 5 0 36 84 93 0 64 15 97 81 48 21 0 59 78 0 22 0 95 99 
70 0 26 0 27 0 78 22 84 54 42 19 51 23 76 0 56 14 80 53 7 2 4 40 21 61 75 68 55 64 89 47 66 15 45 53 93 72 0 87 14 30 99 22 20 0 79 44 57 68 22 58 54 54 10 38 16 85 0 91 68 4 10 71 57 42 4 47 97 35 0 91 76 43 37 0 35 42 49 33 7 39 0 76 20 76 99 77 47 100 99 95 4 23 64 90 35 95 1 63 
60 63 66 43 0 78 0 89 0 76 97 59 63 3 58 13 48 0 79 37 93 72 86 79 100 46 73 51 0 72 0 19 0 59 47 57 48 80 47 24 92 80 39 44 3 19 0 37 72 10 33 23 89 54 59 88 77 84 0 75 55 32 32 13 8 28 99 16 13 93 62 0 0 29 0 9 0 23 57 33 29 40 0 81 22 92 68 31 91 37 0 76 93 0 82 0 81 7 70 2 
0 61 26 59 33 22 89 0 0 30 27 87 95 24 0 30 89 0 44 18 85 14 56 26 99 45 43 14 25 30 35 24 24 60 17 0 94 74 28 57 78 41 4 8 26 40 0 88 72 18 32 10 55 18 0 13 0 0 71 10 8 73 0 68 0 0 10 32 92 50 13 52 0 45 44 46 45 0 12 0 87 0 0 71 0 12 15 52 49 0 66 0 89 98 26 31 28 17 53 81 
0 22 6 0 15 84 0 0 0 3 59 27 63 66 0 52 48 72 0 30 56 47 99 87 0 0 0 0 62 74 0 15 0 62 79 66 22 18 98 84 74 51 74 30 24 0 86 41 53 73 7 7 78 49 0 46 31 0 46 0 66 0 44 31 69 0 68 67 88 31 52 66 98 49 79 54 77 52 0 0 94 0 87 8 70 63 50 0 46 0 28 0 28 79 23 75 2 56 73 32 
24 33 50 87 49 54 76 30 3 0 94 66 5 86 0 0 0 50 43 80 3 0 26 6 0 20 33 0 89 63 53 49 29 75 15 20 80 94 5 94 84 61 0 70 0 15 56 67 64 43 80 91 50 59 83 83 26 31 0 49 23 100 56 62 71 3 30 0 63 11 28 10 10 65 39 84 0 0 2 0 65 41 48 86 45 78 77 100 99 32 0 16 27 53 31 31 48 62 50 85 
82 80 23 46 0 42 97 27 59 94 0 0 41 17 0 0 14 35 14 10 55 0 0 23 0 31 75 40 79 70 10 36 23 49 13 0 75 43 0 28 40 0 77 9 8 40 93 84 84 0 7 81 0 2 60 93 98 90 61 41 26 42 3 0 81 0 79 0 0 2 37 54 79 0 26 32 0 0 28 47 0 68 0 53 88 81 0 78 0 45 19 0 0 82 80 0 69 0 0 16 
94 72 75 15 24 19 59 87 27 66 0 0 100 21 82 69 0 46 60 59 98 0 15 10 71 84 16 81 29 0 77 28 74 35 70 67 33 74 80 77 98 59 35 61 37 97 45 100 54 68 0 0 79 100 55 70 61 6 0 74 39 60 36 48 0 39 0 24 86 25 20 5 0 46 88 30 30 52 14 21 76 23 16 2 14 56 51 6 43 54 93 27 52 75 32 34 40 39 76 32 
8 95 56 80 1 51 63 95 63 5 41 100 0 53 0 0 58 53 69 5 30 0 16 99 68 50 15 10 50 77 25 0 98 30 67 33 55 9 35 64 69 22 73 53 89 15 49 51 26 54 7 33 21 12 67 0 0 3 41 0 13 56 73 35 96 0 89 0 38 51 82 30 15 41 34 66 0 72 16 41 66 7 81 55 85 87 78 46 81 9 58 89 22 51 38 0 0 99 0 11 
0 0 0 90 0 23 3 24 66 86 17 21 53 0 0 44 72 0 3 62 31 0 81 96 99 0 56 75 53 38 14 83 55 50 2 0 84 27 0 14 0 84 69 9 41 63 5 0 23 61 75 49 51 96 62 0 49 88 51 20 53 29 27 5 86 74 0 0 100 45 70 34 99 0 0 60 0 89 98 13 90 71 9 5 18 7 18 0 38 58 9 28 39 49 32 82 72 0 64 67 
47 58 68 0 29 76 58 0 0 0 0 82 0 0 0 0 93 58 56 49 83 0 96 0 8 67 0 51 32 6 73 8 37 26 12 42 23 37 15 0 17 0 0 0 0 90 32 24 53 79 37 16 9 57 66 96 53 16 84 34 30 32 22 22 75 54 58 29 7 0 83 13 66 83 15 64 55 7 38 13 100 79 16 0 36 43 51 75 89 76 4 44 54 48 11 72 28 19 68 40 
73 66 91 0 41 0 13 30 52 0 0 69 0 44 0 0 48 34 31 15 0 39 93 0 0 0 81 27 48 55 74 3 10 2 51 52 45 90 15 0 0 59 14 8 71 54 55 7 0 97 29 17 57 63 0 17 30 46 1 84 41 29 26 25 59 7 8 0 0 23 11 60 0 16 94 0 0 0 0 89 41 24 70 0 38 0 29 81 0 0 0 84 90 52 36 61 88 18 27 42 
42 28 0 57 15 56 48 89 48 0 14 0 58 72 93 48 0 2 23 19 87 45 0 65 61 0 6 81 20 60 45 31 84 76 37 84 51 6 0 7 0 72 15 4 13 29 61 53 2 64 0 0 61 67 82 13 100 55 0 1 0 35 32 37 4 0 84 0 31 34 50 22 27 50 47 42 0 38 90 27 0 39 95 3 0 91 49 9 92 41 0 29 61 17 17 65 30 80 0 78 
5 6 84 42 71 14 0 0 72 50 35 46 53 0 58 34 2 0 24 97 64 65 3 57 97 0 29 21 13 38 86 89 0 53 16 55 0 66 60 98 51 0 0 0 0 0 43 35 82 31 85 0 93 48 60 71 36 71 52 50 60 4 44 56 21 65 55 9 29 60 57 1 90 99 98 64 0 58 64 46 20 92 0 97 56 91 77 76 54 60 0 66 46 92 46 64 58 22 25 99 
18 24 99 18 74 80 79 44 0 43 14 60 69 3 56 31 23 24 0 79 47 19 0 89 0 0 38 11 40 65 12 54 56 4 100 79 84 94 0 33 98 64 75 78 11 60 52 32 20 48 25 29 60 63 76 22 7 63 1 0 99 100 39 0 50 0 0 76 0 0 30 69 73 35 57 76 20 68 70 21 58 53 86 66 32 96 0 77 96 0 30 10 76 30 95 58 89 0 10 60 
66 34 8 88 89 53 37 18 30 80 10 59 5 62 49 15 19 97 79 0 10 59 72 95 43 21 96 73 11 21 2 35 0 67 41 57 84 50 14 10 16 73 72 88 0 83 45 5 0 0 0 55 0 76 58 56 0 74 53 77 26 74 62 48 84 39 3 83 18 48 32 0 100 1 86 99 31 81 32 8 33 75 61 80 0 68 19 79 39 58 0 22 16 6 53 0 100 71 53 84 
41 0 71 45 14 7 93 85 56 3 55 98 30 31 83 0 87 64 47 10 0 28 5 1 85 59 65 7 38 49 70 4 0 100 35 85 53 60 42 68 78 48 100 34 18 0 94 59 78 61 86 85 22 9 18 70 4 52 1 74 54 17 58 73 97 96 44 4 90 38 69 59 0 43 34 55 81 24 0 40 63 0 55 13 78 91 10 34 4 85 20 73 56 21 0 44 0 0 30 16 
67 55 0 72 42 2 72 14 47 0 0 0 0 0 0 39 45 65 19 59 28 0 0 7 14 71 89 36 0 33 23 98 19 0 79 0 0 9 8 78 95 67 46 87 0 47 79 26 90 5 24 47 21 29 87 34 62 63 38 99 92 0 64 9 4 37 29 30 77 8 91 50 36 0 93 44 0 0 9 21 71 86 95 0 60 18 83 0 0 28 71 49 30 20 13 0 35 70 23 78 
0 73 22 73 40 4 86 56 99 26 0 15 16 81 96 93 0 3 0 72 5 0 0 19 44 72 0 19 59 52 45 0 65 63 0 13 0 7 54 17 12 17 0 83 26 35 96 69 92 0 62 40 27 0 25 19 52 75 6 0 74 56 18 0 93 0 40 40 70 96 5 30 0 86 0 71 44 100 100 0 0 3 66 74 2 40 56 0 32 48 82 24 0 16 78 0 0 97 28 21 
13 16 38 2 77 40 79 26 87 6 23 10 99 96 0 0 65 57 89 95 1 7 19 0 0 0 83 82 0 24 67 41 0 39 41 89 71 5 28 71 53 0 66 0 71 0 84 34 52 14 43 69 26 51 31 0 93 0 13 52 87 78 53 53 0 0 86 7 0 14 41 94 0 78 9 25 5 74 36 0 26 77 79 63 21 0 85 81 81 0 37 0 13 0 15 93 0 2 0 89 
0 71 0 1 100 21 100 99 0 0 0 71 68 99 8 0 61 97 0 43 85 14 44 0 0 42 69 60 52 0 52 26 39 68 75 46 62 68 55 73 58 18 26 0 48 0 56 4 94 49 49 82 50 25 48 38 96 45 0 86 54 0 35 43 29 19 93 68 0 67 57 50 0 79 96 46 94 0 32 27 0 14 40 0 5 14 0 39 0 33 0 53 90 0 0 26 23 32 25 11 
0 0 22 61 29 61 46 45 0 20 31 84 50 0 67 0 0 0 0 21 59 71 72 0 42 0 77 47 68 94 47 50 82 48 30 2 0 67 0 51 62 54 8 92 38 0 11 76 30 33 85 50 70 66 61 16 67 6 0 74 64 37 79 0 1 81 72 64 27 58 13 2 74 24 0 97 21 61 42 45 100 63 0 92 21 69 48 0 75 75 48 93 98 10 0 80 4 84 44 53 
60 24 74 49 76 75 73 43 0 33 75 16 15 56 0 81 6 29 38 96 65 89 0 83 69 77 0 50 68 20 75 0 11 16 74 44 23 72 0 92 91 40 58 62 42 7 45 20 17 13 43 54 70 93 62 0 74 92 64 64 65 78 66 48 5 39 78 7 37 84 59 73 57 69 0 72 61 39 72 85 56 0 62 0 35 63 6 85 57 74 54 12 0 0 68 18 77 0 75 8 
33 55 11 71 87 68 51 14 0 0 40 81 10 75 51 27 81 21 11 73 7 36 19 82 60 47 50 0 0 43 39 46 50 0 46 21 41 52 54 0 9 4 7 11 39 6 28 0 24 91 86 38 16 4 0 69 76 85 66 0 6 54 62 24 0 10 0 68 0 0 0 96 10 0 14 54 54 0 44 13 87 58 0 53 0 0 71 46 0 0 7 0 44 1 27 42 68 0 2 21 
100 53 58 88 72 55 0 25 62 89 79 29 50 53 32 48 20 13 40 11 38 0 59 0 52 68 68 0 0 33 87 0 59 38 86 62 95 27 42 0 50 27 74 56 20 73 20 0 0 22 31 20 0 43 53 47 62 28 36 89 0 0 38 93 76 30 58 69 83 89 86 40 44 0 86 32 0 0 82 16 25 0 7 48 90 47 15 63 0 7 25 66 71 14 0 73 35 98 93 81 
43 52 0 8 44 64 72 30 74 63 70 0 77 38 6 55 60 38 65 21 49 33 52 24 0 94 20 43 33 0 1 80 47 0 29 70 0 0 0 10 24 6 89 4 46 6 77 0 73 49 6 86 87 10 0 54 0 35 0 0 39 30 89 0 94 75 42 85 0 12 52 22 51 54 6 21 95 35 95 89 0 0 68 0 17 57 51 68 61 73 0 0 0 15 46 10 0 78 51 83 
91 33 39 0 31 89 0 35 0 53 10 77 25 14 73 74 45 86 12 2 70 23 45 67 52 47 75 39 87 1 0 23 90 22 50 0 70 11 48 84 68 88 51 70 76 9 96 45 96 57 33 56 76 16 44 19 26 99 64 47 58 28 4 49 0 0 0 0 74 0 55 80 98 6 31 24 0 0 14 28 57 57 5 71 90 74 1 88 60 34 90 0 87 22 21 2 11 65 0 26 
70 98 20 21 38 47 19 24 15 49 36 28 0 83 8 3 31 89 54 35 4 98 0 41 26 50 0 46 0 80 23 0 0 87 0 18 54 61 70 0 53 0 32 66 0 59 27 60 78 100 1 43 18 17 54 86 72 39 9 53 0 15 0 37 0 0 60 9 0 81 12 34 41 47 0 66 7 23 87 12 78 0 0 0 18 34 0 21 5 9 97 0 0 29 9 22 9 0 0 90 
54 16 0 0 79 66 0 24 0 29 23 74 98 55 37 10 84 0 56 0 0 19 65 0 39 82 11 50 59 47 90 0 0 50 36 88 62 0 51 3 36 89 18 40 2 47 12 0 0 62 19 27 77 3 0 0 74 12 38 56 0 70 45 94 0 86 43 0 60 14 69 0 30 93 39 19 8 87 36 21 0 5 52 73 69 80 35 20 52 57 92 60 34 44 41 11 61 0 68 100 
61 0 0 53 58 15 59 60 62 75 49 35 30 50 26 2 76 53 4 67 100 0 63 39 68 48 16 0 38 0 22 87 50 0 0 17 20 95 12 18 0 21 42 48 80 66 4 29 88 90 90 85 0 98 74 42 0 47 55 80 52 0 62 64 39 26 71 47 0 90 50 94 0 20 58 40 0 0 83 99 46 0 16 32 65 71 60 86 81 75 58 52 80 56 74 0 20 40 60 61 
75 80 51 3 37 45 47 17 79 15 13 70 67 2 12 51 37 16 100 41 35 79 0 41 75 30 74 46 86 29 50 0 36 0 0 89 94 54 14 0 14 51 45 47 89 1 99 78 69 29 30 84 40 32 55 60 27 0 64 14 12 48 65 1 0 38 0 99 83 8 32 7 90 83 78 92 50 57 34 32 66 73 14 15 79 99 0 0 0 15 69 83 30 35 72 71 27 35 1 92 
0 0 48 70 15 53 57 0 66 20 0 67 33 0 42 52 84 55 79 57 85 0 13 89 46 2 44 21 62 70 0 18 88 17 89 0 0 20 8 82 0 0 10 17 0 0 16 88 49 44 44 75 21 54 0 0 68 36 22 46 38 23 36 94 12 46 0 43 6 76 26 44 6 53 0 31 72 32 29 73 0 79 0 0 76 0 21 23 74 34 0 40 0 14 97 0 98 0 8 58 
63 0 0 0 68 93 48 94 22 80 75 33 55 84 23 45 51 0 84 84 53 0 0 71 62 0 23 41 95 0 70 54 62 20 94 0 0 85 63 0 44 90 83 22 59 11 30 48 67 96 45 81 44 28 51 0 80 0 9 93 18 95 74 45 41 41 42 92 24 67 95 0 59 0 8 64 44 50 85 0 79 58 100 0 87 8 8 62 65 86 91 36 49 40 75 67 0 19 0 16 
0 93 36 19 41 72 80 74 18 94 43 74 9 27 37 90 6 66 94 50 60 9 7 5 68 67 72 52 27 0 11 61 0 95 54 20 85 0 66 0 41 29 98 0 75 88 16 59 0 82 61 45 45 71 0 0 0 98 0 24 33 41 99 68 15 7 0 30 11 22 61 62 57 81 11 0 19 79 27 0 87 59 74 54 21 68 33 47 84 59 0 15 35 14 99 66 61 86 77 60 
0 34 98 61 97 0 47 28 98 5 0 80 35 0 15 15 0 60 0 14 42 8 54 28 55 0 0 54 42 0 48 70 51 12 14 8 63 66 0 0 100 90 78 0 97 75 67 70 43 97 93 4 85 22 60 0 16 0 53 22 1 79 37 16 92 0 42 50 57 0 60 12 93 0 39 0 93 22 66 0 0 88 22 73 81 34 75 64 15 59 0 95 36 58 21 0 38 88 42 2 
55 44 23 45 0 87 24 57 84 94 28 77 64 14 0 0 7 98 33 10 68 78 17 71 73 51 92 0 0 10 84 0 3 18 0 82 0 0 0 0 78 0 0 24 0 45 42 0 24 0 9 100 0 45 51 31 56 76 0 85 0 2 1 61 8 39 91 46 81 83 0 26 1 76 48 85 0 80 0 0 73 0 91 17 73 83 12 54 32 76 80 55 62 88 71 36 66 9 61 0 
14 24 95 89 58 14 92 78 74 84 40 98 69 0 17 0 0 51 98 16 78 95 12 53 58 62 91 9 50 24 68 53 36 0 14 0 44 41 100 78 0 67 70 52 3 17 70 0 95 11 53 15 74 56 3 59 0 40 100 86 34 17 57 9 92 40 95 33 45 75 86 5 0 77 39 32 96 0 44 10 59 45 94 56 64 7 55 52 46 58 20 48 31 81 94 57 38 72 50 92 
57 10 60 90 100 30 80 41 51 61 0 59 22 84 0 59 72 0 64 73 48 67 17 0 18 54 40 4 27 6 88 0 89 21 51 0 90 29 90 0 67 0 34 85 21 91 42 0 60 0 36 46 0 83 64 0 62 49 92 94 11 59 30 65 14 0 49 69 0 9 28 1 22 93 43 83 0 86 0 0 75 31 68 60 68 93 38 67 64 22 0 100 68 30 67 28 19 57 19 27 
20 52 51 31 25 99 39 4 74 0 77 35 73 69 0 14 15 0 75 72 100 46 0 66 26 8 58 7 74 89 51 32 18 42 45 10 83 98 78 0 70 34 0 87 82 0 71 97 24 44 62 0 23 68 0 59 0 61 90 90 12 6 99 0 1 36 14 41 3 49 5 41 81 54 67 80 40 0 55 61 55 7 25 63 63 59 58 19 22 0 0 24 96 86 90 60 57 80 75 0 
25 0 87 0 0 22 44 8 30 70 9 61 53 9 0 8 4 0 78 88 34 87 83 0 0 92 62 11 56 4 70 66 40 48 47 17 22 0 0 24 52 85 87 0 0 41 69 3 86 100 0 37 90 33 88 79 52 39 79 65 20 20 91 42 52 52 89 0 59 50 25 28 42 17 70 11 38 0 80 77 3 54 66 75 0 18 0 74 0 83 80 0 26 81 82 72 12 34 0 61 
51 0 54 42 54 20 3 26 24 0 8 37 89 41 0 71 13 0 11 0 18 0 26 71 48 38 42 39 20 46 76 0 2 80 89 0 59 75 97 0 3 21 82 0 0 25 21 75 82 20 8 59 80 26 94 47 37 50 0 0 93 62 98 75 27 74 95 35 0 32 84 71 79 41 0 10 0 0 61 21 40 85 42 0 35 54 33 44 0 0 25 0 16 0 91 65 26 0 96 26 
91 41 92 30 74 0 19 40 0 15 40 97 15 63 90 54 29 0 60 83 0 47 35 0 0 0 7 6 73 6 9 59 47 66 1 0 11 88 75 45 17 91 0 41 25 0 2 35 49 99 26 12 100 93 72 0 0 85 0 23 0 0 26 0 64 89 84 45 84 23 96 93 0 77 58 48 0 19 12 78 78 0 34 68 10 0 78 0 62 6 82 19 0 51 27 80 80 89 83 85 
59 61 62 100 0 79 0 0 86 56 93 45 49 5 32 55 61 43 52 45 94 79 96 84 56 11 45 28 20 77 96 27 12 4 99 16 30 16 67 42 70 42 71 69 21 2 0 45 35 2 72 0 66 26 18 13 34 40 21 64 67 0 90 19 77 22 0 0 56 76 31 92 0 14 97 81 96 100 2 84 37 18 33 83 52 29 16 36 14 15 74 0 90 80 73 37 69 60 9 48 
90 36 0 0 62 44 37 88 41 67 84 100 51 0 24 7 53 35 32 5 59 26 69 34 4 76 20 0 0 0 45 60 0 29 78 88 48 59 70 0 0 0 97 3 75 35 45 0 69 73 9 61 57 74 2 9 0 62 82 33 20 78 49 0 86 80 42 73 59 58 3 20 39 0 63 60 39 59 75 94 24 0 47 49 11 98 20 72 7 68 3 17 0 82 0 0 0 14 0 64 
0 21 28 44 36 57 72 72 53 64 84 54 26 23 53 0 2 82 20 0 78 90 92 52 94 30 17 24 0 73 96 78 0 88 69 49 67 0 43 24 95 60 24 86 82 49 35 69 0 87 88 47 43 75 4 62 36 62 93 11 7 75 63 9 0 43 30 34 0 22 35 40 97 2 68 83 61 42 12 80 38 78 47 74 33 0 19 47 51 98 29 81 28 89 31 51 43 64 50 88 
87 0 27 77 14 68 10 18 73 43 0 68 54 61 79 97 64 31 48 0 61 5 0 14 49 33 13 91 22 49 57 100 62 90 29 44 96 82 97 0 11 0 44 100 20 99 2 73 87 0 30 73 72 69 0 47 44 82 18 36 58 61 34 82 87 82 79 72 36 30 24 19 86 0 13 35 99 0 66 30 50 37 43 100 31 60 22 34 98 55 81 90 97 68 14 89 35 15 44 77 
85 80 38 45 29 22 33 32 7 80 7 0 7 75 37 29 0 85 25 0 86 24 62 43 49 85 43 86 31 6 33 1 19 90 30 44 45 61 93 9 53 36 62 0 8 26 72 9 88 30 0 100 39 74 38 99 94 0 37 39 14 66 64 0 3 4 0 15 99 77 15 100 64 18 93 62 23 21 0 10 49 6 100 25 44 0 25 38 96 13 37 12 69 100 98 17 30 54 40 23 
11 18 52 13 49 58 23 10 7 91 81 0 33 49 16 17 0 0 29 55 85 47 40 69 82 50 54 38 20 86 56 43 27 85 84 75 81 45 4 100 15 46 0 37 59 12 0 61 47 73 100 0 23 47 47 35 4 40 92 41 64 86 15 91 57 0 14 63 59 70 5 0 70 60 40 71 61 0 46 66 19 80 27 0 63 38 13 9 11 18 75 30 1 14 60 20 0 23 77 68 
65 0 33 87 68 54 89 55 78 50 0 79 21 51 9 57 61 93 60 0 22 21 27 26 50 70 70 16 0 87 76 18 77 0 40 21 44 45 85 0 74 0 23 90 80 100 66 57 43 72 39 23 0 9 81 0 13 91 26 19 98 29 94 70 0 0 22 33 40 26 23 69 36 5 52 88 64 28 81 18 12 0 38 40 65 16 42 79 76 60 0 81 48 94 37 0 3 76 94 57 
0 63 17 0 94 54 54 18 49 59 2 100 12 96 57 63 67 48 63 76 9 29 0 51 25 66 93 4 43 10 16 17 3 98 32 54 28 71 22 45 56 83 68 33 26 93 26 74 75 69 74 47 9 0 0 11 79 98 0 85 0 75 40 54 49 41 55 41 0 77 67 81 15 94 6 16 37 88 98 56 0 97 43 44 71 0 42 76 36 54 20 83 0 82 58 75 94 95 0 8 
68 86 49 41 47 10 59 0 0 83 60 55 67 62 66 0 82 60 76 58 18 87 25 31 48 61 62 0 53 0 44 54 0 74 55 0 51 0 60 51 3 64 0 88 94 72 18 2 4 0 38 47 81 0 0 10 44 0 28 15 82 38 1 14 41 42 12 0 89 73 86 57 0 0 0 43 41 0 100 0 0 56 13 74 0 47 36 49 44 42 23 62 46 49 27 0 46 8 0 23 
56 29 7 94 71 38 88 13 46 83 93 70 0 0 96 17 13 71 22 56 70 34 19 0 38 16 0 69 47 54 19 86 0 42 60 0 0 0 0 31 59 0 59 79 47 0 13 9 62 47 99 35 0 11 10 0 10 95 8 24 24 0 14 56 65 0 0 26 0 81 54 0 50 67 7 13 0 23 0 22 11 69 91 22 44 33 94 55 19 36 0 77 39 41 79 5 94 41 52 11 
84 82 9 100 0 16 77 0 31 26 98 61 0 49 53 30 100 36 7 0 4 62 52 93 96 67 74 76 62 0 26 72 74 0 27 68 80 0 16 56 0 62 0 52 37 0 34 0 36 44 94 4 13 79 44 10 0 33 53 99 48 35 40 62 0 0 93 0 29 59 55 0 60 95 30 41 68 51 27 46 19 0 26 0 81 97 50 0 68 54 0 72 81 8 14 66 50 10 79 76 
0 61 42 63 19 85 84 0 0 31 90 6 3 88 16 46 55 71 63 74 52 63 75 0 45 6 92 85 28 35 99 39 12 47 0 36 0 98 0 76 40 49 61 39 50 85 40 62 62 82 0 40 91 98 0 95 33 0 13 0 0 49 14 42 92 23 99 0 61 24 65 0 0 84 75 91 0 77 46 21 45 0 44 0 90 92 19 65 52 36 69 84 95 42 19 20 0 36 98 99 
0 90 87 16 40 0 0 71 46 0 61 0 41 51 84 1 0 52 1 53 1 38 6 13 0 0 64 66 36 0 64 9 38 55 64 22 9 0 53 0 100 92 90 79 0 0 21 82 93 18 37 92 26 0 28 8 53 13 0 76 44 21 42 8 71 10 76 54 0 62 65 53 19 75 0 0 25 88 37 25 45 68 0 68 62 0 90 45 0 0 22 49 54 2 6 67 46 0 67 17 
33 0 71 23 67 91 75 10 0 49 41 74 0 20 34 84 1 50 0 77 74 99 0 52 86 74 64 0 89 0 47 53 56 80 14 46 93 24 22 85 86 94 90 65 0 23 64 33 11 36 39 41 19 85 15 24 99 0 76 0 76 22 10 39 65 17 19 43 22 20 11 46 10 75 91 56 68 36 95 0 90 51 63 100 40 71 0 78 0 43 58 0 56 89 62 96 39 0 12 94 
97 69 21 2 0 68 55 8 66 23 26 39 13 53 30 41 0 60 99 26 54 92 74 87 54 64 65 6 0 39 58 0 0 52 12 38 18 33 1 0 34 11 12 20 93 0 67 20 7 58 14 64 98 0 82 24 48 0 44 76 0 22 95 51 4 37 24 0 55 0 23 4 84 0 0 0 60 0 28 3 1 0 0 0 94 0 39 30 42 0 0 98 48 38 11 94 35 96 25 45 
12 82 1 0 17 4 32 73 0 100 42 60 56 29 32 29 35 4 100 74 17 0 56 78 0 37 78 54 0 30 28 15 70 0 48 23 95 41 79 2 17 59 6 20 62 0 0 78 75 61 66 86 29 75 38 0 35 49 21 22 22 0 67 0 78 12 87 11 0 51 71 72 85 74 38 19 77 85 80 18 80 11 4 46 0 13 47 19 66 16 40 0 84 90 23 8 0 0 31 100 
36 47 76 44 0 10 32 0 44 56 3 36 73 27 22 26 32 44 39 62 58 64 18 53 35 79 66 62 38 89 4 0 45 62 65 36 74 99 37 1 57 30 99 91 98 26 90 49 63 34 64 15 94 40 1 14 40 14 42 10 95 67 0 34 63 21 48 0 0 49 37 52 83 95 88 3 4 0 43 41 91 77 71 74 65 88 41 36 36 98 0 57 75 96 80 0 0 85 27 47 
60 53 64 66 92 71 13 68 31 62 0 48 35 5 22 25 37 56 0 48 73 9 0 53 43 0 48 24 93 0 49 37 94 64 1 94 45 68 16 61 9 65 0 42 75 0 19 0 9 82 0 91 70 54 14 56 62 42 8 39 51 0 34 0 6 65 0 46 12 72 74 15 34 0 35 57 93 65 10 90 69 95 12 70 24 0 2 91 18 95 0 41 81 19 61 19 90 61 41 8 
97 93 5 87 0 57 8 0 69 71 81 0 96 86 75 59 4 21 50 84 97 4 93 0 29 1 5 0 76 94 0 0 0 39 0 12 41 15 92 8 92 14 1 52 27 64 77 86 0 87 3 57 0 49 41 65 0 92 71 65 4 78 63 6 0 82 0 0 80 0 70 64 28 92 0 81 85 23 87 20 13 87 93 96 0 16 0 50 0 30 0 50 91 87 4 25 46 58 14 0 
15 63 0 28 0 42 28 0 0 3 0 39 0 74 54 7 0 65 0 39 96 37 0 0 19 81 39 10 30 75 0 0 86 26 38 46 41 7 0 39 40 0 36 52 74 89 22 80 43 82 4 0 0 41 42 0 0 23 10 17 37 12 21 65 82 0 0 19 6 59 1 68 0 3 26 4 24 66 50 21 0 8 8 33 45 0 47 28 26 55 80 34 73 69 22 99 16 62 87 1 
100 0 71 37 57 4 99 10 68 30 79 0 89 0 58 8 84 55 0 3 44 29 40 86 93 72 78 0 58 42 0 60 43 71 0 0 42 0 42 91 95 49 14 89 95 84 0 42 30 79 0 14 22 55 12 0 93 99 76 19 24 87 48 0 0 0 0 29 51 58 61 0 6 4 41 12 1 60 54 5 49 89 83 5 68 55 65 78 95 1 81 0 56 57 76 28 76 86 5 71 
11 10 30 72 0 47 16 32 67 0 0 24 0 0 29 0 0 9 76 83 4 30 40 7 68 64 7 68 69 85 0 9 0 47 99 43 92 30 50 46 33 69 41 0 35 45 0 73 34 72 15 63 33 41 0 26 0 0 54 43 0 11 0 46 0 19 29 0 35 92 0 33 0 84 85 75 0 63 77 63 0 0 51 9 0 0 18 4 0 1 0 0 19 38 80 40 0 0 59 0 
71 0 97 83 34 97 13 92 88 63 0 86 38 100 7 0 31 29 0 18 90 77 70 0 0 27 37 0 83 0 74 0 60 0 83 6 24 11 57 81 45 0 3 59 0 84 56 59 0 36 99 59 40 0 89 0 29 61 0 22 55 0 0 12 80 6 51 35 0 84 57 8 80 0 0 32 0 0 58 62 74 52 0 85 79 66 87 0 45 9 0 22 0 64 0 54 3 57 16 10 
6 54 94 76 75 35 93 50 31 11 2 25 51 45 0 23 34 60 0 48 38 8 96 14 67 58 84 0 89 12 0 81 14 90 8 76 67 22 0 83 75 9 49 50 32 23 76 58 22 30 77 70 26 77 73 81 59 24 62 20 0 51 49 72 0 59 58 92 84 0 33 24 37 48 9 63 5 0 57 95 73 66 20 77 90 81 32 12 88 19 6 0 8 43 59 90 84 0 29 63 
0 78 100 40 78 0 62 13 52 28 37 20 82 70 83 11 50 57 30 32 69 91 5 41 57 13 59 0 86 52 55 12 69 50 32 26 95 61 60 0 86 28 5 25 84 96 31 3 35 24 15 5 23 67 86 54 55 65 65 11 23 71 37 74 70 1 61 0 57 33 0 59 0 53 35 90 67 65 27 86 63 73 0 0 26 31 38 44 90 45 61 80 25 61 99 62 42 12 0 40 
24 0 42 38 6 91 0 52 66 10 54 5 30 34 13 60 22 1 69 0 59 50 30 94 50 2 73 96 40 22 80 34 0 94 7 44 0 62 12 26 5 1 41 28 71 93 92 20 40 19 100 0 69 81 57 0 0 0 53 46 4 72 52 15 64 68 0 33 8 24 59 0 90 44 0 30 91 65 0 13 91 49 0 68 15 16 35 68 18 35 27 0 64 0 31 11 57 0 11 29 
88 0 88 39 84 76 0 0 98 10 79 0 15 99 66 0 27 90 73 100 0 36 0 0 0 74 57 10 44 51 98 41 30 0 90 6 59 57 93 1 0 22 81 42 79 0 0 39 97 86 64 70 36 15 0 50 60 0 19 10 84 85 83 34 28 0 6 0 80 37 0 90 0 93 33 94 53 92 0 12 48 67 29 0 32 0 59 79 26 64 28 29 0 94 20 27 41 0 35 41 
42 77 35 0 0 43 29 45 49 65 0 46 41 0 83 16 50 99 35 1 43 0 86 78 79 24 69 0 0 54 6 47 93 20 83 53 0 81 0 76 77 93 54 17 41 77 14 0 2 0 18 60 5 94 0 67 95 84 75 75 0 74 95 0 92 3 4 84 0 48 53 44 93 0 25 47 0 0 0 21 85 81 0 66 93 5 9 0 88 0 0 57 6 95 34 48 32 34 98 0 
95 72 83 46 46 37 0 44 79 39 26 88 34 0 15 94 47 98 57 86 34 93 0 9 96 0 0 14 86 6 31 0 39 58 78 0 8 11 39 48 39 43 67 70 0 58 97 63 68 13 93 40 52 6 0 7 30 75 0 91 0 38 88 35 0 26 41 85 0 9 35 0 33 25 0 38 0 29 40 8 78 0 87 13 60 0 9 30 17 0 25 76 11 0 58 57 10 50 40 0 
100 31 75 18 83 0 9 46 54 84 32 30 66 60 64 0 42 64 76 99 55 44 71 25 46 97 72 54 32 21 24 66 19 40 92 31 64 0 0 85 32 83 80 11 10 48 81 60 83 35 62 71 88 16 43 13 41 91 0 56 0 19 3 57 81 4 12 75 32 63 90 30 94 47 38 0 29 97 1 77 17 39 51 10 64 0 50 74 81 55 7 9 51 94 0 0 56 23 86 87 
0 3 28 87 0 35 0 45 77 0 0 30 0 0 55 0 0 0 20 31 81 0 44 5 94 21 61 54 0 95 0 7 8 0 50 72 44 19 93 0 96 0 40 38 0 0 96 39 61 99 23 61 64 37 41 0 68 0 25 68 60 77 4 93 85 24 1 0 0 5 67 91 53 0 0 29 0 0 47 70 29 27 0 19 0 79 48 5 49 36 0 99 49 47 0 59 91 85 0 0 
69 39 14 0 96 42 23 0 52 0 0 52 72 89 7 0 38 58 68 81 24 0 100 74 0 61 39 0 0 35 0 23 87 0 57 32 50 79 22 80 0 86 0 0 0 19 100 59 42 0 21 0 28 88 0 23 51 77 88 36 0 85 0 65 23 66 60 63 0 0 65 65 92 0 29 97 0 0 59 59 5 4 99 0 0 95 30 0 80 0 58 10 52 70 36 30 0 67 98 75 
0 84 0 64 44 49 57 12 0 2 28 14 16 98 38 0 90 64 70 32 0 9 100 36 32 42 72 44 82 95 14 87 36 83 34 29 85 27 66 0 44 0 55 80 61 12 2 75 12 66 0 46 81 98 100 0 27 46 37 95 28 80 43 10 87 50 54 77 58 57 27 0 0 0 40 1 47 59 0 79 14 0 80 0 45 34 90 67 14 54 30 36 0 38 68 64 5 0 47 72 
46 0 63 56 0 33 33 0 0 0 47 21 41 13 13 89 27 46 21 8 40 21 0 0 27 45 85 13 16 89 28 12 21 99 32 73 0 0 0 0 10 0 61 77 21 78 84 94 80 30 10 66 18 56 0 22 46 21 25 0 3 18 41 90 20 21 5 63 62 95 86 13 12 21 8 77 70 59 79 0 11 37 12 87 0 0 12 5 17 82 77 85 0 36 0 43 0 0 69 0 
96 0 86 10 5 7 29 87 94 65 0 76 66 90 100 41 0 20 58 33 63 71 0 26 0 100 56 87 25 0 57 78 0 46 66 0 79 87 0 73 59 75 55 3 40 78 37 24 38 50 49 19 12 0 0 11 19 45 45 90 1 80 91 69 13 0 49 0 74 73 63 91 48 85 78 17 29 5 14 11 0 49 0 0 64 30 98 0 21 87 97 0 0 5 43 68 87 47 83 45 
20 43 19 45 0 39 40 0 0 41 68 23 7 71 79 24 39 92 53 75 0 86 3 77 14 63 0 58 0 0 57 0 5 0 73 79 58 59 88 0 45 31 7 54 85 0 18 0 78 37 6 80 0 97 56 69 0 0 68 51 0 11 77 95 87 8 89 0 52 66 73 49 67 81 0 39 27 4 0 37 49 0 0 0 22 0 49 99 25 79 1 11 83 87 56 87 92 40 24 36 
100 0 89 33 36 0 0 0 87 48 0 16 81 9 16 70 95 0 86 61 55 95 66 79 40 0 62 0 7 68 5 0 52 16 14 0 100 74 22 91 94 68 25 66 42 34 33 47 47 43 100 27 38 43 13 91 26 44 0 63 0 4 71 12 93 8 83 51 0 20 0 0 29 0 87 51 0 99 80 12 0 0 0 54 30 79 0 0 74 89 95 64 68 36 47 0 92 0 0 38 
65 86 26 50 84 76 81 71 8 86 53 2 55 5 0 0 3 97 66 80 13 0 74 63 0 92 0 53 48 0 71 0 73 32 15 0 0 54 73 17 56 60 63 75 0 68 83 49 74 100 25 0 40 44 74 22 0 0 68 100 0 46 74 70 96 33 5 9 85 77 0 68 0 66 13 10 19 0 0 87 0 0 54 0 0 4 19 64 13 0 0 15 0 25 0 15 36 83 65 0 
37 13 6 0 93 20 22 0 70 45 88 14 85 18 36 38 0 56 32 0 78 60 2 21 5 21 35 0 90 17 90 18 69 65 79 76 87 21 81 73 64 68 63 0 35 10 52 11 33 31 44 63 65 71 0 44 81 90 62 40 94 0 65 24 0 45 68 0 79 90 26 15 32 93 60 64 0 0 45 0 64 22 30 0 0 52 18 0 36 71 60 85 2 21 85 42 15 0 23 12 
3 0 90 58 0 76 92 12 63 78 81 56 87 7 43 0 91 91 96 68 91 18 40 0 14 69 63 0 47 57 74 34 80 71 99 0 8 68 34 83 7 93 59 18 54 0 29 98 0 60 0 38 16 0 47 33 97 92 0 71 0 13 88 0 16 0 55 0 66 81 31 16 0 5 0 0 79 95 34 0 30 0 79 4 52 0 87 92 0 0 76 64 48 0 67 16 8 9 100 4 
0 80 81 53 64 99 68 15 50 77 0 51 78 18 51 29 49 77 0 19 10 83 56 85 0 48 6 71 15 51 1 0 35 60 0 21 8 33 75 12 55 38 58 0 33 78 16 20 19 22 25 13 42 42 36 94 50 19 90 0 39 47 41 2 0 47 65 18 87 32 38 35 59 9 9 50 48 30 90 12 98 49 0 19 18 87 0 0 21 49 6 10 60 0 65 0 0 94 51 36 
0 70 96 95 15 77 31 52 0 100 78 6 46 0 75 81 9 76 77 79 34 0 0 81 39 0 85 46 63 68 88 21 20 86 0 23 62 47 64 54 52 67 19 74 44 0 36 72 47 34 38 9 79 76 49 55 0 65 45 78 30 19 36 91 50 28 78 4 0 12 44 68 79 0 30 74 5 0 67 5 0 99 0 64 0 92 0 0 25 8 93 18 0 89 54 0 8 15 72 44 
67 25 85 20 97 47 91 49 46 99 0 43 81 38 89 0 92 54 96 39 4 0 32 81 0 75 57 0 0 61 60 5 52 81 0 74 65 84 15 32 46 64 22 0 0 62 14 7 51 98 96 11 76 36 44 19 68 52 0 0 42 66 36 18 0 26 95 0 45 88 90 18 26 88 17 81 49 80 14 17 21 25 74 13 36 0 21 25 0 14 1 0 5 5 61 82 88 45 55 99 
73 82 6 45 81 100 37 0 0 32 45 54 9 58 76 0 41 60 0 58 85 28 48 0 33 75 74 0 7 73 34 9 57 75 15 34 86 59 59 76 58 22 0 83 0 6 15 68 98 55 13 18 60 54 42 36 54 36 0 43 0 16 98 95 30 55 1 1 9 19 45 35 64 0 0 55 36 0 54 82 87 79 89 0 71 0 49 8 14 0 0 0 47 0 0 0 33 33 0 74 
46 50 0 69 48 99 0 66 28 0 19 93 58 9 4 0 0 0 30 0 20 71 82 37 0 48 54 7 25 0 90 97 92 58 69 0 91 0 0 80 20 0 0 80 25 82 74 3 29 81 37 75 0 20 23 0 0 69 22 58 0 40 0 0 0 80 81 0 0 6 61 27 28 0 25 7 0 58 30 77 97 1 95 0 60 76 6 93 1 0 0 70 86 66 30 32 87 0 25 63 
6 39 0 0 21 95 76 0 0 16 0 27 89 28 44 84 29 66 10 22 73 49 24 0 53 93 12 0 66 0 0 0 60 52 83 40 36 15 95 55 48 100 24 0 0 19 0 17 81 90 12 30 81 83 62 77 72 84 49 0 98 0 57 41 50 34 0 0 22 0 80 0 29 57 76 9 99 10 36 85 0 11 64 15 85 64 10 18 0 0 70 0 64 76 40 2 46 82 24 55 
0 0 0 0 0 4 93 89 28 27 0 52 22 39 54 90 61 46 76 16 56 30 0 13 90 98 0 44 71 0 87 0 34 80 30 0 49 35 36 62 31 68 96 26 16 0 90 0 28 97 69 1 48 0 46 39 81 95 54 56 48 84 75 81 91 73 56 19 0 8 25 64 0 6 11 51 49 52 0 0 0 83 68 0 2 48 60 0 5 47 86 64 0 71 40 3 0 33 48 29 
7 28 29 46 59 23 0 98 79 53 82 75 51 49 48 52 17 92 30 6 21 20 16 0 0 10 0 1 14 15 22 29 44 56 35 14 40 14 58 88 81 30 86 81 0 51 80 82 89 68 100 14 94 82 49 41 8 42 2 89 38 90 96 19 87 69 57 38 64 43 61 0 94 95 0 94 47 70 38 36 5 87 36 25 21 0 0 89 5 0 66 76 71 0 14 4 77 23 71 70 
48 1 91 15 78 64 82 26 23 31 80 32 38 32 11 36 17 46 95 53 0 13 78 15 0 0 68 27 0 46 21 9 41 74 72 97 75 99 21 71 94 67 90 82 91 27 73 0 31 14 98 60 37 58 27 79 14 19 6 62 11 23 80 61 4 22 76 80 0 59 99 31 20 34 58 0 0 36 68 0 43 56 47 0 85 67 65 54 61 0 30 40 40 14 0 0 66 36 67 71 
50 71 13 0 0 90 0 31 75 31 0 34 0 82 72 61 65 64 58 0 44 0 0 93 26 80 18 42 73 10 2 22 11 0 71 0 67 66 0 36 57 28 60 72 65 80 37 0 51 89 17 20 0 75 0 5 66 20 67 96 94 8 0 19 25 99 28 40 54 90 62 11 27 48 57 0 59 30 64 43 68 87 0 15 42 16 0 0 82 0 32 2 3 4 0 0 2 37 71 85 
0 61 35 7 22 35 81 28 2 48 69 40 0 72 28 88 30 58 89 100 0 35 0 0 23 4 77 68 35 0 11 9 61 20 27 98 0 61 38 66 38 19 57 12 26 80 69 0 43 35 30 0 3 94 46 94 50 0 46 39 35 0 0 90 46 16 76 0 3 84 42 57 41 32 10 56 91 0 5 0 87 92 92 36 15 8 0 8 88 33 87 46 0 77 66 2 0 13 0 1 
56 39 0 86 0 95 7 17 56 62 0 39 99 0 19 18 80 22 0 71 0 70 97 2 32 84 0 0 98 78 65 0 0 40 35 0 19 86 88 9 72 57 80 34 0 89 60 14 64 15 54 23 76 95 8 41 10 36 0 0 96 0 85 61 58 62 86 0 57 0 12 0 0 34 50 23 85 67 0 0 47 40 0 83 0 9 94 15 45 33 0 82 33 23 36 37 13 0 0 57 
6 97 0 41 95 1 70 53 73 50 0 76 0 64 68 27 0 25 10 53 30 23 28 0 25 44 75 2 93 51 0 0 68 60 1 8 0 77 42 61 50 19 75 0 96 83 9 0 50 44 40 77 94 0 0 52 79 98 67 12 25 31 27 41 14 87 5 59 16 29 0 11 35 98 40 86 0 98 47 69 83 24 0 65 23 100 51 72 55 0 25 24 48 71 67 71 0 0 0 43 
99 7 0 7 99 63 2 81 32 85 16 32 11 67 40 42 78 99 60 84 16 78 21 89 11 53 8 21 81 83 26 90 100 61 92 58 16 60 2 0 92 27 0 61 26 85 48 64 88 77 23 68 57 8 23 11 76 99 17 94 45 100 47 8 0 1 71 0 10 63 40 29 41 0 0 87 0 75 72 0 45 36 38 0 12 4 36 44 99 74 63 55 29 70 71 85 1 57 43 0 
