0 0 0 0 0 0 0 0 0 0 76 175 0 37 0 0 0 0 0 0 0 0 0 0 0 0 0 0 0 0 187 0 0 0 0 0 37 122 0 0 0 109 0 157 0 0 0 0 0 0 0 0 151 0 0 0 0 0 0 0 143 0 0 0 0 0 160 0 0 194 145 0 0 0 0 0 0 0 0 86 0 0 0 0 0 0 0 0 178 0 0 0 0 0 0 0 0 0 0 0 
0 0 0 0 0 0 0 0 0 0 0 0 0 0 0 0 0 0 0 0 0 0 0 0 0 0 0 0 0 0 0 0 0 104 0 0 0 98 0 0 181 0 0 0 0 0 90 0 0 0 0 0 0 0 0 0 0 173 0 0 40 0 0 0 0 0 0 0 0 0 0 121 0 0 91 0 0 0 0 0 0 86 128 0 0 49 47 0 0 0 0 0 0 0 0 0 0 0 0 0 
0 0 0 0 0 37 0 0 0 0 35 0 0 0 0 0 0 31 0 0 0 0 0 0 0 0 0 0 0 0 0 0 0 46 0 0 0 0 0 0 0 108 0 0 0 131 0 0 0 0 0 0 0 0 0 0 0 0 0 0 0 0 0 0 0 0 0 0 0 0 0 75 0 0 0 0 0 0 0 0 0 0 0 0 0 0 0 187 0 0 0 0 0 44 0 0 70 0 0 0 
0 0 0 0 0 0 166 0 0 0 0 157 0 0 0 0 0 0 0 0 0 0 0 0 0 158 0 0 0 0 0 0 0 0 177 0 0 0 0 0 139 0 0 0 0 150 0 0 0 0 0 0 0 0 0 0 0 0 0 0 0 0 0 0 0 0 0 59 144 0 0 0 0 0 0 0 0 0 0 0 95 0 11 0 0 0 0 0 0 32 0 27 0 0 0 0 0 0 0 0 
0 0 0 0 0 0 0 0 0 16 191 0 0 113 0 0 0 0 0 0 0 0 0 0 121 0 0 0 0 32 0 0 0 0 0 0 0 0 0 0 0 0 0 0 146 0 0 0 0 121 0 0 0 0 118 0 0 0 14 158 0 0 0 0 0 0 0 0 0 0 0 0 0 51 0 0 0 0 120 0 196 0 0 0 146 0 0 0 0 0 0 0 0 0 0 118 0 0 0 0 
0 0 37 0 0 0 0 0 0 0 0 0 0 0 0 101 0 116 179 0 0 0 0 0 0 0 0 0 0 0 0 0 0 0 0 60 0 0 0 0 0 0 0 32 0 67 0 0 2 29 0 0 0 71 0 0 0 0 0 0 0 0 194 0 0 0 0 0 32 0 0 0 0 0 0 0 0 154 0 0 0 0 0 0 0 0 0 53 0 0 0 0 0 0 0 0 0 0 7 0 
0 0 0 166 0 0 0 0 0 0 0 0 0 0 0 0 0 0 0 0 0 0 0 0 0 18 0 0 0 0 0 0 0 0 0 0 0 0 0 0 0 0 0 0 0 0 0 12 0 0 181 0 0 0 0 0 0 0 0 0 0 0 0 0 0 57 0 0 0 0 0 0 0 0 0 0 0 116 0 0 44 0 0 0 0 0 0 0 0 0 0 0 0 0 0 0 63 174 0 149 
0 0 0 0 0 0 0 0 0 138 0 0 0 0 0 32 0 54 0 0 0 0 0 0 0 0 88 143 0 0 0 0 0 0 0 0 0 0 0 0 0 0 0 0 102 0 0 0 0 0 0 0 0 0 0 0 0 0 0 0 0 0 0 0 195 0 0 0 145 0 98 0 0 0 158 0 0 0 0 0 0 0 0 0 0 200 0 75 0 0 0 0 0 183 0 0 122 0 66 0 
0 0 0 0 0 0 0 0 0 0 0 0 90 0 0 0 0 0 99 0 127 0 33 0 0 0 168 0 67 0 0 0 0 0 0 0 0 0 0 0 183 0 0 0 136 0 0 180 0 0 0 0 0 0 0 0 0 148 0 58 0 0 0 0 0 0 0 0 0 0 0 0 0 0 0 0 158 0 0 85 168 0 0 0 190 0 0 0 0 0 0 0 0 0 0 0 0 0 0 0 
0 0 0 0 16 0 0 138 0 0 0 0 0 0 58 0 0 195 174 0 172 0 0 154 0 0 112 0 0 0 0 0 0 0 0 0 0 21 0 0 0 0 0 0 0 0 0 0 40 0 0 0 0 0 0 0 0 0 0 0 0 0 0 0 81 0 0 0 0 0 0 0 0 0 180 0 0 0 0 0 0 0 0 0 17 0 0 0 0 0 65 0 0 0 0 112 0 0 0 0 
76 0 35 0 191 0 0 0 0 0 0 0 0 0 0 0 0 0 0 0 0 0 0 0 0 168 0 0 0 0 0 22 0 0 0 0 0 182 0 0 0 0 0 0 0 0 0 0 0 0 175 10 0 0 27 32 0 0 0 0 0 0 2 0 117 0 0 0 0 0 0 0 0 0 0 0 0 0 0 0 0 0 0 0 0 0 0 0 0 0 187 0 0 0 0 0 0 0 0 0 
175 0 0 157 0 0 0 0 0 0 0 0 0 0 91 0 0 0 0 0 0 0 0 0 0 0 23 0 0 0 0 0 0 0 0 0 0 154 0 0 0 0 0 0 62 0 0 0 0 0 5 31 191 0 0 53 0 0 0 0 0 0 124 0 0 0 68 0 0 0 0 0 0 0 0 0 0 0 0 0 0 0 0 0 0 0 0 0 0 0 0 0 29 0 0 45 0 0 0 49 
0 0 0 0 0 0 0 0 90 0 0 0 0 0 0 0 0 0 0 0 0 152 0 40 13 0 0 132 0 0 0 54 0 0 0 0 0 0 0 0 0 0 0 0 0 85 0 0 0 0 0 124 0 0 96 0 0 0 0 0 0 62 0 0 0 0 0 0 157 0 0 0 0 95 0 0 0 0 0 0 0 0 0 0 0 0 0 0 123 0 0 0 0 0 0 82 0 0 0 57 
37 0 0 0 113 0 0 0 0 0 0 0 0 0 0 0 0 41 0 0 0 0 0 0 25 0 0 0 0 0 0 0 0 0 0 0 17 0 0 0 0 0 0 0 0 0 4 108 0 0 0 0 0 0 0 0 0 0 0 0 0 113 0 23 0 0 0 10 0 0 68 0 0 0 0 0 0 0 0 0 0 0 0 0 0 0 0 0 0 97 0 0 0 0 0 0 0 0 158 0 
0 0 0 0 0 0 0 0 0 58 0 91 0 0 0 0 0 17 0 0 0 0 0 0 0 0 0 0 0 0 0 6 181 0 0 0 0 0 0 143 0 0 0 0 0 0 0 0 0 0 0 0 0 0 9 0 65 4 0 0 177 0 0 0 0 0 0 25 0 0 0 0 44 0 0 0 0 0 0 0 0 167 0 0 0 22 0 0 0 0 0 0 0 0 0 0 68 0 0 0 
0 0 0 0 0 101 0 32 0 0 0 0 0 0 0 0 0 0 0 0 0 186 0 0 0 176 66 0 0 0 0 60 0 0 121 163 0 0 0 0 0 0 0 0 0 0 0 0 0 0 0 0 0 0 79 0 0 0 0 0 0 0 0 0 142 0 0 0 0 0 0 0 0 0 0 0 21 0 0 0 0 0 39 0 0 0 72 0 0 0 0 55 0 194 0 0 0 0 0 0 
0 0 0 0 0 0 0 0 0 0 0 0 0 0 0 0 0 0 0 0 0 0 0 0 0 5 0 0 0 0 98 0 0 165 45 0 0 0 0 0 0 0 0 0 0 0 0 0 0 0 0 0 0 0 0 0 0 0 0 0 0 68 32 70 0 0 41 0 0 0 0 0 0 0 0 0 0 0 0 0 0 0 0 0 0 0 0 0 0 0 36 123 0 0 0 0 0 0 0 141 
0 0 31 0 0 116 0 54 0 195 0 0 0 41 17 0 0 0 0 0 130 0 0 0 0 0 0 0 195 0 0 0 0 0 0 0 0 0 0 0 0 122 0 0 0 0 0 15 25 0 90 0 0 0 189 0 0 0 159 0 0 0 0 0 0 0 0 0 0 0 0 0 0 0 0 0 0 0 0 0 0 0 0 0 0 0 0 0 0 0 91 0 0 0 0 0 0 0 0 0 
0 0 0 0 0 179 0 0 99 174 0 0 0 0 0 0 0 0 0 139 125 0 175 0 0 0 0 169 0 31 0 0 158 0 0 0 0 0 0 0 0 0 0 0 0 87 0 0 0 0 0 0 0 184 0 0 0 0 0 0 0 0 0 0 0 92 0 0 0 0 0 0 0 0 0 0 0 0 0 22 0 0 0 0 0 0 0 0 0 0 0 174 19 0 0 0 0 0 0 0 
0 0 0 0 0 0 0 0 0 0 0 0 0 0 0 0 0 0 139 0 72 0 0 85 0 0 0 0 0 0 0 0 0 0 13 0 0 0 0 0 0 0 0 0 64 0 0 0 0 0 0 70 0 175 0 0 0 0 0 0 0 104 0 0 0 0 0 0 0 0 0 0 0 0 0 0 0 0 0 0 0 109 0 0 0 0 0 0 0 176 0 0 0 0 0 0 0 151 0 0 
0 0 0 0 0 0 0 0 127 172 0 0 0 0 0 0 0 130 125 72 0 0 0 0 0 0 0 0 0 0 0 0 0 0 0 0 27 0 0 0 0 0 0 0 0 0 0 0 0 160 0 0 0 27 0 0 0 2 0 0 0 200 0 0 0 0 0 0 0 0 0 0 0 0 0 132 0 0 0 155 0 0 0 119 0 0 0 0 0 0 0 0 0 29 192 0 0 0 0 0 
0 0 0 0 0 0 0 0 0 0 0 0 152 0 0 186 0 0 0 0 0 0 83 0 0 13 0 38 134 0 18 0 0 0 0 0 0 0 0 0 0 0 0 0 0 0 0 0 0 0 0 0 0 0 0 0 0 0 0 0 0 0 24 0 0 0 0 150 0 0 64 0 106 0 17 0 44 0 0 0 0 135 0 0 0 0 0 0 0 0 0 0 0 0 0 0 162 0 0 0 
0 0 0 0 0 0 0 0 33 0 0 0 0 0 0 0 0 0 175 0 0 83 0 0 0 151 144 0 0 0 0 0 0 0 0 0 0 0 128 0 0 0 9 157 0 95 0 0 0 0 0 97 0 0 0 0 0 0 0 0 0 0 0 0 0 0 0 0 5 0 0 0 0 0 0 0 0 0 41 0 0 0 0 0 0 0 0 57 0 0 0 25 0 0 0 0 0 0 60 0 
0 0 0 0 0 0 0 0 0 154 0 0 40 0 0 0 0 0 0 85 0 0 0 0 0 0 0 0 0 0 0 0 0 0 0 0 0 0 0 0 0 0 0 0 0 0 0 167 0 197 0 0 0 0 49 0 0 0 0 0 0 0 0 35 0 0 0 0 7 0 0 0 140 0 0 0 0 126 99 0 0 63 17 0 47 0 0 0 0 0 0 0 0 0 0 0 0 0 0 0 
0 0 0 0 121 0 0 0 0 0 0 0 13 25 0 0 0 0 0 0 0 0 0 0 0 0 74 96 65 0 0 0 0 41 0 0 50 0 0 81 0 0 0 0 0 0 0 0 0 0 87 0 0 0 0 0 0 0 0 0 0 0 0 0 0 0 0 0 0 0 0 0 0 0 0 139 0 0 0 0 0 0 5 0 0 26 0 0 0 155 0 0 0 0 0 0 0 0 0 8 
0 0 0 158 0 0 18 0 0 0 168 0 0 0 0 176 5 0 0 0 0 13 151 0 0 0 0 0 0 0 0 0 0 0 0 0 0 0 0 0 0 0 0 0 0 0 0 0 0 0 0 95 0 0 0 0 0 0 0 0 171 75 0 0 0 0 0 0 0 165 0 0 0 0 0 0 162 0 159 0 0 0 0 0 149 151 0 0 0 0 0 0 0 0 0 0 0 0 0 0 
0 0 0 0 0 0 0 88 168 112 0 23 0 0 0 66 0 0 0 0 0 0 144 0 74 0 0 0 0 0 0 0 0 0 0 18 0 0 0 0 0 0 0 0 0 0 0 0 0 0 0 0 0 0 4 51 0 0 0 100 0 0 0 0 0 0 0 0 0 31 0 0 0 0 0 77 0 0 0 0 0 0 0 0 94 0 0 24 0 0 0 0 0 0 0 0 0 0 0 0 
0 0 0 0 0 0 0 143 0 0 0 0 132 0 0 0 0 0 169 0 0 38 0 0 96 0 0 0 0 0 0 0 21 0 0 0 0 0 76 0 0 110 0 0 70 0 78 0 0 0 0 0 104 0 0 0 0 0 0 0 0 0 0 0 0 0 0 0 0 0 0 0 0 0 0 0 0 0 0 0 0 0 0 0 0 0 0 0 0 0 0 0 0 0 0 170 0 174 0 0 
0 0 0 0 0 0 0 0 67 0 0 0 0 0 0 0 0 195 0 0 0 134 0 0 65 0 0 0 0 10 0 0 0 0 0 85 0 102 0 0 0 0 0 0 0 0 0 0 0 0 0 153 0 79 0 0 0 0 131 160 7 0 137 0 0 0 197 0 0 0 0 0 0 0 0 0 0 0 0 0 0 0 0 0 0 0 0 0 0 0 0 0 0 0 0 0 105 0 0 0 
0 0 0 0 32 0 0 0 0 0 0 0 0 0 0 0 0 0 31 0 0 0 0 0 0 0 0 0 10 0 115 0 0 0 0 0 0 0 0 0 0 0 0 0 0 0 0 0 14 82 0 0 0 184 0 114 0 63 0 0 0 0 0 0 0 0 0 0 185 0 0 14 0 0 0 0 0 0 0 0 0 0 0 0 0 0 0 0 8 0 0 0 0 0 0 0 0 0 118 0 
187 0 0 0 0 0 0 0 0 0 0 0 0 0 0 0 98 0 0 0 0 18 0 0 0 0 0 0 0 115 0 132 0 0 0 0 0 0 0 0 0 0 0 0 0 0 0 0 0 0 139 0 0 0 0 0 0 0 0 0 0 0 15 0 0 0 0 0 0 0 143 0 0 0 0 0 0 181 0 131 0 0 0 0 162 0 0 0 0 0 0 5 0 0 0 0 121 92 14 0 
0 0 0 0 0 0 0 0 0 0 22 0 54 0 6 60 0 0 0 0 0 0 0 0 0 0 0 0 0 0 132 0 114 0 89 0 0 0 0 0 0 0 0 0 0 0 0 42 0 0 0 0 0 0 0 0 0 0 0 0 0 0 0 0 0 0 0 0 0 0 0 0 179 0 0 89 0 0 0 0 0 0 0 59 0 0 0 0 0 0 138 0 0 0 0 0 0 0 0 0 
0 0 0 0 0 0 0 0 0 0 0 0 0 0 181 0 0 0 158 0 0 0 0 0 0 0 0 21 0 0 0 114 0 0 0 0 0 44 0 0 0 0 114 0 0 0 121 0 0 182 0 0 0 178 0 0 0 0 0 0 0 0 0 0 0 0 151 0 0 0 0 102 0 0 0 0 0 0 7 0 0 0 0 0 0 0 112 0 0 0 0 0 0 0 0 0 156 112 0 0 
0 104 46 0 0 0 0 0 0 0 0 0 0 0 0 0 165 0 0 0 0 0 0 0 41 0 0 0 0 0 0 0 0 0 0 0 0 0 0 0 0 0 0 0 74 0 0 0 0 0 0 0 0 0 0 0 0 0 0 0 0 0 42 0 71 0 183 15 0 58 3 0 0 0 0 0 0 140 123 0 0 0 0 150 0 0 0 0 0 0 0 136 0 0 0 0 0 0 0 0 
0 0 0 177 0 0 0 0 0 0 0 0 0 0 0 121 45 0 0 13 0 0 0 0 0 0 0 0 0 0 0 89 0 0 0 161 0 0 63 0 0 0 83 148 0 0 0 0 54 47 0 0 0 0 0 0 0 0 106 0 0 0 0 0 0 0 0 0 0 0 0 0 0 0 0 0 0 0 0 39 0 0 0 0 0 197 0 0 0 0 0 0 0 0 0 0 28 0 0 0 
0 0 0 0 0 60 0 0 0 0 0 0 0 0 0 163 0 0 0 0 0 0 0 0 0 0 18 0 85 0 0 0 0 0 161 0 0 0 108 107 0 0 0 0 0 0 0 0 0 0 0 0 0 136 0 0 164 0 0 53 0 39 0 0 0 0 0 0 0 0 0 0 0 0 0 0 0 0 0 0 0 0 0 0 0 0 0 0 0 0 0 0 66 0 0 0 0 0 0 0 
37 0 0 0 0 0 0 0 0 0 0 0 0 17 0 0 0 0 0 0 27 0 0 0 50 0 0 0 0 0 0 0 0 0 0 0 0 83 0 0 0 0 0 0 0 0 0 0 0 0 174 0 0 0 0 0 0 0 153 0 0 148 0 194 0 0 0 0 0 0 0 0 177 0 0 67 0 9 0 0 0 0 0 0 0 81 0 0 110 0 0 0 0 0 0 0 0 69 0 0 
122 98 0 0 0 0 0 0 0 21 182 154 0 0 0 0 0 0 0 0 0 0 0 0 0 0 0 0 102 0 0 0 44 0 0 0 83 0 0 0 0 0 0 0 0 0 0 0 0 0 17 0 0 0 0 0 0 0 0 0 0 0 0 0 0 0 0 0 0 0 0 64 0 0 0 0 0 0 147 0 0 41 0 0 0 0 0 0 0 0 0 0 0 0 0 151 0 0 160 12 
0 0 0 0 0 0 0 0 0 0 0 0 0 0 0 0 0 0 0 0 0 0 128 0 0 0 0 76 0 0 0 0 0 0 63 108 0 0 0 0 0 0 0 0 175 0 0 0 0 0 0 0 0 0 0 125 0 0 0 0 0 0 0 0 0 0 0 0 0 0 0 92 0 0 0 0 0 0 0 0 0 0 0 0 0 150 0 0 0 0 0 0 0 0 0 64 0 0 0 0 
0 0 0 0 0 0 0 0 0 0 0 0 0 0 143 0 0 0 0 0 0 0 0 0 81 0 0 0 0 0 0 0 0 0 0 107 0 0 0 0 0 0 0 0 0 0 0 0 0 0 0 0 170 0 0 0 0 0 41 0 0 0 0 0 116 0 0 180 38 0 0 0 0 0 0 87 0 0 0 77 0 0 0 0 0 0 0 0 0 0 0 0 117 0 0 0 0 0 0 0 
0 181 0 139 0 0 0 0 183 0 0 0 0 0 0 0 0 0 0 0 0 0 0 0 0 0 0 0 0 0 0 0 0 0 0 0 0 0 0 0 0 0 0 0 0 0 0 0 0 0 0 0 0 0 0 0 0 0 0 0 0 0 0 0 0 0 0 0 22 0 0 0 117 0 0 0 0 115 0 0 0 0 0 0 0 0 0 0 0 0 0 0 0 28 125 0 0 30 0 0 
109 0 108 0 0 0 0 0 0 0 0 0 0 0 0 0 0 122 0 0 0 0 0 0 0 0 0 110 0 0 0 0 0 0 0 0 0 0 0 0 0 0 0 0 0 0 0 0 0 0 0 134 0 0 0 0 0 0 195 116 0 0 0 173 175 0 187 0 109 0 0 160 0 0 0 0 0 81 0 0 0 0 0 0 0 0 0 0 0 0 0 0 0 175 0 0 0 0 69 0 
0 0 0 0 0 0 0 0 0 0 0 0 0 0 0 0 0 0 0 0 0 0 9 0 0 0 0 0 0 0 0 0 114 0 83 0 0 0 0 0 0 0 0 0 0 0 0 147 0 0 0 0 0 0 0 0 59 0 0 0 0 0 111 0 124 0 0 172 0 0 0 0 0 0 0 0 0 0 0 0 0 0 0 0 0 0 0 109 0 0 0 0 0 0 0 0 0 0 0 0 
157 0 0 0 0 32 0 0 0 0 0 0 0 0 0 0 0 0 0 0 0 0 157 0 0 0 0 0 0 0 0 0 0 0 148 0 0 0 0 0 0 0 0 0 0 0 0 0 64 48 0 0 0 0 0 0 0 0 0 0 0 0 0 0 0 76 0 0 0 0 164 0 50 160 123 0 130 0 0 0 0 0 0 131 0 0 29 0 0 0 0 0 0 0 0 0 0 147 0 0 
0 0 0 0 146 0 0 102 136 0 0 62 0 0 0 0 0 0 0 64 0 0 0 0 0 0 0 70 0 0 0 0 0 74 0 0 0 0 175 0 0 0 0 0 0 175 0 0 0 0 0 0 152 0 0 0 0 0 0 0 0 0 0 0 0 0 0 0 0 0 0 0 0 0 0 0 0 0 0 0 73 0 0 80 0 0 0 0 60 184 0 0 0 0 0 0 0 0 0 0 
0 0 131 150 0 67 0 0 0 0 0 0 85 0 0 0 0 0 87 0 0 0 95 0 0 0 0 0 0 0 0 0 0 0 0 0 0 0 0 0 0 0 0 0 175 0 0 0 0 0 148 0 0 116 0 0 0 0 0 0 0 0 0 0 135 0 0 0 0 133 0 35 0 90 0 0 0 0 89 0 0 0 0 0 0 0 0 0 0 0 0 0 0 0 0 0 0 0 0 0 
0 90 0 0 0 0 0 0 0 0 0 0 0 4 0 0 0 0 0 0 0 0 0 0 0 0 0 78 0 0 0 0 121 0 0 0 0 0 0 0 0 0 0 0 0 0 0 0 0 0 0 0 0 0 0 89 0 0 0 118 0 93 0 0 0 0 0 0 150 0 0 0 0 0 0 0 0 0 0 29 0 0 0 0 0 0 0 0 0 0 0 0 0 0 0 0 0 0 0 0 
0 0 0 0 0 0 12 0 180 0 0 0 0 108 0 0 0 15 0 0 0 0 0 167 0 0 0 0 0 0 0 42 0 0 0 0 0 0 0 0 0 0 147 0 0 0 0 0 0 0 0 0 0 71 0 0 0 0 0 0 12 0 0 0 0 0 0 0 0 0 0 0 0 0 51 0 194 0 0 0 0 0 0 0 0 0 0 0 0 24 0 159 0 0 0 0 0 0 0 0 
0 0 0 0 0 2 0 0 0 40 0 0 0 0 0 0 0 25 0 0 0 0 0 0 0 0 0 0 0 14 0 0 0 0 54 0 0 0 0 0 0 0 0 64 0 0 0 0 0 0 0 0 0 0 0 0 0 0 160 0 0 0 0 0 0 0 0 0 0 0 0 0 0 0 0 128 0 0 197 0 0 0 0 0 0 0 0 0 0 0 0 0 0 0 72 0 0 0 0 172 
0 0 0 0 121 29 0 0 0 0 0 0 0 0 0 0 0 0 0 0 160 0 0 197 0 0 0 0 0 82 0 0 182 0 47 0 0 0 0 0 0 0 0 48 0 0 0 0 0 0 0 0 0 0 0 0 0 0 0 0 0 0 0 0 0 0 0 0 0 63 0 0 0 153 0 0 0 0 0 0 0 0 0 0 0 0 0 0 151 0 0 0 0 0 177 0 0 38 0 0 
0 0 0 0 0 0 181 0 0 0 175 5 0 0 0 0 0 90 0 0 0 0 0 0 87 0 0 0 0 0 139 0 0 0 0 0 174 17 0 0 0 0 0 0 0 148 0 0 0 0 0 0 146 0 0 0 115 0 153 0 0 0 0 0 0 0 0 0 0 0 0 0 0 0 0 79 0 0 0 0 0 0 0 0 0 0 0 0 0 0 0 0 104 0 0 0 0 0 170 0 
0 0 0 0 0 0 0 0 0 0 10 31 124 0 0 0 0 0 0 70 0 0 97 0 0 95 0 0 153 0 0 0 0 0 0 0 0 0 0 0 0 134 0 0 0 0 0 0 0 0 0 0 0 0 0 0 0 0 0 0 0 0 0 108 137 0 0 0 0 0 151 0 0 0 0 0 0 126 0 0 0 0 0 0 0 0 0 43 27 0 165 0 0 0 0 0 0 0 0 0 
151 0 0 0 0 0 0 0 0 0 0 191 0 0 0 0 0 0 0 0 0 0 0 0 0 0 0 104 0 0 0 0 0 0 0 0 0 0 0 170 0 0 0 0 152 0 0 0 0 0 146 0 0 0 0 189 0 112 0 0 0 0 0 0 0 0 0 0 0 0 132 117 0 0 0 0 0 0 0 0 0 0 0 0 0 128 0 0 78 0 179 0 0 0 0 0 0 0 0 0 
0 0 0 0 0 71 0 0 0 0 0 0 0 0 0 0 0 0 184 175 27 0 0 0 0 0 0 0 79 184 0 0 178 0 0 136 0 0 0 0 0 0 0 0 0 116 0 71 0 0 0 0 0 0 30 109 0 178 0 171 0 0 0 0 0 0 0 0 0 0 0 23 0 0 0 0 0 0 0 0 0 0 0 0 0 0 0 0 0 0 0 0 0 0 0 0 0 0 0 0 
0 0 0 0 118 0 0 0 0 0 27 0 96 0 9 79 0 189 0 0 0 0 0 49 0 0 4 0 0 0 0 0 0 0 0 0 0 0 0 0 0 0 0 0 0 0 0 0 0 0 0 0 0 30 0 0 0 0 0 0 0 0 0 0 0 0 0 131 0 89 0 0 161 81 0 0 0 0 0 0 0 0 158 0 0 0 0 0 0 0 0 0 0 0 0 0 0 0 0 148 
0 0 0 0 0 0 0 0 0 0 32 53 0 0 0 0 0 0 0 0 0 0 0 0 0 0 51 0 0 114 0 0 0 0 0 0 0 0 125 0 0 0 0 0 0 0 89 0 0 0 0 0 189 109 0 0 75 0 132 0 0 0 0 0 0 0 0 100 0 0 0 0 0 181 0 81 0 0 0 0 0 71 0 0 0 0 0 0 0 0 0 0 0 0 0 0 192 0 0 0 
0 0 0 0 0 0 0 0 0 0 0 0 0 0 65 0 0 0 0 0 0 0 0 0 0 0 0 0 0 0 0 0 0 0 0 164 0 0 0 0 0 0 59 0 0 0 0 0 0 0 115 0 0 0 0 75 0 0 89 71 27 0 0 0 0 0 0 0 0 0 0 0 0 0 0 0 0 0 0 0 40 0 0 23 0 0 0 0 101 0 0 0 0 0 0 0 0 0 18 0 
0 173 0 0 0 0 0 0 148 0 0 0 0 0 4 0 0 0 0 0 2 0 0 0 0 0 0 0 0 63 0 0 0 0 0 0 0 0 0 0 0 0 0 0 0 0 0 0 0 0 0 0 112 178 0 0 0 0 0 0 0 0 0 0 22 179 0 0 0 0 0 0 0 126 74 0 0 0 0 0 0 0 0 0 196 0 0 0 0 102 0 58 0 141 0 0 0 0 0 0 
0 0 0 0 14 0 0 0 0 0 0 0 0 0 0 0 0 159 0 0 0 0 0 0 0 0 0 0 131 0 0 0 0 0 106 0 153 0 0 41 0 195 0 0 0 0 0 0 160 0 153 0 0 0 0 132 89 0 0 196 0 0 0 0 0 0 0 0 0 0 0 0 0 0 0 0 0 0 0 0 0 0 0 173 0 51 0 0 0 0 0 0 0 0 0 0 0 0 0 189 
0 0 0 0 158 0 0 0 58 0 0 0 0 0 0 0 0 0 0 0 0 0 0 0 0 0 100 0 160 0 0 0 0 0 0 53 0 0 0 0 0 116 0 0 0 0 118 0 0 0 0 0 0 171 0 0 71 0 196 0 153 0 0 0 0 0 0 0 0 0 0 0 0 0 0 52 0 0 0 188 0 0 0 0 0 0 0 0 0 0 0 0 0 0 0 0 0 0 92 43 
143 40 0 0 0 0 0 0 0 0 0 0 0 0 177 0 0 0 0 0 0 0 0 0 0 171 0 0 7 0 0 0 0 0 0 0 0 0 0 0 0 0 0 0 0 0 0 12 0 0 0 0 0 0 0 0 27 0 0 153 0 0 0 0 52 0 0 0 0 0 0 0 100 199 0 0 0 0 0 0 0 0 46 0 0 0 0 0 0 0 0 0 73 0 0 81 0 0 0 67 
0 0 0 0 0 0 0 0 0 0 0 0 62 113 0 0 68 0 0 104 200 0 0 0 0 75 0 0 0 0 0 0 0 0 0 39 148 0 0 0 0 0 0 0 0 0 93 0 0 0 0 0 0 0 0 0 0 0 0 0 0 0 0 0 0 0 34 0 0 0 0 0 0 0 0 0 0 0 0 0 5 65 0 0 0 0 0 0 0 0 180 0 139 0 0 0 0 0 0 0 
0 0 0 0 0 194 0 0 0 0 2 124 0 0 0 0 32 0 0 0 0 24 0 0 0 0 0 0 137 0 15 0 0 42 0 0 0 0 0 0 0 0 111 0 0 0 0 0 0 0 0 0 0 0 0 0 0 0 0 0 0 0 0 66 0 0 0 0 0 0 0 0 0 124 0 0 0 98 0 0 0 0 12 0 83 0 0 0 0 0 0 0 0 0 0 187 0 0 0 0 
0 0 0 0 0 0 0 0 0 0 0 0 0 23 0 0 70 0 0 0 0 0 0 35 0 0 0 0 0 0 0 0 0 0 0 0 194 0 0 0 0 173 0 0 0 0 0 0 0 0 0 108 0 0 0 0 0 0 0 0 0 0 66 0 0 0 0 0 0 0 0 0 28 0 0 148 0 0 0 183 0 0 0 0 0 0 0 0 0 168 0 0 0 0 0 0 0 0 0 0 
0 0 0 0 0 0 0 195 0 81 117 0 0 0 0 142 0 0 0 0 0 0 0 0 0 0 0 0 0 0 0 0 0 71 0 0 0 0 0 116 0 175 124 0 0 135 0 0 0 0 0 137 0 0 0 0 0 22 0 0 52 0 0 0 0 0 0 0 0 0 0 0 157 0 0 0 0 0 0 91 0 0 0 0 0 0 0 0 0 0 0 0 0 0 0 0 0 0 80 0 
0 0 0 0 0 0 57 0 0 0 0 0 0 0 0 0 0 0 92 0 0 0 0 0 0 0 0 0 0 0 0 0 0 0 0 0 0 0 0 0 0 0 0 76 0 0 0 0 0 0 0 0 0 0 0 0 0 179 0 0 0 0 0 0 0 0 0 123 0 0 0 0 0 189 0 0 0 0 0 13 0 0 0 0 41 185 0 0 0 0 0 82 0 0 0 0 0 169 0 117 
160 0 0 0 0 0 0 0 0 0 0 68 0 0 0 0 41 0 0 0 0 0 0 0 0 0 0 0 197 0 0 0 151 183 0 0 0 0 0 0 0 187 0 0 0 0 0 0 0 0 0 0 0 0 0 0 0 0 0 0 0 34 0 0 0 0 0 0 0 0 0 0 0 0 0 0 0 0 0 0 0 0 0 0 0 0 0 0 0 0 0 0 192 0 0 0 0 0 0 0 
0 0 0 59 0 0 0 0 0 0 0 0 0 10 25 0 0 0 0 0 0 150 0 0 0 0 0 0 0 0 0 0 0 15 0 0 0 0 0 180 0 0 172 0 0 0 0 0 0 0 0 0 0 0 131 100 0 0 0 0 0 0 0 0 0 123 0 0 17 0 0 0 0 0 108 0 103 0 0 0 0 0 0 0 0 0 0 0 0 54 0 169 0 0 0 0 0 0 0 0 
0 0 0 144 0 32 0 145 0 0 0 0 157 0 0 0 0 0 0 0 0 0 5 7 0 0 0 0 0 185 0 0 0 0 0 0 0 0 0 38 22 109 0 0 0 0 150 0 0 0 0 0 0 0 0 0 0 0 0 0 0 0 0 0 0 0 0 17 0 0 0 0 0 0 0 0 0 0 0 0 101 0 0 0 0 0 0 0 0 0 0 0 0 0 0 0 0 0 0 0 
194 0 0 0 0 0 0 0 0 0 0 0 0 0 0 0 0 0 0 0 0 0 0 0 0 165 31 0 0 0 0 0 0 58 0 0 0 0 0 0 0 0 0 0 0 133 0 0 0 63 0 0 0 0 89 0 0 0 0 0 0 0 0 0 0 0 0 0 0 0 0 0 0 0 0 0 0 0 0 0 85 90 0 131 0 81 0 0 0 0 26 98 0 0 0 4 0 0 0 0 
145 0 0 0 0 0 0 98 0 0 0 0 0 68 0 0 0 0 0 0 0 64 0 0 0 0 0 0 0 0 143 0 0 3 0 0 0 0 0 0 0 0 0 164 0 0 0 0 0 0 0 151 132 0 0 0 0 0 0 0 0 0 0 0 0 0 0 0 0 0 0 89 199 0 16 0 0 0 0 0 0 0 0 0 0 0 0 0 0 0 0 122 0 0 0 194 0 0 0 0 
0 121 75 0 0 0 0 0 0 0 0 0 0 0 0 0 0 0 0 0 0 0 0 0 0 0 0 0 0 14 0 0 102 0 0 0 0 64 92 0 0 160 0 0 0 35 0 0 0 0 0 0 117 23 0 0 0 0 0 0 0 0 0 0 0 0 0 0 0 0 89 0 0 180 0 0 0 0 0 0 0 0 0 0 138 0 0 0 0 0 0 0 0 0 93 170 0 0 0 0 
0 0 0 0 0 0 0 0 0 0 0 0 0 0 44 0 0 0 0 0 0 106 0 140 0 0 0 0 0 0 0 179 0 0 0 0 177 0 0 0 117 0 0 50 0 0 0 0 0 0 0 0 0 0 161 0 0 0 0 0 100 0 0 28 157 0 0 0 0 0 199 0 0 0 0 0 0 0 0 0 114 0 0 0 0 0 0 0 0 189 0 0 0 0 189 0 0 0 0 0 
0 0 0 0 51 0 0 0 0 0 0 0 95 0 0 0 0 0 0 0 0 0 0 0 0 0 0 0 0 0 0 0 0 0 0 0 0 0 0 0 0 0 0 160 0 90 0 0 0 153 0 0 0 0 81 181 0 126 0 0 199 0 124 0 0 189 0 0 0 0 0 180 0 0 0 0 0 0 49 0 11 0 0 0 0 0 0 54 0 0 0 0 0 0 0 0 0 0 0 0 
0 91 0 0 0 0 0 158 0 180 0 0 0 0 0 0 0 0 0 0 0 17 0 0 0 0 0 0 0 0 0 0 0 0 0 0 0 0 0 0 0 0 0 123 0 0 0 51 0 0 0 0 0 0 0 0 0 74 0 0 0 0 0 0 0 0 0 108 0 0 16 0 0 0 0 0 0 0 85 0 0 0 0 0 0 0 0 15 0 0 0 103 0 0 0 0 0 0 0 0 
0 0 0 0 0 0 0 0 0 0 0 0 0 0 0 0 0 0 0 0 132 0 0 0 139 0 77 0 0 0 0 89 0 0 0 0 67 0 0 87 0 0 0 0 0 0 0 0 128 0 79 0 0 0 0 81 0 0 0 52 0 0 0 148 0 0 0 0 0 0 0 0 0 0 0 0 0 0 0 0 0 0 179 0 0 0 0 0 0 0 20 0 0 0 0 0 0 0 0 0 
0 0 0 0 0 0 0 0 158 0 0 0 0 0 0 21 0 0 0 0 0 44 0 0 0 162 0 0 0 0 0 0 0 0 0 0 0 0 0 0 0 0 0 130 0 0 0 194 0 0 0 0 0 0 0 0 0 0 0 0 0 0 0 0 0 0 0 103 0 0 0 0 0 0 0 0 0 0 0 34 0 0 0 0 0 0 94 0 0 198 0 0 0 0 0 0 0 0 0 0 
0 0 0 0 0 154 116 0 0 0 0 0 0 0 0 0 0 0 0 0 0 0 0 126 0 0 0 0 0 0 181 0 0 140 0 0 9 0 0 0 115 81 0 0 0 0 0 0 0 0 0 126 0 0 0 0 0 0 0 0 0 0 98 0 0 0 0 0 0 0 0 0 0 0 0 0 0 0 0 0 0 0 0 0 0 0 0 0 0 0 150 0 0 0 0 0 146 0 67 0 
0 0 0 0 120 0 0 0 0 0 0 0 0 0 0 0 0 0 0 0 0 0 41 99 0 159 0 0 0 0 0 0 7 123 0 0 0 147 0 0 0 0 0 0 0 89 0 0 197 0 0 0 0 0 0 0 0 0 0 0 0 0 0 0 0 0 0 0 0 0 0 0 0 49 85 0 0 0 0 0 0 0 169 0 0 0 14 0 0 0 0 0 0 0 0 0 0 0 0 0 
86 0 0 0 0 0 0 0 85 0 0 0 0 0 0 0 0 0 22 0 155 0 0 0 0 0 0 0 0 0 131 0 0 0 39 0 0 0 0 77 0 0 0 0 0 0 29 0 0 0 0 0 0 0 0 0 0 0 0 188 0 0 0 183 91 13 0 0 0 0 0 0 0 0 0 0 34 0 0 0 0 0 0 0 0 197 0 0 0 36 0 0 0 0 0 0 0 0 0 0 
0 0 0 95 196 0 44 0 168 0 0 0 0 0 0 0 0 0 0 0 0 0 0 0 0 0 0 0 0 0 0 0 0 0 0 0 0 0 0 0 0 0 0 0 73 0 0 0 0 0 0 0 0 0 0 0 40 0 0 0 0 5 0 0 0 0 0 0 101 85 0 0 114 11 0 0 0 0 0 0 0 147 0 0 0 0 0 0 163 0 0 0 0 59 0 148 0 0 0 0 
0 86 0 0 0 0 0 0 0 0 0 0 0 0 167 0 0 0 0 109 0 135 0 63 0 0 0 0 0 0 0 0 0 0 0 0 0 41 0 0 0 0 0 0 0 0 0 0 0 0 0 0 0 0 0 71 0 0 0 0 0 65 0 0 0 0 0 0 0 90 0 0 0 0 0 0 0 0 0 0 147 0 0 0 0 0 0 187 164 0 0 0 0 0 0 0 155 0 0 0 
0 128 0 11 0 0 0 0 0 0 0 0 0 0 0 39 0 0 0 0 0 0 0 17 5 0 0 0 0 0 0 0 0 0 0 0 0 0 0 0 0 0 0 0 0 0 0 0 0 0 0 0 0 0 158 0 0 0 0 0 46 0 12 0 0 0 0 0 0 0 0 0 0 0 0 179 0 0 169 0 0 0 0 0 0 0 0 0 0 0 0 0 0 0 0 0 0 0 0 0 
0 0 0 0 0 0 0 0 0 0 0 0 0 0 0 0 0 0 0 0 119 0 0 0 0 0 0 0 0 0 0 59 0 150 0 0 0 0 0 0 0 0 0 131 80 0 0 0 0 0 0 0 0 0 0 0 23 0 173 0 0 0 0 0 0 0 0 0 0 131 0 0 0 0 0 0 0 0 0 0 0 0 0 0 20 0 24 0 0 0 0 0 0 0 0 0 0 0 0 0 
0 0 0 0 146 0 0 0 190 17 0 0 0 0 0 0 0 0 0 0 0 0 0 47 0 149 94 0 0 0 162 0 0 0 0 0 0 0 0 0 0 0 0 0 0 0 0 0 0 0 0 0 0 0 0 0 0 196 0 0 0 0 83 0 0 41 0 0 0 0 0 138 0 0 0 0 0 0 0 0 0 0 0 20 0 0 0 105 0 0 79 0 0 194 0 0 0 0 0 0 
0 49 0 0 0 0 0 200 0 0 0 0 0 0 22 0 0 0 0 0 0 0 0 0 26 151 0 0 0 0 0 0 0 0 197 0 81 0 150 0 0 0 0 0 0 0 0 0 0 0 0 0 128 0 0 0 0 0 51 0 0 0 0 0 0 185 0 0 0 81 0 0 0 0 0 0 0 0 0 197 0 0 0 0 0 0 0 0 0 23 0 0 0 0 0 0 198 0 0 0 
0 47 0 0 0 0 0 0 0 0 0 0 0 0 0 72 0 0 0 0 0 0 0 0 0 0 0 0 0 0 0 0 112 0 0 0 0 0 0 0 0 0 0 29 0 0 0 0 0 0 0 0 0 0 0 0 0 0 0 0 0 0 0 0 0 0 0 0 0 0 0 0 0 0 0 0 94 0 14 0 0 0 0 24 0 0 0 0 0 0 0 0 0 0 0 0 0 0 0 0 
0 0 187 0 0 53 0 75 0 0 0 0 0 0 0 0 0 0 0 0 0 0 57 0 0 0 24 0 0 0 0 0 0 0 0 0 0 0 0 0 0 0 109 0 0 0 0 0 0 0 0 43 0 0 0 0 0 0 0 0 0 0 0 0 0 0 0 0 0 0 0 0 0 54 15 0 0 0 0 0 0 187 0 0 105 0 0 0 0 30 0 0 0 0 86 0 0 0 192 0 
178 0 0 0 0 0 0 0 0 0 0 0 123 0 0 0 0 0 0 0 0 0 0 0 0 0 0 0 0 8 0 0 0 0 0 0 110 0 0 0 0 0 0 0 60 0 0 0 0 151 0 27 78 0 0 0 101 0 0 0 0 0 0 0 0 0 0 0 0 0 0 0 0 0 0 0 0 0 0 0 163 164 0 0 0 0 0 0 0 0 0 51 0 0 123 159 0 0 0 22 
0 0 0 32 0 0 0 0 0 0 0 0 0 97 0 0 0 0 0 176 0 0 0 0 155 0 0 0 0 0 0 0 0 0 0 0 0 0 0 0 0 0 0 0 184 0 0 24 0 0 0 0 0 0 0 0 0 102 0 0 0 0 0 168 0 0 0 54 0 0 0 0 189 0 0 0 198 0 0 36 0 0 0 0 0 23 0 30 0 0 0 0 0 191 0 0 0 0 0 0 
0 0 0 0 0 0 0 0 0 65 187 0 0 0 0 0 36 91 0 0 0 0 0 0 0 0 0 0 0 0 0 138 0 0 0 0 0 0 0 0 0 0 0 0 0 0 0 0 0 0 0 165 179 0 0 0 0 0 0 0 0 180 0 0 0 0 0 0 0 26 0 0 0 0 0 20 0 150 0 0 0 0 0 0 79 0 0 0 0 0 0 0 141 0 0 0 0 0 0 138 
0 0 0 27 0 0 0 0 0 0 0 0 0 0 0 55 123 0 174 0 0 0 25 0 0 0 0 0 0 0 5 0 0 136 0 0 0 0 0 0 0 0 0 0 0 0 0 159 0 0 0 0 0 0 0 0 0 58 0 0 0 0 0 0 0 82 0 169 0 98 122 0 0 0 103 0 0 0 0 0 0 0 0 0 0 0 0 0 51 0 0 0 0 0 0 0 0 0 0 0 
0 0 0 0 0 0 0 0 0 0 0 29 0 0 0 0 0 0 19 0 0 0 0 0 0 0 0 0 0 0 0 0 0 0 0 66 0 0 0 117 0 0 0 0 0 0 0 0 0 0 104 0 0 0 0 0 0 0 0 0 73 139 0 0 0 0 192 0 0 0 0 0 0 0 0 0 0 0 0 0 0 0 0 0 0 0 0 0 0 0 141 0 0 133 0 0 0 0 0 0 
0 0 44 0 0 0 0 183 0 0 0 0 0 0 0 194 0 0 0 0 29 0 0 0 0 0 0 0 0 0 0 0 0 0 0 0 0 0 0 0 28 175 0 0 0 0 0 0 0 0 0 0 0 0 0 0 0 141 0 0 0 0 0 0 0 0 0 0 0 0 0 0 0 0 0 0 0 0 0 0 59 0 0 0 194 0 0 0 0 191 0 0 133 0 162 0 157 59 42 0 
0 0 0 0 0 0 0 0 0 0 0 0 0 0 0 0 0 0 0 0 192 0 0 0 0 0 0 0 0 0 0 0 0 0 0 0 0 0 0 0 125 0 0 0 0 0 0 0 72 177 0 0 0 0 0 0 0 0 0 0 0 0 0 0 0 0 0 0 0 0 0 93 189 0 0 0 0 0 0 0 0 0 0 0 0 0 0 86 123 0 0 0 0 162 0 0 67 0 0 0 
0 0 0 0 118 0 0 0 0 112 0 45 82 0 0 0 0 0 0 0 0 0 0 0 0 0 0 170 0 0 0 0 0 0 0 0 0 151 64 0 0 0 0 0 0 0 0 0 0 0 0 0 0 0 0 0 0 0 0 0 81 0 187 0 0 0 0 0 0 4 194 170 0 0 0 0 0 0 0 0 148 0 0 0 0 0 0 0 159 0 0 0 0 0 0 0 0 0 0 89 
0 0 70 0 0 0 63 122 0 0 0 0 0 0 68 0 0 0 0 0 0 162 0 0 0 0 0 0 105 0 121 0 156 0 28 0 0 0 0 0 0 0 0 0 0 0 0 0 0 0 0 0 0 0 0 192 0 0 0 0 0 0 0 0 0 0 0 0 0 0 0 0 0 0 0 0 0 146 0 0 0 155 0 0 0 198 0 0 0 0 0 0 0 157 67 0 0 0 0 0 
0 0 0 0 0 0 174 0 0 0 0 0 0 0 0 0 0 0 0 151 0 0 0 0 0 0 0 174 0 0 92 0 112 0 0 0 69 0 0 0 30 0 0 147 0 0 0 0 0 38 0 0 0 0 0 0 0 0 0 0 0 0 0 0 0 169 0 0 0 0 0 0 0 0 0 0 0 0 0 0 0 0 0 0 0 0 0 0 0 0 0 0 0 59 0 0 0 0 0 0 
0 0 0 0 0 7 0 66 0 0 0 0 0 158 0 0 0 0 0 0 0 0 60 0 0 0 0 0 0 118 14 0 0 0 0 0 0 160 0 0 0 69 0 0 0 0 0 0 0 0 170 0 0 0 0 0 18 0 0 92 0 0 0 0 80 0 0 0 0 0 0 0 0 0 0 0 0 67 0 0 0 0 0 0 0 0 0 192 0 0 0 0 0 42 0 0 0 0 0 0 
0 0 0 0 0 0 149 0 0 0 0 49 57 0 0 0 141 0 0 0 0 0 0 0 8 0 0 0 0 0 0 0 0 0 0 0 0 12 0 0 0 0 0 0 0 0 0 0 172 0 0 0 0 0 148 0 0 0 189 43 67 0 0 0 0 117 0 0 0 0 0 0 0 0 0 0 0 0 0 0 0 0 0 0 0 0 0 0 22 0 138 0 0 0 0 89 0 0 0 0 
