0 0 0 63 45 99 60 80 0 79 73 0 26 0 0 5 34 71 0 0 0 93 25 36 0 8 0 0 69 98 54 0 54 23 0 17 67 92 22 75 52 0 86 75 0 67 4 0 30 59 0 100 0 0 0 0 0 39 0 34 0 47 0 72 0 32 63 0 0 0 0 0 0 0 0 30 0 0 0 0 0 48 0 0 0 0 0 90 44 0 5 0 0 74 0 97 0 0 0 0 
0 0 0 45 0 91 0 92 90 68 0 0 24 56 64 41 0 0 0 6 14 0 0 0 0 85 72 13 0 0 0 0 0 0 0 26 33 0 0 58 61 59 0 0 79 41 0 0 0 0 0 0 21 89 71 0 0 0 0 88 0 0 0 48 20 91 0 35 24 0 0 0 0 26 52 0 95 43 0 5 74 67 0 0 90 14 0 0 0 56 66 0 0 35 0 97 16 5 0 53 
0 0 0 0 0 28 0 0 0 0 0 0 73 90 33 0 0 0 0 64 0 0 0 88 0 77 47 18 0 0 74 0 17 29 0 39 0 58 7 0 64 10 13 0 0 44 15 0 0 18 61 0 0 25 46 0 0 67 78 0 0 0 0 2 0 0 0 0 57 0 0 0 0 0 0 82 48 49 0 0 0 0 0 0 0 0 74 0 71 0 0 0 8 0 0 81 33 0 48 97 
63 45 0 0 0 0 91 0 90 0 0 0 0 78 0 0 31 18 86 75 0 0 25 56 0 11 83 80 14 86 0 78 0 0 15 98 86 81 64 0 0 80 0 0 16 57 17 74 0 62 72 82 0 0 75 50 11 0 0 0 49 11 0 0 0 9 0 76 0 0 0 0 60 0 0 0 54 0 16 64 22 41 0 44 81 0 0 40 2 0 0 99 0 0 0 34 15 0 0 0 
45 0 0 0 0 33 0 4 0 0 0 88 45 0 25 0 0 0 100 41 90 0 0 0 86 94 87 55 0 0 0 89 0 0 90 0 23 0 0 32 52 60 0 0 91 74 12 90 84 0 0 41 0 75 0 61 0 0 0 47 0 71 0 4 0 0 0 0 0 87 0 0 0 0 0 0 0 31 81 0 0 17 31 51 0 97 48 63 0 0 0 81 0 43 40 43 0 79 9 0 
99 91 28 0 33 0 0 30 86 0 0 57 0 47 0 0 62 39 0 0 0 0 0 42 99 44 0 0 0 18 18 46 0 46 0 0 48 0 32 0 0 0 10 4 73 0 0 0 6 0 0 0 79 0 0 42 100 0 8 33 13 0 25 71 99 0 72 0 0 78 52 61 16 0 31 58 0 0 0 0 0 0 39 70 0 0 0 0 69 0 0 0 0 0 0 0 38 0 0 23 
60 0 0 91 0 0 0 0 0 95 0 0 0 0 51 67 16 0 0 8 47 6 55 0 0 0 60 6 57 21 0 12 75 73 18 0 0 0 1 0 59 7 61 31 0 18 99 0 89 0 0 51 93 98 0 89 0 0 77 0 87 71 40 0 18 0 0 59 22 0 43 80 0 0 0 0 53 57 0 0 60 0 32 0 0 0 0 97 0 0 0 0 0 0 0 0 0 0 90 0 
80 92 0 0 4 30 0 0 0 0 61 0 8 0 0 55 46 0 0 69 0 50 31 3 0 0 0 0 33 0 88 0 86 0 87 0 58 0 0 0 0 66 11 50 62 0 0 23 0 0 0 73 0 0 42 0 31 86 55 67 0 11 60 50 0 57 0 0 0 0 0 12 100 69 89 6 0 0 19 0 33 9 88 0 0 4 0 45 0 55 80 100 0 0 0 47 0 0 0 2 
0 90 0 90 0 86 0 0 0 0 6 0 0 0 15 37 29 0 53 0 23 100 0 47 0 0 46 0 2 18 0 6 0 85 0 0 0 67 36 0 0 63 41 61 0 0 18 50 0 11 0 0 32 13 8 4 0 10 0 58 56 0 60 10 0 0 39 0 96 0 61 54 93 45 0 0 0 20 0 47 0 31 44 0 21 57 0 33 42 0 0 0 0 0 0 0 75 0 44 5 
79 68 0 0 0 0 95 0 0 0 0 0 19 9 0 0 0 16 34 0 11 14 0 0 0 0 0 0 0 0 0 8 0 0 21 0 0 0 0 0 0 74 0 50 45 0 0 100 56 0 0 2 34 0 0 13 92 0 74 0 0 0 0 15 45 0 28 1 0 29 80 0 15 0 10 68 0 90 85 0 0 13 57 66 2 0 0 0 38 50 74 73 80 0 0 66 5 96 76 0 
73 0 0 0 0 0 0 61 6 0 0 0 19 0 59 0 16 36 53 0 47 0 48 0 41 17 14 55 0 0 0 0 0 0 0 64 0 0 4 0 0 0 46 0 65 96 0 31 50 12 35 0 0 48 0 90 91 0 0 7 44 0 0 0 0 0 0 12 77 50 86 76 93 0 0 0 0 90 0 95 66 0 0 0 30 0 0 0 64 52 53 0 0 0 0 0 0 0 71 0 
0 0 0 0 88 57 0 0 0 0 0 0 0 60 0 0 5 0 59 0 0 100 0 71 0 0 0 0 0 46 66 0 0 34 85 72 0 0 0 0 24 0 44 0 0 70 37 75 0 76 48 0 0 0 0 92 95 51 59 23 0 0 0 0 0 34 83 0 71 0 10 0 94 0 20 1 0 74 58 14 0 12 0 2 43 0 12 0 11 0 23 82 92 0 32 87 0 0 0 6 
26 24 73 0 45 0 0 8 0 19 19 0 0 0 0 17 28 98 79 1 0 0 72 73 0 0 89 0 0 0 57 0 85 0 0 91 0 95 0 73 76 16 0 47 37 0 0 43 0 0 0 0 0 5 0 0 18 0 0 18 0 98 76 0 0 23 0 0 0 32 0 0 2 23 65 0 0 52 0 0 0 26 99 0 0 0 100 0 0 0 76 0 0 0 0 0 20 0 0 4 
0 56 90 78 0 47 0 0 0 9 0 60 0 0 39 0 0 68 75 16 0 0 17 41 0 0 0 46 0 0 0 59 72 3 0 0 0 0 83 0 0 68 81 0 23 87 0 67 68 0 0 0 0 0 15 27 36 49 26 32 80 14 0 0 37 88 29 93 0 0 72 0 53 56 38 31 0 69 59 72 5 0 0 0 0 0 0 0 0 0 0 64 97 73 0 0 1 24 39 0 
0 64 33 0 25 0 51 0 15 0 59 0 0 39 0 0 0 37 21 0 4 0 0 87 0 39 0 87 0 0 59 0 0 41 44 0 88 0 45 98 0 37 0 10 0 47 0 58 80 0 0 73 0 0 63 88 0 0 0 15 0 0 0 0 0 0 0 18 47 0 0 0 83 98 0 39 7 64 59 5 0 0 0 36 0 57 0 0 67 15 0 0 0 0 0 0 0 73 40 65 
5 41 0 0 0 0 67 55 37 0 0 0 17 0 0 0 0 0 0 0 0 21 74 74 39 17 0 0 88 0 0 0 0 0 0 88 58 0 32 48 51 22 0 0 0 0 60 0 7 0 0 0 0 11 0 0 0 35 0 25 15 0 76 22 75 0 69 0 100 88 3 99 54 0 34 46 30 0 0 5 0 0 0 63 22 43 90 0 95 0 89 46 0 0 0 72 0 100 0 94 
34 0 0 31 0 62 16 46 29 0 16 5 28 0 0 0 0 51 93 0 33 45 0 81 53 0 0 0 12 0 0 38 0 98 100 93 0 0 0 0 44 0 0 87 0 0 0 0 0 0 0 0 59 76 75 0 0 55 0 0 42 26 0 36 0 0 0 13 0 0 0 55 0 0 0 0 0 65 29 76 0 95 0 0 0 54 0 62 0 90 0 10 0 0 0 80 92 0 63 19 
71 0 0 18 0 39 0 0 0 16 36 0 98 68 37 0 51 0 23 21 67 17 10 0 0 0 18 0 0 0 54 0 2 39 0 0 73 0 20 92 0 9 0 27 0 0 0 13 0 12 0 39 0 0 0 0 51 30 37 0 47 36 8 0 48 52 71 0 0 0 15 59 0 82 76 18 0 0 81 82 53 0 0 64 81 0 0 0 0 0 0 49 0 0 0 27 0 0 98 81 
0 0 0 86 100 0 0 0 53 34 53 59 79 75 21 0 93 23 0 39 66 48 0 83 0 0 15 0 0 19 44 67 9 31 0 0 0 97 75 22 10 0 8 0 0 0 0 55 90 0 0 9 0 0 0 22 0 0 72 0 0 0 88 0 0 96 0 81 0 0 28 2 0 4 47 4 0 59 0 0 0 0 55 0 0 27 0 66 13 0 0 0 0 0 0 14 20 91 54 0 
0 6 64 75 41 0 8 69 0 0 0 0 1 16 0 0 0 21 39 0 8 0 0 0 0 22 0 12 88 0 73 11 0 0 0 89 29 33 0 0 83 0 30 0 3 95 0 0 23 0 0 11 0 0 0 59 0 26 0 0 59 43 23 0 0 0 0 0 47 0 78 0 0 0 29 29 0 0 75 97 0 0 0 0 0 100 0 0 0 0 0 8 69 0 33 76 0 71 0 0 
0 14 0 0 90 0 47 0 23 11 47 0 0 0 4 0 33 67 66 8 0 60 0 27 0 69 0 64 0 0 0 23 0 0 0 0 0 0 0 0 56 0 0 0 9 0 0 39 0 0 0 0 0 0 39 0 63 24 43 56 81 0 56 25 39 0 0 0 0 94 88 22 31 57 0 0 0 0 48 0 99 0 11 0 0 25 23 0 14 0 38 69 25 0 71 40 53 91 0 0 
93 0 0 0 0 0 6 50 100 14 0 100 0 0 0 21 45 17 48 0 60 0 9 0 0 0 0 22 60 66 22 91 0 0 0 63 18 0 90 0 0 95 46 26 0 0 99 28 77 0 27 0 0 0 35 74 0 0 0 0 1 0 0 0 42 0 0 80 65 0 69 0 0 25 23 0 27 1 0 91 81 0 71 35 2 100 0 87 0 0 0 0 66 0 87 82 0 0 0 0 
25 0 0 25 0 0 55 31 0 0 48 0 72 17 0 74 0 10 0 0 0 9 0 0 75 0 3 73 0 0 0 49 0 0 0 0 67 0 0 0 65 0 58 0 30 0 0 40 98 0 0 88 0 6 6 0 53 5 77 0 0 52 52 0 94 0 64 56 7 0 0 0 0 27 0 67 0 85 0 0 35 12 0 87 0 99 0 0 24 4 0 32 0 12 0 0 45 0 0 74 
36 0 88 56 0 42 0 3 47 0 0 71 73 41 87 74 81 0 83 0 27 0 0 0 0 8 100 0 0 23 0 0 0 0 0 42 0 65 0 77 58 0 90 0 0 0 0 3 32 40 66 29 47 66 0 8 0 39 0 20 0 88 90 8 19 0 0 70 29 0 0 0 55 0 0 0 0 0 0 8 0 0 0 9 0 0 56 1 0 0 34 0 0 0 0 0 95 0 0 0 
0 0 0 0 86 99 0 0 0 0 41 0 0 0 0 39 53 0 0 0 0 0 75 0 0 20 12 0 0 76 0 62 0 0 0 39 81 36 0 58 0 0 0 0 0 0 65 0 0 0 15 3 0 51 0 0 0 0 0 0 33 23 0 33 11 0 0 0 92 0 54 28 0 0 31 0 0 0 48 47 0 0 0 84 0 0 0 0 0 0 0 0 0 0 0 95 0 69 0 0 
8 85 77 11 94 44 0 0 0 0 17 0 0 0 39 17 0 0 0 22 69 0 0 8 20 0 0 58 43 0 0 0 0 0 56 0 0 0 0 0 0 22 0 0 90 0 50 0 38 71 49 3 85 0 83 0 0 0 0 0 0 36 90 0 30 0 0 0 65 0 29 64 88 38 0 36 52 0 0 0 28 0 0 0 8 0 73 0 0 0 33 0 15 54 69 0 28 0 99 3 
0 72 47 83 87 0 60 0 46 0 14 0 89 0 0 0 0 18 15 0 0 0 3 100 12 0 0 0 0 3 0 56 0 0 76 26 0 24 0 7 42 0 65 81 37 0 89 41 21 0 0 0 85 0 4 0 15 0 17 0 0 0 71 0 88 0 0 74 65 0 0 56 45 0 46 0 0 0 66 0 83 91 0 77 0 0 0 0 2 95 0 0 0 50 0 0 0 0 0 47 
0 13 18 80 55 0 6 0 0 0 55 0 0 46 87 0 0 0 0 12 64 22 73 0 0 58 0 0 0 0 28 0 0 0 43 84 83 0 49 53 74 0 36 0 0 0 0 0 0 0 0 33 87 29 99 59 0 0 0 0 77 2 0 0 51 0 0 0 75 0 0 95 0 56 83 29 9 0 18 0 70 0 0 49 15 0 0 0 68 26 70 13 72 0 23 32 0 0 86 89 
69 0 0 14 0 0 57 33 2 0 0 0 0 0 0 88 12 0 0 88 0 60 0 0 0 43 0 0 0 49 58 18 52 0 26 0 22 0 41 61 24 6 0 0 10 0 83 0 0 0 48 89 90 0 0 8 53 0 0 0 0 0 0 26 21 77 33 33 79 8 0 0 0 0 0 0 0 0 78 84 75 0 0 0 0 0 13 77 31 0 24 0 58 46 75 0 89 14 49 0 
98 0 0 86 0 18 21 0 18 0 0 46 0 0 0 0 0 0 19 0 0 66 0 23 76 0 3 0 49 0 0 52 0 44 0 0 0 0 0 0 0 0 0 24 84 0 0 0 46 0 77 0 0 77 0 87 0 0 0 0 0 0 0 0 0 89 23 0 0 0 0 52 0 28 1 0 0 38 0 87 99 45 0 20 0 81 0 0 62 0 0 0 13 0 67 0 55 34 0 59 
54 0 74 0 0 18 0 88 0 0 0 66 57 0 59 0 0 54 44 73 0 22 0 0 0 0 0 28 58 0 0 0 60 25 0 0 0 0 0 0 0 0 80 70 0 74 0 0 77 0 95 33 54 54 82 84 0 0 75 0 0 0 36 0 45 0 0 0 43 73 35 0 0 33 75 70 54 0 67 0 0 18 0 0 62 0 16 39 0 0 0 31 0 42 58 96 74 0 0 94 
0 0 0 78 89 46 12 0 6 8 0 0 0 59 0 0 38 0 67 11 23 91 49 0 62 0 56 0 18 52 0 0 0 0 10 8 0 27 0 9 0 98 57 0 85 71 0 62 0 84 0 4 16 55 0 46 86 81 0 0 40 28 0 58 0 0 0 30 0 0 79 72 73 0 73 0 0 76 11 25 0 0 0 62 0 0 0 44 0 87 73 0 0 0 52 0 0 98 0 0 
54 0 17 0 0 0 75 86 0 0 0 0 85 72 0 0 0 2 9 0 0 0 0 0 0 0 0 0 52 0 60 0 0 0 0 0 15 63 0 0 0 0 91 0 0 23 74 0 0 0 0 0 0 0 14 0 50 0 0 33 37 0 6 47 16 0 15 78 0 0 0 80 0 0 82 0 0 0 0 0 0 0 3 68 21 0 71 15 0 0 40 0 15 43 39 0 59 35 4 3 
23 0 29 0 0 46 73 0 85 0 0 34 0 3 41 0 98 39 31 0 0 0 0 0 0 0 0 0 0 44 25 0 0 0 0 0 87 0 0 71 0 83 82 54 28 17 30 61 0 59 0 0 0 0 0 0 63 0 84 85 68 27 0 65 97 0 0 0 8 20 0 73 9 0 0 41 0 43 5 51 27 55 0 78 71 0 0 15 0 73 38 0 0 37 0 0 0 0 15 0 
0 0 0 15 90 0 18 87 0 21 0 85 0 0 44 0 100 0 0 0 0 0 0 0 0 56 76 43 26 0 0 10 0 0 0 0 42 39 82 19 0 0 0 32 10 0 0 31 56 16 51 92 0 70 0 0 0 0 86 0 0 57 76 0 60 3 16 38 0 76 96 0 33 87 31 41 55 54 79 0 0 0 0 21 0 65 0 0 0 0 81 0 0 0 62 26 23 0 15 0 
17 26 39 98 0 0 0 0 0 0 64 72 91 0 0 88 93 0 0 89 0 63 0 42 39 0 26 84 0 0 0 8 0 0 0 0 84 0 0 0 43 85 3 0 3 8 0 17 0 70 0 0 96 84 0 0 0 93 0 0 96 0 0 0 0 66 33 0 0 60 74 89 0 0 0 27 24 0 0 62 13 4 58 50 6 30 34 43 45 0 0 0 0 0 0 5 0 0 0 0 
67 33 0 86 23 48 0 58 0 0 0 0 0 0 88 58 0 73 0 29 0 18 67 0 81 0 0 83 22 0 0 0 15 87 42 84 0 0 0 0 19 0 0 0 0 71 0 0 7 0 0 0 72 20 69 0 0 35 0 0 0 0 71 0 0 0 71 94 30 0 0 0 0 13 0 0 50 87 0 48 0 0 6 58 0 0 0 0 33 45 0 0 0 0 0 0 16 32 0 0 
92 0 58 81 0 0 0 0 67 0 0 0 95 0 0 0 0 0 97 33 0 0 0 65 36 0 24 0 0 0 0 27 63 0 39 0 0 0 18 97 0 69 86 0 0 0 42 7 68 19 0 0 0 0 0 0 43 0 0 16 0 2 90 0 0 22 15 91 0 0 0 46 0 0 31 83 0 92 0 72 0 24 0 0 0 0 0 0 0 0 63 61 0 0 0 14 73 50 0 81 
22 0 7 64 0 32 1 0 36 0 4 0 0 83 45 32 0 20 75 0 0 90 0 0 0 0 0 49 41 0 0 0 0 0 82 0 0 18 0 0 0 0 43 18 89 18 43 0 51 0 73 0 79 68 0 0 0 0 0 0 0 0 14 0 0 0 4 40 0 51 0 0 28 0 0 12 38 0 0 0 40 91 0 0 16 85 0 0 0 52 29 64 48 14 0 60 92 64 14 67 
75 58 0 0 32 0 0 0 0 0 0 0 73 0 98 48 0 92 22 0 0 0 0 77 58 0 7 53 61 0 0 9 0 71 19 0 0 97 0 0 97 4 0 0 0 68 72 0 0 0 0 100 53 0 0 0 99 28 0 23 0 0 39 10 0 0 0 17 0 0 0 21 0 0 33 48 45 0 0 0 45 0 0 71 18 0 0 0 0 0 0 73 17 66 0 42 0 0 0 0 
52 61 64 0 52 0 59 0 0 0 0 24 76 0 0 51 44 0 10 83 56 0 65 58 0 0 42 74 24 0 0 0 0 0 0 43 19 0 0 97 0 60 69 54 0 0 0 0 0 4 19 80 38 0 0 0 0 0 0 4 24 0 43 54 89 93 59 0 0 0 84 0 2 0 22 27 17 22 0 0 13 21 0 0 0 0 0 0 51 0 0 75 96 75 74 63 0 0 0 0 
0 59 10 80 60 0 7 66 63 74 0 0 16 68 37 22 0 9 0 0 0 95 0 0 0 22 0 0 6 0 0 98 0 83 0 85 0 69 0 4 60 0 0 0 0 0 0 0 0 0 0 0 0 76 0 7 89 0 0 46 0 0 87 0 0 51 50 57 83 67 29 86 90 0 83 64 7 0 21 0 89 0 0 84 0 11 18 0 0 44 94 0 0 69 0 0 0 0 0 9 
86 0 13 0 0 10 61 11 41 0 46 44 0 81 0 0 0 0 8 30 0 46 58 90 0 0 65 36 0 0 80 57 91 82 0 3 0 86 43 0 69 0 0 0 4 0 60 0 0 0 0 63 0 0 0 0 0 0 61 3 0 0 83 33 0 0 0 18 0 84 0 34 64 80 93 0 0 78 8 12 0 0 38 73 0 16 22 0 0 35 41 29 0 0 68 0 19 67 0 0 
75 0 0 0 0 4 31 50 61 50 0 0 47 0 10 0 87 27 0 0 0 26 0 0 0 0 81 0 0 24 70 0 0 54 32 0 0 0 18 0 54 0 0 0 0 0 82 0 94 71 0 0 0 60 0 5 64 11 66 0 38 13 0 0 0 0 59 0 29 0 0 31 95 0 0 0 3 63 24 19 0 0 76 0 9 75 0 0 0 12 42 0 0 51 25 0 0 0 2 75 
0 79 0 16 91 73 0 62 0 45 65 0 37 23 0 0 0 0 0 3 9 0 30 0 0 90 37 0 10 84 0 85 0 28 10 3 0 0 89 0 0 0 4 0 0 0 64 8 83 12 0 62 0 45 0 0 37 0 96 0 66 0 0 42 44 28 0 0 31 0 0 0 0 0 96 0 46 70 0 10 0 0 22 0 0 0 10 0 0 100 56 0 0 13 0 0 0 82 0 0 
67 41 44 57 74 0 18 0 0 0 96 70 0 87 47 0 0 0 0 95 0 0 0 0 0 0 0 0 0 0 74 71 23 17 0 8 71 0 18 68 0 0 0 0 0 0 23 0 0 0 50 7 9 0 0 0 0 0 0 0 8 0 42 79 0 87 8 0 0 0 96 0 0 39 0 0 0 0 62 17 0 0 98 0 75 80 97 37 48 11 65 25 21 43 75 51 0 0 0 0 
4 0 15 17 12 0 99 0 18 0 0 37 0 0 0 60 0 0 0 0 0 99 0 0 65 50 89 0 83 0 0 0 74 30 0 0 0 42 43 72 0 0 60 82 64 23 0 82 52 14 0 61 0 27 0 100 92 0 4 0 0 0 0 0 0 9 59 42 0 0 0 0 92 0 72 0 0 0 28 21 72 21 44 52 59 0 0 0 67 85 0 59 0 48 89 0 99 90 0 65 
0 0 0 74 90 0 0 23 50 100 31 75 43 67 58 0 0 13 55 0 39 28 40 3 0 0 41 0 0 0 0 62 0 61 31 17 0 7 0 0 0 0 0 0 8 0 82 0 0 0 71 0 66 25 0 0 2 99 61 38 67 0 0 79 0 31 0 0 0 16 70 0 72 0 0 65 0 58 67 0 42 38 10 57 0 63 0 0 0 0 81 26 0 0 0 61 0 0 100 77 
30 0 0 0 84 6 89 0 0 56 50 0 0 68 80 7 0 0 90 23 0 77 98 32 0 38 21 0 0 46 77 0 0 0 56 0 7 68 51 0 0 0 0 94 83 0 52 0 0 0 40 94 0 0 0 0 10 26 0 47 0 96 37 0 0 4 0 64 88 0 86 2 71 0 0 85 22 75 2 0 64 25 45 62 90 82 0 0 0 0 0 0 0 0 0 16 74 0 0 0 
59 0 18 62 0 0 0 0 11 0 12 76 0 0 0 0 0 12 0 0 0 0 0 40 0 71 0 0 0 0 0 84 0 59 16 70 0 19 0 0 4 0 0 71 12 0 14 0 0 0 0 0 4 0 0 0 0 31 3 0 0 21 0 0 3 74 33 0 0 0 0 13 0 59 0 80 0 0 31 0 66 46 0 0 66 58 0 0 29 0 89 2 0 0 68 0 68 37 0 19 
0 0 61 72 0 0 0 0 0 0 35 48 0 0 0 0 0 0 0 0 0 27 0 66 15 49 0 0 48 77 95 0 0 0 51 0 0 0 73 0 19 0 0 0 0 50 0 71 40 0 0 0 5 0 92 0 92 0 0 81 0 0 0 0 0 0 0 34 0 66 82 40 95 0 12 0 0 0 79 0 13 0 21 0 38 0 0 98 7 0 31 92 0 0 0 0 27 6 0 0 
100 0 0 82 41 0 51 73 0 2 0 0 0 0 73 0 0 39 9 11 0 0 88 29 3 3 0 33 89 0 33 4 0 0 92 0 0 0 0 100 80 0 63 0 62 7 61 0 94 0 0 0 0 0 81 0 0 0 0 0 0 0 36 0 78 0 0 0 97 30 0 72 0 98 54 0 77 73 0 0 0 0 0 17 0 53 0 0 0 0 0 0 66 0 0 81 94 21 0 67 
0 21 0 0 0 79 93 0 32 34 0 0 0 0 0 0 59 0 0 0 0 0 0 47 0 85 85 87 90 0 54 16 0 0 0 96 72 0 79 53 38 0 0 0 0 9 0 66 0 4 5 0 0 1 87 0 80 0 10 17 86 0 96 0 0 0 0 62 49 0 80 0 0 84 0 40 44 69 0 0 40 0 0 47 18 0 0 0 0 7 79 0 74 0 0 0 36 0 28 44 
0 89 25 0 75 0 98 0 13 0 48 0 5 0 0 11 76 0 0 0 0 0 6 66 51 0 0 29 0 77 54 55 0 0 70 84 20 0 68 0 0 76 0 60 45 0 27 25 0 0 0 0 1 0 0 0 0 55 0 68 84 99 0 43 32 28 0 82 0 34 38 0 16 0 63 15 0 69 78 0 0 86 60 0 0 0 0 57 36 0 0 92 0 0 0 0 51 81 34 41 
0 71 46 75 0 0 0 42 8 0 0 0 0 15 63 0 75 0 0 0 39 35 6 0 0 83 4 99 0 0 82 0 14 0 0 0 69 0 0 0 0 0 0 0 0 0 0 0 0 0 92 81 87 0 0 0 0 0 0 0 0 0 0 0 0 9 36 80 55 52 84 67 0 0 0 98 91 88 0 23 16 0 0 0 96 0 0 0 10 90 0 16 79 60 0 29 0 0 0 2 
0 0 0 50 61 42 89 0 4 13 90 92 0 27 88 0 0 0 22 59 0 74 0 8 0 0 0 59 8 87 84 46 0 0 0 0 0 0 0 0 0 7 0 5 0 0 100 0 0 0 0 0 0 0 0 0 13 0 93 0 0 27 11 0 0 0 37 0 0 0 34 9 0 42 78 0 0 0 0 0 0 0 25 26 26 0 0 4 4 0 0 40 0 16 88 42 0 0 58 73 
0 0 0 11 0 100 0 31 0 92 91 95 18 36 0 0 0 51 0 0 63 0 53 0 0 0 15 0 53 0 0 86 50 63 0 0 0 43 0 99 0 89 0 64 37 0 92 2 10 0 92 0 80 0 0 13 0 11 98 0 97 10 0 0 0 35 0 0 0 92 12 93 0 34 0 0 0 80 84 0 0 0 0 36 0 80 73 97 0 0 78 1 20 0 30 0 67 0 7 0 
39 0 67 0 0 0 0 86 10 0 0 51 0 49 0 35 55 30 0 26 24 0 5 39 0 0 0 0 0 0 0 81 0 0 0 93 35 0 0 28 0 0 0 11 0 0 0 99 26 31 0 0 0 55 0 0 11 0 67 0 0 0 37 0 0 0 0 50 47 68 0 0 0 0 90 38 58 0 0 0 79 0 62 93 0 0 0 0 77 42 0 95 70 65 0 79 19 18 6 1 
0 0 78 0 0 8 77 55 0 74 0 59 0 26 0 0 0 37 72 0 43 0 77 0 0 0 17 0 0 0 75 0 0 84 86 0 0 0 0 0 0 0 61 66 96 0 4 61 0 3 0 0 10 0 0 93 98 67 0 0 8 0 97 89 0 0 13 35 0 76 0 71 0 6 0 0 40 0 0 24 52 65 16 28 0 0 45 53 0 0 0 0 0 70 0 0 61 0 0 15 
34 88 0 0 47 33 0 67 58 0 7 23 18 32 15 25 0 0 0 0 56 0 0 20 0 0 0 0 0 0 0 0 33 85 0 0 0 16 0 23 4 46 3 0 0 0 0 38 47 0 81 0 17 68 0 0 0 0 0 0 75 0 91 76 0 0 76 58 0 16 43 55 0 60 0 0 24 0 0 95 34 50 64 0 66 51 0 0 51 94 0 80 21 0 0 58 0 67 50 30 
0 0 0 49 0 13 87 0 56 0 44 0 0 80 0 15 42 47 0 59 81 1 0 0 33 0 0 77 0 0 0 40 37 68 0 96 0 0 0 0 24 0 0 38 66 8 0 67 0 0 0 0 86 84 0 0 97 0 8 75 0 73 31 55 0 70 0 90 62 0 11 0 62 23 0 46 68 75 0 0 86 0 0 0 61 65 46 55 0 0 0 33 0 86 0 0 0 22 74 29 
47 0 0 11 71 0 71 11 0 0 0 0 98 14 0 0 26 36 0 43 0 0 52 88 23 36 0 2 0 0 0 28 0 27 57 0 0 2 0 0 0 0 0 13 0 0 0 0 96 21 0 0 0 99 0 27 10 0 0 0 73 0 0 17 4 1 0 9 79 0 0 0 0 67 0 0 17 96 0 0 0 77 88 34 0 86 0 0 0 0 42 45 0 81 0 42 0 90 0 0 
0 0 0 0 0 25 40 60 60 0 0 0 76 0 0 76 0 8 88 23 56 0 52 90 0 90 71 0 0 0 36 0 6 0 76 0 71 90 14 39 43 87 83 0 0 42 0 0 37 0 0 36 96 0 0 11 0 37 97 91 31 0 0 0 70 0 0 20 0 0 0 0 35 9 0 0 0 92 0 3 4 8 22 0 0 0 0 76 0 88 35 0 88 0 0 0 96 67 34 88 
72 48 2 0 4 71 0 50 10 15 0 0 0 0 0 22 36 0 0 0 25 0 0 8 33 0 0 0 26 0 0 58 47 65 0 0 0 0 0 10 54 0 33 0 42 79 0 79 0 0 0 0 0 43 0 0 0 0 89 76 55 17 0 0 3 0 75 6 0 0 71 91 61 9 16 9 51 96 0 0 27 0 0 0 0 12 38 0 91 0 45 0 0 0 38 44 65 84 52 0 
0 20 0 0 0 99 18 0 0 45 0 0 0 37 0 75 0 48 0 0 39 42 94 19 11 30 88 51 21 0 45 0 16 97 60 0 0 0 0 0 89 0 0 0 44 0 0 0 0 3 0 78 0 32 0 0 0 0 0 0 0 4 70 3 0 70 60 20 0 0 75 35 0 0 20 15 0 0 0 49 0 88 0 67 0 0 32 0 14 0 47 0 0 29 0 52 0 0 0 41 
32 91 0 9 0 0 0 57 0 0 0 34 23 88 0 0 0 52 96 0 0 0 0 0 0 0 0 0 77 89 0 0 0 0 3 66 0 22 0 0 93 51 0 0 28 87 9 31 4 74 0 0 0 28 9 0 35 0 0 0 70 1 0 0 70 0 0 88 10 0 48 0 0 6 0 14 0 0 96 22 0 0 0 0 0 40 0 34 0 93 0 0 0 0 99 0 0 0 0 0 
63 0 0 0 0 72 0 0 39 28 0 83 0 29 0 69 0 71 0 0 0 0 64 0 0 0 0 0 33 23 0 0 15 0 16 33 71 15 4 0 59 50 0 59 0 8 59 0 0 33 0 0 0 0 36 37 0 0 13 76 0 0 0 75 60 0 0 40 98 0 25 0 0 0 0 0 0 0 5 19 0 8 67 75 37 34 0 0 42 0 0 0 0 25 39 0 0 11 0 0 
0 35 0 76 0 0 59 0 0 1 12 0 0 93 18 0 13 0 81 0 0 80 56 70 0 0 74 0 33 0 0 30 78 0 38 0 94 91 40 17 0 57 18 0 0 0 42 0 64 0 34 0 62 82 80 0 0 50 35 58 90 9 20 6 20 88 40 0 0 0 0 45 0 0 1 0 0 27 0 95 0 0 0 0 0 0 93 0 0 10 0 31 25 21 68 0 56 0 0 0 
0 24 57 0 0 0 22 0 96 0 77 71 0 0 47 100 0 0 0 47 0 65 7 29 92 65 65 75 79 0 43 0 0 8 0 0 30 0 0 0 0 83 0 29 31 0 0 0 88 0 0 97 49 0 55 0 0 47 0 0 62 79 0 0 0 10 98 0 0 2 75 0 0 0 0 66 0 11 70 0 42 24 58 60 0 67 29 0 0 0 0 91 0 0 0 65 29 76 43 0 
0 0 0 0 87 78 0 0 0 29 50 0 32 0 0 88 0 0 0 0 94 0 0 0 0 0 0 0 8 0 73 0 0 20 76 60 0 0 51 0 0 67 84 0 0 0 0 16 0 0 66 30 0 34 52 0 92 68 76 16 0 0 0 0 0 0 0 0 2 0 0 0 0 2 0 0 0 55 76 19 46 48 0 0 0 14 32 37 79 0 0 0 0 0 0 0 0 0 66 67 
0 0 0 0 0 52 43 0 61 80 86 10 0 72 0 3 0 15 28 78 88 69 0 0 54 29 0 0 0 0 35 79 0 0 96 74 0 0 0 0 84 29 0 0 0 96 0 70 86 0 82 0 80 38 84 34 12 0 0 43 11 0 0 71 75 48 25 0 75 0 0 51 0 0 7 0 0 0 0 0 99 1 0 4 0 0 29 0 61 47 0 56 88 0 0 0 73 61 2 0 
0 0 0 0 0 61 80 12 54 0 76 0 0 0 0 99 55 59 2 0 22 0 0 0 28 64 56 95 0 52 0 72 80 73 0 89 0 46 0 21 0 86 34 31 0 0 0 0 2 13 40 72 0 0 67 9 93 0 71 55 0 0 0 91 35 0 0 45 0 0 51 0 64 0 0 4 0 0 0 0 0 0 90 0 0 78 52 40 3 0 51 0 0 0 64 0 68 0 0 80 
0 0 0 60 0 16 0 100 93 15 93 94 2 53 83 54 0 0 0 0 31 0 0 55 0 88 45 0 0 0 0 73 0 9 33 0 0 0 28 0 2 90 64 95 0 0 92 72 71 0 95 0 0 16 0 0 0 0 0 0 62 0 35 61 0 0 0 0 0 0 0 64 0 0 7 44 98 0 64 0 0 0 0 0 49 0 85 0 0 0 48 0 26 0 14 55 0 0 0 44 
0 26 0 0 0 0 0 69 45 0 0 0 23 56 98 0 0 82 4 0 57 25 27 0 0 38 0 56 0 28 33 0 0 0 87 0 13 0 0 0 0 0 80 0 0 39 0 0 0 59 0 98 84 0 0 42 34 0 6 60 23 67 9 9 0 6 0 0 0 2 0 0 0 0 45 0 36 0 0 0 38 0 55 0 66 11 0 0 0 17 3 81 86 54 0 99 92 0 19 0 
0 52 0 0 0 31 0 89 0 10 0 20 65 38 0 34 0 76 47 29 0 23 0 0 31 0 46 83 0 1 75 73 82 0 31 0 0 31 0 33 22 83 93 0 96 0 72 0 0 0 12 54 0 63 0 78 0 90 0 0 0 0 0 16 20 0 0 1 0 0 7 0 7 45 0 4 6 0 0 43 64 20 0 44 0 52 0 0 0 0 50 0 77 0 0 90 0 91 13 0 
30 0 82 0 0 58 0 6 0 68 0 1 0 31 39 46 0 18 4 29 0 0 67 0 0 36 0 29 0 0 70 0 0 41 41 27 0 83 12 48 27 64 0 0 0 0 0 65 85 80 0 0 40 15 98 0 0 38 0 0 46 0 0 9 15 14 0 0 66 0 0 4 44 0 4 0 0 0 0 0 11 2 0 2 13 18 60 95 19 0 70 0 0 22 0 93 0 0 0 0 
0 95 48 54 0 0 53 0 0 0 0 0 0 0 7 30 0 0 0 0 0 27 0 0 0 52 0 9 0 0 54 0 0 0 55 24 50 0 38 45 17 7 0 3 46 0 0 0 22 0 0 77 44 0 91 0 0 58 40 24 68 17 0 51 0 0 0 0 0 0 0 0 98 36 6 0 0 0 0 92 0 0 0 63 0 27 0 81 0 0 81 16 35 0 84 82 0 0 0 41 
0 43 49 0 31 0 57 0 20 90 90 74 52 69 64 0 65 0 59 0 0 1 85 0 0 0 0 0 0 38 0 76 0 43 54 0 87 92 0 0 22 0 78 63 70 0 0 58 75 0 0 73 69 69 88 0 80 0 0 0 75 96 92 96 0 0 0 27 11 55 0 0 0 0 0 0 0 0 84 0 0 19 53 91 0 93 0 0 94 0 0 85 27 0 60 32 81 0 0 0 
0 0 0 16 81 0 0 19 0 85 0 58 0 59 59 0 29 81 0 75 48 0 0 0 48 0 66 18 78 0 67 11 0 5 79 0 0 0 0 0 0 21 8 24 0 62 28 67 2 31 79 0 0 78 0 0 84 0 0 0 0 0 0 0 0 96 5 0 70 76 0 0 64 0 0 0 0 84 0 43 0 0 0 15 0 16 34 0 87 89 0 0 0 0 25 0 92 0 0 64 
0 5 0 64 0 0 0 0 47 0 95 14 0 72 5 5 76 82 0 97 0 91 0 8 47 0 0 0 84 87 0 25 0 51 0 62 48 72 0 0 0 0 12 19 10 17 21 0 0 0 0 0 0 0 23 0 0 0 24 95 0 0 3 0 49 22 19 95 0 19 0 0 0 0 43 0 92 0 43 0 64 0 0 86 61 0 0 0 0 76 84 68 0 64 0 0 0 0 0 21 
0 74 0 22 0 0 60 33 0 0 66 0 0 5 0 0 0 53 0 0 99 81 35 0 0 28 83 70 75 99 0 0 0 27 0 13 0 0 40 45 13 89 0 0 0 0 72 42 64 66 13 0 40 0 16 0 0 79 52 34 86 0 4 27 0 0 0 0 42 46 99 0 0 38 64 11 0 0 0 64 0 40 18 9 0 42 0 40 0 51 0 0 0 0 0 55 36 81 0 0 
48 67 0 41 17 0 0 9 31 13 0 12 26 0 0 0 95 0 0 0 0 0 12 0 0 0 91 0 0 45 18 0 0 55 0 4 0 24 91 0 21 0 0 0 0 0 21 38 25 46 0 0 0 86 0 0 0 0 65 50 0 77 8 0 88 0 8 0 24 48 1 0 0 0 20 2 0 19 0 0 40 0 65 98 0 0 86 14 0 35 0 97 0 0 0 0 22 38 0 0 
0 0 0 0 31 39 32 88 44 57 0 0 99 0 0 0 0 0 55 0 11 71 0 0 0 0 0 0 0 0 0 0 3 0 0 58 6 0 0 0 0 0 38 76 22 98 44 10 45 0 21 0 0 60 0 25 0 62 16 64 0 88 22 0 0 0 67 0 58 0 0 90 0 55 0 0 0 53 0 0 18 65 0 0 74 30 0 0 0 30 10 87 0 13 0 80 0 0 0 0 
0 0 0 44 51 70 0 0 0 66 0 2 0 0 36 63 0 64 0 0 0 35 87 9 84 0 77 49 0 20 0 62 68 78 21 50 58 0 0 71 0 84 73 0 0 0 52 57 62 0 0 17 47 0 0 26 36 93 28 0 0 34 0 0 67 0 75 0 60 0 4 0 0 0 44 2 63 91 15 86 9 98 0 0 0 0 49 0 0 0 0 0 0 90 0 56 0 0 79 0 
0 90 0 81 0 0 0 0 21 2 30 43 0 0 0 22 0 81 0 0 0 2 0 0 0 8 0 15 0 0 62 0 21 71 0 6 0 0 16 18 0 0 0 9 0 75 59 0 90 66 38 0 18 0 96 26 0 0 0 66 61 0 0 0 0 0 37 0 0 0 0 0 49 66 0 13 0 0 0 61 0 0 74 0 0 61 0 0 0 0 44 0 0 0 43 0 75 0 0 0 
0 14 0 0 97 0 0 4 57 0 0 0 0 0 57 43 54 0 27 100 25 100 99 0 0 0 0 0 0 81 0 0 0 0 65 30 0 0 85 0 0 11 16 75 0 80 0 63 82 58 0 53 0 0 0 0 80 0 0 51 65 86 0 12 0 40 34 0 67 14 0 78 0 11 52 18 27 93 16 0 42 0 30 0 61 0 0 0 56 0 0 0 59 66 0 0 0 0 0 0 
0 0 74 0 48 0 0 0 0 0 0 12 100 0 0 90 0 0 0 0 23 0 0 56 0 73 0 0 13 0 16 0 71 0 0 34 0 0 0 0 0 18 22 0 10 97 0 0 0 0 0 0 0 0 0 0 73 0 45 0 46 0 0 38 32 0 0 93 29 32 29 52 85 0 0 60 0 0 34 0 0 86 0 49 0 0 0 31 85 0 30 0 0 0 0 0 0 36 0 0 
90 0 0 40 63 0 97 45 33 0 0 0 0 0 0 0 62 0 66 0 0 87 0 1 0 0 0 0 77 0 39 44 15 15 0 43 0 0 0 0 0 0 0 0 0 37 0 0 0 0 98 0 0 57 0 4 97 0 53 0 55 0 76 0 0 34 0 0 0 37 0 40 0 0 0 95 81 0 0 0 40 14 0 0 0 0 31 0 0 0 1 0 24 82 0 0 0 55 36 64 
44 0 71 2 0 69 0 0 42 38 64 11 0 0 67 95 0 0 13 0 14 0 24 0 0 0 2 68 31 62 0 0 0 0 0 45 33 0 0 0 51 0 0 0 0 48 67 0 0 29 7 0 0 36 10 4 0 77 0 51 0 0 0 91 14 0 42 0 0 79 61 3 0 0 0 19 0 94 87 0 0 0 0 0 0 56 85 0 0 0 0 0 0 0 0 0 0 8 26 38 
0 56 0 0 0 0 0 55 0 50 52 0 0 0 15 0 90 0 0 0 0 0 4 0 0 0 95 26 0 0 0 87 0 73 0 0 45 0 52 0 0 44 35 12 100 11 85 0 0 0 0 0 7 0 90 0 0 42 0 94 0 0 88 0 0 93 0 10 0 0 47 0 0 17 0 0 0 0 89 76 51 35 30 0 0 0 0 0 0 0 78 0 68 0 58 91 64 0 0 0 
5 66 0 0 0 0 0 80 0 74 53 23 76 0 0 89 0 0 0 0 38 0 0 34 0 33 0 70 24 0 0 73 40 38 81 0 0 63 29 0 0 94 41 42 56 65 0 81 0 89 31 0 79 0 0 0 78 0 0 0 0 42 35 45 47 0 0 0 0 0 0 51 48 3 50 70 81 0 0 84 0 0 10 0 44 0 30 1 0 78 0 85 0 0 0 29 0 45 50 36 
0 0 0 99 81 0 0 100 0 73 0 82 0 64 0 46 10 49 0 8 69 0 32 0 0 0 0 13 0 0 31 0 0 0 0 0 0 61 64 73 75 0 29 0 0 25 59 26 0 2 92 0 0 92 16 40 1 95 0 80 33 45 0 0 0 0 0 31 91 0 56 0 0 81 0 0 16 85 0 68 0 97 87 0 0 0 0 0 0 0 85 0 9 0 66 0 0 97 0 32 
0 0 8 0 0 0 0 0 0 80 0 92 0 97 0 0 0 0 0 69 25 66 0 0 0 15 0 72 58 13 0 0 15 0 0 0 0 0 48 17 96 0 0 0 0 21 0 0 0 0 0 66 74 0 79 0 20 70 0 21 0 0 88 0 0 0 0 25 0 0 88 0 26 86 77 0 35 27 0 0 0 0 0 0 0 59 0 24 0 68 0 9 0 65 0 0 51 36 65 83 
74 35 0 0 43 0 0 0 0 0 0 0 0 73 0 0 0 0 0 0 0 0 12 0 0 54 50 0 46 0 42 0 43 37 0 0 0 0 14 66 75 69 0 51 13 43 48 0 0 0 0 0 0 0 60 16 0 65 70 0 86 81 0 0 29 0 25 21 0 0 0 0 0 54 0 22 0 0 0 64 0 0 13 90 0 66 0 82 0 0 0 0 65 0 31 0 0 85 88 13 
0 0 0 0 40 0 0 0 0 0 0 32 0 0 0 0 0 0 0 33 71 87 0 0 0 69 0 23 75 67 58 52 39 0 62 0 0 0 0 0 74 0 68 25 0 75 89 0 0 68 0 0 0 0 0 88 30 0 0 0 0 0 0 38 0 99 39 68 0 0 0 64 14 0 0 0 84 60 25 0 0 0 0 0 43 0 0 0 0 58 0 66 0 31 0 7 74 0 19 40 
97 97 81 34 43 0 0 47 0 66 0 87 0 0 0 72 80 27 14 76 40 82 0 0 95 0 0 32 0 0 96 0 0 0 26 5 0 14 60 42 63 0 0 0 0 51 0 61 16 0 0 81 0 0 29 42 0 79 0 58 0 42 0 44 52 0 0 0 65 0 0 0 55 99 90 93 82 32 0 0 55 0 80 56 0 0 0 0 0 91 29 0 0 0 7 0 0 66 58 0 
0 16 33 15 0 38 0 0 75 5 0 0 20 1 0 0 92 0 20 0 53 0 45 95 0 28 0 0 89 55 74 0 59 0 23 0 16 73 92 0 0 0 19 0 0 0 99 0 74 68 27 94 36 51 0 0 67 19 61 0 0 0 96 65 0 0 0 56 29 0 73 68 0 92 0 0 0 81 92 0 36 22 0 0 75 0 0 0 0 64 0 0 51 0 74 0 0 0 52 89 
0 5 0 0 79 0 0 0 0 96 0 0 0 24 73 100 0 0 91 71 91 0 0 0 69 0 0 0 14 34 0 98 35 0 0 0 32 50 64 0 0 0 67 0 82 0 90 0 0 37 6 21 0 81 0 0 0 18 0 67 22 90 67 84 0 0 11 0 76 0 61 0 0 0 91 0 0 0 0 0 81 38 0 0 0 0 36 55 8 0 45 97 36 85 0 66 0 0 0 0 
0 0 48 0 9 0 90 0 44 76 71 0 0 39 40 0 63 98 54 0 0 0 0 0 0 99 0 86 49 0 0 0 4 15 15 0 0 0 14 0 0 0 0 2 0 0 0 100 0 0 0 0 28 34 0 58 7 6 0 50 74 0 34 52 0 0 0 0 43 66 2 0 0 19 13 0 0 0 0 0 0 0 0 79 0 0 0 36 26 0 50 0 65 88 19 58 52 0 0 0 
0 53 97 0 0 23 0 2 5 0 0 6 4 0 65 94 19 81 0 0 0 0 74 0 0 3 47 89 0 59 94 0 3 0 0 0 0 81 67 0 0 9 0 75 0 0 65 77 0 19 0 67 44 41 2 73 0 1 15 30 29 0 88 0 41 0 0 0 0 67 0 80 44 0 0 0 41 0 64 21 0 0 0 0 0 0 0 64 38 0 36 32 83 13 40 0 89 0 0 0 
