0 0 0 0 0 0 0 0 0 0 0 79 0 0 0 0 0 0 0 0 0 0 0 0 0 0 0 0 0 0 0 0 0 12 0 0 0 0 91 0 0 39 0 0 0 0 0 0 0 0 0 0 0 0 0 0 0 0 0 0 0 0 0 0 0 0 0 11 0 0 0 0 19 0 0 0 0 0 0 73 0 0 0 0 0 0 0 0 0 21 88 0 0 0 0 0 0 0 0 57 
0 0 0 0 0 0 0 49 0 57 0 0 0 0 0 0 0 0 35 55 0 0 0 0 0 0 0 0 0 0 78 0 0 0 0 0 0 0 0 0 0 0 0 0 0 0 0 31 0 13 0 0 0 0 0 0 0 0 0 0 0 0 0 0 49 0 82 0 0 0 0 0 0 0 0 0 0 0 0 0 0 0 0 94 66 0 0 0 0 0 37 0 30 0 0 0 0 0 0 0 
0 0 0 0 0 0 0 0 0 0 0 61 0 0 0 0 0 0 0 0 0 85 0 0 77 0 0 0 0 26 0 0 0 0 25 0 0 0 34 0 0 0 0 0 22 0 0 0 0 0 0 0 0 81 0 0 0 0 0 0 0 0 0 0 0 26 0 12 0 50 0 0 0 0 0 66 0 0 84 0 0 0 0 0 69 0 0 0 0 0 0 0 0 0 0 0 48 0 0 0 
0 0 0 0 0 0 85 0 0 0 62 0 0 0 0 65 0 32 0 0 0 27 0 0 0 0 29 0 0 0 0 0 0 0 0 0 0 0 0 0 0 0 0 0 0 0 0 31 0 0 0 0 0 0 0 0 0 8 0 0 0 0 42 67 0 0 0 0 0 3 0 0 0 0 0 57 0 0 0 0 0 0 0 0 0 0 74 0 0 0 0 55 0 0 0 0 0 31 0 0 
0 0 0 0 0 0 0 0 0 0 0 0 0 0 0 28 0 0 0 67 0 99 0 0 0 0 0 0 0 0 0 0 0 0 0 0 0 0 39 0 78 0 0 0 0 0 0 0 0 0 5 0 59 0 0 0 0 0 0 0 0 0 0 0 0 0 0 0 0 0 0 0 65 0 0 46 0 0 0 0 53 0 0 0 0 0 0 0 0 92 0 0 0 0 93 0 94 0 0 0 
0 0 0 0 0 0 0 0 64 0 0 0 43 0 0 95 0 59 0 0 0 0 0 0 0 0 0 47 0 0 0 0 47 0 10 70 0 0 8 2 0 0 0 0 0 0 73 0 0 0 0 0 0 0 23 0 0 0 0 0 0 0 0 0 0 0 0 19 0 0 0 0 0 0 0 0 0 0 0 60 0 0 0 94 0 0 0 0 0 0 0 0 0 0 0 0 0 0 0 0 
0 0 0 85 0 0 0 0 0 0 0 0 0 0 0 0 0 0 0 63 0 32 0 0 0 0 0 0 0 0 12 0 75 0 0 0 0 40 81 0 0 26 0 0 0 0 0 0 0 0 62 0 0 0 0 0 0 0 0 0 0 0 0 0 0 0 0 0 0 0 0 70 0 0 0 0 0 0 0 0 55 0 0 0 0 27 0 0 0 70 0 0 0 0 0 40 0 0 0 0 
0 49 0 0 0 0 0 0 0 0 0 0 0 0 54 0 0 0 37 0 0 14 0 0 0 20 0 0 6 0 0 0 0 0 0 0 0 56 0 84 0 66 0 0 0 0 0 0 0 0 0 0 0 0 27 0 0 0 0 0 0 90 0 0 0 0 0 66 0 0 0 57 0 0 0 0 0 0 0 0 0 0 0 0 0 0 0 0 0 40 0 0 0 0 0 73 0 0 0 0 
0 0 0 0 0 64 0 0 0 0 0 47 0 20 0 0 0 35 0 0 0 0 37 54 0 0 0 0 0 0 0 0 0 0 0 0 0 63 38 0 0 82 0 0 0 0 78 0 0 0 0 0 0 0 0 0 0 0 0 0 0 0 0 0 0 0 51 0 0 0 0 0 0 0 0 0 0 0 0 0 0 0 71 0 0 0 81 59 0 0 0 0 83 0 0 0 0 0 0 0 
0 57 0 0 0 0 0 0 0 0 0 0 0 0 0 0 13 0 0 0 0 0 0 0 0 0 0 0 0 0 0 0 0 0 0 0 0 0 37 100 0 12 0 32 44 0 0 0 0 0 0 63 0 0 0 0 0 0 0 0 0 0 0 26 73 0 0 0 0 0 0 0 0 0 0 0 0 0 0 0 0 0 0 67 0 54 0 0 46 0 30 0 0 0 0 0 0 0 6 0 
0 0 0 62 0 0 0 0 0 0 0 15 35 0 0 0 0 0 97 0 0 0 0 0 0 0 85 0 0 0 7 0 0 0 0 0 0 0 0 0 0 0 50 0 0 0 0 0 8 72 0 0 0 0 0 0 44 0 0 76 0 0 0 0 0 0 0 0 0 0 0 0 0 0 0 0 0 0 0 0 0 22 0 0 0 0 0 0 5 0 0 15 0 0 0 94 0 0 0 0 
79 0 61 0 0 0 0 0 47 0 15 0 0 0 0 0 0 0 0 0 0 0 0 0 13 45 0 0 0 0 0 79 0 0 0 0 0 0 0 0 0 0 0 0 0 0 0 0 0 55 0 0 0 0 0 0 0 0 0 0 0 0 0 0 0 0 0 0 0 0 0 0 0 0 0 0 0 0 0 51 0 0 0 0 0 0 0 0 67 0 22 82 0 0 0 0 0 0 0 0 
0 0 0 0 0 43 0 0 0 0 35 0 0 49 0 0 0 47 97 0 56 0 0 0 0 0 0 0 0 0 0 0 0 0 0 0 0 0 0 0 0 0 0 0 0 0 0 0 0 0 0 0 0 0 0 0 0 0 0 0 0 67 0 0 0 0 0 0 0 0 0 0 0 0 0 0 0 11 0 0 0 0 0 0 0 0 76 0 0 0 0 0 0 0 78 0 0 0 0 0 
0 0 0 0 0 0 0 0 20 0 0 0 49 0 0 0 69 0 0 0 0 0 0 0 0 0 0 0 0 0 0 0 0 0 0 0 0 0 0 0 0 0 0 0 0 0 0 0 0 0 0 0 0 43 0 4 0 0 0 0 0 0 0 0 0 0 0 0 20 77 84 0 0 0 0 0 0 0 0 0 0 0 0 0 0 0 0 0 34 0 0 0 0 0 0 0 0 0 0 0 
0 0 0 0 0 0 0 54 0 0 0 0 0 0 0 0 0 0 44 0 0 0 0 0 0 0 18 0 0 0 45 0 86 0 0 0 0 50 0 0 0 0 0 0 0 0 42 0 89 100 78 0 0 49 0 0 0 0 61 0 0 0 95 0 0 0 0 0 0 0 0 0 0 0 0 0 0 0 4 0 0 0 0 0 0 0 0 0 0 0 0 0 0 0 0 0 0 0 0 43 
0 0 0 65 28 95 0 0 0 0 0 0 0 0 0 0 0 0 0 0 0 0 0 0 0 0 0 0 0 0 0 0 0 0 0 51 0 49 0 0 95 0 0 0 0 0 0 0 0 0 58 48 0 0 0 0 57 0 0 0 0 0 0 0 0 0 0 0 0 0 0 0 0 0 0 0 0 0 0 0 0 0 15 59 0 0 0 0 0 0 0 0 0 0 0 0 0 0 0 0 
0 0 0 0 0 0 0 0 0 13 0 0 0 69 0 0 0 0 0 0 13 0 0 0 0 0 0 0 0 87 0 91 14 0 0 0 0 0 0 0 0 0 0 0 0 22 0 0 1 0 0 0 48 0 0 0 0 0 33 0 0 0 0 0 0 0 0 0 0 0 0 0 0 0 0 0 0 92 0 0 0 0 0 0 0 0 0 0 0 0 66 0 0 0 0 0 5 0 0 0 
0 0 0 32 0 59 0 0 35 0 0 0 47 0 0 0 0 0 0 0 0 0 0 0 0 0 0 0 0 2 0 0 0 0 0 0 0 0 0 0 86 0 0 0 98 0 0 0 0 0 0 0 0 0 0 0 0 0 0 0 100 0 0 0 0 0 0 0 0 67 0 0 0 0 0 0 0 0 0 0 0 0 0 0 99 0 0 0 0 0 0 0 0 0 0 0 0 0 0 0 
0 35 0 0 0 0 0 37 0 0 97 0 97 0 44 0 0 0 0 0 0 0 0 0 17 0 0 0 0 0 0 0 0 0 0 60 0 73 0 0 0 0 27 100 0 0 0 0 0 88 0 0 0 0 0 0 0 0 0 46 0 0 0 0 74 0 0 0 0 0 0 0 0 0 0 11 0 0 0 0 0 0 0 0 0 0 0 0 0 0 0 0 0 0 0 0 32 0 0 0 
0 55 0 0 67 0 63 0 0 0 0 0 0 0 0 0 0 0 0 0 0 67 0 0 0 0 0 0 0 0 0 0 0 0 0 0 37 0 0 0 0 43 0 0 0 0 0 0 0 96 0 0 44 0 0 0 0 0 0 0 0 0 0 0 0 0 0 0 0 0 0 35 0 0 0 0 0 0 0 0 0 0 0 0 62 0 0 0 0 0 0 0 0 22 0 58 0 0 0 0 
0 0 0 0 0 0 0 0 0 0 0 0 56 0 0 0 13 0 0 0 0 0 66 0 17 0 0 0 0 0 0 0 0 0 0 0 0 95 0 0 22 61 0 0 0 0 0 0 0 0 0 0 0 0 0 0 0 0 0 0 0 0 0 95 0 0 0 0 0 0 0 0 0 0 0 0 83 0 0 0 0 0 55 0 98 0 0 0 94 0 50 0 0 0 0 73 0 0 0 0 
0 0 85 27 99 0 32 14 0 0 0 0 0 0 0 0 0 0 0 67 0 0 0 0 0 0 0 0 0 0 0 0 0 0 0 0 0 0 0 0 0 0 79 0 0 36 0 0 0 0 0 0 96 0 0 0 0 0 0 0 0 0 0 0 0 0 0 0 0 0 58 0 0 11 0 14 0 0 0 0 0 0 0 0 59 0 0 0 0 0 0 0 0 0 0 0 0 30 0 0 
0 0 0 0 0 0 0 0 37 0 0 0 0 0 0 0 0 0 0 0 66 0 0 0 0 0 0 0 0 0 0 0 4 0 0 0 60 0 0 0 0 0 0 35 0 0 0 0 4 0 0 0 0 0 0 11 0 0 0 0 0 0 0 0 0 0 0 0 39 0 0 0 0 0 0 0 0 95 0 0 0 0 0 0 0 93 0 0 0 34 0 35 0 55 0 0 0 0 0 0 
0 0 0 0 0 0 0 0 54 0 0 0 0 0 0 0 0 0 0 0 0 0 0 0 0 0 7 0 0 0 0 0 0 0 0 47 0 0 0 0 0 0 81 0 0 0 0 0 0 0 0 0 0 0 0 0 0 0 0 0 0 36 0 0 90 60 0 0 73 0 0 0 0 61 0 20 0 0 0 0 56 0 0 0 0 19 94 0 0 0 0 0 0 0 0 0 0 0 0 0 
0 0 77 0 0 0 0 0 0 0 0 13 0 0 0 0 0 0 17 0 17 0 0 0 0 0 22 73 0 0 0 0 0 0 0 0 0 0 0 0 0 0 0 0 0 0 0 0 0 0 0 0 0 0 0 0 0 0 0 77 0 0 0 22 0 0 0 43 50 0 0 0 0 0 0 95 0 0 0 0 0 0 0 0 0 0 0 0 45 0 0 0 0 0 0 92 0 0 0 0 
0 0 0 0 0 0 0 20 0 0 0 45 0 0 0 0 0 0 0 0 0 0 0 0 0 0 0 0 0 0 0 0 0 0 0 0 0 0 0 0 0 0 0 0 15 23 0 0 0 0 0 0 0 0 0 0 0 0 38 0 0 0 0 0 0 0 50 0 0 0 0 0 0 0 0 0 0 0 52 0 49 0 0 16 69 0 0 0 0 0 25 75 0 0 25 0 0 0 0 0 
0 0 0 29 0 0 0 0 0 0 85 0 0 0 18 0 0 0 0 0 0 0 0 7 22 0 0 0 0 0 0 0 0 0 34 0 30 0 0 0 0 0 0 0 0 0 0 0 0 0 0 0 0 0 40 0 0 0 0 18 21 0 0 0 0 0 89 0 82 0 0 0 0 0 0 0 0 0 0 0 0 0 0 0 0 0 0 0 0 0 0 0 0 0 0 0 0 0 67 0 
0 0 0 0 0 47 0 0 0 0 0 0 0 0 0 0 0 0 0 0 0 0 0 0 73 0 0 0 28 46 0 0 0 82 0 0 0 64 0 0 18 0 0 0 0 0 0 66 0 0 0 0 0 0 0 0 0 0 0 0 0 0 79 0 74 43 0 0 0 0 0 0 0 0 0 0 0 0 0 0 80 27 0 0 0 0 0 0 0 0 0 2 6 0 0 0 0 0 0 0 
0 0 0 0 0 0 0 6 0 0 0 0 0 0 0 0 0 0 0 0 0 0 0 0 0 0 0 28 0 0 0 0 0 54 0 0 0 0 0 0 0 0 0 0 0 0 0 0 0 0 0 30 0 0 0 86 0 0 0 42 0 0 0 0 0 0 0 22 0 0 0 0 0 0 0 10 74 0 86 95 0 0 68 0 0 0 0 0 0 85 0 0 0 0 0 0 0 0 92 86 
0 0 26 0 0 0 0 0 0 0 0 0 0 0 0 0 87 2 0 0 0 0 0 0 0 0 0 46 0 0 0 0 0 0 0 11 0 0 0 0 0 93 0 57 0 0 50 0 0 0 0 0 0 0 0 0 0 0 0 0 0 0 6 0 0 61 0 0 0 0 0 0 78 0 0 0 0 0 10 0 0 0 0 0 33 0 0 0 0 0 0 0 34 0 0 0 39 0 0 0 
0 78 0 0 0 0 12 0 0 0 7 0 0 0 45 0 0 0 0 0 0 0 0 0 0 0 0 0 0 0 0 0 0 0 43 0 0 0 45 0 0 0 5 0 0 0 0 0 0 0 0 0 0 0 31 0 0 0 0 0 0 69 0 0 0 0 46 0 0 0 0 0 0 0 0 0 0 0 0 0 0 0 0 0 0 0 0 39 0 0 0 0 0 0 43 0 67 0 0 0 
0 0 0 0 0 0 0 0 0 0 0 79 0 0 0 0 91 0 0 0 0 0 0 0 0 0 0 0 0 0 0 0 0 0 26 0 0 0 0 0 0 0 0 44 4 30 11 0 0 0 0 4 0 0 0 0 0 0 0 0 0 0 0 45 0 0 26 0 0 86 0 0 0 0 0 0 0 0 0 0 0 0 0 0 0 0 0 0 75 0 0 37 0 49 0 0 0 20 0 0 
0 0 0 0 0 47 75 0 0 0 0 0 0 0 86 0 14 0 0 0 0 0 4 0 0 0 0 0 0 0 0 0 0 0 0 34 64 0 0 0 0 0 0 0 0 0 0 0 0 0 0 0 0 0 0 0 0 0 15 0 0 0 99 0 0 0 0 0 0 0 0 0 78 44 0 0 0 0 0 0 0 0 39 0 0 0 0 0 26 87 0 0 0 0 0 0 0 71 0 0 
12 0 0 0 0 0 0 0 0 0 0 0 0 0 0 0 0 0 0 0 0 0 0 0 0 0 0 82 54 0 0 0 0 0 0 0 0 0 0 0 0 0 0 44 72 0 0 16 0 0 0 0 0 0 0 0 35 0 0 0 24 0 41 0 0 0 0 0 0 0 99 0 0 0 0 0 21 0 0 67 24 64 0 62 0 0 0 0 0 0 0 0 0 0 0 0 0 0 0 0 
0 0 25 0 0 10 0 0 0 0 0 0 0 0 0 0 0 0 0 0 0 0 0 0 0 0 34 0 0 0 43 26 0 0 0 0 0 0 0 0 0 0 0 26 15 0 49 0 0 0 0 0 84 0 0 0 0 0 0 0 0 0 0 0 0 0 0 0 0 0 0 0 0 0 0 0 0 0 0 0 6 0 93 0 0 0 0 84 0 0 0 0 0 0 0 87 0 0 0 0 
0 0 0 0 0 70 0 0 0 0 0 0 0 0 0 51 0 0 60 0 0 0 0 47 0 0 0 0 0 11 0 0 34 0 0 0 0 0 0 0 31 0 0 0 0 0 0 58 0 0 0 0 0 0 0 0 0 0 0 0 0 24 0 0 0 0 0 0 22 0 0 0 0 0 0 0 0 0 0 0 0 0 0 0 28 0 0 0 0 0 70 0 0 0 0 0 0 0 0 0 
0 0 0 0 0 0 0 0 0 0 0 0 0 0 0 0 0 0 0 37 0 0 60 0 0 0 30 0 0 0 0 0 64 0 0 0 0 0 0 0 0 0 60 0 0 0 0 0 0 0 44 0 0 0 0 0 0 0 0 0 0 0 5 11 0 0 0 0 0 19 0 0 0 0 0 0 0 4 0 0 0 91 97 0 0 0 0 54 85 0 50 0 0 0 0 0 0 0 0 0 
0 0 0 0 0 0 40 56 63 0 0 0 0 0 50 49 0 0 73 0 95 0 0 0 0 0 0 64 0 0 0 0 0 0 0 0 0 0 0 0 0 0 0 0 0 0 0 0 0 0 0 0 0 0 0 0 0 0 77 0 0 0 0 0 0 0 0 0 14 0 0 0 0 0 0 0 0 0 0 83 0 90 0 0 0 0 0 0 23 0 0 0 0 0 0 85 0 0 74 0 
91 0 34 0 39 8 81 0 38 37 0 0 0 0 0 0 0 0 0 0 0 0 0 0 0 0 0 0 0 0 45 0 0 0 0 0 0 0 0 0 51 0 0 0 0 0 0 0 0 0 0 0 0 79 0 0 47 0 0 0 0 0 0 0 0 0 0 0 0 0 0 54 18 0 0 0 0 0 0 56 0 0 0 0 0 0 0 0 0 0 0 0 0 0 0 0 0 79 0 0 
0 0 0 0 0 2 0 84 0 100 0 0 0 0 0 0 0 0 0 0 0 0 0 0 0 0 0 0 0 0 0 0 0 0 0 0 0 0 0 0 0 0 0 98 0 0 0 0 0 0 0 0 0 0 0 0 0 0 8 0 0 0 0 0 0 0 0 48 0 0 2 0 0 0 0 0 0 0 0 0 0 0 88 0 0 0 78 0 0 0 0 0 0 0 0 0 0 0 0 0 
0 0 0 0 78 0 0 0 0 0 0 0 0 0 0 95 0 86 0 0 22 0 0 0 0 0 0 18 0 0 0 0 0 0 0 31 0 0 51 0 0 0 69 0 0 0 0 0 68 0 0 0 0 0 0 0 0 0 0 0 0 0 0 0 0 0 0 0 0 0 0 0 0 0 54 0 0 0 0 0 0 0 0 0 0 50 0 0 0 0 0 90 0 0 0 0 0 0 60 0 
39 0 0 0 0 0 26 66 82 12 0 0 0 0 0 0 0 0 0 43 61 0 0 0 0 0 0 0 0 93 0 0 0 0 0 0 0 0 0 0 0 0 0 0 0 0 0 0 0 0 0 0 0 0 0 0 99 0 0 0 1 0 0 0 0 0 0 0 0 0 0 0 38 0 0 0 0 0 0 0 97 78 0 0 0 0 33 0 0 0 0 0 17 0 0 0 0 0 0 0 
0 0 0 0 0 0 0 0 0 0 50 0 0 0 0 0 0 0 27 0 0 79 0 81 0 0 0 0 0 0 5 0 0 0 0 0 60 0 0 0 69 0 0 0 0 0 0 94 0 0 0 0 0 0 0 97 0 0 0 0 0 0 0 0 0 0 7 0 55 0 0 0 0 0 0 0 0 5 0 62 0 51 0 0 0 0 0 0 0 0 0 0 0 0 63 0 0 0 0 0 
0 0 0 0 0 0 0 0 0 32 0 0 0 0 0 0 0 0 100 0 0 0 35 0 0 0 0 0 0 57 0 44 0 44 26 0 0 0 0 98 0 0 0 0 0 0 0 0 0 0 0 0 71 0 0 0 0 0 12 0 0 0 0 0 95 98 0 0 0 0 7 0 0 0 0 0 0 0 0 0 0 0 0 0 0 63 97 0 0 0 0 0 0 0 0 0 0 0 0 0 
0 0 22 0 0 0 0 0 0 44 0 0 0 0 0 0 0 98 0 0 0 0 0 0 0 15 0 0 0 0 0 4 0 72 15 0 0 0 0 0 0 0 0 0 0 0 0 0 0 0 0 0 0 0 23 0 0 0 0 0 0 5 94 0 0 0 0 29 0 0 0 0 0 0 0 0 21 0 0 0 0 0 52 0 0 0 0 0 0 100 0 0 0 0 0 0 0 0 0 0 
0 0 0 0 0 0 0 0 0 0 0 0 0 0 0 0 22 0 0 0 0 36 0 0 0 23 0 0 0 0 0 30 0 0 0 0 0 0 0 0 0 0 0 0 0 0 0 0 0 0 82 0 0 72 0 13 0 0 0 0 0 2 0 0 0 0 0 0 0 0 0 0 0 0 0 80 0 0 0 0 0 0 0 97 0 0 0 0 0 99 0 0 11 0 0 88 0 0 0 0 
0 0 0 0 0 73 0 0 78 0 0 0 0 0 42 0 0 0 0 0 0 0 0 0 0 0 0 0 0 50 0 11 0 0 49 0 0 0 0 0 0 0 0 0 0 0 0 0 0 0 0 46 0 0 0 0 0 0 0 0 0 0 0 0 0 0 0 0 0 0 0 0 0 0 31 0 0 0 0 8 0 86 0 0 0 0 0 75 0 0 0 0 0 0 0 0 0 39 0 0 
0 31 0 31 0 0 0 0 0 0 0 0 0 0 0 0 0 0 0 0 0 0 0 0 0 0 0 66 0 0 0 0 0 16 0 58 0 0 0 0 0 0 94 0 0 0 0 0 0 0 0 0 31 33 0 85 0 34 0 0 0 0 0 37 0 0 0 10 0 0 0 0 0 0 0 0 0 47 0 0 0 0 0 0 0 0 0 0 0 27 0 0 0 0 0 0 0 92 0 0 
0 0 0 0 0 0 0 0 0 0 8 0 0 0 89 0 1 0 0 0 0 0 4 0 0 0 0 0 0 0 0 0 0 0 0 0 0 0 0 0 68 0 0 0 0 0 0 0 0 0 0 0 0 0 0 0 0 0 0 0 0 93 0 0 0 57 0 0 0 0 65 73 0 55 82 0 45 13 0 0 0 0 0 0 56 0 0 0 0 0 0 0 39 0 0 0 0 0 0 0 
0 13 0 0 0 0 0 0 0 0 72 55 0 0 100 0 0 0 88 96 0 0 0 0 0 0 0 0 0 0 0 0 0 0 0 0 0 0 0 0 0 0 0 0 0 0 0 0 0 0 0 39 0 0 0 0 65 0 0 0 28 0 0 0 91 0 0 24 99 0 0 0 0 46 0 0 0 0 99 0 0 0 0 0 0 65 0 0 0 0 0 0 0 0 0 0 0 0 0 0 
0 0 0 0 5 0 62 0 0 0 0 0 0 0 78 58 0 0 0 0 0 0 0 0 0 0 0 0 0 0 0 0 0 0 0 0 44 0 0 0 0 0 0 0 0 82 0 0 0 0 0 93 0 0 0 0 0 58 0 0 0 0 0 0 0 0 16 0 0 90 0 6 58 0 0 0 0 0 0 0 90 0 0 0 0 0 0 29 0 0 0 0 0 0 69 0 0 0 0 0 
0 0 0 0 0 0 0 0 0 63 0 0 0 0 0 48 0 0 0 0 0 0 0 0 0 0 0 0 30 0 0 4 0 0 0 0 0 0 0 0 0 0 0 0 0 0 46 0 0 39 93 0 0 0 0 61 52 0 0 0 0 0 94 0 0 0 0 0 0 0 0 0 0 0 27 0 48 0 0 0 0 0 0 0 0 0 0 0 0 0 0 0 0 0 36 23 0 5 0 0 
0 0 0 0 59 0 0 0 0 0 0 0 0 0 0 0 48 0 0 44 0 96 0 0 0 0 0 0 0 0 0 0 0 0 84 0 0 0 0 0 0 0 0 71 0 0 0 31 0 0 0 0 0 0 0 0 89 92 0 0 0 0 0 0 0 0 0 0 0 0 0 0 0 0 71 0 0 0 31 0 0 37 99 0 0 0 61 0 0 0 0 0 0 0 7 0 0 0 0 0 
0 0 81 0 0 0 0 0 0 0 0 0 0 43 49 0 0 0 0 0 0 0 0 0 0 0 0 0 0 0 0 0 0 0 0 0 0 0 79 0 0 0 0 0 0 72 0 33 0 0 0 0 0 0 97 0 0 0 0 0 0 0 0 0 0 0 0 0 0 0 0 0 0 0 0 0 0 0 0 0 15 0 9 33 0 0 0 0 0 0 0 0 0 91 0 0 0 0 0 0 
0 0 0 0 0 23 0 27 0 0 0 0 0 0 0 0 0 0 0 0 0 0 0 0 0 0 40 0 0 0 31 0 0 0 0 0 0 0 0 0 0 0 0 0 23 0 0 0 0 0 0 0 0 97 0 24 0 0 0 0 0 0 32 0 0 0 55 0 0 0 0 0 0 0 0 0 0 0 0 0 84 0 71 0 0 0 32 85 0 0 0 0 0 0 14 0 0 0 0 0 
0 0 0 0 0 0 0 0 0 0 0 0 0 4 0 0 0 0 0 0 0 0 11 0 0 0 0 0 86 0 0 0 0 0 0 0 0 0 0 0 0 0 97 0 0 13 0 85 0 0 0 61 0 0 24 0 0 0 0 0 48 0 0 0 0 0 0 0 0 0 0 0 0 0 72 0 0 0 0 0 0 0 0 0 0 0 0 0 0 0 0 0 0 23 0 57 0 61 0 0 
0 0 0 0 0 0 0 0 0 0 44 0 0 0 0 57 0 0 0 0 0 0 0 0 0 0 0 0 0 0 0 0 0 35 0 0 0 0 47 0 0 99 0 0 0 0 0 0 0 65 0 52 89 0 0 0 0 0 0 0 0 0 0 18 0 0 0 0 0 0 73 0 47 0 0 0 0 8 0 0 0 0 0 0 0 0 0 0 0 0 0 22 0 0 0 0 0 0 0 0 
0 0 0 8 0 0 0 0 0 0 0 0 0 0 0 0 0 0 0 0 0 0 0 0 0 0 0 0 0 0 0 0 0 0 0 0 0 0 0 0 0 0 0 0 0 0 0 34 0 0 58 0 92 0 0 0 0 0 0 0 0 56 0 0 0 75 0 0 0 0 52 0 22 0 0 31 29 0 0 0 0 0 0 0 0 28 0 0 0 0 57 30 0 0 0 0 0 74 0 0 
0 0 0 0 0 0 0 0 0 0 0 0 0 0 61 0 33 0 0 0 0 0 0 0 0 38 0 0 0 0 0 0 15 0 0 0 0 77 0 8 0 0 0 12 0 0 0 0 0 0 0 0 0 0 0 0 0 0 0 21 0 0 0 63 0 0 0 0 0 0 0 0 0 0 0 0 0 0 0 0 0 0 0 0 0 0 0 0 0 0 0 0 0 0 0 0 85 0 0 0 
0 0 0 0 0 0 0 0 0 0 76 0 0 0 0 0 0 0 46 0 0 0 0 0 77 0 18 0 42 0 0 0 0 0 0 0 0 0 0 0 0 0 0 0 0 0 0 0 0 0 0 0 0 0 0 0 0 0 21 0 0 0 0 3 0 0 0 0 0 0 0 0 0 0 99 29 0 41 0 0 0 0 0 87 0 0 0 0 0 0 1 0 0 28 0 0 84 0 0 0 
0 0 0 0 0 0 0 0 0 0 0 0 0 0 0 0 0 100 0 0 0 0 0 0 0 0 21 0 0 0 0 0 0 24 0 0 0 0 0 0 0 1 0 0 0 0 0 0 0 28 0 0 0 0 0 48 0 0 0 0 0 0 0 21 9 0 0 0 0 0 0 0 0 0 0 0 28 0 0 0 0 0 0 0 0 0 0 52 0 0 0 0 0 35 0 10 0 15 0 0 
0 0 0 0 0 0 0 90 0 0 0 0 67 0 0 0 0 0 0 0 0 0 0 36 0 0 0 0 0 0 69 0 0 0 0 24 0 0 0 0 0 0 0 0 5 2 0 0 93 0 0 0 0 0 0 0 0 56 0 0 0 0 0 0 0 71 25 0 92 0 62 0 0 0 0 68 0 0 0 0 0 0 0 0 0 0 0 0 0 0 0 0 45 0 0 0 0 0 0 0 
0 0 0 42 0 0 0 0 0 0 0 0 0 0 95 0 0 0 0 0 0 0 0 0 0 0 0 79 0 6 0 0 99 41 0 0 5 0 0 0 0 0 0 0 94 0 0 0 0 0 0 94 0 0 32 0 0 0 0 0 0 0 0 0 0 0 0 7 0 0 0 0 0 0 0 0 0 0 0 7 0 0 0 0 5 0 0 0 0 54 0 0 0 44 0 0 0 0 0 0 
0 0 0 67 0 0 0 0 0 26 0 0 0 0 0 0 0 0 0 0 95 0 0 0 22 0 0 0 0 0 0 45 0 0 0 0 11 0 0 0 0 0 0 0 0 0 0 37 0 0 0 0 0 0 0 0 18 0 63 3 21 0 0 0 0 0 0 0 0 0 0 55 97 0 0 0 0 0 0 0 0 98 0 0 83 0 0 0 0 0 0 0 0 0 0 0 0 0 0 0 
0 49 0 0 0 0 0 0 0 73 0 0 0 0 0 0 0 0 74 0 0 0 0 90 0 0 0 74 0 0 0 0 0 0 0 0 0 0 0 0 0 0 0 95 0 0 0 0 0 91 0 0 0 0 0 0 0 0 0 0 9 0 0 0 0 0 0 0 0 0 0 0 5 0 0 0 0 0 0 0 0 0 0 0 0 0 0 96 79 0 0 100 0 0 0 0 0 0 0 0 
0 0 26 0 0 0 0 0 0 0 0 0 0 0 0 0 0 0 0 0 0 0 0 60 0 0 0 43 0 61 0 0 0 0 0 0 0 0 0 0 0 0 0 98 0 0 0 0 57 0 0 0 0 0 0 0 0 75 0 0 0 71 0 0 0 0 0 0 0 0 0 0 0 0 0 0 0 0 0 0 0 0 0 0 1 0 0 0 0 0 0 0 0 0 0 0 0 0 0 0 
0 82 0 0 0 0 0 0 51 0 0 0 0 0 0 0 0 0 0 0 0 0 0 0 0 50 89 0 0 0 46 26 0 0 0 0 0 0 0 0 0 0 7 0 0 0 0 0 0 0 16 0 0 0 55 0 0 0 0 0 0 25 0 0 0 0 0 0 0 0 0 0 0 0 0 0 0 0 0 0 0 0 0 0 0 56 0 0 34 0 0 0 29 18 0 0 0 0 0 0 
11 0 12 0 0 19 0 66 0 0 0 0 0 0 0 0 0 0 0 0 0 0 0 0 43 0 0 0 22 0 0 0 0 0 0 0 0 0 0 48 0 0 0 0 29 0 0 10 0 24 0 0 0 0 0 0 0 0 0 0 0 0 7 0 0 0 0 0 53 0 0 0 0 0 0 0 0 0 0 0 0 0 0 0 41 0 0 0 0 0 0 0 0 0 0 0 2 16 0 0 
0 0 0 0 0 0 0 0 0 0 0 0 0 20 0 0 0 0 0 0 0 0 39 73 50 0 82 0 0 0 0 0 0 0 0 22 0 14 0 0 0 0 55 0 0 0 0 0 0 99 0 0 0 0 0 0 0 0 0 0 0 92 0 0 0 0 0 53 0 0 48 0 0 0 0 0 54 0 0 0 71 0 0 0 0 0 0 0 0 0 0 0 0 0 90 0 0 0 0 0 
0 0 50 3 0 0 0 0 0 0 0 0 0 77 0 0 0 67 0 0 0 0 0 0 0 0 0 0 0 0 0 86 0 0 0 0 19 0 0 0 0 0 0 0 0 0 0 0 0 0 90 0 0 0 0 0 0 0 0 0 0 0 0 0 0 0 0 0 0 0 0 0 0 0 0 0 0 0 0 0 0 0 0 0 0 97 0 2 0 0 0 0 8 94 0 0 31 0 0 0 
0 0 0 0 0 0 0 0 0 0 0 0 0 84 0 0 0 0 0 0 0 58 0 0 0 0 0 0 0 0 0 0 0 99 0 0 0 0 0 2 0 0 0 7 0 0 0 0 65 0 0 0 0 0 0 0 73 52 0 0 0 62 0 0 0 0 0 0 48 0 0 0 0 0 77 0 92 0 0 0 0 0 36 0 0 0 0 0 65 0 0 0 0 0 0 0 0 0 74 0 
0 0 0 0 0 0 70 57 0 0 0 0 0 0 0 0 0 0 0 35 0 0 0 0 0 0 0 0 0 0 0 0 0 0 0 0 0 0 54 0 0 0 0 0 0 0 0 0 73 0 6 0 0 0 0 0 0 0 0 0 0 0 0 55 0 0 0 0 0 0 0 0 0 0 68 0 0 58 0 0 0 0 0 0 0 0 0 0 0 0 0 18 0 0 0 0 0 0 0 0 
19 0 0 0 65 0 0 0 0 0 0 0 0 0 0 0 0 0 0 0 0 0 0 0 0 0 0 0 0 78 0 0 78 0 0 0 0 0 18 0 0 38 0 0 0 0 0 0 0 0 58 0 0 0 0 0 47 22 0 0 0 0 0 97 5 0 0 0 0 0 0 0 0 0 34 0 0 0 0 98 0 0 25 0 0 0 0 0 0 0 0 0 95 0 0 0 0 0 0 0 
0 0 0 0 0 0 0 0 0 0 0 0 0 0 0 0 0 0 0 0 0 11 0 61 0 0 0 0 0 0 0 0 44 0 0 0 0 0 0 0 0 0 0 0 0 0 0 0 55 46 0 0 0 0 0 0 0 0 0 0 0 0 0 0 0 0 0 0 0 0 0 0 0 0 0 0 0 0 68 0 0 37 0 0 0 0 0 91 0 0 0 0 24 0 0 0 71 0 0 0 
0 0 0 0 0 0 0 0 0 0 0 0 0 0 0 0 0 0 0 0 0 0 0 0 0 0 0 0 0 0 0 0 0 0 0 0 0 0 0 0 54 0 0 0 0 0 31 0 82 0 0 27 71 0 0 72 0 0 0 99 0 0 0 0 0 0 0 0 0 0 77 68 34 0 0 0 0 0 0 0 92 0 0 0 0 0 0 0 25 0 0 0 74 0 0 0 0 0 0 0 
0 0 66 57 46 0 0 0 0 0 0 0 0 0 0 0 0 0 11 0 0 14 0 20 95 0 0 0 10 0 0 0 0 0 0 0 0 0 0 0 0 0 0 0 0 80 0 0 0 0 0 0 0 0 0 0 0 31 0 29 0 68 0 0 0 0 0 0 0 0 0 0 0 0 0 0 0 0 0 0 0 0 0 0 0 0 0 0 0 0 52 0 0 0 68 0 0 0 0 52 
0 0 0 0 0 0 0 0 0 0 0 0 0 0 0 0 0 0 0 0 83 0 0 0 0 0 0 0 74 0 0 0 0 21 0 0 0 0 0 0 0 0 0 0 21 0 0 0 45 0 0 48 0 0 0 0 0 29 0 0 28 0 0 0 0 0 0 0 54 0 92 0 0 0 0 0 0 0 0 0 0 0 0 0 0 77 0 0 0 0 0 0 33 0 0 0 0 0 0 2 
0 0 0 0 0 0 0 0 0 0 0 0 11 0 0 0 92 0 0 0 0 0 95 0 0 0 0 0 0 0 0 0 0 0 0 0 4 0 0 0 0 0 5 0 0 0 0 47 13 0 0 0 0 0 0 0 8 0 0 41 0 0 0 0 0 0 0 0 0 0 0 58 0 0 0 0 0 0 54 0 0 0 0 0 0 0 0 0 0 0 0 98 0 0 0 0 99 0 0 0 
0 0 84 0 0 0 0 0 0 0 0 0 0 0 4 0 0 0 0 0 0 0 0 0 0 52 0 0 86 10 0 0 0 0 0 0 0 0 0 0 0 0 0 0 0 0 0 0 0 99 0 0 31 0 0 0 0 0 0 0 0 0 0 0 0 0 0 0 0 0 0 0 0 68 0 0 0 54 0 0 0 0 0 0 0 0 0 82 0 0 0 0 0 40 0 0 0 0 0 0 
73 0 0 0 0 60 0 0 0 0 0 51 0 0 0 0 0 0 0 0 0 0 0 0 0 0 0 0 95 0 0 0 0 67 0 0 0 83 56 0 0 0 62 0 0 0 8 0 0 0 0 0 0 0 0 0 0 0 0 0 0 0 7 0 0 0 0 0 0 0 0 0 98 0 0 0 0 0 0 0 0 0 0 0 0 0 24 0 0 0 87 0 77 0 0 0 0 0 0 0 
0 0 0 0 53 0 55 0 0 0 0 0 0 0 0 0 0 0 0 0 0 0 0 56 0 49 0 80 0 0 0 0 0 24 6 0 0 0 0 0 0 97 0 0 0 0 0 0 0 0 90 0 0 15 84 0 0 0 0 0 0 0 0 0 0 0 0 0 71 0 0 0 0 0 92 0 0 0 0 0 0 91 0 0 0 0 0 0 0 0 0 0 0 0 95 0 0 0 0 0 
0 0 0 0 0 0 0 0 0 0 22 0 0 0 0 0 0 0 0 0 0 0 0 0 0 0 0 27 0 0 0 0 0 64 0 0 91 90 0 0 0 78 51 0 0 0 86 0 0 0 0 0 37 0 0 0 0 0 0 0 0 0 0 98 0 0 0 0 0 0 0 0 0 37 0 0 0 0 0 0 91 0 0 0 0 0 0 0 17 9 0 0 0 88 0 0 0 0 0 0 
0 0 0 0 0 0 0 0 71 0 0 0 0 0 0 15 0 0 0 0 55 0 0 0 0 0 0 0 68 0 0 0 39 0 93 0 97 0 0 88 0 0 0 0 52 0 0 0 0 0 0 0 99 9 71 0 0 0 0 0 0 0 0 0 0 0 0 0 0 0 36 0 25 0 0 0 0 0 0 0 0 0 0 0 0 0 0 68 0 0 0 0 0 0 0 0 0 0 0 0 
0 94 0 0 0 94 0 0 0 67 0 0 0 0 0 59 0 0 0 0 0 0 0 0 0 16 0 0 0 0 0 0 0 62 0 0 0 0 0 0 0 0 0 0 0 97 0 0 0 0 0 0 0 33 0 0 0 0 0 87 0 0 0 0 0 0 0 0 0 0 0 0 0 0 0 0 0 0 0 0 0 0 0 0 43 0 0 0 0 99 0 0 0 0 0 99 0 0 0 0 
0 66 69 0 0 0 0 0 0 0 0 0 0 0 0 0 0 99 0 62 98 59 0 0 0 69 0 0 0 33 0 0 0 0 0 28 0 0 0 0 0 0 0 0 0 0 0 0 56 0 0 0 0 0 0 0 0 0 0 0 0 0 5 83 0 1 0 41 0 0 0 0 0 0 0 0 0 0 0 0 0 0 0 43 0 0 0 0 0 0 0 0 0 0 0 0 0 0 0 0 
0 0 0 0 0 0 27 0 0 54 0 0 0 0 0 0 0 0 0 0 0 0 93 19 0 0 0 0 0 0 0 0 0 0 0 0 0 0 0 0 50 0 0 63 0 0 0 0 0 65 0 0 0 0 0 0 0 28 0 0 0 0 0 0 0 0 56 0 0 97 0 0 0 0 0 0 77 0 0 0 0 0 0 0 0 0 0 0 0 0 0 0 0 0 0 72 98 0 88 78 
0 0 0 74 0 0 0 0 81 0 0 0 76 0 0 0 0 0 0 0 0 0 0 94 0 0 0 0 0 0 0 0 0 0 0 0 0 0 0 78 0 33 0 97 0 0 0 0 0 0 0 0 61 0 32 0 0 0 0 0 0 0 0 0 0 0 0 0 0 0 0 0 0 0 0 0 0 0 0 24 0 0 0 0 0 0 0 0 0 71 0 0 0 0 0 0 0 91 10 0 
0 0 0 0 0 0 0 0 59 0 0 0 0 0 0 0 0 0 0 0 0 0 0 0 0 0 0 0 0 0 39 0 0 0 84 0 54 0 0 0 0 0 0 0 0 0 75 0 0 0 29 0 0 0 85 0 0 0 0 0 52 0 0 0 96 0 0 0 0 2 0 0 0 91 0 0 0 0 82 0 0 0 68 0 0 0 0 0 0 0 0 0 0 0 0 0 0 0 0 0 
0 0 0 0 0 0 0 0 0 46 5 67 0 34 0 0 0 0 0 0 94 0 0 0 45 0 0 0 0 0 0 75 26 0 0 0 85 23 0 0 0 0 0 0 0 0 0 0 0 0 0 0 0 0 0 0 0 0 0 0 0 0 0 0 79 0 34 0 0 0 65 0 0 0 25 0 0 0 0 0 0 17 0 0 0 0 0 0 0 0 0 0 0 0 0 0 0 0 0 0 
21 0 0 0 92 0 70 40 0 0 0 0 0 0 0 0 0 0 0 0 0 0 34 0 0 0 0 0 85 0 0 0 87 0 0 0 0 0 0 0 0 0 0 0 100 99 0 27 0 0 0 0 0 0 0 0 0 0 0 0 0 0 54 0 0 0 0 0 0 0 0 0 0 0 0 0 0 0 0 0 0 9 0 99 0 0 71 0 0 0 0 0 0 0 0 0 0 37 0 0 
88 37 0 0 0 0 0 0 0 30 0 22 0 0 0 0 66 0 0 0 50 0 0 0 0 25 0 0 0 0 0 0 0 0 0 70 50 0 0 0 0 0 0 0 0 0 0 0 0 0 0 0 0 0 0 0 0 57 0 1 0 0 0 0 0 0 0 0 0 0 0 0 0 0 0 52 0 0 0 87 0 0 0 0 0 0 0 0 0 0 0 0 0 0 25 0 0 0 0 65 
0 0 0 55 0 0 0 0 0 0 15 82 0 0 0 0 0 0 0 0 0 0 35 0 0 75 0 2 0 0 0 37 0 0 0 0 0 0 0 0 90 0 0 0 0 0 0 0 0 0 0 0 0 0 0 0 22 30 0 0 0 0 0 0 100 0 0 0 0 0 0 18 0 0 0 0 0 98 0 0 0 0 0 0 0 0 0 0 0 0 0 0 0 0 0 0 94 0 0 0 
0 30 0 0 0 0 0 0 83 0 0 0 0 0 0 0 0 0 0 0 0 0 0 0 0 0 0 6 0 34 0 0 0 0 0 0 0 0 0 0 0 17 0 0 0 11 0 0 39 0 0 0 0 0 0 0 0 0 0 0 0 45 0 0 0 0 29 0 0 8 0 0 95 24 74 0 33 0 0 77 0 0 0 0 0 0 0 0 0 0 0 0 0 0 0 0 0 0 0 0 
0 0 0 0 0 0 0 0 0 0 0 0 0 0 0 0 0 0 0 22 0 0 55 0 0 0 0 0 0 0 0 49 0 0 0 0 0 0 0 0 0 0 0 0 0 0 0 0 0 0 0 0 0 91 0 23 0 0 0 28 35 0 44 0 0 0 18 0 0 94 0 0 0 0 0 0 0 0 40 0 0 88 0 0 0 0 0 0 0 0 0 0 0 0 0 0 0 0 0 0 
0 0 0 0 93 0 0 0 0 0 0 0 78 0 0 0 0 0 0 0 0 0 0 0 0 25 0 0 0 0 43 0 0 0 0 0 0 0 0 0 0 0 63 0 0 0 0 0 0 0 69 36 7 0 14 0 0 0 0 0 0 0 0 0 0 0 0 0 90 0 0 0 0 0 0 68 0 0 0 0 95 0 0 0 0 0 0 0 0 0 25 0 0 0 0 0 0 77 0 0 
0 0 0 0 0 0 40 73 0 0 94 0 0 0 0 0 0 0 0 58 73 0 0 0 92 0 0 0 0 0 0 0 0 0 87 0 0 85 0 0 0 0 0 0 0 88 0 0 0 0 0 23 0 0 0 57 0 0 0 0 10 0 0 0 0 0 0 0 0 0 0 0 0 0 0 0 0 0 0 0 0 0 0 99 0 72 0 0 0 0 0 0 0 0 0 0 99 0 0 0 
0 0 48 0 94 0 0 0 0 0 0 0 0 0 0 0 5 0 32 0 0 0 0 0 0 0 0 0 0 39 67 0 0 0 0 0 0 0 0 0 0 0 0 0 0 0 0 0 0 0 0 0 0 0 0 0 0 0 85 84 0 0 0 0 0 0 0 2 0 31 0 0 0 71 0 0 0 99 0 0 0 0 0 0 0 98 0 0 0 0 0 94 0 0 0 99 0 0 0 0 
0 0 0 31 0 0 0 0 0 0 0 0 0 0 0 0 0 0 0 0 0 30 0 0 0 0 0 0 0 0 0 20 71 0 0 0 0 0 79 0 0 0 0 0 0 0 39 92 0 0 0 5 0 0 0 61 0 74 0 0 15 0 0 0 0 0 0 16 0 0 0 0 0 0 0 0 0 0 0 0 0 0 0 0 0 0 91 0 0 37 0 0 0 0 77 0 0 0 0 0 
0 0 0 0 0 0 0 0 0 6 0 0 0 0 0 0 0 0 0 0 0 0 0 0 0 0 67 0 92 0 0 0 0 0 0 0 0 74 0 0 60 0 0 0 0 0 0 0 0 0 0 0 0 0 0 0 0 0 0 0 0 0 0 0 0 0 0 0 0 0 74 0 0 0 0 0 0 0 0 0 0 0 0 0 0 88 10 0 0 0 0 0 0 0 0 0 0 0 0 0 
57 0 0 0 0 0 0 0 0 0 0 0 0 0 43 0 0 0 0 0 0 0 0 0 0 0 0 0 86 0 0 0 0 0 0 0 0 0 0 0 0 0 0 0 0 0 0 0 0 0 0 0 0 0 0 0 0 0 0 0 0 0 0 0 0 0 0 0 0 0 0 0 0 0 0 52 2 0 0 0 0 0 0 0 0 78 0 0 0 0 65 0 0 0 0 0 0 0 0 0 
