0 0 0 0 0 0 160 0 0 168 0 0 0 0 0 0 0 0 0 0 0 0 0 0 0 0 0 183 0 0 0 0 0 0 23 0 148 0 0 0 0 0 5 206 206 0 0 0 0 45 0 0 294 0 0 0 0 0 0 0 0 0 0 0 0 0 0 0 0 0 0 0 0 0 0 0 0 0 0 142 0 0 0 0 0 0 0 78 0 0 0 0 0 0 0 0 0 0 0 0 
0 0 0 0 0 0 0 0 103 0 67 0 0 132 0 0 0 0 0 0 0 0 0 162 123 0 0 64 48 0 0 0 0 0 103 0 0 0 0 0 0 127 0 0 0 0 0 0 0 83 0 0 0 0 0 0 0 0 0 0 0 0 0 0 0 0 0 0 294 0 0 184 0 0 0 0 0 0 0 0 0 0 0 0 0 0 95 0 0 0 0 0 0 65 0 0 0 0 0 0 
0 0 0 0 0 0 0 0 0 0 0 0 0 0 0 30 0 0 0 0 60 37 0 0 136 0 0 0 0 267 0 0 0 0 0 0 0 5 0 0 149 118 0 0 213 0 0 0 0 0 0 0 0 0 0 0 0 269 267 0 0 0 0 0 0 0 0 0 0 0 0 0 60 0 0 0 0 0 0 0 0 0 0 0 0 0 0 0 0 0 164 0 240 0 0 0 0 93 0 0 
0 0 0 0 10 0 0 0 0 0 0 0 0 0 0 95 0 0 0 0 0 115 0 0 0 0 0 262 0 196 0 0 0 0 0 0 0 0 0 0 0 0 0 0 155 271 0 0 0 0 0 0 0 0 0 0 0 0 0 0 0 0 0 0 0 0 99 300 0 0 0 0 11 0 0 0 0 37 0 277 0 0 0 0 0 0 90 225 0 0 48 0 0 0 0 0 0 0 0 0 
0 0 0 10 0 0 0 0 0 0 0 0 0 0 254 0 0 0 256 0 0 0 0 0 0 0 160 0 0 0 0 198 151 0 0 0 0 0 181 0 0 118 0 0 0 0 0 0 146 0 0 0 0 0 189 0 0 0 0 0 0 0 0 0 0 0 0 119 0 101 0 0 0 0 0 0 70 0 0 0 0 0 0 0 0 0 0 0 0 0 179 0 0 0 117 0 0 0 0 0 
0 0 0 0 0 0 38 0 0 0 0 0 0 0 0 0 0 0 0 0 0 194 0 0 0 0 0 0 0 0 0 0 238 0 0 0 74 0 0 0 0 0 0 0 99 0 276 0 35 0 0 0 0 0 0 0 0 0 0 0 0 0 0 4 0 0 0 0 0 0 0 18 0 0 0 0 0 0 0 0 0 0 0 0 0 0 0 0 0 0 0 0 0 0 0 0 0 0 73 27 
160 0 0 0 0 38 0 0 0 0 0 0 0 0 0 168 0 224 0 0 0 0 0 0 0 0 0 0 0 0 276 0 0 189 161 0 0 0 0 0 0 0 0 0 0 0 0 0 162 0 0 0 0 184 283 0 0 0 0 0 0 0 0 117 0 0 0 0 0 0 0 0 0 0 0 0 0 0 0 0 0 0 133 31 0 0 0 0 0 0 0 0 0 0 0 0 260 94 0 0 
0 0 0 0 0 0 0 0 0 0 0 0 85 0 0 38 0 0 0 0 0 0 246 0 0 0 0 0 0 0 0 0 0 0 0 0 0 0 0 230 0 0 0 0 93 172 0 0 0 0 0 0 6 0 0 0 0 0 0 0 0 0 0 0 0 0 0 177 0 0 0 0 0 0 0 0 0 0 0 0 0 260 0 0 0 0 98 0 0 0 0 0 0 0 235 0 0 0 0 0 
0 103 0 0 0 0 0 0 0 0 0 0 0 0 0 0 0 266 0 0 0 0 0 143 0 6 0 0 0 0 0 0 0 0 0 0 0 0 0 0 134 0 0 0 0 0 0 0 0 0 0 0 0 0 0 0 0 90 0 0 0 0 0 0 0 0 0 0 0 0 0 0 0 0 0 0 0 0 0 104 0 0 0 0 0 0 0 0 0 0 0 0 0 0 0 0 0 0 0 0 
168 0 0 0 0 0 0 0 0 0 0 0 0 0 0 0 285 0 0 0 0 0 0 0 0 0 0 0 0 113 271 0 0 0 240 0 0 0 0 0 0 0 0 213 196 0 0 0 0 0 0 95 0 0 0 0 0 0 0 0 0 0 34 0 0 0 0 0 0 0 0 101 0 0 0 0 0 0 0 0 0 281 221 0 0 0 0 0 0 0 2 0 0 296 0 0 0 0 0 0 
0 67 0 0 0 0 0 0 0 0 0 0 0 0 0 0 0 0 0 0 0 0 117 0 0 0 0 0 0 0 0 0 0 0 85 0 0 0 0 0 0 0 0 246 0 0 0 0 0 213 0 0 0 0 72 149 0 0 0 0 190 0 32 0 0 0 0 50 282 0 0 0 0 0 0 0 0 0 0 0 0 176 0 0 0 0 0 0 0 0 0 295 0 0 0 173 0 0 191 0 
0 0 0 0 0 0 0 0 0 0 0 0 290 0 0 0 0 0 0 0 0 0 0 0 0 0 0 0 0 0 0 212 0 0 0 214 0 0 0 0 0 0 0 0 0 0 0 298 0 0 156 0 0 213 0 0 0 0 0 279 0 0 115 296 0 0 0 0 0 0 0 0 0 0 156 117 0 0 21 0 0 0 0 0 0 0 0 0 0 0 0 0 0 0 0 0 0 0 0 57 
0 0 0 0 0 0 0 85 0 0 0 290 0 0 0 0 0 0 0 0 127 0 0 0 0 0 0 38 0 0 0 0 181 0 0 0 0 0 23 0 0 0 0 0 0 0 0 0 175 0 94 0 0 0 0 0 0 0 0 0 192 0 0 0 0 0 0 0 0 0 0 0 0 0 0 0 0 0 0 0 0 0 0 0 0 0 60 0 233 200 0 0 0 0 144 0 0 95 0 0 
0 132 0 0 0 0 0 0 0 0 0 0 0 0 0 0 0 0 0 0 0 0 0 0 0 156 0 0 0 0 0 0 0 0 0 0 0 0 0 289 0 0 0 159 0 0 0 0 0 0 0 0 0 0 0 0 0 0 0 0 0 0 0 0 298 0 0 0 0 0 0 0 9 0 0 0 0 0 0 0 0 0 0 261 186 0 0 0 0 171 0 0 0 0 0 0 0 0 0 0 
0 0 0 0 254 0 0 0 0 0 0 0 0 0 0 0 0 0 0 0 0 0 0 0 0 0 0 0 0 0 0 0 0 0 0 0 0 35 157 0 0 0 294 0 0 0 0 0 0 0 0 0 0 0 0 0 18 0 0 161 0 246 0 0 0 0 112 0 0 0 0 12 0 0 0 0 0 0 0 0 0 56 0 0 0 0 0 0 0 0 0 0 0 0 0 0 228 0 0 0 
0 0 30 95 0 0 168 38 0 0 0 0 0 0 0 0 0 129 0 0 0 0 0 0 0 0 0 0 0 0 241 0 42 145 0 0 0 0 0 0 71 0 0 0 0 0 0 0 0 0 156 0 0 0 0 0 169 0 0 0 0 108 71 0 67 0 0 0 0 0 0 0 0 0 0 0 0 0 0 0 0 0 0 0 0 0 0 0 0 0 0 0 0 0 0 0 0 0 0 269 
0 0 0 0 0 0 0 0 0 285 0 0 0 0 0 0 0 0 0 169 0 0 0 0 0 215 30 0 0 0 0 0 0 0 0 0 0 244 0 0 0 0 0 0 0 0 83 29 0 0 0 0 0 0 0 0 0 0 0 0 0 0 0 0 0 28 0 0 0 0 0 0 120 0 0 160 0 0 0 0 0 0 0 0 210 0 0 0 269 0 0 0 0 0 0 0 0 0 0 86 
0 0 0 0 0 0 224 0 266 0 0 0 0 0 0 129 0 0 0 0 0 0 0 214 0 0 25 0 0 0 0 0 0 0 0 0 0 0 0 0 0 0 0 57 0 0 0 0 113 0 76 0 0 0 0 0 0 0 24 0 112 0 0 0 0 0 0 0 0 0 0 0 0 0 0 0 0 0 0 0 0 0 0 0 0 12 96 0 0 14 253 0 0 0 0 0 0 0 0 97 
0 0 0 0 256 0 0 0 0 0 0 0 0 0 0 0 0 0 0 0 0 0 0 0 0 0 0 0 0 0 0 0 0 0 0 0 0 0 144 0 0 0 237 0 0 0 0 0 0 41 216 108 0 0 0 0 0 0 0 0 0 0 0 205 0 0 243 0 0 0 0 0 0 0 0 0 50 0 0 0 0 237 0 0 192 0 0 0 0 0 44 0 0 0 0 0 0 0 0 286 
0 0 0 0 0 0 0 0 0 0 0 0 0 0 0 0 169 0 0 0 266 0 186 0 0 0 0 0 0 0 0 0 0 0 0 0 0 0 296 0 2 0 0 0 0 0 0 0 0 0 0 0 0 0 0 0 0 0 99 0 0 119 0 0 229 0 0 0 179 0 0 0 0 197 25 0 0 0 0 0 246 0 0 0 0 0 232 0 0 0 0 0 0 120 0 0 0 0 44 0 
0 0 60 0 0 0 0 0 0 0 0 0 127 0 0 0 0 0 0 266 0 0 0 0 0 0 0 0 98 0 0 0 0 0 113 0 0 0 0 0 0 0 0 0 0 0 114 0 0 235 0 112 0 0 10 0 0 0 43 0 0 0 0 0 0 0 0 0 82 0 0 0 0 0 0 22 0 0 0 0 0 0 0 136 81 0 0 0 0 0 0 0 0 0 0 0 0 0 42 0 
0 0 37 115 0 194 0 0 0 0 0 0 0 0 0 0 0 0 0 0 0 0 0 0 0 0 0 0 0 0 0 0 0 0 0 0 39 0 0 0 0 16 0 101 0 0 0 0 0 0 0 0 0 0 0 0 0 0 0 0 229 0 0 0 0 0 0 0 0 0 202 220 257 0 225 0 0 0 0 74 0 225 0 216 0 0 0 0 0 0 0 0 279 0 0 0 0 0 0 0 
0 0 0 0 0 0 0 246 0 0 117 0 0 0 0 0 0 0 0 186 0 0 0 0 0 0 0 0 0 0 0 236 0 0 0 0 0 0 0 0 0 0 0 0 0 0 0 0 0 225 0 141 144 0 0 18 0 0 0 0 81 0 0 0 213 0 0 32 0 0 0 0 0 69 0 218 0 219 0 0 0 0 0 0 0 0 0 0 0 0 0 0 0 0 0 23 0 0 0 0 
0 162 0 0 0 0 0 0 143 0 0 0 0 0 0 0 0 214 0 0 0 0 0 0 0 0 0 0 0 135 64 0 0 0 0 209 0 2 0 0 0 0 0 263 0 154 0 0 0 0 0 0 0 0 0 0 0 0 0 0 0 0 0 0 0 0 0 0 0 0 0 0 0 0 0 282 0 0 0 0 178 0 0 292 0 191 277 0 0 0 0 0 0 0 0 0 87 0 0 0 
0 123 136 0 0 0 0 0 0 0 0 0 0 0 0 0 0 0 0 0 0 0 0 0 0 0 0 0 0 0 0 0 0 0 0 41 0 0 0 143 0 0 0 238 0 202 275 0 0 0 0 0 0 0 0 0 0 0 0 0 0 0 47 0 0 0 73 0 246 0 0 0 0 0 0 12 148 0 0 0 14 0 0 0 0 0 0 0 0 0 0 0 0 0 0 0 0 0 282 0 
0 0 0 0 0 0 0 0 6 0 0 0 0 156 0 0 215 0 0 0 0 0 0 0 0 0 0 0 0 0 0 0 234 0 0 0 0 0 0 0 0 0 0 0 0 187 0 0 0 0 0 0 0 0 0 43 0 0 0 146 0 0 0 0 0 0 0 0 0 0 0 0 0 260 0 173 0 0 0 0 0 0 7 0 0 0 0 0 0 42 0 0 0 0 0 116 242 0 0 0 
0 0 0 0 160 0 0 0 0 0 0 0 0 0 0 0 30 25 0 0 0 0 0 0 0 0 0 0 0 0 0 0 0 0 0 291 71 287 0 0 0 0 0 0 0 246 85 0 0 0 0 0 0 13 0 0 0 0 0 0 0 0 0 0 0 0 0 0 0 295 137 0 247 118 0 0 140 0 0 0 0 0 0 0 0 0 0 0 0 0 146 0 0 0 0 0 0 0 0 0 
183 64 0 262 0 0 0 0 0 0 0 0 38 0 0 0 0 0 0 0 0 0 0 0 0 0 0 0 0 0 0 0 0 0 0 0 0 233 263 0 0 0 227 0 0 0 0 0 0 0 0 0 0 124 0 0 0 0 0 0 0 0 0 196 0 0 0 0 0 0 164 0 0 0 0 0 0 0 0 30 0 0 0 195 54 0 0 0 0 0 0 0 0 187 0 0 0 0 0 285 
0 48 0 0 0 0 0 0 0 0 0 0 0 0 0 0 0 0 0 0 98 0 0 0 0 0 0 0 0 0 0 203 0 270 0 225 0 0 0 98 0 0 0 17 0 0 187 0 0 0 256 0 0 0 0 0 0 0 0 0 0 140 0 0 0 0 0 0 0 0 0 0 229 0 0 0 0 0 0 0 0 0 0 230 72 79 0 0 0 0 0 248 0 0 0 0 0 0 0 0 
0 0 267 196 0 0 0 0 0 113 0 0 0 0 0 0 0 0 0 0 0 0 0 135 0 0 0 0 0 0 0 0 0 293 0 0 0 0 0 0 0 0 132 0 0 0 68 0 0 0 0 0 47 0 0 0 0 189 0 11 0 0 0 0 0 0 0 0 0 95 45 0 0 0 0 0 0 0 0 0 0 0 0 0 0 0 78 0 288 139 0 0 0 0 0 0 0 0 0 0 
0 0 0 0 0 0 276 0 0 271 0 0 0 0 0 241 0 0 0 0 0 0 0 64 0 0 0 0 0 0 0 77 0 0 68 0 0 0 0 203 0 189 223 0 0 0 0 0 57 0 0 0 0 0 0 248 214 0 0 0 0 0 0 0 0 0 0 0 0 0 0 0 0 0 0 0 0 0 0 0 0 0 0 0 0 14 0 0 0 0 0 0 0 262 0 0 0 0 0 0 
0 0 0 0 198 0 0 0 0 0 0 212 0 0 0 0 0 0 0 0 0 0 236 0 0 0 0 0 203 0 77 0 0 194 0 0 0 0 0 16 0 0 0 0 0 0 0 219 0 0 0 0 83 0 0 0 0 0 0 275 0 0 0 0 0 0 0 0 0 0 282 0 0 0 186 0 0 0 98 0 0 0 0 0 0 0 0 190 0 0 0 0 0 0 173 0 0 0 0 0 
0 0 0 0 151 238 0 0 0 0 0 0 181 0 0 42 0 0 0 0 0 0 0 0 0 234 0 0 0 0 0 0 0 0 0 0 0 0 0 0 0 0 0 0 0 0 0 0 0 0 0 0 0 0 0 0 0 0 0 0 0 0 0 0 0 0 0 0 222 0 0 0 55 0 0 0 0 263 0 0 0 0 122 0 0 0 160 147 152 0 0 193 0 0 0 0 57 0 0 0 
0 0 0 0 0 0 189 0 0 0 0 0 0 0 0 145 0 0 0 0 0 0 0 0 0 0 0 0 270 293 0 194 0 0 0 0 0 0 0 0 0 0 0 0 0 0 0 0 296 0 0 0 0 30 0 80 0 106 0 0 18 0 0 105 0 0 0 0 0 0 0 44 0 0 0 0 0 0 0 0 0 88 0 0 0 0 0 0 0 0 0 122 0 0 0 0 0 0 0 0 
23 103 0 0 0 0 161 0 0 240 85 0 0 0 0 0 0 0 0 0 113 0 0 0 0 0 0 0 0 0 68 0 0 0 0 0 0 0 0 0 0 0 0 0 0 0 0 0 0 0 0 0 0 0 0 0 0 0 0 0 0 249 0 0 232 0 0 0 0 0 0 0 0 257 0 0 0 0 0 0 0 0 0 215 0 0 0 0 0 0 0 0 0 0 0 0 275 0 0 0 
0 0 0 0 0 0 0 0 0 0 0 214 0 0 0 0 0 0 0 0 0 0 0 209 41 0 291 0 225 0 0 0 0 0 0 0 0 0 0 0 0 0 0 0 0 180 0 0 0 0 0 0 0 0 86 0 0 0 0 0 0 0 0 0 0 0 149 0 0 0 0 0 107 0 0 176 0 6 0 0 0 80 0 0 180 0 109 0 0 0 0 0 0 0 0 90 0 0 0 0 
148 0 0 0 0 74 0 0 0 0 0 0 0 0 0 0 0 0 0 0 0 39 0 0 0 0 71 0 0 0 0 0 0 0 0 0 0 0 0 0 0 0 0 0 0 0 0 0 0 0 0 0 0 0 0 0 67 0 0 0 0 0 0 0 154 0 0 0 0 0 0 0 0 0 0 0 0 196 0 0 0 0 269 19 0 69 0 0 0 0 0 0 0 0 0 0 104 0 82 0 
0 0 5 0 0 0 0 0 0 0 0 0 0 0 35 0 244 0 0 0 0 0 0 2 0 0 287 233 0 0 0 0 0 0 0 0 0 0 0 0 0 0 0 0 0 0 0 0 0 0 0 0 0 0 0 0 0 55 0 273 0 0 0 0 60 0 0 0 0 0 0 0 0 0 0 0 0 0 0 0 0 0 0 0 0 130 18 0 71 0 0 0 96 0 0 265 0 0 0 0 
0 0 0 0 181 0 0 0 0 0 0 0 23 0 157 0 0 0 144 296 0 0 0 0 0 0 0 263 0 0 0 0 0 0 0 0 0 0 0 0 0 0 0 0 0 0 0 0 148 69 0 0 0 193 0 0 0 0 0 0 0 0 0 0 101 0 0 0 0 0 0 0 0 0 0 0 0 0 0 0 0 0 0 0 0 0 0 0 0 212 0 0 0 0 0 0 0 0 242 286 
0 0 0 0 0 0 0 230 0 0 0 0 0 289 0 0 0 0 0 0 0 0 0 0 143 0 0 0 98 0 203 16 0 0 0 0 0 0 0 0 0 0 0 0 125 0 0 0 0 0 0 170 0 149 0 0 0 0 0 0 0 0 0 0 0 73 0 0 0 0 0 60 0 208 0 0 0 0 198 0 0 0 0 0 0 208 0 0 81 0 0 0 0 0 0 0 0 0 0 0 
0 0 149 0 0 0 0 0 134 0 0 0 0 0 0 71 0 0 0 2 0 0 0 0 0 0 0 0 0 0 0 0 0 0 0 0 0 0 0 0 0 0 0 0 0 0 0 0 0 0 0 269 0 197 0 205 0 0 0 0 0 0 0 0 0 0 0 0 0 0 0 0 0 0 0 204 0 0 0 0 0 0 0 0 0 0 0 177 0 0 0 96 0 0 0 0 0 0 0 0 
0 127 118 0 118 0 0 0 0 0 0 0 0 0 0 0 0 0 0 0 0 16 0 0 0 0 0 0 0 0 189 0 0 0 0 0 0 0 0 0 0 0 0 0 0 0 0 0 0 15 0 0 0 0 222 0 0 0 247 0 0 0 0 232 0 0 88 0 0 0 0 0 0 261 0 0 0 0 0 244 0 0 241 0 0 0 0 0 0 0 0 0 0 0 0 0 189 190 0 0 
5 0 0 0 0 0 0 0 0 0 0 0 0 0 294 0 0 0 237 0 0 0 0 0 0 0 0 227 0 132 223 0 0 0 0 0 0 0 0 0 0 0 0 0 0 0 0 93 0 243 0 286 0 0 0 0 0 17 0 268 0 0 256 0 0 0 194 0 0 0 0 0 0 0 0 0 0 0 0 0 0 0 0 0 0 0 0 0 0 0 0 0 286 0 0 141 0 0 0 0 
206 0 0 0 0 0 0 0 0 213 246 0 0 159 0 0 0 57 0 0 0 101 0 263 238 0 0 0 17 0 0 0 0 0 0 0 0 0 0 0 0 0 0 0 0 0 0 0 0 0 0 0 0 0 0 87 0 0 0 0 0 0 0 0 0 0 0 0 0 0 0 228 0 233 0 0 0 0 0 235 0 0 0 0 0 0 0 0 0 0 0 0 284 0 0 0 0 26 0 0 
206 0 213 155 0 99 0 93 0 196 0 0 0 0 0 0 0 0 0 0 0 0 0 0 0 0 0 0 0 0 0 0 0 0 0 0 0 0 0 125 0 0 0 0 0 0 0 0 0 0 108 5 0 0 0 0 0 0 0 0 0 71 0 0 0 0 0 0 0 0 0 0 0 236 80 0 0 176 0 0 0 0 0 0 0 0 0 0 0 0 66 0 0 0 48 0 0 0 0 0 
0 0 0 271 0 0 0 172 0 0 0 0 0 0 0 0 0 0 0 0 0 0 0 154 202 187 246 0 0 0 0 0 0 0 0 180 0 0 0 0 0 0 0 0 0 0 0 0 0 0 0 0 0 0 0 112 298 0 0 0 0 0 0 0 0 0 0 0 0 0 0 0 0 0 0 0 0 0 218 0 0 0 0 0 0 0 0 0 0 0 0 0 0 0 0 134 0 0 0 0 
0 0 0 0 0 276 0 0 0 0 0 0 0 0 0 0 83 0 0 0 114 0 0 0 275 0 85 0 187 68 0 0 0 0 0 0 0 0 0 0 0 0 0 0 0 0 0 0 0 0 0 182 28 0 0 0 0 0 0 0 0 19 0 0 0 0 268 0 0 0 0 0 135 0 0 0 0 0 0 0 0 109 220 0 0 0 0 0 0 0 147 0 0 0 0 0 0 0 0 0 
0 0 0 0 0 0 0 0 0 0 0 298 0 0 0 0 29 0 0 0 0 0 0 0 0 0 0 0 0 0 0 219 0 0 0 0 0 0 0 0 0 0 93 0 0 0 0 0 0 218 0 0 0 108 0 0 0 0 0 0 0 0 0 0 0 0 0 0 0 0 0 0 0 0 0 72 264 0 0 62 235 196 0 0 0 0 0 0 0 0 0 0 0 0 0 0 0 277 0 0 
0 0 0 0 146 35 162 0 0 0 0 0 175 0 0 0 0 113 0 0 0 0 0 0 0 0 0 0 0 0 57 0 0 296 0 0 0 0 148 0 0 0 0 0 0 0 0 0 0 0 0 0 0 0 0 0 0 210 0 0 0 87 261 0 0 0 0 25 0 0 0 0 0 0 0 0 0 0 0 0 0 13 0 0 0 0 0 0 0 267 0 0 0 0 0 239 0 0 0 0 
45 83 0 0 0 0 0 0 0 0 213 0 0 0 0 0 0 0 41 0 235 0 225 0 0 0 0 0 0 0 0 0 0 0 0 0 0 0 69 0 0 15 243 0 0 0 0 218 0 0 0 0 0 0 0 0 0 0 0 0 0 0 89 108 0 197 127 0 0 0 0 0 0 0 56 0 0 0 0 0 0 0 0 0 0 0 0 0 0 0 0 0 0 0 0 0 0 0 0 0 
0 0 0 0 0 0 0 0 0 0 0 156 94 0 0 156 0 76 216 0 0 0 0 0 0 0 0 0 256 0 0 0 0 0 0 0 0 0 0 0 0 0 0 0 108 0 0 0 0 0 0 0 0 0 0 170 0 0 0 0 0 199 0 0 165 0 57 0 0 0 0 0 0 0 0 0 0 289 0 0 0 0 0 0 0 0 0 0 0 0 270 0 0 0 29 0 0 0 0 0 
0 0 0 0 0 0 0 0 0 95 0 0 0 0 0 0 0 0 108 0 112 0 141 0 0 0 0 0 0 0 0 0 0 0 0 0 0 0 0 170 269 0 286 0 5 0 182 0 0 0 0 0 0 0 0 0 0 0 0 0 0 0 0 0 0 0 288 0 0 217 102 0 0 0 0 0 50 0 0 0 0 0 0 0 0 0 0 0 0 0 0 0 0 0 0 0 0 69 0 0 
294 0 0 0 0 0 0 6 0 0 0 0 0 0 0 0 0 0 0 0 0 0 144 0 0 0 0 0 0 47 0 83 0 0 0 0 0 0 0 0 0 0 0 0 0 0 28 0 0 0 0 0 0 0 0 0 0 0 0 0 0 43 0 0 0 0 0 0 50 0 0 0 0 102 0 0 0 0 0 0 0 0 219 0 0 0 0 0 260 0 0 20 0 0 0 0 0 0 0 0 
0 0 0 0 0 0 184 0 0 0 0 213 0 0 0 0 0 0 0 0 0 0 0 0 0 0 13 124 0 0 0 0 0 30 0 0 0 0 193 149 197 0 0 0 0 0 0 108 0 0 0 0 0 0 0 0 0 0 0 0 0 0 0 0 0 0 0 0 0 0 0 0 256 91 0 0 0 0 251 0 0 0 0 0 0 39 0 0 0 0 0 0 0 89 0 0 257 0 0 0 
0 0 0 0 189 0 283 0 0 0 72 0 0 0 0 0 0 0 0 0 10 0 0 0 0 0 0 0 0 0 0 0 0 0 0 86 0 0 0 0 0 222 0 0 0 0 0 0 0 0 0 0 0 0 0 0 0 83 0 0 297 109 0 215 0 0 0 0 0 0 0 0 0 0 0 0 0 0 0 0 0 0 0 0 289 75 0 0 0 0 136 0 249 0 0 0 219 0 0 0 
0 0 0 0 0 0 0 0 0 0 149 0 0 0 0 0 0 0 0 0 0 0 18 0 0 43 0 0 0 0 248 0 0 80 0 0 0 0 0 0 205 0 0 87 0 112 0 0 0 0 170 0 0 0 0 0 0 0 0 0 29 0 0 252 0 0 0 0 0 0 0 0 0 0 0 0 0 297 0 0 0 192 0 0 0 0 294 0 0 0 0 0 0 0 0 0 0 0 270 0 
0 0 0 0 0 0 0 0 0 0 0 0 0 0 18 169 0 0 0 0 0 0 0 0 0 0 0 0 0 0 214 0 0 0 0 0 67 0 0 0 0 0 0 0 0 298 0 0 0 0 0 0 0 0 0 0 0 0 0 0 161 0 0 0 0 0 0 0 0 0 0 0 0 0 0 0 213 0 0 0 0 0 0 0 0 0 0 38 0 0 0 286 80 0 204 0 91 0 0 0 
0 0 269 0 0 0 0 0 90 0 0 0 0 0 0 0 0 0 0 0 0 0 0 0 0 0 0 0 0 189 0 0 0 106 0 0 0 55 0 0 0 0 17 0 0 0 0 0 210 0 0 0 0 0 83 0 0 0 0 0 0 0 0 0 0 0 0 0 0 0 0 0 0 0 0 0 0 0 0 0 0 0 0 0 0 0 125 0 0 0 0 0 0 0 165 0 0 0 0 42 
0 0 267 0 0 0 0 0 0 0 0 0 0 0 0 0 0 24 0 99 43 0 0 0 0 0 0 0 0 0 0 0 0 0 0 0 0 0 0 0 0 247 0 0 0 0 0 0 0 0 0 0 0 0 0 0 0 0 0 0 0 0 0 0 0 0 130 0 0 256 0 199 0 0 0 0 42 0 0 0 0 0 0 0 0 0 0 0 0 0 36 0 291 7 0 0 0 0 0 0 
0 0 0 0 0 0 0 0 0 0 0 279 0 0 161 0 0 0 0 0 0 0 0 0 0 146 0 0 0 11 0 275 0 0 0 0 0 273 0 0 0 0 268 0 0 0 0 0 0 0 0 0 0 0 0 0 0 0 0 0 0 78 0 214 0 0 0 0 0 0 0 24 0 0 0 0 0 0 206 0 0 0 0 0 217 18 0 171 33 0 0 0 0 0 0 0 0 0 0 0 
0 0 0 0 0 0 0 0 0 0 190 0 192 0 0 0 0 112 0 0 0 229 81 0 0 0 0 0 0 0 0 0 0 18 0 0 0 0 0 0 0 0 0 0 0 0 0 0 0 0 0 0 0 0 297 29 161 0 0 0 0 0 0 0 0 0 150 0 0 0 0 0 0 0 44 284 112 0 235 0 0 0 0 0 0 0 0 0 0 0 0 0 0 0 0 0 0 0 0 130 
0 0 0 0 0 0 0 0 0 0 0 0 0 0 246 108 0 0 0 119 0 0 0 0 0 0 0 0 140 0 0 0 0 0 249 0 0 0 0 0 0 0 0 0 71 0 19 0 87 0 199 0 43 0 109 0 0 0 0 78 0 0 0 0 0 0 0 0 0 0 0 0 0 43 0 0 0 0 0 0 0 0 0 0 0 0 0 0 121 0 0 0 0 247 0 0 0 0 0 0 
0 0 0 0 0 0 0 0 0 34 32 115 0 0 0 71 0 0 0 0 0 0 0 0 47 0 0 0 0 0 0 0 0 0 0 0 0 0 0 0 0 0 256 0 0 0 0 0 261 89 0 0 0 0 0 0 0 0 0 0 0 0 0 0 0 0 0 0 0 0 0 0 0 0 215 0 0 0 0 0 128 0 0 0 134 0 0 128 0 0 0 0 0 0 0 0 0 0 0 0 
0 0 0 0 0 4 117 0 0 0 0 296 0 0 0 0 0 0 205 0 0 0 0 0 0 0 0 196 0 0 0 0 0 105 0 0 0 0 0 0 0 232 0 0 0 0 0 0 0 108 0 0 0 0 215 252 0 0 0 214 0 0 0 0 0 0 0 0 0 0 160 0 0 0 0 0 119 0 0 0 0 0 0 0 0 0 0 0 80 0 0 0 0 0 0 0 0 0 0 0 
0 0 0 0 0 0 0 0 0 0 0 0 0 298 0 67 0 0 0 229 0 0 213 0 0 0 0 0 0 0 0 0 0 0 232 0 154 60 101 0 0 0 0 0 0 0 0 0 0 0 165 0 0 0 0 0 0 0 0 0 0 0 0 0 0 0 0 176 0 0 0 214 30 0 0 0 0 0 0 0 0 0 0 274 0 0 0 0 0 0 0 0 0 0 0 214 24 0 0 0 
0 0 0 0 0 0 0 0 0 0 0 0 0 0 0 0 28 0 0 0 0 0 0 0 0 0 0 0 0 0 0 0 0 0 0 0 0 0 0 73 0 0 0 0 0 0 0 0 0 197 0 0 0 0 0 0 0 0 0 0 0 0 0 0 0 0 0 0 188 0 60 0 0 0 251 0 0 156 0 0 251 161 197 0 0 0 0 0 0 0 0 0 0 0 86 194 0 0 0 0 
0 0 0 99 0 0 0 0 0 0 0 0 0 0 112 0 0 0 243 0 0 0 0 0 73 0 0 0 0 0 0 0 0 0 0 149 0 0 0 0 0 88 194 0 0 0 268 0 0 127 57 288 0 0 0 0 0 0 130 0 150 0 0 0 0 0 0 0 0 0 0 0 0 0 0 0 0 0 0 0 0 0 0 0 0 0 0 0 0 0 0 241 0 0 0 0 0 190 0 0 
0 0 0 300 119 0 0 177 0 0 50 0 0 0 0 0 0 0 0 0 0 0 32 0 0 0 0 0 0 0 0 0 0 0 0 0 0 0 0 0 0 0 0 0 0 0 0 0 25 0 0 0 0 0 0 0 0 0 0 0 0 0 0 0 176 0 0 0 0 0 0 0 0 0 0 289 0 0 0 0 0 0 0 0 0 0 0 0 0 0 5 0 0 0 0 293 0 0 0 0 
0 294 0 0 0 0 0 0 0 0 282 0 0 0 0 0 0 0 0 179 82 0 0 0 246 0 0 0 0 0 0 0 222 0 0 0 0 0 0 0 0 0 0 0 0 0 0 0 0 0 0 0 50 0 0 0 0 0 0 0 0 0 0 0 0 188 0 0 0 0 0 0 0 0 28 0 0 0 0 0 0 0 0 0 0 0 0 0 0 0 0 0 209 107 0 0 0 0 0 0 
0 0 0 0 101 0 0 0 0 0 0 0 0 0 0 0 0 0 0 0 0 0 0 0 0 0 295 0 0 95 0 0 0 0 0 0 0 0 0 0 0 0 0 0 0 0 0 0 0 0 0 217 0 0 0 0 0 0 256 0 0 0 0 0 0 0 0 0 0 0 0 0 0 0 0 0 0 0 0 0 0 0 0 0 0 0 0 98 0 0 0 0 0 0 0 0 0 160 0 0 
0 0 0 0 0 0 0 0 0 0 0 0 0 0 0 0 0 0 0 0 0 202 0 0 0 0 137 164 0 45 0 282 0 0 0 0 0 0 0 0 0 0 0 0 0 0 0 0 0 0 0 102 0 0 0 0 0 0 0 0 0 0 0 160 0 60 0 0 0 0 0 0 232 0 0 0 0 0 222 0 0 0 0 219 0 0 0 0 298 0 0 0 0 0 0 0 69 0 283 0 
0 184 0 0 0 18 0 0 0 101 0 0 0 0 12 0 0 0 0 0 0 220 0 0 0 0 0 0 0 0 0 0 0 44 0 0 0 0 0 60 0 0 0 228 0 0 0 0 0 0 0 0 0 0 0 0 0 0 199 24 0 0 0 0 214 0 0 0 0 0 0 0 0 0 0 0 0 86 0 0 0 0 0 0 253 0 0 0 153 0 0 0 243 0 0 0 0 0 0 0 
0 0 60 11 0 0 0 0 0 0 0 0 0 9 0 0 120 0 0 0 0 257 0 0 0 0 247 0 229 0 0 0 55 0 0 107 0 0 0 0 0 0 0 0 0 0 135 0 0 0 0 0 0 256 0 0 0 0 0 0 0 0 0 0 30 0 0 0 0 0 232 0 0 0 0 0 0 0 0 0 0 0 0 239 0 0 0 0 0 0 0 0 0 0 0 257 0 0 0 0 
0 0 0 0 0 0 0 0 0 0 0 0 0 0 0 0 0 0 0 197 0 0 69 0 0 260 118 0 0 0 0 0 0 0 257 0 0 0 0 208 0 261 0 233 236 0 0 0 0 0 0 0 102 91 0 0 0 0 0 0 0 43 0 0 0 0 0 0 0 0 0 0 0 0 0 0 0 0 0 0 0 0 0 0 0 86 0 195 0 0 0 0 0 0 0 0 0 0 0 0 
0 0 0 0 0 0 0 0 0 0 0 156 0 0 0 0 0 0 0 25 0 225 0 0 0 0 0 0 0 0 0 186 0 0 0 0 0 0 0 0 0 0 0 0 80 0 0 0 0 56 0 0 0 0 0 0 0 0 0 0 44 0 215 0 0 251 0 0 28 0 0 0 0 0 0 0 0 0 180 0 0 0 164 0 0 0 0 0 0 0 0 0 0 0 0 0 56 0 0 0 
0 0 0 0 0 0 0 0 0 0 0 117 0 0 0 0 160 0 0 0 22 0 218 282 12 173 0 0 0 0 0 0 0 0 0 176 0 0 0 0 204 0 0 0 0 0 0 72 0 0 0 0 0 0 0 0 0 0 0 0 284 0 0 0 0 0 0 289 0 0 0 0 0 0 0 0 0 0 0 0 0 0 0 0 38 202 0 0 0 0 0 0 0 0 0 0 253 0 0 0 
0 0 0 0 70 0 0 0 0 0 0 0 0 0 0 0 0 0 50 0 0 0 0 0 148 0 140 0 0 0 0 0 0 0 0 0 0 0 0 0 0 0 0 0 0 0 0 264 0 0 0 50 0 0 0 0 213 0 42 0 112 0 0 119 0 0 0 0 0 0 0 0 0 0 0 0 0 232 0 0 267 0 0 0 0 0 0 0 0 0 0 0 0 101 0 229 0 132 0 0 
0 0 0 37 0 0 0 0 0 0 0 0 0 0 0 0 0 0 0 0 0 0 219 0 0 0 0 0 0 0 0 0 263 0 0 6 196 0 0 0 0 0 0 0 176 0 0 0 0 0 289 0 0 0 0 297 0 0 0 0 0 0 0 0 0 156 0 0 0 0 0 86 0 0 0 0 232 0 0 0 91 0 0 0 0 0 0 0 0 0 239 0 0 0 280 0 0 0 0 94 
0 0 0 0 0 0 0 0 0 0 0 21 0 0 0 0 0 0 0 0 0 0 0 0 0 0 0 0 0 0 0 98 0 0 0 0 0 0 0 198 0 0 0 0 0 218 0 0 0 0 0 0 0 251 0 0 0 0 0 206 235 0 0 0 0 0 0 0 0 0 222 0 0 0 180 0 0 0 0 0 0 14 0 0 0 0 0 0 0 0 105 0 0 0 0 198 0 0 0 0 
142 0 0 277 0 0 0 0 104 0 0 0 0 0 0 0 0 0 0 0 0 74 0 0 0 0 0 30 0 0 0 0 0 0 0 0 0 0 0 0 0 244 0 235 0 0 0 62 0 0 0 0 0 0 0 0 0 0 0 0 0 0 0 0 0 0 0 0 0 0 0 0 0 0 0 0 0 0 0 0 0 0 0 0 0 0 0 0 92 0 0 0 0 0 0 0 0 0 0 0 
0 0 0 0 0 0 0 0 0 0 0 0 0 0 0 0 0 0 0 246 0 0 0 178 14 0 0 0 0 0 0 0 0 0 0 0 0 0 0 0 0 0 0 0 0 0 0 235 0 0 0 0 0 0 0 0 0 0 0 0 0 0 128 0 0 251 0 0 0 0 0 0 0 0 0 0 267 91 0 0 0 0 0 0 0 0 0 236 0 0 0 0 0 261 0 0 0 0 0 0 
0 0 0 0 0 0 0 260 0 281 176 0 0 0 56 0 0 0 237 0 0 225 0 0 0 0 0 0 0 0 0 0 0 88 0 80 0 0 0 0 0 0 0 0 0 0 109 196 13 0 0 0 0 0 0 192 0 0 0 0 0 0 0 0 0 161 0 0 0 0 0 0 0 0 0 0 0 0 14 0 0 0 0 0 67 0 0 0 0 0 0 0 0 0 0 0 0 0 0 0 
0 0 0 0 0 0 133 0 0 221 0 0 0 0 0 0 0 0 0 0 0 0 0 0 0 7 0 0 0 0 0 0 122 0 0 0 269 0 0 0 0 241 0 0 0 0 220 0 0 0 0 0 219 0 0 0 0 0 0 0 0 0 0 0 0 197 0 0 0 0 0 0 0 0 164 0 0 0 0 0 0 0 0 275 0 0 0 264 0 0 0 84 94 0 162 0 0 0 0 0 
0 0 0 0 0 0 31 0 0 0 0 0 0 261 0 0 0 0 0 0 136 216 0 292 0 0 0 195 230 0 0 0 0 0 215 0 19 0 0 0 0 0 0 0 0 0 0 0 0 0 0 0 0 0 0 0 0 0 0 0 0 0 0 0 274 0 0 0 0 0 219 0 239 0 0 0 0 0 0 0 0 0 275 0 0 0 0 68 0 0 0 131 0 0 0 0 0 0 0 0 
0 0 0 0 0 0 0 0 0 0 0 0 0 186 0 0 210 0 192 0 81 0 0 0 0 0 0 54 72 0 0 0 0 0 0 180 0 0 0 0 0 0 0 0 0 0 0 0 0 0 0 0 0 0 289 0 0 0 0 217 0 0 134 0 0 0 0 0 0 0 0 253 0 0 0 38 0 0 0 0 0 67 0 0 0 0 0 0 0 0 0 0 0 0 0 0 0 0 0 0 
0 0 0 0 0 0 0 0 0 0 0 0 0 0 0 0 0 12 0 0 0 0 0 191 0 0 0 0 79 0 14 0 0 0 0 0 69 130 0 208 0 0 0 0 0 0 0 0 0 0 0 0 0 39 75 0 0 0 0 18 0 0 0 0 0 0 0 0 0 0 0 0 0 86 0 202 0 0 0 0 0 0 0 0 0 0 0 0 105 0 0 85 0 86 0 0 0 0 0 0 
0 95 0 90 0 0 0 98 0 0 0 0 60 0 0 0 0 96 0 232 0 0 0 277 0 0 0 0 0 78 0 0 160 0 0 109 0 18 0 0 0 0 0 0 0 0 0 0 0 0 0 0 0 0 0 294 0 125 0 0 0 0 0 0 0 0 0 0 0 0 0 0 0 0 0 0 0 0 0 0 0 0 0 0 0 0 0 0 0 0 0 246 0 0 0 0 0 0 172 0 
78 0 0 225 0 0 0 0 0 0 0 0 0 0 0 0 0 0 0 0 0 0 0 0 0 0 0 0 0 0 0 190 147 0 0 0 0 0 0 0 177 0 0 0 0 0 0 0 0 0 0 0 0 0 0 0 38 0 0 171 0 0 128 0 0 0 0 0 0 98 0 0 0 195 0 0 0 0 0 0 236 0 264 68 0 0 0 0 0 0 0 30 0 0 0 0 0 0 0 0 
0 0 0 0 0 0 0 0 0 0 0 0 233 0 0 0 269 0 0 0 0 0 0 0 0 0 0 0 0 288 0 0 152 0 0 0 0 71 0 81 0 0 0 0 0 0 0 0 0 0 0 0 260 0 0 0 0 0 0 33 0 121 0 80 0 0 0 0 0 0 298 153 0 0 0 0 0 0 0 92 0 0 0 0 0 105 0 0 0 0 0 0 0 0 131 0 0 0 0 0 
0 0 0 0 0 0 0 0 0 0 0 0 200 171 0 0 0 14 0 0 0 0 0 0 0 42 0 0 0 139 0 0 0 0 0 0 0 0 212 0 0 0 0 0 0 0 0 0 267 0 0 0 0 0 0 0 0 0 0 0 0 0 0 0 0 0 0 0 0 0 0 0 0 0 0 0 0 0 0 0 0 0 0 0 0 0 0 0 0 0 0 0 0 0 95 0 0 175 0 0 
0 0 164 48 179 0 0 0 0 2 0 0 0 0 0 0 0 253 44 0 0 0 0 0 0 0 146 0 0 0 0 0 0 0 0 0 0 0 0 0 0 0 0 0 66 0 147 0 0 0 270 0 0 0 136 0 0 0 36 0 0 0 0 0 0 0 0 5 0 0 0 0 0 0 0 0 0 239 105 0 0 0 0 0 0 0 0 0 0 0 0 0 0 0 0 0 0 0 0 0 
0 0 0 0 0 0 0 0 0 0 295 0 0 0 0 0 0 0 0 0 0 0 0 0 0 0 0 0 248 0 0 0 193 122 0 0 0 0 0 0 96 0 0 0 0 0 0 0 0 0 0 0 20 0 0 0 286 0 0 0 0 0 0 0 0 0 241 0 0 0 0 0 0 0 0 0 0 0 0 0 0 0 84 131 0 85 246 30 0 0 0 0 0 0 0 0 0 0 0 2 
0 0 240 0 0 0 0 0 0 0 0 0 0 0 0 0 0 0 0 0 0 279 0 0 0 0 0 0 0 0 0 0 0 0 0 0 0 96 0 0 0 0 286 284 0 0 0 0 0 0 0 0 0 0 249 0 80 0 291 0 0 0 0 0 0 0 0 0 209 0 0 243 0 0 0 0 0 0 0 0 0 0 94 0 0 0 0 0 0 0 0 0 0 0 0 0 0 0 0 0 
0 65 0 0 0 0 0 0 0 296 0 0 0 0 0 0 0 0 0 120 0 0 0 0 0 0 0 187 0 0 262 0 0 0 0 0 0 0 0 0 0 0 0 0 0 0 0 0 0 0 0 0 0 89 0 0 0 0 7 0 0 247 0 0 0 0 0 0 107 0 0 0 0 0 0 0 101 0 0 0 261 0 0 0 0 86 0 0 0 0 0 0 0 0 0 0 0 0 0 0 
0 0 0 0 117 0 0 235 0 0 0 0 144 0 0 0 0 0 0 0 0 0 0 0 0 0 0 0 0 0 0 173 0 0 0 0 0 0 0 0 0 0 0 0 48 0 0 0 0 0 29 0 0 0 0 0 204 165 0 0 0 0 0 0 0 86 0 0 0 0 0 0 0 0 0 0 0 280 0 0 0 0 162 0 0 0 0 0 131 95 0 0 0 0 0 229 0 0 0 216 
0 0 0 0 0 0 0 0 0 0 173 0 0 0 0 0 0 0 0 0 0 0 23 0 0 116 0 0 0 0 0 0 0 0 0 90 0 265 0 0 0 0 141 0 0 134 0 0 239 0 0 0 0 0 0 0 0 0 0 0 0 0 0 0 214 194 0 293 0 0 0 0 257 0 0 0 229 0 198 0 0 0 0 0 0 0 0 0 0 0 0 0 0 0 229 0 0 0 0 0 
0 0 0 0 0 0 260 0 0 0 0 0 0 0 228 0 0 0 0 0 0 0 0 87 0 242 0 0 0 0 0 0 57 0 275 0 104 0 0 0 0 189 0 0 0 0 0 0 0 0 0 0 0 257 219 0 91 0 0 0 0 0 0 0 24 0 0 0 0 0 69 0 0 0 56 253 0 0 0 0 0 0 0 0 0 0 0 0 0 0 0 0 0 0 0 0 0 0 0 0 
0 0 93 0 0 0 94 0 0 0 0 0 95 0 0 0 0 0 0 0 0 0 0 0 0 0 0 0 0 0 0 0 0 0 0 0 0 0 0 0 0 190 0 26 0 0 0 277 0 0 0 69 0 0 0 0 0 0 0 0 0 0 0 0 0 0 190 0 0 160 0 0 0 0 0 0 132 0 0 0 0 0 0 0 0 0 0 0 0 175 0 0 0 0 0 0 0 0 0 0 
0 0 0 0 0 73 0 0 0 0 191 0 0 0 0 0 0 0 0 44 42 0 0 0 282 0 0 0 0 0 0 0 0 0 0 0 82 0 242 0 0 0 0 0 0 0 0 0 0 0 0 0 0 0 0 270 0 0 0 0 0 0 0 0 0 0 0 0 0 0 283 0 0 0 0 0 0 0 0 0 0 0 0 0 0 0 172 0 0 0 0 0 0 0 0 0 0 0 0 0 
0 0 0 0 0 27 0 0 0 0 0 57 0 0 0 269 86 97 286 0 0 0 0 0 0 0 0 285 0 0 0 0 0 0 0 0 0 0 286 0 0 0 0 0 0 0 0 0 0 0 0 0 0 0 0 0 0 42 0 0 130 0 0 0 0 0 0 0 0 0 0 0 0 0 0 0 0 94 0 0 0 0 0 0 0 0 0 0 0 0 0 2 0 0 216 0 0 0 0 0 
