0 0 0 0 0 0 0 0 0 0 0 0 0 0 0 0 0 0 0 0 55 0 0 0 0 0 0 0 0 0 0 0 0 36 0 0 93 0 0 0 0 0 0 0 0 0 0 0 0 0 0 0 0 0 72 0 0 77 0 0 0 0 0 0 0 0 43 0 0 0 0 0 68 0 0 98 0 0 10 0 6 0 0 0 0 0 0 0 0 0 0 0 0 0 0 0 7 0 0 0 
0 0 0 0 0 30 0 0 0 0 0 0 0 67 0 22 90 0 0 0 0 0 0 0 0 0 0 0 0 0 0 0 13 0 0 65 0 60 0 0 0 0 0 0 0 0 0 0 0 42 0 0 0 0 0 0 83 0 86 0 0 0 0 0 0 68 0 0 0 0 0 0 0 58 0 0 0 0 42 0 0 0 0 0 0 0 0 0 0 0 0 0 0 0 0 0 0 0 11 0 
0 0 0 0 0 0 0 0 0 0 0 0 0 0 0 0 0 0 0 0 0 0 0 0 0 0 0 0 0 0 0 81 56 0 0 0 0 85 0 0 0 0 0 0 0 0 0 0 0 0 0 0 0 68 0 0 0 0 0 0 0 0 0 0 0 0 0 0 29 39 78 0 0 0 0 0 0 0 0 0 0 27 0 0 32 0 0 0 0 0 72 0 0 0 97 0 0 0 2 0 
0 0 0 0 0 0 0 0 0 0 0 0 0 0 0 0 0 0 0 0 0 0 0 0 0 0 0 0 0 9 0 0 0 0 0 0 0 0 0 85 0 0 0 0 0 0 0 0 0 0 0 0 36 0 0 46 0 0 0 0 0 0 53 0 0 0 0 0 0 0 40 0 0 0 0 0 82 0 0 0 0 0 0 0 0 0 0 0 0 0 0 0 0 0 0 0 0 0 0 0 
0 0 0 0 0 0 0 0 0 0 0 78 0 0 0 0 0 0 0 0 97 0 0 0 0 0 0 0 0 0 0 69 0 0 0 0 0 0 0 0 0 0 0 0 0 0 0 0 0 0 0 0 0 0 0 0 0 0 0 98 46 47 0 0 0 0 0 0 0 0 0 0 28 0 0 0 0 0 0 0 0 0 0 0 0 0 0 0 0 0 83 0 0 17 0 0 0 0 0 0 
0 30 0 0 0 0 0 0 0 0 0 0 0 0 57 0 10 0 26 52 0 0 0 0 0 0 0 69 0 0 0 0 0 0 0 0 0 0 0 0 0 33 0 0 0 0 0 0 0 0 0 0 0 0 0 0 0 0 0 0 0 59 0 0 0 0 0 32 0 0 0 0 0 0 0 96 0 0 80 0 0 0 0 15 0 0 0 0 0 94 0 38 0 0 0 0 0 0 0 0 
0 0 0 0 0 0 0 0 0 7 0 0 0 0 0 0 0 0 0 0 0 0 0 0 0 0 0 0 0 0 0 0 0 27 0 0 0 0 0 0 0 0 0 0 0 0 0 0 0 0 0 0 0 90 0 0 0 0 0 0 0 2 0 0 0 0 0 0 0 0 0 91 0 6 0 21 0 0 0 0 0 0 0 0 0 0 0 0 0 0 0 0 0 0 0 0 0 0 0 0 
0 0 0 0 0 0 0 0 0 0 0 0 66 0 0 0 0 0 0 0 0 0 0 0 0 0 0 24 0 76 0 30 0 0 0 0 0 0 0 0 0 0 0 0 29 0 87 0 0 0 0 0 0 0 0 0 0 0 0 27 0 0 0 0 0 0 0 0 0 0 0 0 0 0 0 0 25 0 0 0 0 0 0 0 0 0 0 0 17 0 0 0 0 0 0 0 0 0 0 0 
0 0 0 0 0 0 0 0 0 0 0 0 0 0 0 0 0 0 0 0 0 0 0 0 0 0 0 0 47 0 0 0 0 83 0 0 87 0 0 0 0 0 0 0 75 0 0 0 0 0 0 43 0 0 0 0 0 0 0 0 0 0 0 0 0 0 0 0 0 0 19 0 0 0 0 0 0 0 0 0 0 0 0 0 0 0 0 40 0 0 0 0 0 0 0 0 0 0 0 0 
0 0 0 0 0 0 7 0 0 0 0 53 0 0 0 0 0 0 0 0 0 0 0 0 33 0 0 0 0 0 0 0 0 88 0 0 0 33 0 0 0 0 0 0 0 0 0 0 0 0 0 0 0 0 88 49 0 0 0 0 0 0 0 0 0 0 0 0 0 0 0 0 46 23 0 0 0 0 2 0 0 0 0 0 0 0 0 0 0 0 0 0 39 0 0 0 0 0 0 0 
0 0 0 0 0 0 0 0 0 0 0 1 0 0 0 0 0 0 0 0 0 0 0 0 0 0 0 0 0 0 0 0 0 0 0 0 0 0 0 0 0 0 0 0 31 0 0 43 0 0 0 0 0 0 0 0 0 0 0 0 0 0 0 0 0 0 0 0 0 0 0 0 0 0 0 0 0 62 0 0 0 0 18 0 0 0 0 0 0 0 0 0 0 0 0 0 0 0 0 0 
0 0 0 0 78 0 0 0 0 53 1 0 0 0 0 0 0 0 0 0 0 0 0 0 0 0 13 0 0 0 0 0 64 29 0 65 0 0 0 0 0 0 0 0 0 0 0 0 36 0 0 0 0 0 0 0 0 0 0 0 0 0 0 0 0 59 0 51 0 0 0 0 0 0 0 0 0 0 0 0 84 0 0 0 0 0 0 0 0 0 0 0 0 0 0 86 0 0 0 0 
0 0 0 0 0 0 0 66 0 0 0 0 0 0 0 0 0 0 0 0 0 0 0 0 0 0 0 0 0 28 0 0 0 0 0 94 0 0 0 0 0 0 0 0 0 0 0 39 58 0 0 6 0 0 0 0 0 0 0 48 0 0 0 0 0 0 0 0 0 0 0 0 0 0 0 0 0 0 0 73 0 0 0 0 0 48 0 0 0 0 93 0 0 0 0 0 0 0 0 0 
0 67 0 0 0 0 0 0 0 0 0 0 0 0 0 0 0 0 0 0 0 0 0 0 0 0 0 39 0 0 0 0 0 0 0 0 0 75 0 0 0 0 0 0 0 0 0 0 0 0 0 0 60 0 0 0 0 0 0 0 0 0 0 0 0 0 0 37 0 13 0 0 31 0 0 0 0 0 0 0 0 0 0 0 0 0 0 29 74 55 0 25 0 92 0 0 0 0 0 0 
0 0 0 0 0 57 0 0 0 0 0 0 0 0 0 0 0 0 0 0 0 46 0 88 0 0 0 0 0 0 82 0 0 0 0 0 43 0 0 0 0 0 0 0 0 0 0 0 0 0 0 0 0 0 66 0 0 94 0 0 0 0 0 0 75 0 0 0 0 0 0 0 0 0 0 0 0 0 72 0 0 0 0 0 0 0 0 0 0 0 0 0 0 0 0 0 0 0 0 0 
0 22 0 0 0 0 0 0 0 0 0 0 0 0 0 0 0 0 0 0 0 0 0 0 0 0 0 0 83 0 61 1 0 37 0 0 0 0 0 0 0 0 0 0 0 0 74 0 73 0 0 0 0 0 0 0 23 0 0 14 0 0 0 0 72 0 0 0 0 0 0 0 0 73 0 0 0 0 0 0 0 0 0 0 0 0 0 0 0 0 0 0 0 0 0 0 0 63 0 0 
0 90 0 0 0 10 0 0 0 0 0 0 0 0 0 0 0 0 0 0 0 0 60 0 0 0 0 0 0 0 0 0 0 0 0 0 0 0 0 0 0 0 0 0 0 0 0 0 0 0 0 0 0 0 0 0 0 0 0 0 0 0 0 12 71 0 0 0 0 0 0 0 0 0 0 0 89 0 0 48 0 0 24 0 0 0 0 0 0 0 0 0 0 0 0 0 0 0 0 0 
0 0 0 0 0 0 0 0 0 0 0 0 0 0 0 0 0 0 0 0 0 0 99 0 0 0 0 0 0 0 17 0 75 0 0 0 0 0 0 0 0 0 0 0 0 16 26 0 28 0 0 0 90 0 0 0 0 0 0 0 0 0 0 0 0 0 3 0 0 0 0 0 0 40 0 0 0 0 0 78 0 0 0 0 0 0 0 0 0 0 0 0 0 0 0 0 0 0 0 0 
0 0 0 0 0 26 0 0 0 0 0 0 0 0 0 0 0 0 0 0 0 0 0 0 0 0 29 0 0 57 0 0 0 0 0 0 0 42 0 0 0 0 0 0 0 1 0 0 26 0 0 0 0 0 0 0 38 0 0 0 0 9 0 93 0 0 0 35 16 0 0 0 0 0 0 0 0 0 0 0 0 0 36 93 0 0 0 0 0 0 0 0 0 80 0 0 0 0 0 0 
0 0 0 0 0 52 0 0 0 0 0 0 0 0 0 0 0 0 0 0 97 0 0 0 0 0 0 0 0 25 94 0 0 53 0 0 0 0 0 0 0 0 72 0 0 0 0 0 22 0 0 0 0 0 0 74 0 0 0 0 0 0 0 0 0 0 0 0 0 60 0 0 0 0 0 0 0 0 0 0 0 0 0 0 0 0 0 0 13 0 0 0 0 0 0 0 0 0 0 84 
55 0 0 0 97 0 0 0 0 0 0 0 0 0 0 0 0 0 0 97 0 0 0 0 0 0 0 60 0 0 0 0 15 0 0 0 0 0 0 0 0 0 0 0 0 0 0 0 0 0 0 0 0 0 11 0 27 0 34 0 0 0 0 0 0 0 0 0 0 0 0 0 0 0 0 0 0 40 0 0 0 0 0 0 0 21 0 0 0 0 0 0 0 0 0 0 0 0 0 54 
0 0 0 0 0 0 0 0 0 0 0 0 0 0 46 0 0 0 0 0 0 0 0 0 0 0 0 0 0 0 0 0 0 0 0 0 0 0 0 0 0 0 0 0 0 0 0 0 0 0 0 0 0 0 0 43 0 0 0 0 22 22 0 52 97 0 0 0 0 0 0 0 0 0 0 0 0 0 0 0 0 74 0 0 0 0 0 0 0 0 0 0 0 0 0 0 0 0 0 43 
0 0 0 0 0 0 0 0 0 0 0 0 0 0 0 0 60 99 0 0 0 0 0 0 0 0 0 0 24 0 0 0 0 0 0 29 0 0 0 0 0 0 0 0 0 0 0 0 0 0 0 0 0 2 0 0 0 0 0 0 0 0 0 0 0 0 0 0 74 0 0 64 0 0 0 0 0 0 0 40 0 97 0 0 0 0 0 2 0 0 52 0 0 0 0 0 0 62 0 0 
0 0 0 0 0 0 0 0 0 0 0 0 0 0 88 0 0 0 0 0 0 0 0 0 0 0 11 52 0 0 0 0 0 0 0 0 0 53 0 0 90 0 0 0 71 0 0 0 0 0 0 0 0 0 0 0 0 0 0 0 67 0 0 0 0 0 0 0 0 0 0 0 0 0 0 0 0 0 0 88 0 42 0 0 0 0 0 0 0 0 13 0 0 0 59 0 0 0 0 79 
0 0 0 0 0 0 0 0 0 33 0 0 0 0 0 0 0 0 0 0 0 0 0 0 0 81 0 0 0 0 0 0 0 77 0 0 0 0 0 0 0 0 0 0 0 0 0 0 6 0 0 0 0 0 0 0 0 0 0 0 0 0 0 0 0 0 0 87 0 0 0 0 67 92 0 0 0 0 0 0 0 67 0 0 0 0 0 0 0 0 0 0 0 0 0 0 0 0 0 9 
0 0 0 0 0 0 0 0 0 0 0 0 0 0 0 0 0 0 0 0 0 0 0 0 81 0 0 0 0 0 0 0 0 95 0 0 0 0 0 0 0 98 0 0 0 0 0 0 0 0 0 0 0 0 0 0 0 0 0 0 0 0 58 0 0 0 0 0 0 0 0 0 0 0 0 0 0 0 0 0 56 3 0 0 0 0 0 0 0 0 0 10 0 0 47 0 0 0 0 0 
0 0 0 0 0 0 0 0 0 0 0 13 0 0 0 0 0 0 29 0 0 0 0 11 0 0 0 0 0 0 0 0 0 0 0 0 0 0 0 0 0 0 8 0 0 0 0 0 0 0 0 0 0 0 0 0 0 0 0 0 0 0 0 0 32 0 0 0 0 98 0 0 0 0 0 0 0 0 14 0 0 0 0 0 0 0 0 0 0 0 0 0 0 0 0 0 41 0 44 0 
0 0 0 0 0 69 0 24 0 0 0 0 0 39 0 0 0 0 0 0 60 0 0 52 0 0 0 0 0 0 0 13 0 0 0 0 0 0 0 0 0 0 0 0 83 5 0 0 0 0 0 0 0 0 0 0 0 0 71 0 0 9 0 0 0 0 0 0 0 0 0 0 0 0 0 89 0 0 0 0 0 0 0 0 0 0 0 0 0 99 0 0 0 0 0 0 0 0 0 0 
0 0 0 0 0 0 0 0 47 0 0 0 0 0 0 83 0 0 0 0 0 0 24 0 0 0 0 0 0 0 0 0 0 39 0 0 0 0 66 0 79 0 0 0 0 0 0 0 0 0 0 0 0 0 0 0 0 27 0 0 84 0 0 0 0 8 0 0 0 0 63 0 0 0 0 0 0 0 0 0 0 0 0 92 0 0 0 0 0 0 0 5 0 83 0 0 0 0 0 53 
0 0 0 9 0 0 0 76 0 0 0 0 28 0 0 0 0 0 57 25 0 0 0 0 0 0 0 0 0 0 0 0 0 0 0 0 0 0 0 0 85 0 0 0 0 0 0 0 0 0 0 46 0 0 0 0 27 0 0 0 0 0 0 0 0 0 33 0 0 0 0 0 0 0 0 0 0 0 0 0 0 0 0 60 0 0 0 0 0 49 0 0 0 0 0 0 0 0 0 0 
0 0 0 0 0 0 0 0 0 0 0 0 0 0 82 61 0 17 0 94 0 0 0 0 0 0 0 0 0 0 0 0 0 0 0 0 0 0 0 0 0 0 99 0 0 40 0 0 0 52 0 35 0 0 0 0 0 0 0 0 24 61 0 0 0 0 0 0 0 0 0 0 0 43 0 0 0 0 0 0 35 0 0 0 0 0 0 0 0 0 0 0 0 0 0 40 0 0 0 0 
0 0 81 0 69 0 0 30 0 0 0 0 0 0 0 1 0 0 0 0 0 0 0 0 0 0 0 13 0 0 0 0 0 0 73 0 33 0 0 0 0 0 0 41 0 0 0 0 0 0 44 0 0 0 0 0 0 0 24 0 0 0 23 0 0 0 0 0 0 0 0 0 0 0 0 0 33 0 0 0 0 0 0 0 0 0 64 0 0 0 0 0 37 0 2 0 0 0 0 0 
0 13 56 0 0 0 0 0 0 0 0 64 0 0 0 0 0 75 0 0 15 0 0 0 0 0 0 0 0 0 0 0 0 0 0 0 0 0 0 0 16 0 0 0 0 0 0 0 0 0 0 0 0 0 11 0 0 0 0 0 0 0 0 0 0 11 0 0 0 0 0 0 0 0 67 0 0 0 0 0 0 0 0 0 0 0 0 0 0 0 0 0 0 0 0 0 0 21 0 0 
36 0 0 0 0 0 27 0 83 88 0 29 0 0 0 37 0 0 0 53 0 0 0 0 77 95 0 0 39 0 0 0 0 0 0 0 0 0 20 0 0 0 0 0 0 0 0 0 0 0 0 0 0 4 0 0 0 0 0 0 0 0 0 0 0 0 0 0 0 0 0 0 0 87 0 0 0 80 0 0 0 0 0 0 0 0 0 0 0 0 0 0 0 0 0 0 0 11 0 0 
0 0 0 0 0 0 0 0 0 0 0 0 0 0 0 0 0 0 0 0 0 0 0 0 0 0 0 0 0 0 0 73 0 0 0 0 0 0 0 0 0 0 0 0 0 0 0 0 0 0 0 0 0 0 0 0 0 0 0 0 0 0 0 0 0 0 0 0 0 0 0 0 0 0 0 62 0 0 0 0 0 0 0 0 73 0 0 0 0 0 0 0 8 35 0 0 42 0 1 0 
0 65 0 0 0 0 0 0 0 0 0 65 94 0 0 0 0 0 0 0 0 0 29 0 0 0 0 0 0 0 0 0 0 0 0 0 0 0 0 0 61 0 0 25 0 0 0 0 0 0 0 0 0 0 0 0 78 0 0 0 0 99 0 0 0 0 0 0 93 0 0 0 0 0 74 0 0 0 65 0 0 0 0 0 0 63 0 0 0 0 0 0 0 0 0 0 0 0 0 0 
93 0 0 0 0 0 0 0 87 0 0 0 0 0 43 0 0 0 0 0 0 0 0 0 0 0 0 0 0 0 0 33 0 0 0 0 0 70 0 0 0 0 0 0 0 0 0 0 0 0 0 21 0 0 0 0 0 0 0 94 97 0 0 0 0 0 69 0 52 0 0 0 0 0 0 0 0 0 0 0 0 0 0 0 0 0 0 0 0 0 0 53 0 0 0 0 0 0 0 0 
0 60 85 0 0 0 0 0 0 33 0 0 0 75 0 0 0 0 42 0 0 0 0 53 0 0 0 0 0 0 0 0 0 0 0 0 70 0 0 0 0 0 100 0 0 0 0 0 0 37 0 0 0 54 0 0 0 0 0 77 0 0 0 0 48 0 25 0 0 0 0 21 0 0 0 0 0 0 0 0 0 0 0 0 0 0 0 0 0 0 0 0 0 0 0 0 0 0 0 0 
0 0 0 0 0 0 0 0 0 0 0 0 0 0 0 0 0 0 0 0 0 0 0 0 0 0 0 0 66 0 0 0 0 20 0 0 0 0 0 0 0 0 0 0 0 0 0 0 0 83 77 0 0 0 0 63 41 0 0 69 0 0 0 0 0 0 0 0 0 0 0 0 0 0 64 0 47 0 0 86 11 0 0 50 65 0 0 0 0 0 0 0 0 0 0 0 0 0 0 0 
0 0 0 85 0 0 0 0 0 0 0 0 0 0 0 0 0 0 0 0 0 0 0 0 0 0 0 0 0 0 0 0 0 0 0 0 0 0 0 0 0 0 0 0 0 0 0 0 89 0 0 0 0 0 0 0 0 0 0 0 0 0 0 0 0 0 0 0 0 0 0 0 0 14 0 0 0 0 0 0 0 0 0 0 0 0 0 0 0 0 0 0 0 0 68 0 2 0 23 0 
0 0 0 0 0 0 0 0 0 0 0 0 0 0 0 0 0 0 0 0 0 0 0 90 0 0 0 0 79 85 0 0 16 0 0 61 0 0 0 0 0 0 0 0 0 0 0 38 0 32 0 47 0 0 0 0 0 0 0 0 57 20 0 0 0 0 0 0 0 100 0 0 0 0 92 0 37 0 5 0 0 0 0 0 0 0 0 0 0 0 0 89 0 0 0 0 0 0 0 0 
0 0 0 0 0 33 0 0 0 0 0 0 0 0 0 0 0 0 0 0 0 0 0 0 0 98 0 0 0 0 0 0 0 0 0 0 0 0 0 0 0 0 0 0 0 0 0 0 0 0 0 0 0 0 0 93 0 0 0 0 69 0 0 0 63 0 0 0 0 0 0 0 0 0 0 0 0 0 0 0 0 0 0 0 0 0 0 0 0 0 67 0 0 0 0 0 0 0 0 0 
0 0 0 0 0 0 0 0 0 0 0 0 0 0 0 0 0 0 0 72 0 0 0 0 0 0 8 0 0 0 99 0 0 0 0 0 0 100 0 0 0 0 0 0 0 0 0 0 0 0 0 0 23 0 0 0 0 0 0 0 0 0 0 0 0 0 0 0 0 0 0 0 0 0 0 0 0 0 0 0 0 0 0 0 0 0 0 7 0 0 37 0 0 90 0 0 0 0 0 0 
0 0 0 0 0 0 0 0 0 0 0 0 0 0 0 0 0 0 0 0 0 0 0 0 0 0 0 0 0 0 0 41 0 0 0 25 0 0 0 0 0 0 0 0 0 0 0 0 84 0 0 21 0 0 0 0 0 0 0 51 0 0 0 0 0 0 0 0 0 96 88 0 0 0 0 0 0 0 0 0 0 0 0 0 0 0 87 0 0 0 0 0 44 0 0 0 42 0 0 0 
0 0 0 0 0 0 0 29 75 0 31 0 0 0 0 0 0 0 0 0 0 0 0 71 0 0 0 83 0 0 0 0 0 0 0 0 0 0 0 0 0 0 0 0 0 0 0 0 0 0 0 0 0 0 0 0 0 0 0 0 0 0 0 0 0 0 0 20 36 0 9 0 0 0 0 0 0 0 0 0 0 0 0 0 0 0 0 99 0 0 0 0 0 0 0 0 0 0 0 0 
0 0 0 0 0 0 0 0 0 0 0 0 0 0 0 0 0 16 1 0 0 0 0 0 0 0 0 5 0 0 40 0 0 0 0 0 0 0 0 0 0 0 0 0 0 0 0 0 0 0 0 0 0 0 93 99 0 0 0 0 0 0 0 0 0 0 0 0 0 0 0 0 0 0 0 0 0 0 0 0 0 41 74 0 50 0 0 0 0 0 0 0 0 0 0 0 0 46 0 0 
0 0 0 0 0 0 0 87 0 0 0 0 0 0 0 74 0 26 0 0 0 0 0 0 0 0 0 0 0 0 0 0 0 0 0 0 0 0 0 0 0 0 0 0 0 0 0 0 0 0 0 0 0 0 0 0 57 0 0 0 0 0 0 0 0 0 0 0 0 0 0 0 0 0 0 0 0 0 0 0 0 0 0 0 0 0 0 0 0 0 0 0 0 45 0 0 0 0 66 0 
0 0 0 0 0 0 0 0 0 0 43 0 39 0 0 0 0 0 0 0 0 0 0 0 0 0 0 0 0 0 0 0 0 0 0 0 0 0 0 0 38 0 0 0 0 0 0 0 0 0 0 0 0 0 0 0 0 0 0 0 0 0 0 0 30 0 0 0 0 0 0 37 0 0 0 0 0 0 0 0 0 0 83 0 0 0 71 0 82 0 0 0 0 0 50 0 0 0 78 0 
0 0 0 0 0 0 0 0 0 0 0 36 58 0 0 73 0 28 26 22 0 0 0 0 6 0 0 0 0 0 0 0 0 0 0 0 0 0 0 89 0 0 0 84 0 0 0 0 0 0 0 0 0 0 0 0 0 0 0 0 0 80 4 0 0 0 0 0 0 0 72 0 0 0 0 0 0 0 0 0 0 0 0 0 0 5 0 0 0 0 0 0 0 0 0 0 0 0 0 0 
0 42 0 0 0 0 0 0 0 0 0 0 0 0 0 0 0 0 0 0 0 0 0 0 0 0 0 0 0 0 52 0 0 0 0 0 0 37 83 0 32 0 0 0 0 0 0 0 0 0 0 0 0 0 0 0 0 0 0 0 0 0 0 0 73 0 0 0 0 0 0 0 0 31 0 0 43 0 0 0 0 52 0 0 66 0 0 0 13 0 0 0 67 0 0 0 0 0 0 65 
0 0 0 0 0 0 0 0 0 0 0 0 0 0 0 0 0 0 0 0 0 0 0 0 0 0 0 0 0 0 0 44 0 0 0 0 0 0 77 0 0 0 0 0 0 0 0 0 0 0 0 0 0 0 0 0 0 0 27 0 0 0 0 67 0 0 0 0 0 0 0 0 0 29 0 0 0 0 0 0 0 0 0 0 0 0 0 0 0 0 0 0 0 0 0 0 0 0 0 0 
0 0 0 0 0 0 0 0 43 0 0 0 6 0 0 0 0 0 0 0 0 0 0 0 0 0 0 0 0 46 35 0 0 0 0 0 21 0 0 0 47 0 0 21 0 0 0 0 0 0 0 0 0 0 0 0 0 0 0 0 0 0 0 0 0 0 60 0 0 0 0 0 92 0 0 0 0 0 0 0 0 0 76 0 0 0 0 54 0 0 0 0 0 0 0 0 0 0 0 0 
0 0 0 36 0 0 0 0 0 0 0 0 0 60 0 0 0 90 0 0 0 0 0 0 0 0 0 0 0 0 0 0 0 0 0 0 0 0 0 0 0 0 23 0 0 0 0 0 0 0 0 0 0 0 0 0 0 0 0 0 0 0 0 0 0 0 0 0 0 0 0 0 55 88 0 21 0 24 0 0 0 0 0 0 0 0 0 0 0 0 0 0 0 0 0 0 0 0 0 0 
0 0 68 0 0 0 90 0 0 0 0 0 0 0 0 0 0 0 0 0 0 0 2 0 0 0 0 0 0 0 0 0 0 4 0 0 0 54 0 0 0 0 0 0 0 0 0 0 0 0 0 0 0 0 0 0 0 0 54 0 0 0 0 0 0 0 0 0 0 0 0 0 35 0 78 17 0 0 0 22 0 0 84 0 0 0 0 0 0 0 0 0 0 0 0 0 0 0 0 76 
72 0 0 0 0 0 0 0 0 88 0 0 0 0 66 0 0 0 0 0 11 0 0 0 0 0 0 0 0 0 0 0 11 0 0 0 0 0 0 0 0 0 0 0 0 93 0 0 0 0 0 0 0 0 0 0 0 0 0 0 0 0 0 0 0 5 0 0 14 0 0 0 0 0 0 0 0 0 0 0 0 0 83 0 0 0 0 0 0 0 0 0 0 0 0 0 0 0 0 0 
0 0 0 46 0 0 0 0 0 49 0 0 0 0 0 0 0 0 0 74 0 43 0 0 0 0 0 0 0 0 0 0 0 0 0 0 0 0 63 0 0 93 0 0 0 99 0 0 0 0 0 0 0 0 0 0 0 87 0 0 0 0 0 0 0 0 0 0 0 0 0 0 0 0 0 0 0 0 0 0 0 0 0 0 100 0 0 0 19 0 56 0 0 0 0 0 0 0 0 0 
0 83 0 0 0 0 0 0 0 0 0 0 0 0 0 23 0 0 38 0 27 0 0 0 0 0 0 0 0 27 0 0 0 0 0 78 0 0 41 0 0 0 0 0 0 0 57 0 0 0 0 0 0 0 0 0 0 62 0 0 76 0 0 0 0 0 0 0 0 0 0 0 0 0 0 0 0 0 0 0 0 0 0 27 0 0 0 0 0 0 0 0 0 0 0 0 0 0 0 0 
77 0 0 0 0 0 0 0 0 0 0 0 0 0 94 0 0 0 0 0 0 0 0 0 0 0 0 0 27 0 0 0 0 0 0 0 0 0 0 0 0 0 0 0 0 0 0 0 0 0 0 0 0 0 0 87 62 0 0 0 0 0 19 0 0 0 0 0 0 0 0 0 0 0 0 0 0 70 0 0 0 0 0 0 0 0 0 0 69 0 0 0 0 0 0 0 89 9 0 0 
0 86 0 0 0 0 0 0 0 0 0 0 0 0 0 0 0 0 0 0 34 0 0 0 0 0 0 71 0 0 0 24 0 0 0 0 0 0 0 0 0 0 0 0 0 0 0 0 0 0 27 0 0 54 0 0 0 0 0 0 0 0 0 0 0 0 0 0 0 0 0 53 0 0 0 0 0 0 0 69 0 0 0 65 0 0 0 0 0 0 0 0 0 0 0 0 0 0 0 0 
0 0 0 0 98 0 0 27 0 0 0 0 48 0 0 14 0 0 0 0 0 0 0 0 0 0 0 0 0 0 0 0 0 0 0 0 94 77 69 0 0 0 0 51 0 0 0 0 0 0 0 0 0 0 0 0 0 0 0 0 0 0 77 0 0 0 0 0 0 0 0 0 92 0 0 0 0 0 0 0 0 0 0 0 0 0 1 0 0 56 0 0 8 0 0 0 61 0 0 0 
0 0 0 0 46 0 0 0 0 0 0 0 0 0 0 0 0 0 0 0 0 22 0 67 0 0 0 0 84 0 24 0 0 0 0 0 97 0 0 0 57 69 0 0 0 0 0 0 0 0 0 0 0 0 0 0 76 0 0 0 0 0 0 62 0 0 0 0 0 0 0 0 45 0 0 0 0 0 0 0 0 0 0 0 0 0 0 0 31 0 76 0 0 0 0 0 0 0 0 0 
0 0 0 0 47 59 2 0 0 0 0 0 0 0 0 0 0 0 9 0 0 22 0 0 0 0 0 9 0 0 61 0 0 0 0 99 0 0 0 0 20 0 0 0 0 0 0 0 80 0 0 0 0 0 0 0 0 0 0 0 0 0 12 0 0 75 0 0 0 0 0 0 0 0 0 0 0 0 0 0 0 0 0 0 0 67 0 0 0 54 0 0 0 0 0 0 0 0 0 0 
0 0 0 53 0 0 0 0 0 0 0 0 0 0 0 0 0 0 0 0 0 0 0 0 0 58 0 0 0 0 0 23 0 0 0 0 0 0 0 0 0 0 0 0 0 0 0 0 4 0 0 0 0 0 0 0 0 19 0 77 0 12 0 0 0 0 0 32 0 0 0 0 40 0 0 0 0 0 0 0 0 0 0 0 79 0 0 0 0 0 0 0 0 0 0 12 89 0 0 0 
0 0 0 0 0 0 0 0 0 0 0 0 0 0 0 0 12 0 93 0 0 52 0 0 0 0 0 0 0 0 0 0 0 0 0 0 0 0 0 0 0 0 0 0 0 0 0 0 0 0 67 0 0 0 0 0 0 0 0 0 62 0 0 0 0 0 0 0 0 0 0 50 0 0 0 0 0 0 0 0 0 0 0 0 0 0 0 0 0 0 0 0 0 0 0 58 37 0 0 0 
0 0 0 0 0 0 0 0 0 0 0 0 0 0 75 72 71 0 0 0 0 97 0 0 0 0 32 0 0 0 0 0 0 0 0 0 0 48 0 0 0 63 0 0 0 0 0 30 0 73 0 0 0 0 0 0 0 0 0 0 0 0 0 0 0 0 0 0 0 0 0 0 0 0 0 0 0 0 0 0 0 67 0 0 11 0 0 0 0 0 0 0 0 0 0 0 0 0 0 0 
0 68 0 0 0 0 0 0 0 0 0 59 0 0 0 0 0 0 0 0 0 0 0 0 0 0 0 0 8 0 0 0 11 0 0 0 0 0 0 0 0 0 0 0 0 0 0 0 0 0 0 0 0 0 5 0 0 0 0 0 0 75 0 0 0 0 0 0 0 0 0 0 0 0 85 0 0 0 0 0 0 0 0 0 0 0 0 0 0 0 38 0 0 0 0 0 0 0 0 0 
43 0 0 0 0 0 0 0 0 0 0 0 0 0 0 0 0 3 0 0 0 0 0 0 0 0 0 0 0 33 0 0 0 0 0 0 69 25 0 0 0 0 0 0 0 0 0 0 0 0 0 60 0 0 0 0 0 0 0 0 0 0 0 0 0 0 0 0 83 0 0 0 0 0 0 0 0 0 0 0 0 0 0 0 0 66 0 0 0 0 0 0 0 9 0 0 0 0 0 83 
0 0 0 0 0 32 0 0 0 0 0 51 0 37 0 0 0 0 35 0 0 0 0 0 87 0 0 0 0 0 0 0 0 0 0 0 0 0 0 0 0 0 0 0 20 0 0 0 0 0 0 0 0 0 0 0 0 0 0 0 0 0 32 0 0 0 0 0 0 0 0 0 0 0 0 0 16 0 2 0 0 0 0 0 0 0 0 0 0 0 0 0 16 0 0 0 0 0 0 0 
0 0 29 0 0 0 0 0 0 0 0 0 0 0 0 0 0 0 16 0 0 0 74 0 0 0 0 0 0 0 0 0 0 0 0 93 52 0 0 0 0 0 0 0 36 0 0 0 0 0 0 0 0 0 14 0 0 0 0 0 0 0 0 0 0 0 83 0 0 0 0 0 0 0 0 0 0 0 0 0 0 0 47 0 0 77 0 0 0 0 0 0 0 0 5 0 0 93 0 0 
0 0 39 0 0 0 0 0 0 0 0 0 0 13 0 0 0 0 0 60 0 0 0 0 0 0 98 0 0 0 0 0 0 0 0 0 0 0 0 0 100 0 0 96 0 0 0 0 0 0 0 0 0 0 0 0 0 0 0 0 0 0 0 0 0 0 0 0 0 0 0 0 0 0 0 0 0 0 0 0 23 0 0 0 0 0 0 18 0 0 0 0 0 0 0 0 0 0 28 0 
0 0 78 40 0 0 0 0 19 0 0 0 0 0 0 0 0 0 0 0 0 0 0 0 0 0 0 0 63 0 0 0 0 0 0 0 0 0 0 0 0 0 0 88 9 0 0 0 72 0 0 0 0 0 0 0 0 0 0 0 0 0 0 0 0 0 0 0 0 0 0 0 0 0 0 0 33 0 0 0 0 0 0 0 0 61 0 0 0 0 0 0 46 0 0 48 0 0 0 0 
0 0 0 0 0 0 91 0 0 0 0 0 0 0 0 0 0 0 0 0 0 0 64 0 0 0 0 0 0 0 0 0 0 0 0 0 0 21 0 0 0 0 0 0 0 0 0 37 0 0 0 0 0 0 0 0 0 0 53 0 0 0 0 50 0 0 0 0 0 0 0 0 0 0 0 0 0 0 0 0 0 0 0 0 79 0 0 50 0 0 0 25 0 0 0 92 0 83 0 0 
68 0 0 0 28 0 0 0 0 46 0 0 0 31 0 0 0 0 0 0 0 0 0 0 67 0 0 0 0 0 0 0 0 0 0 0 0 0 0 0 0 0 0 0 0 0 0 0 0 0 0 92 55 35 0 0 0 0 0 92 45 0 40 0 0 0 0 0 0 0 0 0 0 0 0 0 0 0 0 0 0 39 0 0 63 0 0 78 0 0 0 0 0 0 0 0 0 48 0 0 
0 58 0 0 0 0 6 0 0 23 0 0 0 0 0 73 0 40 0 0 0 0 0 0 92 0 0 0 0 0 43 0 0 87 0 0 0 0 0 14 0 0 0 0 0 0 0 0 0 31 29 0 88 0 0 0 0 0 0 0 0 0 0 0 0 0 0 0 0 0 0 0 0 0 0 0 0 0 0 0 0 0 0 0 0 48 0 0 0 0 90 0 0 0 0 0 0 0 0 0 
0 0 0 0 0 0 0 0 0 0 0 0 0 0 0 0 0 0 0 0 0 0 0 0 0 0 0 0 0 0 0 0 67 0 0 74 0 0 64 0 92 0 0 0 0 0 0 0 0 0 0 0 0 78 0 0 0 0 0 0 0 0 0 0 0 85 0 0 0 0 0 0 0 0 0 0 0 0 0 0 0 81 0 0 0 0 0 0 0 0 57 0 0 0 50 0 0 0 0 0 
98 0 0 0 0 96 21 0 0 0 0 0 0 0 0 0 0 0 0 0 0 0 0 0 0 0 0 89 0 0 0 0 0 0 62 0 0 0 0 0 0 0 0 0 0 0 0 0 0 0 0 0 21 17 0 0 0 0 0 0 0 0 0 0 0 0 0 0 0 0 0 0 0 0 0 0 0 0 0 0 0 0 0 0 16 0 0 0 0 35 0 0 76 0 0 38 0 0 5 0 
0 0 0 82 0 0 0 25 0 0 0 0 0 0 0 0 89 0 0 0 0 0 0 0 0 0 0 0 0 0 0 33 0 0 0 0 0 0 47 0 37 0 0 0 0 0 0 0 0 43 0 0 0 0 0 0 0 0 0 0 0 0 0 0 0 0 0 16 0 0 33 0 0 0 0 0 0 0 0 0 0 73 0 0 0 0 0 0 0 0 0 0 0 0 0 0 0 0 0 0 
0 0 0 0 0 0 0 0 0 0 62 0 0 0 0 0 0 0 0 0 40 0 0 0 0 0 0 0 0 0 0 0 0 80 0 0 0 0 0 0 0 0 0 0 0 0 0 0 0 0 0 0 24 0 0 0 0 70 0 0 0 0 0 0 0 0 0 0 0 0 0 0 0 0 0 0 0 0 0 0 0 0 0 0 0 0 54 0 0 0 0 0 99 0 0 0 0 0 0 0 
10 42 0 0 0 80 0 0 0 2 0 0 0 0 72 0 0 0 0 0 0 0 0 0 0 0 14 0 0 0 0 0 0 0 0 65 0 0 0 0 5 0 0 0 0 0 0 0 0 0 0 0 0 0 0 0 0 0 0 0 0 0 0 0 0 0 0 2 0 0 0 0 0 0 0 0 0 0 0 0 0 0 0 0 0 0 0 19 0 50 0 0 0 0 0 91 30 0 0 0 
0 0 0 0 0 0 0 0 0 0 0 0 73 0 0 0 48 78 0 0 0 0 40 88 0 0 0 0 0 0 0 0 0 0 0 0 0 0 86 0 0 0 0 0 0 0 0 0 0 0 0 0 0 22 0 0 0 0 69 0 0 0 0 0 0 0 0 0 0 0 0 0 0 0 0 0 0 0 0 0 0 0 0 0 0 0 0 0 0 0 15 0 0 94 0 0 0 0 0 0 
6 0 0 0 0 0 0 0 0 0 0 84 0 0 0 0 0 0 0 0 0 0 0 0 0 56 0 0 0 0 35 0 0 0 0 0 0 0 11 0 0 0 0 0 0 0 0 0 0 0 0 0 0 0 0 0 0 0 0 0 0 0 0 0 0 0 0 0 0 23 0 0 0 0 0 0 0 0 0 0 0 0 57 0 0 0 0 0 0 0 0 0 0 0 36 0 0 0 0 0 
0 0 27 0 0 0 0 0 0 0 0 0 0 0 0 0 0 0 0 0 0 74 97 42 67 3 0 0 0 0 0 0 0 0 0 0 0 0 0 0 0 0 0 0 0 41 0 0 0 52 0 0 0 0 0 0 0 0 0 0 0 0 0 0 67 0 0 0 0 0 0 0 39 0 81 0 73 0 0 0 0 0 0 0 0 0 0 0 0 0 0 0 0 0 0 29 91 0 0 0 
0 0 0 0 0 0 0 0 0 0 18 0 0 0 0 0 24 0 36 0 0 0 0 0 0 0 0 0 0 0 0 0 0 0 0 0 0 0 0 0 0 0 0 0 0 74 0 83 0 0 0 76 0 84 83 0 0 0 0 0 0 0 0 0 0 0 0 0 47 0 0 0 0 0 0 0 0 0 0 0 57 0 0 0 0 0 0 0 0 0 0 0 0 0 0 0 0 0 29 0 
0 0 0 0 0 15 0 0 0 0 0 0 0 0 0 0 0 0 93 0 0 0 0 0 0 0 0 0 92 60 0 0 0 0 0 0 0 0 50 0 0 0 0 0 0 0 0 0 0 0 0 0 0 0 0 0 27 0 65 0 0 0 0 0 0 0 0 0 0 0 0 0 0 0 0 0 0 0 0 0 0 0 0 0 0 0 0 0 0 88 0 0 0 0 0 0 0 0 0 61 
0 0 32 0 0 0 0 0 0 0 0 0 0 0 0 0 0 0 0 0 0 0 0 0 0 0 0 0 0 0 0 0 0 0 73 0 0 0 65 0 0 0 0 0 0 50 0 0 0 66 0 0 0 0 0 100 0 0 0 0 0 0 79 0 11 0 0 0 0 0 0 79 63 0 0 16 0 0 0 0 0 0 0 0 0 0 0 0 0 0 0 0 0 0 0 0 0 0 0 0 
0 0 0 0 0 0 0 0 0 0 0 0 48 0 0 0 0 0 0 0 21 0 0 0 0 0 0 0 0 0 0 0 0 0 0 63 0 0 0 0 0 0 0 0 0 0 0 0 5 0 0 0 0 0 0 0 0 0 0 0 0 67 0 0 0 0 66 0 77 0 61 0 0 48 0 0 0 0 0 0 0 0 0 0 0 0 0 0 0 0 0 0 67 0 0 0 0 0 0 0 
0 0 0 0 0 0 0 0 0 0 0 0 0 0 0 0 0 0 0 0 0 0 0 0 0 0 0 0 0 0 0 64 0 0 0 0 0 0 0 0 0 0 0 87 0 0 0 71 0 0 0 0 0 0 0 0 0 0 0 1 0 0 0 0 0 0 0 0 0 0 0 0 0 0 0 0 0 54 0 0 0 0 0 0 0 0 0 0 0 38 0 0 0 0 0 0 0 0 0 0 
0 0 0 0 0 0 0 0 40 0 0 0 0 29 0 0 0 0 0 0 0 0 2 0 0 0 0 0 0 0 0 0 0 0 0 0 0 0 0 0 0 0 7 0 99 0 0 0 0 0 0 54 0 0 0 0 0 0 0 0 0 0 0 0 0 0 0 0 0 18 0 50 78 0 0 0 0 0 19 0 0 0 0 0 0 0 0 0 0 0 0 0 0 0 0 76 0 0 0 0 
0 0 0 0 0 0 0 17 0 0 0 0 0 74 0 0 0 0 0 13 0 0 0 0 0 0 0 0 0 0 0 0 0 0 0 0 0 0 0 0 0 0 0 0 0 0 0 82 0 13 0 0 0 0 0 19 0 69 0 0 31 0 0 0 0 0 0 0 0 0 0 0 0 0 0 0 0 0 0 0 0 0 0 0 0 0 0 0 0 13 0 0 0 0 0 0 0 0 0 0 
0 0 0 0 0 94 0 0 0 0 0 0 0 55 0 0 0 0 0 0 0 0 0 0 0 0 0 99 0 49 0 0 0 0 0 0 0 0 0 0 0 0 0 0 0 0 0 0 0 0 0 0 0 0 0 0 0 0 0 56 0 54 0 0 0 0 0 0 0 0 0 0 0 0 0 35 0 0 50 0 0 0 0 88 0 0 38 0 13 0 0 0 0 0 0 0 0 0 0 0 
0 0 72 0 83 0 0 0 0 0 0 0 93 0 0 0 0 0 0 0 0 0 52 13 0 0 0 0 0 0 0 0 0 0 0 0 0 0 0 0 0 67 37 0 0 0 0 0 0 0 0 0 0 0 0 56 0 0 0 0 76 0 0 0 0 38 0 0 0 0 0 0 0 90 57 0 0 0 0 15 0 0 0 0 0 0 0 0 0 0 0 0 0 0 0 0 0 0 0 0 
0 0 0 0 0 38 0 0 0 0 0 0 0 25 0 0 0 0 0 0 0 0 0 0 0 10 0 0 5 0 0 0 0 0 0 0 53 0 0 0 89 0 0 0 0 0 0 0 0 0 0 0 0 0 0 0 0 0 0 0 0 0 0 0 0 0 0 0 0 0 0 25 0 0 0 0 0 0 0 0 0 0 0 0 0 0 0 0 0 0 0 0 0 0 0 0 0 0 0 0 
0 0 0 0 0 0 0 0 0 39 0 0 0 0 0 0 0 0 0 0 0 0 0 0 0 0 0 0 0 0 0 37 0 0 8 0 0 0 0 0 0 0 0 44 0 0 0 0 0 67 0 0 0 0 0 0 0 0 0 8 0 0 0 0 0 0 0 16 0 0 46 0 0 0 0 76 0 99 0 0 0 0 0 0 0 67 0 0 0 0 0 0 0 0 0 0 0 0 0 0 
0 0 0 0 17 0 0 0 0 0 0 0 0 92 0 0 0 0 80 0 0 0 0 0 0 0 0 0 83 0 0 0 0 0 35 0 0 0 0 0 0 0 90 0 0 0 45 0 0 0 0 0 0 0 0 0 0 0 0 0 0 0 0 0 0 0 9 0 0 0 0 0 0 0 0 0 0 0 0 94 0 0 0 0 0 0 0 0 0 0 0 0 0 0 0 0 0 13 0 0 
0 0 97 0 0 0 0 0 0 0 0 0 0 0 0 0 0 0 0 0 0 0 0 59 0 47 0 0 0 0 0 2 0 0 0 0 0 0 0 68 0 0 0 0 0 0 0 50 0 0 0 0 0 0 0 0 0 0 0 0 0 0 0 0 0 0 0 0 5 0 0 0 0 0 50 0 0 0 0 0 36 0 0 0 0 0 0 0 0 0 0 0 0 0 0 0 50 0 0 0 
0 0 0 0 0 0 0 0 0 0 0 86 0 0 0 0 0 0 0 0 0 0 0 0 0 0 0 0 0 0 40 0 0 0 0 0 0 0 0 0 0 0 0 0 0 0 0 0 0 0 0 0 0 0 0 0 0 0 0 0 0 0 12 58 0 0 0 0 0 0 48 92 0 0 0 38 0 0 91 0 0 29 0 0 0 0 0 76 0 0 0 0 0 0 0 0 0 0 0 56 
7 0 0 0 0 0 0 0 0 0 0 0 0 0 0 0 0 0 0 0 0 0 0 0 0 0 41 0 0 0 0 0 0 0 42 0 0 0 0 2 0 0 0 42 0 0 0 0 0 0 0 0 0 0 0 0 0 89 0 61 0 0 89 37 0 0 0 0 0 0 0 0 0 0 0 0 0 0 30 0 0 91 0 0 0 0 0 0 0 0 0 0 0 0 50 0 0 0 0 0 
0 0 0 0 0 0 0 0 0 0 0 0 0 0 0 63 0 0 0 0 0 0 62 0 0 0 0 0 0 0 0 0 21 11 0 0 0 0 0 0 0 0 0 0 0 46 0 0 0 0 0 0 0 0 0 0 0 9 0 0 0 0 0 0 0 0 0 0 93 0 0 83 48 0 0 0 0 0 0 0 0 0 0 0 0 0 0 0 0 0 0 0 0 13 0 0 0 0 0 0 
0 11 2 0 0 0 0 0 0 0 0 0 0 0 0 0 0 0 0 0 0 0 0 0 0 0 44 0 0 0 0 0 0 0 1 0 0 0 0 23 0 0 0 0 0 0 66 78 0 0 0 0 0 0 0 0 0 0 0 0 0 0 0 0 0 0 0 0 0 28 0 0 0 0 0 5 0 0 0 0 0 0 29 0 0 0 0 0 0 0 0 0 0 0 0 0 0 0 0 0 
0 0 0 0 0 0 0 0 0 0 0 0 0 0 0 0 0 0 0 84 54 43 0 79 9 0 0 0 53 0 0 0 0 0 0 0 0 0 0 0 0 0 0 0 0 0 0 0 0 65 0 0 0 76 0 0 0 0 0 0 0 0 0 0 0 0 83 0 0 0 0 0 0 0 0 0 0 0 0 0 0 0 0 61 0 0 0 0 0 0 0 0 0 0 0 56 0 0 0 0 
