0 0 0 0 0 0 3 0 36 0 0 0 0 0 0 0 0 0 0 0 0 0 0 0 23 0 0 0 0 0 0 0 0 0 0 0 0 0 0 0 0 0 6 92 8 63 0 0 0 0 0 51 0 55 0 0 0 0 0 0 0 0 0 0 0 35 0 0 0 0 0 0 0 0 0 0 0 0 0 0 0 0 0 0 0 45 21 0 0 0 0 0 95 0 0 0 0 0 0 0 
0 0 0 0 0 0 0 0 0 0 65 0 91 0 98 0 0 0 0 0 0 59 0 0 0 0 0 0 91 0 0 0 0 0 0 0 0 8 30 36 6 0 0 52 0 58 0 0 0 0 0 0 0 0 0 0 0 0 69 0 46 0 0 0 13 0 0 0 0 0 0 0 0 0 0 0 0 0 0 0 0 0 0 0 0 0 0 0 0 0 0 0 0 0 0 74 0 0 0 0 
0 0 0 0 0 75 0 0 0 0 50 0 0 0 0 0 35 72 0 0 0 0 0 0 0 0 0 61 0 0 0 39 0 99 0 0 0 0 0 0 21 90 0 0 0 0 0 0 0 0 0 33 5 0 0 82 0 0 0 0 0 0 6 0 0 0 0 0 0 0 0 0 0 0 13 0 0 0 0 0 0 0 0 95 0 0 0 0 0 0 0 0 0 0 0 0 0 0 0 0 
0 0 0 0 0 28 0 0 0 45 0 0 0 0 0 0 0 0 0 0 0 0 78 5 0 80 0 0 0 0 0 0 0 0 59 0 0 0 0 0 0 0 0 0 0 0 0 0 0 0 0 0 0 6 15 0 0 0 0 0 0 0 39 0 0 0 0 0 0 0 0 32 0 0 0 0 0 0 0 0 0 0 0 0 0 0 0 0 99 0 0 0 0 0 23 0 0 0 0 0 
0 0 0 0 0 0 0 0 0 0 0 0 41 30 0 82 0 0 0 0 0 0 97 0 0 0 0 0 0 0 0 0 0 0 0 0 0 0 0 0 0 0 13 0 0 0 0 0 0 0 0 0 0 0 0 0 0 0 0 0 0 0 82 13 0 0 0 0 0 0 0 0 0 0 0 0 0 0 0 0 0 0 0 0 0 37 0 0 0 0 0 0 0 52 0 0 0 0 3 0 
0 0 75 28 0 0 0 0 0 0 0 0 0 100 26 0 0 0 0 0 52 0 0 0 0 0 0 0 0 0 0 50 0 0 0 38 0 0 0 0 0 0 0 0 65 0 0 0 0 0 0 0 0 0 62 0 0 0 0 0 0 0 0 0 0 86 0 0 0 0 86 0 0 23 0 45 0 0 0 0 0 0 0 0 0 0 50 0 0 0 0 0 0 95 0 0 0 0 0 0 
3 0 0 0 0 0 0 0 31 0 68 0 0 0 0 0 0 85 0 0 0 0 0 0 0 86 0 0 0 0 0 0 0 0 0 0 0 0 0 0 0 0 0 0 0 0 0 0 0 0 0 0 0 0 0 80 0 0 0 0 0 0 0 0 0 0 0 94 0 0 0 0 0 0 0 0 0 0 0 0 0 86 0 0 0 0 0 0 0 0 27 0 0 0 0 0 0 0 0 0 
0 0 0 0 0 0 0 0 0 0 0 70 0 25 84 0 0 0 0 0 0 0 25 0 0 0 0 0 0 0 0 0 0 47 0 0 0 0 65 0 0 0 0 0 0 0 33 0 0 0 0 73 31 0 7 0 0 0 0 0 0 0 0 0 0 0 0 0 0 0 0 0 0 0 0 0 10 0 86 17 0 0 0 0 0 0 0 0 0 0 0 0 0 0 0 0 0 49 0 96 
36 0 0 0 0 0 31 0 0 0 0 0 83 0 0 0 0 0 22 4 0 0 0 14 0 25 0 0 57 0 0 0 0 0 0 0 34 0 0 0 0 0 0 0 0 0 0 0 0 0 0 0 0 0 0 0 0 0 47 0 72 0 0 0 0 0 0 0 46 0 0 0 0 0 0 0 0 0 0 1 58 0 0 0 0 0 0 0 0 57 0 0 0 0 0 0 0 0 0 0 
0 0 0 45 0 0 0 0 0 0 0 0 0 0 0 0 74 0 0 0 0 0 0 0 0 0 0 93 0 82 0 0 0 0 0 0 0 0 83 0 68 0 0 0 0 0 0 0 0 0 0 0 0 0 0 0 0 0 0 0 0 93 0 0 0 0 0 0 0 0 0 86 88 0 0 0 52 0 0 0 39 0 0 0 0 0 0 63 0 0 0 0 95 0 44 0 0 0 0 0 
0 65 50 0 0 0 68 0 0 0 0 0 0 0 0 0 0 24 0 0 0 0 0 0 0 0 0 14 0 0 17 0 91 0 0 0 0 0 0 0 0 0 0 0 43 0 0 0 0 0 0 0 71 0 0 0 0 0 0 0 0 0 26 0 0 0 0 0 0 0 0 0 91 0 0 0 0 0 17 0 0 0 0 0 0 50 0 0 0 0 0 0 0 0 0 0 0 0 0 0 
0 0 0 0 0 0 0 70 0 0 0 0 0 76 0 0 0 0 0 0 0 71 0 0 0 0 0 0 0 16 0 0 0 0 0 16 0 0 0 0 0 0 0 0 0 0 0 19 0 0 0 0 0 0 0 0 0 89 0 0 0 0 0 0 0 0 0 0 0 79 0 0 0 0 0 0 83 0 0 0 72 0 0 0 0 0 0 0 0 0 0 43 98 0 0 0 0 0 0 0 
0 91 0 0 41 0 0 0 83 0 0 0 0 0 0 36 0 0 0 49 0 0 0 13 0 0 0 0 0 0 0 0 0 0 0 0 0 0 0 0 0 0 0 0 0 0 34 0 0 0 0 0 0 0 0 0 0 0 0 0 0 0 17 0 0 0 0 0 0 0 0 0 0 0 0 20 0 55 0 0 0 0 0 0 0 0 0 41 0 0 0 0 0 0 0 0 0 0 0 0 
0 0 0 0 30 100 0 25 0 0 0 76 0 0 0 0 0 48 0 0 0 0 0 36 0 0 0 0 0 0 0 0 0 61 0 0 0 0 0 0 0 0 0 0 0 0 0 0 0 0 0 0 0 0 0 0 18 0 0 0 0 0 0 0 0 0 0 0 0 0 0 88 0 0 52 62 0 0 96 0 0 0 0 0 0 0 7 0 0 0 0 0 0 0 0 0 0 58 38 0 
0 98 0 0 0 26 0 84 0 0 0 0 0 0 0 0 0 0 0 0 0 0 0 0 0 0 0 0 0 0 36 0 0 0 0 49 0 0 0 0 0 0 0 0 0 0 9 0 0 0 0 0 0 0 0 0 0 0 0 0 0 0 0 0 0 0 0 0 0 0 0 0 0 0 0 75 68 0 0 0 0 76 0 0 0 0 0 0 0 0 0 0 0 0 0 0 0 0 0 0 
0 0 0 0 82 0 0 0 0 0 0 0 36 0 0 0 28 0 0 0 0 0 0 85 0 0 0 0 0 0 0 0 0 0 0 0 0 0 0 0 0 0 26 0 0 0 46 0 0 0 0 0 0 0 0 0 0 0 0 0 8 0 72 76 0 0 0 0 0 26 0 0 0 0 0 0 0 0 43 0 0 91 60 0 0 0 0 0 81 0 0 0 0 0 0 0 0 0 0 69 
0 0 35 0 0 0 0 0 0 74 0 0 0 0 0 28 0 0 0 0 0 0 0 51 0 0 0 0 0 33 0 0 0 0 0 0 0 87 0 0 0 0 0 13 0 0 0 0 0 0 83 0 0 0 0 0 0 0 0 0 0 0 0 0 0 0 0 0 0 0 0 0 0 0 5 0 14 19 0 0 0 0 0 0 0 58 0 0 0 47 0 0 0 0 0 0 0 0 0 0 
0 0 72 0 0 0 85 0 0 0 24 0 0 48 0 0 0 0 0 0 0 0 0 0 0 0 0 0 0 6 0 0 0 0 0 0 12 0 0 0 53 0 0 0 0 76 0 0 0 0 0 0 0 0 0 19 0 0 0 22 0 0 0 0 0 0 0 0 0 0 0 0 0 0 0 0 0 0 55 0 0 0 0 79 28 0 0 0 0 0 0 0 0 0 0 84 0 46 0 0 
0 0 0 0 0 0 0 0 22 0 0 0 0 0 0 0 0 0 0 0 20 0 50 0 0 0 0 0 46 0 0 80 78 0 0 0 0 0 0 0 0 0 79 0 0 0 76 0 0 0 61 0 0 0 0 0 0 0 0 0 0 28 45 0 0 0 0 0 0 0 0 0 0 0 0 0 0 0 33 0 0 11 0 0 0 89 0 0 0 0 0 0 0 0 0 0 31 0 0 0 
0 0 0 0 0 0 0 0 4 0 0 0 49 0 0 0 0 0 0 0 0 0 0 0 0 0 0 0 66 0 0 0 31 0 0 0 0 0 60 0 0 0 0 0 0 0 0 0 0 0 0 0 0 0 17 0 0 0 25 0 0 0 86 50 34 0 0 0 0 93 49 0 0 91 0 0 0 0 0 0 0 7 0 0 0 0 0 0 0 0 0 0 0 0 0 0 0 0 55 0 
0 0 0 0 0 52 0 0 0 0 0 0 0 0 0 0 0 0 20 0 0 0 0 0 0 0 0 0 0 0 0 0 0 0 0 0 0 0 60 0 98 28 0 0 44 0 38 0 0 86 35 0 0 0 0 0 0 0 3 0 0 0 0 0 0 0 0 0 0 0 0 21 0 0 0 45 0 0 0 0 0 0 0 3 0 0 51 0 0 0 0 0 0 0 84 0 0 0 0 0 
0 59 0 0 0 0 0 0 0 0 0 71 0 0 0 0 0 0 0 0 0 0 0 0 0 0 0 0 0 100 0 51 0 2 0 0 0 0 0 0 0 0 0 0 11 0 16 0 0 0 0 37 0 0 0 51 0 0 0 0 89 0 0 9 28 0 15 0 0 0 0 55 0 0 0 0 0 0 0 0 0 0 0 0 0 0 0 0 0 0 0 0 0 0 0 37 0 0 0 0 
0 0 0 78 97 0 0 25 0 0 0 0 0 0 0 0 0 0 50 0 0 0 0 0 0 0 0 0 0 0 0 0 0 0 0 0 0 0 0 0 0 0 4 0 0 0 0 0 0 0 0 0 0 0 0 0 0 0 0 0 0 0 0 0 55 0 0 0 5 60 0 28 0 0 0 0 0 0 0 0 0 0 76 44 0 53 0 0 0 0 0 0 0 0 17 0 0 0 0 0 
0 0 0 5 0 0 0 0 14 0 0 0 13 36 0 85 51 0 0 0 0 0 0 0 0 0 0 75 0 0 0 0 0 0 0 0 16 96 0 0 0 51 0 0 0 0 0 0 0 0 0 0 0 0 0 0 0 0 0 0 0 0 82 0 96 0 0 0 0 0 4 0 0 0 0 0 0 0 0 0 0 0 0 0 0 0 100 0 0 0 0 0 0 0 0 0 0 59 0 0 
23 0 0 0 0 0 0 0 0 0 0 0 0 0 0 0 0 0 0 0 0 0 0 0 0 17 0 0 0 0 100 37 0 0 0 0 0 0 0 0 59 0 52 87 0 0 0 0 0 0 0 0 0 0 18 25 0 56 0 0 62 0 0 0 0 56 0 0 0 0 0 0 0 0 0 0 0 0 0 0 0 0 0 0 0 71 0 0 0 0 0 0 0 77 0 0 35 0 0 0 
0 0 0 80 0 0 86 0 25 0 0 0 0 0 0 0 0 0 0 0 0 0 0 0 17 0 0 0 0 0 0 0 0 93 0 0 0 0 0 0 0 0 0 0 87 0 0 0 0 0 0 0 29 0 0 0 0 0 0 0 0 0 0 0 0 0 0 88 0 46 0 0 66 0 0 0 0 0 0 0 56 0 37 0 0 0 0 0 0 0 0 47 31 0 0 0 0 0 0 0 
0 0 0 0 0 0 0 0 0 0 0 0 0 0 0 0 0 0 0 0 0 0 0 0 0 0 0 0 0 0 0 0 0 0 0 0 0 83 0 0 0 0 0 8 21 0 54 69 94 0 0 0 94 0 0 0 0 81 0 0 0 0 0 0 0 0 87 0 0 0 0 0 0 0 0 0 59 0 0 55 0 0 65 0 0 0 0 0 73 3 19 0 0 0 0 0 0 0 0 0 
0 0 61 0 0 0 0 0 0 93 14 0 0 0 0 0 0 0 0 0 0 0 0 75 0 0 0 0 61 0 0 0 0 0 0 0 57 0 0 0 0 0 0 0 0 0 0 0 0 0 0 0 0 75 44 0 97 0 0 0 0 0 0 0 0 32 0 0 0 0 23 0 0 0 0 0 87 0 0 78 0 0 0 0 0 0 0 0 0 0 0 0 0 33 0 97 0 0 0 0 
0 91 0 0 0 0 0 0 57 0 0 0 0 0 0 0 0 0 46 66 0 0 0 0 0 0 0 61 0 0 0 0 0 0 0 0 0 0 0 0 0 0 0 0 0 47 0 0 0 0 0 0 0 0 0 0 0 0 76 75 0 96 0 0 0 0 0 0 0 0 0 0 0 0 0 11 0 0 0 0 13 0 0 0 0 0 0 0 0 0 0 0 0 0 0 0 0 0 81 0 
0 0 0 0 0 0 0 0 0 82 0 16 0 0 0 0 33 6 0 0 0 100 0 0 0 0 0 0 0 0 0 0 0 0 0 0 0 0 0 0 0 0 0 0 16 0 49 0 56 0 0 0 51 0 0 94 0 0 0 0 0 0 0 0 0 81 29 0 0 0 0 0 0 0 0 0 0 0 0 0 0 0 0 24 0 0 0 0 0 0 0 41 0 0 0 0 0 37 0 0 
0 0 0 0 0 0 0 0 0 0 17 0 0 0 36 0 0 0 0 0 0 0 0 0 100 0 0 0 0 0 0 0 0 0 0 88 0 0 0 0 0 0 16 23 0 0 0 0 0 0 0 0 0 97 0 0 0 0 15 0 0 82 0 0 0 0 0 0 0 0 0 0 0 0 0 0 0 0 0 0 0 0 0 0 0 0 65 0 0 0 0 0 0 0 0 5 41 91 0 51 
0 0 39 0 0 50 0 0 0 0 0 0 0 0 0 0 0 0 80 0 0 51 0 0 37 0 0 0 0 0 0 0 0 0 0 0 0 0 0 0 0 0 83 0 0 0 0 2 65 0 66 0 0 0 0 0 0 0 0 17 0 0 0 0 0 0 0 57 0 0 0 0 0 0 0 83 0 0 0 0 0 0 0 0 0 0 0 0 0 0 0 0 0 0 0 0 32 27 13 0 
0 0 0 0 0 0 0 0 0 0 91 0 0 0 0 0 0 0 78 31 0 0 0 0 0 0 0 0 0 0 0 0 0 1 28 0 0 0 0 0 0 0 0 0 0 0 0 0 0 0 0 100 0 0 0 0 0 0 0 0 0 0 96 0 0 0 0 0 0 0 90 9 0 0 0 0 0 0 18 0 0 0 0 95 0 0 0 0 0 0 0 0 0 0 0 0 0 0 0 53 
0 0 99 0 0 0 0 47 0 0 0 0 0 61 0 0 0 0 0 0 0 2 0 0 0 93 0 0 0 0 0 0 1 0 0 0 0 0 0 0 0 0 0 0 0 0 0 0 0 0 0 0 0 0 0 0 0 0 5 0 0 0 0 0 0 0 0 0 0 0 0 0 25 0 0 0 0 0 0 20 0 0 0 0 0 0 0 0 0 0 0 0 0 0 0 0 0 0 0 0 
0 0 0 59 0 0 0 0 0 0 0 0 0 0 0 0 0 0 0 0 0 0 0 0 0 0 0 0 0 0 0 0 28 0 0 0 0 0 0 0 0 0 0 0 0 0 0 0 0 76 0 0 0 0 0 35 21 0 0 0 0 0 0 0 0 0 0 0 0 0 0 0 0 44 0 0 16 0 0 0 75 0 27 0 0 0 0 0 78 0 0 22 0 16 0 0 0 0 0 0 
0 0 0 0 0 38 0 0 0 0 0 16 0 0 49 0 0 0 0 0 0 0 0 0 0 0 0 0 0 0 88 0 0 0 0 0 0 0 0 11 0 0 0 0 0 0 0 3 0 0 0 0 0 0 0 0 0 0 0 25 28 0 0 0 0 0 0 0 0 0 0 70 0 24 0 0 0 0 0 60 76 0 0 0 0 79 0 0 0 0 0 75 0 0 55 0 0 0 0 0 
0 0 0 0 0 0 0 0 34 0 0 0 0 0 0 0 0 12 0 0 0 0 0 16 0 0 0 57 0 0 0 0 0 0 0 0 0 0 0 0 80 0 0 0 0 0 0 0 0 0 0 0 0 0 0 0 0 72 0 0 30 0 0 0 0 0 44 0 0 0 0 2 0 0 0 0 0 0 0 0 19 0 0 0 83 0 0 0 0 0 0 0 0 0 0 0 0 0 0 0 
0 8 0 0 0 0 0 0 0 0 0 0 0 0 0 0 87 0 0 0 0 0 0 96 0 0 83 0 0 0 0 0 0 0 0 0 0 0 0 0 0 70 16 0 0 0 0 0 0 0 89 0 0 0 79 0 0 0 0 0 0 0 0 0 36 0 0 0 0 0 0 0 0 0 0 0 5 0 0 13 0 0 0 0 0 0 0 0 0 0 35 0 0 0 0 0 0 0 0 0 
0 30 0 0 0 0 0 65 0 83 0 0 0 0 0 0 0 0 0 60 60 0 0 0 0 0 0 0 0 0 0 0 0 0 0 0 0 0 0 0 0 0 0 0 0 16 0 0 42 0 0 0 0 0 0 0 0 0 67 0 86 0 0 0 0 0 0 0 0 0 0 89 0 35 0 0 0 0 0 0 0 0 0 13 0 0 0 74 54 0 45 0 0 0 0 0 0 0 0 0 
0 36 0 0 0 0 0 0 0 0 0 0 0 0 0 0 0 0 0 0 0 0 0 0 0 0 0 0 0 0 0 0 0 0 0 11 0 0 0 0 0 0 0 0 0 0 0 61 98 0 67 0 0 0 0 0 74 0 0 22 0 75 0 0 0 0 0 0 0 0 0 0 0 0 0 0 31 0 0 0 0 0 0 0 0 0 0 0 0 0 54 66 25 10 19 99 0 0 0 0 
0 6 21 0 0 0 0 0 0 68 0 0 0 0 0 0 0 53 0 0 98 0 0 0 59 0 0 0 0 0 0 0 0 0 0 0 80 0 0 0 0 0 0 80 0 0 0 0 0 0 0 0 0 73 0 0 0 0 0 0 0 0 0 0 0 0 0 0 0 0 0 0 0 0 0 0 0 0 0 74 0 0 0 0 86 0 0 0 13 0 77 0 0 0 51 0 0 56 0 0 
0 0 90 0 0 0 0 0 0 0 0 0 0 0 0 0 0 0 0 0 28 0 0 51 0 0 0 0 0 0 0 0 0 0 0 0 0 70 0 0 0 0 0 0 0 0 0 0 0 4 0 0 0 0 0 0 0 0 0 36 11 35 91 70 0 0 0 0 56 0 0 0 0 0 0 0 0 0 71 97 0 0 0 0 0 0 0 0 0 0 0 10 0 0 0 0 0 0 14 0 
6 0 0 0 13 0 0 0 0 0 0 0 0 0 0 26 0 0 79 0 0 0 4 0 52 0 0 0 0 0 16 83 0 0 0 0 0 16 0 0 0 0 0 0 0 0 0 0 0 98 0 0 0 0 0 0 0 0 0 0 0 0 0 0 49 0 0 0 0 0 0 0 0 0 0 0 0 0 51 0 59 0 0 0 0 0 0 0 0 0 0 0 0 0 0 0 0 0 0 71 
92 52 0 0 0 0 0 0 0 0 0 0 0 0 0 0 13 0 0 0 0 0 0 0 87 0 8 0 0 0 23 0 0 0 0 0 0 0 0 0 80 0 0 0 0 0 0 0 0 0 0 0 0 0 0 0 0 0 0 56 0 0 0 0 0 0 0 0 0 0 0 0 0 33 91 0 0 0 0 0 0 0 0 0 0 68 54 0 0 0 69 0 0 0 0 1 29 0 0 0 
8 0 0 0 0 65 0 0 0 0 43 0 0 0 0 0 0 0 0 0 44 11 0 0 0 87 21 0 0 16 0 0 0 0 0 0 0 0 0 0 0 0 0 0 0 0 0 99 0 0 0 0 0 0 32 0 29 0 0 0 0 95 0 20 0 0 0 0 0 0 0 0 0 0 0 0 0 0 0 0 0 0 0 0 0 87 0 0 0 0 25 0 0 0 0 0 0 0 0 0 
63 58 0 0 0 0 0 0 0 0 0 0 0 0 0 0 0 76 0 0 0 0 0 0 0 0 0 0 47 0 0 0 0 0 0 0 0 0 16 0 0 0 0 0 0 0 0 0 0 0 0 0 0 0 0 0 0 0 0 0 0 0 0 0 0 0 0 0 0 0 0 0 0 0 35 0 0 0 0 0 0 0 39 0 0 0 0 95 0 0 0 0 0 0 0 0 36 46 0 0 
0 0 0 0 0 0 0 33 0 0 0 0 34 0 9 46 0 0 76 0 38 16 0 0 0 0 54 0 0 49 0 0 0 0 0 0 0 0 0 0 0 0 0 0 0 0 0 0 42 0 0 0 0 0 0 0 0 0 0 0 0 0 0 0 0 0 0 39 66 0 57 0 0 0 0 0 0 0 0 0 0 0 0 0 0 0 0 0 67 0 0 0 0 0 0 0 0 0 0 0 
0 0 0 0 0 0 0 0 0 0 0 19 0 0 0 0 0 0 0 0 0 0 0 0 0 0 69 0 0 0 0 2 0 0 0 3 0 0 0 61 0 0 0 0 99 0 0 0 0 0 0 35 0 0 0 0 0 0 0 0 0 82 0 35 58 0 0 44 0 0 4 0 0 0 0 0 0 0 0 0 0 0 0 0 0 0 0 100 0 0 0 0 0 0 0 0 36 0 0 0 
0 0 0 0 0 0 0 0 0 0 0 0 0 0 0 0 0 0 0 0 0 0 0 0 0 0 94 0 0 56 0 65 0 0 0 0 0 0 42 98 0 0 0 0 0 0 42 0 0 91 0 0 0 0 0 0 0 0 0 0 23 0 0 0 0 0 0 0 0 0 0 0 0 0 33 0 0 48 0 0 0 0 7 0 0 0 0 0 0 0 0 0 0 82 0 0 0 0 96 0 
0 0 0 0 0 0 0 0 0 0 0 0 0 0 0 0 0 0 0 0 86 0 0 0 0 0 0 0 0 0 0 0 0 0 76 0 0 0 0 0 0 4 98 0 0 0 0 0 91 0 0 0 0 0 0 56 0 0 0 0 0 0 0 0 0 0 0 0 0 0 2 14 0 0 4 0 94 40 45 70 0 0 0 4 0 0 0 0 0 0 0 0 0 0 76 0 0 0 0 0 
0 0 0 0 0 0 0 0 0 0 0 0 0 0 0 0 83 0 61 0 35 0 0 0 0 0 0 0 0 0 0 66 0 0 0 0 0 89 0 67 0 0 0 0 0 0 0 0 0 0 0 0 0 6 0 0 0 0 0 17 0 80 0 86 0 0 0 0 0 0 0 0 48 0 0 0 0 0 0 0 0 0 0 0 0 5 0 0 95 0 0 0 0 38 0 3 0 0 0 0 
51 0 33 0 0 0 0 73 0 0 0 0 0 0 0 0 0 0 0 0 0 37 0 0 0 0 0 0 0 0 0 0 100 0 0 0 0 0 0 0 0 0 0 0 0 0 0 35 0 0 0 0 0 0 0 0 0 80 0 0 0 0 0 0 0 0 0 0 0 5 0 0 0 0 0 57 0 0 0 0 0 0 0 0 0 0 0 0 0 0 0 0 0 0 0 0 0 0 0 0 
0 0 5 0 0 0 0 31 0 0 71 0 0 0 0 0 0 0 0 0 0 0 0 0 0 29 94 0 0 51 0 0 0 0 0 0 0 0 0 0 0 0 0 0 0 0 0 0 0 0 0 0 0 0 0 0 0 0 0 0 0 0 0 0 0 0 81 20 0 0 0 0 0 0 0 0 0 0 0 0 0 0 32 60 0 0 17 0 63 90 0 0 0 0 0 0 0 81 59 0 
55 0 0 6 0 0 0 0 0 0 0 0 0 0 0 0 0 0 0 0 0 0 0 0 0 0 0 75 0 0 97 0 0 0 0 0 0 0 0 0 73 0 0 0 0 0 0 0 0 0 6 0 0 0 0 0 0 0 0 0 0 81 0 0 0 0 0 0 0 0 0 67 0 0 0 0 0 0 76 0 0 2 0 64 0 0 0 0 0 0 39 0 0 10 0 42 16 0 0 0 
0 0 0 15 0 62 0 7 0 0 0 0 0 0 0 0 0 0 0 17 0 0 0 0 18 0 0 44 0 0 0 0 0 0 0 0 0 79 0 0 0 0 0 0 32 0 0 0 0 0 0 0 0 0 0 41 0 0 0 0 0 0 0 0 0 0 0 0 42 0 0 0 0 0 0 0 0 0 0 0 0 0 0 0 0 0 0 0 0 0 0 0 0 0 0 0 0 0 0 0 
0 0 82 0 0 0 80 0 0 0 0 0 0 0 0 0 0 19 0 0 0 51 0 0 25 0 0 0 0 94 0 0 0 0 35 0 0 0 0 0 0 0 0 0 0 0 0 0 0 56 0 0 0 0 41 0 0 0 0 0 0 0 0 0 0 0 0 0 0 55 0 0 0 0 0 0 0 0 0 0 0 20 0 0 0 0 0 42 0 0 0 88 0 55 0 0 0 0 18 0 
0 0 0 0 0 0 0 0 0 0 0 0 0 18 0 0 0 0 0 0 0 0 0 0 0 0 0 97 0 0 0 0 0 0 21 0 0 0 0 74 0 0 0 0 29 0 0 0 0 0 0 0 0 0 0 0 0 0 51 44 0 0 90 0 0 0 0 0 0 0 0 26 0 0 0 0 0 0 0 93 0 0 0 0 0 0 0 0 0 0 0 0 0 0 0 100 0 0 0 0 
0 0 0 0 0 0 0 0 0 0 0 89 0 0 0 0 0 0 0 0 0 0 0 0 56 0 81 0 0 0 0 0 0 0 0 0 72 0 0 0 0 0 0 0 0 0 0 0 0 0 0 80 0 0 0 0 0 0 0 0 0 0 0 0 0 0 0 0 76 0 34 0 0 0 0 0 0 0 0 0 0 43 0 0 0 0 94 0 0 0 2 0 0 0 77 0 0 23 0 0 
0 69 0 0 0 0 0 0 47 0 0 0 0 0 0 0 0 0 0 25 3 0 0 0 0 0 0 0 76 0 15 0 0 5 0 0 0 0 67 0 0 0 0 0 0 0 0 0 0 0 0 0 0 0 0 0 51 0 0 0 0 0 0 0 0 0 20 87 0 99 0 0 0 0 0 0 0 0 0 0 0 0 76 0 0 0 0 0 0 0 0 0 0 41 0 0 0 0 69 0 
0 0 0 0 0 0 0 0 0 0 0 0 0 0 0 0 0 22 0 0 0 0 0 0 0 0 0 0 75 0 0 17 0 0 0 25 0 0 0 22 0 36 0 56 0 0 0 0 0 0 17 0 0 0 0 0 44 0 0 0 0 0 0 0 0 0 82 0 0 0 0 0 0 0 0 0 0 0 0 0 6 0 0 13 0 0 0 0 0 0 0 0 0 0 0 0 0 0 0 0 
0 46 0 0 0 0 0 0 72 0 0 0 0 0 0 8 0 0 0 0 0 89 0 0 62 0 0 0 0 0 0 0 0 0 0 28 30 0 86 0 0 11 0 0 0 0 0 0 23 0 0 0 0 0 0 0 0 0 0 0 0 0 0 0 0 0 0 0 0 0 0 0 0 0 0 9 0 53 0 0 0 0 0 0 0 0 0 0 0 89 0 0 61 0 0 14 0 0 0 0 
0 0 0 0 0 0 0 0 0 93 0 0 0 0 0 0 0 0 28 0 0 0 0 0 0 0 0 0 96 0 82 0 0 0 0 0 0 0 0 75 0 35 0 0 95 0 0 82 0 0 80 0 0 81 0 0 0 0 0 0 0 0 0 0 0 0 0 0 0 0 0 76 0 0 0 0 0 65 77 0 0 0 0 0 0 0 0 0 0 0 0 26 11 0 0 0 0 0 0 0 
0 0 6 39 82 0 0 0 0 0 26 0 17 0 0 72 0 0 45 86 0 0 0 82 0 0 0 0 0 0 0 0 96 0 0 0 0 0 0 0 0 91 0 0 0 0 0 0 0 0 0 0 0 0 0 0 90 0 0 0 0 0 0 0 0 0 0 0 0 0 0 0 0 100 0 0 0 0 0 0 0 27 0 0 0 0 0 0 0 0 40 0 0 0 0 0 0 0 0 0 
0 0 0 0 13 0 0 0 0 0 0 0 0 0 0 76 0 0 0 50 0 9 0 0 0 0 0 0 0 0 0 0 0 0 0 0 0 0 0 0 0 70 0 0 20 0 0 35 0 0 86 0 0 0 0 0 0 0 0 0 0 0 0 0 0 30 0 0 96 0 0 0 0 0 0 0 0 0 0 0 0 0 0 0 20 0 0 0 0 0 0 0 0 0 0 0 0 0 0 0 
0 13 0 0 0 0 0 0 0 0 0 0 0 0 0 0 0 0 0 34 0 28 55 96 0 0 0 0 0 0 0 0 0 0 0 0 0 36 0 0 0 0 49 0 0 0 0 58 0 0 0 0 0 0 0 0 0 0 0 0 0 0 0 0 0 0 0 0 0 0 0 0 0 2 0 56 0 0 0 0 10 0 0 0 70 0 32 39 0 0 0 100 0 0 0 0 0 0 0 0 
35 0 0 0 0 86 0 0 0 0 0 0 0 0 0 0 0 0 0 0 0 0 0 0 56 0 0 32 0 81 0 0 0 0 0 0 0 0 0 0 0 0 0 0 0 0 0 0 0 0 0 0 0 0 0 0 0 0 0 0 0 0 0 30 0 0 0 0 0 89 31 0 0 0 9 0 0 0 81 0 0 0 0 0 0 0 0 0 0 0 0 0 0 0 0 0 0 0 0 0 
0 0 0 0 0 0 0 0 0 0 0 0 0 0 0 0 0 0 0 0 0 15 0 0 0 0 87 0 0 29 0 0 0 0 0 0 44 0 0 0 0 0 0 0 0 0 0 0 0 0 0 0 81 0 0 0 0 0 20 82 0 0 0 0 0 0 0 0 0 12 0 0 0 0 0 7 0 42 0 0 44 4 0 0 0 0 90 62 0 0 0 0 0 0 0 0 0 0 0 0 
0 0 0 0 0 0 94 0 0 0 0 0 0 0 0 0 0 0 0 0 0 0 0 0 0 88 0 0 0 0 0 57 0 0 0 0 0 0 0 0 0 0 0 0 0 0 39 44 0 0 0 0 20 0 0 0 0 0 87 0 0 0 0 0 0 0 0 0 0 0 0 0 0 0 0 0 0 0 0 0 0 95 0 10 0 0 0 0 78 0 0 36 0 0 0 0 0 0 0 0 
0 0 0 0 0 0 0 0 46 0 0 0 0 0 0 0 0 0 0 0 0 0 5 0 0 0 0 0 0 0 0 0 0 0 0 0 0 0 0 0 0 56 0 0 0 0 66 0 0 0 0 0 0 0 42 0 0 76 0 0 0 0 0 96 0 0 0 0 0 0 0 0 0 56 0 0 0 0 0 48 0 0 11 0 0 0 0 0 0 0 0 0 0 78 0 0 0 0 0 0 
0 0 0 0 0 0 0 0 0 0 0 79 0 0 0 26 0 0 0 93 0 0 60 0 0 46 0 0 0 0 0 0 0 0 0 0 0 0 0 0 0 0 0 0 0 0 0 0 0 0 0 5 0 0 0 55 0 0 99 0 0 0 0 0 0 89 12 0 0 0 0 0 0 5 29 0 0 0 0 0 0 0 0 0 0 0 0 0 0 0 0 13 0 0 0 0 37 0 0 0 
0 0 0 0 0 86 0 0 0 0 0 0 0 0 0 0 0 0 0 49 0 0 0 4 0 0 0 23 0 0 0 0 90 0 0 0 0 0 0 0 0 0 0 0 0 0 57 4 0 2 0 0 0 0 0 0 0 34 0 0 0 0 0 0 0 31 0 0 0 0 0 0 0 0 0 0 0 0 0 0 0 0 0 0 0 0 0 37 0 0 0 0 0 15 0 0 25 0 73 31 
0 0 0 32 0 0 0 0 0 86 0 0 0 88 0 0 0 0 0 0 21 55 28 0 0 0 0 0 0 0 0 0 9 0 0 70 2 0 89 0 0 0 0 0 0 0 0 0 0 14 0 0 0 67 0 0 26 0 0 0 0 76 0 0 0 0 0 0 0 0 0 0 0 0 0 0 0 0 0 0 0 0 0 0 0 0 0 0 0 0 0 0 0 0 0 0 0 0 0 42 
0 0 0 0 0 0 0 0 0 88 91 0 0 0 0 0 0 0 0 0 0 0 0 0 0 66 0 0 0 0 0 0 0 25 0 0 0 0 0 0 0 0 0 0 0 0 0 0 0 0 48 0 0 0 0 0 0 0 0 0 0 0 0 0 0 0 0 0 0 0 0 0 0 0 0 0 0 0 0 0 0 12 0 0 0 75 0 68 0 0 0 0 99 0 0 0 0 0 0 0 
0 0 0 0 0 23 0 0 0 0 0 0 0 0 0 0 0 0 0 91 0 0 0 0 0 0 0 0 0 0 0 0 0 0 44 24 0 0 35 0 0 0 0 33 0 0 0 0 0 0 0 0 0 0 0 0 0 0 0 0 0 0 100 0 2 0 0 0 56 5 0 0 0 0 0 0 0 0 0 0 0 0 73 0 0 72 0 0 0 19 0 0 0 0 0 0 0 0 91 0 
0 0 13 0 0 0 0 0 0 0 0 0 0 52 0 0 5 0 0 0 0 0 0 0 0 0 0 0 0 0 0 0 0 0 0 0 0 0 0 0 0 0 0 91 0 35 0 0 33 4 0 0 0 0 0 0 0 0 0 0 0 0 0 0 0 9 0 0 0 29 0 0 0 0 0 0 0 0 0 0 0 0 0 0 0 0 0 0 0 72 0 0 0 0 0 0 60 0 0 0 
0 0 0 0 0 45 0 0 0 0 0 0 20 62 75 0 0 0 0 0 45 0 0 0 0 0 0 0 11 0 0 83 0 0 0 0 0 0 0 0 0 0 0 0 0 0 0 0 0 0 0 57 0 0 0 0 0 0 0 0 9 0 0 0 56 0 7 0 0 0 0 0 0 0 0 0 0 0 0 0 62 0 0 0 0 0 0 0 0 0 0 0 0 9 0 0 0 0 0 78 
0 0 0 0 0 0 0 10 0 52 0 83 0 0 68 0 14 0 0 0 0 0 0 0 0 0 59 87 0 0 0 0 0 0 16 0 0 5 0 31 0 0 0 0 0 0 0 0 0 94 0 0 0 0 0 0 0 0 0 0 0 0 0 0 0 0 0 0 0 0 0 0 0 0 0 0 0 0 0 0 0 0 0 0 0 0 0 0 0 0 0 0 60 0 68 0 0 0 0 44 
0 0 0 0 0 0 0 0 0 0 0 0 55 0 0 0 19 0 0 0 0 0 0 0 0 0 0 0 0 0 0 0 0 0 0 0 0 0 0 0 0 0 0 0 0 0 0 0 48 40 0 0 0 0 0 0 0 0 0 0 53 65 0 0 0 0 42 0 0 0 0 0 0 0 0 0 0 0 0 0 0 0 57 8 0 0 91 0 0 0 0 0 0 0 0 59 0 0 0 0 
0 0 0 0 0 0 0 86 0 0 17 0 0 96 0 43 0 55 33 0 0 0 0 0 0 0 0 0 0 0 0 0 18 0 0 0 0 0 0 0 0 71 51 0 0 0 0 0 0 45 0 0 0 76 0 0 0 0 0 0 0 77 0 0 0 81 0 0 0 0 0 0 0 0 0 0 0 0 0 0 0 24 0 0 0 0 0 0 69 0 0 0 0 0 0 0 0 0 0 0 
0 0 0 0 0 0 0 17 1 0 0 0 0 0 0 0 0 0 0 0 0 0 0 0 0 0 55 78 0 0 0 0 0 20 0 60 0 13 0 0 74 97 0 0 0 0 0 0 0 70 0 0 0 0 0 0 93 0 0 0 0 0 0 0 0 0 0 0 48 0 0 0 0 0 0 0 0 0 0 0 0 0 0 0 0 0 0 0 0 70 0 0 0 0 0 0 0 0 0 0 
0 0 0 0 0 0 0 0 58 39 0 72 0 0 0 0 0 0 0 0 0 0 0 0 0 56 0 0 13 0 0 0 0 0 75 76 19 0 0 0 0 0 59 0 0 0 0 0 0 0 0 0 0 0 0 0 0 0 0 6 0 0 0 0 10 0 44 0 0 0 0 0 0 0 0 62 0 0 0 0 0 0 0 0 0 0 0 0 0 0 0 0 38 0 0 0 0 0 0 65 
0 0 0 0 0 0 86 0 0 0 0 0 0 0 76 91 0 0 11 7 0 0 0 0 0 0 0 0 0 0 0 0 0 0 0 0 0 0 0 0 0 0 0 0 0 0 0 0 0 0 0 0 0 2 0 20 0 43 0 0 0 0 27 0 0 0 4 95 0 0 0 0 12 0 0 0 0 0 24 0 0 0 0 0 0 0 0 0 0 0 0 0 0 0 0 0 0 20 51 0 
0 0 0 0 0 0 0 0 0 0 0 0 0 0 0 60 0 0 0 0 0 0 76 0 0 37 65 0 0 0 0 0 0 0 27 0 0 0 0 0 0 0 0 0 0 39 0 0 7 0 0 0 32 0 0 0 0 0 76 0 0 0 0 0 0 0 0 0 11 0 0 0 0 73 0 0 0 57 0 0 0 0 0 0 0 0 0 0 2 0 0 0 71 0 0 18 0 0 0 0 
0 0 95 0 0 0 0 0 0 0 0 0 0 0 0 0 0 79 0 0 3 0 44 0 0 0 0 0 0 24 0 0 95 0 0 0 0 0 13 0 0 0 0 0 0 0 0 0 0 4 0 0 60 64 0 0 0 0 0 13 0 0 0 0 0 0 0 10 0 0 0 0 0 0 0 0 0 8 0 0 0 0 0 0 0 0 55 0 0 0 0 0 0 0 0 0 0 38 0 0 
0 0 0 0 0 0 0 0 0 0 0 0 0 0 0 0 0 28 0 0 0 0 0 0 0 0 0 0 0 0 0 0 0 0 0 0 83 0 0 0 86 0 0 0 0 0 0 0 0 0 0 0 0 0 0 0 0 0 0 0 0 0 0 20 70 0 0 0 0 0 0 0 0 0 0 0 0 0 0 0 0 0 0 0 0 0 0 0 0 36 0 0 65 0 0 0 0 0 0 86 
45 0 0 0 37 0 0 0 0 0 50 0 0 0 0 0 58 0 89 0 0 0 53 0 71 0 0 0 0 0 0 0 0 0 0 79 0 0 0 0 0 0 0 68 87 0 0 0 0 0 5 0 0 0 0 0 0 0 0 0 0 0 0 0 0 0 0 0 0 0 0 0 75 72 0 0 0 0 0 0 0 0 0 0 0 0 0 0 0 18 0 0 0 0 0 0 43 0 0 0 
21 0 0 0 0 50 0 0 0 0 0 0 0 7 0 0 0 0 0 0 51 0 0 100 0 0 0 0 0 0 65 0 0 0 0 0 0 0 0 0 0 0 0 54 0 0 0 0 0 0 0 0 17 0 0 0 0 94 0 0 0 0 0 0 32 0 90 0 0 0 0 0 0 0 0 0 0 91 0 0 0 0 0 55 0 0 0 0 0 0 0 0 0 26 0 0 0 0 0 0 
0 0 0 0 0 0 0 0 0 63 0 0 41 0 0 0 0 0 0 0 0 0 0 0 0 0 0 0 0 0 0 0 0 0 0 0 0 0 74 0 0 0 0 0 0 95 0 100 0 0 0 0 0 0 0 42 0 0 0 0 0 0 0 0 39 0 62 0 0 0 37 0 68 0 0 0 0 0 0 0 0 0 0 0 0 0 0 0 0 48 32 0 0 0 0 0 47 0 7 53 
0 0 0 99 0 0 0 0 0 0 0 0 0 0 0 81 0 0 0 0 0 0 0 0 0 0 73 0 0 0 0 0 0 0 78 0 0 0 54 0 13 0 0 0 0 0 67 0 0 0 95 0 63 0 0 0 0 0 0 0 0 0 0 0 0 0 0 78 0 0 0 0 0 0 0 0 0 0 69 0 0 0 2 0 0 0 0 0 0 0 0 0 64 0 50 0 49 0 0 0 
0 0 0 0 0 0 0 0 57 0 0 0 0 0 0 0 47 0 0 0 0 0 0 0 0 0 3 0 0 0 0 0 0 0 0 0 0 0 0 0 0 0 0 0 0 0 0 0 0 0 0 0 90 0 0 0 0 0 0 0 89 0 0 0 0 0 0 0 0 0 0 0 0 19 72 0 0 0 0 70 0 0 0 0 36 18 0 48 0 0 76 0 0 0 0 0 0 0 0 0 
0 0 0 0 0 0 27 0 0 0 0 0 0 0 0 0 0 0 0 0 0 0 0 0 0 0 19 0 0 0 0 0 0 0 0 0 0 35 45 54 77 0 0 69 25 0 0 0 0 0 0 0 0 39 0 0 0 2 0 0 0 0 40 0 0 0 0 0 0 0 0 0 0 0 0 0 0 0 0 0 0 0 0 0 0 0 0 32 0 76 0 0 0 0 0 0 0 0 0 84 
0 0 0 0 0 0 0 0 0 0 0 43 0 0 0 0 0 0 0 0 0 0 0 0 0 47 0 0 0 41 0 0 0 0 22 75 0 0 0 66 0 10 0 0 0 0 0 0 0 0 0 0 0 0 0 88 0 0 0 0 0 26 0 0 100 0 0 36 0 13 0 0 0 0 0 0 0 0 0 0 0 0 0 0 0 0 0 0 0 0 0 0 0 0 0 0 0 0 0 0 
95 0 0 0 0 0 0 0 0 95 0 98 0 0 0 0 0 0 0 0 0 0 0 0 0 31 0 0 0 0 0 0 0 0 0 0 0 0 0 25 0 0 0 0 0 0 0 0 0 0 0 0 0 0 0 0 0 0 0 0 61 11 0 0 0 0 0 0 0 0 0 0 99 0 0 0 60 0 0 0 38 0 71 0 65 0 0 0 64 0 0 0 0 0 0 0 0 0 0 56 
0 0 0 0 52 95 0 0 0 0 0 0 0 0 0 0 0 0 0 0 0 0 0 0 77 0 0 33 0 0 0 0 0 0 16 0 0 0 0 10 0 0 0 0 0 0 0 0 82 0 38 0 0 10 0 55 0 0 41 0 0 0 0 0 0 0 0 0 78 0 15 0 0 0 0 9 0 0 0 0 0 0 0 0 0 0 26 0 0 0 0 0 0 0 0 0 0 0 0 0 
0 0 0 23 0 0 0 0 0 44 0 0 0 0 0 0 0 0 0 0 84 0 17 0 0 0 0 0 0 0 0 0 0 0 0 55 0 0 0 19 51 0 0 0 0 0 0 0 0 76 0 0 0 0 0 0 0 77 0 0 0 0 0 0 0 0 0 0 0 0 0 0 0 0 0 0 68 0 0 0 0 0 0 0 0 0 0 0 50 0 0 0 0 0 0 0 0 0 0 0 
0 74 0 0 0 0 0 0 0 0 0 0 0 0 0 0 0 84 0 0 0 37 0 0 0 0 0 97 0 0 5 0 0 0 0 0 0 0 0 99 0 0 0 1 0 0 0 0 0 0 3 0 0 42 0 0 100 0 0 0 14 0 0 0 0 0 0 0 0 0 0 0 0 0 0 0 0 59 0 0 0 0 18 0 0 0 0 0 0 0 0 0 0 0 0 0 0 75 0 49 
0 0 0 0 0 0 0 0 0 0 0 0 0 0 0 0 0 0 31 0 0 0 0 0 35 0 0 0 0 0 41 32 0 0 0 0 0 0 0 0 0 0 0 29 0 36 0 36 0 0 0 0 0 16 0 0 0 0 0 0 0 0 0 0 0 0 0 0 0 37 25 0 0 0 60 0 0 0 0 0 0 0 0 0 0 43 0 47 49 0 0 0 0 0 0 0 0 0 94 0 
0 0 0 0 0 0 0 49 0 0 0 0 0 58 0 0 0 46 0 0 0 0 0 59 0 0 0 0 0 37 91 27 0 0 0 0 0 0 0 0 56 0 0 0 0 46 0 0 0 0 0 0 81 0 0 0 0 23 0 0 0 0 0 0 0 0 0 0 0 0 0 0 0 0 0 0 0 0 0 0 0 20 0 38 0 0 0 0 0 0 0 0 0 0 0 75 0 0 0 0 
0 0 0 0 3 0 0 0 0 0 0 0 0 38 0 0 0 0 0 55 0 0 0 0 0 0 0 0 81 0 0 13 0 0 0 0 0 0 0 0 0 14 0 0 0 0 0 0 96 0 0 0 59 0 0 18 0 0 69 0 0 0 0 0 0 0 0 0 0 0 73 0 0 91 0 0 0 0 0 0 0 51 0 0 0 0 0 7 0 0 0 0 0 0 0 0 94 0 0 0 
0 0 0 0 0 0 0 96 0 0 0 0 0 0 0 69 0 0 0 0 0 0 0 0 0 0 0 0 0 0 51 0 53 0 0 0 0 0 0 0 0 0 71 0 0 0 0 0 0 0 0 0 0 0 0 0 0 0 0 0 0 0 0 0 0 0 0 0 0 0 31 42 0 0 0 78 44 0 0 0 65 0 0 0 86 0 0 53 0 0 84 0 56 0 0 49 0 0 0 0 
