0 0 0 0 128 0 0 0 0 0 65 0 0 135 0 0 0 0 0 141 0 0 61 0 0 0 0 0 0 0 0 0 64 0 0 17 0 0 0 0 0 0 0 0 0 0 0 0 0 17 149 0 0 0 0 0 0 0 0 0 0 0 0 0 143 0 0 0 0 0 0 0 0 0 0 116 0 0 149 0 0 0 0 0 0 0 0 0 0 0 0 0 0 0 0 56 0 0 0 0 
0 0 0 85 0 0 0 70 0 0 0 0 0 47 0 0 0 0 0 0 0 0 0 0 0 0 0 0 0 0 0 0 0 78 0 0 21 0 0 0 0 0 0 0 0 0 23 0 0 0 0 0 0 121 0 0 0 0 18 0 0 0 82 1 0 0 0 0 0 132 0 0 0 0 0 0 0 0 0 34 0 36 0 0 0 0 0 0 0 71 0 0 0 0 0 0 0 0 0 28 
0 0 0 0 0 0 0 0 0 0 0 122 0 0 0 0 0 0 0 0 0 95 0 0 0 0 0 0 0 10 0 60 0 0 0 0 0 0 0 0 0 134 0 0 0 114 0 25 0 0 0 0 0 0 0 119 0 0 0 0 0 0 110 0 0 0 0 0 0 0 0 0 0 0 0 0 0 0 0 97 0 0 0 0 123 0 50 0 111 0 0 0 0 0 127 0 58 0 0 0 
0 85 0 0 0 0 0 0 0 0 0 0 0 82 0 0 0 0 0 0 0 0 71 0 108 0 0 0 0 48 0 0 0 0 0 0 68 0 0 0 0 87 19 0 0 0 0 0 0 0 0 0 0 0 0 0 10 0 0 0 114 0 0 0 0 0 0 0 0 0 0 0 0 0 0 0 0 0 0 75 126 0 0 55 108 0 0 64 0 0 0 0 0 0 0 0 0 0 0 0 
128 0 0 0 0 125 0 0 0 0 0 0 18 0 0 0 0 0 119 0 0 6 0 0 100 0 0 60 0 0 0 0 0 0 0 0 0 0 0 0 0 0 18 0 90 0 0 0 0 33 0 0 0 0 0 0 0 0 0 120 0 0 0 0 0 0 0 0 0 0 0 0 2 0 0 0 0 0 0 0 0 146 0 0 0 0 0 0 0 0 0 135 0 0 127 0 0 0 0 0 
0 0 0 0 125 0 0 0 0 0 0 0 0 130 63 0 0 0 0 0 7 0 0 0 0 0 0 0 0 0 0 0 0 0 0 0 0 0 0 0 0 0 0 0 127 0 0 0 0 0 0 0 29 61 0 0 0 0 0 0 0 0 64 0 42 0 0 0 0 0 0 28 0 0 127 0 0 0 0 0 0 0 0 49 0 0 0 107 124 0 0 0 0 81 0 0 0 0 0 0 
0 0 0 0 0 0 0 0 0 0 0 0 0 0 0 0 0 0 0 0 0 101 0 118 0 148 0 0 0 0 0 0 0 0 0 57 0 0 0 146 0 0 0 0 0 0 0 0 0 0 0 0 0 14 0 0 0 0 0 81 0 0 98 0 0 0 0 0 0 122 0 0 0 2 0 0 0 0 0 0 0 0 0 0 0 0 0 0 0 0 0 0 0 0 0 0 79 0 0 0 
0 70 0 0 0 0 0 0 0 0 0 0 0 0 50 0 0 0 0 0 0 0 0 106 0 0 0 0 0 0 0 0 0 0 132 0 86 99 0 0 0 0 107 0 0 0 0 0 0 0 0 0 0 119 0 0 0 0 0 0 0 0 0 0 0 0 0 131 0 0 0 0 0 0 0 0 0 0 46 48 0 0 0 0 52 147 0 23 0 0 0 0 46 0 0 0 0 0 0 0 
0 0 0 0 0 0 0 0 0 0 0 123 107 0 0 0 0 0 0 0 0 0 0 0 0 0 0 137 0 136 0 0 0 0 0 0 0 0 0 0 0 146 0 0 0 0 131 0 0 0 0 0 0 112 0 0 0 0 0 0 0 36 0 0 0 0 73 71 0 14 90 0 150 88 0 0 0 0 0 0 0 0 0 0 0 0 100 0 0 0 0 0 0 0 0 0 0 0 0 0 
0 0 0 0 0 0 0 0 0 0 0 0 0 35 0 0 22 0 0 0 0 0 0 0 0 0 0 0 0 0 0 0 48 59 0 0 116 0 121 0 0 0 0 0 133 0 0 0 0 0 0 0 0 0 0 0 30 0 0 0 0 0 0 0 0 0 81 0 0 0 0 0 0 94 0 0 128 0 0 146 0 0 0 0 1 0 83 0 0 0 0 0 0 0 87 0 0 0 0 0 
65 0 0 0 0 0 0 0 0 0 0 0 139 0 0 0 0 0 0 129 0 0 0 0 22 0 0 0 0 0 0 0 0 0 0 0 0 0 0 0 0 0 0 0 0 47 0 0 0 0 0 23 0 0 0 0 95 0 103 0 0 0 0 0 0 0 0 0 0 100 0 0 0 0 0 0 0 0 0 0 68 0 103 0 0 0 0 59 0 0 139 146 0 0 0 61 0 0 0 0 
0 0 122 0 0 0 0 0 123 0 0 0 0 56 0 0 112 0 0 0 22 0 0 0 0 0 98 0 0 0 46 0 0 0 0 0 0 0 0 0 0 0 0 0 0 0 0 0 0 0 0 0 24 0 0 0 0 0 0 0 0 0 5 0 0 61 0 0 0 0 0 0 0 0 62 0 0 0 0 0 0 0 0 0 0 0 0 0 0 0 97 0 146 0 0 0 0 0 0 0 
0 0 0 0 18 0 0 0 107 0 139 0 0 0 0 139 0 91 0 145 0 0 0 0 87 0 0 0 0 0 81 0 0 0 61 0 0 0 0 0 0 0 0 0 0 0 0 0 0 0 0 0 115 0 0 0 0 0 0 0 0 0 39 0 103 0 0 0 0 0 0 0 0 0 0 0 140 0 0 0 0 0 0 0 0 0 28 0 101 0 0 0 0 0 0 0 0 0 0 0 
135 47 0 82 0 130 0 0 0 35 0 56 0 0 0 0 0 0 0 0 0 0 0 0 0 0 0 0 0 0 0 0 0 0 0 0 0 0 0 0 61 0 0 0 0 0 0 0 0 0 0 0 0 0 0 0 0 0 0 0 0 0 4 0 0 0 0 0 0 0 136 0 4 0 0 0 0 0 0 0 0 0 122 0 0 0 0 45 0 149 0 57 0 0 0 0 34 0 0 0 
0 0 0 0 0 63 0 50 0 0 0 0 0 0 0 0 0 0 0 0 0 0 0 0 0 0 0 0 0 0 0 0 0 0 33 0 0 0 0 0 0 0 0 0 0 8 0 0 0 0 0 0 9 0 0 0 0 30 0 0 42 67 0 0 0 0 0 98 0 0 0 0 0 80 0 0 0 0 0 0 0 96 0 0 0 0 0 0 0 0 0 0 0 0 0 0 0 0 0 0 
0 0 0 0 0 0 0 0 0 0 0 0 139 0 0 0 0 0 0 0 0 0 0 0 0 0 0 0 0 0 0 0 0 0 0 0 0 0 15 0 38 0 0 0 136 0 0 0 0 0 0 0 61 0 0 77 0 0 139 0 0 0 0 0 0 0 0 0 0 0 0 0 0 0 0 0 0 0 0 0 0 0 0 0 27 0 0 0 0 0 0 0 0 0 0 0 0 0 0 0 
0 0 0 0 0 0 0 0 0 22 0 112 0 0 0 0 0 0 0 0 0 0 71 0 0 0 0 0 0 0 0 0 0 0 0 0 38 0 0 0 0 0 0 72 0 0 0 0 43 0 0 75 28 0 0 0 0 0 0 0 0 0 0 0 0 0 0 16 0 0 0 0 0 0 0 0 41 0 0 0 0 0 0 105 0 0 0 0 0 0 0 0 0 0 48 0 0 0 0 0 
0 0 0 0 0 0 0 0 0 0 0 0 91 0 0 0 0 0 0 133 0 0 0 0 0 0 0 0 0 0 0 0 0 0 0 0 74 0 0 0 45 0 0 0 0 107 0 0 0 52 0 0 0 0 0 0 0 117 0 0 0 0 0 0 0 0 0 0 0 0 0 0 50 0 0 0 0 0 0 0 0 0 0 83 0 150 56 0 144 0 0 0 19 0 0 92 0 0 0 0 
0 0 0 0 119 0 0 0 0 0 0 0 0 0 0 0 0 0 0 0 0 84 0 98 0 0 0 0 0 0 0 0 0 0 0 107 0 119 0 0 0 0 0 0 0 84 0 0 0 0 9 0 0 111 0 0 65 0 0 0 0 0 0 0 0 0 0 0 0 0 0 0 0 11 0 0 0 0 0 0 0 0 0 0 6 0 0 0 0 39 0 0 0 112 0 0 0 100 92 0 
141 0 0 0 0 0 0 0 0 0 129 0 145 0 0 0 0 133 0 0 0 85 0 0 0 0 0 0 0 0 0 0 0 0 0 0 0 0 0 0 0 0 0 0 0 0 0 59 102 0 79 0 0 0 72 0 0 0 0 0 3 0 0 0 0 0 0 0 0 0 0 119 0 0 0 0 0 0 0 0 0 0 0 0 0 0 0 0 16 0 0 0 0 0 0 82 0 0 0 150 
0 0 0 0 0 7 0 0 0 0 0 22 0 0 0 0 0 0 0 0 0 0 83 0 0 0 0 0 0 112 0 46 0 0 0 0 0 61 0 0 0 0 0 0 0 56 0 0 0 0 0 0 0 0 0 14 0 0 0 0 0 0 0 0 0 0 65 0 111 0 0 0 0 0 0 78 0 0 0 0 0 0 0 0 0 96 0 143 139 0 0 17 0 0 0 0 0 0 0 0 
0 0 95 0 6 0 101 0 0 0 0 0 0 0 0 0 0 0 84 85 0 0 0 0 0 0 0 0 0 0 0 0 0 29 0 0 0 0 123 0 0 0 0 0 0 0 0 0 0 0 0 0 66 0 0 0 0 0 0 0 0 0 0 0 0 0 0 0 0 0 0 0 0 0 0 0 0 0 0 0 0 0 39 0 0 0 0 0 0 0 0 0 0 0 0 0 0 0 0 0 
61 0 0 71 0 0 0 0 0 0 0 0 0 0 0 0 71 0 0 0 83 0 0 0 0 56 0 0 0 0 0 0 0 0 0 85 0 0 0 17 0 0 0 0 0 0 0 0 0 2 0 0 0 0 0 14 0 0 147 0 0 0 0 0 0 0 0 0 0 0 0 0 0 0 0 0 0 62 0 0 0 0 0 0 0 14 139 0 120 131 0 0 0 0 0 0 0 0 0 0 
0 0 0 0 0 0 118 106 0 0 0 0 0 0 0 0 0 0 98 0 0 0 0 0 0 0 0 0 0 0 0 0 0 0 0 0 0 0 0 77 1 0 0 0 0 0 0 0 113 0 0 38 0 0 0 0 0 0 0 0 0 0 0 0 117 0 48 0 0 0 0 0 0 0 0 0 0 0 0 0 0 123 0 0 0 10 0 0 0 0 5 0 112 0 114 0 0 0 142 0 
0 0 0 108 100 0 0 0 0 0 22 0 87 0 0 0 0 0 0 0 0 0 0 0 0 69 111 0 0 0 0 0 0 0 0 0 0 0 0 0 0 0 0 0 0 0 0 0 0 0 0 3 0 0 0 0 0 0 0 0 0 0 0 0 0 0 0 0 0 0 0 0 0 0 0 10 0 0 0 0 0 0 0 0 0 87 0 0 0 0 0 0 0 0 0 0 0 149 0 0 
0 0 0 0 0 0 148 0 0 0 0 0 0 0 0 0 0 0 0 0 0 0 56 0 69 0 0 0 0 0 0 0 0 10 0 0 0 5 0 0 0 0 0 0 0 0 0 0 0 0 0 0 0 0 148 0 0 0 0 0 0 0 0 0 0 0 60 0 54 0 0 0 0 54 0 0 0 0 0 0 0 0 0 0 0 0 0 103 0 0 0 0 0 0 0 0 0 0 0 0 
0 0 0 0 0 0 0 0 0 0 0 98 0 0 0 0 0 0 0 0 0 0 0 0 111 0 0 0 0 0 0 0 0 0 0 0 0 0 0 0 0 0 0 4 0 0 126 0 0 0 0 0 0 0 0 0 0 0 0 0 0 0 0 137 0 0 0 0 0 0 77 0 45 0 112 111 32 0 89 0 0 0 0 0 0 0 0 0 0 121 0 0 96 0 0 88 0 0 0 0 
0 0 0 0 60 0 0 0 137 0 0 0 0 0 0 0 0 0 0 0 0 0 0 0 0 0 0 0 0 0 19 0 0 0 0 0 0 0 0 0 0 126 0 0 0 0 0 0 0 0 0 0 0 0 0 0 21 0 0 0 34 0 0 0 0 101 0 0 0 0 0 0 0 0 90 0 0 0 0 0 0 0 0 0 0 0 0 0 0 137 0 0 0 0 0 0 0 116 0 0 
0 0 0 0 0 0 0 0 0 0 0 0 0 0 0 0 0 0 0 0 0 0 0 0 0 0 0 0 0 0 0 95 0 0 1 17 0 0 83 0 0 0 0 0 0 0 29 0 0 0 0 0 0 0 0 0 0 0 0 0 133 0 0 0 0 0 0 0 0 0 0 0 0 0 0 135 0 0 0 0 130 0 0 0 0 0 33 77 0 0 0 0 0 0 0 148 0 0 0 0 
0 0 10 48 0 0 0 0 136 0 0 0 0 0 0 0 0 0 0 0 112 0 0 0 0 0 0 0 0 0 0 0 0 0 0 0 0 0 84 0 0 0 0 49 0 0 0 0 0 0 0 0 0 0 0 0 0 117 0 0 0 0 0 98 0 115 0 33 0 0 0 0 0 0 0 0 0 0 0 0 0 0 0 0 0 0 0 0 0 0 44 0 0 0 0 0 0 0 0 0 
0 0 0 0 0 0 0 0 0 0 0 46 81 0 0 0 0 0 0 0 0 0 0 0 0 0 0 19 0 0 0 0 0 0 0 0 0 96 0 0 0 58 0 0 0 0 0 0 0 0 0 0 0 0 0 0 1 0 0 0 0 0 0 0 0 107 0 0 0 62 0 0 0 0 0 0 0 0 97 136 0 0 94 41 0 0 0 0 0 0 0 0 0 0 0 0 0 141 0 0 
0 0 60 0 0 0 0 0 0 0 0 0 0 0 0 0 0 0 0 0 46 0 0 0 0 0 0 0 95 0 0 0 0 19 0 32 0 0 0 0 0 0 0 0 0 0 0 0 0 0 0 0 0 0 83 0 0 0 103 0 0 0 0 139 0 0 21 0 0 0 0 0 0 0 0 0 0 0 0 0 0 0 0 0 20 0 0 0 0 0 0 0 0 0 115 0 55 0 0 0 
64 0 0 0 0 0 0 0 0 48 0 0 0 0 0 0 0 0 0 0 0 0 0 0 0 0 0 0 0 0 0 0 0 0 0 140 0 53 0 0 87 0 0 0 64 0 0 0 0 0 0 55 0 0 0 0 0 102 0 0 0 0 0 0 0 0 103 0 0 0 0 0 0 0 0 0 0 0 0 0 0 0 0 0 0 0 0 0 0 0 0 0 138 0 0 119 0 0 0 0 
0 78 0 0 0 0 0 0 0 59 0 0 0 0 0 0 0 0 0 0 0 29 0 0 0 10 0 0 0 0 0 19 0 0 0 0 0 0 0 0 87 0 0 0 0 0 0 0 0 0 0 0 0 0 63 0 0 0 0 0 0 0 0 0 0 0 96 0 0 92 0 0 0 0 0 0 36 0 0 0 0 0 60 15 0 0 0 0 0 0 0 0 0 0 0 0 0 0 0 66 
0 0 0 0 0 0 0 132 0 0 0 0 61 0 33 0 0 0 0 0 0 0 0 0 0 0 0 0 1 0 0 0 0 0 0 0 0 69 7 0 150 0 0 0 0 0 0 0 147 0 76 0 0 0 0 0 0 0 0 0 0 0 0 0 0 0 0 0 0 0 0 0 0 0 0 0 0 0 0 0 0 21 0 0 20 0 0 0 0 50 0 0 0 0 0 0 0 0 14 97 
17 0 0 0 0 0 57 0 0 0 0 0 0 0 0 0 0 0 107 0 0 0 85 0 0 0 0 0 17 0 0 32 140 0 0 0 0 48 0 0 0 0 0 0 0 0 0 0 0 0 0 0 0 0 0 0 0 0 0 0 70 0 0 0 0 0 0 147 0 0 0 0 0 0 0 0 0 0 0 0 0 0 50 0 87 0 0 0 0 0 0 0 52 0 0 0 0 0 119 0 
0 21 0 68 0 0 0 86 0 116 0 0 0 0 0 0 38 74 0 0 0 0 0 0 0 0 0 0 0 0 0 0 0 0 0 0 0 0 0 0 7 0 0 0 0 0 0 0 0 0 0 109 0 0 0 0 0 0 0 0 0 0 0 0 0 0 0 0 0 43 0 10 0 0 54 0 85 48 0 0 0 0 0 0 0 0 0 0 102 0 0 0 0 9 0 0 0 0 0 0 
0 0 0 0 0 0 0 99 0 0 0 0 0 0 0 0 0 0 119 0 61 0 0 0 0 5 0 0 0 0 96 0 53 0 69 48 0 0 0 0 0 0 0 0 0 0 29 0 0 0 0 0 0 0 33 0 0 0 0 0 0 0 0 0 0 0 0 0 0 97 0 0 0 0 106 0 0 0 104 0 15 0 0 0 0 0 0 0 0 0 0 0 0 0 0 0 96 0 0 0 
0 0 0 0 0 0 0 0 0 121 0 0 0 0 0 15 0 0 0 0 0 123 0 0 0 0 0 0 83 84 0 0 0 0 7 0 0 0 0 0 0 0 0 0 0 0 144 0 101 0 0 0 0 0 0 109 0 0 0 0 0 0 105 0 0 0 0 0 0 0 0 0 9 0 0 0 0 56 0 0 0 0 0 0 0 0 0 0 0 0 0 22 0 0 0 0 0 0 0 0 
0 0 0 0 0 0 146 0 0 0 0 0 0 0 0 0 0 0 0 0 0 0 17 77 0 0 0 0 0 0 0 0 0 0 0 0 0 0 0 0 0 0 0 0 0 21 0 49 0 0 0 0 0 0 0 78 0 0 0 35 0 0 0 0 0 0 102 0 0 0 0 0 0 0 0 24 64 14 0 0 0 0 0 0 0 0 0 0 0 0 0 0 0 0 0 0 0 0 8 0 
0 0 0 0 0 0 0 0 0 0 0 0 0 61 0 38 0 45 0 0 0 0 0 1 0 0 0 0 0 0 0 0 87 87 150 0 7 0 0 0 0 0 0 0 0 0 21 44 0 0 0 0 0 0 0 0 0 0 0 0 0 0 0 72 0 0 0 0 45 0 0 41 0 0 0 0 0 0 0 0 0 0 0 0 0 0 102 0 0 0 0 0 0 0 0 81 0 0 0 0 
0 0 134 87 0 0 0 0 146 0 0 0 0 0 0 0 0 0 0 0 0 0 0 0 0 0 0 126 0 0 58 0 0 0 0 0 0 0 0 0 0 0 0 127 0 0 0 0 0 0 0 0 66 0 0 0 0 0 0 0 0 0 0 0 0 0 0 0 8 0 0 0 0 0 0 0 0 0 53 0 0 0 0 0 67 0 0 99 0 0 0 0 0 0 0 0 0 0 0 0 
0 0 0 19 18 0 0 107 0 0 0 0 0 0 0 0 0 0 0 0 0 0 0 0 0 0 0 0 0 0 0 0 0 0 0 0 0 0 0 0 0 0 0 0 0 0 0 0 53 0 51 0 0 0 0 0 0 0 0 0 0 0 0 0 0 0 0 0 0 0 0 0 0 0 13 0 0 0 0 104 0 132 0 0 0 0 0 0 0 33 0 141 0 0 0 0 0 0 0 0 
0 0 0 0 0 0 0 0 0 0 0 0 0 0 0 0 72 0 0 0 0 0 0 0 0 0 4 0 0 49 0 0 0 0 0 0 0 0 0 0 0 127 0 0 0 0 0 0 0 0 0 0 0 61 0 0 0 96 0 0 0 0 0 0 0 0 0 49 0 0 0 0 0 0 0 0 0 0 120 0 0 0 0 106 0 50 0 0 0 0 1 0 0 0 0 0 0 0 0 14 
0 0 0 0 90 127 0 0 0 133 0 0 0 0 0 136 0 0 0 0 0 0 0 0 0 0 0 0 0 0 0 0 64 0 0 0 0 0 0 0 0 0 0 0 0 0 0 0 0 0 76 0 0 0 101 0 0 0 0 146 0 0 0 0 0 0 0 134 0 0 5 0 0 0 0 0 0 0 0 0 0 0 0 0 23 0 0 0 43 0 0 4 0 0 66 0 0 0 0 41 
0 0 114 0 0 0 0 0 0 0 47 0 0 0 8 0 0 107 84 0 56 0 0 0 0 0 0 0 0 0 0 0 0 0 0 0 0 0 0 21 0 0 0 0 0 0 0 0 64 0 0 0 0 0 0 130 0 0 0 0 0 0 0 0 0 0 0 0 0 0 0 0 0 0 0 0 0 68 0 0 0 0 0 0 0 0 138 0 0 0 0 150 51 0 0 0 117 0 0 108 
0 23 0 0 0 0 0 0 131 0 0 0 0 0 0 0 0 0 0 0 0 0 0 0 0 0 126 0 29 0 0 0 0 0 0 0 0 29 144 0 21 0 0 0 0 0 0 0 0 0 0 34 0 141 0 0 0 0 16 0 0 0 0 0 0 0 0 0 0 0 0 0 0 0 0 0 0 0 0 0 0 0 0 0 25 0 0 0 0 0 0 1 10 0 0 0 0 0 82 66 
0 0 25 0 0 0 0 0 0 0 0 0 0 0 0 0 0 0 0 59 0 0 0 0 0 0 0 0 0 0 0 0 0 0 0 0 0 0 0 49 44 0 0 0 0 0 0 0 0 0 0 0 0 0 0 0 4 0 0 0 0 62 0 0 0 0 0 0 0 0 0 6 0 0 0 0 0 0 0 0 8 94 0 0 0 0 0 0 16 0 0 0 0 0 0 0 0 22 0 0 
0 0 0 0 0 0 0 0 0 0 0 0 0 0 0 0 43 0 0 102 0 0 0 113 0 0 0 0 0 0 0 0 0 0 147 0 0 0 101 0 0 0 53 0 0 64 0 0 0 0 0 0 0 0 12 0 0 0 0 29 0 0 0 0 0 15 0 0 0 0 0 0 88 0 111 68 0 0 90 0 0 0 0 0 31 0 0 0 0 0 0 0 0 0 0 0 0 0 0 0 
17 0 0 0 33 0 0 0 0 0 0 0 0 0 0 0 0 52 0 0 0 0 2 0 0 0 0 0 0 0 0 0 0 0 0 0 0 0 0 0 0 0 0 0 0 0 0 0 0 0 79 0 86 0 0 0 14 0 0 0 0 0 0 0 0 0 0 0 0 0 0 0 91 0 0 0 0 0 0 0 0 0 0 0 0 0 0 0 0 0 0 0 0 74 0 0 0 0 0 0 
149 0 0 0 0 0 0 0 0 0 0 0 0 0 0 0 0 0 9 79 0 0 0 0 0 0 0 0 0 0 0 0 0 0 76 0 0 0 0 0 0 0 51 0 76 0 0 0 0 79 0 0 0 0 0 0 0 0 0 84 0 0 0 0 0 0 24 145 0 0 137 0 0 0 0 79 77 0 0 0 0 26 0 0 0 0 0 0 0 0 0 0 0 37 0 0 0 0 0 0 
0 0 0 0 0 0 0 0 0 0 23 0 0 0 0 0 75 0 0 0 0 0 0 38 3 0 0 0 0 0 0 0 55 0 0 0 109 0 0 0 0 0 0 0 0 0 34 0 0 0 0 0 0 0 78 0 0 0 120 0 0 0 0 0 0 0 0 0 0 0 0 0 0 10 137 0 0 0 20 0 0 0 150 49 0 0 0 0 0 0 0 0 0 0 0 5 0 0 0 0 
0 0 0 0 0 29 0 0 0 0 0 24 115 0 9 61 28 0 0 0 0 66 0 0 0 0 0 0 0 0 0 0 0 0 0 0 0 0 0 0 0 66 0 0 0 0 0 0 0 86 0 0 0 0 60 0 0 0 0 0 0 0 0 0 10 0 0 0 0 0 0 0 0 0 0 0 0 0 0 0 68 23 0 0 0 0 0 0 0 98 0 0 0 0 0 0 0 94 0 0 
0 121 0 0 0 61 14 119 112 0 0 0 0 0 0 0 0 0 111 0 0 0 0 0 0 0 0 0 0 0 0 0 0 0 0 0 0 0 0 0 0 0 0 61 0 0 141 0 0 0 0 0 0 0 0 0 0 0 0 0 0 0 0 0 0 46 0 0 0 0 0 0 0 85 0 0 0 136 0 0 0 0 90 0 0 0 0 0 0 0 0 0 0 0 0 97 0 148 0 0 
0 0 0 0 0 0 0 0 0 0 0 0 0 0 0 0 0 0 0 72 0 0 0 0 0 148 0 0 0 0 0 83 0 63 0 0 0 33 0 0 0 0 0 0 101 0 0 0 12 0 0 78 60 0 0 0 0 0 0 104 0 0 0 141 0 0 0 0 0 0 0 0 0 0 0 0 0 43 0 0 0 0 0 0 0 27 0 0 0 0 0 139 0 0 0 0 0 0 0 0 
0 0 119 0 0 0 0 0 0 0 0 0 0 0 0 77 0 0 0 0 14 0 14 0 0 0 0 0 0 0 0 0 0 0 0 0 0 0 109 78 0 0 0 0 0 130 0 0 0 0 0 0 0 0 0 0 31 0 0 0 0 0 146 0 0 103 51 0 0 0 107 0 0 0 0 0 132 0 0 0 0 0 0 0 146 0 0 24 0 0 0 0 0 0 0 0 0 0 0 0 
0 0 0 10 0 0 0 0 0 30 95 0 0 0 0 0 0 0 65 0 0 0 0 0 0 0 0 21 0 0 1 0 0 0 0 0 0 0 0 0 0 0 0 0 0 0 0 4 0 14 0 0 0 0 0 31 0 0 0 0 0 0 9 0 0 0 0 0 0 0 0 0 0 0 135 125 0 0 0 0 34 0 0 0 0 0 125 103 0 0 0 0 0 0 0 0 0 0 0 0 
0 0 0 0 0 0 0 0 0 0 0 0 0 0 30 0 0 117 0 0 0 0 0 0 0 0 0 0 0 117 0 0 102 0 0 0 0 0 0 0 0 0 0 96 0 0 0 0 0 0 0 0 0 0 0 0 0 0 124 0 0 0 0 25 66 0 0 61 0 0 0 101 0 0 0 0 0 0 0 0 123 68 50 0 131 0 0 0 136 0 0 0 0 0 0 0 0 0 0 0 
0 18 0 0 0 0 0 0 0 0 103 0 0 0 0 139 0 0 0 0 0 0 147 0 0 0 0 0 0 0 0 103 0 0 0 0 0 0 0 0 0 0 0 0 0 0 16 0 0 0 0 120 0 0 0 0 0 124 0 16 0 0 0 36 0 0 0 43 0 0 0 0 0 0 120 0 0 0 0 0 0 0 0 106 0 0 0 0 0 0 104 0 0 0 0 0 0 0 1 0 
0 0 0 0 120 0 81 0 0 0 0 0 0 0 0 0 0 0 0 0 0 0 0 0 0 0 0 0 0 0 0 0 0 0 0 0 0 0 0 35 0 0 0 0 146 0 0 0 29 0 84 0 0 0 104 0 0 0 16 0 0 15 0 0 0 0 0 0 69 0 0 91 0 0 0 0 0 0 0 0 0 0 0 0 0 0 0 0 0 0 0 74 136 0 0 0 98 0 0 70 
0 0 0 114 0 0 0 0 0 0 0 0 0 0 42 0 0 0 0 3 0 0 0 0 0 0 0 34 133 0 0 0 0 0 0 70 0 0 0 0 0 0 0 0 0 0 0 0 0 0 0 0 0 0 0 0 0 0 0 0 0 0 0 0 0 0 89 0 0 0 0 9 0 0 45 0 132 0 0 0 0 0 0 0 0 0 0 0 0 0 0 0 0 81 0 0 0 81 0 0 
0 0 0 0 0 0 0 0 36 0 0 0 0 0 67 0 0 0 0 0 0 0 0 0 0 0 0 0 0 0 0 0 0 0 0 0 0 0 0 0 0 0 0 0 0 0 0 62 0 0 0 0 0 0 0 0 0 0 0 15 0 0 0 0 0 0 0 0 0 0 0 0 0 0 0 0 0 43 0 0 0 0 82 0 0 0 0 0 69 0 0 0 0 0 0 18 0 86 0 0 
0 82 110 0 0 64 98 0 0 0 0 5 39 4 0 0 0 0 0 0 0 0 0 0 0 0 0 0 0 0 0 0 0 0 0 0 0 0 105 0 0 0 0 0 0 0 0 0 0 0 0 0 0 0 0 146 9 0 0 0 0 0 0 0 0 0 0 0 0 0 0 0 0 0 0 0 0 0 0 0 0 30 0 0 0 116 0 110 0 0 0 0 0 0 100 0 0 0 144 0 
0 1 0 0 0 0 0 0 0 0 0 0 0 0 0 0 0 0 0 0 0 0 0 0 0 0 137 0 0 98 0 139 0 0 0 0 0 0 0 0 72 0 0 0 0 0 0 0 0 0 0 0 0 0 141 0 0 25 36 0 0 0 0 0 0 0 0 0 0 0 0 0 0 8 0 0 0 0 0 0 0 0 0 0 0 0 0 0 0 107 63 0 115 0 128 0 0 0 0 0 
143 0 0 0 0 42 0 0 0 0 0 0 103 0 0 0 0 0 0 0 0 0 0 117 0 0 0 0 0 0 0 0 0 0 0 0 0 0 0 0 0 0 0 0 0 0 0 0 0 0 0 0 10 0 0 0 0 66 0 0 0 0 0 0 0 0 131 65 0 0 0 0 103 0 0 0 0 0 21 0 0 149 0 0 0 0 0 0 0 0 0 0 0 0 0 120 0 0 103 0 
0 0 0 0 0 0 0 0 0 0 0 61 0 0 0 0 0 0 0 0 0 0 0 0 0 0 0 101 0 115 107 0 0 0 0 0 0 0 0 0 0 0 0 0 0 0 0 0 15 0 0 0 0 46 0 103 0 0 0 0 0 0 0 0 0 0 0 0 0 7 0 135 6 0 0 0 0 0 0 0 0 0 0 0 0 0 0 0 0 0 0 0 0 0 116 0 0 82 0 0 
0 0 0 0 0 0 0 0 73 81 0 0 0 0 0 0 0 0 0 0 65 0 0 48 0 60 0 0 0 0 0 21 103 96 0 0 0 0 0 102 0 0 0 0 0 0 0 0 0 0 24 0 0 0 0 51 0 0 0 0 89 0 0 0 131 0 0 0 0 0 0 0 0 0 0 0 0 0 0 0 0 0 0 0 0 0 0 142 0 0 0 0 0 0 0 0 0 0 0 78 
0 0 0 0 0 0 0 131 71 0 0 0 0 0 98 0 16 0 0 0 0 0 0 0 0 0 0 0 0 33 0 0 0 0 0 147 0 0 0 0 0 0 0 49 134 0 0 0 0 0 145 0 0 0 0 0 0 61 43 0 0 0 0 0 65 0 0 0 0 0 0 0 0 0 0 0 0 62 0 0 0 0 0 0 0 0 129 0 0 0 0 0 0 0 0 0 145 0 0 0 
0 0 0 0 0 0 0 0 0 0 0 0 0 0 0 0 0 0 0 0 111 0 0 0 0 54 0 0 0 0 0 0 0 0 0 0 0 0 0 0 45 8 0 0 0 0 0 0 0 0 0 0 0 0 0 0 0 0 0 69 0 0 0 0 0 0 0 0 0 0 0 0 0 74 0 0 0 74 0 0 101 82 0 0 0 0 0 0 0 0 0 0 0 0 0 0 0 0 0 0 
0 132 0 0 0 0 122 0 14 0 100 0 0 0 0 0 0 0 0 0 0 0 0 0 0 0 0 0 0 0 62 0 0 92 0 0 43 97 0 0 0 0 0 0 0 0 0 0 0 0 0 0 0 0 0 0 0 0 0 0 0 0 0 0 0 7 0 0 0 0 0 0 0 0 0 43 120 0 0 0 0 0 0 0 0 0 0 0 0 0 0 0 0 0 0 0 0 0 0 0 
0 0 0 0 0 0 0 0 90 0 0 0 0 136 0 0 0 0 0 0 0 0 0 0 0 0 77 0 0 0 0 0 0 0 0 0 0 0 0 0 0 0 0 0 5 0 0 0 0 0 137 0 0 0 0 107 0 0 0 0 0 0 0 0 0 0 0 0 0 0 0 0 0 0 0 0 0 0 0 0 119 0 0 0 0 0 0 0 96 0 0 0 0 126 52 0 0 0 0 0 
0 0 0 0 0 28 0 0 0 0 0 0 0 0 0 0 0 0 0 119 0 0 0 0 0 0 0 0 0 0 0 0 0 0 0 0 10 0 0 0 41 0 0 0 0 0 0 6 0 0 0 0 0 0 0 0 0 101 0 91 9 0 0 0 0 135 0 0 0 0 0 0 0 0 0 0 0 0 0 0 0 0 0 0 0 0 0 0 0 0 70 0 0 0 0 0 55 49 0 0 
0 0 0 0 2 0 0 0 150 0 0 0 0 4 0 0 0 50 0 0 0 0 0 0 0 0 45 0 0 0 0 0 0 0 0 0 0 0 9 0 0 0 0 0 0 0 0 0 88 91 0 0 0 0 0 0 0 0 0 0 0 0 0 0 103 6 0 0 0 0 0 0 0 0 0 0 0 0 0 0 0 0 104 0 0 0 0 0 0 0 0 0 0 0 0 136 0 0 0 0 
0 0 0 0 0 0 2 0 88 94 0 0 0 0 80 0 0 0 11 0 0 0 0 0 0 54 0 0 0 0 0 0 0 0 0 0 0 0 0 0 0 0 0 0 0 0 0 0 0 0 0 10 0 85 0 0 0 0 0 0 0 0 0 8 0 0 0 0 74 0 0 0 0 0 0 0 0 0 0 0 0 0 46 0 0 0 0 0 0 0 0 0 86 29 0 0 0 0 0 0 
0 0 0 0 0 127 0 0 0 0 0 62 0 0 0 0 0 0 0 0 0 0 0 0 0 0 112 90 0 0 0 0 0 0 0 0 54 106 0 0 0 0 13 0 0 0 0 0 111 0 0 137 0 0 0 0 135 0 120 0 45 0 0 0 0 0 0 0 0 0 0 0 0 0 0 0 0 0 0 0 42 0 0 0 0 34 0 0 0 0 0 0 0 0 0 0 0 60 0 0 
116 0 0 0 0 0 0 0 0 0 0 0 0 0 0 0 0 0 0 0 78 0 0 0 10 0 111 0 135 0 0 0 0 0 0 0 0 0 0 24 0 0 0 0 0 0 0 0 68 0 79 0 0 0 0 0 125 0 0 0 0 0 0 0 0 0 0 0 0 43 0 0 0 0 0 0 0 0 93 0 0 0 0 40 0 0 0 0 0 89 0 0 0 0 0 0 132 23 0 0 
0 0 0 0 0 0 0 0 0 128 0 0 140 0 0 0 41 0 0 0 0 0 0 0 0 0 32 0 0 0 0 0 0 36 0 0 85 0 0 64 0 0 0 0 0 0 0 0 0 0 77 0 0 0 0 132 0 0 0 0 132 0 0 0 0 0 0 0 0 120 0 0 0 0 0 0 0 0 0 0 0 0 0 0 0 0 0 0 0 0 1 144 0 0 0 0 0 0 0 0 
0 0 0 0 0 0 0 0 0 0 0 0 0 0 0 0 0 0 0 0 0 0 62 0 0 0 0 0 0 0 0 0 0 0 0 0 48 0 56 14 0 0 0 0 0 68 0 0 0 0 0 0 0 136 43 0 0 0 0 0 0 43 0 0 0 0 0 62 74 0 0 0 0 0 0 0 0 0 10 86 115 0 0 0 0 0 96 0 0 119 0 0 0 0 0 0 0 0 0 0 
149 0 0 0 0 0 0 46 0 0 0 0 0 0 0 0 0 0 0 0 0 0 0 0 0 0 89 0 0 0 97 0 0 0 0 0 0 104 0 0 0 53 0 120 0 0 0 0 90 0 0 20 0 0 0 0 0 0 0 0 0 0 0 0 21 0 0 0 0 0 0 0 0 0 0 93 0 10 0 0 0 0 0 0 0 0 0 0 25 0 0 0 0 0 0 0 0 0 0 83 
0 34 97 75 0 0 0 48 0 146 0 0 0 0 0 0 0 0 0 0 0 0 0 0 0 0 0 0 0 0 136 0 0 0 0 0 0 0 0 0 0 0 104 0 0 0 0 0 0 0 0 0 0 0 0 0 0 0 0 0 0 0 0 0 0 0 0 0 0 0 0 0 0 0 0 0 0 86 0 0 0 21 0 24 0 0 0 0 0 0 0 0 0 62 0 8 0 0 0 0 
0 0 0 126 0 0 0 0 0 0 68 0 0 0 0 0 0 0 0 0 0 0 0 0 0 0 0 0 130 0 0 0 0 0 0 0 0 15 0 0 0 0 0 0 0 0 0 8 0 0 0 0 68 0 0 0 34 123 0 0 0 0 0 0 0 0 0 0 101 0 119 0 0 0 42 0 0 115 0 0 0 0 0 0 0 0 0 40 0 0 0 0 0 0 0 0 0 0 0 0 
0 36 0 0 146 0 0 0 0 0 0 0 0 0 96 0 0 0 0 0 0 0 0 123 0 0 0 0 0 0 0 0 0 0 21 0 0 0 0 0 0 0 132 0 0 0 0 94 0 0 26 0 23 0 0 0 0 68 0 0 0 0 30 0 149 0 0 0 82 0 0 0 0 0 0 0 0 0 0 21 0 0 0 0 0 27 0 0 0 0 0 0 0 0 0 0 0 0 0 0 
0 0 0 0 0 0 0 0 0 0 103 0 0 122 0 0 0 0 0 0 0 39 0 0 0 0 0 0 0 0 94 0 0 60 0 50 0 0 0 0 0 0 0 0 0 0 0 0 0 0 0 150 0 90 0 0 0 50 0 0 0 82 0 0 0 0 0 0 0 0 0 0 104 46 0 0 0 0 0 0 0 0 0 0 0 0 0 0 107 0 0 0 0 0 0 0 0 0 85 79 
0 0 0 55 0 49 0 0 0 0 0 0 0 0 0 0 105 83 0 0 0 0 0 0 0 0 0 0 0 0 41 0 0 15 0 0 0 0 0 0 0 0 0 106 0 0 0 0 0 0 0 49 0 0 0 0 0 0 106 0 0 0 0 0 0 0 0 0 0 0 0 0 0 0 0 40 0 0 0 24 0 0 0 0 0 142 0 0 0 0 0 0 0 111 0 0 0 0 73 89 
0 0 123 108 0 0 0 52 0 1 0 0 0 0 0 27 0 0 6 0 0 0 0 0 0 0 0 0 0 0 0 20 0 0 20 87 0 0 0 0 0 67 0 0 23 0 25 0 31 0 0 0 0 0 0 146 0 131 0 0 0 0 0 0 0 0 0 0 0 0 0 0 0 0 0 0 0 0 0 0 0 0 0 0 0 0 0 0 0 0 0 0 0 0 0 0 0 0 0 0 
0 0 0 0 0 0 0 147 0 0 0 0 0 0 0 0 0 150 0 0 96 0 14 10 87 0 0 0 0 0 0 0 0 0 0 0 0 0 0 0 0 0 0 50 0 0 0 0 0 0 0 0 0 0 27 0 0 0 0 0 0 0 116 0 0 0 0 0 0 0 0 0 0 0 34 0 0 0 0 0 0 27 0 142 0 0 0 0 0 0 0 0 0 0 0 0 0 0 0 0 
0 0 50 0 0 0 0 0 100 83 0 0 28 0 0 0 0 56 0 0 0 0 139 0 0 0 0 0 33 0 0 0 0 0 0 0 0 0 0 0 102 0 0 0 0 138 0 0 0 0 0 0 0 0 0 0 125 0 0 0 0 0 0 0 0 0 0 129 0 0 0 0 0 0 0 0 0 96 0 0 0 0 0 0 0 0 0 0 0 0 5 0 0 0 0 119 55 0 0 0 
0 0 0 64 0 107 0 23 0 0 59 0 0 45 0 0 0 0 0 0 143 0 0 0 0 103 0 0 77 0 0 0 0 0 0 0 0 0 0 0 0 99 0 0 0 0 0 0 0 0 0 0 0 0 0 24 103 0 0 0 0 0 110 0 0 0 142 0 0 0 0 0 0 0 0 0 0 0 0 0 40 0 0 0 0 0 0 0 0 0 0 0 0 0 0 0 0 0 128 0 
0 0 111 0 0 124 0 0 0 0 0 0 101 0 0 0 0 144 0 16 139 0 120 0 0 0 0 0 0 0 0 0 0 0 0 0 102 0 0 0 0 0 0 0 43 0 0 16 0 0 0 0 0 0 0 0 0 136 0 0 0 69 0 0 0 0 0 0 0 0 96 0 0 0 0 0 0 0 25 0 0 0 107 0 0 0 0 0 0 0 0 0 0 0 0 0 0 0 0 0 
0 71 0 0 0 0 0 0 0 0 0 0 0 149 0 0 0 0 39 0 0 0 131 0 0 0 121 137 0 0 0 0 0 0 50 0 0 0 0 0 0 0 33 0 0 0 0 0 0 0 0 0 98 0 0 0 0 0 0 0 0 0 0 107 0 0 0 0 0 0 0 0 0 0 0 89 0 119 0 0 0 0 0 0 0 0 0 0 0 0 53 0 0 102 0 0 0 0 0 98 
0 0 0 0 0 0 0 0 0 0 139 97 0 0 0 0 0 0 0 0 0 0 0 5 0 0 0 0 0 44 0 0 0 0 0 0 0 0 0 0 0 0 0 1 0 0 0 0 0 0 0 0 0 0 0 0 0 0 104 0 0 0 0 63 0 0 0 0 0 0 0 70 0 0 0 0 1 0 0 0 0 0 0 0 0 0 5 0 0 53 0 0 0 0 0 0 0 0 68 0 
0 0 0 0 135 0 0 0 0 0 146 0 0 57 0 0 0 0 0 0 17 0 0 0 0 0 0 0 0 0 0 0 0 0 0 0 0 0 22 0 0 0 141 0 4 150 1 0 0 0 0 0 0 0 139 0 0 0 0 74 0 0 0 0 0 0 0 0 0 0 0 0 0 0 0 0 144 0 0 0 0 0 0 0 0 0 0 0 0 0 0 0 120 45 0 0 117 0 0 0 
0 0 0 0 0 0 0 46 0 0 0 146 0 0 0 0 0 19 0 0 0 0 0 112 0 0 96 0 0 0 0 0 138 0 0 52 0 0 0 0 0 0 0 0 0 51 10 0 0 0 0 0 0 0 0 0 0 0 0 136 0 0 0 115 0 0 0 0 0 0 0 0 0 86 0 0 0 0 0 0 0 0 0 0 0 0 0 0 0 0 0 120 0 72 0 0 0 14 0 0 
0 0 0 0 0 81 0 0 0 0 0 0 0 0 0 0 0 0 112 0 0 0 0 0 0 0 0 0 0 0 0 0 0 0 0 0 9 0 0 0 0 0 0 0 0 0 0 0 0 74 37 0 0 0 0 0 0 0 0 0 81 0 0 0 0 0 0 0 0 0 126 0 0 29 0 0 0 0 0 62 0 0 0 111 0 0 0 0 0 102 0 45 72 0 0 0 19 0 141 0 
0 0 127 0 127 0 0 0 0 87 0 0 0 0 0 0 48 0 0 0 0 0 0 114 0 0 0 0 0 0 0 115 0 0 0 0 0 0 0 0 0 0 0 0 66 0 0 0 0 0 0 0 0 0 0 0 0 0 0 0 0 0 100 128 0 116 0 0 0 0 52 0 0 0 0 0 0 0 0 0 0 0 0 0 0 0 0 0 0 0 0 0 0 0 0 0 74 12 0 84 
56 0 0 0 0 0 0 0 0 0 61 0 0 0 0 0 0 92 0 82 0 0 0 0 0 0 88 0 148 0 0 0 119 0 0 0 0 0 0 0 81 0 0 0 0 0 0 0 0 0 0 5 0 97 0 0 0 0 0 0 0 18 0 0 120 0 0 0 0 0 0 0 136 0 0 0 0 0 0 8 0 0 0 0 0 0 119 0 0 0 0 0 0 0 0 0 0 0 0 0 
0 0 58 0 0 0 79 0 0 0 0 0 0 34 0 0 0 0 0 0 0 0 0 0 0 0 0 0 0 0 0 55 0 0 0 0 0 96 0 0 0 0 0 0 0 117 0 0 0 0 0 0 0 0 0 0 0 0 0 98 0 0 0 0 0 0 0 145 0 0 0 55 0 0 0 132 0 0 0 0 0 0 0 0 0 0 55 0 0 0 0 117 0 19 74 0 0 0 126 0 
0 0 0 0 0 0 0 0 0 0 0 0 0 0 0 0 0 0 100 0 0 0 0 0 149 0 0 116 0 0 141 0 0 0 0 0 0 0 0 0 0 0 0 0 0 0 0 22 0 0 0 0 94 148 0 0 0 0 0 0 81 86 0 0 0 82 0 0 0 0 0 49 0 0 60 23 0 0 0 0 0 0 0 0 0 0 0 0 0 0 0 0 14 0 12 0 0 0 0 0 
0 0 0 0 0 0 0 0 0 0 0 0 0 0 0 0 0 0 92 0 0 0 0 142 0 0 0 0 0 0 0 0 0 0 14 119 0 0 0 8 0 0 0 0 0 0 82 0 0 0 0 0 0 0 0 0 0 0 1 0 0 0 144 0 103 0 0 0 0 0 0 0 0 0 0 0 0 0 0 0 0 0 85 73 0 0 0 128 0 0 68 0 0 141 0 0 126 0 0 0 
0 28 0 0 0 0 0 0 0 0 0 0 0 0 0 0 0 0 0 150 0 0 0 0 0 0 0 0 0 0 0 0 0 66 97 0 0 0 0 0 0 0 0 14 41 108 66 0 0 0 0 0 0 0 0 0 0 0 0 70 0 0 0 0 0 0 78 0 0 0 0 0 0 0 0 0 0 0 83 0 0 0 79 89 0 0 0 0 0 98 0 0 0 0 84 0 0 0 0 0 
