0 0 0 0 0 0 0 79 0 0 0 0 0 0 0 0 0 0 0 0 0 0 0 0 0 0 0 0 0 0 0 0 0 0 0 0 0 0 0 0 0 18 0 0 0 0 13 70 0 0 22 87 0 0 58 0 0 42 0 0 0 15 0 0 68 85 0 0 0 0 0 0 0 0 0 0 0 0 0 0 0 0 100 0 0 0 85 0 0 16 0 43 0 0 0 0 0 0 0 0 
0 0 0 0 0 0 0 0 18 0 0 19 0 14 0 0 0 0 0 0 0 0 0 0 84 0 0 0 75 60 0 0 46 0 0 0 0 0 0 0 0 0 85 0 0 0 0 0 0 0 0 0 68 0 0 0 0 0 0 0 0 0 0 0 0 0 38 0 0 0 0 0 0 0 0 0 0 0 0 0 0 42 0 0 0 0 0 0 59 0 0 0 0 0 0 0 0 0 0 31 
0 0 0 0 0 0 0 0 0 0 0 22 0 0 0 0 0 0 0 0 0 0 0 0 0 0 0 76 0 0 0 0 0 0 0 0 0 0 0 0 0 0 0 0 0 0 0 0 0 0 0 0 0 0 0 0 0 0 0 85 0 0 0 38 0 0 0 0 0 0 0 0 11 0 0 37 26 0 0 0 0 0 0 0 0 0 0 58 0 0 0 0 0 0 0 29 0 0 0 0 
0 0 0 0 0 0 0 0 0 49 0 0 27 65 0 0 0 0 0 0 0 0 0 0 0 0 0 0 0 0 71 0 57 0 0 0 0 4 71 0 0 0 0 21 0 0 0 0 0 0 0 0 0 0 0 0 0 0 0 10 0 0 0 0 0 0 0 0 0 0 0 0 0 0 0 0 98 0 0 0 47 0 0 71 16 0 0 0 0 0 0 0 0 93 0 0 0 0 0 98 
0 0 0 0 0 0 0 15 0 0 0 0 0 0 0 0 31 0 0 30 0 0 0 0 0 0 93 0 0 0 0 0 53 0 0 0 0 0 68 0 0 0 0 0 62 0 3 0 0 0 0 0 28 0 0 0 0 45 0 96 96 0 0 0 0 0 0 20 0 0 0 0 0 0 0 0 0 0 0 0 0 0 0 0 0 0 0 0 61 0 0 0 0 0 0 0 92 0 0 0 
0 0 0 0 0 0 0 0 0 59 0 0 0 0 18 0 0 0 0 59 27 0 0 65 0 0 0 0 0 0 6 0 0 6 0 0 0 0 0 0 0 0 0 0 0 0 0 0 97 0 0 3 0 0 0 0 0 0 0 0 0 0 0 0 0 0 0 0 0 0 0 0 0 0 0 0 0 0 0 72 0 27 0 0 0 0 0 0 94 0 0 0 0 0 0 0 0 0 0 0 
0 0 0 0 0 0 0 0 0 0 0 0 0 0 0 0 0 0 0 0 0 0 0 0 0 3 0 0 0 0 0 75 0 0 0 0 61 96 0 0 0 0 0 0 0 0 0 0 0 0 0 0 0 0 0 0 0 0 0 0 0 0 0 0 38 0 0 0 0 0 0 0 0 0 0 0 0 93 6 0 0 0 0 0 0 0 0 0 0 0 0 34 0 0 0 0 0 0 0 0 
79 0 0 0 15 0 0 0 0 0 0 0 0 57 0 0 0 0 43 0 0 0 0 0 0 0 0 0 0 0 0 0 0 15 0 0 0 0 53 0 0 22 0 0 0 0 0 19 0 0 0 0 0 0 0 0 23 0 0 0 0 0 0 0 0 50 0 0 0 0 0 14 0 78 0 0 0 0 0 0 0 0 0 0 0 0 0 0 0 47 0 0 0 0 0 0 0 37 0 50 
0 18 0 0 0 0 0 0 0 0 0 0 0 0 97 0 0 0 0 0 44 0 0 0 0 0 0 0 13 0 0 0 0 78 0 0 0 0 0 0 0 0 0 0 0 0 93 0 0 0 0 0 0 37 0 0 0 0 14 0 0 0 0 0 0 77 0 0 0 0 0 32 0 91 0 0 0 0 0 0 0 0 0 33 0 0 38 0 0 0 0 0 0 0 32 0 26 0 0 0 
0 0 0 49 0 59 0 0 0 0 0 0 0 0 0 0 0 0 0 0 0 0 0 0 0 0 0 0 0 98 0 0 0 0 85 0 0 63 37 0 0 0 0 0 0 0 0 0 77 0 0 0 0 0 0 0 0 0 0 0 0 0 69 0 0 0 25 0 66 0 0 0 70 36 0 0 0 0 0 0 0 0 0 0 0 0 0 0 0 0 0 0 0 55 0 0 0 0 0 0 
0 0 0 0 0 0 0 0 0 0 0 0 0 0 0 0 68 0 0 0 0 0 0 0 0 0 46 0 4 0 0 0 0 0 0 0 0 0 26 0 0 0 0 0 0 64 0 0 0 0 0 0 0 0 0 0 0 73 95 0 54 0 0 0 0 2 0 0 94 0 0 50 0 0 0 0 0 0 0 0 0 0 0 0 0 0 0 0 50 0 0 0 0 0 0 0 0 93 18 0 
0 19 22 0 0 0 0 0 0 0 0 0 53 0 0 0 0 0 0 0 0 0 0 0 0 0 0 0 0 81 0 0 0 0 0 0 0 0 0 0 0 0 0 0 0 0 18 0 0 0 0 0 49 0 0 0 0 0 96 0 0 0 0 39 0 0 0 0 0 0 0 60 0 98 0 0 0 0 0 2 26 0 3 0 63 0 0 0 0 0 0 0 0 0 0 0 71 0 0 0 
0 0 0 27 0 0 0 0 0 0 0 53 0 0 0 0 0 30 0 0 0 0 0 0 0 40 0 45 0 0 0 0 0 0 0 0 0 0 0 0 0 0 98 0 0 0 0 0 0 0 0 0 0 69 0 0 0 0 0 0 0 0 0 0 0 0 0 0 0 54 0 0 0 0 0 0 0 0 0 38 0 0 0 0 0 0 0 0 34 0 0 0 0 0 0 0 0 0 0 3 
0 14 0 65 0 0 0 57 0 0 0 0 0 0 0 0 0 0 0 0 0 57 0 95 0 0 0 31 0 27 0 79 0 0 0 0 0 0 59 0 0 0 0 0 83 0 0 0 0 0 0 0 0 0 0 0 0 0 0 0 0 53 0 0 0 0 0 0 95 0 0 0 0 0 0 0 0 59 0 22 0 0 0 0 0 0 0 0 0 40 0 0 0 0 0 0 0 0 0 0 
0 0 0 0 0 18 0 0 97 0 0 0 0 0 0 0 0 0 0 0 0 0 0 0 0 0 50 0 0 68 0 0 0 9 0 0 0 0 0 0 21 0 0 0 0 0 0 4 0 0 0 0 0 0 0 0 0 0 0 0 0 0 0 0 0 0 0 0 0 100 0 0 0 0 0 0 0 0 0 0 0 0 37 0 0 0 0 0 80 14 0 90 0 0 23 36 0 0 0 21 
0 0 0 0 0 0 0 0 0 0 0 0 0 0 0 0 0 0 0 0 0 0 52 0 0 0 0 0 0 0 0 0 0 0 0 0 0 0 0 0 0 0 0 0 0 0 0 0 0 0 32 0 0 0 0 27 0 0 0 0 0 0 0 0 35 0 0 0 94 76 0 0 0 0 85 0 0 0 0 0 0 0 0 59 69 0 0 0 59 24 0 0 0 0 0 0 0 0 17 0 
0 0 0 0 31 0 0 0 0 0 68 0 0 0 0 0 0 0 0 0 41 0 0 0 0 0 0 0 0 0 97 58 64 0 0 0 0 0 58 0 0 0 94 0 0 0 0 0 0 97 0 0 0 0 0 0 0 0 6 0 0 0 0 0 0 0 0 0 0 0 0 0 0 0 84 11 0 0 0 0 0 2 0 0 0 0 0 0 53 0 0 58 0 0 0 0 0 0 0 0 
0 0 0 0 0 0 0 0 0 0 0 0 30 0 0 0 0 0 0 0 0 0 0 0 92 0 0 0 0 0 44 0 0 0 0 0 0 0 0 0 0 0 0 0 0 0 0 0 0 0 0 0 78 63 3 0 57 0 0 0 67 57 0 0 0 0 0 0 0 79 0 0 0 0 0 0 95 0 0 0 0 65 0 0 0 0 0 0 0 0 0 0 0 0 0 0 0 0 0 0 
0 0 0 0 0 0 0 43 0 0 0 0 0 0 0 0 0 0 0 0 0 0 0 0 0 0 0 0 0 0 56 0 29 0 0 26 0 0 17 0 0 0 0 91 9 0 0 0 0 0 0 0 0 0 0 0 0 0 0 0 0 0 0 0 0 0 0 0 0 0 0 0 0 0 0 61 0 0 0 0 0 0 0 0 0 0 0 56 80 0 88 4 0 0 0 33 0 59 15 0 
0 0 0 0 30 59 0 0 0 0 0 0 0 0 0 0 0 0 0 0 0 0 0 62 0 0 0 0 0 0 0 0 0 0 0 47 0 0 0 49 0 0 0 0 92 0 0 0 0 0 0 52 0 0 0 98 0 95 0 0 0 0 0 0 0 0 0 0 0 0 0 24 0 85 0 0 0 0 5 0 0 0 22 0 0 0 0 0 0 0 0 0 0 0 46 0 99 0 0 0 
0 0 0 0 0 27 0 0 44 0 0 0 0 0 0 0 41 0 0 0 0 0 0 0 0 0 0 0 0 0 0 89 3 90 0 0 0 0 0 0 48 0 80 0 0 20 0 7 0 0 0 0 0 0 0 0 0 0 0 0 78 0 45 0 83 0 0 0 0 0 0 99 0 0 0 0 0 0 0 0 0 0 0 0 0 0 0 55 0 0 0 0 0 0 0 0 0 0 0 0 
0 0 0 0 0 0 0 0 0 0 0 0 0 57 0 0 0 0 0 0 0 0 0 0 67 0 0 0 0 74 0 0 0 0 0 0 0 0 0 0 0 46 0 0 0 0 0 0 0 0 0 0 0 0 0 0 0 57 0 0 0 0 0 0 0 0 0 0 86 0 0 0 0 0 0 79 0 0 46 0 37 0 0 0 0 0 0 0 0 0 0 0 0 0 0 0 17 0 0 0 
0 0 0 0 0 0 0 0 0 0 0 0 0 0 0 52 0 0 0 0 0 0 0 0 0 0 0 0 0 0 0 0 40 98 17 0 0 0 0 0 0 43 0 0 0 0 0 0 0 0 0 0 0 0 0 0 0 52 0 0 81 0 0 0 0 0 0 0 0 0 0 0 0 0 70 0 0 0 0 68 0 0 0 0 0 0 0 0 0 0 0 0 0 0 0 0 0 0 0 0 
0 0 0 0 0 65 0 0 0 0 0 0 0 95 0 0 0 0 0 62 0 0 0 0 96 0 0 0 0 81 0 0 0 0 0 0 0 0 0 0 17 0 0 0 0 0 65 0 0 67 0 0 0 0 0 0 0 0 0 0 0 0 0 0 0 0 0 0 0 0 0 99 0 0 49 0 0 0 15 0 0 0 0 0 0 0 0 0 0 0 0 0 0 77 0 0 0 0 62 0 
0 84 0 0 0 0 0 0 0 0 0 0 0 0 0 0 0 92 0 0 0 67 0 96 0 0 0 0 0 0 0 0 0 0 0 0 0 37 0 0 35 0 0 0 16 0 0 0 0 25 0 0 0 0 0 0 0 0 0 0 0 0 0 0 0 0 70 71 0 0 0 0 0 0 0 32 0 0 0 0 0 35 0 0 0 0 28 0 0 0 0 92 0 0 0 0 0 0 0 0 
0 0 0 0 0 0 3 0 0 0 0 0 40 0 0 0 0 0 0 0 0 0 0 0 0 0 0 0 94 0 0 0 0 52 0 0 0 0 0 0 0 0 0 0 0 0 0 0 0 0 0 0 0 0 0 0 0 100 0 0 82 0 74 0 0 0 0 0 0 0 95 0 0 0 0 0 0 0 0 0 0 0 23 0 75 0 0 0 0 0 0 0 0 0 0 0 0 0 0 0 
0 0 0 0 93 0 0 0 0 0 46 0 0 0 50 0 0 0 0 0 0 0 0 0 0 0 0 0 0 0 0 0 0 0 0 0 0 0 0 0 0 0 0 0 0 0 0 0 0 0 0 0 0 0 0 0 0 0 0 0 49 0 0 0 0 0 99 0 0 0 0 0 0 0 0 0 0 0 0 0 0 0 0 0 0 0 0 23 0 0 0 0 0 0 0 0 0 0 0 35 
0 0 76 0 0 0 0 0 0 0 0 0 45 31 0 0 0 0 0 0 0 0 0 0 0 0 0 0 85 0 0 0 0 0 82 0 0 0 0 0 0 6 0 0 0 0 0 65 0 0 97 0 0 51 0 0 0 0 0 0 0 100 0 0 0 0 0 0 0 0 0 77 0 0 0 0 0 0 0 0 0 0 0 0 0 0 0 0 0 0 51 0 0 0 5 0 0 0 0 0 
0 75 0 0 0 0 0 0 13 0 4 0 0 0 0 0 0 0 0 0 0 0 0 0 0 94 0 85 0 81 0 0 62 0 0 0 0 0 0 0 67 0 0 64 0 0 0 0 0 0 0 0 0 0 0 0 0 0 0 41 67 0 55 0 36 0 0 0 0 0 0 0 60 0 0 0 0 0 0 0 0 0 0 0 0 0 0 39 0 0 0 0 0 0 0 0 0 0 0 0 
0 60 0 0 0 0 0 0 0 98 0 81 0 27 68 0 0 0 0 0 0 74 0 81 0 0 0 0 81 0 38 86 0 0 0 0 0 0 0 0 0 0 0 43 0 0 0 0 0 0 0 0 0 0 0 0 0 0 0 0 0 0 0 0 0 0 0 0 0 0 0 0 37 0 0 0 0 0 0 0 0 0 0 0 0 0 0 0 0 0 0 0 0 0 81 0 0 0 0 0 
0 0 0 71 0 6 0 0 0 0 0 0 0 0 0 0 97 44 56 0 0 0 0 0 0 0 0 0 0 38 0 63 0 0 0 0 0 0 0 77 93 0 0 0 52 0 0 0 0 0 0 0 0 0 0 0 0 0 0 42 0 0 0 0 0 0 0 0 0 0 58 0 0 0 0 0 0 0 0 0 0 0 0 0 0 0 0 0 0 61 0 0 0 0 0 0 13 0 0 0 
0 0 0 0 0 0 75 0 0 0 0 0 0 79 0 0 58 0 0 0 89 0 0 0 0 0 0 0 0 86 63 0 0 0 0 0 0 0 0 0 0 0 27 0 0 0 0 0 0 0 76 0 0 0 0 0 0 25 0 0 0 0 0 6 0 0 0 0 0 0 0 0 0 0 0 0 0 0 35 0 0 0 0 0 0 0 0 24 0 0 0 0 0 0 13 33 0 0 60 0 
0 46 0 57 53 0 0 0 0 0 0 0 0 0 0 0 64 0 29 0 3 0 40 0 0 0 0 0 62 0 0 0 0 3 0 0 0 0 0 0 0 0 0 0 0 0 0 0 59 0 0 0 0 0 0 0 0 0 0 0 0 0 0 0 0 0 0 0 0 0 44 0 0 0 58 0 0 0 0 0 0 0 0 0 0 0 0 0 0 48 0 0 77 0 0 0 0 84 0 0 
0 0 0 0 0 6 0 15 78 0 0 0 0 0 9 0 0 0 0 0 90 0 98 0 0 52 0 0 0 0 0 0 3 0 0 0 0 0 0 0 0 63 0 0 35 0 0 0 0 0 0 67 0 0 0 0 0 0 0 0 0 56 0 0 0 0 0 0 0 0 0 0 0 0 0 0 0 0 35 0 0 0 0 0 43 0 45 0 0 0 0 0 0 0 0 0 0 0 0 0 
0 0 0 0 0 0 0 0 0 85 0 0 0 0 0 0 0 0 0 0 0 0 17 0 0 0 0 82 0 0 0 0 0 0 0 0 0 0 0 60 76 0 0 0 0 0 0 0 29 0 0 0 0 0 0 60 87 0 93 0 0 0 0 0 0 0 0 0 0 0 0 0 0 0 0 0 26 0 0 0 0 70 0 0 0 0 0 0 0 0 57 0 0 0 0 0 0 45 0 0 
0 0 0 0 0 0 0 0 0 0 0 0 0 0 0 0 0 0 26 47 0 0 0 0 0 0 0 0 0 0 0 0 0 0 0 0 20 0 0 0 0 0 0 0 0 0 0 1 95 66 45 0 0 0 0 0 0 0 0 0 0 0 0 0 0 0 0 0 0 0 0 0 10 0 0 0 0 0 35 0 85 92 0 0 0 85 22 0 0 22 0 0 0 0 0 0 0 0 0 0 
0 0 0 0 0 0 61 0 0 0 0 0 0 0 0 0 0 0 0 0 0 0 0 0 0 0 0 0 0 0 0 0 0 0 0 20 0 0 0 0 0 0 0 0 0 15 0 0 0 0 0 0 0 0 0 0 0 0 56 0 0 0 0 0 0 0 0 0 0 0 0 0 0 0 0 59 68 27 0 0 0 0 7 0 56 0 93 0 0 0 0 0 87 0 0 0 0 0 0 0 
0 0 0 4 0 0 96 0 0 63 0 0 0 0 0 0 0 0 0 0 0 0 0 0 37 0 0 0 0 0 0 0 0 0 0 0 0 0 0 0 50 0 0 0 0 0 0 0 0 0 0 0 0 0 0 64 0 44 0 0 0 0 0 0 0 0 0 26 73 0 0 0 0 0 0 0 0 0 0 16 0 0 0 0 0 86 0 0 0 0 69 0 0 0 0 0 0 0 74 0 
0 0 0 71 68 0 0 53 0 37 26 0 0 59 0 0 58 0 17 0 0 0 0 0 0 0 0 0 0 0 0 0 0 0 0 0 0 0 0 9 0 0 0 0 0 40 0 0 12 70 0 0 0 0 0 0 0 0 0 0 0 0 0 22 0 0 59 76 0 0 0 0 0 0 0 0 0 0 0 0 0 0 0 0 0 0 0 0 0 0 0 0 0 0 0 0 0 0 0 0 
0 0 0 0 0 0 0 0 0 0 0 0 0 0 0 0 0 0 0 49 0 0 0 0 0 0 0 0 0 0 77 0 0 0 60 0 0 0 9 0 0 0 0 0 0 0 49 0 0 0 0 0 0 0 0 0 84 0 0 0 0 33 0 0 60 0 0 0 0 0 0 0 0 0 0 0 0 0 0 0 0 0 0 0 88 0 0 57 0 0 0 0 0 0 0 0 0 0 92 80 
0 0 0 0 0 0 0 0 0 0 0 0 0 0 21 0 0 0 0 0 48 0 0 17 35 0 0 0 67 0 93 0 0 0 76 0 0 50 0 0 0 0 0 0 0 0 0 0 0 0 0 0 0 0 0 0 0 0 0 0 0 0 0 46 0 0 0 0 0 0 69 0 0 0 0 0 0 76 0 0 0 0 0 0 0 0 0 28 0 0 11 0 0 0 0 12 0 92 0 0 
18 0 0 0 0 0 0 22 0 0 0 0 0 0 0 0 0 0 0 0 0 46 43 0 0 0 0 6 0 0 0 0 0 63 0 0 0 0 0 0 0 0 0 0 4 0 0 0 0 0 0 0 0 0 0 0 0 0 9 0 92 0 21 0 0 23 0 0 0 0 0 0 100 0 0 9 0 0 0 0 0 0 0 0 0 0 0 0 0 0 0 0 0 27 0 0 0 0 0 0 
0 85 0 0 0 0 0 0 0 0 0 0 98 0 0 0 94 0 0 0 80 0 0 0 0 0 0 0 0 0 0 27 0 0 0 0 0 0 0 0 0 0 0 0 0 77 0 0 0 0 0 0 0 77 9 0 0 0 78 0 0 0 69 0 44 0 0 0 32 0 47 5 0 0 0 18 0 0 0 0 0 0 0 0 0 0 0 0 0 0 0 0 0 0 0 0 0 0 0 0 
0 0 0 21 0 0 0 0 0 0 0 0 0 0 0 0 0 0 91 0 0 0 0 0 0 0 0 0 64 43 0 0 0 0 0 0 0 0 0 0 0 0 0 0 9 0 0 0 0 0 0 0 0 0 0 0 0 0 0 0 0 0 0 0 0 0 6 0 0 0 95 23 0 0 0 0 0 0 0 0 0 0 0 0 0 0 0 27 0 67 0 85 0 0 0 0 0 0 49 0 
0 0 0 0 62 0 0 0 0 0 0 0 0 83 0 0 0 0 9 92 0 0 0 0 16 0 0 0 0 0 52 0 0 35 0 0 0 0 0 0 0 4 0 9 0 0 0 0 0 36 0 0 0 0 0 0 0 0 0 0 0 45 13 0 0 0 0 0 0 0 0 0 0 0 0 0 67 58 0 0 0 0 0 0 0 0 0 0 0 0 0 0 0 0 0 0 0 0 0 27 
0 0 0 0 0 0 0 0 0 0 64 0 0 0 0 0 0 0 0 0 20 0 0 0 0 0 0 0 0 0 0 0 0 0 0 0 15 0 40 0 0 0 77 0 0 0 0 0 0 0 0 0 51 0 0 92 50 0 0 0 0 47 84 70 0 0 0 19 0 98 0 0 89 0 0 0 0 0 0 0 0 0 0 0 0 75 0 0 0 0 0 0 0 0 0 0 0 0 0 0 
13 0 0 0 3 0 0 0 93 0 0 18 0 0 0 0 0 0 0 0 0 0 0 65 0 0 0 0 0 0 0 0 0 0 0 0 0 0 0 49 0 0 0 0 0 0 0 44 29 0 0 0 0 0 0 0 75 0 0 0 0 0 0 0 0 0 0 0 0 0 0 0 64 0 0 0 41 0 0 0 0 0 0 0 9 0 0 0 89 0 8 0 0 0 0 0 0 0 9 0 
70 0 0 0 0 0 0 19 0 0 0 0 0 0 4 0 0 0 0 0 7 0 0 0 0 0 0 65 0 0 0 0 0 0 0 1 0 0 0 0 0 0 0 0 0 0 44 0 0 0 0 0 0 0 0 0 0 0 0 60 0 0 0 0 0 0 22 0 0 0 0 0 0 37 55 0 0 0 0 0 0 0 0 0 0 34 0 0 0 0 0 67 0 64 0 0 7 0 0 0 
0 0 0 0 0 97 0 0 0 77 0 0 0 0 0 0 0 0 0 0 0 0 0 0 0 0 0 0 0 0 0 0 59 0 29 95 0 0 12 0 0 0 0 0 0 0 29 0 0 0 0 0 1 0 0 0 0 0 0 0 0 0 0 0 0 0 0 0 0 45 0 0 0 0 0 0 0 96 0 0 58 0 0 0 0 47 0 0 0 0 0 0 0 0 0 0 0 0 0 0 
0 0 0 0 0 0 0 0 0 0 0 0 0 0 0 0 97 0 0 0 0 0 0 67 25 0 0 0 0 0 0 0 0 0 0 66 0 0 70 0 0 0 0 0 36 0 0 0 0 0 0 0 0 0 0 0 0 0 0 11 0 0 0 0 0 100 0 0 95 0 0 0 0 0 0 0 0 0 0 0 0 0 77 0 0 0 0 5 0 0 0 66 0 0 0 0 0 0 0 0 
22 0 0 0 0 0 0 0 0 0 0 0 0 0 0 32 0 0 0 0 0 0 0 0 0 0 0 97 0 0 0 76 0 0 0 45 0 0 0 0 0 0 0 0 0 0 0 0 0 0 0 0 100 23 0 0 76 0 0 0 0 73 0 0 92 0 0 0 0 0 0 60 0 34 0 27 0 0 0 28 46 0 0 0 0 0 0 0 0 0 0 0 0 0 0 0 0 0 0 0 
87 0 0 0 0 3 0 0 0 0 0 0 0 0 0 0 0 0 0 52 0 0 0 0 0 0 0 0 0 0 0 0 0 67 0 0 0 0 0 0 0 0 0 0 0 0 0 0 0 0 0 0 0 0 9 0 0 0 0 65 0 0 12 0 0 72 0 0 31 0 0 0 0 0 0 0 87 0 0 0 0 0 0 20 31 0 0 62 0 0 0 0 0 0 0 0 0 33 6 0 
0 68 0 0 28 0 0 0 0 0 0 49 0 0 0 0 0 78 0 0 0 0 0 0 0 0 0 0 0 0 0 0 0 0 0 0 0 0 0 0 0 0 0 0 0 51 0 0 1 0 100 0 0 0 45 0 0 0 0 0 0 0 0 0 72 0 36 0 0 0 0 0 0 0 0 0 0 0 0 76 0 80 0 87 0 0 0 0 0 0 93 0 0 0 0 53 0 0 0 0 
0 0 0 0 0 0 0 0 37 0 0 0 69 0 0 0 0 63 0 0 0 0 0 0 0 0 0 51 0 0 0 0 0 0 0 0 0 0 0 0 0 0 77 0 0 0 0 0 0 0 23 0 0 0 0 0 0 0 0 0 98 97 88 53 0 0 0 0 82 0 0 0 0 0 0 0 0 0 0 0 0 58 59 0 0 0 0 0 0 0 83 0 0 0 0 0 0 0 0 0 
58 0 0 0 0 0 0 0 0 0 0 0 0 0 0 0 0 3 0 0 0 0 0 0 0 0 0 0 0 0 0 0 0 0 0 0 0 0 0 0 0 0 9 0 0 0 0 0 0 0 0 9 45 0 0 42 0 27 0 59 0 0 0 0 0 0 0 0 0 0 97 0 0 0 0 0 0 0 0 56 0 22 0 0 0 0 0 0 0 0 0 0 0 0 0 81 0 0 0 0 
0 0 0 0 0 0 0 0 0 0 0 0 0 0 0 27 0 0 0 98 0 0 0 0 0 0 0 0 0 0 0 0 0 0 60 0 0 64 0 0 0 0 0 0 0 92 0 0 0 0 0 0 0 0 42 0 0 0 0 0 0 0 0 0 84 87 0 0 0 0 70 0 0 0 0 0 0 92 0 0 0 45 0 88 0 0 79 0 0 0 0 0 0 0 0 0 0 0 0 0 
0 0 0 0 0 0 0 23 0 0 0 0 0 0 0 0 0 57 0 0 0 0 0 0 0 0 0 0 0 0 0 0 0 0 87 0 0 0 0 84 0 0 0 0 0 50 75 0 0 0 76 0 0 0 0 0 0 0 87 0 0 0 0 0 0 0 57 0 49 0 4 0 0 0 0 0 0 0 0 0 0 0 0 0 0 0 0 0 0 54 0 0 0 0 0 15 0 0 0 0 
42 0 0 0 45 0 0 0 0 0 73 0 0 0 0 0 0 0 0 95 0 57 52 0 0 100 0 0 0 0 0 25 0 0 0 0 0 44 0 0 0 0 0 0 0 0 0 0 0 0 0 0 0 0 27 0 0 0 0 0 0 0 0 0 0 0 0 0 0 0 30 0 0 0 0 0 49 0 0 0 0 0 0 0 0 0 0 0 0 42 0 35 0 0 0 94 0 0 0 0 
0 0 0 0 0 0 0 0 14 0 95 96 0 0 0 0 6 0 0 0 0 0 0 0 0 0 0 0 0 0 0 0 0 0 93 0 56 0 0 0 0 9 78 0 0 0 0 0 0 0 0 0 0 0 0 0 87 0 0 56 0 0 23 0 0 0 0 0 0 0 0 0 0 0 0 0 0 0 23 0 0 56 0 0 88 0 0 0 0 0 0 15 0 0 0 0 0 0 0 0 
0 0 85 10 96 0 0 0 0 0 0 0 0 0 0 0 0 0 0 0 0 0 0 0 0 0 0 0 41 0 42 0 0 0 0 0 0 0 0 0 0 0 0 0 0 0 0 60 0 11 0 65 0 0 59 0 0 0 56 0 0 21 0 0 0 0 0 0 0 0 0 0 0 99 0 5 0 0 93 0 0 0 0 0 0 0 0 0 0 0 0 0 0 0 0 0 0 0 0 0 
0 0 0 0 96 0 0 0 0 0 54 0 0 0 0 0 0 67 0 0 78 0 81 0 0 82 49 0 67 0 0 0 0 0 0 0 0 0 0 0 0 92 0 0 0 0 0 0 0 0 0 0 0 98 0 0 0 0 0 0 0 0 0 0 0 0 0 0 0 0 39 80 0 0 0 0 0 0 0 0 0 0 0 0 0 0 5 0 24 0 0 0 0 0 0 0 0 0 67 0 
15 0 0 0 0 0 0 0 0 0 0 0 0 53 0 0 0 57 0 0 0 0 0 0 0 0 0 100 0 0 0 0 0 56 0 0 0 0 0 33 0 0 0 0 45 47 0 0 0 0 73 0 0 97 0 0 0 0 0 21 0 0 0 0 0 0 0 0 0 0 0 0 0 0 83 0 0 0 0 0 0 0 14 0 0 0 0 0 0 0 0 0 0 0 0 0 0 1 0 0 
0 0 0 0 0 0 0 0 0 69 0 0 0 0 0 0 0 0 0 0 45 0 0 0 0 74 0 0 55 0 0 0 0 0 0 0 0 0 0 0 0 21 69 0 13 84 0 0 0 0 0 12 0 88 0 0 0 0 23 0 0 0 0 0 0 79 0 43 0 0 0 0 0 0 0 0 0 0 0 0 0 0 0 0 0 0 0 0 0 0 0 0 0 88 0 64 0 0 0 0 
0 0 38 0 0 0 0 0 0 0 0 39 0 0 0 0 0 0 0 0 0 0 0 0 0 0 0 0 0 0 0 6 0 0 0 0 0 0 22 0 46 0 0 0 0 70 0 0 0 0 0 0 0 53 0 0 0 0 0 0 0 0 0 0 49 57 0 53 0 0 0 0 0 0 0 0 0 0 60 66 0 0 0 0 0 0 0 0 11 0 0 0 15 0 0 0 78 0 0 0 
68 0 0 0 0 0 38 0 0 0 0 0 0 0 0 35 0 0 0 0 83 0 0 0 0 0 0 0 36 0 0 0 0 0 0 0 0 0 0 60 0 0 44 0 0 0 0 0 0 0 92 0 72 0 0 84 0 0 0 0 0 0 0 49 0 0 0 0 0 0 0 0 0 0 0 0 0 0 0 0 0 0 0 0 0 19 0 0 0 0 76 0 12 0 0 0 0 16 0 0 
85 0 0 0 0 0 0 50 77 0 2 0 0 0 0 0 0 0 0 0 0 0 0 0 0 0 0 0 0 0 0 0 0 0 0 0 0 0 0 0 0 23 0 0 0 0 0 0 0 100 0 72 0 0 0 87 0 0 0 0 0 0 79 57 0 0 0 0 0 29 0 0 24 0 0 0 0 0 0 0 0 0 0 0 0 0 45 0 0 0 0 0 0 0 0 5 0 0 0 0 
0 38 0 0 0 0 0 0 0 25 0 0 0 0 0 0 0 0 0 0 0 0 0 0 70 0 99 0 0 0 0 0 0 0 0 0 0 0 59 0 0 0 0 6 0 0 0 22 0 0 0 0 36 0 0 0 57 0 0 0 0 0 0 0 0 0 0 0 0 0 0 0 0 0 0 26 78 0 0 0 0 0 0 0 0 0 0 57 0 0 0 0 0 0 0 0 0 0 0 0 
0 0 0 0 20 0 0 0 0 0 0 0 0 0 0 0 0 0 0 0 0 0 0 0 71 0 0 0 0 0 0 0 0 0 0 0 0 26 76 0 0 0 0 0 0 19 0 0 0 0 0 0 0 0 0 0 0 0 0 0 0 0 43 53 0 0 0 0 0 0 0 0 0 0 3 0 0 12 0 0 0 0 0 67 0 0 20 0 0 0 0 0 52 0 0 0 94 0 21 92 
0 0 0 0 0 0 0 0 0 66 94 0 0 95 0 94 0 0 0 0 0 86 0 0 0 0 0 0 0 0 0 0 0 0 0 0 0 73 0 0 0 0 32 0 0 0 0 0 0 95 0 31 0 82 0 0 49 0 0 0 0 0 0 0 0 0 0 0 0 0 0 29 0 0 0 44 0 0 0 0 0 0 0 0 0 79 0 0 0 0 0 0 0 0 0 0 0 0 0 0 
0 0 0 0 0 0 0 0 0 0 0 0 54 0 100 76 0 79 0 0 0 0 0 0 0 0 0 0 0 0 0 0 0 0 0 0 0 0 0 0 0 0 0 0 0 98 0 0 45 0 0 0 0 0 0 0 0 0 0 0 0 0 0 0 0 29 0 0 0 0 0 0 44 0 0 0 0 0 0 0 79 0 0 0 0 0 0 0 0 0 0 0 0 0 0 86 0 18 0 22 
0 0 0 0 0 0 0 0 0 0 0 0 0 0 0 0 0 0 0 0 0 0 0 0 0 95 0 0 0 0 58 0 44 0 0 0 0 0 0 0 69 0 47 95 0 0 0 0 0 0 0 0 0 0 97 70 4 30 0 0 39 0 0 0 0 0 0 0 0 0 0 5 0 0 0 0 0 0 0 0 0 0 0 0 92 0 0 0 0 5 0 0 0 21 0 0 0 0 0 0 
0 0 0 0 0 0 0 14 32 0 50 60 0 0 0 0 0 0 0 24 99 0 0 99 0 0 0 77 0 0 0 0 0 0 0 0 0 0 0 0 0 0 5 23 0 0 0 0 0 0 60 0 0 0 0 0 0 0 0 0 80 0 0 0 0 0 0 0 29 0 5 0 0 0 0 0 0 0 0 0 0 0 0 0 0 0 0 0 0 0 0 0 0 0 0 0 20 0 0 0 
0 0 11 0 0 0 0 0 0 70 0 0 0 0 0 0 0 0 0 0 0 0 0 0 0 0 0 0 60 37 0 0 0 0 0 10 0 0 0 0 0 100 0 0 0 89 64 0 0 0 0 0 0 0 0 0 0 0 0 0 0 0 0 0 0 24 0 0 0 44 0 0 0 54 49 0 0 0 0 0 0 0 0 0 0 0 0 0 25 0 62 0 0 0 0 0 0 0 0 0 
0 0 0 0 0 0 0 78 91 36 0 98 0 0 0 0 0 0 0 85 0 0 0 0 0 0 0 0 0 0 0 0 0 0 0 0 0 0 0 0 0 0 0 0 0 0 0 37 0 0 34 0 0 0 0 0 0 0 0 99 0 0 0 0 0 0 0 0 0 0 0 0 54 0 70 0 71 7 0 0 0 0 0 0 84 0 0 0 66 0 0 0 0 0 0 0 0 0 0 0 
0 0 0 0 0 0 0 0 0 0 0 0 0 0 0 85 84 0 0 0 0 0 70 49 0 0 0 0 0 0 0 0 58 0 0 0 0 0 0 0 0 0 0 0 0 0 0 55 0 0 0 0 0 0 0 0 0 0 0 0 0 83 0 0 0 0 0 3 0 0 0 0 49 70 0 0 0 0 0 0 80 0 0 0 0 0 0 0 0 0 0 0 0 84 0 61 0 0 0 0 
0 0 37 0 0 0 0 0 0 0 0 0 0 0 0 0 11 0 61 0 0 79 0 0 32 0 0 0 0 0 0 0 0 0 0 0 59 0 0 0 0 9 18 0 0 0 0 0 0 0 27 0 0 0 0 0 0 0 0 5 0 0 0 0 0 0 26 0 44 0 0 0 0 0 0 0 0 0 0 0 0 0 60 0 0 0 0 0 0 1 0 0 0 0 0 0 0 0 22 0 
0 0 26 98 0 0 0 0 0 0 0 0 0 0 0 0 0 95 0 0 0 0 0 0 0 0 0 0 0 0 0 0 0 0 26 0 68 0 0 0 0 0 0 0 67 0 41 0 0 0 0 87 0 0 0 0 0 49 0 0 0 0 0 0 0 0 78 0 0 0 0 0 0 71 0 0 0 0 0 0 0 0 0 80 0 0 0 0 0 0 18 0 0 74 0 11 0 0 0 0 
0 0 0 0 0 0 93 0 0 0 0 0 0 59 0 0 0 0 0 0 0 0 0 0 0 0 0 0 0 0 0 0 0 0 0 0 27 0 0 0 76 0 0 0 58 0 0 0 96 0 0 0 0 0 0 92 0 0 0 0 0 0 0 0 0 0 0 12 0 0 0 0 0 7 0 0 0 0 54 0 15 0 0 0 0 0 77 0 0 0 0 0 73 0 0 0 0 49 0 99 
0 0 0 0 0 0 6 0 0 0 0 0 0 0 0 0 0 0 0 5 0 46 0 15 0 0 0 0 0 0 0 35 0 35 0 35 0 0 0 0 0 0 0 0 0 0 0 0 0 0 0 0 0 0 0 0 0 0 23 93 0 0 0 60 0 0 0 0 0 0 0 0 0 0 0 0 0 54 0 0 0 0 0 0 37 0 0 0 3 0 0 0 0 7 0 0 0 63 0 0 
0 0 0 0 0 72 0 0 0 0 0 2 38 22 0 0 0 0 0 0 0 0 68 0 0 0 0 0 0 0 0 0 0 0 0 0 0 16 0 0 0 0 0 0 0 0 0 0 0 0 28 0 76 0 56 0 0 0 0 0 0 0 0 66 0 0 0 0 0 0 0 0 0 0 0 0 0 0 0 0 0 0 0 0 0 0 0 24 0 0 0 0 70 0 0 0 77 0 0 0 
0 0 0 47 0 0 0 0 0 0 0 26 0 0 0 0 0 0 0 0 0 37 0 0 0 0 0 0 0 0 0 0 0 0 0 85 0 0 0 0 0 0 0 0 0 0 0 0 58 0 46 0 0 0 0 0 0 0 0 0 0 0 0 0 0 0 0 0 0 79 0 0 0 0 80 0 0 15 0 0 0 0 0 0 0 0 0 0 0 0 0 0 0 0 0 0 0 68 0 0 
0 42 0 0 0 27 0 0 0 0 0 0 0 0 0 0 2 65 0 0 0 0 0 0 35 0 0 0 0 0 0 0 0 0 70 92 0 0 0 0 0 0 0 0 0 0 0 0 0 0 0 0 80 58 22 45 0 0 56 0 0 0 0 0 0 0 0 0 0 0 0 0 0 0 0 0 0 0 0 0 0 0 0 0 0 0 0 24 0 0 0 0 0 0 0 0 0 0 0 0 
100 0 0 0 0 0 0 0 0 0 0 3 0 0 37 0 0 0 0 22 0 0 0 0 0 23 0 0 0 0 0 0 0 0 0 0 7 0 0 0 0 0 0 0 0 0 0 0 0 77 0 0 0 59 0 0 0 0 0 0 0 14 0 0 0 0 0 0 0 0 0 0 0 0 0 60 0 0 0 0 0 0 0 0 0 0 0 0 0 78 0 0 0 0 0 0 0 0 0 0 
0 0 0 71 0 0 0 0 33 0 0 0 0 0 0 59 0 0 0 0 0 0 0 0 0 0 0 0 0 0 0 0 0 0 0 0 0 0 0 0 0 0 0 0 0 0 0 0 0 0 0 20 87 0 0 88 0 0 0 0 0 0 0 0 0 0 0 67 0 0 0 0 0 0 0 0 80 0 0 0 0 0 0 0 0 75 0 0 0 0 0 0 0 0 0 0 0 0 0 0 
0 0 0 16 0 0 0 0 0 0 0 63 0 0 0 69 0 0 0 0 0 0 0 0 0 75 0 0 0 0 0 0 0 43 0 0 56 0 0 88 0 0 0 0 0 0 9 0 0 0 0 31 0 0 0 0 0 0 88 0 0 0 0 0 0 0 0 0 0 0 92 0 0 84 0 0 0 0 37 0 0 0 0 0 0 0 0 0 0 0 0 0 0 0 0 0 0 0 0 0 
0 0 0 0 0 0 0 0 0 0 0 0 0 0 0 0 0 0 0 0 0 0 0 0 0 0 0 0 0 0 0 0 0 0 0 85 0 86 0 0 0 0 0 0 0 75 0 34 47 0 0 0 0 0 0 0 0 0 0 0 0 0 0 0 19 0 0 0 79 0 0 0 0 0 0 0 0 0 0 0 0 0 0 75 0 0 15 0 0 0 29 0 94 0 0 0 7 0 0 0 
85 0 0 0 0 0 0 0 38 0 0 0 0 0 0 0 0 0 0 0 0 0 0 0 28 0 0 0 0 0 0 0 0 45 0 22 93 0 0 0 0 0 0 0 0 0 0 0 0 0 0 0 0 0 0 79 0 0 0 0 5 0 0 0 0 45 0 20 0 0 0 0 0 0 0 0 0 77 0 0 0 0 0 0 0 15 0 0 0 0 0 0 0 0 0 49 56 1 0 0 
0 0 58 0 0 0 0 0 0 0 0 0 0 0 0 0 0 0 56 0 55 0 0 0 0 0 23 0 39 0 0 24 0 0 0 0 0 0 0 57 28 0 0 27 0 0 0 0 0 5 0 62 0 0 0 0 0 0 0 0 0 0 0 0 0 0 57 0 0 0 0 0 0 0 0 0 0 0 0 24 0 24 0 0 0 0 0 0 0 0 0 0 0 0 14 0 0 0 0 0 
0 59 0 0 61 94 0 0 0 0 50 0 34 0 80 59 53 0 80 0 0 0 0 0 0 0 0 0 0 0 0 0 0 0 0 0 0 0 0 0 0 0 0 0 0 0 89 0 0 0 0 0 0 0 0 0 0 0 0 0 24 0 0 11 0 0 0 0 0 0 0 0 25 66 0 0 0 0 3 0 0 0 0 0 0 0 0 0 0 0 0 0 0 0 0 0 0 0 0 0 
16 0 0 0 0 0 0 47 0 0 0 0 0 40 14 24 0 0 0 0 0 0 0 0 0 0 0 0 0 0 61 0 48 0 0 22 0 0 0 0 0 0 0 67 0 0 0 0 0 0 0 0 0 0 0 0 54 42 0 0 0 0 0 0 0 0 0 0 0 0 5 0 0 0 0 1 0 0 0 0 0 0 78 0 0 0 0 0 0 0 0 0 0 0 0 0 82 0 0 0 
0 0 0 0 0 0 0 0 0 0 0 0 0 0 0 0 0 0 88 0 0 0 0 0 0 0 0 51 0 0 0 0 0 0 57 0 0 69 0 0 11 0 0 0 0 0 8 0 0 0 0 0 93 83 0 0 0 0 0 0 0 0 0 0 76 0 0 0 0 0 0 0 62 0 0 0 18 0 0 0 0 0 0 0 0 29 0 0 0 0 0 0 26 0 12 0 0 0 91 0 
43 0 0 0 0 0 34 0 0 0 0 0 0 0 90 0 58 0 4 0 0 0 0 0 92 0 0 0 0 0 0 0 0 0 0 0 0 0 0 0 0 0 0 85 0 0 0 67 0 66 0 0 0 0 0 0 0 35 15 0 0 0 0 0 0 0 0 0 0 0 0 0 0 0 0 0 0 0 0 0 0 0 0 0 0 0 0 0 0 0 0 0 0 0 91 0 18 0 0 0 
0 0 0 0 0 0 0 0 0 0 0 0 0 0 0 0 0 0 0 0 0 0 0 0 0 0 0 0 0 0 0 0 77 0 0 0 87 0 0 0 0 0 0 0 0 0 0 0 0 0 0 0 0 0 0 0 0 0 0 0 0 0 0 15 12 0 0 52 0 0 0 0 0 0 0 0 0 73 0 70 0 0 0 0 0 94 0 0 0 0 26 0 0 0 0 0 0 0 0 0 
0 0 0 93 0 0 0 0 0 55 0 0 0 0 0 0 0 0 0 0 0 0 0 77 0 0 0 0 0 0 0 0 0 0 0 0 0 0 0 0 0 27 0 0 0 0 0 64 0 0 0 0 0 0 0 0 0 0 0 0 0 0 88 0 0 0 0 0 0 0 21 0 0 0 84 0 74 0 7 0 0 0 0 0 0 0 0 0 0 0 0 0 0 0 0 0 0 0 0 30 
0 0 0 0 0 0 0 0 32 0 0 0 0 0 23 0 0 0 0 46 0 0 0 0 0 0 0 5 0 81 0 13 0 0 0 0 0 0 0 0 0 0 0 0 0 0 0 0 0 0 0 0 0 0 0 0 0 0 0 0 0 0 0 0 0 0 0 0 0 0 0 0 0 0 0 0 0 0 0 0 0 0 0 0 0 0 0 14 0 0 12 91 0 0 0 0 0 52 68 0 
0 0 29 0 0 0 0 0 0 0 0 0 0 0 36 0 0 0 33 0 0 0 0 0 0 0 0 0 0 0 0 33 0 0 0 0 0 0 0 0 12 0 0 0 0 0 0 0 0 0 0 0 53 0 81 0 15 94 0 0 0 0 64 0 0 5 0 0 0 86 0 0 0 0 61 0 11 0 0 0 0 0 0 0 0 0 49 0 0 0 0 0 0 0 0 0 0 0 0 0 
0 0 0 0 92 0 0 0 26 0 0 71 0 0 0 0 0 0 0 99 0 17 0 0 0 0 0 0 0 0 13 0 0 0 0 0 0 0 0 0 0 0 0 0 0 0 0 7 0 0 0 0 0 0 0 0 0 0 0 0 0 0 0 78 0 0 0 94 0 0 0 20 0 0 0 0 0 0 0 77 0 0 0 0 0 7 56 0 0 82 0 18 0 0 0 0 0 0 0 0 
0 0 0 0 0 0 0 37 0 0 93 0 0 0 0 0 0 0 59 0 0 0 0 0 0 0 0 0 0 0 0 0 84 0 45 0 0 0 0 0 92 0 0 0 0 0 0 0 0 0 0 33 0 0 0 0 0 0 0 0 0 1 0 0 16 0 0 0 0 18 0 0 0 0 0 0 0 49 63 0 68 0 0 0 0 0 1 0 0 0 0 0 0 0 52 0 0 0 0 0 
0 0 0 0 0 0 0 0 0 0 18 0 0 0 0 17 0 0 15 0 0 0 0 62 0 0 0 0 0 0 0 60 0 0 0 0 0 74 0 92 0 0 0 49 0 0 9 0 0 0 0 6 0 0 0 0 0 0 0 0 67 0 0 0 0 0 0 21 0 0 0 0 0 0 0 22 0 0 0 0 0 0 0 0 0 0 0 0 0 0 91 0 0 0 68 0 0 0 0 0 
0 31 0 98 0 0 0 50 0 0 0 0 3 0 21 0 0 0 0 0 0 0 0 0 0 0 35 0 0 0 0 0 0 0 0 0 0 0 0 80 0 0 0 0 27 0 0 0 0 0 0 0 0 0 0 0 0 0 0 0 0 0 0 0 0 0 0 92 0 22 0 0 0 0 0 0 0 99 0 0 0 0 0 0 0 0 0 0 0 0 0 0 0 30 0 0 0 0 0 0 
