0 0 27 0 0 0 0 0 0 0 0 0 0 0 0 0 0 87 0 0 0 0 0 0 0 0 0 0 0 0 0 0 94 0 0 0 0 0 0 0 0 0 0 0 0 0 0 0 0 0 44 0 0 0 0 0 0 0 88 0 0 0 0 78 0 0 0 0 0 0 0 0 0 0 0 0 0 0 0 0 0 0 0 0 0 0 0 0 0 0 0 0 0 0 0 0 4 0 0 45 
0 0 0 0 0 0 15 0 0 0 0 0 0 0 0 0 0 0 0 0 0 53 0 0 0 0 0 0 0 0 0 0 0 0 0 0 0 0 0 0 0 93 0 0 0 24 0 0 0 0 0 0 0 0 0 0 0 0 0 0 0 0 0 0 0 0 32 0 0 0 0 55 0 0 0 0 0 0 0 0 0 0 0 0 0 0 0 0 0 0 0 0 0 0 4 0 0 0 0 0 
27 0 0 0 0 0 0 0 0 0 0 0 0 0 0 0 0 1 0 0 0 0 0 0 0 0 0 0 0 0 0 3 0 0 5 0 0 0 0 0 0 0 0 0 0 0 0 0 0 0 89 0 0 0 0 10 28 0 0 0 0 0 0 20 0 0 0 0 0 0 0 0 0 0 0 0 0 0 0 0 0 0 43 0 0 40 0 0 46 0 0 0 0 0 0 0 0 0 0 0 
0 0 0 0 0 0 0 0 0 99 0 0 0 55 0 0 0 0 0 0 0 0 0 0 72 0 0 0 30 0 0 86 0 0 0 0 0 0 0 10 0 0 0 0 0 0 0 0 0 0 0 0 77 0 0 0 0 0 0 0 0 0 0 31 0 0 0 0 0 0 0 0 0 0 0 42 0 0 0 0 15 0 0 0 0 0 68 0 18 0 0 0 0 33 0 0 0 9 0 0 
0 0 0 0 0 0 0 0 0 89 35 0 0 0 0 0 0 0 0 0 0 0 0 0 0 0 0 0 0 0 0 0 0 68 0 0 0 0 0 0 0 0 0 0 0 0 0 0 0 74 34 0 79 0 0 0 0 0 0 0 0 0 83 0 0 0 73 0 0 50 0 0 42 0 0 0 0 0 0 0 0 0 0 0 0 0 0 0 0 0 0 0 0 0 0 0 0 0 0 63 
0 0 0 0 0 0 0 6 0 0 0 0 0 0 0 0 0 0 0 0 0 0 0 0 0 0 0 0 0 0 0 27 0 0 0 0 0 0 0 0 0 0 0 0 0 0 0 84 0 0 0 0 0 0 0 0 0 0 0 0 0 0 31 0 0 0 0 10 0 0 0 0 0 0 0 0 0 0 0 0 0 56 0 0 0 0 0 0 0 0 0 0 0 0 0 0 0 0 0 0 
0 15 0 0 0 0 0 0 0 0 37 0 0 0 80 0 0 20 0 0 0 0 0 0 0 0 0 0 0 0 0 0 0 0 0 0 0 0 0 92 0 0 0 0 0 0 0 0 0 0 0 0 0 0 0 0 0 0 19 0 0 0 0 0 0 0 0 0 0 19 0 0 0 0 0 0 0 0 0 0 56 0 0 0 0 0 0 0 0 0 0 0 0 0 0 0 0 0 0 36 
0 0 0 0 0 6 0 0 0 0 0 0 23 0 0 29 0 0 0 0 0 0 0 0 0 4 47 0 0 87 0 0 0 0 0 0 0 0 0 0 0 0 0 0 0 0 0 0 0 0 0 0 0 0 0 0 0 0 0 74 0 0 0 0 0 0 0 13 0 0 0 33 0 53 0 0 0 0 39 24 0 0 0 0 0 0 0 0 0 0 0 0 0 0 0 0 26 0 0 0 
0 0 0 0 0 0 0 0 0 0 0 0 0 0 23 6 0 0 0 0 0 0 0 0 0 95 0 0 0 0 0 26 0 0 0 0 0 0 0 12 0 0 16 0 0 0 0 89 0 67 0 0 0 0 0 0 0 0 0 0 0 0 0 0 0 0 0 0 66 0 0 0 0 0 0 80 0 0 0 0 0 56 88 0 0 96 0 0 0 0 0 0 0 0 12 0 0 0 0 0 
0 0 0 99 89 0 0 0 0 0 0 0 0 0 0 0 0 0 0 0 69 0 0 0 0 0 85 0 43 0 28 0 0 0 0 0 0 0 0 0 0 76 48 0 0 0 0 0 41 0 0 0 0 0 0 0 0 0 0 0 0 0 0 0 0 0 0 0 0 97 0 3 0 0 0 0 0 0 0 0 0 0 0 0 0 0 0 0 0 0 0 0 0 0 0 17 0 0 0 0 
0 0 0 0 35 0 37 0 0 0 0 0 0 0 0 76 37 0 0 21 0 0 0 0 0 0 0 0 0 0 0 0 0 0 0 0 0 0 0 0 0 35 0 0 0 0 0 0 0 0 0 0 0 0 0 45 0 0 0 0 0 38 0 0 0 0 0 80 0 0 0 0 0 0 0 0 0 0 0 93 0 0 0 0 0 0 0 0 0 0 0 86 0 0 0 0 0 0 0 0 
0 0 0 0 0 0 0 0 0 0 0 0 0 0 0 0 0 0 0 0 0 0 18 12 0 0 0 0 0 0 0 0 0 0 0 33 43 0 0 0 0 0 0 0 42 0 0 0 0 0 0 0 0 0 0 0 0 0 0 0 0 0 0 0 37 0 0 0 0 0 6 56 86 0 0 0 0 0 0 0 0 0 0 0 0 0 0 0 0 80 0 0 0 0 0 0 97 0 0 0 
0 0 0 0 0 0 0 23 0 0 0 0 0 52 0 0 0 0 64 0 0 0 0 0 0 0 0 0 0 0 0 0 0 0 0 0 0 0 0 0 0 0 0 0 30 3 0 0 0 0 0 0 0 0 0 0 0 25 0 0 0 0 5 0 0 0 0 0 0 0 0 0 0 0 0 0 5 0 0 0 99 0 0 0 0 0 17 0 0 0 0 0 0 0 0 0 0 4 0 0 
0 0 0 55 0 0 0 0 0 0 0 0 52 0 0 0 0 0 0 0 0 0 0 0 76 0 0 0 87 0 0 0 0 0 48 0 0 0 0 0 0 0 0 0 0 0 0 0 0 0 0 0 0 0 0 0 0 0 0 0 0 0 0 0 0 0 0 0 0 0 0 0 0 0 0 0 0 0 0 0 0 0 0 0 0 0 0 0 0 0 0 0 0 0 0 0 0 68 0 0 
0 0 0 0 0 0 80 0 23 0 0 0 0 0 0 0 0 0 0 0 0 0 0 0 0 0 0 0 0 0 0 0 0 0 0 0 0 0 0 0 58 0 0 0 0 0 0 0 18 0 0 0 27 0 0 0 0 0 0 0 7 0 0 0 0 0 0 0 0 97 0 82 0 0 0 0 13 0 0 0 0 0 0 0 0 0 11 0 0 0 0 0 0 0 0 0 34 0 0 0 
0 0 0 0 0 0 0 29 6 0 76 0 0 0 0 0 0 0 0 0 0 0 94 0 83 0 0 0 0 0 0 0 0 0 0 0 0 0 0 0 0 0 0 0 0 0 7 0 0 0 0 0 0 86 0 0 0 0 0 0 0 0 0 0 0 0 0 0 0 0 0 0 29 0 0 0 0 0 0 0 0 0 0 0 0 0 0 0 28 0 0 0 0 0 0 0 0 0 34 0 
0 0 0 0 0 0 0 0 0 0 37 0 0 0 0 0 0 0 0 0 0 0 0 0 0 83 59 0 0 0 0 0 0 0 0 0 0 0 0 0 0 0 0 0 0 0 0 0 0 0 0 0 56 0 0 0 0 0 0 0 0 0 77 0 0 0 0 0 6 0 0 0 0 0 0 0 0 0 0 0 0 0 0 93 0 0 32 0 0 0 0 0 61 0 0 0 0 0 0 0 
87 0 1 0 0 0 20 0 0 0 0 0 0 0 0 0 0 0 0 0 0 0 0 0 0 0 2 0 71 16 0 0 0 0 0 0 0 0 0 72 0 0 0 0 0 0 0 0 0 0 0 0 43 0 0 0 0 0 0 0 0 0 0 0 74 0 42 1 0 0 0 0 0 0 0 0 99 0 0 0 0 0 0 0 0 36 0 0 0 0 0 0 0 0 0 0 0 0 0 0 
0 0 0 0 0 0 0 0 0 0 0 0 64 0 0 0 0 0 0 0 0 0 0 85 0 0 0 0 0 0 0 0 0 0 0 21 0 0 5 0 0 4 1 0 0 0 0 0 0 0 0 0 0 0 0 76 0 0 71 0 0 0 0 0 0 0 0 0 0 12 0 0 0 0 0 0 0 0 87 0 0 0 49 18 0 0 0 0 0 0 0 0 0 0 0 0 0 0 0 0 
0 0 0 0 0 0 0 0 0 0 21 0 0 0 0 0 0 0 0 0 0 0 0 0 0 46 0 0 0 0 12 0 0 0 0 0 0 0 22 0 0 0 0 0 0 0 0 0 0 17 18 67 0 0 0 0 71 0 0 0 61 0 0 0 0 0 0 0 0 0 0 0 0 0 0 0 0 0 0 39 0 0 0 0 0 0 0 0 0 0 0 8 0 7 0 0 0 97 0 0 
0 0 0 0 0 0 0 0 0 69 0 0 0 0 0 0 0 0 0 0 0 0 0 0 0 0 0 0 0 0 0 0 0 0 0 0 50 0 0 100 0 6 0 0 59 0 0 0 0 0 0 89 0 0 45 6 0 0 0 0 46 0 0 0 0 0 0 0 0 3 0 0 0 49 41 53 0 0 0 0 0 0 0 96 0 0 0 0 0 89 0 0 0 0 0 0 0 0 0 0 
0 53 0 0 0 0 0 0 0 0 0 0 0 0 0 0 0 0 0 0 0 0 0 0 0 0 0 0 0 0 0 0 0 0 0 0 0 0 0 0 0 0 0 0 0 0 0 0 0 0 0 0 0 0 0 0 0 0 0 0 0 0 0 0 0 0 0 0 0 0 0 39 0 0 11 0 0 0 0 0 100 0 0 0 0 0 0 0 0 0 0 0 0 0 0 0 0 0 57 1 
0 0 0 0 0 0 0 0 0 0 0 18 0 0 0 94 0 0 0 0 0 0 0 0 0 0 0 33 0 0 0 0 39 0 0 0 0 0 0 0 0 0 0 0 0 0 0 0 0 31 0 0 0 0 0 0 0 0 72 74 0 0 0 0 0 0 0 85 0 14 0 0 0 0 0 0 0 0 0 0 0 0 0 0 66 0 0 0 0 0 0 77 0 0 0 0 5 0 0 0 
0 0 0 0 0 0 0 0 0 0 0 12 0 0 0 0 0 0 85 0 0 0 0 0 0 0 0 0 0 0 0 84 0 0 0 0 0 47 0 0 28 0 0 0 0 94 0 0 0 47 0 0 0 0 43 0 0 0 0 0 0 0 98 0 0 0 0 0 0 0 0 0 0 0 0 0 0 0 0 0 0 0 0 0 0 0 0 0 0 0 0 0 0 0 0 25 0 0 0 0 
0 0 0 72 0 0 0 0 0 0 0 0 0 76 0 83 0 0 0 0 0 0 0 0 0 0 0 0 0 0 0 51 0 0 0 0 0 0 0 0 0 0 0 0 0 0 0 0 0 0 0 0 0 0 0 0 0 0 0 0 99 0 0 0 0 0 0 0 0 0 0 0 0 0 0 0 0 0 0 0 0 0 13 0 0 0 0 0 0 0 0 0 0 0 0 95 0 0 0 96 
0 0 0 0 0 0 0 4 95 0 0 0 0 0 0 0 83 0 0 46 0 0 0 0 0 0 0 0 0 0 0 0 0 0 0 0 0 0 0 0 0 0 0 0 0 0 0 0 0 0 0 0 0 0 0 0 0 0 0 86 0 0 0 0 0 0 0 0 0 0 0 0 0 0 0 0 0 0 48 0 0 0 0 0 0 0 0 0 0 0 0 0 0 0 0 0 75 0 0 0 
0 0 0 0 0 0 0 47 0 85 0 0 0 0 0 0 59 2 0 0 0 0 0 0 0 0 0 0 0 0 0 0 0 15 0 0 0 0 0 0 0 0 0 0 0 0 0 0 0 26 0 0 0 0 0 0 0 21 0 0 56 0 0 0 0 0 0 0 0 0 0 16 0 0 0 0 0 0 0 0 0 0 67 0 0 0 0 0 4 0 0 0 0 0 0 63 0 0 24 0 
0 0 0 0 0 0 0 0 0 0 0 0 0 0 0 0 0 0 0 0 0 0 33 0 0 0 0 0 0 0 0 0 0 7 0 17 0 0 0 0 0 0 0 4 0 0 0 0 0 0 19 0 0 0 0 0 0 0 0 0 40 0 0 0 0 0 74 41 0 0 0 0 0 0 0 0 0 0 0 0 0 0 0 0 63 0 0 0 0 0 0 0 0 37 0 0 0 0 0 0 
0 0 0 30 0 0 0 0 0 43 0 0 0 87 0 0 0 71 0 0 0 0 0 0 0 0 0 0 0 0 0 0 0 0 0 0 0 80 0 0 0 0 0 0 0 0 0 0 34 0 6 0 96 0 0 0 0 0 5 0 0 0 0 0 0 15 0 10 0 0 0 0 0 0 0 0 0 0 0 0 0 0 0 0 0 0 0 0 0 0 26 0 0 0 0 0 0 53 92 0 
0 0 0 0 0 0 0 87 0 0 0 0 0 0 0 0 0 16 0 0 0 0 0 0 0 0 0 0 0 0 0 0 0 0 20 99 0 0 0 0 0 0 0 0 0 0 0 0 0 0 0 0 0 0 0 0 0 0 0 0 0 0 0 0 0 0 84 69 0 0 32 0 0 0 0 0 0 0 0 0 0 0 0 0 0 0 0 0 0 0 0 0 44 0 0 0 0 0 9 0 
0 0 0 0 0 0 0 0 0 28 0 0 0 0 0 0 0 0 0 12 0 0 0 0 0 0 0 0 0 0 0 0 0 0 0 0 0 0 0 0 77 0 39 37 0 0 0 0 0 0 44 0 0 0 22 0 0 0 0 0 0 0 0 0 0 0 0 0 0 0 0 0 0 81 0 0 0 0 37 0 0 0 82 0 0 0 0 0 0 0 0 0 0 0 0 0 0 0 53 0 
0 0 3 86 0 27 0 0 26 0 0 0 0 0 0 0 0 0 0 0 0 0 0 84 51 0 0 0 0 0 0 0 0 0 0 0 0 0 0 0 0 0 0 0 0 0 0 0 0 0 8 0 0 0 0 0 0 85 0 0 0 0 0 0 0 0 0 0 0 0 0 0 100 0 75 0 15 0 0 0 8 0 0 0 98 0 0 0 0 0 0 0 0 0 10 0 0 0 0 0 
94 0 0 0 0 0 0 0 0 0 0 0 0 0 0 0 0 0 0 0 0 0 39 0 0 0 0 0 0 0 0 0 0 99 0 0 0 0 0 0 0 0 0 0 0 0 0 0 0 0 0 0 0 0 0 0 10 0 0 0 0 76 0 0 0 29 0 0 0 0 0 0 0 0 0 72 0 0 0 0 0 66 0 0 0 0 0 95 15 0 0 0 0 0 0 0 0 27 0 0 
0 0 0 0 68 0 0 0 0 0 0 0 0 0 0 0 0 0 0 0 0 0 0 0 0 0 15 7 0 0 0 0 99 0 0 13 0 0 0 0 0 0 2 0 0 0 0 0 0 0 0 0 6 0 94 0 0 0 0 0 0 0 0 0 0 51 0 0 0 0 0 0 0 70 64 0 0 4 0 0 0 16 0 0 0 0 0 0 0 0 42 0 0 0 0 1 0 0 0 0 
0 0 5 0 0 0 0 0 0 0 0 0 0 48 0 0 0 0 0 0 0 0 0 0 0 0 0 0 0 20 0 0 0 0 0 0 0 0 0 0 0 0 0 0 17 0 0 0 93 0 0 0 0 0 0 0 0 0 20 0 0 0 0 0 0 0 0 0 0 0 0 0 0 71 0 0 27 0 98 0 0 0 0 0 0 0 0 0 0 0 0 0 0 0 0 0 0 0 0 0 
0 0 0 0 0 0 0 0 0 0 0 33 0 0 0 0 0 0 21 0 0 0 0 0 0 0 0 17 0 99 0 0 0 13 0 0 0 0 0 0 0 0 0 0 0 0 0 0 0 0 52 0 0 0 0 0 0 0 0 83 0 63 0 0 0 0 0 0 14 0 0 0 0 0 0 0 0 0 0 0 0 0 0 0 0 0 0 17 0 80 0 0 0 0 0 0 0 0 0 0 
0 0 0 0 0 0 0 0 0 0 0 43 0 0 0 0 0 0 0 0 50 0 0 0 0 0 0 0 0 0 0 0 0 0 0 0 0 0 0 0 0 0 0 0 0 0 0 0 0 0 51 0 0 0 90 0 0 0 0 0 0 0 0 0 55 0 0 0 0 0 0 0 0 0 12 0 0 0 0 0 0 0 0 0 0 0 0 0 0 0 0 0 0 0 0 0 0 0 0 0 
0 0 0 0 0 0 0 0 0 0 0 0 0 0 0 0 0 0 0 0 0 0 0 47 0 0 0 0 80 0 0 0 0 0 0 0 0 0 0 0 0 0 0 0 0 0 0 0 0 57 0 0 0 0 0 0 0 0 94 0 32 5 0 50 0 0 0 0 0 0 0 0 90 0 0 0 92 0 0 0 0 89 0 0 49 0 0 0 0 0 0 0 92 0 0 0 77 24 0 0 
0 0 0 0 0 0 0 0 0 0 0 0 0 0 0 0 0 0 5 22 0 0 0 0 0 0 0 0 0 0 0 0 0 0 0 0 0 0 0 0 31 0 0 5 0 0 0 0 0 0 0 0 0 0 0 0 60 0 92 44 0 0 0 0 0 0 0 0 0 8 0 0 0 0 0 0 0 0 0 0 0 0 0 0 0 0 100 100 0 0 0 31 0 0 0 0 0 0 0 0 
0 0 0 10 0 0 92 0 12 0 0 0 0 0 0 0 0 72 0 0 100 0 0 0 0 0 0 0 0 0 0 0 0 0 0 0 0 0 0 0 0 0 0 0 0 0 0 0 0 47 0 0 0 0 0 0 0 0 0 0 0 0 0 0 0 91 0 0 0 0 0 51 0 0 0 43 72 0 0 58 0 0 0 0 0 0 0 0 0 0 0 0 0 0 0 0 0 0 0 0 
0 0 0 0 0 0 0 0 0 0 0 0 0 0 58 0 0 0 0 0 0 0 0 28 0 0 0 0 0 0 77 0 0 0 0 0 0 0 31 0 0 0 0 0 0 0 0 0 0 0 0 0 0 0 0 0 0 0 0 0 0 0 27 0 0 0 0 0 0 0 0 0 0 0 0 0 0 27 0 0 0 0 0 0 0 0 0 0 0 0 0 0 0 0 0 0 0 0 0 0 
0 93 0 0 0 0 0 0 0 76 35 0 0 0 0 0 0 0 4 0 6 0 0 0 0 0 0 0 0 0 0 0 0 0 0 0 0 0 0 0 0 0 0 0 0 0 0 0 0 0 0 0 0 0 83 0 13 0 0 0 0 0 0 0 0 0 0 0 0 0 0 0 0 0 0 0 0 0 0 0 0 0 36 0 0 0 0 0 0 0 0 0 0 0 0 0 0 0 0 96 
0 0 0 0 0 0 0 0 16 48 0 0 0 0 0 0 0 0 1 0 0 0 0 0 0 0 0 0 0 0 39 0 0 2 0 0 0 0 0 0 0 0 0 86 0 0 0 0 0 0 0 0 0 0 0 0 0 0 0 0 0 0 0 0 0 0 33 43 45 0 0 0 0 0 0 0 0 0 0 0 0 0 0 0 0 0 0 0 0 0 0 0 0 0 0 0 0 23 0 0 
0 0 0 0 0 0 0 0 0 0 0 0 0 0 0 0 0 0 0 0 0 0 0 0 0 0 0 4 0 0 37 0 0 0 0 0 0 0 5 0 0 0 86 0 0 0 0 0 0 0 0 0 0 0 0 26 0 56 0 0 0 0 0 0 0 12 0 0 0 0 0 0 0 0 0 0 0 89 12 0 96 0 0 0 0 0 0 0 0 0 64 0 0 63 8 0 0 0 0 0 
0 0 0 0 0 0 0 0 0 0 0 42 30 0 0 0 0 0 0 0 59 0 0 0 0 0 0 0 0 0 0 0 0 0 17 0 0 0 0 0 0 0 0 0 0 0 69 0 40 0 0 0 0 0 0 0 0 0 0 0 0 0 0 28 0 0 0 0 38 0 0 0 0 0 0 0 0 25 0 0 0 0 0 0 0 0 0 0 0 0 0 0 0 0 0 0 0 0 0 0 
0 24 0 0 0 0 0 0 0 0 0 0 3 0 0 0 0 0 0 0 0 0 0 94 0 0 0 0 0 0 0 0 0 0 0 0 0 0 0 0 0 0 0 0 0 0 0 0 0 0 0 0 3 38 0 0 0 0 0 0 0 0 0 0 0 0 86 0 0 0 0 0 27 0 75 0 0 0 0 0 69 0 0 0 0 0 0 0 79 0 0 0 0 0 0 0 0 0 0 0 
0 0 0 0 0 0 0 0 0 0 0 0 0 0 0 7 0 0 0 0 0 0 0 0 0 0 0 0 0 0 0 0 0 0 0 0 0 0 0 0 0 0 0 0 69 0 0 0 0 0 0 0 0 0 0 0 0 0 0 0 0 43 0 0 0 32 0 0 0 0 0 0 0 0 0 0 0 0 0 0 0 0 0 0 0 0 0 0 0 0 0 0 0 0 0 0 0 0 0 0 
0 0 0 0 0 84 0 0 89 0 0 0 0 0 0 0 0 0 0 0 0 0 0 0 0 0 0 0 0 0 0 0 0 0 0 0 0 0 0 0 0 0 0 0 0 0 0 0 0 0 0 7 0 0 0 1 0 0 0 0 0 0 0 0 0 0 0 0 0 0 0 0 0 0 14 0 0 0 0 0 0 0 0 0 0 0 0 0 0 0 0 0 0 0 0 0 0 67 0 0 
0 0 0 0 0 0 0 0 0 41 0 0 0 0 18 0 0 0 0 0 0 0 0 0 0 0 0 0 34 0 0 0 0 0 93 0 0 0 0 0 0 0 0 0 40 0 0 0 0 0 0 0 64 0 0 0 0 47 0 66 0 0 0 0 53 0 0 0 0 0 0 86 0 0 0 0 0 0 0 0 0 36 0 0 0 0 30 0 0 0 0 28 0 0 0 0 0 0 0 0 
0 0 0 0 74 0 0 0 67 0 0 0 0 0 0 0 0 0 0 17 0 0 31 47 0 0 26 0 0 0 0 0 0 0 0 0 0 57 0 47 0 0 0 0 0 0 0 0 0 0 0 0 0 0 2 0 0 0 0 0 0 0 0 0 0 0 0 0 0 0 0 0 0 0 94 0 0 0 57 0 0 0 80 1 0 0 0 0 0 28 0 0 0 26 0 0 0 0 0 0 
44 0 89 0 34 0 0 0 0 0 0 0 0 0 0 0 0 0 0 18 0 0 0 0 0 0 0 19 6 0 44 8 0 0 0 52 51 0 0 0 0 0 0 0 0 0 0 0 0 0 0 0 0 0 0 0 0 0 0 0 42 0 92 0 0 0 0 0 48 0 0 0 0 0 0 0 0 50 0 0 0 0 0 0 0 0 0 0 0 0 0 0 0 0 0 0 0 0 95 0 
0 0 0 0 0 0 0 0 0 0 0 0 0 0 0 0 0 0 0 67 89 0 0 0 0 0 0 0 0 0 0 0 0 0 0 0 0 0 0 0 0 0 0 0 0 0 0 7 0 0 0 0 0 43 0 84 0 0 0 0 0 0 0 3 0 0 0 0 0 0 0 94 0 0 0 0 81 0 0 0 33 0 0 0 0 0 0 0 0 0 0 0 0 21 0 0 0 0 0 0 
0 0 0 77 79 0 0 0 0 0 0 0 0 0 27 0 56 43 0 0 0 0 0 0 0 0 0 0 96 0 0 0 0 6 0 0 0 0 0 0 0 0 0 0 0 3 0 0 64 0 0 0 0 0 0 0 89 0 0 0 0 0 0 0 0 0 0 0 0 0 0 0 0 0 0 41 0 0 0 0 0 0 0 0 0 0 0 0 63 0 0 0 0 0 0 0 96 0 0 0 
0 0 0 0 0 0 0 0 0 0 0 0 0 0 0 86 0 0 0 0 0 0 0 0 0 0 0 0 0 0 0 0 0 0 0 0 0 0 0 0 0 0 0 0 0 38 0 0 0 0 0 43 0 0 0 0 0 0 0 0 0 0 0 0 0 0 0 0 0 0 0 0 0 0 0 0 0 0 66 0 0 0 0 0 0 51 0 0 0 0 0 0 0 0 0 0 63 0 0 0 
0 0 0 0 0 0 0 0 0 0 0 0 0 0 0 0 0 0 0 0 45 0 0 43 0 0 0 0 0 0 22 0 0 94 0 0 90 0 0 0 0 83 0 0 0 0 0 0 0 2 0 0 0 0 0 0 0 0 0 0 0 0 0 0 0 0 0 0 0 0 0 0 0 0 0 0 0 0 0 0 0 0 0 0 0 0 15 0 0 0 0 0 0 0 0 44 0 0 0 0 
0 0 10 0 0 0 0 0 0 0 45 0 0 0 0 0 0 0 76 0 6 0 0 0 0 0 0 0 0 0 0 0 0 0 0 0 0 0 0 0 0 0 0 26 0 0 0 1 0 0 0 84 0 0 0 0 0 0 0 0 53 0 0 0 0 0 0 0 0 89 0 0 0 0 0 14 0 0 0 0 0 0 0 0 0 0 0 0 0 0 0 0 0 0 0 0 0 0 0 0 
0 0 28 0 0 0 0 0 0 0 0 0 0 0 0 0 0 0 0 71 0 0 0 0 0 0 0 0 0 0 0 0 10 0 0 0 0 0 60 0 0 13 0 0 0 0 0 0 0 0 0 0 89 0 0 0 0 0 0 0 0 0 0 0 0 0 0 0 41 0 0 0 0 0 0 4 0 0 0 0 30 1 0 0 0 69 0 0 4 0 43 0 0 0 0 0 0 0 0 0 
0 0 0 0 0 0 0 0 0 0 0 0 25 0 0 0 0 0 0 0 0 0 0 0 0 0 21 0 0 0 0 85 0 0 0 0 0 0 0 0 0 0 0 56 0 0 0 0 47 0 0 0 0 0 0 0 0 0 0 0 0 0 0 0 0 0 0 0 0 0 0 0 0 0 0 0 0 0 0 0 0 0 0 0 0 0 0 0 29 0 0 0 0 0 0 0 0 0 0 0 
88 0 0 0 0 0 19 0 0 0 0 0 0 0 0 0 0 0 71 0 0 0 72 0 0 0 0 0 5 0 0 0 0 0 20 0 0 94 92 0 0 0 0 0 0 0 0 0 0 0 0 0 0 0 0 0 0 0 0 0 0 0 0 0 0 30 0 0 0 0 0 0 0 0 0 0 0 0 0 0 0 0 0 0 0 0 0 0 0 0 70 0 0 0 0 0 38 0 0 0 
0 0 0 0 0 0 0 74 0 0 0 0 0 0 0 0 0 0 0 0 0 0 74 0 0 86 0 0 0 0 0 0 0 0 0 83 0 0 44 0 0 0 0 0 0 0 0 0 66 0 0 0 0 0 0 0 0 0 0 0 18 0 0 99 0 0 0 61 0 0 0 0 0 0 0 0 0 0 0 0 0 0 0 0 0 0 0 0 0 0 0 0 0 6 0 0 0 0 0 0 
0 0 0 0 0 0 0 0 0 0 0 0 0 0 7 0 0 0 0 61 46 0 0 0 99 0 56 40 0 0 0 0 0 0 0 0 0 32 0 0 0 0 0 0 0 0 0 0 0 0 42 0 0 0 0 53 0 0 0 18 0 0 0 0 0 5 0 0 0 0 0 0 0 0 0 0 0 0 0 0 0 0 37 0 0 0 0 0 0 27 0 0 0 0 80 0 0 0 0 0 
0 0 0 0 0 0 0 0 0 0 38 0 0 0 0 0 0 0 0 0 0 0 0 0 0 0 0 0 0 0 0 0 76 0 0 63 0 5 0 0 0 0 0 0 0 0 43 0 0 0 0 0 0 0 0 0 0 0 0 0 0 0 0 0 21 0 67 0 0 0 63 0 0 0 0 0 0 0 0 0 0 0 0 0 0 0 0 0 52 6 0 0 0 34 0 0 0 0 0 0 
0 0 0 0 83 31 0 0 0 0 0 0 5 0 0 0 77 0 0 0 0 0 0 98 0 0 0 0 0 0 0 0 0 0 0 0 0 0 0 0 27 0 0 0 0 0 0 0 0 0 92 0 0 0 0 0 0 0 0 0 0 0 0 0 0 0 0 0 0 0 0 0 0 6 0 0 11 0 0 0 91 0 0 0 0 0 0 0 0 0 0 0 0 0 0 48 0 0 0 0 
78 0 20 31 0 0 0 0 0 0 0 0 0 0 0 0 0 0 0 0 0 0 0 0 0 0 0 0 0 0 0 0 0 0 0 0 0 50 0 0 0 0 0 0 28 0 0 0 0 0 0 3 0 0 0 0 0 0 0 99 0 0 0 0 0 0 0 0 0 68 0 0 0 0 0 0 0 0 0 9 0 0 0 0 0 0 0 0 0 0 1 0 0 0 27 0 0 0 0 0 
0 0 0 0 0 0 0 0 0 0 0 37 0 0 0 0 0 74 0 0 0 0 0 0 0 0 0 0 0 0 0 0 0 0 0 0 55 0 0 0 0 0 0 0 0 0 0 0 53 0 0 0 0 0 0 0 0 0 0 0 0 21 0 0 0 0 0 0 0 0 0 0 0 0 0 0 0 0 0 0 0 0 0 0 0 0 0 0 0 33 0 0 0 0 0 0 0 0 0 53 
0 0 0 0 0 0 0 0 0 0 0 0 0 0 0 0 0 0 0 0 0 0 0 0 0 0 0 0 15 0 0 0 29 51 0 0 0 0 0 91 0 0 0 12 0 0 32 0 0 0 0 0 0 0 0 0 0 0 30 0 5 0 0 0 0 0 15 0 0 0 0 0 0 0 0 0 0 0 0 0 0 0 0 0 0 0 61 0 0 0 0 0 0 0 0 0 0 0 0 0 
0 32 0 0 73 0 0 0 0 0 0 0 0 0 0 0 0 42 0 0 0 0 0 0 0 0 0 74 0 84 0 0 0 0 0 0 0 0 0 0 0 0 33 0 0 86 0 0 0 0 0 0 0 0 0 0 0 0 0 0 0 67 0 0 0 15 0 0 0 85 0 0 0 0 0 0 0 0 0 0 0 0 0 0 0 0 0 0 0 0 0 0 0 0 0 0 0 0 0 0 
0 0 0 0 0 10 0 13 0 0 80 0 0 0 0 0 0 1 0 0 0 0 85 0 0 0 0 41 10 69 0 0 0 0 0 0 0 0 0 0 0 0 43 0 0 0 0 0 0 0 0 0 0 0 0 0 0 0 0 61 0 0 0 0 0 0 0 0 9 37 8 0 61 0 0 0 0 0 0 0 0 0 0 0 0 0 0 0 0 0 0 0 0 0 0 0 0 20 0 0 
0 0 0 0 0 0 0 0 66 0 0 0 0 0 0 0 6 0 0 0 0 0 0 0 0 0 0 0 0 0 0 0 0 0 0 14 0 0 0 0 0 0 45 0 38 0 0 0 0 0 48 0 0 0 0 0 41 0 0 0 0 0 0 0 0 0 0 9 0 0 0 0 46 0 0 0 0 0 0 0 0 0 0 0 0 72 0 50 0 0 0 0 0 0 0 0 0 0 0 0 
0 0 0 0 50 0 19 0 0 97 0 0 0 0 97 0 0 0 12 0 3 0 14 0 0 0 0 0 0 0 0 0 0 0 0 0 0 0 8 0 0 0 0 0 0 0 0 0 0 0 0 0 0 0 0 89 0 0 0 0 0 0 0 68 0 0 85 37 0 0 0 0 0 0 0 0 0 0 0 0 0 0 0 0 0 0 0 0 0 0 63 0 0 27 0 0 0 0 0 0 
0 0 0 0 0 0 0 0 0 0 0 6 0 0 0 0 0 0 0 0 0 0 0 0 0 0 0 0 0 32 0 0 0 0 0 0 0 0 0 0 0 0 0 0 0 0 0 0 0 0 0 0 0 0 0 0 0 0 0 0 0 63 0 0 0 0 0 8 0 0 0 0 0 0 0 0 0 0 0 0 0 0 0 0 0 0 0 0 0 95 0 0 0 0 0 0 0 0 0 0 
0 55 0 0 0 0 0 33 0 3 0 56 0 0 82 0 0 0 0 0 0 39 0 0 0 0 16 0 0 0 0 0 0 0 0 0 0 0 0 51 0 0 0 0 0 0 0 0 86 0 0 94 0 0 0 0 0 0 0 0 0 0 0 0 0 0 0 0 0 0 0 0 1 99 0 79 0 0 0 0 0 0 0 0 0 38 0 0 0 0 0 0 0 0 49 0 0 0 0 0 
0 0 0 0 42 0 0 0 0 0 0 86 0 0 0 29 0 0 0 0 0 0 0 0 0 0 0 0 0 0 0 100 0 0 0 0 0 90 0 0 0 0 0 0 0 27 0 0 0 0 0 0 0 0 0 0 0 0 0 0 0 0 0 0 0 0 0 61 46 0 0 1 0 41 0 0 0 0 70 89 0 0 0 0 11 0 0 0 0 0 0 0 0 2 0 0 0 0 0 0 
0 0 0 0 0 0 0 53 0 0 0 0 0 0 0 0 0 0 0 0 49 0 0 0 0 0 0 0 0 0 81 0 0 70 71 0 0 0 0 0 0 0 0 0 0 0 0 0 0 0 0 0 0 0 0 0 0 0 0 0 0 0 6 0 0 0 0 0 0 0 0 99 41 0 0 0 0 0 0 0 0 0 72 0 0 0 0 0 0 0 47 0 0 0 0 0 0 0 0 0 
0 0 0 0 0 0 0 0 0 0 0 0 0 0 0 0 0 0 0 0 41 11 0 0 0 0 0 0 0 0 0 75 0 64 0 0 12 0 0 0 0 0 0 0 0 75 0 14 0 94 0 0 0 0 0 0 0 0 0 0 0 0 0 0 0 0 0 0 0 0 0 0 0 0 0 0 0 0 0 0 0 0 0 0 0 0 0 0 0 0 0 0 0 0 0 0 0 0 0 0 
0 0 0 42 0 0 0 0 80 0 0 0 0 0 0 0 0 0 0 0 53 0 0 0 0 0 0 0 0 0 0 0 72 0 0 0 0 0 0 43 0 0 0 0 0 0 0 0 0 0 0 0 41 0 0 14 4 0 0 0 0 0 0 0 0 0 0 0 0 0 0 79 0 0 0 0 0 0 28 0 0 0 0 0 0 0 0 0 0 0 0 78 30 0 81 30 0 0 0 86 
0 0 0 0 0 0 0 0 0 0 0 0 5 0 13 0 0 99 0 0 0 0 0 0 0 0 0 0 0 0 0 15 0 0 27 0 0 92 0 72 0 0 0 0 0 0 0 0 0 0 0 81 0 0 0 0 0 0 0 0 0 0 11 0 0 0 0 0 0 0 0 0 0 0 0 0 0 0 0 0 0 0 0 0 0 0 0 21 0 0 0 0 6 0 0 0 0 0 0 0 
0 0 0 0 0 0 0 0 0 0 0 0 0 0 0 0 0 0 0 0 0 0 0 0 0 0 0 0 0 0 0 0 0 4 0 0 0 0 0 0 27 0 0 89 25 0 0 0 0 0 50 0 0 0 0 0 0 0 0 0 0 0 0 0 0 0 0 0 0 0 0 0 0 0 0 0 0 0 0 0 0 0 0 0 0 0 0 0 0 0 0 0 0 0 0 0 0 40 0 0 
0 0 0 0 0 0 0 39 0 0 0 0 0 0 0 0 0 0 87 0 0 0 0 0 0 48 0 0 0 0 37 0 0 0 98 0 0 0 0 0 0 0 0 12 0 0 0 0 0 57 0 0 0 66 0 0 0 0 0 0 0 0 0 0 0 0 0 0 0 0 0 0 70 0 0 28 0 0 0 0 0 22 0 0 0 0 0 0 0 0 0 0 92 0 0 0 0 0 0 0 
0 0 0 0 0 0 0 24 0 0 93 0 0 0 0 0 0 0 0 39 0 0 0 0 0 0 0 0 0 0 0 0 0 0 0 0 0 0 0 58 0 0 0 0 0 0 0 0 0 0 0 0 0 0 0 0 0 0 0 0 0 0 0 9 0 0 0 0 0 0 0 0 89 0 0 0 0 0 0 0 0 0 0 0 0 0 0 0 0 47 0 0 0 0 0 0 0 0 0 0 
0 0 0 15 0 0 56 0 0 0 0 0 99 0 0 0 0 0 0 0 0 100 0 0 0 0 0 0 0 0 0 8 0 0 0 0 0 0 0 0 0 0 0 96 0 69 0 0 0 0 0 33 0 0 0 0 30 0 0 0 0 0 91 0 0 0 0 0 0 0 0 0 0 0 0 0 0 0 0 0 0 0 0 0 0 71 0 0 0 24 0 0 0 0 0 0 0 0 0 0 
0 0 0 0 0 56 0 0 56 0 0 0 0 0 0 0 0 0 0 0 0 0 0 0 0 0 0 0 0 0 0 0 66 16 0 0 0 89 0 0 0 0 0 0 0 0 0 0 36 0 0 0 0 0 0 0 1 0 0 0 0 0 0 0 0 0 0 0 0 0 0 0 0 0 0 0 0 0 22 0 0 0 0 0 0 16 0 0 0 0 0 0 41 37 0 0 0 0 0 0 
0 0 43 0 0 0 0 0 88 0 0 0 0 0 0 0 0 0 49 0 0 0 0 0 13 0 67 0 0 0 82 0 0 0 0 0 0 0 0 0 0 36 0 0 0 0 0 0 0 80 0 0 0 0 0 0 0 0 0 0 37 0 0 0 0 0 0 0 0 0 0 0 0 72 0 0 0 0 0 0 0 0 0 79 0 19 0 0 0 0 0 0 0 0 40 0 0 0 0 0 
0 0 0 0 0 0 0 0 0 0 0 0 0 0 0 0 93 0 18 0 96 0 0 0 0 0 0 0 0 0 0 0 0 0 0 0 0 0 0 0 0 0 0 0 0 0 0 0 0 1 0 0 0 0 0 0 0 0 0 0 0 0 0 0 0 0 0 0 0 0 0 0 0 0 0 0 0 0 0 0 0 0 79 0 0 97 0 0 0 0 0 0 0 0 0 0 0 0 0 0 
0 0 0 0 0 0 0 0 0 0 0 0 0 0 0 0 0 0 0 0 0 0 66 0 0 0 0 63 0 0 0 98 0 0 0 0 0 49 0 0 0 0 0 0 0 0 0 0 0 0 0 0 0 0 0 0 0 0 0 0 0 0 0 0 0 0 0 0 0 0 0 0 11 0 0 0 0 0 0 0 0 0 0 0 0 0 0 0 0 0 0 0 0 0 0 0 58 56 0 0 
0 0 40 0 0 0 0 0 96 0 0 0 0 0 0 0 0 36 0 0 0 0 0 0 0 0 0 0 0 0 0 0 0 0 0 0 0 0 0 0 0 0 0 0 0 0 0 0 0 0 0 0 0 51 0 0 69 0 0 0 0 0 0 0 0 0 0 0 72 0 0 38 0 0 0 0 0 0 0 0 71 16 19 97 0 0 0 0 0 0 0 25 0 0 0 76 0 0 0 0 
0 0 0 68 0 0 0 0 0 0 0 0 17 0 11 0 32 0 0 0 0 0 0 0 0 0 0 0 0 0 0 0 0 0 0 0 0 0 100 0 0 0 0 0 0 0 0 0 30 0 0 0 0 0 15 0 0 0 0 0 0 0 0 0 0 61 0 0 0 0 0 0 0 0 0 0 0 0 0 0 0 0 0 0 0 0 0 0 0 39 0 0 0 0 27 0 11 0 0 0 
0 0 0 0 0 0 0 0 0 0 0 0 0 0 0 0 0 0 0 0 0 0 0 0 0 0 0 0 0 0 0 0 95 0 0 17 0 0 100 0 0 0 0 0 0 0 0 0 0 0 0 0 0 0 0 0 0 0 0 0 0 0 0 0 0 0 0 0 50 0 0 0 0 0 0 0 21 0 0 0 0 0 0 0 0 0 0 0 0 0 0 0 0 34 92 0 0 0 97 0 
0 0 46 18 0 0 0 0 0 0 0 0 0 0 0 28 0 0 0 0 0 0 0 0 0 0 4 0 0 0 0 0 15 0 0 0 0 0 0 0 0 0 0 0 0 79 0 0 0 0 0 0 63 0 0 0 4 29 0 0 0 52 0 0 0 0 0 0 0 0 0 0 0 0 0 0 0 0 0 0 0 0 0 0 0 0 0 0 0 0 0 0 0 0 0 0 0 0 0 0 
0 0 0 0 0 0 0 0 0 0 0 80 0 0 0 0 0 0 0 0 89 0 0 0 0 0 0 0 0 0 0 0 0 0 0 80 0 0 0 0 0 0 0 0 0 0 0 0 0 28 0 0 0 0 0 0 0 0 0 0 27 6 0 0 33 0 0 0 0 0 95 0 0 0 0 0 0 0 0 47 24 0 0 0 0 0 39 0 0 0 0 0 0 0 0 0 0 0 0 0 
0 0 0 0 0 0 0 0 0 0 0 0 0 0 0 0 0 0 0 0 0 0 0 0 0 0 0 0 26 0 0 0 0 42 0 0 0 0 0 0 0 0 0 64 0 0 0 0 0 0 0 0 0 0 0 0 43 0 70 0 0 0 0 1 0 0 0 0 0 63 0 0 0 47 0 0 0 0 0 0 0 0 0 0 0 0 0 0 0 0 0 0 0 0 0 0 0 0 0 0 
0 0 0 0 0 0 0 0 0 0 86 0 0 0 0 0 0 0 0 8 0 0 77 0 0 0 0 0 0 0 0 0 0 0 0 0 0 0 31 0 0 0 0 0 0 0 0 0 28 0 0 0 0 0 0 0 0 0 0 0 0 0 0 0 0 0 0 0 0 0 0 0 0 0 0 78 0 0 0 0 0 0 0 0 0 25 0 0 0 0 0 0 0 0 12 0 0 22 0 0 
0 0 0 0 0 0 0 0 0 0 0 0 0 0 0 0 61 0 0 0 0 0 0 0 0 0 0 0 0 44 0 0 0 0 0 0 0 92 0 0 0 0 0 0 0 0 0 0 0 0 0 0 0 0 0 0 0 0 0 0 0 0 0 0 0 0 0 0 0 0 0 0 0 0 0 30 6 0 92 0 0 41 0 0 0 0 0 0 0 0 0 0 0 68 0 0 0 0 73 0 
0 0 0 33 0 0 0 0 0 0 0 0 0 0 0 0 0 0 0 7 0 0 0 0 0 0 0 37 0 0 0 0 0 0 0 0 0 0 0 0 0 0 0 63 0 0 0 0 0 26 0 21 0 0 0 0 0 0 0 6 0 34 0 0 0 0 0 0 0 27 0 0 2 0 0 0 0 0 0 0 0 37 0 0 0 0 0 34 0 0 0 0 68 0 0 0 0 0 0 0 
0 4 0 0 0 0 0 0 12 0 0 0 0 0 0 0 0 0 0 0 0 0 0 0 0 0 0 0 0 0 0 10 0 0 0 0 0 0 0 0 0 0 0 8 0 0 0 0 0 0 0 0 0 0 0 0 0 0 0 0 80 0 0 27 0 0 0 0 0 0 0 49 0 0 0 81 0 0 0 0 0 0 40 0 0 0 27 92 0 0 0 12 0 0 0 0 0 0 0 0 
0 0 0 0 0 0 0 0 0 17 0 0 0 0 0 0 0 0 0 0 0 0 0 25 95 0 63 0 0 0 0 0 0 1 0 0 0 0 0 0 0 0 0 0 0 0 0 0 0 0 0 0 0 0 44 0 0 0 0 0 0 0 48 0 0 0 0 0 0 0 0 0 0 0 0 30 0 0 0 0 0 0 0 0 0 76 0 0 0 0 0 0 0 0 0 0 0 0 0 0 
4 0 0 0 0 0 0 26 0 0 0 97 0 0 34 0 0 0 0 0 0 0 5 0 0 75 0 0 0 0 0 0 0 0 0 0 0 77 0 0 0 0 0 0 0 0 0 0 0 0 0 0 96 63 0 0 0 0 38 0 0 0 0 0 0 0 0 0 0 0 0 0 0 0 0 0 0 0 0 0 0 0 0 0 58 0 11 0 0 0 0 0 0 0 0 0 0 0 37 0 
0 0 0 9 0 0 0 0 0 0 0 0 4 68 0 0 0 0 0 97 0 0 0 0 0 0 0 0 53 0 0 0 27 0 0 0 0 24 0 0 0 0 23 0 0 0 0 67 0 0 0 0 0 0 0 0 0 0 0 0 0 0 0 0 0 0 0 20 0 0 0 0 0 0 0 0 0 40 0 0 0 0 0 0 56 0 0 0 0 0 0 22 0 0 0 0 0 0 0 0 
0 0 0 0 0 0 0 0 0 0 0 0 0 0 0 34 0 0 0 0 0 57 0 0 0 0 24 0 92 9 53 0 0 0 0 0 0 0 0 0 0 0 0 0 0 0 0 0 0 0 95 0 0 0 0 0 0 0 0 0 0 0 0 0 0 0 0 0 0 0 0 0 0 0 0 0 0 0 0 0 0 0 0 0 0 0 0 97 0 0 0 0 73 0 0 0 37 0 0 0 
45 0 0 0 63 0 36 0 0 0 0 0 0 0 0 0 0 0 0 0 0 1 0 0 96 0 0 0 0 0 0 0 0 0 0 0 0 0 0 0 0 96 0 0 0 0 0 0 0 0 0 0 0 0 0 0 0 0 0 0 0 0 0 0 53 0 0 0 0 0 0 0 0 0 0 86 0 0 0 0 0 0 0 0 0 0 0 0 0 0 0 0 0 0 0 0 0 0 0 0 
