0 0 0 0 0 0 193 0 0 0 0 0 164 0 0 98 0 0 0 0 0 0 0 189 0 0 109 0 0 0 0 0 0 0 0 0 0 143 0 0 0 166 0 0 0 68 0 0 94 0 0 0 0 0 0 0 0 0 0 0 0 0 0 0 0 0 0 0 0 0 0 0 0 0 0 0 0 23 0 0 0 0 0 0 0 0 0 0 0 0 0 0 0 0 0 0 180 0 0 109 
0 0 0 0 0 0 8 8 0 0 0 0 0 0 109 144 0 0 0 0 0 31 80 0 0 0 0 191 0 0 0 99 0 0 0 0 0 0 0 0 0 0 0 0 0 0 0 75 0 0 0 0 0 0 0 0 0 0 0 0 0 0 0 0 0 0 0 146 142 0 0 0 0 0 0 0 0 0 0 0 0 0 0 156 0 176 0 0 0 0 0 0 0 0 0 0 65 181 0 0 
0 0 0 0 0 0 0 0 78 0 0 0 0 0 146 0 0 0 0 0 0 0 0 0 0 0 0 0 0 0 0 88 0 113 0 0 0 0 0 0 151 0 119 0 0 138 0 0 0 0 0 0 0 90 0 0 0 0 0 0 0 0 108 0 95 0 0 0 0 0 0 0 54 0 0 0 0 0 0 0 176 0 0 0 0 89 0 0 0 0 0 0 0 0 0 0 0 0 110 123 
0 0 0 0 0 0 0 0 0 0 0 69 0 0 0 0 0 38 0 0 0 0 0 0 0 128 32 0 0 0 0 0 0 0 0 0 0 0 114 0 0 0 0 0 0 0 0 0 84 0 0 0 0 0 82 0 0 0 0 163 0 0 0 0 100 0 0 0 0 0 0 0 0 0 178 0 0 0 52 0 0 0 0 192 0 0 0 0 85 0 0 0 28 0 72 0 0 0 0 0 
0 0 0 0 0 0 0 0 197 0 0 0 0 0 0 0 0 0 14 0 0 0 0 0 0 0 0 0 0 74 0 0 0 0 0 0 0 35 107 0 0 0 15 0 0 166 180 58 0 0 0 0 0 8 150 0 0 0 0 0 0 0 0 0 0 0 0 0 0 0 0 0 0 0 0 0 0 0 0 164 0 0 0 0 0 157 66 0 0 160 0 0 0 0 0 0 0 0 0 0 
0 0 0 0 0 0 0 0 0 157 0 0 0 100 0 0 0 0 0 0 0 0 35 0 0 0 0 0 0 0 0 0 189 0 0 0 0 0 0 0 0 0 0 0 0 0 0 0 0 58 0 0 0 0 49 0 0 0 0 0 0 0 0 0 0 0 147 0 0 26 0 0 0 0 0 135 0 0 0 0 0 0 0 0 119 0 8 0 103 0 0 185 0 0 0 0 105 0 0 173 
193 8 0 0 0 0 0 0 0 146 71 152 0 105 0 61 114 0 0 0 0 0 54 0 0 0 0 0 0 0 0 0 0 0 0 0 0 0 0 0 0 139 0 0 157 0 0 0 0 0 0 0 0 0 0 0 0 0 0 0 0 0 0 0 0 0 0 0 0 44 0 0 0 0 0 0 0 0 0 0 127 0 0 0 0 0 0 0 3 0 0 0 0 11 0 0 0 0 0 0 
0 8 0 0 0 0 0 0 0 0 0 0 0 88 0 0 0 55 113 0 0 0 0 0 0 0 0 0 0 0 0 0 0 0 0 0 0 59 0 0 0 0 0 0 0 0 0 0 0 0 0 0 0 0 0 0 0 42 0 0 0 184 0 0 0 0 82 0 51 0 0 0 0 0 0 0 0 0 0 0 0 0 0 0 0 0 0 0 0 0 48 0 124 0 0 151 0 0 0 44 
0 0 78 0 197 0 0 0 0 0 177 0 0 0 0 0 0 0 0 0 0 0 0 0 0 0 0 0 0 0 0 0 0 0 194 0 0 0 0 0 31 0 0 0 0 0 93 0 0 5 0 0 0 0 0 65 0 0 0 0 0 0 0 166 0 0 18 0 0 13 0 0 0 0 0 0 0 0 153 0 0 0 0 0 0 4 0 0 0 0 0 0 0 0 0 0 0 0 0 0 
0 0 0 0 0 157 146 0 0 0 0 0 36 0 0 0 0 0 0 0 0 0 110 0 0 0 0 131 0 0 106 111 0 0 0 0 0 87 169 0 0 0 12 0 0 0 0 0 0 0 0 0 0 0 0 0 0 0 0 0 0 45 0 0 0 0 0 129 173 113 0 0 0 0 0 0 0 0 0 0 0 0 0 0 0 0 0 0 0 0 9 0 0 0 0 0 0 0 0 0 
0 0 0 0 0 0 71 0 177 0 0 0 0 0 0 199 0 0 0 0 0 0 0 0 144 0 0 0 0 0 0 0 27 0 0 0 0 30 0 68 0 0 0 0 0 0 0 0 0 0 0 0 0 0 0 0 86 0 0 0 134 81 0 113 0 0 0 0 0 0 0 0 87 0 0 0 0 0 0 0 0 31 63 0 0 0 0 0 0 0 0 0 0 130 0 0 0 0 0 0 
0 0 0 69 0 0 152 0 0 0 0 0 190 0 0 0 0 0 200 0 0 0 0 0 0 0 0 0 0 0 0 0 0 0 0 0 0 0 0 0 0 0 0 0 0 0 82 0 0 0 0 0 0 0 0 0 0 0 102 0 0 0 0 0 29 101 0 0 0 0 97 0 0 0 0 0 0 0 0 0 0 0 0 0 0 0 0 0 0 0 0 0 0 106 0 0 0 0 0 0 
164 0 0 0 0 0 0 0 0 36 0 190 0 0 0 0 0 163 0 0 100 0 0 0 0 0 0 0 0 0 52 0 0 0 0 0 22 0 91 0 0 0 118 0 0 0 0 0 0 0 0 0 87 0 5 0 0 0 33 0 177 0 0 0 0 0 0 0 0 0 0 0 0 0 0 0 0 0 0 0 0 198 0 0 0 0 0 0 0 0 0 0 0 0 0 0 0 0 60 0 
0 0 0 0 0 100 105 88 0 0 0 0 0 0 0 0 0 81 0 0 0 0 166 0 0 0 0 0 0 0 0 123 0 0 0 0 147 0 0 0 185 172 0 0 0 0 0 0 110 78 0 0 0 0 147 108 0 0 0 0 0 0 0 0 0 0 0 0 0 0 0 0 0 0 0 0 0 0 0 10 0 0 0 0 0 0 0 0 36 0 0 0 0 0 0 0 0 0 0 0 
0 109 146 0 0 0 0 0 0 0 0 0 0 0 0 0 157 0 0 0 0 0 0 0 0 76 0 0 0 0 0 0 0 0 0 0 0 0 54 0 0 0 26 0 0 0 169 0 0 0 0 0 0 0 0 0 0 0 0 0 0 0 0 22 0 148 0 130 0 0 0 0 0 0 0 0 0 0 0 113 60 0 0 0 87 0 0 0 0 0 0 0 0 68 87 0 0 0 0 0 
98 144 0 0 0 0 61 0 0 0 199 0 0 0 0 0 147 0 0 0 0 0 0 0 0 0 0 0 0 0 21 0 0 0 0 0 0 22 0 57 0 0 0 0 0 0 0 143 0 0 0 0 0 0 0 0 0 0 162 0 0 0 0 0 0 44 0 0 83 0 0 0 0 0 0 0 0 0 0 63 0 0 0 0 0 0 0 0 0 0 0 0 0 0 0 0 0 141 0 0 
0 0 0 0 0 0 114 0 0 0 0 0 0 0 157 147 0 0 0 0 0 0 0 0 0 0 0 0 0 0 0 0 0 0 25 0 0 0 187 0 0 0 0 0 0 0 26 0 0 0 0 0 171 0 0 0 0 0 0 88 86 0 0 0 0 0 0 0 0 0 0 0 0 0 200 0 92 0 0 25 0 0 0 0 55 0 0 0 34 0 0 16 0 0 0 0 0 0 0 0 
0 0 0 38 0 0 0 55 0 0 0 0 163 81 0 0 0 0 0 0 0 162 0 34 0 122 0 0 0 0 0 0 0 0 0 0 0 0 0 0 0 0 0 0 0 56 0 0 0 0 0 0 0 0 0 0 0 0 0 199 0 0 0 0 0 2 0 0 0 0 0 69 0 0 0 0 0 0 0 0 0 0 0 0 0 0 0 0 0 0 14 0 0 135 0 0 0 0 0 0 
0 0 0 0 14 0 0 113 0 0 0 200 0 0 0 0 0 0 0 116 41 0 0 0 0 0 0 27 0 0 0 0 0 0 0 0 151 0 0 0 0 0 0 0 0 0 0 88 0 0 0 0 0 0 0 0 0 0 0 0 0 0 0 0 0 0 0 113 0 0 0 0 0 0 0 0 0 0 0 0 0 56 0 0 0 0 174 0 0 86 0 0 0 0 0 166 0 0 52 0 
0 0 0 0 0 0 0 0 0 0 0 0 0 0 0 0 0 0 116 0 0 0 0 0 0 0 0 0 0 56 0 183 0 0 167 0 0 0 0 0 0 140 1 0 87 0 0 0 0 0 0 0 182 0 0 128 0 0 0 0 0 0 0 0 0 0 0 0 0 0 0 0 0 0 168 0 0 0 0 0 0 0 54 26 0 0 0 21 0 0 0 0 0 0 0 0 0 0 148 0 
0 0 0 0 0 0 0 0 0 0 0 0 100 0 0 0 0 0 41 0 0 0 0 0 0 0 0 0 0 0 112 0 71 98 0 0 0 0 37 0 0 0 0 0 160 0 0 0 0 0 0 0 0 0 0 0 0 0 0 0 0 0 0 0 0 85 95 0 0 0 0 0 151 0 0 0 0 0 0 0 0 0 0 0 103 0 0 0 135 0 0 0 85 14 0 139 0 0 0 0 
0 31 0 0 0 0 0 0 0 0 0 0 0 0 0 0 0 162 0 0 0 0 0 0 0 0 0 0 0 0 0 0 0 0 190 0 0 0 0 165 0 0 0 0 0 0 136 0 0 156 0 0 77 0 0 0 192 0 0 0 0 0 0 0 0 0 0 0 0 0 0 24 93 0 105 0 91 0 0 0 177 0 162 0 0 0 0 0 0 0 0 0 0 0 0 0 187 0 0 0 
0 80 0 0 0 35 54 0 0 110 0 0 0 166 0 0 0 0 0 0 0 0 0 0 0 0 0 0 0 0 0 0 67 0 0 0 0 0 0 0 0 0 0 89 0 0 0 0 0 0 0 0 0 0 0 0 0 0 0 0 0 0 0 0 0 0 73 0 0 0 0 72 0 0 85 0 0 170 0 0 0 0 0 0 0 70 0 0 0 90 0 0 0 0 0 0 0 0 136 183 
189 0 0 0 0 0 0 0 0 0 0 0 0 0 0 0 0 34 0 0 0 0 0 0 0 0 0 0 0 0 0 17 0 0 0 0 0 0 0 0 0 0 0 0 0 0 0 0 134 0 0 0 0 0 0 0 0 0 0 51 0 0 0 0 0 0 0 0 0 0 0 0 0 0 0 0 0 0 0 0 0 0 127 0 0 0 0 0 0 107 0 0 0 3 0 0 0 0 0 0 
0 0 0 0 0 0 0 0 0 0 144 0 0 0 0 0 0 0 0 0 0 0 0 0 0 0 81 0 0 0 0 87 0 0 0 0 0 0 0 108 0 88 0 0 0 0 0 0 0 0 61 0 0 0 0 0 0 0 0 24 119 0 0 0 0 0 0 6 0 4 0 0 0 0 175 0 0 0 0 51 147 0 0 0 0 4 0 0 0 0 0 0 0 0 0 0 0 0 0 0 
0 0 0 128 0 0 0 0 0 0 0 0 0 0 76 0 0 122 0 0 0 0 0 0 0 0 0 0 0 0 0 0 0 0 0 0 0 0 0 0 0 0 0 0 0 0 0 0 0 0 167 0 0 0 0 0 0 0 0 157 0 0 0 0 0 0 0 0 101 0 0 0 9 0 0 0 0 180 0 0 0 0 21 0 0 0 0 0 0 0 0 0 0 54 0 0 0 0 0 0 
109 0 0 32 0 0 0 0 0 0 0 0 0 0 0 0 0 0 0 0 0 0 0 0 81 0 0 81 0 0 0 0 0 6 0 0 0 0 0 3 0 0 0 0 150 0 0 80 0 0 0 0 0 0 0 0 0 0 0 0 0 158 0 0 0 0 110 0 0 0 0 0 0 0 0 109 0 0 0 0 0 0 0 0 0 0 0 0 0 0 0 0 0 0 0 0 0 0 0 0 
0 191 0 0 0 0 0 0 0 131 0 0 0 0 0 0 0 0 27 0 0 0 0 0 0 0 81 0 0 0 0 0 0 40 0 0 68 0 0 0 168 0 0 38 0 0 0 0 0 0 0 0 0 0 0 0 5 72 0 0 0 32 0 0 0 0 0 0 0 0 0 0 0 0 0 0 0 0 0 0 0 85 0 0 0 0 0 0 0 0 168 0 0 0 0 64 0 0 0 197 
0 0 0 0 0 0 0 0 0 0 0 0 0 0 0 0 0 0 0 0 0 0 0 0 0 0 0 0 0 0 0 0 0 103 100 81 0 0 0 0 0 0 0 103 0 0 0 135 0 0 0 173 0 0 0 0 0 0 111 0 0 0 63 0 0 0 0 168 0 0 0 0 0 0 0 0 0 176 0 0 0 0 0 0 147 0 0 152 48 0 0 0 0 27 0 0 0 0 96 0 
0 0 0 0 74 0 0 0 0 0 0 0 0 0 0 0 0 0 0 56 0 0 0 0 0 0 0 0 0 0 167 0 42 173 0 0 0 0 0 170 145 0 0 0 0 0 0 0 0 0 0 0 0 0 0 0 0 0 0 18 84 0 0 0 17 0 0 0 0 0 0 0 24 0 0 41 0 0 0 0 0 0 0 0 189 0 0 0 0 0 0 0 0 0 44 0 0 0 190 0 
0 0 0 0 0 0 0 0 0 106 0 0 52 0 0 21 0 0 0 0 112 0 0 0 0 0 0 0 0 167 0 0 0 0 0 0 0 0 0 0 0 0 0 107 0 0 0 0 0 0 0 0 0 0 0 0 0 0 158 0 0 0 0 0 0 0 0 0 0 0 0 0 0 0 0 0 0 0 0 0 0 170 0 0 0 0 0 0 0 0 0 0 0 0 0 65 54 62 0 0 
0 99 88 0 0 0 0 0 0 111 0 0 0 123 0 0 0 0 0 183 0 0 0 17 87 0 0 0 0 0 0 0 0 132 0 0 0 0 0 17 0 0 0 0 0 0 0 0 0 0 0 0 0 0 0 0 0 0 0 0 0 0 0 0 0 193 0 0 0 130 79 0 126 0 0 0 0 0 0 0 0 0 0 0 0 0 0 0 43 0 73 0 0 0 0 0 0 0 0 0 
0 0 0 0 0 189 0 0 0 0 27 0 0 0 0 0 0 0 0 0 71 0 67 0 0 0 0 0 0 42 0 0 0 0 0 0 0 0 0 0 0 0 0 0 0 0 0 0 139 0 0 74 0 0 0 0 26 0 0 0 0 0 76 152 0 0 0 171 0 0 0 0 0 0 0 0 0 0 0 0 0 0 0 0 0 0 0 0 0 0 0 0 0 0 0 0 85 0 0 0 
0 0 113 0 0 0 0 0 0 0 0 0 0 0 0 0 0 0 0 0 98 0 0 0 0 0 6 40 103 173 0 132 0 0 0 0 0 0 0 0 0 0 0 0 46 0 0 0 0 0 0 0 0 0 0 0 0 0 0 0 0 0 0 0 0 43 0 140 0 0 0 0 172 171 0 0 0 0 0 29 147 0 0 0 0 0 0 96 0 0 0 0 0 0 0 0 0 0 0 0 
0 0 0 0 0 0 0 0 194 0 0 0 0 0 0 0 25 0 0 167 0 190 0 0 0 0 0 0 100 0 0 0 0 0 0 117 0 0 0 0 0 0 0 0 67 9 0 0 0 44 171 0 0 0 0 0 0 0 0 0 0 0 0 0 0 0 0 0 0 0 0 22 0 0 99 0 0 0 154 0 0 0 0 0 0 24 0 0 0 0 11 0 0 0 0 0 0 0 0 0 
0 0 0 0 0 0 0 0 0 0 0 0 0 0 0 0 0 0 0 0 0 0 0 0 0 0 0 0 81 0 0 0 0 0 117 0 0 0 0 0 186 0 0 0 0 106 0 0 0 0 0 0 0 0 0 187 0 57 0 0 0 0 0 0 57 0 0 0 0 0 0 0 0 0 0 0 0 0 103 0 35 0 0 0 0 0 0 0 0 0 0 0 118 0 0 178 8 0 0 0 
0 0 0 0 0 0 0 0 0 0 0 0 22 147 0 0 0 0 151 0 0 0 0 0 0 0 0 68 0 0 0 0 0 0 0 0 0 0 0 0 0 0 0 36 0 0 0 0 0 0 0 0 0 0 36 0 0 0 91 147 0 0 115 0 181 0 0 0 0 0 0 0 0 0 37 0 0 0 0 0 165 0 0 0 0 0 0 59 0 116 0 0 0 0 0 157 0 0 0 0 
143 0 0 0 35 0 0 59 0 87 30 0 0 0 0 22 0 0 0 0 0 0 0 0 0 0 0 0 0 0 0 0 0 0 0 0 0 0 0 0 0 0 0 0 0 0 0 0 0 0 0 0 0 26 0 0 0 0 13 39 0 0 0 0 0 0 0 0 0 0 0 0 0 0 0 0 0 0 0 0 0 0 0 0 0 0 0 0 172 0 0 0 0 0 192 0 0 0 0 0 
0 0 0 114 107 0 0 0 0 169 0 0 91 0 54 0 187 0 0 0 37 0 0 0 0 0 0 0 0 0 0 0 0 0 0 0 0 0 0 10 0 0 0 72 142 0 0 0 0 97 0 0 0 110 0 0 0 0 0 0 0 0 0 0 112 0 0 0 0 0 0 159 0 0 0 0 0 0 0 0 0 0 0 0 0 0 0 0 0 0 0 0 0 0 0 0 0 136 0 0 
0 0 0 0 0 0 0 0 0 0 68 0 0 0 0 57 0 0 0 0 0 165 0 0 108 0 3 0 0 170 0 17 0 0 0 0 0 0 10 0 0 0 0 0 0 0 0 0 0 0 0 0 0 0 0 0 0 0 0 139 36 0 0 0 0 0 0 0 0 19 0 0 0 0 0 0 0 0 0 0 0 0 0 0 0 0 0 0 0 0 0 0 0 0 83 0 0 0 0 0 
0 0 151 0 0 0 0 0 31 0 0 0 0 185 0 0 0 0 0 0 0 0 0 0 0 0 0 168 0 145 0 0 0 0 0 186 0 0 0 0 0 0 0 0 48 0 32 0 0 196 0 0 0 51 0 0 0 0 0 0 190 0 115 0 0 0 170 0 0 0 0 0 0 0 0 0 0 0 0 106 0 0 0 0 0 0 0 0 0 0 138 0 0 0 0 0 0 0 0 0 
166 0 0 0 0 0 139 0 0 0 0 0 0 172 0 0 0 0 0 140 0 0 0 0 88 0 0 0 0 0 0 0 0 0 0 0 0 0 0 0 0 0 54 0 0 0 0 0 0 0 0 0 127 0 0 0 0 0 0 0 0 57 0 0 0 0 0 0 0 0 0 0 0 0 0 60 0 0 0 0 0 0 0 0 0 0 0 106 56 0 0 191 0 0 0 0 0 0 0 48 
0 0 119 0 15 0 0 0 0 12 0 0 118 0 26 0 0 0 0 1 0 0 0 0 0 0 0 0 0 0 0 0 0 0 0 0 0 0 0 0 0 54 0 0 0 0 0 0 0 0 184 0 0 0 0 0 0 0 0 0 0 0 0 133 0 0 0 0 145 0 20 0 0 0 0 96 0 0 0 0 0 0 0 0 0 50 0 0 0 0 0 0 97 0 0 107 0 0 0 0 
0 0 0 0 0 0 0 0 0 0 0 0 0 0 0 0 0 0 0 0 0 0 89 0 0 0 0 38 103 0 107 0 0 0 0 0 36 0 72 0 0 0 0 0 0 0 0 0 0 0 0 0 0 0 0 0 0 0 0 0 0 0 0 110 2 0 0 0 97 0 0 0 0 0 0 0 0 0 0 0 0 122 188 141 0 0 0 0 0 0 0 0 0 139 0 0 0 0 0 0 
0 0 0 0 0 0 157 0 0 0 0 0 0 0 0 0 0 0 0 87 160 0 0 0 0 0 150 0 0 0 0 0 0 46 67 0 0 0 142 0 48 0 0 0 0 34 0 0 0 0 0 0 0 0 0 0 0 138 0 0 0 0 0 0 0 0 0 0 0 0 0 0 0 0 0 26 0 0 0 46 0 0 0 0 0 0 41 0 0 0 0 0 0 0 0 0 0 0 0 0 
68 0 138 0 166 0 0 0 0 0 0 0 0 0 0 0 0 56 0 0 0 0 0 0 0 0 0 0 0 0 0 0 0 0 9 106 0 0 0 0 0 0 0 0 34 0 178 0 0 0 0 0 0 0 0 0 0 0 0 0 0 0 0 0 0 0 0 0 0 163 0 0 0 191 0 0 0 0 0 0 0 0 0 183 0 0 0 0 0 0 0 0 0 0 0 0 0 0 0 0 
0 0 0 0 180 0 0 0 93 0 0 82 0 0 169 0 26 0 0 0 0 136 0 0 0 0 0 0 0 0 0 0 0 0 0 0 0 0 0 0 32 0 0 0 0 178 0 0 0 0 0 0 0 0 0 0 120 0 0 0 0 0 0 77 0 0 0 0 0 0 0 0 0 0 0 0 0 0 17 0 0 0 0 0 109 0 13 0 0 0 0 0 0 0 0 0 0 0 0 6 
0 75 0 0 58 0 0 0 0 0 0 0 0 0 0 143 0 0 88 0 0 0 0 0 0 0 80 0 135 0 0 0 0 0 0 0 0 0 0 0 0 0 0 0 0 0 0 0 0 0 185 0 0 0 0 0 0 193 0 0 0 76 0 0 0 0 0 0 0 0 0 0 0 0 0 143 0 0 0 0 195 0 0 0 0 0 0 0 0 85 0 0 0 0 0 0 34 0 0 138 
94 0 0 84 0 0 0 0 0 0 0 0 0 110 0 0 0 0 0 0 0 0 0 134 0 0 0 0 0 0 0 0 139 0 0 0 0 0 0 0 0 0 0 0 0 0 0 0 0 164 64 0 0 0 197 0 0 35 0 0 170 0 0 0 0 0 0 0 0 0 0 0 0 0 0 0 104 0 0 0 0 0 62 157 0 0 0 0 0 0 0 0 0 0 0 0 143 0 0 0 
0 0 0 0 0 58 0 0 5 0 0 0 0 78 0 0 0 0 0 0 0 156 0 0 0 0 0 0 0 0 0 0 0 0 44 0 0 0 97 0 196 0 0 0 0 0 0 0 164 0 0 0 0 0 0 0 0 0 0 197 0 0 0 0 0 0 59 0 78 0 0 0 0 0 0 0 115 0 0 0 0 0 0 0 0 0 0 0 0 0 0 0 0 0 39 182 104 0 0 0 
0 0 0 0 0 0 0 0 0 0 0 0 0 0 0 0 0 0 0 0 0 0 0 0 61 167 0 0 0 0 0 0 0 0 171 0 0 0 0 0 0 0 184 0 0 0 0 185 64 0 0 0 0 0 0 193 0 0 0 0 0 164 0 0 0 0 0 0 0 0 136 0 0 0 0 0 165 0 0 0 0 0 0 0 0 0 0 16 63 76 0 0 0 0 181 0 0 0 0 0 
0 0 0 0 0 0 0 0 0 0 0 0 0 0 0 0 0 0 0 0 0 0 0 0 0 0 0 0 173 0 0 0 74 0 0 0 0 0 0 0 0 0 0 0 0 0 0 0 0 0 0 0 0 0 0 0 0 0 0 0 0 0 0 0 0 134 0 12 0 0 0 0 0 0 0 0 136 84 0 0 0 0 0 0 0 0 0 0 0 18 0 0 0 0 0 0 0 0 0 0 
0 0 0 0 0 0 0 0 0 0 0 0 87 0 0 0 171 0 0 182 0 77 0 0 0 0 0 0 0 0 0 0 0 0 0 0 0 0 0 0 0 127 0 0 0 0 0 0 0 0 0 0 0 0 0 0 0 0 0 0 0 0 0 0 0 0 38 0 0 0 0 154 0 0 0 0 0 0 0 40 0 0 0 101 159 0 0 0 164 78 165 45 0 0 0 0 175 0 0 0 
0 0 90 0 8 0 0 0 0 0 0 0 0 0 0 0 0 0 0 0 0 0 0 0 0 0 0 0 0 0 0 0 0 0 0 0 0 26 110 0 51 0 0 0 0 0 0 0 0 0 0 0 0 0 0 42 107 20 0 0 0 0 1 0 0 0 0 0 0 0 0 0 0 0 0 0 62 93 96 0 0 0 0 0 0 0 189 0 0 0 0 0 0 0 0 152 0 14 0 0 
0 0 0 82 150 49 0 0 0 0 0 0 5 147 0 0 0 0 0 0 0 0 0 0 0 0 0 0 0 0 0 0 0 0 0 0 36 0 0 0 0 0 0 0 0 0 0 0 197 0 0 0 0 0 0 0 0 0 0 0 73 0 153 0 0 0 0 0 0 0 0 0 0 0 0 0 117 0 0 61 0 69 0 0 0 0 0 0 194 176 0 0 0 0 137 0 0 0 0 0 
0 0 0 0 0 0 0 0 65 0 0 0 0 108 0 0 0 0 0 128 0 0 0 0 0 0 0 0 0 0 0 0 0 0 0 187 0 0 0 0 0 0 0 0 0 0 0 0 0 0 193 0 0 42 0 0 0 126 0 0 176 0 0 130 0 0 62 0 79 0 0 0 0 5 0 0 0 0 95 0 0 24 0 0 0 0 0 196 0 0 0 0 0 0 0 0 0 0 0 0 
0 0 0 0 0 0 0 0 0 0 86 0 0 0 0 0 0 0 0 0 0 192 0 0 0 0 0 5 0 0 0 0 26 0 0 0 0 0 0 0 0 0 0 0 0 0 120 0 0 0 0 0 0 107 0 0 0 0 0 19 0 0 0 0 0 0 0 0 0 0 110 0 0 0 152 0 0 0 0 0 138 0 0 0 0 0 0 39 0 0 0 0 0 0 0 0 0 0 72 72 
0 0 0 0 0 0 0 42 0 0 0 0 0 0 0 0 0 0 0 0 0 0 0 0 0 0 0 72 0 0 0 0 0 0 0 57 0 0 0 0 0 0 0 0 138 0 0 193 35 0 0 0 0 20 0 126 0 0 0 0 0 0 0 0 80 0 199 0 0 0 0 154 0 0 0 176 0 3 0 68 0 0 0 0 0 0 0 0 0 0 0 0 0 0 0 0 0 0 172 0 
0 0 0 0 0 0 0 0 0 0 0 102 33 0 0 162 0 0 0 0 0 0 0 0 0 0 0 0 111 0 158 0 0 0 0 0 91 13 0 0 0 0 0 0 0 0 0 0 0 0 0 0 0 0 0 0 0 0 0 0 0 0 0 77 0 0 0 0 0 0 0 0 0 0 0 0 0 158 0 0 0 0 0 0 0 0 0 0 0 96 0 0 0 0 0 0 44 0 0 0 
0 0 0 163 0 0 0 0 0 0 0 0 0 0 0 0 88 199 0 0 0 0 0 51 24 157 0 0 0 18 0 0 0 0 0 0 147 39 0 139 0 0 0 0 0 0 0 0 0 197 0 0 0 0 0 0 19 0 0 0 148 0 0 0 0 0 0 0 0 0 0 0 0 0 0 0 0 0 0 0 0 162 0 0 0 0 0 0 0 0 0 19 0 0 0 0 0 0 0 0 
0 0 0 0 0 0 0 0 0 0 134 0 177 0 0 0 86 0 0 0 0 0 0 0 119 0 0 0 0 84 0 0 0 0 0 0 0 0 0 36 190 0 0 0 0 0 0 0 170 0 0 0 0 0 73 176 0 0 0 148 0 0 0 0 0 0 0 100 0 0 0 0 0 0 0 0 111 0 126 0 0 0 0 0 0 0 0 0 0 0 0 0 174 0 0 0 0 0 0 0 
0 0 0 0 0 0 0 184 0 45 81 0 0 0 0 0 0 0 0 0 0 0 0 0 0 0 158 32 0 0 0 0 0 0 0 0 0 0 0 0 0 57 0 0 0 0 0 76 0 0 164 0 0 0 0 0 0 0 0 0 0 0 0 0 0 89 0 0 0 0 113 0 0 0 0 0 0 0 0 0 0 0 0 0 0 0 0 0 0 0 0 0 126 0 0 0 0 0 0 0 
0 0 108 0 0 0 0 0 0 0 0 0 0 0 0 0 0 0 0 0 0 0 0 0 0 0 0 0 63 0 0 0 76 0 0 0 115 0 0 0 115 0 0 0 0 0 0 0 0 0 0 0 0 1 153 0 0 0 0 0 0 0 0 0 0 0 0 0 0 23 0 0 0 0 0 0 0 0 0 0 0 0 0 0 0 0 0 0 0 0 57 0 0 0 0 0 0 49 0 0 
0 0 0 0 0 0 0 0 166 0 113 0 0 0 22 0 0 0 0 0 0 0 0 0 0 0 0 0 0 0 0 0 152 0 0 0 0 0 0 0 0 0 133 110 0 0 77 0 0 0 0 0 0 0 0 130 0 0 77 0 0 0 0 0 0 0 0 0 0 0 0 0 0 0 0 0 0 0 0 0 0 0 4 0 0 0 0 114 0 0 0 175 0 0 0 0 195 0 0 137 
0 0 95 100 0 0 0 0 0 0 0 29 0 0 0 0 0 0 0 0 0 0 0 0 0 0 0 0 0 17 0 0 0 0 0 57 181 0 112 0 0 0 0 2 0 0 0 0 0 0 0 0 0 0 0 0 0 80 0 0 0 0 0 0 0 81 0 0 74 0 0 0 0 29 0 0 0 0 0 0 0 0 0 0 0 0 61 0 0 0 0 0 0 0 0 0 0 138 0 70 
0 0 0 0 0 0 0 0 0 0 0 101 0 0 148 44 0 2 0 0 85 0 0 0 0 0 0 0 0 0 0 193 0 43 0 0 0 0 0 0 0 0 0 0 0 0 0 0 0 0 0 134 0 0 0 0 0 0 0 0 0 89 0 0 81 0 0 21 0 0 0 0 36 0 0 0 0 0 0 0 0 19 0 0 0 0 32 0 0 0 0 0 0 62 0 0 0 0 0 0 
0 0 0 0 0 147 0 82 18 0 0 0 0 0 0 0 0 0 0 0 95 0 73 0 0 0 110 0 0 0 0 0 0 0 0 0 0 0 0 0 170 0 0 0 0 0 0 0 0 59 0 0 38 0 0 62 0 199 0 0 0 0 0 0 0 0 0 0 0 0 0 0 0 197 0 0 0 0 0 180 0 0 0 0 0 0 0 0 0 54 0 179 0 0 0 0 0 0 0 0 
0 146 0 0 0 0 0 0 0 129 0 0 0 0 130 0 0 0 113 0 0 0 0 0 6 0 0 0 168 0 0 0 171 140 0 0 0 0 0 0 0 0 0 0 0 0 0 0 0 0 0 12 0 0 0 0 0 0 0 0 100 0 0 0 0 21 0 0 0 0 11 0 0 0 0 0 111 0 0 0 0 0 0 0 0 0 0 0 0 0 0 0 0 0 0 200 0 0 0 0 
0 142 0 0 0 0 0 51 0 173 0 0 0 0 0 83 0 0 0 0 0 0 0 0 0 101 0 0 0 0 0 0 0 0 0 0 0 0 0 0 0 0 145 97 0 0 0 0 0 78 0 0 0 0 0 79 0 0 0 0 0 0 0 0 74 0 0 0 0 0 0 0 0 0 0 0 0 0 0 0 0 0 0 0 0 0 0 0 0 0 0 0 0 0 0 61 0 175 0 0 
0 0 0 0 0 26 44 0 13 113 0 0 0 0 0 0 0 0 0 0 0 0 0 0 4 0 0 0 0 0 0 130 0 0 0 0 0 0 0 19 0 0 0 0 0 163 0 0 0 0 0 0 0 0 0 0 0 0 0 0 0 0 23 0 0 0 0 0 0 0 0 0 0 0 93 0 153 0 0 0 0 0 0 0 0 0 0 0 0 0 0 0 0 0 47 0 0 82 0 0 
0 0 0 0 0 0 0 0 0 0 0 97 0 0 0 0 0 0 0 0 0 0 0 0 0 0 0 0 0 0 0 79 0 0 0 0 0 0 0 0 0 0 20 0 0 0 0 0 0 0 136 0 0 0 0 0 110 0 0 0 0 113 0 0 0 0 0 11 0 0 0 0 0 0 0 0 0 167 0 0 150 0 0 0 0 0 0 0 0 0 0 0 0 0 0 0 0 129 0 0 
0 0 0 0 0 0 0 0 0 0 0 0 0 0 0 0 0 69 0 0 0 24 72 0 0 0 0 0 0 0 0 0 0 0 22 0 0 0 159 0 0 0 0 0 0 0 0 0 0 0 0 0 154 0 0 0 0 154 0 0 0 0 0 0 0 0 0 0 0 0 0 0 0 0 0 0 0 0 147 0 0 0 0 0 119 0 92 22 0 0 0 0 0 0 0 0 0 0 46 0 
0 0 54 0 0 0 0 0 0 0 87 0 0 0 0 0 0 0 0 0 151 93 0 0 0 9 0 0 0 24 0 126 0 172 0 0 0 0 0 0 0 0 0 0 0 0 0 0 0 0 0 0 0 0 0 0 0 0 0 0 0 0 0 0 0 36 0 0 0 0 0 0 0 0 0 0 0 0 0 0 0 0 0 0 0 0 0 0 0 0 0 108 0 0 0 0 0 0 0 0 
0 0 0 0 0 0 0 0 0 0 0 0 0 0 0 0 0 0 0 0 0 0 0 0 0 0 0 0 0 0 0 0 0 171 0 0 0 0 0 0 0 0 0 0 0 191 0 0 0 0 0 0 0 0 0 5 0 0 0 0 0 0 0 0 29 0 197 0 0 0 0 0 0 0 0 0 0 0 0 0 0 0 0 0 0 0 0 0 0 0 0 0 20 0 0 0 0 0 0 0 
0 0 0 178 0 0 0 0 0 0 0 0 0 0 0 0 200 0 0 168 0 105 85 0 175 0 0 0 0 0 0 0 0 0 99 0 37 0 0 0 0 0 0 0 0 0 0 0 0 0 0 0 0 0 0 0 152 0 0 0 0 0 0 0 0 0 0 0 0 93 0 0 0 0 0 107 106 0 0 0 0 0 0 0 0 0 12 0 0 48 0 0 0 0 0 0 0 0 128 0 
0 0 0 0 0 135 0 0 0 0 0 0 0 0 0 0 0 0 0 0 0 0 0 0 0 0 109 0 0 41 0 0 0 0 0 0 0 0 0 0 0 60 96 0 26 0 0 143 0 0 0 0 0 0 0 0 0 176 0 0 0 0 0 0 0 0 0 0 0 0 0 0 0 0 107 0 0 0 188 0 125 0 0 0 116 0 0 0 0 0 63 0 0 0 0 0 0 0 27 15 
0 0 0 0 0 0 0 0 0 0 0 0 0 0 0 0 92 0 0 0 0 91 0 0 0 0 0 0 0 0 0 0 0 0 0 0 0 0 0 0 0 0 0 0 0 0 0 0 104 115 165 136 0 62 117 0 0 0 0 0 111 0 0 0 0 0 0 111 0 153 0 0 0 0 106 0 0 0 0 0 0 0 0 188 0 0 0 123 0 0 174 0 0 0 0 0 0 0 0 0 
23 0 0 0 0 0 0 0 0 0 0 0 0 0 0 0 0 0 0 0 0 0 170 0 0 180 0 0 176 0 0 0 0 0 0 0 0 0 0 0 0 0 0 0 0 0 0 0 0 0 0 84 0 93 0 0 0 3 158 0 0 0 0 0 0 0 0 0 0 0 167 0 0 0 0 0 0 0 0 0 0 0 0 0 0 0 9 0 0 0 0 0 0 198 0 0 0 0 0 0 
0 0 0 52 0 0 0 0 153 0 0 0 0 0 0 0 0 0 0 0 0 0 0 0 0 0 0 0 0 0 0 0 0 0 154 103 0 0 0 0 0 0 0 0 0 0 17 0 0 0 0 0 0 96 0 95 0 0 0 0 126 0 0 0 0 0 0 0 0 0 0 147 0 0 0 188 0 0 0 0 0 0 159 0 0 111 0 63 0 0 0 0 0 0 0 19 0 97 0 0 
0 0 0 0 164 0 0 0 0 0 0 0 0 10 113 63 25 0 0 0 0 0 0 0 51 0 0 0 0 0 0 0 0 29 0 0 0 0 0 0 106 0 0 0 46 0 0 0 0 0 0 0 40 0 61 0 0 68 0 0 0 0 0 0 0 0 180 0 0 0 0 0 0 0 0 0 0 0 0 0 0 0 0 0 0 0 0 0 0 119 0 0 0 178 0 0 0 0 0 0 
0 0 176 0 0 0 127 0 0 0 0 0 0 0 60 0 0 0 0 0 0 177 0 0 147 0 0 0 0 0 0 0 0 147 0 35 165 0 0 0 0 0 0 0 0 0 0 195 0 0 0 0 0 0 0 0 138 0 0 0 0 0 0 0 0 0 0 0 0 0 150 0 0 0 0 125 0 0 0 0 0 0 0 0 28 0 0 0 142 0 0 0 0 0 0 0 0 0 0 45 
0 0 0 0 0 0 0 0 0 0 31 0 198 0 0 0 0 0 56 0 0 0 0 0 0 0 0 85 0 0 170 0 0 0 0 0 0 0 0 0 0 0 0 122 0 0 0 0 0 0 0 0 0 0 69 24 0 0 0 162 0 0 0 0 0 19 0 0 0 0 0 0 0 0 0 0 0 0 0 0 0 0 0 0 0 80 0 0 123 0 0 3 0 113 0 0 0 0 0 0 
0 0 0 0 0 0 0 0 0 0 63 0 0 0 0 0 0 0 0 54 0 162 0 127 0 21 0 0 0 0 0 0 0 0 0 0 0 0 0 0 0 0 0 188 0 0 0 0 62 0 0 0 0 0 0 0 0 0 0 0 0 0 0 4 0 0 0 0 0 0 0 0 0 0 0 0 0 0 159 0 0 0 0 0 0 0 0 0 0 0 0 0 0 0 0 0 0 67 0 0 
0 156 0 192 0 0 0 0 0 0 0 0 0 0 0 0 0 0 0 26 0 0 0 0 0 0 0 0 0 0 0 0 0 0 0 0 0 0 0 0 0 0 0 141 0 183 0 0 157 0 0 0 101 0 0 0 0 0 0 0 0 0 0 0 0 0 0 0 0 0 0 0 0 0 0 0 188 0 0 0 0 0 0 0 0 0 0 0 0 0 0 0 0 53 1 0 0 0 0 0 
0 0 0 0 0 119 0 0 0 0 0 0 0 0 87 0 55 0 0 0 103 0 0 0 0 0 0 0 147 189 0 0 0 0 0 0 0 0 0 0 0 0 0 0 0 0 109 0 0 0 0 0 159 0 0 0 0 0 0 0 0 0 0 0 0 0 0 0 0 0 0 119 0 0 0 116 0 0 0 0 28 0 0 0 0 156 0 0 0 0 77 0 0 0 62 0 0 0 0 0 
0 176 89 0 157 0 0 0 4 0 0 0 0 0 0 0 0 0 0 0 0 0 70 0 4 0 0 0 0 0 0 0 0 0 24 0 0 0 0 0 0 0 50 0 0 0 0 0 0 0 0 0 0 0 0 0 0 0 0 0 0 0 0 0 0 0 0 0 0 0 0 0 0 0 0 0 0 0 111 0 0 80 0 0 156 0 0 0 0 0 0 53 0 0 0 0 0 0 0 0 
0 0 0 0 66 8 0 0 0 0 0 0 0 0 0 0 0 0 174 0 0 0 0 0 0 0 0 0 0 0 0 0 0 0 0 0 0 0 0 0 0 0 0 0 41 0 13 0 0 0 0 0 0 189 0 0 0 0 0 0 0 0 0 0 61 32 0 0 0 0 0 92 0 0 12 0 0 9 0 0 0 0 0 0 0 0 0 146 0 0 13 0 17 0 0 0 102 0 0 0 
0 0 0 0 0 0 0 0 0 0 0 0 0 0 0 0 0 0 0 21 0 0 0 0 0 0 0 0 152 0 0 0 0 96 0 0 59 0 0 0 0 106 0 0 0 0 0 0 0 0 16 0 0 0 0 196 39 0 0 0 0 0 0 114 0 0 0 0 0 0 0 22 0 0 0 0 123 0 63 0 0 0 0 0 0 0 146 0 0 0 0 0 0 0 13 0 0 94 0 0 
0 0 0 85 0 103 3 0 0 0 0 0 0 36 0 0 34 0 0 0 135 0 0 0 0 0 0 0 48 0 0 43 0 0 0 0 0 172 0 0 0 56 0 0 0 0 0 0 0 0 63 0 164 0 194 0 0 0 0 0 0 0 0 0 0 0 0 0 0 0 0 0 0 0 0 0 0 0 0 0 142 123 0 0 0 0 0 0 0 0 0 0 0 0 0 0 0 0 0 0 
0 0 0 0 160 0 0 0 0 0 0 0 0 0 0 0 0 0 86 0 0 0 90 107 0 0 0 0 0 0 0 0 0 0 0 0 116 0 0 0 0 0 0 0 0 0 0 85 0 0 76 18 78 0 176 0 0 0 96 0 0 0 0 0 0 0 54 0 0 0 0 0 0 0 48 0 0 0 0 119 0 0 0 0 0 0 0 0 0 0 118 0 0 0 0 0 0 0 0 0 
0 0 0 0 0 0 0 48 0 9 0 0 0 0 0 0 0 14 0 0 0 0 0 0 0 0 0 168 0 0 0 73 0 0 11 0 0 0 0 0 138 0 0 0 0 0 0 0 0 0 0 0 165 0 0 0 0 0 0 0 0 0 57 0 0 0 0 0 0 0 0 0 0 0 0 63 174 0 0 0 0 0 0 0 77 0 13 0 0 118 0 0 0 0 0 33 0 0 0 0 
0 0 0 0 0 185 0 0 0 0 0 0 0 0 0 0 16 0 0 0 0 0 0 0 0 0 0 0 0 0 0 0 0 0 0 0 0 0 0 0 0 191 0 0 0 0 0 0 0 0 0 0 45 0 0 0 0 0 0 19 0 0 0 175 0 0 179 0 0 0 0 0 108 0 0 0 0 0 0 0 0 3 0 0 0 53 0 0 0 0 0 0 0 0 0 88 0 0 0 0 
0 0 0 28 0 0 0 124 0 0 0 0 0 0 0 0 0 0 0 0 85 0 0 0 0 0 0 0 0 0 0 0 0 0 0 118 0 0 0 0 0 0 97 0 0 0 0 0 0 0 0 0 0 0 0 0 0 0 0 0 174 126 0 0 0 0 0 0 0 0 0 0 0 20 0 0 0 0 0 0 0 0 0 0 0 0 17 0 0 0 0 0 0 0 0 0 0 0 0 0 
0 0 0 0 0 0 11 0 0 0 130 106 0 0 68 0 0 135 0 0 14 0 0 3 0 54 0 0 27 0 0 0 0 0 0 0 0 0 0 0 0 0 0 139 0 0 0 0 0 0 0 0 0 0 0 0 0 0 0 0 0 0 0 0 0 62 0 0 0 0 0 0 0 0 0 0 0 198 0 178 0 113 0 53 0 0 0 0 0 0 0 0 0 0 0 0 0 0 0 0 
0 0 0 72 0 0 0 0 0 0 0 0 0 0 87 0 0 0 0 0 0 0 0 0 0 0 0 0 0 44 0 0 0 0 0 0 0 192 0 83 0 0 0 0 0 0 0 0 0 39 181 0 0 0 137 0 0 0 0 0 0 0 0 0 0 0 0 0 0 47 0 0 0 0 0 0 0 0 0 0 0 0 0 1 62 0 0 13 0 0 0 0 0 0 0 0 0 133 0 43 
0 0 0 0 0 0 0 151 0 0 0 0 0 0 0 0 0 0 166 0 139 0 0 0 0 0 0 64 0 0 65 0 0 0 0 178 157 0 0 0 0 0 107 0 0 0 0 0 0 182 0 0 0 152 0 0 0 0 0 0 0 0 0 0 0 0 0 200 61 0 0 0 0 0 0 0 0 0 19 0 0 0 0 0 0 0 0 0 0 0 33 88 0 0 0 0 0 0 0 0 
180 65 0 0 0 105 0 0 0 0 0 0 0 0 0 0 0 0 0 0 0 187 0 0 0 0 0 0 0 0 54 0 85 0 0 8 0 0 0 0 0 0 0 0 0 0 0 34 143 104 0 0 175 0 0 0 0 0 44 0 0 0 0 195 0 0 0 0 0 0 0 0 0 0 0 0 0 0 0 0 0 0 0 0 0 0 102 0 0 0 0 0 0 0 0 0 0 0 0 0 
0 181 0 0 0 0 0 0 0 0 0 0 0 0 0 141 0 0 0 0 0 0 0 0 0 0 0 0 0 0 62 0 0 0 0 0 0 0 136 0 0 0 0 0 0 0 0 0 0 0 0 0 0 14 0 0 0 0 0 0 0 0 49 0 138 0 0 0 175 82 129 0 0 0 0 0 0 0 97 0 0 0 67 0 0 0 0 94 0 0 0 0 0 0 133 0 0 0 79 0 
0 0 110 0 0 0 0 0 0 0 0 0 60 0 0 0 0 0 52 148 0 0 136 0 0 0 0 0 96 190 0 0 0 0 0 0 0 0 0 0 0 0 0 0 0 0 0 0 0 0 0 0 0 0 0 0 72 172 0 0 0 0 0 0 0 0 0 0 0 0 0 46 0 0 128 27 0 0 0 0 0 0 0 0 0 0 0 0 0 0 0 0 0 0 0 0 0 79 0 0 
109 0 123 0 0 173 0 44 0 0 0 0 0 0 0 0 0 0 0 0 0 0 183 0 0 0 0 197 0 0 0 0 0 0 0 0 0 0 0 0 0 48 0 0 0 0 6 138 0 0 0 0 0 0 0 0 72 0 0 0 0 0 0 137 70 0 0 0 0 0 0 0 0 0 0 15 0 0 0 0 45 0 0 0 0 0 0 0 0 0 0 0 0 0 43 0 0 0 0 0 
