0 0 31 56 86 0 78 0 54 61 0 0 0 0 95 0 32 0 0 52 0 0 34 5 13 0 90 0 0 0 57 50 0 84 30 94 0 36 10 96 0 3 0 0 8 14 15 0 0 95 24 0 93 0 0 0 39 32 16 74 96 57 49 1 86 71 3 18 61 20 59 52 98 0 27 69 100 0 7 49 41 0 30 88 11 97 0 0 19 17 89 0 71 0 0 0 0 64 42 0 
0 0 69 19 37 0 0 0 11 0 0 33 0 58 0 0 0 83 0 73 100 36 17 47 0 30 15 7 0 0 0 29 96 3 97 12 0 39 0 91 76 47 42 0 0 0 0 70 25 14 9 49 0 71 29 0 43 0 0 41 0 57 0 66 0 32 64 0 76 1 0 100 83 0 30 20 44 0 0 13 49 17 0 78 38 28 57 78 66 25 0 34 0 79 88 75 0 58 0 11 
31 69 0 53 99 77 49 0 0 91 55 52 85 0 0 59 99 50 33 0 74 15 0 98 0 47 6 0 0 57 0 0 28 14 98 0 9 0 0 0 45 0 21 0 42 0 0 26 71 0 0 63 50 14 38 43 0 70 86 39 14 1 0 0 95 89 100 73 0 67 0 81 61 28 1 0 20 71 0 8 39 33 0 97 0 0 34 0 67 76 86 0 0 100 23 0 0 52 30 51 
56 19 53 0 0 33 67 33 86 45 30 75 10 36 0 32 0 70 52 21 20 64 35 33 0 30 68 0 20 87 52 87 0 86 77 0 0 17 0 82 81 64 20 36 0 23 0 0 0 63 0 0 0 20 73 0 0 0 92 74 92 0 10 35 89 0 0 0 0 62 33 71 77 6 23 24 0 0 70 25 0 81 37 27 33 99 71 73 0 20 0 4 0 99 21 12 37 0 0 0 
86 37 99 0 0 16 73 0 64 0 1 17 12 0 82 68 0 49 55 0 0 0 0 37 0 0 5 0 0 38 90 69 0 87 54 0 82 0 0 0 50 64 0 92 0 22 94 78 0 6 0 0 0 82 9 0 0 90 43 93 71 0 0 86 0 0 0 20 41 67 0 0 0 56 95 40 9 58 0 0 22 0 0 0 66 0 85 0 44 75 50 0 20 60 0 82 63 0 0 3 
0 0 77 33 16 0 0 57 52 82 4 92 0 33 86 42 0 43 0 0 93 0 30 0 0 87 0 60 60 26 0 93 0 90 0 27 0 0 0 52 24 56 54 51 0 51 46 0 0 57 0 95 0 11 0 21 1 90 87 22 0 37 92 24 41 0 0 13 77 49 0 19 1 0 0 0 0 17 53 86 98 74 91 0 0 13 0 0 0 71 0 0 79 63 33 0 26 57 0 35 
78 0 49 67 73 0 0 37 21 75 17 9 0 60 0 77 39 0 0 74 82 0 58 0 38 92 0 7 8 0 100 23 8 65 0 58 99 0 18 0 98 0 0 0 42 11 90 41 20 86 69 26 90 12 0 19 65 0 7 0 68 21 37 96 0 79 70 82 0 3 79 0 75 92 54 40 100 0 32 73 64 0 32 43 22 0 79 51 40 75 34 95 0 0 50 5 76 0 0 89 
0 0 0 33 0 57 37 0 82 56 100 63 15 29 21 0 6 20 80 0 0 34 0 74 33 18 41 92 0 2 0 35 0 7 0 3 49 44 0 91 12 0 9 0 3 82 23 99 25 56 0 0 0 94 90 0 88 73 0 23 21 33 0 97 0 0 0 0 0 0 31 0 0 0 56 51 52 50 0 0 0 0 0 50 0 86 100 0 37 0 0 0 79 0 43 77 0 0 0 55 
54 11 0 86 64 52 21 82 0 97 0 79 88 81 2 48 74 0 0 0 32 0 45 0 47 0 0 51 95 0 1 73 0 0 0 66 44 92 40 0 50 0 0 100 59 25 28 49 28 87 63 64 94 0 80 73 40 29 59 71 6 0 8 0 15 0 36 59 9 57 0 44 0 79 73 43 77 37 4 57 85 0 75 0 17 55 74 0 68 0 0 69 0 25 29 74 0 85 73 61 
61 0 91 45 0 82 75 56 97 0 70 0 69 18 99 0 0 0 0 78 96 56 0 0 71 66 46 74 0 0 51 0 0 0 10 0 0 22 31 73 0 0 0 0 28 0 31 1 84 0 29 26 12 34 0 57 0 0 94 48 0 50 47 0 42 0 28 55 68 77 0 0 0 0 83 5 0 35 14 0 44 90 97 0 0 28 83 74 59 40 76 0 92 0 0 43 29 0 42 0 
0 0 55 30 1 4 17 100 0 70 0 5 0 52 0 0 0 89 26 11 9 93 100 24 13 99 0 0 0 77 0 0 0 41 0 0 7 0 20 39 96 0 42 12 0 34 0 87 0 0 85 22 84 83 5 30 4 71 0 0 0 0 0 0 50 98 0 0 67 20 60 0 28 28 0 74 0 5 65 0 31 57 36 16 0 0 88 97 94 0 30 63 92 0 34 77 30 0 13 8 
0 33 52 75 17 92 9 63 79 0 5 0 0 0 10 32 0 46 0 0 93 0 3 0 0 58 0 0 0 62 31 0 0 71 90 24 82 3 0 0 24 87 20 56 0 16 18 0 72 67 36 29 83 79 0 95 37 90 0 0 7 0 0 0 0 46 58 100 0 18 70 22 95 80 0 0 33 54 39 2 0 0 0 51 25 24 0 87 0 72 0 95 0 36 89 0 0 0 93 100 
0 0 85 10 12 0 0 15 88 69 0 0 0 0 0 27 0 96 62 60 10 0 12 0 70 0 14 66 0 0 0 100 19 0 0 71 55 30 79 68 8 78 65 0 65 0 0 0 0 66 0 0 98 52 7 46 79 86 33 0 34 0 3 17 30 68 4 27 86 100 45 0 0 31 20 0 88 65 5 0 93 45 0 2 9 51 0 68 45 0 0 54 61 0 73 0 0 56 0 0 
0 58 0 36 0 33 60 29 81 18 52 0 0 0 0 3 81 29 95 0 0 0 2 50 0 77 82 14 1 0 38 40 43 12 62 0 38 11 0 95 45 0 27 91 64 31 100 51 0 89 16 100 0 0 42 97 66 76 7 70 0 0 77 95 0 28 0 0 14 65 66 46 0 5 33 49 68 0 0 19 0 34 35 51 0 71 0 58 0 19 6 0 92 83 19 0 47 0 0 0 
95 0 0 0 82 86 0 21 2 99 0 10 0 0 0 83 0 71 0 69 77 65 93 55 0 0 0 0 11 93 0 76 5 48 75 0 0 18 47 56 14 100 71 55 15 0 0 66 21 0 0 19 79 63 0 0 0 12 0 44 9 7 28 86 76 6 0 17 0 44 0 0 72 70 25 67 42 45 0 50 80 0 0 0 0 0 51 0 0 0 75 25 53 1 75 42 6 42 20 58 
0 0 59 32 68 42 77 0 48 0 0 32 27 3 83 0 0 86 27 5 0 0 2 88 72 77 3 0 0 18 15 0 0 0 57 0 81 24 68 0 4 24 2 38 83 23 37 34 61 97 11 1 57 59 13 0 37 38 29 14 63 91 77 8 0 0 43 56 77 0 0 5 65 0 0 0 40 0 10 58 0 0 44 83 12 95 55 0 38 40 78 49 0 0 82 0 19 0 0 0 
32 0 99 0 0 0 39 6 74 0 0 0 0 81 0 0 0 0 67 18 74 0 1 63 0 63 81 0 0 58 21 99 24 0 0 93 12 0 0 0 0 0 84 19 0 0 40 0 80 15 0 0 0 0 0 51 41 0 62 99 0 91 55 95 80 0 29 41 48 0 28 33 46 41 6 0 7 38 0 0 50 9 0 0 39 70 27 43 0 59 0 53 33 0 99 78 0 0 0 85 
0 83 50 70 49 43 0 20 0 0 89 46 96 29 71 86 0 0 39 0 70 0 0 0 0 33 43 68 30 0 0 33 10 100 69 87 74 50 0 35 26 28 0 0 8 63 100 0 0 0 0 0 66 36 0 0 0 15 0 0 54 0 71 80 61 9 33 0 0 0 5 0 41 0 0 0 0 84 0 16 0 98 0 48 81 66 17 0 0 3 46 60 99 49 0 82 90 2 74 38 
0 0 33 52 55 0 0 80 0 0 26 0 62 95 0 27 67 39 0 68 35 0 33 69 0 26 87 36 41 26 0 55 56 0 67 81 73 12 94 12 0 0 0 86 85 0 0 77 7 0 80 15 0 0 0 77 62 0 82 0 64 23 67 0 87 98 45 27 44 95 52 58 41 0 65 31 0 78 62 49 61 21 0 0 0 57 0 73 0 82 0 0 0 91 73 52 99 0 68 24 
52 73 0 21 0 0 74 0 0 78 11 0 60 0 69 5 18 0 68 0 34 0 71 0 47 88 87 76 0 0 0 0 0 89 0 7 86 11 0 0 14 60 21 3 52 0 88 98 11 0 58 54 14 43 0 0 0 81 0 0 0 0 87 53 0 9 21 0 88 0 95 72 39 0 0 0 96 78 26 29 0 78 45 0 0 0 63 59 71 76 81 20 0 3 93 61 60 20 93 19 
0 100 74 20 0 93 82 0 32 96 9 93 10 0 77 0 74 70 35 34 0 0 37 0 56 0 0 54 47 76 29 50 0 37 100 38 0 50 0 0 0 0 87 42 78 96 0 24 0 4 25 0 10 14 0 0 30 87 24 33 0 33 29 0 0 96 74 0 33 9 5 0 62 0 0 6 0 0 34 9 15 0 28 0 24 26 99 58 59 74 0 0 4 72 0 0 96 0 37 87 
0 36 15 64 0 0 0 34 0 56 93 0 0 0 65 0 0 0 0 0 0 0 0 98 72 68 0 0 86 32 0 84 90 33 0 74 61 0 99 82 83 31 43 0 60 2 0 92 0 99 8 72 0 0 0 0 77 0 19 75 57 12 0 91 36 31 0 0 27 68 89 0 0 64 91 96 12 0 0 78 24 0 0 84 0 0 0 0 9 83 0 58 55 27 69 15 0 0 79 85 
34 17 0 35 0 30 58 0 45 0 100 3 12 2 93 2 1 0 33 71 37 0 0 0 0 0 45 50 37 0 95 79 7 0 27 59 0 76 10 91 3 0 28 94 12 5 81 45 0 0 17 0 0 65 0 98 55 4 0 18 12 89 85 0 98 0 0 55 15 0 82 54 3 11 80 49 81 0 31 0 67 0 80 61 31 0 82 46 37 0 94 21 0 0 57 0 47 0 89 0 
5 47 98 33 37 0 0 74 0 0 24 0 0 50 55 88 63 0 69 0 0 98 0 0 0 12 32 38 0 0 20 0 10 65 89 0 2 98 0 0 83 92 92 64 41 41 18 0 0 34 75 56 0 0 0 10 44 5 61 8 29 32 0 0 68 11 0 68 11 37 28 24 0 2 0 7 28 72 0 15 93 15 0 59 83 73 42 0 13 96 21 46 16 2 0 35 99 0 92 30 
13 0 0 0 0 0 38 33 47 71 13 0 70 0 0 72 0 0 0 47 56 72 0 0 0 0 19 0 9 0 0 71 75 0 53 0 0 7 0 0 46 80 85 0 0 45 55 11 95 91 0 59 76 65 16 6 42 59 21 30 17 37 36 87 77 13 14 64 0 0 1 95 0 0 0 30 88 19 93 56 42 8 89 42 0 77 21 39 0 0 0 0 44 41 0 6 83 49 50 0 
0 30 47 30 0 87 92 18 0 66 99 58 0 77 0 77 63 33 26 88 0 68 0 12 0 0 9 10 64 47 0 14 6 98 0 83 0 10 0 26 30 45 0 75 66 80 8 0 90 35 52 56 0 43 0 48 0 54 0 85 76 39 69 26 0 0 94 0 78 41 0 76 79 0 42 47 24 66 65 73 0 32 89 56 0 66 39 96 49 26 0 52 13 0 0 35 0 0 98 21 
90 15 6 68 5 0 0 41 0 46 0 0 14 82 0 3 81 43 87 87 0 0 45 32 19 9 0 55 82 61 0 0 27 11 55 0 82 0 0 0 53 100 19 0 96 82 88 0 79 90 6 34 99 0 42 71 78 0 0 0 56 62 0 72 51 0 0 53 50 98 46 94 16 0 66 0 36 46 58 11 33 58 0 71 93 0 76 0 51 57 27 91 96 24 40 0 50 48 57 30 
0 7 0 0 0 60 7 92 51 74 0 0 66 14 0 0 0 68 36 76 54 0 50 38 0 10 55 0 0 26 9 10 0 46 97 21 11 0 59 0 66 0 0 24 0 0 85 0 37 20 69 0 84 0 15 41 52 94 0 0 58 75 0 55 90 27 0 21 40 90 0 28 0 66 42 0 6 0 83 65 0 45 0 6 0 0 59 0 6 0 0 0 0 40 14 0 52 39 0 0 
0 0 0 20 0 60 8 0 95 0 0 0 0 1 11 0 0 30 41 0 47 86 37 0 9 64 82 0 0 75 0 95 24 87 4 0 0 83 10 33 76 96 0 52 0 30 45 42 44 0 0 31 10 0 6 0 90 16 25 0 26 0 0 36 0 57 95 0 53 0 24 92 22 87 0 91 19 0 31 98 44 85 0 0 85 93 60 0 0 0 0 38 29 4 70 53 24 70 46 21 
0 0 57 87 38 26 0 2 0 0 77 62 0 0 93 18 58 0 26 0 76 32 0 0 0 47 61 26 75 0 91 79 0 58 0 18 0 50 0 0 50 42 27 51 0 1 67 51 0 0 65 0 85 48 68 0 0 82 58 34 76 0 20 76 0 93 0 0 0 0 86 0 63 0 43 79 0 0 0 91 0 20 0 83 0 0 0 57 19 0 78 11 30 75 99 66 0 68 0 57 
57 0 0 52 90 0 100 0 1 51 0 31 0 38 0 15 21 0 0 0 29 0 95 20 0 0 0 9 0 91 0 0 37 0 9 72 75 0 0 0 44 17 8 29 17 16 15 88 100 0 45 62 76 0 71 4 94 0 75 40 25 80 0 0 12 80 38 0 0 0 75 90 6 17 0 26 0 16 0 61 66 45 32 0 0 11 45 0 91 0 57 22 29 15 89 0 90 73 0 0 
50 29 0 87 69 93 23 35 73 0 0 0 100 40 76 0 99 33 55 0 50 84 79 0 71 14 0 10 95 79 0 0 31 51 0 92 94 0 28 0 65 4 24 51 0 25 44 0 0 91 0 0 40 0 100 0 85 39 34 0 0 57 0 12 0 0 17 36 0 0 78 10 33 28 0 1 0 0 48 0 40 26 0 3 88 0 76 70 0 18 0 53 17 89 39 0 71 0 0 27 
0 96 28 0 0 0 8 0 0 0 0 0 19 43 5 0 24 10 56 0 0 90 7 10 75 6 27 0 24 0 37 31 0 32 0 13 47 0 3 0 0 4 72 57 0 0 0 0 0 0 0 39 41 38 0 2 32 3 40 98 13 0 0 74 83 0 62 92 71 68 80 0 0 21 40 0 0 93 6 8 1 67 10 12 77 0 0 58 30 0 0 72 44 0 0 90 13 15 81 85 
84 3 14 86 87 90 65 7 0 0 41 71 0 12 48 0 0 100 0 89 37 33 0 65 0 98 11 46 87 58 0 51 32 0 82 0 85 83 0 82 0 72 0 81 8 0 32 74 0 87 0 79 42 9 18 53 32 27 27 55 93 0 64 70 0 82 11 78 0 60 35 57 0 51 0 0 30 0 72 22 93 41 0 0 76 10 91 46 0 0 0 32 38 78 0 0 0 30 90 36 
30 97 98 77 54 0 0 0 0 10 0 90 0 62 75 57 0 69 67 0 100 0 27 89 53 0 55 97 4 0 9 0 0 82 0 52 17 0 64 35 0 0 62 53 85 0 0 25 69 0 49 40 0 6 89 0 0 27 1 82 0 0 0 7 3 68 46 75 0 57 0 56 19 0 0 0 0 35 0 100 67 0 94 0 98 0 45 0 0 0 0 32 47 60 100 8 0 0 72 24 
94 12 0 0 0 27 58 3 66 0 0 24 71 0 0 0 93 87 81 7 38 74 59 0 0 83 0 21 0 18 72 92 13 0 52 0 2 8 39 37 0 47 27 0 70 0 28 62 0 0 45 0 31 0 19 59 0 41 70 7 62 100 18 2 69 81 75 0 0 91 75 98 78 0 25 0 0 88 14 0 0 0 0 73 0 86 0 28 0 58 53 64 53 56 0 63 77 0 0 0 
0 0 9 0 82 0 99 49 44 0 7 82 55 38 0 81 12 74 73 86 0 61 0 2 0 0 82 11 0 0 75 94 47 85 17 2 0 94 64 0 72 63 0 0 97 43 0 44 70 16 51 0 0 0 66 0 59 0 15 0 0 53 60 65 43 0 0 39 0 0 98 63 21 51 88 43 0 30 0 4 31 6 48 80 0 0 73 2 0 31 84 0 0 0 11 94 37 0 47 45 
36 39 0 17 0 0 0 44 92 22 0 3 30 11 18 24 0 50 12 11 50 0 76 98 7 10 0 0 83 50 0 0 0 83 0 8 94 0 54 0 0 0 20 0 2 0 22 0 28 16 37 52 3 38 39 32 32 0 12 0 46 40 2 87 7 88 93 26 70 0 57 29 26 0 71 61 78 78 0 95 62 0 0 53 0 0 71 5 33 0 58 16 81 27 0 13 0 73 98 61 
10 0 0 0 0 0 18 0 40 31 20 0 79 0 47 68 0 0 94 0 0 99 10 0 0 0 0 59 10 0 0 28 3 0 64 39 64 54 0 0 0 0 99 0 44 61 0 0 8 8 80 91 0 1 90 13 72 73 66 56 0 84 50 31 0 11 72 36 0 19 13 0 16 39 0 38 95 17 77 0 81 0 16 41 12 10 0 76 0 83 39 11 0 92 15 89 0 0 12 87 
96 91 0 82 0 52 0 91 0 73 39 0 68 95 56 0 0 35 12 0 0 82 91 0 0 26 0 0 33 0 0 0 0 82 35 37 0 0 0 0 0 49 0 81 69 34 0 72 0 0 42 15 0 70 63 73 54 11 0 30 0 0 74 48 0 36 0 97 8 80 23 0 33 6 0 0 85 0 55 0 0 0 0 87 0 0 23 0 60 0 0 87 0 0 93 3 54 0 0 29 
0 76 45 81 50 24 98 12 50 0 96 24 8 45 14 4 0 26 0 14 0 83 3 83 46 30 53 66 76 50 44 65 0 0 0 0 72 0 0 0 0 7 0 64 70 35 65 2 0 8 61 17 8 70 0 22 94 6 75 100 8 0 26 0 0 0 0 0 100 0 26 78 0 61 74 28 0 10 0 88 60 0 15 20 29 58 0 100 0 0 0 0 48 0 2 0 92 11 42 0 
3 47 0 64 64 56 0 0 0 0 0 87 78 0 100 24 0 28 0 60 0 31 0 92 80 45 100 0 96 42 17 4 4 72 0 47 63 0 0 49 7 0 0 74 4 35 95 86 42 33 13 45 11 90 0 87 2 0 0 53 41 44 16 0 94 0 0 56 17 0 90 0 19 76 48 77 98 31 0 58 87 66 21 84 0 55 0 34 83 0 0 85 59 0 0 96 18 0 7 47 
0 42 21 20 0 54 0 9 0 0 42 20 65 27 71 2 84 0 0 21 87 43 28 92 85 0 19 0 0 27 8 24 72 0 62 27 0 20 99 0 0 0 0 22 78 0 6 0 0 69 20 13 5 41 64 0 14 0 21 6 32 20 8 0 88 65 65 73 38 95 96 28 35 0 67 0 35 0 0 0 0 65 0 57 43 46 17 0 44 0 0 95 0 0 27 0 89 90 0 14 
0 0 0 36 92 51 0 0 100 0 12 56 0 91 55 38 19 0 86 3 42 0 94 64 0 75 0 24 52 51 29 51 57 81 53 0 0 0 0 81 64 74 22 0 87 17 0 0 86 68 20 18 0 0 91 82 3 0 65 0 0 73 45 97 9 0 87 90 0 0 39 17 24 50 72 14 93 0 45 84 61 0 0 54 0 0 69 67 0 58 97 0 81 33 20 26 29 89 14 96 
8 0 42 0 0 0 42 3 59 28 0 0 65 64 15 83 0 8 85 52 78 60 12 41 0 66 96 0 0 0 17 0 0 8 85 70 97 2 44 69 70 4 78 87 0 87 91 35 79 99 33 57 0 10 13 9 0 0 74 5 26 0 82 17 65 0 55 0 11 0 0 0 51 48 92 81 36 15 0 0 0 52 27 69 87 20 19 0 31 51 0 99 0 0 50 45 0 50 0 0 
14 0 0 23 22 51 11 82 25 0 34 16 0 31 0 23 0 63 0 0 96 2 5 41 45 80 82 0 30 1 16 25 0 0 0 0 43 0 61 34 35 35 0 17 87 0 44 17 46 25 0 29 1 89 0 85 0 0 12 0 20 69 89 10 0 10 96 9 0 96 0 0 16 25 50 0 57 65 11 51 14 0 95 85 93 33 64 0 0 27 4 0 91 0 74 86 0 42 0 0 
15 0 0 0 94 46 90 23 28 31 0 18 0 100 0 37 40 100 0 88 0 0 81 18 55 8 88 85 45 67 15 44 0 32 0 28 0 22 0 0 65 95 6 0 91 44 0 83 75 40 63 28 0 29 28 0 55 0 0 27 0 33 0 15 93 0 0 66 0 61 48 0 23 0 0 43 72 45 55 97 78 5 53 0 0 94 98 48 1 0 91 83 0 100 0 19 96 0 37 50 
0 70 26 0 78 0 41 99 49 1 87 0 0 51 66 34 0 0 77 98 24 92 45 0 11 0 0 0 42 51 88 0 0 74 25 62 44 0 0 72 2 86 0 0 35 17 83 0 0 88 66 26 16 76 75 97 55 0 7 4 0 33 55 0 52 0 0 76 60 57 0 0 78 32 45 87 0 97 43 45 86 0 0 49 0 89 0 71 59 0 66 85 43 65 52 98 0 1 95 0 
0 25 71 0 0 0 20 25 28 84 0 72 0 0 21 61 80 0 7 11 0 0 0 0 95 90 79 37 44 0 100 0 0 0 69 0 70 28 8 0 0 42 0 86 79 46 75 0 0 14 54 0 0 0 0 0 0 86 0 0 0 83 96 0 33 0 17 30 0 94 65 0 0 0 0 70 0 71 0 0 37 48 0 46 0 0 0 20 0 3 35 9 28 0 97 17 0 50 0 56 
95 14 0 63 6 57 86 56 87 0 0 67 66 89 0 97 15 0 0 0 4 99 0 34 91 35 90 20 0 0 0 91 0 87 0 0 16 16 8 0 8 33 69 68 99 25 40 88 14 0 0 0 0 70 41 60 0 0 0 94 35 0 0 66 15 0 0 100 0 81 59 88 25 70 96 19 35 75 91 27 20 67 8 97 0 38 11 0 0 0 0 2 41 0 0 11 1 66 71 75 
24 9 0 0 0 0 69 0 63 29 85 36 0 16 0 11 0 0 80 58 25 8 17 75 0 52 6 69 0 65 45 0 0 0 49 45 51 37 80 42 61 13 20 20 33 0 63 66 54 0 0 0 15 82 0 0 0 46 63 94 9 0 82 0 83 0 0 15 98 97 31 0 0 75 18 0 87 0 78 63 0 0 78 45 75 55 87 68 0 80 0 29 5 0 70 93 50 44 0 99 
0 49 63 0 0 95 26 0 64 26 22 29 0 100 19 1 0 0 15 54 0 72 0 56 59 56 34 0 31 0 62 0 39 79 40 0 0 52 91 15 17 45 13 18 57 29 28 26 0 0 0 0 40 72 71 87 49 22 54 70 27 20 8 0 5 30 5 87 0 2 0 35 94 0 63 0 0 0 88 0 50 97 0 0 97 99 60 0 38 42 24 33 87 40 57 16 8 27 52 0 
93 0 50 0 0 0 90 0 94 12 84 83 98 0 79 57 0 66 0 14 10 0 0 0 76 0 99 84 10 85 76 40 41 42 0 31 0 3 0 0 8 11 5 0 0 1 0 16 0 0 15 40 0 83 0 0 55 20 4 0 0 17 49 24 13 0 0 0 0 7 56 88 42 91 26 4 0 94 0 52 0 0 0 0 100 0 68 33 55 0 0 81 5 28 0 85 0 0 5 94 
0 71 14 20 82 11 12 94 0 34 83 79 52 0 63 59 0 36 0 43 14 0 65 0 65 43 0 0 0 48 0 0 38 9 6 0 0 38 1 70 70 90 41 0 10 89 29 76 0 70 82 72 83 0 42 49 47 10 76 0 0 0 0 1 47 78 2 69 57 0 52 64 7 61 3 0 0 85 28 93 0 28 0 7 0 65 75 9 7 5 97 9 48 0 72 0 55 69 0 0 
0 29 38 73 9 0 0 90 80 0 5 0 7 42 0 13 0 0 0 0 0 0 0 0 16 0 42 15 6 68 71 100 0 18 89 19 66 39 90 63 0 0 64 91 13 0 28 75 0 41 0 71 0 42 0 38 62 7 21 97 89 90 0 0 0 71 5 0 90 0 58 35 1 36 86 3 44 9 87 0 0 30 40 69 76 14 78 0 45 52 92 4 96 30 44 58 0 65 95 41 
0 0 43 0 0 21 19 0 73 57 30 95 46 97 0 0 51 0 77 0 0 0 98 10 6 48 71 41 0 0 4 0 2 53 0 59 0 32 13 73 22 87 0 82 9 85 0 97 0 60 0 87 0 49 38 0 59 0 0 63 0 31 0 57 61 66 0 11 0 0 0 0 6 0 79 66 31 0 0 51 99 46 0 34 63 94 0 91 0 66 94 25 0 56 0 56 93 0 94 74 
39 43 0 0 0 1 65 88 40 0 4 37 79 66 0 37 41 0 62 0 30 77 55 44 42 0 78 52 90 0 94 85 32 32 0 0 59 32 72 54 94 2 14 3 0 0 55 55 0 0 0 49 55 47 62 59 0 0 0 100 83 6 98 22 95 72 51 95 0 32 61 40 0 0 61 0 0 63 17 19 42 46 0 89 68 0 0 85 26 0 40 0 0 10 46 100 59 0 0 80 
32 0 70 0 90 90 0 73 29 0 71 90 86 76 12 38 0 15 0 81 87 0 4 5 59 54 0 94 16 82 0 39 3 27 27 41 0 0 73 11 6 0 0 0 0 0 0 0 86 0 46 22 20 10 7 0 0 0 92 0 0 0 72 0 35 0 31 0 0 24 99 72 0 90 72 99 100 54 0 79 0 9 70 32 0 55 84 0 5 0 0 0 58 0 47 80 45 4 70 70 
16 0 86 92 43 87 7 0 59 94 0 0 33 7 0 29 62 0 82 0 24 19 0 61 21 0 0 0 25 58 75 34 40 27 1 70 15 12 66 0 75 0 21 65 74 12 0 7 0 0 63 54 4 76 21 0 0 92 0 88 91 0 41 17 28 22 0 21 78 36 0 7 4 0 73 8 68 0 91 69 0 0 17 0 78 0 75 44 71 24 70 0 0 79 0 0 0 0 72 69 
74 41 39 74 93 22 0 23 71 48 0 0 0 70 44 14 99 0 0 0 33 75 18 8 30 85 0 0 0 34 40 0 98 55 82 7 0 0 56 30 100 53 6 0 5 0 27 4 0 94 94 70 0 0 97 63 100 0 88 0 75 7 0 62 37 21 100 81 34 67 3 92 0 58 72 85 13 89 21 0 0 0 44 93 89 33 2 0 57 63 25 87 74 0 0 0 48 79 100 0 
96 0 14 92 71 0 68 21 6 0 0 7 34 0 9 63 0 54 64 0 0 57 12 29 17 76 56 58 26 76 25 0 13 93 0 62 0 46 0 0 8 41 32 0 26 20 0 0 0 35 9 27 0 0 89 0 83 0 91 75 0 0 0 21 0 0 11 30 6 67 84 0 18 74 63 5 50 94 0 3 12 14 5 55 69 0 47 92 0 82 34 98 0 0 0 37 58 0 74 0 
57 57 1 0 0 37 21 33 0 50 0 0 0 0 7 91 91 0 23 0 33 12 89 32 37 39 62 75 0 0 80 57 0 0 0 100 53 40 84 0 0 44 20 73 0 69 33 33 83 0 0 20 17 0 90 31 6 0 0 7 0 0 0 9 67 75 12 100 58 71 94 0 0 19 54 9 58 0 53 0 49 37 25 41 0 97 0 21 0 40 32 27 96 17 61 0 88 59 0 0 
49 0 0 10 0 92 37 0 8 47 0 0 3 77 28 77 55 71 67 87 29 0 85 0 36 69 0 0 0 20 0 0 0 64 0 18 60 2 50 74 26 16 8 45 82 89 0 55 96 0 82 8 49 0 0 0 98 72 41 0 0 0 0 51 12 78 87 79 0 61 0 53 43 0 0 0 88 0 63 69 54 0 51 0 28 6 32 0 63 0 32 65 56 3 100 0 0 0 0 74 
1 66 0 35 86 24 96 97 0 0 0 0 17 95 86 8 95 80 0 53 0 91 0 0 87 26 72 55 36 76 0 12 74 70 7 2 65 87 31 48 0 0 0 97 17 10 15 0 0 66 0 0 24 1 0 57 22 0 17 62 21 9 51 0 67 0 28 66 48 0 74 55 0 51 39 0 0 72 0 68 68 40 53 61 17 16 92 15 0 2 0 65 96 0 0 78 34 0 0 96 
86 0 95 89 0 41 0 0 15 42 50 0 30 0 76 0 80 61 87 0 0 36 98 68 77 0 51 90 0 0 12 0 83 0 3 69 43 7 0 0 0 94 88 9 65 0 93 52 33 15 83 5 13 47 0 61 95 35 28 37 0 67 12 67 0 50 8 0 0 0 42 0 0 0 0 0 0 0 0 65 90 0 83 57 21 77 0 98 0 68 100 88 0 92 21 0 0 0 12 12 
71 32 89 0 0 0 79 0 0 0 98 46 68 28 6 0 0 9 98 9 96 31 0 11 13 0 0 27 57 93 80 0 0 82 68 81 0 88 11 36 0 0 65 0 0 10 0 0 0 0 0 30 0 78 71 66 72 0 22 21 0 75 78 0 50 0 17 67 0 47 0 28 0 0 50 0 0 82 0 0 0 79 62 0 59 59 54 0 0 35 0 28 0 22 0 20 91 33 80 0 
3 64 100 0 0 0 70 0 36 28 0 58 4 0 0 43 29 33 45 21 74 0 0 0 14 94 0 0 95 0 38 17 62 11 46 75 0 93 72 0 0 0 65 87 55 96 0 0 17 0 0 5 0 2 5 0 51 31 0 100 11 12 87 28 8 17 0 35 0 78 91 34 27 0 10 85 0 38 33 0 0 73 4 86 92 35 0 34 12 85 0 45 0 39 23 0 0 96 66 82 
18 0 73 0 20 13 82 0 59 55 0 100 27 0 17 56 41 0 27 0 0 0 55 68 64 0 53 21 0 0 0 36 92 78 75 0 39 26 36 97 0 56 73 90 0 9 66 76 30 100 15 87 0 69 0 11 95 0 21 81 30 100 79 66 0 67 35 0 62 24 0 15 86 15 47 0 24 35 53 0 17 0 0 83 0 0 86 0 3 67 8 0 25 0 1 81 87 98 0 0 
61 76 0 0 41 77 0 0 9 68 67 0 86 14 0 77 48 0 44 88 33 27 15 11 0 78 50 40 53 0 0 0 71 0 0 0 0 70 0 8 100 17 38 0 11 0 0 60 0 0 98 0 0 57 90 0 0 0 78 34 6 58 0 48 0 0 0 62 0 0 0 0 0 0 7 40 4 0 100 7 20 61 3 83 0 75 85 10 8 69 30 0 0 55 15 0 0 0 90 81 
20 1 67 62 67 49 3 0 57 77 20 18 100 65 44 0 0 0 95 0 9 68 0 37 0 41 98 90 0 0 0 0 68 60 57 91 0 0 19 80 0 0 95 0 0 96 61 57 94 81 97 2 7 0 0 0 32 24 36 67 67 71 61 0 0 47 78 24 0 0 0 23 76 66 0 71 28 24 76 34 0 0 0 65 0 0 0 0 0 38 60 0 0 8 90 6 0 0 0 23 
59 0 0 33 0 0 79 31 0 0 60 70 45 66 0 0 28 5 52 95 5 89 82 28 1 0 46 0 24 86 75 78 80 35 0 75 98 57 13 23 26 90 96 39 0 0 48 0 65 59 31 0 56 52 58 0 61 99 0 3 84 94 0 74 42 0 91 0 0 0 0 15 0 0 17 0 0 87 21 0 18 29 23 82 0 0 0 85 14 0 0 31 62 60 66 81 35 0 30 94 
52 100 81 71 0 19 0 0 44 0 0 22 0 46 0 5 33 0 58 72 0 0 54 24 95 76 94 28 92 0 90 10 0 57 56 98 63 29 0 0 78 0 28 17 0 0 0 0 0 88 0 35 88 64 35 0 40 72 7 92 0 0 53 55 0 28 34 15 0 23 15 0 98 68 20 95 52 0 87 7 70 92 94 72 66 0 0 29 0 0 1 93 0 83 22 20 0 100 0 0 
98 83 61 77 0 1 75 0 0 0 28 95 0 0 72 65 46 41 41 39 62 0 3 0 0 79 16 0 22 63 6 33 0 0 19 78 21 26 16 33 0 19 35 24 51 16 23 78 0 25 0 94 42 7 1 6 0 0 4 0 18 0 43 0 0 0 27 86 0 76 0 98 0 98 0 0 48 26 3 91 43 0 0 0 0 0 52 0 94 62 95 0 7 83 95 52 33 83 21 66 
0 0 28 6 56 0 92 0 79 0 28 80 31 5 70 0 41 0 0 0 0 64 11 2 0 0 0 66 87 0 17 28 21 51 0 0 51 0 39 6 61 76 0 50 48 25 0 32 0 70 75 0 91 61 36 0 0 90 0 58 74 19 0 51 0 0 0 15 0 66 0 68 98 0 28 0 0 67 87 0 0 0 17 0 1 25 78 74 37 0 63 0 31 95 94 77 94 6 0 21 
27 30 1 23 95 0 54 56 73 83 0 0 20 33 25 0 6 0 65 0 0 91 80 0 0 42 66 42 0 43 0 0 40 0 0 25 88 71 0 0 74 48 67 72 92 50 0 45 0 96 18 63 26 3 86 79 61 72 73 72 63 54 0 39 0 50 10 47 7 0 17 20 0 28 0 0 0 0 92 77 99 29 97 56 0 20 9 19 85 0 33 0 37 0 90 87 49 20 67 77 
69 20 0 24 40 0 40 51 43 5 74 0 0 49 67 0 0 0 31 0 6 96 49 7 30 47 0 0 91 79 26 1 0 0 0 0 43 61 38 0 28 77 0 14 81 0 43 87 70 19 0 0 4 0 3 66 0 99 8 85 5 9 0 0 0 0 85 0 40 71 0 95 0 0 0 0 0 44 68 77 0 0 93 0 45 99 0 34 100 10 12 66 64 0 85 76 0 0 66 56 
100 44 20 0 9 0 100 52 77 0 0 33 88 68 42 40 7 0 0 96 0 12 81 28 88 24 36 6 19 0 0 0 0 30 0 0 0 78 95 85 0 98 35 93 36 57 72 0 0 35 87 0 0 0 44 31 0 100 68 13 50 58 88 0 0 0 0 24 4 28 0 52 48 0 0 0 0 0 0 33 0 19 83 0 17 80 0 82 40 0 9 81 16 0 0 0 79 0 45 0 
0 0 71 0 58 17 0 50 37 35 5 54 65 0 45 0 38 84 78 78 0 0 0 72 19 66 46 0 0 0 16 0 93 0 35 88 30 78 17 0 10 31 0 0 15 65 45 97 71 75 0 0 94 85 9 0 63 54 0 89 94 0 0 72 0 82 38 35 0 24 87 0 26 67 0 44 0 0 17 24 95 33 38 70 0 0 0 98 0 98 0 62 51 0 0 0 29 41 0 0 
7 0 0 70 0 53 32 0 4 14 65 39 5 0 0 10 0 0 62 26 34 0 31 0 93 65 58 83 31 0 0 48 6 72 0 14 0 0 77 55 0 0 0 45 0 11 55 43 0 91 78 88 0 28 87 0 17 0 91 21 0 53 63 0 0 0 33 53 100 76 21 87 3 87 92 68 0 17 0 95 99 86 39 31 42 0 76 0 0 51 99 93 8 65 0 42 35 17 9 93 
49 13 8 25 0 86 73 0 57 0 0 2 0 19 50 58 0 16 49 29 9 78 0 15 56 73 11 65 98 91 61 0 8 22 100 0 4 95 0 0 88 58 0 84 0 51 97 45 0 27 63 0 52 93 0 51 19 79 69 0 3 0 69 68 65 0 0 0 7 34 0 7 91 0 77 77 33 24 95 0 41 18 3 0 55 62 20 0 0 0 25 0 0 49 0 73 84 5 30 73 
41 49 39 0 22 98 64 0 85 44 31 0 93 0 80 0 50 0 61 0 15 24 67 93 42 0 33 0 44 0 66 40 1 93 67 0 31 62 81 0 60 87 0 61 0 14 78 86 37 20 0 50 0 0 0 99 42 0 0 0 12 49 54 68 90 0 0 17 20 0 18 70 43 0 99 0 0 95 99 41 0 9 65 0 0 93 68 97 28 0 0 77 0 86 0 5 0 92 18 81 
0 17 33 81 0 74 0 0 0 90 57 0 45 34 0 0 9 98 21 78 0 0 0 15 8 32 58 45 85 20 45 26 67 41 0 0 6 0 0 0 0 66 65 0 52 0 5 0 48 67 0 97 0 28 30 46 46 9 0 0 14 37 0 40 0 79 73 0 61 0 29 92 0 0 29 0 19 33 86 18 9 0 68 51 0 3 78 0 0 60 3 0 57 34 97 52 73 84 21 47 
30 0 0 37 0 91 32 0 75 97 36 0 0 35 0 44 0 0 0 45 28 0 80 0 89 89 0 0 0 0 32 0 10 0 94 0 48 0 16 0 15 21 0 0 27 95 53 0 0 8 78 0 0 0 40 0 0 70 17 44 5 25 51 53 83 62 4 0 3 0 23 94 0 17 97 93 83 38 39 3 65 68 0 74 4 0 75 10 57 70 88 53 89 8 28 0 24 44 44 96 
88 78 97 27 0 0 43 50 0 0 16 51 2 51 0 83 0 48 0 0 0 84 61 59 42 56 71 6 0 83 0 3 12 0 0 73 80 53 41 87 20 84 57 54 69 85 0 49 46 97 45 0 0 7 69 34 89 32 0 93 55 41 0 61 57 0 86 83 83 65 82 72 0 0 56 0 0 70 31 0 0 51 74 0 59 31 93 84 0 60 32 87 55 12 43 0 0 62 0 60 
11 38 0 33 66 0 22 0 17 0 0 25 9 0 0 12 39 81 0 0 24 0 31 83 0 0 93 0 85 0 0 88 77 76 98 0 0 0 12 0 29 0 43 0 87 93 0 0 0 0 75 97 100 0 76 63 68 0 78 89 69 0 28 17 21 59 92 0 0 0 0 66 0 1 0 45 17 0 42 55 0 0 4 59 0 0 0 5 0 62 1 23 0 0 72 49 100 0 12 32 
97 28 0 99 0 13 0 86 55 28 0 24 51 71 0 95 70 66 57 0 26 0 0 73 77 66 0 0 93 0 11 0 0 10 0 86 0 0 10 0 58 55 46 0 20 33 94 89 0 38 55 99 0 65 14 94 0 55 0 33 0 97 6 16 77 59 35 0 75 0 0 0 0 25 20 99 80 0 0 62 93 3 0 31 0 0 0 0 79 0 29 0 0 15 51 0 45 74 53 0 
0 57 34 71 85 0 79 100 74 83 88 0 0 0 51 55 27 17 0 63 99 0 82 42 21 39 76 59 60 0 45 76 0 91 45 0 73 71 0 23 0 0 17 69 19 64 98 0 0 11 87 60 68 75 78 0 0 84 75 2 47 0 32 92 0 54 0 86 85 0 0 0 52 78 9 0 0 0 76 20 68 78 75 93 0 0 0 86 75 81 0 26 0 0 31 0 14 92 28 0 
0 78 0 73 0 0 51 0 0 74 97 87 68 58 0 0 43 0 73 59 58 0 46 0 39 96 0 0 0 57 0 70 58 46 0 28 2 5 76 0 100 34 0 67 0 0 48 71 20 0 68 0 33 9 0 91 85 0 44 0 92 21 0 15 98 0 34 0 10 0 85 29 0 74 19 34 82 98 0 0 97 0 10 84 5 0 86 0 2 4 25 11 35 7 0 0 0 0 22 0 
19 66 67 0 44 0 40 37 68 59 94 0 45 0 0 38 0 0 0 71 59 9 37 13 0 49 51 6 0 19 91 0 30 0 0 0 0 33 0 60 0 83 44 0 31 0 1 59 0 0 0 38 55 7 45 0 26 5 71 57 0 0 63 0 0 0 12 3 8 0 14 0 94 37 85 100 40 0 0 0 28 0 57 0 0 79 75 2 0 37 73 0 45 0 33 0 76 0 39 98 
17 25 76 20 75 71 75 0 0 40 0 72 0 19 0 40 59 3 82 76 74 83 0 96 0 26 57 0 0 0 0 18 0 0 0 58 31 0 83 0 0 0 0 58 51 27 0 0 3 0 80 42 0 5 52 66 0 0 24 63 82 40 0 2 68 35 85 67 69 38 0 0 62 0 0 10 0 98 51 0 0 60 70 60 62 0 81 4 37 0 26 0 65 92 42 0 0 6 99 71 
89 0 86 0 50 0 34 0 0 76 30 0 0 6 75 78 0 46 0 81 0 0 94 21 0 0 27 0 0 78 57 0 0 0 0 53 84 58 39 0 0 0 0 97 0 4 91 66 35 0 0 24 0 97 92 94 40 0 70 25 34 32 32 0 100 0 0 8 30 60 0 1 95 63 33 12 9 0 99 25 0 3 88 32 1 29 0 25 73 26 0 0 54 76 0 3 0 74 0 80 
0 34 0 4 0 0 95 0 69 0 63 95 54 0 25 49 53 60 0 20 0 58 21 46 0 52 91 0 38 11 22 53 72 32 32 64 0 16 11 87 0 85 95 0 99 0 83 85 9 2 29 33 81 9 4 25 0 0 0 87 98 27 65 65 88 28 45 0 0 0 31 93 0 0 0 66 81 62 93 0 77 0 53 87 23 0 26 11 0 0 0 0 91 44 0 84 83 0 58 0 
71 0 0 0 20 79 0 79 0 92 92 0 61 92 53 0 33 99 0 0 4 55 0 16 44 13 96 0 29 30 29 17 44 38 47 53 0 81 0 0 48 59 0 81 0 91 0 43 28 41 5 87 5 48 96 0 0 58 0 74 0 96 56 96 0 0 0 25 0 0 62 0 7 31 37 64 16 51 8 0 0 57 89 55 0 0 0 35 45 65 54 91 0 83 0 29 0 0 0 70 
0 79 100 99 60 63 0 0 25 0 0 36 0 83 1 0 0 49 91 3 72 27 0 2 41 0 24 40 4 75 15 89 0 78 60 56 0 27 92 0 0 0 0 33 0 0 100 65 0 0 0 40 28 0 30 56 10 0 79 0 0 17 3 0 92 22 39 0 55 8 60 83 83 95 0 0 0 0 65 49 86 34 8 12 0 15 0 7 0 92 76 44 83 0 0 0 73 12 4 0 
0 88 23 21 0 33 50 43 29 0 34 89 73 19 75 82 99 0 73 93 0 69 57 0 0 0 40 14 70 99 89 39 0 0 100 0 11 0 15 93 2 0 27 20 50 74 0 52 97 0 70 57 0 72 44 0 46 47 0 0 0 61 100 0 21 0 23 1 15 90 66 22 95 94 90 85 0 0 0 0 0 97 28 43 72 51 31 0 33 42 0 0 0 0 0 66 40 62 22 78 
0 75 0 12 82 0 5 77 74 43 77 0 0 0 42 0 78 82 52 61 0 15 0 35 6 35 0 0 53 66 0 0 90 0 8 63 94 13 89 3 0 96 0 26 45 86 19 98 17 11 93 16 85 0 58 56 100 80 0 0 37 0 0 78 0 20 0 81 0 6 81 20 52 77 87 76 0 0 42 73 5 52 0 0 49 0 0 0 0 0 3 84 29 0 66 0 0 100 31 100 
0 0 0 37 63 26 76 0 0 29 30 0 0 47 6 19 0 90 99 60 96 0 47 99 83 0 50 52 24 0 90 71 13 0 0 77 37 0 0 54 92 18 89 29 0 0 96 0 0 1 50 8 0 55 0 93 59 45 0 48 58 88 0 34 0 91 0 87 0 0 35 0 33 94 49 0 79 29 35 84 0 73 24 0 100 45 14 0 76 0 0 83 0 73 40 0 0 26 30 12 
64 58 52 0 0 57 0 0 85 0 0 0 56 0 42 0 0 2 0 20 0 0 0 0 49 0 48 39 70 68 73 0 15 30 0 0 0 73 0 0 11 0 90 89 50 42 0 1 50 66 44 27 0 69 65 0 0 4 0 79 0 59 0 0 0 33 96 98 0 0 0 100 83 6 20 0 0 41 17 5 92 84 44 62 0 74 92 0 0 6 74 0 0 12 62 100 26 0 0 6 
42 0 30 0 0 0 0 0 73 42 13 93 0 0 20 0 0 74 68 93 37 79 89 92 50 98 57 0 46 0 0 0 81 90 72 0 47 98 12 0 42 7 0 14 0 0 37 95 0 71 0 52 5 0 95 94 0 70 72 100 74 0 0 0 12 80 66 0 90 0 30 0 21 0 67 66 45 0 9 30 18 21 44 0 12 53 28 22 39 99 0 58 0 4 22 31 30 0 0 0 
0 11 51 0 3 35 89 55 61 0 8 100 0 0 58 0 85 38 24 19 87 85 0 30 0 21 30 0 21 57 0 27 85 36 24 0 45 61 87 29 0 47 14 96 0 0 50 0 56 75 99 0 94 0 41 74 80 70 69 0 0 0 74 96 12 0 82 0 81 23 94 0 66 21 77 56 0 0 93 73 81 47 96 60 32 0 0 0 98 71 80 0 70 0 78 100 12 6 0 0 
