0 0 0 0 0 0 0 0 0 0 49 71 0 0 0 0 0 0 0 0 0 0 75 0 0 0 0 0 0 0 100 0 0 0 4 0 0 0 0 0 0 0 0 0 0 0 0 0 0 55 0 0 0 0 0 0 0 0 0 0 0 0 0 46 0 56 0 0 0 7 0 0 0 0 0 0 0 0 0 0 0 0 0 0 6 0 0 0 0 0 0 0 0 0 0 0 0 0 78 83 
0 0 0 34 23 1 0 0 0 0 0 0 0 0 0 0 0 46 0 25 0 0 0 0 0 0 0 0 0 0 0 0 0 0 92 0 53 0 0 0 0 82 0 37 0 0 0 0 0 23 0 0 0 0 0 0 0 0 0 0 0 0 51 0 0 0 0 0 0 0 24 0 0 0 0 0 26 51 0 0 0 72 0 0 0 0 0 0 0 0 0 0 0 0 0 0 0 0 0 0 
0 0 0 0 0 0 0 0 0 0 0 0 0 0 0 0 0 0 0 0 0 0 50 76 62 0 85 0 0 0 0 0 0 0 0 0 0 0 1 0 0 0 79 0 0 0 0 0 0 0 0 0 55 0 84 0 79 0 0 31 0 0 0 0 0 0 0 0 0 0 0 0 98 60 0 0 0 0 0 0 0 0 0 0 3 0 0 0 0 0 0 0 48 0 0 0 0 0 0 16 
0 34 0 0 0 0 0 0 53 0 0 0 0 0 0 0 0 80 60 0 0 0 0 0 0 0 0 0 20 64 0 0 0 0 0 0 0 0 0 0 0 33 0 58 0 45 0 0 0 0 0 0 0 0 0 55 0 0 0 0 0 0 0 0 0 0 0 0 0 0 0 0 0 0 0 0 0 0 0 0 0 0 62 0 68 15 0 20 0 0 0 0 0 0 0 0 0 6 0 0 
0 23 0 0 0 0 0 0 0 0 0 0 0 0 0 0 0 0 0 0 0 0 0 0 0 72 0 0 0 0 0 0 0 0 22 45 65 0 0 0 73 52 0 0 0 0 19 0 4 0 0 0 0 0 0 0 0 0 0 0 0 0 0 0 0 0 0 0 0 56 0 0 0 0 0 0 0 98 0 0 0 0 0 0 0 77 0 0 0 52 0 0 0 0 0 0 0 0 0 0 
0 1 0 0 0 0 0 0 0 0 0 85 0 0 0 0 0 0 76 0 91 0 49 0 0 0 0 48 0 0 0 0 0 0 0 0 0 0 0 0 0 0 97 0 0 75 0 0 0 0 0 0 0 19 0 0 0 0 51 0 0 0 0 0 76 0 0 0 0 0 20 0 72 0 0 0 0 0 0 0 0 0 0 0 0 88 0 0 0 0 71 0 0 0 0 0 0 0 0 0 
0 0 0 0 0 0 0 57 0 97 0 0 0 0 0 0 0 0 0 0 0 0 0 0 70 0 0 0 0 26 0 0 0 19 0 0 0 0 0 0 0 0 0 0 0 0 0 0 0 0 0 98 0 0 90 0 0 0 0 0 0 0 16 0 0 0 0 77 0 0 0 0 0 0 0 0 0 0 0 0 0 59 0 0 0 0 51 0 0 0 0 0 0 0 0 2 0 0 0 0 
0 0 0 0 0 0 57 0 21 0 0 0 0 0 0 0 27 0 0 0 0 0 0 0 0 0 0 0 3 0 0 0 0 0 0 0 0 0 0 76 0 0 0 0 33 0 0 0 23 0 0 0 0 0 0 0 0 0 0 0 0 0 0 0 0 45 0 28 0 0 0 0 0 75 0 0 0 0 0 0 56 0 12 89 0 0 0 0 0 0 0 0 0 80 0 0 90 0 0 0 
0 0 0 53 0 0 0 21 0 0 65 0 0 0 0 0 0 0 0 0 0 0 0 0 0 0 0 0 0 0 0 0 0 0 0 0 0 0 0 71 0 0 0 0 0 0 0 0 7 0 0 0 0 0 79 0 75 0 0 0 0 0 0 0 0 0 0 0 0 0 0 0 0 0 44 0 0 0 0 0 0 0 0 0 0 0 12 0 0 0 0 0 0 0 0 0 0 0 0 0 
0 0 0 0 0 0 97 0 0 0 0 0 0 0 0 0 0 0 0 0 0 0 62 0 34 0 0 0 0 0 14 0 0 0 0 3 0 2 0 0 0 0 0 0 0 0 0 0 93 0 0 0 0 0 0 0 60 0 0 0 0 0 0 0 0 0 0 0 0 0 0 0 34 0 0 0 0 0 0 0 0 73 77 0 0 0 0 0 0 72 0 0 0 0 50 0 0 0 0 0 
49 0 0 0 0 0 0 0 65 0 0 41 0 0 0 0 0 0 0 0 0 0 0 78 0 0 0 0 0 0 0 0 0 0 0 0 31 0 0 0 0 0 0 92 0 0 0 0 30 0 0 0 0 0 0 0 0 0 0 0 0 0 0 0 0 0 0 0 0 0 0 0 0 0 0 27 0 31 0 0 0 77 0 0 0 0 0 82 0 0 0 0 0 0 0 0 0 0 0 0 
71 0 0 0 0 85 0 0 0 0 41 0 0 0 0 98 0 0 0 98 0 0 0 0 0 0 0 0 0 0 0 5 0 0 0 0 0 0 0 0 0 11 0 0 0 0 0 0 0 8 0 0 37 0 0 0 0 0 0 0 0 50 0 0 0 0 0 0 0 0 0 0 0 48 0 0 0 92 0 0 0 0 0 0 0 0 37 0 0 0 0 23 0 0 0 0 0 0 0 0 
0 0 0 0 0 0 0 0 0 0 0 0 0 0 4 0 0 0 0 0 0 0 0 0 0 0 0 0 79 0 0 0 0 0 0 0 0 0 0 14 0 0 0 0 24 4 0 49 0 79 0 0 81 0 0 0 0 0 0 0 56 0 0 0 44 0 0 0 0 0 0 72 96 0 0 0 0 0 0 93 0 0 52 0 0 0 0 0 0 0 0 0 0 0 0 0 0 0 67 0 
0 0 0 0 0 0 0 0 0 0 0 0 0 0 0 0 0 0 0 0 0 0 0 0 0 0 79 96 0 0 0 0 0 0 0 0 0 21 0 0 0 0 0 0 0 0 0 0 0 0 88 0 0 0 0 0 0 0 0 0 99 0 51 0 0 0 0 25 0 0 68 0 0 0 0 32 0 0 0 0 0 0 0 0 0 0 0 0 46 0 0 0 75 0 0 0 0 0 58 0 
0 0 0 0 0 0 0 0 0 0 0 0 4 0 0 0 0 0 0 0 0 0 0 0 0 0 0 70 0 0 0 51 0 0 60 0 0 0 0 0 0 0 0 0 0 0 34 0 0 0 0 32 0 0 0 0 0 12 0 0 0 0 0 0 0 0 0 0 0 56 0 0 0 0 0 0 56 0 0 16 82 0 0 44 0 0 0 0 0 0 56 0 0 0 0 87 0 0 0 76 
0 0 0 0 0 0 0 0 0 0 0 98 0 0 0 0 0 82 0 0 0 0 0 0 0 0 0 0 0 0 61 44 0 0 0 0 0 57 0 0 0 0 0 0 0 68 0 0 30 0 0 0 0 0 0 0 0 0 0 0 0 0 0 29 0 0 0 0 0 0 0 28 0 0 0 0 0 0 94 0 0 37 0 0 21 78 0 0 0 0 0 75 10 0 0 0 0 0 0 0 
0 0 0 0 0 0 0 27 0 0 0 0 0 0 0 0 0 0 0 0 0 0 0 0 0 0 0 0 20 0 0 0 0 0 0 0 9 0 0 0 0 0 0 0 23 0 39 0 0 0 0 73 0 0 0 45 0 0 0 0 0 0 0 25 0 49 0 0 0 96 12 0 0 0 0 0 0 0 0 0 0 0 0 0 0 0 0 23 0 0 0 0 0 0 0 0 44 0 0 0 
0 46 0 80 0 0 0 0 0 0 0 0 0 0 0 82 0 0 0 0 0 0 0 0 0 55 0 0 0 0 0 0 0 0 0 0 0 0 0 0 0 0 0 0 0 0 0 0 0 0 0 0 0 0 84 0 0 0 0 0 0 63 0 88 0 0 0 0 0 0 0 0 0 0 0 0 0 0 0 0 33 0 0 0 0 0 0 87 0 0 0 0 0 44 0 0 0 0 42 0 
0 0 0 60 0 76 0 0 0 0 0 0 0 0 0 0 0 0 0 0 0 0 0 44 0 0 0 0 0 22 0 0 84 0 0 0 0 0 0 0 0 0 0 0 0 0 16 0 0 0 0 0 0 0 0 0 0 0 79 0 47 0 0 0 0 0 0 66 98 0 0 0 0 0 0 0 0 0 77 6 0 0 0 0 0 0 0 0 0 0 0 0 96 0 0 0 0 0 0 0 
0 25 0 0 0 0 0 0 0 0 0 98 0 0 0 0 0 0 0 0 0 99 0 0 57 0 27 0 0 0 0 0 0 0 0 0 0 84 0 0 0 0 0 0 0 0 0 0 0 0 0 76 0 0 0 0 0 0 0 0 0 0 0 0 0 0 0 0 0 0 0 91 35 0 0 0 0 0 0 0 0 79 0 0 0 0 0 0 0 33 0 0 0 0 37 0 53 0 0 0 
0 0 0 0 0 91 0 0 0 0 0 0 0 0 0 0 0 0 0 0 0 0 0 0 0 0 0 0 0 0 15 0 0 0 0 0 0 0 0 0 0 0 0 0 88 0 21 0 40 0 0 0 0 0 0 0 0 0 0 0 0 0 0 0 0 37 70 0 10 0 0 0 0 0 0 0 0 0 0 87 0 0 31 13 0 0 0 0 0 0 0 0 0 0 31 0 0 0 0 0 
0 0 0 0 0 0 0 0 0 0 0 0 0 0 0 0 0 0 0 99 0 0 0 0 0 17 0 0 0 0 29 0 0 0 0 0 0 0 0 0 0 0 0 0 0 0 0 0 0 0 0 0 73 0 0 0 0 0 55 0 0 0 0 0 0 0 0 0 0 0 38 0 0 0 0 0 0 0 0 0 0 0 0 0 0 0 0 0 85 0 0 62 0 0 0 54 0 0 0 69 
75 0 50 0 0 49 0 0 0 62 0 0 0 0 0 0 0 0 0 0 0 0 0 0 0 0 0 0 54 0 0 0 0 0 0 0 13 0 60 0 0 0 0 0 0 0 0 61 0 0 0 16 17 0 0 0 0 0 0 0 0 0 0 11 0 0 65 25 0 0 0 0 0 0 0 0 0 0 0 0 0 0 0 0 0 0 0 0 0 0 41 0 0 0 0 0 0 0 65 0 
0 0 76 0 0 0 0 0 0 0 78 0 0 0 0 0 0 0 44 0 0 0 0 0 0 0 31 0 0 0 0 0 0 17 0 0 0 0 0 0 0 0 59 26 0 0 0 0 0 0 0 0 0 0 0 0 0 0 0 0 0 0 0 0 0 0 0 0 0 0 0 0 0 0 0 0 10 0 0 0 0 0 0 0 38 0 0 0 0 0 0 0 0 0 0 0 0 0 0 0 
0 0 62 0 0 0 70 0 0 34 0 0 0 0 0 0 0 0 0 57 0 0 0 0 0 0 0 68 0 0 0 0 0 0 0 0 0 0 0 0 0 0 0 0 0 0 0 0 0 76 0 86 0 0 84 0 0 0 0 0 0 0 0 0 0 0 0 0 0 0 0 0 0 0 0 2 0 0 0 73 0 0 0 0 0 35 0 0 0 0 28 82 0 0 0 0 0 0 0 0 
0 0 0 0 72 0 0 0 0 0 0 0 0 0 0 0 0 55 0 0 0 17 0 0 0 0 0 54 13 0 0 0 0 0 0 0 0 0 0 0 0 18 0 0 46 0 0 0 0 0 69 0 0 0 0 0 0 0 0 0 0 0 0 0 0 0 0 0 0 0 0 84 0 0 0 0 0 25 66 0 0 0 0 0 0 0 0 0 0 54 0 0 0 0 0 0 19 69 0 68 
0 0 85 0 0 0 0 0 0 0 0 0 0 79 0 0 0 0 0 27 0 0 0 31 0 0 0 0 0 0 34 0 41 74 0 0 0 0 0 0 0 0 0 0 0 0 0 94 0 0 0 0 0 0 0 0 0 0 22 24 0 0 0 0 0 0 0 0 0 14 0 0 0 0 0 0 0 0 34 0 69 0 0 0 0 0 0 0 0 4 0 0 0 0 0 1 0 0 0 0 
0 0 0 0 0 48 0 0 0 0 0 0 0 96 70 0 0 0 0 0 0 0 0 0 68 54 0 0 0 0 0 0 0 95 0 0 0 0 0 17 0 0 0 0 0 0 18 0 0 0 0 21 0 0 0 0 0 0 0 0 51 0 0 0 0 0 0 0 0 0 0 0 0 0 0 32 0 0 34 0 73 0 0 0 0 0 0 0 21 0 0 0 0 0 0 0 30 0 0 0 
0 0 0 20 0 0 0 3 0 0 0 0 79 0 0 0 20 0 0 0 0 0 54 0 0 13 0 0 0 0 0 0 0 0 0 98 0 0 49 78 0 0 0 0 0 88 0 0 69 0 0 0 0 0 0 0 0 0 0 0 0 0 0 58 0 0 83 0 0 0 0 0 0 0 0 43 0 0 0 0 0 0 0 0 0 11 0 0 0 0 0 0 0 0 0 0 0 0 0 0 
0 0 0 64 0 0 26 0 0 0 0 0 0 0 0 0 0 0 22 0 0 0 0 0 0 0 0 0 0 0 23 0 31 0 0 0 0 0 4 0 0 0 0 0 0 0 0 0 0 0 0 0 74 0 0 0 54 0 0 0 0 0 0 0 0 0 0 0 0 0 0 0 0 0 0 0 0 0 0 42 0 0 57 0 0 88 0 0 0 0 62 0 0 0 0 35 0 0 0 0 
100 0 0 0 0 0 0 0 0 14 0 0 0 0 0 61 0 0 0 0 15 29 0 0 0 0 34 0 0 23 0 4 0 0 0 0 0 0 0 0 0 0 0 0 0 0 0 0 0 0 0 0 0 0 0 0 0 0 94 0 0 0 0 0 0 0 82 0 0 0 0 0 0 0 0 0 0 0 0 2 0 86 0 0 0 0 0 0 62 0 0 0 0 0 83 90 0 0 0 0 
0 0 0 0 0 0 0 0 0 0 0 5 0 0 51 44 0 0 0 0 0 0 0 0 0 0 0 0 0 0 4 0 50 0 0 0 0 0 0 0 0 0 0 0 0 0 0 0 1 0 0 0 0 18 0 0 0 0 0 0 0 0 0 0 0 0 0 0 0 0 0 68 0 0 0 0 0 0 0 0 0 80 0 0 0 0 55 0 0 0 0 0 0 0 0 0 0 95 0 0 
0 0 0 0 0 0 0 0 0 0 0 0 0 0 0 0 0 0 84 0 0 0 0 0 0 0 41 0 0 31 0 50 0 0 0 0 0 0 0 0 0 0 0 0 0 0 0 0 0 0 0 0 0 0 0 0 0 65 29 0 0 0 59 0 0 52 0 47 73 0 0 0 0 0 0 0 0 0 0 0 0 0 0 0 0 0 0 0 0 74 0 0 0 0 2 0 0 0 0 80 
0 0 0 0 0 0 19 0 0 0 0 0 0 0 0 0 0 0 0 0 0 0 0 17 0 0 74 95 0 0 0 0 0 0 0 0 0 86 0 0 0 0 0 0 20 0 0 0 0 0 0 0 0 0 0 0 0 0 0 0 0 0 0 0 0 0 0 0 0 0 0 0 0 0 0 0 0 0 0 0 0 0 0 100 0 0 0 0 0 0 0 0 0 95 0 0 0 0 0 0 
4 92 0 0 22 0 0 0 0 0 0 0 0 0 60 0 0 0 0 0 0 0 0 0 0 0 0 0 0 0 0 0 0 0 0 0 0 0 0 0 0 0 0 63 0 0 0 0 0 0 0 0 80 0 27 0 0 0 0 52 0 0 0 0 0 0 0 0 0 0 0 0 0 0 0 0 0 0 0 0 0 0 0 0 75 59 0 0 0 0 0 0 0 0 0 0 0 80 0 0 
0 0 0 0 45 0 0 0 0 3 0 0 0 0 0 0 0 0 0 0 0 0 0 0 0 0 0 0 98 0 0 0 0 0 0 0 0 0 94 8 0 0 3 86 0 0 0 0 0 36 0 0 0 0 0 0 0 0 0 0 0 0 0 98 2 0 0 0 0 0 0 0 0 0 0 0 0 0 93 0 0 0 0 55 0 0 0 0 0 0 0 0 0 0 46 60 0 0 0 0 
0 53 0 0 65 0 0 0 0 0 31 0 0 0 0 0 9 0 0 0 0 0 13 0 0 0 0 0 0 0 0 0 0 0 0 0 0 0 0 0 0 0 0 75 0 0 0 0 0 0 0 0 0 0 0 0 61 0 0 0 72 10 0 31 0 0 0 0 0 0 46 0 0 23 0 0 0 0 79 0 0 0 15 0 0 0 0 0 85 0 0 0 0 0 0 0 0 0 0 0 
0 0 0 0 0 0 0 0 0 2 0 0 0 21 0 57 0 0 0 84 0 0 0 0 0 0 0 0 0 0 0 0 0 86 0 0 0 0 0 0 0 0 0 0 0 0 0 0 0 0 0 98 0 1 0 25 0 23 34 0 0 0 0 96 0 0 0 57 0 0 0 0 0 0 0 0 0 0 0 0 0 0 0 0 0 0 3 0 0 0 0 0 0 0 0 0 0 0 0 0 
0 0 1 0 0 0 0 0 0 0 0 0 0 0 0 0 0 0 0 0 0 0 60 0 0 0 0 0 49 4 0 0 0 0 0 94 0 0 0 76 0 0 0 0 0 0 69 0 0 0 0 0 0 0 0 0 0 0 0 0 0 0 0 0 0 0 0 80 0 0 0 0 0 0 70 0 0 38 0 0 0 0 0 0 0 0 0 2 0 0 0 0 0 0 0 0 0 0 0 100 
0 0 0 0 0 0 0 76 71 0 0 0 14 0 0 0 0 0 0 0 0 0 0 0 0 0 0 17 78 0 0 0 0 0 0 8 0 0 76 0 0 0 0 0 0 0 0 93 0 0 65 0 20 0 0 0 0 59 0 0 0 0 0 0 0 0 0 0 0 0 0 0 0 0 0 0 1 0 0 0 0 0 0 92 0 0 78 0 0 0 0 0 0 0 0 0 0 0 92 0 
0 0 0 0 73 0 0 0 0 0 0 0 0 0 0 0 0 0 0 0 0 0 0 0 0 0 0 0 0 0 0 0 0 0 0 0 0 0 0 0 0 51 0 0 0 0 0 0 0 0 0 0 0 0 0 0 0 0 0 0 0 98 0 12 0 0 0 0 32 0 0 0 0 0 0 0 0 0 0 0 0 0 0 0 0 0 0 0 0 0 0 0 0 0 0 0 0 0 0 0 
0 82 0 33 52 0 0 0 0 0 0 11 0 0 0 0 0 0 0 0 0 0 0 0 0 18 0 0 0 0 0 0 0 0 0 0 0 0 0 0 51 0 0 0 0 0 0 0 0 0 0 0 0 0 0 0 0 0 15 63 0 0 97 0 78 0 51 0 0 0 0 82 0 0 0 0 0 0 0 0 0 25 24 0 0 0 0 0 0 0 54 0 0 0 0 0 0 0 0 0 
0 0 79 0 0 97 0 0 0 0 0 0 0 0 0 0 0 0 0 0 0 0 0 59 0 0 0 0 0 0 0 0 0 0 0 3 0 0 0 0 0 0 0 0 0 0 40 0 64 0 11 0 0 0 0 0 0 0 0 0 0 0 0 0 0 0 0 61 9 96 0 0 0 0 0 0 0 0 0 0 0 0 0 0 0 0 0 0 0 0 37 65 35 0 0 0 0 0 0 0 
0 37 0 58 0 0 0 0 0 0 92 0 0 0 0 0 0 0 0 0 0 0 0 26 0 0 0 0 0 0 0 0 0 0 63 86 75 0 0 0 0 0 0 0 0 0 0 0 0 0 0 0 0 0 0 43 0 2 0 0 0 0 0 0 0 0 0 0 0 0 28 76 0 0 0 0 0 0 0 0 0 6 0 0 63 0 0 0 0 0 69 0 95 0 0 0 0 0 0 0 
0 0 0 0 0 0 0 33 0 0 0 0 24 0 0 0 23 0 0 0 88 0 0 0 0 46 0 0 0 0 0 0 0 20 0 0 0 0 0 0 0 0 0 0 0 0 0 0 0 0 0 0 0 0 0 0 0 0 0 19 0 0 0 0 0 0 0 0 0 44 0 0 0 0 0 0 0 0 0 0 0 0 0 0 57 0 0 0 0 0 0 0 56 0 60 0 0 0 0 0 
0 0 0 45 0 75 0 0 0 0 0 0 4 0 0 68 0 0 0 0 0 0 0 0 0 0 0 0 88 0 0 0 0 0 0 0 0 0 0 0 0 0 0 0 0 0 86 0 0 0 22 0 0 0 0 0 0 0 0 0 0 0 0 0 0 0 0 0 0 0 8 0 0 0 0 0 0 4 0 0 0 0 0 0 0 0 0 78 79 5 40 0 0 0 0 0 0 0 0 0 
0 0 0 0 19 0 0 0 0 0 0 0 0 0 34 0 39 0 16 0 21 0 0 0 0 0 0 18 0 0 0 0 0 0 0 0 0 0 69 0 0 0 40 0 0 86 0 0 0 0 0 0 0 61 0 0 0 0 0 0 0 0 0 0 77 21 0 0 0 0 0 0 17 0 0 5 0 0 0 0 0 0 0 14 0 0 0 0 0 0 0 0 0 0 0 0 0 0 0 0 
0 0 0 0 0 0 0 0 0 0 0 0 49 0 0 0 0 0 0 0 0 0 61 0 0 0 94 0 0 0 0 0 0 0 0 0 0 0 0 93 0 0 0 0 0 0 0 0 0 0 25 0 11 0 0 0 0 0 0 47 0 0 0 0 0 0 0 0 0 0 0 0 0 0 0 0 0 16 0 0 0 0 0 0 0 0 0 35 0 0 0 0 0 0 69 0 0 0 78 0 
0 0 0 0 4 0 0 23 7 93 30 0 0 0 0 30 0 0 0 0 40 0 0 0 0 0 0 0 69 0 0 1 0 0 0 0 0 0 0 0 0 0 64 0 0 0 0 0 0 0 0 0 0 0 0 0 0 0 0 0 0 0 0 0 12 0 0 0 0 0 0 20 0 0 0 0 0 0 0 0 0 81 0 0 0 0 0 0 0 0 50 67 0 0 0 0 0 0 0 0 
55 23 0 0 0 0 0 0 0 0 0 8 79 0 0 0 0 0 0 0 0 0 0 0 76 0 0 0 0 0 0 0 0 0 0 36 0 0 0 0 0 0 0 0 0 0 0 0 0 0 0 59 0 0 30 94 0 0 0 0 0 44 39 0 0 0 0 0 0 0 0 0 0 0 0 0 89 0 0 0 0 0 0 0 0 0 48 0 0 0 0 0 0 89 64 0 0 0 0 0 
0 0 0 0 0 0 0 0 0 0 0 0 0 88 0 0 0 0 0 0 0 0 0 0 0 69 0 0 0 0 0 0 0 0 0 0 0 0 0 65 0 0 11 0 0 22 0 25 0 0 0 0 0 0 0 0 0 0 0 28 91 31 0 0 0 0 0 0 0 0 0 0 0 0 0 0 0 1 0 0 0 0 0 0 0 0 0 57 0 0 0 0 0 0 0 0 0 50 0 0 
0 0 0 0 0 0 98 0 0 0 0 0 0 0 32 0 73 0 0 76 0 0 16 0 86 0 0 21 0 0 0 0 0 0 0 0 0 98 0 0 0 0 0 0 0 0 0 0 0 59 0 0 0 84 77 0 0 0 0 46 0 0 0 0 0 0 0 0 0 0 0 0 0 0 0 19 12 7 0 0 0 0 0 0 0 0 0 0 0 0 0 0 0 0 0 0 0 0 0 0 
0 0 55 0 0 0 0 0 0 0 0 37 81 0 0 0 0 0 0 0 0 73 17 0 0 0 0 0 0 74 0 0 0 0 80 0 0 0 0 20 0 0 0 0 0 0 0 11 0 0 0 0 0 0 0 73 0 0 0 0 0 0 0 0 0 0 0 0 0 0 96 0 0 0 0 0 0 72 0 0 0 0 0 58 52 0 0 11 0 0 0 0 0 0 0 0 0 0 0 0 
0 0 0 0 0 19 0 0 0 0 0 0 0 0 0 0 0 0 0 0 0 0 0 0 0 0 0 0 0 0 0 18 0 0 0 0 0 1 0 0 0 0 0 0 0 0 61 0 0 0 0 84 0 0 0 0 0 0 0 0 0 55 0 0 0 0 0 0 0 0 0 0 38 0 0 0 96 0 0 0 88 47 60 0 0 0 6 0 92 0 0 0 0 21 0 0 28 0 0 0 
0 0 84 0 0 0 90 0 79 0 0 0 0 0 0 0 0 84 0 0 0 0 0 0 84 0 0 0 0 0 0 0 0 0 27 0 0 0 0 0 0 0 0 0 0 0 0 0 0 30 0 77 0 0 0 89 0 0 0 0 33 0 0 0 0 0 0 0 0 0 0 0 0 0 67 26 0 0 47 0 0 0 0 0 0 0 0 0 0 0 52 0 0 99 0 0 0 0 0 0 
0 0 0 55 0 0 0 0 0 0 0 0 0 0 0 0 45 0 0 0 0 0 0 0 0 0 0 0 0 0 0 0 0 0 0 0 0 25 0 0 0 0 0 43 0 0 0 0 0 94 0 0 73 0 89 0 0 0 0 0 0 0 6 0 0 17 86 0 0 0 0 0 95 0 0 0 40 0 34 0 0 0 19 0 0 0 0 0 0 0 0 0 0 0 0 0 0 0 0 25 
0 0 79 0 0 0 0 0 75 60 0 0 0 0 0 0 0 0 0 0 0 0 0 0 0 0 0 0 0 54 0 0 0 0 0 0 61 0 0 0 0 0 0 0 0 0 0 0 0 0 0 0 0 0 0 0 0 0 0 0 0 0 0 0 0 0 59 0 0 0 0 0 0 0 0 0 0 0 0 0 0 0 0 0 0 0 0 0 0 0 0 0 0 0 0 0 14 0 0 0 
0 0 0 0 0 0 0 0 0 0 0 0 0 0 12 0 0 0 0 0 0 0 0 0 0 0 0 0 0 0 0 0 65 0 0 0 0 23 0 59 0 0 0 2 0 0 0 0 0 0 0 0 0 0 0 0 0 0 0 0 0 0 0 0 0 11 0 79 0 32 0 0 8 0 0 0 0 0 0 0 0 0 0 0 79 0 76 0 0 16 0 0 0 0 0 0 0 0 0 12 
0 0 0 0 0 51 0 0 0 0 0 0 0 0 0 0 0 0 79 0 0 55 0 0 0 0 22 0 0 0 94 0 29 0 0 0 0 34 0 0 0 15 0 0 0 0 0 0 0 0 0 0 0 0 0 0 0 0 0 0 58 0 0 0 82 0 50 0 0 0 0 0 0 0 86 0 0 0 0 0 0 0 0 0 0 0 0 96 0 0 0 67 0 0 0 0 0 0 30 0 
0 0 31 0 0 0 0 0 0 0 0 0 0 0 0 0 0 0 0 0 0 0 0 0 0 0 24 0 0 0 0 0 0 0 52 0 0 0 0 0 0 63 0 0 19 0 0 47 0 0 28 46 0 0 0 0 0 0 0 0 0 22 0 0 0 0 0 0 0 0 89 0 0 0 0 0 65 0 0 26 0 0 0 0 0 7 0 0 0 0 78 0 0 76 0 0 0 0 0 0 
0 0 0 0 0 0 0 0 0 0 0 0 56 99 0 0 0 0 47 0 0 0 0 0 0 0 0 51 0 0 0 0 0 0 0 0 72 0 0 0 0 0 0 0 0 0 0 0 0 0 91 0 0 0 33 0 0 0 58 0 0 0 0 0 65 0 0 0 0 0 0 0 75 0 0 0 0 0 0 0 0 0 0 69 25 0 0 12 0 0 38 0 48 0 0 0 0 0 0 0 
0 0 0 0 0 0 0 0 0 0 0 50 0 0 0 0 0 63 0 0 0 0 0 0 0 0 0 0 0 0 0 0 0 0 0 0 10 0 0 0 98 0 0 0 0 0 0 0 0 44 31 0 0 55 0 0 0 0 0 22 0 0 0 0 70 0 0 0 0 0 72 0 14 0 0 0 0 0 0 0 0 0 0 0 24 0 0 0 0 0 0 0 0 0 69 0 0 0 0 0 
0 51 0 0 0 0 16 0 0 0 0 0 0 51 0 0 0 0 0 0 0 0 0 0 0 0 0 0 0 0 0 0 59 0 0 0 0 0 0 0 0 97 0 0 0 0 0 0 0 39 0 0 0 0 0 6 0 0 0 0 0 0 0 0 0 12 77 0 0 0 0 0 16 79 0 0 56 0 0 0 0 0 0 0 0 0 0 0 0 6 0 30 0 0 0 0 0 36 0 0 
46 0 0 0 0 0 0 0 0 0 0 0 0 0 0 29 25 88 0 0 0 0 11 0 0 0 0 0 58 0 0 0 0 0 0 98 31 96 0 0 12 0 0 0 0 0 0 0 0 0 0 0 0 0 0 0 0 0 0 0 0 0 0 0 0 0 0 0 0 0 0 0 75 75 0 0 0 0 0 0 0 0 0 20 0 24 0 0 0 0 0 0 0 0 0 86 0 0 0 0 
0 0 0 0 0 76 0 0 0 0 0 0 44 0 0 0 0 0 0 0 0 0 0 0 0 0 0 0 0 0 0 0 0 0 0 2 0 0 0 0 0 78 0 0 0 0 77 0 12 0 0 0 0 0 0 0 0 0 82 0 65 70 0 0 0 0 39 0 0 0 0 78 0 0 86 0 0 0 0 20 0 0 0 0 0 0 0 0 91 0 0 0 0 32 0 0 0 0 0 0 
56 0 0 0 0 0 0 45 0 0 0 0 0 0 0 0 49 0 0 0 37 0 0 0 0 0 0 0 0 0 0 0 52 0 0 0 0 0 0 0 0 0 0 0 0 0 21 0 0 0 0 0 0 0 0 17 0 11 0 0 0 0 12 0 0 0 0 0 0 80 0 0 0 0 0 0 0 0 0 0 0 0 0 23 0 25 0 0 0 0 0 0 86 56 0 0 40 0 0 0 
0 0 0 0 0 0 0 0 0 0 0 0 0 0 0 0 0 0 0 0 70 0 65 0 0 0 0 0 83 0 82 0 0 0 0 0 0 0 0 0 0 51 0 0 0 0 0 0 0 0 0 0 0 0 0 86 59 0 50 0 0 0 77 0 39 0 0 0 0 0 0 0 0 0 0 0 0 0 0 0 0 0 0 0 0 0 0 93 35 0 0 69 0 0 0 71 53 0 0 0 
0 0 0 0 0 0 77 28 0 0 0 0 0 25 0 0 0 0 66 0 0 0 25 0 0 0 0 0 0 0 0 0 47 0 0 0 0 57 80 0 0 0 61 0 0 0 0 0 0 0 0 0 0 0 0 0 0 79 0 0 0 0 0 0 0 0 0 0 33 0 0 0 0 0 11 0 0 0 92 0 0 0 0 0 0 0 0 0 0 81 0 0 39 0 0 0 0 0 0 0 
0 0 0 0 0 0 0 0 0 0 0 0 0 0 0 0 0 0 98 0 10 0 0 0 0 0 0 0 0 0 0 0 73 0 0 0 0 0 0 0 32 0 9 0 0 0 0 0 0 0 0 0 0 0 0 0 0 0 0 0 0 0 0 0 0 0 0 33 0 0 0 0 0 0 0 0 0 0 0 0 0 0 42 52 0 0 79 0 0 0 0 0 0 20 0 25 0 0 0 91 
7 0 0 0 56 0 0 0 0 0 0 0 0 0 56 0 96 0 0 0 0 0 0 0 0 0 14 0 0 0 0 0 0 0 0 0 0 0 0 0 0 0 96 0 44 0 0 0 0 0 0 0 0 0 0 0 0 32 0 0 0 0 0 0 0 80 0 0 0 0 0 0 0 86 0 0 75 0 88 0 0 0 0 0 0 87 0 40 0 0 0 0 0 0 0 0 0 0 57 0 
0 24 0 0 0 20 0 0 0 0 0 0 0 68 0 0 12 0 0 0 0 38 0 0 0 0 0 0 0 0 0 0 0 0 0 0 46 0 0 0 0 0 0 28 0 8 0 0 0 0 0 0 96 0 0 0 0 0 0 89 0 72 0 0 0 0 0 0 0 0 0 0 0 0 0 0 0 0 0 0 0 7 0 0 0 0 0 0 70 0 0 0 0 39 0 0 0 0 54 0 
0 0 0 0 0 0 0 0 0 0 0 0 72 0 0 28 0 0 0 91 0 0 0 0 0 84 0 0 0 0 0 68 0 0 0 0 0 0 0 0 0 82 0 76 0 0 0 0 20 0 0 0 0 0 0 0 0 0 0 0 0 0 0 0 78 0 0 0 0 0 0 0 0 0 0 98 0 0 0 42 0 0 0 0 0 0 65 0 0 0 0 85 0 0 0 0 99 0 0 13 
0 0 98 0 0 72 0 0 0 34 0 0 96 0 0 0 0 0 0 35 0 0 0 0 0 0 0 0 0 0 0 0 0 0 0 0 0 0 0 0 0 0 0 0 0 0 17 0 0 0 0 0 0 38 0 95 0 8 0 0 75 14 16 75 0 0 0 0 0 0 0 0 0 0 0 0 0 0 0 0 0 0 0 0 0 0 0 0 53 0 0 0 0 0 0 0 0 0 0 0 
0 0 60 0 0 0 0 75 0 0 0 48 0 0 0 0 0 0 0 0 0 0 0 0 0 0 0 0 0 0 0 0 0 0 0 0 23 0 0 0 0 0 0 0 0 0 0 0 0 0 0 0 0 0 0 0 0 0 0 0 0 0 79 75 0 0 0 0 0 86 0 0 0 0 0 0 0 73 0 29 0 0 0 0 0 0 0 0 0 0 0 0 0 0 0 0 9 0 0 0 
0 0 0 0 0 0 0 0 44 0 0 0 0 0 0 0 0 0 0 0 0 0 0 0 0 0 0 0 0 0 0 0 0 0 0 0 0 0 70 0 0 0 0 0 0 0 0 0 0 0 0 0 0 0 67 0 0 0 86 0 0 0 0 0 86 0 0 11 0 0 0 0 0 0 0 0 0 0 0 84 0 0 0 0 0 0 0 0 0 0 0 0 0 0 0 67 0 0 0 0 
0 0 0 0 0 0 0 0 0 0 27 0 0 32 0 0 0 0 0 0 0 0 0 0 2 0 0 32 43 0 0 0 0 0 0 0 0 0 0 0 0 0 0 0 0 0 5 0 0 0 0 19 0 0 26 0 0 0 0 0 0 0 0 0 0 0 0 0 0 0 0 98 0 0 0 0 0 0 0 0 49 0 44 26 40 0 0 0 68 0 0 0 0 98 0 0 0 0 0 0 
0 26 0 0 0 0 0 0 0 0 0 0 0 0 56 0 0 0 0 0 0 0 0 10 0 0 0 0 0 0 0 0 0 0 0 0 0 0 0 1 0 0 0 0 0 0 0 0 0 89 0 12 0 96 0 40 0 0 0 65 0 0 56 0 0 0 0 0 0 75 0 0 0 0 0 0 0 0 0 0 0 0 0 0 0 0 97 0 0 0 0 8 0 0 0 0 0 0 0 0 
0 51 0 0 98 0 0 0 0 0 31 92 0 0 0 0 0 0 0 0 0 0 0 0 0 25 0 0 0 0 0 0 0 0 0 0 0 0 38 0 0 0 0 0 0 4 0 16 0 0 1 7 72 0 0 0 0 0 0 0 0 0 0 0 0 0 0 0 0 0 0 0 0 73 0 0 0 0 0 0 0 0 55 0 0 0 0 0 0 0 0 0 0 0 0 65 0 70 0 0 
0 0 0 0 0 0 0 0 0 0 0 0 0 0 0 94 0 0 77 0 0 0 0 0 0 66 34 34 0 0 0 0 0 0 0 93 79 0 0 0 0 0 0 0 0 0 0 0 0 0 0 0 0 0 47 34 0 0 0 0 0 0 0 0 0 0 0 92 0 88 0 0 0 0 0 0 0 0 0 0 19 0 0 0 0 0 0 0 0 0 0 50 0 0 0 0 0 31 92 0 
0 0 0 0 0 0 0 0 0 0 0 0 93 0 16 0 0 0 6 0 87 0 0 0 73 0 0 0 0 42 2 0 0 0 0 0 0 0 0 0 0 0 0 0 0 0 0 0 0 0 0 0 0 0 0 0 0 0 0 26 0 0 0 0 20 0 0 0 0 0 0 42 0 29 84 0 0 0 0 0 0 0 0 0 0 35 0 0 0 0 0 0 0 0 0 6 0 24 0 0 
0 0 0 0 0 0 0 56 0 0 0 0 0 0 82 0 0 33 0 0 0 0 0 0 0 0 69 73 0 0 0 0 0 0 0 0 0 0 0 0 0 0 0 0 0 0 0 0 0 0 0 0 0 88 0 0 0 0 0 0 0 0 0 0 0 0 0 0 0 0 0 0 0 0 0 49 0 0 19 0 0 0 0 37 0 0 0 0 0 0 0 0 0 70 0 0 0 0 0 0 
0 72 0 0 0 0 59 0 0 73 77 0 0 0 0 37 0 0 0 79 0 0 0 0 0 0 0 0 0 0 86 80 0 0 0 0 0 0 0 0 0 25 0 6 0 0 0 0 81 0 0 0 0 47 0 0 0 0 0 0 0 0 0 0 0 0 0 0 0 0 7 0 0 0 0 0 0 0 0 0 0 0 0 0 0 0 0 0 0 0 0 0 0 0 0 0 0 17 0 68 
0 0 0 62 0 0 0 12 0 77 0 0 52 0 0 0 0 0 0 0 31 0 0 0 0 0 0 0 0 57 0 0 0 0 0 0 15 0 0 0 0 24 0 0 0 0 0 0 0 0 0 0 0 60 0 19 0 0 0 0 0 0 0 0 0 0 0 0 42 0 0 0 0 0 0 44 0 55 0 0 0 0 0 0 0 0 0 0 0 0 0 72 0 0 0 0 0 33 0 0 
0 0 0 0 0 0 0 89 0 0 0 0 0 0 44 0 0 0 0 0 13 0 0 0 0 0 0 0 0 0 0 0 0 100 0 55 0 0 0 92 0 0 0 0 0 0 14 0 0 0 0 0 58 0 0 0 0 0 0 0 69 0 0 20 0 23 0 0 52 0 0 0 0 0 0 26 0 0 0 0 37 0 0 0 0 0 0 0 0 0 0 0 0 0 7 0 0 0 0 0 
6 0 3 68 0 0 0 0 0 0 0 0 0 0 0 21 0 0 0 0 0 0 0 38 0 0 0 0 0 0 0 0 0 0 75 0 0 0 0 0 0 0 0 63 57 0 0 0 0 0 0 0 52 0 0 0 0 79 0 0 25 24 0 0 0 0 0 0 0 0 0 0 0 0 0 40 0 0 0 0 0 0 0 0 0 0 0 7 0 0 0 0 0 0 0 0 24 0 0 0 
0 0 0 15 77 88 0 0 0 0 0 0 0 0 0 78 0 0 0 0 0 0 0 0 35 0 0 0 11 88 0 0 0 0 59 0 0 0 0 0 0 0 0 0 0 0 0 0 0 0 0 0 0 0 0 0 0 0 0 7 0 0 0 24 0 25 0 0 0 87 0 0 0 0 0 0 0 0 0 35 0 0 0 0 0 0 0 0 0 0 86 94 0 0 0 0 0 0 0 0 
0 0 0 0 0 0 51 0 12 0 0 37 0 0 0 0 0 0 0 0 0 0 0 0 0 0 0 0 0 0 0 55 0 0 0 0 0 3 0 78 0 0 0 0 0 0 0 0 0 48 0 0 0 6 0 0 0 76 0 0 0 0 0 0 0 0 0 0 79 0 0 65 0 0 0 0 97 0 0 0 0 0 0 0 0 0 0 0 0 0 0 0 0 0 0 0 0 72 12 0 
0 0 0 20 0 0 0 0 0 0 82 0 0 0 0 0 23 87 0 0 0 0 0 0 0 0 0 0 0 0 0 0 0 0 0 0 0 0 2 0 0 0 0 0 0 78 0 35 0 0 57 0 11 0 0 0 0 0 96 0 12 0 0 0 0 0 93 0 0 40 0 0 0 0 0 0 0 0 0 0 0 0 0 0 7 0 0 0 0 0 0 0 0 0 0 0 0 10 0 0 
0 0 0 0 0 0 0 0 0 0 0 0 0 46 0 0 0 0 0 0 0 85 0 0 0 0 0 21 0 0 62 0 0 0 0 0 85 0 0 0 0 0 0 0 0 79 0 0 0 0 0 0 0 92 0 0 0 0 0 0 0 0 0 0 91 0 35 0 0 0 70 0 53 0 0 68 0 0 0 0 0 0 0 0 0 0 0 0 0 0 0 0 0 0 0 0 0 41 0 0 
0 0 0 0 52 0 0 0 0 72 0 0 0 0 0 0 0 0 0 33 0 0 0 0 0 54 4 0 0 0 0 0 74 0 0 0 0 0 0 0 0 0 0 0 0 5 0 0 0 0 0 0 0 0 0 0 0 16 0 0 0 0 6 0 0 0 0 81 0 0 0 0 0 0 0 0 0 0 0 0 0 0 0 0 0 0 0 0 0 0 0 0 0 0 0 0 91 0 0 0 
0 0 0 0 0 71 0 0 0 0 0 0 0 0 56 0 0 0 0 0 0 0 41 0 28 0 0 0 0 62 0 0 0 0 0 0 0 0 0 0 0 54 37 69 0 40 0 0 50 0 0 0 0 0 52 0 0 0 0 78 38 0 0 0 0 0 0 0 0 0 0 0 0 0 0 0 0 0 0 0 0 0 0 0 0 86 0 0 0 0 0 0 61 0 0 0 0 0 0 0 
0 0 0 0 0 0 0 0 0 0 0 23 0 0 0 75 0 0 0 0 0 62 0 0 82 0 0 0 0 0 0 0 0 0 0 0 0 0 0 0 0 0 65 0 0 0 0 0 67 0 0 0 0 0 0 0 0 0 67 0 0 0 30 0 0 0 69 0 0 0 0 85 0 0 0 0 8 0 50 0 0 0 72 0 0 94 0 0 0 0 0 0 0 0 0 0 49 0 0 0 
0 0 48 0 0 0 0 0 0 0 0 0 0 75 0 10 0 0 96 0 0 0 0 0 0 0 0 0 0 0 0 0 0 0 0 0 0 0 0 0 0 0 35 95 56 0 0 0 0 0 0 0 0 0 0 0 0 0 0 0 48 0 0 0 0 86 0 39 0 0 0 0 0 0 0 0 0 0 0 0 0 0 0 0 0 0 0 0 0 0 61 0 0 0 0 0 3 0 50 0 
0 0 0 0 0 0 0 80 0 0 0 0 0 0 0 0 0 44 0 0 0 0 0 0 0 0 0 0 0 0 0 0 0 95 0 0 0 0 0 0 0 0 0 0 0 0 0 0 0 89 0 0 0 21 99 0 0 0 0 76 0 0 0 0 32 56 0 0 20 0 39 0 0 0 0 98 0 0 0 0 70 0 0 0 0 0 0 0 0 0 0 0 0 0 0 59 0 0 0 0 
0 0 0 0 0 0 0 0 0 50 0 0 0 0 0 0 0 0 0 37 31 0 0 0 0 0 0 0 0 0 83 0 2 0 0 46 0 0 0 0 0 0 0 0 60 0 0 69 0 64 0 0 0 0 0 0 0 0 0 0 0 69 0 0 0 0 0 0 0 0 0 0 0 0 0 0 0 0 0 0 0 0 0 7 0 0 0 0 0 0 0 0 0 0 0 0 0 0 0 0 
0 0 0 0 0 0 2 0 0 0 0 0 0 0 87 0 0 0 0 0 0 54 0 0 0 0 1 0 0 35 90 0 0 0 0 60 0 0 0 0 0 0 0 0 0 0 0 0 0 0 0 0 0 0 0 0 0 0 0 0 0 0 0 86 0 0 71 0 25 0 0 0 0 0 67 0 0 65 0 6 0 0 0 0 0 0 0 0 0 0 0 0 0 59 0 0 0 0 0 44 
0 0 0 0 0 0 0 90 0 0 0 0 0 0 0 0 44 0 0 53 0 0 0 0 0 19 0 30 0 0 0 0 0 0 0 0 0 0 0 0 0 0 0 0 0 0 0 0 0 0 0 0 0 28 0 0 14 0 0 0 0 0 0 0 0 40 53 0 0 0 0 99 0 9 0 0 0 0 0 0 0 0 0 0 24 0 0 0 0 91 0 49 3 0 0 0 0 0 0 0 
0 0 0 6 0 0 0 0 0 0 0 0 0 0 0 0 0 0 0 0 0 0 0 0 0 69 0 0 0 0 0 95 0 0 80 0 0 0 0 0 0 0 0 0 0 0 0 0 0 0 50 0 0 0 0 0 0 0 0 0 0 0 36 0 0 0 0 0 0 0 0 0 0 0 0 0 0 70 31 24 0 17 33 0 0 0 72 10 41 0 0 0 0 0 0 0 0 0 0 36 
78 0 0 0 0 0 0 0 0 0 0 0 67 58 0 0 0 42 0 0 0 0 65 0 0 0 0 0 0 0 0 0 0 0 0 0 0 0 0 92 0 0 0 0 0 0 0 78 0 0 0 0 0 0 0 0 0 0 30 0 0 0 0 0 0 0 0 0 0 57 54 0 0 0 0 0 0 0 92 0 0 0 0 0 0 0 12 0 0 0 0 0 50 0 0 0 0 0 0 13 
83 0 16 0 0 0 0 0 0 0 0 0 0 0 76 0 0 0 0 0 0 69 0 0 0 68 0 0 0 0 0 0 80 0 0 0 0 0 100 0 0 0 0 0 0 0 0 0 0 0 0 0 0 0 0 25 0 12 0 0 0 0 0 0 0 0 0 0 91 0 0 13 0 0 0 0 0 0 0 0 0 68 0 0 0 0 0 0 0 0 0 0 0 0 0 44 0 36 13 0 
