0 0 68 33 0 0 0 28 78 0 0 0 0 0 0 9 27 84 0 86 49 88 43 20 0 0 0 0 0 0 0 0 18 0 80 0 0 38 0 0 44 31 4 0 0 54 55 0 0 0 52 0 90 0 54 17 22 75 0 48 0 0 0 0 0 66 0 94 0 22 0 64 0 0 0 75 59 0 3 0 100 0 0 0 64 69 63 0 75 77 0 0 0 77 20 0 98 0 0 0 
0 0 65 0 0 0 0 0 0 96 58 0 100 0 0 91 0 0 17 16 0 41 0 2 0 0 0 2 0 7 0 96 0 0 17 67 0 0 0 0 0 38 0 26 0 80 76 0 0 0 0 0 6 0 0 73 0 0 0 0 0 0 0 0 0 99 0 4 84 97 18 76 51 53 0 21 0 0 85 0 0 0 0 95 0 0 44 69 0 0 13 0 6 29 76 0 0 2 0 35 
68 65 0 0 0 16 0 0 0 0 49 0 0 0 90 4 25 40 37 0 0 99 31 0 69 2 0 0 92 0 0 0 0 4 0 0 17 0 16 48 0 0 0 0 0 54 33 0 78 0 0 0 0 0 0 0 0 0 0 81 0 0 0 89 27 58 72 0 0 94 0 73 10 26 0 24 32 0 0 0 0 77 0 19 42 0 0 0 0 53 0 0 0 0 0 51 0 21 42 15 
33 0 0 0 81 57 0 91 0 0 0 0 0 40 3 0 43 13 0 52 84 96 0 0 84 0 0 77 21 0 0 42 30 0 68 0 0 0 0 34 87 0 0 95 0 0 17 0 69 86 18 21 49 12 0 20 17 0 0 0 0 0 84 39 0 0 0 0 42 0 0 0 0 12 4 6 0 0 40 92 0 95 0 0 100 62 62 0 0 0 0 0 0 22 0 91 81 49 72 0 
0 0 0 81 0 48 12 0 0 57 72 0 46 0 73 0 23 0 44 32 51 0 71 0 73 59 0 0 0 4 0 0 43 55 0 50 29 0 71 48 0 0 0 80 0 0 96 0 0 0 40 0 81 0 90 23 82 0 0 0 36 0 0 0 0 76 39 1 0 39 18 0 68 0 21 0 99 34 0 0 71 0 0 0 86 45 28 0 90 79 95 29 0 0 0 0 16 55 36 45 
0 0 16 57 48 0 0 0 98 0 33 57 46 0 97 83 0 11 0 47 0 0 62 0 0 48 0 21 57 0 0 29 0 0 61 24 12 0 0 0 11 76 0 0 0 0 0 0 0 0 0 77 89 0 8 0 20 86 0 0 35 0 83 0 0 18 0 0 18 0 51 46 0 20 0 67 22 0 0 0 0 0 66 0 32 45 0 0 47 85 0 0 47 53 0 0 0 0 92 88 
0 0 0 0 12 0 0 0 0 0 0 0 0 0 0 67 17 0 18 0 50 0 46 82 0 68 70 0 57 53 13 0 0 28 0 0 55 0 29 0 76 0 36 70 15 31 0 5 0 2 0 0 76 0 20 81 0 0 0 0 12 0 0 9 0 34 0 97 86 70 25 0 0 34 24 0 0 0 0 57 17 86 73 0 7 0 0 0 0 0 69 94 0 7 0 0 44 75 0 20 
28 0 0 91 0 0 0 0 0 81 0 31 0 0 36 56 22 32 0 63 100 4 0 0 0 88 85 87 0 0 0 91 0 0 89 0 0 83 0 75 0 53 0 30 48 74 0 22 15 0 54 0 0 0 21 2 56 44 19 0 92 0 89 0 0 15 74 0 0 25 0 73 75 78 33 2 37 0 0 86 31 60 0 59 0 29 0 0 0 0 0 30 0 17 0 80 0 0 83 0 
78 0 0 0 0 98 0 0 0 27 0 37 0 86 32 71 18 4 42 0 0 64 33 0 0 75 0 13 64 76 0 0 0 0 0 77 63 0 0 0 0 28 38 0 0 0 20 53 0 0 0 58 0 0 14 58 0 0 0 0 0 0 0 92 0 0 0 0 0 52 0 0 0 18 0 0 0 0 0 0 14 0 0 0 91 5 0 0 44 30 0 89 11 0 15 0 2 0 45 0 
0 96 0 0 57 0 0 81 27 0 0 8 0 61 58 42 0 89 0 0 70 79 0 100 35 0 88 0 0 0 86 0 0 24 0 0 37 56 77 0 64 29 97 18 81 0 0 91 45 0 0 0 50 0 97 34 0 4 54 0 4 81 0 91 0 0 0 0 51 45 0 57 0 0 0 0 0 0 16 0 1 0 0 14 0 0 17 21 48 77 0 0 0 53 17 0 0 88 17 0 
0 58 49 0 72 33 0 0 0 0 0 0 0 38 79 0 0 21 58 24 0 0 0 68 82 0 0 6 0 0 43 0 94 0 0 33 50 89 0 48 88 0 74 0 0 0 86 63 0 0 0 0 57 28 98 0 0 0 76 0 0 0 4 12 0 88 41 0 0 0 74 27 0 53 0 0 0 14 0 25 0 0 87 0 70 6 79 66 0 0 97 0 12 0 25 16 39 41 6 0 
0 0 0 0 0 57 0 31 37 8 0 0 0 49 0 0 41 0 0 84 6 47 0 0 0 0 60 60 0 47 23 0 82 89 2 29 86 0 0 54 0 0 0 5 35 51 85 6 88 0 0 26 86 30 0 0 0 60 38 3 0 0 0 71 0 0 0 0 90 0 0 21 0 0 0 0 0 93 0 0 87 0 12 0 0 37 24 19 43 10 0 0 31 46 12 0 81 0 60 89 
0 100 0 0 46 46 0 0 0 0 0 0 0 0 100 56 3 17 0 66 2 86 73 0 0 0 0 0 90 72 57 0 33 0 0 46 0 80 75 0 76 0 41 45 0 0 0 0 71 0 1 0 40 0 94 95 100 0 23 95 0 0 0 0 29 0 0 0 0 27 0 0 0 0 0 6 0 91 15 54 0 73 0 0 33 0 0 0 12 0 75 0 0 55 0 61 0 7 0 0 
0 0 0 40 0 0 0 0 86 61 38 49 0 0 0 0 0 0 0 77 0 0 0 44 44 0 0 0 0 0 99 0 0 0 25 38 0 0 0 0 75 33 0 84 20 0 0 0 0 0 55 0 0 66 0 95 0 0 66 0 93 14 96 0 0 0 0 0 26 0 0 68 22 0 98 22 26 0 0 0 0 0 23 0 53 47 32 0 0 0 0 0 15 43 0 66 0 0 0 38 
0 0 90 3 73 97 0 36 32 58 79 0 100 0 0 64 22 96 0 0 94 0 0 0 0 0 92 47 0 0 81 0 0 0 0 6 0 70 97 0 71 0 0 0 10 0 0 64 42 6 0 98 65 0 0 0 47 0 0 76 3 0 0 0 0 0 0 0 81 0 0 0 94 22 60 69 0 94 19 0 0 15 0 87 0 0 55 0 16 87 0 0 0 0 6 0 0 29 0 0 
9 91 4 0 0 83 67 56 71 42 0 0 56 0 64 0 0 0 4 6 49 82 61 74 34 80 53 0 22 66 0 0 37 58 45 31 0 0 0 0 0 0 52 57 0 77 0 0 0 58 46 90 0 5 89 95 28 0 0 0 99 44 94 99 15 0 0 0 0 0 0 0 0 61 0 0 0 11 0 62 0 85 98 0 0 68 34 0 0 0 0 0 0 81 0 0 0 92 0 42 
27 0 25 43 23 0 17 22 18 0 0 41 3 0 22 0 0 0 30 0 0 12 0 0 0 0 0 4 63 0 0 82 0 5 0 77 37 44 0 89 0 0 93 22 0 80 0 93 0 20 0 0 0 0 38 36 0 0 47 4 0 0 39 46 0 0 0 13 39 0 41 0 99 90 100 0 0 0 4 10 52 10 0 90 45 0 0 17 42 0 0 0 76 83 0 42 0 0 45 0 
84 0 40 13 0 11 0 32 4 89 21 0 17 0 96 0 0 0 0 58 94 0 0 0 23 0 0 79 31 71 46 0 0 100 52 0 43 0 0 0 0 0 2 0 0 0 19 67 0 17 92 17 0 39 45 58 0 0 0 0 31 0 91 0 0 0 0 91 0 0 0 0 95 0 73 0 48 0 86 0 0 0 0 63 0 84 0 0 4 0 34 30 0 96 0 21 0 38 0 0 
0 17 37 0 44 0 18 0 42 0 58 0 0 0 0 4 30 0 0 0 75 0 89 0 53 37 73 87 0 26 0 0 0 0 0 4 0 79 7 53 75 9 0 0 74 42 0 99 0 0 79 84 97 0 0 34 0 13 0 56 0 0 78 0 64 0 0 7 0 38 0 0 0 97 0 0 0 0 62 0 0 0 80 0 59 0 0 76 0 0 20 74 0 56 46 96 42 13 0 0 
86 16 0 52 32 47 0 63 0 0 24 84 66 77 0 6 0 58 0 0 0 0 52 0 0 88 0 0 0 2 0 0 0 82 0 0 0 37 0 41 0 0 4 17 86 0 0 0 0 66 0 0 89 0 0 0 0 37 97 0 0 32 95 0 0 0 0 0 15 0 89 0 17 7 95 0 0 0 0 100 0 12 63 0 0 0 88 0 63 0 98 71 0 0 0 0 78 0 53 0 
49 0 0 84 51 0 50 100 0 70 0 6 2 0 94 49 0 94 75 0 0 18 0 0 48 0 56 0 0 15 25 82 0 0 33 0 0 0 0 68 0 0 0 0 51 0 54 12 0 0 0 0 28 98 91 0 0 16 0 0 0 84 0 57 0 0 0 43 0 0 9 71 97 21 0 90 8 0 91 29 70 0 0 0 0 0 0 85 0 0 81 0 0 0 50 0 0 33 79 43 
88 41 99 96 0 0 0 4 64 79 0 47 86 0 0 82 12 0 0 0 18 0 48 100 0 0 27 0 0 38 0 99 0 17 0 89 0 0 0 0 66 85 87 70 0 0 100 41 70 0 7 0 4 95 0 0 0 0 0 94 27 77 97 0 0 0 29 0 50 10 0 0 0 20 65 0 18 0 0 0 0 0 1 36 18 16 0 51 88 49 46 0 0 0 27 0 0 0 38 73 
43 0 31 0 71 62 46 0 33 0 0 0 73 0 0 61 0 0 89 52 0 48 0 31 0 43 0 0 47 24 68 0 74 97 0 4 34 94 0 63 54 0 86 89 0 0 0 56 32 0 36 0 0 0 85 0 0 0 94 0 0 0 60 84 64 0 0 0 0 34 80 0 56 7 0 51 13 74 23 0 0 12 0 0 73 0 50 34 1 79 0 0 0 72 26 0 0 88 0 0 
20 2 0 0 0 0 82 0 0 100 68 0 0 44 0 74 0 0 0 0 0 100 31 0 0 0 0 0 69 0 15 3 23 66 0 0 0 9 0 0 0 0 0 65 90 0 68 0 0 0 67 0 7 16 32 0 0 0 22 52 25 59 0 0 0 13 0 83 0 0 0 0 0 35 35 9 89 0 0 58 0 17 51 45 56 0 17 0 0 0 0 4 77 0 26 4 42 85 0 0 
0 0 69 84 73 0 0 0 0 35 82 0 0 44 0 34 0 23 53 0 48 0 0 0 0 0 0 0 0 0 0 0 0 0 31 0 13 0 82 0 0 0 0 0 0 0 0 55 21 0 5 47 0 0 0 0 0 95 80 31 97 0 9 0 20 99 0 24 0 69 25 41 0 36 0 7 31 80 0 0 0 0 0 6 0 31 5 53 0 33 74 14 79 61 0 61 23 0 12 0 
0 0 2 0 59 48 68 88 75 0 0 0 0 0 0 80 0 0 37 88 0 0 43 0 0 0 0 54 5 0 0 43 0 99 0 59 0 0 0 82 0 0 0 0 0 64 95 9 0 56 96 8 0 0 17 0 0 0 7 0 0 14 0 0 0 0 0 49 0 15 0 94 0 34 61 0 53 0 0 17 0 58 99 0 39 0 87 0 0 0 0 79 0 0 77 36 6 0 16 0 
0 0 0 0 0 0 70 85 0 88 0 60 0 0 92 53 0 0 73 0 56 27 0 0 0 0 0 0 0 29 73 0 0 83 43 0 49 7 0 93 0 0 0 0 0 75 47 0 51 0 79 25 47 80 29 0 69 0 41 0 41 0 74 35 100 0 0 0 0 50 62 0 78 89 0 88 0 53 0 0 0 97 2 60 0 74 95 96 0 0 78 59 32 0 100 38 20 0 90 33 
0 2 0 77 0 21 0 87 13 0 6 60 0 0 47 0 4 79 87 0 0 0 0 0 0 54 0 0 0 0 0 0 75 65 0 83 0 60 0 0 67 31 0 23 12 0 0 0 69 0 0 40 0 27 79 25 33 0 0 0 0 50 0 0 0 0 92 0 0 0 0 28 0 0 0 74 71 0 0 0 0 0 0 80 0 0 93 73 0 5 46 14 17 0 37 85 50 48 64 53 
0 0 92 21 0 57 57 0 64 0 0 0 90 0 0 22 63 31 0 0 0 0 47 69 0 5 0 0 0 0 88 55 0 0 0 0 38 0 0 0 45 0 4 44 91 0 0 97 0 0 0 0 0 0 65 0 5 0 0 98 13 74 0 0 0 0 0 0 0 56 65 46 1 0 0 0 0 72 52 34 0 74 0 0 0 0 8 88 0 0 0 68 86 0 0 46 100 46 0 37 
0 7 0 0 4 0 53 0 76 0 0 47 72 0 0 66 0 71 26 2 15 38 24 0 0 0 29 0 0 0 0 0 26 0 0 0 0 94 46 0 0 0 46 0 0 0 0 44 0 74 40 4 75 0 0 50 58 24 0 0 43 62 0 0 0 68 0 0 0 0 0 9 0 65 14 0 14 8 0 25 67 20 11 53 71 0 62 0 31 0 0 0 88 0 0 81 0 0 40 0 
0 0 0 0 0 0 13 0 0 86 43 23 57 99 81 0 0 46 0 0 25 0 68 15 0 0 73 0 88 0 0 63 0 63 0 0 0 0 0 0 0 0 0 0 0 67 0 0 3 0 0 0 0 36 0 0 0 59 0 57 15 27 0 0 0 26 0 0 0 36 32 0 92 0 0 94 0 0 0 96 79 0 85 0 0 0 0 0 0 0 0 100 0 0 20 9 0 47 11 52 
0 96 0 42 0 29 0 91 0 0 0 0 0 0 0 0 82 0 0 0 82 99 0 3 0 43 0 0 55 0 63 0 0 76 36 44 9 64 57 74 0 0 96 48 0 0 0 0 0 46 0 0 66 49 0 77 0 0 4 0 0 49 41 0 0 26 3 13 11 97 21 0 0 89 0 0 0 19 0 77 0 1 0 88 0 11 0 0 0 0 0 0 0 88 50 0 0 79 0 81 
18 0 0 30 43 0 0 0 0 0 94 82 33 0 0 37 0 0 0 0 0 0 74 23 0 0 0 75 0 26 0 0 0 0 84 22 19 41 0 0 0 0 96 0 43 0 0 0 41 0 0 0 3 0 0 80 50 52 0 0 88 72 91 0 0 95 51 0 0 0 0 47 8 0 0 21 10 0 21 0 0 9 0 0 51 0 74 27 0 0 69 0 30 19 0 0 0 0 0 0 
0 0 4 0 55 0 28 0 0 24 0 89 0 0 0 58 5 100 0 82 0 17 97 66 0 99 83 65 0 0 63 76 0 0 75 30 0 67 0 17 59 0 0 1 0 27 0 81 9 0 20 0 1 72 0 0 40 62 95 0 12 6 0 0 0 82 6 42 0 0 0 0 45 0 0 0 23 35 0 0 0 0 0 40 48 0 80 92 0 0 0 11 74 0 61 0 0 2 92 85 
80 17 0 68 0 61 0 89 0 0 0 2 0 25 0 45 0 52 0 0 33 0 0 0 31 0 43 0 0 0 0 36 84 75 0 0 0 7 0 0 0 0 3 0 0 47 0 45 0 0 56 0 80 97 0 0 1 38 0 0 28 0 0 32 0 85 55 12 78 0 95 0 64 0 16 55 0 84 34 11 0 0 0 0 85 0 0 0 0 39 14 0 72 0 59 16 0 0 0 16 
0 67 0 0 50 24 0 0 77 0 33 29 46 38 6 31 77 0 4 0 0 89 4 0 0 59 0 83 0 0 0 44 22 30 0 0 0 0 30 0 0 45 81 14 0 0 46 97 58 82 99 0 15 78 78 0 0 39 42 36 79 0 0 39 0 0 0 0 0 27 14 0 0 0 0 3 0 0 0 0 0 20 12 84 0 78 0 0 22 0 0 0 0 0 0 0 97 0 0 0 
0 0 17 0 29 12 55 0 63 37 50 86 0 0 0 0 37 43 0 0 0 0 34 0 13 0 49 0 38 0 0 9 19 0 0 0 0 22 49 79 0 17 3 0 0 0 0 0 83 0 56 98 0 0 0 0 10 0 0 0 31 17 99 19 22 40 0 13 15 0 0 0 0 0 16 0 0 37 0 0 34 19 0 15 0 0 99 0 9 0 40 0 30 0 14 0 17 0 0 0 
38 0 0 0 0 0 0 83 0 56 89 0 80 0 70 0 44 0 79 37 0 0 94 9 0 0 7 60 0 94 0 64 41 67 7 0 22 0 9 0 0 0 0 0 0 44 60 52 0 87 0 51 0 8 0 0 79 0 0 0 0 0 6 0 75 87 0 0 0 0 0 0 65 67 52 0 60 40 0 0 82 0 80 0 0 0 13 79 8 0 11 0 0 0 0 0 81 0 0 0 
0 0 16 0 71 0 29 0 0 77 0 0 75 0 97 0 0 0 7 0 0 0 0 0 82 0 0 0 0 46 0 57 0 0 0 30 49 9 0 70 66 0 33 0 0 57 0 0 12 0 30 0 54 0 19 0 14 0 14 50 23 0 0 0 0 0 66 90 83 0 60 0 52 0 0 66 97 49 0 0 0 94 0 87 19 44 0 0 0 0 9 94 0 0 0 0 0 50 93 0 
0 0 48 34 48 0 0 75 0 0 48 54 0 0 0 0 89 0 53 41 68 0 63 0 0 82 93 0 0 0 0 74 0 17 0 0 79 0 70 0 34 49 34 70 25 0 88 36 95 68 0 0 19 0 74 0 0 0 50 34 0 0 53 52 14 53 1 0 0 0 0 0 0 0 0 0 49 80 0 0 0 0 0 0 92 90 10 38 0 0 10 88 38 0 60 0 0 91 80 0 
44 0 0 87 0 11 76 0 0 64 88 0 76 75 71 0 0 0 75 0 0 66 54 0 0 0 0 67 45 0 0 0 0 59 0 0 0 0 66 34 0 0 91 0 11 0 62 82 64 0 12 24 0 0 30 21 0 0 0 0 0 0 0 0 38 93 0 0 69 39 0 21 20 36 0 0 88 62 0 75 17 75 0 0 0 22 0 0 0 20 0 63 0 37 44 94 0 0 49 0 
31 38 0 0 0 76 0 53 28 29 0 0 0 33 0 0 0 0 9 0 0 85 0 0 0 0 0 31 0 0 0 0 0 0 0 45 17 0 0 49 0 0 59 0 64 95 46 38 32 0 66 5 0 0 0 0 0 0 83 0 0 0 0 0 57 24 0 5 0 0 0 0 94 17 0 0 0 84 92 22 54 0 93 94 0 2 0 1 12 14 74 0 56 0 92 0 0 25 68 0 
4 0 0 0 0 0 36 0 38 97 74 0 41 0 0 52 93 2 0 4 0 87 86 0 0 0 0 0 4 46 0 96 96 0 3 81 3 0 33 34 91 59 0 78 2 0 0 0 0 0 0 0 0 5 0 0 0 1 0 76 0 0 79 74 0 55 0 94 0 2 0 0 63 0 96 87 83 0 0 68 88 47 55 0 0 78 65 51 0 0 0 0 0 0 70 98 0 0 0 0 
0 26 0 95 80 0 70 30 0 18 0 5 45 84 0 57 22 0 0 17 0 70 89 65 0 0 0 23 44 0 0 48 0 1 0 14 0 0 0 70 0 0 78 0 2 0 78 47 0 0 0 0 58 21 0 0 64 0 0 88 1 0 64 40 0 0 0 37 9 0 19 16 0 76 19 32 0 0 59 0 0 71 0 0 0 66 13 62 74 0 0 4 8 40 42 43 0 0 0 0 
0 0 0 0 0 0 15 48 0 81 0 35 0 20 10 0 0 0 74 86 51 0 0 90 0 0 0 12 91 0 0 0 43 0 0 0 0 0 0 25 11 64 2 2 0 0 10 0 0 0 0 65 65 67 0 95 0 0 0 22 0 67 12 36 0 0 0 68 0 65 85 8 52 0 91 24 0 75 0 64 0 76 0 0 0 52 13 54 72 0 0 99 0 93 0 0 9 0 0 21 
54 80 54 0 0 0 31 74 0 0 0 51 0 0 0 77 80 0 42 0 0 0 0 0 0 64 75 0 0 0 67 0 0 27 47 0 0 44 57 0 0 95 0 0 0 0 91 54 0 0 0 13 12 0 43 17 37 99 0 0 33 29 35 21 0 91 0 38 0 0 4 0 0 60 26 75 91 16 0 75 0 0 0 0 64 0 36 30 15 76 0 0 0 0 38 0 0 0 0 0 
55 76 33 17 96 0 0 0 20 0 86 85 0 0 0 0 0 19 0 0 54 100 0 68 0 95 47 0 0 0 0 0 0 0 0 46 0 60 0 88 62 46 0 78 10 91 0 34 6 0 0 46 0 0 42 0 90 0 37 44 0 8 0 0 0 0 0 3 41 0 11 87 0 0 0 0 59 75 0 0 61 51 0 49 0 19 21 0 2 0 61 0 42 31 0 49 0 0 53 92 
0 0 0 0 0 0 5 22 53 91 63 6 0 0 64 0 93 67 99 0 12 41 56 0 55 9 0 0 97 44 0 0 0 81 45 97 0 52 0 36 82 38 0 47 0 54 34 0 100 0 0 0 0 9 0 24 32 0 90 4 20 14 50 0 0 0 0 0 0 0 0 0 18 0 4 0 24 51 0 0 18 0 0 0 58 0 0 8 26 0 0 82 0 0 1 0 65 0 0 51 
0 0 78 69 0 0 0 15 0 45 0 88 71 0 42 0 0 0 0 0 0 70 32 0 21 0 51 69 0 0 3 0 41 9 0 58 83 0 12 95 64 32 0 0 0 0 6 100 0 3 0 0 0 0 4 46 13 0 0 33 0 72 0 51 42 0 83 60 65 0 64 0 18 21 0 0 13 0 76 55 0 23 0 0 0 0 0 0 0 0 27 34 0 65 0 0 0 35 4 63 
0 0 0 86 0 0 2 0 0 0 0 0 0 0 6 58 20 17 0 66 0 0 0 0 0 56 0 0 0 74 0 46 0 0 0 82 0 87 0 68 0 0 0 0 0 0 0 0 3 0 25 91 15 0 0 26 65 74 96 31 0 36 19 0 37 0 0 0 0 89 0 58 0 0 0 0 0 84 76 0 62 71 83 0 0 0 0 34 73 0 0 8 0 0 0 7 0 14 0 0 
52 0 0 18 40 0 0 54 0 0 0 0 1 55 0 46 0 92 79 0 0 7 36 67 5 96 79 0 0 40 0 0 0 20 56 99 56 0 30 0 12 66 0 0 0 0 0 0 0 25 0 0 5 0 0 0 0 0 30 79 0 87 30 0 69 6 34 33 0 0 0 0 0 0 0 0 0 0 18 96 0 69 25 0 0 0 0 0 0 0 0 94 0 0 0 0 0 64 40 68 
0 0 0 21 0 77 0 0 58 0 0 26 0 0 98 90 0 17 84 0 0 0 0 0 47 8 25 40 0 4 0 0 0 0 0 0 98 51 0 0 24 5 0 0 65 13 46 0 0 91 0 0 0 0 0 0 12 38 0 5 0 72 0 0 0 59 0 62 36 0 50 0 0 0 80 0 52 65 0 20 54 56 0 0 21 33 0 11 35 11 69 82 0 0 8 0 0 83 38 0 
90 6 0 49 81 89 76 0 0 50 57 86 40 0 65 0 0 0 97 89 28 4 0 7 0 0 47 0 0 75 0 66 3 1 80 15 0 0 54 19 0 0 0 58 65 12 0 0 0 15 5 0 0 41 95 38 82 0 0 73 0 0 0 0 0 62 0 0 64 0 0 0 82 5 0 24 0 0 8 49 0 0 38 73 35 0 35 63 38 55 0 0 0 0 49 0 0 0 0 0 
0 0 0 12 0 0 0 0 0 0 28 30 0 66 0 5 0 39 0 0 98 95 0 16 0 0 80 27 0 0 36 49 0 72 97 78 0 8 0 0 0 0 5 21 67 0 0 9 0 0 0 0 41 0 0 81 0 98 72 0 92 83 9 31 35 0 4 16 0 14 61 0 0 4 12 0 0 8 2 7 0 0 0 0 59 35 33 0 0 14 0 30 0 0 0 0 0 0 0 72 
54 0 0 0 90 8 20 21 14 97 98 0 94 0 0 89 38 45 0 0 91 0 85 32 0 17 29 79 65 0 0 0 0 0 0 78 0 0 19 74 30 0 0 0 0 43 42 0 4 0 0 0 95 0 0 69 0 0 71 0 10 56 50 0 85 0 0 0 18 0 19 0 0 0 84 5 80 3 0 25 0 0 94 100 66 0 0 0 71 0 0 0 39 0 0 61 0 0 0 72 
17 73 0 20 23 0 81 2 58 34 0 0 95 95 0 95 36 58 34 0 0 0 0 0 0 0 0 25 0 50 0 77 80 0 0 0 0 0 0 0 21 0 0 0 95 17 0 24 46 26 0 0 38 81 69 0 0 0 0 0 6 30 0 54 77 58 0 99 39 0 0 0 98 84 0 34 36 79 0 0 0 0 0 0 0 0 48 0 42 0 91 0 16 37 60 100 0 67 0 83 
22 0 0 17 82 20 0 56 0 0 0 0 100 0 47 28 0 0 0 0 0 0 0 0 0 0 69 33 5 58 0 0 50 40 1 0 10 79 14 0 0 0 0 64 0 37 90 32 13 65 0 12 82 0 0 0 0 0 0 24 0 0 60 82 0 81 0 0 0 0 67 66 0 89 0 79 0 0 0 0 0 0 0 29 0 89 0 86 0 0 0 23 0 0 0 0 0 0 89 0 
75 0 0 0 0 86 0 44 0 4 0 60 0 0 0 0 0 0 13 37 16 0 0 0 95 0 0 0 0 24 59 0 52 62 38 39 0 0 0 0 0 0 1 0 0 99 0 0 0 74 0 38 0 98 0 0 0 0 0 0 91 0 0 72 0 54 44 0 0 31 0 80 0 0 0 0 25 8 0 0 0 0 0 8 0 85 0 1 66 0 88 37 83 82 0 0 0 68 0 0 
0 0 0 0 0 0 0 19 0 54 76 38 23 66 0 0 47 0 0 97 0 0 94 22 80 7 41 0 0 0 0 4 0 95 0 42 0 0 14 50 0 83 0 0 0 0 37 90 0 96 30 0 0 72 71 0 0 0 0 1 0 25 0 9 31 38 37 21 63 87 94 85 0 0 43 61 0 30 0 79 0 0 65 15 64 17 18 0 0 0 0 42 89 0 25 0 0 0 10 55 
48 0 81 0 0 0 0 0 0 0 0 3 95 0 76 0 4 0 56 0 0 94 0 52 31 0 0 0 98 0 57 0 0 0 0 36 0 0 50 34 0 0 76 88 22 0 44 4 33 31 79 5 73 0 0 0 24 0 1 0 0 31 0 0 0 68 25 72 0 0 0 70 0 39 0 0 64 1 18 17 0 7 78 0 90 0 57 39 97 0 12 0 28 0 94 3 29 0 11 1 
0 0 0 0 36 35 12 92 0 4 0 0 0 93 3 99 0 31 0 0 0 27 0 25 97 0 41 0 13 43 15 0 88 12 28 79 31 0 23 0 0 0 0 1 0 33 0 20 0 0 0 0 0 92 10 6 0 91 0 0 0 0 30 0 0 0 0 54 0 0 3 32 0 0 57 0 0 58 0 0 52 3 55 62 0 0 16 9 0 5 0 26 81 40 0 85 81 15 11 26 
0 0 0 0 0 0 0 0 0 81 0 0 0 14 0 44 0 0 0 32 84 77 0 59 0 14 0 50 74 62 27 49 72 6 0 0 17 0 0 0 0 0 0 0 67 29 8 14 72 36 87 72 0 83 56 30 0 0 25 31 0 0 59 0 8 33 0 0 99 0 68 0 67 0 68 57 43 0 0 83 52 0 0 0 0 25 0 15 24 51 84 0 2 65 0 0 75 0 0 0 
0 0 0 84 0 83 0 89 0 0 4 0 0 96 0 94 39 91 78 95 0 97 60 0 9 0 74 0 0 0 0 41 91 0 0 0 99 6 0 53 0 0 79 64 12 35 0 50 0 19 30 0 0 9 50 0 60 0 0 0 30 59 0 0 0 83 21 86 0 48 0 34 0 0 0 51 0 53 80 19 0 4 0 100 0 0 65 0 100 30 0 25 0 48 0 0 0 0 0 0 
0 0 89 39 0 0 9 0 92 91 12 71 0 0 0 99 46 0 0 0 57 0 84 0 0 0 35 0 0 0 0 0 0 0 32 39 19 0 0 52 0 0 74 40 36 21 0 0 51 0 0 0 0 31 0 54 82 72 9 0 0 0 0 0 0 0 0 0 49 37 88 0 96 0 11 0 0 0 0 23 0 96 87 76 61 59 15 47 0 0 88 0 0 0 83 0 0 18 39 61 
0 0 27 0 0 0 0 0 0 0 0 0 29 0 0 15 0 0 64 0 0 0 64 0 20 0 100 0 0 0 0 0 0 0 0 0 22 75 0 14 38 57 0 0 0 0 0 0 42 37 69 0 0 35 85 77 0 0 31 0 0 8 0 0 0 0 0 0 96 0 30 45 0 0 97 0 0 0 41 82 0 0 82 0 0 82 0 29 21 25 0 76 52 0 87 40 65 0 19 0 
66 99 58 0 76 18 34 15 0 0 88 0 0 0 0 0 0 0 0 0 0 0 0 13 99 0 0 0 0 68 26 26 95 82 85 0 40 87 0 53 93 24 55 0 0 91 0 0 0 0 6 59 62 0 0 58 81 54 38 68 0 33 83 0 0 0 88 0 43 0 0 77 66 31 0 0 0 0 35 0 73 0 0 0 57 9 70 20 76 0 0 10 0 16 42 25 0 0 0 81 
0 0 72 0 39 0 0 74 0 0 41 0 0 0 0 0 0 0 0 0 0 29 0 0 0 0 0 92 0 0 0 3 51 6 55 0 0 0 66 1 0 0 0 0 0 0 0 0 83 0 34 0 0 4 0 0 0 44 37 25 0 0 21 0 0 88 0 51 0 0 6 0 0 0 45 38 95 0 27 0 17 0 0 22 0 0 0 0 0 0 0 0 28 0 72 87 0 60 65 0 
94 4 0 0 1 0 97 0 0 0 0 0 0 0 0 0 13 91 7 0 43 0 0 83 24 49 0 0 0 0 0 13 0 42 12 0 13 0 90 0 0 5 94 37 68 38 3 0 60 0 33 62 0 16 0 99 0 0 21 72 54 0 86 0 0 0 51 0 0 46 0 0 14 1 0 0 0 40 99 0 0 0 69 0 0 13 0 0 44 0 0 0 60 4 0 3 87 7 71 71 
0 84 0 42 0 18 86 0 0 51 0 90 0 26 81 0 39 0 0 15 0 50 0 0 0 0 0 0 0 0 0 11 0 0 78 0 15 0 83 0 69 0 0 9 0 0 41 0 65 0 0 36 64 0 18 39 0 0 63 0 0 99 0 49 96 43 0 0 0 0 0 80 0 19 0 0 12 91 30 22 18 47 12 0 0 0 0 38 10 0 85 0 37 55 14 0 100 70 0 0 
22 97 94 0 39 0 70 25 52 45 0 0 27 0 0 0 0 0 38 0 0 10 34 0 69 15 50 0 56 0 36 97 0 0 0 27 0 0 0 0 39 0 2 0 65 0 0 0 0 89 0 0 0 14 0 0 0 31 87 0 0 0 48 37 0 0 0 46 0 0 0 89 13 6 0 0 41 35 0 64 0 0 78 5 0 0 0 0 89 0 14 0 0 71 0 71 67 85 66 0 
0 18 0 0 18 51 25 0 0 0 74 0 0 0 0 0 41 0 0 89 9 0 80 0 25 0 62 0 65 0 32 21 0 0 95 14 0 0 60 0 0 0 0 19 85 4 11 0 64 0 0 50 0 61 19 0 67 0 94 0 3 68 0 88 30 0 6 0 0 0 0 81 44 91 0 36 28 0 0 0 71 90 52 71 41 0 0 87 33 0 0 93 0 0 37 53 39 73 0 49 
64 76 73 0 0 46 0 73 0 57 27 21 0 68 0 0 0 0 0 0 71 0 0 0 41 94 0 28 46 9 0 0 47 0 0 0 0 0 0 0 21 0 0 16 8 0 87 0 0 58 0 0 0 0 0 0 66 80 85 70 32 0 34 0 45 77 0 0 80 89 81 0 85 5 12 31 0 0 0 67 0 0 91 0 9 0 0 0 0 0 58 0 0 0 0 0 0 0 19 69 
0 51 10 0 68 0 0 75 0 0 0 0 0 22 94 0 99 95 0 17 97 0 56 0 0 0 78 0 1 0 92 0 8 45 64 0 0 65 52 0 20 94 63 0 52 0 0 18 18 0 0 0 82 0 0 98 0 0 0 0 0 67 0 96 0 66 0 14 0 13 44 85 0 57 80 0 5 52 74 0 0 1 8 32 2 0 0 0 83 0 0 58 87 88 0 0 0 0 0 0 
0 53 26 12 0 20 34 78 18 0 53 0 0 0 22 61 90 0 97 7 21 20 7 35 36 34 89 0 0 65 0 89 0 0 0 0 0 67 0 0 36 17 0 76 0 60 0 0 21 0 0 0 5 4 0 84 89 0 0 39 0 0 0 0 0 31 0 1 19 6 91 5 57 0 0 0 0 0 0 0 77 84 77 0 0 0 0 0 27 23 57 3 55 13 79 0 0 0 0 0 
0 0 0 4 21 0 24 33 0 0 0 0 0 98 60 0 100 73 0 95 0 65 0 35 0 61 0 0 0 14 0 0 0 0 16 0 16 52 0 0 0 0 96 19 91 26 0 4 0 0 0 80 0 12 84 0 0 0 43 0 57 68 0 11 97 0 45 0 0 0 0 12 80 0 0 65 0 0 11 60 0 78 31 30 0 0 0 0 91 16 0 0 0 32 0 0 89 0 0 0 
75 21 24 6 0 67 0 2 0 0 0 0 6 22 69 0 0 0 0 0 90 0 51 9 7 0 88 74 0 0 94 0 21 0 55 3 0 0 66 0 0 0 87 32 24 75 0 0 0 0 0 0 24 0 5 34 79 0 61 0 0 57 51 0 0 0 38 0 0 0 36 31 0 0 65 0 0 30 61 0 81 54 65 0 0 0 0 0 14 0 0 71 0 0 0 91 67 0 70 14 
59 0 32 0 99 22 0 37 0 0 0 0 0 26 0 0 0 48 0 0 8 18 13 89 31 53 0 71 0 14 0 0 10 23 0 0 0 60 97 49 88 0 83 0 0 91 59 24 13 0 0 52 0 0 80 36 0 25 0 64 0 43 0 0 0 0 95 0 12 41 28 0 5 0 0 0 0 0 25 40 97 0 0 0 0 0 40 0 40 88 0 0 32 0 14 6 27 0 49 36 
0 0 0 0 34 0 0 0 0 0 14 93 91 0 94 11 0 0 0 0 0 0 74 0 80 0 53 0 72 8 0 19 0 35 84 0 37 40 49 80 62 84 0 0 75 16 75 51 0 84 0 65 0 8 3 79 0 8 30 1 58 0 53 0 0 0 0 40 91 35 0 0 52 0 0 30 0 0 0 54 15 20 0 71 0 0 68 0 16 42 34 77 0 31 0 0 0 0 14 0 
3 85 0 40 0 0 0 0 0 16 0 0 15 0 19 0 4 86 62 0 91 0 23 0 0 0 0 0 52 0 0 0 21 0 34 0 0 0 0 0 0 92 0 59 0 0 0 0 76 76 18 0 8 2 0 0 0 0 0 18 0 0 80 0 41 35 27 99 30 0 0 0 74 0 11 61 25 0 0 0 55 5 0 0 0 61 0 22 0 0 6 34 99 6 54 81 0 0 0 88 
0 0 0 92 0 0 57 86 0 0 25 0 54 0 0 62 10 0 0 100 29 0 0 58 0 17 0 0 34 25 96 77 0 0 11 0 0 0 0 0 75 22 68 0 64 75 0 0 55 0 96 20 49 7 25 0 0 0 79 17 0 83 19 23 82 0 0 0 22 64 0 67 0 0 60 0 40 54 0 0 0 43 0 10 63 0 29 7 0 48 0 77 53 24 0 0 0 0 50 0 
100 0 0 0 71 0 17 31 14 1 0 87 0 0 0 0 52 0 0 0 70 0 0 0 0 0 0 0 0 67 79 0 0 0 0 0 34 82 0 0 17 54 88 0 0 0 61 18 0 62 0 54 0 0 0 0 0 0 0 0 52 52 0 0 0 73 17 0 18 0 71 0 0 77 0 81 97 15 55 0 0 0 0 22 0 0 0 29 0 5 43 0 9 0 2 0 0 0 0 55 
0 0 77 95 0 0 86 60 0 0 0 0 73 0 15 85 10 0 0 12 0 0 12 17 0 58 97 0 74 20 0 1 9 0 0 20 19 0 94 0 75 0 47 71 76 0 51 0 23 71 69 56 0 0 0 0 0 0 0 7 3 0 4 96 0 0 0 0 47 0 90 0 1 84 78 54 0 20 5 43 0 0 0 0 0 61 0 49 0 96 26 0 0 3 0 0 0 0 39 0 
0 0 0 0 0 66 73 0 0 0 87 12 0 23 0 98 0 0 80 63 0 1 0 51 0 99 2 0 0 11 85 0 0 0 0 12 0 80 0 0 0 93 55 0 0 0 0 0 0 83 25 0 38 0 94 0 0 0 65 78 55 0 0 87 82 0 0 69 12 78 52 91 8 77 31 65 0 0 0 0 0 0 0 27 60 0 57 0 45 0 38 60 84 0 0 0 0 82 100 0 
0 95 19 0 0 0 0 59 0 14 0 0 0 0 87 0 90 63 0 0 0 36 0 45 6 0 60 80 0 53 0 88 0 40 0 84 15 0 87 0 0 94 0 0 0 0 49 0 0 0 0 0 73 0 100 0 29 8 15 0 62 0 100 76 0 0 22 0 0 5 71 0 32 0 30 0 0 71 0 10 22 0 27 0 0 86 30 0 0 0 0 73 0 0 23 51 0 0 0 19 
64 0 42 100 86 32 7 0 91 0 70 0 33 53 0 0 45 0 59 0 0 18 73 56 0 39 0 0 0 71 0 0 51 48 85 0 0 0 19 92 0 0 0 0 0 64 0 58 0 0 0 21 35 59 66 0 0 0 64 90 0 0 0 61 0 57 0 0 0 0 41 9 2 0 0 0 0 0 0 63 0 0 60 0 0 66 0 0 0 28 4 0 4 0 0 61 13 0 0 10 
69 0 0 62 45 45 0 29 5 0 6 37 0 47 0 68 0 84 0 0 0 16 0 0 31 0 74 0 0 0 0 11 0 0 0 78 0 0 44 90 22 2 78 66 52 0 19 0 0 0 0 33 0 35 0 0 89 85 17 0 0 25 0 59 82 9 0 13 0 0 0 0 0 0 0 0 0 0 61 0 0 61 0 86 66 0 0 95 70 79 0 48 32 78 37 50 0 0 0 0 
63 44 0 62 28 0 0 0 0 17 79 24 0 32 55 34 0 0 0 88 0 0 50 17 5 87 95 93 8 62 0 0 74 80 0 0 99 13 0 10 0 0 65 13 13 36 21 0 0 0 0 0 35 33 0 48 0 0 18 57 16 0 65 15 0 70 0 0 0 0 0 0 0 0 0 0 40 68 0 29 0 0 57 30 0 0 0 92 0 45 0 0 0 95 92 46 92 0 0 73 
0 69 0 0 0 0 0 0 0 21 66 19 0 0 0 0 17 0 76 0 85 51 34 0 53 0 96 73 88 0 0 0 27 92 0 0 0 79 0 38 0 1 51 62 54 30 0 8 0 34 0 11 63 0 0 0 86 1 0 39 9 15 0 47 29 20 0 0 38 0 87 0 0 0 0 0 0 0 22 7 29 49 0 0 0 95 92 0 0 0 83 20 34 0 0 1 0 0 41 53 
75 0 0 0 90 47 0 0 44 48 0 43 12 0 16 0 42 4 0 63 0 88 1 0 0 0 0 0 0 31 0 0 0 0 0 22 9 8 0 0 0 12 0 74 72 15 2 26 0 73 0 35 38 0 71 42 0 66 0 97 0 24 100 0 21 76 0 44 10 89 33 0 83 27 91 14 40 16 0 0 0 0 45 0 0 70 0 0 0 0 60 0 0 88 44 0 74 0 0 0 
77 0 53 0 79 85 0 0 30 77 0 10 0 0 87 0 0 0 0 0 0 49 79 0 33 0 0 5 0 0 0 0 0 0 39 0 0 0 0 0 20 14 0 0 0 76 0 0 0 0 0 11 55 14 0 0 0 0 0 0 5 51 30 0 25 0 0 0 0 0 0 0 0 23 16 0 88 42 0 48 5 96 0 0 28 79 45 0 0 0 0 100 93 0 0 0 21 30 80 0 
0 13 0 0 95 0 69 0 0 0 97 0 75 0 0 0 0 34 20 98 81 46 0 0 74 0 78 46 0 0 0 0 69 0 14 0 40 11 9 10 0 74 0 0 0 0 61 0 27 0 0 69 0 0 0 91 0 88 0 12 0 84 0 88 0 0 0 0 85 14 0 58 0 57 0 0 0 34 6 0 43 26 38 0 4 0 0 83 60 0 0 18 59 0 0 0 24 0 0 0 
0 0 0 0 29 0 94 30 89 0 0 0 0 0 0 0 0 30 74 71 0 0 0 4 14 79 59 14 68 0 100 0 0 11 0 0 0 0 94 88 63 0 0 4 99 0 0 82 34 8 94 82 0 30 0 0 23 37 42 0 26 0 25 0 76 10 0 0 0 0 93 0 58 3 0 71 0 77 34 77 0 0 60 73 0 48 0 20 0 100 18 0 0 75 0 74 20 0 0 84 
0 6 0 0 0 47 0 0 11 0 12 31 0 15 0 0 76 0 0 0 0 0 0 77 79 0 32 17 86 88 0 0 30 74 72 0 30 0 0 38 0 56 0 8 0 0 42 0 0 0 0 0 0 0 39 16 0 83 89 28 81 2 0 0 52 0 28 60 37 0 0 0 87 55 0 0 32 0 99 53 9 0 84 0 4 32 0 34 0 93 59 0 0 61 50 0 57 0 51 0 
77 29 0 22 0 53 7 17 0 53 0 46 55 43 0 81 83 96 56 0 0 0 72 0 61 0 0 0 0 0 0 88 19 0 0 0 0 0 0 0 37 0 0 40 93 0 31 0 65 0 0 0 0 0 0 37 0 82 0 0 40 65 48 0 0 16 0 4 55 71 0 0 88 13 32 0 0 31 6 24 0 3 0 0 0 78 95 0 88 0 0 75 61 0 0 0 8 22 0 0 
20 76 0 0 0 0 0 0 15 17 25 12 0 0 6 0 0 0 46 0 50 27 26 26 0 77 100 37 0 0 20 50 0 61 59 0 14 0 0 60 44 92 70 42 0 38 0 1 0 0 0 8 49 0 0 60 0 0 25 94 0 0 0 83 87 42 72 0 14 0 37 0 0 79 0 0 14 0 54 0 2 0 0 23 0 37 92 0 44 0 0 0 50 0 0 9 0 0 69 12 
0 0 51 91 0 0 0 80 0 0 16 0 61 66 0 0 42 21 96 0 0 0 0 4 61 36 38 85 46 81 9 0 0 0 16 0 0 0 0 0 94 0 98 43 0 0 49 0 0 7 0 0 0 0 61 100 0 0 0 3 85 0 0 0 40 25 87 3 0 71 53 0 0 0 0 91 6 0 81 0 0 0 0 51 61 50 46 1 0 0 0 74 0 0 9 0 84 42 95 0 
98 0 0 81 16 0 44 0 2 0 39 81 0 0 0 0 0 0 42 78 0 0 0 42 23 6 20 50 100 0 0 0 0 0 0 97 17 81 0 0 0 0 0 0 9 0 0 65 0 0 0 0 0 0 0 0 0 0 0 29 81 75 0 0 65 0 0 87 100 67 39 0 0 0 89 67 27 0 0 0 0 0 0 0 13 0 92 0 74 21 24 20 57 8 0 84 0 0 0 7 
0 2 21 49 55 0 75 0 0 88 41 0 7 0 29 92 0 38 13 0 33 0 88 85 0 0 0 48 46 0 47 79 0 2 0 0 0 0 50 91 0 25 0 0 0 0 0 0 35 14 64 83 0 0 0 67 0 68 0 0 15 0 0 18 0 0 60 7 70 85 73 0 0 0 0 0 0 0 0 0 0 0 82 0 0 0 0 0 0 30 0 0 0 22 0 42 0 0 22 0 
0 0 42 72 36 92 0 83 45 17 6 60 0 0 0 0 45 0 0 53 79 38 0 0 12 16 90 64 0 40 11 0 0 92 0 0 0 0 93 80 49 68 0 0 0 0 53 0 4 0 40 38 0 0 0 0 89 0 10 11 11 0 0 39 19 0 65 71 0 66 0 19 0 0 0 70 49 14 0 50 0 39 100 0 0 0 0 41 0 80 0 0 51 0 69 95 0 22 0 0 
0 35 15 0 45 88 20 0 0 0 0 89 0 38 0 42 0 0 0 0 43 73 0 0 0 0 33 53 37 0 52 81 0 85 16 0 0 0 0 0 0 0 0 0 21 0 92 51 63 0 68 0 0 72 72 83 0 0 55 1 26 0 0 61 0 81 0 71 0 0 49 69 0 0 0 14 36 0 88 0 55 0 0 19 10 0 73 53 0 0 0 84 0 0 12 0 7 0 0 0 
