0 7 94 75 0 0 0 0 99 0 100 0 71 75 27 67 0 0 91 54 0 17 82 76 40 0 0 57 0 0 49 0 0 98 0 92 0 0 27 0 22 17 0 0 68 0 0 26 0 54 0 73 40 39 58 0 91 0 63 0 0 0 0 82 36 12 0 0 0 0 79 0 0 72 0 91 0 0 68 88 70 48 0 0 0 0 0 26 0 58 37 43 0 87 62 0 11 11 6 0 
7 0 10 0 0 97 57 0 0 0 0 0 92 0 93 0 0 0 0 0 65 27 0 0 0 0 100 88 67 79 80 0 12 3 55 0 0 9 89 0 3 0 10 89 50 17 1 64 0 0 0 0 0 0 88 92 0 34 71 0 82 0 87 0 0 0 0 0 26 75 100 72 85 74 38 0 31 87 0 11 98 7 68 14 0 0 9 0 0 0 0 14 0 0 39 0 0 0 0 93 
94 10 0 0 38 0 0 0 0 32 0 50 0 92 0 0 0 0 19 0 11 0 16 21 0 0 64 0 0 47 41 32 0 0 20 94 0 0 0 98 45 0 0 71 0 0 63 74 0 30 50 0 0 98 27 16 0 11 66 11 64 85 0 0 83 0 16 19 0 0 18 0 90 62 95 38 0 0 0 0 54 47 36 54 23 24 0 56 0 98 0 0 0 0 0 0 0 0 0 0 
75 0 0 0 0 0 59 0 58 95 26 0 90 0 0 0 0 85 0 0 100 53 0 0 80 0 44 0 34 0 0 0 26 0 0 0 0 0 62 0 62 0 0 0 0 0 0 0 63 66 0 0 2 0 19 79 73 29 92 0 2 0 4 0 0 0 0 1 23 0 0 0 0 57 0 0 0 97 0 0 0 38 0 0 12 0 23 22 33 0 0 0 39 62 0 0 0 18 0 0 
0 0 38 0 0 16 0 86 0 0 0 0 0 57 18 88 0 0 0 0 0 0 75 69 30 51 0 0 0 57 36 0 54 85 62 36 36 75 89 0 86 0 0 0 0 59 29 0 8 0 0 0 0 88 25 0 36 57 0 19 36 0 85 0 14 74 0 0 0 73 0 30 5 60 22 17 0 70 88 0 0 74 0 0 15 0 0 44 0 0 75 0 51 64 20 1 80 0 0 44 
0 97 0 0 16 0 0 0 0 0 5 74 56 0 17 0 45 0 0 0 92 0 0 88 0 0 0 2 40 0 49 68 0 60 0 0 15 0 0 9 0 65 65 0 0 0 0 0 0 91 69 0 28 86 1 0 85 0 97 0 96 62 93 15 0 0 3 81 9 0 0 0 0 0 0 77 0 99 0 79 15 47 22 42 28 87 81 0 88 34 79 0 42 0 0 57 0 64 0 7 
0 57 0 59 0 0 0 28 13 0 2 74 43 0 25 53 0 0 62 0 0 0 0 11 18 0 0 15 81 32 53 0 0 16 0 96 0 80 12 45 26 0 76 51 88 0 0 0 0 0 75 0 65 0 15 0 0 0 94 48 0 0 0 0 51 64 0 0 0 0 0 0 94 0 42 18 0 94 0 0 0 5 0 0 45 70 0 70 75 0 0 91 0 43 34 74 48 70 20 9 
0 0 0 0 86 0 28 0 0 46 0 0 0 0 96 0 0 19 47 0 0 35 0 0 0 0 0 85 25 98 0 10 0 0 0 0 25 22 96 40 64 26 90 0 84 52 0 0 0 41 53 0 0 0 50 45 75 2 0 92 13 0 77 0 0 0 0 0 81 5 0 0 0 0 0 0 47 68 0 0 74 0 41 80 93 25 0 0 0 38 0 0 20 0 0 0 0 73 0 74 
99 0 0 58 0 0 13 0 0 17 85 84 61 72 0 86 0 96 65 0 0 80 11 0 0 0 42 0 71 57 0 0 0 0 0 33 0 59 85 0 27 0 0 0 18 41 0 11 0 0 0 0 100 0 0 71 0 0 8 33 0 0 0 39 21 0 14 70 0 85 0 0 62 0 43 8 79 72 53 15 0 44 32 23 96 0 0 0 0 0 74 75 36 35 0 80 31 0 0 35 
0 0 32 95 0 0 0 46 17 0 32 0 0 0 0 60 0 0 69 15 74 0 88 63 21 0 99 94 32 0 0 0 0 0 0 0 0 72 33 68 0 80 0 0 0 26 0 0 0 0 100 0 77 3 0 0 59 6 29 0 0 0 48 85 0 0 0 0 0 0 44 0 85 9 29 0 0 0 66 0 49 10 75 68 0 0 68 0 17 0 0 83 0 0 5 0 0 62 0 0 
100 0 0 26 0 5 2 0 85 32 0 0 0 48 45 28 16 39 85 0 0 53 0 0 38 44 7 0 0 16 0 0 0 4 68 75 42 68 0 0 65 71 68 0 19 0 42 0 0 0 0 0 0 0 88 0 0 36 0 13 53 0 17 0 0 5 0 0 0 0 0 0 0 84 0 0 52 0 84 0 0 0 86 0 40 0 79 87 0 0 69 35 15 70 0 0 0 52 0 0 
0 0 50 0 0 74 74 0 84 0 0 0 48 0 0 23 87 0 0 8 0 0 0 81 0 32 25 0 0 46 0 0 0 80 0 6 56 59 0 96 49 0 10 18 0 46 9 0 0 41 64 93 86 0 23 47 0 15 0 11 87 0 0 0 0 0 64 80 0 0 0 88 0 2 0 84 75 66 40 0 8 0 68 0 0 25 0 24 72 0 0 0 0 0 24 25 0 0 63 0 
71 92 0 90 0 56 43 0 61 0 0 48 0 0 47 7 0 89 5 0 39 64 0 24 0 0 73 0 0 0 0 0 0 45 63 0 0 0 0 57 92 72 21 0 26 76 40 24 0 92 0 31 48 0 35 0 87 0 0 42 0 22 0 0 81 76 94 0 26 0 63 90 0 0 71 0 59 16 0 99 0 94 0 16 44 0 28 54 0 0 0 0 52 75 0 0 0 24 0 0 
75 0 92 0 57 0 0 0 72 0 48 0 0 0 0 0 7 0 93 0 0 0 59 0 89 0 41 0 27 28 46 68 0 10 55 0 9 0 0 0 99 0 0 73 0 55 0 0 54 88 69 15 97 15 0 0 57 85 3 0 0 50 0 0 0 86 0 51 90 50 0 0 0 0 75 0 0 0 0 0 89 30 13 0 20 0 0 39 95 0 0 0 29 74 0 38 0 30 34 44 
27 93 0 0 18 17 25 96 0 0 45 0 47 0 0 0 50 89 41 0 0 80 11 0 0 0 0 8 9 0 67 0 0 0 82 59 0 5 0 0 81 0 78 0 3 54 14 44 67 0 35 0 47 0 18 81 0 0 91 0 0 0 79 74 42 0 0 95 8 15 0 0 64 3 0 19 0 0 66 0 18 0 38 49 99 0 78 0 17 0 0 0 83 0 0 0 0 93 0 44 
67 0 0 0 88 0 53 0 86 60 28 23 7 0 0 0 35 0 0 0 2 0 83 0 0 0 0 0 66 68 20 0 0 0 91 0 0 0 0 0 0 50 94 85 0 0 0 0 0 16 71 27 0 19 27 73 53 86 0 0 0 26 58 0 0 0 0 24 0 0 63 0 0 0 75 0 26 0 0 0 20 0 0 0 87 0 0 0 85 35 27 0 8 0 0 0 31 75 33 0 
0 0 0 0 0 45 0 0 0 0 16 87 0 7 50 35 0 0 0 1 0 0 0 40 0 0 0 44 46 0 96 79 0 0 42 22 69 66 0 0 22 0 92 95 57 74 11 0 67 0 0 6 87 24 0 24 0 0 0 0 0 100 0 3 60 43 0 32 74 0 3 0 0 77 59 49 83 45 9 25 0 21 0 0 13 0 0 0 0 15 0 0 32 0 66 0 29 66 28 75 
0 0 0 85 0 0 0 19 96 0 39 0 89 0 89 0 0 0 0 19 55 0 14 0 38 4 93 0 70 0 0 0 0 0 90 98 73 0 29 96 0 0 0 34 0 0 0 0 7 86 0 0 0 0 0 15 0 26 0 91 0 43 46 0 65 0 0 0 48 0 0 0 0 0 74 38 75 0 0 0 64 87 89 0 0 0 0 32 89 0 48 66 35 0 88 0 11 0 76 77 
91 0 19 0 0 0 62 47 65 69 85 0 5 93 41 0 0 0 0 0 55 0 0 11 94 0 24 0 40 0 0 0 19 26 0 0 8 0 0 99 44 34 0 0 0 93 0 0 0 0 15 18 29 12 0 0 38 34 0 0 5 0 50 0 4 3 69 0 88 0 7 0 17 0 87 0 28 42 86 30 0 0 0 0 0 27 0 0 0 23 55 7 45 22 0 0 25 96 0 10 
54 0 0 0 0 0 0 0 0 15 0 8 0 0 0 0 1 19 0 0 0 68 0 0 69 95 0 0 0 0 0 0 0 0 0 65 0 0 62 0 81 0 0 40 0 46 98 65 94 8 77 52 0 0 0 0 35 0 54 0 80 46 0 26 28 0 0 26 0 0 76 0 0 77 9 0 18 0 40 99 94 86 0 25 0 0 78 0 62 49 0 0 26 0 50 0 18 72 70 0 
0 65 11 100 0 92 0 0 0 74 0 0 39 0 0 2 0 55 55 0 0 66 0 0 98 63 0 0 73 0 86 0 32 0 21 99 0 0 0 0 6 0 49 0 20 27 80 0 40 9 90 34 0 58 0 0 0 75 0 63 0 0 0 0 0 0 0 0 0 0 0 0 39 59 0 18 0 97 0 0 81 0 0 0 0 0 0 70 37 0 0 58 0 0 11 0 31 0 90 79 
17 27 0 53 0 0 0 35 80 0 53 0 64 0 80 0 0 0 0 68 66 0 40 0 3 0 0 0 7 95 13 78 51 0 0 88 0 0 16 39 0 16 40 29 65 51 0 0 0 0 5 0 93 0 26 78 63 67 0 0 0 0 0 0 0 50 95 0 0 86 0 53 0 43 0 75 66 33 0 0 0 25 0 0 0 94 80 21 0 0 16 34 0 0 37 47 29 0 77 88 
82 0 16 0 75 0 0 0 11 88 0 0 0 59 11 83 0 14 0 0 0 40 0 0 0 42 0 65 33 74 0 0 0 0 0 93 36 0 0 20 0 0 39 0 99 97 0 60 0 79 67 0 92 91 0 64 0 0 28 0 0 72 0 0 0 0 0 0 0 57 77 0 0 0 0 0 5 0 37 0 0 0 0 0 21 69 0 0 0 0 56 12 92 0 52 25 5 0 86 0 
76 0 21 0 69 88 11 0 0 63 0 81 24 0 0 0 40 0 11 0 0 0 0 0 0 5 64 90 0 94 27 0 0 0 86 0 0 0 65 27 0 87 0 63 30 0 0 59 0 0 0 0 0 0 0 0 0 0 0 84 52 7 0 37 34 0 0 0 48 0 76 78 78 44 0 0 0 84 0 8 0 0 67 21 74 0 0 19 0 0 0 0 90 90 0 0 0 0 0 56 
40 0 0 80 30 0 18 0 0 21 38 0 0 89 0 0 0 38 94 69 98 3 0 0 0 16 30 0 0 0 0 72 97 10 85 88 0 0 0 24 85 32 0 100 6 62 0 0 0 0 32 37 0 79 0 0 15 81 99 0 95 87 77 0 0 0 51 0 28 86 95 0 0 0 51 0 30 52 0 0 0 0 63 0 48 0 0 0 13 0 81 0 0 0 19 54 0 0 0 0 
0 0 0 0 51 0 0 0 0 0 44 32 0 0 0 0 0 4 0 95 63 0 42 5 16 0 0 0 44 0 0 41 0 0 77 11 26 73 0 7 0 0 0 21 0 55 11 0 0 2 46 0 68 29 0 75 0 0 88 0 100 0 0 75 0 0 0 0 3 0 64 67 0 13 1 0 100 52 80 0 26 0 39 0 0 0 0 0 74 0 93 0 97 60 0 0 11 0 0 0 
0 100 64 44 0 0 0 0 42 99 7 25 73 41 0 0 0 93 24 0 0 0 0 64 30 0 0 0 0 0 0 0 0 0 31 0 0 0 94 0 0 23 59 37 0 0 0 52 74 80 3 88 99 91 95 19 0 0 58 0 0 0 43 0 0 0 3 0 0 0 0 64 0 90 65 0 9 34 82 68 0 0 0 0 0 0 23 46 7 5 0 68 0 47 0 0 55 38 0 0 
57 88 0 0 0 2 15 85 0 94 0 0 0 0 8 0 44 0 0 0 0 0 65 90 0 0 0 0 27 0 97 0 0 22 0 0 35 0 0 14 42 0 98 0 0 29 38 0 0 59 0 0 0 0 6 0 0 0 38 3 0 29 0 84 0 0 0 0 0 45 0 24 0 0 0 64 0 41 41 32 0 58 97 11 0 78 0 69 0 84 72 0 0 50 0 3 0 0 92 54 
0 67 0 34 0 40 81 25 71 32 0 0 0 27 9 66 46 70 40 0 73 7 33 0 0 44 0 27 0 73 92 0 0 0 4 33 51 61 63 0 0 95 0 0 0 73 47 100 98 0 64 90 0 0 30 0 0 0 0 11 0 47 0 62 0 0 0 0 0 0 0 0 100 0 76 51 0 0 0 28 0 0 0 0 71 60 0 0 0 0 85 24 78 0 45 95 73 71 59 0 
0 79 47 0 57 0 32 98 57 0 16 46 0 28 0 68 0 0 0 0 0 95 74 94 0 0 0 0 73 0 52 0 100 1 21 0 61 0 0 0 88 34 0 0 0 33 0 0 13 15 0 0 0 52 0 0 0 0 100 0 55 71 40 0 21 0 0 13 0 0 74 0 0 0 0 70 0 0 7 0 24 81 61 0 0 0 100 0 0 0 3 0 0 96 0 38 76 0 0 0 
49 80 41 0 36 49 53 0 0 0 0 0 0 46 67 20 96 0 0 0 86 13 0 27 0 0 0 97 92 52 0 83 0 0 0 70 57 0 0 0 36 89 16 7 0 13 0 0 0 15 29 26 0 10 0 0 22 63 0 53 21 0 94 0 0 80 90 53 27 0 0 25 95 0 53 0 0 0 16 0 0 42 55 0 54 0 0 0 57 14 56 0 0 93 76 0 0 0 0 37 
0 0 32 0 0 68 0 10 0 0 0 0 0 68 0 0 79 0 0 0 0 78 0 0 72 41 0 0 0 0 83 0 90 0 0 0 0 54 0 0 0 0 97 0 0 45 0 0 0 0 83 0 0 40 0 0 0 63 37 0 14 48 0 0 0 66 0 0 43 17 7 61 25 59 0 0 0 0 29 80 0 0 13 0 0 0 0 79 94 0 28 0 0 0 0 19 48 83 6 0 
0 12 0 26 54 0 0 0 0 0 0 0 0 0 0 0 0 0 19 0 32 51 0 0 97 0 0 0 0 100 0 90 0 92 89 0 19 0 0 23 0 93 12 0 60 0 0 11 0 0 56 85 0 55 0 67 0 31 0 86 90 96 4 81 96 79 0 0 0 85 1 0 0 5 0 0 71 57 52 0 84 44 0 0 1 63 36 0 0 0 0 70 0 0 58 0 46 0 0 0 
98 3 0 0 85 60 16 0 0 0 4 80 45 10 0 0 0 0 26 0 0 0 0 0 10 0 0 22 0 1 0 0 92 0 70 0 47 32 95 79 56 51 16 25 89 0 0 0 0 0 43 65 0 0 2 89 0 69 0 29 0 0 0 0 68 0 94 54 0 63 0 0 79 36 25 84 0 0 0 19 0 0 66 6 0 0 16 3 0 0 94 10 0 6 0 33 63 0 24 82 
0 55 20 0 62 0 0 0 0 0 68 0 63 55 82 91 42 90 0 0 21 0 0 86 85 77 31 0 4 21 0 0 89 70 0 0 0 93 51 0 0 0 13 20 0 0 0 0 0 44 39 25 7 7 0 0 0 0 93 90 0 40 50 31 0 31 44 93 0 0 66 72 0 0 73 0 93 61 0 0 0 0 98 0 40 47 42 16 0 94 0 0 64 0 0 0 0 0 48 70 
92 0 94 0 36 0 96 0 33 0 75 6 0 0 59 0 22 98 0 65 99 88 93 0 88 11 0 0 33 0 70 0 0 0 0 0 72 0 0 0 0 90 0 42 30 0 0 52 65 70 0 0 0 0 46 67 0 0 0 0 0 90 0 73 0 0 3 42 39 0 0 0 0 0 0 52 0 0 0 20 0 0 72 0 0 31 0 0 0 0 67 0 0 89 0 4 26 91 45 0 
0 0 0 0 36 15 0 25 0 0 42 56 0 9 0 0 69 73 8 0 0 0 36 0 0 26 0 35 51 61 57 0 19 47 0 72 0 0 79 0 0 0 0 0 0 50 0 43 96 59 100 29 15 50 0 0 71 84 0 0 58 89 0 0 0 82 0 0 0 26 64 81 0 63 54 98 0 0 53 81 0 0 0 0 0 0 0 91 85 65 0 2 84 0 20 0 0 95 45 0 
0 9 0 0 75 0 80 22 59 72 68 59 0 0 5 0 66 0 0 0 0 0 0 0 0 73 0 0 61 0 0 54 0 32 93 0 0 0 6 30 0 56 0 0 69 0 0 0 54 0 37 0 45 61 97 0 0 0 0 45 0 0 65 65 0 0 0 15 60 0 8 28 0 32 0 60 0 0 0 0 0 3 0 29 96 38 0 0 0 0 45 0 0 0 0 0 11 35 0 0 
27 89 0 62 89 0 12 96 85 33 0 0 0 0 0 0 0 29 0 62 0 16 0 65 0 0 94 0 63 0 0 0 0 95 51 0 79 6 0 22 28 12 0 4 83 0 89 42 0 0 0 0 0 0 0 53 84 0 0 20 49 0 8 0 0 25 0 47 0 0 0 17 32 73 40 5 43 26 57 51 29 0 0 8 7 70 0 30 0 81 0 0 19 0 0 0 71 0 0 48 
0 0 98 0 0 9 45 40 0 68 0 96 57 0 0 0 0 96 99 0 0 39 20 27 24 7 0 14 0 0 0 0 23 79 0 0 0 30 22 0 0 0 3 35 0 0 83 0 0 0 78 0 40 0 59 4 0 0 0 85 86 49 0 0 0 18 59 32 9 0 0 0 0 84 83 89 0 37 43 0 0 0 69 0 96 54 0 0 0 0 0 0 7 85 0 98 0 0 56 20 
22 3 45 62 86 0 26 64 27 0 65 49 92 99 81 0 22 0 44 81 6 0 0 0 85 0 0 42 0 88 36 0 0 56 0 0 0 0 28 0 0 10 0 0 0 0 0 0 20 0 0 0 8 51 0 57 0 83 0 47 0 0 0 0 38 22 0 66 0 87 0 73 77 0 29 32 0 0 7 0 0 69 0 0 0 0 27 0 0 42 31 0 93 0 0 0 0 77 42 0 
17 0 0 0 0 65 0 26 0 80 71 0 72 0 0 50 0 0 34 0 0 16 0 87 32 0 23 0 95 34 89 0 93 51 0 90 0 56 12 0 10 0 81 13 0 16 0 0 99 0 41 0 33 12 0 0 0 66 44 7 0 0 0 8 0 25 0 0 0 7 0 96 72 0 0 9 64 0 0 0 0 98 12 0 0 0 0 0 38 0 91 64 0 79 0 0 0 54 0 71 
0 10 0 0 0 65 76 90 0 0 68 10 21 0 78 94 92 0 0 0 49 40 39 0 0 0 59 98 0 0 16 97 12 16 13 0 0 0 0 3 0 81 0 61 0 0 0 0 11 87 0 0 0 69 5 0 68 0 0 71 20 32 0 0 21 61 50 25 45 0 24 98 0 0 0 0 9 0 0 0 0 0 0 0 0 0 100 0 0 8 47 34 0 15 0 0 0 0 20 0 
0 89 71 0 0 0 51 0 0 0 0 18 0 73 0 85 95 34 0 40 0 29 0 63 100 21 37 0 0 0 7 0 0 25 20 42 0 0 4 35 0 13 61 0 0 0 86 0 49 81 0 0 0 0 90 71 0 90 90 0 41 0 0 99 0 0 44 61 70 79 40 29 0 41 32 0 0 0 0 83 0 0 13 0 64 0 0 0 62 40 69 0 0 0 53 83 0 0 55 0 
68 50 0 0 0 0 88 84 18 0 19 0 26 0 3 0 57 0 0 0 20 65 99 30 6 0 0 0 0 0 0 0 60 89 0 30 0 69 83 0 0 0 0 0 0 6 21 88 56 17 91 35 0 56 28 0 43 60 83 0 79 0 0 0 0 30 0 0 0 52 57 0 0 0 10 0 0 47 46 0 94 95 64 75 34 6 0 45 84 0 37 0 0 0 0 0 0 29 93 0 
0 17 0 0 59 0 0 52 41 26 0 46 76 55 54 0 74 0 93 46 27 51 97 0 62 55 0 29 73 33 13 45 0 0 0 0 50 0 0 0 0 16 0 0 6 0 0 0 0 31 0 98 0 24 0 0 0 0 0 0 0 86 24 6 0 66 0 93 26 74 0 0 0 74 1 85 35 93 20 0 81 0 56 28 0 8 0 0 0 97 5 0 0 17 0 42 54 0 0 0 
0 1 63 0 29 0 0 0 0 0 42 9 40 0 14 0 11 0 0 98 80 0 0 0 0 11 0 38 47 0 0 0 0 0 0 0 0 0 89 83 0 0 0 86 21 0 0 19 0 88 6 0 0 0 34 0 21 46 98 0 0 73 53 0 26 0 0 0 0 0 42 0 0 0 0 0 46 14 54 0 0 22 0 18 0 0 6 29 0 0 4 0 74 5 1 0 0 0 20 0 
26 64 74 0 0 0 0 0 11 0 0 0 24 0 44 0 0 0 0 65 0 0 60 59 0 0 52 0 100 0 0 0 11 0 0 52 43 0 42 0 0 0 0 0 88 0 19 0 0 0 31 0 0 83 0 0 0 84 0 0 71 0 5 0 0 79 0 0 76 100 60 0 39 0 33 13 80 0 0 0 32 35 0 0 0 0 0 0 14 66 0 6 2 98 0 0 0 85 0 63 
0 0 0 63 8 0 0 0 0 0 0 0 0 54 67 0 67 7 0 94 40 0 0 0 0 0 74 0 98 13 0 0 0 0 0 65 96 54 0 0 20 99 11 49 56 0 0 0 0 0 0 0 0 0 54 20 0 81 0 0 0 43 28 31 0 90 0 46 0 0 0 86 50 0 0 60 0 0 0 89 0 24 32 81 29 0 0 0 0 0 80 0 0 0 0 7 38 71 48 92 
54 0 30 66 0 91 0 41 0 0 0 41 92 88 0 16 0 86 0 8 9 0 79 0 0 2 80 59 0 15 15 0 0 0 44 70 59 0 0 0 0 0 87 81 17 31 88 0 0 0 18 63 0 50 0 0 90 0 0 0 21 0 0 83 28 0 0 84 84 30 0 9 0 0 3 0 35 96 0 0 0 36 0 0 22 0 0 7 0 71 55 0 3 0 0 4 0 86 74 92 
0 0 50 0 0 69 75 53 0 100 0 64 0 69 35 71 0 0 15 77 90 5 67 0 32 46 3 0 64 0 29 83 56 43 39 0 100 37 0 78 0 41 0 0 91 0 6 31 0 18 0 51 0 77 0 59 13 81 0 21 0 0 39 0 0 63 0 0 13 44 0 64 0 0 64 0 0 0 0 0 0 0 87 0 37 0 0 73 0 0 0 26 30 0 86 18 0 0 0 0 
73 0 0 0 0 0 0 0 0 0 0 93 31 15 0 27 6 0 18 52 34 0 0 0 37 0 88 0 90 0 26 0 85 65 25 0 29 0 0 0 0 0 0 0 35 98 0 0 0 63 51 0 18 6 0 0 0 0 65 61 0 0 0 82 44 11 0 26 0 3 0 52 0 0 1 0 81 0 7 0 34 0 18 51 0 0 0 1 66 0 0 0 0 0 0 0 43 0 94 0 
40 0 0 2 0 28 65 0 100 77 0 86 48 97 47 0 87 0 29 0 0 93 92 0 0 68 99 0 0 0 0 0 0 0 7 0 15 45 0 40 8 33 0 0 0 0 0 0 0 0 0 18 0 0 0 52 70 0 0 0 0 65 43 0 18 0 52 0 94 2 0 36 28 0 0 28 0 93 0 97 71 67 13 0 0 29 0 0 0 0 0 31 0 95 41 0 74 57 35 64 
39 0 98 0 88 86 0 0 0 3 0 0 0 15 0 19 24 0 12 0 58 0 91 0 79 29 91 0 0 52 10 40 55 0 7 0 50 61 0 0 51 12 69 0 56 24 0 83 0 50 77 6 0 0 0 70 4 0 64 0 0 0 10 0 0 0 0 0 0 0 0 68 0 0 58 0 10 11 0 0 18 68 0 0 48 0 0 51 28 12 77 0 4 70 0 94 0 100 0 0 
58 88 27 19 25 1 15 50 0 0 88 23 35 0 18 27 0 0 0 0 0 26 0 0 0 0 95 6 30 0 0 0 0 2 0 46 0 97 0 59 0 0 5 90 28 0 34 0 54 0 0 0 0 0 0 83 0 0 0 0 91 75 0 45 0 44 0 0 44 0 46 0 7 0 0 62 73 0 0 69 0 42 100 0 86 0 0 0 0 24 0 0 0 44 0 58 0 41 72 6 
0 92 16 79 0 0 0 45 71 0 0 47 0 0 81 73 24 15 0 0 0 78 64 0 0 75 19 0 0 0 0 0 67 89 0 67 0 0 53 4 57 0 0 71 0 0 0 0 20 0 59 0 52 70 83 0 47 100 0 15 5 90 16 0 0 0 0 0 84 0 0 0 0 1 0 28 0 23 0 0 0 0 60 83 0 0 0 66 75 0 88 46 0 0 0 7 0 32 0 0 
91 0 0 73 36 85 0 75 0 59 0 0 87 57 0 53 0 0 38 35 0 63 0 0 15 0 0 0 0 0 22 0 0 0 0 0 71 0 84 0 0 0 68 0 43 0 21 0 0 90 13 0 70 4 0 47 0 0 56 67 5 0 0 0 0 0 0 0 90 28 0 0 0 0 95 50 10 41 0 0 0 0 0 0 0 0 0 9 0 0 0 0 0 16 0 0 0 0 80 15 
0 34 11 29 57 0 0 2 0 6 36 15 0 85 0 86 0 26 34 0 75 67 0 0 81 0 0 0 0 0 63 63 31 69 0 0 84 0 0 0 83 66 0 90 60 0 46 84 81 0 81 0 0 0 0 100 0 0 0 76 19 0 0 48 0 63 0 0 0 0 0 0 0 0 0 0 74 0 0 77 0 0 0 0 0 0 94 89 75 59 0 0 0 29 0 48 0 0 0 5 
63 71 66 92 0 97 94 0 8 29 0 0 0 3 91 0 0 0 0 54 0 0 28 0 99 88 58 38 0 100 0 37 0 0 93 0 0 0 0 0 0 44 0 90 83 0 98 0 0 0 0 65 0 64 0 0 56 0 0 0 77 0 0 0 0 0 0 0 0 58 76 68 77 18 0 41 0 46 0 0 0 0 0 83 3 100 32 54 42 0 88 27 0 0 30 71 71 67 0 0 
0 0 11 0 19 0 48 92 33 0 13 11 42 0 0 0 0 91 0 0 63 0 0 84 0 0 0 3 11 0 53 0 86 29 90 0 0 45 20 85 47 7 71 0 0 0 0 0 0 0 21 61 0 0 0 15 67 76 0 0 0 95 0 0 0 40 51 21 0 0 0 40 36 0 0 82 29 0 0 32 65 50 64 16 81 49 28 10 65 0 0 0 0 48 35 0 0 0 40 59 
0 82 64 2 36 96 0 13 0 0 53 87 0 0 0 0 0 0 5 80 0 0 0 52 95 100 0 0 0 55 21 14 90 0 0 0 58 0 49 86 0 0 20 41 79 0 0 71 0 21 0 0 0 0 91 5 5 19 77 0 0 71 0 0 0 79 0 0 0 19 10 54 50 74 0 0 0 82 0 0 0 0 100 64 0 24 0 0 76 0 0 66 0 0 10 0 0 0 0 25 
0 0 85 0 0 62 0 0 0 0 0 0 22 50 0 26 100 43 0 46 0 0 72 7 87 0 0 29 47 71 0 48 96 0 40 90 89 0 0 49 0 0 32 0 0 86 73 0 43 0 0 0 65 0 75 90 0 0 0 95 71 0 0 72 21 5 0 0 3 5 0 24 62 95 0 71 0 12 0 99 17 5 0 0 0 0 0 0 69 98 0 0 94 29 0 20 68 34 0 0 
0 87 0 4 85 93 0 77 0 48 17 0 0 0 79 58 0 46 50 0 0 0 0 0 77 0 43 0 0 40 94 0 4 0 50 0 0 65 8 0 0 0 0 0 0 24 53 5 28 0 39 0 43 10 0 16 0 0 0 0 0 0 0 0 0 0 52 0 0 0 0 0 95 5 0 16 0 0 0 0 0 0 7 33 68 0 0 42 0 59 37 0 16 0 0 0 0 0 92 0 
82 0 0 0 0 15 0 0 39 85 0 0 0 0 74 0 3 0 0 26 0 0 0 37 0 75 0 84 62 0 0 0 81 0 31 73 0 65 0 0 0 8 0 99 0 6 0 0 31 83 0 82 0 0 45 0 0 48 0 0 0 72 0 0 98 70 0 92 20 76 84 100 3 0 20 59 74 0 88 0 0 0 0 0 0 89 0 0 64 0 40 0 90 0 0 54 0 34 0 0 
36 0 83 0 14 0 51 0 21 0 0 0 81 0 42 0 60 65 4 28 0 0 0 34 0 0 0 0 0 21 0 0 96 68 0 0 0 0 0 0 38 0 21 0 0 0 26 0 0 28 0 44 18 0 0 0 0 0 0 0 0 21 0 98 0 32 0 0 0 64 0 100 0 52 95 98 39 78 51 11 0 0 3 0 33 19 0 72 0 83 0 80 0 0 82 0 69 0 83 0 
12 0 0 0 74 0 64 0 0 0 5 0 76 86 0 0 43 0 3 0 0 50 0 0 0 0 0 0 0 0 80 66 79 0 31 0 82 0 25 18 22 25 61 0 30 66 0 79 90 0 63 11 0 0 44 0 0 63 0 40 79 5 0 70 32 0 0 73 48 86 33 0 88 0 15 7 27 0 0 92 0 0 39 0 73 0 0 0 79 13 0 57 0 1 0 0 75 96 0 42 
0 0 16 0 0 3 0 0 14 0 0 64 94 0 0 0 0 0 69 0 0 95 0 0 51 0 3 0 0 0 90 0 0 94 44 3 0 0 0 59 0 0 50 44 0 0 0 0 0 0 0 0 52 0 0 0 0 0 0 51 0 0 52 0 0 0 0 40 0 78 0 0 0 21 0 52 75 98 93 0 0 0 0 62 73 74 0 75 0 78 10 0 0 0 46 49 0 0 0 42 
0 0 19 1 0 81 0 0 70 0 0 80 0 51 95 24 32 0 0 26 0 0 0 0 0 0 0 0 0 13 53 0 0 54 93 42 0 15 47 32 66 0 25 61 0 93 0 0 46 84 0 26 0 0 0 0 0 0 0 21 0 0 0 92 0 73 40 0 0 0 51 98 0 0 0 0 0 0 0 8 0 0 0 33 50 0 62 58 0 0 80 0 67 26 55 0 0 0 0 0 
0 26 0 23 0 9 0 81 0 0 0 0 26 90 8 0 74 48 88 0 0 0 0 48 28 3 0 0 0 0 27 43 0 0 0 39 0 60 0 9 0 0 45 70 0 26 0 76 0 84 13 0 94 0 44 84 90 0 0 0 0 3 0 20 0 48 0 0 0 0 14 0 2 42 0 0 0 0 5 0 0 0 58 98 0 11 20 1 0 0 0 0 0 100 0 52 0 0 0 5 
0 75 0 0 73 0 0 5 85 0 0 0 0 50 15 0 0 0 0 0 0 86 57 0 86 0 0 45 0 0 0 17 85 63 0 0 26 0 0 0 87 7 0 79 52 74 0 100 0 30 44 3 2 0 0 0 28 0 58 0 19 5 0 76 64 86 78 0 0 0 0 23 31 0 66 77 0 39 0 91 74 23 10 0 0 48 37 0 61 54 0 0 0 44 37 0 23 54 0 0 
79 100 18 0 0 0 0 0 0 44 0 0 63 0 0 63 3 0 7 76 0 0 77 76 95 64 0 0 0 74 0 7 1 0 66 0 64 8 0 0 0 0 24 40 57 0 42 60 0 0 0 0 0 0 46 0 0 0 76 0 10 0 0 84 0 33 0 51 14 0 0 0 0 0 51 0 79 0 0 81 0 0 0 0 17 27 0 0 0 0 77 0 96 0 38 0 0 0 0 98 
0 72 0 0 30 0 0 0 0 0 0 88 90 0 0 0 0 0 0 0 0 53 0 78 0 67 64 24 0 0 25 61 0 0 72 0 81 28 17 0 73 96 98 29 0 0 0 0 86 9 64 52 36 68 0 0 0 0 68 40 54 24 0 100 100 0 0 98 0 23 0 0 0 94 7 0 0 0 0 18 97 0 0 18 0 0 62 0 69 10 0 30 0 0 34 0 0 68 50 18 
0 85 90 0 5 0 94 0 62 85 0 0 0 0 64 0 0 0 17 0 39 0 0 78 0 0 0 0 100 0 95 25 0 79 0 0 0 0 32 0 77 72 0 0 0 0 0 39 50 0 0 0 28 0 7 0 0 0 77 36 50 62 95 3 0 88 0 0 2 31 0 0 0 0 18 71 0 0 94 93 49 14 0 0 31 0 12 58 0 39 0 0 0 0 70 0 11 0 6 2 
72 74 62 57 60 0 0 0 0 9 84 2 0 0 3 0 77 0 0 77 59 43 0 44 0 13 90 0 0 0 0 59 5 36 0 0 63 32 73 84 0 0 0 41 0 74 0 0 0 0 0 0 0 0 0 1 0 0 18 0 74 95 5 0 52 0 21 0 42 0 0 94 0 0 34 49 31 0 53 0 0 53 0 0 0 91 0 0 21 49 53 35 0 0 0 0 0 36 0 0 
0 38 95 0 22 0 42 0 43 29 0 0 71 75 0 75 59 74 87 9 0 0 0 0 51 1 65 0 76 0 53 0 0 25 73 0 54 0 40 83 29 0 0 32 10 1 0 33 0 3 64 1 0 58 0 0 95 0 0 0 0 0 0 20 95 15 0 0 0 66 51 7 18 34 0 0 0 83 0 32 0 0 31 75 28 0 0 0 0 0 0 65 0 84 0 0 0 0 49 71 
91 0 38 0 17 77 18 0 8 0 0 84 0 0 19 0 49 38 0 0 18 75 0 0 0 0 0 64 51 70 0 0 0 84 0 52 98 60 5 89 32 9 0 0 0 85 0 13 60 0 0 0 28 0 62 28 50 0 41 82 0 71 16 59 98 7 52 0 0 77 0 0 71 49 0 0 65 21 65 0 48 64 0 0 0 0 0 0 0 0 0 3 71 86 0 0 0 25 0 0 
0 31 0 0 0 0 0 47 79 0 52 75 59 0 0 26 83 75 28 18 0 66 5 0 30 100 9 0 0 0 0 0 71 0 93 0 0 0 43 0 0 64 9 0 0 35 46 80 0 35 0 81 0 10 73 0 10 74 0 29 0 0 0 74 39 27 75 0 0 0 79 0 0 31 0 65 0 25 7 73 0 0 0 0 0 0 0 95 0 0 0 0 60 0 0 33 0 26 0 47 
0 87 0 97 70 99 94 68 72 0 0 66 16 0 0 0 45 0 42 0 97 33 0 84 52 52 34 41 0 0 0 0 57 0 61 0 0 0 26 37 0 0 0 0 47 93 14 0 0 96 0 0 93 11 0 23 41 0 46 0 82 12 0 0 78 0 98 0 0 39 0 0 0 0 83 21 25 0 0 0 0 0 62 94 64 0 0 58 76 0 0 0 0 0 0 0 0 82 0 0 
68 0 0 0 88 0 0 0 53 66 84 40 0 0 66 0 9 0 86 40 0 0 37 0 0 80 82 41 0 7 16 29 52 0 0 0 53 0 57 43 7 0 0 0 46 20 54 0 0 0 0 7 0 0 0 0 0 0 0 0 0 0 0 88 51 0 93 0 5 0 0 0 94 53 0 65 7 0 0 11 60 91 83 0 14 0 97 20 48 3 79 13 0 0 9 0 29 0 0 0 
88 11 0 0 0 79 0 0 15 0 0 0 99 0 0 0 25 0 30 99 0 0 0 8 0 0 68 32 28 0 0 80 0 19 0 20 81 0 51 0 0 0 0 83 0 0 0 0 89 0 0 0 97 0 69 0 0 77 0 32 0 99 0 0 11 92 0 8 0 91 81 18 93 0 32 0 73 0 11 0 0 0 0 0 0 0 0 42 0 0 0 13 0 0 0 0 0 51 0 38 
70 98 54 0 0 15 0 74 0 49 0 8 0 89 18 20 0 64 0 94 81 0 0 0 0 26 0 0 0 24 0 0 84 0 0 0 0 0 29 0 0 0 0 0 94 81 0 32 0 0 0 34 71 18 0 0 0 0 0 65 0 17 0 0 0 0 0 0 0 74 0 97 49 0 0 48 0 0 60 0 0 0 45 0 0 63 0 0 0 0 59 2 0 0 94 33 66 0 0 0 
48 7 47 38 74 47 5 0 44 10 0 0 94 30 0 0 21 87 0 86 0 25 0 0 0 0 0 58 0 81 42 0 44 0 0 0 0 3 0 0 69 98 0 0 95 0 22 35 24 36 0 0 67 68 42 0 0 0 0 50 0 5 0 0 0 0 0 0 0 23 0 0 14 53 0 64 0 0 91 0 0 0 0 74 0 0 0 1 13 92 91 38 72 0 19 0 49 52 0 63 
0 68 36 0 0 22 0 41 32 75 86 68 0 13 38 0 0 89 0 0 0 0 0 67 63 39 0 97 0 61 55 13 0 66 98 72 0 0 0 69 0 12 0 13 64 56 0 0 32 0 87 18 13 0 100 60 0 0 0 64 100 0 7 0 3 39 0 0 58 10 0 0 0 0 31 0 0 62 83 0 45 0 0 0 0 35 0 79 0 20 63 0 0 58 0 70 46 0 0 0 
0 14 54 0 0 42 0 80 23 68 0 0 16 0 49 0 0 0 0 25 0 0 0 21 0 0 0 11 0 0 0 0 0 6 0 0 0 29 8 0 0 0 0 0 75 28 18 0 81 0 0 51 0 0 0 83 0 0 83 16 64 0 33 0 0 0 62 33 98 0 0 18 0 0 75 0 0 94 0 0 0 74 0 0 0 97 91 26 0 20 0 81 0 1 58 46 0 73 34 33 
0 0 23 12 15 28 45 93 96 0 40 0 44 20 99 87 13 0 0 0 0 0 21 74 48 0 0 0 71 0 54 0 1 0 40 0 0 96 7 96 0 0 0 64 34 0 0 0 29 22 37 0 0 48 86 0 0 0 3 81 0 0 68 0 33 73 73 50 0 0 17 0 31 0 28 0 0 64 14 0 0 0 0 0 0 0 25 0 0 0 0 0 94 65 92 52 0 0 35 0 
0 0 24 0 0 87 70 25 0 0 0 25 0 0 0 0 0 0 27 0 0 94 69 0 0 0 0 78 60 0 0 0 63 0 47 31 0 38 70 54 0 0 0 0 6 8 0 0 0 0 0 0 29 0 0 0 0 0 100 49 24 0 0 89 19 0 74 0 11 48 27 0 0 91 0 0 0 0 0 0 63 0 35 97 0 0 3 96 0 40 57 0 0 47 49 0 0 0 0 18 
0 9 0 23 0 81 0 0 0 68 79 0 28 0 78 0 0 0 0 78 0 80 0 0 0 0 23 0 0 100 0 0 36 16 42 0 0 0 0 0 27 0 100 0 0 0 6 0 0 0 0 0 0 0 0 0 0 94 32 28 0 0 0 0 0 0 0 62 20 37 0 62 12 0 0 0 0 0 97 0 0 0 0 91 25 3 0 71 86 0 85 0 0 0 0 75 0 0 0 6 
26 0 56 22 44 0 70 0 0 0 87 24 54 39 0 0 0 32 0 0 70 21 0 19 0 0 46 69 0 0 0 79 0 3 16 0 91 0 30 0 0 0 0 0 45 0 29 0 0 7 73 1 0 51 0 66 9 89 54 10 0 0 42 0 72 0 75 58 1 0 0 0 58 0 0 0 95 58 20 42 0 1 79 26 0 96 71 0 0 0 0 0 70 49 47 69 0 0 0 0 
0 0 0 33 0 88 75 0 0 17 0 72 0 95 17 85 0 89 0 62 37 0 0 0 13 74 7 0 0 0 57 94 0 0 0 0 85 0 0 0 0 38 0 62 84 0 0 14 0 0 0 66 0 28 0 75 0 75 42 65 76 69 0 64 0 79 0 0 0 61 0 69 0 21 0 0 0 76 48 0 0 13 0 0 0 0 86 0 0 48 0 28 0 0 39 47 0 28 13 88 
58 0 98 0 0 34 0 38 0 0 0 0 0 0 0 35 15 0 23 49 0 0 0 0 0 0 5 84 0 0 14 0 0 0 94 0 65 0 81 0 42 0 8 40 0 97 0 66 0 71 0 0 0 12 24 0 0 59 0 0 0 98 59 0 83 13 78 0 0 54 0 10 39 49 0 0 0 0 3 0 0 92 20 20 0 40 0 0 48 0 0 0 0 0 0 0 63 0 0 24 
37 0 0 0 75 79 0 0 74 0 69 0 0 0 0 27 0 48 55 0 0 16 56 0 81 93 0 72 85 3 56 28 0 94 0 67 0 45 0 0 31 91 47 69 37 5 4 0 80 55 0 0 0 77 0 88 0 0 88 0 0 0 37 40 0 0 10 80 0 0 77 0 0 53 0 0 0 0 79 0 59 91 63 0 0 57 85 0 0 0 0 83 0 0 0 22 0 98 89 0 
43 14 0 0 0 0 91 0 75 83 35 0 0 0 0 0 0 66 7 0 58 34 12 0 0 0 68 0 24 0 0 0 70 10 0 0 2 0 0 0 0 64 34 0 0 0 0 6 0 0 26 0 31 0 0 46 0 0 27 0 66 0 0 0 80 57 0 0 0 0 0 30 0 35 65 3 0 0 13 13 2 38 0 81 0 0 0 0 28 0 83 0 0 66 3 0 0 0 0 7 
0 0 0 39 51 42 0 20 36 0 15 0 52 29 83 8 32 35 45 26 0 0 92 90 0 97 0 0 78 0 0 0 0 0 64 0 84 0 19 7 93 0 0 0 0 0 74 2 0 3 30 0 0 4 0 0 0 0 0 0 0 94 16 90 0 0 0 67 0 0 96 0 0 0 0 71 60 0 0 0 0 72 0 0 94 0 0 70 0 0 0 0 0 0 0 0 0 0 18 46 
87 0 0 62 64 0 43 0 35 0 70 0 75 74 0 0 0 0 22 0 0 0 0 90 0 60 47 50 0 96 93 0 0 6 0 89 0 0 0 85 0 79 15 0 0 17 5 98 0 0 0 0 95 70 44 0 16 29 0 48 0 29 0 0 0 1 0 26 100 44 0 0 0 0 84 86 0 0 0 0 0 0 58 1 65 47 0 49 0 0 0 66 0 0 14 74 51 33 52 0 
62 39 0 0 20 0 34 0 0 5 0 24 0 0 0 0 66 88 0 50 11 37 52 0 19 0 0 0 45 0 76 0 58 0 0 0 20 0 0 0 0 0 0 53 0 0 1 0 0 0 86 0 41 0 0 0 0 0 30 35 10 0 0 0 82 0 46 55 0 37 38 34 70 0 0 0 0 0 9 0 94 19 0 58 92 49 0 47 39 0 0 3 0 14 0 0 0 77 97 0 
0 0 0 0 1 57 74 0 80 0 0 25 0 38 0 0 0 0 0 0 0 47 25 0 54 0 0 3 95 38 0 19 0 33 0 4 0 0 0 98 0 0 0 83 0 42 0 0 7 4 18 0 0 94 58 7 0 48 71 0 0 20 0 54 0 0 49 0 52 0 0 0 0 0 0 0 33 0 0 0 33 0 70 46 52 0 75 69 47 0 22 0 0 74 0 0 77 36 48 84 
11 0 0 0 80 0 48 0 31 0 0 0 0 0 0 31 29 11 25 18 31 29 5 0 0 11 55 0 73 76 0 48 46 63 0 26 0 11 71 0 0 0 0 0 0 54 0 0 38 0 0 43 74 0 0 0 0 0 71 0 0 68 0 0 69 75 0 0 0 23 0 0 11 0 0 0 0 0 29 0 66 49 46 0 0 0 0 0 0 63 0 0 0 51 0 77 0 91 3 0 
11 0 0 18 0 64 70 73 0 62 52 0 24 30 93 75 66 0 96 72 0 0 0 0 0 0 38 0 71 0 0 83 0 0 0 91 95 35 0 0 77 54 0 0 29 0 0 85 71 86 0 0 57 100 41 32 0 0 67 0 0 34 0 34 0 96 0 0 0 54 0 68 0 36 0 25 26 82 0 51 0 52 0 73 0 0 0 0 28 0 98 0 0 33 77 36 91 0 0 82 
6 0 0 0 0 0 20 0 0 0 0 63 0 34 0 33 28 76 0 70 90 77 86 0 0 0 0 92 59 0 0 6 0 24 48 45 45 0 0 56 42 0 20 55 93 0 20 0 48 74 0 94 35 0 72 0 80 0 0 40 0 0 92 0 83 0 0 0 0 0 0 50 6 0 49 0 0 0 0 0 0 0 0 34 35 0 0 0 13 0 89 0 18 52 97 48 3 0 0 74 
0 93 0 0 44 7 9 74 35 0 0 0 0 44 44 0 75 77 10 0 79 88 0 56 0 0 0 54 0 0 37 0 0 82 70 0 0 0 48 20 0 71 0 0 0 0 0 63 92 92 0 0 64 0 6 0 15 5 0 59 25 0 0 0 0 42 42 0 5 0 98 18 2 0 71 0 47 0 0 38 0 63 0 33 0 18 6 0 88 24 0 7 46 0 0 84 0 82 74 0 
