0 99 93 51 43 11 41 9 0 0 78 44 21 2 5 84 56 87 27 56 34 92 0 20 0 12 39 0 0 47 26 88 98 65 0 36 75 23 63 31 57 0 15 44 97 0 0 35 0 83 16 11 84 69 0 68 68 15 58 43 18 77 47 71 98 84 28 90 98 48 82 60 18 84 10 100 12 80 10 49 63 35 93 6 0 0 5 36 15 8 17 0 76 36 86 72 26 84 28 26 
99 0 0 2 0 0 8 30 0 99 60 4 0 49 4 96 46 7 0 28 83 0 11 36 92 98 100 83 0 76 71 0 84 96 73 0 70 78 47 0 0 53 42 0 0 34 29 45 64 86 93 0 78 0 7 44 0 65 86 54 56 13 87 64 44 70 97 42 71 0 23 60 34 71 51 51 6 31 80 59 15 0 38 0 45 93 80 18 96 2 15 81 95 37 73 70 79 45 94 93 
93 0 0 85 29 40 56 20 0 67 0 90 55 55 10 0 0 13 28 0 89 84 37 61 21 21 48 0 43 0 0 84 84 78 54 0 10 0 96 0 81 70 0 89 0 92 38 38 74 20 26 65 11 89 0 87 58 0 94 2 4 40 13 0 68 27 71 79 49 90 3 72 98 13 0 0 97 5 50 10 81 97 1 54 10 38 44 0 10 52 79 37 64 17 22 10 45 14 14 95 
51 2 85 0 0 7 58 12 33 58 21 81 32 28 30 68 12 7 15 99 50 17 23 38 74 0 12 77 0 99 25 76 74 31 0 19 15 43 47 97 0 6 34 87 100 18 58 32 24 16 73 80 96 26 98 0 95 84 32 70 44 12 72 0 0 5 28 77 34 2 89 92 17 88 87 12 28 14 64 7 84 80 31 80 89 55 51 43 55 79 34 21 58 88 5 0 0 0 16 21 
43 0 29 0 0 29 0 76 61 1 86 47 23 5 36 96 42 88 64 4 99 21 78 0 99 66 6 40 5 81 35 89 98 70 47 97 67 47 48 12 9 12 24 15 10 77 15 58 69 87 0 45 97 97 11 61 4 16 0 0 2 0 90 0 36 0 0 90 0 0 90 98 20 18 0 16 48 39 11 0 20 5 57 0 45 41 0 0 24 99 19 0 48 85 0 3 51 25 88 60 
11 0 40 7 29 0 77 48 70 0 21 90 0 42 74 19 83 11 28 0 0 81 78 0 53 48 0 78 0 40 0 66 0 84 57 7 69 79 51 23 0 0 80 18 57 19 35 90 96 7 60 85 0 55 100 11 0 34 2 82 0 28 22 0 0 75 62 59 50 12 1 0 47 16 32 0 0 26 42 0 11 0 76 0 62 32 93 0 70 0 43 37 82 99 97 33 98 21 91 14 
41 8 56 58 0 77 0 85 47 82 78 0 59 76 60 1 90 0 57 30 87 93 87 73 97 66 95 79 79 54 48 63 53 0 34 59 42 0 28 18 85 14 8 28 64 67 36 93 49 71 59 72 0 0 57 78 25 16 65 96 0 0 0 97 0 8 70 22 98 0 87 65 89 34 0 84 9 11 32 81 28 15 74 6 41 44 9 21 46 0 8 37 42 91 38 16 49 0 0 34 
9 30 20 12 76 48 85 0 36 98 46 1 13 100 67 14 86 22 31 28 4 90 67 33 31 96 23 48 64 68 35 76 47 21 92 67 86 56 39 73 58 38 6 48 95 0 55 80 0 87 18 85 50 66 99 94 22 0 70 58 71 23 26 29 0 35 25 14 41 46 0 30 39 55 4 68 42 33 50 85 0 75 26 0 70 0 0 46 22 41 87 0 0 27 67 2 50 55 96 68 
0 0 0 33 61 70 47 36 0 0 83 9 96 87 12 81 0 90 8 52 86 67 11 85 47 92 96 0 94 85 54 0 55 66 5 7 0 36 96 74 0 87 0 30 0 12 81 0 38 56 85 40 0 63 70 69 21 0 32 5 50 15 0 12 26 96 0 23 52 36 23 82 38 65 17 0 43 85 11 0 0 10 44 20 0 0 41 0 0 61 71 79 37 53 56 46 98 49 13 0 
0 99 67 58 1 0 82 98 0 0 0 19 0 48 47 17 17 71 54 4 0 17 25 15 59 38 72 0 29 0 3 72 20 86 49 1 80 27 74 25 92 19 64 0 7 0 83 0 68 0 0 97 0 22 5 15 0 17 22 43 10 97 44 25 20 5 46 52 52 31 23 97 9 0 0 85 61 46 0 2 47 40 62 0 86 19 27 0 27 54 45 99 80 60 78 30 46 0 93 15 
78 60 0 21 86 21 78 46 83 0 0 27 11 18 40 0 94 81 19 100 0 26 75 13 16 9 24 18 15 0 58 45 0 54 69 79 0 36 1 80 18 57 0 57 0 0 0 0 30 86 59 91 50 0 74 0 54 96 0 40 0 77 18 85 0 79 0 0 24 32 63 0 61 21 0 74 98 5 0 61 83 65 85 76 47 0 80 61 0 18 40 0 54 30 77 87 66 69 63 3 
44 4 90 81 47 90 0 1 9 19 27 0 73 0 83 0 96 53 95 12 70 20 77 1 0 88 64 74 61 0 50 7 92 0 37 65 14 0 11 40 70 24 19 81 82 17 83 0 32 77 42 22 47 78 52 0 55 18 2 75 44 96 55 91 26 0 67 0 0 32 23 32 0 80 49 97 44 91 98 81 0 43 0 32 18 57 0 58 82 37 0 8 27 18 90 6 88 25 35 91 
21 0 55 32 23 0 59 13 96 0 11 73 0 91 55 68 46 30 82 88 67 92 26 83 38 10 35 15 76 87 0 52 81 0 96 7 25 19 61 28 77 45 19 19 0 63 3 86 48 80 84 59 21 62 31 74 54 71 13 1 0 29 9 17 97 47 38 24 29 5 0 12 71 78 0 50 75 0 84 6 79 10 2 97 79 48 91 43 36 3 8 1 49 0 58 50 74 60 22 97 
2 49 55 28 5 42 76 100 87 48 18 0 91 0 36 7 51 16 67 0 1 41 61 0 32 41 60 100 80 92 0 82 2 86 0 90 94 59 59 57 61 0 3 14 13 27 0 27 40 29 75 84 54 99 65 99 89 0 84 0 90 0 0 0 83 90 16 92 57 34 0 71 13 94 69 75 72 75 57 13 82 71 0 65 44 53 14 20 83 81 27 67 22 97 86 0 12 33 0 0 
5 4 10 30 36 74 60 67 12 47 40 83 55 36 0 0 28 0 39 0 55 85 53 49 13 10 96 3 0 91 78 13 60 0 30 26 57 67 64 11 37 19 0 88 72 35 74 19 48 0 23 68 56 11 11 34 0 78 43 21 0 51 21 51 69 31 0 66 64 0 93 61 12 99 34 86 0 62 0 11 21 47 92 0 3 0 17 33 0 0 91 88 0 38 80 47 49 23 82 0 
84 96 0 68 96 19 1 14 81 17 0 0 68 7 0 0 14 4 96 87 100 11 90 0 50 45 21 0 0 67 73 0 17 0 40 84 29 0 42 0 70 0 82 28 62 30 0 24 0 43 2 61 95 83 62 64 65 0 61 25 66 23 58 25 72 69 45 60 35 0 96 85 76 2 89 0 8 91 80 43 18 20 13 0 13 0 19 51 95 91 0 54 33 39 51 28 2 96 96 21 
56 46 0 12 42 83 90 86 0 17 94 96 46 51 28 14 0 30 19 56 15 67 91 47 52 16 0 70 42 61 7 6 62 40 13 23 14 12 55 14 86 14 0 54 0 21 7 32 57 2 10 40 21 19 57 0 70 10 58 0 77 65 91 8 62 0 54 71 12 0 79 55 1 97 72 7 23 56 33 79 19 3 51 68 62 78 0 27 18 56 17 0 66 31 76 73 28 64 78 0 
87 7 13 7 88 11 0 22 90 71 81 53 30 16 0 4 30 0 18 64 93 22 44 78 0 91 54 0 30 80 67 38 0 92 27 27 87 80 9 0 83 40 84 0 0 0 67 75 0 89 20 0 19 0 88 59 0 0 74 51 0 26 0 74 65 66 65 60 100 75 8 2 78 91 47 67 32 89 20 10 14 99 67 77 88 10 2 37 0 6 0 97 0 94 0 0 44 0 84 27 
27 0 28 15 64 28 57 31 8 54 19 95 82 67 39 96 19 18 0 21 63 0 37 9 98 33 0 29 3 80 0 47 32 6 2 89 32 73 26 88 63 79 17 22 12 57 88 50 60 33 88 80 23 11 34 12 67 53 44 60 31 54 11 5 61 70 10 60 59 62 52 42 21 74 66 85 72 0 0 75 53 64 98 33 82 97 0 71 66 31 46 88 91 60 48 8 0 47 0 68 
56 28 0 99 4 0 30 28 52 4 100 12 88 0 0 87 56 64 21 0 85 44 31 48 89 63 95 0 11 87 60 74 0 65 95 93 15 52 64 20 0 11 30 49 92 82 0 94 9 0 0 16 0 56 41 90 97 72 96 0 27 0 12 0 0 0 6 31 34 5 92 28 21 0 0 93 51 25 73 2 43 0 0 51 36 28 92 47 9 85 0 83 61 56 55 89 0 0 27 0 
34 83 89 50 99 0 87 4 86 0 0 70 67 1 55 100 15 93 63 85 0 54 92 69 30 49 65 75 41 41 91 60 73 92 75 48 1 46 76 42 99 65 28 11 0 92 20 0 0 0 56 24 47 47 39 86 97 57 16 15 0 89 34 0 57 90 53 65 39 1 99 86 29 43 87 13 71 58 71 0 55 84 15 0 4 37 76 40 39 99 30 89 0 0 89 74 50 0 87 38 
92 0 84 17 21 81 93 90 67 17 26 20 92 41 85 11 67 22 0 44 54 0 0 1 28 56 0 96 71 51 31 55 8 77 9 66 11 73 46 54 3 0 78 23 45 0 84 64 79 57 42 10 20 60 74 9 48 11 48 100 80 65 89 36 97 80 24 76 28 13 45 42 9 81 10 59 88 33 0 86 17 87 37 69 84 94 26 31 40 39 5 32 2 19 0 25 5 23 0 83 
0 11 37 23 78 78 87 67 11 25 75 77 26 61 53 90 91 44 37 31 92 0 0 7 74 99 48 29 0 0 0 4 38 39 64 82 99 81 87 33 1 75 0 94 23 69 53 90 4 82 0 69 73 5 0 60 74 68 16 24 60 39 22 77 43 44 55 57 64 8 0 90 11 100 2 20 31 82 22 11 84 53 17 52 0 9 38 79 50 54 4 83 30 0 20 43 72 37 46 58 
20 36 61 38 0 0 73 33 85 15 13 1 83 0 49 0 47 78 9 48 69 1 7 0 71 95 31 70 57 17 84 7 26 61 57 58 78 93 28 20 74 32 96 14 96 35 80 79 72 0 2 82 45 75 0 85 70 93 18 88 55 78 75 45 0 47 0 88 0 0 56 94 0 0 78 48 27 93 49 30 0 0 0 85 54 59 0 75 83 54 0 97 0 0 22 4 18 0 0 42 
0 92 21 74 99 53 97 31 47 59 16 0 38 32 13 50 52 0 98 89 30 28 74 71 0 38 5 66 27 0 44 63 87 62 0 10 0 29 83 97 0 36 80 76 8 0 44 29 0 0 94 24 56 71 89 0 47 0 87 0 0 3 87 0 19 0 0 11 85 14 36 95 40 55 0 0 53 38 0 43 39 21 15 0 80 84 18 26 95 95 17 96 92 21 51 12 0 67 0 58 
12 98 21 0 66 48 66 96 92 38 9 88 10 41 10 45 16 91 33 63 49 56 99 95 38 0 0 91 9 7 79 99 51 26 77 4 57 7 41 11 0 70 66 23 43 42 44 20 39 48 61 6 39 31 6 81 95 36 64 3 0 90 27 97 13 20 0 74 12 2 61 54 36 70 82 55 29 1 34 51 42 80 75 92 57 38 4 33 48 0 45 0 0 81 0 69 36 32 0 0 
39 100 48 12 6 0 95 23 96 72 24 64 35 60 96 21 0 54 0 95 65 0 48 31 5 0 0 21 67 0 57 69 89 99 47 80 29 72 42 87 22 39 69 80 84 0 0 88 43 0 32 68 71 29 51 0 55 70 19 92 81 45 93 0 42 18 55 70 56 97 84 29 44 10 72 17 45 43 90 49 0 50 85 49 24 0 47 85 0 27 90 30 1 36 15 0 4 65 47 62 
0 83 0 77 40 78 79 48 0 0 18 74 15 100 3 0 70 0 29 0 75 96 29 70 66 91 21 0 22 4 9 67 22 56 44 45 18 6 59 34 28 16 21 0 0 40 100 0 35 0 85 6 30 37 9 38 28 85 11 41 46 0 28 58 56 13 31 70 85 0 47 26 32 22 0 0 54 43 20 3 0 0 84 0 37 30 63 87 81 19 0 95 41 96 19 36 92 32 49 47 
0 0 43 0 5 0 79 64 94 29 15 61 76 80 0 0 42 30 3 11 41 71 0 57 27 9 67 22 0 0 18 50 65 89 16 0 0 58 72 0 27 1 0 29 69 67 0 29 0 17 92 8 72 14 51 42 23 75 22 26 29 42 38 57 36 5 0 33 27 0 0 99 3 0 47 44 82 96 60 77 75 87 13 84 0 0 68 31 4 9 24 5 8 55 0 100 2 99 10 100 
47 76 0 99 81 40 54 68 85 0 0 0 87 92 91 67 61 80 80 87 41 51 0 17 0 7 0 4 0 0 25 59 0 0 12 92 17 0 100 56 0 0 43 4 0 13 14 3 78 33 0 51 66 67 68 68 97 19 5 43 0 98 0 76 1 66 36 38 0 36 3 26 92 22 74 59 84 20 0 85 90 38 84 36 35 6 0 60 0 0 93 67 0 47 0 0 95 0 7 85 
26 71 0 25 35 0 48 35 54 3 58 50 0 0 78 73 7 67 0 60 91 31 0 84 44 79 57 9 18 25 0 77 30 90 0 82 96 71 28 0 89 0 63 95 39 57 30 3 4 89 4 30 72 31 99 14 85 88 88 12 18 0 0 56 36 71 22 16 0 16 56 70 0 89 67 43 16 94 66 0 0 38 51 5 88 0 29 64 77 33 0 48 12 15 75 53 12 0 37 75 
88 0 84 76 89 66 63 76 0 72 45 7 52 82 13 0 6 38 47 74 60 55 4 7 63 99 69 67 50 59 77 0 52 61 17 66 93 48 52 92 82 0 31 44 93 50 50 30 59 48 81 98 10 79 16 89 0 0 10 0 72 23 89 76 75 37 17 75 39 11 26 61 0 89 80 44 0 79 4 93 43 64 28 73 63 73 63 0 39 26 0 47 0 47 52 12 18 86 98 42 
98 84 84 74 98 0 53 47 55 20 0 92 81 2 60 17 62 0 32 0 73 8 38 26 87 51 89 22 65 0 30 52 0 0 43 69 0 60 68 11 0 10 0 0 86 86 42 0 40 0 0 82 75 66 60 50 29 0 0 0 0 91 56 19 0 10 49 4 0 9 14 14 52 89 73 52 73 78 64 0 0 71 80 99 83 0 80 9 88 0 61 0 31 6 84 36 64 17 0 89 
65 96 78 31 70 84 0 21 66 86 54 0 0 86 0 0 40 92 6 65 92 77 39 61 62 26 99 56 89 0 90 61 0 0 32 99 15 76 43 70 83 56 36 38 49 0 79 100 88 76 20 76 50 57 20 93 0 0 88 28 80 7 56 69 95 88 52 9 49 84 68 30 53 68 0 73 42 0 60 95 42 93 94 0 39 66 84 46 7 0 0 71 67 48 0 0 0 66 44 33 
0 73 54 0 47 57 34 92 5 49 69 37 96 0 30 40 13 27 2 95 75 9 64 57 0 77 47 44 16 12 0 17 43 32 0 0 50 60 91 0 65 5 1 0 0 100 72 62 46 0 0 0 0 0 68 66 42 100 0 28 0 35 0 68 32 60 56 56 0 3 34 43 47 92 3 59 96 71 80 33 97 77 33 0 74 0 17 20 82 67 38 55 83 4 36 41 0 100 0 63 
36 0 0 19 97 7 59 67 7 1 79 65 7 90 26 84 23 27 89 93 48 66 82 58 10 4 80 45 0 92 82 66 69 99 0 0 31 84 46 84 84 0 62 41 47 90 0 0 0 76 13 34 32 91 10 75 89 90 54 38 72 0 69 29 34 53 93 61 77 25 3 73 31 76 87 5 8 80 98 46 29 33 71 95 79 45 86 0 34 96 0 18 95 1 37 78 29 30 31 74 
75 70 10 15 67 69 42 86 0 80 0 14 25 94 57 29 14 87 32 15 1 11 99 78 0 57 29 18 0 17 96 93 0 15 50 31 0 75 93 25 58 0 53 0 68 0 77 28 3 35 0 81 45 0 43 4 5 79 30 96 23 10 0 53 30 19 40 0 38 8 16 0 19 39 35 0 94 0 59 92 98 86 36 78 74 0 23 83 67 66 11 28 15 0 0 0 0 27 8 42 
23 78 0 43 47 79 0 56 36 27 36 0 19 59 67 0 12 80 73 52 46 73 81 93 29 7 72 6 58 0 71 48 60 76 60 84 75 0 100 0 91 0 9 65 37 29 66 71 0 20 12 59 86 32 13 44 77 0 0 89 97 12 50 0 9 2 52 95 31 33 96 58 52 72 75 29 77 0 7 86 0 48 17 8 4 0 77 28 44 65 64 14 74 34 67 41 44 53 47 0 
63 47 96 47 48 51 28 39 96 74 1 11 61 59 64 42 55 9 26 64 76 46 87 28 83 41 42 59 72 100 28 52 68 43 91 46 93 100 0 57 0 76 0 64 70 73 74 80 20 55 87 99 0 1 85 21 37 72 94 50 66 94 80 23 84 0 0 54 0 38 100 46 0 66 69 87 59 80 33 72 94 33 51 2 76 0 82 11 38 26 0 36 92 97 74 95 49 98 51 11 
31 0 0 97 12 23 18 73 74 25 80 40 28 57 11 0 14 0 88 20 42 54 33 20 97 11 87 34 0 56 0 92 11 70 0 84 25 0 57 0 84 40 81 33 95 84 70 71 69 21 10 0 2 22 25 0 85 14 46 0 43 23 91 5 0 42 1 29 10 29 44 0 25 96 84 48 81 86 0 18 87 22 32 95 95 51 63 73 95 81 20 48 100 78 42 6 3 17 79 80 
57 0 81 0 9 0 85 58 0 92 18 70 77 61 37 70 86 83 63 0 99 3 1 74 0 0 22 28 27 0 89 82 0 83 65 84 58 91 0 84 0 70 96 77 0 0 29 0 0 19 46 12 67 35 33 56 86 34 0 0 71 32 4 65 0 69 88 0 23 0 30 37 10 40 40 0 33 63 0 84 75 0 51 0 49 0 0 46 80 89 50 0 8 74 59 0 42 42 0 83 
0 53 70 6 12 0 14 38 87 19 57 24 45 0 19 0 14 40 79 11 65 0 75 32 36 70 39 16 1 0 0 0 10 56 5 0 0 0 76 40 70 0 75 19 0 18 88 0 55 61 90 70 0 62 0 88 18 55 92 1 0 14 36 71 13 92 52 26 25 0 66 66 67 0 65 68 52 40 72 74 0 19 0 0 44 0 42 18 83 19 1 98 9 35 0 45 98 0 78 0 
15 42 0 34 24 80 8 6 0 64 0 19 19 3 0 82 0 84 17 30 28 78 0 96 80 66 69 21 0 43 63 31 0 36 1 62 53 9 0 81 96 75 0 78 50 0 24 67 58 22 87 59 18 0 10 64 0 20 88 0 71 44 14 0 86 47 26 52 42 12 0 30 55 25 0 6 73 63 13 39 79 0 7 31 32 0 58 12 0 13 93 11 43 72 0 84 0 96 0 0 
44 0 89 87 15 18 28 48 30 0 57 81 19 14 88 28 54 0 22 49 11 23 94 14 76 23 80 0 29 4 95 44 0 38 0 41 0 65 64 33 77 19 78 0 11 31 0 55 77 83 73 91 71 86 0 0 0 83 37 55 0 0 20 8 50 67 99 15 28 58 20 10 88 2 87 2 9 77 65 95 72 39 14 0 60 0 38 63 0 12 58 34 81 63 82 86 31 72 71 53 
97 0 0 100 10 57 64 95 0 7 0 82 0 13 72 62 0 0 12 92 0 45 23 96 8 43 84 0 69 0 39 93 86 49 0 47 68 37 70 95 0 0 50 11 0 63 58 68 0 19 61 0 44 64 0 95 48 7 83 88 99 39 2 0 74 22 50 74 14 0 77 53 79 6 54 28 0 46 53 76 92 40 21 0 8 0 42 0 20 69 72 0 0 46 0 8 95 70 53 32 
0 34 92 18 77 19 67 0 12 0 0 17 63 27 35 30 21 0 57 82 92 0 69 35 0 42 0 40 67 13 57 50 86 0 100 90 0 29 73 84 0 18 0 31 63 0 59 34 0 42 100 55 42 71 29 59 63 28 22 80 11 78 0 0 31 31 58 20 15 84 65 61 9 31 0 4 60 51 22 76 0 8 2 81 43 92 43 29 2 97 95 33 14 9 93 84 70 61 0 63 
0 29 38 58 15 35 36 55 81 83 0 83 3 0 74 0 7 67 88 0 20 84 53 80 44 44 0 100 0 14 30 50 42 79 72 0 77 66 74 70 29 88 24 0 58 59 0 61 94 31 33 0 0 56 41 51 0 85 42 99 87 41 59 59 45 18 96 28 46 0 78 0 64 0 74 6 69 29 19 48 0 76 0 46 63 3 0 93 8 0 22 27 53 52 0 19 0 14 5 88 
35 45 38 32 58 90 93 80 0 0 0 0 86 27 19 24 32 75 50 94 0 64 90 79 29 20 88 0 29 3 3 30 0 100 62 0 28 71 80 71 0 0 67 55 68 34 61 0 49 40 34 84 23 14 38 66 17 50 20 52 24 67 0 91 70 77 19 81 4 19 35 50 34 0 80 95 64 28 0 57 0 39 92 50 95 0 15 64 62 0 10 20 72 80 55 36 13 58 48 0 
0 64 74 24 69 96 49 0 38 68 30 32 48 40 48 0 57 0 60 9 0 79 4 72 0 39 43 35 0 78 4 59 40 88 46 0 3 0 20 69 0 55 58 77 0 0 94 49 0 55 0 64 6 0 50 43 90 20 55 19 48 0 85 45 0 35 30 28 15 0 58 66 1 64 0 99 6 75 0 61 15 1 55 79 20 68 66 75 64 0 97 93 71 72 20 76 87 0 81 0 
83 86 20 16 87 7 71 87 56 0 86 77 80 29 0 43 2 89 33 0 0 57 82 0 0 48 0 0 17 33 89 48 0 76 0 76 35 20 55 21 19 61 22 83 19 42 31 40 55 0 46 96 55 20 73 72 91 0 71 0 0 0 75 89 38 46 61 31 22 12 40 61 74 29 31 53 65 49 0 31 0 62 36 0 70 47 91 86 0 4 99 2 0 13 0 24 27 22 96 94 
16 93 26 73 0 60 59 18 85 0 59 42 84 75 23 2 10 20 88 0 56 42 0 2 94 61 32 85 92 0 4 81 0 20 0 13 0 12 87 10 46 90 87 73 61 100 33 34 0 46 0 3 53 0 34 60 96 70 0 85 0 10 41 17 25 0 61 0 38 44 27 77 23 86 9 51 0 61 59 84 0 35 27 0 34 15 16 56 0 0 33 48 0 68 20 0 39 68 28 3 
11 0 65 80 45 85 72 85 40 97 91 22 59 84 68 61 40 0 80 16 24 10 69 82 24 6 68 6 8 51 30 98 82 76 0 34 81 59 99 0 12 70 59 91 0 55 0 84 64 96 3 0 53 44 55 45 18 65 6 0 46 0 32 22 68 81 69 0 52 0 65 72 7 25 32 0 10 37 28 27 22 26 24 31 2 0 88 88 1 31 0 26 8 8 79 47 34 0 81 71 
84 78 11 96 97 0 0 50 0 0 50 47 21 54 56 95 21 19 23 0 47 20 73 45 56 39 71 30 72 66 72 10 75 50 0 32 45 86 0 2 67 0 18 71 44 42 0 23 6 55 53 53 0 0 0 35 65 3 21 41 58 46 64 58 88 56 74 54 41 92 10 3 68 49 51 37 70 59 76 84 30 60 77 41 50 21 9 11 81 94 69 61 20 66 0 56 4 31 67 0 
69 0 89 26 97 55 0 66 63 22 0 78 62 99 11 83 19 0 11 56 47 60 5 75 71 31 29 37 14 67 31 79 66 57 0 91 0 32 1 22 35 62 0 86 64 71 56 14 0 20 0 44 0 0 34 61 26 54 78 33 64 54 46 15 0 18 0 19 69 97 89 70 68 64 9 81 65 88 0 41 90 43 19 0 58 0 0 3 30 88 11 0 10 5 0 49 0 34 40 94 
0 7 0 98 11 100 57 99 70 5 74 52 31 65 11 62 57 88 34 41 39 74 0 0 89 6 51 9 51 68 99 16 60 20 68 10 43 13 85 25 33 0 10 0 0 29 41 38 50 73 34 55 0 34 0 8 65 14 51 0 0 55 27 37 34 61 86 19 0 12 73 21 0 20 0 47 11 56 0 1 78 87 8 21 93 90 14 88 67 76 70 0 28 84 55 91 91 41 82 46 
68 44 87 0 61 11 78 94 69 15 0 0 74 99 34 64 0 59 12 90 86 9 60 85 0 81 0 38 42 68 14 89 50 93 66 75 4 44 21 0 56 88 64 0 95 59 51 66 43 72 60 45 35 61 8 0 46 84 79 93 26 0 69 76 0 28 9 67 50 54 68 19 24 10 36 60 85 0 100 61 0 92 97 60 3 0 27 0 56 74 72 77 36 86 63 68 0 30 43 1 
68 0 58 95 4 0 25 22 21 0 54 55 54 89 0 65 70 0 67 97 97 48 74 70 47 95 55 28 23 97 85 0 29 0 42 89 5 77 37 85 86 18 0 0 48 63 0 17 90 91 96 18 65 26 65 46 0 12 73 49 52 76 71 0 86 10 67 68 54 0 59 11 0 66 60 55 21 55 0 91 32 27 80 1 54 53 2 66 0 90 19 15 13 90 18 3 41 0 96 0 
15 65 0 84 16 34 16 0 0 17 96 18 71 0 78 0 10 0 53 72 57 11 68 93 0 36 70 85 75 19 88 0 0 0 100 90 79 0 72 14 34 55 20 83 7 28 85 50 20 0 70 65 3 54 14 84 12 0 18 85 0 40 67 75 71 91 23 24 83 76 0 88 5 91 76 51 17 18 43 94 0 95 84 6 70 5 36 41 57 44 0 0 25 96 86 60 26 0 0 0 
58 86 94 32 0 2 65 70 32 22 0 2 13 84 43 61 58 74 44 96 16 48 16 18 87 64 19 11 22 5 88 10 0 88 0 54 30 0 94 46 0 92 88 37 83 22 42 20 55 71 0 6 21 78 51 79 73 18 0 76 91 90 68 6 30 8 35 27 4 69 43 67 4 44 99 100 80 77 0 30 75 0 24 98 34 77 10 46 0 14 21 20 53 74 0 32 4 51 59 97 
43 54 2 70 0 82 96 58 5 43 40 75 1 0 21 25 0 51 60 0 15 100 24 88 0 3 92 41 26 43 12 0 0 28 28 38 96 89 50 0 0 1 0 55 88 80 99 52 19 0 85 0 41 33 0 93 49 85 76 0 66 37 0 79 70 58 59 15 6 36 0 20 56 31 69 64 40 32 62 68 1 11 31 0 43 78 69 0 0 8 0 42 86 23 42 38 25 96 44 16 
18 56 4 44 2 0 0 71 50 10 0 44 0 90 0 66 77 0 31 27 0 80 60 55 0 0 81 46 29 0 18 72 0 80 0 72 23 97 66 43 71 0 71 0 99 11 87 24 48 0 0 46 58 64 0 26 52 0 91 66 0 0 63 0 0 31 0 40 9 3 88 80 63 99 0 60 73 0 0 0 0 73 19 58 62 58 0 12 0 40 30 0 0 98 29 0 7 74 0 32 
77 13 40 12 0 28 0 23 15 97 77 96 29 0 51 23 65 26 54 0 89 65 39 78 3 90 45 0 42 98 0 23 91 7 35 0 10 12 94 23 32 14 44 0 39 78 41 67 0 0 10 0 46 54 55 0 76 40 90 37 0 0 75 71 6 71 93 56 22 81 63 38 83 56 70 26 56 52 0 10 33 14 25 13 37 94 26 84 0 0 73 54 0 74 38 12 35 48 73 0 
47 87 13 72 90 22 0 26 0 44 18 55 9 0 21 58 91 0 11 12 34 89 22 75 87 27 93 28 38 0 0 89 56 56 0 69 0 50 80 91 4 36 14 20 2 0 59 0 85 75 41 32 64 46 27 69 71 67 68 0 63 75 0 79 63 20 40 81 0 0 0 67 100 97 58 37 50 0 42 0 100 0 0 0 25 53 76 8 59 54 31 11 0 4 35 71 33 88 0 0 
71 64 0 0 0 0 97 29 12 25 85 91 17 0 51 25 8 74 5 0 0 36 77 45 0 97 0 58 57 76 56 76 19 69 68 29 53 0 23 5 65 71 0 8 0 0 59 91 45 89 17 22 58 15 37 76 0 75 6 79 0 71 79 0 0 62 69 22 19 19 30 4 77 0 0 4 95 73 0 0 22 43 40 95 82 5 94 24 0 57 0 77 76 58 63 90 89 83 90 61 
98 44 68 0 36 0 0 0 26 20 0 26 97 83 69 72 62 65 61 0 57 97 43 0 19 13 42 56 36 1 36 75 0 95 32 34 30 9 84 0 0 13 86 50 74 31 45 70 0 38 25 68 88 0 34 0 86 71 30 70 0 6 63 0 0 79 81 70 38 11 64 1 71 22 0 46 14 92 4 72 0 30 46 0 86 24 27 38 55 87 99 58 0 95 44 56 33 48 83 14 
84 70 27 5 0 75 8 35 96 5 79 0 47 90 31 69 0 66 70 0 90 80 44 47 0 20 18 13 5 66 71 37 10 88 60 53 19 2 0 42 69 92 47 67 22 31 18 77 35 46 0 81 56 18 61 28 10 91 8 58 31 71 20 62 79 0 24 67 30 92 78 59 16 0 78 28 43 8 84 96 53 99 88 58 31 67 25 76 87 59 0 88 39 89 9 5 51 54 28 94 
28 97 71 28 0 62 70 25 0 46 0 67 38 16 0 45 54 65 10 6 53 24 55 0 0 0 55 31 0 36 22 17 49 52 56 93 40 52 0 1 88 52 26 99 50 58 96 19 30 61 61 69 74 0 86 9 67 23 35 59 0 93 40 69 81 24 0 89 68 63 21 54 82 46 20 0 45 42 99 55 95 78 15 35 90 0 82 28 99 68 57 7 77 72 0 64 92 24 54 41 
90 42 79 77 90 59 22 14 23 52 0 0 24 92 66 60 71 60 60 31 65 76 57 88 11 74 70 70 33 38 16 75 4 9 56 61 0 95 54 29 0 26 52 15 74 20 28 81 28 31 0 0 54 19 19 67 68 24 27 15 40 56 81 22 70 67 89 0 91 59 29 34 26 61 35 9 9 0 83 38 75 60 20 78 0 9 39 49 49 63 18 84 79 60 21 81 38 0 83 0 
98 71 49 34 0 50 98 41 52 52 24 0 29 57 64 35 12 100 59 34 39 28 64 0 85 12 56 85 27 0 0 39 0 49 0 77 38 31 0 10 23 25 42 28 14 15 46 4 15 22 38 52 41 69 0 50 54 83 4 6 9 22 0 19 38 30 68 91 0 59 71 72 46 94 6 55 54 94 5 45 56 87 21 0 48 74 82 76 49 0 0 80 21 67 0 0 5 35 34 6 
48 0 90 2 0 12 0 46 36 31 32 32 5 34 0 0 0 75 62 5 1 13 8 0 14 2 97 0 0 36 16 11 9 84 3 25 8 33 38 29 0 0 12 58 0 84 0 19 0 12 44 0 92 97 12 54 0 76 69 36 3 81 0 19 11 92 63 59 59 0 81 73 99 27 94 13 93 40 72 99 32 84 79 91 0 46 100 0 88 51 0 67 4 83 98 39 47 96 0 21 
82 23 3 89 90 1 87 0 23 23 63 23 0 0 93 96 79 8 52 92 99 45 0 56 36 61 84 47 0 3 56 26 14 68 34 3 16 96 100 44 30 66 0 20 77 65 78 35 58 40 27 65 10 89 73 68 59 0 43 0 88 63 0 30 64 78 21 29 71 81 0 8 0 56 0 1 37 0 76 27 0 18 0 0 76 67 93 65 91 47 83 93 71 36 20 6 20 26 30 49 
60 60 72 92 98 0 65 30 82 97 0 32 12 71 61 85 55 2 42 28 86 42 90 94 95 54 29 26 99 26 70 61 14 30 43 73 0 58 46 0 37 66 30 10 53 61 0 50 66 61 77 72 3 70 21 19 11 88 67 20 80 38 67 4 1 59 54 34 72 73 8 0 3 64 31 77 67 76 74 14 23 40 32 62 0 35 0 71 67 5 86 1 39 19 0 52 22 49 95 0 
18 34 98 17 20 47 89 39 38 9 61 0 71 13 12 76 1 78 21 21 29 9 11 0 40 36 44 32 3 92 0 0 52 53 47 31 19 52 0 25 10 67 55 88 79 9 64 34 1 74 23 7 68 68 0 24 0 5 4 56 63 83 100 77 71 16 82 26 46 99 0 3 0 81 0 86 44 1 0 81 18 67 33 76 97 0 79 0 90 3 39 29 0 32 12 30 51 83 8 98 
84 71 13 88 18 16 34 55 65 0 21 80 78 94 99 2 97 91 74 0 43 81 100 0 55 70 10 22 0 22 89 89 89 68 92 76 39 72 66 96 40 0 25 2 6 31 0 0 64 29 86 25 49 64 20 10 66 91 44 31 99 56 97 0 22 0 46 61 94 27 56 64 81 0 88 82 20 14 38 20 71 90 83 81 92 65 10 90 45 7 0 36 0 19 0 8 89 59 88 95 
10 51 0 87 0 32 0 4 17 0 0 49 0 69 34 89 72 47 66 0 87 10 2 78 0 82 72 0 47 74 67 80 73 0 3 87 35 75 69 84 40 65 0 87 54 0 74 80 0 31 9 32 51 9 0 36 60 76 99 69 0 70 58 0 0 78 20 35 6 94 0 31 0 88 0 90 0 15 40 62 76 46 8 77 39 25 19 77 31 60 56 32 43 76 35 24 23 1 60 90 
100 51 0 12 16 0 84 68 0 85 74 97 50 75 86 0 7 67 85 93 13 59 20 48 0 55 17 0 44 59 43 44 52 73 59 5 0 29 87 48 0 68 6 2 28 4 6 95 99 53 51 0 37 81 47 60 55 51 100 64 60 26 37 4 46 28 0 9 55 13 1 77 86 82 90 0 79 1 39 15 70 69 87 0 97 95 32 71 88 0 84 0 4 54 54 11 11 96 58 0 
12 6 97 28 48 0 9 42 43 61 98 44 75 72 0 8 23 32 72 51 71 88 31 27 53 29 45 54 82 84 16 0 73 42 96 8 94 77 59 81 33 52 73 9 0 60 69 64 6 65 0 10 70 65 11 85 21 17 80 40 73 56 50 95 14 43 45 9 54 93 37 67 44 20 0 79 0 100 0 0 58 9 3 32 97 23 24 84 0 59 0 41 46 14 97 91 86 98 15 0 
80 31 5 14 39 26 11 33 85 46 5 91 0 75 62 91 56 89 0 25 58 33 82 93 38 1 43 43 96 20 94 79 78 0 71 80 0 0 80 86 63 40 63 77 46 51 29 28 75 49 61 37 59 88 56 0 55 18 77 32 0 52 0 73 92 8 42 0 94 40 0 76 1 14 15 1 100 0 26 32 45 12 19 0 46 0 0 11 85 50 0 31 77 16 15 8 3 79 49 0 
10 80 50 64 11 42 32 50 11 0 0 98 84 57 0 80 33 20 0 73 71 0 22 49 0 34 90 20 60 0 66 4 64 60 80 98 59 7 33 0 0 72 13 65 53 22 19 0 0 0 59 28 76 0 0 100 0 43 0 62 0 0 42 0 4 84 99 83 5 72 76 74 0 38 40 39 0 26 0 9 0 66 67 0 46 26 0 0 41 62 4 89 12 0 0 4 18 53 49 61 
49 59 10 7 0 0 81 85 0 2 61 81 6 13 11 43 79 10 75 2 0 86 11 30 43 51 49 3 77 85 0 93 0 95 33 46 92 86 72 18 84 74 39 95 76 76 48 57 61 31 84 27 84 41 1 61 91 94 30 68 0 10 0 0 72 96 55 38 45 99 27 14 81 20 62 15 0 32 9 0 7 65 79 95 4 40 56 13 44 25 16 57 0 49 87 47 24 19 34 67 
63 15 81 84 20 11 28 0 0 47 83 0 79 82 21 18 19 14 53 43 55 17 84 0 39 42 0 0 75 90 0 43 0 42 97 29 98 0 94 87 75 0 79 72 92 0 0 0 15 0 0 22 30 90 78 0 32 0 75 1 0 33 100 22 0 53 95 75 56 32 0 23 18 71 76 70 58 45 0 7 0 54 0 1 100 0 0 71 61 96 1 33 20 0 14 0 53 84 0 0 
35 0 97 80 5 0 15 75 10 40 65 43 10 71 47 20 3 99 64 0 84 87 53 0 21 80 50 0 87 38 38 64 71 93 77 33 86 48 33 22 0 19 0 39 40 8 76 39 1 62 35 26 60 43 87 92 27 95 0 11 73 14 0 43 30 99 78 60 87 84 18 40 67 90 46 69 9 12 66 65 54 0 41 62 12 15 24 36 41 0 0 0 53 0 76 65 21 26 73 52 
93 38 1 31 57 76 74 26 44 62 85 0 2 0 92 13 51 67 98 0 15 37 17 0 15 75 85 84 13 84 51 28 80 94 33 71 36 17 51 32 51 0 7 14 21 2 0 92 55 36 27 24 77 19 8 97 80 84 24 31 19 25 0 40 46 88 15 20 21 79 0 32 33 83 8 87 3 19 67 79 0 41 0 4 43 82 84 46 36 86 76 37 60 12 85 0 11 43 9 49 
6 0 54 80 0 0 6 0 20 0 76 32 97 65 0 0 68 77 33 51 0 69 52 85 0 92 49 0 84 36 5 73 99 0 0 95 78 8 2 95 0 0 31 0 0 81 46 50 79 0 0 31 41 0 21 60 1 6 98 0 58 13 0 95 0 58 35 78 0 91 0 62 76 81 77 0 32 0 0 95 1 62 4 0 87 49 20 80 84 0 49 30 51 80 17 96 98 3 45 0 
0 45 10 89 45 62 41 70 0 86 47 18 79 44 3 13 62 88 82 36 4 84 0 54 80 57 24 37 0 35 88 63 83 39 74 79 74 4 76 95 49 44 32 60 8 43 63 95 20 70 34 2 50 58 93 3 54 70 34 43 62 37 25 82 86 31 90 0 48 0 76 0 97 92 39 97 97 46 46 4 100 12 43 87 0 75 100 71 0 16 0 98 90 81 55 45 1 89 53 91 
0 93 38 55 41 32 44 0 0 19 0 57 48 53 0 0 78 10 97 28 37 94 9 59 84 38 0 30 0 6 0 73 0 66 0 45 0 0 0 51 0 0 0 0 0 92 3 0 68 47 15 0 21 0 90 0 53 5 77 78 58 94 53 5 24 67 0 9 74 46 67 35 0 65 25 95 23 0 26 40 0 15 82 49 75 0 0 54 42 0 36 54 37 0 0 44 0 0 0 3 
5 80 44 51 0 93 9 0 41 27 80 0 91 14 17 19 0 2 0 92 76 26 38 0 18 4 47 63 68 0 29 63 80 84 17 86 23 77 82 63 0 42 58 38 42 43 0 15 66 91 16 88 9 0 14 27 2 36 10 69 0 26 76 94 27 25 82 39 82 100 93 0 79 10 19 32 24 0 0 56 0 24 84 20 100 0 0 7 92 98 77 91 85 53 58 24 87 81 36 35 
36 18 0 43 0 0 21 46 0 0 61 58 43 20 33 51 27 37 71 47 40 31 79 75 26 33 85 87 31 60 64 0 9 46 20 0 83 28 11 73 46 18 12 63 0 29 93 64 75 86 56 88 11 3 88 0 66 41 46 0 12 84 8 24 38 76 28 49 76 0 65 71 0 90 77 71 84 11 0 13 71 36 46 80 71 54 7 0 85 77 0 53 74 19 55 20 5 60 25 27 
15 96 10 55 24 70 46 22 0 27 0 82 36 83 0 95 18 0 66 9 39 40 50 83 95 48 0 81 4 0 77 39 88 7 82 34 67 44 38 95 80 83 0 0 20 2 8 62 64 0 0 1 81 30 67 56 0 57 0 0 0 0 59 0 55 87 99 49 49 88 91 67 90 45 31 88 0 85 41 44 61 41 36 84 0 42 92 85 0 20 16 0 46 0 56 96 71 93 16 60 
8 2 52 79 99 0 0 41 61 54 18 37 3 81 0 91 56 6 31 85 99 39 54 54 95 0 27 19 9 0 33 26 0 0 67 96 66 65 26 81 89 19 13 12 69 97 0 0 0 4 0 31 94 88 76 74 90 44 14 8 40 0 54 57 87 59 68 63 0 51 47 5 3 7 60 0 59 50 62 25 96 0 86 0 16 0 98 77 20 0 60 83 53 30 0 16 0 49 59 94 
17 15 79 34 19 43 8 87 71 45 40 0 8 27 91 0 17 0 46 0 30 5 4 0 17 45 90 0 24 93 0 0 61 0 38 0 11 64 0 20 50 1 93 58 72 95 22 10 97 99 33 0 69 11 70 72 19 0 21 0 30 73 31 0 99 0 57 18 0 0 83 86 39 0 56 84 0 0 4 16 1 0 76 49 0 36 77 0 16 60 0 98 45 50 2 0 0 24 65 0 
0 81 37 21 0 37 37 0 79 99 0 8 1 67 88 54 0 97 88 83 89 32 83 97 96 0 30 95 5 67 48 47 0 71 55 18 28 14 36 48 0 98 11 34 0 33 27 20 93 2 48 26 61 0 0 77 15 0 20 42 0 54 11 77 58 88 7 84 80 67 93 1 29 36 32 0 41 31 89 57 33 0 37 30 98 54 91 53 0 83 98 0 0 0 90 48 66 0 0 24 
76 95 64 58 48 82 42 0 37 80 54 27 49 22 0 33 66 0 91 61 0 2 30 0 92 0 1 41 8 0 12 0 31 67 83 95 15 74 92 100 8 9 43 81 0 14 53 72 71 0 0 8 20 10 28 36 13 25 53 86 0 0 0 76 0 39 77 79 21 4 71 39 0 0 43 4 46 77 12 0 20 53 60 51 90 37 85 74 46 53 45 0 0 0 25 52 68 55 31 0 
36 37 17 88 85 99 91 27 53 60 30 18 0 97 38 39 31 94 60 56 0 19 0 0 21 81 36 96 55 47 15 47 6 48 4 1 0 34 97 78 74 35 72 63 46 9 52 80 72 13 68 8 66 5 84 86 90 96 74 23 98 74 4 58 95 89 72 60 67 83 36 19 32 19 76 54 14 16 0 49 0 0 12 80 81 0 53 19 0 30 50 0 0 0 0 14 77 71 40 0 
86 73 22 5 0 97 38 67 56 78 77 90 58 86 80 51 76 0 48 55 89 0 20 22 51 0 15 19 0 0 75 52 84 0 36 37 0 67 74 42 59 0 0 82 0 93 0 55 20 0 20 79 0 0 55 63 18 86 0 42 29 38 35 63 44 9 0 21 0 98 20 0 12 0 35 54 97 15 0 87 14 76 85 17 55 0 58 55 56 0 2 90 25 0 0 47 27 50 0 0 
72 70 10 0 3 33 16 2 46 30 87 6 50 0 47 28 73 0 8 89 74 25 43 4 12 69 0 36 100 0 53 12 36 0 41 78 0 41 95 6 0 45 84 86 8 84 19 36 76 24 0 47 56 49 91 68 3 60 32 38 0 12 71 90 56 5 64 81 0 39 6 52 30 8 24 11 91 8 4 47 0 65 0 96 45 44 24 20 96 16 0 48 52 14 47 0 9 0 10 71 
26 79 45 0 51 98 49 50 98 46 66 88 74 12 49 2 28 44 0 0 50 5 72 18 0 36 4 92 2 95 12 18 64 0 0 29 0 44 49 3 42 98 0 31 95 70 0 13 87 27 39 34 4 0 91 0 41 26 4 25 7 35 33 89 33 51 92 38 5 47 20 22 51 89 23 11 86 3 18 24 53 21 11 98 1 0 87 5 71 0 0 66 68 77 27 9 0 0 65 31 
84 45 14 0 25 21 0 55 49 0 69 25 60 33 23 96 64 0 47 0 0 23 37 0 67 32 65 32 99 0 0 86 17 66 100 30 27 53 98 17 42 0 96 72 70 61 14 58 0 22 68 0 31 34 41 30 0 0 51 96 74 48 88 83 48 54 24 0 35 96 26 49 83 59 1 96 98 79 53 19 84 26 43 3 89 0 81 60 93 49 24 0 55 71 50 0 0 0 0 95 
28 94 14 16 88 91 0 96 13 93 63 35 22 0 82 96 78 84 0 27 87 0 46 0 0 0 47 49 10 7 37 98 0 44 0 31 8 47 51 79 0 78 0 71 53 0 5 48 81 96 28 81 67 40 82 43 96 0 59 44 0 73 0 90 83 28 54 83 34 0 30 95 8 88 60 58 15 49 49 34 0 73 9 45 53 0 36 25 16 59 65 0 31 40 0 10 65 0 0 50 
26 93 95 21 60 14 34 68 0 15 3 91 97 0 0 21 0 27 68 0 38 83 58 42 58 0 62 47 100 85 75 42 89 33 63 74 42 0 11 80 83 0 0 53 32 63 88 0 0 94 3 71 0 94 46 1 0 0 97 16 32 0 0 61 14 94 41 0 6 21 49 0 98 95 90 0 0 0 61 67 0 52 49 0 91 3 35 27 60 94 0 24 0 0 0 71 31 95 50 0 
