0 0 0 0 0 0 0 0 0 0 0 0 0 0 0 0 0 125 0 0 0 0 0 0 0 77 38 0 0 0 0 0 0 0 0 0 0 49 0 0 0 24 0 0 0 0 0 88 0 0 0 0 114 0 0 0 0 16 0 0 120 0 0 0 0 39 0 0 0 0 0 84 0 0 0 31 0 0 0 79 0 0 0 0 0 0 0 50 0 0 0 0 0 0 0 0 0 0 3 0 
0 0 0 0 0 0 0 0 142 0 0 123 0 107 0 0 0 0 0 0 0 0 0 22 0 0 0 0 0 0 0 134 0 0 92 119 0 0 0 0 0 0 0 0 0 0 0 0 0 0 0 4 0 0 0 0 0 0 0 0 0 0 0 0 0 118 0 0 0 0 0 0 0 0 9 136 0 41 0 0 0 0 0 0 0 0 0 0 0 0 0 0 0 0 0 139 20 144 0 0 
0 0 0 0 0 95 0 71 0 0 33 0 0 0 0 0 0 5 0 0 0 0 0 0 0 0 0 37 0 31 0 0 0 0 0 0 0 0 0 31 0 0 0 0 0 0 0 131 0 0 0 0 0 0 0 0 0 0 8 0 21 0 0 0 0 0 0 0 0 6 0 0 0 0 0 31 0 0 0 0 82 0 0 0 0 0 0 0 0 150 0 0 82 0 0 0 0 0 0 0 
0 0 0 0 0 0 0 0 0 0 37 0 0 0 0 0 66 0 0 0 0 0 56 0 0 0 0 0 0 0 0 0 0 0 0 0 0 111 0 0 0 0 0 0 117 0 0 0 0 0 0 0 0 0 0 79 0 136 96 118 0 0 0 0 0 0 0 0 0 0 143 0 0 0 100 0 0 15 93 0 0 0 0 0 0 0 0 0 0 0 109 0 0 0 115 0 0 0 0 0 
0 0 0 0 0 0 0 0 0 0 0 0 0 0 0 0 0 150 0 0 0 0 0 0 0 0 0 0 0 0 0 0 0 0 0 0 0 0 0 75 143 0 14 0 0 0 0 0 0 0 0 0 0 0 0 0 0 0 0 0 0 0 22 0 0 0 0 0 113 0 0 0 0 0 0 0 0 0 0 0 0 17 0 0 103 0 0 0 0 0 0 0 0 0 0 0 0 0 0 35 
0 0 95 0 0 0 0 0 123 0 0 142 0 0 0 0 0 0 0 0 0 77 0 0 0 0 0 0 0 0 141 0 19 0 0 0 0 0 0 0 0 0 0 0 0 0 0 32 96 0 0 0 0 0 0 127 0 0 0 0 60 0 0 0 0 0 0 0 0 0 0 0 0 0 0 0 0 90 50 0 0 5 98 0 0 0 0 0 0 0 0 0 0 0 0 0 31 0 0 0 
0 0 0 0 0 0 0 0 0 0 0 99 147 0 0 0 0 0 0 0 0 0 0 0 0 0 0 0 0 0 0 0 5 0 15 0 0 116 0 0 0 0 0 0 0 0 0 10 0 0 0 0 97 0 0 0 0 0 0 0 0 0 0 0 0 0 0 0 0 0 0 51 0 0 0 0 0 0 0 0 0 0 0 0 0 0 0 0 0 0 77 0 0 0 0 0 0 0 0 0 
0 0 71 0 0 0 0 0 0 0 0 0 0 0 0 0 0 0 0 0 0 0 0 0 0 0 0 0 0 0 147 0 0 0 0 0 0 0 0 0 14 0 0 0 0 0 2 0 0 0 0 33 0 0 0 0 0 0 0 0 16 0 0 0 26 0 0 0 96 0 0 0 0 0 0 126 0 65 0 0 0 0 149 0 0 0 0 53 0 0 0 0 0 0 0 0 0 0 0 50 
0 142 0 0 0 123 0 0 0 0 0 0 0 0 0 66 135 0 0 0 0 147 0 0 0 0 0 0 0 0 0 0 0 0 0 0 0 0 0 0 0 0 0 0 0 112 0 0 72 0 150 0 7 0 0 0 0 17 0 0 0 0 0 0 0 0 26 0 73 0 0 0 0 148 0 0 0 0 0 0 0 0 0 0 24 0 0 0 54 0 0 0 0 0 0 0 0 0 0 0 
0 0 0 0 0 0 0 0 0 0 0 0 0 144 0 0 123 0 0 114 0 0 0 0 75 0 0 65 0 0 0 0 0 0 0 0 0 0 0 0 0 0 0 0 0 142 0 52 0 0 141 0 0 0 0 0 115 0 0 0 0 0 0 0 0 0 0 138 0 0 0 0 0 0 0 0 0 0 0 0 70 0 0 0 0 0 0 0 107 0 0 0 11 100 0 0 0 0 56 0 
0 0 33 37 0 0 0 0 0 0 0 0 0 0 0 0 104 0 0 0 0 0 0 0 66 0 0 0 0 0 0 0 0 94 0 0 0 70 0 105 0 0 0 0 0 0 0 0 0 69 0 122 15 0 0 0 0 0 0 0 0 0 0 126 0 0 0 0 37 0 0 0 0 0 0 0 0 0 0 0 0 0 0 96 0 0 0 0 0 0 0 0 0 0 0 110 0 140 0 0 
0 123 0 0 0 142 99 0 0 0 0 0 0 0 0 0 0 0 0 0 0 0 105 26 0 0 0 0 0 0 0 0 0 0 0 0 0 0 0 0 0 0 119 0 0 136 0 0 0 0 0 0 118 117 0 0 0 0 0 66 0 0 0 0 0 0 67 0 0 0 0 0 0 0 0 0 0 95 0 0 0 0 0 0 0 0 0 66 0 125 0 0 0 0 0 0 0 0 0 0 
0 0 0 0 0 0 147 0 0 0 0 0 0 0 0 0 0 0 121 0 0 65 0 0 0 23 0 0 0 0 0 0 0 0 0 0 0 0 0 0 0 0 42 0 0 0 0 0 143 0 0 0 0 0 0 0 0 59 0 0 0 64 36 0 0 0 0 0 0 0 0 0 0 0 0 0 0 0 0 0 0 11 0 0 0 0 0 0 0 67 0 90 0 0 0 0 0 0 0 0 
0 107 0 0 0 0 0 0 0 144 0 0 0 0 0 9 113 0 0 15 0 0 0 0 0 24 0 0 0 0 0 0 0 0 0 0 0 0 0 0 0 0 0 0 0 0 37 0 71 0 0 128 0 0 18 0 0 0 0 0 0 0 0 0 0 82 0 0 0 0 0 0 0 0 0 51 0 0 0 0 0 0 0 136 0 0 0 0 0 0 0 0 0 0 0 0 0 0 0 103 
0 0 0 0 0 0 0 0 0 0 0 0 0 0 0 0 0 0 0 0 0 44 0 0 0 0 119 0 0 0 0 0 0 0 0 0 80 0 0 0 0 127 0 0 141 0 0 17 0 0 0 0 0 0 136 24 0 0 0 0 0 0 0 132 0 0 67 0 0 0 0 0 0 0 0 0 0 0 0 0 0 0 28 0 0 0 0 0 34 0 0 89 25 0 0 0 0 30 0 0 
0 0 0 0 0 0 0 0 66 0 0 0 0 9 0 0 0 0 0 0 0 0 0 0 0 0 0 88 0 0 0 0 0 0 0 0 0 0 0 0 0 98 82 0 0 0 0 0 0 92 104 0 0 16 115 0 139 108 0 0 0 0 0 0 47 0 0 77 0 0 0 0 0 81 0 0 0 0 0 0 0 0 0 0 0 0 0 0 0 0 0 0 67 0 0 0 0 0 0 0 
0 0 0 66 0 0 0 0 135 123 104 0 0 113 0 0 0 0 0 0 0 0 0 0 0 0 0 0 0 0 0 81 0 0 0 0 0 0 0 0 0 0 0 0 0 0 0 0 0 0 0 0 0 0 110 0 0 0 33 20 0 0 0 0 0 0 0 140 0 0 0 0 0 0 0 0 0 0 0 0 93 0 0 0 0 0 0 0 0 0 0 0 88 100 0 0 0 0 96 30 
125 0 5 0 150 0 0 0 0 0 0 0 0 0 0 0 0 0 0 28 0 0 0 0 0 0 0 0 0 0 0 0 0 0 0 0 0 0 0 0 0 0 0 81 0 0 66 0 0 0 0 0 0 0 0 0 0 0 0 0 0 0 0 0 0 0 0 0 0 141 0 0 0 0 0 0 0 0 0 0 0 0 0 58 0 0 148 0 0 0 0 0 0 0 0 0 0 0 0 0 
0 0 0 0 0 0 0 0 0 0 0 0 121 0 0 0 0 0 0 0 0 0 0 0 116 0 0 127 0 0 0 0 0 0 0 147 0 0 0 138 79 0 0 0 0 0 0 0 0 0 0 0 0 0 0 0 0 0 0 0 0 0 0 0 0 0 0 0 0 0 0 0 0 0 0 0 0 0 130 0 0 0 132 0 0 0 0 0 0 0 0 0 0 0 0 0 0 0 0 0 
0 0 0 0 0 0 0 0 0 114 0 0 0 15 0 0 0 28 0 0 53 0 0 28 0 0 0 0 0 0 142 0 0 0 0 0 0 0 0 0 0 27 0 0 0 0 0 0 0 0 0 0 0 66 0 0 0 0 0 0 0 0 85 33 0 0 0 0 0 0 0 0 0 67 0 0 134 0 0 0 0 0 0 0 18 0 0 0 0 0 0 0 0 0 0 0 0 0 0 0 
0 0 0 0 0 0 0 0 0 0 0 0 0 0 0 0 0 0 0 53 0 0 0 25 0 2 61 0 0 0 0 0 0 0 0 0 0 0 111 0 0 0 0 0 0 0 76 0 0 0 0 0 0 0 0 0 0 0 0 0 0 0 0 0 2 0 0 0 70 0 0 0 0 111 113 0 0 0 0 0 0 0 0 0 0 0 0 0 0 0 138 0 0 0 0 36 0 0 0 0 
0 0 0 0 0 77 0 0 147 0 0 0 65 0 44 0 0 0 0 0 0 0 0 0 0 118 146 0 0 0 0 0 0 43 18 0 0 0 0 0 84 0 0 0 30 0 0 0 0 0 0 0 0 0 0 65 0 0 0 0 0 77 0 0 0 0 0 0 0 131 0 0 0 0 0 15 0 0 0 0 0 0 150 0 0 0 0 0 0 0 0 0 0 0 0 0 0 0 0 0 
0 0 0 56 0 0 0 0 0 0 0 105 0 0 0 0 0 0 0 0 0 0 0 0 0 0 0 0 0 18 0 0 0 0 0 0 0 41 0 0 0 0 0 0 0 0 11 0 148 0 120 0 0 0 21 27 0 0 0 0 0 0 96 0 0 0 0 0 0 0 105 0 133 0 0 0 33 0 0 0 0 21 0 0 0 0 127 0 0 0 0 0 0 0 0 0 0 0 0 0 
0 22 0 0 0 0 0 0 0 0 0 26 0 0 0 0 0 0 0 28 25 0 0 0 0 0 0 0 0 0 0 0 141 0 0 0 0 0 0 0 43 0 0 0 0 0 0 57 0 0 0 0 0 0 0 0 0 0 0 0 0 0 0 0 0 0 0 0 0 53 0 0 0 0 0 0 0 0 37 0 14 130 0 0 0 41 0 0 0 0 0 0 0 0 0 0 0 35 0 109 
0 0 0 0 0 0 0 0 0 75 66 0 0 0 0 0 0 0 116 0 0 0 0 0 0 0 0 0 0 37 0 0 87 0 0 53 0 0 0 0 0 0 0 0 0 0 0 0 0 0 0 0 0 0 0 0 82 0 143 68 0 0 0 0 0 0 0 0 0 0 0 0 0 128 0 66 0 0 0 0 0 0 0 0 51 0 0 0 0 1 0 81 0 0 0 0 0 0 0 0 
77 0 0 0 0 0 0 0 0 0 0 0 23 24 0 0 0 0 0 0 2 118 0 0 0 0 0 0 0 0 0 0 0 0 0 0 0 0 0 0 0 0 0 0 0 0 0 0 0 101 0 0 0 0 0 0 0 0 0 0 0 15 0 99 0 0 0 0 0 0 0 0 0 36 0 0 0 0 0 0 0 119 0 0 0 0 0 5 0 0 0 0 0 0 0 0 0 0 0 47 
38 0 0 0 0 0 0 0 0 0 0 0 0 0 119 0 0 0 0 0 61 146 0 0 0 0 0 0 0 0 0 0 0 0 0 0 0 0 0 123 0 0 0 0 0 0 0 0 0 0 0 115 0 0 0 0 0 0 0 36 0 0 0 0 21 0 0 0 0 87 0 81 0 0 0 0 82 95 0 0 0 90 42 0 0 0 0 0 116 0 0 0 0 0 0 0 0 0 0 0 
0 0 37 0 0 0 0 0 0 65 0 0 0 0 0 88 0 0 127 0 0 0 0 0 0 0 0 0 0 41 0 0 0 0 0 79 0 0 0 0 0 0 73 0 0 0 0 0 145 0 0 0 0 0 132 0 0 0 0 0 0 0 0 0 0 0 0 0 0 0 0 108 0 0 138 0 0 0 0 0 15 0 67 0 0 0 0 0 0 0 0 0 0 0 133 0 0 0 0 68 
0 0 0 0 0 0 0 0 0 0 0 0 0 0 0 0 0 0 0 0 0 0 0 0 0 0 0 0 0 0 0 0 0 0 0 0 0 150 141 0 0 0 0 0 0 0 0 0 0 0 0 83 0 0 0 129 0 0 0 0 0 0 136 0 0 0 0 0 0 105 0 0 45 0 0 134 124 0 0 0 0 0 0 0 0 0 0 0 138 89 0 0 0 63 99 145 0 0 0 62 
0 0 31 0 0 0 0 0 0 0 0 0 0 0 0 0 0 0 0 0 0 0 18 0 37 0 0 41 0 0 0 0 0 29 21 0 0 0 0 0 0 0 0 0 56 0 0 0 0 0 0 0 0 0 0 0 0 0 0 0 0 0 0 71 0 0 0 0 0 0 142 0 66 0 0 0 0 0 0 0 0 0 0 0 0 0 0 0 0 0 0 0 0 0 0 0 0 0 51 0 
0 0 0 0 0 141 0 147 0 0 0 0 0 0 0 0 0 0 0 142 0 0 0 0 0 0 0 0 0 0 0 0 0 0 0 7 0 0 0 43 0 0 69 0 0 0 0 0 0 0 3 52 0 0 0 0 0 0 0 0 66 0 0 0 0 0 57 0 0 0 19 0 0 0 0 0 0 0 0 0 0 0 0 0 0 0 0 60 0 0 28 103 0 0 0 0 0 0 0 74 
0 134 0 0 0 0 0 0 0 0 0 0 0 0 0 0 81 0 0 0 0 0 0 0 0 0 0 0 0 0 0 0 0 73 0 0 0 0 117 50 0 0 0 0 0 0 149 0 0 0 84 125 67 147 0 0 67 0 0 0 0 0 0 0 0 0 0 0 0 0 0 0 0 0 0 0 0 0 0 0 0 0 0 0 0 0 72 0 0 0 0 0 43 52 0 125 0 0 0 0 
0 0 0 0 0 19 5 0 0 0 0 0 0 0 0 0 0 0 0 0 0 0 0 141 87 0 0 0 0 0 0 0 0 0 0 86 0 0 0 9 0 0 0 0 0 0 0 0 0 0 0 0 0 0 0 0 0 0 0 0 112 11 0 0 0 0 0 0 0 0 0 0 0 0 94 0 0 0 0 0 0 0 0 0 0 122 0 0 148 0 0 0 0 100 0 0 0 0 0 0 
0 0 0 0 0 0 0 0 0 0 94 0 0 0 0 0 0 0 0 0 0 43 0 0 0 0 0 0 0 29 0 73 0 0 0 73 0 0 0 0 0 0 0 0 0 0 0 0 0 0 0 0 0 0 0 0 3 0 0 9 0 0 102 0 0 0 55 0 0 0 66 54 0 0 0 0 0 0 0 0 0 0 0 0 0 0 114 0 0 0 0 102 0 0 0 0 0 0 0 0 
0 92 0 0 0 0 15 0 0 0 0 0 0 0 0 0 0 0 0 0 0 18 0 0 0 0 0 0 0 21 0 0 0 0 0 0 0 0 143 0 0 0 0 0 0 0 124 0 0 0 92 32 0 0 0 0 0 146 0 0 0 0 0 0 0 28 43 0 0 0 0 0 0 0 133 0 0 0 0 0 0 0 118 0 0 0 0 0 0 1 0 0 0 0 0 0 0 110 0 0 
0 119 0 0 0 0 0 0 0 0 0 0 0 0 0 0 0 0 147 0 0 0 0 0 53 0 0 79 0 0 7 0 86 73 0 0 0 0 0 137 0 0 0 0 36 0 0 0 0 0 0 0 0 0 19 0 81 0 0 0 0 0 0 0 0 96 0 0 0 0 0 0 0 0 0 0 0 0 0 0 0 147 0 0 0 0 95 0 0 0 0 0 0 0 0 0 0 0 2 0 
0 0 0 0 0 0 0 0 0 0 0 0 0 0 80 0 0 0 0 0 0 0 0 0 0 0 0 0 0 0 0 0 0 0 0 0 0 0 0 0 0 0 0 131 0 0 85 0 0 0 0 0 0 0 42 0 0 0 128 0 0 0 0 0 34 0 0 0 0 0 0 0 0 0 0 0 0 0 146 0 0 0 0 0 0 0 102 0 0 0 0 0 0 0 33 145 0 0 25 0 
49 0 0 111 0 0 116 0 0 0 70 0 0 0 0 0 0 0 0 0 0 0 41 0 0 0 0 0 150 0 0 0 0 0 0 0 0 0 0 0 0 0 0 0 0 0 0 0 0 0 0 0 0 0 0 0 0 0 0 0 63 0 0 0 0 0 79 0 0 124 0 0 0 0 0 0 0 140 0 0 0 0 12 0 0 0 0 0 66 0 0 11 0 132 0 85 0 0 0 0 
0 0 0 0 0 0 0 0 0 0 0 0 0 0 0 0 0 0 0 0 111 0 0 0 0 0 0 0 141 0 0 117 0 0 143 0 0 0 0 0 0 0 0 117 0 0 0 107 0 0 0 73 0 0 0 0 0 0 48 0 0 0 0 0 0 0 0 130 0 0 69 0 0 0 0 0 0 0 119 54 0 0 11 0 0 0 0 46 0 0 0 0 0 0 0 0 0 148 0 0 
0 0 31 0 75 0 0 0 0 0 105 0 0 0 0 0 0 0 138 0 0 0 0 0 0 0 123 0 0 0 43 50 9 0 0 137 0 0 0 0 0 0 0 0 0 0 0 0 0 0 47 0 0 106 0 0 0 0 0 0 33 0 0 0 0 0 0 0 0 0 0 0 0 117 0 0 0 0 0 0 0 0 0 0 0 0 0 0 0 83 0 0 18 0 0 0 0 0 0 0 
0 0 0 0 143 0 0 14 0 0 0 0 0 0 0 0 0 0 79 0 0 84 0 43 0 0 0 0 0 0 0 0 0 0 0 0 0 0 0 0 0 0 18 0 0 0 0 0 0 0 0 0 0 0 0 0 0 39 0 0 0 0 0 0 0 0 0 0 0 0 0 0 0 65 0 0 0 0 0 0 0 88 0 41 0 0 0 0 0 0 0 0 0 0 0 0 72 0 104 150 
24 0 0 0 0 0 0 0 0 0 0 0 0 0 127 98 0 0 0 27 0 0 0 0 0 0 0 0 0 0 0 0 0 0 0 0 0 0 0 0 0 0 52 0 0 0 0 0 0 0 0 0 133 0 0 99 0 0 0 0 0 36 0 0 0 0 0 0 0 0 0 0 0 0 0 0 0 0 0 0 0 0 0 0 0 134 0 46 0 0 0 107 142 0 0 40 0 0 0 0 
0 0 0 0 14 0 0 0 0 0 0 119 42 0 0 82 0 0 0 0 0 0 0 0 0 0 0 73 0 0 69 0 0 0 0 0 0 0 0 0 18 52 0 0 0 0 66 0 0 0 0 102 0 0 0 0 58 0 0 0 0 0 0 0 0 0 0 0 0 0 0 0 0 0 0 0 0 0 0 0 0 0 0 83 0 89 0 0 0 0 0 141 0 0 0 0 0 41 0 0 
0 0 0 0 0 0 0 0 0 0 0 0 0 0 0 0 0 81 0 0 0 0 0 0 0 0 0 0 0 0 0 0 0 0 0 0 131 0 117 0 0 0 0 0 0 0 0 0 0 125 0 0 0 0 0 0 0 0 0 0 0 0 0 22 0 68 0 0 0 139 0 0 0 0 0 0 0 0 0 48 0 0 0 0 0 0 0 0 0 0 0 0 0 0 0 0 0 7 0 0 
0 0 0 117 0 0 0 0 0 0 0 0 0 0 141 0 0 0 0 0 0 30 0 0 0 0 0 0 0 56 0 0 0 0 0 36 0 0 0 0 0 0 0 0 0 0 0 14 0 0 0 0 0 0 0 0 5 0 0 0 0 0 0 0 0 0 0 52 0 0 0 0 0 0 89 0 0 0 0 0 0 0 0 0 0 0 0 0 129 19 0 0 0 0 0 0 0 0 0 0 
0 0 0 0 0 0 0 0 112 142 0 136 0 0 0 0 0 0 0 0 0 0 0 0 0 0 0 0 0 0 0 0 0 0 0 0 0 0 0 0 0 0 0 0 0 0 0 0 0 0 87 0 0 0 0 111 0 90 0 0 0 0 0 0 0 0 64 7 0 0 0 0 0 3 0 0 0 0 0 0 0 0 0 0 0 128 0 0 0 0 0 58 0 0 0 0 0 0 0 0 
0 0 0 0 0 0 0 2 0 0 0 0 0 37 0 0 0 66 0 0 76 0 11 0 0 0 0 0 0 0 0 149 0 0 124 0 85 0 0 0 0 0 66 0 0 0 0 0 41 0 0 0 0 0 0 0 0 0 87 0 0 0 0 0 0 0 54 0 0 0 0 0 0 0 0 0 0 0 0 0 129 0 0 0 0 0 0 0 0 0 0 0 9 82 0 0 0 0 0 0 
88 0 131 0 0 32 10 0 0 52 0 0 0 0 17 0 0 0 0 0 0 0 0 57 0 0 0 0 0 0 0 0 0 0 0 0 0 0 107 0 0 0 0 0 14 0 0 0 0 0 0 0 0 0 0 0 0 0 21 0 0 0 0 0 0 0 0 0 126 0 22 0 0 59 0 0 0 0 0 0 0 0 0 0 0 0 0 0 0 0 0 0 0 0 0 0 0 0 0 0 
0 0 0 0 0 96 0 0 72 0 0 0 143 71 0 0 0 0 0 0 0 0 148 0 0 0 0 145 0 0 0 0 0 0 0 0 0 0 0 0 0 0 0 0 0 0 41 0 0 0 0 0 0 0 0 0 26 0 0 0 0 0 0 0 0 0 0 0 0 0 0 0 35 0 0 0 122 0 0 0 0 0 0 0 4 0 98 0 143 87 0 0 0 0 0 0 0 97 0 0 
0 0 0 0 0 0 0 0 0 0 69 0 0 0 0 92 0 0 0 0 0 0 0 0 0 101 0 0 0 0 0 0 0 0 0 0 0 0 0 0 0 0 0 125 0 0 0 0 0 0 0 0 2 80 0 0 0 0 0 0 0 0 0 57 0 0 0 0 0 0 0 0 54 0 0 0 0 0 55 85 0 0 0 0 62 0 133 0 0 0 99 0 0 0 0 0 0 0 0 0 
0 0 0 0 0 0 0 0 150 141 0 0 0 0 0 104 0 0 0 0 0 0 120 0 0 0 0 0 0 0 3 84 0 0 92 0 0 0 0 47 0 0 0 0 0 87 0 0 0 0 0 0 0 0 0 0 0 0 0 0 0 0 0 0 0 0 0 0 64 0 0 0 73 0 0 14 0 0 0 0 0 0 0 0 0 0 0 0 0 79 97 119 0 0 0 0 0 0 0 0 
0 4 0 0 0 0 0 33 0 0 122 0 0 128 0 0 0 0 0 0 0 0 0 0 0 0 115 0 83 0 52 125 0 0 32 0 0 0 73 0 0 0 102 0 0 0 0 0 0 0 0 0 0 0 0 0 0 0 0 0 0 0 0 0 0 0 0 0 0 0 0 0 0 0 0 0 0 134 0 0 0 0 0 0 0 0 0 0 0 0 11 0 132 0 0 3 0 0 0 0 
114 0 0 0 0 0 97 0 7 0 15 118 0 0 0 0 0 0 0 0 0 0 0 0 0 0 0 0 0 0 0 67 0 0 0 0 0 0 0 0 0 133 0 0 0 0 0 0 0 2 0 0 0 0 0 122 0 0 0 59 0 0 0 0 0 0 0 0 0 113 0 0 0 0 0 0 138 0 146 10 0 0 0 0 0 0 0 0 0 0 0 0 0 0 0 0 97 0 0 0 
0 0 0 0 0 0 0 0 0 0 0 117 0 0 0 16 0 0 0 66 0 0 0 0 0 0 0 0 0 0 0 147 0 0 0 0 0 0 0 106 0 0 0 0 0 0 0 0 0 80 0 0 0 0 0 13 0 91 0 0 0 67 122 0 0 0 0 107 0 0 0 0 0 0 0 0 41 0 0 0 0 0 0 0 0 121 0 0 0 0 139 0 0 99 0 0 0 0 0 0 
0 0 0 0 0 0 0 0 0 0 0 0 0 18 136 115 110 0 0 0 0 0 21 0 0 0 0 132 0 0 0 0 0 0 0 19 42 0 0 0 0 0 0 0 0 0 0 0 0 0 0 0 0 0 0 0 0 0 0 0 8 0 0 0 0 0 0 0 0 0 0 0 0 0 0 0 17 15 0 118 0 13 0 0 0 0 0 0 0 88 120 0 0 0 0 0 0 0 0 0 
0 0 0 79 0 127 0 0 0 0 0 0 0 0 24 0 0 0 0 0 0 65 27 0 0 0 0 0 129 0 0 0 0 0 0 0 0 0 0 0 0 99 0 0 0 111 0 0 0 0 0 0 122 13 0 0 0 0 0 0 0 0 0 55 21 0 0 0 0 0 0 0 0 0 0 23 0 0 0 0 0 0 0 0 0 0 0 0 0 0 0 0 80 0 0 6 0 0 0 0 
0 0 0 0 0 0 0 0 0 115 0 0 0 0 0 139 0 0 0 0 0 0 0 0 82 0 0 0 0 0 0 67 0 3 0 81 0 0 0 0 0 0 58 0 5 0 0 0 26 0 0 0 0 0 0 0 0 0 0 0 0 0 0 0 0 36 0 0 0 0 0 0 0 0 0 0 0 0 0 0 86 0 0 0 0 0 0 0 0 48 0 0 0 0 0 0 0 0 0 0 
16 0 0 136 0 0 0 0 17 0 0 0 59 0 0 108 0 0 0 0 0 0 0 0 0 0 0 0 0 0 0 0 0 0 146 0 0 0 0 0 39 0 0 0 0 90 0 0 0 0 0 0 0 91 0 0 0 0 0 0 0 28 0 92 0 0 0 0 0 0 0 0 0 0 0 107 0 0 0 9 0 0 94 0 0 0 0 0 0 0 0 0 0 135 0 0 0 0 0 0 
0 0 8 96 0 0 0 0 0 0 0 0 0 0 0 0 33 0 0 0 0 0 0 0 143 0 0 0 0 0 0 0 0 0 0 0 128 0 48 0 0 0 0 0 0 0 87 21 0 0 0 0 0 0 0 0 0 0 0 0 0 0 0 0 0 0 0 0 0 0 0 0 0 0 0 0 94 0 86 3 0 0 0 0 49 37 0 0 0 0 0 0 0 115 0 0 0 0 0 0 
0 0 0 118 0 0 0 0 0 0 0 66 0 0 0 0 20 0 0 0 0 0 0 0 68 0 36 0 0 0 0 0 0 9 0 0 0 0 0 0 0 0 0 0 0 0 0 0 0 0 0 0 59 0 0 0 0 0 0 0 0 0 0 0 0 98 0 0 0 0 0 0 0 0 0 0 33 0 0 62 146 0 0 0 0 0 0 0 69 0 65 0 0 0 0 0 0 0 0 0 
120 0 21 0 0 60 0 16 0 0 0 0 0 0 0 0 0 0 0 0 0 0 0 0 0 0 0 0 0 0 66 0 112 0 0 0 0 63 0 33 0 0 0 0 0 0 0 0 0 0 0 0 0 0 8 0 0 0 0 0 0 0 0 0 0 0 0 140 97 6 0 0 137 0 0 0 0 0 0 0 0 87 0 0 0 0 0 0 0 0 0 0 0 0 0 0 0 0 74 0 
0 0 0 0 0 0 0 0 0 0 0 0 64 0 0 0 0 0 0 0 0 77 0 0 0 15 0 0 0 0 0 0 11 0 0 0 0 0 0 0 0 36 0 0 0 0 0 0 0 0 0 0 0 67 0 0 0 28 0 0 0 0 0 0 0 0 0 0 0 109 0 41 57 0 0 0 0 0 0 58 0 0 0 0 0 0 0 0 0 0 0 0 0 63 0 0 95 0 0 0 
0 0 0 0 22 0 0 0 0 0 0 0 36 0 0 0 0 0 0 85 0 0 96 0 0 0 0 0 136 0 0 0 0 102 0 0 0 0 0 0 0 0 0 0 0 0 0 0 0 0 0 0 0 122 0 0 0 0 0 0 0 0 0 0 0 0 0 0 0 0 0 0 92 0 0 0 0 0 0 0 0 0 0 0 0 0 0 0 0 0 0 0 0 0 0 0 0 43 0 0 
0 0 0 0 0 0 0 0 0 0 126 0 0 0 132 0 0 0 0 33 0 0 0 0 0 99 0 0 0 71 0 0 0 0 0 0 0 0 0 0 0 0 0 22 0 0 0 0 0 57 0 0 0 0 0 55 0 92 0 0 0 0 0 0 0 0 0 0 0 0 0 0 0 0 97 0 74 0 0 0 102 0 0 0 0 128 0 0 0 0 114 0 0 0 0 0 0 0 0 23 
0 0 0 0 0 0 0 26 0 0 0 0 0 0 0 47 0 0 0 0 2 0 0 0 0 0 21 0 0 0 0 0 0 0 0 0 34 0 0 0 0 0 0 0 0 0 0 0 0 0 0 0 0 0 0 21 0 0 0 0 0 0 0 0 0 0 0 0 0 0 0 0 36 0 34 0 0 0 0 0 0 0 0 0 0 0 0 106 28 0 0 0 0 0 0 0 0 0 0 0 
39 118 0 0 0 0 0 0 0 0 0 0 0 82 0 0 0 0 0 0 0 0 0 0 0 0 0 0 0 0 0 0 0 0 28 96 0 0 0 0 0 0 0 68 0 0 0 0 0 0 0 0 0 0 0 0 36 0 0 98 0 0 0 0 0 0 0 0 0 0 0 0 0 0 0 0 0 54 0 0 0 0 0 0 0 0 2 0 0 0 0 0 0 0 0 0 0 0 0 0 
0 0 0 0 0 0 0 0 26 0 0 67 0 0 67 0 0 0 0 0 0 0 0 0 0 0 0 0 0 0 57 0 0 55 43 0 0 79 0 0 0 0 0 0 0 64 54 0 0 0 0 0 0 0 0 0 0 0 0 0 0 0 0 0 0 0 0 0 141 0 40 0 0 0 0 0 0 0 62 0 0 0 0 0 128 0 0 0 0 0 95 0 0 0 0 0 0 0 0 21 
0 0 0 0 0 0 0 0 0 138 0 0 0 0 0 77 140 0 0 0 0 0 0 0 0 0 0 0 0 0 0 0 0 0 0 0 0 0 130 0 0 0 0 0 52 7 0 0 0 0 0 0 0 107 0 0 0 0 0 0 140 0 0 0 0 0 0 0 0 0 0 36 13 0 0 0 0 0 0 0 0 0 0 0 0 0 0 17 0 0 0 0 0 110 0 0 0 0 0 0 
0 0 0 0 113 0 0 96 73 0 37 0 0 0 0 0 0 0 0 0 70 0 0 0 0 0 0 0 0 0 0 0 0 0 0 0 0 0 0 0 0 0 0 0 0 0 0 126 0 0 64 0 0 0 0 0 0 0 0 0 97 0 0 0 0 0 141 0 0 0 0 0 0 0 0 65 0 0 58 0 123 0 0 0 0 0 0 138 0 0 0 0 124 0 0 0 127 0 0 0 
0 0 6 0 0 0 0 0 0 0 0 0 0 0 0 0 0 141 0 0 0 131 0 53 0 0 87 0 105 0 0 0 0 0 0 0 0 124 0 0 0 0 0 139 0 0 0 0 0 0 0 0 113 0 0 0 0 0 0 0 6 109 0 0 0 0 0 0 0 0 0 0 0 0 0 0 0 126 0 0 0 0 17 48 0 0 0 0 0 0 0 69 0 0 0 0 0 0 0 0 
0 0 0 143 0 0 0 0 0 0 0 0 0 0 0 0 0 0 0 0 0 0 105 0 0 0 0 0 0 142 19 0 0 66 0 0 0 0 69 0 0 0 0 0 0 0 0 22 0 0 0 0 0 0 0 0 0 0 0 0 0 0 0 0 0 0 40 0 0 0 0 0 0 0 0 0 0 9 39 0 0 0 0 0 0 0 0 121 0 0 0 0 0 0 122 0 0 0 0 114 
84 0 0 0 0 0 51 0 0 0 0 0 0 0 0 0 0 0 0 0 0 0 0 0 0 0 81 108 0 0 0 0 0 54 0 0 0 0 0 0 0 0 0 0 0 0 0 0 0 0 0 0 0 0 0 0 0 0 0 0 0 41 0 0 0 0 0 36 0 0 0 0 0 0 0 0 0 139 0 0 0 0 0 111 0 0 132 0 0 0 0 0 0 0 0 0 0 0 0 0 
0 0 0 0 0 0 0 0 0 0 0 0 0 0 0 0 0 0 0 0 0 0 133 0 0 0 0 0 45 66 0 0 0 0 0 0 0 0 0 0 0 0 0 0 0 0 0 0 35 54 73 0 0 0 0 0 0 0 0 0 137 57 92 0 36 0 0 13 0 0 0 0 0 0 0 0 0 0 0 0 0 0 0 0 0 0 0 0 0 0 0 0 0 0 0 0 45 0 0 0 
0 0 0 0 0 0 0 0 148 0 0 0 0 0 0 81 0 0 0 67 111 0 0 0 128 36 0 0 0 0 0 0 0 0 0 0 0 0 0 117 65 0 0 0 0 3 0 59 0 0 0 0 0 0 0 0 0 0 0 0 0 0 0 0 0 0 0 0 0 0 0 0 0 0 0 0 0 0 0 0 0 39 0 0 0 0 0 0 0 0 0 0 0 0 0 0 0 0 0 0 
0 9 0 100 0 0 0 0 0 0 0 0 0 0 0 0 0 0 0 0 113 0 0 0 0 0 0 138 0 0 0 0 94 0 133 0 0 0 0 0 0 0 0 0 89 0 0 0 0 0 0 0 0 0 0 0 0 0 0 0 0 0 0 97 34 0 0 0 0 0 0 0 0 0 0 0 144 0 0 0 22 0 0 0 0 42 0 0 0 0 0 0 0 0 0 0 113 0 25 0 
31 136 31 0 0 0 0 126 0 0 0 0 0 51 0 0 0 0 0 0 0 15 0 0 66 0 0 0 134 0 0 0 0 0 0 0 0 0 0 0 0 0 0 0 0 0 0 0 0 0 14 0 0 0 0 23 0 107 0 0 0 0 0 0 0 0 0 0 65 0 0 0 0 0 0 0 0 0 76 0 0 0 0 0 47 0 0 0 0 0 0 0 0 0 0 0 0 0 21 0 
0 0 0 0 0 0 0 0 0 0 0 0 0 0 0 0 0 0 0 134 0 0 33 0 0 0 82 0 124 0 0 0 0 0 0 0 0 0 0 0 0 0 0 0 0 0 0 0 122 0 0 0 138 41 17 0 0 0 94 33 0 0 0 74 0 0 0 0 0 0 0 0 0 0 144 0 0 0 0 0 0 0 0 0 0 0 0 138 100 0 0 0 0 0 0 0 0 148 0 0 
0 41 0 15 0 90 0 65 0 0 0 95 0 0 0 0 0 0 0 0 0 0 0 0 0 0 95 0 0 0 0 0 0 0 0 0 0 140 0 0 0 0 0 0 0 0 0 0 0 0 0 134 0 0 15 0 0 0 0 0 0 0 0 0 0 54 0 0 0 126 9 139 0 0 0 0 0 0 0 0 0 0 0 0 0 0 0 0 17 0 0 0 0 0 0 0 0 32 0 0 
0 0 0 93 0 50 0 0 0 0 0 0 0 0 0 0 0 0 130 0 0 0 0 37 0 0 0 0 0 0 0 0 0 0 0 0 146 0 119 0 0 0 0 0 0 0 0 0 0 55 0 0 146 0 0 0 0 0 86 0 0 0 0 0 0 0 62 0 58 0 39 0 0 0 0 76 0 0 0 0 0 0 0 95 0 90 0 0 0 0 0 0 0 0 0 0 0 0 0 0 
79 0 0 0 0 0 0 0 0 0 0 0 0 0 0 0 0 0 0 0 0 0 0 0 0 0 0 0 0 0 0 0 0 0 0 0 0 0 54 0 0 0 0 48 0 0 0 0 0 85 0 0 10 0 118 0 0 9 3 62 0 58 0 0 0 0 0 0 0 0 0 0 0 0 0 0 0 0 0 0 0 0 0 0 0 0 0 0 0 127 0 0 0 0 0 104 0 0 0 0 
0 0 82 0 0 0 0 0 0 70 0 0 0 0 0 0 93 0 0 0 0 0 0 14 0 0 0 15 0 0 0 0 0 0 0 0 0 0 0 0 0 0 0 0 0 0 129 0 0 0 0 0 0 0 0 0 86 0 0 146 0 0 0 102 0 0 0 0 123 0 0 0 0 0 22 0 0 0 0 0 0 0 0 98 0 0 68 119 0 0 0 33 0 0 0 0 0 0 0 0 
0 0 0 0 17 5 0 0 0 0 0 0 11 0 0 0 0 0 0 0 0 0 21 130 0 119 90 0 0 0 0 0 0 0 0 147 0 0 0 0 88 0 0 0 0 0 0 0 0 0 0 0 0 0 13 0 0 0 0 0 87 0 0 0 0 0 0 0 0 0 0 0 0 39 0 0 0 0 0 0 0 0 0 0 0 0 0 0 0 0 0 0 0 0 0 0 0 0 0 0 
0 0 0 0 0 98 0 149 0 0 0 0 0 0 28 0 0 0 132 0 0 150 0 0 0 0 42 67 0 0 0 0 0 0 118 0 0 12 11 0 0 0 0 0 0 0 0 0 0 0 0 0 0 0 0 0 0 94 0 0 0 0 0 0 0 0 0 0 0 17 0 0 0 0 0 0 0 0 0 0 0 0 0 0 81 131 0 0 0 0 0 18 0 0 0 0 0 0 0 0 
0 0 0 0 0 0 0 0 0 0 96 0 0 136 0 0 0 58 0 0 0 0 0 0 0 0 0 0 0 0 0 0 0 0 0 0 0 0 0 0 41 0 83 0 0 0 0 0 0 0 0 0 0 0 0 0 0 0 0 0 0 0 0 0 0 0 0 0 0 48 0 111 0 0 0 0 0 0 95 0 98 0 0 0 65 0 0 0 0 0 85 0 0 0 0 0 0 140 0 0 
0 0 0 0 103 0 0 0 24 0 0 0 0 0 0 0 0 0 0 18 0 0 0 0 51 0 0 0 0 0 0 0 0 0 0 0 0 0 0 0 0 0 0 0 0 0 0 0 4 62 0 0 0 0 0 0 0 0 49 0 0 0 0 0 0 0 128 0 0 0 0 0 0 0 0 47 0 0 0 0 0 0 81 65 0 0 0 0 0 0 0 0 0 17 88 0 0 0 96 0 
0 0 0 0 0 0 0 0 0 0 0 0 0 0 0 0 0 0 0 0 0 0 0 41 0 0 0 0 0 0 0 0 122 0 0 0 0 0 0 0 0 134 89 0 0 128 0 0 0 0 0 0 0 121 0 0 0 0 37 0 0 0 0 128 0 0 0 0 0 0 0 0 0 0 42 0 0 0 90 0 0 0 131 0 0 0 0 0 0 0 0 0 0 0 0 0 0 0 0 0 
0 0 0 0 0 0 0 0 0 0 0 0 0 0 0 0 0 148 0 0 0 0 127 0 0 0 0 0 0 0 0 72 0 114 0 95 102 0 0 0 0 0 0 0 0 0 0 0 98 133 0 0 0 0 0 0 0 0 0 0 0 0 0 0 0 2 0 0 0 0 0 132 0 0 0 0 0 0 0 0 68 0 0 0 0 0 0 0 0 0 71 0 0 0 0 0 0 86 0 0 
50 0 0 0 0 0 0 53 0 0 0 66 0 0 0 0 0 0 0 0 0 0 0 0 0 5 0 0 0 0 60 0 0 0 0 0 0 0 46 0 0 46 0 0 0 0 0 0 0 0 0 0 0 0 0 0 0 0 0 0 0 0 0 0 106 0 0 17 138 0 121 0 0 0 0 0 138 0 0 0 119 0 0 0 0 0 0 0 8 0 0 0 0 0 138 0 0 0 0 0 
0 0 0 0 0 0 0 0 54 107 0 0 0 0 34 0 0 0 0 0 0 0 0 0 0 0 116 0 138 0 0 0 148 0 0 0 0 66 0 0 0 0 0 0 129 0 0 0 143 0 0 0 0 0 0 0 0 0 0 69 0 0 0 0 28 0 0 0 0 0 0 0 0 0 0 0 100 17 0 0 0 0 0 0 0 0 0 8 0 0 0 0 0 0 0 0 0 117 0 0 
0 0 150 0 0 0 0 0 0 0 0 125 67 0 0 0 0 0 0 0 0 0 0 0 1 0 0 0 89 0 0 0 0 0 1 0 0 0 0 83 0 0 0 0 19 0 0 0 87 0 79 0 0 0 88 0 48 0 0 0 0 0 0 0 0 0 0 0 0 0 0 0 0 0 0 0 0 0 0 127 0 0 0 0 0 0 0 0 0 0 0 24 0 0 124 0 0 0 0 0 
0 0 0 109 0 0 77 0 0 0 0 0 0 0 0 0 0 0 0 0 138 0 0 0 0 0 0 0 0 0 28 0 0 0 0 0 0 0 0 0 0 0 0 0 0 0 0 0 0 99 97 11 0 139 120 0 0 0 0 65 0 0 0 114 0 0 95 0 0 0 0 0 0 0 0 0 0 0 0 0 0 0 0 85 0 0 71 0 0 0 0 0 0 0 0 144 0 0 0 0 
0 0 0 0 0 0 0 0 0 0 0 0 90 0 89 0 0 0 0 0 0 0 0 0 81 0 0 0 0 0 103 0 0 102 0 0 0 11 0 0 0 107 141 0 0 58 0 0 0 0 119 0 0 0 0 0 0 0 0 0 0 0 0 0 0 0 0 0 0 69 0 0 0 0 0 0 0 0 0 0 33 0 18 0 0 0 0 0 0 24 0 0 0 0 0 129 0 0 0 0 
0 0 82 0 0 0 0 0 0 11 0 0 0 0 25 67 88 0 0 0 0 0 0 0 0 0 0 0 0 0 0 43 0 0 0 0 0 0 0 18 0 142 0 0 0 0 9 0 0 0 0 132 0 0 0 80 0 0 0 0 0 0 0 0 0 0 0 0 124 0 0 0 0 0 0 0 0 0 0 0 0 0 0 0 0 0 0 0 0 0 0 0 0 0 0 0 0 0 3 0 
0 0 0 0 0 0 0 0 0 100 0 0 0 0 0 0 100 0 0 0 0 0 0 0 0 0 0 0 63 0 0 52 100 0 0 0 0 132 0 0 0 0 0 0 0 0 82 0 0 0 0 0 0 99 0 0 0 135 115 0 0 63 0 0 0 0 0 110 0 0 0 0 0 0 0 0 0 0 0 0 0 0 0 0 17 0 0 0 0 0 0 0 0 0 0 0 129 0 71 0 
0 0 0 115 0 0 0 0 0 0 0 0 0 0 0 0 0 0 0 0 0 0 0 0 0 0 0 133 99 0 0 0 0 0 0 0 33 0 0 0 0 0 0 0 0 0 0 0 0 0 0 0 0 0 0 0 0 0 0 0 0 0 0 0 0 0 0 0 0 0 122 0 0 0 0 0 0 0 0 0 0 0 0 0 88 0 0 138 0 124 0 0 0 0 0 0 0 0 0 72 
0 139 0 0 0 0 0 0 0 0 110 0 0 0 0 0 0 0 0 0 36 0 0 0 0 0 0 0 145 0 0 125 0 0 0 0 145 85 0 0 0 40 0 0 0 0 0 0 0 0 0 3 0 0 0 6 0 0 0 0 0 0 0 0 0 0 0 0 0 0 0 0 0 0 0 0 0 0 0 104 0 0 0 0 0 0 0 0 0 0 144 129 0 0 0 0 128 0 0 105 
0 20 0 0 0 31 0 0 0 0 0 0 0 0 0 0 0 0 0 0 0 0 0 0 0 0 0 0 0 0 0 0 0 0 0 0 0 0 0 0 72 0 0 0 0 0 0 0 0 0 0 0 97 0 0 0 0 0 0 0 0 95 0 0 0 0 0 0 127 0 0 0 45 0 113 0 0 0 0 0 0 0 0 0 0 0 0 0 0 0 0 0 0 129 0 128 0 0 0 0 
0 144 0 0 0 0 0 0 0 0 140 0 0 0 30 0 0 0 0 0 0 0 0 35 0 0 0 0 0 0 0 0 0 0 110 0 0 0 148 0 0 0 41 7 0 0 0 0 97 0 0 0 0 0 0 0 0 0 0 0 0 0 43 0 0 0 0 0 0 0 0 0 0 0 0 0 148 32 0 0 0 0 0 140 0 0 86 0 117 0 0 0 0 0 0 0 0 0 0 0 
3 0 0 0 0 0 0 0 0 56 0 0 0 0 0 0 96 0 0 0 0 0 0 0 0 0 0 0 0 51 0 0 0 0 0 2 25 0 0 0 104 0 0 0 0 0 0 0 0 0 0 0 0 0 0 0 0 0 0 0 74 0 0 0 0 0 0 0 0 0 0 0 0 0 25 21 0 0 0 0 0 0 0 0 96 0 0 0 0 0 0 0 3 71 0 0 0 0 0 0 
0 0 0 0 35 0 0 50 0 0 0 0 0 103 0 0 30 0 0 0 0 0 0 109 0 47 0 68 62 0 74 0 0 0 0 0 0 0 0 0 150 0 0 0 0 0 0 0 0 0 0 0 0 0 0 0 0 0 0 0 0 0 0 23 0 0 21 0 0 0 114 0 0 0 0 0 0 0 0 0 0 0 0 0 0 0 0 0 0 0 0 0 0 0 72 105 0 0 0 0 
