0 0 82 0 0 0 0 0 0 0 87 66 13 0 0 0 0 0 0 64 58 0 0 0 0 0 0 0 0 0 0 0 0 0 0 0 0 85 0 0 0 0 0 73 0 42 0 0 45 0 60 0 0 0 0 0 0 0 0 0 0 0 0 0 0 0 0 0 0 0 0 0 0 0 0 39 0 0 0 0 0 0 0 0 0 0 0 0 11 0 0 0 0 0 0 0 0 56 0 24 
0 0 0 0 0 0 0 0 46 0 0 0 0 0 0 0 0 0 5 0 0 0 19 0 82 0 0 0 0 0 0 0 0 0 0 0 0 0 0 0 0 0 0 0 0 0 0 0 0 0 31 0 30 0 0 0 0 0 0 0 11 0 10 0 0 55 0 0 0 0 4 31 0 1 97 0 0 0 0 0 92 0 0 0 0 0 0 0 34 0 0 0 0 0 0 0 0 0 0 0 
82 0 0 50 0 0 0 0 0 0 49 0 0 0 0 0 0 0 0 0 0 0 0 87 0 0 0 0 96 0 0 0 0 0 0 0 0 0 0 0 46 0 0 0 0 0 0 0 0 0 0 92 0 0 0 0 96 0 0 0 0 0 0 0 0 0 5 0 0 0 0 79 8 0 0 0 0 0 0 0 0 0 0 0 0 0 0 82 0 0 0 29 0 21 0 7 0 0 0 0 
0 0 50 0 0 0 0 0 0 0 0 0 70 0 0 0 0 0 0 43 0 72 0 39 84 0 0 8 0 0 0 0 0 0 0 0 0 0 0 0 0 76 0 0 0 0 0 0 0 0 0 0 0 0 0 15 0 0 0 0 0 0 0 0 0 0 0 0 0 0 0 0 96 0 0 0 0 0 0 100 0 0 0 0 47 0 0 0 0 0 0 96 0 0 0 91 0 0 0 88 
0 0 0 0 0 0 0 0 0 0 0 0 0 63 0 0 0 0 0 0 42 0 87 0 0 0 0 0 0 0 0 0 0 0 0 0 0 0 55 0 0 0 83 0 0 0 0 60 90 0 0 0 0 0 17 0 0 0 0 0 0 0 0 48 0 0 0 0 0 5 0 0 3 0 0 0 0 23 0 60 76 10 0 0 0 0 0 0 0 0 0 0 0 0 0 0 0 0 0 0 
0 0 0 0 0 0 0 36 0 0 0 0 0 0 0 0 0 0 0 0 0 0 0 0 20 0 0 0 0 0 0 0 0 0 0 0 0 0 0 0 0 0 0 0 0 0 0 94 0 31 0 0 77 0 0 0 0 0 0 0 17 0 60 0 0 0 0 0 0 2 0 0 0 0 0 0 0 0 0 0 0 0 0 28 0 0 0 0 18 0 0 0 0 0 0 0 71 0 0 0 
0 0 0 0 0 0 0 0 0 0 0 0 0 0 0 0 0 0 0 0 0 0 0 14 0 0 0 43 0 15 0 13 0 0 0 0 0 0 0 5 0 0 0 0 0 0 0 14 0 0 0 0 0 0 0 0 0 0 0 0 0 0 0 0 0 0 26 0 41 0 0 0 0 0 0 0 0 0 0 0 0 0 0 81 0 0 0 0 0 0 0 0 0 0 0 0 0 77 73 0 
0 0 0 0 0 36 0 0 0 17 0 0 0 0 74 0 0 0 0 0 0 0 0 46 0 0 0 0 0 0 0 46 0 0 97 0 0 0 0 0 0 0 0 0 0 0 0 0 12 0 0 0 0 0 0 0 0 0 0 0 0 0 0 0 0 21 0 0 0 0 0 0 0 0 0 0 5 77 0 0 0 0 0 25 6 0 0 0 0 0 0 0 14 0 0 0 0 0 0 0 
0 46 0 0 0 0 0 0 0 24 0 0 0 0 0 0 0 0 0 0 0 0 86 0 0 0 0 76 0 0 0 21 0 0 0 0 0 0 0 0 0 0 0 0 64 0 0 0 0 0 0 0 0 0 0 0 0 0 0 0 0 96 5 0 0 0 0 0 0 94 0 0 0 0 0 0 0 0 0 0 60 38 15 0 0 4 0 0 0 0 0 100 0 71 0 0 0 0 0 0 
0 0 0 0 0 0 0 17 24 0 0 0 0 0 0 25 0 0 96 0 0 0 0 0 0 0 27 0 0 0 0 0 0 69 0 0 0 0 0 0 0 0 84 0 0 0 0 31 1 0 0 52 0 0 0 0 0 0 0 0 0 0 0 0 0 0 0 0 0 0 0 0 0 0 0 0 0 0 0 0 0 0 86 4 0 0 0 0 0 0 21 0 0 0 0 19 56 0 0 0 
87 0 49 0 0 0 0 0 0 0 0 66 0 0 0 0 0 0 0 0 0 0 0 0 0 0 0 0 36 100 0 0 0 0 0 16 0 0 0 0 0 0 0 0 0 37 55 0 63 0 0 0 0 0 0 0 0 0 0 0 0 0 0 0 0 0 18 21 0 0 0 0 0 12 0 0 0 0 0 0 0 0 0 0 0 0 0 0 0 0 0 0 0 92 0 0 100 0 50 0 
66 0 0 0 0 0 0 0 0 0 66 0 0 0 0 21 0 0 0 0 0 0 0 0 0 0 0 0 0 0 0 0 0 0 34 0 0 0 0 4 55 0 0 0 0 0 93 0 0 0 0 45 0 0 26 0 0 0 0 0 0 0 0 0 0 0 0 0 0 0 0 0 0 0 0 0 71 0 0 0 0 0 0 0 0 0 0 0 0 0 0 0 0 0 0 0 0 0 0 0 
13 0 0 70 0 0 0 0 0 0 0 0 0 0 0 0 0 0 0 0 21 0 0 0 60 0 79 0 0 52 0 0 0 0 0 0 0 5 62 0 0 0 0 0 0 0 2 0 0 0 0 70 0 0 0 0 0 0 0 0 0 0 0 0 0 0 0 0 0 0 0 0 0 16 0 0 0 0 0 0 98 14 0 0 0 0 0 0 0 0 0 0 0 4 0 0 0 0 0 40 
0 0 0 0 63 0 0 0 0 0 0 0 0 0 0 0 0 0 0 0 0 0 0 0 0 60 0 0 0 0 0 0 73 0 0 0 0 0 0 0 100 0 45 0 0 0 0 0 0 0 0 54 0 91 0 0 0 0 0 0 0 0 0 0 55 0 0 0 0 0 0 63 0 0 0 0 0 98 0 0 0 0 0 0 0 0 0 0 0 0 0 0 1 0 0 0 0 0 90 0 
0 0 0 0 0 0 0 74 0 0 0 0 0 0 0 0 0 0 58 0 0 0 0 0 5 0 0 0 0 0 0 0 0 70 0 0 0 3 0 0 6 0 0 0 0 0 10 0 0 0 0 68 0 0 6 87 0 0 88 0 45 0 0 0 0 0 0 0 0 9 0 74 0 0 0 0 0 0 0 0 0 0 0 0 0 0 0 0 0 0 0 0 0 17 0 0 0 0 0 0 
0 0 0 0 0 0 0 0 0 25 0 21 0 0 0 0 0 0 0 0 0 0 0 0 0 0 0 0 0 0 0 0 0 0 0 0 0 0 0 0 0 0 0 0 0 96 0 0 0 0 0 0 0 0 0 60 0 0 0 0 0 0 0 0 0 0 0 0 0 64 0 0 0 0 0 0 0 61 0 15 0 0 0 0 0 0 0 0 0 0 0 0 83 0 0 0 0 0 0 0 
0 0 0 0 0 0 0 0 0 0 0 0 0 0 0 0 0 0 0 87 0 0 0 0 0 0 0 100 0 0 0 0 0 0 84 0 0 0 0 0 22 0 0 0 0 0 0 0 0 0 0 28 0 0 13 0 0 0 0 0 0 0 0 0 0 0 0 0 0 0 0 0 0 0 0 0 0 0 0 0 36 0 0 0 0 0 0 0 98 0 0 0 0 0 0 0 0 0 28 0 
0 0 0 0 0 0 0 0 0 0 0 0 0 0 0 0 0 0 0 0 0 0 0 0 0 30 0 0 84 0 0 0 0 0 0 0 88 0 44 0 0 0 92 0 0 0 0 0 0 0 0 0 0 0 0 0 97 0 0 49 0 53 0 0 0 0 0 0 0 0 0 0 0 0 0 0 0 0 0 0 0 0 0 21 0 54 0 15 0 59 0 0 90 27 0 0 0 0 0 0 
0 5 0 0 0 0 0 0 0 96 0 0 0 0 58 0 0 0 0 0 0 0 0 59 79 0 0 0 0 0 0 0 0 0 29 0 0 0 0 0 0 0 0 0 67 0 86 0 0 0 0 0 94 13 0 0 32 0 0 0 0 0 0 0 0 0 0 0 0 0 0 0 0 0 0 0 0 0 32 0 0 0 0 0 0 0 0 0 0 0 0 0 0 0 0 0 0 0 0 0 
64 0 0 43 0 0 0 0 0 0 0 0 0 0 0 0 87 0 0 0 0 0 0 0 0 0 0 32 0 0 66 0 0 0 0 93 44 0 0 0 0 0 0 0 0 0 0 0 0 0 0 0 29 0 0 0 0 0 0 0 0 0 0 0 65 0 0 52 66 0 0 0 0 0 0 0 0 0 56 0 0 97 0 0 0 57 0 0 0 9 0 0 0 0 0 0 0 0 0 0 
58 0 0 0 42 0 0 0 0 0 0 0 21 0 0 0 0 0 0 0 0 47 0 0 50 0 0 0 0 0 0 0 0 0 0 0 55 0 0 0 0 0 0 0 0 0 0 0 0 0 0 0 0 0 15 0 0 0 0 0 0 0 40 0 0 49 0 0 22 0 0 0 0 0 0 0 0 0 0 0 0 0 0 0 0 91 64 0 44 0 0 0 0 0 12 0 0 0 0 14 
0 0 0 72 0 0 0 0 0 0 0 0 0 0 0 0 0 0 0 0 47 0 0 0 0 0 0 0 0 77 0 0 0 0 0 0 0 0 0 0 0 0 0 0 0 0 0 5 0 53 0 0 0 0 0 0 0 0 57 0 0 99 0 0 0 0 0 0 0 0 0 0 0 0 100 0 0 25 0 78 0 0 0 0 44 0 0 0 0 0 0 91 93 0 0 0 23 0 0 39 
0 19 0 0 87 0 0 0 86 0 0 0 0 0 0 0 0 0 0 0 0 0 0 0 0 0 0 0 27 0 0 0 0 0 0 72 0 0 0 0 0 0 60 0 0 0 0 0 0 8 0 0 0 0 0 0 0 76 0 0 0 0 0 0 0 0 0 0 0 0 20 0 0 0 0 0 64 0 0 0 41 0 0 0 0 0 0 0 0 0 0 0 83 0 62 0 0 0 0 0 
0 0 87 39 0 0 14 46 0 0 0 0 0 0 0 0 0 0 59 0 0 0 0 0 0 0 0 0 0 0 0 0 0 0 0 55 79 0 0 0 0 0 0 0 0 0 0 0 0 0 0 0 0 0 0 0 0 0 0 0 0 5 0 91 0 0 0 0 0 0 0 3 64 0 32 0 0 0 0 0 0 0 0 0 0 23 70 0 0 0 0 0 0 0 77 0 0 0 0 0 
0 82 0 84 0 20 0 0 0 0 0 0 60 0 5 0 0 0 79 0 50 0 0 0 0 0 0 0 0 0 0 0 0 0 0 0 95 0 62 0 0 57 0 0 0 0 0 0 0 0 0 0 0 93 0 0 0 0 0 0 0 62 0 0 0 0 0 0 0 0 32 0 0 0 38 0 0 0 0 0 0 0 0 5 0 0 0 0 0 0 0 0 0 0 0 0 0 0 0 0 
0 0 0 0 0 0 0 0 0 0 0 0 0 60 0 0 0 30 0 0 0 0 0 0 0 0 0 0 0 0 0 0 28 0 0 95 100 61 0 100 0 0 0 0 0 0 0 0 0 0 0 0 0 0 0 0 0 0 0 0 0 0 0 0 0 0 0 0 0 0 0 0 0 0 0 0 11 0 0 0 44 0 0 0 0 0 0 0 0 3 0 0 0 0 0 0 0 99 0 0 
0 0 0 0 0 0 0 0 0 27 0 0 79 0 0 0 0 0 0 0 0 0 0 0 0 0 0 0 0 0 0 0 0 11 0 0 0 0 0 0 0 0 0 53 0 0 0 22 0 0 0 0 0 0 0 0 0 0 0 0 0 0 43 53 0 0 30 0 0 0 0 0 0 0 0 0 0 0 0 0 0 0 0 0 0 0 0 0 0 23 0 16 12 0 0 0 0 0 0 0 
0 0 0 8 0 0 43 0 76 0 0 0 0 0 0 0 100 0 0 32 0 0 0 0 0 0 0 0 0 0 0 0 37 0 0 0 0 0 0 0 0 0 0 0 0 0 0 16 0 0 0 0 0 0 24 0 0 0 25 0 78 0 0 0 0 0 52 94 0 0 0 0 80 0 0 0 0 0 0 0 0 0 0 0 0 0 0 0 98 0 0 0 0 0 60 0 0 0 0 0 
0 0 96 0 0 0 0 0 0 0 36 0 0 0 0 0 0 84 0 0 0 0 27 0 0 0 0 0 0 0 0 19 0 0 0 5 0 0 0 0 0 0 0 0 0 0 0 0 0 0 0 0 0 0 0 0 0 0 0 0 0 0 0 0 0 0 0 0 11 0 2 0 0 0 8 21 0 0 0 0 0 29 71 0 0 0 0 0 64 0 0 0 0 0 0 0 37 81 0 0 
0 0 0 0 0 0 15 0 0 0 100 0 52 0 0 0 0 0 0 0 0 77 0 0 0 0 0 0 0 0 0 0 0 0 0 0 0 98 0 0 0 0 0 0 0 0 0 0 0 0 0 0 0 0 45 0 0 0 0 0 0 0 63 0 0 0 0 0 0 0 0 0 0 0 0 0 0 0 0 11 0 0 0 0 6 0 31 78 0 0 0 0 0 0 0 0 0 43 0 0 
0 0 0 0 0 0 0 0 0 0 0 0 0 0 0 0 0 0 0 66 0 0 0 0 0 0 0 0 0 0 0 0 0 0 80 0 0 0 0 0 0 0 60 0 0 0 0 7 0 0 0 0 0 1 47 0 95 0 0 0 0 0 0 0 0 0 0 0 0 88 0 0 95 0 0 0 0 0 75 0 0 0 0 0 48 0 0 0 0 0 0 0 0 0 0 0 0 0 0 96 
0 0 0 0 0 0 13 46 21 0 0 0 0 0 0 0 0 0 0 0 0 0 0 0 0 0 0 0 19 0 0 0 0 96 0 0 0 0 0 0 0 2 0 32 0 0 0 0 0 0 0 0 31 0 0 0 0 18 0 0 0 0 0 0 0 0 0 0 73 0 0 0 0 0 0 0 0 0 0 0 0 0 0 0 0 0 0 0 0 0 0 0 0 0 0 80 0 59 0 0 
0 0 0 0 0 0 0 0 0 0 0 0 0 73 0 0 0 0 0 0 0 0 0 0 0 28 0 37 0 0 0 0 0 0 0 0 0 0 81 0 0 0 0 0 0 0 0 87 0 0 50 0 0 0 30 27 2 0 0 0 0 0 0 0 0 68 3 0 0 69 0 0 0 0 0 0 0 0 0 0 0 0 23 0 0 0 0 0 0 0 99 0 0 0 89 0 0 0 0 0 
0 0 0 0 0 0 0 0 0 69 0 0 0 0 70 0 0 0 0 0 0 0 0 0 0 0 11 0 0 0 0 96 0 0 0 0 0 0 84 0 72 0 0 81 7 0 0 0 0 0 0 0 0 0 0 0 0 0 0 0 0 59 0 0 0 0 0 0 10 0 0 0 0 50 0 0 0 28 0 0 0 0 0 0 0 0 11 0 0 0 0 0 14 0 0 0 0 0 0 0 
0 0 0 0 0 0 0 97 0 0 0 34 0 0 0 0 84 0 29 0 0 0 0 0 0 0 0 0 0 0 80 0 0 0 0 0 0 0 0 0 0 0 0 0 0 46 75 0 0 0 0 14 0 0 0 0 0 0 0 0 0 0 0 0 17 0 0 0 0 0 0 0 0 100 0 0 0 0 0 0 0 0 0 0 0 0 0 0 77 0 0 0 0 0 0 0 0 0 0 0 
0 0 0 0 0 0 0 0 0 0 16 0 0 0 0 0 0 0 0 93 0 0 72 55 0 95 0 0 5 0 0 0 0 0 0 0 0 0 0 0 0 34 0 0 0 28 0 0 0 0 66 0 0 0 0 0 0 0 0 0 0 0 0 0 0 0 0 1 0 0 0 0 0 7 0 47 0 0 0 84 0 0 0 0 0 0 0 94 4 0 0 0 0 0 0 0 0 0 0 0 
0 0 0 0 0 0 0 0 0 0 0 0 0 0 0 0 0 88 0 44 55 0 0 79 95 100 0 0 0 0 0 0 0 0 0 0 0 0 0 0 0 71 11 0 0 0 0 0 0 0 0 0 0 0 0 0 33 0 0 0 11 0 0 0 0 0 0 0 0 0 0 76 0 0 0 0 0 0 0 0 0 0 36 56 19 0 0 0 0 0 0 0 84 0 0 0 0 0 0 0 
85 0 0 0 0 0 0 0 0 0 0 0 5 0 3 0 0 0 0 0 0 0 0 0 0 61 0 0 0 98 0 0 0 0 0 0 0 0 0 0 97 0 0 0 0 16 0 0 0 0 0 0 0 0 0 0 0 0 0 52 0 0 74 0 0 0 0 89 0 0 0 0 80 0 0 0 8 0 0 0 0 0 65 0 0 0 0 0 0 0 0 0 0 0 0 0 26 0 0 0 
0 0 0 0 55 0 0 0 0 0 0 0 62 0 0 0 0 44 0 0 0 0 0 0 62 0 0 0 0 0 0 0 81 84 0 0 0 0 0 0 0 0 0 0 0 0 0 98 31 0 0 0 0 0 28 0 0 0 0 0 0 0 81 0 0 0 0 0 0 0 0 81 0 0 0 69 0 0 65 0 44 0 0 0 0 0 0 0 0 0 0 0 0 0 0 13 0 0 0 0 
0 0 0 0 0 0 5 0 0 0 0 4 0 0 0 0 0 0 0 0 0 0 0 0 0 100 0 0 0 0 0 0 0 0 0 0 0 0 0 0 96 0 0 0 0 0 0 0 0 0 86 0 0 0 0 0 0 0 0 0 0 0 0 0 0 0 50 0 100 0 0 0 15 0 0 0 0 0 0 0 64 0 0 0 62 81 35 23 0 0 0 0 0 0 0 0 0 60 0 0 
0 0 46 0 0 0 0 0 0 0 0 55 0 100 6 0 22 0 0 0 0 0 0 0 0 0 0 0 0 0 0 0 0 72 0 0 0 97 0 96 0 0 0 0 3 0 0 0 0 0 0 0 0 0 0 0 0 0 0 53 0 0 0 0 25 0 0 0 0 0 0 0 0 0 0 0 0 0 0 0 0 0 0 0 0 80 0 0 1 0 0 0 0 0 0 0 0 30 0 10 
0 0 0 76 0 0 0 0 0 0 0 0 0 0 0 0 0 0 0 0 0 0 0 0 57 0 0 0 0 0 0 2 0 0 0 34 71 0 0 0 0 0 59 0 0 0 0 0 0 0 0 0 0 0 0 0 0 0 0 52 0 0 0 11 0 0 0 0 0 0 0 0 0 0 0 82 0 0 0 0 0 0 0 0 0 0 36 0 0 0 24 67 0 0 0 0 0 0 98 0 
0 0 0 0 83 0 0 0 0 84 0 0 0 45 0 0 0 92 0 0 0 0 60 0 0 0 0 0 0 0 60 0 0 0 0 0 11 0 0 0 0 59 0 0 0 0 0 0 0 0 40 0 22 0 0 0 0 82 0 0 0 24 78 0 0 26 0 0 0 0 0 0 0 0 0 0 0 0 0 0 0 0 0 0 0 0 0 0 0 0 0 0 0 96 0 0 0 0 0 0 
73 0 0 0 0 0 0 0 0 0 0 0 0 0 0 0 0 0 0 0 0 0 0 0 0 0 53 0 0 0 0 32 0 81 0 0 0 0 0 0 0 0 0 0 0 0 79 0 0 0 0 0 0 35 0 31 0 0 0 0 0 100 0 0 0 0 0 0 0 0 0 0 0 0 0 0 0 0 29 0 0 0 0 0 0 0 0 0 0 0 0 0 0 0 86 0 0 28 82 0 
0 0 0 0 0 0 0 0 64 0 0 0 0 0 0 0 0 0 67 0 0 0 0 0 0 0 0 0 0 0 0 0 0 7 0 0 0 0 0 0 3 0 0 0 0 41 0 0 0 0 62 0 0 0 0 0 0 18 0 0 0 0 0 0 1 42 0 0 0 0 79 0 27 0 46 0 0 0 0 0 0 0 0 0 0 0 0 0 0 69 0 0 0 0 4 0 0 0 0 0 
42 0 0 0 0 0 0 0 0 0 37 0 0 0 0 96 0 0 0 0 0 0 0 0 0 0 0 0 0 0 0 0 0 0 46 28 0 16 0 0 0 0 0 0 41 0 0 0 0 0 0 0 0 0 0 0 0 0 0 0 0 0 0 0 0 0 0 0 0 80 0 85 0 0 0 0 35 0 0 43 0 0 72 21 18 0 0 0 0 0 0 0 0 0 0 0 0 0 37 0 
0 0 0 0 0 0 0 0 0 0 55 93 2 0 10 0 0 0 86 0 0 0 0 0 0 0 0 0 0 0 0 0 0 0 75 0 0 0 0 0 0 0 0 79 0 0 0 0 0 0 0 0 0 0 0 56 0 100 0 0 0 0 0 78 0 0 0 0 0 0 0 0 0 0 0 0 0 0 55 0 0 0 0 0 0 0 27 0 0 0 0 0 0 0 0 0 0 0 27 0 
0 0 0 0 60 94 14 0 0 31 0 0 0 0 0 0 0 0 0 0 0 5 0 0 0 0 22 16 0 0 7 0 87 0 0 0 0 0 98 0 0 0 0 0 0 0 0 0 36 0 0 0 0 0 0 0 0 0 0 0 0 0 0 0 0 0 0 0 0 0 0 0 0 0 0 0 0 0 57 0 0 0 0 0 0 89 0 0 0 0 0 0 0 0 0 0 0 0 0 0 
45 0 0 0 90 0 0 12 0 1 63 0 0 0 0 0 0 0 0 0 0 0 0 0 0 0 0 0 0 0 0 0 0 0 0 0 0 0 31 0 0 0 0 0 0 0 0 36 0 0 0 0 0 0 0 46 0 0 25 0 0 0 0 0 0 0 0 0 0 0 0 0 0 0 0 0 88 0 0 0 0 0 0 0 0 34 6 22 0 0 0 0 61 77 0 0 0 0 0 0 
0 0 0 0 0 31 0 0 0 0 0 0 0 0 0 0 0 0 0 0 0 53 8 0 0 0 0 0 0 0 0 0 0 0 0 0 0 0 0 0 0 0 0 0 0 0 0 0 0 0 0 0 0 0 34 0 0 0 55 0 0 7 0 0 0 0 80 0 0 0 0 0 0 0 0 0 64 0 0 0 0 0 0 0 0 0 0 0 0 0 0 0 15 0 0 0 0 0 0 0 
60 31 0 0 0 0 0 0 0 0 0 0 0 0 0 0 0 0 0 0 0 0 0 0 0 0 0 0 0 0 0 0 50 0 0 66 0 0 0 86 0 0 40 0 62 0 0 0 0 0 0 0 0 0 0 0 0 0 0 0 0 0 0 0 86 0 0 45 17 0 0 0 28 0 0 0 0 0 34 0 0 83 0 0 0 0 0 0 0 14 0 0 0 0 0 66 0 0 0 0 
0 0 92 0 0 0 0 0 0 52 0 45 70 54 68 0 28 0 0 0 0 0 0 0 0 0 0 0 0 0 0 0 0 0 14 0 0 0 0 0 0 0 0 0 0 0 0 0 0 0 0 0 0 0 0 0 0 0 0 0 0 0 0 0 0 0 0 63 0 0 0 29 20 0 0 0 0 0 0 0 0 0 0 0 0 0 0 0 0 0 0 0 29 32 0 0 0 0 0 0 
0 30 0 0 0 77 0 0 0 0 0 0 0 0 0 0 0 0 94 29 0 0 0 0 0 0 0 0 0 0 0 31 0 0 0 0 0 0 0 0 0 0 22 0 0 0 0 0 0 0 0 0 0 0 0 0 0 0 0 0 81 0 0 0 0 0 0 0 55 71 0 0 0 78 0 0 0 0 0 11 0 0 0 0 0 0 28 0 0 0 0 47 0 48 0 75 0 0 0 0 
0 0 0 0 0 0 0 0 0 0 0 0 0 91 0 0 0 0 13 0 0 0 0 0 93 0 0 0 0 0 1 0 0 0 0 0 0 0 0 0 0 0 0 35 0 0 0 0 0 0 0 0 0 0 0 0 24 0 0 0 0 36 0 0 0 0 0 0 0 0 0 0 0 0 0 62 0 50 0 0 0 50 0 0 50 0 0 0 0 0 57 0 0 0 80 0 33 0 0 0 
0 0 0 0 17 0 0 0 0 0 0 26 0 0 6 0 13 0 0 0 15 0 0 0 0 0 0 24 0 45 47 0 30 0 0 0 0 0 28 0 0 0 0 0 0 0 0 0 0 34 0 0 0 0 0 0 0 0 50 0 0 0 0 0 0 0 0 0 0 0 0 0 0 14 0 0 0 0 0 0 73 0 0 0 0 0 42 0 0 0 0 0 0 0 0 0 0 0 0 0 
0 0 0 15 0 0 0 0 0 0 0 0 0 0 87 60 0 0 0 0 0 0 0 0 0 0 0 0 0 0 0 0 27 0 0 0 0 0 0 0 0 0 0 31 0 0 56 0 46 0 0 0 0 0 0 0 0 0 0 0 0 0 0 0 0 0 0 0 7 0 0 0 0 0 0 0 0 0 0 0 0 0 37 0 0 0 0 82 0 0 0 0 0 0 0 28 13 0 0 0 
0 0 96 0 0 0 0 0 0 0 0 0 0 0 0 0 0 97 32 0 0 0 0 0 0 0 0 0 0 0 95 0 2 0 0 0 33 0 0 0 0 0 0 0 0 0 0 0 0 0 0 0 0 24 0 0 0 0 0 0 0 49 0 0 0 0 0 74 0 0 0 0 0 0 0 94 0 0 0 0 0 0 6 0 0 0 0 99 0 0 25 0 0 41 0 91 0 0 0 0 
0 0 0 0 0 0 0 0 0 0 0 0 0 0 0 0 0 0 0 0 0 0 76 0 0 0 0 0 0 0 0 18 0 0 0 0 0 0 0 0 0 0 82 0 18 0 100 0 0 0 0 0 0 0 0 0 0 0 0 0 0 0 0 0 0 0 0 0 0 0 0 0 0 0 88 0 0 0 0 0 0 0 93 3 0 0 0 0 0 0 0 0 0 0 0 0 0 0 13 0 
0 0 0 0 0 0 0 0 0 0 0 0 0 0 88 0 0 0 0 0 0 57 0 0 0 0 0 25 0 0 0 0 0 0 0 0 0 0 0 0 0 0 0 0 0 0 0 0 25 55 0 0 0 0 50 0 0 0 0 0 0 0 0 0 0 0 19 0 0 0 0 68 0 0 57 0 0 0 22 0 0 0 0 0 0 0 0 0 0 65 0 0 0 0 0 0 0 0 8 48 
0 0 0 0 0 0 0 0 0 0 0 0 0 0 0 0 0 49 0 0 0 0 0 0 0 0 0 0 0 0 0 0 0 0 0 0 0 52 0 0 53 52 0 0 0 0 0 0 0 0 0 0 0 0 0 0 0 0 0 0 0 0 0 0 0 0 93 0 0 0 0 0 0 58 81 0 0 0 0 0 0 0 0 0 0 36 85 0 0 0 0 0 0 0 0 0 0 39 33 62 
0 11 0 0 0 17 0 0 0 0 0 0 0 0 45 0 0 0 0 0 0 0 0 0 0 0 0 78 0 0 0 0 0 0 0 0 11 0 0 0 0 0 0 0 0 0 0 0 0 0 0 0 81 0 0 0 0 0 0 0 0 0 0 0 19 0 0 0 0 0 0 0 0 0 0 0 0 38 0 0 0 8 0 23 76 0 0 31 0 0 0 0 0 66 0 0 79 0 0 3 
0 0 0 0 0 0 0 0 96 0 0 0 0 0 0 0 0 53 0 0 0 99 0 5 62 0 0 0 0 0 0 0 0 59 0 0 0 0 0 0 0 0 24 100 0 0 0 0 0 7 0 0 0 36 0 0 49 0 0 0 0 0 0 0 0 0 0 0 0 0 0 0 0 88 0 0 0 0 0 15 0 0 0 0 0 0 0 0 0 0 0 34 0 0 0 0 0 93 0 0 
0 10 0 0 0 60 0 0 5 0 0 0 0 0 0 0 0 0 0 0 40 0 0 0 0 0 43 0 0 63 0 0 0 0 0 0 0 74 81 0 0 0 78 0 0 0 0 0 0 0 0 0 0 0 0 0 0 0 0 0 0 0 0 0 0 67 0 0 0 70 0 0 0 0 0 0 0 0 55 14 0 0 0 0 0 26 0 0 0 0 0 0 0 0 0 0 2 0 0 0 
0 0 0 0 48 0 0 0 0 0 0 0 0 0 0 0 0 0 0 0 0 0 0 91 0 0 53 0 0 0 0 0 0 0 0 0 0 0 0 0 0 11 0 0 0 0 78 0 0 0 0 0 0 0 0 0 0 0 0 0 0 0 0 0 0 0 54 0 0 0 0 0 0 0 21 0 0 0 0 0 0 0 0 0 0 0 72 0 81 46 0 0 0 0 0 0 0 0 0 0 
0 0 0 0 0 0 0 0 0 0 0 0 0 55 0 0 0 0 0 65 0 0 0 0 0 0 0 0 0 0 0 0 0 0 17 0 0 0 0 0 25 0 0 0 1 0 0 0 0 0 86 0 0 0 0 0 0 0 0 0 19 0 0 0 0 0 0 0 0 0 0 68 0 0 0 0 22 0 0 71 0 0 0 0 0 0 0 0 0 0 43 0 12 0 95 79 0 0 47 0 
0 55 0 0 0 0 0 21 0 0 0 0 0 0 0 0 0 0 0 0 49 0 0 0 0 0 0 0 0 0 0 0 68 0 0 0 0 0 0 0 0 0 26 0 42 0 0 0 0 0 0 0 0 0 0 0 0 0 0 0 0 0 67 0 0 0 0 0 0 0 0 0 0 18 0 0 0 0 0 0 0 0 0 0 0 0 0 0 0 0 0 0 0 0 0 0 0 0 0 0 
0 0 5 0 0 0 26 0 0 0 18 0 0 0 0 0 0 0 0 0 0 0 0 0 0 0 30 52 0 0 0 0 3 0 0 0 0 0 0 50 0 0 0 0 0 0 0 0 0 80 0 0 0 0 0 0 0 0 19 93 0 0 0 54 0 0 0 0 0 0 0 0 0 0 0 0 0 23 0 0 0 0 0 0 0 0 0 0 83 0 0 0 0 0 0 0 0 0 0 0 
0 0 0 0 0 0 0 0 0 0 21 0 0 0 0 0 0 0 0 52 0 0 0 0 0 0 0 94 0 0 0 0 0 0 0 1 0 89 0 0 0 0 0 0 0 0 0 0 0 0 45 63 0 0 0 0 74 0 0 0 0 0 0 0 0 0 0 0 0 0 0 0 0 0 0 0 0 0 0 0 0 0 0 0 0 0 0 0 0 0 17 0 0 0 8 0 0 0 0 0 
0 0 0 0 0 0 41 0 0 0 0 0 0 0 0 0 0 0 0 66 22 0 0 0 0 0 0 0 11 0 0 73 0 10 0 0 0 0 0 100 0 0 0 0 0 0 0 0 0 0 17 0 55 0 0 7 0 0 0 0 0 0 0 0 0 0 0 0 0 0 0 0 47 85 0 0 0 0 0 73 0 0 0 0 0 0 0 0 0 57 13 0 0 0 0 0 0 0 0 0 
0 0 0 0 5 2 0 0 94 0 0 0 0 0 9 64 0 0 0 0 0 0 0 0 0 0 0 0 0 0 88 0 69 0 0 0 0 0 0 0 0 0 0 0 0 80 0 0 0 0 0 0 71 0 0 0 0 0 0 0 0 0 70 0 0 0 0 0 0 0 0 0 0 0 0 0 0 0 0 0 0 0 0 0 44 0 23 0 78 0 0 0 0 0 6 0 0 0 0 55 
0 4 0 0 0 0 0 0 0 0 0 0 0 0 0 0 0 0 0 0 0 0 20 0 32 0 0 0 2 0 0 0 0 0 0 0 0 0 0 0 0 0 0 0 79 0 0 0 0 0 0 0 0 0 0 0 0 0 0 0 0 0 0 0 0 0 0 0 0 0 0 0 0 0 0 0 0 0 0 0 0 0 0 0 0 0 0 87 0 0 0 0 0 0 0 0 0 0 0 0 
0 31 79 0 0 0 0 0 0 0 0 0 0 63 74 0 0 0 0 0 0 0 0 3 0 0 0 0 0 0 0 0 0 0 0 0 76 0 81 0 0 0 0 0 0 85 0 0 0 0 0 29 0 0 0 0 0 0 68 0 0 0 0 0 68 0 0 0 0 0 0 0 0 58 0 0 0 0 0 0 0 0 0 0 0 61 0 0 0 0 0 0 0 0 34 0 0 0 77 0 
0 0 8 96 3 0 0 0 0 0 0 0 0 0 0 0 0 0 0 0 0 0 0 64 0 0 0 80 0 0 95 0 0 0 0 0 0 80 0 15 0 0 0 0 27 0 0 0 0 0 28 20 0 0 0 0 0 0 0 0 0 0 0 0 0 0 0 0 47 0 0 0 0 0 0 0 0 0 0 0 61 0 0 0 0 0 0 0 0 0 0 0 97 0 0 0 17 0 0 0 
0 1 0 0 0 0 0 0 0 0 12 0 16 0 0 0 0 0 0 0 0 0 0 0 0 0 0 0 0 0 0 0 0 50 100 7 0 0 0 0 0 0 0 0 0 0 0 0 0 0 0 0 78 0 14 0 0 0 0 58 0 88 0 0 0 18 0 0 85 0 0 58 0 0 0 0 0 0 0 0 0 18 0 0 0 0 0 0 0 0 0 0 0 47 0 0 0 0 0 0 
0 97 0 0 0 0 0 0 0 0 0 0 0 0 0 0 0 0 0 0 0 100 0 32 38 0 0 0 8 0 0 0 0 0 0 0 0 0 0 0 0 0 0 0 46 0 0 0 0 0 0 0 0 0 0 0 0 88 57 81 0 0 0 21 0 0 0 0 0 0 0 0 0 0 0 0 0 0 0 0 55 51 0 42 0 0 0 0 0 0 0 0 0 0 0 8 0 0 0 0 
39 0 0 0 0 0 0 0 0 0 0 0 0 0 0 0 0 0 0 0 0 0 0 0 0 0 0 0 21 0 0 0 0 0 0 47 0 0 69 0 0 82 0 0 0 0 0 0 0 0 0 0 0 62 0 0 94 0 0 0 0 0 0 0 0 0 0 0 0 0 0 0 0 0 0 0 0 0 0 0 74 0 0 0 0 0 0 0 0 0 0 3 0 0 0 0 0 0 0 0 
0 0 0 0 0 0 0 5 0 0 0 71 0 0 0 0 0 0 0 0 0 0 64 0 0 11 0 0 0 0 0 0 0 0 0 0 0 8 0 0 0 0 0 0 0 35 0 0 88 64 0 0 0 0 0 0 0 0 0 0 0 0 0 0 22 0 0 0 0 0 0 0 0 0 0 0 0 83 0 0 0 24 0 0 56 0 0 17 0 0 84 0 0 0 83 0 0 0 0 0 
0 0 0 0 23 0 0 77 0 0 0 0 0 98 0 61 0 0 0 0 0 25 0 0 0 0 0 0 0 0 0 0 0 28 0 0 0 0 0 0 0 0 0 0 0 0 0 0 0 0 0 0 0 50 0 0 0 0 0 0 38 0 0 0 0 0 23 0 0 0 0 0 0 0 0 0 83 0 0 0 49 0 12 0 0 0 0 0 0 0 0 0 0 0 0 0 0 0 0 0 
0 0 0 0 0 0 0 0 0 0 0 0 0 0 0 0 0 0 32 56 0 0 0 0 0 0 0 0 0 0 75 0 0 0 0 0 0 0 65 0 0 0 0 29 0 0 55 57 0 0 34 0 0 0 0 0 0 0 22 0 0 0 55 0 0 0 0 0 0 0 0 0 0 0 0 0 0 0 0 0 0 0 0 72 0 0 0 0 0 0 0 0 0 0 0 0 0 40 0 0 
0 0 0 100 60 0 0 0 0 0 0 0 0 0 0 15 0 0 0 0 0 78 0 0 0 0 0 0 0 11 0 0 0 0 0 84 0 0 0 0 0 0 0 0 0 43 0 0 0 0 0 0 11 0 0 0 0 0 0 0 0 15 14 0 71 0 0 0 73 0 0 0 0 0 0 0 0 0 0 0 0 0 0 0 0 0 0 0 0 0 0 0 51 89 0 0 0 0 0 0 
0 92 0 0 76 0 0 0 60 0 0 0 98 0 0 0 36 0 0 0 0 0 41 0 0 44 0 0 0 0 0 0 0 0 0 0 0 0 44 64 0 0 0 0 0 0 0 0 0 0 0 0 0 0 73 0 0 0 0 0 0 0 0 0 0 0 0 0 0 0 0 0 61 0 55 74 0 49 0 0 0 88 0 0 0 0 0 0 0 0 0 0 0 0 0 0 0 0 0 0 
0 0 0 0 10 0 0 0 38 0 0 0 14 0 0 0 0 0 0 97 0 0 0 0 0 0 0 0 29 0 0 0 0 0 0 0 0 0 0 0 0 0 0 0 0 0 0 0 0 0 83 0 0 50 0 0 0 0 0 0 8 0 0 0 0 0 0 0 0 0 0 0 0 18 51 0 24 0 0 0 88 0 99 0 0 0 35 0 0 0 0 0 0 0 0 0 0 0 0 92 
0 0 0 0 0 0 0 0 15 86 0 0 0 0 0 0 0 0 0 0 0 0 0 0 0 0 0 0 71 0 0 0 23 0 0 0 36 65 0 0 0 0 0 0 0 72 0 0 0 0 0 0 0 0 0 37 6 93 0 0 0 0 0 0 0 0 0 0 0 0 0 0 0 0 0 0 0 12 0 0 0 99 0 0 0 0 0 75 0 0 0 0 0 0 48 0 0 0 0 93 
0 0 0 0 0 28 81 25 0 4 0 0 0 0 0 0 0 21 0 0 0 0 0 0 5 0 0 0 0 0 0 0 0 0 0 0 56 0 0 0 0 0 0 0 0 21 0 0 0 0 0 0 0 0 0 0 0 3 0 0 23 0 0 0 0 0 0 0 0 0 0 0 0 0 42 0 0 0 72 0 0 0 0 0 0 0 0 0 0 77 0 0 0 0 0 0 89 0 0 86 
0 0 0 47 0 0 0 6 0 0 0 0 0 0 0 0 0 0 0 0 0 44 0 0 0 0 0 0 0 6 48 0 0 0 0 0 19 0 0 62 0 0 0 0 0 18 0 0 0 0 0 0 0 50 0 0 0 0 0 0 76 0 0 0 0 0 0 0 0 44 0 0 0 0 0 0 56 0 0 0 0 0 0 0 0 0 0 0 21 0 0 80 0 0 0 0 18 0 0 0 
0 0 0 0 0 0 0 0 4 0 0 0 0 0 0 0 0 54 0 57 91 0 0 23 0 0 0 0 0 0 0 0 0 0 0 0 0 0 0 81 80 0 0 0 0 0 0 89 34 0 0 0 0 0 0 0 0 0 0 36 0 0 26 0 0 0 0 0 0 0 0 61 0 0 0 0 0 0 0 0 0 0 0 0 0 0 0 94 0 0 0 0 0 0 0 0 77 0 70 0 
0 0 0 0 0 0 0 0 0 0 0 0 0 0 0 0 0 0 0 0 64 0 0 70 0 0 0 0 0 31 0 0 0 11 0 0 0 0 0 35 0 36 0 0 0 0 27 0 6 0 0 0 28 0 42 0 0 0 0 85 0 0 0 72 0 0 0 0 0 23 0 0 0 0 0 0 0 0 0 0 0 35 0 0 0 0 0 0 0 0 0 0 0 0 0 0 0 69 0 0 
0 0 82 0 0 0 0 0 0 0 0 0 0 0 0 0 0 15 0 0 0 0 0 0 0 0 0 0 0 78 0 0 0 0 0 94 0 0 0 23 0 0 0 0 0 0 0 0 22 0 0 0 0 0 0 82 99 0 0 0 31 0 0 0 0 0 0 0 0 0 87 0 0 0 0 0 17 0 0 0 0 0 75 0 0 94 0 0 0 0 0 0 0 0 65 25 0 0 0 0 
11 34 0 0 0 18 0 0 0 0 0 0 0 0 0 0 98 0 0 0 44 0 0 0 0 0 0 98 64 0 0 0 0 0 77 4 0 0 0 0 1 0 0 0 0 0 0 0 0 0 0 0 0 0 0 0 0 0 0 0 0 0 0 81 0 0 83 0 0 78 0 0 0 0 0 0 0 0 0 0 0 0 0 0 21 0 0 0 0 0 0 0 0 0 0 0 0 0 0 0 
0 0 0 0 0 0 0 0 0 0 0 0 0 0 0 0 0 59 0 9 0 0 0 0 0 3 23 0 0 0 0 0 0 0 0 0 0 0 0 0 0 0 0 0 69 0 0 0 0 0 14 0 0 0 0 0 0 0 65 0 0 0 0 46 0 0 0 0 57 0 0 0 0 0 0 0 0 0 0 0 0 0 0 77 0 0 0 0 0 0 0 0 0 0 0 28 0 0 0 0 
0 0 0 0 0 0 0 0 0 21 0 0 0 0 0 0 0 0 0 0 0 0 0 0 0 0 0 0 0 0 0 0 99 0 0 0 0 0 0 0 0 24 0 0 0 0 0 0 0 0 0 0 0 57 0 0 25 0 0 0 0 0 0 0 43 0 0 17 13 0 0 0 0 0 0 0 84 0 0 0 0 0 0 0 0 0 0 0 0 0 0 28 0 0 0 100 0 0 0 0 
0 0 29 96 0 0 0 0 100 0 0 0 0 0 0 0 0 0 0 0 0 91 0 0 0 0 16 0 0 0 0 0 0 0 0 0 0 0 0 0 0 67 0 0 0 0 0 0 0 0 0 0 47 0 0 0 0 0 0 0 0 34 0 0 0 0 0 0 0 0 0 0 0 0 0 3 0 0 0 0 0 0 0 0 80 0 0 0 0 0 28 0 0 0 0 0 0 17 0 51 
0 0 0 0 0 0 0 14 0 0 0 0 0 1 0 83 0 90 0 0 0 93 83 0 0 0 12 0 0 0 0 0 0 14 0 0 84 0 0 0 0 0 0 0 0 0 0 0 61 15 0 29 0 0 0 0 0 0 0 0 0 0 0 0 12 0 0 0 0 0 0 0 97 0 0 0 0 0 0 51 0 0 0 0 0 0 0 0 0 0 0 0 0 0 0 0 0 0 0 0 
0 0 21 0 0 0 0 0 71 0 92 0 4 0 17 0 0 27 0 0 0 0 0 0 0 0 0 0 0 0 0 0 0 0 0 0 0 0 0 0 0 0 96 0 0 0 0 0 77 0 0 32 48 0 0 0 41 0 0 0 66 0 0 0 0 0 0 0 0 0 0 0 0 47 0 0 0 0 0 89 0 0 0 0 0 0 0 0 0 0 0 0 0 0 0 0 0 0 0 0 
0 0 0 0 0 0 0 0 0 0 0 0 0 0 0 0 0 0 0 0 12 0 62 77 0 0 0 60 0 0 0 0 89 0 0 0 0 0 0 0 0 0 0 86 4 0 0 0 0 0 0 0 0 80 0 0 0 0 0 0 0 0 0 0 95 0 0 8 0 6 0 34 0 0 0 0 83 0 0 0 0 0 48 0 0 0 0 65 0 0 0 0 0 0 0 0 0 0 0 0 
0 0 7 91 0 0 0 0 0 19 0 0 0 0 0 0 0 0 0 0 0 0 0 0 0 0 0 0 0 0 0 80 0 0 0 0 0 0 13 0 0 0 0 0 0 0 0 0 0 0 66 0 75 0 0 28 91 0 0 0 0 0 0 0 79 0 0 0 0 0 0 0 0 0 8 0 0 0 0 0 0 0 0 0 0 0 0 25 0 28 100 0 0 0 0 0 0 0 0 0 
0 0 0 0 0 71 0 0 0 56 100 0 0 0 0 0 0 0 0 0 0 23 0 0 0 0 0 0 37 0 0 0 0 0 0 0 0 26 0 0 0 0 0 0 0 0 0 0 0 0 0 0 0 33 0 13 0 0 0 0 79 0 2 0 0 0 0 0 0 0 0 0 17 0 0 0 0 0 0 0 0 0 0 89 18 77 0 0 0 0 0 0 0 0 0 0 0 0 54 0 
56 0 0 0 0 0 77 0 0 0 0 0 0 0 0 0 0 0 0 0 0 0 0 0 0 99 0 0 81 43 0 59 0 0 0 0 0 0 0 60 30 0 0 28 0 0 0 0 0 0 0 0 0 0 0 0 0 0 0 39 0 93 0 0 0 0 0 0 0 0 0 0 0 0 0 0 0 0 40 0 0 0 0 0 0 0 69 0 0 0 0 17 0 0 0 0 0 0 0 0 
0 0 0 0 0 0 73 0 0 0 50 0 0 90 0 0 28 0 0 0 0 0 0 0 0 0 0 0 0 0 0 0 0 0 0 0 0 0 0 0 0 98 0 82 0 37 27 0 0 0 0 0 0 0 0 0 0 13 8 33 0 0 0 0 47 0 0 0 0 0 0 77 0 0 0 0 0 0 0 0 0 0 0 0 0 70 0 0 0 0 0 0 0 0 0 0 54 0 0 0 
24 0 0 88 0 0 0 0 0 0 0 0 40 0 0 0 0 0 0 0 14 39 0 0 0 0 0 0 0 0 96 0 0 0 0 0 0 0 0 0 10 0 0 0 0 0 0 0 0 0 0 0 0 0 0 0 0 0 48 62 3 0 0 0 0 0 0 0 0 55 0 0 0 0 0 0 0 0 0 0 0 92 93 86 0 0 0 0 0 0 0 51 0 0 0 0 0 0 0 0 
