0 0 0 0 0 0 114 0 0 23 0 0 0 0 0 22 0 0 125 0 0 0 0 0 0 0 0 0 0 0 0 0 0 0 0 0 0 0 0 0 0 54 0 0 0 0 0 0 0 0 0 0 0 79 22 0 0 0 0 0 0 0 0 0 0 0 0 0 0 0 0 0 0 0 0 0 0 0 0 0 0 0 0 0 0 4 0 0 0 0 0 0 0 0 0 0 0 0 0 0 
0 0 0 0 94 0 0 0 0 92 0 0 0 0 0 0 0 0 0 64 48 0 0 0 0 0 0 0 0 0 0 0 0 0 0 0 0 0 0 0 19 0 0 0 88 0 0 0 0 0 120 0 0 0 0 0 0 0 0 0 70 0 0 0 0 0 0 0 0 66 116 0 88 0 0 0 0 0 0 147 0 0 141 0 15 0 0 0 0 0 0 108 0 0 0 0 0 0 0 0 
0 0 0 0 134 0 144 48 0 0 0 0 0 40 0 0 0 0 0 0 0 0 143 0 0 0 25 0 0 0 0 0 98 0 0 0 0 0 56 0 0 0 0 0 0 131 0 0 0 0 0 0 0 0 0 0 0 0 0 0 0 0 0 0 0 0 125 0 0 0 0 0 0 0 0 0 0 0 116 0 0 0 0 0 0 0 0 0 76 19 0 0 0 0 115 0 0 0 0 67 
0 0 0 0 148 134 87 0 0 0 0 0 0 0 0 0 85 0 0 0 0 0 0 0 0 0 0 0 0 0 0 0 0 0 0 135 0 0 0 0 0 0 0 0 0 0 34 0 0 0 134 0 0 0 102 0 118 0 0 133 0 0 0 0 0 0 0 124 0 0 0 0 0 0 0 0 0 0 43 0 0 30 0 0 0 0 0 0 0 0 0 0 0 0 0 0 0 111 0 0 
0 94 134 148 0 0 0 0 56 0 0 0 0 0 0 0 0 0 0 0 0 0 0 0 0 0 0 0 0 0 0 0 0 0 0 0 0 1 0 135 0 0 0 0 0 0 0 0 0 0 0 0 2 0 0 0 77 0 0 0 0 0 0 0 0 0 0 0 0 0 0 0 0 0 0 0 0 0 0 0 0 0 0 0 0 51 0 0 0 0 0 0 0 0 0 0 0 0 0 0 
0 0 0 134 0 0 0 0 0 0 0 0 0 0 97 0 110 0 85 0 0 0 0 0 0 0 0 0 0 0 0 0 0 0 0 0 0 0 0 0 0 0 0 0 0 0 0 0 0 0 0 0 0 85 139 0 0 0 0 0 0 0 0 0 0 0 0 26 0 0 0 41 0 0 0 0 0 117 0 0 123 49 0 58 0 0 0 0 0 0 94 0 0 0 0 0 46 35 0 0 
114 0 144 87 0 0 0 0 0 0 0 0 0 0 0 0 0 61 0 0 0 0 77 0 121 32 0 0 47 0 0 104 0 0 0 0 0 0 0 0 0 0 0 0 0 0 0 0 0 149 0 0 0 0 0 0 0 0 148 0 0 0 71 0 0 0 0 0 0 0 0 0 0 0 0 0 0 56 0 0 0 0 90 0 0 0 0 0 0 0 0 0 0 0 0 0 0 99 0 0 
0 0 48 0 0 0 0 0 0 0 94 0 0 102 0 0 0 0 0 0 0 0 0 0 0 0 0 0 0 0 0 0 0 0 125 0 0 0 0 0 0 0 84 0 0 0 64 0 105 0 44 0 0 0 0 0 0 0 0 31 0 125 0 0 0 0 0 0 0 0 0 0 0 0 0 0 0 0 0 0 0 0 146 0 0 0 0 0 0 0 0 0 0 0 0 0 0 1 0 88 
0 0 0 0 56 0 0 0 0 133 0 0 0 0 0 0 0 0 116 127 0 6 0 0 0 0 0 0 0 0 26 0 0 0 115 0 40 0 0 0 0 0 0 0 0 144 0 0 0 89 0 0 0 0 0 0 0 0 0 0 0 0 0 0 0 0 0 0 0 0 0 0 0 112 0 0 46 0 0 0 0 0 122 0 0 0 0 0 0 0 0 0 0 0 0 0 3 0 12 0 
23 92 0 0 0 0 0 0 133 0 0 0 0 0 0 0 0 0 0 0 0 0 0 50 0 0 0 0 0 0 0 0 0 0 0 0 0 0 0 0 88 0 0 0 0 0 0 0 0 0 0 0 0 0 0 0 0 0 0 0 0 0 110 0 0 0 0 0 0 0 0 58 0 0 0 0 123 0 0 0 0 0 0 10 0 7 0 0 0 0 70 124 0 0 138 0 0 0 0 0 
0 0 0 0 0 0 0 94 0 0 0 0 90 0 0 0 0 0 0 0 0 0 0 6 0 0 0 0 90 0 0 0 0 0 0 0 0 0 0 0 0 9 131 0 46 0 0 0 0 0 18 0 0 0 0 0 0 0 0 0 0 0 0 0 57 0 0 0 97 0 55 0 0 78 0 0 0 0 0 0 0 0 0 0 0 0 0 0 0 0 127 61 0 43 0 0 0 0 0 0 
0 0 0 0 0 0 0 0 0 0 0 0 0 0 0 0 0 26 0 0 139 0 0 150 97 0 0 0 0 0 0 0 0 108 0 0 0 0 0 0 0 0 36 0 0 18 0 0 0 0 0 0 0 0 0 0 0 0 0 0 0 0 0 0 52 0 0 73 0 0 113 0 0 0 125 79 0 0 15 0 0 0 0 0 0 0 0 0 0 0 0 86 3 0 0 0 0 0 0 0 
0 0 0 0 0 0 0 0 0 0 90 0 0 0 0 0 14 0 0 0 0 0 0 0 0 46 0 0 0 0 0 0 78 0 0 0 0 64 75 0 0 0 0 0 0 0 0 0 0 0 0 0 116 0 0 0 0 0 0 0 0 0 0 0 0 0 0 0 0 0 0 42 0 0 0 0 0 0 0 0 0 0 69 0 0 0 0 0 0 0 0 0 136 0 0 0 66 0 0 0 
0 0 40 0 0 0 0 102 0 0 0 0 0 0 0 0 0 0 24 0 0 0 0 132 0 0 0 0 0 0 9 0 0 120 0 0 0 0 0 0 0 0 0 0 0 8 0 0 0 0 0 63 0 0 0 74 0 0 0 65 0 148 0 0 42 0 94 0 0 0 0 0 85 0 0 0 0 0 0 0 0 0 0 0 0 0 0 0 0 0 0 0 0 93 0 0 0 0 0 0 
0 0 0 0 0 97 0 0 0 0 0 0 0 0 0 0 0 0 45 85 0 0 0 0 0 103 0 29 0 0 0 0 57 0 0 0 0 0 26 0 0 121 1 0 0 0 0 0 0 0 0 94 0 0 0 0 0 0 0 0 0 0 0 0 0 0 0 0 0 0 0 0 0 0 0 0 0 0 0 0 13 0 0 0 0 0 35 32 75 0 69 0 0 0 0 0 0 0 0 0 
22 0 0 0 0 0 0 0 0 0 0 0 0 0 0 0 0 0 0 0 0 0 136 0 49 0 0 0 0 0 0 0 0 0 0 0 0 121 0 0 101 0 0 0 0 0 0 102 0 0 0 0 0 0 0 0 0 0 0 117 50 0 0 0 0 0 0 0 0 0 0 0 0 0 132 109 0 0 0 0 0 0 0 0 0 0 0 0 0 0 0 0 0 0 0 0 0 0 0 50 
0 0 0 85 0 110 0 0 0 0 0 0 14 0 0 0 0 0 0 0 0 0 114 0 0 0 0 0 141 0 0 0 0 0 0 34 0 96 0 0 0 0 0 0 0 0 0 0 0 0 0 0 0 0 0 0 0 0 0 0 0 0 0 0 0 0 0 0 0 0 0 0 0 0 0 0 120 0 0 48 0 0 0 0 102 0 0 0 0 0 0 0 0 0 0 142 88 0 0 0 
0 0 0 0 0 0 61 0 0 0 0 26 0 0 0 0 0 0 0 0 66 0 0 0 0 0 0 0 0 0 0 0 0 0 0 0 0 0 0 0 0 0 0 0 34 0 89 0 99 0 0 0 0 0 0 0 0 144 84 0 0 0 128 0 0 0 0 47 0 0 122 0 0 19 0 0 0 0 97 0 0 0 0 0 0 0 7 0 0 0 0 0 0 0 0 0 0 17 0 0 
125 0 0 0 0 85 0 0 116 0 0 0 0 24 45 0 0 0 0 0 0 0 0 0 0 0 0 0 0 148 0 0 0 0 0 0 0 0 0 0 0 0 0 0 0 0 0 0 114 0 0 0 0 0 0 0 73 0 0 0 30 0 0 0 0 0 0 0 0 0 111 0 0 0 0 0 0 0 0 0 90 0 0 0 0 0 0 0 0 0 57 147 76 0 0 0 0 0 79 0 
0 64 0 0 0 0 0 0 127 0 0 0 0 0 85 0 0 0 0 0 0 135 0 0 0 0 0 0 0 0 0 62 51 0 0 0 0 0 0 0 32 0 0 0 0 0 0 0 18 0 64 139 0 0 0 96 0 0 0 0 0 0 0 0 0 0 0 0 119 0 0 0 103 0 32 0 0 0 0 0 0 0 0 0 0 0 0 0 0 0 0 0 0 0 0 0 0 0 0 0 
0 48 0 0 0 0 0 0 0 0 0 139 0 0 0 0 0 66 0 0 0 0 125 0 140 0 0 0 0 0 0 0 77 0 0 0 0 0 0 0 73 0 0 0 0 0 0 0 0 0 0 0 0 0 0 0 0 0 0 108 0 0 0 0 15 0 0 0 0 0 0 0 0 0 0 0 0 0 0 90 0 0 0 0 0 0 0 0 0 0 0 0 0 0 0 0 0 0 0 120 
0 0 0 0 0 0 0 0 6 0 0 0 0 0 0 0 0 0 0 135 0 0 41 0 36 0 0 0 0 0 8 0 0 146 0 106 0 0 0 0 0 0 0 27 0 0 0 0 0 0 0 0 0 0 49 0 41 135 31 0 54 57 0 0 0 0 0 0 0 0 0 0 0 0 0 0 0 0 0 0 0 0 0 0 0 0 0 0 0 0 0 0 0 0 0 0 0 0 0 0 
0 0 143 0 0 0 77 0 0 0 0 0 0 0 0 136 114 0 0 0 125 41 0 0 0 0 0 0 32 0 0 0 0 0 22 0 0 0 0 0 0 0 0 0 0 0 0 0 0 0 0 0 0 41 0 125 0 0 0 0 0 0 0 0 0 0 9 0 0 0 0 0 0 0 0 0 123 0 0 0 0 0 0 0 2 0 0 0 0 0 0 0 0 0 0 0 0 144 150 0 
0 0 0 0 0 0 0 0 0 50 6 150 0 132 0 0 0 0 0 0 0 0 0 0 0 0 0 0 0 0 0 0 0 0 117 0 0 0 37 0 0 0 0 0 0 0 0 0 0 0 0 0 0 0 0 0 0 137 48 0 0 0 139 0 0 0 0 44 0 0 63 80 85 0 0 0 0 61 0 0 0 0 0 66 0 0 0 0 0 0 0 0 0 0 0 0 0 0 0 0 
0 0 0 0 0 0 121 0 0 0 0 97 0 0 0 49 0 0 0 0 140 36 0 0 0 0 0 64 0 95 0 0 0 0 0 0 0 0 0 0 0 0 0 0 105 0 135 0 0 48 0 0 0 0 0 0 129 0 0 0 0 0 0 0 0 0 0 0 16 0 0 0 0 0 7 0 0 0 0 0 0 0 78 0 0 0 0 0 0 0 0 0 0 52 0 0 0 0 0 0 
0 0 0 0 0 0 32 0 0 0 0 0 46 0 103 0 0 0 0 0 0 0 0 0 0 0 0 0 90 132 0 0 0 57 0 0 0 0 0 0 0 107 0 74 0 0 0 0 0 0 0 0 0 0 0 111 0 0 0 0 0 127 0 0 0 0 0 0 0 0 0 0 0 0 0 41 0 0 0 0 13 0 0 0 56 0 0 0 0 0 0 131 0 0 0 0 0 6 0 0 
0 0 25 0 0 0 0 0 0 0 0 0 0 0 0 0 0 0 0 0 0 0 0 0 0 0 0 0 0 0 0 0 0 0 0 0 0 0 0 0 0 0 0 0 0 10 0 0 0 0 0 0 0 0 0 0 0 0 0 0 0 0 0 13 0 0 0 0 0 106 148 0 0 0 0 0 0 0 0 0 0 0 0 0 0 81 3 0 0 1 0 0 0 0 80 51 0 0 0 0 
0 0 0 0 0 0 0 0 0 0 0 0 0 0 29 0 0 0 0 0 0 0 0 0 64 0 0 0 14 14 0 0 12 0 0 0 0 23 138 0 0 0 0 0 0 0 0 0 0 0 0 0 0 0 0 0 0 94 0 0 109 92 104 0 0 108 0 0 0 0 0 0 0 0 0 0 0 0 0 0 0 0 0 0 0 0 0 0 0 0 0 0 0 0 23 0 0 0 0 0 
0 0 0 0 0 0 47 0 0 0 90 0 0 0 0 0 141 0 0 0 0 0 32 0 0 90 0 14 0 0 0 0 0 0 0 0 0 0 0 50 0 0 0 0 0 0 0 84 0 0 0 0 0 0 0 0 0 19 53 0 0 0 0 0 0 145 0 0 12 0 0 0 0 0 0 0 0 0 0 0 0 147 0 0 0 0 0 23 0 0 0 0 0 0 0 0 0 0 0 0 
0 0 0 0 0 0 0 0 0 0 0 0 0 0 0 0 0 0 148 0 0 0 0 0 95 132 0 14 0 0 0 70 0 0 0 0 0 0 0 0 0 0 0 0 0 0 34 0 0 133 0 0 0 85 0 0 0 0 0 101 0 0 0 0 0 0 0 0 0 0 0 94 124 0 0 0 0 0 0 0 0 0 0 38 0 0 0 0 0 0 143 0 141 0 0 72 0 0 0 0 
0 0 0 0 0 0 0 0 26 0 0 0 0 9 0 0 0 0 0 0 0 8 0 0 0 0 0 0 0 0 0 0 0 77 0 0 0 0 0 117 0 0 0 137 0 0 0 0 0 0 0 0 27 0 69 0 0 0 78 0 0 0 0 0 0 0 22 0 0 0 0 0 0 0 0 0 0 5 0 68 0 52 0 0 0 0 0 0 0 0 0 101 0 0 0 0 5 0 0 0 
0 0 0 0 0 0 104 0 0 0 0 0 0 0 0 0 0 0 0 62 0 0 0 0 0 0 0 0 0 70 0 0 0 0 0 0 0 0 0 0 0 0 0 0 0 99 0 0 0 0 149 0 0 0 110 0 0 8 0 0 0 0 0 0 0 0 0 0 0 0 146 0 104 0 0 0 0 0 17 0 0 0 105 0 0 0 0 140 0 0 83 0 95 0 0 0 0 106 0 0 
0 0 98 0 0 0 0 0 0 0 0 0 78 0 57 0 0 0 0 51 77 0 0 0 0 0 0 12 0 0 0 0 0 0 0 0 0 0 0 0 0 0 0 0 0 0 59 0 33 0 0 0 121 0 0 0 0 0 0 0 112 6 0 0 0 0 0 0 0 0 0 0 15 0 0 0 108 0 0 0 0 0 94 0 0 0 0 0 0 0 0 0 0 0 0 0 0 0 6 0 
0 0 0 0 0 0 0 0 0 0 0 108 0 120 0 0 0 0 0 0 0 146 0 0 0 57 0 0 0 0 77 0 0 0 56 0 0 0 0 0 0 0 0 97 0 0 0 0 7 30 0 0 0 0 0 0 0 0 101 0 0 8 0 0 0 0 0 0 0 0 0 0 0 0 19 116 0 0 0 0 0 0 0 0 66 0 106 0 0 0 0 0 0 0 0 0 0 0 0 0 
0 0 0 0 0 0 0 125 115 0 0 0 0 0 0 0 0 0 0 0 0 0 22 117 0 0 0 0 0 0 0 0 0 56 0 141 47 0 0 0 0 0 126 51 0 127 0 1 0 0 0 0 0 0 0 0 0 0 0 0 0 0 0 0 0 0 0 0 32 0 107 0 0 0 0 0 0 0 0 0 0 0 0 0 0 37 0 0 0 0 0 0 0 0 0 0 0 0 0 0 
0 0 0 135 0 0 0 0 0 0 0 0 0 0 0 0 34 0 0 0 0 106 0 0 0 0 0 0 0 0 0 0 0 0 141 0 0 87 0 0 0 0 67 0 0 118 0 0 0 0 0 0 0 0 0 0 0 0 0 0 0 0 19 0 0 0 0 0 0 0 0 0 0 0 0 94 0 13 0 0 0 0 0 0 0 0 0 53 0 0 0 92 0 46 0 0 0 93 0 0 
0 0 0 0 0 0 0 0 40 0 0 0 0 0 0 0 0 0 0 0 0 0 0 0 0 0 0 0 0 0 0 0 0 0 47 0 0 0 0 0 0 0 0 0 0 0 0 0 0 0 0 0 0 0 0 0 21 0 0 0 95 0 0 0 0 0 0 0 0 0 0 111 0 0 0 0 66 0 0 0 0 0 0 0 0 0 0 0 0 0 0 120 0 0 76 0 0 0 0 0 
0 0 0 0 1 0 0 0 0 0 0 0 64 0 0 121 96 0 0 0 0 0 0 0 0 0 0 23 0 0 0 0 0 0 0 87 0 0 0 0 0 0 9 0 0 0 65 0 0 0 22 0 0 0 0 0 0 59 0 0 0 0 105 0 0 0 0 0 0 0 0 0 0 0 0 0 0 0 63 0 0 0 0 0 0 0 0 0 0 0 0 0 0 0 0 0 0 0 0 0 
0 0 56 0 0 0 0 0 0 0 0 0 75 0 26 0 0 0 0 0 0 0 0 37 0 0 0 138 0 0 0 0 0 0 0 0 0 0 0 0 0 0 0 0 0 0 0 0 0 0 0 0 0 0 0 0 31 0 122 0 0 0 28 0 0 0 0 0 28 0 0 0 0 0 39 20 0 0 0 0 0 104 0 0 0 0 0 0 0 0 90 0 0 0 144 0 37 0 0 0 
0 0 0 0 135 0 0 0 0 0 0 0 0 0 0 0 0 0 0 0 0 0 0 0 0 0 0 0 50 0 117 0 0 0 0 0 0 0 0 0 0 0 67 0 132 0 0 0 0 0 0 0 0 15 0 0 0 0 33 0 0 0 0 0 122 0 0 0 0 23 0 0 0 0 0 108 0 0 0 0 0 0 0 0 0 0 0 85 0 0 9 0 0 0 0 2 0 0 7 82 
0 19 0 0 0 0 0 0 0 88 0 0 0 0 0 101 0 0 0 32 73 0 0 0 0 0 0 0 0 0 0 0 0 0 0 0 0 0 0 0 0 132 0 0 0 0 0 0 0 0 0 25 0 0 0 0 0 112 142 0 0 0 0 0 24 0 87 0 0 0 0 0 0 107 110 1 0 0 31 0 0 0 0 0 0 0 0 0 0 0 0 0 0 0 0 0 0 0 0 0 
54 0 0 0 0 0 0 0 0 0 9 0 0 0 121 0 0 0 0 0 0 0 0 0 0 107 0 0 0 0 0 0 0 0 0 0 0 0 0 0 132 0 0 98 0 0 73 135 0 76 0 0 0 0 0 0 0 0 0 0 0 0 108 0 0 0 51 0 0 0 0 0 0 0 0 0 0 0 0 22 0 0 0 0 0 0 40 67 0 0 0 51 0 0 0 0 0 0 0 0 
0 0 0 0 0 0 0 84 0 0 131 36 0 0 1 0 0 0 0 0 0 0 0 0 0 0 0 0 0 0 0 0 0 0 126 67 0 9 0 67 0 0 0 0 0 0 0 0 0 7 0 0 0 0 13 0 0 0 0 0 0 0 0 0 0 0 0 0 0 26 0 0 114 0 0 0 0 0 59 0 0 0 0 36 0 0 0 0 0 32 0 0 0 0 0 0 0 0 0 0 
0 0 0 0 0 0 0 0 0 0 0 0 0 0 0 0 0 0 0 0 0 27 0 0 0 74 0 0 0 0 137 0 0 97 51 0 0 0 0 0 0 98 0 0 0 0 0 0 0 30 0 0 0 0 0 0 0 0 0 0 0 0 0 0 0 0 0 0 0 0 0 0 0 84 99 0 0 0 0 0 0 38 0 0 0 139 0 0 19 0 0 0 23 0 0 92 30 0 0 0 
0 88 0 0 0 0 0 0 0 0 46 0 0 0 0 0 0 34 0 0 0 0 0 0 105 0 0 0 0 0 0 0 0 0 0 0 0 0 0 132 0 0 0 0 0 0 0 0 0 0 0 0 0 0 0 0 98 0 0 0 124 0 0 0 0 0 0 0 13 0 88 0 0 0 0 0 0 0 41 0 53 0 61 0 0 0 0 0 0 0 0 0 0 0 0 45 0 105 0 0 
0 0 131 0 0 0 0 0 144 0 0 18 0 8 0 0 0 0 0 0 0 0 0 0 0 0 10 0 0 0 0 99 0 0 127 118 0 0 0 0 0 0 0 0 0 0 0 0 0 0 0 0 0 87 0 0 0 0 0 0 135 0 0 0 0 0 0 0 0 48 0 0 0 0 0 2 0 39 0 0 0 0 0 0 0 29 0 0 0 0 0 0 0 0 59 0 0 0 0 0 
0 0 0 34 0 0 0 64 0 0 0 0 0 0 0 0 0 89 0 0 0 0 0 0 135 0 0 0 0 34 0 0 59 0 0 0 0 65 0 0 0 73 0 0 0 0 0 0 0 0 0 0 0 0 136 0 0 0 0 0 0 0 0 0 59 0 0 0 0 0 0 0 0 0 0 0 0 0 91 0 0 0 0 0 0 0 0 0 0 0 0 0 0 0 49 0 0 0 0 0 
0 0 0 0 0 0 0 0 0 0 0 0 0 0 0 102 0 0 0 0 0 0 0 0 0 0 0 0 84 0 0 0 0 0 1 0 0 0 0 0 0 135 0 0 0 0 0 0 138 9 0 0 0 0 0 0 0 0 0 0 141 0 123 0 0 0 13 0 0 0 0 0 0 0 0 0 0 0 0 0 51 0 0 0 0 0 0 0 115 0 0 0 0 0 0 31 0 0 0 0 
0 0 0 0 0 0 0 105 0 0 0 0 0 0 0 0 0 99 114 18 0 0 0 0 0 0 0 0 0 0 0 0 33 7 0 0 0 0 0 0 0 0 0 0 0 0 0 138 0 0 0 0 0 0 0 0 0 0 0 0 0 0 0 0 0 0 0 0 0 0 0 0 143 0 0 0 0 26 0 0 0 0 0 0 0 0 134 0 96 107 0 0 0 0 0 0 0 0 0 0 
0 0 0 0 0 0 149 0 89 0 0 0 0 0 0 0 0 0 0 0 0 0 0 0 48 0 0 0 0 133 0 0 0 30 0 0 0 0 0 0 0 76 7 30 0 0 0 9 0 0 0 1 0 0 0 0 0 0 10 0 0 75 0 0 0 0 0 0 0 0 80 0 0 0 0 0 0 0 0 0 0 0 0 0 0 0 0 0 0 0 113 0 0 48 0 0 0 0 0 0 
0 120 0 134 0 0 0 44 0 0 18 0 0 0 0 0 0 0 0 64 0 0 0 0 0 0 0 0 0 0 0 149 0 0 0 0 0 22 0 0 0 0 0 0 0 0 0 0 0 0 0 0 0 0 0 0 13 0 0 40 0 39 0 0 39 0 0 0 135 0 0 0 0 0 94 0 0 123 0 0 0 0 0 0 0 0 0 97 0 0 0 0 0 0 0 0 0 0 0 0 
0 0 0 0 0 0 0 0 0 0 0 0 0 63 94 0 0 0 0 139 0 0 0 0 0 0 0 0 0 0 0 0 0 0 0 0 0 0 0 0 25 0 0 0 0 0 0 0 0 1 0 0 142 0 0 0 0 0 0 0 0 86 0 0 0 0 110 0 0 0 0 121 0 0 0 0 0 39 0 0 0 0 0 49 31 142 0 0 17 0 0 0 0 0 0 0 0 0 119 0 
0 0 0 0 2 0 0 0 0 0 0 0 116 0 0 0 0 0 0 0 0 0 0 0 0 0 0 0 0 0 27 0 121 0 0 0 0 0 0 0 0 0 0 0 0 0 0 0 0 0 0 142 0 0 0 0 0 0 0 0 0 0 0 0 0 0 82 0 0 0 0 0 132 0 0 0 0 0 3 0 0 139 0 0 0 0 0 0 0 0 0 0 0 0 0 0 0 0 0 0 
79 0 0 0 0 85 0 0 0 0 0 0 0 0 0 0 0 0 0 0 0 0 41 0 0 0 0 0 0 85 0 0 0 0 0 0 0 0 0 15 0 0 0 0 0 87 0 0 0 0 0 0 0 0 0 0 0 0 0 0 0 37 0 0 0 0 0 31 0 116 0 0 0 0 0 0 0 0 53 0 0 0 0 127 0 0 0 85 0 0 0 0 0 0 0 0 0 0 0 0 
22 0 0 102 0 139 0 0 0 0 0 0 0 0 0 0 0 0 0 0 0 49 0 0 0 0 0 0 0 0 69 110 0 0 0 0 0 0 0 0 0 0 13 0 0 0 136 0 0 0 0 0 0 0 0 0 0 0 0 0 0 0 0 0 0 0 0 0 36 0 0 0 45 0 0 0 0 0 0 0 0 0 0 0 0 0 0 0 51 0 37 0 0 0 88 0 0 0 88 0 
0 0 0 0 0 0 0 0 0 0 0 0 0 74 0 0 0 0 0 96 0 0 125 0 0 111 0 0 0 0 0 0 0 0 0 0 0 0 0 0 0 0 0 0 0 0 0 0 0 0 0 0 0 0 0 0 0 0 0 0 0 75 0 0 135 0 0 117 0 0 0 0 0 12 0 66 0 0 0 0 0 0 0 0 0 50 0 0 0 6 0 0 0 0 0 0 0 0 0 0 
0 0 0 118 77 0 0 0 0 0 0 0 0 0 0 0 0 0 73 0 0 41 0 0 129 0 0 0 0 0 0 0 0 0 0 0 21 0 31 0 0 0 0 0 98 0 0 0 0 0 13 0 0 0 0 0 0 0 0 0 0 0 0 0 0 0 91 0 0 0 0 0 77 24 0 0 147 0 0 31 0 0 0 0 0 76 0 0 0 0 0 0 0 0 0 0 0 0 0 0 
0 0 0 0 0 0 0 0 0 0 0 0 0 0 0 0 0 144 0 0 0 135 0 137 0 0 0 94 19 0 0 8 0 0 0 0 0 59 0 0 112 0 0 0 0 0 0 0 0 0 0 0 0 0 0 0 0 0 0 0 0 0 0 0 0 0 0 0 0 66 0 0 0 0 0 0 0 0 0 0 0 0 0 0 0 0 0 99 0 0 0 0 25 0 0 0 0 0 0 0 
0 0 0 0 0 0 148 0 0 0 0 0 0 0 0 0 0 84 0 0 0 31 0 48 0 0 0 0 53 0 78 0 0 101 0 0 0 0 122 33 142 0 0 0 0 0 0 0 0 10 0 0 0 0 0 0 0 0 0 0 0 0 0 0 0 0 0 0 0 0 0 0 101 0 0 0 145 0 0 59 0 0 0 0 125 0 0 0 0 0 0 0 0 0 0 0 0 0 0 0 
0 0 0 133 0 0 0 31 0 0 0 0 0 65 0 117 0 0 0 0 108 0 0 0 0 0 0 0 0 101 0 0 0 0 0 0 0 0 0 0 0 0 0 0 0 0 0 0 0 0 40 0 0 0 0 0 0 0 0 0 0 0 0 0 0 0 96 0 117 0 0 0 0 22 0 0 0 0 0 0 0 0 0 0 0 0 41 0 0 23 0 0 0 0 0 105 0 63 0 0 
0 70 0 0 0 0 0 0 0 0 0 0 0 0 0 50 0 0 30 0 0 54 0 0 0 0 0 109 0 0 0 0 112 0 0 0 95 0 0 0 0 0 0 0 124 135 0 141 0 0 0 0 0 0 0 0 0 0 0 0 0 0 0 0 0 0 0 0 0 0 0 0 0 0 0 0 0 0 0 0 0 0 0 0 109 0 0 0 0 0 0 0 0 114 0 0 0 0 0 0 
0 0 0 0 0 0 0 125 0 0 0 0 0 148 0 0 0 0 0 0 0 57 0 0 0 127 0 92 0 0 0 0 6 8 0 0 0 0 0 0 0 0 0 0 0 0 0 0 0 75 39 86 0 37 0 75 0 0 0 0 0 0 0 0 0 0 0 0 0 0 0 0 0 0 0 0 0 0 0 25 0 0 0 0 39 131 0 0 0 0 0 0 0 0 0 0 0 0 0 0 
0 0 0 0 0 0 71 0 0 110 0 0 0 0 0 0 0 128 0 0 0 0 0 139 0 0 0 104 0 0 0 0 0 0 0 19 0 105 28 0 0 108 0 0 0 0 0 123 0 0 0 0 0 0 0 0 0 0 0 0 0 0 0 0 0 0 0 0 0 0 0 0 0 0 0 52 0 0 0 0 0 0 0 0 56 0 62 0 0 0 30 0 0 0 22 0 0 0 0 0 
0 0 0 0 0 0 0 0 0 0 0 0 0 0 0 0 0 0 0 0 0 0 0 0 0 0 13 0 0 0 0 0 0 0 0 0 0 0 0 0 0 0 0 0 0 0 0 0 0 0 0 0 0 0 0 0 0 0 0 0 0 0 0 0 0 0 0 0 0 89 0 0 0 0 0 0 0 0 0 147 0 0 0 0 0 126 150 0 0 53 0 0 0 0 0 0 0 0 0 34 
0 0 0 0 0 0 0 0 0 0 57 52 0 42 0 0 0 0 0 0 15 0 0 0 0 0 0 0 0 0 0 0 0 0 0 0 0 0 0 122 24 0 0 0 0 0 59 0 0 0 39 0 0 0 0 135 0 0 0 0 0 0 0 0 0 0 0 0 0 100 0 0 0 0 146 0 0 0 143 0 0 0 0 0 0 86 0 0 0 0 0 0 0 0 0 0 0 0 78 0 
0 0 0 0 0 0 0 0 0 0 0 0 0 0 0 0 0 0 0 0 0 0 0 0 0 0 0 108 145 0 0 0 0 0 0 0 0 0 0 0 0 0 0 0 0 0 0 0 0 0 0 0 0 0 0 0 0 0 0 0 0 0 0 0 0 0 0 0 0 132 0 0 97 76 0 0 0 43 0 0 0 0 0 0 0 0 0 0 0 0 0 0 0 0 0 0 94 0 71 0 
0 0 125 0 0 0 0 0 0 0 0 0 0 94 0 0 0 0 0 0 0 0 9 0 0 0 0 0 0 0 22 0 0 0 0 0 0 0 0 0 87 51 0 0 0 0 0 13 0 0 0 110 82 0 0 0 91 0 0 96 0 0 0 0 0 0 0 0 0 0 0 0 0 0 0 0 28 0 0 0 0 0 0 0 0 0 0 0 0 0 0 111 0 0 0 26 0 0 0 114 
0 0 0 124 0 26 0 0 0 0 0 73 0 0 0 0 0 47 0 0 0 0 0 44 0 0 0 0 0 0 0 0 0 0 0 0 0 0 0 0 0 0 0 0 0 0 0 0 0 0 0 0 0 31 0 117 0 0 0 0 0 0 0 0 0 0 0 0 0 0 0 0 0 0 0 0 0 0 0 0 0 0 40 0 0 0 0 110 0 0 0 15 0 0 0 0 0 0 55 0 
0 0 0 0 0 0 0 0 0 0 97 0 0 0 0 0 0 0 0 119 0 0 0 0 16 0 0 0 12 0 0 0 0 0 32 0 0 0 28 0 0 0 0 0 13 0 0 0 0 0 135 0 0 0 36 0 0 0 0 117 0 0 0 0 0 0 0 0 0 0 0 0 0 7 0 31 0 0 0 0 0 0 23 0 0 0 0 0 0 0 0 0 0 0 0 13 0 0 0 0 
0 66 0 0 0 0 0 0 0 0 0 0 0 0 0 0 0 0 0 0 0 0 0 0 0 0 106 0 0 0 0 0 0 0 0 0 0 0 0 23 0 0 26 0 0 48 0 0 0 0 0 0 0 116 0 0 0 66 0 0 0 0 0 89 100 132 0 0 0 0 0 24 0 0 0 0 76 0 0 0 0 97 0 0 0 0 0 0 0 47 0 0 0 0 0 0 133 0 0 0 
0 116 0 0 0 0 0 0 0 0 55 113 0 0 0 0 0 122 111 0 0 0 0 63 0 0 148 0 0 0 0 146 0 0 107 0 0 0 0 0 0 0 0 0 88 0 0 0 0 80 0 0 0 0 0 0 0 0 0 0 0 0 0 0 0 0 0 0 0 0 0 0 0 0 0 0 0 0 0 0 0 0 0 0 0 96 0 0 0 0 0 0 0 0 0 0 0 0 0 0 
0 0 0 0 0 41 0 0 0 58 0 0 42 0 0 0 0 0 0 0 0 0 0 80 0 0 0 0 0 94 0 0 0 0 0 0 111 0 0 0 0 0 0 0 0 0 0 0 0 0 0 121 0 0 0 0 0 0 0 0 0 0 0 0 0 0 0 0 0 24 0 0 0 114 0 0 0 0 0 45 0 0 99 0 0 0 0 0 0 0 0 88 0 0 76 0 0 0 107 0 
0 88 0 0 0 0 0 0 0 0 0 0 0 85 0 0 0 0 0 103 0 0 0 85 0 0 0 0 0 124 0 104 15 0 0 0 0 0 0 0 0 0 114 0 0 0 0 0 143 0 0 0 132 0 45 0 77 0 101 0 0 0 0 0 0 97 0 0 0 0 0 0 0 0 0 0 0 0 0 0 0 0 0 0 0 0 0 0 0 0 0 0 0 0 0 0 109 0 0 0 
0 0 0 0 0 0 0 0 112 0 78 0 0 0 0 0 0 19 0 0 0 0 0 0 0 0 0 0 0 0 0 0 0 0 0 0 0 0 0 0 107 0 0 84 0 0 0 0 0 0 0 0 0 0 0 12 24 0 0 22 0 0 0 0 0 76 0 0 7 0 0 114 0 0 0 22 128 0 0 0 137 0 0 0 0 0 150 0 0 0 0 0 0 0 0 0 0 0 0 0 
0 0 0 0 0 0 0 0 0 0 0 125 0 0 0 132 0 0 0 32 0 0 0 0 7 0 0 0 0 0 0 0 0 19 0 0 0 0 39 0 110 0 0 99 0 0 0 0 0 0 94 0 0 0 0 0 0 0 0 0 0 0 0 0 146 0 0 0 0 0 0 0 0 0 0 0 31 0 0 0 0 0 57 0 0 0 0 0 0 0 0 0 0 0 0 0 0 0 0 2 
0 0 0 0 0 0 0 0 0 0 0 79 0 0 0 109 0 0 0 0 0 0 0 0 0 41 0 0 0 0 0 0 0 116 0 94 0 0 20 108 1 0 0 0 0 2 0 0 0 0 0 0 0 0 0 66 0 0 0 0 0 0 52 0 0 0 0 0 31 0 0 0 0 22 0 0 0 0 0 0 0 0 0 0 0 0 0 0 0 0 0 0 68 0 0 59 0 0 0 0 
0 0 0 0 0 0 0 0 46 123 0 0 0 0 0 0 120 0 0 0 0 0 123 0 0 0 0 0 0 0 0 0 108 0 0 0 66 0 0 0 0 0 0 0 0 0 0 0 0 0 0 0 0 0 0 0 147 0 145 0 0 0 0 0 0 0 28 0 0 76 0 0 0 128 31 0 0 0 0 0 0 0 0 142 0 0 0 0 0 0 0 0 0 8 4 0 0 0 0 0 
0 0 0 0 0 117 56 0 0 0 0 0 0 0 0 0 0 0 0 0 0 0 0 61 0 0 0 0 0 0 5 0 0 0 0 13 0 0 0 0 0 0 0 0 0 39 0 0 26 0 123 39 0 0 0 0 0 0 0 0 0 0 0 0 0 43 0 0 0 0 0 0 0 0 0 0 0 0 0 86 42 0 0 0 0 0 37 0 0 0 0 0 0 69 0 0 0 0 0 0 
0 0 116 43 0 0 0 0 0 0 0 15 0 0 0 0 0 97 0 0 0 0 0 0 0 0 0 0 0 0 0 17 0 0 0 0 0 63 0 0 31 0 59 0 41 0 91 0 0 0 0 0 3 53 0 0 0 0 0 0 0 0 0 0 143 0 0 0 0 0 0 0 0 0 0 0 0 0 0 0 0 0 0 0 0 0 0 0 0 142 0 0 0 0 0 0 0 0 0 4 
0 147 0 0 0 0 0 0 0 0 0 0 0 0 0 0 48 0 0 0 90 0 0 0 0 0 0 0 0 0 68 0 0 0 0 0 0 0 0 0 0 22 0 0 0 0 0 0 0 0 0 0 0 0 0 0 31 0 59 0 0 25 0 147 0 0 0 0 0 0 0 45 0 0 0 0 0 86 0 0 0 0 0 38 0 0 21 0 0 0 0 0 0 0 0 0 0 0 43 85 
0 0 0 0 0 123 0 0 0 0 0 0 0 0 13 0 0 0 90 0 0 0 0 0 0 13 0 0 0 0 0 0 0 0 0 0 0 0 0 0 0 0 0 0 53 0 0 51 0 0 0 0 0 0 0 0 0 0 0 0 0 0 0 0 0 0 0 0 0 0 0 0 0 137 0 0 0 42 0 0 0 0 0 2 0 0 0 149 106 0 0 0 0 0 0 0 0 0 0 0 
0 0 0 30 0 49 0 0 0 0 0 0 0 0 0 0 0 0 0 0 0 0 0 0 0 0 0 0 147 0 52 0 0 0 0 0 0 0 104 0 0 0 0 38 0 0 0 0 0 0 0 0 139 0 0 0 0 0 0 0 0 0 0 0 0 0 0 0 0 97 0 0 0 0 0 0 0 0 0 0 0 0 0 81 0 0 0 0 0 0 0 0 140 0 54 0 0 0 119 0 
0 141 0 0 0 0 90 146 122 0 0 0 69 0 0 0 0 0 0 0 0 0 0 0 78 0 0 0 0 0 0 105 94 0 0 0 0 0 0 0 0 0 0 0 61 0 0 0 0 0 0 0 0 0 0 0 0 0 0 0 0 0 0 0 0 0 0 40 23 0 0 99 0 0 57 0 0 0 0 0 0 0 0 0 0 0 0 125 0 0 0 0 0 0 0 0 0 0 121 0 
0 0 0 0 0 58 0 0 0 10 0 0 0 0 0 0 0 0 0 0 0 0 0 66 0 0 0 0 0 38 0 0 0 0 0 0 0 0 0 0 0 0 36 0 0 0 0 0 0 0 0 49 0 127 0 0 0 0 0 0 0 0 0 0 0 0 0 0 0 0 0 0 0 0 0 0 142 0 0 38 2 81 0 0 129 0 0 0 0 3 0 0 0 0 0 0 0 0 0 132 
0 15 0 0 0 0 0 0 0 0 0 0 0 0 0 0 102 0 0 0 0 0 2 0 0 56 0 0 0 0 0 0 0 66 0 0 0 0 0 0 0 0 0 0 0 0 0 0 0 0 0 31 0 0 0 0 0 0 125 0 109 39 56 0 0 0 0 0 0 0 0 0 0 0 0 0 0 0 0 0 0 0 0 129 0 0 0 0 0 0 0 0 0 0 0 0 48 0 0 0 
4 0 0 0 51 0 0 0 0 7 0 0 0 0 0 0 0 0 0 0 0 0 0 0 0 0 81 0 0 0 0 0 0 0 37 0 0 0 0 0 0 0 0 139 0 29 0 0 0 0 0 142 0 0 0 50 76 0 0 0 0 131 0 126 86 0 0 0 0 0 96 0 0 0 0 0 0 0 0 0 0 0 0 0 0 0 0 0 0 0 0 0 0 0 0 0 0 0 0 0 
0 0 0 0 0 0 0 0 0 0 0 0 0 0 35 0 0 7 0 0 0 0 0 0 0 0 3 0 0 0 0 0 0 106 0 0 0 0 0 0 0 40 0 0 0 0 0 0 134 0 0 0 0 0 0 0 0 0 0 41 0 0 62 150 0 0 0 0 0 0 0 0 0 150 0 0 0 37 0 21 0 0 0 0 0 0 0 0 0 0 0 0 0 0 0 0 31 134 0 101 
0 0 0 0 0 0 0 0 0 0 0 0 0 0 32 0 0 0 0 0 0 0 0 0 0 0 0 0 23 0 0 140 0 0 0 53 0 0 0 85 0 67 0 0 0 0 0 0 0 0 97 0 0 85 0 0 0 99 0 0 0 0 0 0 0 0 0 110 0 0 0 0 0 0 0 0 0 0 0 0 149 0 125 0 0 0 0 0 0 0 0 0 0 4 47 70 0 0 0 0 
0 0 76 0 0 0 0 0 0 0 0 0 0 0 75 0 0 0 0 0 0 0 0 0 0 0 0 0 0 0 0 0 0 0 0 0 0 0 0 0 0 0 0 19 0 0 0 115 96 0 0 17 0 0 51 0 0 0 0 0 0 0 0 0 0 0 0 0 0 0 0 0 0 0 0 0 0 0 0 0 106 0 0 0 0 0 0 0 0 116 0 0 0 0 0 0 0 0 0 0 
0 0 19 0 0 0 0 0 0 0 0 0 0 0 0 0 0 0 0 0 0 0 0 0 0 0 1 0 0 0 0 0 0 0 0 0 0 0 0 0 0 0 32 0 0 0 0 0 107 0 0 0 0 0 0 6 0 0 0 23 0 0 0 53 0 0 0 0 0 47 0 0 0 0 0 0 0 0 142 0 0 0 0 3 0 0 0 0 116 0 0 0 0 0 0 0 0 0 0 0 
0 0 0 0 0 94 0 0 0 70 127 0 0 0 69 0 0 0 57 0 0 0 0 0 0 0 0 0 0 143 0 83 0 0 0 0 0 0 90 9 0 0 0 0 0 0 0 0 0 113 0 0 0 0 37 0 0 0 0 0 0 0 30 0 0 0 0 0 0 0 0 0 0 0 0 0 0 0 0 0 0 0 0 0 0 0 0 0 0 0 0 0 0 12 0 52 0 17 0 0 
0 108 0 0 0 0 0 0 0 124 61 86 0 0 0 0 0 0 147 0 0 0 0 0 0 131 0 0 0 0 101 0 0 0 0 92 120 0 0 0 0 51 0 0 0 0 0 0 0 0 0 0 0 0 0 0 0 0 0 0 0 0 0 0 0 0 111 15 0 0 0 88 0 0 0 0 0 0 0 0 0 0 0 0 0 0 0 0 0 0 0 0 0 0 0 141 64 0 0 0 
0 0 0 0 0 0 0 0 0 0 0 3 136 0 0 0 0 0 76 0 0 0 0 0 0 0 0 0 0 141 0 95 0 0 0 0 0 0 0 0 0 0 0 23 0 0 0 0 0 0 0 0 0 0 0 0 0 25 0 0 0 0 0 0 0 0 0 0 0 0 0 0 0 0 0 68 0 0 0 0 0 140 0 0 0 0 0 0 0 0 0 0 0 0 0 122 0 0 0 103 
0 0 0 0 0 0 0 0 0 0 43 0 0 93 0 0 0 0 0 0 0 0 0 0 52 0 0 0 0 0 0 0 0 0 0 46 0 0 0 0 0 0 0 0 0 0 0 0 0 48 0 0 0 0 0 0 0 0 0 0 114 0 0 0 0 0 0 0 0 0 0 0 0 0 0 0 8 69 0 0 0 0 0 0 0 0 0 4 0 0 12 0 0 0 0 0 0 0 0 0 
0 0 115 0 0 0 0 0 0 138 0 0 0 0 0 0 0 0 0 0 0 0 0 0 0 0 80 23 0 0 0 0 0 0 0 0 76 0 144 0 0 0 0 0 0 59 49 0 0 0 0 0 0 0 88 0 0 0 0 0 0 0 22 0 0 0 0 0 0 0 0 76 0 0 0 0 4 0 0 0 0 54 0 0 0 0 0 47 0 0 0 0 0 0 0 0 0 86 0 0 
0 0 0 0 0 0 0 0 0 0 0 0 0 0 0 0 142 0 0 0 0 0 0 0 0 0 51 0 0 72 0 0 0 0 0 0 0 0 0 2 0 0 0 92 45 0 0 31 0 0 0 0 0 0 0 0 0 0 0 105 0 0 0 0 0 0 26 0 13 0 0 0 0 0 0 59 0 0 0 0 0 0 0 0 0 0 0 70 0 0 52 141 122 0 0 0 0 0 0 0 
0 0 0 0 0 46 0 0 3 0 0 0 66 0 0 0 88 0 0 0 0 0 0 0 0 0 0 0 0 0 5 0 0 0 0 0 0 0 37 0 0 0 0 30 0 0 0 0 0 0 0 0 0 0 0 0 0 0 0 0 0 0 0 0 0 94 0 0 0 133 0 0 109 0 0 0 0 0 0 0 0 0 0 0 48 0 31 0 0 0 0 64 0 0 0 0 0 0 0 0 
0 0 0 111 0 35 99 1 0 0 0 0 0 0 0 0 0 17 0 0 0 0 144 0 0 6 0 0 0 0 0 106 0 0 0 93 0 0 0 0 0 0 0 0 105 0 0 0 0 0 0 0 0 0 0 0 0 0 0 63 0 0 0 0 0 0 0 0 0 0 0 0 0 0 0 0 0 0 0 0 0 0 0 0 0 0 134 0 0 0 17 0 0 0 86 0 0 0 124 0 
0 0 0 0 0 0 0 0 12 0 0 0 0 0 0 0 0 0 79 0 0 0 150 0 0 0 0 0 0 0 0 0 6 0 0 0 0 0 0 7 0 0 0 0 0 0 0 0 0 0 0 119 0 0 88 0 0 0 0 0 0 0 0 0 78 71 0 55 0 0 0 107 0 0 0 0 0 0 0 43 0 119 121 0 0 0 0 0 0 0 0 0 0 0 0 0 0 124 0 0 
0 0 67 0 0 0 0 88 0 0 0 0 0 0 0 50 0 0 0 0 120 0 0 0 0 0 0 0 0 0 0 0 0 0 0 0 0 0 0 82 0 0 0 0 0 0 0 0 0 0 0 0 0 0 0 0 0 0 0 0 0 0 0 34 0 0 114 0 0 0 0 0 0 0 2 0 0 0 4 85 0 0 0 132 0 0 101 0 0 0 0 0 103 0 0 0 0 0 0 0 
