0 37 0 0 0 0 45 47 30 0 0 0 76 0 0 36 46 37 73 81 0 0 0 0 74 72 0 0 0 0 0 0 0 1 0 0 0 0 0 0 81 0 18 0 43 90 25 0 98 14 0 59 0 49 29 43 0 0 0 96 100 85 36 0 0 0 0 58 0 0 0 0 44 0 4 37 97 10 0 0 35 18 0 0 2 37 0 0 41 63 75 0 0 0 0 2 0 0 93 0 
37 0 47 0 60 1 0 30 0 89 0 72 68 82 0 83 94 0 0 0 0 0 0 0 36 33 0 22 0 92 0 0 0 6 0 0 18 0 0 39 0 0 0 35 0 0 79 58 92 0 41 0 45 19 0 0 82 0 0 0 11 35 0 0 24 16 0 0 0 0 91 0 15 45 0 74 0 0 0 0 81 0 0 93 0 83 95 0 3 0 13 61 0 0 36 0 0 0 60 79 
0 47 0 0 60 37 57 82 0 7 20 0 64 27 0 0 11 0 42 80 34 0 1 23 0 99 0 0 57 77 0 15 87 0 0 53 0 36 0 0 73 0 0 13 55 72 0 96 36 0 37 77 0 91 0 97 99 7 91 6 83 93 0 0 71 0 0 0 14 0 0 0 0 0 0 0 0 0 95 19 0 0 41 21 0 90 0 0 0 68 0 0 0 0 37 30 0 39 26 0 
0 0 0 0 86 45 0 89 86 0 0 0 0 70 0 100 46 0 26 0 8 52 0 37 94 46 26 0 0 0 75 86 11 20 0 51 0 33 75 0 86 0 0 0 72 2 5 0 0 92 0 0 24 91 0 68 41 0 0 0 23 0 0 0 39 0 55 0 62 34 0 0 0 4 0 0 0 68 0 0 97 0 28 62 0 87 0 0 96 0 0 23 0 91 0 0 86 0 0 75 
0 60 60 86 0 4 80 93 0 34 0 78 19 0 38 0 81 0 0 0 0 0 0 0 76 0 85 99 0 5 0 0 99 15 0 0 0 52 0 95 100 17 6 0 0 0 90 10 0 0 0 57 0 0 0 34 0 80 88 0 0 44 0 0 0 38 0 0 0 0 95 0 22 0 79 0 0 0 63 78 0 0 0 31 0 35 29 0 52 0 0 0 0 0 0 0 10 24 0 16 
0 1 37 45 4 0 0 84 71 0 0 37 0 35 0 0 38 0 49 28 10 0 33 5 0 0 0 45 0 0 0 0 82 0 38 88 0 43 6 0 69 20 26 0 0 0 0 0 0 0 80 0 28 0 0 25 70 0 38 86 0 35 0 0 41 61 0 0 0 33 0 0 66 0 0 0 76 0 0 83 26 91 0 38 7 0 0 64 0 0 70 13 0 0 0 82 75 0 98 0 
45 0 57 0 80 0 0 0 52 32 0 0 53 0 94 0 0 0 20 0 54 16 0 12 86 88 88 67 30 0 10 0 0 0 0 0 60 0 0 0 0 0 0 0 0 22 0 43 0 8 0 96 0 0 97 0 0 0 0 0 0 0 0 0 80 15 7 52 0 0 18 0 0 0 9 39 21 67 0 0 0 14 11 52 0 0 0 0 0 0 0 0 0 0 0 0 98 0 0 0 
47 30 82 89 93 84 0 0 89 35 0 15 0 0 0 35 0 92 62 0 69 92 63 0 47 0 0 55 0 59 0 0 66 66 0 91 24 0 100 0 0 0 0 0 31 0 0 0 0 15 0 69 27 0 50 97 0 0 59 0 18 0 22 0 58 0 0 0 0 77 74 0 0 88 0 75 72 0 0 40 0 0 0 0 0 5 28 26 96 0 43 98 0 0 26 22 0 0 11 43 
30 0 0 86 0 71 52 89 0 67 0 0 11 0 0 0 47 97 0 90 15 0 21 40 0 0 0 0 67 46 73 0 0 0 81 54 0 0 0 0 63 42 0 29 76 52 33 0 81 0 30 0 7 0 76 0 0 0 0 0 96 0 0 69 0 17 0 31 100 0 5 45 90 0 79 0 0 34 0 0 0 0 5 0 39 0 51 0 34 90 0 25 0 29 97 54 10 0 6 51 
0 89 7 0 34 0 32 35 67 0 11 0 0 87 0 0 55 0 35 54 0 0 68 88 81 15 0 0 72 39 84 84 66 49 41 0 78 0 36 0 0 68 9 0 39 0 0 0 0 34 13 70 0 0 0 0 0 73 0 0 0 0 0 52 0 0 41 0 0 0 83 0 16 0 0 74 23 0 19 89 0 55 0 0 0 0 0 0 0 0 55 35 0 0 32 32 0 0 89 95 
0 0 20 0 0 0 0 0 0 11 0 0 32 0 0 2 0 0 22 0 0 0 0 0 37 0 0 96 0 57 63 44 0 0 0 0 9 0 60 51 0 55 91 0 0 0 20 0 72 27 4 86 30 0 0 87 9 89 0 68 0 67 0 9 56 44 43 57 45 0 36 14 34 48 78 0 15 2 2 84 0 0 0 34 0 98 0 93 0 41 56 12 42 35 0 0 0 15 0 0 
0 72 0 0 78 37 0 15 0 0 0 0 42 92 22 60 0 51 0 86 0 90 94 10 0 97 31 0 0 0 0 0 89 0 93 69 17 56 0 66 0 83 42 0 0 0 77 57 0 62 14 16 0 0 25 0 0 0 0 90 93 24 0 57 0 0 0 0 0 0 69 19 85 1 0 0 4 0 26 56 0 0 33 11 52 0 0 0 70 14 0 18 0 0 50 0 45 0 98 79 
76 68 64 0 19 0 53 0 11 0 32 42 0 0 0 94 34 0 0 45 0 0 0 0 48 0 91 62 94 0 31 84 0 0 0 35 27 0 0 67 88 0 0 0 0 0 74 0 0 0 74 92 0 62 31 0 74 23 0 0 0 69 0 0 17 0 35 37 63 0 0 44 60 56 12 23 47 39 0 64 0 0 0 0 43 0 100 74 13 4 0 13 0 0 36 0 0 75 74 0 
0 82 27 70 0 35 0 0 0 87 0 92 0 0 35 0 0 0 0 0 69 0 0 60 0 0 99 10 34 0 90 0 0 77 41 0 0 0 66 3 0 0 0 26 0 70 0 75 34 90 39 0 70 0 16 35 0 0 0 0 10 10 0 79 0 0 0 0 0 0 90 84 0 39 41 0 0 0 94 41 0 0 0 0 77 0 0 52 15 0 84 32 0 69 0 0 39 74 21 50 
0 0 0 0 38 0 94 0 0 0 0 22 0 35 0 0 86 0 0 0 91 0 81 77 13 54 0 0 58 98 0 0 0 75 0 0 0 13 0 0 93 44 0 0 0 0 59 0 90 0 0 0 0 38 13 0 0 0 0 3 0 36 48 0 74 0 56 0 88 0 81 10 13 52 0 43 0 0 0 0 0 0 0 0 0 0 11 67 71 0 6 0 36 0 99 68 0 0 91 33 
36 83 0 100 0 0 0 35 0 0 2 60 94 0 0 0 32 0 1 81 0 80 0 0 0 75 0 96 98 0 0 77 32 6 0 0 0 72 0 0 41 0 31 60 0 0 25 0 0 0 0 0 0 0 100 0 0 0 0 0 0 0 71 0 0 9 0 0 0 0 0 0 0 32 0 0 0 93 0 19 97 98 0 57 99 74 52 0 90 0 65 0 0 39 0 7 0 0 0 33 
46 94 11 46 81 38 0 0 47 55 0 0 34 0 86 32 0 0 0 0 0 46 70 0 31 0 92 31 0 0 0 0 0 0 0 23 0 58 0 0 0 0 14 9 0 96 94 0 0 42 0 0 64 78 83 99 0 14 0 46 0 83 0 0 20 7 0 0 95 94 34 75 66 0 0 38 41 0 81 0 0 87 0 0 0 0 6 44 0 75 0 0 20 90 0 91 0 40 0 70 
37 0 0 0 0 0 0 92 97 0 0 51 0 0 0 0 0 0 46 0 0 0 23 61 0 0 16 33 36 0 8 0 0 0 80 85 0 0 0 18 58 0 95 97 18 0 16 24 48 0 0 0 39 30 0 11 0 0 24 56 0 3 93 49 89 0 0 93 69 0 0 0 0 22 90 0 0 0 8 0 0 46 0 89 71 0 48 0 91 0 0 0 0 0 98 15 0 57 70 0 
73 0 42 26 0 49 20 62 0 35 22 0 0 0 0 1 0 46 0 75 90 0 18 36 0 83 0 35 0 96 0 71 0 99 3 27 19 0 0 0 0 97 0 83 0 0 0 17 72 33 0 0 83 64 0 62 0 0 0 58 67 0 0 0 0 0 0 40 22 57 0 23 76 12 20 65 13 52 0 13 0 90 0 24 14 68 0 0 0 0 0 0 27 83 0 93 0 0 0 0 
81 0 80 0 0 28 0 0 90 54 0 86 45 0 0 81 0 0 75 0 0 0 0 0 20 0 26 0 0 85 0 0 57 0 53 0 0 0 0 98 0 0 31 46 0 0 0 39 0 0 55 0 0 0 0 59 0 0 0 0 0 45 28 0 28 0 0 0 0 5 16 52 0 87 66 6 0 65 0 17 4 0 67 60 45 46 5 0 55 0 85 0 0 17 0 95 1 0 77 0 
0 0 34 8 0 10 54 69 15 0 0 0 0 69 91 0 0 0 90 0 0 90 8 0 0 0 0 0 34 77 0 0 0 0 0 0 34 0 0 0 97 70 56 62 83 0 0 0 98 0 85 40 0 0 0 0 0 44 91 0 35 0 0 0 53 53 0 0 0 0 79 49 57 0 0 0 28 4 0 83 36 0 0 0 0 0 28 77 7 0 8 61 77 0 0 0 0 0 66 18 
0 0 0 52 0 0 16 92 0 0 0 90 0 0 0 80 46 0 0 0 90 0 0 0 0 0 0 63 17 0 39 0 0 29 0 38 79 0 0 31 0 35 0 23 40 0 0 94 8 0 92 96 0 47 0 84 0 0 64 75 89 28 39 0 0 41 0 0 60 38 68 0 0 0 0 0 19 5 56 0 0 0 70 0 53 0 0 0 0 0 0 86 0 0 0 99 0 0 42 32 
0 0 1 0 0 33 0 63 21 68 0 94 0 0 81 0 70 23 18 0 8 0 0 31 0 0 72 17 47 0 0 0 90 0 71 0 0 0 0 73 20 0 0 50 19 4 0 0 10 28 72 66 0 52 0 18 0 0 36 0 0 18 0 0 35 3 87 91 0 0 49 27 0 0 0 0 32 0 0 0 0 0 0 20 0 61 91 0 0 0 72 52 0 0 40 62 35 89 0 45 
0 0 23 37 0 5 12 0 40 88 0 10 0 60 77 0 0 61 36 0 0 0 31 0 0 0 64 0 0 0 44 75 0 67 0 0 0 0 8 15 0 0 45 0 0 90 0 0 0 12 0 27 0 0 64 0 0 11 47 0 0 0 0 50 39 0 0 0 0 0 0 0 24 0 32 0 74 0 28 0 0 0 0 0 0 0 0 0 73 0 38 25 0 0 0 0 0 0 80 30 
74 36 0 94 76 0 86 47 0 81 37 0 48 0 13 0 31 0 0 20 0 0 0 0 0 0 90 0 0 58 20 0 90 0 92 0 74 0 0 0 30 12 3 0 0 0 0 0 42 55 22 82 99 85 0 0 0 0 0 45 76 86 42 0 93 0 0 0 0 0 0 0 0 20 0 0 0 0 98 74 23 62 0 22 6 0 100 0 0 61 0 0 88 0 59 11 0 0 0 67 
72 33 99 46 0 0 88 0 0 15 0 97 0 0 54 75 0 0 83 0 0 0 0 0 0 0 51 80 0 0 33 0 0 95 0 0 83 75 20 0 0 67 28 98 0 47 37 0 0 22 59 12 55 19 12 86 0 0 0 0 0 0 0 0 0 0 19 0 0 0 80 8 0 0 82 0 81 0 0 10 65 0 0 0 0 85 0 0 19 0 61 0 15 91 46 0 0 48 0 93 
0 0 0 26 85 0 88 0 0 0 0 31 91 99 0 0 92 16 0 26 0 0 72 64 90 51 0 25 25 0 53 0 25 0 0 0 47 18 91 73 33 36 42 0 36 0 95 93 27 0 0 0 0 0 0 69 72 73 0 67 0 36 15 0 35 0 83 0 0 20 22 0 0 84 0 0 73 22 0 32 11 0 0 78 3 0 36 0 0 0 55 0 60 9 0 0 29 0 0 0 
0 22 0 0 99 45 67 55 0 0 96 0 62 10 0 96 31 33 35 0 0 63 17 0 0 80 25 0 75 65 0 41 0 82 0 52 0 0 0 52 0 75 19 0 0 0 0 24 0 0 0 16 0 9 68 97 0 0 0 0 96 93 82 42 4 0 4 29 0 38 81 0 33 0 0 0 23 22 24 0 20 0 0 33 0 88 59 98 50 31 0 0 0 0 0 74 0 0 0 0 
0 0 57 0 0 0 30 0 67 72 0 0 94 34 58 98 0 36 0 0 34 17 47 0 0 0 25 75 0 0 0 0 0 60 0 0 0 29 5 15 0 79 0 6 32 0 38 0 0 0 51 0 0 0 36 40 0 11 0 34 0 0 20 67 58 69 80 59 0 97 10 0 0 0 28 28 0 73 100 9 27 0 0 0 0 0 0 73 0 0 0 59 0 3 0 0 0 0 0 36 
0 92 77 0 5 0 0 59 46 39 57 0 0 0 98 0 0 0 96 85 77 0 0 0 58 0 0 65 0 0 84 0 0 2 0 0 57 85 0 0 56 19 52 2 59 0 0 7 8 0 72 0 0 72 0 75 0 76 0 0 18 0 89 0 42 0 0 65 0 88 14 0 61 0 0 61 9 0 19 0 0 31 0 95 0 0 68 72 0 0 80 0 75 0 23 18 0 0 82 0 
0 0 0 75 0 0 10 0 73 84 63 0 31 90 0 0 0 8 0 0 0 39 0 44 20 33 53 0 0 84 0 0 38 79 0 0 0 0 0 0 0 89 0 45 92 0 0 67 0 0 31 0 97 0 0 88 13 0 49 0 0 28 57 9 63 38 12 0 0 65 35 19 89 42 0 24 42 40 0 60 0 0 46 0 63 24 1 0 0 0 91 0 32 0 80 44 30 0 19 0 
0 0 15 86 0 0 0 0 0 84 44 0 84 0 0 77 0 0 71 0 0 0 0 75 0 0 0 41 0 0 0 0 0 1 91 57 56 45 19 1 37 82 60 22 0 97 78 0 91 0 0 0 6 68 0 0 95 0 0 0 7 0 0 0 29 0 0 47 0 51 0 0 0 16 0 0 62 62 2 0 0 26 0 61 0 40 0 29 0 0 0 53 75 0 0 0 0 0 0 96 
0 0 87 11 99 82 0 66 0 66 0 89 0 0 0 32 0 0 0 57 0 0 90 0 90 0 25 0 0 0 38 0 0 93 0 0 71 0 0 9 0 0 0 0 0 0 0 96 0 71 0 0 0 27 41 0 0 66 0 0 29 0 0 33 88 66 0 30 49 0 28 0 40 0 0 50 0 0 34 92 0 22 90 0 0 68 0 0 48 78 0 0 93 0 0 0 0 68 0 50 
1 6 0 20 15 0 0 66 0 49 0 0 0 77 75 6 0 0 99 0 0 29 0 67 0 95 0 82 60 2 79 1 93 0 0 42 0 0 77 91 21 46 1 11 15 0 0 94 0 0 80 7 0 99 75 0 89 0 0 20 75 0 0 0 0 85 17 0 65 30 0 0 0 0 0 31 51 0 0 71 0 12 0 0 88 63 0 47 0 0 36 0 0 0 59 0 0 93 95 0 
0 0 0 0 0 38 0 0 81 41 0 93 0 41 0 0 0 80 3 53 0 0 71 0 92 0 0 0 0 0 0 91 0 0 0 0 57 0 0 0 0 95 81 93 0 91 0 0 0 35 0 0 0 74 0 92 30 0 0 52 0 63 41 88 43 0 77 0 0 70 0 99 0 0 0 0 91 99 0 85 0 99 0 0 49 0 44 82 65 0 0 15 22 0 68 0 60 64 85 0 
0 0 53 51 0 88 0 91 54 0 0 69 35 0 0 0 23 85 27 0 0 38 0 0 0 0 0 52 0 0 0 57 0 42 0 0 0 73 0 0 0 0 0 74 81 0 0 93 11 80 56 0 0 35 73 94 0 0 59 0 52 0 0 0 0 51 68 10 0 0 0 0 0 8 0 0 90 0 0 64 72 0 0 18 0 26 52 58 0 0 0 90 0 0 0 16 0 32 0 0 
0 18 0 0 0 0 60 24 0 78 9 17 27 0 0 0 0 0 19 0 34 79 0 0 74 83 47 0 0 57 0 56 71 0 57 0 0 57 0 0 0 0 38 0 0 52 8 0 25 0 0 0 74 0 84 52 0 44 0 85 0 0 40 0 0 0 0 0 0 0 29 0 0 5 11 97 89 0 0 67 0 0 1 0 0 0 15 64 91 0 89 0 0 24 0 6 0 0 0 12 
0 0 36 33 52 43 0 0 0 0 0 56 0 0 13 72 58 0 0 0 0 0 0 0 0 75 18 0 29 85 0 45 0 0 0 73 57 0 13 0 0 52 0 79 0 0 75 0 60 12 0 0 31 7 0 0 11 0 0 0 66 11 20 0 66 0 3 72 0 0 85 0 36 53 0 24 0 69 24 96 25 23 0 49 0 0 47 60 0 0 0 25 67 0 0 0 72 0 73 25 
0 0 0 75 0 6 0 100 0 36 60 0 0 66 0 0 0 0 0 0 0 0 0 8 0 20 91 0 5 0 0 19 0 77 0 0 0 13 0 0 84 0 88 95 0 75 0 11 50 0 0 98 0 17 0 0 77 0 73 0 73 0 0 0 0 0 0 0 78 41 0 28 44 69 22 0 0 0 64 59 0 70 0 0 0 0 0 0 0 0 44 1 11 73 0 0 95 0 0 0 
0 39 0 0 95 0 0 0 0 0 51 66 67 3 0 0 0 18 0 98 0 31 73 15 0 0 73 52 15 0 0 1 9 91 0 0 0 0 0 0 80 0 5 50 0 7 0 0 45 0 43 0 0 0 16 0 0 5 0 0 0 0 0 38 0 0 40 62 87 70 37 66 0 0 37 69 0 77 0 0 21 40 94 0 72 0 44 47 63 84 0 12 0 0 0 10 87 54 0 0 
81 0 73 86 100 69 0 0 63 0 0 0 88 0 93 41 0 58 0 0 97 0 20 0 30 0 33 0 0 56 0 37 0 21 0 0 0 0 84 80 0 0 0 24 4 43 25 0 40 0 0 0 52 15 0 0 0 0 0 0 68 0 96 0 0 34 10 80 84 59 0 94 54 44 24 0 0 7 84 0 0 0 0 42 85 0 10 85 42 0 0 0 89 71 13 75 13 82 0 0 
0 0 0 0 17 20 0 0 42 68 55 83 0 0 44 0 0 0 97 0 70 35 0 0 12 67 36 75 79 19 89 82 0 46 95 0 0 52 0 0 0 0 0 80 31 79 86 47 0 41 76 46 90 36 0 0 0 0 0 0 0 18 83 0 70 0 18 0 0 29 0 0 98 0 29 75 0 39 0 0 0 0 0 0 30 0 7 81 0 0 18 5 13 0 36 57 51 68 0 0 
18 0 0 0 6 26 0 0 0 9 91 42 0 0 0 31 14 95 0 31 56 0 0 45 3 28 42 19 0 52 0 60 0 1 81 0 38 0 88 5 0 0 0 68 0 85 0 17 0 0 89 0 25 0 0 0 0 24 0 1 0 59 0 0 0 0 43 0 0 0 32 38 0 96 57 0 51 76 13 0 27 0 83 0 40 0 21 10 2 0 33 0 99 0 86 3 0 0 16 0 
0 35 13 0 0 0 0 0 29 0 0 0 0 26 0 60 9 97 83 46 62 23 50 0 0 98 0 0 6 2 45 22 0 11 93 74 0 79 95 50 24 80 68 0 61 21 82 11 0 0 0 0 0 48 24 86 0 0 22 13 97 0 0 100 0 2 0 0 0 30 0 0 0 54 0 0 61 19 43 21 0 90 0 59 0 0 50 0 0 0 0 0 0 0 7 0 77 0 0 63 
43 0 55 72 0 0 0 31 76 39 0 0 0 0 0 0 0 18 0 0 83 40 19 0 0 0 36 0 32 59 92 0 0 15 0 81 0 0 0 0 4 31 0 61 0 0 0 0 0 24 0 38 0 0 54 72 0 0 0 77 0 0 18 0 29 1 0 73 0 0 0 64 0 66 0 11 0 0 0 0 1 12 0 98 31 44 0 0 0 0 63 0 58 0 0 0 0 46 30 0 
90 0 72 2 0 0 22 0 52 0 0 0 0 70 0 0 96 0 0 0 0 0 4 90 0 47 0 0 0 0 0 97 0 0 91 0 52 0 75 7 43 79 85 21 0 0 4 33 63 0 0 0 0 0 26 0 99 0 58 43 43 0 0 62 0 6 0 72 0 0 80 26 0 76 6 0 0 0 50 35 0 0 0 63 5 0 0 0 0 0 0 0 0 52 0 0 73 32 0 0 
25 79 0 5 90 0 0 0 33 0 20 77 74 0 59 25 94 16 0 0 0 0 0 0 0 37 95 0 38 0 0 78 0 0 0 0 8 75 0 0 25 86 0 82 0 4 0 91 20 0 0 0 68 0 45 20 68 0 49 0 57 0 25 0 0 89 0 85 62 18 29 7 0 61 0 0 0 31 0 0 0 0 37 0 85 83 0 10 54 28 58 0 87 45 72 0 0 0 1 0 
0 58 96 0 10 0 43 0 0 0 0 57 0 75 0 0 0 24 17 39 0 94 0 0 0 0 93 24 0 7 67 0 96 94 0 93 0 0 11 0 0 47 17 11 0 33 91 0 44 61 0 0 92 0 0 4 0 45 0 0 0 0 78 57 0 29 0 92 64 32 0 70 0 18 69 26 78 0 61 0 0 59 0 68 62 66 0 0 0 0 0 79 0 0 66 74 51 44 0 72 
98 92 36 0 0 0 0 0 81 0 72 0 0 34 90 0 0 48 72 0 98 8 10 0 42 0 27 0 0 8 0 91 0 0 0 11 25 60 50 45 40 0 0 0 0 63 20 44 0 24 0 0 43 81 63 32 62 0 0 83 0 70 0 96 0 0 0 9 0 0 0 0 0 47 70 90 0 47 3 76 0 0 0 0 55 91 46 1 0 0 53 0 26 0 0 28 0 11 0 77 
14 0 0 92 0 0 8 15 0 34 27 62 0 90 0 0 42 0 33 0 0 0 28 12 55 22 0 0 0 0 0 0 71 0 35 80 0 12 0 0 0 41 0 0 24 0 0 61 24 0 47 0 0 85 0 46 0 0 20 87 43 0 0 41 94 0 0 19 0 21 0 22 0 39 22 0 0 50 15 0 4 77 48 84 8 100 0 56 0 53 0 0 0 39 85 70 18 0 0 70 
0 41 37 0 0 80 0 0 30 13 4 14 74 39 0 0 0 0 0 55 85 92 72 0 22 59 0 0 51 72 31 0 0 80 0 56 0 0 0 43 0 76 89 0 0 0 0 0 0 47 0 0 0 0 50 14 13 0 0 0 99 79 0 65 0 0 60 78 72 0 64 0 53 51 0 0 10 0 0 47 21 0 0 13 0 0 0 24 0 0 0 83 0 68 0 50 72 0 0 0 
59 0 77 0 57 0 96 69 0 70 86 16 92 0 0 0 0 0 0 0 40 96 66 27 82 12 0 16 0 0 0 0 0 7 0 0 0 0 98 0 0 46 0 0 38 0 0 0 0 0 0 0 90 63 0 0 65 0 0 42 0 28 0 0 91 9 31 37 0 0 0 0 0 0 0 0 0 0 0 0 0 17 0 81 0 0 0 70 13 19 19 0 77 0 0 0 0 91 0 0 
0 45 0 24 0 28 0 27 7 0 30 0 0 70 0 0 64 39 83 0 0 0 0 0 99 55 0 0 0 0 97 6 0 0 0 0 74 31 0 0 52 90 25 0 0 0 68 92 43 0 0 90 0 0 0 61 0 0 0 0 43 0 18 78 0 73 0 38 0 2 22 0 7 57 0 10 0 7 87 0 72 0 72 3 42 16 0 0 0 27 0 0 0 34 61 12 0 0 54 47 
49 19 91 91 0 0 0 0 0 0 0 0 62 0 38 0 78 30 64 0 0 47 52 0 85 19 0 9 0 72 0 68 27 99 74 35 0 7 17 0 15 36 0 48 0 0 0 0 81 85 0 63 0 0 0 46 38 42 100 15 0 86 0 17 0 0 0 42 0 0 0 24 0 80 0 0 22 0 0 74 56 40 19 0 0 0 0 79 0 15 0 0 24 70 92 19 0 0 26 0 
29 0 0 0 0 0 97 50 76 0 0 25 31 16 13 100 83 0 0 0 0 0 0 64 0 12 0 68 36 0 0 0 41 75 0 73 84 0 0 16 0 0 0 24 54 26 45 0 63 0 50 0 0 0 0 0 86 0 0 48 86 0 77 5 0 45 91 31 0 8 0 0 0 100 26 95 94 0 0 0 0 0 0 0 25 0 4 99 97 0 0 65 0 0 0 10 0 0 0 0 
43 0 97 68 34 25 0 97 0 0 87 0 0 35 0 0 99 11 62 59 0 84 18 0 0 86 69 97 40 75 88 0 0 0 92 94 52 0 0 0 0 0 0 86 72 0 20 4 32 46 14 0 61 46 0 0 0 55 0 57 61 0 25 28 0 0 0 0 0 66 0 47 0 0 44 0 0 65 38 6 0 26 0 0 0 0 0 89 0 0 1 0 0 0 64 82 23 74 0 0 
0 82 99 41 0 70 0 0 0 0 9 0 74 0 0 0 0 0 0 0 0 0 0 0 0 0 72 0 0 0 13 95 0 89 30 0 0 11 77 0 0 0 0 0 0 99 68 0 62 0 13 65 0 38 86 0 0 0 0 0 0 0 100 0 15 57 53 78 0 0 1 0 0 19 33 0 23 38 34 0 67 80 0 0 0 0 0 0 0 0 0 53 0 0 13 14 0 4 0 0 
0 0 7 0 80 0 0 0 0 73 89 0 23 0 0 0 14 0 0 0 44 0 0 11 0 0 73 0 11 76 0 0 66 0 0 0 44 0 0 5 0 0 24 0 0 0 0 45 0 0 0 0 0 42 0 55 0 0 18 20 0 12 45 15 0 89 0 94 0 5 0 0 71 0 22 0 64 0 0 0 0 84 0 55 48 0 0 57 33 0 38 0 99 0 23 0 0 0 0 48 
0 0 91 0 88 38 0 59 0 0 0 0 0 0 0 0 0 24 0 0 91 64 36 47 0 0 0 0 0 0 49 0 0 0 0 59 0 0 73 0 0 0 0 22 0 58 49 0 0 20 0 0 0 100 0 0 0 18 0 0 0 0 0 0 49 88 33 0 0 0 0 0 14 0 0 0 0 0 52 0 0 0 0 0 0 30 0 0 31 0 0 0 0 58 5 0 14 90 47 43 
96 0 6 0 0 86 0 0 0 0 68 90 0 0 3 0 46 56 58 0 0 75 0 0 45 0 67 0 34 0 0 0 0 20 52 0 85 0 0 0 0 0 1 13 77 43 0 0 83 87 0 42 0 15 48 57 0 20 0 0 0 95 0 0 0 6 6 65 58 86 0 0 0 88 50 16 0 38 0 25 50 39 0 97 0 6 69 86 0 15 56 17 0 74 0 72 0 27 0 0 
100 11 83 23 0 0 0 18 96 0 0 93 0 10 0 0 0 0 67 0 35 89 0 0 76 0 0 96 0 18 0 7 29 75 0 52 0 66 73 0 68 0 0 97 0 43 57 0 0 43 99 0 43 0 86 61 0 0 0 0 0 54 0 0 0 0 0 4 0 64 0 9 98 0 0 0 0 59 46 0 0 53 0 0 0 0 57 0 0 0 69 0 16 0 0 36 79 36 61 55 
85 35 93 0 44 35 0 0 0 0 67 24 69 10 36 0 83 3 0 45 0 28 18 0 86 0 36 93 0 0 28 0 0 0 63 0 0 11 0 0 0 18 59 0 0 0 0 0 70 0 79 28 0 86 0 0 0 12 0 95 54 0 0 0 0 0 21 0 5 0 67 89 0 0 58 76 0 0 0 0 0 0 0 0 0 0 65 0 0 94 0 0 0 0 9 0 0 38 10 0 
36 0 0 0 0 0 0 22 0 0 0 0 0 0 48 71 0 93 0 28 0 39 0 0 42 0 15 82 20 89 57 0 0 0 41 0 40 20 0 0 96 83 0 0 18 0 25 78 0 0 0 0 18 0 77 25 100 45 0 0 0 0 0 0 0 0 1 0 51 0 0 99 88 23 0 78 0 0 0 23 0 0 75 13 43 89 0 45 0 0 0 0 83 24 0 91 89 0 69 0 
0 0 0 0 0 0 0 0 69 52 9 57 0 79 0 0 0 49 0 0 0 0 0 50 0 0 0 42 67 0 9 0 33 0 88 0 0 0 0 38 0 0 0 100 0 62 0 57 96 41 65 0 78 17 5 28 0 15 0 0 0 0 0 0 0 37 80 0 0 57 0 4 0 32 80 0 0 98 90 0 83 0 23 0 0 0 0 0 6 0 51 0 91 0 0 61 40 0 73 0 
0 24 71 39 0 41 80 58 0 0 56 0 17 0 74 0 20 89 0 28 53 0 35 39 93 0 35 4 58 42 63 29 88 0 43 0 0 66 0 0 0 70 0 0 29 0 0 0 0 94 0 91 0 0 0 0 15 0 49 0 0 0 0 0 0 0 100 0 0 0 0 98 0 0 0 1 0 0 67 0 18 0 12 0 21 0 0 77 0 0 17 64 74 0 0 0 66 0 9 0 
0 16 0 0 38 61 15 0 17 0 44 0 0 0 0 9 7 0 0 0 53 41 3 0 0 0 0 0 69 0 38 0 66 85 0 51 0 0 0 0 34 0 0 2 1 6 89 29 0 0 0 9 73 0 45 0 57 89 88 6 0 0 0 37 0 0 0 0 68 32 0 0 0 43 46 37 0 18 0 0 16 0 59 0 0 29 53 5 0 0 0 0 94 23 20 0 6 0 80 0 
0 0 0 55 0 0 7 0 0 41 43 0 35 0 56 0 0 0 0 0 0 0 87 0 0 19 83 4 80 0 12 0 0 17 77 68 0 3 0 40 10 18 43 0 0 0 0 0 0 0 60 31 0 0 91 0 53 0 33 6 0 21 1 80 100 0 0 49 0 0 70 0 17 82 0 0 0 78 50 0 9 32 66 0 62 94 0 55 0 93 4 21 0 0 92 0 0 10 0 45 
58 0 0 0 0 0 52 0 31 0 57 0 37 0 0 0 0 93 40 0 0 0 91 0 0 0 0 29 59 65 0 47 30 0 0 10 0 72 0 62 80 0 0 0 73 72 85 92 9 19 78 37 38 42 31 0 78 94 0 65 4 0 0 0 0 0 49 0 69 87 0 50 0 9 0 82 0 6 78 0 0 32 0 0 24 0 0 0 0 85 54 0 7 79 0 0 28 0 66 0 
0 0 14 62 0 0 0 0 100 0 45 0 63 0 88 0 95 69 22 0 0 60 0 0 0 0 0 0 0 0 0 0 49 65 0 0 0 0 78 87 84 0 0 0 0 0 62 64 0 0 72 0 0 0 0 0 0 0 0 58 0 5 51 0 0 68 0 69 0 97 11 52 48 11 77 0 34 0 0 0 0 98 0 63 0 87 0 35 34 0 0 13 31 72 63 94 0 0 73 0 
0 0 0 34 0 33 0 77 0 0 0 0 0 0 0 0 94 0 57 5 0 38 0 0 0 0 20 38 97 88 65 51 0 30 70 0 0 0 41 70 59 29 0 30 0 0 18 32 0 21 0 0 2 0 8 66 0 5 0 86 64 0 0 57 0 32 0 87 97 0 0 50 0 0 18 79 0 0 0 0 0 0 0 0 25 67 0 0 21 0 87 5 0 40 0 0 21 0 0 33 
0 91 0 0 95 0 18 74 5 83 36 69 0 90 81 0 34 0 0 16 79 68 49 0 0 80 22 81 10 14 35 0 28 0 0 0 29 85 0 37 0 0 32 0 0 80 29 0 0 0 64 0 22 0 0 0 1 0 0 0 0 67 0 0 0 0 70 0 11 0 0 0 80 0 0 0 20 29 64 0 99 0 0 56 56 0 2 0 63 0 0 0 0 0 0 0 34 0 69 0 
0 0 0 0 0 0 0 0 45 0 14 19 44 84 10 0 75 0 23 52 49 0 27 0 0 8 0 0 0 0 19 0 0 0 99 0 0 0 28 66 94 0 38 0 64 26 7 70 0 22 0 0 0 24 0 47 0 0 0 0 9 89 99 4 98 0 0 50 52 50 0 0 64 37 0 46 38 13 0 0 0 68 0 0 1 43 66 0 0 29 0 70 0 50 0 0 77 0 56 6 
44 15 0 0 22 66 0 0 90 16 34 85 60 0 13 0 66 0 76 0 57 0 0 24 0 0 0 33 0 61 89 0 40 0 0 0 0 36 44 0 54 98 0 0 0 0 0 0 0 0 53 0 7 0 0 0 0 71 14 0 98 0 88 0 0 0 17 0 48 0 80 64 0 61 77 99 18 15 56 0 0 12 0 62 0 0 0 33 0 57 0 38 86 0 16 0 31 45 0 0 
0 45 0 4 0 0 0 88 0 0 48 1 56 39 52 32 0 22 12 87 0 0 0 0 20 0 84 0 0 0 42 16 0 0 0 8 5 53 69 0 44 0 96 54 66 76 61 18 47 39 51 0 57 80 100 0 19 0 0 88 0 0 23 32 0 43 82 9 11 0 0 37 61 0 9 0 0 50 0 0 57 0 31 0 0 0 0 0 0 81 0 0 0 0 0 0 49 0 74 0 
4 0 0 0 79 0 9 0 79 0 78 0 12 41 0 0 0 90 20 66 0 0 0 32 0 82 0 0 28 0 0 0 0 0 0 0 11 0 22 37 24 29 57 0 0 6 0 69 70 22 0 0 0 0 26 44 33 22 0 50 0 58 0 80 0 46 0 0 77 18 0 0 77 9 0 44 8 0 90 0 52 99 39 25 0 0 80 0 0 0 32 64 0 0 0 0 7 0 0 0 
37 74 0 0 0 0 39 75 0 74 0 0 23 0 43 0 38 0 65 6 0 0 0 0 0 0 0 0 28 61 24 0 50 31 0 0 97 24 0 69 0 75 0 0 11 0 0 26 90 0 0 0 10 0 95 0 0 0 0 16 0 76 78 0 1 37 0 82 0 79 0 46 99 0 44 0 23 0 0 0 24 22 80 0 0 0 89 0 24 44 0 0 23 0 0 0 29 81 0 0 
97 0 0 0 0 76 21 72 0 23 15 4 47 0 0 0 41 0 13 0 28 19 32 74 0 81 73 23 0 9 42 62 0 51 91 90 89 0 0 0 0 0 51 61 0 0 0 78 0 0 10 0 0 22 94 0 23 64 0 0 0 0 0 0 0 0 0 0 34 0 20 38 18 0 8 23 0 0 78 0 0 7 0 0 0 0 58 0 27 67 61 37 0 73 0 16 77 0 25 98 
10 0 0 68 0 0 67 0 34 0 2 0 39 0 0 93 0 0 52 65 4 5 0 0 0 0 22 22 73 0 40 62 0 0 99 0 0 69 0 77 7 39 76 19 0 0 31 0 47 50 0 0 7 0 0 65 38 0 0 38 59 0 0 98 0 18 78 6 0 0 29 13 15 50 0 0 0 0 0 0 0 0 79 40 74 3 17 22 0 0 0 0 0 0 0 0 99 42 31 0 
0 0 95 0 63 0 0 0 0 19 2 26 0 94 0 0 81 8 0 0 0 56 0 28 98 0 0 24 100 19 0 2 34 0 0 0 0 24 64 0 84 0 13 43 0 50 0 61 3 15 0 0 87 0 0 38 34 0 52 0 46 0 0 90 67 0 50 78 0 0 64 0 56 0 90 0 78 0 0 0 76 11 0 56 74 0 0 95 0 37 0 61 10 20 0 80 0 0 3 0 
0 0 19 0 78 83 0 40 0 89 84 56 64 41 0 19 0 0 13 17 83 0 0 0 74 10 32 0 9 0 60 0 92 71 85 64 67 96 59 0 0 0 0 21 0 35 0 0 76 0 47 0 0 74 0 6 0 0 0 25 0 0 23 0 0 0 0 0 0 0 0 0 0 0 0 0 0 0 0 0 72 0 0 0 63 1 43 0 0 43 0 0 83 48 0 45 0 0 0 33 
35 81 0 97 0 26 0 0 0 0 0 0 0 0 0 97 0 0 0 4 36 0 0 0 23 65 11 20 27 0 0 0 0 0 0 72 0 25 0 21 0 0 27 0 1 0 0 0 0 4 21 0 72 56 0 0 67 0 0 50 0 0 0 83 18 16 9 0 0 0 99 0 0 57 52 24 0 0 76 72 0 0 0 23 0 0 0 46 0 0 0 95 0 0 1 7 76 0 61 56 
18 0 0 0 0 91 14 0 0 55 0 0 0 0 0 98 87 46 90 0 0 0 0 0 62 0 0 0 0 31 0 26 22 12 99 0 0 23 70 40 0 0 0 90 12 0 0 59 0 77 0 17 0 40 0 26 80 84 0 39 53 0 0 0 0 0 32 32 98 0 0 68 12 0 99 22 7 0 11 0 0 0 0 0 35 5 84 10 53 13 0 0 0 83 49 39 72 61 86 80 
0 0 41 28 0 0 11 0 5 0 0 33 0 0 0 0 0 0 0 67 0 70 0 0 0 0 0 0 0 0 46 0 90 0 0 0 1 0 0 94 0 0 83 0 0 0 37 0 0 48 0 0 72 19 0 0 0 0 0 0 0 0 75 23 12 59 66 0 0 0 0 0 0 31 39 80 0 79 0 0 0 0 0 12 95 0 0 13 56 0 0 0 0 12 0 95 0 0 0 0 
0 93 21 62 31 38 52 0 0 0 34 11 0 0 0 57 0 89 24 60 0 0 20 0 22 0 78 33 0 95 0 61 0 0 0 18 0 49 0 0 42 0 0 59 98 63 0 68 0 84 13 81 3 0 0 0 0 55 0 97 0 0 13 0 0 0 0 0 63 0 56 0 62 0 25 0 0 40 56 0 23 0 12 0 48 65 65 0 56 94 0 0 38 0 97 28 35 0 0 85 
2 0 0 0 0 7 0 0 39 0 0 52 43 77 0 99 0 71 14 45 0 53 0 0 6 0 3 0 0 0 63 0 0 88 49 0 0 0 0 72 85 30 40 0 31 5 85 62 55 8 0 0 42 0 25 0 0 48 0 0 0 0 43 0 21 0 62 24 0 25 56 1 0 0 0 0 0 74 74 63 0 35 95 48 0 0 71 0 0 6 71 27 0 99 0 0 0 45 0 0 
37 83 90 87 35 0 0 5 0 0 98 0 0 0 0 74 0 0 68 46 0 0 61 0 0 85 0 88 0 0 24 40 68 63 0 26 0 0 0 0 0 0 0 0 44 0 83 66 91 100 0 0 16 0 0 0 0 0 30 6 0 0 89 0 0 29 94 0 87 67 0 43 0 0 0 0 0 3 0 1 0 5 0 65 0 0 0 8 0 0 0 32 8 0 87 0 67 34 0 0 
0 95 0 0 29 0 0 28 51 0 0 0 100 0 11 52 6 48 0 5 28 0 91 0 100 0 36 59 0 68 1 0 0 0 44 52 15 47 0 44 10 7 21 50 0 0 0 0 46 0 0 0 0 0 4 0 0 0 0 69 57 65 0 0 0 53 0 0 0 0 2 66 0 0 80 89 58 17 0 43 0 84 0 65 71 0 0 36 83 0 0 0 0 0 0 0 0 8 0 17 
0 0 0 0 0 64 0 26 0 0 93 0 74 52 67 0 44 0 0 0 77 0 0 0 0 0 0 98 73 72 0 29 0 47 82 58 64 60 0 47 85 81 10 0 0 0 10 0 1 56 24 70 0 79 99 89 0 57 0 86 0 0 45 0 77 5 55 0 35 0 0 0 33 0 0 0 0 22 95 0 46 10 13 0 0 8 36 0 8 0 0 8 0 0 56 0 97 93 0 50 
41 3 0 96 52 0 0 96 34 0 0 70 13 15 71 90 0 91 0 55 7 0 0 73 0 19 0 50 0 0 0 0 48 0 65 0 91 0 0 63 42 0 2 0 0 0 54 0 0 0 0 13 0 0 97 0 0 33 31 0 0 0 0 6 0 0 0 0 34 21 63 0 0 0 0 24 27 0 0 0 0 53 56 56 0 0 83 8 0 90 100 0 96 0 41 37 0 0 89 18 
63 0 68 0 0 0 0 0 90 0 41 14 4 0 0 0 75 0 0 0 0 0 0 0 61 0 0 31 0 0 0 0 78 0 0 0 0 0 0 84 0 0 0 0 0 0 28 0 0 53 0 19 27 15 0 0 0 0 0 15 0 94 0 0 0 0 93 85 0 0 0 29 57 81 0 44 67 0 37 43 0 13 0 94 6 0 0 0 90 0 0 67 0 78 0 0 0 0 71 0 
75 13 0 0 0 70 0 43 0 55 56 0 0 84 6 65 0 0 0 85 8 0 72 38 0 61 55 0 0 80 91 0 0 36 0 0 89 0 44 0 0 18 33 0 63 0 58 0 53 0 0 19 0 0 0 1 0 38 0 56 69 0 0 51 17 0 4 54 0 87 0 0 0 0 32 0 61 0 0 0 0 0 0 0 71 0 0 0 100 0 0 0 82 53 0 2 45 0 0 38 
0 61 0 23 0 13 0 98 25 35 12 18 13 32 0 0 0 0 0 0 61 86 52 25 0 0 0 0 59 0 0 53 0 0 15 90 0 25 1 12 0 5 0 0 0 0 0 79 0 0 83 0 0 0 65 0 53 0 0 17 0 0 0 0 64 0 21 0 13 5 0 70 38 0 64 0 37 0 61 0 95 0 0 0 27 32 0 8 0 67 0 0 0 4 0 0 0 0 34 24 
0 0 0 0 0 0 0 0 0 0 42 0 0 0 36 0 20 0 27 0 77 0 0 0 88 15 60 0 0 75 32 75 93 0 22 0 0 67 11 0 89 13 99 0 58 0 87 0 26 0 0 77 0 24 0 0 0 99 0 0 16 0 83 91 74 94 0 7 31 0 0 0 86 0 0 23 0 0 10 83 0 0 0 38 0 8 0 0 96 0 82 0 0 83 0 0 50 0 68 54 
0 0 0 91 0 0 0 0 29 0 35 0 0 69 0 39 90 0 83 17 0 0 0 0 0 91 9 0 3 0 0 0 0 0 0 0 24 0 73 0 71 0 0 0 0 52 45 0 0 39 68 0 34 70 0 0 0 0 58 74 0 0 24 0 0 23 0 79 72 40 0 50 0 0 0 0 73 0 20 48 0 83 12 0 99 0 0 0 0 78 53 4 83 0 3 0 84 0 65 0 
0 36 37 0 0 0 0 26 97 32 0 50 36 0 99 0 0 98 0 0 0 0 40 0 59 46 0 0 0 23 80 0 0 59 68 0 0 0 0 0 13 36 86 7 0 0 72 66 0 85 0 0 61 92 0 64 13 23 5 0 0 9 0 0 0 20 92 0 63 0 0 0 16 0 0 0 0 0 0 0 1 49 0 97 0 87 0 56 41 0 0 0 0 3 0 0 7 0 0 0 
2 0 30 0 0 82 0 22 54 32 0 0 0 0 68 7 91 15 93 95 0 99 62 0 11 0 0 74 0 18 44 0 0 0 0 16 6 0 0 10 75 57 3 0 0 0 0 74 28 70 50 0 12 19 10 82 14 0 0 72 36 0 91 61 0 0 0 0 94 0 0 0 0 0 0 0 16 0 80 45 7 39 95 28 0 0 0 0 37 0 2 0 0 0 0 0 0 35 3 96 
0 0 0 86 10 75 98 0 10 0 0 45 0 39 0 0 0 0 0 1 0 0 35 0 0 0 29 0 0 0 30 0 0 0 60 0 0 72 95 87 13 51 0 77 0 73 0 51 0 18 72 0 0 0 0 23 0 0 14 0 79 0 89 40 66 6 0 28 0 21 34 77 31 49 7 29 77 99 0 0 76 72 0 35 0 67 0 97 0 0 45 0 50 84 7 0 0 32 0 0 
0 0 39 0 24 0 0 0 0 0 15 0 75 74 0 0 40 57 0 0 0 0 89 0 0 48 0 0 0 0 0 0 68 93 64 32 0 0 0 54 82 68 0 0 46 32 0 44 11 0 0 91 0 0 0 74 4 0 90 27 36 38 0 0 0 0 10 0 0 0 0 0 45 0 0 81 0 42 0 0 0 61 0 0 45 34 8 93 0 0 0 0 0 0 0 35 32 0 0 0 
93 60 26 0 0 98 0 11 6 89 0 98 74 21 91 0 0 70 0 77 66 42 0 80 0 0 0 0 0 82 19 0 0 95 85 0 0 73 0 0 0 0 16 0 30 0 1 0 0 0 0 0 54 26 0 0 0 0 47 0 61 10 69 73 9 80 0 66 73 0 69 56 0 74 0 0 25 31 3 0 61 86 0 0 0 0 0 0 89 71 0 34 68 65 0 3 0 0 0 18 
0 79 0 75 16 0 0 43 51 95 0 79 0 50 33 33 70 0 0 0 18 32 45 30 67 93 0 0 36 0 0 96 50 0 0 0 12 25 0 0 0 0 0 63 0 0 0 72 77 70 0 0 47 0 0 0 0 48 43 0 55 0 0 0 0 0 45 0 0 33 0 6 0 0 0 0 98 0 0 33 56 80 0 85 0 0 17 50 18 0 38 24 54 0 0 96 0 0 18 0 
