0 0 0 0 0 11 0 0 91 0 0 0 0 0 61 0 0 0 0 0 0 0 0 0 0 39 0 0 0 59 0 0 0 0 0 0 0 0 0 50 0 0 0 0 0 0 0 0 0 0 0 0 0 0 0 0 0 28 70 0 0 0 0 0 0 0 0 0 0 0 0 0 0 0 0 0 0 0 0 0 0 0 22 0 0 92 0 0 0 0 0 0 0 0 0 0 0 0 0 0 
0 0 0 0 0 0 0 0 0 0 0 0 0 0 0 0 0 0 0 0 0 0 0 0 0 0 0 58 0 6 0 0 0 51 0 22 0 0 0 0 43 0 0 0 32 0 0 0 0 0 0 42 0 0 79 0 0 0 0 0 0 0 0 0 0 0 0 0 0 0 0 0 0 0 0 0 0 0 0 0 0 0 63 0 0 0 0 0 0 0 0 0 0 0 0 32 0 0 0 0 
0 0 0 0 0 0 0 0 0 0 32 0 65 0 0 0 0 0 0 0 0 35 0 0 100 75 28 0 0 0 0 0 0 0 0 0 0 0 0 0 0 0 0 0 18 1 0 0 0 0 0 0 0 0 74 0 0 93 0 0 0 0 0 0 0 0 0 0 0 0 0 0 0 23 0 0 0 98 0 0 0 0 0 0 0 0 0 0 0 0 0 0 0 0 0 0 0 0 0 0 
0 0 0 0 0 0 0 0 0 0 0 0 0 0 0 0 0 16 0 0 0 0 0 41 0 0 0 32 0 0 0 57 0 0 27 0 0 0 0 0 0 0 0 0 0 0 0 0 0 0 0 0 0 0 0 0 0 0 0 0 0 0 0 0 36 23 0 0 0 14 0 0 0 0 54 0 0 0 0 0 0 0 80 0 66 0 0 0 38 0 77 0 0 0 0 0 0 0 0 0 
0 0 0 0 0 0 0 0 0 0 0 0 0 0 0 0 0 47 0 0 0 0 0 0 0 0 0 19 0 0 0 66 0 0 0 0 0 0 0 0 0 0 0 0 93 0 0 75 0 0 0 61 98 0 0 0 0 0 0 0 0 0 62 0 0 0 21 0 0 0 0 0 0 0 0 0 0 0 0 0 0 0 0 0 0 99 66 0 87 0 0 0 0 0 0 0 7 0 0 0 
11 0 0 0 0 0 0 0 0 0 93 0 0 0 0 0 0 0 0 0 0 0 0 0 0 0 0 78 0 0 0 0 0 0 0 0 0 0 0 0 0 0 0 0 0 0 0 20 0 0 0 0 0 0 0 56 0 0 0 0 0 0 0 0 0 0 0 0 0 0 0 0 0 0 14 0 0 0 0 0 0 0 0 0 0 34 0 0 0 0 0 0 0 0 0 0 0 0 0 81 
0 0 0 0 0 0 0 0 0 0 0 0 0 0 0 0 0 0 0 92 0 0 0 0 0 0 0 0 0 0 0 0 72 0 95 0 0 92 0 0 0 0 0 0 0 0 0 0 0 0 0 0 0 0 0 50 0 0 28 0 0 0 0 0 3 0 0 0 0 0 0 0 0 0 0 0 0 0 0 0 0 0 0 0 0 0 0 0 0 0 0 0 0 19 0 0 0 0 0 0 
0 0 0 0 0 0 0 0 0 0 0 0 0 22 0 0 0 0 0 6 0 0 0 0 0 86 0 0 0 0 0 0 0 0 0 0 0 0 0 0 0 32 0 0 0 49 0 0 0 92 0 0 71 0 0 0 0 0 0 0 0 0 0 71 0 0 0 0 93 71 0 0 0 0 0 0 0 17 0 0 46 0 97 0 0 20 78 0 0 0 0 0 0 0 0 0 0 0 0 0 
91 0 0 0 0 0 0 0 0 0 0 0 0 0 0 0 0 0 0 0 0 0 0 0 0 0 0 0 0 0 0 60 74 0 0 9 0 0 0 0 0 0 0 0 40 0 0 0 0 0 0 0 0 0 0 0 0 0 0 0 0 0 0 0 0 0 0 0 0 0 0 0 0 0 0 0 0 0 0 0 0 0 0 0 0 0 0 73 0 0 0 0 0 0 0 50 0 0 11 0 
0 0 0 0 0 0 0 0 0 0 0 0 0 0 0 0 0 0 0 0 0 0 0 0 0 0 0 35 0 0 0 0 0 31 0 0 0 0 0 100 0 0 0 0 0 0 0 0 0 0 0 0 0 0 0 0 0 0 0 0 0 0 0 0 0 0 13 0 0 0 19 69 57 42 35 0 0 0 0 0 0 86 0 0 0 0 0 0 0 0 0 86 0 29 0 0 0 0 0 0 
0 0 32 0 0 93 0 0 0 0 0 0 0 0 0 0 0 0 0 0 0 0 0 0 0 0 0 0 0 0 0 0 0 0 0 0 0 0 0 66 0 0 0 0 0 0 0 35 65 0 0 0 0 0 0 0 0 0 0 0 0 0 0 0 0 0 86 0 0 38 0 0 0 0 0 52 0 0 51 0 94 0 0 0 0 24 0 0 95 0 0 0 0 0 0 0 0 0 0 0 
0 0 0 0 0 0 0 0 0 0 0 0 0 0 0 0 0 0 0 0 0 0 0 0 0 0 0 0 65 0 0 0 0 33 0 0 0 0 0 0 0 0 0 0 0 0 0 0 0 0 0 0 0 0 0 0 0 0 0 0 0 0 0 0 0 0 0 10 62 0 0 0 0 0 0 0 0 0 0 0 0 0 0 0 0 0 0 0 0 0 0 0 0 0 0 9 0 0 0 0 
0 0 65 0 0 0 0 0 0 0 0 0 0 87 0 0 0 0 82 0 0 0 0 0 0 0 0 0 79 0 28 0 0 0 0 0 0 0 0 0 0 0 0 0 0 0 0 39 0 0 0 77 0 0 0 0 0 0 0 0 0 0 0 0 0 67 0 79 0 41 0 0 17 0 0 0 0 0 0 0 0 0 0 0 99 0 0 0 0 92 0 0 0 0 0 86 14 0 0 0 
0 0 0 0 0 0 0 22 0 0 0 0 87 0 0 0 0 0 0 0 0 0 0 0 0 0 0 0 0 0 0 0 0 0 0 0 0 0 0 0 0 0 0 0 0 0 0 0 0 0 0 0 0 0 0 0 0 0 0 0 0 0 0 0 0 15 0 0 0 0 0 0 0 0 0 0 64 2 0 0 0 0 0 0 0 0 44 0 0 0 0 0 0 0 0 0 0 0 0 0 
61 0 0 0 0 0 0 0 0 0 0 0 0 0 0 0 0 51 0 0 0 0 0 93 0 0 0 0 0 0 0 0 0 0 0 79 0 0 0 0 0 0 0 0 0 0 0 0 0 0 0 0 0 0 0 0 0 0 0 0 0 0 0 0 0 0 78 0 0 0 0 0 0 0 0 0 0 0 0 0 0 0 0 0 19 0 0 0 5 0 0 0 0 0 0 33 0 0 0 0 
0 0 0 0 0 0 0 0 0 0 0 0 0 0 0 0 0 41 0 76 95 0 0 0 0 0 78 0 0 0 0 91 0 0 26 0 0 0 0 0 0 0 0 0 0 0 0 0 82 0 0 0 0 0 41 99 0 0 0 0 0 0 0 0 0 0 0 94 0 0 71 0 0 0 0 0 0 0 0 0 0 0 0 0 0 0 0 0 0 0 0 0 0 0 0 0 0 0 0 0 
0 0 0 0 0 0 0 0 0 0 0 0 0 0 0 0 0 67 0 0 0 0 0 0 0 90 0 0 47 78 0 0 0 0 55 0 0 0 0 0 0 2 60 0 0 0 27 0 19 0 79 0 0 0 0 0 0 0 0 9 0 0 0 84 0 0 0 0 0 0 0 0 0 0 0 0 0 0 0 0 0 0 0 0 0 0 0 0 0 32 0 0 0 0 0 0 59 0 0 0 
0 0 0 16 47 0 0 0 0 0 0 0 0 0 51 41 67 0 0 0 0 49 0 18 0 0 0 0 22 0 0 0 0 0 0 0 51 0 0 0 0 0 0 0 0 0 0 0 0 0 0 0 0 0 0 0 0 0 0 0 0 0 0 0 0 21 0 0 0 0 0 0 55 0 0 0 0 0 0 0 0 76 0 0 0 0 0 0 0 0 0 0 0 0 0 41 0 0 0 75 
0 0 0 0 0 0 0 0 0 0 0 0 82 0 0 0 0 0 0 0 73 0 0 0 0 0 0 0 0 0 0 0 50 0 0 53 0 0 0 0 0 0 0 0 0 0 0 0 0 0 0 0 0 0 0 0 0 0 0 0 0 0 0 0 0 0 0 0 0 0 0 0 0 0 0 0 0 0 0 0 0 0 0 0 0 0 0 0 0 0 0 0 0 54 0 0 0 0 80 0 
0 0 0 0 0 0 92 6 0 0 0 0 0 0 0 76 0 0 0 0 22 0 0 0 38 0 0 0 0 0 0 0 0 0 0 0 0 0 0 0 63 0 0 54 0 0 0 0 0 0 0 0 0 0 0 0 0 80 0 0 0 0 0 93 0 0 0 0 0 36 0 0 0 0 0 0 0 65 0 0 0 0 0 0 0 0 0 0 0 0 0 0 0 0 82 0 0 33 49 0 
0 0 0 0 0 0 0 0 0 0 0 0 0 0 0 95 0 0 73 22 0 70 0 0 59 0 0 0 0 0 0 0 0 0 0 0 0 0 0 0 0 0 14 0 20 85 0 0 0 0 0 0 0 0 0 0 0 0 0 0 0 0 0 0 0 0 0 0 0 0 0 0 0 0 0 0 0 0 0 0 0 51 0 14 0 0 0 0 44 0 0 0 0 0 0 0 0 0 0 0 
0 0 35 0 0 0 0 0 0 0 0 0 0 0 0 0 0 49 0 0 70 0 0 0 0 0 0 0 0 0 0 0 0 0 0 0 0 0 0 0 0 0 0 0 0 85 0 0 86 0 0 0 0 0 0 0 0 0 0 0 0 0 0 0 0 0 88 0 0 0 0 0 0 0 0 0 12 3 0 0 0 0 0 0 0 0 0 0 0 0 0 0 0 0 31 0 0 0 0 0 
0 0 0 0 0 0 0 0 0 0 0 0 0 0 0 0 0 0 0 0 0 0 0 0 0 0 0 0 0 0 0 0 0 0 0 0 0 0 0 0 0 0 0 74 0 0 0 0 0 0 0 0 0 70 0 0 0 0 0 0 0 0 0 0 0 0 0 0 0 0 0 0 0 0 0 0 0 0 0 93 0 0 0 0 0 0 0 0 0 0 0 0 0 0 0 0 0 0 0 96 
0 0 0 41 0 0 0 0 0 0 0 0 0 0 93 0 0 18 0 0 0 0 0 0 0 0 0 0 0 0 0 0 0 32 0 0 0 0 0 0 0 0 0 0 56 0 0 0 0 0 0 0 0 0 0 0 0 0 0 0 0 0 0 0 69 0 0 0 0 0 0 0 0 0 0 0 0 0 0 0 0 0 0 0 0 0 34 0 0 0 0 0 0 0 1 0 0 38 0 0 
0 0 100 0 0 0 0 0 0 0 0 0 0 0 0 0 0 0 0 38 59 0 0 0 0 0 0 0 0 0 0 0 0 0 0 71 0 0 0 0 0 0 0 0 0 0 0 0 0 0 0 0 0 0 9 0 0 0 0 0 0 0 0 0 0 0 0 0 0 0 0 0 79 0 0 0 0 0 0 0 0 0 0 0 0 4 0 0 35 0 0 0 0 0 0 0 82 0 0 0 
39 0 75 0 0 0 0 86 0 0 0 0 0 0 0 0 90 0 0 0 0 0 0 0 0 0 0 0 18 0 0 0 0 0 0 0 96 0 0 62 0 0 0 0 0 0 0 0 57 0 0 0 0 0 0 0 0 0 0 33 0 0 0 0 0 0 72 17 0 0 0 0 0 0 0 0 0 78 0 0 0 0 0 0 0 0 0 0 0 0 0 0 0 0 0 0 0 0 0 10 
0 0 28 0 0 0 0 0 0 0 0 0 0 0 0 78 0 0 0 0 0 0 0 0 0 0 0 0 0 0 0 16 1 0 0 0 0 0 0 0 89 0 0 0 0 0 0 0 0 0 0 0 0 30 0 0 0 0 0 0 0 0 0 0 0 0 0 0 52 0 0 0 0 0 98 0 0 0 0 0 0 0 58 0 0 0 0 58 0 0 0 0 0 0 0 0 0 58 0 0 
0 58 0 32 19 78 0 0 0 35 0 0 0 0 0 0 0 0 0 0 0 0 0 0 0 0 0 0 0 0 0 0 0 0 0 0 0 0 0 0 0 0 0 0 0 0 0 0 0 0 0 0 0 0 0 0 0 0 0 7 0 0 0 0 0 0 0 0 0 0 93 0 0 0 0 0 0 0 0 0 0 29 0 0 0 0 0 46 0 0 7 0 0 0 15 0 0 0 0 66 
0 0 0 0 0 0 0 0 0 0 0 65 79 0 0 0 47 22 0 0 0 0 0 0 0 18 0 0 0 0 0 0 0 0 0 0 0 0 0 0 0 0 0 0 0 2 0 0 0 0 0 0 0 0 0 0 0 0 0 0 0 0 0 0 0 0 0 0 0 0 0 0 0 0 0 0 0 0 0 0 0 0 0 0 0 8 0 0 0 0 0 0 0 0 0 45 0 0 0 0 
59 6 0 0 0 0 0 0 0 0 0 0 0 0 0 0 78 0 0 0 0 0 0 0 0 0 0 0 0 0 0 0 0 0 0 0 0 0 0 0 0 0 0 0 0 0 0 0 0 0 0 72 0 0 0 0 0 0 0 0 0 14 0 0 0 0 0 0 0 0 0 0 0 0 0 0 0 0 0 0 0 0 0 0 0 0 0 0 0 0 0 0 0 0 0 0 0 0 0 0 
0 0 0 0 0 0 0 0 0 0 0 0 28 0 0 0 0 0 0 0 0 0 0 0 0 0 0 0 0 0 0 0 0 0 0 0 0 0 0 0 0 0 0 0 0 0 0 0 26 92 0 0 0 40 0 14 0 0 0 0 0 0 0 48 0 0 0 0 0 0 0 0 0 0 0 0 0 0 0 15 0 0 0 0 0 0 0 7 0 0 0 0 0 0 0 48 39 0 0 0 
0 0 0 57 66 0 0 0 60 0 0 0 0 0 0 91 0 0 0 0 0 0 0 0 0 0 16 0 0 0 0 0 0 0 0 0 0 0 0 0 0 0 0 0 0 0 0 0 0 0 0 0 0 0 0 0 0 0 72 0 0 0 0 0 0 0 0 40 0 0 0 0 74 0 62 0 0 0 0 0 0 0 0 0 31 0 0 0 0 0 0 0 0 0 0 0 0 0 0 0 
0 0 0 0 0 0 72 0 74 0 0 0 0 0 0 0 0 0 50 0 0 0 0 0 0 0 1 0 0 0 0 0 0 0 0 0 0 0 0 0 0 0 0 0 0 0 0 0 0 0 0 0 40 0 0 50 0 0 19 0 0 0 0 0 0 0 0 0 0 0 0 0 0 0 0 0 0 0 0 0 0 0 0 0 0 0 97 0 0 0 0 0 15 0 0 0 0 0 0 0 
0 51 0 0 0 0 0 0 0 31 0 33 0 0 0 0 0 0 0 0 0 0 0 32 0 0 0 0 0 0 0 0 0 0 0 0 83 0 0 0 0 0 0 0 0 0 0 0 0 0 0 0 0 0 0 0 0 95 0 0 0 0 0 0 0 0 0 0 0 9 0 0 0 0 0 0 0 0 0 0 0 0 0 0 0 0 52 73 17 0 0 0 0 0 0 0 0 0 81 0 
0 0 0 27 0 0 95 0 0 0 0 0 0 0 0 26 55 0 0 0 0 0 0 0 0 0 0 0 0 0 0 0 0 0 0 0 0 0 0 0 0 0 0 0 0 0 0 27 2 0 0 0 86 0 0 4 0 0 20 0 0 0 0 0 0 0 0 0 14 0 0 0 0 0 0 0 0 0 0 0 0 0 0 0 0 0 0 0 0 0 0 0 0 0 0 0 0 30 0 0 
0 22 0 0 0 0 0 0 9 0 0 0 0 0 79 0 0 0 53 0 0 0 0 0 71 0 0 0 0 0 0 0 0 0 0 0 0 0 0 0 0 0 0 79 0 0 0 0 26 0 0 0 0 0 0 18 0 0 0 0 48 0 100 0 0 0 0 0 0 0 0 0 0 0 0 0 0 0 0 0 0 0 0 0 0 0 0 28 0 0 0 0 0 0 0 0 0 0 0 0 
0 0 0 0 0 0 0 0 0 0 0 0 0 0 0 0 0 51 0 0 0 0 0 0 0 96 0 0 0 0 0 0 0 83 0 0 0 0 42 0 0 0 0 0 42 0 0 0 0 0 22 0 23 0 43 94 0 0 0 0 0 0 0 0 0 0 0 0 0 0 0 43 0 0 0 0 0 0 0 0 18 0 0 0 0 0 0 92 0 0 0 25 0 0 0 0 0 0 0 0 
0 0 0 0 0 0 92 0 0 0 0 0 0 0 0 0 0 0 0 0 0 0 0 0 0 0 0 0 0 0 0 0 0 0 0 0 0 0 0 0 0 0 0 0 0 0 0 0 0 0 0 0 0 0 0 0 0 0 0 0 0 0 0 0 0 0 0 0 81 0 0 0 0 0 0 0 44 0 0 0 0 0 31 7 0 0 0 0 0 0 0 0 0 0 0 0 0 19 0 0 
0 0 0 0 0 0 0 0 0 0 0 0 0 0 0 0 0 0 0 0 0 0 0 0 0 0 0 0 0 0 0 0 0 0 0 0 42 0 0 0 0 0 0 0 0 0 0 0 0 0 38 0 63 0 0 0 50 0 0 0 0 0 0 0 0 0 0 0 0 40 0 0 0 0 0 0 96 0 0 0 0 0 0 0 47 0 0 0 0 0 0 0 0 0 0 0 0 0 45 0 
50 0 0 0 0 0 0 0 0 100 66 0 0 0 0 0 0 0 0 0 0 0 0 0 0 62 0 0 0 0 0 0 0 0 0 0 0 0 0 0 0 0 0 0 0 0 0 0 0 0 0 0 55 0 9 0 0 42 12 0 0 0 59 0 0 0 0 0 21 0 0 0 0 0 0 0 0 0 0 0 0 0 0 0 0 0 0 0 100 0 0 0 0 0 0 0 0 0 0 0 
0 43 0 0 0 0 0 0 0 0 0 0 0 0 0 0 0 0 0 63 0 0 0 0 0 0 89 0 0 0 0 0 0 0 0 0 0 0 0 0 0 35 0 0 0 0 0 0 0 0 0 55 0 0 0 0 0 0 0 0 0 0 0 0 0 0 0 0 0 0 0 60 0 0 28 0 0 79 0 13 0 0 0 0 0 0 0 0 0 0 75 0 0 0 0 0 0 93 0 0 
0 0 0 0 0 0 0 32 0 0 0 0 0 0 0 0 2 0 0 0 0 0 0 0 0 0 0 0 0 0 0 0 0 0 0 0 0 0 0 0 35 0 0 19 0 16 0 0 0 0 0 34 0 0 0 0 0 0 0 0 0 0 0 0 0 0 0 0 0 0 0 0 0 0 0 60 0 0 0 0 0 0 0 23 0 0 0 0 0 0 0 0 0 65 0 0 0 0 68 0 
0 0 0 0 0 0 0 0 0 0 0 0 0 0 0 0 60 0 0 0 14 0 0 0 0 0 0 0 0 0 0 0 0 0 0 0 0 0 0 0 0 0 0 0 63 0 0 0 0 0 0 0 45 86 0 73 69 0 0 48 0 0 0 0 0 0 0 0 0 0 0 0 0 0 0 0 0 0 0 0 0 0 0 0 24 0 0 0 0 0 0 0 20 0 9 0 0 0 41 0 
0 0 0 0 0 0 0 0 0 0 0 0 0 0 0 0 0 0 0 54 0 0 74 0 0 0 0 0 0 0 0 0 0 0 0 79 0 0 0 0 0 19 0 0 0 0 0 0 0 0 10 31 0 0 0 23 81 0 0 0 0 0 0 0 0 0 0 0 0 0 0 0 52 0 0 0 0 82 0 0 0 0 0 0 0 0 0 0 0 0 0 0 0 0 0 0 0 0 0 0 
0 32 18 0 93 0 0 0 40 0 0 0 0 0 0 0 0 0 0 0 20 0 0 56 0 0 0 0 0 0 0 0 0 0 0 0 42 0 0 0 0 0 63 0 0 0 0 0 0 0 0 93 0 0 0 0 0 91 0 0 0 0 0 0 0 0 0 0 92 0 0 93 0 0 0 0 0 41 0 0 0 0 0 0 49 0 0 0 0 0 0 0 0 0 0 0 85 0 0 0 
0 0 1 0 0 0 0 49 0 0 0 0 0 0 0 0 0 0 0 0 85 85 0 0 0 0 0 0 2 0 0 0 0 0 0 0 0 0 0 0 0 16 0 0 0 0 0 0 0 0 0 6 0 14 0 0 0 0 0 0 0 0 0 0 0 0 0 0 0 0 0 86 0 62 82 0 66 0 0 0 0 0 0 0 0 0 82 0 0 0 0 0 0 0 0 0 0 0 0 0 
0 0 0 0 0 0 0 0 0 0 0 0 0 0 0 0 27 0 0 0 0 0 0 0 0 0 0 0 0 0 0 0 0 0 0 0 0 0 0 0 0 0 0 0 0 0 0 61 0 0 0 0 0 0 0 2 0 0 0 0 0 0 0 0 0 0 0 0 67 0 0 50 0 0 94 0 0 0 0 0 0 0 0 8 0 0 0 0 0 84 0 0 0 0 0 0 0 0 0 0 
0 0 0 0 75 20 0 0 0 0 35 0 39 0 0 0 0 0 0 0 0 0 0 0 0 0 0 0 0 0 0 0 0 0 27 0 0 0 0 0 0 0 0 0 0 0 61 0 0 0 0 0 0 0 0 0 0 0 0 76 0 0 0 0 0 0 40 74 0 0 0 0 0 0 50 0 0 0 0 0 0 0 0 0 0 26 0 0 0 12 0 0 0 0 100 0 0 0 0 0 
0 0 0 0 0 0 0 0 0 0 65 0 0 0 0 82 19 0 0 0 0 86 0 0 0 57 0 0 0 0 26 0 0 0 2 26 0 0 0 0 0 0 0 0 0 0 0 0 0 0 0 96 0 0 0 0 69 0 0 0 0 0 0 0 28 59 0 0 0 0 0 0 0 0 86 0 0 0 0 0 0 72 0 0 0 0 0 0 0 0 0 0 0 0 0 0 43 0 0 0 
0 0 0 0 0 0 0 92 0 0 0 0 0 0 0 0 0 0 0 0 0 0 0 0 0 0 0 0 0 0 92 0 0 0 0 0 0 0 0 0 0 0 0 0 0 0 0 0 0 0 0 0 0 0 0 0 0 0 0 0 0 0 0 0 0 41 0 0 0 0 0 0 25 0 0 0 53 0 0 0 0 3 0 0 53 0 8 0 0 0 0 0 0 41 0 0 0 0 0 68 
0 0 0 0 0 0 0 0 0 0 0 0 0 0 0 0 79 0 0 0 0 0 0 0 0 0 0 0 0 0 0 0 0 0 0 0 22 0 38 0 0 0 0 10 0 0 0 0 0 0 0 0 0 59 0 0 0 0 0 0 0 43 0 0 0 0 0 0 0 0 0 0 0 0 0 0 0 0 0 0 75 0 0 0 0 0 0 0 0 0 0 0 0 0 0 0 0 0 15 0 
0 42 0 0 61 0 0 0 0 0 0 0 77 0 0 0 0 0 0 0 0 0 0 0 0 0 0 0 0 72 0 0 0 0 0 0 0 0 0 0 55 34 0 31 93 6 0 0 96 0 0 0 0 0 0 0 0 89 0 0 0 0 0 0 0 0 0 0 0 0 0 0 0 0 0 0 0 0 0 8 0 0 0 0 0 0 71 0 0 65 0 0 0 0 0 0 0 0 0 0 
0 0 0 0 98 0 0 71 0 0 0 0 0 0 0 0 0 0 0 0 0 0 0 0 0 0 0 0 0 0 0 0 40 0 86 0 23 0 63 55 0 0 45 0 0 0 0 0 0 0 0 0 0 0 0 0 0 0 0 48 65 0 0 0 0 81 0 0 0 0 0 0 0 0 0 0 0 0 0 0 0 97 0 0 0 0 0 0 0 0 0 0 0 0 0 91 0 0 0 0 
0 0 0 0 0 0 0 0 0 0 0 0 0 0 0 0 0 0 0 0 0 0 70 0 0 0 30 0 0 0 40 0 0 0 0 0 0 0 0 0 0 0 86 0 0 14 0 0 0 0 59 0 0 0 0 0 0 0 0 0 0 0 0 0 0 0 0 0 0 0 0 0 0 0 0 0 0 0 0 0 0 0 0 0 0 17 0 0 0 0 0 0 0 0 76 0 58 0 0 0 
0 79 74 0 0 0 0 0 0 0 0 0 0 0 0 41 0 0 0 0 0 0 0 0 9 0 0 0 0 0 0 0 0 0 0 0 43 0 0 9 0 0 0 0 0 0 0 0 0 0 0 0 0 0 0 0 0 0 0 0 0 0 0 0 0 0 0 0 0 0 0 0 0 0 0 0 0 0 0 23 0 0 0 0 0 0 0 0 0 50 0 0 58 57 0 0 0 0 0 0 
0 0 0 0 0 56 50 0 0 0 0 0 0 0 0 99 0 0 0 0 0 0 0 0 0 0 0 0 0 0 14 0 50 0 4 18 94 0 0 0 0 0 73 23 0 0 2 0 0 0 0 0 0 0 0 0 0 0 0 0 0 0 0 0 0 0 0 0 0 0 0 0 0 0 0 0 0 0 0 0 0 62 0 0 0 0 0 0 13 0 68 0 0 0 70 0 0 0 0 0 
0 0 0 0 0 0 0 0 0 0 0 0 0 0 0 0 0 0 0 0 0 0 0 0 0 0 0 0 0 0 0 0 0 0 0 0 0 0 50 0 0 0 69 81 0 0 0 0 69 0 0 0 0 0 0 0 0 0 0 0 0 0 0 0 0 0 32 0 0 0 0 0 0 0 89 0 0 0 0 0 0 0 0 0 0 0 0 0 0 0 0 0 0 0 0 0 0 0 0 0 
28 0 93 0 0 0 0 0 0 0 0 0 0 0 0 0 0 0 0 80 0 0 0 0 0 0 0 0 0 0 0 0 0 95 0 0 0 0 0 42 0 0 0 0 91 0 0 0 0 0 0 89 0 0 0 0 0 0 0 0 35 0 0 0 0 0 0 0 0 0 0 0 45 0 0 0 0 91 0 0 0 0 36 0 0 0 85 0 0 0 0 0 0 8 0 0 0 0 0 0 
70 0 0 0 0 0 28 0 0 0 0 0 0 0 0 0 0 0 0 0 0 0 0 0 0 0 0 0 0 0 0 72 19 0 20 0 0 0 0 12 0 0 0 0 0 0 0 0 0 0 0 0 0 0 0 0 0 0 0 0 0 0 85 0 0 0 0 0 0 0 0 0 0 0 0 10 0 0 0 0 0 0 0 0 0 0 0 0 0 0 0 0 0 0 0 0 0 0 98 65 
0 0 0 0 0 0 0 0 0 0 0 0 0 0 0 0 9 0 0 0 0 0 0 0 0 33 0 7 0 0 0 0 0 0 0 0 0 0 0 0 0 0 48 0 0 0 0 76 0 0 0 0 48 0 0 0 0 0 0 0 45 79 0 0 0 0 89 0 0 0 0 0 0 0 0 0 0 0 0 0 0 0 44 0 0 0 0 0 0 0 0 0 0 0 0 46 0 36 0 0 
0 0 0 0 0 0 0 0 0 0 0 0 0 0 0 0 0 0 0 0 0 0 0 0 0 0 0 0 0 0 0 0 0 0 0 48 0 0 0 0 0 0 0 0 0 0 0 0 0 0 0 0 65 0 0 0 0 35 0 45 0 0 0 0 13 0 0 0 0 52 0 0 0 0 0 89 0 0 0 0 0 0 0 0 0 0 0 0 0 0 0 0 0 0 0 45 0 0 0 0 
0 0 0 0 0 0 0 0 0 0 0 0 0 0 0 0 0 0 0 0 0 0 0 0 0 0 0 0 0 14 0 0 0 0 0 0 0 0 0 0 0 0 0 0 0 0 0 0 0 0 43 0 0 0 0 0 0 0 0 79 0 0 0 26 0 42 0 0 0 0 0 0 0 54 0 0 0 0 0 0 0 8 0 34 0 0 0 0 0 0 0 0 0 0 0 0 0 39 0 0 
0 0 0 0 62 0 0 0 0 0 0 0 0 0 0 0 0 0 0 0 0 0 0 0 0 0 0 0 0 0 0 0 0 0 0 100 0 0 0 59 0 0 0 0 0 0 0 0 0 0 0 0 0 0 0 0 0 0 85 0 0 0 0 0 0 0 79 0 0 0 0 0 0 0 0 0 0 81 0 0 0 81 0 0 0 0 0 0 0 0 0 0 33 0 40 32 0 0 24 0 
0 0 0 0 0 0 0 71 0 0 0 0 0 0 0 0 84 0 0 93 0 0 0 0 0 0 0 0 0 0 48 0 0 0 0 0 0 0 0 0 0 0 0 0 0 0 0 0 0 0 0 0 0 0 0 0 0 0 0 0 0 26 0 0 0 0 0 0 0 0 0 0 0 0 0 0 0 0 0 0 0 0 0 0 0 0 0 0 0 0 0 42 9 0 0 0 4 0 0 0 
0 0 0 36 0 0 3 0 0 0 0 0 0 0 0 0 0 0 0 0 0 0 0 69 0 0 0 0 0 0 0 0 0 0 0 0 0 0 0 0 0 0 0 0 0 0 0 0 28 0 0 0 0 0 0 0 0 0 0 0 13 0 0 0 0 0 0 95 0 0 0 0 0 24 0 0 0 0 0 0 0 0 0 0 0 0 0 0 0 0 0 0 0 0 0 0 0 0 0 0 
0 0 0 23 0 0 0 0 0 0 0 0 67 15 0 0 0 21 0 0 0 0 0 0 0 0 0 0 0 0 0 0 0 0 0 0 0 0 0 0 0 0 0 0 0 0 0 0 59 41 0 0 81 0 0 0 0 0 0 0 0 42 0 0 0 0 0 0 67 0 0 0 0 0 0 0 22 0 0 0 89 0 0 0 0 66 64 0 0 35 0 0 54 0 0 0 0 0 0 0 
0 0 0 0 21 0 0 0 0 13 86 0 0 0 78 0 0 0 0 0 0 88 0 0 0 72 0 0 0 0 0 0 0 0 0 0 0 0 0 0 0 0 0 0 0 0 0 40 0 0 0 0 0 0 0 0 32 0 0 89 0 0 79 0 0 0 0 0 0 0 0 0 0 0 0 0 0 0 99 0 0 0 0 0 0 0 0 0 0 0 0 0 0 0 0 0 31 0 0 0 
0 0 0 0 0 0 0 0 0 0 0 10 79 0 0 94 0 0 0 0 0 0 0 0 0 17 0 0 0 0 0 40 0 0 0 0 0 0 0 0 0 0 0 0 0 0 0 74 0 0 0 0 0 0 0 0 0 0 0 0 0 0 0 0 95 0 0 0 0 0 81 0 0 0 0 0 0 0 0 0 0 0 0 35 0 0 97 0 0 0 0 0 0 0 0 0 0 0 0 0 
0 0 0 0 0 0 0 93 0 0 0 62 0 0 0 0 0 0 0 0 0 0 0 0 0 0 52 0 0 0 0 0 0 0 14 0 0 81 0 21 0 0 0 0 92 0 67 0 0 0 0 0 0 0 0 0 0 0 0 0 0 0 0 0 0 67 0 0 0 0 0 0 0 21 0 0 0 0 0 0 0 0 0 40 0 1 0 0 0 0 0 0 0 0 0 0 0 0 0 0 
0 0 0 14 0 0 0 71 0 0 38 0 41 0 0 0 0 0 0 36 0 0 0 0 0 0 0 0 0 0 0 0 0 9 0 0 0 0 40 0 0 0 0 0 0 0 0 0 0 0 0 0 0 0 0 0 0 0 0 0 52 0 0 0 0 0 0 0 0 0 0 0 0 0 90 0 0 0 0 0 0 95 0 0 0 0 0 0 0 0 0 0 0 23 0 0 0 0 0 0 
0 0 0 0 0 0 0 0 0 19 0 0 0 0 0 71 0 0 0 0 0 0 0 0 0 0 0 93 0 0 0 0 0 0 0 0 0 0 0 0 0 0 0 0 0 0 0 0 0 0 0 0 0 0 0 0 0 0 0 0 0 0 0 0 0 0 0 81 0 0 0 0 12 0 0 0 0 0 0 74 98 0 0 0 0 0 0 0 0 0 16 0 0 0 89 0 0 0 0 0 
0 0 0 0 0 0 0 0 0 69 0 0 0 0 0 0 0 0 0 0 0 0 0 0 0 0 0 0 0 0 0 0 0 0 0 0 43 0 0 0 60 0 0 0 93 86 50 0 0 0 0 0 0 0 0 0 0 0 0 0 0 0 0 0 0 0 0 0 0 0 0 0 0 0 0 0 0 0 0 0 0 0 0 93 0 0 0 0 0 0 0 0 0 0 0 0 48 0 77 0 
0 0 0 0 0 0 0 0 0 57 0 0 17 0 0 0 0 55 0 0 0 0 0 0 79 0 0 0 0 0 0 74 0 0 0 0 0 0 0 0 0 0 0 52 0 0 0 0 0 25 0 0 0 0 0 0 0 45 0 0 0 0 0 0 0 0 0 0 0 0 12 0 0 0 0 0 0 0 0 0 0 0 0 0 0 0 0 0 0 0 0 0 0 0 0 0 0 0 33 0 
0 0 23 0 0 0 0 0 0 42 0 0 0 0 0 0 0 0 0 0 0 0 0 0 0 0 0 0 0 0 0 0 0 0 0 0 0 0 0 0 0 0 0 0 0 62 0 0 0 0 0 0 0 0 0 0 0 0 0 0 0 54 0 0 24 0 0 0 21 0 0 0 0 0 0 0 0 0 0 0 0 0 0 0 0 0 0 0 0 0 0 0 0 0 0 0 0 0 0 36 
0 0 0 54 0 14 0 0 0 35 0 0 0 0 0 0 0 0 0 0 0 0 0 0 0 0 98 0 0 0 0 62 0 0 0 0 0 0 0 0 28 0 0 0 0 82 94 50 86 0 0 0 0 0 0 0 89 0 0 0 0 0 0 0 0 0 0 0 0 90 0 0 0 0 0 91 89 0 0 0 50 0 0 0 0 0 0 0 0 0 0 0 0 0 0 0 0 0 0 0 
0 0 0 0 0 0 0 0 0 0 52 0 0 0 0 0 0 0 0 0 0 0 0 0 0 0 0 0 0 0 0 0 0 0 0 0 0 0 0 0 0 60 0 0 0 0 0 0 0 0 0 0 0 0 0 0 0 0 10 0 89 0 0 0 0 0 0 0 0 0 0 0 0 0 91 0 0 0 0 0 0 0 0 0 0 0 0 0 0 0 0 0 0 0 0 0 0 0 0 0 
0 0 0 0 0 0 0 0 0 0 0 0 0 64 0 0 0 0 0 0 0 12 0 0 0 0 0 0 0 0 0 0 0 0 0 0 0 44 96 0 0 0 0 0 0 66 0 0 0 53 0 0 0 0 0 0 0 0 0 0 0 0 0 0 0 22 0 0 0 0 0 0 0 0 89 0 0 0 0 0 0 0 0 0 0 0 88 0 0 0 0 0 0 0 0 0 0 0 18 0 
0 0 98 0 0 0 0 17 0 0 0 0 0 2 0 0 0 0 0 65 0 3 0 0 0 78 0 0 0 0 0 0 0 0 0 0 0 0 0 0 79 0 0 82 41 0 0 0 0 0 0 0 0 0 0 0 0 91 0 0 0 0 81 0 0 0 0 0 0 0 0 0 0 0 0 0 0 0 0 0 42 0 0 0 0 0 0 0 0 0 0 0 0 0 0 0 0 0 0 0 
0 0 0 0 0 0 0 0 0 0 51 0 0 0 0 0 0 0 0 0 0 0 0 0 0 0 0 0 0 0 0 0 0 0 0 0 0 0 0 0 0 0 0 0 0 0 0 0 0 0 0 0 0 0 0 0 0 0 0 0 0 0 0 0 0 0 99 0 0 0 0 0 0 0 0 0 0 0 0 0 0 0 43 0 0 0 0 0 0 0 0 0 0 0 0 65 0 0 0 0 
0 0 0 0 0 0 0 0 0 0 0 0 0 0 0 0 0 0 0 0 0 0 93 0 0 0 0 0 0 0 15 0 0 0 0 0 0 0 0 0 13 0 0 0 0 0 0 0 0 0 0 8 0 0 23 0 0 0 0 0 0 0 0 0 0 0 0 0 0 0 74 0 0 0 0 0 0 0 0 0 0 0 0 0 0 0 0 90 0 0 0 0 42 0 65 87 0 0 0 0 
0 0 0 0 0 0 0 46 0 0 94 0 0 0 0 0 0 0 0 0 0 0 0 0 0 0 0 0 0 0 0 0 0 0 0 0 18 0 0 0 0 0 0 0 0 0 0 0 0 0 75 0 0 0 0 0 0 0 0 0 0 0 0 0 0 89 0 0 0 0 98 0 0 0 50 0 0 42 0 0 0 46 0 0 0 0 0 0 0 0 0 65 0 0 0 0 0 0 0 0 
0 0 0 0 0 0 0 0 0 86 0 0 0 0 0 0 0 76 0 0 51 0 0 0 0 0 0 29 0 0 0 0 0 0 0 0 0 0 0 0 0 0 0 0 0 0 0 0 72 3 0 0 97 0 0 62 0 0 0 0 0 8 81 0 0 0 0 0 0 95 0 0 0 0 0 0 0 0 0 0 46 0 0 0 0 0 0 0 0 0 0 0 0 0 0 0 0 0 0 0 
22 63 0 80 0 0 0 97 0 0 0 0 0 0 0 0 0 0 0 0 0 0 0 0 0 0 58 0 0 0 0 0 0 0 0 0 0 31 0 0 0 0 0 0 0 0 0 0 0 0 0 0 0 0 0 0 0 36 0 44 0 0 0 0 0 0 0 0 0 0 0 0 0 0 0 0 0 0 43 0 0 0 0 0 0 45 0 0 0 0 0 0 0 0 84 0 0 0 0 0 
0 0 0 0 0 0 0 0 0 0 0 0 0 0 0 0 0 0 0 0 14 0 0 0 0 0 0 0 0 0 0 0 0 0 0 0 0 7 0 0 0 23 0 0 0 0 8 0 0 0 0 0 0 0 0 0 0 0 0 0 0 34 0 0 0 0 0 35 40 0 0 93 0 0 0 0 0 0 0 0 0 0 0 0 53 0 0 0 56 0 0 0 0 16 0 0 16 0 0 0 
0 0 0 66 0 0 0 0 0 0 0 0 99 0 19 0 0 0 0 0 0 0 0 0 0 0 0 0 0 0 0 31 0 0 0 0 0 0 47 0 0 0 24 0 49 0 0 0 0 53 0 0 0 0 0 0 0 0 0 0 0 0 0 0 0 0 0 0 0 0 0 0 0 0 0 0 0 0 0 0 0 0 0 53 0 0 0 0 0 0 30 0 0 0 0 0 0 0 0 0 
92 0 0 0 99 34 0 20 0 0 24 0 0 0 0 0 0 0 0 0 0 0 0 0 4 0 0 0 8 0 0 0 0 0 0 0 0 0 0 0 0 0 0 0 0 0 0 26 0 0 0 0 0 17 0 0 0 0 0 0 0 0 0 0 0 66 0 0 1 0 0 0 0 0 0 0 0 0 0 0 0 0 45 0 0 0 0 0 0 0 76 0 0 0 0 0 0 0 0 0 
0 0 0 0 66 0 0 78 0 0 0 0 0 44 0 0 0 0 0 0 0 0 0 34 0 0 0 0 0 0 0 0 97 52 0 0 0 0 0 0 0 0 0 0 0 82 0 0 0 8 0 71 0 0 0 0 0 85 0 0 0 0 0 0 0 64 0 97 0 0 0 0 0 0 0 0 88 0 0 0 0 0 0 0 0 0 0 0 0 0 0 0 0 47 0 0 0 0 0 0 
0 0 0 0 0 0 0 0 73 0 0 0 0 0 0 0 0 0 0 0 0 0 0 0 0 0 58 46 0 0 7 0 0 73 0 28 92 0 0 0 0 0 0 0 0 0 0 0 0 0 0 0 0 0 0 0 0 0 0 0 0 0 0 0 0 0 0 0 0 0 0 0 0 0 0 0 0 0 0 90 0 0 0 0 0 0 0 0 0 0 0 0 0 0 0 0 0 0 0 0 
0 0 0 38 87 0 0 0 0 0 95 0 0 0 5 0 0 0 0 0 44 0 0 0 35 0 0 0 0 0 0 0 0 17 0 0 0 0 0 100 0 0 0 0 0 0 0 0 0 0 0 0 0 0 0 13 0 0 0 0 0 0 0 0 0 0 0 0 0 0 0 0 0 0 0 0 0 0 0 0 0 0 0 56 0 0 0 0 0 0 0 0 0 0 0 0 0 0 0 0 
0 0 0 0 0 0 0 0 0 0 0 0 92 0 0 0 32 0 0 0 0 0 0 0 0 0 0 0 0 0 0 0 0 0 0 0 0 0 0 0 0 0 0 0 0 0 84 12 0 0 0 65 0 0 50 0 0 0 0 0 0 0 0 0 0 35 0 0 0 0 0 0 0 0 0 0 0 0 0 0 0 0 0 0 0 0 0 0 0 0 64 0 0 0 0 0 39 0 0 0 
0 0 0 77 0 0 0 0 0 0 0 0 0 0 0 0 0 0 0 0 0 0 0 0 0 0 0 7 0 0 0 0 0 0 0 0 0 0 0 0 75 0 0 0 0 0 0 0 0 0 0 0 0 0 0 68 0 0 0 0 0 0 0 0 0 0 0 0 0 0 16 0 0 0 0 0 0 0 0 0 0 0 0 0 30 76 0 0 0 64 0 37 0 0 0 0 0 47 0 0 
0 0 0 0 0 0 0 0 0 86 0 0 0 0 0 0 0 0 0 0 0 0 0 0 0 0 0 0 0 0 0 0 0 0 0 0 25 0 0 0 0 0 0 0 0 0 0 0 0 0 0 0 0 0 0 0 0 0 0 0 0 0 0 42 0 0 0 0 0 0 0 0 0 0 0 0 0 0 0 0 65 0 0 0 0 0 0 0 0 0 37 0 0 36 53 0 0 0 0 0 
0 0 0 0 0 0 0 0 0 0 0 0 0 0 0 0 0 0 0 0 0 0 0 0 0 0 0 0 0 0 0 0 15 0 0 0 0 0 0 0 0 0 20 0 0 0 0 0 0 0 0 0 0 0 58 0 0 0 0 0 0 0 33 9 0 54 0 0 0 0 0 0 0 0 0 0 0 0 0 42 0 0 0 0 0 0 0 0 0 0 0 0 0 0 0 0 0 62 0 0 
0 0 0 0 0 0 19 0 0 29 0 0 0 0 0 0 0 0 54 0 0 0 0 0 0 0 0 0 0 0 0 0 0 0 0 0 0 0 0 0 0 65 0 0 0 0 0 0 0 41 0 0 0 0 57 0 0 8 0 0 0 0 0 0 0 0 0 0 0 23 0 0 0 0 0 0 0 0 0 0 0 0 0 16 0 0 47 0 0 0 0 36 0 0 0 0 1 0 0 0 
0 0 0 0 0 0 0 0 0 0 0 0 0 0 0 0 0 0 0 82 0 31 0 1 0 0 0 15 0 0 0 0 0 0 0 0 0 0 0 0 0 0 9 0 0 0 0 100 0 0 0 0 0 76 0 70 0 0 0 0 0 0 40 0 0 0 0 0 0 0 89 0 0 0 0 0 0 0 0 65 0 0 84 0 0 0 0 0 0 0 0 53 0 0 0 0 0 0 25 0 
0 32 0 0 0 0 0 0 50 0 0 9 86 0 33 0 0 41 0 0 0 0 0 0 0 0 0 0 45 0 48 0 0 0 0 0 0 0 0 0 0 0 0 0 0 0 0 0 0 0 0 0 91 0 0 0 0 0 0 46 45 0 32 0 0 0 0 0 0 0 0 0 0 0 0 0 0 0 65 87 0 0 0 0 0 0 0 0 0 0 0 0 0 0 0 0 0 0 0 0 
0 0 0 0 7 0 0 0 0 0 0 0 14 0 0 0 59 0 0 0 0 0 0 0 82 0 0 0 0 0 39 0 0 0 0 0 0 0 0 0 0 0 0 0 85 0 0 0 43 0 0 0 0 58 0 0 0 0 0 0 0 0 0 4 0 0 31 0 0 0 0 48 0 0 0 0 0 0 0 0 0 0 0 16 0 0 0 0 0 39 0 0 0 1 0 0 0 0 0 15 
0 0 0 0 0 0 0 0 0 0 0 0 0 0 0 0 0 0 0 33 0 0 0 38 0 0 58 0 0 0 0 0 0 0 30 0 0 19 0 0 93 0 0 0 0 0 0 0 0 0 0 0 0 0 0 0 0 0 0 36 0 39 0 0 0 0 0 0 0 0 0 0 0 0 0 0 0 0 0 0 0 0 0 0 0 0 0 0 0 0 47 0 62 0 0 0 0 0 0 0 
0 0 0 0 0 0 0 0 11 0 0 0 0 0 0 0 0 0 80 49 0 0 0 0 0 0 0 0 0 0 0 0 0 81 0 0 0 0 45 0 0 68 41 0 0 0 0 0 0 0 15 0 0 0 0 0 0 0 98 0 0 0 24 0 0 0 0 0 0 0 0 77 33 0 0 0 18 0 0 0 0 0 0 0 0 0 0 0 0 0 0 0 0 0 25 0 0 0 0 78 
0 0 0 0 0 81 0 0 0 0 0 0 0 0 0 0 0 75 0 0 0 0 96 0 0 10 0 66 0 0 0 0 0 0 0 0 0 0 0 0 0 0 0 0 0 0 0 0 0 68 0 0 0 0 0 0 0 0 65 0 0 0 0 0 0 0 0 0 0 0 0 0 0 36 0 0 0 0 0 0 0 0 0 0 0 0 0 0 0 0 0 0 0 0 0 0 15 0 78 0 
