0 72 91 47 33 25 0 1 4 9 26 0 2 0 0 0 0 0 0 49 0 38 0 48 0 0 0 0 3 40 52 53 3 80 31 0 0 3 0 0 31 0 86 53 6 0 95 59 0 0 69 0 28 22 0 69 2 0 12 11 77 0 0 0 65 0 0 0 39 0 0 66 25 61 0 40 0 42 0 12 65 28 0 0 0 60 0 40 0 0 81 65 62 85 0 0 54 74 18 0 
72 0 65 48 0 22 0 86 70 0 0 28 74 53 86 88 0 99 0 93 76 0 5 0 69 0 0 0 40 77 22 0 0 0 95 77 0 84 92 0 25 0 35 3 73 11 0 5 57 20 13 96 95 0 0 26 0 73 31 82 17 40 52 12 0 54 0 8 63 44 0 40 76 55 46 84 76 0 15 77 0 0 10 82 38 0 36 0 83 51 69 0 70 18 48 96 71 62 78 55 
91 65 0 73 0 0 0 19 93 65 34 91 0 29 85 5 38 3 0 0 40 95 35 64 0 33 52 8 0 18 33 0 68 20 53 8 81 0 0 4 0 77 11 47 51 60 0 17 20 0 87 4 0 84 0 9 0 69 67 55 0 31 58 19 0 5 0 99 92 61 0 57 0 0 50 83 98 10 73 6 34 0 0 0 0 12 18 0 0 5 19 54 0 31 30 0 39 26 36 64 
47 48 73 0 0 0 47 45 53 0 0 75 0 52 32 0 27 86 0 24 18 0 4 41 13 0 26 0 0 0 32 0 96 73 0 76 39 61 27 93 0 29 20 55 26 6 0 0 28 21 72 0 35 93 0 0 17 49 15 92 0 65 52 0 0 26 98 85 21 74 96 0 89 94 0 82 100 99 0 22 65 0 29 87 0 0 65 0 29 26 85 91 0 0 0 0 46 44 78 0 
33 0 0 0 0 28 0 33 0 0 0 0 0 74 76 0 12 0 0 0 0 34 0 0 0 28 10 0 0 17 63 0 73 0 27 78 12 17 0 0 0 29 97 0 6 67 68 11 0 86 0 0 93 0 18 0 83 66 0 0 44 0 0 0 0 60 65 12 0 0 7 2 82 56 90 58 41 0 0 5 71 49 76 0 0 0 50 43 38 0 0 4 0 37 87 14 0 0 0 76 
25 22 0 0 28 0 0 0 16 87 0 38 0 0 33 34 0 54 97 0 0 55 63 60 0 0 97 80 0 4 0 41 69 0 31 6 0 40 50 30 63 85 0 64 90 0 85 0 0 0 49 11 45 56 33 25 55 0 51 28 81 74 66 0 4 0 0 41 5 0 0 0 0 4 20 27 95 31 76 0 36 20 54 0 22 12 45 0 32 46 0 87 66 13 81 89 86 0 69 0 
0 0 0 47 0 0 0 94 98 66 13 66 61 0 30 16 86 0 0 0 0 36 14 80 33 95 0 0 56 79 0 89 22 97 0 81 0 97 0 58 39 63 19 37 85 60 83 92 20 58 0 0 72 12 18 24 92 61 0 21 67 0 19 0 11 72 44 3 0 0 0 71 85 0 0 31 33 0 18 0 66 16 0 0 31 66 19 0 0 49 51 29 0 22 0 0 56 88 0 74 
1 86 19 45 33 0 94 0 53 16 11 1 0 0 53 25 34 0 46 0 0 98 13 54 66 26 95 0 38 58 68 0 6 0 13 0 44 0 52 0 0 88 11 0 58 54 0 0 24 19 0 72 46 54 33 0 16 0 0 0 66 0 11 45 0 0 0 41 62 54 0 60 0 48 0 80 0 0 95 46 62 82 86 0 0 76 42 0 0 0 16 0 66 38 60 25 4 50 38 0 
4 70 93 53 0 16 98 53 0 71 0 30 55 80 94 38 39 0 15 20 0 9 0 25 74 0 85 81 0 49 11 63 100 71 0 0 0 58 93 42 2 0 0 24 0 47 11 78 0 15 65 0 0 31 0 51 0 31 65 86 0 0 99 33 82 0 0 58 43 55 0 81 0 0 98 33 0 8 28 93 46 14 50 0 45 93 61 63 8 98 87 0 0 87 0 71 79 7 0 8 
9 0 65 0 0 87 66 16 71 0 79 68 98 0 0 0 28 78 54 27 36 0 21 58 0 80 0 52 91 57 24 0 85 7 0 0 40 87 98 65 35 56 0 28 0 69 84 23 83 0 89 57 94 3 0 0 52 4 27 13 0 51 0 0 0 0 54 21 0 0 47 88 90 0 53 0 19 28 50 0 0 0 5 60 55 58 0 0 83 57 0 0 1 5 93 11 59 0 0 44 
26 0 34 0 0 0 13 11 0 79 0 16 60 0 83 97 85 0 33 0 46 11 0 0 0 0 18 37 11 23 82 45 0 21 0 0 3 0 0 0 0 20 47 8 16 22 0 100 68 10 28 0 44 28 15 74 0 19 74 59 1 22 88 0 89 0 0 0 99 0 100 0 64 71 0 0 0 95 0 11 0 0 0 0 46 0 73 0 0 0 0 0 3 54 3 100 64 0 50 86 
0 28 91 75 0 38 66 1 30 68 16 0 0 44 69 54 0 35 12 59 0 50 0 0 8 0 58 42 69 2 62 60 0 92 30 58 75 87 27 38 51 6 19 63 0 85 0 77 0 0 0 68 0 61 6 56 75 36 0 43 3 56 58 0 70 64 38 71 8 0 95 18 0 0 20 0 0 93 83 0 71 17 76 0 93 30 23 1 0 48 0 0 0 52 0 3 10 21 0 5 
2 74 0 0 0 0 61 0 55 98 60 0 0 0 0 9 1 60 0 0 95 79 0 65 69 0 0 0 0 67 0 82 0 0 71 4 2 73 29 56 0 40 84 90 71 48 0 36 56 0 93 29 0 0 61 53 55 91 71 0 33 75 83 66 86 0 0 88 29 82 43 83 0 0 77 0 65 70 0 0 24 0 89 35 56 0 0 7 0 0 74 51 0 60 0 0 0 0 98 0 
0 53 29 52 74 0 0 0 80 0 0 44 0 0 0 30 39 0 99 33 34 5 85 14 0 21 38 9 44 19 0 59 94 0 95 27 89 97 0 19 82 24 0 75 32 49 26 0 0 0 34 10 19 56 0 55 85 0 37 56 0 0 69 0 0 85 82 0 0 0 0 97 20 18 75 92 0 75 10 50 0 24 0 18 81 0 0 88 51 16 28 0 71 76 61 24 59 5 0 93 
0 86 85 32 76 33 30 53 94 0 83 69 0 0 0 0 48 51 58 83 4 0 51 64 0 69 91 0 0 92 0 67 47 62 34 0 0 77 94 0 0 0 0 33 0 72 0 0 9 0 26 70 0 63 0 0 78 48 0 0 7 81 99 25 92 5 57 0 0 0 4 70 77 0 27 15 0 0 94 0 14 0 0 0 0 80 0 0 0 0 79 0 0 48 31 0 88 55 37 0 
0 88 5 0 0 34 16 25 38 0 97 54 9 30 0 0 34 53 98 0 11 79 23 79 0 0 0 90 0 13 68 48 9 4 74 62 64 0 0 0 0 86 66 68 0 0 0 53 0 0 51 0 92 96 59 71 48 40 80 96 14 22 95 0 51 53 69 20 0 0 90 0 97 46 0 33 94 76 68 0 94 0 60 77 82 60 0 10 0 0 4 91 11 14 45 27 13 91 18 33 
0 0 38 27 12 0 86 34 39 28 85 0 1 39 48 34 0 18 64 80 0 0 0 10 0 0 31 0 77 0 0 66 0 0 44 59 0 0 48 12 0 28 100 0 0 0 0 52 0 44 29 37 61 0 85 76 26 75 0 0 11 75 70 0 0 0 95 40 66 90 0 0 0 18 67 72 39 0 39 73 0 23 10 29 9 15 0 1 79 0 68 26 0 0 74 73 0 0 8 0 
0 99 3 86 0 54 0 0 0 78 0 35 60 0 51 53 18 0 0 57 29 0 0 69 25 9 0 0 0 94 0 6 81 69 0 0 0 17 77 0 91 28 0 0 7 76 70 0 63 27 63 0 0 29 45 22 0 58 75 91 80 0 5 0 8 36 0 49 0 89 42 32 92 67 0 0 0 88 12 46 56 0 0 0 87 59 0 0 0 78 54 24 7 27 72 63 47 76 32 0 
0 0 0 0 0 97 0 46 15 54 33 12 0 99 58 98 64 0 0 0 0 0 97 0 0 3 0 0 0 91 0 88 0 0 66 0 39 49 0 0 0 0 82 5 75 27 94 0 3 44 25 0 0 22 17 0 65 93 99 30 0 63 27 67 49 0 0 9 38 0 57 28 56 44 0 0 56 23 91 0 76 25 9 90 62 80 0 27 54 29 0 26 2 49 34 77 0 0 0 79 
49 93 0 24 0 0 0 0 20 27 0 59 0 33 83 0 80 57 0 0 83 26 9 0 96 2 22 0 28 0 0 0 51 46 32 0 0 13 0 21 53 22 71 0 9 71 0 61 0 1 21 6 0 88 57 11 0 47 98 96 0 12 0 79 0 44 0 0 20 34 94 0 0 77 0 0 64 81 66 59 40 58 41 69 77 0 0 54 77 36 49 0 98 38 38 85 100 100 0 38 
0 76 40 18 0 0 0 0 0 36 46 0 95 34 4 11 0 29 0 83 0 45 3 73 0 22 0 0 65 0 66 0 37 0 29 66 0 74 91 0 93 0 0 59 100 82 46 100 0 61 71 32 24 41 0 0 48 0 54 18 44 9 0 0 33 70 0 34 37 42 89 50 0 0 100 0 0 0 0 100 0 43 0 22 24 3 24 0 91 0 19 0 41 90 59 21 0 58 17 0 
38 0 95 0 34 55 36 98 9 0 11 50 79 5 0 79 0 0 0 26 45 0 22 31 2 55 73 97 40 48 61 92 29 6 12 0 76 0 0 20 36 88 0 28 75 86 8 0 15 0 0 62 0 38 100 0 89 40 12 0 78 56 44 6 56 0 0 64 42 13 90 73 0 0 94 5 68 0 47 0 73 0 11 85 7 0 0 0 28 0 78 66 12 57 2 0 0 48 69 0 
0 5 35 4 0 63 14 13 0 21 0 0 0 85 51 23 0 0 97 9 3 22 0 0 0 91 96 40 87 27 0 31 0 65 23 10 0 0 0 24 47 78 24 0 25 61 0 25 0 0 0 0 26 0 75 47 62 33 61 0 27 0 57 59 0 89 0 55 0 0 0 23 66 0 91 0 0 1 58 0 0 51 0 15 91 0 72 13 27 50 0 0 85 96 5 0 30 0 0 0 
48 0 64 41 0 60 80 54 25 58 0 0 65 14 64 79 10 69 0 0 73 31 0 0 53 6 8 35 0 75 72 11 0 33 0 0 95 89 41 0 77 0 0 0 98 0 0 20 0 0 3 0 65 0 95 47 0 6 0 13 46 67 0 0 71 0 83 44 46 69 30 0 28 2 95 0 0 0 69 7 12 45 16 4 16 57 0 89 30 3 28 47 15 54 99 11 47 0 36 0 
0 69 0 13 0 0 33 66 74 0 0 8 69 0 0 0 0 25 0 96 0 2 0 53 0 27 100 0 18 62 82 0 4 0 0 32 61 20 8 0 20 0 0 97 36 25 57 51 0 4 50 0 0 0 45 0 0 1 62 85 95 58 34 59 55 0 62 57 0 0 74 64 65 85 0 0 0 35 0 73 12 38 44 20 0 0 53 0 0 53 0 59 31 76 48 0 29 73 65 82 
0 0 33 0 28 0 95 26 0 80 0 0 0 21 69 0 0 9 3 2 22 55 91 6 27 0 0 0 65 94 78 75 79 78 0 43 0 43 81 51 0 0 23 14 0 96 11 10 47 69 95 94 40 36 84 0 0 41 6 89 88 5 61 21 0 0 0 15 19 85 7 30 0 94 24 86 0 63 100 74 0 29 0 98 0 15 85 21 75 42 96 10 0 25 59 52 31 0 62 62 
0 0 52 26 10 97 0 95 85 0 18 58 0 38 91 0 31 0 0 22 0 73 96 8 100 0 0 0 73 0 100 4 22 33 44 55 0 67 93 0 0 0 100 2 76 26 30 0 0 0 78 0 0 0 0 43 28 0 93 35 92 81 0 0 33 87 0 0 87 0 50 2 0 0 61 48 19 55 0 86 91 19 59 0 0 0 0 0 14 79 29 72 0 0 74 0 0 78 69 5 
0 0 8 0 0 80 0 0 81 52 37 42 0 9 0 90 0 0 0 0 0 97 40 35 0 0 0 0 100 84 100 19 0 58 32 66 0 14 0 20 83 0 86 82 50 17 52 2 37 29 0 0 44 44 0 63 0 41 11 0 0 41 0 35 68 0 79 97 10 64 42 0 85 0 23 54 0 0 53 0 0 92 52 82 16 91 16 33 0 0 10 0 89 0 67 0 35 69 96 54 
3 40 0 0 0 0 56 38 0 91 11 69 0 44 0 0 77 0 0 28 65 40 87 0 18 65 73 100 0 0 42 47 18 4 0 0 0 75 85 0 0 0 0 62 41 74 0 33 49 9 51 0 0 36 55 52 0 63 99 0 56 30 0 62 0 0 44 76 26 78 0 91 10 0 79 0 0 0 0 20 52 63 0 89 82 0 63 92 42 59 48 0 80 0 0 51 76 0 0 64 
40 77 18 0 17 4 79 58 49 57 23 2 67 19 92 13 0 94 91 0 0 48 27 75 62 94 0 84 0 0 1 18 11 0 0 40 62 93 0 0 0 0 77 7 0 71 5 31 0 57 8 70 2 0 4 0 51 0 0 78 72 28 55 0 64 0 0 21 24 0 0 82 31 0 0 91 0 47 96 71 14 80 0 0 0 100 0 0 23 97 40 95 0 69 0 0 79 0 54 89 
52 22 33 32 63 0 0 68 11 24 82 62 0 0 0 68 0 0 0 0 66 61 0 72 82 78 100 100 42 1 0 93 36 8 21 88 65 82 18 97 46 96 0 0 59 52 0 5 0 0 18 41 8 47 0 37 9 0 61 58 1 0 0 0 19 73 10 42 19 0 0 11 85 27 58 13 58 0 0 96 0 54 0 15 20 0 29 24 73 47 8 17 39 95 34 51 0 47 83 0 
53 0 0 0 0 41 89 0 63 0 45 60 82 59 67 48 66 6 88 0 0 92 31 11 0 75 4 19 47 18 93 0 8 12 0 94 0 0 0 88 0 21 92 39 18 22 73 0 4 0 70 0 0 90 0 0 0 18 70 0 6 71 61 33 40 40 63 0 0 0 63 0 0 0 7 36 81 0 54 92 0 79 19 88 50 34 5 0 66 49 0 0 11 1 0 61 86 100 53 78 
3 0 68 96 73 69 22 6 100 85 0 0 0 94 47 9 0 81 0 51 37 29 0 0 4 79 22 0 18 11 36 8 0 9 32 0 0 8 0 11 64 90 55 0 64 21 0 0 45 71 0 0 8 0 0 93 0 3 20 0 3 52 51 96 94 98 36 64 0 42 86 0 10 0 0 77 0 56 0 2 33 0 64 67 33 0 87 82 0 32 64 60 4 47 17 62 20 43 0 40 
80 0 20 73 0 0 97 0 71 7 21 92 0 0 62 4 0 69 0 46 0 6 65 33 0 78 33 58 4 0 8 12 9 0 59 26 90 16 66 84 96 46 93 95 0 0 0 30 0 8 56 47 0 66 0 8 68 0 80 89 6 96 0 83 80 0 57 52 0 0 23 5 0 0 0 48 58 27 15 0 95 53 0 0 0 31 55 0 0 19 99 88 100 19 96 0 84 35 0 21 
31 95 53 0 27 31 0 13 0 0 0 30 71 95 34 74 44 0 66 32 29 12 23 0 0 0 44 32 0 0 21 0 32 59 0 0 55 4 53 25 0 75 0 0 0 40 0 0 22 4 31 50 84 2 97 27 0 26 0 0 10 0 23 0 0 0 40 0 98 30 0 33 93 17 82 0 52 76 0 94 25 0 47 9 0 0 66 52 0 70 55 62 0 56 97 89 0 8 71 32 
0 77 8 76 78 6 81 0 0 0 0 58 4 27 0 62 59 0 0 0 66 0 10 0 32 43 55 66 0 40 88 94 0 26 0 0 35 0 79 0 25 47 3 0 62 5 0 0 25 0 14 15 73 58 0 33 8 52 0 53 56 0 27 72 0 89 0 81 35 50 0 92 0 3 0 21 0 51 74 0 27 53 0 56 0 5 77 91 57 0 0 20 36 0 14 24 0 53 0 6 
0 0 81 39 12 0 0 44 0 40 3 75 2 89 0 64 0 0 39 0 0 76 0 95 61 0 0 0 0 62 65 0 0 90 55 35 0 18 12 81 80 0 2 75 0 14 0 2 0 0 50 0 87 33 0 42 18 0 79 56 0 41 0 0 35 69 53 72 43 1 95 37 83 0 53 46 77 0 21 0 0 44 1 0 4 0 87 0 53 0 0 25 53 67 0 70 70 0 50 18 
3 84 0 61 17 40 97 0 58 87 0 87 73 97 77 0 0 17 49 13 74 0 0 89 20 43 67 14 75 93 82 0 8 16 4 0 18 0 0 0 69 98 62 85 26 12 57 34 37 44 92 0 70 0 76 0 72 80 100 0 67 0 85 80 0 3 7 25 97 0 0 2 0 4 0 22 96 9 0 0 31 34 10 52 51 54 28 68 0 0 0 13 0 50 80 0 83 44 5 0 
0 92 0 27 0 50 0 52 93 98 0 27 29 0 94 0 48 77 0 0 91 0 0 41 8 81 93 0 85 0 18 0 0 66 53 79 12 0 0 55 0 8 97 100 36 75 25 0 0 0 0 0 38 0 28 88 37 85 74 31 48 0 34 0 25 0 92 4 0 28 0 64 0 99 0 71 0 25 62 95 49 96 27 34 0 72 48 0 64 47 54 85 26 42 0 0 28 0 1 100 
0 0 4 93 0 30 58 0 42 65 0 38 56 19 0 0 12 0 0 21 0 20 24 0 0 51 0 20 0 0 97 88 11 84 25 0 81 0 55 0 0 0 29 0 0 19 99 0 92 73 72 11 34 0 0 57 0 29 10 0 96 0 81 76 1 95 77 0 0 37 64 13 49 94 0 90 57 48 38 86 0 0 36 14 34 11 1 89 0 31 61 41 11 0 45 34 0 0 42 0 
31 25 0 0 0 63 39 0 2 35 0 51 0 82 0 0 0 91 0 53 93 36 47 77 20 0 0 83 0 0 46 0 64 96 0 25 80 69 0 0 0 51 0 0 0 95 0 0 7 0 0 14 0 0 86 0 38 0 0 68 31 16 0 29 0 60 30 0 0 82 0 39 86 0 0 31 0 83 0 80 60 0 35 73 7 21 17 64 0 30 12 63 42 0 0 97 0 0 53 93 
0 0 77 29 29 85 63 88 0 56 20 6 40 24 0 86 28 28 0 22 0 88 78 0 0 0 0 0 0 0 96 21 90 46 75 47 0 98 8 0 51 0 7 28 0 0 0 42 93 69 0 2 0 80 0 0 99 0 82 63 0 0 19 0 24 0 65 0 0 63 0 0 21 93 79 0 45 0 57 30 0 28 47 77 48 0 84 0 87 9 0 0 50 0 96 37 78 76 0 79 
86 35 11 20 97 0 19 11 0 0 47 19 84 0 0 66 100 0 82 71 0 0 24 0 0 23 100 86 0 77 0 92 55 93 0 3 2 62 97 29 0 7 0 11 54 0 17 70 0 62 27 61 22 0 26 64 8 0 80 77 14 0 54 99 8 15 57 34 40 94 28 0 80 0 26 23 0 37 0 0 0 0 7 92 10 0 33 0 76 0 0 59 0 66 21 60 71 88 0 89 
53 3 47 55 0 64 37 0 24 28 8 63 90 75 33 68 0 0 5 0 59 28 0 0 97 14 2 82 62 7 0 39 0 95 0 0 75 85 100 0 0 28 11 0 0 26 0 16 87 19 55 89 48 43 82 41 29 0 0 4 15 0 1 0 0 0 68 53 0 0 0 6 34 34 90 63 32 10 44 95 33 0 78 0 0 9 15 41 0 0 0 60 30 66 7 68 0 88 0 9 
6 73 51 26 6 90 85 58 0 0 16 0 71 32 0 0 0 7 75 9 100 75 25 98 36 0 76 50 41 0 59 18 64 0 0 62 0 26 36 0 0 0 54 0 0 0 88 60 22 52 0 98 19 0 0 0 0 44 41 18 85 57 0 75 73 88 57 3 23 43 85 19 37 47 0 5 0 25 100 0 0 79 0 16 13 59 60 76 0 33 85 0 51 45 0 46 68 0 0 45 
0 11 60 6 67 0 60 54 47 69 22 85 48 49 72 0 0 76 27 71 82 86 61 0 25 96 26 17 74 71 52 22 21 0 40 5 14 12 75 19 95 0 0 26 0 0 0 0 69 42 0 0 64 55 0 0 20 42 15 2 0 100 0 31 0 0 0 70 0 60 73 64 97 0 43 71 79 0 0 0 47 0 10 0 4 4 42 0 0 29 54 69 0 55 0 99 82 79 24 82 
95 0 0 0 68 85 83 0 11 84 0 0 0 26 0 0 0 70 94 0 46 8 0 0 57 11 30 52 0 5 0 73 0 0 0 0 0 57 25 99 0 0 17 0 88 0 0 29 0 0 8 94 0 0 0 0 97 90 28 57 63 0 41 79 72 59 33 86 4 0 0 0 0 62 19 0 0 0 14 42 9 0 0 0 0 99 99 59 74 0 23 44 20 11 52 31 5 64 27 0 
59 5 17 0 11 0 92 0 78 23 100 77 36 0 0 53 52 0 0 61 100 0 25 20 51 10 0 2 33 31 5 0 0 30 0 0 2 34 0 0 0 42 70 16 60 0 29 0 12 5 96 21 77 12 0 66 96 0 29 49 90 0 71 91 94 0 67 9 0 90 13 53 0 76 9 23 4 0 70 79 0 56 32 0 80 3 36 49 38 0 70 100 0 0 35 54 72 23 35 36 
0 57 20 28 0 0 20 24 0 83 68 0 56 0 9 0 0 63 3 0 0 15 0 0 0 47 0 37 49 0 0 4 45 0 22 25 0 37 0 92 7 93 0 87 22 69 0 12 0 47 61 93 26 0 26 15 85 1 5 64 18 32 0 0 0 0 31 0 25 69 76 0 6 0 83 25 28 19 0 0 0 78 52 7 9 75 0 13 0 0 80 35 3 83 0 0 0 81 0 0 
0 20 0 21 86 0 58 19 15 0 10 0 0 0 0 0 44 27 44 1 61 0 0 0 4 69 0 29 9 57 0 0 71 8 4 0 0 44 0 73 0 69 62 19 52 42 0 5 47 0 96 0 0 0 0 73 40 5 15 70 0 22 0 14 27 71 64 26 100 49 0 87 0 0 42 46 74 0 84 0 40 0 0 67 82 0 0 0 0 9 64 23 28 0 36 17 37 86 0 22 
69 13 87 72 0 49 0 0 65 89 28 0 93 34 26 51 29 63 25 21 71 0 0 3 50 95 78 0 51 8 18 70 0 56 31 14 50 92 0 72 0 0 27 55 0 0 8 96 61 96 0 0 0 24 71 76 0 0 68 0 65 96 0 37 79 0 0 21 90 59 99 0 76 84 84 25 77 15 54 57 0 23 0 69 0 51 95 54 76 24 27 47 11 20 0 47 0 0 0 43 
0 96 4 0 0 11 0 72 0 57 0 68 29 10 70 0 37 0 0 6 32 62 0 0 0 94 0 0 0 70 41 0 0 47 50 15 0 0 0 11 14 2 61 89 98 0 94 21 93 0 0 0 63 0 63 23 95 0 77 30 10 0 0 0 6 35 51 42 0 0 0 51 91 32 70 43 31 84 4 9 77 63 61 94 0 23 0 34 0 0 0 0 0 0 70 0 77 20 0 92 
28 95 0 35 93 45 72 46 0 94 44 0 0 19 0 92 61 0 0 0 24 0 26 65 0 40 0 44 0 2 8 0 8 0 84 73 87 70 38 34 0 0 22 48 19 64 0 77 26 0 0 63 0 0 5 0 7 23 8 61 47 0 3 0 0 0 0 55 20 0 24 76 0 28 58 77 34 89 30 0 95 0 80 79 0 30 0 0 0 0 0 92 15 65 9 0 81 48 56 0 
22 0 84 93 0 56 12 54 31 3 28 61 0 56 63 96 0 29 22 88 41 38 0 0 0 36 0 44 36 0 47 90 0 66 2 58 33 0 0 0 0 80 0 43 0 55 0 12 0 0 24 0 0 0 0 73 0 51 0 86 0 4 50 82 0 0 37 42 49 53 66 0 5 0 58 0 0 80 0 0 0 96 91 36 23 0 45 41 1 0 39 0 0 0 0 24 0 71 71 25 
0 0 0 0 18 33 18 33 0 0 15 6 61 0 0 59 85 45 17 57 0 100 75 95 45 84 0 0 55 4 0 0 0 0 97 0 0 76 28 0 86 0 26 82 0 0 0 0 26 0 71 63 5 0 0 24 0 0 0 0 0 0 0 75 85 48 19 9 52 20 97 70 0 0 0 10 0 0 0 0 0 0 0 32 55 11 61 73 0 19 45 0 49 0 81 83 79 0 0 19 
69 26 9 0 0 25 24 0 51 0 74 56 53 55 0 71 76 22 0 11 0 0 47 47 0 0 43 63 52 0 37 0 93 8 27 33 42 0 88 57 0 0 64 41 0 0 0 66 15 73 76 23 0 73 24 0 45 18 0 0 58 0 0 87 69 0 0 63 67 64 50 6 58 85 0 24 39 0 0 0 74 75 0 0 0 39 86 93 0 0 70 72 59 31 0 48 0 0 17 26 
2 0 0 17 83 55 92 16 0 52 0 75 55 85 78 48 26 0 65 0 48 89 62 0 0 0 28 0 0 51 9 0 0 68 0 8 18 72 37 0 38 99 8 29 0 20 97 96 85 40 0 95 7 0 0 45 0 0 72 0 0 40 64 24 0 14 60 7 55 47 36 0 0 0 0 16 86 8 0 31 9 0 0 0 0 41 69 61 82 18 0 94 97 14 0 0 0 74 10 37 
0 73 69 49 66 0 61 0 31 4 19 36 91 0 48 40 75 58 93 47 0 40 33 6 1 41 0 41 63 0 0 18 3 0 26 52 0 80 85 29 0 0 0 0 44 42 90 0 1 5 0 0 23 51 0 18 0 0 53 0 29 0 78 0 46 3 0 0 0 0 24 72 53 95 21 0 0 95 0 26 93 0 28 18 0 1 93 73 5 0 0 72 42 0 94 49 0 13 28 97 
12 31 67 15 0 51 0 0 65 27 74 0 71 37 0 80 0 75 99 98 54 12 61 0 62 6 93 11 99 0 61 70 20 80 0 0 79 100 74 10 0 82 80 0 41 15 28 29 5 15 68 77 8 0 0 0 72 53 0 17 0 69 0 15 0 58 0 0 56 0 0 81 0 95 26 0 38 56 3 36 0 78 75 83 5 73 0 95 34 36 7 17 100 0 0 63 0 0 37 100 
11 82 55 92 0 28 21 0 86 13 59 43 0 56 0 96 0 91 30 96 18 0 0 13 85 89 35 0 0 78 58 0 0 89 0 53 56 0 31 0 68 63 77 4 18 2 57 49 64 70 0 30 61 86 0 0 0 0 17 0 67 15 36 56 0 0 92 0 72 64 11 78 45 48 49 0 0 91 0 1 0 59 24 37 0 0 0 11 4 27 0 53 7 0 50 96 0 37 45 99 
77 17 0 0 44 81 67 66 0 0 1 3 33 0 7 14 11 80 0 0 44 78 27 46 95 88 92 0 56 72 1 6 3 6 10 56 0 67 48 96 31 0 14 15 85 0 63 90 18 0 65 10 47 0 0 58 0 29 0 67 0 88 13 27 40 37 48 0 39 0 94 90 60 30 0 4 73 91 0 0 60 0 0 93 0 82 0 45 0 0 0 21 75 47 64 49 11 0 69 45 
0 40 31 65 0 74 0 0 0 51 22 56 75 0 81 22 75 0 63 12 9 56 0 67 58 5 81 41 30 28 0 71 52 96 0 0 41 0 0 0 16 0 0 0 57 100 0 0 32 22 96 0 0 4 0 0 40 0 69 15 88 0 56 14 73 0 72 0 0 4 81 13 16 0 26 0 0 26 52 0 63 0 54 9 41 0 0 0 21 36 73 0 17 0 0 49 60 0 0 26 
0 52 58 52 0 66 19 11 99 0 88 58 83 69 99 95 70 5 27 0 0 44 57 0 34 61 0 0 0 55 0 61 51 0 23 27 0 85 34 81 0 19 54 1 0 0 41 71 0 0 0 0 3 50 0 0 64 78 0 36 13 56 0 94 21 0 0 0 96 27 78 15 0 0 48 0 0 29 66 66 4 53 33 1 85 56 0 0 0 0 44 0 66 0 68 98 28 25 0 0 
0 12 19 0 0 0 0 45 33 0 0 0 66 0 25 0 0 0 67 79 0 6 59 0 59 21 0 35 62 0 0 33 96 83 0 72 0 80 0 76 29 0 99 0 75 31 79 91 0 14 37 0 0 82 75 87 24 0 15 56 27 14 94 0 0 0 54 0 80 0 11 24 0 0 66 13 0 0 0 3 0 62 0 99 0 0 66 0 14 66 0 46 11 65 73 9 5 37 5 53 
65 0 0 0 0 4 11 0 82 0 89 70 86 0 92 51 0 8 49 0 33 56 0 71 55 0 33 68 0 64 19 40 94 80 0 0 35 0 25 1 0 24 8 0 73 0 72 94 0 27 79 6 0 0 85 69 0 46 0 0 40 73 21 0 0 94 0 0 0 40 0 0 0 0 0 64 80 67 0 0 3 35 86 0 66 79 0 0 32 23 61 60 40 0 0 0 39 0 84 15 
0 54 5 26 60 0 72 0 0 0 0 64 0 85 5 53 0 36 0 44 70 0 89 0 0 0 87 0 0 0 73 40 98 0 0 89 69 3 0 95 60 0 15 0 88 0 59 0 0 71 0 35 0 0 48 0 14 3 58 0 37 0 0 0 94 0 4 14 0 7 34 0 47 34 81 10 2 76 2 55 0 0 0 95 63 0 95 51 0 0 0 0 0 0 11 31 61 0 0 1 
0 0 0 98 65 0 44 0 0 54 0 38 0 82 57 69 95 0 0 0 0 0 0 83 62 0 0 79 44 0 10 63 36 57 40 0 53 7 92 77 30 65 57 68 57 0 33 67 31 64 0 51 0 37 19 0 60 0 0 92 48 72 0 54 0 4 0 41 0 15 53 0 0 67 0 74 54 97 85 39 28 0 35 53 86 72 77 0 0 51 40 0 36 70 34 3 51 4 87 83 
0 8 99 85 12 41 3 41 58 21 0 71 88 0 0 20 40 49 9 0 34 64 55 44 57 15 0 97 76 21 42 0 64 52 0 81 72 25 4 0 0 0 34 53 3 70 86 9 0 26 21 42 55 42 9 63 7 0 0 0 0 0 0 0 0 14 41 0 69 0 0 0 25 0 0 86 77 85 92 0 80 76 0 76 67 0 50 0 14 18 0 0 0 6 10 0 96 0 9 96 
39 63 92 21 0 5 0 62 43 0 99 8 29 0 0 0 66 0 38 20 37 42 0 46 0 19 87 10 26 24 19 0 0 0 98 35 43 97 0 0 0 0 40 0 23 0 4 0 25 100 90 0 20 49 52 67 55 0 56 72 39 0 96 80 0 0 0 69 0 0 22 93 0 70 0 16 27 0 95 55 0 97 9 23 46 0 60 0 0 0 0 52 0 0 58 29 0 0 43 0 
0 44 61 74 0 0 0 54 55 0 0 0 82 0 0 0 90 89 0 34 42 13 0 69 0 85 0 64 78 0 0 0 42 0 30 50 1 0 28 37 82 63 94 0 43 60 0 90 69 49 59 0 0 53 20 64 47 0 0 64 0 4 27 0 40 7 15 0 0 0 81 21 0 66 0 0 56 65 0 83 48 5 22 71 24 0 38 31 0 58 80 71 0 37 48 85 0 6 0 94 
0 0 0 96 7 0 0 0 0 47 100 95 43 0 4 90 0 42 57 94 89 90 0 30 74 7 50 42 0 0 0 63 86 23 0 0 95 0 0 64 0 0 28 0 85 73 0 13 76 0 99 0 24 66 97 50 36 24 0 11 94 81 78 11 0 34 53 0 22 81 0 9 6 0 77 45 59 40 0 0 0 0 72 0 14 0 56 0 81 73 5 0 0 62 15 21 42 0 98 0 
66 40 57 0 2 0 71 60 81 88 0 18 83 97 70 0 0 32 28 0 50 73 23 0 64 30 2 0 91 82 11 0 0 5 33 92 37 2 64 13 39 0 0 6 19 64 0 53 0 87 0 51 76 0 70 6 0 72 81 78 90 13 15 24 0 0 0 0 93 21 9 0 34 0 74 0 2 75 48 0 0 49 0 61 50 75 0 18 46 1 99 0 29 0 63 99 28 0 46 0 
25 76 0 89 82 0 85 0 0 90 64 0 0 20 77 97 0 92 56 0 0 0 66 28 65 0 0 85 10 31 85 0 10 0 93 0 83 0 0 49 86 21 80 34 37 97 0 0 6 0 76 91 0 5 0 58 0 53 0 45 60 16 0 0 0 47 0 25 0 0 6 34 0 94 83 0 0 56 87 72 93 85 39 51 0 7 48 0 13 54 28 97 0 85 0 46 24 57 0 13 
61 55 0 94 56 4 0 48 0 0 71 0 0 18 0 46 18 67 44 77 0 0 0 2 85 94 0 0 0 0 27 0 0 0 17 3 0 4 99 94 0 93 0 34 47 0 62 76 0 0 84 32 28 0 0 85 0 95 95 48 30 0 0 0 0 34 67 0 70 66 0 0 94 0 0 24 0 31 33 83 42 0 29 15 17 0 0 39 57 0 65 90 30 61 0 6 61 69 47 41 
0 46 50 0 90 20 0 0 98 53 0 20 77 75 27 0 67 0 0 0 100 94 91 95 0 24 61 23 79 0 58 7 0 0 82 0 53 0 0 0 0 79 26 90 0 43 19 9 83 42 84 70 58 58 0 0 0 21 26 49 0 26 48 66 0 81 0 0 0 0 77 74 83 0 0 72 42 13 94 64 0 0 0 82 100 0 0 33 0 0 0 0 78 0 43 12 97 20 0 31 
40 84 83 82 58 27 31 80 33 0 0 0 0 92 15 33 72 0 0 0 0 5 0 0 0 86 48 54 0 91 13 36 77 48 0 21 46 22 71 90 31 0 23 63 5 71 0 23 25 46 25 43 77 0 10 24 16 0 0 0 4 0 0 13 64 10 74 86 16 0 45 0 0 24 72 0 60 11 16 42 74 86 85 77 0 0 81 26 37 28 0 31 0 8 67 0 91 23 88 75 
0 76 98 100 41 95 33 0 0 19 0 0 65 0 0 94 39 0 56 64 0 68 0 0 0 0 19 0 0 0 58 81 0 58 52 0 77 96 0 57 0 45 0 32 0 79 0 4 28 74 77 31 34 0 0 39 86 0 38 0 73 0 0 0 80 2 54 77 27 56 59 2 0 0 42 60 0 0 0 0 16 85 0 0 49 37 58 58 98 2 0 25 0 0 11 53 100 0 70 84 
42 0 10 99 0 31 0 0 8 28 95 93 70 75 0 76 0 88 23 81 0 0 1 0 35 63 55 0 0 47 0 0 56 27 76 51 0 9 25 48 83 0 37 10 25 0 0 0 19 0 15 84 89 80 0 0 8 95 56 91 91 26 29 0 67 76 97 85 0 65 40 75 56 31 13 11 0 0 0 81 21 0 60 21 1 56 64 77 36 0 27 71 0 31 87 42 41 93 0 28 
0 15 73 0 0 76 18 95 28 50 0 83 0 10 94 68 39 12 91 66 0 47 58 69 0 100 0 53 0 96 0 54 0 15 0 74 21 0 62 38 0 57 0 44 100 0 14 70 0 84 54 4 30 0 0 0 0 0 3 0 0 52 66 0 0 2 85 92 95 0 0 48 87 33 94 16 0 0 0 31 76 36 39 0 0 86 24 9 0 0 0 0 0 0 64 0 0 69 61 0 
12 77 6 22 5 0 0 46 93 0 11 0 0 50 0 0 73 46 0 59 100 0 0 7 73 74 86 0 20 71 96 92 2 0 94 0 0 0 95 86 80 30 0 95 0 0 42 79 0 0 57 9 0 0 0 0 31 26 36 1 0 0 66 3 0 55 39 0 55 83 0 0 72 83 64 42 0 81 31 0 57 0 0 74 2 0 91 8 82 6 0 61 84 0 60 0 47 76 93 0 
65 0 34 65 71 36 66 62 46 0 0 71 24 0 14 94 0 56 76 40 0 73 0 12 12 0 91 0 52 14 0 0 33 95 25 27 0 31 49 0 60 0 0 33 0 47 9 0 0 40 0 77 95 0 0 74 9 93 0 0 60 63 4 0 3 0 28 80 0 48 0 0 93 42 0 74 16 21 76 57 0 78 0 84 31 0 0 0 6 13 10 0 79 83 54 26 69 98 0 74 
28 0 0 0 49 20 16 82 14 0 0 17 0 24 0 0 23 0 25 58 43 0 51 45 38 29 19 92 63 80 54 79 0 53 0 53 44 34 96 0 0 28 0 0 79 0 0 56 78 0 23 63 0 96 0 75 0 0 78 59 0 0 53 62 35 0 0 76 97 5 0 49 85 0 0 86 85 0 36 0 78 0 32 31 0 49 24 44 67 50 50 0 56 78 0 0 2 3 19 0 
0 10 0 29 76 54 0 86 50 5 0 76 89 0 0 60 10 0 9 41 0 11 0 16 44 0 59 52 0 0 0 19 64 0 47 0 1 10 27 36 35 47 7 78 0 10 0 32 52 0 0 61 80 91 0 0 0 28 75 24 0 54 33 0 86 0 35 0 9 22 72 0 39 29 0 85 0 60 39 0 0 32 0 13 67 6 0 0 0 33 76 0 20 95 79 7 4 16 95 65 
0 82 0 87 0 0 0 0 0 60 0 0 35 18 0 77 29 0 90 69 22 85 15 4 20 98 0 82 89 0 15 88 67 0 9 56 0 52 34 14 73 77 92 0 16 0 0 0 7 67 69 94 79 36 32 0 0 18 83 37 93 9 1 99 0 95 53 76 23 71 0 61 51 15 82 77 0 21 0 74 84 31 13 0 9 51 55 0 43 53 25 0 78 38 1 44 0 78 72 0 
0 38 0 0 0 22 31 0 45 55 46 93 56 81 0 82 9 87 62 77 24 7 91 16 0 0 0 16 82 0 20 50 33 0 0 0 4 51 0 34 7 48 10 0 13 4 0 80 9 82 0 0 0 23 55 0 0 0 5 0 0 41 85 0 66 63 86 67 46 24 14 50 0 17 100 0 49 1 0 2 31 0 67 9 0 71 30 37 95 75 0 88 19 26 0 52 39 63 0 77 
60 0 12 0 0 12 66 76 93 58 0 30 0 0 80 60 15 59 80 0 3 0 0 57 0 15 0 91 0 100 0 34 0 31 0 5 0 54 72 11 21 0 0 9 59 4 99 3 75 0 51 23 30 0 11 39 41 1 73 0 82 0 56 0 79 0 72 0 0 0 0 75 7 0 0 0 37 56 86 0 0 49 6 51 71 0 53 18 52 76 74 84 60 98 67 16 23 12 50 0 
0 36 18 65 50 45 19 42 61 0 73 23 0 0 0 0 0 0 0 0 24 0 72 0 53 85 0 16 63 0 29 5 87 55 66 77 87 28 48 1 17 84 33 15 60 42 99 36 0 0 95 0 0 45 61 86 69 93 0 0 0 0 0 66 0 95 77 50 60 38 56 0 48 0 0 81 58 64 24 91 0 24 0 55 30 53 0 0 76 98 44 0 0 39 18 29 35 60 0 92 
40 0 0 0 43 0 0 0 63 0 0 1 7 88 0 10 1 0 27 54 0 0 13 89 0 21 0 33 92 0 24 0 82 0 52 91 0 68 0 89 64 0 0 41 76 0 59 49 13 0 54 34 0 41 73 93 61 73 95 11 45 0 0 0 0 51 0 0 0 31 0 18 0 39 33 26 58 77 9 8 0 44 0 0 37 18 0 0 0 57 23 0 0 80 0 80 46 20 20 0 
0 83 0 29 38 32 0 0 8 83 0 0 0 51 0 0 79 0 54 77 91 28 27 30 0 75 14 0 42 23 73 66 0 0 0 57 53 0 64 0 0 87 76 0 0 0 74 38 0 0 76 0 0 1 0 0 82 5 34 4 0 21 0 14 32 0 0 14 0 0 81 46 13 57 0 37 98 36 0 82 6 67 0 43 95 52 76 0 0 54 36 28 0 23 73 0 0 76 64 0 
0 51 5 26 0 46 49 0 98 57 0 48 0 16 0 0 0 78 29 36 0 0 50 3 53 42 79 0 59 97 47 49 32 19 70 0 0 0 47 31 30 9 0 0 33 29 0 0 0 9 24 0 0 0 19 0 18 0 36 27 0 36 0 66 23 0 51 18 0 58 73 1 54 0 0 28 2 0 0 6 13 50 33 53 75 76 98 57 54 0 82 7 78 43 0 35 5 15 72 0 
81 69 19 85 0 0 51 16 87 0 0 0 74 28 79 4 68 54 0 49 19 78 0 28 0 96 29 10 48 40 8 0 64 99 55 0 0 0 54 61 12 0 0 0 85 54 23 70 80 64 27 0 0 39 45 70 0 0 7 0 0 73 44 0 61 0 40 0 0 80 5 99 28 65 0 0 0 27 0 0 10 50 76 25 0 74 44 23 36 82 0 0 5 92 80 80 100 0 64 97 
65 0 54 91 4 87 29 0 0 0 0 0 51 0 0 91 26 24 26 0 0 66 0 47 59 10 72 0 0 95 17 0 60 88 62 20 25 13 85 41 63 0 59 60 0 69 44 100 35 23 47 0 92 0 0 72 94 72 17 53 21 0 0 46 60 0 0 0 52 71 0 0 97 90 0 31 25 71 0 61 0 0 0 0 88 84 0 0 28 7 0 0 24 14 76 34 0 90 94 18 
62 70 0 0 0 66 0 66 0 1 3 0 0 71 0 11 0 7 2 98 41 12 85 15 31 0 0 89 80 0 39 11 4 100 0 36 53 0 26 11 42 50 0 30 51 0 20 0 3 28 11 0 15 0 49 59 97 42 100 7 75 17 66 11 40 0 36 0 0 0 0 29 0 30 78 0 0 0 0 84 79 56 20 78 19 60 0 0 0 78 5 24 0 52 31 79 56 69 0 98 
85 18 31 0 37 13 22 38 87 5 54 52 60 76 48 14 0 27 49 38 90 57 96 54 76 25 0 0 0 69 95 1 47 19 56 0 67 50 42 0 0 0 66 66 45 55 11 0 83 0 20 0 65 0 0 31 14 0 0 0 47 0 0 65 0 0 70 6 0 37 62 0 85 61 0 8 0 31 0 0 83 78 95 38 26 98 39 80 23 43 92 14 52 0 46 81 88 0 0 1 
0 48 30 0 87 81 0 60 0 93 3 0 0 61 31 45 74 72 34 38 59 2 5 99 48 59 74 67 0 0 34 0 17 96 97 14 0 80 0 45 0 96 21 7 0 0 52 35 0 36 0 70 9 0 81 0 0 94 0 50 64 0 68 73 0 11 34 10 58 48 15 63 0 0 43 67 11 87 64 60 54 0 79 1 0 67 18 0 73 0 80 76 31 46 0 60 56 51 2 0 
0 96 0 0 14 89 0 25 71 11 100 3 0 24 0 27 73 63 77 85 21 0 0 11 0 52 0 0 51 0 51 61 62 0 89 24 70 0 0 34 97 37 60 68 46 99 31 54 0 17 47 0 0 24 83 48 0 49 63 96 49 49 98 9 0 31 3 0 29 85 21 99 46 6 12 0 53 42 0 0 26 0 7 44 52 16 29 80 0 35 80 34 79 81 60 0 0 10 0 0 
54 71 39 46 0 86 56 4 79 59 64 10 0 59 88 13 0 47 0 100 0 0 30 47 29 31 0 35 76 79 0 86 20 84 0 0 70 83 28 0 0 78 71 0 68 82 5 72 0 37 0 77 81 0 79 0 0 0 0 0 11 60 28 5 39 61 51 96 0 0 42 28 24 61 97 91 100 41 0 47 69 2 4 0 39 23 35 46 0 5 100 0 56 88 56 0 0 0 0 0 
74 62 26 44 0 0 88 50 7 0 0 21 0 5 55 91 0 76 0 100 58 48 0 0 73 0 78 69 0 0 47 100 43 35 8 53 0 44 0 0 0 76 88 88 0 79 64 23 81 86 0 20 48 71 0 0 74 13 0 37 0 0 25 37 0 0 4 0 0 6 0 0 57 69 20 23 0 93 69 76 98 3 16 78 63 12 60 20 76 15 0 90 69 0 51 10 0 0 0 72 
18 78 36 78 0 69 0 38 0 0 50 0 98 0 37 18 8 32 0 0 17 69 0 36 65 62 69 96 0 54 83 53 0 0 71 0 50 5 1 42 53 0 0 0 0 24 27 35 0 0 0 0 56 71 0 17 10 28 37 45 69 0 0 5 84 0 87 9 43 0 98 46 0 47 0 88 70 0 61 93 0 19 95 72 0 50 0 20 64 72 64 94 0 0 2 0 0 0 0 80 
0 55 64 0 76 0 74 0 8 44 86 5 0 93 0 33 0 0 79 38 0 0 0 0 82 62 5 54 64 89 0 78 40 21 32 6 18 0 100 0 93 79 89 9 45 82 0 36 0 22 43 92 0 25 19 26 37 97 100 99 45 26 0 53 15 1 83 96 0 94 0 0 13 41 31 75 84 28 0 0 74 0 65 0 77 0 92 0 0 0 97 18 98 1 0 0 0 72 80 0 
