0 0 12 0 0 0 0 0 0 0 0 0 0 0 0 0 0 0 0 22 76 0 0 0 0 6 85 0 0 0 0 0 0 0 0 0 0 0 0 0 0 52 0 0 0 62 0 0 0 51 0 0 0 0 0 0 0 0 0 0 0 0 0 0 0 0 55 0 0 0 0 0 57 65 0 35 0 0 0 0 0 77 0 0 0 0 0 0 0 54 0 0 0 0 0 0 0 0 9 0 
0 0 0 0 0 0 44 19 0 0 0 0 0 0 51 0 0 0 0 0 0 0 0 0 0 0 0 0 0 0 0 0 0 0 0 0 0 78 16 0 0 0 0 0 0 0 0 0 0 77 0 0 0 0 0 0 3 15 73 0 0 0 38 0 0 0 0 0 0 0 0 0 0 0 34 28 0 0 0 0 53 0 0 0 93 0 0 0 0 0 0 0 0 47 0 0 0 0 0 0 
12 0 0 0 0 0 0 0 0 0 0 0 16 0 0 0 0 0 0 0 0 86 0 0 0 0 0 0 0 0 0 0 54 0 0 0 44 0 0 0 0 0 0 0 0 53 18 0 0 0 0 0 70 0 36 38 0 0 0 0 0 0 0 56 0 0 0 0 0 0 0 0 0 0 0 0 0 58 56 0 0 0 0 0 0 0 0 0 0 0 0 0 0 0 0 13 0 0 0 2 
0 0 0 0 33 0 0 0 0 0 0 0 20 23 0 0 0 0 72 0 0 0 0 1 0 0 85 0 57 0 0 0 0 0 0 0 0 0 0 0 0 0 0 0 0 0 0 0 0 0 0 37 0 92 0 0 0 0 0 50 0 0 0 0 0 0 0 0 0 0 0 0 0 0 0 93 90 0 0 0 0 0 0 0 0 61 0 0 0 0 0 0 0 0 0 48 14 0 0 0 
0 0 0 33 0 0 0 0 44 0 66 0 0 0 51 58 0 0 0 0 0 0 0 0 0 0 0 0 0 0 0 38 0 0 2 0 0 0 0 0 0 0 0 94 37 0 0 0 0 0 0 0 0 0 0 0 78 0 0 0 0 0 0 0 0 0 0 0 72 0 50 62 0 0 0 0 0 0 0 0 0 0 0 0 0 0 0 0 0 0 99 0 0 82 0 0 0 0 0 0 
0 0 0 0 0 0 0 0 0 0 0 0 0 0 24 0 0 21 0 0 0 0 0 19 0 0 0 5 0 24 0 0 12 0 0 0 0 0 0 0 0 0 58 0 0 60 0 0 0 0 0 0 0 95 0 0 0 0 0 0 0 0 0 0 0 0 0 0 0 0 0 0 0 0 0 0 0 0 0 96 39 57 0 0 0 0 0 0 0 62 0 0 0 0 0 0 0 0 0 0 
0 44 0 0 0 0 0 18 0 0 0 0 99 0 0 0 0 0 0 0 0 0 0 0 63 0 91 0 0 0 0 0 81 0 0 0 0 0 0 0 0 60 0 0 0 0 0 0 0 0 0 0 0 0 46 0 0 7 0 0 0 0 0 0 0 0 0 0 48 0 0 0 0 0 0 0 0 0 0 0 0 0 0 3 0 0 0 6 0 0 0 0 0 67 0 0 0 0 0 0 
0 19 0 0 0 0 18 0 0 0 0 0 0 0 41 0 0 0 0 0 0 0 0 96 0 0 0 12 0 0 0 0 0 0 0 0 0 0 0 0 0 53 0 0 0 0 0 0 49 0 0 0 0 0 0 80 0 0 0 24 0 0 0 0 0 0 0 99 0 0 0 0 40 0 0 0 78 0 0 0 0 0 0 0 57 0 0 0 0 0 0 92 0 0 0 0 68 0 0 0 
0 0 0 0 44 0 0 0 0 0 57 0 0 0 0 0 0 0 0 0 0 0 0 0 0 17 0 0 0 0 43 0 0 0 0 0 67 16 0 0 0 0 0 0 0 0 0 66 0 0 0 0 0 30 0 0 0 0 0 0 0 0 0 0 0 0 0 0 0 0 0 0 7 0 0 0 0 0 14 0 0 0 3 0 0 0 0 0 0 0 0 0 0 0 0 0 0 0 0 0 
0 0 0 0 0 0 0 0 0 0 0 90 0 0 0 0 0 0 0 0 0 0 0 0 18 98 0 0 0 0 0 0 0 60 0 0 0 0 0 0 0 0 0 0 0 0 75 0 0 48 61 0 0 3 0 0 0 0 0 99 0 0 0 0 0 0 0 13 0 0 0 0 0 0 0 0 0 0 0 0 42 0 0 0 0 0 0 30 0 44 0 0 0 0 0 42 88 0 0 0 
0 0 0 0 66 0 0 0 57 0 0 0 0 0 0 0 0 0 0 0 0 95 88 0 0 32 0 36 8 0 0 0 0 0 0 0 0 0 0 0 0 0 0 0 0 0 22 0 0 0 0 0 0 0 0 0 0 0 0 0 0 0 0 0 0 0 63 0 0 42 81 0 0 0 0 0 0 0 0 0 0 0 0 0 0 39 0 0 81 0 0 0 0 0 0 0 4 0 0 35 
0 0 0 0 0 0 0 0 0 90 0 0 0 86 0 0 0 77 0 0 0 0 0 0 11 0 0 0 0 0 0 0 0 0 0 0 0 0 0 0 0 0 49 95 0 0 0 0 85 0 0 0 0 8 6 0 0 0 0 0 0 0 80 0 23 0 0 0 0 58 0 0 0 0 0 0 0 0 0 69 0 0 0 0 0 0 0 0 88 0 0 0 0 15 0 0 0 0 0 0 
0 0 16 20 0 0 99 0 0 0 0 0 0 0 0 0 0 0 0 0 0 56 0 59 0 0 23 0 56 0 0 0 0 0 0 0 0 0 0 0 0 0 0 0 0 0 0 0 0 0 0 0 77 0 0 0 66 0 0 0 0 0 0 0 0 0 73 0 0 0 0 0 0 0 0 0 0 61 41 0 0 0 4 0 0 0 0 0 39 0 0 0 0 0 0 0 0 0 0 0 
0 0 0 23 0 0 0 0 0 0 0 86 0 0 0 0 0 0 0 0 97 0 0 0 0 0 0 0 97 0 0 0 0 17 0 86 0 0 0 38 0 0 0 0 0 0 0 72 0 0 0 0 0 0 0 0 0 0 0 0 0 0 0 0 0 0 30 53 0 0 0 0 0 0 0 0 67 0 0 0 0 0 0 0 0 0 86 0 0 0 0 74 0 0 0 0 0 0 66 19 
0 51 0 0 51 24 0 41 0 0 0 0 0 0 0 81 0 0 0 0 0 75 0 0 0 0 0 0 0 0 0 0 0 0 0 0 0 36 0 0 0 0 0 0 0 0 0 0 0 0 0 0 32 0 0 0 0 0 0 0 0 0 0 56 0 0 0 0 86 0 0 0 0 0 0 76 30 0 0 0 0 87 0 0 0 0 0 0 0 0 0 0 0 0 0 0 61 0 0 95 
0 0 0 0 58 0 0 0 0 0 0 0 0 0 81 0 0 0 51 0 0 0 0 0 0 87 0 0 0 0 0 0 0 0 0 0 0 0 47 0 0 0 0 0 12 0 0 90 0 0 0 0 0 0 0 0 0 0 0 0 0 0 0 0 0 0 36 0 0 0 1 86 0 0 0 0 0 0 0 0 0 0 0 0 5 0 5 0 0 0 73 4 0 0 0 0 0 0 0 0 
0 0 0 0 0 0 0 0 0 0 0 0 0 0 0 0 0 41 0 0 0 0 60 0 0 0 0 0 0 0 0 0 99 0 90 0 0 0 0 0 0 0 0 0 0 0 0 0 0 80 0 0 35 0 0 0 0 0 0 0 0 0 0 0 0 0 0 0 0 0 0 83 0 0 0 0 0 35 0 0 0 0 68 84 68 0 0 0 0 0 0 0 41 0 0 0 0 0 0 0 
0 0 0 0 0 21 0 0 0 0 0 77 0 0 0 0 41 0 0 0 0 0 41 27 0 0 79 58 63 0 0 0 0 0 0 0 0 0 0 82 0 0 0 0 0 0 0 0 0 0 27 0 0 0 0 41 0 0 0 0 0 0 0 0 0 0 0 0 0 0 0 80 0 0 0 0 49 0 78 0 0 0 0 0 0 95 0 0 0 0 0 0 0 0 0 0 0 0 0 0 
0 0 0 72 0 0 0 0 0 0 0 0 0 0 0 51 0 0 0 0 0 0 0 0 0 92 0 0 0 0 0 0 0 0 0 0 80 0 0 0 0 0 0 0 0 0 0 0 0 0 13 33 77 67 0 0 0 0 0 0 0 0 0 61 64 54 0 0 0 0 0 29 0 28 0 0 23 0 0 0 0 0 0 0 0 0 0 0 0 0 0 0 0 0 0 0 0 0 10 0 
22 0 0 0 0 0 0 0 0 0 0 0 0 0 0 0 0 0 0 0 0 0 0 0 11 0 0 0 0 0 0 0 0 0 0 0 86 0 0 0 4 0 0 83 0 50 0 46 0 0 0 0 0 0 0 0 91 0 0 0 0 0 0 0 74 0 63 0 0 0 0 0 0 0 0 0 0 0 0 0 0 0 54 0 0 36 0 0 0 26 0 0 0 0 0 56 0 0 0 0 
76 0 0 0 0 0 0 0 0 0 0 0 0 97 0 0 0 0 0 0 0 0 0 0 0 0 0 0 0 71 0 0 0 0 0 0 0 0 0 0 0 0 0 0 0 0 0 44 0 0 0 0 0 0 0 0 0 0 0 0 0 38 0 57 0 0 67 0 0 0 79 0 0 0 13 4 0 0 0 0 0 0 0 0 84 0 96 0 0 0 69 0 0 0 0 0 0 0 0 0 
0 0 86 0 0 0 0 0 0 0 95 0 56 0 75 0 0 0 0 0 0 0 0 0 0 0 0 0 0 0 91 0 0 0 0 0 0 0 0 50 0 0 17 0 0 0 0 58 0 0 64 0 0 0 0 0 0 61 0 0 0 0 52 0 0 94 0 0 0 0 0 0 0 0 0 46 0 0 0 0 0 0 0 0 0 45 92 0 0 0 0 0 0 0 0 0 0 0 0 0 
0 0 0 0 0 0 0 0 0 0 88 0 0 0 0 0 60 41 0 0 0 0 0 68 0 77 0 0 0 0 0 0 0 0 0 0 0 0 0 0 88 0 0 0 0 0 0 0 0 0 0 0 0 0 0 5 0 0 0 0 0 0 0 52 0 0 0 0 59 0 47 0 0 0 0 0 0 0 0 0 0 0 0 0 0 2 0 1 50 0 0 0 98 0 0 0 0 0 0 49 
0 0 0 1 0 19 0 96 0 0 0 0 59 0 0 0 0 27 0 0 0 0 68 0 0 0 0 0 0 0 0 0 0 0 0 0 0 0 0 0 0 0 0 0 0 0 0 0 0 0 0 0 0 0 0 0 0 93 43 0 0 0 0 23 0 46 0 0 0 0 0 0 0 0 0 0 0 0 0 75 0 0 0 0 0 0 56 0 0 0 40 0 0 0 0 0 48 0 0 0 
0 0 0 0 0 0 63 0 0 18 0 11 0 0 0 0 0 0 0 11 0 0 0 0 0 0 0 0 0 0 87 0 0 0 0 61 0 0 5 0 0 83 0 0 0 0 0 0 0 0 0 0 0 0 0 0 53 37 0 100 0 0 32 0 0 0 0 0 0 42 0 0 0 0 0 0 0 0 0 0 86 0 0 78 0 0 0 0 0 0 0 0 0 0 0 0 0 0 0 0 
6 0 0 0 0 0 0 0 17 98 32 0 0 0 0 87 0 0 92 0 0 0 77 0 0 0 0 0 0 0 0 0 45 0 0 0 0 10 70 0 0 0 20 0 0 0 0 12 75 0 0 0 0 0 0 0 0 0 0 0 0 0 0 0 0 0 0 0 0 0 0 0 0 0 0 0 0 0 0 0 99 0 0 0 0 0 0 0 0 0 0 0 0 0 43 0 0 0 0 0 
85 0 0 85 0 0 91 0 0 0 0 0 23 0 0 0 0 79 0 0 0 0 0 0 0 0 0 24 0 0 0 0 0 0 70 0 0 0 0 0 0 0 0 0 0 0 0 0 0 0 0 4 34 0 12 0 0 0 0 0 43 0 0 0 44 0 0 0 0 0 0 0 0 0 0 0 0 97 0 0 0 0 0 0 0 0 0 0 0 0 0 0 0 0 0 0 0 67 0 74 
0 0 0 0 0 5 0 12 0 0 36 0 0 0 0 0 0 58 0 0 0 0 0 0 0 0 24 0 0 0 0 75 0 0 0 0 0 0 0 0 0 0 0 0 0 0 2 0 0 6 0 0 0 57 0 0 0 0 0 0 0 0 0 0 85 0 0 36 0 0 0 0 0 55 0 0 0 0 0 0 2 81 0 0 0 0 40 0 0 0 0 0 0 0 0 0 0 0 0 0 
0 0 0 57 0 0 0 0 0 0 8 0 56 97 0 0 0 63 0 0 0 0 0 0 0 0 0 0 0 0 0 0 0 0 0 0 0 0 0 0 0 0 0 0 0 0 0 0 40 0 0 0 0 0 0 0 0 0 0 0 20 0 0 0 0 0 0 91 0 0 0 0 0 5 0 0 0 0 0 0 0 0 0 0 0 0 0 0 0 2 0 0 0 0 13 0 0 0 32 0 
0 0 0 0 0 24 0 0 0 0 0 0 0 0 0 0 0 0 0 0 71 0 0 0 0 0 0 0 0 0 0 0 0 0 0 0 0 0 0 0 0 0 0 0 0 55 54 97 0 0 0 0 0 0 0 67 0 86 97 17 0 0 0 0 0 0 0 0 0 0 0 0 39 0 0 0 0 0 81 0 0 0 0 0 0 0 0 0 0 0 0 0 0 0 31 64 0 0 0 0 
0 0 0 0 0 0 0 0 43 0 0 0 0 0 0 0 0 0 0 0 0 91 0 0 87 0 0 0 0 0 0 0 0 0 0 93 81 0 0 0 0 73 0 0 0 0 10 0 0 0 0 0 0 92 0 0 0 0 0 0 0 0 0 0 0 0 0 0 0 0 0 0 0 0 0 5 0 0 0 82 0 0 0 0 76 0 38 15 0 0 0 0 0 0 0 0 0 0 0 0 
0 0 0 0 38 0 0 0 0 0 0 0 0 0 0 0 0 0 0 0 0 0 0 0 0 0 0 75 0 0 0 0 31 28 0 25 0 0 0 0 0 0 0 0 0 55 0 0 92 0 0 0 27 0 0 0 0 0 0 0 40 0 86 0 0 0 20 0 0 0 0 33 67 0 0 0 0 0 0 58 0 0 0 0 0 0 0 0 17 0 0 0 0 0 0 0 0 0 0 0 
0 0 54 0 0 12 81 0 0 0 0 0 0 0 0 0 99 0 0 0 0 0 0 0 0 45 0 0 0 0 0 31 0 0 0 0 12 98 0 0 0 0 0 0 0 2 0 0 0 0 0 0 0 0 41 0 0 0 0 11 0 0 0 0 0 0 0 18 0 0 0 0 0 0 0 0 0 0 0 0 0 48 0 0 0 0 0 0 0 0 0 0 10 0 0 0 0 0 0 0 
0 0 0 0 0 0 0 0 0 60 0 0 0 17 0 0 0 0 0 0 0 0 0 0 0 0 0 0 0 0 0 28 0 0 0 0 4 0 0 0 0 0 0 72 0 0 0 0 38 0 0 0 59 0 0 0 0 0 0 0 0 27 0 0 84 38 0 0 62 0 17 0 0 0 0 0 0 60 0 0 92 0 0 0 0 0 0 0 0 0 57 0 0 0 0 0 0 0 0 0 
0 0 0 0 2 0 0 0 0 0 0 0 0 0 0 0 90 0 0 0 0 0 0 0 0 0 70 0 0 0 0 0 0 0 0 0 0 0 0 22 0 0 11 0 0 60 76 0 0 0 0 0 0 0 0 49 0 3 0 0 0 0 0 0 0 58 0 94 0 63 0 0 0 0 0 0 0 0 0 0 0 0 0 0 0 0 0 0 0 98 0 0 0 33 0 56 0 0 0 0 
0 0 0 0 0 0 0 0 0 0 0 0 0 86 0 0 0 0 0 0 0 0 0 0 61 0 0 0 0 0 93 25 0 0 0 0 0 0 0 0 13 0 0 0 11 0 0 0 11 92 0 65 0 46 0 0 0 0 0 0 0 0 0 0 0 0 0 0 0 47 0 0 0 0 55 0 0 37 0 0 0 0 0 0 0 0 0 0 0 0 0 0 0 0 55 0 0 0 0 0 
0 0 44 0 0 0 0 0 67 0 0 0 0 0 0 0 0 0 80 86 0 0 0 0 0 0 0 0 0 0 81 0 12 4 0 0 0 77 0 76 0 0 0 0 0 0 0 0 63 0 0 0 0 0 0 0 0 0 0 0 0 0 0 0 0 0 0 0 27 0 0 0 0 0 0 0 0 0 0 0 0 0 0 5 0 0 0 0 0 0 0 0 0 0 14 83 0 0 0 57 
0 78 0 0 0 0 0 0 16 0 0 0 0 0 36 0 0 0 0 0 0 0 0 0 0 10 0 0 0 0 0 0 98 0 0 0 77 0 0 0 0 0 0 0 0 0 51 0 0 0 0 0 0 0 0 0 0 0 0 0 0 0 68 0 0 0 1 0 57 52 61 0 0 0 0 0 0 0 0 29 0 0 0 95 0 0 0 0 0 0 0 0 0 0 0 21 0 0 0 0 
0 16 0 0 0 0 0 0 0 0 0 0 0 0 0 47 0 0 0 0 0 0 0 0 5 70 0 0 0 0 0 0 0 0 0 0 0 0 0 0 46 0 0 0 0 0 0 0 0 0 0 0 32 0 0 0 0 0 0 0 0 54 0 0 0 78 0 36 0 0 0 0 0 0 44 0 0 93 51 0 0 0 0 0 0 0 0 51 0 0 0 0 0 0 0 0 0 0 0 0 
0 0 0 0 0 0 0 0 0 0 0 0 0 38 0 0 0 82 0 0 0 50 0 0 0 0 0 0 0 0 0 0 0 0 22 0 76 0 0 0 0 0 0 0 0 0 0 0 0 0 0 0 0 0 0 0 0 0 0 0 0 0 0 70 0 4 0 0 0 0 0 0 0 0 0 100 0 0 0 0 0 0 0 0 0 0 0 0 0 0 93 0 29 0 80 0 0 0 0 0 
0 0 0 0 0 0 0 0 0 0 0 0 0 0 0 0 0 0 0 4 0 0 88 0 0 0 0 0 0 0 0 0 0 0 0 13 0 0 46 0 0 77 0 0 0 0 0 0 0 37 0 0 0 95 0 0 0 0 0 0 0 0 0 0 0 50 0 0 0 0 0 0 0 0 0 0 0 0 0 0 0 0 0 0 0 0 0 0 0 53 0 8 0 0 0 0 0 0 49 15 
52 0 0 0 0 0 60 53 0 0 0 0 0 0 0 0 0 0 0 0 0 0 0 0 83 0 0 0 0 0 73 0 0 0 0 0 0 0 0 0 77 0 0 0 3 0 0 0 0 0 83 0 0 0 0 0 0 0 0 0 0 39 0 0 0 0 0 0 0 0 0 0 64 0 0 0 0 0 0 0 0 0 28 0 0 0 0 0 0 0 0 0 0 0 0 0 0 0 0 0 
0 0 0 0 0 58 0 0 0 0 0 49 0 0 0 0 0 0 0 0 0 17 0 0 0 20 0 0 0 0 0 0 0 0 11 0 0 0 0 0 0 0 0 0 76 0 0 0 0 0 0 25 0 0 0 0 0 0 31 0 0 0 0 0 0 0 0 0 0 0 0 0 0 0 26 0 0 0 0 0 0 0 0 89 0 96 97 0 0 34 0 93 0 0 0 48 0 0 0 0 
0 0 0 0 94 0 0 0 0 0 0 95 0 0 0 0 0 0 0 83 0 0 0 0 0 0 0 0 0 0 0 0 0 72 0 0 0 0 0 0 0 0 0 0 0 0 0 0 0 0 0 11 0 0 0 0 22 0 0 0 0 0 0 0 0 0 0 0 0 0 0 100 0 24 0 0 30 0 0 0 0 0 0 0 0 0 6 0 0 0 0 0 0 0 0 0 0 0 0 69 
0 0 0 0 37 0 0 0 0 0 0 0 0 0 0 12 0 0 0 0 0 0 0 0 0 0 0 0 0 0 0 0 0 0 0 11 0 0 0 0 0 3 76 0 0 0 0 0 0 0 29 0 0 0 0 0 8 0 0 0 0 0 0 0 0 0 0 0 0 0 73 100 0 0 0 21 0 0 0 7 98 0 0 0 0 38 0 6 0 0 0 0 0 0 0 0 0 0 0 0 
62 0 53 0 0 60 0 0 0 0 0 0 0 0 0 0 0 0 0 50 0 0 0 0 0 0 0 0 0 55 0 55 2 0 60 0 0 0 0 0 0 0 0 0 0 0 83 0 0 0 0 0 0 33 0 0 0 0 27 0 0 0 0 0 0 0 0 0 0 0 0 0 0 0 0 0 0 0 0 0 0 98 0 34 0 0 0 0 0 0 0 0 0 0 0 0 20 22 0 0 
0 0 18 0 0 0 0 0 0 75 22 0 0 0 0 0 0 0 0 0 0 0 0 0 0 0 0 2 0 54 10 0 0 0 76 0 0 51 0 0 0 0 0 0 0 83 0 0 0 0 0 43 0 0 0 0 0 0 0 0 0 0 0 0 0 0 0 0 46 0 86 0 32 0 0 0 0 0 0 0 0 0 0 0 0 0 0 0 55 74 0 0 0 0 0 0 0 0 0 0 
0 0 0 0 0 0 0 0 66 0 0 0 0 72 0 90 0 0 0 46 44 58 0 0 0 12 0 0 0 97 0 0 0 0 0 0 0 0 0 0 0 0 0 0 0 0 0 0 65 75 0 0 0 0 0 0 0 0 0 0 0 0 0 0 0 0 0 0 0 0 0 0 0 0 0 0 0 0 0 0 0 0 0 0 0 0 0 0 0 0 0 15 0 0 0 0 0 0 0 0 
0 0 0 0 0 0 0 49 0 0 0 85 0 0 0 0 0 0 0 0 0 0 0 0 0 75 0 0 40 0 0 92 0 38 0 11 63 0 0 0 0 0 0 0 0 0 0 65 0 37 0 0 0 0 0 0 0 0 0 0 0 49 0 0 0 0 0 0 0 0 100 0 0 0 80 0 0 0 0 0 0 0 0 0 0 0 0 0 0 0 0 0 0 0 0 0 0 0 0 0 
51 77 0 0 0 0 0 0 0 48 0 0 0 0 0 0 80 0 0 0 0 0 0 0 0 0 0 6 0 0 0 0 0 0 0 92 0 0 0 0 37 0 0 0 0 0 0 75 37 0 0 0 0 0 0 0 0 0 0 0 0 0 0 0 0 81 0 0 0 78 70 0 0 0 0 0 0 0 0 0 0 0 0 0 0 0 0 0 0 0 0 0 0 0 0 29 0 0 96 3 
0 0 0 0 0 0 0 0 0 61 0 0 0 0 0 0 0 27 13 0 0 64 0 0 0 0 0 0 0 0 0 0 0 0 0 0 0 0 0 0 0 83 0 0 29 0 0 0 0 0 0 0 0 0 0 0 0 0 0 0 0 0 69 0 0 0 0 0 0 0 0 0 55 0 4 0 0 0 12 0 0 0 0 0 0 23 0 89 0 0 0 0 15 0 0 2 0 0 0 0 
0 0 0 37 0 0 0 0 0 0 0 0 0 0 0 0 0 0 33 0 0 0 0 0 0 0 4 0 0 0 0 0 0 0 0 65 0 0 0 0 0 0 25 11 0 0 43 0 0 0 0 0 58 0 0 0 0 0 0 0 0 0 27 28 0 0 0 0 0 0 0 0 0 0 0 0 0 0 33 8 0 0 0 0 0 0 0 51 0 0 0 0 0 0 79 0 0 0 63 0 
0 0 70 0 0 0 0 0 0 0 0 0 77 0 32 0 35 0 77 0 0 0 0 0 0 0 34 0 0 0 0 27 0 59 0 0 0 0 32 0 0 0 0 0 0 0 0 0 0 0 0 58 0 0 0 0 0 0 0 0 0 0 0 0 0 0 0 82 83 0 0 0 0 0 0 88 0 0 0 0 0 0 0 65 0 0 0 0 0 0 64 0 0 0 0 0 0 0 0 0 
0 0 0 92 0 95 0 0 30 3 0 8 0 0 0 0 0 0 67 0 0 0 0 0 0 0 0 57 0 0 92 0 0 0 0 46 0 0 0 0 95 0 0 0 0 33 0 0 0 0 0 0 0 0 0 0 0 0 0 0 0 40 65 0 0 0 0 55 0 0 0 0 0 0 0 0 0 0 0 0 0 0 0 0 0 61 0 0 0 0 0 0 0 0 0 0 0 0 0 0 
0 0 36 0 0 0 46 0 0 0 0 6 0 0 0 0 0 0 0 0 0 0 0 0 0 0 12 0 0 0 0 0 41 0 0 0 0 0 0 0 0 0 0 0 0 0 0 0 0 0 0 0 0 0 0 0 0 11 37 98 0 0 0 0 0 0 0 0 0 0 0 0 0 0 0 0 0 0 0 0 0 0 0 0 0 32 0 0 0 0 0 34 0 0 93 0 0 0 0 0 
0 0 38 0 0 0 0 80 0 0 0 0 0 0 0 0 0 41 0 0 0 0 5 0 0 0 0 0 0 67 0 0 0 0 49 0 0 0 0 0 0 0 0 0 0 0 0 0 0 0 0 0 0 0 0 0 0 0 41 0 0 0 0 0 89 0 0 0 0 0 0 0 0 0 0 0 0 0 78 0 0 0 0 0 15 0 0 35 0 0 0 0 0 0 0 0 0 0 49 0 
0 3 0 0 78 0 0 0 0 0 0 0 66 0 0 0 0 0 0 91 0 0 0 0 53 0 0 0 0 0 0 0 0 0 0 0 0 0 0 0 0 0 0 22 8 0 0 0 0 0 0 0 0 0 0 0 0 0 12 0 0 0 0 0 0 0 0 0 0 35 0 0 0 51 0 0 0 0 0 0 0 0 0 0 0 0 0 0 0 0 0 0 0 0 0 0 0 0 0 0 
0 15 0 0 0 0 7 0 0 0 0 0 0 0 0 0 0 0 0 0 0 61 0 93 37 0 0 0 0 86 0 0 0 0 3 0 0 0 0 0 0 0 0 0 0 0 0 0 0 0 0 0 0 0 11 0 0 0 0 0 0 0 0 0 0 0 0 0 0 39 0 0 0 0 0 0 0 0 33 0 0 0 0 0 0 0 17 0 0 0 0 0 0 0 0 0 0 0 0 0 
0 73 0 0 0 0 0 0 0 0 0 0 0 0 0 0 0 0 0 0 0 0 0 43 0 0 0 0 0 97 0 0 0 0 0 0 0 0 0 0 0 0 31 0 0 27 0 0 0 0 0 0 0 0 37 41 12 0 0 0 0 0 0 0 88 0 0 0 0 0 0 0 78 0 8 41 0 0 74 0 0 0 0 0 0 0 0 0 35 0 0 0 0 0 0 0 69 0 0 0 
0 0 0 50 0 0 0 24 0 99 0 0 0 0 0 0 0 0 0 0 0 0 0 0 100 0 0 0 0 17 0 0 11 0 0 0 0 0 0 0 0 0 0 0 0 0 0 0 0 0 0 0 0 0 98 0 0 0 0 0 0 0 0 0 53 0 0 0 0 0 0 0 0 0 0 0 0 0 0 64 90 0 34 0 0 0 0 0 0 0 0 0 1 0 2 0 0 0 0 0 
0 0 0 0 0 0 0 0 0 0 0 0 0 0 0 0 0 0 0 0 0 0 0 0 0 0 43 0 20 0 0 40 0 0 0 0 0 0 0 0 0 0 0 0 0 0 0 0 0 0 0 0 0 0 0 0 0 0 0 0 0 0 0 0 0 0 0 0 0 12 61 0 0 0 0 0 0 0 0 0 0 0 35 0 0 0 0 0 0 0 0 0 0 0 0 89 0 0 0 0 
0 0 0 0 0 0 0 0 0 0 0 0 0 0 0 0 0 0 0 0 38 0 0 0 0 0 0 0 0 0 0 0 0 27 0 0 0 0 54 0 0 39 0 0 0 0 0 0 49 0 0 0 0 40 0 0 0 0 0 0 0 0 0 0 0 0 0 0 0 0 0 0 0 0 58 7 0 0 0 0 34 0 0 0 72 0 0 0 13 0 0 0 89 0 0 0 0 0 0 0 
0 38 0 0 0 0 0 0 0 0 0 80 0 0 0 0 0 0 0 0 0 52 0 0 32 0 0 0 0 0 0 86 0 0 0 0 0 68 0 0 0 0 0 0 0 0 0 0 0 0 69 27 0 65 0 0 0 0 0 0 0 0 0 0 0 0 0 0 0 0 0 0 0 0 0 0 0 0 0 0 0 0 0 0 0 0 86 0 0 89 0 0 0 0 0 0 0 0 0 0 
0 0 56 0 0 0 0 0 0 0 0 0 0 0 56 0 0 0 61 0 57 0 52 23 0 0 0 0 0 0 0 0 0 0 0 0 0 0 0 70 0 0 0 0 0 0 0 0 0 0 0 28 0 0 0 0 0 0 0 0 0 0 0 0 0 0 0 0 0 0 0 12 76 0 0 0 60 0 0 0 0 0 37 0 0 0 0 0 0 0 0 0 0 0 74 0 0 39 0 0 
0 0 0 0 0 0 0 0 0 0 0 23 0 0 0 0 0 0 64 74 0 0 0 0 0 0 44 85 0 0 0 0 0 84 0 0 0 0 0 0 0 0 0 0 0 0 0 0 0 0 0 0 0 0 0 89 0 0 88 53 0 0 0 0 0 0 0 0 34 0 0 0 0 0 26 0 0 0 100 0 0 0 0 0 0 0 0 0 0 0 0 0 0 0 92 0 0 0 0 0 
0 0 0 0 0 0 0 0 0 0 0 0 0 0 0 0 0 0 54 0 0 94 0 46 0 0 0 0 0 0 0 0 0 38 58 0 0 0 78 4 50 0 0 0 0 0 0 0 0 81 0 0 0 0 0 0 0 0 0 0 0 0 0 0 0 0 0 0 0 0 0 0 0 0 0 0 0 0 0 51 0 0 0 0 0 0 0 0 0 0 0 0 0 0 0 0 0 0 93 0 
55 0 0 0 0 0 0 0 0 0 63 0 73 30 0 36 0 0 0 63 67 0 0 0 0 0 0 0 0 0 0 20 0 0 0 0 0 1 0 0 0 0 0 0 0 0 0 0 0 0 0 0 0 0 0 0 0 0 0 0 0 0 0 0 0 0 0 0 0 0 0 0 0 0 0 0 76 0 0 0 67 0 99 0 0 0 0 0 0 0 0 85 0 59 0 0 71 0 0 0 
0 0 0 0 0 0 0 99 0 13 0 0 0 53 0 0 0 0 0 0 0 0 0 0 0 0 0 36 91 0 0 0 18 0 94 0 0 0 36 0 0 0 0 0 0 0 0 0 0 0 0 0 82 55 0 0 0 0 0 0 0 0 0 0 0 0 0 0 0 0 20 0 0 0 0 0 0 0 0 0 0 0 0 0 0 0 0 0 0 0 0 0 0 0 0 53 0 0 20 0 
0 0 0 0 72 0 48 0 0 0 0 0 0 0 86 0 0 0 0 0 0 0 59 0 0 0 0 0 0 0 0 0 0 62 0 0 27 57 0 0 0 0 0 0 0 0 46 0 0 0 0 0 83 0 0 0 0 0 0 0 0 0 0 0 34 0 0 0 0 0 0 0 0 0 0 0 0 0 0 0 0 0 0 0 0 0 0 77 96 0 88 0 0 0 0 0 5 0 0 13 
0 0 0 0 0 0 0 0 0 0 42 58 0 0 0 0 0 0 0 0 0 0 0 0 42 0 0 0 0 0 0 0 0 0 63 47 0 52 0 0 0 0 0 0 0 0 0 0 0 78 0 0 0 0 0 0 35 39 0 0 12 0 0 0 0 0 0 0 0 0 0 0 0 0 0 0 0 0 0 0 0 0 0 0 0 0 0 0 0 0 76 0 0 0 0 0 76 24 0 0 
0 0 0 0 50 0 0 0 0 0 81 0 0 0 0 1 0 0 0 0 79 0 47 0 0 0 0 0 0 0 0 0 0 17 0 0 0 61 0 0 0 0 0 0 73 0 86 0 100 70 0 0 0 0 0 0 0 0 0 0 61 0 0 0 0 0 0 20 0 0 0 0 0 0 0 0 0 0 0 0 0 0 0 0 0 0 75 3 0 0 0 0 0 0 0 0 0 0 0 0 
0 0 0 0 62 0 0 0 0 0 0 0 0 0 0 86 83 80 29 0 0 0 0 0 0 0 0 0 0 0 0 33 0 0 0 0 0 0 0 0 0 0 0 100 100 0 0 0 0 0 0 0 0 0 0 0 0 0 0 0 0 0 0 12 0 0 0 0 0 0 0 0 0 0 72 0 0 0 0 48 0 0 0 0 0 0 0 0 0 0 0 0 0 0 0 0 0 0 0 0 
57 0 0 0 0 0 0 40 7 0 0 0 0 0 0 0 0 0 0 0 0 0 0 0 0 0 0 0 0 39 0 67 0 0 0 0 0 0 0 0 0 64 0 0 0 0 32 0 0 0 55 0 0 0 0 0 0 0 78 0 0 0 0 76 0 0 0 0 0 0 0 0 0 54 0 0 0 0 0 0 0 0 41 0 0 100 0 0 0 0 0 0 70 0 0 0 0 0 0 18 
65 0 0 0 0 0 0 0 0 0 0 0 0 0 0 0 0 0 28 0 0 0 0 0 0 0 0 55 5 0 0 0 0 0 0 0 0 0 0 0 0 0 0 24 0 0 0 0 0 0 0 0 0 0 0 0 51 0 0 0 0 0 0 0 0 0 0 0 0 0 0 0 54 0 0 0 0 0 0 0 0 0 0 0 0 0 0 0 0 0 0 0 0 0 0 0 0 0 0 0 
0 34 0 0 0 0 0 0 0 0 0 0 0 0 0 0 0 0 0 0 13 0 0 0 0 0 0 0 0 0 0 0 0 0 0 55 0 0 44 0 0 0 26 0 0 0 0 0 80 0 4 0 0 0 0 0 0 0 8 0 0 58 0 0 26 0 0 0 0 0 0 72 0 0 0 0 100 0 0 0 81 0 98 0 0 0 0 0 0 0 85 0 0 0 0 0 0 0 0 0 
35 28 0 93 0 0 0 0 0 0 0 0 0 0 76 0 0 0 0 0 4 46 0 0 0 0 0 0 0 0 5 0 0 0 0 0 0 0 0 100 0 0 0 0 21 0 0 0 0 0 0 0 88 0 0 0 0 0 41 0 0 7 0 0 0 0 0 0 0 0 0 0 0 0 0 0 0 0 0 0 0 0 48 0 0 0 0 0 0 0 0 0 0 89 0 0 0 0 0 6 
0 0 0 90 0 0 0 78 0 0 0 0 0 67 30 0 0 49 23 0 0 0 0 0 0 0 0 0 0 0 0 0 0 0 0 0 0 0 0 0 0 0 0 30 0 0 0 0 0 0 0 0 0 0 0 0 0 0 0 0 0 0 0 60 0 0 76 0 0 0 0 0 0 0 100 0 0 0 0 82 0 0 70 0 38 0 0 0 0 0 0 39 0 0 0 0 0 0 0 67 
0 0 58 0 0 0 0 0 0 0 0 0 61 0 0 0 35 0 0 0 0 0 0 0 0 0 97 0 0 0 0 0 0 60 0 37 0 0 93 0 0 0 0 0 0 0 0 0 0 0 0 0 0 0 0 0 0 0 0 0 0 0 0 0 0 0 0 0 0 0 0 0 0 0 0 0 0 0 0 0 0 92 0 51 16 0 0 0 36 0 0 0 0 71 0 0 48 0 0 0 
0 0 56 0 0 0 0 0 14 0 0 0 41 0 0 0 0 78 0 0 0 0 0 0 0 0 0 0 0 81 0 0 0 0 0 0 0 0 51 0 0 0 0 0 0 0 0 0 0 0 12 33 0 0 0 78 0 33 74 0 0 0 0 0 100 0 0 0 0 0 0 0 0 0 0 0 0 0 0 0 0 0 0 0 0 0 0 0 0 0 0 0 0 0 0 0 0 0 24 0 
0 0 0 0 0 96 0 0 0 0 0 69 0 0 0 0 0 0 0 0 0 0 0 75 0 0 0 0 0 0 82 58 0 0 0 0 0 29 0 0 0 0 0 0 7 0 0 0 0 0 0 8 0 0 0 0 0 0 0 64 0 0 0 0 0 51 0 0 0 0 0 48 0 0 0 0 82 0 0 0 0 0 0 0 89 0 0 19 0 0 38 0 0 0 0 0 0 0 0 0 
0 53 0 0 0 39 0 0 0 42 0 0 0 0 0 0 0 0 0 0 0 0 0 0 86 99 0 2 0 0 0 0 0 92 0 0 0 0 0 0 0 0 0 0 98 0 0 0 0 0 0 0 0 0 0 0 0 0 0 90 0 34 0 0 0 0 67 0 0 0 0 0 0 0 81 0 0 0 0 0 0 0 0 0 86 0 0 0 50 0 49 0 0 0 0 0 0 0 0 0 
77 0 0 0 0 57 0 0 0 0 0 0 0 0 87 0 0 0 0 0 0 0 0 0 0 0 0 81 0 0 0 0 48 0 0 0 0 0 0 0 0 0 0 0 0 98 0 0 0 0 0 0 0 0 0 0 0 0 0 0 0 0 0 0 0 0 0 0 0 0 0 0 0 0 0 0 0 92 0 0 0 0 0 0 13 0 0 0 0 19 0 0 0 0 0 0 0 71 0 0 
0 0 0 0 0 0 0 0 3 0 0 0 4 0 0 0 68 0 0 54 0 0 0 0 0 0 0 0 0 0 0 0 0 0 0 0 0 0 0 0 0 28 0 0 0 0 0 0 0 0 0 0 0 0 0 0 0 0 0 34 35 0 0 37 0 0 99 0 0 0 0 0 41 0 98 48 70 0 0 0 0 0 0 0 0 0 0 0 0 0 79 0 0 0 0 0 0 0 0 0 
0 0 0 0 0 0 3 0 0 0 0 0 0 0 0 0 84 0 0 0 0 0 0 0 78 0 0 0 0 0 0 0 0 0 0 0 5 95 0 0 0 0 89 0 0 34 0 0 0 0 0 0 65 0 0 0 0 0 0 0 0 0 0 0 0 0 0 0 0 0 0 0 0 0 0 0 0 51 0 0 0 0 0 0 0 0 38 0 0 0 0 0 0 0 0 0 0 0 0 0 
0 93 0 0 0 0 0 57 0 0 0 0 0 0 0 5 68 0 0 0 84 0 0 0 0 0 0 0 0 0 76 0 0 0 0 0 0 0 0 0 0 0 0 0 0 0 0 0 0 0 0 0 0 0 0 15 0 0 0 0 0 72 0 0 0 0 0 0 0 0 0 0 0 0 0 0 38 16 0 89 86 13 0 0 0 0 0 0 0 0 0 0 0 0 0 0 61 0 19 0 
0 0 0 61 0 0 0 0 0 0 39 0 0 0 0 0 0 95 0 36 0 45 2 0 0 0 0 0 0 0 0 0 0 0 0 0 0 0 0 0 0 0 96 0 38 0 0 0 0 0 23 0 0 61 32 0 0 0 0 0 0 0 0 0 0 0 0 0 0 0 0 0 100 0 0 0 0 0 0 0 0 0 0 0 0 0 0 0 0 67 0 0 0 0 0 11 9 0 0 0 
0 0 0 0 0 0 0 0 0 0 0 0 0 86 0 5 0 0 0 0 96 92 0 56 0 0 0 40 0 0 38 0 0 0 0 0 0 0 0 0 0 0 97 6 0 0 0 0 0 0 0 0 0 0 0 0 0 17 0 0 0 0 86 0 0 0 0 0 0 0 75 0 0 0 0 0 0 0 0 0 0 0 0 38 0 0 0 0 22 0 0 0 0 0 0 0 0 0 71 0 
0 0 0 0 0 0 6 0 0 30 0 0 0 0 0 0 0 0 0 0 0 0 1 0 0 0 0 0 0 0 15 0 0 0 0 0 0 0 51 0 0 0 0 0 6 0 0 0 0 0 89 51 0 0 0 35 0 0 0 0 0 0 0 0 0 0 0 0 77 0 3 0 0 0 0 0 0 0 0 19 0 0 0 0 0 0 0 0 0 0 0 0 0 0 0 0 0 26 0 0 
0 0 0 0 0 0 0 0 0 0 81 88 39 0 0 0 0 0 0 0 0 0 50 0 0 0 0 0 0 0 0 17 0 0 0 0 0 0 0 0 0 0 0 0 0 0 55 0 0 0 0 0 0 0 0 0 0 0 35 0 0 13 0 0 0 0 0 0 96 0 0 0 0 0 0 0 0 36 0 0 50 0 0 0 0 0 22 0 0 0 0 53 0 0 0 0 0 0 0 0 
54 0 0 0 0 62 0 0 0 44 0 0 0 0 0 0 0 0 0 26 0 0 0 0 0 0 0 0 2 0 0 0 0 0 98 0 0 0 0 0 53 0 34 0 0 0 74 0 0 0 0 0 0 0 0 0 0 0 0 0 0 0 89 0 0 0 0 0 0 0 0 0 0 0 0 0 0 0 0 0 0 19 0 0 0 67 0 0 0 0 0 12 0 0 0 0 0 12 0 0 
0 0 0 0 99 0 0 0 0 0 0 0 0 0 0 73 0 0 0 0 69 0 0 40 0 0 0 0 0 0 0 0 0 57 0 0 0 0 0 93 0 0 0 0 0 0 0 0 0 0 0 0 64 0 0 0 0 0 0 0 0 0 0 0 0 0 0 0 88 76 0 0 0 0 85 0 0 0 0 38 49 0 79 0 0 0 0 0 0 0 0 0 0 0 0 0 0 0 0 52 
0 0 0 0 0 0 0 92 0 0 0 0 0 74 0 4 0 0 0 0 0 0 0 0 0 0 0 0 0 0 0 0 0 0 0 0 0 0 0 0 8 0 93 0 0 0 0 15 0 0 0 0 0 0 34 0 0 0 0 0 0 0 0 0 0 0 85 0 0 0 0 0 0 0 0 0 39 0 0 0 0 0 0 0 0 0 0 0 53 12 0 0 0 0 24 0 0 0 0 0 
0 0 0 0 0 0 0 0 0 0 0 0 0 0 0 0 41 0 0 0 0 0 98 0 0 0 0 0 0 0 0 0 10 0 0 0 0 0 0 29 0 0 0 0 0 0 0 0 0 0 15 0 0 0 0 0 0 0 0 1 0 89 0 0 0 0 0 0 0 0 0 0 70 0 0 0 0 0 0 0 0 0 0 0 0 0 0 0 0 0 0 0 0 0 0 0 0 21 0 0 
0 47 0 0 82 0 67 0 0 0 0 15 0 0 0 0 0 0 0 0 0 0 0 0 0 0 0 0 0 0 0 0 0 0 33 0 0 0 0 0 0 0 0 0 0 0 0 0 0 0 0 0 0 0 0 0 0 0 0 0 0 0 0 0 0 0 59 0 0 0 0 0 0 0 0 89 0 71 0 0 0 0 0 0 0 0 0 0 0 0 0 0 0 0 0 0 0 0 0 0 
0 0 0 0 0 0 0 0 0 0 0 0 0 0 0 0 0 0 0 0 0 0 0 0 0 43 0 0 13 31 0 0 0 0 0 55 14 0 0 80 0 0 0 0 0 0 0 0 0 0 0 79 0 0 93 0 0 0 0 2 0 0 0 74 92 0 0 0 0 0 0 0 0 0 0 0 0 0 0 0 0 0 0 0 0 0 0 0 0 0 0 24 0 0 0 0 0 34 12 0 
0 0 13 48 0 0 0 0 0 42 0 0 0 0 0 0 0 0 0 56 0 0 0 0 0 0 0 0 0 64 0 0 0 0 56 0 83 21 0 0 0 0 48 0 0 0 0 0 0 29 2 0 0 0 0 0 0 0 0 0 89 0 0 0 0 0 0 53 0 0 0 0 0 0 0 0 0 0 0 0 0 0 0 0 0 11 0 0 0 0 0 0 0 0 0 0 0 73 0 0 
0 0 0 14 0 0 0 68 0 88 4 0 0 0 61 0 0 0 0 0 0 0 0 48 0 0 0 0 0 0 0 0 0 0 0 0 0 0 0 0 0 0 0 0 0 20 0 0 0 0 0 0 0 0 0 0 0 0 69 0 0 0 0 0 0 0 71 0 5 76 0 0 0 0 0 0 0 48 0 0 0 0 0 0 61 9 0 0 0 0 0 0 0 0 0 0 0 0 0 0 
0 0 0 0 0 0 0 0 0 0 0 0 0 0 0 0 0 0 0 0 0 0 0 0 0 0 67 0 0 0 0 0 0 0 0 0 0 0 0 0 0 0 0 0 0 22 0 0 0 0 0 0 0 0 0 0 0 0 0 0 0 0 0 39 0 0 0 0 0 24 0 0 0 0 0 0 0 0 0 0 0 71 0 0 0 0 0 26 0 12 0 0 21 0 34 73 0 0 53 0 
9 0 0 0 0 0 0 0 0 0 0 0 0 66 0 0 0 0 10 0 0 0 0 0 0 0 0 0 32 0 0 0 0 0 0 0 0 0 0 0 49 0 0 0 0 0 0 0 0 96 0 63 0 0 0 49 0 0 0 0 0 0 0 0 0 93 0 20 0 0 0 0 0 0 0 0 0 0 24 0 0 0 0 0 19 0 71 0 0 0 0 0 0 0 12 0 0 53 0 0 
0 0 2 0 0 0 0 0 0 0 35 0 0 19 95 0 0 0 0 0 0 0 49 0 0 0 74 0 0 0 0 0 0 0 0 0 57 0 0 0 15 0 0 69 0 0 0 0 0 3 0 0 0 0 0 0 0 0 0 0 0 0 0 0 0 0 0 0 13 0 0 0 18 0 0 6 67 0 0 0 0 0 0 0 0 0 0 0 0 0 52 0 0 0 0 0 0 0 0 0 
