0 0 0 0 0 0 0 0 44 36 0 0 0 92 0 0 0 0 0 0 78 35 47 50 89 0 68 27 47 21 20 0 0 95 74 94 6 50 22 0 0 0 0 63 0 79 93 0 32 0 2 40 31 0 0 86 84 17 0 0 0 11 0 0 0 47 36 38 68 0 49 0 0 18 0 66 11 0 0 0 96 0 0 0 3 0 39 48 0 0 10 41 67 0 0 7 0 10 0 7 
0 0 55 0 0 83 0 0 0 65 73 79 0 95 0 0 10 0 85 34 0 0 4 2 0 27 46 13 2 0 0 0 60 0 0 33 0 0 0 0 19 0 0 0 0 0 0 73 0 0 0 13 0 46 32 0 0 0 0 0 0 0 0 82 71 0 52 0 0 0 0 79 0 0 0 0 41 99 0 0 95 46 0 0 0 0 84 0 1 0 0 59 0 0 32 0 0 0 0 40 
0 55 0 54 81 0 0 38 0 90 0 73 0 21 64 0 97 0 0 92 18 0 0 0 0 21 24 0 0 8 0 70 0 0 29 85 0 11 13 0 80 0 0 98 51 0 77 35 0 0 54 70 40 0 0 26 99 0 84 0 0 0 92 0 54 89 85 0 0 0 13 90 0 98 23 0 0 62 37 64 0 0 0 3 0 41 0 12 95 38 0 0 0 78 0 50 59 0 0 37 
0 0 54 0 48 0 66 11 0 0 11 32 0 0 0 0 11 31 0 76 21 1 0 0 88 0 18 0 89 0 0 23 69 27 9 68 0 94 4 35 0 0 0 30 70 70 20 0 0 0 30 0 86 0 81 0 0 0 7 0 0 58 0 0 0 0 0 0 48 0 12 96 9 15 0 0 90 0 65 25 71 0 0 0 0 83 0 82 96 0 0 0 9 96 0 9 0 19 49 26 
0 0 81 48 0 82 17 37 40 0 57 0 0 0 0 0 69 5 0 75 0 0 0 93 0 0 0 0 98 59 56 0 0 23 53 0 0 0 0 65 58 0 59 0 0 0 0 0 0 0 0 96 46 1 86 58 42 46 0 0 45 0 0 70 82 0 0 0 3 0 48 68 0 0 70 74 81 0 0 0 70 0 0 0 87 0 31 0 87 0 58 97 65 5 0 0 63 68 0 0 
0 83 0 0 82 0 0 44 71 0 50 26 0 0 73 0 94 9 75 88 56 57 0 0 0 50 0 0 18 0 24 0 0 5 0 0 0 37 19 0 60 0 0 0 63 56 18 0 75 69 0 46 5 74 0 0 65 0 76 82 0 0 29 99 0 2 0 0 50 0 35 40 0 64 98 17 45 0 39 0 0 0 64 0 0 82 91 0 0 9 31 0 0 0 64 65 0 0 76 0 
0 0 0 66 17 0 0 43 36 0 0 0 0 0 0 88 91 0 0 19 37 38 26 0 0 46 26 0 0 0 27 0 0 0 0 38 0 0 61 0 40 72 68 0 88 34 0 0 0 32 0 0 0 0 0 0 24 0 0 0 76 0 0 0 0 0 0 66 0 91 39 0 0 0 63 97 0 38 49 78 0 20 2 78 0 0 1 0 0 0 0 0 88 0 0 20 25 0 60 0 
0 0 38 11 37 44 43 0 0 0 0 44 0 27 0 19 1 0 0 0 0 95 0 43 72 0 0 0 0 89 85 0 45 0 71 0 0 24 0 77 0 0 0 48 2 35 10 0 0 0 0 33 0 96 0 0 0 0 0 19 0 77 11 0 93 74 0 70 0 0 42 63 70 22 47 0 56 35 49 0 25 0 83 50 0 0 0 69 0 0 25 60 100 29 0 62 75 0 79 75 
44 0 0 0 40 71 36 0 0 0 0 0 59 74 0 66 82 0 0 0 0 59 0 33 34 54 95 58 0 99 0 77 0 0 69 36 0 0 10 77 0 0 100 0 0 0 0 86 0 0 0 94 0 22 0 0 0 0 92 0 72 0 0 61 0 70 0 62 28 0 59 5 83 0 0 0 0 0 0 98 27 0 96 0 15 0 0 0 0 98 0 20 0 88 0 0 0 0 3 0 
36 65 90 0 0 0 0 0 0 0 0 0 66 0 90 72 10 73 48 0 0 79 0 87 58 0 64 0 0 1 41 18 92 55 46 0 0 97 30 0 0 0 0 23 4 0 68 0 14 71 0 0 57 0 84 0 84 0 0 0 77 0 16 82 95 58 0 8 0 36 0 8 0 28 0 73 88 36 76 0 0 0 84 0 70 0 0 0 0 0 91 48 60 0 87 54 47 0 0 0 
0 73 0 11 57 50 0 0 0 0 0 0 0 0 61 0 0 0 0 0 0 0 0 12 7 34 0 0 37 9 35 61 31 10 99 0 0 0 0 0 7 5 83 89 0 0 0 0 0 9 0 0 0 0 0 67 0 0 7 0 37 40 0 0 0 33 0 0 8 0 0 0 0 0 0 52 0 0 63 0 0 0 0 0 0 53 0 0 29 0 0 10 26 0 54 42 0 66 0 55 
0 79 73 32 0 26 0 44 0 0 0 0 6 0 27 10 11 0 4 0 33 0 0 0 0 0 39 0 0 65 6 20 0 0 100 0 82 0 0 15 96 91 58 28 54 0 0 40 0 21 0 0 27 0 30 34 63 68 100 0 37 0 0 0 0 0 0 1 15 0 0 45 57 54 0 42 0 0 96 17 0 16 69 0 66 72 0 53 0 0 57 32 0 0 14 0 0 57 0 88 
0 0 0 0 0 0 0 0 59 66 0 6 0 0 0 7 0 88 0 0 0 0 0 0 0 33 32 8 72 0 23 0 14 0 46 30 0 2 0 31 0 55 48 0 21 0 99 5 36 0 0 60 0 82 0 18 26 1 0 0 0 0 13 81 0 0 54 0 22 53 82 37 32 0 0 60 0 53 27 28 40 0 91 0 0 0 0 0 0 0 89 0 42 68 36 67 2 3 0 64 
92 95 21 0 0 0 0 27 74 0 0 0 0 0 56 0 0 0 65 100 15 49 0 0 0 0 57 0 0 100 0 0 0 96 0 7 0 0 0 59 82 46 0 0 0 35 24 29 0 21 26 0 0 0 0 66 0 0 82 0 0 93 0 0 88 9 0 0 0 45 0 0 0 0 0 0 1 20 27 72 0 0 0 0 18 87 0 82 0 87 0 0 0 35 0 0 0 73 7 57 
0 0 64 0 0 73 0 0 0 90 61 27 0 56 0 0 73 0 0 65 0 0 39 0 0 40 93 88 96 91 0 52 0 70 9 0 0 31 0 18 90 27 0 80 0 72 0 0 81 0 0 0 0 22 52 63 0 9 15 29 0 59 77 0 0 80 94 0 0 85 91 82 43 0 0 0 0 0 0 0 12 93 0 0 0 0 0 0 0 0 57 53 0 0 82 0 67 0 0 65 
0 0 0 0 0 0 88 19 66 72 0 10 7 0 0 0 76 0 47 11 0 38 73 70 0 0 44 0 0 0 0 0 67 0 0 0 0 0 0 45 0 47 72 0 0 0 33 0 14 0 0 72 12 86 52 6 0 0 49 0 0 93 0 0 0 0 0 0 45 88 55 0 0 83 0 0 92 52 0 0 0 24 8 0 93 44 0 72 3 0 37 23 0 20 0 37 0 0 56 0 
0 10 97 11 69 94 91 1 82 10 0 11 0 0 73 76 0 24 0 96 0 0 83 19 0 0 0 0 63 52 82 0 0 0 0 0 84 0 45 7 77 0 0 0 69 8 0 68 0 0 0 0 13 0 1 0 28 33 0 30 45 0 0 4 0 0 0 45 0 0 50 0 0 0 0 0 83 75 0 0 0 31 0 53 89 0 0 34 0 0 67 0 0 0 0 0 0 30 98 0 
0 0 0 31 5 9 0 0 0 73 0 0 88 0 0 0 24 0 0 0 0 79 31 84 58 84 34 0 0 0 0 35 0 0 70 71 81 0 0 94 46 0 0 0 55 0 18 0 89 0 0 9 0 71 0 0 0 0 31 0 44 23 0 0 0 0 60 67 0 0 93 0 0 98 76 0 19 0 61 74 0 0 99 7 0 0 89 0 48 56 0 30 0 0 0 0 0 0 0 63 
0 85 0 0 0 75 0 0 0 48 0 4 0 65 0 47 0 0 0 0 0 0 98 0 4 0 0 0 0 95 0 32 14 80 0 0 0 0 0 56 68 0 76 0 67 0 57 32 0 0 91 0 55 79 37 82 0 0 0 0 0 0 0 0 14 0 0 0 24 93 4 1 26 0 0 85 0 29 61 0 0 0 0 0 44 0 74 32 0 58 57 0 0 0 0 0 0 0 0 42 
0 34 92 76 75 88 19 0 0 0 0 0 0 100 65 11 96 0 0 0 8 0 86 52 0 35 21 0 0 25 0 68 0 0 0 0 0 0 41 0 0 76 0 0 83 95 11 0 75 0 0 0 0 18 85 68 76 0 0 0 12 43 93 94 84 51 0 0 0 0 0 0 0 0 91 66 0 3 77 0 0 0 0 10 27 0 0 0 41 0 0 0 70 0 0 0 0 0 0 0 
78 0 18 21 0 56 37 0 0 0 0 33 0 15 0 0 0 0 0 8 0 0 12 0 0 66 81 90 0 72 44 88 0 0 76 0 21 0 0 26 17 8 0 0 0 81 42 48 0 21 0 47 70 32 0 0 33 0 14 0 43 0 0 1 93 0 0 0 0 88 0 0 33 0 99 27 37 92 78 27 0 1 64 0 36 67 0 0 0 0 0 93 0 53 0 0 40 38 29 72 
35 0 0 1 0 57 38 95 59 79 0 0 0 49 0 38 0 79 0 0 0 0 97 0 0 0 0 88 0 0 14 0 0 41 0 0 0 97 41 14 46 0 0 75 0 10 0 23 66 81 0 44 0 17 52 42 93 0 12 0 0 75 0 0 0 0 0 81 32 0 60 0 0 0 81 0 53 0 0 0 0 76 0 9 0 0 0 0 0 72 17 92 0 0 48 0 0 99 16 82 
47 4 0 0 0 0 26 0 0 0 0 0 0 0 39 73 83 31 98 86 12 97 0 65 0 0 0 0 48 0 85 28 0 6 20 0 15 0 0 76 0 0 0 18 41 0 2 3 5 0 0 0 0 0 64 0 0 0 60 0 10 0 0 23 0 0 0 92 0 0 14 0 0 20 0 0 0 86 39 0 80 2 0 0 32 0 0 0 0 16 85 25 8 1 88 0 90 0 39 0 
50 2 0 0 93 0 0 43 33 87 12 0 0 0 0 70 19 84 0 52 0 0 65 0 0 0 0 0 63 0 0 63 0 35 0 0 0 0 72 0 0 67 0 0 0 34 26 0 0 0 0 0 44 0 31 0 63 0 0 2 0 100 0 99 62 9 0 78 0 0 0 0 97 32 86 49 0 91 0 3 29 0 0 0 64 0 89 24 0 0 0 0 0 75 0 0 0 0 26 3 
89 0 0 88 0 0 0 72 34 58 7 0 0 0 0 0 0 58 4 0 0 0 0 0 0 38 0 94 0 0 0 77 0 0 0 0 46 0 41 0 0 0 53 65 0 0 87 13 0 29 43 0 0 1 0 0 30 0 0 0 32 0 5 0 21 68 17 0 31 0 0 7 0 80 97 46 0 0 0 0 0 70 81 36 48 55 0 0 0 0 0 0 19 0 0 0 50 0 34 0 
0 27 21 0 0 50 46 0 54 0 34 0 33 0 40 0 0 84 0 35 66 0 0 0 38 0 0 72 34 0 0 0 0 63 0 0 74 56 0 0 40 0 0 35 5 26 9 0 0 0 60 84 0 0 0 0 0 89 0 0 0 0 0 100 52 98 0 0 36 0 89 0 27 1 97 95 93 0 0 0 74 0 8 0 3 62 92 87 0 30 11 0 0 49 0 93 36 13 5 18 
68 46 24 18 0 0 26 0 95 64 0 39 32 57 93 44 0 34 0 21 81 0 0 0 0 0 0 0 0 35 20 0 57 0 0 0 72 0 78 0 0 0 0 0 0 0 14 0 0 51 0 0 0 15 98 60 29 70 0 0 89 2 10 0 0 57 0 5 64 0 0 64 9 0 0 0 0 8 0 0 2 0 0 0 0 0 0 98 0 0 0 0 0 8 0 0 0 66 71 0 
27 13 0 0 0 0 0 0 58 0 0 0 8 0 88 0 0 0 0 0 90 88 0 0 94 72 0 0 34 0 0 0 0 0 0 77 0 0 9 0 83 0 0 0 98 82 27 0 31 0 0 52 54 0 20 49 0 68 31 0 0 27 33 86 0 0 0 24 0 0 0 68 0 0 0 0 0 100 86 26 54 79 37 99 83 0 0 24 6 0 65 0 0 0 0 25 66 51 27 2 
47 2 0 89 98 18 0 0 0 0 37 0 72 0 96 0 63 0 0 0 0 0 48 63 0 34 0 34 0 75 0 58 20 41 25 0 0 0 10 0 0 43 0 90 73 0 17 97 0 7 9 0 83 0 0 48 1 64 40 55 0 15 89 0 57 0 0 0 65 0 1 56 35 0 10 0 0 54 0 0 49 0 0 0 0 42 12 19 0 78 82 99 0 54 0 44 0 0 0 0 
21 0 8 0 59 0 0 89 99 1 9 65 0 100 91 0 52 0 95 25 72 0 0 0 0 0 35 0 75 0 28 0 25 2 0 7 0 13 0 0 85 0 0 0 0 0 0 0 52 84 0 0 22 0 0 0 0 0 94 0 0 0 0 0 0 29 0 9 45 57 0 89 6 0 61 0 0 96 15 0 27 89 0 0 0 66 78 0 28 27 26 0 72 91 56 99 0 0 0 17 
20 0 0 0 56 24 27 85 0 41 35 6 23 0 0 0 82 0 0 0 44 14 85 0 0 0 20 0 0 28 0 0 75 0 0 18 0 0 0 69 0 54 58 0 41 7 18 0 17 0 0 0 0 49 36 0 0 71 0 2 0 20 2 0 40 0 87 72 0 3 54 0 0 0 0 54 0 0 0 95 0 63 97 0 26 0 82 23 0 90 56 74 0 77 0 0 47 0 46 0 
0 0 70 23 0 0 0 0 77 18 61 20 0 0 52 0 0 35 32 68 88 0 28 63 77 0 0 0 58 0 0 0 0 0 69 93 8 58 0 0 0 0 34 7 0 0 60 0 0 0 0 0 0 0 3 0 41 0 0 64 0 0 0 0 0 50 0 0 85 0 0 35 2 86 0 31 0 0 0 56 0 99 22 0 0 93 0 0 0 0 55 53 0 5 0 0 0 97 49 98 
0 60 0 69 0 0 0 45 0 92 31 0 14 0 0 67 0 0 14 0 0 0 0 0 0 0 57 0 20 25 75 0 0 0 0 12 0 0 0 0 74 0 95 69 0 0 39 0 79 0 73 6 0 0 0 0 42 20 16 29 18 37 0 0 17 0 0 0 75 0 0 0 0 0 0 0 26 0 55 0 0 79 0 60 9 0 36 0 0 0 0 0 27 31 45 11 0 80 77 9 
95 0 0 27 23 5 0 0 0 55 10 0 0 96 70 0 0 0 80 0 0 41 6 35 0 63 0 0 41 2 0 0 0 0 82 63 0 0 39 45 0 0 0 67 19 0 0 57 0 0 36 0 100 37 0 50 0 0 45 0 95 58 65 5 0 67 29 56 0 63 0 0 85 82 98 84 57 54 81 58 0 20 0 0 0 38 0 59 97 11 88 0 0 0 0 0 90 0 0 0 
74 0 29 9 53 0 0 71 69 46 99 100 46 0 9 0 0 70 0 0 76 0 20 0 0 0 0 0 25 0 0 69 0 82 0 35 0 0 0 27 0 0 21 57 0 17 3 0 0 0 27 0 23 0 92 0 6 0 50 88 0 0 5 0 0 0 14 0 0 0 0 0 0 33 0 0 100 0 15 0 0 74 17 77 0 79 0 0 25 0 0 26 0 0 0 0 0 71 0 0 
94 33 85 68 0 0 38 0 36 0 0 0 30 7 0 0 0 71 0 0 0 0 0 0 0 0 0 77 0 7 18 93 12 63 35 0 0 73 0 62 0 35 0 0 0 0 0 59 0 0 0 0 0 0 68 0 0 0 0 0 0 0 96 97 19 99 0 0 0 0 0 71 11 0 20 31 27 87 70 18 41 0 0 0 70 61 80 58 0 16 0 0 0 27 64 0 0 0 0 0 
6 0 0 0 0 0 0 0 0 0 0 82 0 0 0 0 84 81 0 0 21 0 15 0 46 74 72 0 0 0 0 8 0 0 0 0 0 42 90 42 49 99 0 92 3 0 27 2 23 0 66 0 84 0 3 0 0 0 0 69 50 0 0 0 0 56 0 0 64 77 0 0 6 0 99 55 0 0 28 0 0 0 0 0 0 67 73 0 0 71 52 9 0 0 25 0 39 76 0 79 
50 0 11 94 0 37 0 24 0 97 0 0 2 0 31 0 0 0 0 0 0 97 0 0 0 56 0 0 0 13 0 58 0 0 0 73 42 0 0 0 8 20 0 56 0 95 86 0 89 7 98 88 17 0 0 47 42 0 0 0 0 88 30 0 0 43 0 0 0 0 26 2 48 0 1 60 0 0 0 100 0 0 8 0 19 0 0 52 44 0 89 0 21 42 0 0 20 0 32 61 
22 0 13 4 0 19 61 0 10 30 0 0 0 0 0 0 45 0 0 41 0 41 0 72 41 0 78 9 10 0 0 0 0 39 0 0 90 0 0 21 0 0 59 70 0 32 14 2 0 33 19 29 39 0 0 0 0 0 13 0 0 44 52 88 0 0 0 0 0 0 83 65 0 83 45 82 0 29 0 0 91 0 2 0 42 28 0 57 7 0 0 39 0 0 0 0 13 0 0 0 
0 0 0 35 65 0 0 77 77 0 0 15 31 59 18 45 7 94 56 0 26 14 76 0 0 0 0 0 0 0 69 0 0 45 27 62 42 0 21 0 21 0 95 0 0 0 0 0 0 0 0 0 8 0 0 0 0 56 92 2 0 27 9 26 99 0 49 83 18 97 17 26 0 64 0 4 0 56 0 0 0 0 15 18 0 19 41 57 35 0 0 49 0 20 0 0 0 0 0 0 
0 19 80 0 58 60 40 0 0 0 7 96 0 82 90 0 77 46 68 0 17 46 0 0 0 40 0 83 0 85 0 0 74 0 0 0 49 8 0 21 0 19 0 0 23 95 0 0 0 30 0 100 0 0 5 52 58 46 34 0 0 0 66 0 0 0 80 60 0 52 95 89 0 98 78 0 0 0 0 59 0 0 0 86 0 73 11 74 12 0 0 0 76 53 63 0 0 0 0 27 
0 0 0 0 0 0 72 0 0 0 5 91 55 46 27 47 0 0 0 76 8 0 0 67 0 0 0 0 43 0 54 0 0 0 0 35 99 20 0 0 19 0 0 0 51 41 0 64 84 0 0 0 22 57 0 78 99 0 0 21 0 0 0 0 0 0 0 8 0 0 89 0 0 18 83 40 0 0 0 0 0 0 0 0 76 63 0 0 68 11 0 65 16 76 0 88 0 98 0 24 
0 0 0 0 59 0 68 0 100 0 83 58 48 0 0 72 0 0 76 0 0 0 0 0 53 0 0 0 0 0 58 34 95 0 21 0 0 0 59 95 0 0 0 0 100 0 96 78 0 0 24 0 0 0 0 0 59 51 67 0 70 87 0 0 0 0 0 25 0 0 0 0 0 92 28 36 6 74 0 0 0 0 51 23 64 0 99 8 0 0 43 0 72 0 0 33 0 0 46 0 
63 0 98 30 0 0 0 48 0 23 89 28 0 0 80 0 0 0 0 0 0 75 18 0 65 35 0 0 90 0 0 7 69 67 57 0 92 56 70 0 0 0 0 0 15 22 1 0 14 0 47 63 4 0 99 0 0 2 0 88 11 0 81 31 0 65 0 0 12 77 77 0 76 0 47 0 0 0 54 0 58 82 0 0 70 0 0 21 0 0 0 74 0 0 30 56 0 96 56 66 
0 0 51 70 0 63 88 2 0 4 0 54 21 0 0 0 69 55 67 83 0 0 41 0 0 5 0 98 73 0 41 0 0 19 0 0 3 0 0 0 23 51 100 15 0 0 0 68 0 43 61 0 71 32 0 97 75 28 0 0 86 0 59 0 58 0 100 22 57 0 0 99 56 0 0 86 0 0 39 0 14 0 28 0 62 13 63 0 0 0 0 0 0 6 75 0 0 0 20 76 
79 0 0 70 0 56 34 35 0 0 0 0 0 35 72 0 8 0 0 95 81 10 0 34 0 26 0 82 0 0 7 0 0 0 17 0 0 95 32 0 95 41 0 22 0 0 0 0 58 0 0 37 0 0 0 45 0 33 0 34 0 0 71 32 99 95 59 81 0 39 0 56 0 57 67 0 0 0 32 0 89 0 0 0 0 0 0 0 0 0 90 0 0 0 0 0 0 8 46 0 
93 0 77 20 0 18 0 10 0 68 0 0 99 24 0 33 0 18 57 11 42 0 2 26 87 9 14 27 17 0 18 60 39 0 3 0 27 86 14 0 0 0 96 1 0 0 0 0 1 0 17 85 2 0 0 0 61 18 20 0 52 0 0 0 0 0 31 42 0 4 0 36 0 0 0 0 0 0 0 0 71 0 0 0 90 0 0 77 20 0 40 0 0 0 0 10 55 51 85 0 
0 73 35 0 0 0 0 0 86 0 0 40 5 29 0 0 68 0 32 0 48 23 3 0 13 0 0 0 97 0 0 0 0 57 0 59 2 0 2 0 0 64 78 0 68 0 0 0 17 86 0 0 0 0 64 0 0 65 0 0 0 0 0 50 32 19 13 52 0 92 0 0 40 0 0 63 48 29 0 12 0 73 0 31 0 0 0 0 0 4 0 7 29 0 0 17 25 50 0 0 
32 0 0 0 0 75 0 0 0 14 0 0 36 0 81 14 0 89 0 75 0 66 5 0 0 0 0 31 0 52 17 0 79 0 0 0 23 89 0 0 0 84 0 14 0 58 1 17 0 0 0 94 11 72 20 13 26 55 0 35 0 17 0 0 0 32 0 0 20 68 15 22 0 73 0 0 0 0 0 36 36 0 0 0 0 83 41 0 68 0 53 52 82 86 2 66 0 70 32 97 
0 0 0 0 0 69 32 0 0 71 9 21 0 21 0 0 0 0 0 0 21 81 0 0 29 0 51 0 7 84 0 0 0 0 0 0 0 7 33 0 30 0 0 0 43 0 0 86 0 0 10 0 0 6 0 67 13 96 24 0 0 0 75 0 82 0 60 24 75 0 97 0 0 0 5 84 0 0 8 87 93 70 91 0 15 58 0 83 46 45 0 2 64 89 0 0 0 0 69 0 
2 0 54 30 0 0 0 0 0 0 0 0 0 26 0 0 0 0 91 0 0 0 0 0 43 60 0 0 9 0 0 0 73 36 27 0 66 98 19 0 0 0 24 47 61 0 17 0 0 10 0 0 0 0 64 0 0 0 4 0 0 0 31 0 74 0 17 64 0 21 0 0 0 0 27 8 0 26 63 77 88 0 96 11 100 70 68 0 43 0 0 51 0 0 0 0 0 13 0 0 
40 13 70 0 96 46 0 33 94 0 0 0 60 0 0 72 0 9 0 0 47 44 0 0 0 84 0 52 0 0 0 0 6 0 0 0 0 88 29 0 100 0 0 63 0 37 85 0 94 0 0 0 0 7 0 71 0 38 0 85 0 0 73 70 91 8 6 0 78 0 0 0 0 41 46 0 90 15 0 32 0 22 0 77 0 44 15 97 0 0 75 0 0 25 27 0 68 0 0 98 
31 0 40 86 46 5 0 0 0 57 0 27 0 0 0 12 13 0 55 0 70 0 0 44 0 0 0 54 83 22 0 0 0 100 23 0 84 17 39 8 0 22 0 4 71 0 2 0 11 0 0 0 0 92 18 87 0 66 0 0 0 0 0 48 18 0 0 0 0 60 3 0 0 0 0 26 0 5 0 0 69 0 0 0 39 0 18 0 95 0 76 0 20 41 0 0 14 93 0 15 
0 46 0 0 1 74 0 96 22 0 0 0 82 0 22 86 0 71 79 18 32 17 0 0 1 0 15 0 0 0 49 0 0 37 0 0 0 0 0 0 0 57 0 0 32 0 0 0 72 6 0 7 92 0 4 0 0 97 0 0 0 0 0 0 10 4 5 0 38 0 0 0 26 0 2 0 0 3 0 92 83 46 49 8 7 0 0 0 0 0 19 0 0 0 0 78 0 0 41 0 
0 32 0 81 86 0 0 0 0 84 0 30 0 0 52 52 1 0 37 85 0 52 64 31 0 0 98 20 0 0 36 3 0 0 92 68 3 0 0 0 5 0 0 99 0 0 0 64 20 0 64 0 18 4 0 48 0 73 96 0 0 31 0 48 59 55 0 0 73 9 50 19 37 27 0 54 59 0 0 0 0 81 0 0 37 0 0 0 36 41 0 0 0 40 5 0 0 0 2 100 
86 0 26 0 58 0 0 0 0 0 67 34 18 66 63 6 0 0 82 68 0 42 0 0 0 0 60 49 48 0 0 0 0 50 0 0 0 47 0 0 52 78 0 0 97 45 0 0 13 67 0 71 87 0 48 0 0 10 98 56 0 0 93 86 3 0 86 0 98 100 25 0 0 0 0 0 58 97 8 19 0 0 0 69 0 2 82 0 52 0 0 0 0 4 76 68 24 0 0 0 
84 0 99 0 42 65 24 0 0 84 0 63 26 0 0 0 28 0 0 76 33 93 0 63 30 0 29 0 1 0 0 41 42 0 6 0 0 42 0 0 58 99 59 0 75 0 61 0 26 13 0 0 0 0 0 0 0 88 0 32 0 0 31 6 28 0 0 16 0 0 85 0 93 61 61 0 32 14 73 0 0 75 0 0 0 0 0 0 60 0 91 0 10 83 0 0 0 6 28 0 
17 0 0 0 46 0 0 0 0 0 0 68 1 0 9 0 33 0 0 0 0 0 0 0 0 89 70 68 64 0 71 0 20 0 0 0 0 0 0 56 46 0 51 2 28 33 18 65 55 96 0 38 66 97 73 10 88 0 0 0 30 13 0 0 0 0 0 68 0 0 0 91 0 0 0 0 0 82 0 0 63 31 59 0 84 0 75 65 35 35 0 0 17 0 0 27 0 61 78 0 
0 0 84 7 0 76 0 0 92 0 7 100 0 82 15 49 0 31 0 0 14 12 60 0 0 0 0 31 40 94 0 0 16 45 50 0 0 0 13 92 34 0 67 0 0 0 20 0 0 24 4 0 0 0 96 98 0 0 0 0 77 61 9 35 0 0 0 0 95 0 46 96 0 0 23 45 96 48 78 13 29 24 46 0 14 0 0 0 0 73 27 0 0 67 58 0 0 0 28 0 
0 0 0 0 0 82 0 19 0 0 0 0 0 0 29 0 30 0 0 0 0 0 0 2 0 0 0 0 55 0 2 64 29 0 88 0 69 0 0 2 0 21 0 88 0 34 0 0 35 0 0 85 0 0 0 56 32 0 0 0 71 69 0 0 49 100 41 94 97 29 0 0 56 55 0 10 64 0 73 13 0 68 0 59 0 41 0 34 0 0 0 0 0 85 0 0 6 53 27 40 
0 0 0 0 45 0 76 0 72 77 37 37 0 0 0 0 45 44 0 12 43 0 10 0 32 0 89 0 0 0 0 0 18 95 0 0 50 0 0 0 0 0 70 11 86 0 52 0 0 0 0 0 0 0 0 0 0 30 77 71 0 0 90 21 40 33 59 0 89 0 0 0 0 49 0 68 0 59 0 78 2 28 43 0 17 15 75 20 27 0 23 66 12 16 55 12 8 60 41 0 
11 0 0 58 0 0 0 77 0 0 40 0 0 93 59 93 0 23 0 43 0 75 0 100 0 0 2 27 15 0 20 0 37 58 0 0 0 88 44 27 0 0 87 0 0 0 0 0 17 0 0 0 0 0 31 0 0 13 61 69 0 0 0 53 0 0 0 94 70 25 55 16 61 21 0 87 0 8 75 23 0 0 0 94 0 99 0 39 5 89 0 0 27 0 0 0 80 0 0 31 
0 0 92 0 0 29 0 11 0 16 0 0 13 0 77 0 0 0 0 93 0 0 0 0 5 0 10 33 89 0 2 0 0 65 5 96 0 30 52 9 66 0 0 81 59 71 0 0 0 75 31 73 0 0 0 93 31 0 9 0 90 0 0 0 0 78 0 0 0 91 49 39 57 80 0 0 10 0 75 35 0 12 0 0 43 98 0 0 0 0 42 67 92 66 74 19 65 6 0 88 
0 82 0 0 70 99 0 0 61 82 0 0 81 0 0 0 4 0 0 94 1 0 23 99 0 100 0 86 0 0 0 0 0 5 0 97 0 0 88 26 0 0 0 31 0 32 0 50 0 0 0 70 48 0 48 86 6 0 35 0 21 53 0 0 0 11 0 16 85 0 54 99 74 0 0 0 0 47 0 0 0 0 15 93 0 65 77 43 31 0 0 63 0 44 0 72 99 96 0 0 
0 71 54 0 82 0 0 93 0 95 0 0 0 88 0 0 0 0 14 84 93 0 0 62 21 52 0 0 57 0 40 0 17 0 0 19 0 0 0 99 0 0 0 0 58 99 0 32 0 82 74 91 18 10 59 3 28 0 0 49 40 0 0 0 0 62 0 95 0 0 52 23 0 59 21 0 0 0 0 0 0 0 27 0 14 3 16 0 0 0 93 0 66 69 46 9 0 0 48 65 
47 0 89 0 0 2 0 74 70 58 33 0 0 9 80 0 0 0 0 51 0 0 0 9 68 98 57 0 0 29 0 50 0 67 0 99 56 43 0 0 0 0 0 65 0 95 0 19 32 0 0 8 0 4 55 0 0 0 0 100 33 0 78 11 62 0 0 85 0 0 97 0 0 7 0 0 0 0 0 0 0 0 0 29 82 21 6 0 0 3 21 0 0 0 0 0 38 0 66 45 
36 52 85 0 0 0 0 0 0 0 0 0 54 0 94 0 0 60 0 0 0 0 0 0 17 0 0 0 0 0 87 0 0 29 14 0 0 0 0 49 80 0 0 0 100 59 31 13 0 60 17 6 0 5 0 86 0 0 0 41 59 0 0 0 0 0 0 0 82 0 0 0 52 4 64 0 0 78 0 0 3 8 0 0 57 73 8 5 74 61 0 87 0 0 1 0 0 30 0 0 
38 0 0 0 0 0 66 70 62 8 0 1 0 0 0 0 45 67 0 0 0 81 92 78 0 0 5 24 0 9 72 0 0 56 0 0 0 0 0 83 60 8 25 0 22 81 42 52 0 24 64 0 0 0 0 0 16 68 0 94 0 94 0 16 95 85 0 0 53 0 0 0 13 0 0 0 72 0 50 0 0 94 0 0 0 0 0 0 0 0 95 38 0 17 0 62 0 77 0 84 
68 0 0 48 3 50 0 0 28 0 8 15 22 0 0 45 0 0 24 0 0 32 0 0 31 36 64 0 65 45 0 85 75 0 0 0 64 0 0 18 0 0 0 12 57 0 0 0 20 75 0 78 0 38 73 98 0 0 95 97 89 70 0 85 0 0 82 53 0 75 24 0 0 0 2 83 16 31 0 0 13 0 77 0 1 0 0 0 93 90 0 10 22 0 0 0 0 0 33 90 
0 0 0 0 0 0 91 0 0 36 0 0 53 45 85 88 0 0 93 0 88 0 0 0 0 0 0 0 0 57 3 0 0 63 0 0 77 0 0 97 52 0 0 77 0 39 4 92 68 0 21 0 60 0 9 100 0 0 0 29 0 25 91 0 0 0 0 0 75 0 0 85 0 28 58 0 0 84 0 41 0 0 0 0 0 0 17 0 0 0 0 0 0 6 53 0 90 0 0 39 
49 0 13 12 48 35 39 42 59 0 0 0 82 0 91 55 50 93 4 0 0 60 14 0 0 89 0 0 1 0 54 0 0 0 0 0 0 26 83 17 95 89 0 77 0 0 0 0 15 97 0 0 3 0 50 25 85 0 46 0 0 55 49 54 52 97 0 0 24 0 0 0 0 9 43 0 0 0 0 2 0 0 0 100 46 0 0 91 0 0 0 27 43 0 14 10 96 0 0 92 
0 79 90 96 68 40 0 63 5 8 0 45 37 0 82 0 0 0 1 0 0 0 0 0 7 0 64 68 56 89 0 35 0 0 0 71 0 2 65 26 89 0 0 0 99 56 36 0 22 0 0 0 0 0 19 0 0 91 96 0 0 16 39 99 23 0 0 0 0 85 0 0 0 21 0 72 0 0 0 0 0 0 59 0 0 0 0 0 0 0 90 0 0 36 0 37 79 0 0 59 
0 0 0 9 0 0 0 70 83 0 0 57 32 0 43 0 0 0 26 0 33 0 0 97 0 27 9 0 35 6 0 2 0 85 0 11 6 48 0 0 0 0 0 76 56 0 0 40 0 0 0 0 0 26 37 0 93 0 0 56 0 61 57 74 0 0 52 13 0 0 0 0 0 79 0 0 0 7 52 67 8 0 52 0 87 0 0 67 3 0 0 0 0 36 8 87 0 0 17 41 
18 0 98 15 0 64 0 22 0 28 0 54 0 0 0 83 0 98 0 0 0 0 20 32 80 1 0 0 0 0 0 86 0 82 33 0 0 0 83 64 98 18 92 0 0 57 0 0 73 0 0 41 0 0 27 0 61 0 0 55 49 21 80 0 59 7 4 0 0 28 9 21 79 0 55 59 5 0 0 46 0 25 0 0 0 0 0 67 1 18 0 30 59 0 0 54 0 0 48 37 
0 0 23 0 70 98 63 47 0 0 0 0 0 0 0 0 0 76 0 91 99 81 0 86 97 97 0 0 10 61 0 0 0 98 0 20 99 1 45 0 78 83 28 47 0 67 0 0 0 5 27 46 0 2 0 0 61 0 23 0 0 0 0 0 21 0 64 0 2 58 43 0 0 55 0 0 0 0 0 54 0 24 82 43 0 12 88 0 83 0 15 0 65 0 61 5 0 32 84 0 
66 0 0 0 74 17 97 0 0 73 52 42 60 0 0 0 0 0 85 66 27 0 0 49 46 95 0 0 0 0 54 31 0 84 0 31 55 60 82 4 0 40 36 0 86 0 0 63 0 84 8 0 26 0 54 0 0 0 45 10 68 87 0 0 0 0 0 0 83 0 0 72 0 59 0 0 20 0 0 0 0 0 18 65 0 0 97 0 84 0 40 0 0 0 8 0 0 0 40 0 
11 41 0 90 81 45 0 56 0 88 0 0 0 1 0 92 83 19 0 0 37 53 0 0 0 93 0 0 0 0 0 0 26 57 100 27 0 0 0 0 0 0 6 0 0 0 0 48 0 0 0 90 0 0 59 58 32 0 96 64 0 0 10 0 0 0 0 72 16 0 0 0 0 5 0 20 0 0 82 0 0 70 86 78 0 33 0 96 0 0 0 78 0 14 0 0 0 62 0 0 
0 99 62 0 0 0 38 35 0 36 0 0 53 20 0 52 75 0 29 3 92 0 86 91 0 0 8 100 54 96 0 0 0 54 0 87 0 0 29 56 0 0 74 0 0 0 0 29 0 0 26 15 5 3 0 97 14 82 48 0 59 8 0 47 0 0 78 0 31 84 0 0 7 0 0 0 0 0 0 0 0 18 83 4 0 29 0 29 10 96 0 80 0 0 6 0 0 0 0 0 
0 0 37 65 0 39 49 49 0 76 63 96 27 27 0 0 0 61 61 77 78 0 39 0 0 0 0 86 0 15 0 0 55 81 15 70 28 0 0 0 0 0 0 54 39 32 0 0 0 8 63 0 0 0 0 8 73 0 78 73 0 75 75 0 0 0 0 50 0 0 0 0 52 0 0 0 82 0 0 50 42 0 0 4 0 36 92 0 42 0 0 0 64 96 11 31 0 91 0 0 
0 0 64 25 0 0 78 0 98 0 0 17 28 72 0 0 0 74 0 0 27 0 0 3 0 0 0 26 0 0 95 56 0 58 0 18 0 100 0 0 59 0 0 0 0 0 0 12 36 87 77 32 0 92 0 19 0 0 13 13 78 23 35 0 0 0 0 0 0 41 2 0 67 46 54 0 0 0 50 0 7 96 50 57 8 0 0 25 72 0 0 0 19 8 0 42 19 0 10 62 
96 95 0 71 70 0 0 25 27 0 0 0 40 0 12 0 0 0 0 0 0 0 80 29 0 74 2 54 49 27 0 0 0 0 0 41 0 0 91 0 0 0 0 58 14 89 71 0 36 93 88 0 69 83 0 0 0 63 29 0 2 0 0 0 0 0 3 0 13 0 0 0 8 0 0 0 0 0 42 7 0 100 95 0 0 0 66 70 0 0 21 0 0 0 23 0 38 0 0 0 
0 46 0 0 0 0 20 0 0 0 0 16 0 0 93 24 31 0 0 0 1 76 2 0 70 0 0 79 0 89 63 99 79 20 74 0 0 0 0 0 0 0 0 82 0 0 0 73 0 70 0 22 0 46 81 0 75 31 24 68 28 0 12 0 0 0 8 94 0 0 0 0 0 25 24 0 70 18 0 96 100 0 54 0 0 94 3 0 0 60 0 0 0 0 0 0 0 0 0 0 
0 0 0 0 0 64 2 83 96 84 0 69 91 0 0 8 0 99 0 0 64 0 0 0 81 8 0 37 0 0 97 22 0 0 17 0 0 8 2 15 0 0 51 0 28 0 0 0 0 91 96 0 0 49 0 0 0 59 46 0 43 0 0 15 27 0 0 0 77 0 0 59 52 0 82 18 86 83 0 50 95 54 0 0 0 0 36 0 13 94 71 22 34 0 57 11 69 0 0 97 
0 0 3 0 0 0 78 50 0 0 0 0 0 0 0 0 53 7 0 10 0 9 0 0 36 0 0 99 0 0 0 0 60 0 77 0 0 0 0 18 86 0 23 0 0 0 0 31 0 0 11 77 0 8 0 69 0 0 0 59 0 94 0 93 0 29 0 0 0 0 100 0 0 0 43 65 78 4 4 57 0 0 0 0 58 24 0 43 0 0 0 48 0 0 0 15 92 99 58 0 
3 0 0 0 87 0 0 0 15 70 0 66 0 18 0 93 89 0 44 27 36 0 32 64 48 3 0 83 0 0 26 0 9 0 0 70 0 19 42 0 0 76 64 70 62 0 90 0 0 15 100 0 39 7 37 0 0 84 14 0 17 0 43 0 14 82 57 0 1 0 46 0 87 0 0 0 0 0 0 8 0 0 0 58 0 74 0 0 0 0 0 0 29 0 0 81 22 70 32 23 
0 0 41 83 0 82 0 0 0 0 53 72 0 87 0 44 0 0 0 0 67 0 0 0 55 62 0 0 42 66 0 93 0 38 79 61 67 0 28 19 73 63 0 0 13 0 0 0 83 58 70 44 0 0 0 2 0 0 0 41 15 99 98 65 3 21 73 0 0 0 0 0 0 0 12 0 33 29 36 0 0 94 0 24 74 0 0 5 0 29 0 0 0 37 0 0 21 0 47 49 
39 84 0 0 31 91 1 0 0 0 0 0 0 0 0 0 0 89 74 0 0 0 0 89 0 92 0 0 12 78 82 0 36 0 0 80 73 0 0 41 11 0 99 0 63 0 0 0 41 0 68 15 18 0 0 82 0 75 0 0 75 0 0 77 16 6 8 0 0 17 0 0 0 0 88 97 0 0 92 0 66 3 36 0 0 0 0 0 91 38 0 82 0 0 0 98 0 0 0 0 
48 0 12 82 0 0 0 69 0 0 0 53 0 82 0 72 34 0 32 0 0 0 0 24 0 87 98 24 19 0 23 0 0 59 0 58 0 52 57 57 74 0 8 21 0 0 77 0 0 83 0 97 0 0 0 0 0 65 0 34 20 39 0 43 0 0 5 0 0 0 91 0 67 67 0 0 96 29 0 25 70 0 0 43 0 5 0 0 0 9 0 49 15 89 77 50 0 0 0 92 
0 1 95 96 87 0 0 0 0 0 29 0 0 0 0 3 0 48 0 41 0 0 0 0 0 0 0 6 0 28 0 0 0 97 25 0 0 44 7 35 12 68 0 0 0 0 20 0 68 46 43 0 95 0 36 52 60 35 0 0 27 5 0 31 0 0 74 0 93 0 0 0 3 1 83 84 0 10 42 72 0 0 13 0 0 0 91 0 0 61 59 77 0 0 0 37 0 0 24 0 
0 0 38 0 0 9 0 0 98 0 0 0 0 87 0 0 0 56 58 0 0 72 16 0 0 30 0 0 78 27 90 0 0 11 0 16 71 0 0 0 0 11 0 0 0 0 0 4 0 45 0 0 0 0 41 0 0 35 73 0 0 89 0 0 0 3 61 0 90 0 0 0 0 18 0 0 0 96 0 0 0 60 94 0 0 29 38 9 61 0 0 0 0 0 12 76 0 74 0 0 
10 0 0 0 58 31 0 25 0 91 0 57 89 0 57 37 67 0 57 0 0 17 85 0 0 11 0 65 82 26 56 55 0 88 0 0 52 89 0 0 0 0 43 0 0 90 40 0 53 0 0 75 76 19 0 0 91 0 27 0 23 0 42 0 93 21 0 95 0 0 0 90 0 0 15 40 0 0 0 0 21 0 71 0 0 0 0 0 59 0 0 15 16 43 49 0 0 0 78 0 
41 59 0 0 97 0 0 60 20 48 10 32 0 0 53 23 0 30 0 0 93 92 25 0 0 0 0 0 99 0 74 53 0 0 26 0 9 0 39 49 0 65 0 74 0 0 0 7 52 2 51 0 0 0 0 0 0 0 0 0 66 0 67 63 0 0 87 38 10 0 27 0 0 30 0 0 78 80 0 0 0 0 22 48 0 0 82 49 77 0 15 0 0 70 64 14 24 1 31 72 
67 0 0 9 65 0 88 100 0 60 26 0 42 0 0 0 0 0 0 70 0 0 8 0 19 0 0 0 0 72 0 0 27 0 0 0 0 21 0 0 76 16 72 0 0 0 0 29 82 64 0 0 20 0 0 0 10 17 0 0 12 27 92 0 66 0 0 0 22 0 43 0 0 59 65 0 0 0 64 19 0 0 34 0 29 0 0 15 0 0 16 0 0 71 0 0 85 12 0 0 
0 0 78 96 5 0 0 29 88 0 0 0 68 35 0 20 0 0 0 0 53 0 1 75 0 49 8 0 54 91 77 5 31 0 0 27 0 42 0 20 53 76 0 0 6 0 0 0 86 89 0 25 41 0 40 4 83 0 67 85 16 0 66 44 69 0 0 17 0 6 0 36 36 0 0 0 14 0 96 8 0 0 0 0 0 37 0 89 0 0 43 70 71 0 0 0 0 25 0 0 
0 32 0 0 0 64 0 0 0 87 54 14 36 0 82 0 0 0 0 0 0 48 88 0 0 0 0 0 0 56 0 0 45 0 0 64 25 0 0 0 63 0 0 30 75 0 0 0 2 0 0 27 0 0 5 76 0 0 58 0 55 0 74 0 46 0 1 0 0 53 14 0 8 0 61 8 0 6 11 0 23 0 57 0 0 0 0 77 0 12 49 64 0 0 0 0 57 0 0 56 
7 0 50 9 0 65 20 62 0 54 42 0 67 0 0 37 0 0 0 0 0 0 0 0 0 93 0 25 44 99 0 0 11 0 0 0 0 0 0 0 0 88 33 56 0 0 10 17 66 0 0 0 0 78 0 68 0 27 0 0 12 0 19 72 9 0 0 62 0 0 10 37 87 54 5 0 0 0 31 42 0 0 11 15 81 0 98 50 37 76 0 14 0 0 0 0 74 74 3 0 
0 0 59 0 63 0 25 75 0 47 0 0 2 0 67 0 0 0 0 0 40 0 90 0 50 36 0 66 0 0 47 0 0 90 0 0 39 20 13 0 0 0 0 0 0 0 55 25 0 0 0 68 14 0 0 24 0 0 0 6 8 80 65 99 0 38 0 0 0 90 96 79 0 0 0 0 0 0 0 19 38 0 69 92 22 21 0 0 0 0 0 24 85 0 57 74 0 0 89 37 
10 0 0 19 68 0 0 0 0 0 66 57 3 73 0 0 30 0 0 0 38 99 0 0 0 13 66 51 0 0 0 97 80 0 71 0 76 0 0 0 0 98 0 96 0 8 51 50 70 0 13 0 93 0 0 0 6 61 0 53 60 0 6 96 0 0 30 77 0 0 0 0 0 0 32 0 62 0 91 0 0 0 0 99 70 0 0 0 0 74 0 1 12 25 0 74 0 0 0 0 
0 0 0 49 0 76 60 79 3 0 0 0 0 7 0 56 98 0 0 0 29 16 39 26 34 5 71 27 0 0 46 49 77 0 0 0 0 32 0 0 0 0 46 56 20 46 85 0 32 69 0 0 0 41 2 0 28 78 28 27 41 0 0 0 48 66 0 0 33 0 0 0 17 48 84 40 0 0 0 10 0 0 0 58 32 47 0 0 24 0 78 31 0 0 0 3 89 0 0 0 
7 40 37 26 0 0 0 75 0 0 55 88 64 57 65 0 0 63 42 0 72 82 0 3 0 18 0 2 0 17 0 98 9 0 0 0 79 61 0 0 27 24 0 66 76 0 0 0 97 0 0 98 15 0 100 0 0 0 0 40 0 31 88 0 65 45 0 84 90 39 92 59 41 37 0 0 0 0 0 62 0 0 97 0 23 49 0 92 0 0 0 72 0 0 56 0 37 0 0 0 
