0 39 42 0 79 97 52 0 0 0 43 25 39 26 7 9 44 16 96 100 0 69 50 0 35 60 39 15 38 9 75 83 79 52 12 64 35 86 69 89 39 0 76 95 47 45 0 36 15 48 0 18 0 65 42 0 39 0 39 95 0 51 10 10 0 58 0 84 0 0 0 50 0 0 0 0 58 0 23 9 0 4 0 57 12 0 87 62 0 67 4 0 26 49 25 95 0 27 74 0 
39 0 5 0 0 49 52 98 0 0 74 22 0 0 11 0 54 59 8 0 77 0 0 36 0 0 0 4 0 0 0 29 0 49 0 6 0 45 0 94 0 100 68 94 94 23 0 0 24 62 0 48 47 29 0 0 55 61 0 12 0 39 92 81 0 0 70 0 42 41 60 0 91 3 0 0 0 8 94 0 84 89 0 36 0 72 36 0 77 45 85 81 1 0 0 0 39 63 0 10 
42 5 0 73 56 15 42 87 34 0 0 0 86 44 0 0 0 90 87 0 21 41 34 79 42 42 37 0 76 53 0 9 63 0 59 0 15 0 0 0 32 40 0 46 0 0 0 57 0 12 97 72 0 0 0 89 0 74 0 84 92 73 49 27 41 89 92 0 25 37 87 92 42 52 9 0 93 39 36 95 35 0 0 35 4 47 0 0 84 0 0 63 0 41 0 41 53 29 96 74 
0 0 73 0 35 14 78 28 16 27 99 0 0 0 0 28 56 0 16 31 0 74 0 40 91 0 40 0 62 47 16 0 38 0 46 97 85 0 70 0 69 87 81 57 79 50 99 0 96 0 62 99 0 0 40 63 88 0 9 11 36 0 0 81 0 0 98 0 0 8 0 91 16 40 14 0 0 47 34 43 82 0 0 0 12 95 12 0 65 0 9 76 76 16 0 0 87 0 90 15 
79 0 56 35 0 67 0 0 97 14 16 34 0 2 68 2 0 69 19 26 0 0 39 85 61 0 34 60 58 69 0 58 30 16 9 0 98 73 0 17 52 62 22 84 51 0 80 52 52 0 74 0 58 53 87 29 46 53 76 66 46 0 0 32 0 38 48 0 0 0 0 4 0 8 68 70 61 47 0 29 0 29 0 0 96 44 5 73 49 45 0 34 0 9 60 84 96 86 82 0 
97 49 15 14 67 0 66 0 99 61 67 4 62 16 0 26 5 0 53 0 20 0 49 0 13 0 7 0 0 55 38 60 54 43 40 78 0 37 0 0 1 90 0 76 22 0 23 41 0 39 0 0 33 25 0 0 36 28 46 69 99 36 0 0 99 75 87 45 0 6 66 44 0 52 90 0 86 70 69 84 24 0 0 0 71 21 0 0 9 3 22 0 9 0 82 65 14 95 16 48 
52 52 42 78 0 66 0 60 18 53 71 63 0 72 25 41 90 48 22 0 0 29 0 46 25 0 9 16 22 92 62 38 23 31 79 57 64 0 10 0 19 2 0 0 90 50 21 22 40 0 0 15 71 0 31 11 69 39 0 13 87 0 64 0 38 30 0 35 10 8 4 0 100 12 11 0 69 0 0 57 46 0 16 20 64 0 0 0 0 83 26 0 73 0 77 5 0 33 6 82 
0 98 87 28 0 0 60 0 19 0 0 6 0 0 35 14 0 0 92 0 85 2 30 0 0 56 0 56 0 0 0 0 90 92 0 78 64 0 79 86 52 95 87 36 0 56 37 32 0 42 68 19 79 12 0 77 0 76 0 0 0 8 0 0 0 0 4 39 85 30 99 0 65 50 85 0 39 66 10 82 0 0 0 41 0 48 62 95 78 93 0 36 19 5 21 37 0 0 3 56 
0 0 34 16 97 99 18 19 0 6 81 0 19 28 34 43 100 100 0 0 43 0 33 17 77 8 34 40 13 0 56 80 79 52 0 0 93 68 0 24 23 27 11 0 0 0 65 25 13 100 77 96 4 41 0 49 71 77 0 88 0 14 10 10 84 0 0 86 19 98 21 0 75 27 2 0 76 100 84 0 51 0 13 0 16 74 3 37 0 78 69 76 0 0 0 0 70 52 96 0 
0 0 0 27 14 61 53 0 6 0 0 75 0 74 15 76 78 9 0 0 0 1 56 0 0 71 92 65 93 28 9 41 49 75 40 75 2 0 0 58 0 0 0 8 5 53 0 36 86 55 0 78 75 50 31 0 51 52 36 0 25 60 0 0 71 0 0 0 32 32 66 44 0 0 53 0 88 100 1 64 57 79 47 48 71 0 66 0 0 0 37 0 21 47 0 0 92 0 4 0 
43 74 0 99 16 67 71 0 81 0 0 0 63 86 59 0 0 21 61 26 44 58 43 2 0 19 4 34 0 0 0 0 54 0 0 83 32 63 0 39 71 93 55 0 22 0 0 77 15 7 6 43 0 42 72 31 42 0 0 80 47 56 0 61 0 79 0 0 0 14 40 57 5 4 51 47 3 95 86 15 51 34 22 95 0 12 0 41 0 0 0 0 74 0 0 33 35 0 0 67 
25 22 0 0 34 4 63 6 0 75 0 0 0 38 0 0 81 0 0 0 0 0 16 7 95 90 0 0 24 82 71 0 0 0 0 33 0 21 73 31 0 78 22 76 48 35 78 48 92 59 63 31 0 0 44 4 61 73 0 38 4 89 0 100 68 0 39 64 63 0 12 0 0 100 17 0 0 48 43 48 22 0 0 16 11 47 54 96 0 16 20 74 0 82 0 92 74 90 0 88 
39 0 86 0 0 62 0 0 19 0 63 0 0 81 79 0 0 0 77 0 91 7 0 84 68 0 0 0 68 0 0 32 27 30 0 31 0 13 0 25 0 75 0 0 93 86 44 73 0 0 0 50 0 17 82 76 83 29 0 91 0 0 17 0 63 0 93 89 65 0 0 0 0 91 16 0 0 68 36 45 13 46 0 0 41 0 0 0 0 0 0 0 0 41 55 0 13 37 0 95 
26 0 44 0 2 16 72 0 28 74 86 38 81 0 0 0 19 0 0 30 0 13 0 9 37 0 0 62 0 11 0 8 72 54 57 39 0 71 0 29 49 0 73 0 94 1 37 20 0 0 61 89 49 57 15 17 94 13 0 32 61 55 1 21 74 0 37 82 0 53 88 86 42 67 0 38 80 81 22 0 15 56 31 0 0 87 0 18 2 55 28 48 6 0 2 79 97 70 42 0 
7 11 0 0 68 0 25 35 34 15 59 0 79 0 0 92 61 0 0 20 57 30 25 63 26 19 5 19 33 93 0 0 0 72 43 93 30 89 57 0 0 88 0 0 94 0 0 76 7 89 83 0 26 54 30 0 86 59 79 0 0 35 43 0 0 5 97 0 3 0 55 51 0 72 0 90 57 0 87 70 87 61 77 26 0 37 0 22 86 39 0 96 0 40 0 0 0 0 10 0 
9 0 0 28 2 26 41 14 43 76 0 0 0 0 92 0 70 91 61 0 80 26 12 25 0 72 0 0 95 0 69 39 0 27 0 49 49 25 0 49 28 0 37 100 0 0 0 97 0 0 32 72 79 42 0 0 0 0 65 21 30 15 9 99 16 0 2 0 0 0 51 0 31 39 6 13 0 2 68 33 97 0 58 0 0 69 13 0 27 0 19 16 0 84 0 0 76 0 0 3 
44 54 0 56 0 5 90 0 100 78 0 81 0 19 61 70 0 0 8 8 0 48 0 57 20 67 0 0 55 90 86 67 51 90 86 0 34 0 32 26 40 0 0 90 0 61 0 80 36 0 0 0 67 0 85 12 0 0 95 57 4 0 0 0 0 0 0 99 80 39 67 58 26 75 73 74 92 56 34 0 0 81 0 48 0 0 26 0 93 9 31 0 59 34 85 85 0 0 0 14 
16 59 90 0 69 0 48 0 100 9 21 0 0 0 0 91 0 0 89 0 0 0 46 0 39 52 0 0 0 0 0 0 78 0 0 16 0 25 82 29 0 0 26 0 26 88 26 44 68 0 0 0 0 0 35 51 0 69 17 0 0 0 0 42 70 0 51 18 22 0 0 48 0 36 8 68 58 75 0 5 98 63 0 0 0 0 0 0 0 84 33 37 56 0 6 42 13 63 0 0 
96 8 87 16 19 53 22 92 0 0 61 0 77 0 0 61 8 89 0 0 38 34 62 0 40 0 45 82 0 0 0 35 55 30 0 48 0 22 0 36 62 0 9 0 28 23 0 0 1 0 56 32 0 0 0 80 58 84 55 0 78 0 94 4 15 0 62 14 27 0 53 1 84 0 0 24 0 0 4 70 95 100 73 1 0 0 2 19 0 0 32 0 0 63 26 0 3 0 24 76 
100 0 0 31 26 0 0 0 0 0 26 0 0 30 20 0 8 0 0 0 44 40 0 29 17 0 0 78 0 58 0 0 69 0 0 99 13 57 95 82 60 96 0 28 28 0 0 43 0 39 0 0 39 31 0 97 64 39 57 65 8 0 55 0 57 1 0 35 0 0 55 0 10 36 0 0 0 13 54 50 0 0 0 0 57 95 8 70 0 74 56 100 0 0 25 21 36 0 100 47 
0 77 21 0 0 20 0 85 43 0 44 0 91 0 57 80 0 0 38 44 0 0 63 38 0 47 33 16 0 21 80 59 0 12 0 47 0 40 50 0 71 77 75 0 97 10 0 97 0 62 0 81 14 0 41 9 32 0 0 0 0 74 0 0 98 14 0 54 52 0 98 58 29 0 0 98 0 93 51 0 0 0 60 0 15 0 62 84 0 0 24 0 58 29 0 66 36 90 30 37 
69 0 41 74 0 0 29 2 0 1 58 0 7 13 30 26 48 0 34 40 0 0 56 19 42 87 0 0 0 81 14 16 40 0 36 0 33 90 0 43 75 6 21 92 52 30 23 31 29 0 63 99 22 35 76 61 21 21 77 59 57 21 88 39 0 92 0 0 0 64 88 83 0 34 25 0 90 59 0 10 24 52 0 35 76 0 0 0 49 0 0 39 0 39 54 4 0 18 67 22 
50 0 34 0 39 49 0 30 33 56 43 16 0 0 25 12 0 46 62 0 63 56 0 0 60 92 0 0 0 0 0 0 62 14 100 37 18 55 1 0 0 45 78 0 6 0 46 1 35 0 0 20 61 24 2 0 0 43 46 0 73 0 88 56 0 40 0 95 45 0 28 0 49 25 73 0 37 39 43 39 37 70 61 44 31 0 0 97 0 77 60 36 21 39 33 0 0 0 56 18 
0 36 79 40 85 0 46 0 17 0 2 7 84 9 63 25 57 0 0 29 38 19 0 0 11 17 0 0 4 54 0 29 36 40 63 71 0 13 61 67 94 27 0 66 37 33 0 0 0 83 15 0 13 56 96 0 0 91 0 0 13 0 0 0 0 13 0 0 70 7 22 96 46 0 49 80 100 0 49 84 27 0 62 0 0 0 38 36 0 85 23 0 0 0 4 0 0 0 1 0 
35 0 42 91 61 13 25 0 77 0 0 95 68 37 26 0 20 39 40 17 0 42 60 11 0 19 12 81 0 72 0 87 0 49 33 41 0 0 38 0 76 58 0 0 0 0 1 67 64 99 8 0 3 0 0 2 10 0 53 0 28 90 92 23 18 29 99 21 24 0 0 96 0 19 0 83 0 0 64 0 7 0 0 0 55 46 85 91 19 80 82 0 0 47 0 18 68 64 77 25 
60 0 42 0 0 0 0 56 8 71 19 90 0 0 19 72 67 52 0 0 47 87 92 17 19 0 68 0 8 12 0 54 38 0 32 0 65 0 0 0 0 59 95 0 0 98 0 0 0 8 0 94 1 82 14 60 44 56 0 68 80 0 0 99 79 0 77 17 75 0 0 25 0 91 0 37 78 0 0 0 78 0 0 0 67 64 0 2 13 0 29 0 90 32 49 59 7 14 73 82 
39 0 37 40 34 7 9 0 34 92 4 0 0 0 5 0 0 0 45 0 33 0 0 0 12 68 0 0 3 22 32 0 23 0 0 71 79 0 96 0 0 0 15 49 95 0 6 0 20 0 58 0 0 24 62 0 5 76 95 0 64 0 23 0 23 3 3 24 19 0 0 0 0 35 6 48 18 7 0 0 4 0 0 83 90 0 0 13 6 89 0 47 33 5 0 0 0 35 68 6 
15 4 0 0 60 0 16 56 40 65 34 0 0 62 19 0 0 0 82 78 16 0 0 0 81 0 0 0 0 0 0 21 80 39 58 6 6 0 96 0 62 70 56 30 0 92 74 26 95 0 19 0 0 0 77 99 70 0 34 0 0 0 0 53 0 0 60 0 37 69 0 0 29 0 59 34 70 88 77 0 15 7 0 52 31 27 64 15 0 0 72 21 61 0 0 73 87 69 0 88 
38 0 76 62 58 0 22 0 13 93 0 24 68 0 33 95 55 0 0 0 0 0 0 4 0 8 3 0 0 18 39 11 66 0 0 50 0 0 83 0 82 87 0 48 0 99 95 75 0 18 43 31 63 60 76 0 70 58 0 79 63 60 0 0 41 58 0 49 0 55 44 0 0 0 12 12 84 73 43 21 90 18 76 97 28 60 3 69 0 85 11 5 22 0 0 4 28 52 0 39 
9 0 53 47 69 55 92 0 0 28 0 82 0 11 93 0 90 0 0 58 21 81 0 54 72 12 22 0 18 0 0 0 23 64 0 96 97 0 2 29 35 70 42 51 0 0 0 39 0 25 67 30 33 35 17 78 0 82 47 0 66 19 0 65 0 59 36 65 41 0 17 0 5 93 40 3 84 0 0 0 0 93 43 0 45 53 0 39 4 59 0 96 8 43 33 0 73 0 60 22 
75 0 0 16 0 38 62 0 56 9 0 71 0 0 0 69 86 0 0 0 80 14 0 0 0 0 32 0 39 0 0 97 35 24 0 7 0 0 52 0 0 59 56 69 38 0 0 79 12 18 76 43 0 94 4 0 0 9 21 0 0 0 3 36 0 96 0 81 1 0 0 62 12 44 83 84 0 0 0 0 85 60 0 0 13 72 69 19 0 43 11 93 55 40 57 0 5 55 66 10 
83 29 9 0 58 60 38 0 80 41 0 0 32 8 0 39 67 0 35 0 59 16 0 29 87 54 0 21 11 0 97 0 0 0 0 85 0 0 0 57 40 0 57 44 99 48 7 57 6 90 12 36 98 26 90 0 0 64 86 84 0 0 50 0 37 0 57 0 62 0 0 0 23 4 0 85 100 0 66 8 0 97 0 0 0 0 50 0 0 86 0 34 45 73 0 95 0 44 61 71 
79 0 63 38 30 54 23 90 79 49 54 0 27 72 0 0 51 78 55 69 0 40 62 36 0 38 23 80 66 23 35 0 0 73 71 0 0 16 88 0 21 55 0 75 40 11 20 32 0 53 6 35 0 57 66 0 0 0 35 36 0 0 100 60 21 68 0 0 78 73 79 83 38 40 0 30 2 9 0 79 0 15 1 0 85 0 32 0 18 0 67 68 0 73 34 82 31 89 14 0 
52 49 0 0 16 43 31 92 52 75 0 0 30 54 72 27 90 0 30 0 12 0 14 40 49 0 0 39 0 64 24 0 73 0 89 17 73 70 0 0 89 25 0 10 70 100 60 75 51 0 56 0 39 0 38 68 52 94 0 0 82 0 0 0 64 67 85 58 0 0 0 0 17 0 48 85 37 68 26 0 0 0 0 57 0 0 87 95 40 0 0 4 54 0 0 0 18 1 0 0 
12 0 59 46 9 40 79 0 0 40 0 0 0 57 43 0 86 0 0 0 0 36 100 63 33 32 0 58 0 0 0 0 71 89 0 14 0 95 35 0 0 0 19 98 77 57 70 0 26 0 0 0 25 92 75 65 12 76 0 0 0 47 93 68 0 82 18 66 5 0 58 56 85 88 0 9 77 82 0 81 0 0 49 0 0 0 0 48 75 90 58 19 75 87 44 28 37 0 88 53 
64 6 0 97 0 78 57 78 0 75 83 33 31 39 93 49 0 16 48 99 47 0 37 71 41 0 71 6 50 96 7 85 0 17 14 0 87 12 0 87 84 84 14 58 0 55 0 56 0 42 54 64 17 0 4 0 0 28 6 0 4 77 78 0 0 52 0 76 61 27 2 8 84 59 0 0 43 0 96 0 0 63 79 0 0 22 51 88 52 82 0 90 0 91 78 5 72 34 0 0 
35 0 15 85 98 0 64 64 93 2 32 0 0 0 30 49 34 0 0 13 0 33 18 0 0 65 79 6 0 97 0 0 0 73 0 87 0 2 4 17 13 61 0 1 69 27 81 0 93 52 33 0 40 0 48 42 0 0 39 0 2 52 3 0 73 85 52 32 42 17 22 0 26 51 89 98 79 69 0 0 81 0 51 0 79 42 41 44 0 40 92 15 0 49 43 97 0 22 0 14 
86 45 0 0 73 37 0 0 68 0 63 21 13 71 89 25 0 25 22 57 40 90 55 13 0 0 0 0 0 0 0 0 16 70 95 12 2 0 6 44 0 97 0 20 6 13 50 40 63 13 65 60 66 57 30 67 21 100 35 11 0 15 0 0 0 59 46 24 1 0 62 38 75 19 0 36 29 13 0 36 0 0 78 5 20 64 0 0 0 57 71 49 52 0 0 36 0 100 56 0 
69 0 0 70 0 0 10 79 0 0 0 73 0 0 57 0 32 82 0 95 50 0 1 61 38 0 96 96 83 2 52 0 88 0 35 0 4 6 0 0 0 72 0 38 87 34 76 76 19 39 0 4 80 0 0 94 0 0 24 10 0 0 0 0 30 33 0 40 50 0 23 0 64 92 0 38 56 89 0 0 90 91 0 0 0 0 20 0 10 64 0 0 36 33 65 0 0 0 54 67 
89 94 0 0 17 0 0 86 24 58 39 31 25 29 0 49 26 29 36 82 0 43 0 67 0 0 0 0 0 29 0 57 0 0 0 87 17 44 0 0 0 55 75 33 49 0 65 0 80 85 52 85 0 85 86 30 52 3 13 83 16 62 81 0 46 34 67 15 0 0 60 40 47 0 26 0 58 55 15 0 10 97 59 33 10 0 42 35 49 0 46 0 72 8 61 32 95 73 0 46 
39 0 32 69 52 1 19 52 23 0 71 0 0 49 0 28 40 0 62 60 71 75 0 94 76 0 0 62 82 35 0 40 21 89 0 84 13 0 0 0 0 0 0 98 0 0 48 0 82 0 0 38 0 81 0 60 54 23 0 83 67 0 0 0 0 33 39 29 46 97 62 0 0 38 0 0 74 0 61 7 85 55 29 37 0 0 52 94 45 0 56 81 52 0 0 84 12 91 5 32 
0 100 40 87 62 90 2 95 27 0 93 78 75 0 88 0 0 0 0 96 77 6 45 27 58 59 0 70 87 70 59 0 55 25 0 84 61 97 72 55 0 0 0 38 19 0 7 86 0 43 12 0 16 89 0 0 48 0 0 10 81 90 54 87 33 26 64 9 70 59 60 78 92 0 0 0 0 0 0 88 31 0 46 39 0 19 35 16 31 77 50 15 0 4 0 73 0 0 31 97 
76 68 0 81 22 0 0 87 11 0 55 22 0 73 0 37 0 26 9 0 75 21 78 0 0 95 15 56 0 42 56 57 0 0 19 14 0 0 0 75 0 0 0 8 33 79 11 29 88 90 77 53 94 0 0 28 32 0 0 75 61 7 23 44 0 10 45 0 0 23 0 0 0 35 39 0 100 0 0 66 26 0 77 77 0 76 0 25 0 0 45 0 46 0 24 9 0 0 21 97 
95 94 46 57 84 76 0 36 0 8 0 76 0 0 0 100 90 0 0 28 0 92 0 66 0 0 49 30 48 51 69 44 75 10 98 58 1 20 38 33 98 38 8 0 0 0 35 17 8 0 58 4 21 0 13 0 64 0 0 74 4 71 0 69 44 22 90 38 0 30 0 0 29 98 0 94 28 0 0 13 0 0 45 0 54 0 96 0 0 30 64 85 0 0 56 0 0 66 0 0 
47 94 0 79 51 22 90 0 0 5 22 48 93 94 94 0 0 26 28 28 97 52 6 37 0 0 95 0 0 0 38 99 40 70 77 0 69 6 87 49 0 19 33 0 0 69 28 20 51 0 24 0 8 15 0 77 17 0 89 52 96 0 61 14 0 0 96 44 53 28 75 42 17 29 82 0 0 0 0 95 8 57 33 52 0 35 75 0 0 4 73 72 0 0 62 38 43 62 29 59 
45 23 0 50 0 0 50 56 0 53 0 35 86 1 0 0 61 88 23 0 10 30 0 33 0 98 0 92 99 0 0 48 11 100 57 55 27 13 34 0 0 0 79 0 69 0 0 0 0 78 26 80 39 91 0 39 71 26 92 17 87 52 83 0 0 39 0 25 50 68 36 91 0 0 0 26 75 85 92 0 64 0 5 31 94 0 0 76 89 29 59 0 65 0 5 63 91 54 0 0 
0 0 0 99 80 23 21 37 65 0 0 78 44 37 0 0 0 26 0 0 0 23 46 0 1 0 6 74 95 0 0 7 20 60 70 0 81 50 76 65 48 7 11 35 28 0 0 81 8 88 36 67 62 78 23 0 0 94 62 8 0 56 0 42 0 59 4 68 0 27 32 48 87 64 50 0 0 68 0 0 0 0 0 0 5 47 47 100 94 56 0 0 4 0 57 10 0 0 85 24 
36 0 57 0 52 41 22 32 25 36 77 48 73 20 76 97 80 44 0 43 97 31 1 0 67 0 0 26 75 39 79 57 32 75 0 56 0 40 76 0 0 86 29 17 20 0 81 0 41 77 0 0 94 9 92 55 0 56 51 0 84 56 83 39 82 0 70 64 0 0 45 52 4 91 34 0 0 9 47 0 76 0 17 0 0 0 89 0 42 29 84 33 0 0 99 57 60 26 0 70 
15 24 0 96 52 0 40 0 13 86 15 92 0 0 7 0 36 68 1 0 0 29 35 0 64 0 20 95 0 0 12 6 0 51 26 0 93 63 19 80 82 0 88 8 51 0 8 41 0 18 100 0 66 28 15 0 0 89 0 0 41 65 0 3 52 53 0 67 0 0 0 92 71 5 0 64 97 0 42 0 8 67 82 21 98 42 34 10 52 65 68 51 75 0 83 41 21 39 14 31 
48 62 12 0 0 39 0 42 100 55 7 59 0 0 89 0 0 0 0 39 62 0 0 83 99 8 0 0 18 25 18 90 53 0 0 42 52 13 39 85 0 43 90 0 0 78 88 77 18 0 83 60 2 17 67 0 70 25 72 57 19 10 18 0 3 0 37 20 72 31 32 67 0 98 0 0 55 94 0 67 0 52 0 68 68 86 62 97 30 0 12 57 6 94 75 86 0 91 45 79 
0 0 97 62 74 0 0 68 77 0 6 63 0 61 83 32 0 0 56 0 0 63 0 15 8 0 58 19 43 67 76 12 6 56 0 54 33 65 0 52 0 12 77 58 24 26 36 0 100 83 0 62 50 95 49 63 0 87 100 0 50 0 27 0 0 51 77 16 90 85 0 0 26 60 50 78 65 65 40 51 60 43 53 0 0 0 100 0 43 0 97 24 0 52 47 40 46 68 16 7 
18 48 72 99 0 0 15 19 96 78 43 31 50 89 0 72 0 0 32 0 81 99 20 0 0 94 0 0 31 30 43 36 35 0 0 64 0 60 4 85 38 0 53 4 0 80 67 0 0 60 62 0 75 44 99 25 0 36 43 0 10 59 77 0 0 17 43 99 0 60 0 0 0 42 83 0 64 0 66 0 82 99 62 0 88 0 23 16 9 53 41 88 97 0 41 62 95 83 54 94 
0 47 0 0 58 33 71 79 4 75 0 0 0 49 26 79 67 0 0 39 14 22 61 13 3 1 0 0 63 33 0 98 0 39 25 17 40 66 80 0 0 16 94 21 8 39 62 94 66 2 50 75 0 56 0 61 0 0 17 83 46 81 25 0 0 0 63 23 29 60 0 0 89 92 99 65 96 0 1 56 84 19 0 91 0 39 6 71 19 0 69 8 30 0 37 80 38 0 97 0 
65 29 0 0 53 25 0 12 41 50 42 0 17 57 54 42 0 0 0 31 0 35 24 56 0 82 24 0 60 35 94 26 57 0 92 0 0 57 0 85 81 89 0 0 15 91 78 9 28 17 95 44 56 0 49 28 59 0 0 63 0 71 0 0 37 67 0 77 86 41 38 58 0 0 96 23 49 84 9 15 0 0 85 50 99 61 53 0 42 0 0 87 36 95 0 98 1 72 0 0 
42 0 0 40 87 0 31 0 0 31 72 44 82 15 30 0 85 35 0 0 41 76 2 96 0 14 62 77 76 17 4 90 66 38 75 4 48 30 0 86 0 0 0 13 0 0 23 92 15 67 49 99 0 49 0 0 0 0 0 14 94 0 60 89 95 49 13 91 79 91 54 0 74 0 67 0 0 50 11 9 64 44 46 24 0 98 22 89 0 8 47 45 26 11 67 60 40 0 100 0 
0 0 89 63 29 0 11 77 49 0 31 4 76 17 0 0 12 51 80 97 9 61 0 0 2 60 0 99 0 78 0 0 0 68 65 0 42 67 94 30 60 0 28 0 77 39 0 55 0 0 63 25 61 28 0 0 0 68 29 60 0 50 72 27 0 89 91 31 0 41 59 47 0 48 99 81 99 98 0 26 6 0 36 0 39 0 0 83 43 47 12 12 23 0 0 0 0 0 0 89 
39 55 0 88 46 36 69 0 71 51 42 61 83 94 86 0 0 0 58 64 32 21 0 0 10 44 5 70 70 0 0 0 0 52 12 0 0 21 0 52 54 48 32 64 17 71 0 0 0 70 0 0 0 59 0 0 0 0 79 56 0 77 0 85 22 0 90 88 6 66 34 12 0 12 0 61 43 95 83 79 0 0 0 56 13 71 41 0 0 0 85 0 0 26 90 74 25 0 6 0 
0 61 74 0 53 28 39 76 77 52 0 73 29 13 59 0 0 69 84 39 0 21 43 91 0 56 76 0 58 82 9 64 0 94 76 28 0 100 0 3 23 0 0 0 0 26 94 56 89 25 87 36 0 0 0 68 0 0 24 24 90 95 0 28 0 92 61 14 0 4 0 0 89 0 0 85 75 0 0 85 51 0 52 0 0 0 43 0 0 2 78 0 36 0 0 83 0 0 0 84 
39 0 0 9 76 46 0 0 0 36 0 0 0 0 79 65 95 17 55 57 0 77 46 0 53 0 95 34 0 47 21 86 35 0 0 6 39 35 24 13 0 0 0 0 89 92 62 51 0 72 100 43 17 0 0 29 79 24 0 0 71 93 0 0 0 90 0 0 42 9 75 0 0 91 0 36 96 0 35 0 0 0 0 41 2 0 0 19 1 52 72 37 12 39 0 45 0 58 3 0 
95 12 84 11 66 69 13 0 88 0 80 38 91 32 0 21 57 0 0 65 0 59 0 0 0 68 0 0 79 0 0 84 36 0 0 0 0 11 10 83 83 10 75 74 52 17 8 0 0 57 0 0 83 63 14 60 56 24 0 0 0 18 0 0 0 4 59 0 0 9 0 83 0 0 0 0 19 0 85 94 35 0 85 0 0 13 56 89 25 0 0 91 57 0 42 27 73 79 39 0 
0 0 92 36 46 99 87 0 0 25 47 4 0 61 0 30 4 0 78 8 0 57 73 13 28 80 64 0 63 66 0 0 0 82 0 4 2 0 0 16 67 81 61 4 96 87 0 84 41 19 50 10 46 0 94 0 0 90 71 0 0 0 48 25 79 0 0 0 0 0 19 0 65 4 66 0 38 51 48 46 75 0 85 0 93 27 76 62 59 74 61 60 89 0 0 44 0 81 0 0 
51 39 73 0 0 36 0 8 14 60 56 89 0 55 35 15 0 0 0 0 74 21 0 0 90 0 0 0 60 19 0 0 0 0 47 77 52 15 0 62 0 90 7 71 0 52 56 56 65 10 0 59 81 71 0 50 77 95 93 18 0 0 36 96 0 0 84 82 87 70 0 0 88 0 0 0 0 31 31 0 18 73 74 0 99 71 0 33 96 6 30 0 0 35 97 90 0 0 0 0 
10 92 49 0 0 0 64 0 10 0 0 0 17 1 43 9 0 0 94 55 0 88 88 0 92 0 23 0 0 0 3 50 100 0 93 78 3 0 0 81 0 54 23 0 61 83 0 83 0 18 27 77 25 0 60 72 0 0 0 0 48 36 0 13 0 27 0 0 0 56 81 0 0 12 0 0 0 95 0 0 23 18 25 57 0 0 83 0 0 0 0 44 0 81 26 0 0 0 0 97 
10 81 27 81 32 0 0 0 10 0 61 100 0 21 0 99 0 42 4 0 0 39 56 0 23 99 0 53 0 65 36 0 60 0 68 0 0 0 0 0 0 87 44 69 14 0 42 39 3 0 0 0 0 0 89 27 85 28 0 0 25 96 13 0 52 0 23 0 100 0 3 53 0 92 0 22 82 79 72 49 0 59 0 33 74 0 0 34 67 14 29 92 88 0 0 84 94 6 85 23 
0 0 41 0 0 99 38 0 84 71 0 68 63 74 0 16 0 70 15 57 98 0 0 0 18 79 23 0 41 0 0 37 21 64 0 0 73 0 30 46 0 33 0 44 0 0 0 82 52 3 0 0 0 37 95 0 22 0 0 0 79 0 0 52 0 0 27 0 52 0 77 0 57 9 39 0 0 25 81 0 0 87 86 52 0 14 85 0 0 64 81 13 36 0 94 0 80 14 16 72 
58 0 89 0 38 75 30 0 0 0 79 0 0 0 5 0 0 0 0 1 14 92 40 13 29 0 3 0 58 59 96 0 68 67 82 52 85 59 33 34 33 26 10 22 0 39 59 0 53 0 51 17 0 67 49 89 0 92 90 4 0 0 27 0 0 0 79 54 0 84 0 23 0 83 0 100 1 0 55 12 23 50 17 77 89 0 19 43 62 66 56 48 62 58 11 0 23 97 6 33 
0 70 92 98 48 87 0 4 0 0 0 39 93 37 97 2 0 51 62 0 0 0 0 0 99 77 3 60 0 36 0 57 0 85 18 0 52 46 0 67 39 64 45 90 96 0 4 70 0 37 77 43 63 0 13 91 90 61 0 59 0 84 0 23 27 79 0 0 2 25 0 85 2 0 93 31 0 75 91 54 60 0 0 0 26 6 29 57 0 0 54 59 46 82 0 38 9 0 36 0 
84 0 0 0 0 45 35 39 86 0 0 64 89 82 0 0 99 18 14 35 54 0 95 0 21 17 24 0 49 65 81 0 0 58 66 76 32 24 40 15 29 9 0 38 44 25 68 64 67 20 16 99 23 77 91 31 88 14 0 0 0 82 0 0 0 54 0 0 33 13 0 0 51 60 54 5 2 21 0 0 72 0 29 0 95 37 0 75 36 0 5 0 32 8 61 0 0 0 20 22 
0 42 25 0 0 0 10 85 19 32 0 63 65 0 3 0 80 22 27 0 52 0 45 70 24 75 19 37 0 41 1 62 78 0 5 61 42 1 50 0 46 70 0 0 53 50 0 0 0 72 90 0 29 86 79 0 6 0 42 0 0 87 0 100 52 0 2 33 0 0 0 89 0 0 7 0 64 0 12 87 91 75 0 86 37 67 0 0 84 0 15 0 54 0 25 0 26 59 0 0 
0 41 37 8 0 6 8 30 98 32 14 0 0 53 0 0 39 0 0 0 0 64 0 7 0 0 0 69 55 0 0 0 73 0 0 27 17 0 0 0 97 59 23 30 28 68 27 0 0 31 85 60 60 41 91 41 66 4 9 9 0 70 56 0 0 84 25 13 0 0 17 100 75 0 0 87 91 13 55 65 33 65 0 87 81 15 0 90 0 3 25 56 55 24 82 0 28 9 16 39 
0 60 87 0 0 66 4 99 21 66 40 12 0 88 55 51 67 0 53 55 98 88 28 22 0 0 0 0 44 17 0 0 79 0 58 2 22 62 23 60 62 60 0 0 75 36 32 45 0 32 0 0 0 38 54 59 34 0 75 0 19 0 81 3 77 0 0 0 0 17 0 6 49 20 0 0 91 72 0 84 75 0 83 88 18 53 19 49 61 17 91 9 87 0 0 9 97 0 0 18 
50 0 92 91 4 44 0 0 0 44 57 0 0 86 51 0 58 48 1 0 58 83 0 96 96 25 0 0 0 0 62 0 83 0 56 8 0 38 0 40 0 78 0 0 42 91 48 52 92 67 0 0 0 58 0 47 12 0 0 83 0 0 0 53 0 23 85 0 89 100 6 0 93 66 56 0 0 0 0 0 29 88 87 70 36 44 38 62 99 91 75 0 0 2 0 0 19 4 0 71 
0 91 42 16 0 0 100 65 75 0 5 0 0 42 0 31 26 0 84 10 29 0 49 46 0 0 0 29 0 5 12 23 38 17 85 84 26 75 64 47 0 92 0 29 17 0 87 4 71 0 26 0 89 0 74 0 0 89 0 0 65 88 0 0 57 0 2 51 0 75 49 93 0 80 52 84 72 0 0 0 75 0 66 0 95 0 0 0 82 0 0 0 0 11 0 14 0 66 0 14 
0 3 52 40 8 52 12 50 27 0 4 100 91 67 72 39 75 36 0 36 0 34 25 0 19 91 35 0 0 93 44 4 40 0 88 59 51 19 92 0 38 0 35 98 29 0 64 91 5 98 60 42 92 0 0 48 12 0 91 0 4 0 12 92 9 83 0 60 0 0 20 66 80 0 89 4 0 68 49 0 26 0 0 5 35 0 10 0 1 89 89 88 46 0 57 18 0 0 77 0 
0 0 9 14 68 90 11 85 2 53 51 17 16 0 0 6 73 8 0 0 0 25 73 49 0 0 6 59 12 40 83 0 0 48 0 0 89 0 0 26 0 0 39 0 82 0 50 34 0 0 50 83 99 96 67 99 0 0 0 0 66 0 0 0 39 0 93 54 7 0 0 56 52 89 0 0 76 4 94 91 0 47 89 0 81 51 31 0 51 0 23 21 7 0 15 35 0 0 90 91 
0 0 0 0 70 0 0 0 0 0 47 0 0 38 90 13 74 68 24 0 98 0 0 80 83 37 48 34 12 3 84 85 30 85 9 0 98 36 38 0 0 0 0 94 0 26 0 0 64 0 78 0 65 23 0 81 61 85 36 0 0 0 0 22 0 100 31 5 0 87 0 0 84 4 0 0 0 92 43 21 0 33 61 0 0 25 22 55 27 4 88 81 35 69 0 35 52 14 0 0 
58 0 93 0 61 86 69 39 76 88 3 0 0 80 57 0 92 58 0 0 0 90 37 100 0 78 18 70 84 84 0 100 2 37 77 43 79 29 56 58 74 0 100 28 0 75 0 0 97 55 65 64 96 49 0 99 43 75 96 19 38 0 0 82 0 1 0 2 64 91 91 0 72 0 76 0 0 0 69 71 43 0 67 43 55 0 34 27 72 89 0 79 76 30 41 0 0 0 0 0 
0 8 39 47 47 70 0 66 100 100 95 48 68 81 0 2 56 75 0 13 93 59 39 0 0 0 7 88 73 0 0 0 9 68 82 0 69 13 89 55 0 0 0 0 0 85 68 9 0 94 65 0 0 84 50 98 95 0 0 0 51 31 95 79 25 0 75 21 0 13 72 0 0 68 4 92 0 0 9 19 0 43 0 100 42 86 82 43 78 63 45 89 0 29 1 51 56 73 86 81 
23 94 36 34 0 69 0 10 84 1 86 43 36 22 87 68 34 0 4 54 51 0 43 49 64 0 0 77 43 0 0 66 0 26 0 96 0 0 0 15 61 0 0 0 0 92 0 47 42 0 40 66 1 9 11 0 83 0 35 85 48 31 0 72 81 55 91 0 12 55 0 0 0 49 94 43 69 9 0 0 80 37 0 17 0 15 0 47 56 89 0 99 44 3 0 22 86 6 70 48 
9 0 95 43 29 84 57 82 0 64 15 48 45 0 70 33 0 5 70 50 0 10 39 84 0 0 0 0 21 0 0 8 79 0 81 0 0 36 0 0 7 88 66 13 95 0 0 0 0 67 51 0 56 15 9 26 79 85 0 94 46 0 0 49 0 12 54 0 87 65 84 0 0 0 91 21 71 19 0 0 0 0 0 85 0 83 30 80 77 50 0 59 1 78 0 59 24 15 0 0 
0 84 35 82 0 24 46 0 51 57 51 22 13 15 87 97 0 98 95 0 0 24 37 27 7 78 4 15 90 0 85 0 0 0 0 0 81 0 90 10 85 31 26 0 8 64 0 76 8 0 60 82 84 0 64 6 0 51 0 35 75 18 23 0 0 23 60 72 91 33 75 29 75 26 0 0 43 0 80 0 0 0 15 39 72 0 99 55 19 38 0 31 27 8 96 0 27 61 38 0 
4 89 0 0 29 0 0 0 0 79 34 0 46 56 61 0 81 63 100 0 0 52 70 0 0 0 0 7 18 93 60 97 15 0 0 63 0 0 91 97 55 0 0 0 57 0 0 0 67 52 43 99 19 0 44 0 0 0 0 0 0 73 18 59 87 50 0 0 75 65 0 88 0 0 47 33 0 43 37 0 0 0 68 0 0 0 0 0 0 0 0 0 19 0 20 53 86 74 74 0 
0 0 0 0 0 0 16 0 13 47 22 0 0 31 77 58 0 0 73 0 60 0 61 62 0 0 0 0 76 43 0 0 1 0 49 79 51 78 0 59 29 46 77 45 33 5 0 17 82 0 53 62 0 85 46 36 0 52 0 85 85 74 25 0 86 17 0 29 0 0 83 87 66 0 89 61 67 0 0 0 15 68 0 8 21 0 0 0 0 97 66 1 45 59 44 0 60 43 12 17 
57 36 35 0 0 0 20 41 0 48 95 16 0 0 26 0 48 0 1 0 0 35 44 0 0 0 83 52 97 0 0 0 0 57 0 0 0 5 0 33 37 39 77 0 52 31 0 0 21 68 0 0 91 50 24 0 56 0 41 0 0 0 57 33 52 77 0 0 86 87 88 70 0 5 0 0 43 100 17 85 39 0 8 0 0 59 63 0 88 0 3 15 67 0 0 14 0 0 24 20 
12 0 4 12 96 71 64 0 16 71 0 11 41 0 0 0 0 0 0 57 15 76 31 0 55 67 90 31 28 45 13 0 85 0 0 0 79 20 0 10 0 0 0 54 0 94 5 0 98 68 0 88 0 99 0 39 13 0 2 0 93 99 0 74 0 89 26 95 37 81 18 36 95 35 81 0 55 42 0 0 72 0 21 0 0 9 0 0 15 26 0 99 69 0 78 0 67 79 37 0 
0 72 47 95 44 21 0 48 74 0 12 47 0 87 37 69 0 0 0 95 0 0 0 0 46 64 0 27 60 53 72 0 0 0 0 22 42 64 0 0 0 19 76 0 35 0 47 0 42 86 0 0 39 61 98 0 71 0 0 13 27 71 0 0 14 0 6 37 67 15 53 44 0 0 51 25 0 86 15 83 0 0 0 59 9 0 0 0 37 26 2 0 0 91 0 0 98 44 0 0 
87 36 0 12 5 0 0 62 3 66 0 54 0 0 0 13 26 0 2 8 62 0 0 38 85 0 0 64 3 0 69 50 32 87 0 51 41 0 20 42 52 35 0 96 75 0 47 89 34 62 100 23 6 53 22 0 41 43 0 56 76 0 83 0 85 19 29 0 0 0 19 38 0 10 31 22 34 82 0 30 99 0 0 63 0 0 0 69 52 0 0 70 19 0 12 0 9 71 23 37 
62 0 0 0 73 0 0 95 37 0 41 96 0 18 22 0 0 0 19 70 84 0 97 36 91 2 13 15 69 39 19 0 0 95 48 88 44 0 0 35 94 16 25 0 0 76 100 0 10 97 0 16 71 0 89 83 0 0 19 89 62 33 0 34 0 43 57 75 0 90 49 62 0 0 0 55 27 43 47 80 55 0 0 0 0 0 69 0 34 73 94 17 88 0 0 76 0 58 35 22 
0 77 84 65 49 9 0 78 0 0 0 0 0 2 86 27 93 0 0 0 0 49 0 0 19 13 6 0 0 4 0 0 18 40 75 52 0 0 10 49 45 31 0 0 0 89 94 42 52 30 43 9 19 42 0 43 0 0 1 25 59 96 0 67 0 62 0 36 84 0 61 99 82 1 51 27 72 78 56 77 19 0 0 88 15 37 52 34 0 0 68 25 65 0 25 32 3 76 32 99 
67 45 0 0 45 3 83 93 78 0 0 16 0 55 39 0 9 84 0 74 0 0 77 85 80 0 89 0 85 59 43 86 0 0 90 82 40 57 64 0 0 77 0 30 4 29 56 29 65 0 0 53 0 0 8 47 0 2 52 0 74 6 0 14 64 66 0 0 0 3 17 91 0 89 0 4 89 63 89 50 38 0 97 0 26 26 0 73 0 0 23 0 0 98 80 77 64 28 48 28 
4 85 0 9 0 22 26 0 69 37 0 20 0 28 0 19 31 33 32 56 24 0 60 23 82 29 0 72 11 0 11 0 67 0 58 0 92 71 0 46 56 50 45 64 73 59 0 84 68 12 97 41 69 0 47 12 85 78 72 0 61 30 0 29 81 56 54 5 15 25 91 75 0 89 23 88 0 45 0 0 0 0 66 3 0 2 0 94 68 23 0 64 94 58 0 0 63 26 0 0 
0 81 63 76 34 0 0 36 76 0 0 74 0 48 96 16 0 37 0 100 0 39 36 0 0 0 47 21 5 96 93 34 68 4 19 90 15 49 0 0 81 15 0 85 72 0 0 33 51 57 24 88 8 87 45 12 0 0 37 91 60 0 44 92 13 48 59 0 0 56 9 0 0 88 21 81 79 89 99 59 31 0 1 15 99 0 70 17 25 0 64 0 94 0 0 0 5 0 86 57 
26 1 0 76 0 9 73 19 0 21 74 0 0 6 0 0 59 56 0 0 58 0 21 0 0 90 33 61 22 8 55 45 0 54 75 0 0 52 36 72 52 0 46 0 0 65 4 0 75 6 0 97 30 36 26 23 0 36 12 57 89 0 0 88 36 62 46 32 54 55 87 0 0 46 7 35 76 0 44 1 27 19 45 67 69 0 19 88 65 0 94 94 0 14 8 5 86 0 51 37 
49 0 41 16 9 0 0 5 0 47 0 82 41 0 40 84 34 0 63 0 29 39 39 0 47 32 5 0 0 43 40 73 73 0 87 91 49 0 33 8 0 4 0 0 0 0 0 0 0 94 52 0 0 95 11 0 26 0 39 0 0 35 81 0 0 58 82 8 0 24 0 2 11 0 0 69 30 29 3 78 8 0 59 0 0 91 0 0 0 98 58 0 14 0 69 26 0 0 66 0 
25 0 0 0 60 82 77 21 0 0 0 0 55 2 0 0 85 6 26 25 0 54 33 4 0 49 0 0 0 33 57 0 34 0 44 78 43 0 65 61 0 0 24 56 62 5 57 99 83 75 47 41 37 0 67 0 90 0 0 42 0 97 26 0 94 11 0 61 25 82 0 0 0 57 15 0 41 1 0 0 96 20 44 0 78 0 12 0 25 80 0 0 8 69 0 32 37 18 0 64 
95 0 41 0 84 65 5 37 0 0 33 92 0 79 0 0 85 42 0 21 66 4 0 0 18 59 0 73 4 0 0 95 82 0 28 5 97 36 0 32 84 73 9 0 38 63 10 57 41 86 40 62 80 98 60 0 74 83 45 27 44 90 0 84 0 0 38 0 0 0 9 0 14 18 35 35 0 51 22 59 0 53 0 14 0 0 0 76 32 77 0 0 5 26 32 0 0 61 62 0 
0 39 53 87 96 14 0 0 70 92 35 74 13 97 0 76 0 13 3 36 36 0 0 0 68 7 0 87 28 73 5 0 31 18 37 72 0 0 0 95 12 0 0 0 43 91 0 60 21 0 46 95 38 1 40 0 25 0 0 73 0 0 0 94 80 23 9 0 26 28 97 19 0 0 0 52 0 56 86 24 27 86 60 0 67 98 9 0 3 64 63 5 86 0 37 0 0 27 1 0 
27 63 29 0 86 95 33 0 52 0 0 90 37 70 0 0 0 63 0 0 90 18 0 0 64 14 35 69 52 0 55 44 89 1 0 34 22 100 0 73 91 0 0 66 62 54 0 26 39 91 68 83 0 72 0 0 0 0 58 79 81 0 0 6 14 97 0 0 59 9 0 4 66 0 0 14 0 73 6 15 61 74 43 0 79 44 71 58 76 28 26 0 0 0 18 61 27 0 0 58 
74 0 96 90 82 16 6 3 96 4 0 0 0 42 10 0 0 0 24 100 30 67 56 1 77 73 68 0 0 60 66 61 14 0 88 0 0 56 54 0 5 31 21 0 29 0 85 0 14 45 16 54 97 0 100 0 6 0 3 39 0 0 0 85 16 6 36 20 0 16 0 0 0 77 90 0 0 86 70 0 38 74 12 24 37 0 23 35 32 48 0 86 51 66 0 62 1 0 0 0 
0 10 74 15 0 48 82 56 0 0 67 88 95 0 0 3 14 0 76 47 37 22 18 0 25 82 6 88 39 22 10 71 0 0 53 0 14 0 67 46 32 97 97 0 59 0 24 70 31 79 7 94 0 0 0 89 0 84 0 0 0 0 97 23 72 33 0 22 0 39 18 71 14 0 91 0 0 81 48 0 0 0 17 20 0 0 37 22 99 28 0 57 37 0 64 0 0 58 0 0 
