0 0 0 0 0 0 0 0 0 0 0 0 0 0 0 0 53 0 0 0 0 0 0 0 0 0 99 0 0 0 0 0 0 66 0 33 0 0 69 0 0 0 0 0 0 0 23 0 0 0 38 0 0 0 0 30 0 0 0 0 0 0 0 0 0 0 82 0 0 0 0 0 48 0 0 0 0 0 0 0 57 0 0 0 0 0 0 0 0 0 0 0 0 0 0 0 0 40 0 0 
0 0 0 0 1 0 0 0 60 0 0 86 0 0 0 8 0 0 0 0 0 39 0 0 0 0 0 0 0 0 0 0 0 0 0 0 0 0 9 0 0 0 93 0 0 0 0 48 0 0 0 0 90 0 0 0 0 22 0 0 0 0 0 0 0 0 0 0 0 0 0 0 0 10 0 0 0 0 0 0 0 0 0 15 0 0 0 6 0 0 0 0 0 0 0 10 0 0 0 0 
0 0 0 0 0 0 0 0 0 0 0 0 0 87 0 74 0 0 0 0 0 0 0 0 0 0 0 0 0 0 0 0 0 0 0 0 0 0 31 95 0 0 0 0 0 4 0 91 0 0 0 0 0 14 0 0 0 0 0 0 0 0 0 0 0 0 0 96 0 0 32 0 0 0 0 0 0 0 0 0 0 0 0 0 0 0 0 89 0 0 70 0 22 0 0 0 0 0 0 0 
0 0 0 0 0 20 0 0 0 0 0 0 0 0 0 0 0 52 0 0 0 0 0 0 0 52 0 9 0 40 0 0 0 0 0 0 0 0 3 0 99 0 0 36 0 0 0 0 92 0 0 0 0 0 0 0 0 0 0 0 0 0 85 52 0 17 0 0 0 92 0 0 34 0 0 0 0 0 0 0 0 0 0 48 0 0 0 0 0 0 0 0 0 0 0 0 0 0 0 0 
0 1 0 0 0 0 0 0 0 0 0 0 0 0 0 0 23 0 0 0 0 0 0 0 0 0 0 0 0 0 24 0 0 9 0 0 0 0 0 0 0 0 0 0 0 0 0 0 0 0 0 0 55 0 0 0 0 34 0 6 0 0 0 0 0 0 0 0 0 0 0 0 0 0 24 0 0 27 0 0 0 0 0 0 0 0 0 0 0 83 0 0 0 0 58 0 0 0 0 0 
0 0 0 20 0 0 0 0 0 0 0 0 0 10 0 83 0 0 0 0 0 0 0 0 0 0 0 0 0 0 0 0 0 0 49 59 0 0 0 12 0 0 0 0 0 0 0 0 0 0 0 0 0 0 0 0 77 0 24 0 0 53 0 0 0 0 0 0 24 0 0 0 0 0 0 0 57 0 95 0 0 0 0 0 0 23 86 0 0 0 0 0 0 0 0 0 0 0 0 0 
0 0 0 0 0 0 0 0 0 0 0 0 41 0 0 10 0 41 0 0 0 0 0 0 0 81 0 0 65 0 0 0 0 0 76 0 61 0 0 0 0 0 0 76 100 0 0 0 0 0 0 0 0 0 0 0 0 0 0 0 0 0 0 0 0 0 0 57 0 0 0 0 0 0 0 0 0 0 0 0 0 0 0 0 79 0 0 0 0 0 0 0 0 0 0 0 0 0 0 0 
0 0 0 0 0 0 0 0 0 0 0 0 62 0 0 0 80 0 0 0 0 0 0 0 0 1 37 0 0 83 0 0 0 0 0 0 34 0 0 0 0 0 0 0 0 0 0 0 0 0 0 0 66 0 0 98 0 0 0 0 0 0 0 0 0 0 0 0 61 81 0 19 0 14 0 0 0 0 0 0 0 0 0 0 0 0 0 0 0 0 0 0 0 64 0 0 0 0 1 0 
0 60 0 0 0 0 0 0 0 0 0 0 0 0 0 0 0 0 0 0 100 0 0 0 0 0 21 36 0 0 0 0 0 69 26 0 0 0 0 0 0 0 0 0 0 0 0 0 0 0 0 0 0 0 0 0 0 0 0 0 0 0 0 61 2 0 0 0 77 0 0 0 0 87 0 19 0 0 89 57 0 0 10 0 0 0 0 0 0 0 0 0 0 35 0 0 0 0 0 0 
0 0 0 0 0 0 0 0 0 0 0 0 0 57 51 0 0 0 0 0 98 0 83 0 0 0 0 0 0 0 0 32 0 0 0 0 0 0 0 0 11 0 0 0 0 0 0 0 0 0 0 0 0 0 0 0 0 0 0 0 0 0 0 0 0 100 0 0 0 0 0 0 0 54 63 0 0 0 0 0 88 0 0 0 0 4 0 0 0 43 0 14 0 0 0 65 0 0 0 70 
0 0 0 0 0 0 0 0 0 0 0 0 0 0 18 0 5 53 0 0 0 89 0 0 0 80 0 0 0 7 0 0 94 0 0 0 0 39 0 0 0 0 0 0 0 0 0 0 0 0 92 17 0 0 0 0 10 0 0 0 0 0 5 0 0 0 98 0 0 0 0 0 0 0 0 44 0 0 0 0 0 0 0 0 0 0 0 0 0 0 0 0 0 0 0 0 0 0 0 0 
0 86 0 0 0 0 0 0 0 0 0 0 0 0 0 0 0 0 0 0 0 27 0 0 0 0 0 0 0 0 0 0 0 0 0 0 41 0 68 0 0 78 0 76 0 0 0 0 0 0 0 0 22 12 8 0 10 0 0 0 0 0 0 0 0 0 0 0 0 0 0 0 0 0 0 0 49 0 0 0 94 0 0 36 0 30 0 0 0 0 0 0 0 0 0 0 0 0 24 0 
0 0 0 0 0 0 41 62 0 0 0 0 0 0 0 58 0 0 0 0 0 0 14 62 0 0 0 0 0 0 0 0 0 0 0 0 0 0 0 0 0 0 0 0 0 0 0 0 0 0 0 0 0 97 0 27 0 0 0 0 0 0 0 0 0 93 19 0 0 0 0 58 0 0 16 49 0 0 0 0 0 0 0 0 0 0 0 0 0 0 0 0 23 0 0 0 0 0 0 88 
0 0 87 0 0 10 0 0 0 57 0 0 0 0 0 0 0 0 0 0 0 0 0 21 0 13 0 0 0 0 0 0 0 0 0 0 0 99 0 0 0 0 0 0 0 0 0 0 0 0 0 0 0 26 0 0 0 0 45 0 0 0 0 0 0 0 0 0 0 0 0 0 0 3 0 0 0 94 37 46 2 0 0 0 0 0 0 0 0 0 77 0 0 0 0 0 0 14 0 0 
0 0 0 0 0 0 0 0 0 51 18 0 0 0 0 0 0 0 0 0 0 0 0 0 55 0 0 0 94 0 0 0 0 0 0 94 0 0 0 0 0 0 0 0 0 14 0 0 0 0 18 0 0 0 0 0 0 0 0 0 0 0 0 63 0 0 0 0 0 0 0 0 0 0 0 0 0 0 1 61 0 57 0 79 0 0 0 0 0 0 0 0 0 0 65 0 0 0 0 0 
0 8 74 0 0 83 10 0 0 0 0 0 58 0 0 0 0 0 0 0 95 0 0 0 69 0 83 0 0 0 0 0 0 0 0 0 0 0 34 0 0 0 0 0 0 0 0 0 0 0 0 0 0 0 0 0 0 56 41 0 0 0 0 0 0 0 0 0 0 0 0 0 0 0 0 0 0 0 0 0 0 0 0 0 48 0 0 0 0 0 0 0 0 0 0 0 66 0 0 0 
53 0 0 0 23 0 0 80 0 0 5 0 0 0 0 0 0 0 0 0 0 0 0 0 0 0 0 91 0 0 0 0 0 20 0 0 0 0 0 0 0 0 0 0 0 32 0 15 36 0 36 0 0 0 0 0 0 0 0 0 0 0 0 0 0 0 0 0 0 0 0 0 0 0 0 0 0 22 0 0 0 0 0 0 0 0 0 0 90 80 0 0 0 0 0 0 0 0 0 0 
0 0 0 52 0 0 41 0 0 0 53 0 0 0 0 0 0 0 0 0 98 0 0 37 0 0 0 0 0 0 0 0 0 0 75 0 0 0 0 27 0 0 77 0 0 83 0 0 0 0 0 0 0 13 0 0 0 0 0 37 0 0 0 0 99 0 0 0 0 0 0 0 0 0 0 0 0 18 0 0 0 0 0 0 0 0 0 0 0 0 0 0 0 0 0 0 0 0 0 0 
0 0 0 0 0 0 0 0 0 0 0 0 0 0 0 0 0 0 0 0 0 0 0 0 0 0 0 0 0 0 33 0 0 0 0 0 0 0 0 0 0 37 0 0 41 0 0 0 0 0 0 0 37 0 85 0 17 0 0 0 0 0 96 0 0 0 0 92 0 0 0 0 0 0 0 0 0 0 0 0 52 0 0 27 0 0 0 0 25 0 0 0 0 0 0 41 0 0 86 0 
0 0 0 0 0 0 0 0 0 0 0 0 0 0 0 0 0 0 0 0 0 0 2 0 0 0 0 0 0 93 0 0 0 0 0 70 0 0 0 46 0 0 0 0 0 0 0 88 70 0 0 58 0 0 0 0 63 0 0 0 0 0 0 0 0 0 0 64 0 0 0 0 15 0 0 0 0 0 0 0 22 0 77 0 0 0 0 0 0 39 0 0 0 0 0 0 0 40 0 0 
0 0 0 0 0 0 0 0 100 98 0 0 0 0 0 95 0 98 0 0 0 0 0 71 0 0 0 0 0 0 0 0 0 0 0 0 0 0 62 0 0 0 0 0 0 0 0 0 0 0 0 0 0 0 70 0 0 0 0 0 0 0 100 0 0 93 0 0 22 0 0 0 0 0 11 0 0 0 0 0 0 0 0 0 82 77 0 0 0 0 0 0 0 0 0 0 0 54 21 0 
0 39 0 0 0 0 0 0 0 0 89 27 0 0 0 0 0 0 0 0 0 0 74 0 0 0 0 0 0 45 0 0 0 74 0 0 0 0 0 0 0 9 0 0 0 0 0 0 0 0 0 0 0 0 0 0 0 0 0 0 0 4 0 0 0 0 0 0 0 65 0 0 4 8 0 0 45 0 71 0 0 3 0 0 0 0 0 0 0 0 0 0 0 0 0 0 0 0 0 0 
0 0 0 0 0 0 0 0 0 83 0 0 14 0 0 0 0 0 0 2 0 74 0 82 0 0 0 0 0 0 0 0 2 0 0 0 0 0 0 0 0 0 6 0 60 0 0 0 0 64 73 0 0 0 0 0 0 0 0 0 0 14 0 0 0 0 0 0 0 0 19 0 0 0 0 0 0 0 0 92 0 0 0 0 0 0 0 0 0 0 0 0 0 0 0 0 0 0 0 0 
0 0 0 0 0 0 0 0 0 0 0 0 62 21 0 0 0 37 0 0 71 0 82 0 0 0 0 0 0 0 0 0 0 0 0 0 0 0 0 0 0 0 0 0 0 1 82 0 0 61 0 66 0 92 0 0 9 0 0 0 0 0 0 0 0 37 0 0 0 0 0 0 0 0 0 0 0 0 0 0 0 0 0 0 0 0 0 0 0 70 0 0 0 0 21 14 0 0 0 0 
0 0 0 0 0 0 0 0 0 0 0 0 0 0 55 69 0 0 0 0 0 0 0 0 0 0 0 0 100 0 0 0 92 0 0 0 95 0 0 30 0 61 0 0 0 14 0 0 0 0 0 0 0 0 0 0 0 0 0 0 0 0 0 0 0 0 0 0 0 0 0 0 14 0 0 0 0 0 0 15 0 0 0 0 0 0 0 0 0 0 0 58 0 0 54 96 62 0 0 0 
0 0 0 52 0 0 81 1 0 0 80 0 0 13 0 0 0 0 0 0 0 0 0 0 0 0 24 0 0 0 0 0 0 0 0 0 0 0 0 0 0 0 0 4 0 0 0 0 0 0 0 3 0 0 0 0 0 96 0 69 0 0 0 0 0 16 32 0 0 0 0 0 0 0 0 0 0 0 0 0 55 0 0 0 0 0 0 69 0 94 0 0 0 0 0 0 0 0 0 0 
99 0 0 0 0 0 0 37 21 0 0 0 0 0 0 83 0 0 0 0 0 0 0 0 0 24 0 0 0 0 0 0 90 0 0 0 0 11 0 0 0 41 0 0 0 0 0 0 0 0 98 0 0 0 74 0 0 0 0 0 0 0 0 0 0 0 0 0 0 17 0 9 0 0 0 0 0 0 0 0 79 0 0 0 0 0 0 0 0 0 56 0 0 7 0 0 0 0 0 0 
0 0 0 9 0 0 0 0 36 0 0 0 0 0 0 0 91 0 0 0 0 0 0 0 0 0 0 0 0 0 0 0 0 0 0 0 0 0 0 0 11 0 0 0 0 0 0 0 0 0 0 0 0 0 0 0 59 1 22 0 0 62 0 0 54 0 0 0 0 0 0 0 0 0 0 0 0 0 0 0 0 50 0 0 0 0 0 0 0 0 0 47 0 0 0 0 0 0 7 0 
0 0 0 0 0 0 65 0 0 0 0 0 0 0 94 0 0 0 0 0 0 0 0 0 100 0 0 0 0 0 0 0 0 0 0 0 0 0 33 8 0 0 0 0 0 0 0 0 0 0 0 0 0 0 0 0 0 0 38 0 75 0 0 0 0 89 0 0 0 48 0 0 0 0 0 0 0 0 48 0 0 0 0 45 0 0 0 30 0 77 0 0 0 0 0 0 0 47 0 0 
0 0 0 40 0 0 0 83 0 0 7 0 0 0 0 0 0 0 0 93 0 45 0 0 0 0 0 0 0 0 0 0 0 0 0 82 0 0 0 0 0 44 0 0 0 0 0 0 0 0 0 0 0 0 0 0 0 0 0 0 0 0 0 0 0 0 0 0 0 0 0 0 20 75 0 0 0 0 0 0 0 67 0 0 0 32 0 0 0 0 0 0 0 0 0 0 0 0 0 0 
0 0 0 0 24 0 0 0 0 0 0 0 0 0 0 0 0 0 33 0 0 0 0 0 0 0 0 0 0 0 0 0 0 0 0 0 63 0 0 0 34 0 0 0 0 0 0 0 0 0 0 80 0 0 0 71 0 95 0 0 68 0 87 0 0 0 0 0 0 98 0 0 0 0 34 0 0 0 0 0 0 0 0 0 0 43 0 0 0 0 0 0 0 0 0 0 87 0 0 0 
0 0 0 0 0 0 0 0 0 32 0 0 0 0 0 0 0 0 0 0 0 0 0 0 0 0 0 0 0 0 0 0 0 0 0 58 44 0 5 0 0 0 0 0 0 3 0 0 0 0 0 0 95 0 0 0 0 63 0 0 95 0 0 62 85 90 0 0 0 0 0 0 34 0 6 0 0 0 0 0 0 0 0 0 0 0 0 0 0 0 33 42 0 0 0 0 0 0 0 0 
0 0 0 0 0 0 0 0 0 0 94 0 0 0 0 0 0 0 0 0 0 0 2 0 92 0 90 0 0 0 0 0 0 0 0 0 0 0 0 0 0 0 27 0 0 0 0 0 0 3 0 84 0 83 0 0 0 0 0 79 0 0 7 0 0 0 0 0 0 0 0 0 0 0 0 0 56 0 0 0 0 0 28 0 0 0 14 0 0 0 0 0 0 67 82 0 0 0 0 0 
66 0 0 0 9 0 0 0 69 0 0 0 0 0 0 0 20 0 0 0 0 74 0 0 0 0 0 0 0 0 0 0 0 0 0 0 91 77 0 0 0 0 0 0 0 0 0 0 0 0 71 0 0 14 0 0 0 0 0 0 0 0 43 0 0 0 82 57 0 0 0 0 95 0 59 0 72 0 0 0 0 0 0 0 0 0 0 0 0 0 0 0 0 0 0 0 0 0 0 0 
0 0 0 0 0 49 76 0 26 0 0 0 0 0 0 0 0 75 0 0 0 0 0 0 0 0 0 0 0 0 0 0 0 0 0 0 0 0 0 0 0 0 0 0 10 0 0 0 0 0 0 0 0 0 0 0 0 0 54 0 0 0 0 0 34 0 3 0 0 0 0 0 0 0 0 0 0 0 0 0 0 0 0 78 0 0 0 0 0 0 0 0 99 0 0 0 0 0 0 0 
33 0 0 0 0 59 0 0 0 0 0 0 0 0 94 0 0 0 0 70 0 0 0 0 0 0 0 0 0 82 0 58 0 0 0 0 0 0 0 0 0 0 0 0 0 0 0 0 3 0 76 84 14 0 9 0 0 0 0 0 0 0 0 0 57 0 0 0 0 0 0 0 0 0 0 0 0 0 0 0 4 0 0 0 0 53 0 0 0 0 0 0 0 0 51 0 0 0 0 0 
0 0 0 0 0 0 61 34 0 0 0 41 0 0 0 0 0 0 0 0 0 0 0 0 95 0 0 0 0 0 63 44 0 91 0 0 0 0 0 0 73 0 0 0 0 0 35 0 0 0 72 47 0 0 0 0 0 0 0 0 0 0 0 0 0 0 0 0 0 0 0 89 0 0 0 0 0 0 0 0 0 0 0 0 89 0 0 0 0 0 0 0 0 0 81 0 0 0 0 35 
0 0 0 0 0 0 0 0 0 0 39 0 0 99 0 0 0 0 0 0 0 0 0 0 0 0 11 0 0 0 0 0 0 77 0 0 0 0 0 0 52 0 0 0 0 0 0 0 0 29 0 0 0 0 0 0 0 0 0 0 0 0 0 61 0 0 0 0 0 0 0 0 0 0 0 0 0 88 0 0 0 84 0 0 0 16 0 0 0 0 0 0 0 51 0 0 0 0 0 0 
69 9 31 3 0 0 0 0 0 0 0 68 0 0 0 34 0 0 0 0 62 0 0 0 0 0 0 0 33 0 0 5 0 0 0 0 0 0 0 24 81 23 0 0 0 83 0 0 0 0 0 0 0 0 0 0 0 0 0 0 0 0 0 0 0 0 0 0 0 0 0 10 0 0 0 0 0 0 0 0 0 0 0 0 0 0 0 0 0 0 0 0 0 0 0 62 0 0 0 0 
0 0 95 0 0 12 0 0 0 0 0 0 0 0 0 0 0 27 0 46 0 0 0 0 30 0 0 0 8 0 0 0 0 0 0 0 0 0 24 0 69 0 81 0 0 0 0 0 0 0 0 0 0 0 40 0 0 0 0 0 69 0 0 77 0 0 0 0 58 0 0 1 0 0 0 0 0 0 0 0 0 0 0 0 0 0 0 0 0 0 0 0 0 0 0 0 0 0 0 33 
0 0 0 99 0 0 0 0 0 11 0 0 0 0 0 0 0 0 0 0 0 0 0 0 0 0 0 11 0 0 34 0 0 0 0 0 73 52 81 69 0 0 0 0 0 0 66 0 100 0 0 0 0 0 32 0 0 0 77 0 0 0 0 0 0 0 0 0 0 0 71 0 0 0 0 50 0 0 0 0 0 0 0 0 0 0 0 0 0 0 0 0 0 0 0 2 0 0 0 0 
0 0 0 0 0 0 0 0 0 0 0 78 0 0 0 0 0 0 37 0 0 9 0 0 61 0 41 0 0 44 0 0 0 0 0 0 0 0 23 0 0 0 0 0 0 0 0 0 0 0 85 0 0 0 0 0 0 0 0 0 46 0 77 0 0 0 25 0 0 0 0 3 0 0 0 0 0 0 0 0 0 0 49 0 0 0 0 0 0 0 0 0 0 0 0 0 0 0 0 0 
0 93 0 0 0 0 0 0 0 0 0 0 0 0 0 0 0 77 0 0 0 0 6 0 0 0 0 0 0 0 0 0 27 0 0 0 0 0 0 81 0 0 0 0 0 25 0 0 0 0 0 0 0 0 17 82 0 0 0 0 0 0 0 62 5 0 0 0 0 0 0 11 0 0 0 81 0 0 0 0 46 0 49 0 0 0 0 0 0 0 0 0 0 0 0 0 0 0 0 94 
0 0 0 36 0 0 76 0 0 0 0 76 0 0 0 0 0 0 0 0 0 0 0 0 0 4 0 0 0 0 0 0 0 0 0 0 0 0 0 0 0 0 0 0 0 0 37 24 0 0 0 0 0 0 0 0 99 0 0 0 0 0 9 0 28 0 0 0 0 0 0 0 0 0 0 0 0 0 0 0 0 0 0 0 0 0 0 0 0 0 0 0 0 0 0 0 48 0 0 55 
0 0 0 0 0 0 100 0 0 0 0 0 0 0 0 0 0 0 41 0 0 0 60 0 0 0 0 0 0 0 0 0 0 0 10 0 0 0 0 0 0 0 0 0 0 0 0 0 0 0 0 0 0 0 0 0 0 0 0 0 0 0 0 0 21 0 0 13 0 0 0 0 0 0 0 0 64 24 0 0 0 0 0 0 10 0 0 0 0 0 0 42 0 0 0 0 0 0 0 0 
0 0 4 0 0 0 0 0 0 0 0 0 0 0 14 0 32 83 0 0 0 0 0 1 14 0 0 0 0 0 0 3 0 0 0 0 0 0 83 0 0 0 25 0 0 0 0 0 0 0 0 0 0 57 0 0 0 0 0 0 0 0 0 0 0 0 0 0 0 0 0 0 0 68 0 0 0 0 100 0 0 0 0 0 0 0 0 0 38 56 0 0 0 0 0 0 0 0 70 0 
23 0 0 0 0 0 0 0 0 0 0 0 0 0 0 0 0 0 0 0 0 0 0 82 0 0 0 0 0 0 0 0 0 0 0 0 35 0 0 0 66 0 0 37 0 0 0 0 0 0 0 0 93 0 0 25 0 0 0 0 0 0 0 0 0 23 0 0 0 0 0 0 0 0 64 97 27 66 0 0 0 0 0 0 0 0 0 0 0 0 0 0 0 50 0 0 0 0 31 96 
0 48 91 0 0 0 0 0 0 0 0 0 0 0 0 0 15 0 0 88 0 0 0 0 0 0 0 0 0 0 0 0 0 0 0 0 0 0 0 0 0 0 0 24 0 0 0 0 0 0 0 0 0 0 0 0 0 0 0 0 0 10 0 0 3 0 0 0 0 61 0 0 0 0 0 73 0 0 82 0 0 0 0 0 38 0 0 0 0 0 0 0 43 0 0 0 0 0 0 0 
0 0 0 92 0 0 0 0 0 0 0 0 0 0 0 0 36 0 0 70 0 0 0 0 0 0 0 0 0 0 0 0 0 0 0 3 0 0 0 0 100 0 0 0 0 0 0 0 0 0 0 66 0 0 0 0 0 0 0 0 0 0 0 60 0 0 57 0 0 0 0 0 0 0 0 0 0 0 0 0 0 0 0 0 0 0 0 0 0 60 0 38 0 0 25 0 0 0 44 0 
0 0 0 0 0 0 0 0 0 0 0 0 0 0 0 0 0 0 0 0 0 0 64 61 0 0 0 0 0 0 0 0 3 0 0 0 0 29 0 0 0 0 0 0 0 0 0 0 0 0 0 0 0 0 67 0 38 24 0 60 0 0 0 0 49 0 71 0 0 0 0 0 0 0 0 51 0 0 0 0 0 0 0 0 68 2 0 0 0 0 31 0 0 0 0 20 0 0 0 0 
38 0 0 0 0 0 0 0 0 0 92 0 0 0 18 0 36 0 0 0 0 0 73 0 0 0 98 0 0 0 0 0 0 71 0 76 72 0 0 0 0 85 0 0 0 0 0 0 0 0 0 0 0 0 0 0 0 0 0 0 0 0 15 0 10 0 0 0 20 0 0 0 0 0 0 0 0 0 0 0 0 0 0 0 0 0 29 0 0 0 0 74 0 0 0 0 0 0 0 0 
0 0 0 0 0 0 0 0 0 0 17 0 0 0 0 0 0 0 0 58 0 0 0 66 0 3 0 0 0 0 80 0 84 0 0 84 47 0 0 0 0 0 0 0 0 0 0 0 66 0 0 0 0 48 0 0 0 0 0 0 0 0 0 0 0 0 0 0 0 0 0 0 0 0 0 60 86 0 0 0 0 0 0 0 0 0 0 0 1 96 0 90 0 0 0 0 0 0 0 0 
0 90 0 0 55 0 0 66 0 0 0 22 0 0 0 0 0 0 37 0 0 0 0 0 0 0 0 0 0 0 0 95 0 0 0 14 0 0 0 0 0 0 0 0 0 0 93 0 0 0 0 0 0 0 0 25 88 0 0 0 0 0 0 0 0 0 73 99 0 0 0 0 0 0 0 0 0 0 0 0 0 0 0 0 0 0 0 0 0 0 0 60 0 43 0 0 0 34 0 0 
0 0 14 0 0 0 0 0 0 0 0 12 97 26 0 0 0 13 0 0 0 0 0 92 0 0 0 0 0 0 0 0 83 14 0 0 0 0 0 0 0 0 0 0 0 57 0 0 0 0 0 48 0 0 0 0 0 0 0 0 0 0 0 0 0 0 7 0 0 0 0 0 0 0 0 0 0 0 0 0 0 6 0 19 0 33 0 0 0 0 0 0 0 8 0 0 0 0 0 0 
0 0 0 0 0 0 0 0 0 0 0 8 0 0 0 0 0 0 85 0 70 0 0 0 0 0 74 0 0 0 0 0 0 0 0 9 0 0 0 40 32 0 17 0 0 0 0 0 0 67 0 0 0 0 0 0 74 0 0 0 0 0 0 0 0 0 0 0 0 0 0 0 0 0 0 0 0 0 0 0 0 0 0 0 0 0 0 0 0 0 0 0 0 0 0 0 0 0 0 0 
30 0 0 0 0 0 0 98 0 0 0 0 27 0 0 0 0 0 0 0 0 0 0 0 0 0 0 0 0 0 71 0 0 0 0 0 0 0 0 0 0 0 82 0 0 0 25 0 0 0 0 0 25 0 0 0 0 0 0 0 25 30 0 0 0 0 50 0 0 0 0 0 0 0 0 0 0 0 0 73 0 0 0 15 36 0 54 0 0 0 0 0 0 60 0 0 0 0 0 0 
0 0 0 0 0 77 0 0 0 0 10 10 0 0 0 0 0 0 17 63 0 0 0 9 0 0 0 59 0 0 0 0 0 0 0 0 0 0 0 0 0 0 0 99 0 0 0 0 0 38 0 0 88 0 74 0 0 0 0 0 0 0 0 0 0 0 0 0 0 0 0 0 0 0 0 0 0 0 0 0 0 0 0 36 0 0 0 0 0 0 0 0 6 0 0 0 0 80 48 0 
0 22 0 0 34 0 0 0 0 0 0 0 0 0 0 56 0 0 0 0 0 0 0 0 0 96 0 1 0 0 95 63 0 0 0 0 0 0 0 0 0 0 0 0 0 0 0 0 0 24 0 0 0 0 0 0 0 0 0 0 0 0 0 0 0 0 0 0 0 0 0 74 0 14 0 0 0 0 0 52 0 0 0 0 0 0 0 83 0 0 0 0 0 80 0 97 0 0 0 0 
0 0 0 0 0 24 0 0 0 0 0 0 0 45 0 41 0 0 0 0 0 0 0 0 0 0 0 22 38 0 0 0 0 0 54 0 0 0 0 0 77 0 0 0 0 0 0 0 0 0 0 0 0 0 0 0 0 0 0 66 79 0 0 8 0 0 0 0 0 0 0 0 0 0 0 0 83 88 43 0 61 0 0 0 0 0 0 0 0 0 11 0 0 0 0 0 0 0 0 0 
0 0 0 0 6 0 0 0 0 0 0 0 0 0 0 0 0 37 0 0 0 0 0 0 0 69 0 0 0 0 0 0 79 0 0 0 0 0 0 0 0 0 0 0 0 0 0 0 0 60 0 0 0 0 0 0 0 0 66 0 0 0 0 0 0 0 0 0 5 0 0 0 0 100 0 0 0 0 0 0 0 32 0 0 0 0 0 0 0 98 0 0 0 0 63 0 34 64 0 0 
0 0 0 0 0 0 0 0 0 0 0 0 0 0 0 0 0 0 0 0 0 0 0 0 0 0 0 0 75 0 68 95 0 0 0 0 0 0 0 69 0 46 0 0 0 0 0 0 0 0 0 0 0 0 0 25 0 0 79 0 0 0 0 42 0 0 0 0 0 0 0 78 0 0 0 0 0 0 0 0 0 64 0 0 0 0 0 0 0 0 0 0 0 0 0 4 0 0 41 0 
0 0 0 0 0 53 0 0 0 0 0 0 0 0 0 0 0 0 0 0 0 4 14 0 0 0 0 62 0 0 0 0 0 0 0 0 0 0 0 0 0 0 0 0 0 0 0 10 0 0 0 0 0 0 0 30 0 0 0 0 0 0 0 0 0 0 87 0 0 0 0 0 0 0 0 0 0 76 96 0 0 0 0 0 0 0 0 0 0 54 0 0 0 4 0 32 0 0 0 41 
0 0 0 85 0 0 0 0 0 0 5 0 0 0 0 0 0 0 96 0 100 0 0 0 0 0 0 0 0 0 87 0 7 43 0 0 0 0 0 0 0 77 0 9 0 0 0 0 0 0 15 0 0 0 0 0 0 0 0 0 0 0 0 0 0 0 0 0 0 0 0 0 0 0 0 0 0 0 88 0 0 0 0 0 0 0 0 0 0 0 0 0 0 0 94 0 0 0 0 93 
0 0 0 52 0 0 0 0 61 0 0 0 0 0 63 0 0 0 0 0 0 0 0 0 0 0 0 0 0 0 0 62 0 0 0 0 0 61 0 77 0 0 62 0 0 0 0 0 60 0 0 0 0 0 0 0 0 0 8 0 42 0 0 0 0 0 0 0 0 0 0 0 0 0 88 37 0 0 0 0 0 0 0 0 0 0 0 0 0 0 0 0 0 30 6 0 0 26 0 0 
0 0 0 0 0 0 0 0 2 0 0 0 0 0 0 0 0 99 0 0 0 0 0 0 0 0 0 54 0 0 0 85 0 0 34 57 0 0 0 0 0 0 5 28 21 0 0 3 0 49 10 0 0 0 0 0 0 0 0 0 0 0 0 0 0 0 0 0 0 0 5 0 0 0 0 0 0 0 0 0 0 0 0 0 41 0 0 0 0 0 0 0 0 0 0 0 0 0 0 0 
0 0 0 17 0 0 0 0 0 100 0 0 93 0 0 0 0 0 0 0 93 0 0 37 0 16 0 0 89 0 0 90 0 0 0 0 0 0 0 0 0 0 0 0 0 0 23 0 0 0 0 0 0 0 0 0 0 0 0 0 0 0 0 0 0 0 0 0 0 0 0 0 0 0 3 0 0 0 0 0 0 0 0 70 0 0 67 0 0 0 0 28 0 0 0 0 4 0 77 0 
82 0 0 0 0 0 0 0 0 0 98 0 19 0 0 0 0 0 0 0 0 0 0 0 0 32 0 0 0 0 0 0 0 82 3 0 0 0 0 0 0 25 0 0 0 0 0 0 57 71 0 0 73 7 0 50 0 0 0 0 0 87 0 0 0 0 0 0 0 0 0 0 0 0 0 0 0 0 0 0 0 0 0 0 0 0 0 0 0 0 0 0 78 0 0 0 0 0 0 0 
0 0 96 0 0 0 57 0 0 0 0 0 0 0 0 0 0 0 92 64 0 0 0 0 0 0 0 0 0 0 0 0 0 57 0 0 0 0 0 0 0 0 0 0 13 0 0 0 0 0 0 0 99 0 0 0 0 0 0 0 0 0 0 0 0 0 0 0 90 0 5 0 0 42 0 94 17 0 0 0 0 0 0 0 0 0 0 0 58 0 0 0 28 0 23 0 0 0 0 0 
0 0 0 0 0 24 0 61 77 0 0 0 0 0 0 0 0 0 0 0 22 0 0 0 0 0 0 0 0 0 0 0 0 0 0 0 0 0 0 58 0 0 0 0 0 0 0 0 0 0 20 0 0 0 0 0 0 0 0 5 0 0 0 0 0 0 0 90 0 0 0 0 0 0 48 40 0 0 0 0 0 0 0 0 0 0 18 0 0 29 31 0 22 0 0 0 0 0 38 0 
0 0 0 92 0 0 0 81 0 0 0 0 0 0 0 0 0 0 0 0 0 65 0 0 0 0 17 0 48 0 98 0 0 0 0 0 0 0 0 0 0 0 0 0 0 0 0 61 0 0 0 0 0 0 0 0 0 0 0 0 0 0 0 0 0 0 0 0 0 0 0 0 0 0 0 0 0 58 0 0 0 0 0 0 0 0 0 0 0 0 0 75 0 84 0 0 0 0 0 0 
0 0 32 0 0 0 0 0 0 0 0 0 0 0 0 0 0 0 0 0 0 0 19 0 0 0 0 0 0 0 0 0 0 0 0 0 0 0 0 0 71 0 0 0 0 0 0 0 0 0 0 0 0 0 0 0 0 0 0 0 0 0 0 0 5 0 0 5 0 0 0 0 0 0 0 0 0 0 0 0 0 0 0 0 0 0 0 0 0 0 0 0 0 14 0 0 0 0 0 65 
0 0 0 0 0 0 0 19 0 0 0 0 58 0 0 0 0 0 0 0 0 0 0 0 0 0 9 0 0 0 0 0 0 0 0 0 89 0 10 1 0 3 11 0 0 0 0 0 0 0 0 0 0 0 0 0 0 74 0 0 78 0 0 0 0 0 0 0 0 0 0 0 76 0 0 0 0 0 0 0 0 0 0 0 53 0 0 0 0 0 0 80 0 0 0 53 0 0 0 56 
48 0 0 34 0 0 0 0 0 0 0 0 0 0 0 0 0 0 0 15 0 4 0 0 14 0 0 0 0 20 0 34 0 95 0 0 0 0 0 0 0 0 0 0 0 0 0 0 0 0 0 0 0 0 0 0 0 0 0 0 0 0 0 0 0 0 0 0 0 0 0 76 0 0 0 0 0 0 0 0 0 0 43 31 0 46 0 0 0 0 0 0 0 0 0 0 26 0 0 0 
0 10 0 0 0 0 0 14 87 54 0 0 0 3 0 0 0 0 0 0 0 8 0 0 0 0 0 0 0 75 0 0 0 0 0 0 0 0 0 0 0 0 0 0 0 68 0 0 0 0 0 0 0 0 0 0 0 14 0 100 0 0 0 0 0 0 0 42 0 0 0 0 0 0 5 0 0 0 0 0 0 0 0 0 0 12 0 0 0 0 0 64 0 0 0 0 51 0 0 0 
0 0 0 0 24 0 0 0 0 63 0 0 16 0 0 0 0 0 0 0 11 0 0 0 0 0 0 0 0 0 34 6 0 59 0 0 0 0 0 0 0 0 0 0 0 0 64 0 0 0 0 0 0 0 0 0 0 0 0 0 0 0 0 88 0 3 0 0 48 0 0 0 0 5 0 0 0 0 0 0 0 0 58 0 0 5 0 0 0 0 32 0 0 0 0 0 0 0 0 0 
0 0 0 0 0 0 0 0 19 0 44 0 49 0 0 0 0 0 0 0 0 0 0 0 0 0 0 0 0 0 0 0 0 0 0 0 0 0 0 0 50 0 81 0 0 0 97 73 0 51 0 60 0 0 0 0 0 0 0 0 0 0 0 37 0 0 0 94 40 0 0 0 0 0 0 0 13 0 0 0 0 0 0 0 0 0 90 0 0 0 2 0 0 0 0 0 0 0 0 0 
0 0 0 0 0 57 0 0 0 0 0 49 0 0 0 0 0 0 0 0 0 45 0 0 0 0 0 0 0 0 0 0 56 72 0 0 0 0 0 0 0 0 0 0 64 0 27 0 0 0 0 86 0 0 0 0 0 0 83 0 0 0 0 0 0 0 0 17 0 0 0 0 0 0 0 13 0 0 0 0 0 0 0 0 0 22 64 0 48 0 73 0 0 0 0 0 0 0 0 0 
0 0 0 0 27 0 0 0 0 0 0 0 0 94 0 0 22 18 0 0 0 0 0 0 0 0 0 0 0 0 0 0 0 0 0 0 0 88 0 0 0 0 0 0 24 0 66 0 0 0 0 0 0 0 0 0 0 0 88 0 0 76 0 0 0 0 0 0 0 58 0 0 0 0 0 0 0 0 0 49 0 0 0 0 0 0 0 0 50 0 0 0 0 0 0 0 0 19 0 0 
0 0 0 0 0 95 0 0 89 0 0 0 0 37 1 0 0 0 0 0 0 71 0 0 0 0 0 0 48 0 0 0 0 0 0 0 0 0 0 0 0 0 0 0 0 100 0 82 0 0 0 0 0 0 0 0 0 0 43 0 0 96 88 0 0 0 0 0 0 0 0 0 0 0 0 0 0 0 0 0 0 0 0 11 0 0 0 0 0 0 0 24 78 0 0 77 0 0 0 0 
0 0 0 0 0 0 0 0 57 0 0 0 0 46 61 0 0 0 0 0 0 0 92 0 15 0 0 0 0 0 0 0 0 0 0 0 0 0 0 0 0 0 0 0 0 0 0 0 0 0 0 0 0 0 0 73 0 52 0 0 0 0 0 0 0 0 0 0 0 0 0 0 0 0 0 0 0 49 0 0 0 0 0 0 0 0 13 0 0 0 100 0 0 0 47 0 0 0 0 35 
57 0 0 0 0 0 0 0 0 88 0 94 0 2 0 0 0 0 52 22 0 0 0 0 0 55 79 0 0 0 0 0 0 0 0 4 0 0 0 0 0 0 46 0 0 0 0 0 0 0 0 0 0 0 0 0 0 0 61 0 0 0 0 0 0 0 0 0 0 0 0 0 0 0 0 0 0 0 0 0 0 0 0 0 0 0 0 0 0 0 0 0 0 67 0 0 0 0 0 0 
0 0 0 0 0 0 0 0 0 0 0 0 0 0 57 0 0 0 0 0 0 3 0 0 0 0 0 50 0 67 0 0 0 0 0 0 0 84 0 0 0 0 0 0 0 0 0 0 0 0 0 0 0 6 0 0 0 0 0 32 64 0 0 0 0 0 0 0 0 0 0 0 0 0 0 0 0 0 0 0 0 0 0 0 0 0 0 0 60 0 0 0 0 0 0 0 0 17 0 36 
0 0 0 0 0 0 0 0 10 0 0 0 0 0 0 0 0 0 0 77 0 0 0 0 0 0 0 0 0 0 0 0 28 0 0 0 0 0 0 0 0 49 49 0 0 0 0 0 0 0 0 0 0 0 0 0 0 0 0 0 0 0 0 0 0 0 0 0 0 0 0 0 43 0 58 0 0 0 0 0 0 0 0 0 0 0 0 0 0 0 0 0 92 0 0 0 0 23 10 0 
0 15 0 48 0 0 0 0 0 0 0 36 0 0 79 0 0 0 27 0 0 0 0 0 0 0 0 0 45 0 0 0 0 0 78 0 0 0 0 0 0 0 0 0 0 0 0 0 0 0 0 0 0 19 0 15 36 0 0 0 0 0 0 0 0 70 0 0 0 0 0 0 31 0 0 0 0 0 11 0 0 0 0 0 0 0 0 0 0 48 0 0 53 0 0 0 0 0 0 0 
0 0 0 0 0 0 79 0 0 0 0 0 0 0 0 48 0 0 0 0 82 0 0 0 0 0 0 0 0 0 0 0 0 0 0 0 89 0 0 0 0 0 0 0 10 0 0 38 0 68 0 0 0 0 0 36 0 0 0 0 0 0 0 0 41 0 0 0 0 0 0 53 0 0 0 0 0 0 0 0 0 0 0 0 0 0 0 0 0 0 84 0 0 0 0 0 0 0 0 0 
0 0 0 0 0 23 0 0 0 4 0 30 0 0 0 0 0 0 0 0 77 0 0 0 0 0 0 0 0 32 43 0 0 0 0 53 0 16 0 0 0 0 0 0 0 0 0 0 0 2 0 0 0 33 0 0 0 0 0 0 0 0 0 0 0 0 0 0 0 0 0 0 46 12 5 0 22 0 0 0 0 0 0 0 0 0 0 0 0 0 0 0 0 0 77 0 0 0 0 0 
0 0 0 0 0 86 0 0 0 0 0 0 0 0 0 0 0 0 0 0 0 0 0 0 0 0 0 0 0 0 0 0 14 0 0 0 0 0 0 0 0 0 0 0 0 0 0 0 0 0 29 0 0 0 0 54 0 0 0 0 0 0 0 0 0 67 0 0 18 0 0 0 0 0 0 90 64 0 0 13 0 0 0 0 0 0 0 0 0 0 0 0 11 0 0 0 0 0 0 0 
0 6 89 0 0 0 0 0 0 0 0 0 0 0 0 0 0 0 0 0 0 0 0 0 0 69 0 0 30 0 0 0 0 0 0 0 0 0 0 0 0 0 0 0 0 0 0 0 0 0 0 0 0 0 0 0 0 83 0 0 0 0 0 0 0 0 0 0 0 0 0 0 0 0 0 0 0 0 0 0 0 0 0 0 0 0 0 0 0 0 68 0 91 0 0 0 0 0 0 0 
0 0 0 0 0 0 0 0 0 0 0 0 0 0 0 0 90 0 25 0 0 0 0 0 0 0 0 0 0 0 0 0 0 0 0 0 0 0 0 0 0 0 0 0 0 38 0 0 0 0 0 1 0 0 0 0 0 0 0 0 0 0 0 0 0 0 0 58 0 0 0 0 0 0 0 0 48 50 0 0 0 60 0 0 0 0 0 0 0 8 0 0 24 0 0 0 0 17 0 0 
0 0 0 0 83 0 0 0 0 43 0 0 0 0 0 0 80 0 0 39 0 0 0 70 0 94 0 0 77 0 0 0 0 0 0 0 0 0 0 0 0 0 0 0 0 56 0 0 60 0 0 96 0 0 0 0 0 0 0 98 0 54 0 0 0 0 0 0 29 0 0 0 0 0 0 0 0 0 0 0 0 0 0 48 0 0 0 0 8 0 0 0 0 0 0 0 0 0 0 0 
0 0 70 0 0 0 0 0 0 0 0 0 0 77 0 0 0 0 0 0 0 0 0 0 0 0 56 0 0 0 0 33 0 0 0 0 0 0 0 0 0 0 0 0 0 0 0 0 0 31 0 0 0 0 0 0 0 0 11 0 0 0 0 0 0 0 0 0 31 0 0 0 0 0 32 2 73 0 0 100 0 0 0 0 84 0 0 68 0 0 0 0 0 0 0 0 0 0 0 7 
0 0 0 0 0 0 0 0 0 14 0 0 0 0 0 0 0 0 0 0 0 0 0 0 58 0 0 47 0 0 0 42 0 0 0 0 0 0 0 0 0 0 0 0 42 0 0 0 38 0 74 90 60 0 0 0 0 0 0 0 0 0 0 0 0 28 0 0 0 75 0 80 0 64 0 0 0 0 24 0 0 0 0 0 0 0 0 0 0 0 0 0 0 0 0 0 0 83 0 0 
0 0 22 0 0 0 0 0 0 0 0 0 23 0 0 0 0 0 0 0 0 0 0 0 0 0 0 0 0 0 0 0 0 0 99 0 0 0 0 0 0 0 0 0 0 0 0 43 0 0 0 0 0 0 0 0 6 0 0 0 0 0 0 0 0 0 78 28 22 0 0 0 0 0 0 0 0 0 78 0 0 0 92 53 0 0 11 91 24 0 0 0 0 0 0 0 68 0 0 0 
0 0 0 0 0 0 0 64 35 0 0 0 0 0 0 0 0 0 0 0 0 0 0 0 0 0 7 0 0 0 0 0 67 0 0 0 0 51 0 0 0 0 0 0 0 0 50 0 0 0 0 0 43 8 0 60 0 80 0 0 0 4 0 30 0 0 0 0 0 84 14 0 0 0 0 0 0 0 0 0 67 0 0 0 0 0 0 0 0 0 0 0 0 0 0 0 0 0 0 0 
0 0 0 0 58 0 0 0 0 0 0 0 0 0 65 0 0 0 0 0 0 0 0 21 54 0 0 0 0 0 0 0 82 0 0 51 81 0 0 0 0 0 0 0 0 0 0 0 25 0 0 0 0 0 0 0 0 0 0 63 0 0 94 6 0 0 0 23 0 0 0 0 0 0 0 0 0 0 0 47 0 0 0 0 0 77 0 0 0 0 0 0 0 0 0 0 0 0 0 0 
0 10 0 0 0 0 0 0 0 65 0 0 0 0 0 0 0 0 41 0 0 0 0 14 96 0 0 0 0 0 0 0 0 0 0 0 0 0 62 0 2 0 0 0 0 0 0 0 0 20 0 0 0 0 0 0 0 97 0 0 4 32 0 0 0 0 0 0 0 0 0 53 0 0 0 0 0 0 77 0 0 0 0 0 0 0 0 0 0 0 0 0 0 0 0 0 0 0 0 0 
0 0 0 0 0 0 0 0 0 0 0 0 0 0 0 66 0 0 0 0 0 0 0 0 62 0 0 0 0 0 87 0 0 0 0 0 0 0 0 0 0 0 0 48 0 0 0 0 0 0 0 0 0 0 0 0 0 0 0 34 0 0 0 0 0 4 0 0 0 0 0 0 26 51 0 0 0 0 0 0 0 0 0 0 0 0 0 0 0 0 0 0 68 0 0 0 0 0 0 0 
40 0 0 0 0 0 0 0 0 0 0 0 0 14 0 0 0 0 0 40 54 0 0 0 0 0 0 0 47 0 0 0 0 0 0 0 0 0 0 0 0 0 0 0 0 0 0 0 0 0 0 0 34 0 0 0 80 0 0 64 0 0 0 26 0 0 0 0 0 0 0 0 0 0 0 0 0 19 0 0 0 17 23 0 0 0 0 0 17 0 0 83 0 0 0 0 0 0 69 0 
0 0 0 0 0 0 0 1 0 0 0 24 0 0 0 0 0 0 86 0 21 0 0 0 0 0 0 7 0 0 0 0 0 0 0 0 0 0 0 0 0 0 0 0 0 70 31 0 44 0 0 0 0 0 0 0 48 0 0 0 41 0 0 0 0 77 0 0 38 0 0 0 0 0 0 0 0 0 0 0 0 0 10 0 0 0 0 0 0 0 0 0 0 0 0 0 0 69 0 98 
0 0 0 0 0 0 0 0 0 70 0 0 88 0 0 0 0 0 0 0 0 0 0 0 0 0 0 0 0 0 0 0 0 0 0 0 35 0 0 33 0 0 94 55 0 0 96 0 0 0 0 0 0 0 0 0 0 0 0 0 0 41 93 0 0 0 0 0 0 0 65 56 0 0 0 0 0 0 0 35 0 36 0 0 0 0 0 0 0 0 7 0 0 0 0 0 0 0 98 0 
