0 88 42 17 22 0 67 0 0 0 0 65 96 15 66 19 6 83 0 87 63 45 69 74 0 5 30 0 0 46 1 34 100 26 0 0 100 97 42 81 0 0 0 23 95 0 0 64 0 32 0 22 0 48 100 61 28 0 0 0 75 55 27 7 18 76 0 0 0 0 11 8 33 0 13 15 66 73 83 25 54 70 25 48 42 0 20 0 83 17 63 66 15 21 98 4 0 4 14 19 
88 0 40 0 0 69 0 0 98 0 11 14 49 35 0 46 83 0 78 36 16 48 35 0 64 28 0 52 11 0 36 68 65 20 58 61 45 5 69 19 88 0 0 0 34 67 0 0 19 68 0 55 65 0 43 77 0 0 0 0 99 0 0 19 25 0 61 0 49 27 27 6 51 94 0 0 84 18 85 85 36 30 92 0 65 74 0 15 25 1 17 0 0 25 54 55 16 42 1 0 
42 40 0 18 0 71 0 64 7 0 90 55 0 53 0 94 63 53 38 16 23 0 42 33 0 97 33 0 9 5 0 0 0 95 67 69 0 24 0 35 0 71 9 63 0 53 16 0 9 0 0 82 80 80 0 9 0 94 0 4 0 84 0 0 45 36 0 97 0 75 0 57 19 0 44 97 88 0 0 8 0 0 97 0 20 0 0 0 66 5 0 54 47 65 29 74 19 0 25 19 
17 0 18 0 0 0 0 91 0 41 16 78 50 30 30 79 67 19 58 55 46 19 57 0 68 46 0 27 96 0 50 13 22 0 11 49 1 0 43 19 63 0 43 67 0 90 0 0 0 69 0 7 65 0 18 0 31 0 1 30 0 0 69 0 0 62 44 0 2 0 77 0 0 0 85 88 0 56 0 92 50 62 63 0 27 0 0 99 96 67 29 0 0 57 1 41 50 0 91 84 
22 0 0 0 0 50 84 12 99 0 0 100 10 67 37 0 0 71 0 39 0 0 85 89 0 0 0 91 0 15 39 16 38 32 0 0 0 0 97 12 0 82 0 6 0 0 69 41 40 71 38 0 74 32 82 0 0 85 48 0 0 0 90 0 0 99 41 1 2 72 89 0 0 66 21 13 0 1 38 0 0 7 0 11 83 50 0 85 0 2 0 58 87 0 23 74 0 6 0 22 
0 69 71 0 50 0 98 98 0 42 0 49 67 34 0 0 74 18 0 19 33 0 0 0 29 27 0 0 0 0 23 0 0 0 0 29 0 24 60 53 0 27 0 24 83 31 0 87 5 65 87 10 0 0 0 83 0 97 0 20 41 0 75 0 0 30 0 3 55 38 3 84 49 90 50 26 0 0 0 0 54 0 0 0 0 53 0 0 32 0 0 63 67 0 97 80 51 0 0 0 
67 0 0 0 84 98 0 97 97 67 0 37 59 0 92 0 0 33 13 0 0 76 68 76 27 100 31 0 45 37 92 91 0 31 62 0 0 0 26 0 39 74 0 84 51 0 0 8 32 0 81 0 45 37 13 0 60 55 0 0 26 0 0 88 0 12 100 3 5 0 0 0 0 0 12 50 42 81 0 44 17 53 24 0 62 93 0 59 95 31 0 0 0 0 48 0 59 95 0 67 
0 0 64 91 12 98 97 0 0 8 0 16 39 0 16 60 87 92 0 3 0 71 21 5 57 0 93 17 15 68 32 20 93 81 26 74 0 0 80 0 31 31 0 0 0 62 43 0 11 14 80 8 57 0 89 56 55 0 62 40 0 55 0 37 48 50 0 0 0 99 41 72 0 91 49 0 7 7 0 87 0 50 0 0 78 49 26 0 97 63 29 26 83 28 93 37 63 4 28 0 
0 98 7 0 99 0 97 0 0 0 62 0 57 70 21 15 83 0 33 74 9 14 72 1 11 48 16 31 3 26 0 24 14 0 0 28 67 0 45 48 0 80 74 98 52 0 94 0 0 18 6 97 62 0 90 0 70 0 0 100 14 0 19 35 0 83 78 35 46 26 59 95 18 0 64 0 0 0 0 0 0 95 32 6 48 0 0 88 0 27 35 87 48 0 0 0 7 29 4 0 
0 0 0 41 0 42 67 8 0 0 0 16 67 5 95 0 10 0 0 0 33 78 73 0 37 92 90 11 0 0 13 1 36 0 3 0 83 44 5 0 94 0 0 77 28 52 0 50 55 0 12 29 40 99 0 0 0 14 0 0 0 46 38 67 18 0 0 59 0 72 0 76 0 0 82 35 62 0 50 97 16 21 79 1 100 0 0 0 93 0 0 29 42 9 83 51 82 0 97 7 
0 11 90 16 0 0 0 0 62 0 0 51 0 81 88 0 51 0 0 90 3 97 18 69 92 20 0 0 60 32 0 0 0 0 58 0 27 0 1 22 66 96 60 65 0 0 79 0 0 0 81 93 40 2 0 0 0 60 7 0 61 91 48 0 0 68 73 47 0 15 0 18 67 70 0 0 71 55 0 31 0 66 0 0 0 6 16 77 96 82 60 20 0 0 37 98 87 30 0 22 
65 14 55 78 100 49 37 16 0 16 51 0 0 0 0 85 83 0 6 68 44 77 36 89 0 0 24 0 23 0 84 51 66 88 0 17 39 15 78 0 0 19 0 98 0 0 46 45 0 6 19 0 70 0 25 0 46 0 61 0 43 14 21 51 36 92 0 20 38 67 59 85 0 22 50 69 56 3 69 0 0 84 76 56 87 61 75 56 0 96 43 11 38 28 55 0 0 5 17 0 
96 49 0 50 10 67 59 39 57 67 0 0 0 25 65 93 68 49 74 0 0 15 24 0 40 48 65 82 53 27 0 8 42 0 0 0 0 11 15 9 0 92 25 19 0 67 42 24 0 6 23 0 67 0 54 41 47 94 52 0 69 50 0 45 0 96 0 0 6 86 59 23 64 30 19 22 37 0 0 48 0 0 66 0 9 49 0 0 6 0 61 2 25 5 97 58 74 26 98 50 
15 35 53 30 67 34 0 0 70 5 81 0 25 0 0 96 52 0 98 0 80 0 0 51 15 15 5 63 0 36 0 48 18 49 0 66 0 0 53 99 0 98 95 0 19 0 0 82 93 94 12 82 62 17 0 34 0 38 97 13 24 0 49 0 0 10 0 95 15 20 57 0 33 0 27 0 72 77 0 18 95 43 57 84 8 42 0 42 4 51 87 45 9 99 40 13 96 81 0 43 
66 0 0 30 37 0 92 16 21 95 88 0 65 0 0 32 24 19 65 64 0 0 70 28 0 44 14 17 61 5 35 0 0 42 0 16 61 0 71 51 0 0 0 79 47 0 85 62 0 18 64 53 0 91 0 0 0 0 86 55 7 98 26 0 0 3 0 25 27 8 0 0 0 65 0 67 0 35 0 34 18 0 30 0 0 0 0 0 76 38 8 0 53 0 0 0 0 0 89 0 
19 46 94 79 0 0 0 60 15 0 0 85 93 96 32 0 0 49 0 85 0 60 95 72 57 74 0 44 0 0 0 90 7 0 25 62 90 0 73 47 0 67 0 32 0 35 25 0 36 0 69 0 60 21 0 55 14 97 0 92 0 87 0 23 9 67 83 0 0 15 30 13 0 69 0 50 100 42 49 26 0 0 31 58 73 93 0 17 0 42 3 52 47 0 0 0 76 8 56 0 
6 83 63 67 0 74 0 87 83 10 51 83 68 52 24 0 0 41 73 13 78 98 24 13 0 11 91 96 0 97 79 63 91 83 0 76 80 44 0 0 0 0 0 0 37 0 11 35 0 0 23 71 81 0 0 34 18 63 0 48 29 77 93 48 91 0 72 80 0 0 5 53 0 0 95 28 2 75 0 34 89 80 23 61 3 17 11 0 28 19 0 0 42 0 0 0 78 33 11 0 
83 0 53 19 71 18 33 92 0 0 0 0 49 0 19 49 41 0 18 0 100 7 71 63 8 35 94 1 0 42 42 65 68 75 71 27 19 94 0 0 74 97 0 0 0 94 60 16 28 64 62 0 8 0 0 52 26 55 58 0 0 95 0 0 32 0 29 82 1 7 1 0 30 82 83 23 0 0 0 45 91 13 14 61 60 84 0 0 47 3 6 64 88 0 0 0 0 4 0 0 
0 78 38 58 0 0 13 0 33 0 0 6 74 98 65 0 73 18 0 61 3 42 15 0 40 56 75 0 22 76 7 99 13 0 81 0 59 19 0 14 65 97 54 74 44 0 0 84 0 0 31 95 0 25 0 0 7 68 0 0 75 49 72 64 77 0 0 0 78 86 0 33 0 27 0 13 57 0 0 34 54 91 23 0 0 36 6 2 3 0 0 78 35 0 34 0 71 40 0 0 
87 36 16 55 39 19 0 3 74 0 90 68 0 0 64 85 13 0 61 0 0 55 0 59 5 75 81 17 0 91 14 0 8 0 52 80 0 73 0 82 0 62 0 10 0 0 0 1 88 49 0 0 15 0 47 13 87 4 0 0 1 30 42 95 0 27 10 75 0 0 0 0 55 23 100 98 33 81 0 21 0 24 0 26 27 60 97 28 0 0 0 0 69 81 62 0 18 42 6 75 
63 16 23 46 0 33 0 0 9 33 3 44 0 80 0 0 78 100 3 0 0 75 0 8 89 67 40 84 0 89 0 74 3 34 0 99 0 11 0 54 0 93 0 64 37 60 18 19 91 0 0 8 0 0 18 0 32 83 47 56 93 14 0 0 75 0 38 84 0 0 0 0 0 86 17 5 0 77 0 39 0 41 0 25 47 100 0 66 0 41 81 64 0 2 43 0 9 42 61 6 
45 48 0 19 0 0 76 71 14 78 97 77 15 0 0 60 98 7 42 55 75 0 5 0 0 9 18 88 0 89 22 18 84 83 7 31 0 10 0 0 60 67 5 62 21 0 69 87 50 0 0 29 0 18 0 0 0 31 0 50 0 59 93 52 3 12 64 89 63 0 25 0 0 88 91 19 25 86 0 0 19 0 55 0 29 57 14 57 8 75 0 97 96 80 28 69 91 0 4 0 
69 35 42 57 85 0 68 21 72 73 18 36 24 0 70 95 24 71 15 0 0 5 0 65 26 0 0 95 0 86 87 0 100 81 0 0 5 85 95 0 0 98 100 40 0 86 18 78 0 48 19 96 18 89 75 0 61 0 52 0 0 91 1 34 80 0 20 24 25 7 64 0 60 2 34 75 59 31 59 69 0 13 0 0 47 9 30 0 0 83 63 0 0 37 0 65 0 34 22 72 
74 0 33 0 89 0 76 5 1 0 69 89 0 51 28 72 13 63 0 59 8 0 65 0 95 5 0 0 0 39 16 0 26 47 73 28 11 0 0 85 57 17 88 36 0 59 0 79 0 91 0 62 87 0 97 41 64 0 33 10 32 61 0 97 76 86 0 49 81 78 37 25 1 90 43 80 0 0 50 87 6 17 0 38 56 7 9 98 0 47 42 0 6 0 0 0 30 81 0 22 
0 64 0 68 0 29 27 57 11 37 92 0 40 15 0 57 0 8 40 5 89 0 26 95 0 0 0 100 0 0 85 61 3 7 23 0 96 35 78 0 0 9 0 0 72 92 85 73 28 0 0 60 43 13 0 3 15 28 15 0 50 0 65 92 0 41 46 41 0 0 0 0 0 2 0 0 76 0 0 61 33 0 0 0 5 33 25 0 18 11 0 0 46 0 0 83 0 0 84 70 
5 28 97 46 0 27 100 0 48 92 20 0 48 15 44 74 11 35 56 75 67 9 0 5 0 0 0 64 85 0 30 26 61 0 0 0 73 38 0 10 0 0 0 0 18 93 25 75 4 0 35 0 85 30 31 5 94 29 85 33 0 0 72 86 64 0 97 93 0 8 93 0 0 71 5 61 79 42 0 27 0 2 41 0 0 24 50 70 0 0 0 12 77 91 40 36 42 58 19 0 
30 0 33 0 0 0 31 93 16 90 0 24 65 5 14 0 91 94 75 81 40 18 0 0 0 0 0 0 0 0 60 0 39 66 90 97 29 0 38 44 95 0 97 0 49 100 40 88 57 0 0 32 79 0 57 10 62 25 0 88 71 0 34 84 44 0 81 8 82 46 0 60 13 34 75 0 0 0 80 0 51 97 83 0 22 0 0 7 21 0 56 0 0 38 4 0 0 39 0 27 
0 52 0 27 91 0 0 17 31 11 0 0 82 63 17 44 96 1 0 17 84 88 95 0 100 64 0 0 0 15 10 0 44 40 12 62 40 0 17 90 21 0 17 44 79 0 85 0 52 68 0 7 58 0 0 21 0 51 0 44 63 88 60 4 0 56 43 0 99 0 0 68 62 79 0 40 0 88 24 12 0 64 0 39 47 0 56 0 58 68 0 50 100 26 55 0 44 0 0 0 
0 11 9 96 0 0 45 15 3 0 60 23 53 0 61 0 0 0 22 0 0 0 0 0 0 85 0 0 0 86 88 0 0 71 0 61 23 0 8 20 0 0 0 43 39 46 0 52 81 6 97 0 0 0 85 0 0 0 35 0 3 0 0 5 83 0 44 20 80 99 33 14 21 70 36 0 0 62 0 82 0 23 22 55 28 16 46 7 0 96 0 0 0 36 23 0 0 93 0 0 
46 0 5 0 15 0 37 68 26 0 32 0 27 36 5 0 97 42 76 91 89 89 86 39 0 0 0 15 86 0 37 43 71 4 0 22 0 45 69 37 0 73 49 8 48 60 82 8 0 23 89 77 77 0 0 54 20 9 0 100 57 21 23 87 47 6 51 0 58 65 89 0 97 0 0 0 76 0 0 0 63 0 60 0 74 0 0 33 27 56 0 75 1 0 9 86 58 0 0 8 
1 36 0 50 39 23 92 32 0 13 0 84 0 0 35 0 79 42 7 14 0 22 87 16 85 30 60 10 88 37 0 52 47 39 33 0 0 0 0 100 54 71 84 0 78 62 0 0 49 27 56 64 75 22 51 62 61 0 57 0 29 60 63 38 0 61 23 22 48 48 8 0 28 0 63 89 0 25 59 98 0 0 0 43 0 62 0 67 59 0 38 51 69 0 0 63 25 31 17 0 
34 68 0 13 16 0 91 20 24 1 0 51 8 48 0 90 63 65 99 0 74 18 0 0 61 26 0 0 0 43 52 0 0 100 56 0 77 20 0 0 94 36 0 95 0 0 0 65 97 42 4 94 48 0 45 68 48 93 19 0 0 17 0 68 0 6 56 21 0 56 2 28 0 88 0 89 0 5 0 0 0 0 0 17 0 19 46 0 91 73 51 69 1 11 63 32 20 99 66 88 
100 65 0 22 38 0 0 93 14 36 0 66 42 18 0 7 91 68 13 8 3 84 100 26 3 61 39 44 0 71 47 0 0 0 0 83 0 95 46 0 13 0 87 12 0 89 0 16 8 0 58 23 0 87 71 0 34 41 29 78 0 45 0 45 93 69 85 87 64 87 32 94 0 24 31 0 92 76 5 0 16 75 29 77 82 0 0 40 58 59 0 0 0 0 57 0 88 15 16 61 
26 20 95 0 32 0 31 81 0 0 0 88 0 49 42 0 83 75 0 0 34 83 81 47 7 0 66 40 71 4 39 100 0 0 23 55 13 13 72 37 0 12 22 16 0 42 0 12 70 57 0 84 0 0 92 0 0 0 73 87 0 78 0 0 75 3 29 45 0 68 62 53 0 0 0 41 27 0 0 22 69 0 6 8 0 100 18 55 22 1 45 96 70 0 60 54 26 94 53 100 
0 58 67 11 0 0 62 26 0 3 58 0 0 0 0 25 0 71 81 52 0 7 0 73 23 0 90 12 0 0 33 56 0 23 0 64 0 25 0 0 60 96 0 64 29 8 66 0 88 17 36 78 0 35 0 99 79 0 19 26 10 6 14 0 63 81 0 4 0 48 0 81 0 67 8 0 0 47 72 0 43 77 53 0 0 0 90 0 50 0 84 0 63 0 0 90 75 73 0 0 
0 61 69 49 0 29 0 74 28 0 0 17 0 66 16 62 76 27 0 80 99 31 0 28 0 0 97 62 61 22 0 0 83 55 64 0 31 6 0 16 0 0 25 75 92 0 0 60 0 10 0 83 0 72 0 87 26 39 0 35 53 30 19 0 0 80 55 0 51 85 0 0 51 33 0 5 0 0 79 0 79 89 0 3 0 0 28 0 21 63 10 0 13 45 21 10 52 0 64 72 
100 45 0 1 0 0 0 0 67 83 27 39 0 0 61 90 80 19 59 0 0 0 5 11 96 73 29 40 23 0 0 77 0 13 0 31 0 85 0 23 34 23 37 33 70 62 43 0 71 0 42 0 76 80 65 0 44 61 3 0 99 0 4 89 0 69 59 30 0 73 22 69 37 64 2 26 83 95 19 0 6 84 69 0 21 0 81 69 1 50 74 17 25 30 94 41 0 36 0 0 
97 5 24 0 0 24 0 0 0 44 0 15 11 0 0 0 44 94 19 73 11 10 85 0 35 38 0 0 0 45 0 20 95 13 25 6 85 0 10 0 0 63 0 0 0 83 62 5 39 62 0 0 81 7 48 2 0 35 0 86 87 2 91 0 87 31 0 6 38 0 0 87 0 48 0 0 0 22 33 20 55 14 0 0 0 0 76 0 0 0 9 0 61 2 31 68 46 84 0 6 
42 69 0 43 97 60 26 80 45 5 1 78 15 53 71 73 0 0 0 0 0 0 95 0 78 0 38 17 8 69 0 0 46 72 0 0 0 10 0 0 0 67 71 27 84 3 5 64 7 8 79 78 86 18 55 6 24 0 25 80 9 7 59 84 67 75 92 83 0 94 0 33 92 89 97 0 78 50 55 0 10 0 58 0 0 33 0 24 54 100 64 0 0 59 0 0 88 94 73 89 
81 19 35 19 12 53 0 0 48 0 22 0 9 99 51 47 0 0 14 82 54 0 0 85 0 10 44 90 20 37 100 0 0 37 0 16 23 0 0 0 0 0 0 0 0 0 33 0 0 0 0 60 0 0 23 49 0 30 97 0 0 0 5 12 64 0 0 69 0 77 94 86 0 0 60 8 90 0 14 0 0 25 7 15 0 77 0 66 0 22 94 0 4 0 0 74 0 70 98 35 
0 88 0 63 0 0 39 31 0 94 66 0 0 0 0 0 0 74 65 0 0 60 0 57 0 0 95 21 0 0 54 94 13 0 60 0 34 0 0 0 0 0 0 43 0 92 32 51 0 0 12 14 43 0 0 7 7 0 0 0 100 58 0 81 83 0 84 11 0 34 22 43 0 2 10 27 0 96 0 0 16 0 0 65 16 0 100 63 0 0 47 29 0 0 99 56 48 25 52 69 
0 0 71 0 82 27 74 31 80 0 96 19 92 98 0 67 0 97 97 62 93 67 98 17 9 0 0 0 0 73 71 36 0 12 96 0 23 63 67 0 0 0 86 55 0 0 36 74 94 4 0 21 0 0 11 0 89 94 24 67 0 0 49 45 0 32 62 97 0 0 1 0 24 78 40 0 10 97 0 89 57 0 77 0 55 0 99 18 21 0 95 69 41 21 0 38 33 17 0 18 
0 0 9 43 0 0 0 0 74 0 60 0 25 95 0 0 0 0 54 0 0 5 100 88 0 0 97 17 0 49 84 0 87 22 0 25 37 0 71 0 0 86 0 0 0 0 40 63 44 3 5 47 73 0 23 78 0 0 0 67 18 0 13 51 0 80 62 59 68 10 33 74 56 45 62 90 0 69 0 0 0 80 53 76 0 0 26 53 0 1 29 0 0 0 0 90 0 87 0 0 
23 0 63 67 6 24 84 0 98 77 65 98 19 0 79 32 0 0 74 10 64 62 40 36 0 0 0 44 43 8 0 95 12 16 64 75 33 0 27 0 43 55 0 0 0 0 81 30 12 0 22 98 24 20 18 0 26 0 92 0 38 0 0 36 0 0 91 1 51 15 13 24 60 0 56 0 48 32 56 0 40 75 63 0 84 71 83 90 29 63 2 42 0 17 0 14 0 0 35 0 
95 34 0 0 0 83 51 0 52 28 0 0 0 19 47 0 37 0 44 0 37 21 0 0 72 18 49 79 39 48 78 0 0 0 29 92 70 0 84 0 0 0 0 0 0 59 6 78 0 78 39 0 75 71 0 0 0 17 26 96 0 28 36 0 59 1 1 39 0 47 97 79 75 54 22 0 92 0 91 0 11 0 0 0 81 68 0 100 58 82 48 0 0 98 99 45 0 0 0 80 
0 67 53 90 0 31 0 62 0 52 0 0 67 0 0 35 0 94 0 0 60 0 86 59 92 93 100 0 46 60 62 0 89 42 8 0 62 83 3 0 92 0 0 0 59 0 62 53 0 4 36 75 32 11 83 0 81 0 0 0 0 19 7 0 15 59 0 0 4 2 0 42 96 18 0 0 46 0 0 92 90 18 0 0 91 77 0 0 89 0 0 63 18 0 0 29 15 48 0 63 
0 0 16 0 69 0 0 43 94 0 79 46 42 0 85 25 11 60 0 0 18 69 18 0 85 25 40 85 0 82 0 0 0 0 66 0 43 62 5 33 32 36 40 81 6 62 0 0 0 0 71 100 86 0 1 0 13 0 26 20 0 67 0 0 15 24 21 0 0 0 0 0 38 74 14 36 4 34 94 71 61 0 0 94 26 18 86 27 35 32 4 22 88 0 59 69 0 78 81 8 
64 0 0 0 41 87 8 0 0 50 0 45 24 82 62 0 35 16 84 1 19 87 78 79 73 75 88 0 52 8 0 65 16 12 0 60 0 5 64 0 51 74 63 30 78 53 0 0 21 37 0 0 0 36 23 75 0 1 3 0 66 0 78 0 66 1 45 60 7 59 44 0 91 0 0 48 0 30 0 0 0 0 92 53 75 62 6 65 39 0 88 87 49 0 16 96 83 79 0 41 
0 19 9 0 40 5 32 11 0 55 0 0 0 93 0 36 0 28 0 88 91 50 0 0 28 4 57 52 81 0 49 97 8 70 88 0 71 39 7 0 0 94 44 12 0 0 0 21 0 0 89 20 67 0 88 44 79 0 0 50 0 2 17 0 53 6 79 20 0 74 0 13 56 0 26 41 8 45 77 74 0 92 65 25 0 37 54 99 0 0 7 67 96 0 15 49 69 0 57 30 
32 68 0 69 71 65 0 14 18 0 0 6 6 94 18 0 0 64 0 49 0 0 48 91 0 0 0 68 6 23 27 42 0 57 17 10 0 62 8 0 0 4 3 0 78 4 0 37 0 0 36 54 36 1 51 95 16 0 16 0 4 0 90 52 36 46 8 54 78 0 19 0 80 0 29 0 71 53 93 24 40 63 73 38 36 41 89 56 30 0 0 57 13 0 75 58 59 18 21 43 
0 0 0 0 38 87 81 80 6 12 81 19 23 12 64 69 23 62 31 0 0 0 19 0 0 35 0 0 97 89 56 4 58 0 36 0 42 0 79 0 12 0 5 22 39 36 71 0 89 36 0 41 73 16 42 0 0 13 99 55 19 0 57 72 34 0 4 98 54 0 0 86 33 47 98 42 60 0 39 0 0 0 99 37 63 76 41 7 100 42 14 0 87 0 36 90 90 95 55 6 
22 55 82 7 0 10 0 8 97 29 93 0 0 82 53 0 71 0 95 0 8 29 96 62 60 0 32 7 0 77 64 94 23 84 78 83 0 0 78 60 14 21 47 98 0 75 100 0 20 54 41 0 0 0 0 37 49 6 29 0 97 83 81 96 78 0 0 46 0 42 4 57 38 97 0 60 38 24 72 0 23 51 0 43 2 52 30 0 0 88 0 43 8 28 72 0 0 28 14 0 
0 65 80 65 74 0 45 57 62 40 40 70 67 62 0 60 81 8 0 15 0 0 18 87 43 85 79 58 0 77 75 48 0 0 0 0 76 81 86 0 43 0 73 24 75 32 86 0 67 36 73 0 0 63 26 0 14 0 68 52 0 0 79 58 49 0 60 86 76 0 38 0 0 0 0 0 0 19 0 47 0 84 0 89 44 33 0 0 97 13 65 59 32 30 0 0 0 67 67 85 
48 0 80 0 32 0 37 0 0 99 2 0 0 17 91 21 0 0 25 0 0 18 89 0 13 30 0 0 0 0 22 0 87 0 35 72 80 7 18 0 0 0 0 20 71 11 0 36 0 1 16 0 63 0 32 0 14 53 93 30 0 40 8 83 2 1 76 52 21 77 54 0 0 93 0 0 52 26 0 0 96 30 8 20 0 48 20 72 74 33 33 23 6 5 0 0 58 94 0 1 
100 43 0 18 82 0 13 89 90 0 0 25 54 0 0 0 0 0 0 47 18 0 75 97 0 31 57 0 85 0 51 45 71 92 0 0 65 48 55 23 0 11 23 18 0 83 1 23 88 51 42 0 26 32 0 0 81 5 0 0 3 0 3 0 80 89 0 0 0 85 0 0 84 63 15 98 47 60 5 85 33 89 24 0 73 0 90 0 58 20 0 0 0 0 0 0 50 0 86 63 
61 77 9 0 0 83 0 56 0 0 0 0 41 34 0 55 34 52 0 13 0 0 0 41 3 5 10 21 0 54 62 68 0 0 99 87 0 2 6 49 7 0 78 0 0 0 0 75 44 95 0 37 0 0 0 0 69 98 0 45 73 4 24 10 0 27 81 53 78 69 0 85 0 0 4 0 0 36 55 0 0 0 98 50 0 34 68 9 26 91 92 13 0 14 88 0 0 0 41 0 
28 0 0 31 0 0 60 55 70 0 0 46 47 0 0 14 18 26 7 87 32 0 61 64 15 94 62 0 0 20 61 48 34 0 79 26 44 0 24 0 7 89 0 26 0 81 13 0 79 16 0 49 14 14 81 69 0 36 0 48 36 85 82 0 76 33 18 0 0 1 0 4 5 80 0 57 68 28 81 22 0 0 69 94 0 50 25 27 0 76 0 0 60 0 0 45 0 99 3 0 
0 0 94 0 85 97 55 0 0 14 60 0 94 38 0 97 63 55 68 4 83 31 0 0 28 29 25 51 0 9 0 93 41 0 0 39 61 35 0 30 0 94 0 0 17 0 0 1 0 0 13 6 0 53 5 98 36 0 47 0 0 0 48 0 92 93 0 0 0 42 0 56 96 57 0 0 0 48 98 35 87 0 0 0 0 0 7 57 65 0 47 0 39 0 96 10 83 0 92 0 
0 0 0 1 48 0 0 62 0 0 7 61 52 97 86 0 0 58 0 0 47 0 52 33 15 85 0 0 35 0 57 19 29 73 19 0 3 0 25 97 0 24 0 92 26 0 26 3 0 16 99 29 68 93 0 0 0 47 0 0 23 0 33 69 13 89 55 0 0 4 0 0 85 28 64 31 10 37 0 0 67 60 52 0 10 86 0 43 0 10 0 0 0 49 0 30 29 0 0 39 
0 0 4 30 0 20 0 40 100 0 0 0 0 13 55 92 48 0 0 0 56 50 0 10 0 33 88 44 0 100 0 0 78 87 26 35 0 86 80 0 0 67 67 0 96 0 20 0 50 0 55 0 52 30 0 45 48 0 0 0 87 7 0 39 0 0 29 0 0 79 77 0 0 22 38 53 0 0 0 3 0 60 33 8 26 0 0 0 0 7 0 61 93 0 0 65 11 48 0 73 
75 99 0 0 0 41 26 0 14 0 61 43 69 24 7 0 29 0 75 1 93 0 0 32 50 0 71 63 3 57 29 0 0 0 10 53 99 87 9 0 100 0 18 38 0 0 0 66 0 4 19 97 0 0 3 73 36 0 23 87 0 41 0 77 24 21 0 29 21 36 87 77 23 0 0 0 81 13 43 72 30 68 2 79 0 16 94 0 19 26 33 0 43 0 7 41 24 48 76 98 
55 0 84 0 0 0 0 55 0 46 91 14 50 0 98 87 77 95 49 30 14 59 91 61 0 0 0 88 0 21 60 17 45 78 6 30 0 2 7 0 58 0 0 0 28 19 67 0 2 0 0 83 0 40 0 4 85 0 0 7 41 0 26 0 60 49 63 0 0 68 0 0 49 58 0 0 3 98 57 0 36 0 0 100 89 0 0 16 82 3 27 28 0 0 0 97 97 40 62 15 
27 0 0 69 90 75 0 0 19 38 48 21 0 49 26 0 93 0 72 42 0 93 1 0 65 72 34 60 0 23 63 0 0 0 14 19 4 91 59 5 0 49 13 0 36 7 0 78 17 90 57 81 79 8 3 24 82 48 33 0 0 26 0 27 0 0 0 2 0 74 0 15 74 78 0 77 28 16 87 0 76 66 86 92 9 93 29 0 63 55 0 88 43 0 28 0 78 92 82 37 
7 19 0 0 0 0 88 37 35 67 0 51 45 0 0 23 48 0 64 95 0 52 34 97 92 86 84 4 5 87 38 68 45 0 0 0 89 0 84 12 81 45 51 36 0 0 0 0 0 52 72 96 58 83 0 10 0 0 69 39 77 0 27 0 59 79 49 61 32 4 0 82 0 42 38 9 100 0 75 23 34 30 0 99 20 32 76 36 79 0 5 0 0 0 26 0 35 2 66 6 
18 25 45 0 0 0 0 48 0 18 0 36 0 0 0 9 91 32 77 0 75 3 80 76 0 64 44 0 83 47 0 0 93 75 63 0 0 87 67 64 83 0 0 0 59 15 15 66 53 36 34 78 49 2 80 0 76 92 13 0 24 60 0 59 0 0 27 10 24 0 73 0 25 1 0 52 0 0 99 0 33 0 32 0 0 87 0 99 31 50 80 75 0 0 65 16 0 56 3 46 
76 0 36 62 99 30 12 50 83 0 68 92 96 10 3 67 0 0 0 27 0 12 0 86 41 0 0 56 0 6 61 6 69 3 81 80 69 31 75 0 0 32 80 0 1 59 24 1 6 46 0 0 0 1 89 27 33 93 89 0 21 49 0 79 0 0 81 74 75 0 95 0 0 99 0 13 25 70 0 0 29 0 0 28 43 43 78 27 0 42 9 98 78 0 4 0 84 54 0 5 
0 61 0 44 41 0 100 0 78 0 73 0 0 0 0 83 72 29 0 10 38 64 20 0 46 97 81 43 44 51 23 56 85 29 0 55 59 0 92 0 84 62 62 91 1 0 21 45 79 8 4 0 60 76 0 81 18 0 55 29 0 63 0 49 27 81 0 60 3 19 0 0 20 0 0 0 93 4 0 0 0 0 8 59 0 41 0 40 0 0 0 25 0 0 68 0 77 65 89 0 
0 0 97 0 1 3 3 0 35 59 47 20 0 95 25 0 80 82 0 75 84 89 24 49 41 93 8 0 20 0 22 21 87 45 4 0 30 6 83 69 11 97 59 1 39 0 0 60 20 54 98 46 86 52 0 53 0 0 0 0 29 0 2 61 10 74 60 0 0 0 53 0 66 23 66 90 99 3 54 94 54 0 95 0 0 0 0 16 78 31 54 49 40 0 0 17 0 0 99 0 
0 49 0 2 2 55 5 0 46 0 0 38 6 15 27 0 0 1 78 0 0 63 25 81 0 0 82 99 80 58 48 0 64 0 0 51 0 38 0 0 0 0 68 51 0 4 0 7 0 78 54 0 76 21 0 78 0 0 0 0 21 0 0 32 24 75 3 0 0 0 0 0 0 4 45 79 4 3 37 45 16 0 86 26 85 12 0 2 0 71 0 30 70 70 62 46 50 0 42 27 
0 27 75 0 72 38 0 99 26 72 15 67 86 20 8 15 0 7 86 0 0 0 7 78 0 8 46 0 99 65 48 56 87 68 48 85 73 0 94 77 34 0 10 15 47 2 0 59 74 0 0 42 0 77 85 69 1 42 4 79 36 68 74 4 0 0 19 0 0 0 54 85 65 0 57 82 89 87 64 0 58 88 3 34 89 0 84 68 0 59 0 50 0 58 47 0 0 0 86 0 
11 27 0 77 89 3 0 41 59 0 0 59 59 57 0 30 5 1 0 0 0 25 64 37 0 93 0 0 33 89 8 2 32 62 0 0 22 0 0 94 22 1 33 13 97 0 0 44 0 19 0 4 38 54 0 0 0 0 0 77 87 0 0 0 73 95 0 53 0 54 0 0 6 13 18 0 95 0 20 0 0 89 0 0 18 93 64 43 25 16 0 43 26 0 0 21 0 88 53 38 
8 6 57 0 0 84 0 72 95 76 18 85 23 0 0 13 53 0 33 0 0 0 0 25 0 0 60 68 14 0 0 28 94 53 81 0 69 87 33 86 43 0 74 24 79 42 0 0 13 0 86 57 0 0 0 85 4 56 0 0 77 0 15 82 0 0 0 0 0 85 0 0 80 0 0 0 70 0 13 0 69 0 0 0 0 54 98 0 0 64 64 0 0 30 25 51 0 18 41 0 
33 51 19 0 0 49 0 0 18 0 67 0 64 33 0 0 0 30 0 55 0 0 60 1 0 0 13 62 21 97 28 0 0 0 0 51 37 0 92 0 0 24 56 60 75 96 38 91 56 80 33 38 0 0 84 0 5 96 85 0 23 49 74 0 25 0 20 66 0 65 6 80 0 0 66 64 0 0 30 0 86 82 0 0 19 0 11 44 83 80 51 0 37 0 0 17 34 7 45 0 
0 94 0 0 66 90 0 91 0 0 70 22 30 0 65 69 0 82 27 23 86 88 2 90 2 71 34 79 70 0 0 88 24 0 67 33 64 48 89 0 2 78 45 0 54 18 74 0 0 0 47 97 0 93 63 0 80 57 28 22 0 58 78 42 1 99 0 23 4 0 13 0 0 0 6 0 36 76 68 0 24 0 0 0 0 0 0 0 43 28 0 42 40 0 69 0 7 0 75 66 
13 0 44 85 21 50 12 49 64 82 0 50 19 27 0 0 95 83 0 100 17 91 34 43 0 5 75 0 36 0 63 0 31 0 8 0 2 0 97 60 10 40 62 56 22 0 14 0 26 29 98 0 0 0 15 4 0 0 64 38 0 0 0 38 0 0 0 66 45 57 18 0 66 6 0 96 9 0 33 0 75 96 5 0 74 0 17 74 14 47 0 20 53 0 0 88 0 0 1 0 
15 0 97 88 13 26 50 0 0 35 0 69 22 0 67 50 28 23 13 98 5 19 75 80 0 61 0 40 0 0 89 89 0 41 0 5 26 0 0 8 27 0 90 0 0 0 36 48 41 0 42 60 0 0 98 0 57 0 31 53 0 0 77 9 52 13 0 90 79 82 0 0 64 0 96 0 0 0 16 0 8 84 21 15 0 41 0 0 66 8 79 23 0 92 68 0 0 0 70 0 
66 84 88 0 0 0 42 7 0 62 71 56 37 72 0 100 2 0 57 33 0 25 59 0 76 79 0 0 0 76 0 0 92 27 0 0 83 0 78 90 0 10 0 48 92 46 4 0 8 71 60 38 0 52 47 0 68 0 10 0 81 3 28 100 0 25 93 99 4 89 95 70 0 36 9 0 0 0 61 0 0 33 0 88 57 0 0 63 57 0 0 52 20 100 0 34 11 29 8 25 
73 18 0 56 1 0 81 7 0 0 55 3 0 77 35 42 75 0 0 81 77 86 31 0 0 42 0 88 62 0 25 5 76 0 47 0 95 22 50 0 96 97 69 32 0 0 34 30 45 53 0 24 19 26 60 36 28 48 37 0 13 98 16 0 0 70 4 3 3 87 0 0 0 76 0 0 0 0 26 2 0 73 30 37 0 0 62 96 0 98 0 88 8 0 44 0 48 18 79 53 
83 85 0 0 38 0 0 0 0 50 0 69 0 0 0 49 0 0 0 0 0 0 59 50 0 0 80 24 0 0 59 0 5 0 72 79 19 33 55 14 0 0 0 56 91 0 94 0 77 93 39 72 0 0 5 55 81 98 0 0 43 57 87 75 99 0 0 54 37 64 20 13 30 68 33 16 61 26 0 4 0 81 88 31 43 0 52 72 97 0 81 0 99 0 34 30 0 0 0 86 
25 85 8 92 0 0 44 87 0 97 31 0 48 18 34 26 34 45 34 21 39 0 69 87 61 27 0 12 82 0 98 0 0 22 0 0 0 20 0 0 0 89 0 0 0 92 71 0 74 24 0 0 47 0 85 0 22 35 0 3 72 0 0 23 0 0 0 94 45 0 0 0 0 0 0 0 0 2 4 0 65 82 0 89 5 26 72 71 0 0 0 0 72 0 0 0 68 88 64 95 
54 36 0 50 0 54 17 0 0 16 0 0 0 95 18 0 89 91 54 0 0 19 0 6 33 0 51 0 0 63 0 0 16 69 43 79 6 55 10 0 16 57 0 40 11 90 61 0 0 40 0 23 0 96 33 0 0 87 67 0 30 36 76 34 33 29 0 54 16 58 0 69 86 24 75 8 0 0 0 65 0 0 86 70 88 5 0 80 0 100 87 0 34 5 10 87 72 0 11 0 
70 30 0 62 7 0 53 50 95 21 66 84 0 43 0 0 80 13 91 24 41 0 13 17 0 2 97 64 23 0 0 0 75 0 77 89 84 14 0 25 0 0 80 75 0 18 0 0 92 63 0 51 84 30 89 0 0 0 60 60 68 0 66 30 0 0 0 0 0 88 89 0 82 0 96 84 33 73 81 82 0 0 84 92 0 0 30 60 22 0 0 79 0 7 37 0 43 0 84 0 
25 92 97 63 0 0 24 0 32 79 0 76 66 57 30 31 23 14 23 0 0 55 0 0 0 41 83 0 22 60 0 0 29 6 53 0 69 0 58 7 0 77 53 63 0 0 0 92 65 73 99 0 0 8 24 98 69 0 52 33 2 0 86 0 32 0 8 95 86 3 0 0 0 0 5 21 0 30 88 0 86 84 0 0 0 55 8 0 0 16 0 0 0 87 10 28 51 97 21 32 
48 0 0 0 11 0 0 0 6 1 0 56 0 84 0 58 61 61 0 26 25 0 0 38 0 0 0 39 55 0 43 17 77 8 0 3 0 0 0 15 65 0 76 0 0 0 94 53 25 38 37 43 89 20 0 50 94 0 0 8 79 100 92 99 0 28 59 0 26 34 0 0 0 0 0 15 88 37 31 89 70 92 0 0 0 0 0 10 82 75 20 0 60 0 0 0 0 62 85 0 
42 65 20 27 83 0 62 78 48 100 0 87 9 8 0 73 3 60 0 27 47 29 47 56 5 0 22 47 28 74 0 0 82 0 0 0 21 0 0 0 16 55 0 84 81 91 26 75 0 36 63 2 44 0 73 0 0 0 10 26 0 89 9 20 0 43 0 0 85 89 18 0 19 0 74 0 57 0 43 5 88 0 0 0 0 90 14 0 0 14 59 10 47 0 28 0 71 66 91 51 
0 74 0 0 50 53 93 49 0 0 6 61 49 42 0 93 17 84 36 60 100 57 9 7 33 24 0 0 16 0 62 19 0 100 0 0 0 0 33 77 0 0 0 71 68 77 18 62 37 41 76 52 33 48 0 34 50 0 86 0 16 0 93 32 87 43 41 0 12 0 93 54 0 0 0 41 0 0 0 26 5 0 55 0 90 0 0 52 0 0 0 48 55 67 89 0 20 0 0 0 
20 0 0 0 0 0 0 26 0 0 16 75 0 0 0 0 11 0 6 97 0 14 30 9 25 50 0 56 46 0 0 46 0 18 90 28 81 76 0 0 100 99 26 83 0 0 86 6 54 89 41 30 0 20 90 68 25 7 0 0 94 0 29 76 0 78 0 0 0 84 64 98 11 0 17 0 0 62 52 72 0 30 8 0 14 0 0 99 34 13 84 68 24 0 8 64 0 0 95 0 
0 15 0 99 85 0 59 0 88 0 77 56 0 42 0 17 0 0 2 28 66 57 0 98 0 70 7 0 7 33 67 0 40 55 0 0 69 0 24 66 63 18 53 90 100 0 27 65 99 56 7 0 0 72 0 9 27 57 43 0 0 16 0 36 99 27 40 16 2 68 43 0 44 0 74 0 63 96 72 71 80 60 0 10 0 52 99 0 30 0 0 0 46 77 0 83 58 90 7 0 
83 25 66 96 0 32 95 97 0 93 96 0 6 4 76 0 28 47 3 0 0 8 0 0 18 0 21 58 0 27 59 91 58 22 50 21 1 0 54 0 0 21 0 29 58 89 35 39 0 30 100 0 97 74 58 26 0 65 0 0 19 82 63 79 31 0 0 78 0 0 25 0 83 43 14 66 57 0 97 0 0 22 0 82 0 0 34 30 0 47 88 90 0 0 95 80 0 26 52 0 
17 1 5 67 2 0 31 63 27 0 82 96 0 51 38 42 19 3 0 0 41 75 83 47 11 0 0 68 96 56 0 73 59 1 0 63 50 0 100 22 0 0 1 63 82 0 32 0 0 0 42 88 13 33 20 91 76 0 10 7 26 3 55 0 50 42 0 31 71 59 16 64 80 28 47 8 0 98 0 0 100 0 16 75 14 0 13 0 47 0 65 0 87 0 76 0 99 20 0 70 
63 17 0 29 0 0 0 29 35 0 60 43 61 87 8 3 0 6 0 0 81 0 63 42 0 0 56 0 0 0 38 51 0 45 84 10 74 9 64 94 47 95 29 2 48 0 4 88 7 0 14 0 65 33 0 92 0 47 0 0 33 27 0 5 80 9 0 54 0 0 0 64 51 0 0 79 0 0 81 0 87 0 0 20 59 0 84 0 88 65 0 0 68 60 20 30 50 27 48 92 
66 0 54 0 58 63 0 26 87 29 20 11 2 45 0 52 0 64 78 0 64 97 0 0 0 12 0 50 0 75 51 69 0 96 0 0 17 0 0 0 29 69 0 42 0 63 22 87 67 57 0 43 59 23 0 13 0 0 0 61 0 28 88 0 75 98 25 49 30 50 43 0 0 42 20 23 52 88 0 0 0 79 0 0 10 48 68 0 90 0 0 0 37 0 32 0 0 74 63 0 
15 0 47 0 87 67 0 83 48 42 0 38 25 9 53 47 42 88 35 69 0 96 0 6 46 77 0 100 0 1 69 1 0 70 63 13 25 61 0 4 0 41 0 0 0 18 88 49 96 13 87 8 32 6 0 0 60 39 0 93 43 0 43 0 0 78 0 40 70 0 26 0 37 40 53 0 20 8 99 72 34 0 0 60 47 55 24 46 0 87 68 37 0 0 64 13 28 49 0 39 
21 25 65 57 0 0 0 28 0 9 0 28 5 99 0 0 0 0 0 81 2 80 37 0 0 91 38 26 36 0 0 11 0 0 0 45 30 2 59 0 0 21 0 17 98 0 0 0 0 0 0 28 30 5 0 14 0 0 49 0 0 0 0 0 0 0 0 0 70 58 0 30 0 0 0 92 100 0 0 0 5 7 87 0 0 67 0 77 0 0 60 0 0 0 0 71 0 21 43 84 
98 54 29 1 23 97 48 93 0 83 37 55 97 40 0 0 0 0 34 62 43 28 0 0 0 40 4 55 23 9 0 63 57 60 0 21 94 31 0 0 99 0 0 0 99 0 59 16 15 75 36 72 0 0 0 88 0 96 0 0 7 0 28 26 65 4 68 0 62 47 0 25 0 69 0 68 0 44 34 0 10 37 10 0 28 89 8 0 95 76 20 32 64 0 0 0 0 67 28 16 
4 55 74 41 74 80 0 37 0 51 98 0 58 13 0 0 0 0 0 0 0 69 65 0 83 36 0 0 0 86 63 32 0 54 90 10 41 68 0 74 56 38 90 14 45 29 69 96 49 58 90 0 0 0 0 0 45 10 30 65 41 97 0 0 16 0 0 17 46 0 21 51 17 0 88 0 34 0 30 0 87 0 28 0 0 0 64 83 80 0 30 0 13 71 0 0 47 16 39 0 
0 16 19 50 0 51 59 63 7 82 87 0 74 96 0 76 78 0 71 18 9 91 0 30 0 42 0 44 0 58 25 20 88 26 75 52 0 46 88 0 48 33 0 0 0 15 0 83 69 59 90 0 0 58 50 0 0 83 29 11 24 97 78 35 0 84 77 0 50 0 0 0 34 7 0 0 11 48 0 68 72 43 51 0 71 20 0 58 0 99 50 0 28 0 0 47 0 0 96 31 
4 42 0 0 6 0 95 4 29 0 30 5 26 81 0 8 33 4 40 42 42 0 34 81 0 58 39 0 93 0 31 99 15 94 73 0 36 84 94 70 25 17 87 0 0 48 78 79 0 18 95 28 67 94 0 0 99 0 0 48 48 40 92 2 56 54 65 0 0 0 88 18 7 0 0 0 29 18 0 88 0 0 97 62 66 0 0 90 26 20 27 74 49 21 67 16 0 0 3 0 
14 1 25 91 0 0 0 28 4 97 0 17 98 0 89 56 11 0 0 6 61 4 22 0 84 19 0 0 0 0 17 66 16 53 0 64 0 0 73 98 52 0 0 35 0 0 81 0 57 21 55 14 67 0 86 41 3 92 0 0 76 62 82 66 3 0 89 99 42 86 53 41 45 75 1 70 8 79 0 64 11 84 21 85 91 0 95 7 52 0 48 63 0 43 28 39 96 3 0 0 
19 0 19 84 22 0 67 0 0 7 22 0 50 43 0 0 0 0 0 75 6 0 72 22 70 0 27 0 0 8 0 88 61 100 0 72 0 6 89 35 69 18 0 0 80 63 8 41 30 43 6 0 85 1 63 0 0 0 39 73 98 15 37 6 46 5 0 0 27 0 38 0 0 66 0 0 25 53 86 95 0 0 32 0 51 0 0 0 0 70 92 0 39 84 16 0 31 0 0 0 
