0 0 70 0 0 0 0 0 0 0 28 0 0 4 0 0 0 0 0 0 0 0 0 129 128 0 0 114 142 135 0 0 0 0 0 0 0 0 0 0 0 0 0 0 0 20 0 0 0 88 0 0 0 0 0 0 0 67 0 0 0 0 0 0 0 0 0 0 0 0 0 0 0 0 0 0 0 0 0 0 7 0 0 0 0 0 0 106 0 0 0 0 0 62 122 0 0 0 0 0 
0 0 0 88 0 0 0 0 0 0 9 0 0 0 0 88 0 0 0 0 0 0 0 0 0 0 0 0 0 71 0 0 20 0 0 0 0 0 0 0 0 0 0 0 0 0 0 0 0 0 33 0 0 0 0 0 0 0 0 5 0 0 0 2 0 0 0 0 59 0 25 0 0 0 130 0 0 0 0 0 112 0 0 0 0 136 38 0 0 0 0 0 0 0 0 13 0 0 0 0 
70 0 0 0 0 0 0 0 0 0 0 0 0 0 0 0 0 0 0 0 104 114 0 0 0 0 0 0 0 0 0 0 0 0 119 0 0 0 0 0 0 0 0 30 0 0 0 0 0 0 0 0 36 0 0 0 0 0 5 0 25 0 0 0 0 0 0 113 64 0 0 0 0 0 0 2 0 126 0 0 0 0 0 0 92 0 0 0 0 0 0 0 0 0 0 0 0 0 67 0 
0 88 0 0 0 0 0 0 0 0 0 110 0 0 0 0 0 0 0 0 0 0 0 0 0 0 61 0 0 0 144 0 16 0 0 0 78 0 0 0 7 0 0 0 0 0 0 0 0 0 0 0 0 0 0 0 0 0 0 0 0 0 0 0 0 0 0 0 38 0 0 0 0 0 0 0 0 0 0 0 0 6 0 0 0 0 0 0 0 0 0 0 45 0 0 0 134 0 0 0 
0 0 0 0 0 0 0 0 0 0 0 0 0 0 0 0 0 0 0 0 0 0 0 0 0 0 0 0 0 0 36 114 0 0 0 0 0 0 109 0 102 0 0 0 127 27 31 0 0 0 0 0 0 0 0 0 0 0 19 0 0 0 0 0 126 0 0 0 1 0 0 66 0 0 84 0 0 0 142 0 0 85 0 0 0 0 0 0 0 0 0 0 0 0 0 0 0 0 0 0 
0 0 0 0 0 0 113 16 115 0 0 0 0 0 0 0 0 0 0 0 0 0 0 0 0 0 0 0 0 145 0 0 0 55 0 94 0 0 0 0 0 0 0 0 0 0 0 0 99 45 0 0 0 0 0 0 111 3 0 0 0 0 0 104 0 0 0 0 0 0 0 0 0 0 0 0 0 0 0 0 0 0 0 0 0 43 0 0 0 0 0 0 0 0 0 0 0 97 0 0 
0 0 0 0 0 113 0 11 0 0 0 0 0 63 0 0 0 0 0 0 0 0 0 0 0 0 34 0 0 0 0 0 0 0 0 0 0 0 93 0 28 0 83 0 0 0 0 0 0 0 0 0 0 0 0 0 0 0 0 126 0 0 0 0 0 0 0 0 0 0 0 0 0 0 0 0 0 93 129 95 0 33 6 0 0 0 0 0 0 0 0 101 0 0 0 0 0 36 0 0 
0 0 0 0 0 16 11 0 0 0 0 70 0 0 0 0 0 47 0 0 0 0 139 0 48 0 0 0 0 0 0 0 0 0 118 0 0 76 0 0 10 0 27 0 0 0 0 83 0 0 0 0 0 0 0 0 0 0 0 0 0 0 0 0 0 0 0 0 0 0 0 0 0 0 116 0 0 0 0 0 0 0 0 112 0 0 0 0 0 0 0 0 0 0 0 53 91 0 0 0 
0 0 0 0 0 115 0 0 0 0 0 0 26 0 0 0 0 0 88 0 141 0 0 0 0 0 0 138 0 0 0 46 0 0 0 0 0 0 0 8 0 0 0 73 0 0 0 147 0 66 0 0 0 0 0 0 0 0 0 0 0 0 0 0 0 0 0 0 0 0 0 75 76 0 0 0 0 0 0 22 0 0 0 0 0 70 0 0 0 0 0 0 0 0 0 0 0 0 39 0 
0 0 0 0 0 0 0 0 0 0 0 0 0 0 0 141 0 0 0 0 0 0 74 0 0 0 0 0 0 0 0 0 0 0 0 0 0 0 0 0 0 0 0 0 0 0 0 0 0 0 0 0 0 140 0 0 20 0 0 0 0 0 0 0 0 0 0 0 0 0 0 0 0 141 15 0 0 0 0 0 0 0 0 0 0 0 0 0 0 0 0 0 0 0 0 21 28 27 0 0 
28 9 0 0 0 0 0 0 0 0 0 0 0 51 0 0 0 0 0 0 0 0 0 0 0 0 144 0 0 0 0 1 0 0 0 0 0 25 0 0 0 0 38 0 0 0 82 0 0 0 0 0 0 0 0 0 0 61 0 0 0 0 0 0 0 0 0 0 0 0 0 0 0 0 48 0 119 0 0 0 0 0 0 0 0 0 25 0 81 0 0 4 81 0 0 0 0 0 0 0 
0 0 0 110 0 0 0 70 0 0 0 0 0 0 0 0 0 0 0 0 41 0 0 0 0 0 0 0 0 3 0 0 84 0 0 0 0 0 0 0 0 0 5 0 0 0 0 0 0 0 0 0 34 0 0 0 0 0 116 0 0 0 0 0 113 0 0 0 0 104 125 0 0 0 0 137 0 0 0 0 2 54 0 0 0 0 0 131 0 0 0 0 0 0 0 0 0 0 0 0 
0 0 0 0 0 0 0 0 26 0 0 0 0 0 0 17 0 0 0 0 0 0 0 82 0 0 0 104 87 0 0 0 0 0 137 0 0 0 0 0 0 0 5 0 0 0 121 0 0 0 0 0 0 0 0 0 0 0 75 0 128 48 0 0 81 0 0 80 0 0 0 0 0 108 0 0 0 0 0 48 0 0 0 0 0 0 0 0 0 0 0 0 0 0 0 0 0 0 0 0 
4 0 0 0 0 0 63 0 0 0 51 0 0 0 0 89 103 0 0 0 0 0 89 106 76 0 0 0 0 0 0 0 0 98 0 0 0 0 0 0 0 0 0 0 0 0 0 0 0 0 0 0 0 0 0 0 0 0 0 0 0 0 0 0 0 0 0 0 0 0 0 0 0 0 0 0 73 0 0 0 0 4 0 0 0 142 0 0 0 0 67 0 0 0 0 90 0 0 0 121 
0 0 0 0 0 0 0 0 0 0 0 0 0 0 0 0 0 0 0 0 94 0 0 0 0 84 0 0 0 0 0 134 0 0 0 0 0 0 28 0 0 0 0 0 0 0 0 9 0 0 0 0 0 146 0 0 12 0 0 0 0 0 0 0 0 0 0 0 0 0 15 0 0 87 0 0 114 0 0 0 0 0 0 0 43 0 0 0 0 0 56 0 0 0 0 0 0 0 145 0 
0 88 0 0 0 0 0 0 0 141 0 0 17 89 0 0 0 0 0 0 0 146 0 0 0 112 0 0 0 0 0 0 0 0 0 0 0 0 0 0 0 0 0 0 0 89 0 0 0 0 0 0 0 0 0 0 0 0 0 0 0 0 0 0 0 0 64 0 110 0 3 0 144 0 82 0 6 0 0 89 0 0 0 0 0 0 0 0 0 0 0 0 21 0 0 0 0 0 0 0 
0 0 0 0 0 0 0 0 0 0 0 0 0 103 0 0 0 138 0 0 0 0 103 0 0 0 0 0 0 0 0 0 0 0 0 0 0 0 38 0 0 87 0 0 28 0 0 0 0 0 0 0 0 0 0 0 0 0 73 0 138 2 127 0 0 10 0 2 0 0 0 0 101 0 0 0 106 0 0 0 0 0 0 55 0 0 0 0 0 0 0 0 0 0 0 0 0 0 0 0 
0 0 0 0 0 0 0 47 0 0 0 0 0 0 0 0 138 0 0 0 0 69 0 0 0 0 0 0 0 0 0 0 0 0 0 0 0 4 74 0 0 0 0 0 0 0 0 0 0 0 0 0 0 0 39 0 36 0 0 0 0 0 0 0 0 0 0 41 0 0 0 0 0 0 0 0 0 0 0 0 70 0 100 0 0 0 0 0 0 36 0 0 0 0 0 0 0 104 0 0 
0 0 0 0 0 0 0 0 88 0 0 0 0 0 0 0 0 0 0 0 0 0 0 0 0 0 55 0 0 0 19 0 0 25 0 0 0 0 0 0 0 26 0 0 0 0 0 121 0 90 24 0 0 0 0 0 0 0 0 0 0 0 0 0 0 0 0 0 0 0 126 5 0 0 0 0 0 0 21 0 0 0 0 0 0 0 66 0 0 0 0 0 53 0 2 117 0 0 0 0 
0 0 0 0 0 0 0 0 0 0 0 0 0 0 0 0 0 0 0 0 0 0 0 0 0 100 0 0 0 0 0 0 0 0 112 0 0 42 0 59 0 0 37 0 0 0 0 0 0 0 0 0 0 0 67 0 0 0 0 102 0 0 144 0 0 0 0 0 62 0 0 0 0 0 0 0 0 0 0 0 0 0 0 55 0 0 15 0 142 65 0 0 0 92 0 0 0 0 144 0 
0 0 104 0 0 0 0 0 141 0 0 41 0 0 94 0 0 0 0 0 0 0 0 0 64 35 0 0 0 0 0 0 0 89 0 0 0 0 0 0 0 0 0 0 0 0 0 0 0 0 16 0 0 0 0 147 0 0 0 0 0 0 0 109 0 0 70 0 0 0 0 0 22 118 0 0 0 0 0 0 47 0 0 0 0 0 0 57 0 0 0 0 0 0 0 0 0 0 0 0 
0 0 114 0 0 0 0 0 0 0 0 0 0 0 0 146 0 69 0 0 0 0 0 0 0 111 0 0 0 0 39 0 0 0 0 0 131 0 0 0 0 0 0 0 0 0 0 0 0 8 0 138 0 0 0 0 0 0 0 0 0 15 38 0 6 0 0 0 0 0 0 0 0 0 0 0 0 107 0 0 0 0 0 0 0 20 0 0 0 0 0 0 0 0 0 0 0 88 68 0 
0 0 0 0 0 0 0 139 0 74 0 0 0 89 0 0 103 0 0 0 0 0 0 0 0 0 0 0 0 0 95 0 0 0 0 0 0 0 0 0 0 0 0 0 94 0 0 0 0 100 0 0 1 0 0 0 0 91 0 0 0 33 0 0 0 0 0 110 0 0 0 68 0 63 0 0 0 0 0 0 0 0 0 150 0 145 0 0 0 0 0 0 0 0 0 0 0 0 0 0 
129 0 0 0 0 0 0 0 0 0 0 0 82 106 0 0 0 0 0 0 0 0 0 0 0 0 0 0 0 111 0 0 0 0 0 0 78 0 0 144 0 109 0 0 0 0 0 0 0 0 0 101 0 0 0 133 0 0 0 0 0 0 0 0 0 0 0 0 0 0 0 0 0 0 0 0 0 0 15 0 0 0 0 0 0 0 0 0 0 0 0 0 0 119 9 0 0 40 0 0 
128 0 0 0 0 0 0 48 0 0 0 0 0 76 0 0 0 0 0 0 64 0 0 0 0 0 0 0 0 0 0 0 0 0 0 0 0 0 0 53 0 0 0 0 76 0 0 0 148 0 0 0 0 0 0 37 0 0 0 0 0 0 0 0 0 0 0 0 114 0 0 0 0 0 0 0 150 0 0 0 0 0 119 35 0 21 0 96 0 105 0 0 0 0 0 0 0 0 0 0 
0 0 0 0 0 0 0 0 0 0 0 0 0 0 84 112 0 0 0 100 35 111 0 0 0 0 0 0 0 0 0 0 0 0 0 0 0 0 0 0 0 0 0 0 0 0 0 0 95 0 91 64 0 0 0 0 0 0 0 0 0 0 0 0 0 0 0 0 0 0 0 0 0 0 0 0 0 0 0 0 0 150 0 5 111 0 110 0 0 0 0 0 0 0 0 0 92 0 0 0 
0 0 0 61 0 0 34 0 0 0 144 0 0 0 0 0 0 0 55 0 0 0 0 0 0 0 0 0 0 0 0 0 0 0 0 0 0 0 0 0 0 0 51 0 0 0 0 0 7 0 0 0 0 0 65 0 0 0 0 0 0 0 0 0 0 0 0 0 0 0 0 0 0 0 139 0 0 0 0 143 0 0 0 0 0 0 0 0 0 47 0 0 0 0 0 0 0 0 0 98 
114 0 0 0 0 0 0 0 138 0 0 0 104 0 0 0 0 0 0 0 0 0 0 0 0 0 0 0 0 107 0 136 0 0 0 0 0 0 147 0 0 62 0 0 8 0 0 97 0 0 0 0 0 0 0 0 0 0 0 52 0 0 0 0 0 0 120 0 55 0 68 0 0 6 0 0 0 0 0 0 0 65 0 0 0 0 0 0 0 0 0 0 0 0 0 0 0 0 0 0 
142 0 0 0 0 0 0 0 0 0 0 0 87 0 0 0 0 0 0 0 0 0 0 0 0 0 0 0 0 0 0 0 0 0 0 0 13 0 0 0 0 0 0 0 141 0 148 0 0 0 0 0 0 0 0 0 0 0 0 0 0 0 0 0 0 0 120 0 0 0 0 0 0 0 0 0 0 7 0 0 121 0 0 0 0 0 0 0 69 0 0 0 0 0 35 0 0 0 103 0 
135 71 0 0 0 145 0 0 0 0 0 3 0 0 0 0 0 0 0 0 0 0 0 111 0 0 0 107 0 0 0 0 84 79 0 0 0 0 0 0 0 0 0 0 0 0 56 0 0 0 0 0 0 0 0 0 0 0 0 0 0 0 0 0 0 0 0 0 0 0 0 0 0 0 0 0 0 0 0 0 0 0 0 0 0 0 0 0 0 0 0 0 0 0 0 0 0 0 0 0 
0 0 0 144 36 0 0 0 0 0 0 0 0 0 0 0 0 0 19 0 0 39 95 0 0 0 0 0 0 0 0 0 0 0 0 93 0 0 0 0 0 0 0 0 0 0 0 0 127 0 0 0 0 136 0 0 0 0 0 0 0 0 0 0 0 0 0 0 0 0 0 0 0 0 87 0 0 7 0 0 0 0 0 131 0 0 0 40 0 81 0 0 0 0 0 56 0 0 0 144 
0 0 0 0 114 0 0 0 46 0 1 0 0 0 134 0 0 0 0 0 0 0 0 0 0 0 0 136 0 0 0 0 0 0 0 0 0 0 80 0 0 0 0 0 0 0 0 0 108 0 0 0 0 0 0 0 0 0 0 0 0 0 0 0 0 0 0 0 0 0 66 92 0 0 0 12 0 0 75 0 108 0 7 0 0 0 87 0 0 0 0 0 19 0 0 0 0 0 0 0 
0 20 0 16 0 0 0 0 0 0 0 84 0 0 0 0 0 0 0 0 0 0 0 0 0 0 0 0 0 84 0 0 0 0 73 0 105 0 0 0 0 0 104 0 0 0 0 0 0 0 17 0 0 0 0 0 0 70 0 0 0 0 83 0 60 0 0 0 0 0 0 0 0 0 0 150 0 0 65 0 0 0 0 0 0 0 0 0 0 0 0 0 64 0 106 0 0 0 0 0 
0 0 0 0 0 55 0 0 0 0 0 0 0 98 0 0 0 0 25 0 89 0 0 0 0 0 0 0 0 79 0 0 0 0 0 0 0 0 0 0 0 0 0 0 0 0 0 0 0 0 0 0 16 0 0 0 0 0 0 101 99 0 34 0 140 0 0 0 0 0 0 108 108 0 0 0 0 0 46 0 0 0 0 0 84 0 0 24 0 0 0 0 0 0 0 0 0 0 0 0 
0 0 119 0 0 0 0 118 0 0 0 0 137 0 0 0 0 0 0 112 0 0 0 0 0 0 0 0 0 0 0 0 73 0 0 15 0 0 0 0 0 0 0 0 0 0 0 0 0 0 0 0 142 0 8 0 0 0 0 0 0 0 0 0 0 0 0 0 19 0 54 124 26 0 0 0 0 0 0 0 0 0 0 0 0 0 0 141 0 0 0 0 0 0 150 91 0 0 0 0 
0 0 0 0 0 94 0 0 0 0 0 0 0 0 0 0 0 0 0 0 0 0 0 0 0 0 0 0 0 0 93 0 0 0 15 0 0 0 0 0 0 0 0 39 11 104 0 0 129 0 74 0 0 34 0 0 0 0 0 0 0 0 0 0 0 0 0 0 0 0 107 48 0 0 0 0 0 34 0 0 149 0 0 0 0 0 0 0 0 0 74 0 129 0 0 0 0 0 0 0 
0 0 0 78 0 0 0 0 0 0 0 0 0 0 0 0 0 0 0 0 0 131 0 78 0 0 0 0 13 0 0 0 105 0 0 0 0 0 46 0 104 0 0 0 0 0 0 0 0 0 131 0 0 0 0 0 0 0 0 70 0 0 0 0 0 0 0 0 0 0 0 0 0 123 21 0 0 0 0 0 0 0 0 0 127 0 0 0 0 0 24 0 0 0 0 0 0 0 0 0 
0 0 0 0 0 0 0 76 0 0 25 0 0 0 0 0 0 4 0 42 0 0 0 0 0 0 0 0 0 0 0 0 0 0 0 0 0 0 0 0 0 0 17 0 0 0 0 0 0 0 0 12 0 0 42 0 0 29 0 0 121 0 0 0 0 0 0 0 0 0 0 0 0 0 0 0 0 0 124 0 81 0 0 0 0 0 0 0 0 0 0 0 0 0 0 0 0 0 0 0 
0 0 0 0 109 0 93 0 0 0 0 0 0 0 28 0 38 74 0 0 0 0 0 0 0 0 0 147 0 0 0 80 0 0 0 0 46 0 0 0 0 0 0 0 0 9 0 0 0 78 0 0 0 0 0 0 0 0 115 0 0 0 0 0 0 0 0 23 0 0 0 0 0 0 0 0 0 0 0 0 0 0 0 0 0 0 0 0 0 0 0 43 57 3 0 0 0 0 0 0 
0 0 0 0 0 0 0 0 8 0 0 0 0 0 0 0 0 0 0 59 0 0 0 144 53 0 0 0 0 0 0 0 0 0 0 0 0 0 0 0 98 0 50 0 0 0 0 0 0 0 142 0 0 0 0 0 0 0 0 0 0 0 0 46 41 0 0 0 0 0 0 0 0 0 0 0 0 0 0 0 0 0 0 149 0 97 0 0 120 0 0 114 0 0 19 0 0 0 0 0 
0 0 0 7 102 0 28 10 0 0 0 0 0 0 0 0 0 0 0 0 0 0 0 0 0 0 0 0 0 0 0 0 0 0 0 0 104 0 0 98 0 0 0 0 0 0 0 0 0 0 0 0 0 0 0 0 0 0 0 0 0 0 0 0 0 0 79 0 0 0 0 0 0 0 0 0 0 131 0 0 0 0 0 0 0 0 0 0 72 0 0 0 0 0 0 0 0 0 0 0 
0 0 0 0 0 0 0 0 0 0 0 0 0 0 0 0 87 0 26 0 0 0 0 109 0 0 0 62 0 0 0 0 0 0 0 0 0 0 0 0 0 0 0 0 0 0 143 0 0 0 0 0 0 0 0 0 0 0 0 0 107 0 0 0 84 0 0 0 0 0 101 0 0 85 0 0 0 140 0 92 0 0 0 0 0 0 0 18 0 79 0 0 0 61 0 0 0 0 60 0 
0 0 0 0 0 0 83 27 0 0 38 5 5 0 0 0 0 0 0 37 0 0 0 0 0 0 51 0 0 0 0 0 104 0 0 0 0 17 0 50 0 0 0 0 0 0 0 0 0 0 0 0 0 0 0 0 0 0 0 0 0 0 0 0 0 0 0 0 0 0 0 0 0 0 0 0 119 112 0 0 0 0 9 0 0 142 0 0 0 0 0 0 83 0 0 0 0 0 0 0 
0 0 30 0 0 0 0 0 73 0 0 0 0 0 0 0 0 0 0 0 0 0 0 0 0 0 0 0 0 0 0 0 0 0 0 39 0 0 0 0 0 0 0 0 17 0 147 135 0 0 0 0 0 0 0 0 0 0 0 0 0 0 0 0 0 0 114 0 0 0 0 0 0 59 0 0 0 0 0 0 0 0 0 0 0 0 0 0 12 0 0 0 52 0 0 0 0 0 9 74 
0 0 0 0 127 0 0 0 0 0 0 0 0 0 0 0 28 0 0 0 0 0 94 0 76 0 0 8 141 0 0 0 0 0 0 11 0 0 0 0 0 0 0 17 0 0 0 0 0 0 0 0 0 0 0 0 0 0 0 0 0 0 0 0 0 0 0 76 0 0 0 0 79 0 0 46 94 0 0 0 0 0 0 89 0 0 0 0 0 4 0 0 0 21 0 0 0 0 0 0 
20 0 0 0 27 0 0 0 0 0 0 0 0 0 0 89 0 0 0 0 0 0 0 0 0 0 0 0 0 0 0 0 0 0 0 104 0 0 9 0 0 0 0 0 0 0 0 0 0 0 0 0 0 0 0 0 87 0 0 0 0 0 0 0 0 0 0 0 0 19 0 0 0 0 0 0 0 0 0 0 0 0 92 0 0 0 0 112 109 0 0 0 0 64 0 0 0 0 0 0 
0 0 0 0 31 0 0 0 0 0 82 0 121 0 0 0 0 0 0 0 0 0 0 0 0 0 0 0 148 56 0 0 0 0 0 0 0 0 0 0 0 143 0 147 0 0 0 0 0 0 0 125 0 0 0 0 0 0 0 0 0 0 0 0 0 0 0 0 0 0 0 0 0 0 0 0 0 0 0 130 73 0 0 0 0 0 0 0 0 0 0 0 0 0 0 0 0 0 0 133 
0 0 0 0 0 0 0 83 147 0 0 0 0 0 9 0 0 0 121 0 0 0 0 0 0 0 0 97 0 0 0 0 0 0 0 0 0 0 0 0 0 0 0 135 0 0 0 0 10 0 0 0 0 0 0 0 0 0 0 0 0 0 0 0 0 0 0 0 36 83 0 0 0 0 0 0 0 0 0 0 0 0 0 0 0 0 0 0 0 0 0 0 0 0 0 0 0 0 0 0 
0 0 0 0 0 99 0 0 0 0 0 0 0 0 0 0 0 0 0 0 0 0 0 0 148 95 7 0 0 0 127 108 0 0 0 129 0 0 0 0 0 0 0 0 0 0 0 10 0 0 0 0 0 0 0 0 79 0 48 0 0 0 0 0 0 0 131 0 0 0 0 0 136 0 0 0 0 0 0 0 0 0 0 0 20 0 0 0 0 0 0 0 0 105 0 0 0 105 0 0 
88 0 0 0 0 45 0 0 66 0 0 0 0 0 0 0 0 0 90 0 0 8 100 0 0 0 0 0 0 0 0 0 0 0 0 0 0 0 78 0 0 0 0 0 0 0 0 0 0 0 6 0 0 0 94 0 0 0 0 14 127 0 0 0 0 0 0 87 0 0 0 0 0 0 0 0 134 0 105 0 0 0 0 0 0 0 0 0 0 0 0 0 0 0 0 0 63 0 0 0 
0 33 0 0 0 0 0 0 0 0 0 0 0 0 0 0 0 0 24 0 16 0 0 0 0 91 0 0 0 0 0 0 17 0 0 74 131 0 0 142 0 0 0 0 0 0 0 0 0 6 0 0 0 0 0 0 0 57 0 0 0 0 0 0 0 0 0 0 0 0 0 0 0 0 0 0 0 0 52 0 0 38 147 0 0 0 0 0 0 0 86 0 0 41 0 0 0 0 0 0 
0 0 0 0 0 0 0 0 0 0 0 0 0 0 0 0 0 0 0 0 0 138 0 101 0 64 0 0 0 0 0 0 0 0 0 0 0 12 0 0 0 0 0 0 0 0 125 0 0 0 0 0 0 0 0 0 0 0 0 0 0 0 0 0 0 0 0 99 0 0 0 0 53 0 0 0 15 0 0 117 33 0 0 0 0 0 0 0 0 0 0 0 0 0 141 0 0 0 0 0 
0 0 36 0 0 0 0 0 0 0 0 34 0 0 0 0 0 0 0 0 0 0 1 0 0 0 0 0 0 0 0 0 0 16 142 0 0 0 0 0 0 0 0 0 0 0 0 0 0 0 0 0 0 0 0 0 0 0 0 0 0 0 0 0 0 0 0 0 0 0 92 0 0 0 0 0 0 0 0 0 0 0 0 0 0 0 94 0 0 0 0 0 0 0 75 0 0 115 48 0 
0 0 0 0 0 0 0 0 0 140 0 0 0 0 146 0 0 0 0 0 0 0 0 0 0 0 0 0 0 0 136 0 0 0 0 34 0 0 0 0 0 0 0 0 0 0 0 0 0 0 0 0 0 0 37 0 10 0 105 0 94 0 0 0 51 0 0 5 0 0 0 0 0 0 0 43 0 0 0 109 14 0 55 76 0 0 0 0 0 0 0 0 0 0 0 0 0 0 0 0 
0 0 0 0 0 0 0 0 0 0 0 0 0 0 0 0 0 39 0 67 0 0 0 0 0 0 65 0 0 0 0 0 0 0 8 0 0 42 0 0 0 0 0 0 0 0 0 0 0 94 0 0 0 37 0 0 0 0 115 69 0 73 0 0 0 0 0 0 0 12 0 0 0 0 0 0 0 0 0 0 0 0 130 0 0 0 0 0 0 0 0 150 0 0 0 93 0 8 0 0 
0 0 0 0 0 0 0 0 0 0 0 0 0 0 0 0 0 0 0 0 147 0 0 133 37 0 0 0 0 0 0 0 0 0 0 0 0 0 0 0 0 0 0 0 0 0 0 0 0 0 0 0 0 0 0 0 0 53 0 0 0 0 0 65 94 0 0 0 0 0 0 72 0 0 133 146 0 0 0 0 0 0 0 0 86 0 0 88 53 0 0 109 0 0 0 11 0 0 0 0 
0 0 0 0 0 111 0 0 0 20 0 0 0 0 12 0 0 36 0 0 0 0 0 0 0 0 0 0 0 0 0 0 0 0 0 0 0 0 0 0 0 0 0 0 0 87 0 0 79 0 0 0 0 10 0 0 0 0 0 0 0 0 0 0 0 0 0 0 0 76 0 0 0 0 0 129 0 0 0 0 0 0 53 0 0 0 0 130 0 120 0 0 0 0 0 23 0 132 0 0 
67 0 0 0 0 3 0 0 0 0 61 0 0 0 0 0 0 0 0 0 0 0 91 0 0 0 0 0 0 0 0 0 70 0 0 0 0 29 0 0 0 0 0 0 0 0 0 0 0 0 57 0 0 0 0 53 0 0 0 0 0 0 0 29 0 0 0 0 0 0 10 30 0 0 0 0 125 0 0 115 0 0 0 0 0 0 0 0 0 0 0 0 56 0 0 0 0 0 0 98 
0 0 5 0 19 0 0 0 0 0 0 116 75 0 0 0 73 0 0 0 0 0 0 0 0 0 0 0 0 0 0 0 0 0 0 0 0 0 115 0 0 0 0 0 0 0 0 0 48 0 0 0 0 105 115 0 0 0 0 0 0 0 74 0 0 0 0 0 0 0 0 0 0 0 0 0 0 0 0 0 0 0 0 0 0 0 0 0 72 0 0 104 0 0 0 0 0 0 0 0 
0 5 0 0 0 0 126 0 0 0 0 0 0 0 0 0 0 0 0 102 0 0 0 0 0 0 0 52 0 0 0 0 0 101 0 0 70 0 0 0 0 0 0 0 0 0 0 0 0 14 0 0 0 0 69 0 0 0 0 0 0 0 0 0 0 0 0 0 0 0 0 0 0 105 0 0 0 0 133 0 0 0 0 0 148 0 0 0 56 0 0 0 0 0 0 0 0 0 0 0 
0 0 25 0 0 0 0 0 0 0 0 0 128 0 0 0 138 0 0 0 0 0 0 0 0 0 0 0 0 0 0 0 0 99 0 0 0 121 0 0 0 107 0 0 0 0 0 0 0 127 0 0 0 94 0 0 0 0 0 0 0 0 0 0 0 0 0 0 0 0 0 0 0 0 0 0 0 0 0 0 0 0 0 0 68 0 0 0 0 0 0 0 0 141 88 0 0 0 0 0 
0 0 0 0 0 0 0 0 0 0 0 0 48 0 0 0 2 0 0 0 0 15 33 0 0 0 0 0 0 0 0 0 0 0 0 0 0 0 0 0 0 0 0 0 0 0 0 0 0 0 0 0 0 0 73 0 0 0 0 0 0 0 0 0 0 17 0 68 0 71 0 111 133 0 0 94 0 0 0 0 0 0 0 0 0 0 0 0 0 0 127 3 0 2 0 0 61 0 0 0 
0 0 0 0 0 0 0 0 0 0 0 0 0 0 0 0 127 0 0 144 0 38 0 0 0 0 0 0 0 0 0 0 83 34 0 0 0 0 0 0 0 0 0 0 0 0 0 0 0 0 0 0 0 0 0 0 0 0 74 0 0 0 0 81 0 0 0 0 0 0 0 0 0 0 0 0 0 0 0 0 0 0 47 0 0 0 0 25 0 0 0 0 0 0 0 0 0 0 0 0 
0 2 0 0 0 104 0 0 0 0 0 0 0 0 0 0 0 0 0 0 109 0 0 0 0 0 0 0 0 0 0 0 0 0 0 0 0 0 0 46 0 0 0 0 0 0 0 0 0 0 0 0 0 0 0 65 0 29 0 0 0 0 81 0 0 0 0 0 0 0 0 0 0 0 94 0 0 0 0 80 0 0 0 0 0 0 0 0 0 0 1 0 0 0 0 0 0 0 0 0 
0 0 0 0 126 0 0 0 0 0 0 113 81 0 0 0 0 0 0 0 0 6 0 0 0 0 0 0 0 0 0 0 60 140 0 0 0 0 0 41 0 84 0 0 0 0 0 0 0 0 0 0 0 51 0 94 0 0 0 0 0 0 0 0 0 0 0 0 0 0 0 0 0 0 0 0 0 0 0 0 0 0 0 123 121 136 39 0 0 0 0 0 0 0 0 0 0 91 0 0 
0 0 0 0 0 0 0 0 0 0 0 0 0 0 0 0 10 0 0 0 0 0 0 0 0 0 0 0 0 0 0 0 0 0 0 0 0 0 0 0 0 0 0 0 0 0 0 0 0 0 0 0 0 0 0 0 0 0 0 0 0 17 0 0 0 0 0 0 0 0 101 0 0 148 0 0 0 0 0 0 0 0 0 0 0 0 107 0 0 130 0 0 25 0 0 0 0 54 0 148 
0 0 0 0 0 0 0 0 0 0 0 0 0 0 0 64 0 0 0 0 70 0 0 0 0 0 0 120 120 0 0 0 0 0 0 0 0 0 0 0 79 0 0 114 0 0 0 0 131 0 0 0 0 0 0 0 0 0 0 0 0 0 0 0 0 0 0 0 0 0 0 0 0 0 0 69 0 102 0 0 34 0 0 0 0 0 80 0 0 0 0 0 0 0 0 0 0 0 0 0 
0 0 113 0 0 0 0 0 0 0 0 0 80 0 0 0 2 41 0 0 0 0 110 0 0 0 0 0 0 0 0 0 0 0 0 0 0 0 23 0 0 0 0 0 76 0 0 0 0 87 0 99 0 5 0 0 0 0 0 0 0 68 0 0 0 0 0 0 142 0 0 0 0 0 0 0 135 0 0 0 0 0 0 0 0 0 128 0 0 0 0 0 0 0 106 0 0 0 0 0 
0 59 64 38 1 0 0 0 0 0 0 0 0 0 0 110 0 0 0 62 0 0 0 0 114 0 0 55 0 0 0 0 0 0 19 0 0 0 0 0 0 0 0 0 0 0 0 36 0 0 0 0 0 0 0 0 0 0 0 0 0 0 0 0 0 0 0 142 0 0 0 0 0 0 0 28 0 0 0 0 0 132 0 0 0 0 0 0 123 0 0 0 0 0 47 0 0 0 0 0 
0 0 0 0 0 0 0 0 0 0 0 104 0 0 0 0 0 0 0 0 0 0 0 0 0 0 0 0 0 0 0 0 0 0 0 0 0 0 0 0 0 0 0 0 0 19 0 83 0 0 0 0 0 0 12 0 76 0 0 0 0 71 0 0 0 0 0 0 0 0 0 0 101 52 0 0 0 0 70 0 0 0 0 0 0 0 0 0 0 0 0 0 0 0 0 0 0 0 0 0 
0 25 0 0 0 0 0 0 0 0 0 125 0 0 15 3 0 0 126 0 0 0 0 0 0 0 0 68 0 0 0 66 0 0 54 107 0 0 0 0 0 101 0 0 0 0 0 0 0 0 0 0 92 0 0 0 0 10 0 0 0 0 0 0 0 101 0 0 0 0 0 0 0 0 0 0 0 0 0 0 0 0 0 0 0 0 0 0 0 0 41 0 0 0 0 0 26 0 0 0 
0 0 0 0 66 0 0 0 75 0 0 0 0 0 0 0 0 0 5 0 0 0 68 0 0 0 0 0 0 0 0 92 0 108 124 48 0 0 0 0 0 0 0 0 0 0 0 0 0 0 0 0 0 0 0 72 0 30 0 0 0 111 0 0 0 0 0 0 0 0 0 0 0 0 0 0 0 0 0 0 0 27 0 0 0 0 0 0 0 0 0 0 0 0 0 61 119 0 134 0 
0 0 0 0 0 0 0 0 76 0 0 0 0 0 0 144 101 0 0 0 22 0 0 0 0 0 0 0 0 0 0 0 0 108 26 0 0 0 0 0 0 0 0 0 79 0 0 0 136 0 0 53 0 0 0 0 0 0 0 0 0 133 0 0 0 0 0 0 0 101 0 0 0 0 104 26 0 0 0 0 0 0 0 39 0 42 0 0 0 0 0 0 0 0 0 0 0 0 0 0 
0 0 0 0 0 0 0 0 0 141 0 0 108 0 87 0 0 0 0 0 118 0 63 0 0 0 0 6 0 0 0 0 0 0 0 0 123 0 0 0 0 85 0 59 0 0 0 0 0 0 0 0 0 0 0 0 0 0 0 105 0 0 0 0 0 148 0 0 0 52 0 0 0 0 0 0 0 112 0 61 0 0 4 0 0 0 0 0 0 0 0 0 0 0 0 0 0 0 0 0 
0 130 0 0 84 0 0 116 0 15 48 0 0 0 0 82 0 0 0 0 0 0 0 0 0 0 139 0 0 0 87 0 0 0 0 0 21 0 0 0 0 0 0 0 0 0 0 0 0 0 0 0 0 0 0 133 0 0 0 0 0 0 0 94 0 0 0 0 0 0 0 0 104 0 0 0 0 0 0 13 0 0 0 0 0 0 0 0 0 62 0 0 46 0 0 0 0 0 0 0 
0 0 2 0 0 0 0 0 0 0 0 137 0 0 0 0 0 0 0 0 0 0 0 0 0 0 0 0 0 0 0 12 150 0 0 0 0 0 0 0 0 0 0 0 46 0 0 0 0 0 0 0 0 43 0 146 129 0 0 0 0 94 0 0 0 0 69 0 28 0 0 0 26 0 0 0 0 0 0 0 0 0 0 0 0 0 0 0 0 0 54 0 0 0 0 77 147 0 0 0 
0 0 0 0 0 0 0 0 0 0 119 0 0 73 114 6 106 0 0 0 0 0 0 0 150 0 0 0 0 0 0 0 0 0 0 0 0 0 0 0 0 0 119 0 94 0 0 0 0 134 0 15 0 0 0 0 0 125 0 0 0 0 0 0 0 0 0 135 0 0 0 0 0 0 0 0 0 0 0 0 0 0 0 0 98 13 0 0 0 26 0 0 0 0 0 0 0 0 0 0 
0 0 126 0 0 0 93 0 0 0 0 0 0 0 0 0 0 0 0 0 0 107 0 0 0 0 0 0 7 0 7 0 0 0 0 34 0 0 0 0 131 140 112 0 0 0 0 0 0 0 0 0 0 0 0 0 0 0 0 0 0 0 0 0 0 0 102 0 0 0 0 0 0 112 0 0 0 0 147 18 0 0 0 0 0 0 0 0 0 0 0 0 0 0 0 0 0 0 0 0 
0 0 0 0 142 0 129 0 0 0 0 0 0 0 0 0 0 0 21 0 0 0 0 15 0 0 0 0 0 0 0 75 65 46 0 0 0 124 0 0 0 0 0 0 0 0 0 0 0 105 52 0 0 0 0 0 0 0 0 133 0 0 0 0 0 0 0 0 0 70 0 0 0 0 0 0 0 147 0 0 0 47 0 0 0 0 0 0 0 0 76 0 0 0 0 0 0 0 0 0 
0 0 0 0 0 0 95 0 22 0 0 0 48 0 0 89 0 0 0 0 0 0 0 0 0 0 143 0 0 0 0 0 0 0 0 0 0 0 0 0 0 92 0 0 0 0 130 0 0 0 0 117 0 109 0 0 0 115 0 0 0 0 0 80 0 0 0 0 0 0 0 0 0 61 13 0 0 18 0 0 99 0 0 0 0 0 0 0 0 0 0 0 0 0 0 0 0 0 0 0 
7 112 0 0 0 0 0 0 0 0 0 2 0 0 0 0 0 70 0 0 47 0 0 0 0 0 0 0 121 0 0 108 0 0 0 149 0 81 0 0 0 0 0 0 0 0 73 0 0 0 0 33 0 14 0 0 0 0 0 0 0 0 0 0 0 0 34 0 0 0 0 0 0 0 0 0 0 0 0 99 0 0 0 0 0 0 0 0 0 0 0 0 0 0 0 0 0 0 0 0 
0 0 0 6 85 0 33 0 0 0 0 54 0 4 0 0 0 0 0 0 0 0 0 0 0 150 0 65 0 0 0 0 0 0 0 0 0 0 0 0 0 0 0 0 0 0 0 0 0 0 38 0 0 0 0 0 0 0 0 0 0 0 0 0 0 0 0 0 132 0 0 27 0 0 0 0 0 0 47 0 0 0 0 0 0 104 74 0 0 0 0 0 0 0 0 0 0 0 19 0 
0 0 0 0 0 0 6 0 0 0 0 0 0 0 0 0 0 100 0 0 0 0 0 0 119 0 0 0 0 0 0 7 0 0 0 0 0 0 0 0 0 0 9 0 0 92 0 0 0 0 147 0 0 55 130 0 53 0 0 0 0 0 47 0 0 0 0 0 0 0 0 0 0 4 0 0 0 0 0 0 0 0 0 0 0 0 0 0 0 0 0 0 0 0 0 0 0 0 0 0 
0 0 0 0 0 0 0 112 0 0 0 0 0 0 0 0 55 0 0 55 0 0 150 0 35 5 0 0 0 0 131 0 0 0 0 0 0 0 0 149 0 0 0 0 89 0 0 0 0 0 0 0 0 76 0 0 0 0 0 0 0 0 0 0 123 0 0 0 0 0 0 0 39 0 0 0 0 0 0 0 0 0 0 0 1 0 0 0 0 0 0 0 0 28 0 10 0 0 0 0 
0 0 92 0 0 0 0 0 0 0 0 0 0 0 43 0 0 0 0 0 0 0 0 0 0 111 0 0 0 0 0 0 0 84 0 0 127 0 0 0 0 0 0 0 0 0 0 0 20 0 0 0 0 0 0 86 0 0 0 148 68 0 0 0 121 0 0 0 0 0 0 0 0 0 0 0 98 0 0 0 0 0 0 1 0 0 0 92 52 0 0 0 0 0 0 0 0 0 18 0 
0 136 0 0 0 43 0 0 70 0 0 0 0 142 0 0 0 0 0 0 0 20 145 0 21 0 0 0 0 0 0 0 0 0 0 0 0 0 0 97 0 0 142 0 0 0 0 0 0 0 0 0 0 0 0 0 0 0 0 0 0 0 0 0 136 0 0 0 0 0 0 0 42 0 0 0 13 0 0 0 0 104 0 0 0 0 0 0 0 0 0 92 0 0 0 0 0 0 0 0 
0 38 0 0 0 0 0 0 0 0 25 0 0 0 0 0 0 0 66 15 0 0 0 0 0 110 0 0 0 0 0 87 0 0 0 0 0 0 0 0 0 0 0 0 0 0 0 0 0 0 0 0 94 0 0 0 0 0 0 0 0 0 0 0 39 107 80 128 0 0 0 0 0 0 0 0 0 0 0 0 0 74 0 0 0 0 0 76 0 0 0 0 0 0 147 0 0 0 0 107 
106 0 0 0 0 0 0 0 0 0 0 131 0 0 0 0 0 0 0 0 57 0 0 0 96 0 0 0 0 0 40 0 0 24 141 0 0 0 0 0 0 18 0 0 0 112 0 0 0 0 0 0 0 0 0 88 130 0 0 0 0 0 25 0 0 0 0 0 0 0 0 0 0 0 0 0 0 0 0 0 0 0 0 0 92 0 76 0 0 0 0 0 0 0 0 0 0 0 0 0 
0 0 0 0 0 0 0 0 0 0 81 0 0 0 0 0 0 0 0 142 0 0 0 0 0 0 0 0 69 0 0 0 0 0 0 0 0 0 0 120 72 0 0 12 0 109 0 0 0 0 0 0 0 0 0 53 0 0 72 56 0 0 0 0 0 0 0 0 123 0 0 0 0 0 0 0 0 0 0 0 0 0 0 0 52 0 0 0 0 0 0 0 0 0 0 0 0 0 0 0 
0 0 0 0 0 0 0 0 0 0 0 0 0 0 0 0 0 36 0 65 0 0 0 0 105 0 47 0 0 0 81 0 0 0 0 0 0 0 0 0 0 79 0 0 4 0 0 0 0 0 0 0 0 0 0 0 120 0 0 0 0 0 0 0 0 130 0 0 0 0 0 0 0 0 62 0 26 0 0 0 0 0 0 0 0 0 0 0 0 0 0 0 0 0 0 0 0 0 95 0 
0 0 0 0 0 0 0 0 0 0 0 0 0 67 56 0 0 0 0 0 0 0 0 0 0 0 0 0 0 0 0 0 0 0 0 74 24 0 0 0 0 0 0 0 0 0 0 0 0 0 86 0 0 0 0 0 0 0 0 0 0 127 0 1 0 0 0 0 0 0 41 0 0 0 0 54 0 0 76 0 0 0 0 0 0 0 0 0 0 0 0 40 0 0 0 0 0 0 0 0 
0 0 0 0 0 0 101 0 0 0 4 0 0 0 0 0 0 0 0 0 0 0 0 0 0 0 0 0 0 0 0 0 0 0 0 0 0 0 43 114 0 0 0 0 0 0 0 0 0 0 0 0 0 0 150 109 0 0 104 0 0 3 0 0 0 0 0 0 0 0 0 0 0 0 0 0 0 0 0 0 0 0 0 0 0 92 0 0 0 0 40 0 0 0 97 0 0 17 127 0 
0 0 0 45 0 0 0 0 0 0 81 0 0 0 0 21 0 0 53 0 0 0 0 0 0 0 0 0 0 0 0 19 64 0 0 129 0 0 57 0 0 0 83 52 0 0 0 0 0 0 0 0 0 0 0 0 0 56 0 0 0 0 0 0 0 25 0 0 0 0 0 0 0 0 46 0 0 0 0 0 0 0 0 0 0 0 0 0 0 0 0 0 0 0 0 0 0 0 0 0 
62 0 0 0 0 0 0 0 0 0 0 0 0 0 0 0 0 0 0 92 0 0 0 119 0 0 0 0 0 0 0 0 0 0 0 0 0 0 3 0 0 61 0 0 21 64 0 0 105 0 41 0 0 0 0 0 0 0 0 0 141 2 0 0 0 0 0 0 0 0 0 0 0 0 0 0 0 0 0 0 0 0 0 28 0 0 0 0 0 0 0 0 0 0 98 0 0 0 0 0 
122 0 0 0 0 0 0 0 0 0 0 0 0 0 0 0 0 0 2 0 0 0 0 9 0 0 0 0 35 0 0 0 106 0 150 0 0 0 0 19 0 0 0 0 0 0 0 0 0 0 0 141 75 0 0 0 0 0 0 0 88 0 0 0 0 0 0 106 47 0 0 0 0 0 0 0 0 0 0 0 0 0 0 0 0 0 147 0 0 0 0 97 0 98 0 0 0 0 0 0 
0 13 0 0 0 0 0 53 0 21 0 0 0 90 0 0 0 0 117 0 0 0 0 0 0 0 0 0 0 0 56 0 0 0 91 0 0 0 0 0 0 0 0 0 0 0 0 0 0 0 0 0 0 0 93 11 23 0 0 0 0 0 0 0 0 0 0 0 0 0 0 61 0 0 0 77 0 0 0 0 0 0 0 10 0 0 0 0 0 0 0 0 0 0 0 0 0 29 0 126 
0 0 0 134 0 0 0 91 0 28 0 0 0 0 0 0 0 0 0 0 0 0 0 0 0 92 0 0 0 0 0 0 0 0 0 0 0 0 0 0 0 0 0 0 0 0 0 0 0 63 0 0 0 0 0 0 0 0 0 0 0 61 0 0 0 0 0 0 0 0 26 119 0 0 0 147 0 0 0 0 0 0 0 0 0 0 0 0 0 0 0 0 0 0 0 0 0 0 0 0 
0 0 0 0 0 97 36 0 0 27 0 0 0 0 0 0 0 104 0 0 0 88 0 40 0 0 0 0 0 0 0 0 0 0 0 0 0 0 0 0 0 0 0 0 0 0 0 0 105 0 0 0 115 0 8 0 132 0 0 0 0 0 0 0 91 54 0 0 0 0 0 0 0 0 0 0 0 0 0 0 0 0 0 0 0 0 0 0 0 0 0 17 0 0 0 29 0 0 0 1 
0 0 67 0 0 0 0 0 39 0 0 0 0 0 145 0 0 0 0 144 0 68 0 0 0 0 0 0 103 0 0 0 0 0 0 0 0 0 0 0 0 60 0 9 0 0 0 0 0 0 0 0 48 0 0 0 0 0 0 0 0 0 0 0 0 0 0 0 0 0 0 134 0 0 0 0 0 0 0 0 0 19 0 0 18 0 0 0 0 95 0 127 0 0 0 0 0 0 0 89 
0 0 0 0 0 0 0 0 0 0 0 0 0 121 0 0 0 0 0 0 0 0 0 0 0 0 98 0 0 0 144 0 0 0 0 0 0 0 0 0 0 0 0 74 0 0 133 0 0 0 0 0 0 0 0 0 0 98 0 0 0 0 0 0 0 148 0 0 0 0 0 0 0 0 0 0 0 0 0 0 0 0 0 0 0 0 107 0 0 0 0 0 0 0 0 126 0 1 89 0 
