0 95 0 0 0 0 0 50 0 0 0 130 0 150 0 0 0 0 0 0 0 139 0 0 0 0 0 0 113 0 0 0 0 0 0 0 0 0 0 0 0 0 0 0 0 0 0 26 0 112 0 0 0 0 0 0 102 0 0 0 0 0 0 0 0 0 0 0 0 144 0 0 0 0 0 0 144 0 0 0 0 0 0 14 0 84 0 84 0 0 0 44 0 0 0 0 0 0 0 0 
95 0 0 2 0 0 0 0 0 0 0 0 52 0 0 0 122 35 0 0 120 0 0 0 0 0 0 0 0 0 0 0 0 0 0 0 0 0 0 0 0 0 0 0 0 0 0 0 99 0 0 0 0 0 69 70 0 22 0 6 0 0 0 0 0 0 28 0 0 0 0 0 6 0 0 0 0 0 0 0 0 0 0 0 0 0 0 0 0 0 0 0 0 0 0 0 0 0 150 45 
0 0 0 0 0 0 0 0 0 0 0 0 0 0 0 0 0 0 0 15 0 0 0 0 0 61 43 0 0 0 0 11 0 121 0 0 0 0 0 0 0 0 0 0 0 57 0 0 0 0 79 0 0 0 0 0 128 0 139 0 0 0 0 0 0 0 0 0 0 0 0 115 0 0 128 0 108 22 0 0 0 0 0 0 0 0 0 0 0 0 0 0 0 93 0 0 0 0 0 0 
0 2 0 0 0 0 0 0 134 0 0 0 0 0 0 0 0 0 0 0 0 0 0 0 0 0 0 0 22 0 0 131 0 0 80 4 0 0 114 0 0 0 0 0 0 0 0 0 0 0 0 0 4 66 0 0 0 0 0 31 0 0 0 0 0 0 80 0 56 0 0 0 0 0 0 0 0 0 0 0 0 0 0 0 0 0 0 117 0 0 0 0 61 0 0 0 30 0 0 0 
0 0 0 0 0 0 0 111 0 34 0 0 0 0 0 66 0 0 0 0 0 0 75 95 0 0 0 138 0 0 0 0 0 62 0 0 0 0 0 0 0 0 0 0 0 0 0 0 0 0 0 0 0 0 0 0 0 0 0 0 0 0 0 44 0 0 0 0 0 10 6 55 0 0 0 0 0 26 0 0 0 0 120 0 0 0 0 0 0 136 140 0 0 0 0 0 0 0 0 0 
0 0 0 0 0 0 0 0 0 112 86 0 0 0 0 0 0 0 0 92 0 0 0 0 0 47 0 0 84 0 2 0 0 127 0 0 0 0 0 0 0 0 0 0 0 0 125 0 0 0 85 145 0 0 0 0 0 0 0 97 0 0 0 0 0 0 0 0 0 0 0 0 0 0 0 0 0 0 0 0 110 0 0 71 47 0 0 0 0 0 0 0 0 0 0 0 0 0 0 0 
0 0 0 0 0 0 0 73 0 0 0 0 0 0 0 0 0 0 0 0 0 44 0 137 0 0 0 0 0 0 0 0 0 0 0 88 149 0 0 0 0 0 0 0 143 0 0 0 0 0 26 53 0 20 0 0 0 0 0 121 0 0 0 0 0 0 0 23 0 0 0 0 0 108 0 0 0 0 0 13 0 0 0 0 0 0 0 0 0 0 0 0 0 0 124 14 0 0 0 0 
50 0 0 0 111 0 73 0 0 0 0 0 0 0 0 123 0 0 0 0 0 0 89 0 0 0 0 0 0 0 0 54 0 22 0 117 0 0 0 0 0 0 0 0 0 0 0 113 0 0 0 0 0 0 0 0 0 0 0 0 0 0 0 0 0 0 0 0 7 0 0 0 0 0 0 0 0 33 0 0 0 71 0 0 0 0 0 0 0 0 0 0 0 0 0 0 0 67 0 0 
0 0 0 134 0 0 0 0 0 0 17 0 0 0 116 0 0 0 0 0 45 0 0 0 0 0 0 0 5 0 0 0 0 0 0 0 0 0 0 0 0 0 0 0 0 0 11 0 0 0 0 0 0 0 0 124 0 0 0 0 0 74 81 0 0 0 0 0 0 0 0 0 0 0 102 13 0 0 0 0 87 0 89 0 0 0 0 0 0 0 0 0 0 0 0 0 0 0 0 0 
0 0 0 0 34 112 0 0 0 0 0 0 0 0 0 0 0 0 0 0 48 0 35 0 0 41 0 0 0 0 0 0 0 0 0 0 0 0 0 0 54 0 0 0 104 0 0 0 90 0 0 0 0 0 22 0 0 0 0 0 0 0 0 0 41 0 0 0 0 81 127 0 0 0 0 0 0 0 0 0 0 0 0 0 10 21 0 0 0 0 0 0 0 0 0 0 17 0 0 0 
0 0 0 0 0 86 0 0 17 0 0 0 24 0 0 12 141 0 0 0 0 0 0 0 0 0 0 0 0 0 0 0 0 0 0 0 0 0 0 0 0 0 0 0 0 0 0 0 0 0 0 0 0 0 0 0 147 0 0 0 0 104 0 0 22 139 116 0 0 0 0 0 0 0 0 0 0 0 0 79 0 0 0 0 0 0 0 0 0 0 0 0 0 0 0 0 0 0 0 0 
130 0 0 0 0 0 0 0 0 0 0 0 0 0 0 0 104 0 0 0 0 0 112 0 0 0 0 144 0 0 0 0 0 0 0 0 0 0 0 0 0 109 0 0 0 73 0 0 0 0 0 45 0 0 0 0 0 0 0 0 144 0 0 0 0 0 0 0 0 0 0 0 0 0 80 0 9 0 0 0 0 0 109 0 0 0 0 0 78 0 0 0 0 0 0 51 0 0 0 128 
0 52 0 0 0 0 0 0 0 0 24 0 0 0 0 0 0 0 0 0 0 0 0 0 94 0 0 0 0 33 0 0 0 0 0 0 0 0 0 0 0 0 0 0 0 52 32 0 0 0 0 0 0 0 0 0 0 0 0 0 65 0 0 0 0 0 0 0 0 52 22 0 0 0 0 90 0 0 0 0 143 0 0 0 0 0 0 0 39 89 0 0 8 0 0 0 0 0 0 47 
150 0 0 0 0 0 0 0 0 0 0 0 0 0 139 0 0 0 0 0 53 0 0 0 0 48 0 0 0 0 0 0 0 0 0 0 0 0 0 0 15 0 0 26 0 0 0 0 22 0 0 0 0 0 0 0 0 0 0 0 0 0 0 0 0 80 0 0 0 0 0 0 0 0 142 0 0 0 0 57 0 0 0 0 0 0 0 145 0 0 0 0 0 0 0 0 0 0 0 0 
0 0 0 0 0 0 0 0 116 0 0 0 0 139 0 0 146 0 0 0 148 95 0 0 0 0 0 0 0 0 0 92 0 0 0 0 84 32 0 1 0 0 111 0 77 0 78 0 0 0 0 0 0 0 0 0 0 0 0 0 0 0 0 0 16 35 0 0 0 0 0 0 0 0 0 0 0 0 0 0 0 0 0 0 142 0 0 0 0 0 0 0 0 0 0 0 0 0 0 0 
0 0 0 0 66 0 0 123 0 0 12 0 0 0 0 0 0 0 0 0 0 141 0 0 0 0 0 0 0 0 0 126 0 0 33 0 0 0 0 0 0 0 0 0 0 0 0 0 0 0 0 0 0 0 0 0 0 0 0 0 0 0 0 0 0 0 0 0 0 0 0 0 0 149 93 0 74 0 29 0 0 0 0 0 0 0 0 0 0 114 0 0 0 0 0 0 74 0 0 0 
0 122 0 0 0 0 0 0 0 0 141 104 0 0 146 0 0 0 0 0 0 0 0 0 0 0 0 0 0 0 0 0 0 0 0 0 0 0 0 0 0 0 64 0 0 141 0 0 0 51 0 0 0 0 0 0 0 0 0 0 0 0 0 0 0 0 0 105 0 0 130 0 0 0 140 0 31 0 0 0 0 0 0 0 0 48 0 0 0 0 148 0 0 0 0 0 0 0 0 0 
0 35 0 0 0 0 0 0 0 0 0 0 0 0 0 0 0 0 0 0 0 0 0 0 0 0 0 0 0 0 0 0 125 0 0 0 0 46 132 0 0 2 0 0 0 0 0 0 0 135 0 0 0 0 0 0 0 0 0 0 0 0 142 0 0 0 0 0 63 0 2 0 0 0 0 141 0 0 0 54 0 0 0 0 0 0 0 0 0 0 0 0 0 0 27 0 0 0 4 119 
0 0 0 0 0 0 0 0 0 0 0 0 0 0 0 0 0 0 0 0 0 0 0 0 0 0 18 0 43 122 0 65 0 0 0 119 0 0 0 0 0 139 0 0 0 99 0 0 150 0 42 0 0 0 122 0 0 0 124 0 1 0 0 0 0 0 0 0 0 0 0 150 0 0 0 0 0 0 0 0 0 0 0 0 0 32 0 0 0 0 0 0 0 0 77 0 0 0 0 0 
0 0 15 0 0 92 0 0 0 0 0 0 0 0 0 0 0 0 0 0 0 0 0 0 127 112 96 0 0 35 0 0 0 0 0 0 0 147 0 0 0 0 57 0 138 0 0 0 0 0 0 0 0 0 0 0 0 0 0 0 0 0 0 0 0 0 0 0 0 0 28 47 0 0 0 0 0 0 0 0 0 70 0 0 0 60 0 0 0 100 0 0 136 0 0 0 0 0 0 0 
0 120 0 0 0 0 0 0 45 48 0 0 0 53 148 0 0 0 0 0 0 0 0 35 0 0 0 0 0 0 0 0 0 0 24 0 0 0 125 11 0 0 0 0 0 0 0 0 0 0 0 0 0 0 0 0 0 0 0 0 0 0 0 0 0 0 0 0 7 0 0 0 0 0 0 149 0 0 0 0 0 0 0 0 0 0 0 0 0 0 124 0 0 0 0 0 18 71 0 138 
139 0 0 0 0 0 44 0 0 0 0 0 0 0 95 141 0 0 0 0 0 0 0 0 0 0 0 0 0 0 0 0 0 0 0 0 0 0 0 0 0 0 0 0 0 0 0 0 89 0 0 0 0 0 0 0 0 0 0 0 0 0 0 0 0 0 0 0 39 0 0 0 0 0 0 0 0 0 11 0 0 112 0 0 0 0 15 0 0 0 0 0 0 0 0 0 0 109 0 0 
0 0 0 0 75 0 0 89 0 35 0 112 0 0 0 0 0 0 0 0 0 0 0 0 0 0 0 0 0 0 0 26 0 105 0 0 0 0 0 0 0 0 61 0 0 0 0 0 0 0 0 0 145 120 0 0 0 0 0 0 0 0 0 0 0 0 0 0 0 0 0 0 57 0 0 62 0 61 0 123 0 121 0 0 0 0 0 0 0 0 0 0 0 0 0 0 0 0 0 88 
0 0 0 0 95 0 137 0 0 0 0 0 0 0 0 0 0 0 0 0 35 0 0 0 0 0 0 0 0 0 0 0 0 0 0 62 0 0 0 0 49 0 0 0 0 0 0 0 0 0 0 0 0 0 0 0 3 0 0 0 0 62 0 0 0 0 0 0 0 0 0 65 0 0 0 0 0 29 0 0 0 0 0 0 0 0 0 0 90 0 0 0 0 0 0 104 83 0 0 0 
0 0 0 0 0 0 0 0 0 0 0 0 94 0 0 0 0 0 0 127 0 0 0 0 0 0 122 0 0 0 0 0 0 83 7 0 0 0 0 0 39 0 96 0 0 0 0 0 117 0 0 0 0 0 0 0 0 0 0 0 0 0 125 0 0 0 0 0 0 0 0 0 0 0 0 0 0 0 148 0 0 0 87 0 0 0 0 0 0 0 0 0 0 70 0 0 0 0 0 0 
0 0 61 0 0 47 0 0 0 41 0 0 0 48 0 0 0 0 0 112 0 0 0 0 0 0 0 0 0 0 0 0 15 0 0 0 0 0 0 0 0 0 0 0 13 0 0 131 0 0 0 0 0 0 0 0 0 37 0 0 0 9 0 0 0 0 0 0 0 0 0 0 0 0 0 0 0 0 0 0 0 0 62 0 0 0 0 0 70 0 0 0 0 0 0 0 0 0 0 0 
0 0 43 0 0 0 0 0 0 0 0 0 0 0 0 0 0 0 18 96 0 0 0 0 122 0 0 0 0 0 73 98 0 0 0 0 0 0 79 0 0 0 0 0 0 0 0 26 0 0 0 0 0 0 0 0 0 0 0 68 0 0 0 0 44 0 0 0 0 0 34 0 0 0 0 0 0 0 0 0 0 133 0 0 0 0 0 30 0 0 0 0 0 0 0 105 0 0 68 0 
0 0 0 0 138 0 0 0 0 0 0 144 0 0 0 0 0 0 0 0 0 0 0 0 0 0 0 0 0 0 0 0 121 79 0 115 137 0 98 0 0 0 0 0 0 0 0 0 0 0 0 0 0 0 0 0 0 0 0 0 0 139 0 68 0 0 80 0 0 0 0 0 0 0 0 0 0 0 0 0 0 104 128 0 0 0 0 0 0 0 0 0 0 0 73 145 76 0 0 0 
113 0 0 22 0 84 0 0 5 0 0 0 0 0 0 0 0 0 43 0 0 0 0 0 0 0 0 0 0 0 0 0 0 0 0 0 0 0 0 0 0 0 0 0 0 75 0 0 0 0 0 0 0 0 0 0 0 0 118 0 0 0 35 0 0 0 0 40 23 0 0 0 127 0 0 0 0 15 0 78 0 0 0 0 0 0 0 0 126 0 0 43 0 0 0 0 0 0 0 0 
0 0 0 0 0 0 0 0 0 0 0 0 33 0 0 0 0 0 122 35 0 0 0 0 0 0 0 0 0 0 73 0 0 0 0 0 0 0 80 0 0 0 0 0 0 0 0 0 0 0 101 0 48 0 0 0 62 0 0 0 0 0 0 0 0 0 0 0 0 0 0 0 139 148 0 35 126 0 61 0 0 0 0 0 128 0 0 0 0 0 0 139 0 0 0 0 0 0 0 0 
0 0 0 0 0 2 0 0 0 0 0 0 0 0 0 0 0 0 0 0 0 0 0 0 0 0 73 0 0 73 0 0 0 8 0 0 0 9 0 18 0 0 0 0 0 0 0 0 0 0 0 0 35 0 0 0 0 0 0 0 0 0 140 0 0 0 0 3 0 0 0 0 0 0 0 108 0 0 0 18 0 0 0 0 0 0 0 17 0 0 0 0 0 0 0 0 0 40 0 0 
0 0 11 131 0 0 0 54 0 0 0 0 0 0 92 126 0 0 65 0 0 0 26 0 0 0 98 0 0 0 0 0 0 0 79 92 0 0 126 0 0 0 0 0 0 0 0 124 0 41 0 148 0 0 0 0 0 0 0 0 0 0 0 0 0 0 0 0 0 0 131 0 0 0 0 0 0 0 0 0 0 0 0 0 0 0 0 0 0 0 0 0 0 0 0 0 0 0 0 0 
0 0 0 0 0 0 0 0 0 0 0 0 0 0 0 0 0 125 0 0 0 0 0 0 0 15 0 121 0 0 0 0 0 0 0 0 0 78 0 17 0 0 0 0 0 0 0 0 0 71 71 0 110 0 0 0 0 0 0 0 0 0 0 141 0 20 0 0 116 0 0 108 0 0 0 0 0 0 0 129 0 0 0 0 0 42 0 0 0 0 0 0 0 0 0 0 0 0 91 0 
0 0 121 0 62 127 0 22 0 0 0 0 0 0 0 0 0 0 0 0 0 0 105 0 83 0 0 79 0 0 8 0 0 0 98 0 0 0 0 0 0 0 0 0 0 0 0 0 0 0 0 0 0 1 0 0 0 0 0 19 0 0 0 0 83 0 0 0 0 0 0 0 0 0 0 0 0 0 144 0 0 0 0 0 145 0 0 0 0 0 0 0 0 0 57 0 0 0 0 0 
0 0 0 80 0 0 0 0 0 0 0 0 0 0 0 33 0 0 0 0 24 0 0 0 7 0 0 0 0 0 0 79 0 98 0 0 0 0 0 0 0 0 0 0 0 0 0 0 0 39 0 0 0 0 0 82 0 59 0 0 0 0 0 0 0 0 0 0 0 74 0 0 0 0 0 0 0 0 0 0 0 0 0 0 0 0 0 0 0 0 0 0 0 0 0 0 0 0 138 133 
0 0 0 4 0 0 88 117 0 0 0 0 0 0 0 0 0 0 119 0 0 0 0 62 0 0 0 115 0 0 0 92 0 0 0 0 0 0 0 124 0 0 0 0 0 0 0 0 0 0 0 0 85 0 0 0 0 0 0 0 75 0 0 0 0 0 0 0 0 0 70 0 0 0 0 0 0 0 0 0 0 0 129 123 0 0 0 0 0 0 0 0 0 0 0 0 0 104 0 102 
0 0 0 0 0 0 149 0 0 0 0 0 0 0 84 0 0 0 0 0 0 0 0 0 0 0 0 137 0 0 0 0 0 0 0 0 0 0 78 0 0 33 0 0 0 0 0 84 144 0 0 0 0 20 0 0 14 0 0 0 64 0 0 0 22 0 0 0 0 0 0 0 0 0 33 0 133 0 0 0 0 0 0 49 0 0 0 0 0 0 0 0 0 0 0 0 0 0 0 0 
0 0 0 0 0 0 0 0 0 0 0 0 0 0 32 0 0 46 0 147 0 0 0 0 0 0 0 0 0 0 9 0 78 0 0 0 0 0 0 28 0 129 0 0 0 0 0 0 107 0 0 0 0 144 0 0 0 20 0 89 0 0 0 0 0 0 0 0 0 31 149 0 0 0 0 0 0 0 0 0 0 0 0 105 0 0 0 0 0 0 0 0 0 0 0 0 126 0 0 0 
0 0 0 114 0 0 0 0 0 0 0 0 0 0 0 0 0 132 0 0 125 0 0 0 0 0 79 98 0 80 0 126 0 0 0 0 78 0 0 0 0 0 0 0 0 0 0 0 0 0 0 0 0 0 0 0 21 0 0 0 0 0 0 0 0 0 0 0 0 0 0 39 0 0 0 0 130 0 0 0 0 0 0 0 97 0 98 0 56 0 0 0 0 0 0 0 0 0 15 0 
0 0 0 0 0 0 0 0 0 0 0 0 0 0 1 0 0 0 0 0 11 0 0 0 0 0 0 0 0 0 18 0 17 0 0 124 0 28 0 0 0 0 0 0 0 0 0 3 0 0 0 65 31 0 0 0 0 0 0 0 0 0 0 0 0 0 130 0 0 0 0 0 0 0 0 89 0 0 0 0 146 0 0 0 0 0 0 0 0 0 0 0 0 99 0 0 104 0 0 0 
0 0 0 0 0 0 0 0 0 54 0 0 0 15 0 0 0 0 0 0 0 0 0 49 39 0 0 0 0 0 0 0 0 0 0 0 0 0 0 0 0 0 0 0 0 0 0 0 0 0 0 0 0 19 0 0 0 0 0 0 0 0 0 0 0 32 0 0 0 0 0 0 0 67 39 0 0 0 0 113 0 0 0 0 0 0 0 37 0 0 0 0 0 0 0 15 0 0 0 0 
0 0 0 0 0 0 0 0 0 0 0 109 0 0 0 0 0 2 139 0 0 0 0 0 0 0 0 0 0 0 0 0 0 0 0 0 33 129 0 0 0 0 133 0 0 0 0 0 0 0 0 0 0 0 0 0 0 0 0 0 60 129 0 0 0 0 0 0 0 0 0 0 144 0 0 0 0 0 0 0 40 0 0 0 0 0 0 0 0 0 0 0 0 0 0 0 0 0 0 0 
0 0 0 0 0 0 0 0 0 0 0 0 0 0 111 0 64 0 0 57 0 0 61 0 96 0 0 0 0 0 0 0 0 0 0 0 0 0 0 0 0 133 0 0 0 0 8 0 56 0 60 0 0 0 0 60 0 0 0 0 0 0 0 0 0 147 0 0 0 0 0 0 0 81 0 0 0 0 0 0 83 0 0 0 0 0 0 0 0 94 0 0 0 0 0 0 0 0 0 0 
0 0 0 0 0 0 0 0 0 0 0 0 0 26 0 0 0 0 0 0 0 0 0 0 0 0 0 0 0 0 0 0 0 0 0 0 0 0 0 0 0 0 0 0 0 0 0 0 0 0 0 0 0 0 0 0 0 0 78 0 0 0 90 0 0 0 0 0 0 0 0 0 0 0 0 0 15 87 59 0 0 143 0 0 0 0 0 132 0 0 0 122 0 0 0 51 87 0 0 0 
0 0 0 0 0 0 143 0 0 104 0 0 0 0 77 0 0 0 0 138 0 0 0 0 0 13 0 0 0 0 0 0 0 0 0 0 0 0 0 0 0 0 0 0 0 0 0 0 0 0 0 0 0 0 0 27 0 0 74 0 0 0 0 0 0 0 0 0 0 0 0 0 0 0 0 0 136 0 0 0 0 0 0 0 0 0 0 0 0 0 0 0 0 0 0 0 0 0 0 0 
0 0 57 0 0 0 0 0 0 0 0 73 52 0 0 0 141 0 99 0 0 0 0 0 0 0 0 0 75 0 0 0 0 0 0 0 0 0 0 0 0 0 0 0 0 0 41 0 0 0 0 0 0 0 86 0 0 0 0 0 0 0 0 0 0 0 0 0 0 27 0 0 0 0 0 0 0 0 0 0 18 0 0 0 0 9 0 0 0 0 0 116 0 0 0 108 0 0 0 0 
0 0 0 0 0 125 0 0 11 0 0 0 32 0 78 0 0 0 0 0 0 0 0 0 0 0 0 0 0 0 0 0 0 0 0 0 0 0 0 0 0 0 8 0 0 41 0 0 0 0 0 0 0 0 0 0 29 0 0 0 1 0 0 0 0 0 80 0 0 61 0 0 61 0 0 0 0 0 0 0 0 0 0 0 0 0 143 0 0 0 0 0 0 52 17 0 0 0 0 0 
26 0 0 0 0 0 0 113 0 0 0 0 0 0 0 0 0 0 0 0 0 0 0 0 0 131 26 0 0 0 0 124 0 0 0 0 84 0 0 3 0 0 0 0 0 0 0 0 0 0 63 0 9 0 110 0 0 0 125 0 0 0 0 0 0 0 1 0 0 0 0 0 0 0 0 0 0 0 0 0 0 0 0 0 0 0 0 0 115 0 0 0 0 21 83 0 0 0 0 0 
0 99 0 0 0 0 0 0 0 90 0 0 0 22 0 0 0 0 150 0 0 89 0 0 117 0 0 0 0 0 0 0 0 0 0 0 144 107 0 0 0 0 56 0 0 0 0 0 0 0 0 0 0 0 0 0 0 0 0 0 0 0 0 70 0 0 0 0 0 0 0 0 0 0 0 95 0 0 0 0 0 52 0 0 0 63 0 0 0 124 0 0 0 0 0 0 0 0 0 97 
112 0 0 0 0 0 0 0 0 0 0 0 0 0 0 0 51 135 0 0 0 0 0 0 0 0 0 0 0 0 0 41 71 0 39 0 0 0 0 0 0 0 0 0 0 0 0 0 0 0 0 88 0 0 17 0 0 0 98 92 0 0 0 0 0 0 0 0 0 0 0 0 72 101 0 0 0 0 0 0 0 0 0 0 0 0 0 0 0 89 0 0 118 0 0 34 0 0 0 0 
0 0 79 0 0 85 26 0 0 0 0 0 0 0 0 0 0 0 42 0 0 0 0 0 0 0 0 0 0 101 0 0 71 0 0 0 0 0 0 0 0 0 60 0 0 0 0 63 0 0 0 0 0 0 0 0 2 0 0 0 0 0 0 0 0 0 0 0 0 0 0 67 0 0 46 0 0 0 0 0 0 0 0 87 0 2 0 53 0 0 0 0 0 0 0 0 63 0 0 0 
0 0 0 0 0 145 53 0 0 0 0 45 0 0 0 0 0 0 0 0 0 0 0 0 0 0 0 0 0 0 0 148 0 0 0 0 0 0 0 65 0 0 0 0 0 0 0 0 0 88 0 0 0 0 0 0 0 0 0 0 0 21 0 0 0 0 0 0 0 0 47 0 0 0 0 0 38 0 0 0 0 0 0 0 0 0 0 0 0 0 0 0 43 0 133 0 128 0 0 0 
0 0 0 4 0 0 0 0 0 0 0 0 0 0 0 0 0 0 0 0 0 0 145 0 0 0 0 0 0 48 35 0 110 0 0 85 0 0 0 31 0 0 0 0 0 0 0 9 0 0 0 0 0 2 0 0 0 0 65 0 0 0 55 0 0 0 0 68 0 23 0 0 0 0 0 0 0 0 0 127 81 0 0 0 0 0 0 0 0 0 0 0 0 0 0 0 0 0 0 0 
0 0 0 66 0 0 20 0 0 0 0 0 0 0 0 0 0 0 0 0 0 0 120 0 0 0 0 0 0 0 0 0 0 1 0 0 20 144 0 0 19 0 0 0 0 0 0 0 0 0 0 0 2 0 0 0 0 0 0 0 0 0 28 0 0 0 41 0 0 0 0 0 0 25 0 0 0 0 0 0 0 75 0 47 0 0 0 0 0 139 0 0 0 0 0 0 0 0 141 0 
0 69 0 0 0 0 0 0 0 22 0 0 0 0 0 0 0 0 122 0 0 0 0 0 0 0 0 0 0 0 0 0 0 0 0 0 0 0 0 0 0 0 0 0 0 86 0 110 0 17 0 0 0 0 0 0 0 67 0 0 0 0 0 0 55 0 0 0 114 23 0 5 0 0 0 0 0 0 0 0 0 8 0 0 0 0 0 0 84 0 0 0 0 0 0 28 0 0 0 0 
0 70 0 0 0 0 0 0 124 0 0 0 0 0 0 0 0 0 0 0 0 0 0 0 0 0 0 0 0 0 0 0 0 0 82 0 0 0 0 0 0 0 60 0 27 0 0 0 0 0 0 0 0 0 0 0 0 0 0 0 0 0 112 20 0 0 0 0 0 0 0 0 0 0 31 0 0 0 0 0 58 74 122 0 0 0 0 0 0 0 0 0 0 57 0 0 0 0 91 0 
102 0 128 0 0 0 0 0 0 0 147 0 0 0 0 0 0 0 0 0 0 0 0 3 0 0 0 0 0 62 0 0 0 0 0 0 14 0 21 0 0 0 0 0 0 0 29 0 0 0 2 0 0 0 0 0 0 0 18 0 35 0 0 0 0 0 78 0 0 0 0 0 0 0 136 0 0 0 105 0 0 0 0 0 0 0 46 0 0 0 0 0 0 0 0 0 0 0 0 0 
0 22 0 0 0 0 0 0 0 0 0 0 0 0 0 0 0 0 0 0 0 0 0 0 0 37 0 0 0 0 0 0 0 0 59 0 0 20 0 0 0 0 0 0 0 0 0 0 0 0 0 0 0 0 67 0 0 0 0 0 0 0 0 0 0 0 0 40 0 0 0 14 0 12 0 0 0 87 0 0 8 54 0 29 0 0 0 0 0 3 18 0 0 0 0 0 0 0 0 135 
0 0 139 0 0 0 0 0 0 0 0 0 0 0 0 0 0 0 124 0 0 0 0 0 0 0 0 0 118 0 0 0 0 0 0 0 0 0 0 0 0 0 0 78 74 0 0 125 0 98 0 0 65 0 0 0 18 0 0 0 0 0 0 0 0 0 142 0 0 0 0 0 0 0 0 0 0 0 0 0 0 0 0 0 0 0 0 0 131 92 0 23 60 0 136 0 0 0 0 0 
0 6 0 31 0 97 121 0 0 0 0 0 0 0 0 0 0 0 0 0 0 0 0 0 0 0 68 0 0 0 0 0 0 19 0 0 0 89 0 0 0 0 0 0 0 0 0 0 0 92 0 0 0 0 0 0 0 0 0 0 0 0 143 0 0 14 0 0 0 0 0 0 0 0 0 0 0 0 0 0 0 0 0 89 0 0 0 0 0 0 0 0 0 0 0 0 0 0 0 0 
0 0 0 0 0 0 0 0 0 0 0 144 65 0 0 0 0 0 1 0 0 0 0 0 0 0 0 0 0 0 0 0 0 0 0 75 64 0 0 0 0 60 0 0 0 0 1 0 0 0 0 0 0 0 0 0 35 0 0 0 0 0 0 0 83 0 0 0 0 0 0 0 0 0 0 40 111 13 0 0 142 0 0 0 0 0 0 0 0 0 0 0 33 126 0 0 0 0 0 0 
0 0 0 0 0 0 0 0 74 0 104 0 0 0 0 0 0 0 0 0 0 0 0 62 0 9 0 139 0 0 0 0 0 0 0 0 0 0 0 0 0 129 0 0 0 0 0 0 0 0 0 21 0 0 0 0 0 0 0 0 0 0 0 0 0 0 0 0 52 0 48 0 0 0 0 0 136 0 0 0 0 0 0 0 0 0 0 0 0 0 125 0 0 0 0 0 0 0 0 50 
0 0 0 0 0 0 0 0 81 0 0 0 0 0 0 0 0 142 0 0 0 0 0 0 125 0 0 0 35 0 140 0 0 0 0 0 0 0 0 0 0 0 0 90 0 0 0 0 0 0 0 0 55 28 0 112 0 0 0 143 0 0 0 0 0 0 0 0 0 0 0 0 0 115 82 0 0 0 0 0 37 0 0 0 70 0 0 0 0 0 0 0 0 0 0 134 0 0 0 0 
0 0 0 0 44 0 0 0 0 0 0 0 0 0 0 0 0 0 0 0 0 0 0 0 0 0 0 68 0 0 0 0 141 0 0 0 0 0 0 0 0 0 0 0 0 0 0 0 70 0 0 0 0 0 0 20 0 0 0 0 0 0 0 0 0 70 0 0 65 0 0 0 0 0 0 0 0 0 0 0 0 0 0 0 0 40 0 28 0 0 13 0 0 0 0 0 0 0 0 0 
0 0 0 0 0 0 0 0 0 41 22 0 0 0 16 0 0 0 0 0 0 0 0 0 0 0 44 0 0 0 0 0 0 83 0 0 22 0 0 0 0 0 0 0 0 0 0 0 0 0 0 0 0 0 55 0 0 0 0 0 83 0 0 0 0 17 0 0 0 0 0 0 61 0 0 0 0 0 0 0 0 0 0 0 18 110 0 0 56 0 0 117 0 0 0 0 0 0 54 0 
0 0 0 0 0 0 0 0 0 0 139 0 0 80 35 0 0 0 0 0 0 0 0 0 0 0 0 0 0 0 0 0 20 0 0 0 0 0 0 0 32 0 147 0 0 0 0 0 0 0 0 0 0 0 0 0 0 0 0 14 0 0 0 70 17 0 0 33 0 0 0 0 29 0 0 0 0 0 0 0 0 0 0 79 0 0 0 0 0 0 0 0 0 0 0 0 0 0 0 0 
0 28 0 80 0 0 0 0 0 0 116 0 0 0 0 0 0 0 0 0 0 0 0 0 0 0 0 80 0 0 0 0 0 0 0 0 0 0 0 130 0 0 0 0 0 0 80 1 0 0 0 0 0 41 0 0 78 0 142 0 0 0 0 0 0 0 0 0 0 16 0 0 0 0 0 0 0 0 0 0 0 0 36 0 0 0 0 29 78 0 0 0 0 0 0 0 0 0 0 62 
0 0 0 0 0 0 23 0 0 0 0 0 0 0 0 0 105 0 0 0 0 0 0 0 0 0 0 0 40 0 3 0 0 0 0 0 0 0 0 0 0 0 0 0 0 0 0 0 0 0 0 0 68 0 0 0 0 40 0 0 0 0 0 0 0 33 0 0 0 0 0 0 0 0 0 0 0 0 62 0 0 0 0 0 0 0 0 0 0 0 0 0 0 0 0 0 0 0 0 0 
0 0 0 56 0 0 0 7 0 0 0 0 0 0 0 0 0 63 0 0 7 39 0 0 0 0 0 0 23 0 0 0 116 0 0 0 0 0 0 0 0 0 0 0 0 0 0 0 0 0 0 0 0 0 114 0 0 0 0 0 0 52 0 65 0 0 0 0 0 0 0 13 113 0 0 0 0 0 0 0 0 0 141 0 100 7 0 0 0 0 0 0 0 0 0 0 0 0 0 0 
144 0 0 0 10 0 0 0 0 81 0 0 52 0 0 0 0 0 0 0 0 0 0 0 0 0 0 0 0 0 0 0 0 0 74 0 0 31 0 0 0 0 0 0 0 27 61 0 0 0 0 0 23 0 23 0 0 0 0 0 0 0 0 0 0 0 16 0 0 0 0 0 0 51 0 0 0 0 0 0 0 0 0 32 0 0 0 0 0 0 124 14 0 0 0 0 0 0 0 0 
0 0 0 0 6 0 0 0 0 127 0 0 22 0 0 0 130 2 0 28 0 0 0 0 0 0 34 0 0 0 0 131 0 0 0 70 0 149 0 0 0 0 0 0 0 0 0 0 0 0 0 47 0 0 0 0 0 0 0 0 0 48 0 0 0 0 0 0 0 0 0 0 0 0 0 0 0 0 0 79 62 0 0 0 0 0 20 0 0 0 0 0 0 0 0 0 0 0 0 0 
0 0 115 0 55 0 0 0 0 0 0 0 0 0 0 0 0 0 150 47 0 0 0 65 0 0 0 0 0 0 0 0 108 0 0 0 0 0 39 0 0 0 0 0 0 0 0 0 0 0 67 0 0 0 5 0 0 14 0 0 0 0 0 0 0 0 0 0 13 0 0 0 22 0 0 0 0 0 0 0 0 0 0 0 0 0 0 0 0 0 0 0 0 0 0 0 0 104 0 0 
0 6 0 0 0 0 0 0 0 0 0 0 0 0 0 0 0 0 0 0 0 0 57 0 0 0 0 0 127 139 0 0 0 0 0 0 0 0 0 0 0 144 0 0 0 0 61 0 0 72 0 0 0 0 0 0 0 0 0 0 0 0 0 0 61 29 0 0 113 0 0 22 0 17 0 0 0 0 123 0 0 0 0 0 0 0 0 0 0 0 0 48 0 0 0 0 0 0 0 0 
0 0 0 0 0 0 108 0 0 0 0 0 0 0 0 149 0 0 0 0 0 0 0 0 0 0 0 0 0 148 0 0 0 0 0 0 0 0 0 0 67 0 81 0 0 0 0 0 0 101 0 0 0 25 0 0 0 12 0 0 0 0 115 0 0 0 0 0 0 51 0 0 17 0 0 0 0 0 0 0 0 0 0 0 0 0 0 0 0 0 0 33 0 0 0 0 0 0 0 0 
0 0 128 0 0 0 0 0 102 0 0 80 0 142 0 93 140 0 0 0 0 0 0 0 0 0 0 0 0 0 0 0 0 0 0 0 33 0 0 0 39 0 0 0 0 0 0 0 0 0 46 0 0 0 0 31 136 0 0 0 0 0 82 0 0 0 0 0 0 0 0 0 0 0 0 0 0 0 0 0 0 0 0 0 0 0 0 0 59 147 0 0 0 0 0 0 0 17 0 0 
0 0 0 0 0 0 0 0 13 0 0 0 90 0 0 0 0 141 0 0 149 0 62 0 0 0 0 0 0 35 108 0 0 0 0 0 0 0 0 89 0 0 0 0 0 0 0 0 95 0 0 0 0 0 0 0 0 0 0 0 40 0 0 0 0 0 0 0 0 0 0 0 0 0 0 0 0 0 97 0 142 0 0 39 0 0 0 0 0 107 0 0 0 34 0 0 0 0 0 0 
144 0 108 0 0 0 0 0 0 0 0 9 0 0 0 74 31 0 0 0 0 0 0 0 0 0 0 0 0 126 0 0 0 0 0 0 133 0 130 0 0 0 0 15 136 0 0 0 0 0 0 38 0 0 0 0 0 0 0 0 111 136 0 0 0 0 0 0 0 0 0 0 0 0 0 0 0 0 0 0 0 0 0 0 0 0 0 0 0 68 0 0 0 0 0 0 0 0 19 0 
0 0 22 0 26 0 0 33 0 0 0 0 0 0 0 0 0 0 0 0 0 0 61 29 0 0 0 0 15 0 0 0 0 0 0 0 0 0 0 0 0 0 0 87 0 0 0 0 0 0 0 0 0 0 0 0 0 87 0 0 13 0 0 0 0 0 0 0 0 0 0 0 0 0 0 0 0 0 0 0 0 0 0 0 0 0 82 0 0 0 63 0 0 0 0 0 0 0 0 0 
0 0 0 0 0 0 0 0 0 0 0 0 0 0 0 29 0 0 0 0 0 11 0 0 148 0 0 0 0 61 0 0 0 144 0 0 0 0 0 0 0 0 0 59 0 0 0 0 0 0 0 0 0 0 0 0 105 0 0 0 0 0 0 0 0 0 0 62 0 0 0 0 123 0 0 97 0 0 0 0 0 0 0 0 0 0 0 0 0 0 0 6 0 0 0 0 0 108 0 0 
0 0 0 0 0 0 13 0 0 0 79 0 0 57 0 0 0 54 0 0 0 0 123 0 0 0 0 0 78 0 18 0 129 0 0 0 0 0 0 0 113 0 0 0 0 0 0 0 0 0 0 0 127 0 0 0 0 0 0 0 0 0 0 0 0 0 0 0 0 0 79 0 0 0 0 0 0 0 0 0 0 0 0 0 0 0 13 0 143 0 0 0 0 0 0 0 0 0 7 130 
0 0 0 0 0 110 0 0 87 0 0 0 143 0 0 0 0 0 0 0 0 0 0 0 0 0 0 0 0 0 0 0 0 0 0 0 0 0 0 146 0 40 83 0 0 18 0 0 0 0 0 0 81 0 0 58 0 8 0 0 142 0 37 0 0 0 0 0 0 0 62 0 0 0 0 142 0 0 0 0 0 0 0 0 0 76 0 0 0 0 0 0 0 0 0 0 0 0 0 0 
0 0 0 0 0 0 0 71 0 0 0 0 0 0 0 0 0 0 0 70 0 112 121 0 0 0 133 104 0 0 0 0 0 0 0 0 0 0 0 0 0 0 0 143 0 0 0 0 52 0 0 0 0 75 8 74 0 54 0 0 0 0 0 0 0 0 0 0 0 0 0 0 0 0 0 0 0 0 0 0 0 0 0 0 90 0 148 0 0 0 0 104 0 0 0 0 0 0 0 0 
0 0 0 0 120 0 0 0 89 0 0 109 0 0 0 0 0 0 0 0 0 0 0 0 87 62 0 128 0 0 0 0 0 0 0 129 0 0 0 0 0 0 0 0 0 0 0 0 0 0 0 0 0 0 0 122 0 0 0 0 0 0 0 0 0 0 36 0 141 0 0 0 0 0 0 0 0 0 0 0 0 0 0 0 0 0 0 25 0 0 96 0 0 0 138 0 0 0 0 0 
14 0 0 0 0 71 0 0 0 0 0 0 0 0 0 0 0 0 0 0 0 0 0 0 0 0 0 0 0 0 0 0 0 0 0 123 49 105 0 0 0 0 0 0 0 0 0 0 0 0 87 0 0 47 0 0 0 29 0 89 0 0 0 0 0 79 0 0 0 32 0 0 0 0 0 39 0 0 0 0 0 0 0 0 0 0 0 137 0 0 0 0 0 0 0 0 60 0 0 0 
0 0 0 0 0 47 0 0 0 10 0 0 0 0 142 0 0 0 0 0 0 0 0 0 0 0 0 0 0 128 0 0 0 145 0 0 0 0 97 0 0 0 0 0 0 0 0 0 0 0 0 0 0 0 0 0 0 0 0 0 0 0 70 0 18 0 0 0 100 0 0 0 0 0 0 0 0 0 0 0 0 90 0 0 0 0 0 0 0 0 0 0 0 0 0 0 147 0 0 14 
84 0 0 0 0 0 0 0 0 21 0 0 0 0 0 0 48 0 32 60 0 0 0 0 0 0 0 0 0 0 0 0 42 0 0 0 0 0 0 0 0 0 0 0 0 9 0 0 63 0 2 0 0 0 0 0 0 0 0 0 0 0 0 40 110 0 0 0 7 0 0 0 0 0 0 0 0 0 0 0 76 0 0 0 0 0 0 0 0 0 124 0 55 0 0 0 0 0 0 0 
0 0 0 0 0 0 0 0 0 0 0 0 0 0 0 0 0 0 0 0 0 15 0 0 0 0 0 0 0 0 0 0 0 0 0 0 0 0 98 0 0 0 0 0 0 0 143 0 0 0 0 0 0 0 0 0 46 0 0 0 0 0 0 0 0 0 0 0 0 0 20 0 0 0 0 0 0 82 0 13 0 148 0 0 0 0 0 29 0 0 12 0 0 48 0 0 0 133 21 0 
84 0 0 117 0 0 0 0 0 0 0 0 0 145 0 0 0 0 0 0 0 0 0 0 0 0 30 0 0 0 17 0 0 0 0 0 0 0 0 0 37 0 0 132 0 0 0 0 0 0 53 0 0 0 0 0 0 0 0 0 0 0 0 28 0 0 29 0 0 0 0 0 0 0 0 0 0 0 0 0 0 0 25 137 0 0 29 0 0 61 0 0 0 0 0 0 0 0 0 0 
0 0 0 0 0 0 0 0 0 0 0 78 39 0 0 0 0 0 0 0 0 0 0 90 0 70 0 0 126 0 0 0 0 0 0 0 0 0 56 0 0 0 0 0 0 0 0 115 0 0 0 0 0 0 84 0 0 0 131 0 0 0 0 0 56 0 78 0 0 0 0 0 0 0 59 0 0 0 0 143 0 0 0 0 0 0 0 0 0 0 0 0 0 0 0 49 0 35 0 0 
0 0 0 0 136 0 0 0 0 0 0 0 89 0 0 114 0 0 0 100 0 0 0 0 0 0 0 0 0 0 0 0 0 0 0 0 0 0 0 0 0 0 94 0 0 0 0 0 124 89 0 0 0 139 0 0 0 3 92 0 0 0 0 0 0 0 0 0 0 0 0 0 0 0 147 107 68 0 0 0 0 0 0 0 0 0 0 61 0 0 0 0 0 0 0 0 0 0 0 0 
0 0 0 0 140 0 0 0 0 0 0 0 0 0 0 0 148 0 0 0 124 0 0 0 0 0 0 0 0 0 0 0 0 0 0 0 0 0 0 0 0 0 0 0 0 0 0 0 0 0 0 0 0 0 0 0 0 18 0 0 0 125 0 13 0 0 0 0 0 124 0 0 0 0 0 0 0 63 0 0 0 0 96 0 0 124 12 0 0 0 0 0 0 0 0 0 0 42 0 0 
44 0 0 0 0 0 0 0 0 0 0 0 0 0 0 0 0 0 0 0 0 0 0 0 0 0 0 0 43 139 0 0 0 0 0 0 0 0 0 0 0 0 0 122 0 116 0 0 0 0 0 0 0 0 0 0 0 0 23 0 0 0 0 0 117 0 0 0 0 14 0 0 48 33 0 0 0 0 6 0 0 104 0 0 0 0 0 0 0 0 0 0 0 0 0 100 0 0 0 0 
0 0 0 61 0 0 0 0 0 0 0 0 8 0 0 0 0 0 0 136 0 0 0 0 0 0 0 0 0 0 0 0 0 0 0 0 0 0 0 0 0 0 0 0 0 0 0 0 0 118 0 43 0 0 0 0 0 0 60 0 33 0 0 0 0 0 0 0 0 0 0 0 0 0 0 0 0 0 0 0 0 0 0 0 0 55 0 0 0 0 0 0 0 0 0 0 0 0 0 0 
0 0 93 0 0 0 0 0 0 0 0 0 0 0 0 0 0 0 0 0 0 0 0 0 70 0 0 0 0 0 0 0 0 0 0 0 0 0 0 99 0 0 0 0 0 0 52 21 0 0 0 0 0 0 0 57 0 0 0 0 126 0 0 0 0 0 0 0 0 0 0 0 0 0 0 34 0 0 0 0 0 0 0 0 0 0 48 0 0 0 0 0 0 0 0 0 0 0 0 0 
0 0 0 0 0 0 124 0 0 0 0 0 0 0 0 0 0 27 77 0 0 0 0 0 0 0 0 73 0 0 0 0 0 57 0 0 0 0 0 0 0 0 0 0 0 0 17 83 0 0 0 133 0 0 0 0 0 0 136 0 0 0 0 0 0 0 0 0 0 0 0 0 0 0 0 0 0 0 0 0 0 0 138 0 0 0 0 0 0 0 0 0 0 0 0 0 0 0 0 0 
0 0 0 0 0 0 14 0 0 0 0 51 0 0 0 0 0 0 0 0 0 0 0 104 0 0 105 145 0 0 0 0 0 0 0 0 0 0 0 0 15 0 0 51 0 108 0 0 0 34 0 0 0 0 28 0 0 0 0 0 0 0 134 0 0 0 0 0 0 0 0 0 0 0 0 0 0 0 0 0 0 0 0 0 0 0 0 0 49 0 0 100 0 0 0 0 0 0 0 0 
0 0 0 30 0 0 0 0 0 17 0 0 0 0 0 74 0 0 0 0 18 0 0 83 0 0 0 76 0 0 0 0 0 0 0 0 0 126 0 104 0 0 0 87 0 0 0 0 0 0 63 128 0 0 0 0 0 0 0 0 0 0 0 0 0 0 0 0 0 0 0 0 0 0 0 0 0 0 0 0 0 0 0 60 147 0 0 0 0 0 0 0 0 0 0 0 0 0 0 0 
0 0 0 0 0 0 0 67 0 0 0 0 0 0 0 0 0 0 0 0 71 109 0 0 0 0 0 0 0 0 40 0 0 0 0 104 0 0 0 0 0 0 0 0 0 0 0 0 0 0 0 0 0 0 0 0 0 0 0 0 0 0 0 0 0 0 0 0 0 0 0 104 0 0 17 0 0 0 108 0 0 0 0 0 0 0 133 0 35 0 42 0 0 0 0 0 0 0 0 0 
0 150 0 0 0 0 0 0 0 0 0 0 0 0 0 0 0 4 0 0 0 0 0 0 0 0 68 0 0 0 0 0 91 0 138 0 0 0 15 0 0 0 0 0 0 0 0 0 0 0 0 0 0 141 0 91 0 0 0 0 0 0 0 0 54 0 0 0 0 0 0 0 0 0 0 0 19 0 0 7 0 0 0 0 0 0 21 0 0 0 0 0 0 0 0 0 0 0 0 142 
0 45 0 0 0 0 0 0 0 0 0 128 47 0 0 0 0 119 0 0 138 0 88 0 0 0 0 0 0 0 0 0 0 0 133 102 0 0 0 0 0 0 0 0 0 0 0 0 97 0 0 0 0 0 0 0 0 135 0 0 0 50 0 0 0 0 62 0 0 0 0 0 0 0 0 0 0 0 0 130 0 0 0 0 14 0 0 0 0 0 0 0 0 0 0 0 0 0 142 0 
