0 142 0 0 0 206 0 0 255 0 0 0 0 0 0 0 0 0 0 0 231 0 0 0 0 0 0 0 0 273 0 106 0 0 249 0 0 0 0 227 81 0 0 0 0 0 0 9 0 0 0 0 116 0 0 0 0 0 0 0 0 0 55 0 0 0 0 0 0 150 0 0 0 0 0 0 0 0 0 0 0 112 0 0 0 0 0 0 159 0 0 0 0 0 0 0 0 0 0 0 
142 0 0 0 0 0 0 0 0 94 0 0 0 0 276 0 0 0 0 0 0 0 0 8 0 0 167 0 0 0 0 0 0 0 0 0 0 0 0 0 0 0 0 0 0 0 0 0 0 0 0 199 0 0 0 0 0 0 0 0 0 0 0 0 0 0 0 0 0 0 0 0 0 65 0 58 0 0 0 262 0 0 0 68 0 0 0 0 0 0 9 0 20 0 0 0 143 0 0 0 
0 0 0 0 0 0 0 0 0 0 0 0 0 0 0 0 0 0 0 0 0 0 0 0 195 177 0 0 0 0 0 282 0 193 0 168 0 0 0 0 0 0 0 0 0 0 267 0 0 0 0 0 166 0 0 0 0 0 0 0 0 0 123 0 0 0 156 0 187 0 0 0 0 0 0 0 126 0 0 0 0 0 0 0 0 0 0 0 0 0 0 0 0 0 0 0 0 0 138 0 
0 0 0 0 279 0 0 0 0 0 0 0 0 0 65 0 0 0 90 0 0 0 0 0 0 0 0 0 0 80 0 0 0 0 0 0 0 0 0 0 0 0 0 0 0 0 0 0 0 151 0 11 111 0 0 0 0 0 0 0 0 0 0 0 0 0 0 0 0 0 0 0 0 0 0 0 0 0 0 220 0 158 0 0 0 74 0 0 0 0 6 0 274 0 0 0 0 0 0 0 
0 0 0 279 0 0 0 0 0 0 0 296 0 221 0 0 299 0 0 76 0 0 0 0 0 0 0 0 0 0 0 0 0 0 0 0 0 0 0 0 258 0 0 0 0 0 0 0 249 0 0 0 0 0 279 0 0 0 0 0 0 0 0 0 0 110 0 0 135 0 0 0 0 0 0 0 0 0 0 0 0 0 255 0 0 0 46 0 0 0 0 0 0 0 0 0 0 222 189 0 
206 0 0 0 0 0 0 0 0 236 105 0 0 0 0 0 0 0 0 0 0 0 159 0 0 0 273 0 0 267 0 0 34 0 0 0 0 0 0 0 0 0 0 0 0 0 0 0 0 0 0 0 0 0 0 0 0 0 0 0 0 0 0 0 0 0 0 0 0 0 0 0 0 0 0 0 0 0 0 0 0 0 250 0 0 0 0 0 53 0 0 0 0 0 0 0 0 196 0 0 
0 0 0 0 0 0 0 0 298 0 0 0 0 57 0 0 0 0 0 0 0 0 113 0 280 0 0 0 0 0 0 0 0 66 180 0 0 0 0 256 0 0 0 0 0 0 0 0 0 0 0 0 0 107 0 0 0 0 0 203 0 0 0 0 263 0 0 0 0 0 0 0 293 0 0 0 0 0 0 0 0 136 0 0 0 53 0 0 0 210 0 0 0 0 111 0 0 0 0 0 
0 0 0 0 0 0 0 0 0 0 0 0 0 0 0 0 43 0 0 0 0 31 0 0 0 0 0 0 0 0 0 0 0 0 0 0 69 276 0 0 0 0 0 0 0 0 0 174 0 0 140 0 0 0 0 36 256 195 0 0 0 0 0 158 0 0 0 0 0 258 0 101 0 0 0 0 0 0 0 252 0 0 0 0 0 0 0 221 0 0 0 0 0 0 0 0 0 0 26 0 
255 0 0 0 0 0 298 0 0 197 0 0 276 0 0 105 0 0 0 0 0 0 0 0 9 0 0 0 0 0 0 0 0 0 0 0 0 0 0 0 0 0 0 0 0 0 0 0 0 0 0 0 0 0 0 0 0 0 0 31 0 0 0 0 0 0 0 0 128 0 0 188 0 0 0 0 0 0 243 0 0 0 0 163 245 0 287 29 0 0 0 0 0 206 0 0 0 0 0 0 
0 94 0 0 0 236 0 0 197 0 0 0 0 0 0 0 0 0 294 47 0 0 83 0 0 0 0 0 129 0 0 0 147 0 240 0 0 0 0 0 0 0 0 0 0 0 0 0 0 0 0 0 0 0 0 0 0 0 0 0 0 0 0 0 0 0 0 0 0 0 0 0 0 0 0 0 181 0 42 0 0 0 0 267 0 0 0 0 0 0 0 0 0 0 0 0 0 0 0 0 
0 0 0 0 0 105 0 0 0 0 0 0 0 0 0 0 0 0 0 0 268 0 0 0 0 183 0 0 0 0 0 0 0 0 0 0 0 0 0 0 0 0 295 0 0 0 0 0 0 0 0 0 0 0 0 0 24 0 0 0 126 0 0 0 67 0 0 0 0 0 0 0 0 0 0 0 0 0 0 0 0 0 4 0 0 0 0 0 0 0 0 0 0 0 0 69 0 19 0 0 
0 0 0 0 296 0 0 0 0 0 0 0 0 299 0 0 0 0 0 0 0 0 0 143 0 238 0 0 0 0 0 0 0 0 0 0 0 0 0 0 0 77 0 0 0 0 0 0 0 0 0 261 235 132 0 0 0 5 0 0 94 0 226 0 0 0 0 0 0 0 0 0 0 0 0 0 0 0 0 0 100 0 0 12 0 0 0 0 0 0 0 0 0 0 246 0 0 0 0 0 
0 0 0 0 0 0 0 0 276 0 0 0 0 0 0 0 0 33 0 170 0 0 0 0 0 42 0 214 0 0 0 0 0 0 0 0 0 94 84 0 0 269 0 0 0 0 158 0 0 0 0 0 0 0 0 0 0 0 0 0 0 257 0 0 0 0 280 0 0 0 0 0 0 0 0 0 0 0 0 0 38 0 0 0 0 79 0 0 0 124 0 0 0 0 0 0 0 0 0 69 
0 0 0 0 221 0 57 0 0 0 0 299 0 0 0 242 0 56 0 0 0 0 0 119 0 0 0 0 0 0 0 0 0 0 0 0 0 0 108 0 0 0 0 286 0 0 0 0 0 0 12 0 0 0 0 0 0 250 129 0 0 0 0 0 0 0 0 0 0 0 101 0 0 0 0 0 0 0 0 0 47 0 0 0 0 0 0 0 0 0 0 160 127 0 0 0 0 0 0 0 
0 276 0 65 0 0 0 0 0 0 0 0 0 0 0 0 238 0 0 0 0 0 57 0 0 0 0 0 0 0 0 0 0 0 84 0 0 0 0 0 0 283 0 0 0 0 0 0 0 0 0 61 0 230 0 0 0 0 0 0 0 0 0 0 107 0 0 265 0 0 0 0 0 0 0 0 0 0 0 0 0 0 170 0 189 0 0 0 0 0 0 0 0 0 0 123 205 0 234 0 
0 0 0 0 0 0 0 0 105 0 0 0 0 242 0 0 0 0 0 0 0 6 0 0 0 0 0 0 234 0 0 292 278 0 0 43 0 0 0 0 0 0 0 0 0 0 0 0 65 0 0 0 0 0 0 131 291 48 0 0 0 287 0 0 0 0 0 0 0 0 0 261 0 0 256 0 0 0 0 0 0 0 0 0 0 0 0 0 0 0 22 0 0 0 0 0 0 0 0 0 
0 0 0 0 299 0 0 43 0 0 0 0 0 0 238 0 0 0 0 0 71 0 0 0 0 0 0 0 0 0 0 0 0 0 0 0 213 0 0 0 60 0 201 0 0 0 0 0 300 79 0 0 0 0 0 0 0 187 0 0 0 0 0 0 0 0 0 0 0 0 0 0 0 0 226 0 0 0 106 0 0 249 71 0 0 0 0 0 0 142 0 0 0 0 0 0 0 0 0 0 
0 0 0 0 0 0 0 0 0 0 0 0 33 56 0 0 0 0 0 298 0 0 4 0 0 152 0 0 0 0 0 266 0 0 0 0 0 0 0 0 0 0 0 0 0 0 0 0 286 0 0 295 0 0 145 0 0 0 0 143 155 0 0 0 0 0 0 0 0 0 173 0 0 0 0 0 0 0 0 0 0 186 0 0 0 0 0 0 0 0 0 249 0 0 0 88 0 0 0 0 
0 0 0 90 0 0 0 0 0 294 0 0 0 0 0 0 0 0 0 0 0 0 0 0 0 0 0 181 0 0 0 0 0 0 0 0 0 198 0 0 0 4 0 0 255 0 0 0 0 0 0 0 0 0 0 3 13 0 0 0 0 0 0 0 0 28 0 0 0 0 0 0 0 0 0 0 0 161 0 0 0 0 0 0 0 0 0 227 0 0 0 0 270 4 0 178 0 0 268 0 
0 0 0 0 76 0 0 0 0 47 0 0 170 0 0 0 0 298 0 0 0 0 0 2 0 0 0 0 299 0 0 0 0 0 0 0 0 0 0 0 0 0 0 0 0 0 0 0 0 0 0 0 259 231 0 0 0 0 0 0 0 0 0 0 0 0 0 0 0 0 0 0 0 0 0 0 0 0 0 0 0 0 0 0 0 0 0 0 0 0 0 208 0 0 0 0 0 0 0 0 
231 0 0 0 0 0 0 0 0 0 268 0 0 0 0 0 71 0 0 0 0 0 0 0 248 116 0 0 0 0 196 0 218 131 0 0 160 0 0 0 0 0 0 0 0 0 291 0 0 0 0 219 0 0 0 0 0 0 0 0 0 0 0 0 0 0 0 0 0 0 0 0 0 296 0 0 0 0 0 0 0 0 0 0 0 0 0 0 0 0 0 0 0 0 0 0 0 0 0 0 
0 0 0 0 0 0 0 31 0 0 0 0 0 0 0 6 0 0 0 0 0 0 0 0 6 0 0 0 0 0 0 0 0 0 0 0 210 134 74 0 0 0 0 0 0 0 0 0 0 0 0 0 0 0 134 0 0 82 0 0 0 82 53 0 0 0 0 67 0 0 0 0 0 0 0 0 0 0 0 0 0 0 0 0 0 203 260 0 0 0 0 0 0 0 0 0 0 0 0 0 
0 0 0 0 0 159 113 0 0 83 0 0 0 0 57 0 0 4 0 0 0 0 0 0 0 292 0 0 0 0 0 0 0 0 0 0 96 0 0 122 97 0 0 0 0 176 0 0 0 0 0 0 0 127 0 0 0 0 0 0 0 0 0 0 0 0 0 0 45 0 0 75 0 0 0 0 0 0 0 0 0 0 0 0 0 0 0 0 0 0 0 77 0 0 0 0 0 84 0 0 
0 8 0 0 0 0 0 0 0 0 0 143 0 119 0 0 0 0 0 2 0 0 0 0 0 0 0 216 0 0 0 0 0 0 0 0 0 0 0 0 0 0 0 0 0 0 0 0 0 0 0 0 124 0 0 0 201 149 0 148 0 0 0 0 0 0 0 0 0 0 0 0 0 0 12 0 0 0 0 0 0 26 0 0 0 0 0 0 0 0 0 0 0 0 0 151 0 0 0 172 
0 0 195 0 0 0 280 0 9 0 0 0 0 0 0 0 0 0 0 0 248 6 0 0 0 0 0 0 0 0 0 0 0 0 67 0 0 0 0 10 0 0 0 0 0 0 0 0 0 0 0 0 0 0 0 0 0 213 0 0 0 0 0 0 0 0 0 0 0 141 0 0 0 0 0 0 0 0 0 0 0 0 0 0 0 0 0 0 1 0 0 0 0 0 0 0 67 0 231 0 
0 0 177 0 0 0 0 0 0 0 183 238 42 0 0 0 0 152 0 0 116 0 292 0 0 0 0 0 0 0 0 275 0 0 0 0 0 0 0 0 0 0 2 0 281 0 102 0 0 0 0 0 0 0 0 0 0 0 0 0 0 0 0 0 0 0 210 0 0 0 0 0 0 0 0 0 0 0 0 0 0 0 0 0 0 0 283 0 0 0 0 0 0 0 0 0 0 0 0 0 
0 167 0 0 0 273 0 0 0 0 0 0 0 0 0 0 0 0 0 0 0 0 0 0 0 0 0 0 67 0 0 0 0 101 122 0 0 0 0 0 0 0 0 0 0 0 0 0 0 0 0 0 291 0 0 0 0 0 0 0 0 292 0 0 0 0 0 0 0 195 0 290 0 0 0 0 272 0 0 0 0 0 0 229 0 0 0 0 0 103 270 0 0 30 70 0 0 0 0 0 
0 0 0 0 0 0 0 0 0 0 0 0 214 0 0 0 0 0 181 0 0 0 0 216 0 0 0 0 0 21 0 207 0 185 0 0 0 0 289 0 0 249 198 245 0 0 0 0 0 0 0 0 0 0 0 0 0 0 0 6 0 0 0 0 39 0 0 0 275 0 0 0 245 0 0 0 0 0 0 0 0 137 0 0 0 0 0 0 0 0 0 0 0 0 0 0 0 0 0 0 
0 0 0 0 0 0 0 0 0 129 0 0 0 0 0 234 0 0 0 299 0 0 0 0 0 0 67 0 0 291 0 0 0 72 0 0 0 0 0 0 0 0 0 0 0 0 0 0 0 0 0 0 0 0 49 0 240 0 0 0 0 0 37 0 33 0 0 0 0 0 0 151 0 0 297 0 0 0 0 0 0 0 0 0 0 0 0 0 0 0 0 0 0 59 0 0 0 232 228 0 
273 0 0 80 0 267 0 0 0 0 0 0 0 0 0 0 0 0 0 0 0 0 0 0 0 0 0 21 291 0 0 0 0 0 0 0 0 0 0 277 0 0 275 0 0 191 0 0 0 0 0 0 0 0 75 0 0 0 201 0 0 0 0 0 300 0 0 0 0 0 0 0 0 0 0 191 86 0 0 0 0 0 0 0 196 0 0 0 0 0 0 0 55 0 0 0 0 0 0 0 
0 0 0 0 0 0 0 0 0 0 0 0 0 0 0 0 0 0 0 0 196 0 0 0 0 0 0 0 0 0 0 0 0 146 0 0 60 208 0 167 0 0 0 0 0 0 0 0 0 0 0 0 0 0 0 0 0 19 0 0 184 0 0 0 0 56 99 272 0 8 0 0 0 0 0 0 0 164 0 109 0 0 0 0 0 0 0 0 0 0 0 0 0 206 113 0 0 0 0 0 
106 0 282 0 0 0 0 0 0 0 0 0 0 0 0 292 0 266 0 0 0 0 0 0 0 275 0 207 0 0 0 0 0 0 0 0 0 0 0 0 0 0 0 0 0 0 0 0 0 0 54 206 0 0 0 0 0 0 72 0 0 0 0 0 199 0 0 113 0 0 0 0 0 178 0 0 0 0 0 0 0 0 0 0 0 68 0 0 101 0 0 0 0 281 0 0 0 0 0 0 
0 0 0 0 0 34 0 0 0 147 0 0 0 0 0 278 0 0 0 0 218 0 0 0 0 0 0 0 0 0 0 0 0 0 0 0 0 0 0 0 0 104 0 0 165 0 0 0 0 0 0 0 0 0 72 261 293 0 0 0 0 0 0 0 0 171 0 0 0 0 0 0 0 0 167 0 5 0 130 0 0 0 0 0 0 0 0 0 0 205 0 0 0 0 0 0 135 0 0 0 
0 0 193 0 0 0 66 0 0 0 0 0 0 0 0 0 0 0 0 0 131 0 0 0 0 0 101 185 72 0 146 0 0 0 98 0 0 0 0 30 0 0 0 0 263 0 0 0 0 0 0 114 0 0 0 0 132 0 0 0 0 0 0 0 44 0 0 0 54 0 0 0 0 0 0 0 0 0 0 0 0 0 0 0 0 0 0 0 0 0 0 0 0 0 0 0 0 0 0 0 
249 0 0 0 0 0 180 0 0 240 0 0 0 0 84 0 0 0 0 0 0 0 0 0 67 0 122 0 0 0 0 0 0 98 0 0 0 0 0 0 0 0 0 0 0 0 0 0 0 0 0 0 0 0 132 0 0 0 0 0 0 0 0 162 0 0 0 137 0 0 0 0 0 0 0 0 0 0 0 0 0 223 0 171 0 0 0 0 0 0 0 0 0 0 0 0 0 0 0 0 
0 0 168 0 0 0 0 0 0 0 0 0 0 0 0 43 0 0 0 0 0 0 0 0 0 0 0 0 0 0 0 0 0 0 0 0 0 171 0 0 0 0 240 0 0 0 0 0 0 0 0 0 0 0 0 0 0 0 0 0 170 102 0 127 0 0 0 0 0 0 0 0 0 0 0 0 34 0 0 0 0 0 0 0 0 0 0 0 0 0 0 0 0 0 0 0 0 0 0 0 
0 0 0 0 0 0 0 69 0 0 0 0 0 0 0 0 213 0 0 0 160 210 96 0 0 0 0 0 0 0 60 0 0 0 0 0 0 0 0 0 0 289 0 0 0 0 0 0 0 0 0 0 0 0 0 0 0 0 0 0 149 86 0 0 0 0 0 0 0 0 0 0 0 0 0 0 0 0 0 0 0 0 0 0 0 0 0 0 0 0 0 0 0 0 0 0 201 0 0 46 
0 0 0 0 0 0 0 276 0 0 0 0 94 0 0 0 0 0 198 0 0 134 0 0 0 0 0 0 0 0 208 0 0 0 0 171 0 0 0 0 0 0 0 0 0 0 0 0 0 0 0 0 0 0 0 239 0 0 0 0 0 0 0 202 0 0 0 0 0 0 0 0 0 153 261 0 0 0 0 0 0 0 296 0 0 0 173 0 14 0 244 0 0 0 0 0 0 0 0 0 
0 0 0 0 0 0 0 0 0 0 0 0 84 108 0 0 0 0 0 0 0 74 0 0 0 0 0 289 0 0 0 0 0 0 0 0 0 0 0 227 0 0 0 0 61 0 0 0 0 0 0 0 0 0 0 0 0 0 0 0 0 0 0 236 162 116 0 0 0 0 0 143 0 0 0 0 0 0 0 0 0 0 0 0 0 54 0 183 187 0 0 0 0 231 0 72 0 0 0 0 
227 0 0 0 0 0 256 0 0 0 0 0 0 0 0 0 0 0 0 0 0 0 122 0 10 0 0 0 0 277 167 0 0 30 0 0 0 0 227 0 0 47 0 0 215 0 0 0 0 0 0 0 0 0 0 0 0 0 0 0 0 0 87 0 0 77 0 0 0 0 0 0 0 0 21 0 185 0 0 0 0 0 0 0 0 203 0 0 0 0 0 0 0 0 0 0 0 0 0 0 
81 0 0 0 258 0 0 0 0 0 0 0 0 0 0 0 60 0 0 0 0 0 97 0 0 0 0 0 0 0 0 0 0 0 0 0 0 0 0 0 0 208 232 0 0 109 0 35 0 0 0 0 0 0 0 0 0 0 165 0 0 0 70 0 0 0 0 0 0 0 240 204 0 0 0 0 0 249 0 0 0 0 0 0 0 0 0 0 0 0 0 0 0 0 0 198 0 0 0 0 
0 0 0 0 0 0 0 0 0 0 0 77 269 0 283 0 0 0 4 0 0 0 0 0 0 0 0 249 0 0 0 0 104 0 0 0 289 0 0 47 208 0 0 0 0 0 0 0 0 0 0 0 0 0 0 0 0 0 0 0 0 0 0 0 0 260 0 0 0 0 0 0 0 0 0 0 0 0 0 0 0 0 0 0 0 0 0 0 0 0 0 0 0 49 0 0 0 0 0 0 
0 0 0 0 0 0 0 0 0 0 295 0 0 0 0 0 201 0 0 0 0 0 0 0 0 2 0 198 0 275 0 0 0 0 0 240 0 0 0 0 232 0 0 186 0 0 0 0 0 0 0 0 0 0 0 0 0 0 0 0 0 243 0 0 0 0 0 0 0 0 0 0 0 0 0 0 0 0 0 0 268 0 0 0 83 0 0 0 0 0 0 0 0 132 177 0 0 0 223 0 
0 0 0 0 0 0 0 0 0 0 0 0 0 286 0 0 0 0 0 0 0 0 0 0 0 0 0 245 0 0 0 0 0 0 0 0 0 0 0 0 0 0 186 0 0 0 0 0 0 44 0 0 0 0 0 0 0 0 0 0 0 0 0 0 180 273 0 0 0 0 212 0 0 0 7 0 0 0 0 0 0 0 0 0 0 0 0 184 0 0 0 0 0 0 0 0 0 0 213 0 
0 0 0 0 0 0 0 0 0 0 0 0 0 0 0 0 0 0 255 0 0 0 0 0 0 281 0 0 0 0 0 0 165 263 0 0 0 0 61 215 0 0 0 0 0 0 0 0 0 85 0 232 0 0 0 200 0 0 0 0 0 0 0 138 0 0 0 0 0 0 0 0 0 0 0 140 0 0 0 0 278 0 0 0 152 0 0 0 0 152 0 0 0 0 0 0 271 0 0 0 
0 0 0 0 0 0 0 0 0 0 0 0 0 0 0 0 0 0 0 0 0 0 176 0 0 0 0 0 0 191 0 0 0 0 0 0 0 0 0 0 109 0 0 0 0 0 0 143 0 0 0 28 0 0 0 0 0 0 0 0 15 0 0 0 0 0 0 0 0 0 111 0 0 0 0 0 0 0 230 0 0 0 0 0 0 0 0 0 0 0 0 0 0 0 0 0 0 0 0 0 
0 0 267 0 0 0 0 0 0 0 0 0 158 0 0 0 0 0 0 0 291 0 0 0 0 102 0 0 0 0 0 0 0 0 0 0 0 0 0 0 0 0 0 0 0 0 0 0 0 0 234 0 0 0 0 0 0 0 0 0 0 0 289 104 73 0 106 0 0 0 0 0 124 0 0 0 0 112 0 0 251 229 0 0 0 0 0 0 0 0 0 0 0 0 0 0 96 0 0 0 
9 0 0 0 0 0 0 174 0 0 0 0 0 0 0 0 0 0 0 0 0 0 0 0 0 0 0 0 0 0 0 0 0 0 0 0 0 0 0 0 35 0 0 0 0 143 0 0 0 0 0 130 0 0 0 0 0 0 0 0 10 0 0 0 0 0 0 0 0 0 0 0 0 182 0 35 0 0 0 294 197 0 0 35 30 0 151 0 0 0 0 0 0 0 80 124 0 0 0 0 
0 0 0 0 249 0 0 0 0 0 0 0 0 0 0 65 300 286 0 0 0 0 0 0 0 0 0 0 0 0 0 0 0 0 0 0 0 0 0 0 0 0 0 0 0 0 0 0 0 0 0 0 0 0 0 0 0 0 0 0 136 186 246 0 0 0 0 62 0 0 0 0 0 0 0 0 0 0 0 169 18 295 0 0 0 0 0 0 0 257 0 0 159 0 0 0 244 0 0 223 
0 0 0 151 0 0 0 0 0 0 0 0 0 0 0 0 79 0 0 0 0 0 0 0 0 0 0 0 0 0 0 0 0 0 0 0 0 0 0 0 0 0 0 44 85 0 0 0 0 0 0 0 0 0 0 0 0 296 0 0 0 67 21 0 0 0 0 0 226 0 0 0 0 0 0 253 0 0 0 0 0 0 0 0 59 0 0 274 0 0 0 0 0 0 0 0 0 0 0 0 
0 0 0 0 0 0 0 140 0 0 0 0 0 12 0 0 0 0 0 0 0 0 0 0 0 0 0 0 0 0 0 54 0 0 0 0 0 0 0 0 0 0 0 0 0 0 234 0 0 0 0 122 0 0 0 0 93 0 169 0 0 0 0 0 0 0 0 0 246 0 0 0 0 0 0 0 0 172 0 0 0 0 70 0 0 0 176 0 0 16 79 0 88 234 0 0 0 0 0 0 
0 199 0 11 0 0 0 0 0 0 0 261 0 0 61 0 0 295 0 0 219 0 0 0 0 0 0 0 0 0 0 206 0 114 0 0 0 0 0 0 0 0 0 0 232 28 0 130 0 0 122 0 0 0 0 0 0 0 0 0 0 0 0 0 0 0 0 0 0 0 0 0 0 0 0 83 0 0 0 0 0 0 0 0 0 0 0 0 0 0 0 0 0 0 0 91 0 0 0 0 
116 0 166 111 0 0 0 0 0 0 0 235 0 0 0 0 0 0 0 259 0 0 0 124 0 0 291 0 0 0 0 0 0 0 0 0 0 0 0 0 0 0 0 0 0 0 0 0 0 0 0 0 0 0 0 39 0 190 0 231 0 0 0 0 0 0 0 75 0 0 0 0 14 0 0 226 223 0 0 0 0 0 0 0 0 0 143 0 0 0 0 0 0 0 0 0 0 0 0 0 
0 0 0 0 0 0 107 0 0 0 0 132 0 0 230 0 0 0 0 231 0 0 127 0 0 0 0 0 0 0 0 0 0 0 0 0 0 0 0 0 0 0 0 0 0 0 0 0 0 0 0 0 0 0 218 0 0 0 0 230 0 0 0 112 0 0 0 0 0 0 0 0 0 0 0 0 0 158 0 0 0 0 0 121 93 0 0 0 53 0 157 107 0 0 0 76 0 0 0 0 
0 0 0 0 279 0 0 0 0 0 0 0 0 0 0 0 0 145 0 0 0 134 0 0 0 0 0 0 49 75 0 0 72 0 132 0 0 0 0 0 0 0 0 0 0 0 0 0 0 0 0 0 0 218 0 0 0 0 0 0 0 0 0 62 0 0 0 0 0 145 0 0 0 0 0 0 0 0 0 0 0 0 0 0 0 85 0 0 0 232 0 0 0 230 0 0 26 0 0 267 
0 0 0 0 0 0 0 36 0 0 0 0 0 0 0 131 0 0 3 0 0 0 0 0 0 0 0 0 0 0 0 0 261 0 0 0 0 239 0 0 0 0 0 0 200 0 0 0 0 0 0 0 39 0 0 0 0 0 0 0 0 0 0 71 0 0 0 65 0 0 0 0 0 0 163 26 0 0 0 0 92 0 85 0 55 0 0 0 0 0 0 0 135 0 0 0 0 0 0 0 
0 0 0 0 0 0 0 256 0 0 24 0 0 0 0 291 0 0 13 0 0 0 0 201 0 0 0 0 240 0 0 0 293 132 0 0 0 0 0 0 0 0 0 0 0 0 0 0 0 0 93 0 0 0 0 0 0 0 0 0 0 0 12 0 0 4 0 0 0 0 0 0 0 0 0 100 0 0 0 0 0 0 0 0 0 0 0 199 0 0 0 0 0 0 0 0 0 0 0 202 
0 0 0 0 0 0 0 195 0 0 0 5 0 250 0 48 187 0 0 0 0 82 0 149 213 0 0 0 0 0 19 0 0 0 0 0 0 0 0 0 0 0 0 0 0 0 0 0 0 296 0 0 190 0 0 0 0 0 0 198 0 0 0 0 0 0 127 0 0 0 0 0 0 0 0 0 0 0 0 0 0 0 258 0 0 0 0 0 0 0 0 0 0 0 0 0 0 0 0 0 
0 0 0 0 0 0 0 0 0 0 0 0 0 129 0 0 0 0 0 0 0 0 0 0 0 0 0 0 0 201 0 72 0 0 0 0 0 0 0 0 165 0 0 0 0 0 0 0 0 0 169 0 0 0 0 0 0 0 0 0 0 0 0 0 0 0 0 0 0 0 0 0 0 0 0 0 0 0 246 0 0 0 0 35 0 0 0 0 0 0 0 0 144 0 0 0 0 0 0 0 
0 0 0 0 0 0 203 0 31 0 0 0 0 0 0 0 0 143 0 0 0 0 0 148 0 0 0 6 0 0 0 0 0 0 0 0 0 0 0 0 0 0 0 0 0 0 0 0 0 0 0 0 231 230 0 0 0 198 0 0 0 0 0 0 0 0 33 0 0 0 0 0 0 0 0 157 0 0 0 0 0 0 0 0 0 0 0 0 150 0 0 0 0 0 0 0 0 0 0 0 
0 0 0 0 0 0 0 0 0 0 126 94 0 0 0 0 0 155 0 0 0 0 0 0 0 0 0 0 0 0 184 0 0 0 0 170 149 0 0 0 0 0 0 0 0 15 0 10 136 0 0 0 0 0 0 0 0 0 0 0 0 0 199 0 0 0 0 14 0 0 0 0 0 0 140 0 211 0 0 0 0 0 0 0 36 0 0 0 0 0 0 0 0 4 0 0 0 0 0 0 
0 0 0 0 0 0 0 0 0 0 0 0 257 0 0 287 0 0 0 0 0 82 0 0 0 0 292 0 0 0 0 0 0 0 0 102 86 0 0 0 0 0 243 0 0 0 0 0 186 67 0 0 0 0 0 0 0 0 0 0 0 0 0 59 0 0 0 182 0 0 0 0 259 0 0 0 0 96 0 0 0 0 0 0 0 0 0 0 0 0 0 0 0 0 184 0 0 0 0 0 
55 0 123 0 0 0 0 0 0 0 0 226 0 0 0 0 0 0 0 0 0 53 0 0 0 0 0 0 37 0 0 0 0 0 0 0 0 0 0 87 70 0 0 0 0 0 289 0 246 21 0 0 0 0 0 0 12 0 0 0 199 0 0 0 0 0 0 0 0 0 0 0 0 0 0 0 0 0 0 0 0 0 283 0 0 101 243 0 0 0 0 0 0 0 0 0 0 0 0 0 
0 0 0 0 0 0 0 158 0 0 0 0 0 0 0 0 0 0 0 0 0 0 0 0 0 0 0 0 0 0 0 0 0 0 162 127 0 202 236 0 0 0 0 0 138 0 104 0 0 0 0 0 0 112 62 71 0 0 0 0 0 59 0 0 0 0 0 0 224 268 0 0 233 0 0 0 0 0 0 0 0 0 120 0 0 0 0 0 0 0 0 0 0 0 0 0 0 0 0 0 
0 0 0 0 0 0 263 0 0 0 67 0 0 0 107 0 0 0 0 0 0 0 0 0 0 0 0 39 33 300 0 199 0 44 0 0 0 0 162 0 0 0 0 180 0 0 73 0 0 0 0 0 0 0 0 0 0 0 0 0 0 0 0 0 0 0 0 0 0 0 119 0 149 0 0 0 0 0 43 0 0 0 0 0 180 0 0 0 0 0 0 0 0 0 0 0 0 0 0 0 
0 0 0 0 110 0 0 0 0 0 0 0 0 0 0 0 0 0 28 0 0 0 0 0 0 0 0 0 0 0 56 0 171 0 0 0 0 0 116 77 0 260 0 273 0 0 0 0 0 0 0 0 0 0 0 0 4 0 0 0 0 0 0 0 0 0 211 0 0 23 0 0 0 0 12 0 0 225 0 0 0 167 0 0 0 0 0 0 0 0 0 0 0 0 0 0 0 162 0 0 
0 0 156 0 0 0 0 0 0 0 0 0 280 0 0 0 0 0 0 0 0 0 0 0 0 210 0 0 0 0 99 0 0 0 0 0 0 0 0 0 0 0 0 0 0 0 106 0 0 0 0 0 0 0 0 0 0 127 0 33 0 0 0 0 0 211 0 0 0 0 0 0 0 0 204 189 0 0 222 0 0 0 0 0 0 0 0 0 0 0 0 0 0 0 0 0 27 0 0 0 
0 0 0 0 0 0 0 0 0 0 0 0 0 0 265 0 0 0 0 0 0 67 0 0 0 0 0 0 0 0 272 113 0 0 137 0 0 0 0 0 0 0 0 0 0 0 0 0 62 0 0 0 75 0 0 65 0 0 0 0 14 182 0 0 0 0 0 0 0 0 255 0 0 0 0 0 0 0 0 169 0 0 0 0 0 0 0 0 0 0 0 76 0 0 0 0 0 70 91 0 
0 0 187 0 135 0 0 0 128 0 0 0 0 0 0 0 0 0 0 0 0 0 45 0 0 0 0 275 0 0 0 0 0 54 0 0 0 0 0 0 0 0 0 0 0 0 0 0 0 226 246 0 0 0 0 0 0 0 0 0 0 0 0 224 0 0 0 0 0 66 0 0 0 0 0 0 0 0 0 0 0 80 294 0 0 0 0 0 0 245 0 0 0 276 0 0 182 0 0 0 
150 0 0 0 0 0 0 258 0 0 0 0 0 0 0 0 0 0 0 0 0 0 0 0 141 0 195 0 0 0 8 0 0 0 0 0 0 0 0 0 0 0 0 0 0 0 0 0 0 0 0 0 0 0 145 0 0 0 0 0 0 0 0 268 0 23 0 0 66 0 0 0 0 0 0 0 74 0 0 0 243 0 0 0 0 244 0 54 0 0 0 0 2 187 0 0 0 0 0 0 
0 0 0 0 0 0 0 0 0 0 0 0 0 101 0 0 0 173 0 0 0 0 0 0 0 0 0 0 0 0 0 0 0 0 0 0 0 0 0 0 240 0 0 212 0 111 0 0 0 0 0 0 0 0 0 0 0 0 0 0 0 0 0 0 119 0 0 255 0 0 0 0 0 0 0 0 0 278 0 0 0 0 0 0 0 0 0 0 96 0 105 123 0 0 0 0 106 0 0 0 
0 0 0 0 0 0 0 101 188 0 0 0 0 0 0 261 0 0 0 0 0 0 75 0 0 0 290 0 151 0 0 0 0 0 0 0 0 0 143 0 204 0 0 0 0 0 0 0 0 0 0 0 0 0 0 0 0 0 0 0 0 0 0 0 0 0 0 0 0 0 0 0 115 0 146 0 243 63 0 0 0 0 0 0 160 279 0 0 0 0 0 0 281 0 0 0 0 0 0 0 
0 0 0 0 0 0 293 0 0 0 0 0 0 0 0 0 0 0 0 0 0 0 0 0 0 0 0 245 0 0 0 0 0 0 0 0 0 0 0 0 0 0 0 0 0 0 124 0 0 0 0 0 14 0 0 0 0 0 0 0 0 259 0 233 149 0 0 0 0 0 0 115 0 0 0 0 0 209 0 0 0 0 0 0 0 0 42 173 0 0 0 0 0 0 147 277 0 0 0 0 
0 65 0 0 0 0 0 0 0 0 0 0 0 0 0 0 0 0 0 0 296 0 0 0 0 0 0 0 0 0 0 178 0 0 0 0 0 153 0 0 0 0 0 0 0 0 0 182 0 0 0 0 0 0 0 0 0 0 0 0 0 0 0 0 0 0 0 0 0 0 0 0 0 0 289 0 0 0 0 0 177 0 0 0 0 0 0 0 0 0 0 0 0 0 0 0 0 260 294 0 
0 0 0 0 0 0 0 0 0 0 0 0 0 0 0 256 226 0 0 0 0 0 0 12 0 0 0 0 297 0 0 0 167 0 0 0 0 261 0 21 0 0 0 7 0 0 0 0 0 0 0 0 0 0 0 163 0 0 0 0 140 0 0 0 0 12 204 0 0 0 0 146 0 289 0 0 0 0 0 0 0 0 0 0 263 0 0 0 0 0 0 0 0 0 0 0 0 0 0 0 
0 58 0 0 0 0 0 0 0 0 0 0 0 0 0 0 0 0 0 0 0 0 0 0 0 0 0 0 0 191 0 0 0 0 0 0 0 0 0 0 0 0 0 0 140 0 0 35 0 253 0 83 226 0 0 26 100 0 0 157 0 0 0 0 0 0 189 0 0 0 0 0 0 0 0 0 0 0 0 56 0 0 0 0 0 220 0 0 166 0 0 0 13 0 0 0 0 0 0 0 
0 0 126 0 0 0 0 0 0 181 0 0 0 0 0 0 0 0 0 0 0 0 0 0 0 0 272 0 0 86 0 0 5 0 0 34 0 0 0 185 0 0 0 0 0 0 0 0 0 0 0 0 223 0 0 0 0 0 0 0 211 0 0 0 0 0 0 0 0 74 0 243 0 0 0 0 0 0 0 0 0 61 0 0 0 0 251 0 0 0 0 0 0 0 0 0 27 0 0 123 
0 0 0 0 0 0 0 0 0 0 0 0 0 0 0 0 0 0 161 0 0 0 0 0 0 0 0 0 0 0 164 0 0 0 0 0 0 0 0 0 249 0 0 0 0 0 112 0 0 0 172 0 0 158 0 0 0 0 0 0 0 96 0 0 0 225 0 0 0 0 278 63 209 0 0 0 0 0 0 0 0 0 0 0 0 0 0 0 0 0 0 0 0 0 0 0 0 0 0 16 
0 0 0 0 0 0 0 0 243 42 0 0 0 0 0 0 106 0 0 0 0 0 0 0 0 0 0 0 0 0 0 0 130 0 0 0 0 0 0 0 0 0 0 0 0 230 0 0 0 0 0 0 0 0 0 0 0 0 246 0 0 0 0 0 43 0 222 0 0 0 0 0 0 0 0 0 0 0 0 180 0 0 48 0 0 0 0 0 4 0 0 0 0 0 0 0 0 0 0 0 
0 262 0 220 0 0 0 252 0 0 0 0 0 0 0 0 0 0 0 0 0 0 0 0 0 0 0 0 0 0 109 0 0 0 0 0 0 0 0 0 0 0 0 0 0 0 0 294 169 0 0 0 0 0 0 0 0 0 0 0 0 0 0 0 0 0 0 169 0 0 0 0 0 0 0 56 0 0 180 0 0 0 0 0 0 0 0 0 0 0 192 0 0 0 285 0 0 0 0 0 
0 0 0 0 0 0 0 0 0 0 0 100 38 47 0 0 0 0 0 0 0 0 0 0 0 0 0 0 0 0 0 0 0 0 0 0 0 0 0 0 0 0 268 0 278 0 251 197 18 0 0 0 0 0 0 92 0 0 0 0 0 0 0 0 0 0 0 0 0 243 0 0 0 177 0 0 0 0 0 0 0 0 0 0 0 0 0 0 0 0 0 0 294 0 0 242 141 38 0 0 
112 0 0 158 0 0 136 0 0 0 0 0 0 0 0 0 249 186 0 0 0 0 0 26 0 0 0 137 0 0 0 0 0 0 223 0 0 0 0 0 0 0 0 0 0 0 229 0 295 0 0 0 0 0 0 0 0 0 0 0 0 0 0 0 0 167 0 0 80 0 0 0 0 0 0 0 61 0 0 0 0 0 0 0 0 0 0 0 0 147 0 0 0 0 0 0 0 251 0 0 
0 0 0 0 255 250 0 0 0 0 4 0 0 0 170 0 71 0 0 0 0 0 0 0 0 0 0 0 0 0 0 0 0 0 0 0 0 296 0 0 0 0 0 0 0 0 0 0 0 0 70 0 0 0 0 85 0 258 0 0 0 0 283 120 0 0 0 0 294 0 0 0 0 0 0 0 0 0 48 0 0 0 0 159 0 0 0 0 0 0 0 0 0 0 0 0 0 232 0 0 
0 68 0 0 0 0 0 0 163 267 0 12 0 0 0 0 0 0 0 0 0 0 0 0 0 0 229 0 0 0 0 0 0 0 171 0 0 0 0 0 0 0 0 0 0 0 0 35 0 0 0 0 0 121 0 0 0 0 35 0 0 0 0 0 0 0 0 0 0 0 0 0 0 0 0 0 0 0 0 0 0 0 159 0 0 0 0 0 0 0 101 0 0 0 0 0 0 0 190 0 
0 0 0 0 0 0 0 0 245 0 0 0 0 0 189 0 0 0 0 0 0 0 0 0 0 0 0 0 0 196 0 0 0 0 0 0 0 0 0 0 0 0 83 0 152 0 0 30 0 59 0 0 0 93 0 55 0 0 0 0 36 0 0 0 180 0 0 0 0 0 0 160 0 0 263 0 0 0 0 0 0 0 0 0 0 0 0 0 0 0 0 0 0 0 0 269 0 0 0 0 
0 0 0 74 0 0 53 0 0 0 0 0 79 0 0 0 0 0 0 0 0 203 0 0 0 0 0 0 0 0 0 68 0 0 0 0 0 0 54 203 0 0 0 0 0 0 0 0 0 0 0 0 0 0 85 0 0 0 0 0 0 0 101 0 0 0 0 0 0 244 0 279 0 0 0 220 0 0 0 0 0 0 0 0 0 0 0 0 22 0 0 56 0 0 0 0 92 0 0 0 
0 0 0 0 46 0 0 0 287 0 0 0 0 0 0 0 0 0 0 0 0 260 0 0 0 283 0 0 0 0 0 0 0 0 0 0 0 173 0 0 0 0 0 0 0 0 0 151 0 0 176 0 143 0 0 0 0 0 0 0 0 0 243 0 0 0 0 0 0 0 0 0 42 0 0 0 251 0 0 0 0 0 0 0 0 0 0 126 0 0 0 67 0 0 0 272 0 0 93 0 
0 0 0 0 0 0 0 221 29 0 0 0 0 0 0 0 0 0 227 0 0 0 0 0 0 0 0 0 0 0 0 0 0 0 0 0 0 0 183 0 0 0 0 184 0 0 0 0 0 274 0 0 0 0 0 0 199 0 0 0 0 0 0 0 0 0 0 0 0 54 0 0 173 0 0 0 0 0 0 0 0 0 0 0 0 0 126 0 0 280 0 0 0 0 0 0 0 0 0 0 
159 0 0 0 0 53 0 0 0 0 0 0 0 0 0 0 0 0 0 0 0 0 0 0 1 0 0 0 0 0 0 101 0 0 0 0 0 14 187 0 0 0 0 0 0 0 0 0 0 0 0 0 0 53 0 0 0 0 0 150 0 0 0 0 0 0 0 0 0 0 96 0 0 0 0 166 0 0 4 0 0 0 0 0 0 22 0 0 0 0 0 0 182 0 0 0 0 224 0 0 
0 0 0 0 0 0 210 0 0 0 0 0 124 0 0 0 142 0 0 0 0 0 0 0 0 0 103 0 0 0 0 0 205 0 0 0 0 0 0 0 0 0 0 0 152 0 0 0 257 0 16 0 0 0 232 0 0 0 0 0 0 0 0 0 0 0 0 0 245 0 0 0 0 0 0 0 0 0 0 0 0 147 0 0 0 0 0 280 0 0 0 0 0 0 0 0 0 4 0 0 
0 9 0 6 0 0 0 0 0 0 0 0 0 0 0 22 0 0 0 0 0 0 0 0 0 0 270 0 0 0 0 0 0 0 0 0 0 244 0 0 0 0 0 0 0 0 0 0 0 0 79 0 0 157 0 0 0 0 0 0 0 0 0 0 0 0 0 0 0 0 105 0 0 0 0 0 0 0 0 192 0 0 0 101 0 0 0 0 0 0 0 145 0 0 0 0 0 260 0 0 
0 0 0 0 0 0 0 0 0 0 0 0 0 160 0 0 0 249 0 208 0 0 77 0 0 0 0 0 0 0 0 0 0 0 0 0 0 0 0 0 0 0 0 0 0 0 0 0 0 0 0 0 0 107 0 0 0 0 0 0 0 0 0 0 0 0 0 76 0 0 123 0 0 0 0 0 0 0 0 0 0 0 0 0 0 56 67 0 0 0 145 0 0 0 99 179 0 0 0 0 
0 20 0 274 0 0 0 0 0 0 0 0 0 127 0 0 0 0 270 0 0 0 0 0 0 0 0 0 0 55 0 0 0 0 0 0 0 0 0 0 0 0 0 0 0 0 0 0 159 0 88 0 0 0 0 135 0 0 144 0 0 0 0 0 0 0 0 0 0 2 0 281 0 0 0 13 0 0 0 0 294 0 0 0 0 0 0 0 182 0 0 0 0 0 0 0 0 0 186 0 
0 0 0 0 0 0 0 0 206 0 0 0 0 0 0 0 0 0 4 0 0 0 0 0 0 0 30 0 59 0 206 281 0 0 0 0 0 0 231 0 0 49 132 0 0 0 0 0 0 0 234 0 0 0 230 0 0 0 0 0 4 0 0 0 0 0 0 0 276 187 0 0 0 0 0 0 0 0 0 0 0 0 0 0 0 0 0 0 0 0 0 0 0 0 0 0 0 0 253 0 
0 0 0 0 0 0 111 0 0 0 0 246 0 0 0 0 0 0 0 0 0 0 0 0 0 0 70 0 0 0 113 0 0 0 0 0 0 0 0 0 0 0 177 0 0 0 0 80 0 0 0 0 0 0 0 0 0 0 0 0 0 184 0 0 0 0 0 0 0 0 0 0 147 0 0 0 0 0 0 285 0 0 0 0 0 0 0 0 0 0 0 99 0 0 0 0 0 0 0 0 
0 0 0 0 0 0 0 0 0 0 69 0 0 0 123 0 0 88 178 0 0 0 0 151 0 0 0 0 0 0 0 0 0 0 0 0 0 0 72 0 198 0 0 0 0 0 0 124 0 0 0 91 0 76 0 0 0 0 0 0 0 0 0 0 0 0 0 0 0 0 0 0 277 0 0 0 0 0 0 0 242 0 0 0 269 0 272 0 0 0 0 179 0 0 0 0 0 0 0 0 
0 143 0 0 0 0 0 0 0 0 0 0 0 0 205 0 0 0 0 0 0 0 0 0 67 0 0 0 0 0 0 0 135 0 0 0 201 0 0 0 0 0 0 0 271 0 96 0 244 0 0 0 0 0 26 0 0 0 0 0 0 0 0 0 0 0 27 0 182 0 106 0 0 0 0 0 27 0 0 0 141 0 0 0 0 92 0 0 0 0 0 0 0 0 0 0 0 0 0 0 
0 0 0 0 222 196 0 0 0 0 19 0 0 0 0 0 0 0 0 0 0 0 84 0 0 0 0 0 232 0 0 0 0 0 0 0 0 0 0 0 0 0 0 0 0 0 0 0 0 0 0 0 0 0 0 0 0 0 0 0 0 0 0 0 0 162 0 70 0 0 0 0 0 260 0 0 0 0 0 0 38 251 232 0 0 0 0 0 224 4 260 0 0 0 0 0 0 0 0 0 
0 0 138 0 189 0 0 26 0 0 0 0 0 0 234 0 0 0 268 0 0 0 0 0 231 0 0 0 228 0 0 0 0 0 0 0 0 0 0 0 0 0 223 213 0 0 0 0 0 0 0 0 0 0 0 0 0 0 0 0 0 0 0 0 0 0 0 91 0 0 0 0 0 294 0 0 0 0 0 0 0 0 0 190 0 0 93 0 0 0 0 0 186 253 0 0 0 0 0 0 
0 0 0 0 0 0 0 0 0 0 0 0 69 0 0 0 0 0 0 0 0 0 0 172 0 0 0 0 0 0 0 0 0 0 0 0 46 0 0 0 0 0 0 0 0 0 0 0 223 0 0 0 0 0 267 0 202 0 0 0 0 0 0 0 0 0 0 0 0 0 0 0 0 0 0 0 123 16 0 0 0 0 0 0 0 0 0 0 0 0 0 0 0 0 0 0 0 0 0 0 
