0 0 0 0 0 0 0 0 0 0 93 0 0 0 30 0 0 0 0 58 0 0 0 0 0 0 0 9 77 7 0 0 0 0 0 0 0 0 0 50 0 0 0 0 0 0 0 0 0 0 12 14 15 0 0 0 0 0 0 0 0 0 0 0 0 0 0 0 0 0 0 0 0 0 0 0 0 0 0 0 0 5 0 0 0 0 0 0 0 0 0 0 0 0 0 11 0 0 0 0 
0 0 0 0 0 95 0 2 0 0 0 0 0 0 0 0 0 0 0 0 0 0 88 0 0 12 0 0 0 0 0 0 66 0 0 0 0 0 0 0 0 0 0 91 27 0 0 0 9 0 0 0 0 0 0 18 0 37 0 0 0 0 99 0 58 0 0 0 0 0 0 0 0 0 0 0 28 0 0 0 0 0 0 0 0 0 0 0 15 0 0 0 0 0 39 0 0 0 0 0 
0 0 0 0 0 0 12 11 0 0 0 0 3 0 0 0 0 0 0 0 0 0 0 0 0 0 0 58 36 0 0 0 0 0 0 0 0 0 0 0 0 0 78 0 0 0 0 87 0 0 0 0 0 0 0 0 0 28 0 0 0 0 0 0 0 0 0 20 0 0 20 0 0 0 0 0 0 0 0 0 0 0 0 0 0 0 77 77 0 0 24 0 0 80 85 0 0 0 0 0 
0 0 0 0 0 0 34 0 0 0 0 0 19 14 0 78 0 0 0 0 0 87 0 0 0 0 31 77 57 0 0 0 0 0 0 0 0 0 0 0 0 0 0 0 0 0 0 0 0 0 0 0 0 97 49 0 0 0 0 0 0 0 0 97 0 0 9 0 0 0 0 0 36 0 0 0 0 0 0 0 0 0 0 0 0 0 0 0 0 0 0 0 0 86 0 0 0 0 0 10 
0 0 0 0 0 0 0 77 0 0 0 0 0 0 0 0 0 0 0 0 0 0 0 0 0 0 0 0 0 0 0 0 68 15 0 0 0 0 0 0 80 0 0 0 0 0 44 0 0 0 0 0 0 86 0 0 0 0 0 89 45 84 27 0 0 0 0 0 0 0 19 0 0 0 0 0 0 0 0 0 0 0 0 0 0 0 0 0 0 0 0 0 0 0 0 32 60 0 0 92 
0 95 0 0 0 0 0 0 0 0 0 0 0 0 0 0 55 38 0 0 0 0 0 72 0 0 0 0 0 0 0 0 0 0 0 46 0 0 0 0 0 0 37 0 0 0 0 0 0 0 0 0 0 0 72 0 0 0 69 0 0 0 0 0 0 0 0 25 0 0 0 0 0 0 47 0 0 0 0 0 0 0 0 0 0 0 0 0 0 0 0 0 74 0 0 0 0 36 0 0 
0 0 12 34 0 0 0 0 0 96 0 0 60 0 0 0 0 0 0 0 0 0 0 23 0 0 10 0 0 0 0 0 32 0 0 0 0 0 0 0 0 0 0 50 0 0 0 0 0 4 3 0 0 0 0 0 0 0 0 0 0 0 0 17 0 0 0 0 0 0 0 0 0 0 0 0 30 0 0 0 0 0 0 0 0 0 0 0 0 0 0 0 0 0 0 0 0 45 0 0 
0 2 11 0 77 0 0 0 13 0 0 0 0 0 11 0 0 0 94 0 0 0 0 0 0 0 0 0 0 0 0 0 0 0 0 0 64 0 0 0 0 0 0 0 68 0 0 40 0 0 0 0 0 10 0 0 0 15 0 0 0 0 0 64 0 0 0 0 0 0 0 0 0 0 0 0 0 0 0 0 25 0 0 0 0 0 0 0 0 0 0 0 0 0 0 0 0 0 0 98 
0 0 0 0 0 0 0 13 0 0 0 0 0 0 0 0 0 0 0 0 0 0 0 0 0 0 0 0 0 0 0 0 0 0 0 0 0 0 9 0 0 50 0 0 0 56 0 0 0 0 0 0 0 22 0 0 0 65 0 0 0 0 0 0 0 47 0 0 0 0 0 0 0 0 0 0 0 0 0 91 70 0 0 10 0 18 0 0 0 0 0 0 3 94 0 0 32 0 0 0 
0 0 0 0 0 0 96 0 0 0 0 0 0 0 27 12 0 0 0 36 0 0 0 32 0 21 53 0 0 0 0 0 0 0 0 0 0 0 0 0 0 84 0 0 0 26 0 0 0 0 0 0 0 0 0 0 74 0 34 0 0 0 0 0 0 0 0 0 0 0 19 0 0 0 31 0 0 23 0 0 0 0 0 0 0 0 0 0 0 0 0 0 0 0 0 0 0 0 0 0 
93 0 0 0 0 0 0 0 0 0 0 0 0 94 0 0 0 20 0 0 92 0 0 53 5 0 0 0 0 0 0 0 0 0 0 0 0 0 0 0 0 0 0 100 10 0 0 0 0 0 0 0 0 0 20 10 0 0 0 0 0 0 0 0 0 0 0 80 0 0 39 94 0 0 0 0 0 0 0 60 0 86 0 0 0 0 0 0 0 0 0 0 0 0 0 0 0 0 0 0 
0 0 0 0 0 0 0 0 0 0 0 0 0 0 65 0 0 0 0 0 0 0 0 0 0 0 0 0 0 0 0 0 0 70 0 0 0 0 0 0 0 0 0 0 0 0 0 0 0 98 0 0 0 86 0 0 0 0 0 0 0 0 0 0 0 0 0 0 0 0 0 0 0 0 22 0 0 0 0 0 0 0 88 0 95 0 0 0 6 21 0 0 0 0 0 66 0 0 0 0 
0 0 3 19 0 0 60 0 0 0 0 0 0 0 0 0 0 0 0 0 0 0 49 0 0 0 0 0 74 0 0 0 0 0 0 0 0 0 0 0 0 58 0 0 0 0 0 0 0 0 0 0 0 0 0 0 0 0 0 0 0 58 0 0 0 0 0 0 0 0 36 0 0 0 0 0 0 0 0 0 0 0 6 0 0 0 0 0 0 0 0 0 0 0 0 0 0 0 84 0 
0 0 0 14 0 0 0 0 0 0 94 0 0 0 90 31 0 0 0 0 0 4 0 0 0 38 59 0 0 0 0 0 0 0 0 81 0 0 0 0 0 0 0 0 0 57 0 0 0 0 0 0 0 46 0 0 52 0 0 0 0 0 0 0 0 0 0 0 46 0 0 0 0 0 0 0 0 0 0 42 0 86 0 0 0 0 0 0 0 0 0 0 0 0 40 0 0 0 0 0 
30 0 0 0 0 0 0 11 0 27 0 65 0 90 0 0 76 0 0 0 99 0 0 97 0 0 0 0 0 0 0 47 0 0 0 0 0 46 31 0 0 0 0 0 0 0 0 0 0 0 0 0 0 0 0 0 0 0 14 0 0 0 88 0 0 0 0 0 0 4 0 0 0 0 0 0 0 0 0 0 0 0 0 0 0 0 0 0 43 0 0 0 0 0 0 0 0 0 0 0 
0 0 0 78 0 0 0 0 0 12 0 0 0 31 0 0 0 0 0 0 0 0 0 0 0 0 0 0 0 0 0 13 0 0 0 0 0 0 0 48 0 0 0 0 0 0 0 0 70 0 0 0 0 0 0 70 0 0 0 72 0 0 0 0 0 0 0 0 0 0 0 0 0 0 0 0 0 0 0 0 0 0 0 0 0 32 0 0 0 0 20 29 0 0 0 0 0 0 0 0 
0 0 0 0 0 55 0 0 0 0 0 0 0 0 76 0 0 0 0 12 0 0 0 0 0 0 0 0 28 43 15 0 0 0 0 0 0 0 0 0 0 0 0 0 57 0 0 0 70 0 0 0 0 0 0 0 0 0 81 0 0 0 0 0 0 0 0 0 0 0 0 20 38 0 0 0 0 0 0 0 0 0 0 0 0 0 0 0 0 0 57 47 0 0 0 0 8 0 0 0 
0 0 0 0 0 38 0 0 0 0 20 0 0 0 0 0 0 0 0 0 0 0 0 0 25 0 0 27 0 83 28 0 0 0 0 0 0 0 0 0 0 0 0 0 0 0 0 0 0 0 53 0 0 0 0 0 0 0 0 0 0 0 0 0 0 11 24 0 0 0 0 0 0 0 0 0 0 50 0 0 48 11 0 0 47 0 0 0 0 0 0 0 0 0 0 0 0 0 0 0 
0 0 0 0 0 0 0 94 0 0 0 0 0 0 0 0 0 0 0 0 0 0 0 0 0 0 0 0 0 0 0 0 0 0 0 0 0 0 0 0 0 0 0 0 0 0 0 0 0 0 0 0 0 0 28 0 0 0 0 0 0 0 0 48 0 27 0 0 0 0 0 0 0 0 0 0 0 37 0 0 0 0 0 68 0 0 0 0 0 0 0 0 0 0 46 0 0 0 0 33 
58 0 0 0 0 0 0 0 0 36 0 0 0 0 0 0 12 0 0 0 0 0 0 0 0 0 0 0 0 0 0 0 0 0 0 0 0 0 0 0 0 0 0 0 84 61 0 0 0 0 0 6 0 62 61 0 0 59 0 0 0 0 0 0 0 0 0 0 84 0 0 67 0 0 0 19 0 0 0 8 0 0 30 0 0 21 0 0 0 0 0 0 0 0 0 0 0 0 0 0 
0 0 0 0 0 0 0 0 0 0 92 0 0 0 99 0 0 0 0 0 0 0 0 0 0 0 0 0 0 0 0 0 31 0 0 0 0 0 0 0 0 0 0 0 50 0 0 0 0 0 0 0 0 0 0 0 0 9 0 0 0 0 0 0 0 0 14 0 0 0 0 0 0 0 0 0 0 0 0 10 0 0 45 71 0 0 0 0 0 0 0 0 0 0 0 0 86 0 0 0 
0 0 0 87 0 0 0 0 0 0 0 0 0 4 0 0 0 0 0 0 0 0 0 0 0 0 0 0 0 0 0 0 0 79 0 0 0 0 0 0 0 0 0 0 0 0 22 0 0 0 0 0 48 0 0 1 0 0 0 0 0 0 0 0 0 0 0 0 0 44 0 16 0 0 0 0 0 0 0 0 0 0 33 0 0 0 36 0 0 0 88 0 11 0 0 0 0 0 0 0 
0 88 0 0 0 0 0 0 0 0 0 0 49 0 0 0 0 0 0 0 0 0 0 0 91 0 0 0 0 21 0 0 0 0 0 34 0 0 0 0 0 0 0 0 0 0 0 27 90 0 55 61 0 0 0 0 0 0 0 0 0 85 0 0 0 0 0 0 0 0 0 0 0 63 0 0 29 0 0 0 0 0 0 0 97 0 59 0 0 0 0 0 0 0 0 0 68 0 0 0 
0 0 0 0 0 72 23 0 0 32 53 0 0 0 97 0 0 0 0 0 0 0 0 0 0 82 0 0 0 0 74 0 0 0 0 56 88 0 0 0 62 0 0 0 0 0 0 0 0 0 0 0 0 0 0 0 0 0 0 0 0 0 0 0 0 0 0 0 0 0 0 0 0 0 0 44 0 0 0 0 0 9 0 0 33 0 82 0 0 0 0 0 0 0 0 0 0 53 0 0 
0 0 0 0 0 0 0 0 0 0 5 0 0 0 0 0 0 25 0 0 0 0 91 0 0 41 0 0 0 21 0 0 0 0 0 0 0 0 0 0 0 38 0 0 0 0 0 0 0 0 0 0 0 0 0 0 0 0 0 0 14 0 0 0 0 0 35 0 0 90 0 0 0 0 0 0 0 71 0 0 0 0 0 0 4 0 0 0 0 0 54 0 0 34 56 0 69 0 0 0 
0 12 0 0 0 0 0 0 0 21 0 0 0 38 0 0 0 0 0 0 0 0 0 82 41 0 22 0 0 0 22 0 0 0 0 0 0 0 0 0 0 0 0 0 0 0 59 0 0 37 0 0 0 0 0 0 0 0 0 0 0 0 0 0 0 0 0 0 0 0 0 0 0 0 0 0 0 59 14 0 0 0 0 60 0 0 0 0 0 0 0 0 0 0 0 0 0 0 0 0 
0 0 0 31 0 0 10 0 0 53 0 0 0 59 0 0 0 0 0 0 0 0 0 0 0 22 0 0 0 0 0 0 0 0 0 0 30 0 0 0 0 0 0 0 0 0 0 40 0 0 0 0 0 9 0 0 0 0 0 68 0 0 0 0 0 0 37 19 0 0 0 0 0 0 0 61 0 80 0 0 0 0 0 0 0 0 0 0 0 0 0 0 0 0 0 0 24 0 0 64 
9 0 58 77 0 0 0 0 0 0 0 0 0 0 0 0 0 27 0 0 0 0 0 0 0 0 0 0 0 0 0 0 0 0 0 0 0 0 100 0 19 0 0 0 0 0 0 0 0 0 0 0 0 0 0 0 33 0 0 0 52 0 0 0 0 0 0 0 0 0 0 53 38 0 0 47 0 0 58 0 78 0 0 0 0 0 0 0 0 0 0 0 64 0 0 0 0 0 0 55 
77 0 36 57 0 0 0 0 0 0 0 0 74 0 0 0 28 0 0 0 0 0 0 0 0 0 0 0 0 0 19 0 0 0 0 45 0 0 0 0 0 0 0 0 0 0 66 0 0 0 0 0 0 0 0 0 0 0 0 0 0 0 0 0 11 0 16 0 0 0 61 12 0 0 0 0 0 0 39 93 0 0 0 0 0 0 0 0 0 0 0 0 0 0 0 19 0 0 0 0 
7 0 0 0 0 0 0 0 0 0 0 0 0 0 0 0 43 83 0 0 0 0 21 0 21 0 0 0 0 0 0 0 0 0 0 16 0 0 0 0 0 95 0 0 0 0 0 0 39 0 0 0 84 0 0 0 0 0 0 26 0 0 0 0 0 0 0 0 0 57 84 0 34 0 0 22 0 0 0 0 0 0 0 0 0 0 0 83 0 0 0 0 0 0 0 0 0 0 0 0 
0 0 0 0 0 0 0 0 0 0 0 0 0 0 0 0 15 28 0 0 0 0 0 74 0 22 0 0 19 0 0 13 0 0 0 29 0 0 0 98 16 0 0 0 0 0 88 0 0 0 0 0 0 0 0 0 0 0 24 0 0 14 0 0 0 0 0 0 0 0 0 0 0 0 0 0 27 0 0 0 0 0 0 0 20 0 0 60 0 0 0 0 0 0 0 0 0 0 0 0 
0 0 0 0 0 0 0 0 0 0 0 0 0 0 47 13 0 0 0 0 0 0 0 0 0 0 0 0 0 0 13 0 88 0 0 0 0 0 0 0 45 0 0 0 0 0 0 0 0 0 0 0 0 0 0 0 0 0 47 0 0 0 0 0 0 56 0 25 0 0 0 0 0 0 65 0 0 0 0 0 0 0 0 0 0 0 0 0 0 39 0 0 0 19 0 0 0 0 0 0 
0 66 0 0 68 0 32 0 0 0 0 0 0 0 0 0 0 0 0 0 31 0 0 0 0 0 0 0 0 0 0 88 0 0 0 0 92 0 0 0 0 0 0 0 0 0 0 0 0 0 0 0 0 0 0 0 0 0 0 2 0 0 0 0 22 9 0 0 0 0 0 65 0 0 0 35 0 0 0 0 0 0 0 0 89 0 0 0 0 0 29 0 0 0 0 36 0 0 0 50 
0 0 0 0 15 0 0 0 0 0 0 70 0 0 0 0 0 0 0 0 0 79 0 0 0 0 0 0 0 0 0 0 0 0 0 0 0 0 0 0 0 28 0 0 0 0 0 0 0 0 0 0 24 0 0 100 0 0 0 0 0 0 70 0 0 0 0 0 60 100 0 0 0 0 0 0 0 0 0 0 0 0 0 0 19 0 0 0 0 0 16 94 0 84 0 0 0 0 0 0 
0 0 0 0 0 0 0 0 0 0 0 0 0 0 0 0 0 0 0 0 0 0 0 0 0 0 0 0 0 0 0 0 0 0 0 0 0 0 0 0 0 0 0 0 0 23 0 0 0 0 0 0 0 0 0 0 0 0 96 0 0 0 0 0 0 53 0 0 15 0 0 7 0 0 0 0 18 0 0 0 0 0 0 0 0 0 0 0 0 0 0 0 0 64 39 0 0 48 0 0 
0 0 0 0 0 46 0 0 0 0 0 0 0 81 0 0 0 0 0 0 0 0 34 56 0 0 0 0 45 16 29 0 0 0 0 0 0 0 0 0 0 0 18 0 0 80 0 74 0 0 0 0 0 0 0 0 20 0 0 59 0 0 63 0 0 0 0 0 0 0 0 0 0 0 0 0 34 0 0 0 0 0 0 0 0 0 17 0 0 0 0 0 0 0 0 0 0 0 0 0 
0 0 0 0 0 0 0 64 0 0 0 0 0 0 0 0 0 0 0 0 0 0 0 88 0 0 30 0 0 0 0 0 92 0 0 0 0 0 0 16 0 0 0 0 0 0 0 0 0 0 12 0 0 0 0 0 0 7 0 0 0 0 0 0 0 0 0 0 0 0 0 0 0 0 3 0 0 0 0 0 0 0 0 0 0 0 0 0 0 25 0 0 0 0 0 0 0 0 0 65 
0 0 0 0 0 0 0 0 0 0 0 0 0 0 46 0 0 0 0 0 0 0 0 0 0 0 0 0 0 0 0 0 0 0 0 0 0 0 0 0 0 0 0 0 0 0 0 0 0 0 0 66 0 0 0 0 0 12 0 0 0 3 0 0 0 0 0 0 0 0 90 0 0 0 0 0 0 0 16 0 0 0 0 5 0 0 0 0 0 0 0 0 0 0 0 0 55 0 0 0 
0 0 0 0 0 0 0 0 9 0 0 0 0 0 31 0 0 0 0 0 0 0 0 0 0 0 0 100 0 0 0 0 0 0 0 0 0 0 0 0 0 0 86 0 0 0 0 46 0 85 75 0 0 0 0 0 0 0 0 0 0 0 0 17 0 0 0 0 0 0 0 56 0 0 0 0 0 0 0 0 0 0 48 0 0 26 0 0 32 0 0 38 0 0 0 0 33 7 0 0 
50 0 0 0 0 0 0 0 0 0 0 0 0 0 0 48 0 0 0 0 0 0 0 0 0 0 0 0 0 0 98 0 0 0 0 0 16 0 0 0 8 0 0 0 0 0 0 0 11 0 0 0 0 0 0 0 59 0 37 0 0 0 0 0 0 0 0 0 52 0 0 0 0 86 0 0 0 0 0 0 0 0 0 0 0 0 0 0 0 0 0 97 0 39 0 0 0 0 0 0 
0 0 0 0 80 0 0 0 0 0 0 0 0 0 0 0 0 0 0 0 0 0 0 62 0 0 0 19 0 0 16 45 0 0 0 0 0 0 0 8 0 0 0 0 0 0 0 0 0 0 56 0 0 0 0 0 16 0 0 0 86 0 53 0 0 0 0 0 0 5 0 0 0 0 0 0 0 0 0 0 0 70 0 0 0 0 0 58 0 0 0 0 0 0 0 17 0 0 51 0 
0 0 0 0 0 0 0 0 50 84 0 0 58 0 0 0 0 0 0 0 0 0 0 0 38 0 0 0 0 95 0 0 0 28 0 0 0 0 0 0 0 0 0 0 0 0 0 0 0 0 0 0 0 0 0 0 0 0 0 0 0 0 0 0 0 0 0 0 0 0 0 0 0 0 0 0 61 0 0 63 0 0 0 55 60 0 96 0 0 0 0 0 0 0 0 0 0 0 0 0 
0 0 78 0 0 37 0 0 0 0 0 0 0 0 0 0 0 0 0 0 0 0 0 0 0 0 0 0 0 0 0 0 0 0 0 18 0 0 86 0 0 0 0 0 0 0 0 0 0 0 82 0 0 0 0 0 0 0 10 0 0 0 0 0 0 0 0 0 0 0 0 48 0 0 29 0 0 0 0 0 0 0 0 0 0 0 0 0 0 69 0 0 0 0 0 0 0 0 0 0 
0 91 0 0 0 0 50 0 0 0 100 0 0 0 0 0 0 0 0 0 0 0 0 0 0 0 0 0 0 0 0 0 0 0 0 0 0 0 0 0 0 0 0 0 0 0 0 0 85 0 0 0 13 0 0 0 45 0 0 0 0 0 0 0 0 0 0 0 0 0 0 0 0 0 52 0 0 0 0 0 36 73 0 0 0 0 0 0 64 0 0 10 0 0 87 0 0 99 0 0 
0 27 0 0 0 0 0 68 0 0 10 0 0 0 0 0 57 0 0 84 50 0 0 0 0 0 0 0 0 0 0 0 0 0 0 0 0 0 0 0 0 0 0 0 0 0 0 0 79 0 0 0 77 0 0 0 0 0 0 0 0 0 0 0 57 0 0 0 0 0 0 0 0 0 0 0 0 0 0 0 0 0 0 0 0 0 0 0 0 0 0 56 0 0 0 0 0 0 0 0 
0 0 0 0 0 0 0 0 56 26 0 0 0 57 0 0 0 0 0 61 0 0 0 0 0 0 0 0 0 0 0 0 0 0 23 80 0 0 0 0 0 0 0 0 0 0 0 30 0 0 0 8 38 0 0 0 0 0 0 0 0 0 0 0 0 0 0 0 61 0 0 0 0 0 0 0 0 50 0 0 0 0 0 67 0 0 0 0 96 0 0 0 0 0 0 0 0 0 0 66 
0 0 0 0 44 0 0 0 0 0 0 0 0 0 0 0 0 0 0 0 0 22 0 0 0 59 0 0 66 0 88 0 0 0 0 0 0 0 0 0 0 0 0 0 0 0 0 0 0 0 0 0 0 0 0 0 0 0 0 0 0 12 0 0 0 0 0 5 0 0 0 81 62 30 0 0 0 0 0 0 46 0 0 0 0 0 0 0 0 0 0 67 0 0 0 0 0 0 0 0 
0 0 87 0 0 0 0 40 0 0 0 0 0 0 0 0 0 0 0 0 0 0 27 0 0 0 40 0 0 0 0 0 0 0 0 74 0 0 46 0 0 0 0 0 0 30 0 0 0 0 0 0 78 0 0 0 70 0 0 0 0 0 0 0 39 0 90 0 0 0 0 0 0 0 0 75 0 0 0 0 0 0 0 0 0 36 0 0 0 0 0 0 12 0 0 0 14 0 0 0 
0 9 0 0 0 0 0 0 0 0 0 0 0 0 0 70 70 0 0 0 0 0 90 0 0 0 0 0 0 39 0 0 0 0 0 0 0 0 0 11 0 0 0 85 79 0 0 0 0 0 0 0 0 0 92 0 90 0 0 0 0 0 0 0 0 8 0 0 73 0 0 0 0 0 0 0 76 0 0 0 0 0 0 0 0 0 0 0 0 0 0 0 0 0 8 0 0 0 0 0 
0 0 0 0 0 0 4 0 0 0 0 98 0 0 0 0 0 0 0 0 0 0 0 0 0 37 0 0 0 0 0 0 0 0 0 0 0 0 85 0 0 0 0 0 0 0 0 0 0 0 0 0 0 79 0 0 0 0 0 0 91 34 0 0 0 0 0 0 94 0 0 0 0 0 0 0 0 0 0 0 0 100 57 0 0 0 0 0 0 0 0 0 0 0 0 0 0 0 0 0 
12 0 0 0 0 0 3 0 0 0 0 0 0 0 0 0 0 53 0 0 0 0 55 0 0 0 0 0 0 0 0 0 0 0 0 0 12 0 75 0 56 0 82 0 0 0 0 0 0 0 0 0 0 0 0 28 0 0 0 0 85 0 0 52 0 0 0 0 0 0 0 0 0 0 0 0 0 0 25 0 0 0 0 0 0 0 0 0 0 0 0 0 36 0 0 0 0 0 0 0 
14 0 0 0 0 0 0 0 0 0 0 0 0 0 0 0 0 0 0 6 0 0 61 0 0 0 0 0 0 0 0 0 0 0 0 0 0 66 0 0 0 0 0 0 0 8 0 0 0 0 0 0 0 0 0 0 0 0 0 0 0 0 0 0 0 0 0 0 0 0 0 0 3 68 0 0 59 32 0 0 0 75 0 25 0 0 0 0 27 0 0 73 0 0 0 0 0 0 35 0 
15 0 0 0 0 0 0 0 0 0 0 0 0 0 0 0 0 0 0 0 0 48 0 0 0 0 0 0 0 84 0 0 0 24 0 0 0 0 0 0 0 0 0 13 77 38 0 78 0 0 0 0 0 0 0 0 0 0 0 0 0 45 0 0 83 0 0 0 0 0 0 0 0 0 0 50 0 0 0 0 61 0 0 0 0 0 15 0 84 0 0 0 0 0 60 0 0 0 0 0 
0 0 0 97 86 0 0 10 22 0 0 86 0 46 0 0 0 0 0 62 0 0 0 0 0 0 9 0 0 0 0 0 0 0 0 0 0 0 0 0 0 0 0 0 0 0 0 0 0 79 0 0 0 0 0 0 0 0 0 0 0 35 0 93 0 0 0 0 89 0 0 0 0 0 76 0 0 0 0 0 0 0 0 0 0 0 0 98 0 0 0 0 0 0 0 0 0 0 100 0 
0 0 0 49 0 72 0 0 0 0 20 0 0 0 0 0 0 0 28 61 0 0 0 0 0 0 0 0 0 0 0 0 0 0 0 0 0 0 0 0 0 0 0 0 0 0 0 0 92 0 0 0 0 0 0 0 99 43 0 6 0 0 98 0 0 0 0 0 0 0 0 0 37 0 0 0 0 0 0 0 0 0 0 0 0 0 48 0 0 0 11 0 0 0 85 0 0 85 0 0 
0 18 0 0 0 0 0 0 0 0 10 0 0 0 0 70 0 0 0 0 0 1 0 0 0 0 0 0 0 0 0 0 0 100 0 0 0 0 0 0 0 0 0 0 0 0 0 0 0 0 28 0 0 0 0 0 0 0 0 0 0 0 0 0 0 0 20 0 0 0 89 0 0 0 0 0 0 0 0 0 0 0 0 0 0 0 0 63 0 0 0 0 0 25 0 0 0 69 0 0 
0 0 0 0 0 0 0 0 0 74 0 0 0 52 0 0 0 0 0 0 0 0 0 0 0 0 0 33 0 0 0 0 0 0 0 20 0 0 0 59 16 0 0 45 0 0 0 70 90 0 0 0 0 0 99 0 0 0 19 0 0 35 0 0 0 0 0 0 0 0 0 0 0 0 0 0 0 0 66 0 0 0 0 0 0 0 0 30 0 0 0 0 0 0 0 0 0 0 0 0 
0 37 28 0 0 0 0 15 65 0 0 0 0 0 0 0 0 0 0 59 9 0 0 0 0 0 0 0 0 0 0 0 0 0 0 0 7 12 0 0 0 0 0 0 0 0 0 0 0 0 0 0 0 0 43 0 0 0 0 0 0 0 0 0 0 0 0 30 0 0 0 0 0 99 0 0 0 0 20 0 0 0 84 0 0 0 0 0 0 0 11 0 0 0 0 31 0 0 0 0 
0 0 0 0 0 69 0 0 0 34 0 0 0 0 14 0 81 0 0 0 0 0 0 0 0 0 0 0 0 0 24 47 0 0 96 0 0 0 0 37 0 0 10 0 0 0 0 0 0 0 0 0 0 0 0 0 19 0 0 0 0 0 0 0 0 0 0 0 0 0 0 0 0 0 0 0 0 0 68 0 0 0 0 0 0 0 0 0 49 0 0 0 0 0 0 0 0 0 0 0 
0 0 0 0 89 0 0 0 0 0 0 0 0 0 0 72 0 0 0 0 0 0 0 0 0 0 68 0 0 26 0 0 2 0 0 59 0 0 0 0 0 0 0 0 0 0 0 0 0 0 0 0 0 0 6 0 0 0 0 0 0 0 0 0 0 0 0 0 0 34 0 0 0 0 0 0 0 0 99 0 0 0 9 5 0 0 35 95 0 0 0 0 0 0 0 0 0 15 4 0 
0 0 0 0 45 0 0 0 0 0 0 0 0 0 0 0 0 0 0 0 0 0 0 0 14 0 0 52 0 0 0 0 0 0 0 0 0 0 0 0 86 0 0 0 0 0 0 0 0 91 85 0 0 0 0 0 0 0 0 0 0 0 0 0 0 0 0 0 0 0 51 0 0 0 49 7 0 0 0 0 0 5 0 0 0 0 0 0 0 0 0 0 0 65 58 0 0 0 79 0 
0 0 0 0 84 0 0 0 0 0 0 0 58 0 0 0 0 0 0 0 0 0 85 0 0 0 0 0 0 0 14 0 0 0 0 0 0 3 0 0 0 0 0 0 0 0 12 0 0 34 0 0 45 35 0 0 35 0 0 0 0 0 0 0 0 0 0 48 0 0 0 62 0 0 0 0 0 0 0 0 0 0 0 0 81 0 0 0 0 0 0 0 0 0 47 74 0 0 0 0 
0 99 0 0 27 0 0 0 0 0 0 0 0 0 88 0 0 0 0 0 0 0 0 0 0 0 0 0 0 0 0 0 0 70 0 63 0 0 0 0 53 0 0 0 0 0 0 0 0 0 0 0 0 0 98 0 0 0 0 0 0 0 0 8 0 0 0 0 0 0 0 0 0 55 0 59 0 0 0 86 55 23 0 0 0 0 0 0 0 0 0 0 2 0 0 0 0 6 0 0 
0 0 0 97 0 0 17 64 0 0 0 0 0 0 0 0 0 0 48 0 0 0 0 0 0 0 0 0 0 0 0 0 0 0 0 0 0 0 17 0 0 0 0 0 0 0 0 0 0 0 52 0 0 93 0 0 0 0 0 0 0 0 8 0 77 0 0 0 0 0 0 19 0 0 0 0 0 25 0 0 0 88 0 0 0 92 0 0 0 40 0 0 0 0 0 0 19 0 0 0 
0 58 0 0 0 0 0 0 0 0 0 0 0 0 0 0 0 0 0 0 0 0 0 0 0 0 0 0 11 0 0 0 22 0 0 0 0 0 0 0 0 0 0 0 57 0 0 39 0 0 0 0 83 0 0 0 0 0 0 0 0 0 0 77 0 0 0 0 0 0 0 0 96 0 0 0 0 0 0 42 0 0 0 0 0 25 0 0 7 0 0 0 0 0 0 0 0 0 0 0 
0 0 0 0 0 0 0 0 47 0 0 0 0 0 0 0 0 11 27 0 0 0 0 0 0 0 0 0 0 0 0 56 9 0 53 0 0 0 0 0 0 0 0 0 0 0 0 0 8 0 0 0 0 0 0 0 0 0 0 0 0 0 0 0 0 0 0 0 0 69 21 59 0 0 0 0 0 0 0 0 0 0 0 0 0 0 36 0 0 0 0 0 0 79 0 0 39 0 0 0 
0 0 0 9 0 0 0 0 0 0 0 0 0 0 0 0 0 24 0 0 14 0 0 0 35 0 37 0 16 0 0 0 0 0 0 0 0 0 0 0 0 0 0 0 0 0 0 90 0 0 0 0 0 0 0 20 0 0 0 0 0 0 0 0 0 0 0 0 0 0 0 0 4 0 0 0 52 0 0 11 0 0 40 0 0 0 0 0 0 0 0 0 0 0 0 0 0 0 0 0 
0 0 20 0 0 25 0 0 0 0 80 0 0 0 0 0 0 0 0 0 0 0 0 0 0 0 19 0 0 0 0 25 0 0 0 0 0 0 0 0 0 0 0 0 0 0 5 0 0 0 0 0 0 0 0 0 0 30 0 0 0 48 0 0 0 0 0 0 0 40 0 0 0 0 0 0 0 0 0 0 81 0 97 0 0 0 86 0 0 0 15 0 0 28 0 0 0 0 0 37 
0 0 0 0 0 0 0 0 0 0 0 0 0 46 0 0 0 0 0 84 0 0 0 0 0 0 0 0 0 0 0 0 0 60 15 0 0 0 0 52 0 0 0 0 0 61 0 0 73 94 0 0 0 89 0 0 0 0 0 0 0 0 0 0 0 0 0 0 0 0 0 0 0 0 64 0 70 4 0 0 0 0 0 0 0 0 0 64 0 0 0 0 0 0 0 16 0 0 1 0 
0 0 0 0 0 0 0 0 0 0 0 0 0 0 4 0 0 0 0 0 0 44 0 0 90 0 0 0 0 57 0 0 0 100 0 0 0 0 0 0 5 0 0 0 0 0 0 0 0 0 0 0 0 0 0 0 0 0 0 34 0 0 0 0 0 69 0 40 0 0 0 0 0 0 65 0 0 0 0 0 0 0 0 0 46 0 0 0 57 43 88 0 0 0 0 0 0 0 60 0 
0 0 20 0 19 0 0 0 0 19 39 0 36 0 0 0 0 0 0 0 0 0 0 0 0 0 0 0 61 84 0 0 0 0 0 0 0 90 0 0 0 0 0 0 0 0 0 0 0 0 0 0 0 0 0 89 0 0 0 0 51 0 0 0 0 21 0 0 0 0 0 0 0 0 0 0 0 14 0 0 0 0 0 0 0 0 0 48 0 0 0 0 0 0 0 78 0 0 50 0 
0 0 0 0 0 0 0 0 0 0 94 0 0 0 0 0 20 0 0 67 0 16 0 0 0 0 0 53 12 0 0 0 65 0 7 0 0 0 56 0 0 0 48 0 0 0 81 0 0 0 0 0 0 0 0 0 0 0 0 0 0 62 0 19 0 59 0 0 0 0 0 0 0 0 0 0 0 0 0 0 0 0 0 0 0 0 0 0 0 20 0 0 0 0 0 0 0 0 0 0 
0 0 0 36 0 0 0 0 0 0 0 0 0 0 0 0 38 0 0 0 0 0 0 0 0 0 0 38 0 34 0 0 0 0 0 0 0 0 0 0 0 0 0 0 0 0 62 0 0 0 0 3 0 0 37 0 0 0 0 0 0 0 0 0 96 0 4 0 0 0 0 0 0 2 0 0 0 74 0 0 0 0 0 0 0 29 0 0 0 0 0 0 0 0 0 0 0 30 0 0 
0 0 0 0 0 0 0 0 0 0 0 0 0 0 0 0 0 0 0 0 0 0 63 0 0 0 0 0 0 0 0 0 0 0 0 0 0 0 0 86 0 0 0 0 0 0 30 0 0 0 0 68 0 0 0 0 0 99 0 0 0 0 55 0 0 0 0 0 0 0 0 0 2 0 0 65 0 0 0 0 0 0 15 0 0 0 53 0 0 76 15 0 0 0 0 0 0 0 88 41 
0 0 0 0 0 47 0 0 0 31 0 22 0 0 0 0 0 0 0 0 0 0 0 0 0 0 0 0 0 0 0 65 0 0 0 0 3 0 0 0 0 0 29 52 0 0 0 0 0 0 0 0 0 76 0 0 0 0 0 0 49 0 0 0 0 0 0 0 64 65 0 0 0 0 0 0 0 0 0 0 0 0 0 0 53 1 83 0 0 0 0 0 0 0 0 0 0 0 0 0 
0 0 0 0 0 0 0 0 0 0 0 0 0 0 0 0 0 0 0 19 0 0 0 44 0 0 61 47 0 22 0 0 35 0 0 0 0 0 0 0 0 0 0 0 0 0 0 75 0 0 0 0 50 0 0 0 0 0 0 0 7 0 59 0 0 0 0 0 0 0 0 0 0 65 0 0 0 0 78 0 97 26 0 72 0 0 0 0 0 0 0 0 0 0 0 0 0 0 0 0 
0 28 0 0 0 0 30 0 0 0 0 0 0 0 0 0 0 0 0 0 0 0 29 0 0 0 0 0 0 0 27 0 0 0 18 34 0 0 0 0 0 61 0 0 0 0 0 0 76 0 0 59 0 0 0 0 0 0 0 0 0 0 0 0 0 0 52 0 70 0 0 0 0 0 0 0 0 0 0 45 0 0 0 0 0 0 0 0 0 0 0 0 0 0 0 86 0 0 88 0 
0 0 0 0 0 0 0 0 0 23 0 0 0 0 0 0 0 50 37 0 0 0 0 0 71 59 80 0 0 0 0 0 0 0 0 0 0 0 0 0 0 0 0 0 0 50 0 0 0 0 0 32 0 0 0 0 0 0 0 0 0 0 0 25 0 0 0 0 4 0 14 0 74 0 0 0 0 0 0 85 0 0 0 0 0 50 0 0 3 0 0 0 0 0 0 0 0 0 0 0 
0 0 0 0 0 0 0 0 0 0 0 0 0 0 0 0 0 0 0 0 0 0 0 0 0 14 0 58 39 0 0 0 0 0 0 0 0 16 0 0 0 0 0 0 0 0 0 0 0 0 25 0 0 0 0 0 66 20 68 99 0 0 0 0 0 0 0 0 0 0 0 0 0 0 0 78 0 0 0 0 0 0 0 0 0 0 0 31 75 28 0 0 0 0 1 0 0 0 0 37 
0 0 0 0 0 0 0 0 91 0 60 0 0 42 0 0 0 0 0 8 10 0 0 0 0 0 0 0 93 0 0 0 0 0 0 0 0 0 0 0 0 63 0 0 0 0 0 0 0 0 0 0 0 0 0 0 0 0 0 0 0 0 86 0 42 0 11 0 0 0 0 0 0 0 0 0 45 85 0 0 0 0 8 0 0 0 0 0 0 0 0 0 0 0 98 0 0 0 76 0 
0 0 0 0 0 0 0 25 70 0 0 0 0 0 0 0 0 48 0 0 0 0 0 0 0 0 0 78 0 0 0 0 0 0 0 0 0 0 0 0 0 0 0 36 0 0 46 0 0 0 0 0 61 0 0 0 0 0 0 0 0 0 55 0 0 0 0 81 0 0 0 0 0 0 0 97 0 0 0 0 0 0 0 0 0 0 0 0 0 0 0 0 0 63 0 0 0 0 0 0 
5 0 0 0 0 0 0 0 0 0 86 0 0 86 0 0 0 11 0 0 0 0 0 9 0 0 0 0 0 0 0 0 0 0 0 0 0 0 0 0 70 0 0 73 0 0 0 0 0 100 0 75 0 0 0 0 0 0 0 0 5 0 23 88 0 0 0 0 0 0 0 0 0 0 0 26 0 0 0 0 0 0 0 0 0 0 0 0 0 0 0 46 0 0 0 78 0 0 0 0 
0 0 0 0 0 0 0 0 0 0 0 88 6 0 0 0 0 0 0 30 45 33 0 0 0 0 0 0 0 0 0 0 0 0 0 0 0 0 48 0 0 0 0 0 0 0 0 0 0 57 0 0 0 0 0 0 0 84 0 9 0 0 0 0 0 0 40 97 0 0 0 0 0 15 0 0 0 0 0 8 0 0 0 0 0 0 0 0 83 0 0 0 99 0 0 0 0 0 0 0 
0 0 0 0 0 0 0 0 10 0 0 0 0 0 0 0 0 0 68 0 71 0 0 0 0 60 0 0 0 0 0 0 0 0 0 0 0 5 0 0 0 55 0 0 0 67 0 0 0 0 0 25 0 0 0 0 0 0 0 5 0 0 0 0 0 0 0 0 0 0 0 0 0 0 0 72 0 0 0 0 0 0 0 0 0 33 0 0 0 0 0 0 11 0 0 45 75 0 0 80 
0 0 0 0 0 0 0 0 0 0 0 95 0 0 0 0 0 47 0 0 0 0 97 33 4 0 0 0 0 0 20 0 89 19 0 0 0 0 0 0 0 60 0 0 0 0 0 0 0 0 0 0 0 0 0 0 0 0 0 0 0 81 0 0 0 0 0 0 0 46 0 0 0 0 53 0 0 0 0 0 0 0 0 0 0 0 0 0 0 0 0 0 1 0 0 75 0 0 84 0 
0 0 0 0 0 0 0 0 18 0 0 0 0 0 0 32 0 0 0 21 0 0 0 0 0 0 0 0 0 0 0 0 0 0 0 0 0 0 26 0 0 0 0 0 0 0 0 36 0 0 0 0 0 0 0 0 0 0 0 0 0 0 0 92 25 0 0 0 0 0 0 0 29 0 1 0 0 50 0 0 0 0 0 33 0 0 51 0 0 63 0 0 0 0 0 0 0 0 0 0 
0 0 77 0 0 0 0 0 0 0 0 0 0 0 0 0 0 0 0 0 0 36 59 82 0 0 0 0 0 0 0 0 0 0 0 17 0 0 0 0 0 96 0 0 0 0 0 0 0 0 0 0 15 0 48 0 0 0 0 35 0 0 0 0 0 36 0 86 0 0 0 0 0 53 83 0 0 0 0 0 0 0 0 0 0 51 0 0 0 0 0 0 57 0 0 0 0 0 0 0 
0 0 77 0 0 0 0 0 0 0 0 0 0 0 0 0 0 0 0 0 0 0 0 0 0 0 0 0 0 83 60 0 0 0 0 0 0 0 0 0 58 0 0 0 0 0 0 0 0 0 0 0 0 98 0 63 30 0 0 95 0 0 0 0 0 0 0 0 64 0 48 0 0 0 0 0 0 0 31 0 0 0 0 0 0 0 0 0 0 0 0 0 92 0 0 0 0 64 46 0 
0 15 0 0 0 0 0 0 0 0 0 6 0 0 43 0 0 0 0 0 0 0 0 0 0 0 0 0 0 0 0 0 0 0 0 0 0 0 32 0 0 0 0 64 0 96 0 0 0 0 0 27 84 0 0 0 0 0 49 0 0 0 0 0 7 0 0 0 0 57 0 0 0 0 0 0 0 3 75 0 0 0 83 0 0 0 0 0 0 0 0 0 0 0 0 0 0 0 0 71 
0 0 0 0 0 0 0 0 0 0 0 21 0 0 0 0 0 0 0 0 0 0 0 0 0 0 0 0 0 0 0 39 0 0 0 0 25 0 0 0 0 0 69 0 0 0 0 0 0 0 0 0 0 0 0 0 0 0 0 0 0 0 0 40 0 0 0 0 0 43 0 20 0 76 0 0 0 0 28 0 0 0 0 0 0 63 0 0 0 0 36 0 0 0 0 0 0 0 0 0 
0 0 24 0 0 0 0 0 0 0 0 0 0 0 0 20 57 0 0 0 0 88 0 0 54 0 0 0 0 0 0 0 29 16 0 0 0 0 0 0 0 0 0 0 0 0 0 0 0 0 0 0 0 0 11 0 0 11 0 0 0 0 0 0 0 0 0 15 0 88 0 0 0 15 0 0 0 0 0 0 0 0 0 0 0 0 0 0 0 36 0 0 0 0 0 0 0 71 0 0 
0 0 0 0 0 0 0 0 0 0 0 0 0 0 0 29 47 0 0 0 0 0 0 0 0 0 0 0 0 0 0 0 0 94 0 0 0 0 38 97 0 0 0 10 56 0 67 0 0 0 0 73 0 0 0 0 0 0 0 0 0 0 0 0 0 0 0 0 0 0 0 0 0 0 0 0 0 0 0 0 0 46 0 0 0 0 0 0 0 0 0 0 0 0 46 0 0 0 0 0 
0 0 0 0 0 74 0 0 3 0 0 0 0 0 0 0 0 0 0 0 0 11 0 0 0 0 0 64 0 0 0 0 0 0 0 0 0 0 0 0 0 0 0 0 0 0 0 12 0 0 36 0 0 0 0 0 0 0 0 0 0 0 2 0 0 0 0 0 0 0 0 0 0 0 0 0 0 0 0 0 0 0 99 11 1 0 57 92 0 0 0 0 0 17 0 0 0 0 0 0 
0 0 80 86 0 0 0 0 94 0 0 0 0 0 0 0 0 0 0 0 0 0 0 0 34 0 0 0 0 0 0 19 0 84 64 0 0 0 0 39 0 0 0 0 0 0 0 0 0 0 0 0 0 0 0 25 0 0 0 0 65 0 0 0 0 79 0 28 0 0 0 0 0 0 0 0 0 0 0 0 63 0 0 0 0 0 0 0 0 0 0 0 17 0 0 74 0 0 0 0 
0 39 85 0 0 0 0 0 0 0 0 0 0 40 0 0 0 0 46 0 0 0 0 0 56 0 0 0 0 0 0 0 0 0 39 0 0 0 0 0 0 0 0 87 0 0 0 0 8 0 0 0 60 0 85 0 0 0 0 0 58 47 0 0 0 0 0 0 0 0 0 0 0 0 0 0 0 0 1 98 0 0 0 0 0 0 0 0 0 0 0 46 0 0 0 0 0 0 0 0 
11 0 0 0 32 0 0 0 0 0 0 66 0 0 0 0 0 0 0 0 0 0 0 0 0 0 0 0 19 0 0 0 36 0 0 0 0 0 0 0 17 0 0 0 0 0 0 0 0 0 0 0 0 0 0 0 0 31 0 0 0 74 0 0 0 0 0 0 16 0 78 0 0 0 0 0 86 0 0 0 0 78 0 45 75 0 0 0 0 0 0 0 0 74 0 0 0 0 0 0 
0 0 0 0 60 0 0 0 32 0 0 0 0 0 0 0 8 0 0 0 86 0 68 0 69 0 24 0 0 0 0 0 0 0 0 0 0 55 33 0 0 0 0 0 0 0 0 14 0 0 0 0 0 0 0 0 0 0 0 0 0 0 0 19 0 39 0 0 0 0 0 0 0 0 0 0 0 0 0 0 0 0 0 75 0 0 0 0 0 0 0 0 0 0 0 0 0 0 0 0 
0 0 0 0 0 36 45 0 0 0 0 0 0 0 0 0 0 0 0 0 0 0 0 53 0 0 0 0 0 0 0 0 0 0 48 0 0 0 7 0 0 0 0 99 0 0 0 0 0 0 0 0 0 0 85 69 0 0 0 15 0 0 6 0 0 0 0 0 0 0 0 0 30 0 0 0 0 0 0 0 0 0 0 0 0 0 0 64 0 0 71 0 0 0 0 0 0 0 0 0 
0 0 0 0 0 0 0 0 0 0 0 0 84 0 0 0 0 0 0 0 0 0 0 0 0 0 0 0 0 0 0 0 0 0 0 0 0 0 0 0 51 0 0 0 0 0 0 0 0 0 0 35 0 100 0 0 0 0 0 4 79 0 0 0 0 0 0 0 1 60 50 0 0 88 0 0 88 0 0 76 0 0 0 0 84 0 0 46 0 0 0 0 0 0 0 0 0 0 0 29 
0 0 0 10 92 0 0 98 0 0 0 0 0 0 0 0 0 0 33 0 0 0 0 0 0 0 64 55 0 0 0 0 50 0 0 0 65 0 0 0 0 0 0 0 0 66 0 0 0 0 0 0 0 0 0 0 0 0 0 0 0 0 0 0 0 0 0 37 0 0 0 0 0 41 0 0 0 0 37 0 0 0 0 80 0 0 0 0 71 0 0 0 0 0 0 0 0 0 29 0 
