0 0 0 0 352 0 302 0 0 0 0 0 0 0 0 0 0 190 0 0 286 0 0 0 0 0 0 0 0 0 164 0 0 0 0 0 78 0 0 0 210 0 0 0 0 308 0 0 207 0 0 0 0 0 297 0 0 0 139 0 0 0 0 0 0 0 0 0 0 0 0 0 0 0 0 0 320 0 0 0 322 473 0 0 0 0 0 0 0 0 0 0 457 0 0 0 0 0 0 0 
0 0 0 0 132 0 0 49 0 0 0 0 0 0 0 0 0 0 0 0 0 0 0 0 0 0 477 0 0 0 0 0 0 0 35 0 0 0 0 0 0 0 0 478 0 0 0 0 0 0 307 0 0 0 0 0 0 0 0 0 0 0 0 0 0 140 0 162 0 0 0 0 0 0 0 0 0 0 0 0 0 0 400 296 0 0 0 88 0 0 0 0 0 0 282 0 0 12 0 0 
0 0 0 0 169 0 446 0 0 0 178 0 0 0 0 0 0 0 0 0 0 0 36 0 77 0 0 0 0 0 0 0 0 0 0 0 0 0 0 0 0 0 0 0 0 0 0 0 0 0 0 0 0 0 0 0 33 0 0 0 0 0 0 0 0 0 0 0 0 0 0 0 0 0 0 0 0 0 486 0 0 0 0 0 0 0 0 0 0 0 0 0 0 0 0 0 0 0 0 0 
0 0 0 0 0 0 0 0 0 0 0 0 0 0 0 0 154 0 0 0 0 0 0 0 0 0 0 0 0 0 0 0 0 0 79 0 0 26 0 0 0 0 0 229 0 0 91 82 0 0 0 0 0 0 0 0 0 0 0 0 0 0 0 0 0 0 0 0 0 0 0 0 0 0 0 0 385 0 0 0 0 250 0 0 0 329 0 0 0 0 0 0 0 0 0 0 0 273 0 0 
352 132 169 0 0 86 167 0 0 0 0 0 0 0 0 0 0 293 0 0 278 0 0 0 0 0 0 0 0 0 0 277 0 0 0 0 0 0 0 0 0 0 0 0 0 0 443 0 0 0 0 0 0 0 0 0 0 0 0 0 0 0 258 0 0 0 0 0 0 0 0 0 0 0 0 0 0 0 34 0 0 0 0 0 0 0 0 0 0 0 436 0 0 0 0 0 0 0 0 0 
0 0 0 0 86 0 108 0 0 0 0 0 0 406 0 0 357 0 0 408 0 0 0 0 0 0 0 0 0 0 0 0 0 0 0 0 0 0 0 0 0 0 0 0 0 0 0 124 0 0 0 0 0 0 0 0 0 0 0 0 0 0 0 0 0 0 0 0 0 222 0 0 488 0 0 0 0 482 0 0 0 0 357 0 0 213 0 0 0 319 0 248 468 0 0 0 0 0 91 0 
302 0 446 0 167 108 0 0 0 0 0 0 0 173 0 0 0 366 0 0 0 0 0 0 0 0 0 463 0 0 0 0 380 0 0 0 0 104 0 487 0 0 0 0 0 0 0 0 0 0 492 0 0 0 299 0 0 372 0 0 0 0 0 0 0 0 0 0 0 0 0 0 0 0 0 0 0 395 0 0 0 0 0 0 0 0 0 0 0 0 0 0 303 0 0 0 0 0 0 0 
0 49 0 0 0 0 0 0 0 0 0 0 0 0 0 0 0 0 0 0 0 0 0 0 0 0 0 24 0 0 0 42 0 0 0 0 0 0 0 0 0 456 0 0 0 0 439 0 0 0 0 0 0 0 360 0 0 0 0 0 0 0 104 0 179 0 0 0 0 0 0 0 0 0 0 0 0 0 0 0 0 0 0 0 0 0 192 0 132 0 0 0 0 0 0 21 0 291 0 0 
0 0 0 0 0 0 0 0 0 0 0 0 0 0 0 0 0 133 0 0 0 0 0 0 443 0 0 0 0 0 0 0 0 0 275 0 0 0 0 417 0 0 0 0 0 490 0 0 0 0 0 0 0 0 0 0 0 0 0 0 0 372 0 0 0 0 0 0 0 0 0 398 0 0 0 0 443 0 118 0 0 0 0 0 0 0 0 235 0 10 0 0 0 0 0 0 0 0 0 0 
0 0 0 0 0 0 0 0 0 0 458 0 0 0 0 0 194 499 215 0 0 0 0 0 0 0 0 0 0 0 0 389 0 173 0 122 0 0 0 0 0 0 0 0 0 0 0 0 0 0 0 0 0 0 0 0 0 0 0 0 0 0 0 0 0 0 0 0 0 0 0 0 0 0 0 0 0 0 0 0 0 0 0 0 399 0 0 382 13 0 0 40 0 0 0 0 164 0 0 0 
0 0 178 0 0 0 0 0 0 458 0 0 0 0 0 0 187 0 0 0 0 450 0 417 0 0 0 0 103 0 0 0 0 0 0 0 0 0 0 0 0 0 0 0 0 0 0 0 0 0 386 0 0 0 160 0 0 197 0 0 73 0 0 0 0 0 0 0 0 149 180 199 0 0 0 0 0 0 0 0 0 0 0 0 0 378 0 0 0 0 0 0 0 0 0 0 0 242 0 0 
0 0 0 0 0 0 0 0 0 0 0 0 0 0 0 0 0 0 0 49 0 0 0 0 0 0 420 0 0 0 0 0 227 0 0 58 334 0 0 0 0 0 0 0 247 0 196 192 441 0 447 0 0 267 0 0 0 0 0 0 0 0 348 52 0 0 0 0 277 0 0 0 0 0 0 0 0 0 0 0 0 0 0 0 0 0 0 183 0 0 0 0 0 0 0 0 0 0 0 0 
0 0 0 0 0 0 0 0 0 0 0 0 0 0 0 0 0 0 0 452 0 0 0 0 0 0 233 0 144 0 0 0 0 0 0 344 28 0 0 0 0 0 0 422 0 0 0 0 0 0 0 336 0 0 0 0 0 0 0 0 383 0 0 0 0 0 226 0 0 0 0 0 0 100 0 163 0 0 0 0 0 0 0 0 0 0 0 0 0 0 283 45 0 0 0 0 0 0 0 0 
0 0 0 0 0 406 173 0 0 0 0 0 0 0 0 0 0 0 71 436 0 0 0 0 0 0 0 0 0 0 0 0 290 0 0 0 28 331 0 0 0 0 0 0 0 0 0 0 0 0 0 10 268 0 0 0 0 0 0 0 197 0 0 0 0 0 0 345 0 0 0 0 0 0 234 0 0 0 0 0 0 0 0 0 0 0 0 0 0 0 0 0 0 0 0 0 0 0 0 0 
0 0 0 0 0 0 0 0 0 0 0 0 0 0 0 0 0 0 0 0 397 0 0 0 0 0 203 0 0 0 332 0 0 0 0 0 0 0 32 0 0 0 291 0 0 0 0 0 0 177 105 0 270 0 0 0 0 195 0 0 0 0 0 0 0 0 0 313 0 0 0 307 0 0 0 0 0 0 0 0 0 0 0 297 0 0 0 0 0 0 0 0 0 0 0 0 0 0 0 0 
0 0 0 0 0 0 0 0 0 0 0 0 0 0 0 0 0 0 0 0 0 0 0 253 0 0 0 0 0 0 0 0 0 0 0 0 0 0 0 0 0 0 0 0 0 0 0 453 0 0 0 0 0 173 0 0 0 0 0 0 151 0 0 0 0 0 0 0 0 0 0 0 0 0 0 0 0 0 0 0 0 0 0 0 361 0 78 0 0 0 0 0 335 205 0 0 0 0 0 0 
0 0 0 154 0 357 0 0 0 194 187 0 0 0 0 0 0 0 0 113 0 0 0 0 0 0 226 0 0 0 0 0 0 0 0 0 0 0 432 0 175 0 0 0 0 0 0 0 0 0 0 0 0 432 0 0 0 0 248 0 0 0 0 0 0 0 0 397 0 0 0 0 0 0 235 0 0 0 0 0 446 0 419 338 0 0 0 0 0 0 0 0 0 0 0 0 0 0 0 0 
190 0 0 0 293 0 366 0 133 499 0 0 0 0 0 0 0 0 0 0 0 0 457 0 0 0 0 0 0 0 0 0 0 0 0 0 0 0 0 0 0 0 0 0 124 0 0 0 0 0 0 0 461 0 0 0 0 0 0 0 166 54 0 0 0 0 0 225 0 0 0 0 0 0 0 0 0 0 0 0 0 0 0 208 276 261 0 0 0 0 0 0 499 0 0 0 0 0 0 0 
0 0 0 0 0 0 0 0 0 215 0 0 0 71 0 0 0 0 0 0 0 0 0 0 0 0 173 0 0 0 0 0 0 237 308 22 0 0 0 0 0 0 0 0 408 0 0 0 0 0 379 0 15 0 0 0 0 254 0 0 0 0 0 0 0 0 251 0 0 0 0 0 0 0 0 0 0 0 0 0 0 0 96 0 0 0 0 251 0 0 0 0 0 0 0 0 0 0 0 0 
0 0 0 0 0 408 0 0 0 0 0 49 452 436 0 0 113 0 0 0 0 0 0 130 0 0 0 0 0 0 0 0 0 0 0 0 0 0 0 0 0 0 0 0 0 0 0 0 0 0 0 0 0 0 0 0 0 0 0 0 0 0 0 0 202 0 0 0 0 0 0 0 0 0 0 0 0 463 0 0 0 0 0 0 0 0 141 0 0 0 0 0 0 223 0 0 0 0 368 19 
286 0 0 0 278 0 0 0 0 0 0 0 0 0 397 0 0 0 0 0 0 0 0 0 0 0 0 0 0 0 0 0 0 0 0 0 0 0 0 0 0 0 283 0 0 394 142 18 0 0 0 0 0 479 0 376 0 0 0 0 0 0 0 0 0 0 0 0 0 0 0 0 0 0 0 0 0 0 0 470 406 0 0 0 0 236 0 0 0 0 197 0 0 0 0 0 0 0 0 0 
0 0 0 0 0 0 0 0 0 0 450 0 0 0 0 0 0 0 0 0 0 0 0 0 454 0 0 0 299 0 0 0 0 0 0 67 0 160 0 0 0 0 0 0 397 199 0 0 0 0 0 0 0 0 0 0 0 0 0 0 0 0 0 403 0 0 0 294 0 0 0 0 0 0 0 0 0 0 0 0 0 0 0 0 0 387 235 0 0 377 0 0 130 254 0 0 0 0 0 259 
0 0 36 0 0 0 0 0 0 0 0 0 0 0 0 0 0 457 0 0 0 0 0 0 0 0 0 0 462 0 0 0 413 0 0 330 411 0 0 0 0 0 0 0 0 0 0 0 0 0 383 0 68 0 0 0 455 0 0 0 0 0 0 0 0 0 0 0 131 0 0 0 0 0 45 10 0 0 0 0 99 0 0 0 0 153 0 0 0 0 0 0 0 0 0 0 0 257 0 0 
0 0 0 0 0 0 0 0 0 0 417 0 0 0 0 253 0 0 0 130 0 0 0 0 0 0 18 0 0 200 0 0 0 126 0 0 0 0 0 0 0 0 425 66 0 0 0 0 0 0 0 0 0 0 0 0 0 0 0 0 0 0 0 22 0 0 0 0 0 43 77 0 0 0 0 0 0 0 280 0 0 0 325 193 0 0 0 0 0 0 0 0 0 0 449 0 0 0 0 0 
0 0 77 0 0 0 0 0 443 0 0 0 0 0 0 0 0 0 0 0 0 454 0 0 0 137 0 347 0 0 0 0 0 0 0 0 0 0 0 170 0 0 0 244 0 361 0 0 475 91 0 456 0 0 0 0 0 0 0 463 0 0 0 0 0 0 0 0 103 0 0 0 0 0 0 0 0 0 0 0 0 0 0 0 0 0 0 430 0 0 0 0 0 0 0 226 0 0 0 0 
0 0 0 0 0 0 0 0 0 0 0 0 0 0 0 0 0 0 0 0 0 0 0 0 137 0 0 406 0 0 0 0 0 49 1 0 0 0 0 0 0 0 0 0 296 0 0 96 0 402 0 0 0 0 0 0 0 0 0 0 0 0 0 0 0 0 0 0 0 0 0 0 0 0 0 0 0 0 0 0 0 0 0 454 0 0 0 0 0 0 0 0 0 0 0 107 0 0 0 0 
0 477 0 0 0 0 0 0 0 0 0 420 233 0 203 0 226 0 173 0 0 0 0 18 0 0 0 0 0 0 0 0 0 0 0 0 0 0 0 0 0 0 0 0 0 0 0 0 0 0 0 0 0 366 489 0 0 0 0 0 0 91 433 0 0 0 0 0 0 0 0 0 0 0 0 0 0 0 0 160 0 0 0 0 0 0 0 0 0 0 0 0 0 0 0 0 447 0 0 0 
0 0 0 0 0 0 463 24 0 0 0 0 0 0 0 0 0 0 0 0 0 0 0 0 347 406 0 0 0 0 0 0 0 0 0 0 0 0 0 0 0 0 0 0 0 0 0 109 0 0 0 0 0 0 0 0 0 0 338 0 0 129 0 0 0 0 369 0 0 0 0 0 0 0 0 0 0 0 0 0 0 0 0 0 0 0 0 0 0 0 0 0 0 0 0 0 0 0 0 0 
0 0 0 0 0 0 0 0 0 0 103 0 144 0 0 0 0 0 0 0 0 299 462 0 0 0 0 0 0 0 0 0 0 0 0 0 127 0 0 0 0 0 0 0 0 432 0 0 0 0 0 0 274 0 0 0 0 0 0 0 404 0 259 0 0 0 0 0 0 156 0 0 456 0 0 0 0 0 188 0 0 0 0 0 0 0 0 0 0 0 0 0 0 0 0 0 0 0 237 0 
0 0 0 0 0 0 0 0 0 0 0 0 0 0 0 0 0 0 0 0 0 0 0 200 0 0 0 0 0 0 0 0 0 0 0 0 0 0 0 279 0 0 0 118 0 0 0 0 0 0 0 0 0 0 69 0 0 0 0 0 0 0 0 307 0 0 298 0 0 0 401 137 0 0 0 0 363 341 0 0 0 0 0 0 137 183 255 0 0 0 330 0 0 0 198 0 0 0 0 0 
164 0 0 0 0 0 0 0 0 0 0 0 0 0 332 0 0 0 0 0 0 0 0 0 0 0 0 0 0 0 0 0 0 0 0 0 0 0 0 0 0 0 0 0 0 0 0 370 0 443 0 0 0 0 121 0 0 0 0 352 202 0 0 0 0 347 0 0 372 0 484 0 0 115 0 0 0 0 116 64 229 0 0 0 0 32 0 0 0 0 0 0 0 0 0 0 0 0 0 0 
0 0 0 0 277 0 0 42 0 389 0 0 0 0 0 0 0 0 0 0 0 0 0 0 0 0 0 0 0 0 0 0 0 0 0 0 0 0 393 0 52 300 0 0 0 0 0 0 0 0 0 0 0 0 0 0 0 0 0 0 0 0 0 0 0 60 0 0 0 0 55 203 0 0 0 0 466 0 0 417 0 0 0 0 0 0 303 0 0 174 434 0 0 0 0 0 197 0 0 0 
0 0 0 0 0 0 380 0 0 0 0 227 0 290 0 0 0 0 0 0 0 0 413 0 0 0 0 0 0 0 0 0 0 281 0 0 286 54 0 0 0 0 0 0 0 0 0 0 0 0 0 377 0 0 217 0 0 0 0 0 0 0 363 0 0 0 0 0 0 0 0 0 165 0 0 0 0 0 0 0 0 0 0 0 0 245 167 0 0 413 377 0 0 0 0 0 0 0 0 0 
0 0 0 0 0 0 0 0 0 173 0 0 0 0 0 0 0 0 237 0 0 0 0 126 0 49 0 0 0 0 0 0 281 0 0 0 84 0 0 0 237 428 0 0 0 0 464 0 0 0 0 0 0 0 0 0 0 0 0 0 0 0 0 0 0 0 0 0 0 0 0 0 0 239 12 0 0 0 51 0 0 0 0 0 0 0 0 0 0 165 0 0 0 0 231 0 0 0 0 196 
0 35 0 79 0 0 0 0 275 0 0 0 0 0 0 0 0 0 308 0 0 0 0 0 0 1 0 0 0 0 0 0 0 0 0 0 0 400 0 0 0 0 0 197 0 0 0 0 0 0 0 0 0 0 0 0 0 0 0 0 0 0 0 0 0 136 233 0 0 0 0 0 0 0 272 0 0 0 0 0 0 0 0 0 234 0 0 0 290 0 0 488 0 0 0 0 0 0 0 0 
0 0 0 0 0 0 0 0 0 122 0 58 344 0 0 0 0 0 22 0 0 67 330 0 0 0 0 0 0 0 0 0 0 0 0 0 0 0 138 0 0 0 0 0 0 0 0 0 0 0 0 0 0 0 0 0 0 0 0 0 0 445 0 175 0 0 0 0 0 0 191 0 0 0 0 0 111 0 0 0 0 0 0 0 0 0 0 0 449 0 76 496 0 0 0 429 0 0 0 0 
78 0 0 0 0 0 0 0 0 0 0 334 28 28 0 0 0 0 0 0 0 0 411 0 0 0 0 0 127 0 0 0 286 84 0 0 0 0 0 0 118 0 0 0 0 0 0 371 0 0 0 0 0 382 335 0 0 0 0 0 0 0 0 0 0 0 0 0 0 0 0 40 0 0 0 0 245 0 0 0 0 0 0 0 0 0 0 0 0 0 0 0 0 0 180 0 0 0 0 0 
0 0 0 26 0 0 104 0 0 0 0 0 0 331 0 0 0 0 0 0 0 160 0 0 0 0 0 0 0 0 0 0 54 0 400 0 0 0 0 0 0 0 499 0 0 0 0 450 0 0 0 42 0 0 0 0 29 0 0 367 0 257 0 0 0 0 0 0 0 0 0 0 218 0 0 0 0 0 0 0 0 0 0 0 0 0 0 0 0 0 0 409 0 0 0 0 0 180 0 0 
0 0 0 0 0 0 0 0 0 0 0 0 0 0 32 0 432 0 0 0 0 0 0 0 0 0 0 0 0 0 0 393 0 0 0 138 0 0 0 0 0 0 0 0 0 0 0 0 0 0 0 101 0 297 241 0 200 0 0 0 0 0 0 0 0 0 0 0 381 0 0 0 0 0 198 0 333 0 0 0 175 198 0 0 0 0 0 0 0 0 0 289 0 0 0 407 0 0 0 0 
0 0 0 0 0 0 487 0 417 0 0 0 0 0 0 0 0 0 0 0 0 0 0 0 170 0 0 0 0 279 0 0 0 0 0 0 0 0 0 0 0 0 0 0 293 0 237 0 0 0 0 0 0 0 0 0 0 0 0 0 0 497 0 0 0 372 250 0 0 0 0 0 0 0 370 0 0 322 0 0 170 0 0 0 0 26 0 0 0 0 0 0 0 0 0 0 0 0 0 0 
210 0 0 0 0 0 0 0 0 0 0 0 0 0 0 0 175 0 0 0 0 0 0 0 0 0 0 0 0 0 0 52 0 237 0 0 118 0 0 0 0 0 0 474 0 0 0 0 478 0 0 499 0 0 43 0 0 0 0 0 0 0 0 209 0 10 0 0 0 0 1 0 0 0 0 0 0 0 0 0 0 0 169 0 0 0 0 448 0 0 0 0 0 0 0 0 196 0 0 0 
0 0 0 0 0 0 0 456 0 0 0 0 0 0 0 0 0 0 0 0 0 0 0 0 0 0 0 0 0 0 0 300 0 428 0 0 0 0 0 0 0 0 0 0 0 0 0 0 0 0 191 0 0 0 0 0 0 0 0 0 0 0 56 470 0 0 0 0 0 0 0 0 0 0 0 0 0 0 0 0 0 0 0 0 0 0 168 0 0 0 449 0 342 0 210 0 472 286 0 0 
0 0 0 0 0 0 0 0 0 0 0 0 0 0 291 0 0 0 0 0 283 0 0 425 0 0 0 0 0 0 0 0 0 0 0 0 0 499 0 0 0 0 0 0 386 0 396 0 37 0 0 449 0 0 0 0 0 0 0 0 0 0 0 0 0 0 0 0 0 0 0 0 402 0 0 0 0 0 0 0 0 0 0 0 0 0 0 450 0 0 0 0 0 0 0 0 0 0 373 0 
0 478 0 229 0 0 0 0 0 0 0 0 422 0 0 0 0 0 0 0 0 0 0 66 244 0 0 0 0 118 0 0 0 0 197 0 0 0 0 0 474 0 0 0 0 445 0 0 0 0 0 0 0 0 0 0 432 0 0 0 0 0 0 0 458 0 0 0 0 0 0 294 0 0 0 0 0 0 0 0 0 0 181 0 0 0 0 118 0 433 0 0 0 0 0 0 0 0 0 0 
0 0 0 0 0 0 0 0 0 0 0 247 0 0 0 0 0 124 408 0 0 397 0 0 0 296 0 0 0 0 0 0 0 0 0 0 0 0 0 293 0 0 386 0 0 0 0 0 0 0 0 64 80 0 0 0 0 470 0 0 0 207 0 0 91 0 0 0 0 0 0 0 0 0 0 0 0 0 0 0 0 0 0 163 78 0 0 240 0 0 0 0 0 0 0 0 0 0 0 0 
308 0 0 0 0 0 0 0 490 0 0 0 0 0 0 0 0 0 0 0 394 199 0 0 361 0 0 0 432 0 0 0 0 0 0 0 0 0 0 0 0 0 0 445 0 0 0 0 0 0 0 0 0 0 0 0 0 0 0 0 0 0 0 0 377 145 189 0 0 0 0 0 0 0 0 0 0 46 0 0 0 0 0 0 0 0 0 0 321 0 0 0 444 0 0 32 323 0 0 0 
0 0 0 91 443 0 0 439 0 0 0 196 0 0 0 0 0 0 0 0 142 0 0 0 0 0 0 0 0 0 0 0 0 464 0 0 0 0 0 237 0 0 396 0 0 0 0 0 0 0 0 0 0 0 0 0 304 0 0 0 0 0 0 0 0 334 0 0 405 330 225 0 0 0 0 0 0 466 0 0 0 0 0 0 0 0 0 0 0 0 0 427 0 0 0 0 0 0 0 0 
0 0 0 82 0 124 0 0 0 0 0 192 0 0 0 453 0 0 0 0 18 0 0 0 0 96 0 109 0 0 370 0 0 0 0 0 371 450 0 0 0 0 0 0 0 0 0 0 0 0 0 0 0 0 0 0 0 0 0 0 53 0 0 0 0 0 0 0 0 0 0 17 0 0 0 0 0 0 0 0 0 0 0 0 0 0 0 0 0 0 0 0 0 0 322 0 320 0 399 0 
207 0 0 0 0 0 0 0 0 0 0 441 0 0 0 0 0 0 0 0 0 0 0 0 475 0 0 0 0 0 0 0 0 0 0 0 0 0 0 0 478 0 37 0 0 0 0 0 0 0 0 0 356 0 0 0 119 0 276 0 0 0 0 0 350 0 0 0 5 0 0 0 0 0 0 0 129 100 0 98 0 0 0 0 0 0 0 0 0 0 0 147 0 0 460 0 0 0 0 0 
0 0 0 0 0 0 0 0 0 0 0 0 0 0 177 0 0 0 0 0 0 0 0 0 91 402 0 0 0 0 443 0 0 0 0 0 0 0 0 0 0 0 0 0 0 0 0 0 0 0 424 30 0 0 275 0 0 0 0 0 0 218 0 0 0 0 0 0 0 0 0 0 0 0 0 0 0 0 0 0 0 169 69 0 65 0 0 0 0 0 0 0 85 0 0 0 0 0 0 0 
0 307 0 0 0 0 492 0 0 0 386 447 0 0 105 0 0 0 379 0 0 0 383 0 0 0 0 0 0 0 0 0 0 0 0 0 0 0 0 0 0 191 0 0 0 0 0 0 0 424 0 261 0 0 0 0 488 105 0 0 0 0 0 0 448 0 0 0 0 0 0 0 0 0 0 0 0 0 0 0 0 0 0 0 0 0 0 0 0 0 306 0 0 0 0 0 0 0 0 0 
0 0 0 0 0 0 0 0 0 0 0 0 336 10 0 0 0 0 0 0 0 0 0 0 456 0 0 0 0 0 0 0 377 0 0 0 0 42 101 0 499 0 449 0 64 0 0 0 0 30 261 0 0 0 0 0 0 0 0 0 213 0 0 0 0 0 0 0 0 0 0 0 0 0 0 0 0 0 0 0 289 188 0 0 0 0 0 0 0 0 0 142 0 0 0 0 0 0 0 0 
0 0 0 0 0 0 0 0 0 0 0 0 0 268 270 0 0 461 15 0 0 0 68 0 0 0 0 0 274 0 0 0 0 0 0 0 0 0 0 0 0 0 0 0 80 0 0 0 356 0 0 0 0 0 236 0 107 0 0 0 0 51 0 0 58 0 0 0 0 0 0 0 0 0 0 0 0 0 0 0 334 0 0 0 172 0 0 0 300 0 0 0 0 0 0 0 0 0 0 0 
0 0 0 0 0 0 0 0 0 0 0 267 0 0 0 173 432 0 0 0 479 0 0 0 0 0 366 0 0 0 0 0 0 0 0 0 382 0 297 0 0 0 0 0 0 0 0 0 0 0 0 0 0 0 0 0 0 409 171 0 0 0 0 0 0 0 163 0 0 0 0 0 0 0 0 0 0 0 0 0 0 0 238 0 0 0 238 358 0 0 0 0 0 0 306 0 0 479 0 0 
297 0 0 0 0 0 299 360 0 0 160 0 0 0 0 0 0 0 0 0 0 0 0 0 0 0 489 0 0 69 121 0 217 0 0 0 335 0 241 0 43 0 0 0 0 0 0 0 0 275 0 0 236 0 0 73 0 0 0 0 0 0 0 0 0 0 0 0 0 85 0 0 0 0 0 0 0 0 0 0 0 0 0 0 0 0 0 0 0 0 0 0 0 0 0 0 0 0 0 0 
0 0 0 0 0 0 0 0 0 0 0 0 0 0 0 0 0 0 0 0 376 0 0 0 0 0 0 0 0 0 0 0 0 0 0 0 0 0 0 0 0 0 0 0 0 0 0 0 0 0 0 0 0 0 73 0 0 0 0 0 0 0 0 0 0 0 0 0 0 114 0 0 128 222 0 102 0 0 0 0 0 96 0 0 0 0 0 0 0 0 0 0 0 457 0 0 0 0 0 0 
0 0 33 0 0 0 0 0 0 0 0 0 0 0 0 0 0 0 0 0 0 0 455 0 0 0 0 0 0 0 0 0 0 0 0 0 0 29 200 0 0 0 0 432 0 0 304 0 119 0 488 0 107 0 0 0 0 0 0 0 0 0 0 0 0 0 0 0 0 0 0 0 0 459 0 0 185 0 0 0 0 0 0 0 0 0 0 156 0 0 0 0 0 330 0 232 222 0 0 0 
0 0 0 0 0 0 372 0 0 0 197 0 0 0 195 0 0 0 254 0 0 0 0 0 0 0 0 0 0 0 0 0 0 0 0 0 0 0 0 0 0 0 0 0 470 0 0 0 0 0 105 0 0 409 0 0 0 0 0 432 0 0 0 0 200 0 0 0 0 457 0 35 0 0 0 464 0 254 0 0 0 28 0 0 0 0 0 0 0 0 0 0 0 0 0 0 0 0 0 394 
139 0 0 0 0 0 0 0 0 0 0 0 0 0 0 0 248 0 0 0 0 0 0 0 0 0 0 338 0 0 0 0 0 0 0 0 0 0 0 0 0 0 0 0 0 0 0 0 276 0 0 0 0 171 0 0 0 0 0 0 0 0 0 0 0 0 0 0 0 0 0 0 0 0 0 0 0 0 0 0 0 0 0 0 0 0 78 0 0 20 495 94 0 0 85 352 0 0 0 0 
0 0 0 0 0 0 0 0 0 0 0 0 0 0 0 0 0 0 0 0 0 0 0 0 463 0 0 0 0 0 352 0 0 0 0 0 0 367 0 0 0 0 0 0 0 0 0 0 0 0 0 0 0 0 0 0 0 432 0 0 0 0 414 167 151 367 0 0 0 0 0 0 0 0 0 0 366 0 148 24 0 0 279 0 0 0 0 0 0 104 0 0 0 0 0 0 92 155 0 0 
0 0 0 0 0 0 0 0 0 0 73 0 383 197 0 151 0 166 0 0 0 0 0 0 0 0 0 0 404 0 202 0 0 0 0 0 0 0 0 0 0 0 0 0 0 0 0 53 0 0 0 213 0 0 0 0 0 0 0 0 0 0 0 0 0 309 0 0 0 0 0 0 0 0 0 0 45 0 0 0 0 0 0 0 0 0 0 0 0 0 0 0 187 84 0 0 153 0 0 0 
0 0 0 0 0 0 0 0 372 0 0 0 0 0 0 0 0 54 0 0 0 0 0 0 0 0 91 129 0 0 0 0 0 0 0 445 0 257 0 497 0 0 0 0 207 0 0 0 0 218 0 0 51 0 0 0 0 0 0 0 0 0 0 0 0 0 0 0 0 0 0 0 0 0 494 0 0 0 0 0 0 0 0 0 94 0 0 0 0 0 0 0 0 0 0 0 0 0 0 197 
0 0 0 0 258 0 0 104 0 0 0 348 0 0 0 0 0 0 0 0 0 0 0 0 0 0 433 0 259 0 0 0 363 0 0 0 0 0 0 0 0 56 0 0 0 0 0 0 0 0 0 0 0 0 0 0 0 0 0 414 0 0 0 0 353 380 0 0 0 246 0 0 0 0 0 0 0 0 0 0 0 0 0 0 0 0 0 0 0 0 0 0 0 0 0 0 0 0 191 0 
0 0 0 0 0 0 0 0 0 0 0 52 0 0 0 0 0 0 0 0 0 403 0 22 0 0 0 0 0 307 0 0 0 0 0 175 0 0 0 0 209 470 0 0 0 0 0 0 0 0 0 0 0 0 0 0 0 0 0 167 0 0 0 0 0 0 0 377 0 0 0 389 40 0 0 0 0 0 0 0 0 0 0 0 0 0 0 0 197 129 0 0 421 0 0 0 0 0 0 453 
0 0 0 0 0 0 0 179 0 0 0 0 0 0 0 0 0 0 0 202 0 0 0 0 0 0 0 0 0 0 0 0 0 0 0 0 0 0 0 0 0 0 0 458 91 377 0 0 350 0 448 0 58 0 0 0 0 200 0 151 0 0 353 0 0 0 0 0 0 0 0 0 0 0 0 0 0 0 0 0 0 0 0 0 0 0 0 0 0 0 0 0 0 0 0 0 0 0 319 0 
0 140 0 0 0 0 0 0 0 0 0 0 0 0 0 0 0 0 0 0 0 0 0 0 0 0 0 0 0 0 347 60 0 0 136 0 0 0 0 372 10 0 0 0 0 145 334 0 0 0 0 0 0 0 0 0 0 0 0 367 309 0 380 0 0 0 0 0 0 0 0 316 0 0 0 207 0 0 0 0 0 0 0 0 0 0 0 0 0 0 0 124 0 0 0 43 0 0 0 0 
0 0 0 0 0 0 0 0 0 0 0 0 226 0 0 0 0 0 251 0 0 0 0 0 0 0 0 369 0 298 0 0 0 0 233 0 0 0 0 250 0 0 0 0 0 189 0 0 0 0 0 0 0 163 0 0 0 0 0 0 0 0 0 0 0 0 0 360 0 0 0 0 0 0 0 0 0 0 428 0 204 489 0 0 0 0 0 0 0 0 0 0 0 0 94 0 0 0 0 0 
0 162 0 0 0 0 0 0 0 0 0 0 0 345 313 0 397 225 0 0 0 294 0 0 0 0 0 0 0 0 0 0 0 0 0 0 0 0 0 0 0 0 0 0 0 0 0 0 0 0 0 0 0 0 0 0 0 0 0 0 0 0 0 377 0 0 360 0 0 63 0 0 0 0 0 0 0 0 0 250 0 0 0 0 209 0 0 0 0 0 0 0 88 0 0 0 0 0 0 185 
0 0 0 0 0 0 0 0 0 0 0 277 0 0 0 0 0 0 0 0 0 0 131 0 103 0 0 0 0 0 372 0 0 0 0 0 0 0 381 0 0 0 0 0 0 0 405 0 5 0 0 0 0 0 0 0 0 0 0 0 0 0 0 0 0 0 0 0 0 97 0 364 0 182 0 0 0 0 0 0 253 0 0 0 181 0 136 0 0 0 0 0 0 0 0 0 87 0 0 434 
0 0 0 0 0 222 0 0 0 0 149 0 0 0 0 0 0 0 0 0 0 0 0 43 0 0 0 0 156 0 0 0 0 0 0 0 0 0 0 0 0 0 0 0 0 0 330 0 0 0 0 0 0 0 85 114 0 457 0 0 0 0 246 0 0 0 0 63 97 0 0 0 0 0 0 0 0 0 0 0 0 477 0 111 0 0 0 0 0 0 0 0 444 0 11 0 0 0 0 0 
0 0 0 0 0 0 0 0 0 0 180 0 0 0 0 0 0 0 0 0 0 0 0 77 0 0 0 0 0 401 484 55 0 0 0 191 0 0 0 0 1 0 0 0 0 0 225 0 0 0 0 0 0 0 0 0 0 0 0 0 0 0 0 0 0 0 0 0 0 0 0 0 0 0 0 0 0 11 0 0 0 0 26 0 0 0 0 0 0 0 0 0 0 0 0 0 174 0 0 13 
0 0 0 0 0 0 0 0 398 0 199 0 0 0 307 0 0 0 0 0 0 0 0 0 0 0 0 0 0 137 0 203 0 0 0 0 40 0 0 0 0 0 0 294 0 0 0 17 0 0 0 0 0 0 0 0 0 35 0 0 0 0 0 389 0 316 0 0 364 0 0 0 278 0 0 0 0 0 0 0 0 0 0 0 0 499 235 0 0 0 0 0 0 0 0 0 0 0 0 0 
0 0 0 0 0 488 0 0 0 0 0 0 0 0 0 0 0 0 0 0 0 0 0 0 0 0 0 0 456 0 0 0 165 0 0 0 0 218 0 0 0 0 402 0 0 0 0 0 0 0 0 0 0 0 0 128 0 0 0 0 0 0 0 40 0 0 0 0 0 0 0 278 0 0 0 0 0 0 0 0 0 0 0 466 0 0 0 0 0 374 0 0 0 0 276 0 0 0 0 0 
0 0 0 0 0 0 0 0 0 0 0 0 100 0 0 0 0 0 0 0 0 0 0 0 0 0 0 0 0 0 115 0 0 239 0 0 0 0 0 0 0 0 0 0 0 0 0 0 0 0 0 0 0 0 0 222 459 0 0 0 0 0 0 0 0 0 0 0 182 0 0 0 0 0 0 0 0 0 0 0 0 0 0 0 0 0 0 0 0 313 0 0 0 0 0 0 419 0 0 0 
0 0 0 0 0 0 0 0 0 0 0 0 0 234 0 0 235 0 0 0 0 0 45 0 0 0 0 0 0 0 0 0 0 12 272 0 0 0 198 370 0 0 0 0 0 0 0 0 0 0 0 0 0 0 0 0 0 0 0 0 0 494 0 0 0 0 0 0 0 0 0 0 0 0 0 255 0 0 0 0 0 0 0 0 0 496 0 0 0 0 0 0 0 0 0 0 0 80 0 336 
0 0 0 0 0 0 0 0 0 0 0 0 163 0 0 0 0 0 0 0 0 0 10 0 0 0 0 0 0 0 0 0 0 0 0 0 0 0 0 0 0 0 0 0 0 0 0 0 0 0 0 0 0 0 0 102 0 464 0 0 0 0 0 0 0 207 0 0 0 0 0 0 0 0 255 0 0 0 0 0 98 426 0 0 0 0 384 0 50 0 0 0 0 0 0 0 0 0 142 0 
320 0 0 385 0 0 0 0 443 0 0 0 0 0 0 0 0 0 0 0 0 0 0 0 0 0 0 0 0 363 0 466 0 0 0 111 245 0 333 0 0 0 0 0 0 0 0 0 129 0 0 0 0 0 0 0 185 0 0 366 45 0 0 0 0 0 0 0 0 0 0 0 0 0 0 0 0 0 143 126 0 0 0 0 0 0 0 0 0 0 0 0 0 0 0 0 44 0 0 0 
0 0 0 0 0 482 395 0 0 0 0 0 0 0 0 0 0 0 0 463 0 0 0 0 0 0 0 0 0 341 0 0 0 0 0 0 0 0 0 322 0 0 0 0 0 46 466 0 100 0 0 0 0 0 0 0 0 254 0 0 0 0 0 0 0 0 0 0 0 0 11 0 0 0 0 0 0 0 0 0 0 0 0 240 0 0 0 0 0 0 0 0 0 0 0 139 0 343 0 276 
0 0 486 0 34 0 0 0 118 0 0 0 0 0 0 0 0 0 0 0 0 0 0 280 0 0 0 0 188 0 116 0 0 51 0 0 0 0 0 0 0 0 0 0 0 0 0 0 0 0 0 0 0 0 0 0 0 0 0 148 0 0 0 0 0 0 428 0 0 0 0 0 0 0 0 0 143 0 0 0 0 0 0 100 0 0 0 0 8 0 170 0 0 0 0 18 0 0 0 0 
0 0 0 0 0 0 0 0 0 0 0 0 0 0 0 0 0 0 0 0 470 0 0 0 0 0 160 0 0 0 64 417 0 0 0 0 0 0 0 0 0 0 0 0 0 0 0 0 98 0 0 0 0 0 0 0 0 0 0 24 0 0 0 0 0 0 0 250 0 0 0 0 0 0 0 0 126 0 0 0 0 59 0 0 99 0 0 0 22 0 217 0 0 261 0 263 0 0 0 0 
322 0 0 0 0 0 0 0 0 0 0 0 0 0 0 0 446 0 0 0 406 0 99 0 0 0 0 0 0 0 229 0 0 0 0 0 0 0 175 170 0 0 0 0 0 0 0 0 0 0 0 289 334 0 0 0 0 0 0 0 0 0 0 0 0 0 204 0 253 0 0 0 0 0 0 98 0 0 0 0 0 0 0 0 0 0 0 0 421 0 0 0 121 0 0 0 0 0 44 0 
473 0 0 250 0 0 0 0 0 0 0 0 0 0 0 0 0 0 0 0 0 0 0 0 0 0 0 0 0 0 0 0 0 0 0 0 0 0 198 0 0 0 0 0 0 0 0 0 0 169 0 188 0 0 0 96 0 28 0 0 0 0 0 0 0 0 489 0 0 477 0 0 0 0 0 426 0 0 0 59 0 0 395 0 0 0 0 0 0 0 66 167 0 0 0 0 0 0 0 246 
0 400 0 0 0 357 0 0 0 0 0 0 0 0 0 0 419 0 96 0 0 0 0 325 0 0 0 0 0 0 0 0 0 0 0 0 0 0 0 0 169 0 0 181 0 0 0 0 0 69 0 0 0 238 0 0 0 0 0 279 0 0 0 0 0 0 0 0 0 0 26 0 0 0 0 0 0 0 0 0 0 395 0 202 0 0 0 0 0 215 0 303 0 0 0 0 0 0 0 0 
0 296 0 0 0 0 0 0 0 0 0 0 0 0 297 0 338 208 0 0 0 0 0 193 0 454 0 0 0 0 0 0 0 0 0 0 0 0 0 0 0 0 0 0 163 0 0 0 0 0 0 0 0 0 0 0 0 0 0 0 0 0 0 0 0 0 0 0 0 111 0 0 466 0 0 0 0 240 100 0 0 0 202 0 0 0 425 463 0 0 0 0 0 0 0 0 0 0 84 0 
0 0 0 0 0 0 0 0 0 399 0 0 0 0 0 361 0 276 0 0 0 0 0 0 0 0 0 0 0 137 0 0 0 0 234 0 0 0 0 0 0 0 0 0 78 0 0 0 0 65 0 0 172 0 0 0 0 0 0 0 0 94 0 0 0 0 0 209 181 0 0 0 0 0 0 0 0 0 0 99 0 0 0 0 0 482 0 333 0 0 0 0 0 0 0 0 0 0 0 385 
0 0 0 329 0 213 0 0 0 0 378 0 0 0 0 0 0 261 0 0 236 387 153 0 0 0 0 0 0 183 32 0 245 0 0 0 0 0 0 26 0 0 0 0 0 0 0 0 0 0 0 0 0 0 0 0 0 0 0 0 0 0 0 0 0 0 0 0 0 0 0 499 0 0 496 0 0 0 0 0 0 0 0 0 482 0 0 0 361 0 0 0 0 0 0 0 0 0 0 0 
0 0 0 0 0 0 0 192 0 0 0 0 0 0 0 78 0 0 0 141 0 235 0 0 0 0 0 0 0 255 0 303 167 0 0 0 0 0 0 0 0 168 0 0 0 0 0 0 0 0 0 0 0 238 0 0 0 0 78 0 0 0 0 0 0 0 0 0 136 0 0 235 0 0 0 384 0 0 0 0 0 0 0 425 0 0 0 0 0 0 321 0 0 0 0 0 0 0 0 0 
0 88 0 0 0 0 0 0 235 382 0 183 0 0 0 0 0 0 251 0 0 0 0 0 430 0 0 0 0 0 0 0 0 0 0 0 0 0 0 0 448 0 450 118 240 0 0 0 0 0 0 0 0 358 0 0 156 0 0 0 0 0 0 0 0 0 0 0 0 0 0 0 0 0 0 0 0 0 0 0 0 0 0 463 333 0 0 0 414 0 0 0 0 0 0 0 0 0 0 0 
0 0 0 0 0 0 0 132 0 13 0 0 0 0 0 0 0 0 0 0 0 0 0 0 0 0 0 0 0 0 0 0 0 0 290 449 0 0 0 0 0 0 0 0 0 321 0 0 0 0 0 0 300 0 0 0 0 0 0 0 0 0 0 197 0 0 0 0 0 0 0 0 0 0 0 50 0 0 8 22 421 0 0 0 0 361 0 414 0 0 0 0 0 0 0 0 0 0 0 0 
0 0 0 0 0 319 0 0 10 0 0 0 0 0 0 0 0 0 0 0 0 377 0 0 0 0 0 0 0 0 0 174 413 165 0 0 0 0 0 0 0 0 0 433 0 0 0 0 0 0 0 0 0 0 0 0 0 0 20 104 0 0 0 129 0 0 0 0 0 0 0 0 374 313 0 0 0 0 0 0 0 0 215 0 0 0 0 0 0 0 0 0 0 0 0 0 0 0 0 0 
0 0 0 0 436 0 0 0 0 0 0 0 283 0 0 0 0 0 0 0 197 0 0 0 0 0 0 0 0 330 0 434 377 0 0 76 0 0 0 0 0 449 0 0 0 0 0 0 0 0 306 0 0 0 0 0 0 0 495 0 0 0 0 0 0 0 0 0 0 0 0 0 0 0 0 0 0 0 170 217 0 66 0 0 0 0 321 0 0 0 0 0 0 0 0 0 0 424 0 0 
0 0 0 0 0 248 0 0 0 40 0 0 45 0 0 0 0 0 0 0 0 0 0 0 0 0 0 0 0 0 0 0 0 0 488 496 0 409 289 0 0 0 0 0 0 0 427 0 147 0 0 142 0 0 0 0 0 0 94 0 0 0 0 0 0 124 0 0 0 0 0 0 0 0 0 0 0 0 0 0 0 167 303 0 0 0 0 0 0 0 0 0 0 0 271 0 0 0 0 0 
457 0 0 0 0 468 303 0 0 0 0 0 0 0 0 335 0 499 0 0 0 130 0 0 0 0 0 0 0 0 0 0 0 0 0 0 0 0 0 0 0 342 0 0 0 444 0 0 0 85 0 0 0 0 0 0 0 0 0 0 187 0 0 421 0 0 0 88 0 444 0 0 0 0 0 0 0 0 0 0 121 0 0 0 0 0 0 0 0 0 0 0 0 0 0 0 473 0 0 0 
0 0 0 0 0 0 0 0 0 0 0 0 0 0 0 205 0 0 0 223 0 254 0 0 0 0 0 0 0 0 0 0 0 0 0 0 0 0 0 0 0 0 0 0 0 0 0 0 0 0 0 0 0 0 0 457 330 0 0 0 84 0 0 0 0 0 0 0 0 0 0 0 0 0 0 0 0 0 0 261 0 0 0 0 0 0 0 0 0 0 0 0 0 0 0 0 0 0 0 0 
0 282 0 0 0 0 0 0 0 0 0 0 0 0 0 0 0 0 0 0 0 0 0 449 0 0 0 0 0 198 0 0 0 231 0 0 180 0 0 0 0 210 0 0 0 0 0 322 460 0 0 0 0 306 0 0 0 0 85 0 0 0 0 0 0 0 94 0 0 11 0 0 276 0 0 0 0 0 0 0 0 0 0 0 0 0 0 0 0 0 0 271 0 0 0 157 0 0 0 0 
0 0 0 0 0 0 0 21 0 0 0 0 0 0 0 0 0 0 0 0 0 0 0 0 226 107 0 0 0 0 0 0 0 0 0 429 0 0 407 0 0 0 0 0 0 32 0 0 0 0 0 0 0 0 0 0 232 0 352 0 0 0 0 0 0 43 0 0 0 0 0 0 0 0 0 0 0 139 18 263 0 0 0 0 0 0 0 0 0 0 0 0 0 0 157 0 0 313 20 0 
0 0 0 0 0 0 0 0 0 164 0 0 0 0 0 0 0 0 0 0 0 0 0 0 0 0 447 0 0 0 0 197 0 0 0 0 0 0 0 0 196 472 0 0 0 323 0 320 0 0 0 0 0 0 0 0 222 0 0 92 153 0 0 0 0 0 0 0 87 0 174 0 0 419 0 0 44 0 0 0 0 0 0 0 0 0 0 0 0 0 0 0 473 0 0 0 0 0 0 0 
0 12 0 273 0 0 0 291 0 0 242 0 0 0 0 0 0 0 0 0 0 0 257 0 0 0 0 0 0 0 0 0 0 0 0 0 0 180 0 0 0 286 0 0 0 0 0 0 0 0 0 0 0 479 0 0 0 0 0 155 0 0 0 0 0 0 0 0 0 0 0 0 0 0 80 0 0 343 0 0 0 0 0 0 0 0 0 0 0 0 424 0 0 0 0 313 0 0 0 0 
0 0 0 0 0 91 0 0 0 0 0 0 0 0 0 0 0 0 0 368 0 0 0 0 0 0 0 0 237 0 0 0 0 0 0 0 0 0 0 0 0 0 373 0 0 0 0 399 0 0 0 0 0 0 0 0 0 0 0 0 0 0 191 0 319 0 0 0 0 0 0 0 0 0 0 142 0 0 0 0 44 0 0 84 0 0 0 0 0 0 0 0 0 0 0 20 0 0 0 0 
0 0 0 0 0 0 0 0 0 0 0 0 0 0 0 0 0 0 0 19 0 259 0 0 0 0 0 0 0 0 0 0 0 196 0 0 0 0 0 0 0 0 0 0 0 0 0 0 0 0 0 0 0 0 0 0 0 394 0 0 0 197 0 453 0 0 0 185 434 0 13 0 0 0 336 0 0 276 0 0 0 246 0 0 385 0 0 0 0 0 0 0 0 0 0 0 0 0 0 0 
