0 0 93 58 0 4 0 0 0 0 8 0 21 0 28 0 0 0 0 0 0 2 29 0 17 6 38 40 49 2 96 0 0 1 47 56 0 67 0 0 85 0 63 20 50 57 0 53 29 21 86 0 0 0 0 80 22 97 0 35 0 23 38 98 32 0 33 40 67 39 62 0 0 70 32 0 50 34 0 0 55 87 10 85 0 34 0 95 86 0 0 1 0 0 29 0 26 0 0 0 
0 0 33 68 0 0 71 0 6 0 57 60 0 0 75 33 0 54 0 0 7 0 95 78 78 0 0 0 0 0 0 11 0 82 25 48 10 38 1 70 0 51 21 41 39 76 44 61 50 52 38 0 0 44 31 67 3 86 91 89 47 36 66 94 59 22 6 65 29 0 78 0 43 26 87 22 85 34 0 2 0 5 90 0 76 62 69 32 3 40 59 0 78 45 0 82 0 88 56 52 
93 33 0 67 25 0 43 77 72 17 30 79 9 22 0 14 0 18 0 57 30 36 77 0 95 0 0 75 98 80 0 66 0 0 0 2 0 50 73 2 27 40 50 0 16 0 0 19 65 20 0 24 0 88 33 74 72 0 0 0 28 2 80 83 0 60 63 59 0 0 51 5 69 18 34 25 51 89 7 34 0 84 14 0 85 0 64 86 68 2 0 42 37 75 0 82 92 11 92 0 
58 68 67 0 0 27 91 29 65 0 6 74 0 0 0 0 0 36 31 88 93 94 55 89 64 4 77 36 0 42 0 87 78 5 0 83 3 13 0 77 100 0 17 0 0 0 66 37 15 60 49 0 0 0 0 64 0 20 39 51 6 18 14 0 0 88 0 24 38 0 9 0 6 98 31 0 64 0 0 29 99 0 58 0 94 74 34 99 96 15 81 0 12 28 0 0 0 66 44 36 
0 0 25 0 0 25 64 0 30 0 0 13 92 49 63 0 81 0 0 0 0 0 89 36 0 34 91 0 12 87 40 0 86 0 18 19 73 0 0 0 55 0 90 83 49 35 19 0 55 18 44 0 0 67 10 0 88 89 89 14 0 0 0 20 58 87 98 43 0 50 18 0 40 1 35 44 66 28 92 87 0 0 88 0 35 0 8 34 0 31 25 0 0 56 0 0 0 0 92 91 
4 0 0 27 25 0 6 0 0 72 49 0 30 0 0 98 71 20 0 50 59 93 0 49 50 68 80 55 0 0 0 0 0 0 38 0 78 83 16 78 8 3 0 43 19 0 25 0 24 0 0 0 15 79 0 0 2 91 0 0 68 44 19 88 16 43 10 87 0 0 12 81 44 0 51 63 98 81 82 20 83 87 76 76 0 92 0 64 30 0 52 0 45 14 24 42 0 0 0 28 
0 71 43 91 64 6 0 19 89 0 35 0 0 17 90 37 57 19 0 30 91 20 65 87 53 32 0 0 0 74 0 0 32 95 26 0 97 80 97 54 2 0 0 90 0 63 39 19 88 0 0 74 0 0 0 0 99 0 77 38 0 21 0 1 13 39 60 66 0 0 45 61 40 0 0 87 64 0 97 0 0 82 0 0 37 97 0 44 67 69 16 55 9 0 11 70 78 58 18 66 
0 0 77 29 0 0 19 0 79 0 73 0 0 0 83 19 60 63 28 98 0 0 51 99 64 52 73 0 82 87 35 0 39 8 0 0 0 84 0 78 36 0 54 73 66 0 0 100 0 0 45 0 0 61 89 64 33 0 62 53 5 30 0 0 0 84 0 83 53 0 57 73 0 13 0 0 0 62 90 50 12 44 16 99 6 0 0 56 44 0 15 25 13 71 30 63 0 59 1 68 
0 6 72 65 30 0 89 79 0 0 72 0 58 84 32 0 100 42 0 40 98 62 72 0 30 0 6 86 0 44 0 83 0 0 0 0 10 80 91 0 98 12 0 45 31 55 36 15 18 33 1 72 7 0 84 40 13 66 0 63 59 0 51 0 0 0 0 67 65 11 0 0 18 0 10 29 27 5 93 85 35 77 30 88 79 0 40 100 70 19 70 0 0 48 39 32 23 89 68 68 
0 0 17 0 0 72 0 0 0 0 46 0 0 57 5 20 0 30 55 35 77 17 0 100 72 0 0 0 0 5 0 87 0 42 0 100 24 0 58 0 10 39 0 0 39 0 0 0 0 93 14 0 0 54 54 81 41 60 0 0 95 0 0 95 36 19 23 50 84 37 0 16 32 67 0 13 27 41 0 22 20 76 86 0 0 8 33 82 0 19 0 31 46 0 0 0 0 80 70 16 
8 57 30 6 0 49 35 73 72 46 0 97 57 0 0 34 28 26 29 40 25 0 0 24 79 81 62 17 0 30 0 0 33 97 2 0 18 80 0 90 74 30 20 9 46 55 7 0 48 0 82 8 44 0 100 30 63 94 48 6 0 64 32 0 38 0 41 1 66 0 0 13 0 67 0 45 0 0 0 84 0 66 29 17 0 55 0 0 0 7 25 39 0 0 82 87 0 22 0 16 
0 60 79 74 13 0 0 0 0 0 97 0 71 38 6 31 94 6 90 0 94 5 82 21 0 0 37 0 53 0 25 0 43 0 0 89 0 74 28 0 37 0 0 0 89 58 21 29 70 45 20 0 37 0 48 0 90 96 30 0 0 37 40 30 49 79 0 38 0 26 85 2 0 78 0 46 0 0 24 23 0 0 98 0 43 75 0 77 42 13 20 0 26 96 45 28 0 88 0 55 
21 0 9 0 92 30 0 0 58 0 57 71 0 90 81 74 49 0 0 0 20 33 0 0 63 0 0 44 0 27 0 0 82 96 90 1 95 26 37 0 5 98 79 60 7 10 52 55 82 9 5 68 15 62 0 92 64 27 59 18 37 4 33 0 47 50 55 99 0 100 0 62 57 28 0 73 17 0 23 10 73 92 0 24 73 60 17 65 0 0 27 0 97 88 1 0 65 3 0 0 
0 0 22 0 49 0 17 0 84 57 0 38 90 0 78 24 3 95 30 81 0 29 57 31 0 27 15 0 0 52 0 73 25 95 78 33 11 99 84 82 67 0 28 43 0 43 0 73 93 37 34 52 88 0 77 15 0 0 42 29 0 24 96 93 0 68 0 69 58 57 54 48 22 76 0 78 0 0 0 15 50 79 85 91 31 44 68 77 0 51 0 0 13 59 36 34 0 65 0 0 
28 75 0 0 63 0 90 83 32 5 0 6 81 78 0 3 44 73 73 47 32 3 0 0 43 0 93 0 58 0 1 0 98 4 66 9 4 0 23 0 35 30 0 75 97 57 78 43 32 79 2 0 0 0 0 0 36 0 78 75 0 61 33 15 61 62 0 0 51 9 0 0 5 0 3 16 10 0 0 84 75 82 0 24 22 100 64 36 0 0 66 43 48 0 9 0 36 0 59 0 
0 33 14 0 0 98 37 19 0 20 34 31 74 24 3 0 0 0 60 0 29 36 0 36 0 0 0 60 6 100 0 99 89 0 68 87 0 45 0 0 0 0 0 45 10 34 29 17 31 0 78 0 62 0 0 47 0 58 54 22 78 24 4 92 39 47 0 51 48 80 0 89 0 61 39 45 66 30 78 29 95 0 32 30 0 20 6 0 0 5 57 0 0 0 0 4 78 0 96 49 
0 0 0 0 81 71 57 60 100 0 28 94 49 3 44 0 0 72 44 50 48 0 93 34 4 98 36 0 36 1 37 4 33 99 51 65 0 4 85 87 0 35 50 96 93 90 84 93 0 0 90 58 0 0 19 70 80 81 33 91 64 2 82 9 0 0 0 0 28 89 0 80 20 0 0 18 0 0 0 0 25 93 57 0 62 2 84 83 0 25 0 19 71 59 0 0 0 63 0 4 
0 54 18 36 0 20 19 63 42 30 26 6 0 95 73 0 72 0 0 63 47 0 16 5 0 15 51 0 16 9 0 22 0 68 13 90 43 45 3 2 45 0 95 0 87 0 0 95 0 58 0 30 31 0 28 87 0 19 0 6 0 33 84 84 0 0 90 25 0 0 13 7 35 51 76 0 53 76 0 0 39 81 0 64 42 94 0 59 0 0 0 0 44 37 60 0 0 12 0 0 
0 0 0 31 0 0 0 28 0 55 29 90 0 30 73 60 44 0 0 27 16 5 0 0 56 0 0 18 43 56 0 0 0 15 16 9 34 11 0 30 0 4 73 0 88 24 63 91 63 0 0 0 0 7 1 35 77 0 0 77 0 95 6 69 0 78 0 46 48 4 0 0 0 20 0 0 92 0 80 93 0 62 0 0 49 0 0 10 0 52 36 0 89 29 46 100 37 34 0 39 
0 0 57 88 0 50 30 98 40 35 40 0 0 81 47 0 50 63 27 0 0 54 78 2 2 56 0 0 84 47 71 52 17 0 4 0 18 57 80 0 2 37 16 39 93 11 0 0 0 0 69 95 7 0 30 0 6 0 29 0 0 51 0 0 43 57 0 0 0 0 45 97 0 0 0 18 0 10 88 81 25 0 68 0 62 98 0 68 0 1 0 0 2 9 33 37 28 27 28 59 
0 7 30 93 0 59 91 0 98 77 25 94 20 0 32 29 48 47 16 0 0 98 2 49 0 0 33 24 41 53 15 37 0 41 64 44 19 26 0 48 14 77 28 7 0 0 45 84 64 0 1 37 57 0 0 27 26 0 55 0 97 83 0 68 24 4 84 0 0 41 11 0 0 0 78 93 0 0 88 78 85 95 93 0 40 55 0 99 0 10 7 24 0 80 71 0 33 1 33 38 
2 0 36 94 0 93 20 0 62 17 0 5 33 29 3 36 0 0 5 54 98 0 27 0 20 3 0 49 36 27 69 78 53 0 1 97 17 0 0 55 31 20 43 12 97 90 31 0 0 0 0 19 25 78 24 86 0 55 75 4 39 0 0 36 0 0 0 68 9 44 0 0 84 0 95 91 62 27 35 82 67 26 0 69 0 0 0 0 0 0 77 0 6 34 0 23 0 39 49 0 
29 95 77 55 89 0 65 51 72 0 0 82 0 57 0 0 93 16 0 78 2 27 0 79 0 4 0 71 49 57 97 96 0 0 25 2 0 39 49 0 54 62 0 61 0 31 89 37 0 0 24 39 81 39 0 83 0 72 21 93 50 0 81 0 77 34 79 45 88 0 0 45 82 12 42 0 0 0 50 55 50 23 87 36 62 0 55 67 79 0 0 32 74 0 0 9 0 54 66 0 
0 78 0 89 36 49 87 99 0 100 24 21 0 31 0 36 34 5 0 2 49 0 79 0 0 0 22 0 43 0 47 21 6 16 65 33 80 78 5 0 42 29 0 45 68 50 23 100 28 0 9 82 73 24 5 0 8 0 8 0 0 83 0 47 93 0 52 34 10 60 0 0 40 0 0 92 48 36 27 70 15 0 0 85 0 0 43 0 56 0 0 0 48 32 6 52 39 61 0 87 
17 78 95 64 0 50 53 64 30 72 79 0 63 0 43 0 4 0 56 2 0 20 0 0 0 10 51 0 0 19 85 24 72 0 86 42 11 0 78 31 0 82 29 0 0 58 67 66 0 0 57 0 0 0 5 0 0 91 89 0 21 69 0 56 0 30 89 17 64 59 91 95 0 36 86 77 11 80 0 0 0 14 98 18 0 0 44 0 0 29 0 95 14 0 60 0 0 85 42 26 
6 0 0 4 34 68 32 52 0 0 81 0 0 27 0 0 98 15 0 56 0 3 4 0 10 0 47 77 66 34 4 22 0 0 81 1 88 0 87 63 100 0 14 70 80 0 0 93 65 21 32 43 0 82 71 98 97 87 0 86 0 0 39 17 0 0 34 86 0 7 56 0 46 44 5 26 99 58 56 63 0 24 0 0 74 0 53 34 30 0 53 0 0 79 0 6 0 0 0 51 
38 0 0 77 91 80 0 73 6 0 62 37 0 15 93 0 36 51 0 0 33 0 0 22 51 47 0 0 74 24 0 0 0 33 83 83 20 0 59 5 22 0 11 70 29 86 91 0 0 0 48 0 3 42 0 78 6 53 0 43 0 73 0 17 0 0 0 13 0 96 0 0 46 20 23 0 0 19 81 61 0 0 54 0 0 76 0 0 0 28 33 0 0 36 0 7 0 0 0 74 
40 0 75 36 0 55 0 0 86 0 17 0 44 0 0 60 0 0 18 0 24 49 71 0 0 77 0 0 21 68 0 65 27 0 0 32 68 48 69 36 0 58 0 20 57 59 38 4 2 97 73 0 17 0 0 76 27 85 0 30 72 82 0 16 67 0 0 80 34 54 0 80 15 0 0 89 10 0 21 94 0 76 0 0 18 41 39 15 12 83 9 0 0 0 26 0 57 0 32 5 
49 0 98 0 12 0 0 82 0 0 0 53 0 0 58 6 36 16 43 84 41 36 49 43 0 66 74 21 0 0 29 0 0 0 66 0 52 77 0 0 46 42 20 25 20 57 97 0 79 0 63 25 37 80 15 0 51 4 3 35 90 7 43 46 0 73 68 31 0 39 68 88 0 28 45 61 0 0 0 89 0 23 0 79 74 0 0 73 42 0 77 0 0 0 76 10 0 91 53 0 
2 0 80 42 87 0 74 87 44 5 30 0 27 52 0 100 1 9 56 47 53 27 57 0 19 34 24 68 0 0 0 0 0 0 74 10 73 0 24 70 98 62 31 23 0 10 60 84 39 75 44 96 0 1 0 0 97 1 0 53 22 33 15 96 35 0 73 99 0 80 0 0 0 77 0 48 57 47 0 0 34 1 0 78 43 0 60 12 0 0 0 0 39 26 0 0 0 16 0 0 
96 0 0 0 40 0 0 35 0 0 0 25 0 0 1 0 37 0 0 71 15 69 97 47 85 4 0 0 29 0 0 38 0 7 0 38 0 91 98 3 0 98 73 82 0 1 0 0 0 98 0 0 15 0 44 0 51 30 67 0 53 0 100 0 30 92 0 27 0 69 35 78 0 71 59 90 0 0 69 68 0 0 0 41 37 76 32 97 99 55 0 0 0 66 34 0 0 0 27 15 
0 11 66 87 0 0 0 0 83 87 0 0 0 73 0 99 4 22 0 52 37 78 96 21 24 22 0 65 0 0 38 0 92 0 9 26 0 11 0 37 0 9 0 0 11 92 70 0 99 75 0 27 70 0 54 0 0 75 10 0 55 53 6 0 11 0 17 8 28 17 36 0 57 22 22 0 77 0 29 0 51 0 0 0 0 0 30 0 72 85 18 34 2 0 0 65 29 57 30 0 
0 0 0 78 86 0 32 39 0 0 33 43 82 25 98 89 33 0 0 17 0 53 0 6 72 0 0 27 0 0 0 92 0 0 0 41 5 0 40 37 81 86 81 45 94 36 0 84 20 99 0 43 0 79 0 18 99 25 50 0 86 0 0 53 96 47 85 13 0 69 18 0 0 60 0 24 8 29 0 23 0 28 19 43 0 0 15 0 25 90 0 0 0 0 67 51 17 72 97 0 
1 82 0 5 0 0 95 8 0 42 97 0 96 95 4 0 99 68 15 0 41 0 0 16 0 0 33 0 0 0 7 0 0 0 0 99 28 100 0 0 13 40 43 0 0 0 29 0 0 79 47 69 93 0 8 12 71 30 0 43 0 88 10 0 4 84 0 65 10 39 45 0 61 94 60 57 30 16 99 84 33 0 36 0 0 0 21 0 82 79 89 0 33 0 24 5 68 0 97 81 
47 25 0 0 18 38 26 0 0 0 2 0 90 78 66 68 51 13 16 4 64 1 25 65 86 81 83 0 66 74 0 9 0 0 0 0 83 58 0 54 90 0 0 51 39 64 88 18 0 27 76 86 94 0 9 0 0 20 94 26 0 34 0 38 0 88 0 0 60 7 14 9 56 92 52 45 94 0 13 17 88 0 100 35 47 0 68 37 72 14 0 82 74 0 47 75 0 34 61 20 
56 48 2 83 19 0 0 0 0 100 0 89 1 33 9 87 65 90 9 0 44 97 2 33 42 1 83 32 0 10 38 26 41 99 0 0 0 100 65 21 95 2 7 75 98 7 0 98 62 42 31 71 0 0 2 78 0 29 63 0 65 70 33 52 66 88 0 0 55 75 0 100 0 18 0 0 63 0 0 0 0 0 19 0 10 0 28 92 0 0 33 34 0 0 100 90 0 9 0 15 
0 10 0 3 73 78 97 0 10 24 18 0 95 11 4 0 0 43 34 18 19 17 0 80 11 88 20 68 52 73 0 0 5 28 83 0 0 0 0 3 0 32 0 0 77 0 87 0 86 30 91 71 47 32 0 0 3 0 46 31 6 0 67 0 75 0 32 0 33 66 23 0 7 8 41 81 0 0 0 24 0 85 0 53 76 96 3 18 0 75 32 80 2 0 0 0 0 0 0 63 
67 38 50 13 0 83 80 84 80 0 80 74 26 99 0 45 4 45 11 57 26 0 39 78 0 0 0 48 77 0 91 11 0 100 58 100 0 0 0 86 26 0 0 68 55 19 87 27 0 75 0 0 2 0 61 27 18 0 8 0 0 0 15 22 7 0 0 71 0 0 20 95 0 0 0 1 38 22 5 97 49 8 0 81 0 0 48 10 30 40 12 59 79 0 80 59 89 42 0 8 
0 1 73 0 0 16 97 0 91 58 0 28 37 84 23 0 85 3 0 80 0 0 49 5 78 87 59 69 0 24 98 0 40 0 0 65 0 0 0 5 94 0 89 0 0 18 69 0 85 0 70 79 12 95 0 0 15 39 68 0 0 41 29 41 63 0 9 0 0 3 0 19 0 19 71 18 47 75 0 62 0 0 0 93 98 47 7 93 0 62 62 24 9 74 0 9 0 71 0 84 
0 70 2 77 0 78 54 78 0 0 90 0 0 82 0 0 87 2 30 0 48 55 0 0 31 63 5 36 0 70 3 37 37 0 54 21 3 86 5 0 80 77 0 100 68 49 0 84 78 0 0 23 59 62 0 0 80 87 0 0 8 0 24 6 11 0 21 0 0 18 0 23 37 76 12 7 0 0 41 60 83 59 65 52 0 0 0 0 0 0 88 0 14 41 0 0 44 16 55 36 
85 0 27 100 55 8 2 36 98 10 74 37 5 67 35 0 0 45 0 2 14 31 54 42 0 100 22 0 46 98 0 0 81 13 90 95 0 26 94 80 0 0 24 0 0 86 21 84 0 33 0 62 0 88 0 82 81 82 76 53 0 45 3 39 23 57 3 0 46 81 0 31 0 51 0 0 0 0 33 0 42 10 39 0 0 0 66 0 8 0 14 24 62 58 17 47 0 96 3 4 
0 51 40 0 0 3 0 0 12 39 30 0 98 0 30 0 35 0 4 37 77 20 62 29 82 0 0 58 42 62 98 9 86 40 0 2 32 0 0 77 0 0 0 25 0 0 99 27 21 0 6 0 74 99 89 0 0 48 0 0 44 0 0 87 0 51 17 0 0 62 43 20 10 0 67 39 7 0 37 0 72 4 12 0 64 0 30 0 0 82 46 0 0 18 47 0 30 0 9 0 
63 21 50 17 90 0 0 54 0 0 20 0 79 28 0 0 50 95 73 16 28 43 0 0 29 14 11 0 20 31 73 0 81 43 0 7 0 0 89 0 24 0 0 19 12 0 10 16 2 11 80 22 77 85 0 73 0 14 9 34 7 92 0 0 84 40 96 0 53 0 40 0 19 0 0 0 0 0 23 0 0 0 89 67 7 0 0 0 23 0 0 82 44 32 0 6 0 0 2 78 
20 41 0 0 83 43 90 73 45 0 9 0 60 43 75 45 96 0 0 39 7 12 61 45 0 70 70 20 25 23 82 0 45 0 51 75 0 68 0 100 0 25 19 0 95 56 0 0 31 36 0 0 28 0 0 0 55 0 64 2 0 19 17 17 83 40 72 1 4 53 80 0 63 13 0 77 0 0 11 96 94 0 0 0 8 11 27 39 29 40 0 40 42 30 55 75 44 59 0 0 
50 39 16 0 49 19 0 66 31 39 46 89 7 0 97 10 93 87 88 93 0 97 0 68 0 80 29 57 20 0 0 11 94 0 39 98 77 55 0 68 0 0 12 95 0 69 0 65 2 0 34 69 90 0 33 46 92 40 99 96 20 10 47 9 0 54 0 63 0 3 82 0 84 64 0 92 87 0 0 67 0 44 8 0 81 77 34 0 35 20 0 98 65 3 87 79 0 91 0 0 
57 76 0 0 35 0 63 0 55 0 55 58 10 43 57 34 90 0 24 11 0 90 31 50 58 0 86 59 57 10 1 92 36 0 64 7 0 19 18 49 86 0 0 56 69 0 0 64 52 26 86 76 0 0 0 22 21 0 75 2 51 0 0 0 0 0 0 0 0 0 59 81 23 96 0 92 48 0 0 93 54 0 52 0 38 0 83 44 33 81 63 0 88 5 37 19 0 0 30 14 
0 44 0 66 19 25 39 0 36 0 7 21 52 0 78 29 84 0 63 0 45 31 89 23 67 0 91 38 97 60 0 70 0 29 88 0 87 87 69 0 21 99 10 0 0 0 0 79 99 86 89 67 77 98 53 34 32 0 86 38 21 0 20 74 44 0 71 71 0 0 34 53 0 0 98 35 74 64 56 22 69 44 36 85 24 49 0 0 88 96 0 0 43 44 0 0 85 35 95 0 
53 61 19 37 0 0 19 100 15 0 0 29 55 73 43 17 93 95 91 0 84 0 37 100 66 93 0 4 0 84 0 0 84 0 18 98 0 27 0 84 84 27 16 0 65 64 79 0 0 83 79 0 0 13 0 27 19 58 0 35 46 17 39 0 0 97 90 0 32 0 88 92 14 28 22 75 4 0 88 32 55 13 74 0 13 19 42 0 64 32 1 0 68 45 0 3 78 99 0 40 
29 50 65 15 55 24 88 0 18 0 48 70 82 93 32 31 0 0 63 0 64 0 0 28 0 65 0 2 79 39 0 99 20 0 0 62 86 0 85 78 0 21 2 31 2 52 99 0 0 36 45 0 0 97 33 34 79 65 1 0 0 0 37 52 42 0 0 80 4 49 54 0 0 39 0 29 79 59 33 0 0 74 27 81 0 7 8 12 0 81 0 41 89 17 12 38 5 38 0 42 
21 52 20 60 18 0 0 0 33 93 0 45 9 37 79 0 0 58 0 0 0 0 0 0 0 21 0 97 0 75 98 75 99 79 27 42 30 75 0 0 33 0 11 36 0 26 86 83 36 0 0 0 57 13 0 9 69 0 0 0 18 46 0 0 0 0 0 0 25 45 0 0 34 3 87 0 20 0 66 0 68 79 87 88 87 0 0 75 49 6 0 0 0 0 0 0 0 1 55 0 
86 38 0 49 44 0 0 45 1 14 82 20 5 34 2 78 90 0 0 69 1 0 24 9 57 32 48 73 63 44 0 0 0 47 76 31 91 0 70 0 0 6 80 0 34 86 89 79 45 0 0 17 34 99 9 6 61 0 27 6 41 0 0 41 0 22 85 64 13 19 80 90 18 0 0 13 0 69 82 0 0 16 17 0 79 17 93 0 0 14 0 77 70 85 81 0 93 8 0 95 
0 0 24 0 0 0 74 0 72 0 8 0 68 52 0 0 58 30 0 95 37 19 39 82 0 43 0 0 25 96 0 27 43 69 86 71 71 0 79 23 62 0 22 0 69 76 67 0 0 0 17 0 83 58 7 90 57 0 0 23 86 0 71 6 66 82 0 70 0 67 15 0 72 0 0 0 12 0 92 52 60 0 0 0 24 0 62 0 78 85 0 66 80 0 0 0 59 78 0 57 
0 0 0 0 0 15 0 0 7 0 44 37 15 88 0 62 0 31 0 7 57 25 81 73 0 0 3 17 37 0 15 70 0 93 94 0 47 2 12 59 0 74 77 28 90 0 77 0 0 57 34 83 0 94 82 32 96 86 34 8 0 18 3 58 87 0 7 77 0 10 8 0 0 39 0 86 0 0 0 0 18 0 27 73 49 73 31 49 73 0 0 79 0 0 21 0 77 0 47 0 
0 44 88 0 67 79 0 61 0 54 0 0 62 0 0 0 0 0 7 0 0 78 39 24 0 82 42 0 80 1 0 0 79 0 0 0 32 0 95 62 88 99 85 0 0 0 98 13 97 13 99 58 94 0 0 2 78 52 78 39 87 70 41 0 0 38 26 0 62 0 32 3 80 0 0 83 0 0 0 0 38 75 44 5 26 26 52 79 61 1 87 11 69 86 0 0 0 34 0 0 
0 31 33 0 10 0 0 89 84 54 100 48 0 77 0 0 19 28 1 30 0 24 0 5 5 71 0 0 15 0 44 54 0 8 9 2 0 61 0 0 0 89 0 0 33 0 53 0 33 0 9 7 82 0 0 93 54 92 63 13 0 74 0 0 80 41 27 32 0 80 23 64 80 69 16 0 35 0 27 24 0 51 99 31 48 92 77 38 16 14 0 0 22 0 20 31 0 61 96 0 
80 67 74 64 0 0 0 64 40 81 30 0 92 15 0 47 70 87 35 0 27 86 83 0 0 98 78 76 0 0 0 0 18 12 0 78 0 27 0 0 82 0 73 0 46 22 34 27 34 9 6 90 32 2 93 0 84 92 15 47 0 52 0 34 28 0 69 0 74 0 40 0 0 0 21 84 0 0 0 0 0 26 51 62 70 58 0 0 15 0 94 4 0 26 0 48 99 96 35 7 
22 3 72 0 88 2 99 33 13 41 63 90 64 0 36 0 80 0 77 6 26 0 0 8 0 97 6 27 51 97 51 0 99 71 0 0 3 18 15 80 81 0 0 55 92 21 32 19 79 69 61 57 96 78 54 84 0 0 5 42 98 97 17 0 0 17 51 16 0 64 0 36 45 78 0 61 0 0 0 0 48 17 75 28 47 0 0 0 51 38 20 0 0 75 97 73 0 7 98 0 
97 86 0 20 89 91 0 0 66 60 94 96 27 0 0 58 81 19 0 0 0 55 72 0 91 87 53 85 4 1 30 75 25 30 20 29 0 0 39 87 82 48 14 0 40 0 0 58 65 0 0 0 86 52 92 92 0 0 0 0 69 0 62 46 30 52 35 17 0 0 77 0 75 48 62 17 14 4 26 52 0 38 86 0 75 51 36 15 81 0 81 0 0 0 86 0 20 49 15 0 
0 91 0 39 89 0 77 62 0 0 48 30 59 42 78 54 33 0 0 29 55 75 21 8 89 0 0 0 3 0 67 10 50 0 94 63 46 8 68 0 76 0 9 64 99 75 86 0 1 0 27 0 34 78 63 15 5 0 0 36 0 81 93 30 26 51 48 57 43 40 89 81 0 27 7 0 0 65 0 0 0 64 69 0 61 50 93 54 0 47 61 0 46 0 62 86 0 0 0 68 
35 89 0 51 14 0 38 53 63 0 6 0 18 29 75 22 91 6 77 0 0 4 93 0 0 86 43 30 35 53 0 0 0 43 26 0 31 0 0 0 53 0 34 2 96 2 38 35 0 0 6 23 8 39 13 47 42 0 36 0 32 56 0 18 0 0 0 56 53 36 97 33 0 47 0 67 46 80 83 61 68 59 40 0 55 72 93 0 84 64 33 0 61 0 0 0 0 10 63 88 
0 47 28 6 0 68 0 5 59 95 0 0 37 0 0 78 64 0 0 0 97 39 50 0 21 0 0 72 90 22 53 55 86 0 0 65 6 0 0 8 0 44 7 0 20 51 21 46 0 18 41 86 0 87 0 0 98 69 0 32 0 20 71 0 94 75 0 2 36 2 30 0 0 2 78 0 0 58 62 95 50 0 69 0 0 67 77 9 0 0 93 0 0 0 33 81 99 74 0 0 
23 36 2 18 0 44 21 30 0 0 64 37 4 24 61 24 2 33 95 51 83 0 0 83 69 0 73 82 7 33 0 53 0 88 34 70 0 0 41 0 45 0 92 19 10 0 0 17 0 46 0 0 18 70 74 52 97 0 81 56 20 0 24 32 74 45 0 0 51 3 79 0 0 44 0 52 0 76 16 0 34 10 0 0 0 76 16 22 0 26 63 0 43 0 87 0 28 88 0 53 
38 66 80 14 0 19 0 0 51 0 32 40 33 96 33 4 82 84 6 0 0 0 81 0 0 39 0 0 43 15 100 6 0 10 0 33 67 15 29 24 3 0 0 17 47 0 20 39 37 0 0 71 3 41 0 0 17 62 93 0 71 24 0 85 0 17 0 0 34 35 0 3 48 0 100 81 57 17 23 52 44 41 68 0 0 97 20 0 8 70 0 0 16 0 84 6 77 72 0 44 
98 94 83 0 20 88 1 0 0 95 0 30 0 93 15 92 9 84 69 0 68 36 0 47 56 17 17 16 46 96 0 0 53 0 38 52 0 22 41 6 39 87 0 17 9 0 74 0 52 0 41 6 58 0 0 34 0 46 30 18 0 32 85 0 30 81 0 91 0 26 62 51 49 97 0 0 89 0 46 0 0 91 37 0 36 0 0 96 97 44 65 96 0 61 0 12 0 74 8 62 
32 59 0 0 58 16 13 0 0 36 38 49 47 0 61 39 0 0 0 43 24 0 77 93 0 0 0 67 0 35 30 11 96 4 0 66 75 7 63 11 23 0 84 83 0 0 44 0 42 0 0 66 87 0 80 28 0 30 26 0 94 74 0 30 0 0 0 34 99 0 86 60 0 10 74 0 22 65 0 0 0 0 30 66 0 0 0 63 42 0 0 97 39 0 0 27 17 59 0 53 
0 22 60 88 87 43 39 84 0 19 0 79 50 68 62 47 0 0 78 57 4 0 34 0 30 0 0 0 73 0 92 0 47 84 88 88 0 0 0 0 57 51 40 40 54 0 0 97 0 0 22 82 0 38 41 0 17 52 51 0 75 45 17 81 0 0 73 22 44 0 0 69 72 30 0 35 100 93 29 39 8 72 28 33 70 0 53 48 81 26 20 0 0 45 27 62 0 58 0 74 
33 6 63 0 98 10 60 0 0 23 41 0 55 0 0 0 0 90 0 0 84 0 79 52 89 34 0 0 68 73 0 17 85 0 0 0 32 0 9 21 3 17 96 72 0 0 71 90 0 0 85 0 7 26 27 69 51 35 48 0 0 0 0 0 0 73 0 0 32 87 54 14 31 11 0 0 0 0 45 41 55 96 13 98 67 0 0 55 0 33 91 0 13 0 7 74 91 0 17 67 
40 65 59 24 43 87 66 83 67 50 1 38 99 69 0 51 0 25 46 0 0 68 45 34 17 86 13 80 31 99 27 8 13 65 0 0 0 71 0 0 0 0 0 1 63 0 71 0 80 0 64 70 77 0 32 0 16 17 57 56 2 0 0 91 34 22 0 0 0 99 90 0 16 87 0 64 63 70 11 74 47 0 84 90 79 77 8 0 0 13 78 27 0 0 77 67 0 71 90 0 
67 29 0 38 0 0 0 53 65 84 66 0 0 58 51 48 28 0 48 0 0 9 88 10 64 0 0 34 0 0 0 28 0 10 60 55 33 0 0 0 46 0 53 4 0 0 0 32 4 25 13 0 0 62 0 74 0 0 43 53 36 51 34 0 99 44 32 0 0 0 0 10 59 78 44 0 73 13 7 99 66 76 14 97 0 80 58 75 87 17 0 4 0 84 0 0 55 56 94 8 
39 0 0 0 50 0 0 0 11 37 0 26 100 57 9 80 89 0 4 0 41 44 0 60 59 7 96 54 39 80 69 17 69 39 7 75 66 0 3 18 81 62 0 53 3 0 0 0 49 45 19 67 10 0 80 0 64 0 40 36 2 3 35 26 0 0 87 99 0 0 98 0 59 0 67 54 28 3 65 75 28 37 0 0 65 39 0 49 0 68 81 0 0 0 88 23 0 0 19 43 
62 78 51 9 18 12 45 57 0 0 0 85 0 54 0 0 0 13 0 45 11 0 0 0 91 56 0 0 68 0 35 36 18 45 14 0 23 20 0 0 0 43 40 80 82 59 34 88 54 0 80 15 8 32 23 40 0 77 89 97 30 79 0 62 86 0 54 90 0 98 0 89 0 0 89 0 0 28 0 0 57 4 30 24 55 0 100 78 0 0 0 0 0 24 15 38 68 1 0 23 
0 0 5 0 0 81 61 73 0 16 13 2 62 48 0 89 80 7 0 97 0 0 45 0 95 0 0 80 88 0 78 0 0 0 9 100 0 95 19 23 31 20 0 0 0 81 53 92 0 0 90 0 0 3 64 0 36 0 81 33 0 0 3 51 60 69 14 0 10 0 89 0 56 38 6 0 49 60 0 30 0 0 93 19 0 96 86 0 39 0 22 17 88 0 77 29 72 20 0 19 
0 43 69 6 40 44 40 0 18 32 0 0 57 22 5 0 20 35 0 0 0 84 82 40 0 46 46 15 0 0 0 57 0 61 56 0 7 0 0 37 0 10 19 63 84 23 0 14 0 34 18 72 0 80 80 0 45 75 0 0 0 0 48 49 0 72 31 16 59 59 0 56 0 88 72 23 69 18 27 0 0 1 24 99 55 0 63 0 0 66 63 0 46 6 0 0 10 0 59 50 
70 26 18 98 1 0 0 13 0 67 67 78 28 76 0 61 0 51 20 0 0 0 12 0 36 44 20 0 28 77 71 22 60 94 92 18 8 0 19 76 51 0 0 13 64 96 0 28 39 3 0 0 39 0 69 0 78 48 27 47 2 44 0 97 10 30 11 87 78 0 0 38 88 0 45 50 50 29 6 88 0 48 0 0 6 52 0 0 3 67 51 4 0 0 0 34 4 0 57 58 
32 87 34 31 35 51 0 0 10 0 0 0 0 0 3 39 0 76 0 0 78 95 42 0 86 5 23 0 45 0 59 22 0 60 52 0 41 0 71 12 0 67 0 0 0 0 98 22 0 87 0 0 0 0 16 21 0 62 7 0 78 0 100 0 74 0 0 0 44 67 89 6 72 45 0 76 0 0 0 8 63 79 94 62 83 44 73 0 3 0 0 0 0 0 100 19 15 11 0 20 
0 22 25 0 44 63 87 0 29 13 45 46 73 78 16 45 18 0 0 18 93 91 0 92 77 26 0 89 61 48 90 0 24 57 45 0 81 1 18 7 0 39 0 77 92 92 35 75 29 0 13 0 86 83 0 84 61 17 0 67 0 52 81 0 0 35 0 64 0 54 0 0 23 50 76 0 60 83 0 0 0 0 28 89 0 71 1 95 76 91 62 38 0 0 4 0 0 26 0 0 
50 85 51 64 66 98 64 0 27 27 0 0 17 0 10 66 0 53 92 0 0 62 0 48 11 99 0 10 0 57 0 77 8 30 94 63 0 38 47 0 0 7 0 0 87 48 74 4 79 20 0 12 0 0 35 0 0 14 0 46 0 0 57 89 22 100 0 63 73 28 0 49 69 50 0 60 0 0 23 55 29 51 10 4 0 68 0 0 47 0 26 47 17 27 0 83 0 0 0 8 
34 34 89 0 28 81 0 62 5 41 0 0 0 0 0 30 0 76 0 10 0 27 0 36 80 58 19 0 0 47 0 0 29 16 0 0 0 22 75 0 0 0 0 0 0 0 64 0 59 0 69 0 0 0 0 0 0 4 65 80 58 76 17 0 65 93 0 70 13 3 28 60 18 29 0 83 0 0 93 40 55 0 77 0 41 0 0 0 0 6 0 0 64 0 3 17 0 63 0 0 
0 0 7 0 92 82 97 90 93 0 0 24 23 0 0 78 0 0 80 88 88 35 50 27 0 56 81 21 0 0 69 29 0 99 13 0 0 5 0 41 33 37 23 11 0 0 56 88 33 66 82 92 0 0 27 0 0 26 0 83 62 16 23 46 0 29 45 11 7 65 0 0 27 6 0 0 23 93 0 50 35 0 0 0 0 79 0 0 0 72 0 46 0 28 71 36 65 20 64 98 
0 2 34 29 87 20 0 50 85 22 84 23 10 15 84 29 0 0 93 81 78 82 55 70 0 63 61 94 89 0 68 0 23 84 17 0 24 97 62 60 0 0 0 96 67 93 22 32 0 0 0 52 0 0 24 0 0 52 0 61 95 0 52 0 0 39 41 74 99 75 0 30 0 88 8 0 55 40 50 0 69 78 14 34 54 26 85 83 73 8 0 37 43 67 0 0 0 82 76 0 
55 0 0 99 0 83 0 12 35 20 0 0 73 50 75 95 25 39 0 25 85 67 50 15 0 0 0 0 0 34 0 51 0 33 88 0 0 49 0 83 42 72 0 94 0 54 69 55 0 68 0 60 18 38 0 0 48 0 0 68 50 34 44 0 0 8 55 47 66 28 57 0 0 0 63 0 29 55 35 69 0 0 59 0 0 0 23 0 46 91 0 19 31 85 0 0 0 0 96 0 
87 5 84 0 0 87 82 44 77 76 66 0 92 79 82 0 93 81 62 0 95 26 23 0 14 24 0 76 23 1 0 0 28 0 0 0 85 8 0 59 10 4 0 0 44 0 44 13 74 79 16 0 0 75 51 26 17 38 64 59 0 10 41 91 0 72 96 0 76 37 4 0 1 48 79 0 51 0 0 78 0 0 0 86 85 88 0 0 62 4 0 0 0 64 0 0 58 0 52 85 
10 90 14 58 88 76 0 16 30 86 29 98 0 85 0 32 57 0 0 68 93 0 87 0 98 0 54 0 0 0 0 0 19 36 100 19 0 0 0 65 39 12 89 0 8 52 36 74 27 87 17 0 27 44 99 51 75 86 69 40 69 0 68 37 30 28 13 84 14 0 30 93 24 0 94 28 10 77 0 14 59 0 0 15 39 45 42 0 1 35 18 0 0 0 2 87 0 85 0 74 
85 0 0 0 0 76 0 99 88 0 17 0 24 91 24 30 0 64 0 0 0 69 36 85 18 0 0 0 79 78 41 0 43 0 35 0 53 81 93 52 0 0 67 0 0 0 85 0 81 88 0 0 73 5 31 62 28 0 0 0 0 0 0 0 66 33 98 90 97 0 24 19 99 0 62 89 4 0 0 34 0 86 15 0 0 56 1 0 18 59 41 53 78 0 0 89 79 19 0 28 
0 76 85 94 35 0 37 6 79 0 0 43 73 31 22 0 62 42 49 62 40 0 62 0 0 74 0 18 74 43 37 0 0 0 47 10 76 0 98 0 0 64 7 8 81 38 24 13 0 87 79 24 49 26 48 70 47 75 61 55 0 0 0 36 0 70 67 79 0 65 55 0 55 6 83 0 0 41 0 54 0 85 39 0 0 82 0 0 97 0 0 41 36 37 58 0 44 0 96 24 
34 62 0 74 0 92 97 0 0 8 55 75 60 44 100 20 2 94 0 98 55 0 0 0 0 0 76 41 0 0 76 0 0 0 0 0 96 0 47 0 0 0 0 11 77 0 49 19 7 0 17 0 73 26 92 58 0 51 50 72 67 76 97 0 0 0 0 77 80 39 0 96 0 52 44 71 68 0 79 26 0 88 45 56 82 0 0 27 0 57 66 92 70 87 53 0 0 0 0 43 
0 69 64 34 8 0 0 0 40 33 0 0 17 68 64 6 84 0 0 0 0 0 55 43 44 53 0 39 0 60 32 30 15 21 68 28 3 48 7 0 66 30 0 27 34 83 0 42 8 0 93 62 31 52 77 0 0 36 93 93 77 16 20 0 0 53 0 8 58 0 100 86 63 0 73 1 0 0 0 85 23 0 42 1 0 0 0 23 26 0 27 0 0 74 84 0 0 81 0 76 
95 32 86 99 34 64 44 56 100 82 0 77 65 77 36 0 83 59 10 68 99 0 67 0 0 34 0 15 73 12 97 0 0 0 37 92 18 10 93 0 0 0 0 39 0 44 0 0 12 75 0 0 49 79 38 0 0 15 54 0 9 22 0 96 63 48 55 0 75 49 78 0 0 0 0 95 0 0 0 83 0 0 0 0 0 27 23 0 82 17 47 0 98 9 22 73 100 12 0 68 
86 3 68 96 0 30 67 44 70 0 0 42 0 0 0 0 0 0 0 0 0 0 79 56 0 30 0 12 42 0 99 72 25 82 72 0 0 30 0 0 8 0 23 29 35 33 88 64 0 49 0 78 73 61 16 15 51 81 0 84 0 0 8 97 42 81 0 0 87 0 0 39 0 3 3 76 47 0 0 73 46 62 1 18 97 0 26 82 0 67 13 0 0 5 60 0 37 16 0 84 
0 40 2 15 31 0 69 0 19 19 7 13 0 51 0 5 25 0 52 1 10 0 0 0 29 0 28 83 0 0 55 85 90 79 14 0 75 40 62 0 0 82 0 40 20 81 96 32 81 6 14 85 0 1 14 0 38 0 47 64 0 26 70 44 0 26 33 13 17 68 0 0 66 67 0 91 0 6 72 8 91 4 35 59 0 57 0 17 67 0 98 0 89 73 29 0 68 0 99 8 
0 59 0 81 25 52 16 15 70 0 25 20 27 0 66 57 0 0 36 0 7 77 0 0 0 53 33 9 77 0 0 18 0 89 0 33 32 12 62 88 14 46 0 0 0 63 0 1 0 0 0 0 0 87 0 94 20 81 61 33 93 63 0 65 0 20 91 78 0 81 0 22 63 51 0 62 26 0 0 0 0 0 18 41 0 66 27 47 13 98 0 0 14 20 0 92 0 36 0 53 
1 0 42 0 0 0 55 25 0 31 39 0 0 0 43 0 19 0 0 0 24 0 32 0 95 0 0 0 0 0 0 34 0 0 82 34 80 59 24 0 24 0 82 40 98 0 0 0 41 0 77 66 79 11 0 4 0 0 0 0 0 0 0 96 97 0 0 27 4 0 0 17 0 4 0 38 47 0 46 37 19 0 0 53 41 92 0 0 0 0 0 0 0 0 0 0 0 0 0 40 
0 78 37 12 0 45 9 13 0 46 0 26 97 13 48 0 71 44 89 2 0 6 74 48 14 0 0 0 0 39 0 2 0 33 74 0 2 79 9 14 62 0 44 42 65 88 43 68 89 0 70 80 0 69 22 0 0 0 46 61 0 43 16 0 39 0 13 0 0 0 0 88 46 0 0 0 17 64 0 43 31 0 0 78 36 70 0 98 0 89 14 0 0 33 90 8 13 2 79 0 
0 45 75 28 56 14 0 71 48 0 0 96 88 59 0 0 59 37 29 9 80 34 0 32 0 79 36 0 0 26 66 0 0 0 0 0 0 0 74 41 58 18 32 30 3 5 44 45 17 0 85 0 0 86 0 26 75 0 0 0 0 0 0 61 0 45 0 0 84 0 24 0 6 0 0 0 27 0 28 67 85 64 0 0 37 87 74 9 5 73 20 0 33 0 74 0 72 15 50 0 
29 0 0 0 0 24 11 30 39 0 82 45 1 36 9 0 0 60 46 33 71 0 0 6 60 0 0 26 76 0 34 0 67 24 47 100 0 80 0 0 17 47 0 55 87 37 0 0 12 0 81 0 21 0 20 0 97 86 62 0 33 87 84 0 0 27 7 77 0 88 15 77 0 0 100 4 0 3 71 0 0 0 2 0 58 53 84 22 60 29 0 0 90 74 0 50 0 5 77 0 
0 82 82 0 0 42 70 63 32 0 87 28 0 34 0 4 0 0 100 37 0 23 9 52 0 6 7 0 10 0 0 65 51 5 75 90 0 59 9 0 47 0 6 75 79 19 0 3 38 0 0 0 0 0 31 48 73 0 86 0 81 0 6 12 27 62 74 67 0 23 38 29 0 34 19 0 83 17 36 0 0 0 87 89 0 0 0 73 0 0 92 0 8 0 50 0 70 33 0 48 
26 0 92 0 0 0 78 0 23 0 0 0 65 0 36 78 0 0 37 28 33 0 0 39 0 0 0 57 0 0 0 29 17 68 0 0 0 89 0 44 0 30 0 44 0 0 85 78 5 0 93 59 77 0 0 99 0 20 0 0 99 28 77 0 17 0 91 0 55 0 68 72 10 4 15 0 0 0 65 0 0 58 0 79 44 0 0 100 37 68 0 0 13 72 0 70 0 78 63 58 
0 88 11 66 0 0 58 59 89 80 22 88 3 65 0 0 63 12 34 27 1 39 54 61 85 0 0 0 91 16 0 57 72 0 34 9 0 42 71 16 96 0 0 59 91 0 35 99 38 1 8 78 0 34 61 96 7 49 0 10 74 88 72 74 59 58 0 71 56 0 1 20 0 0 11 26 0 63 20 82 0 0 85 19 0 0 81 12 16 0 36 0 2 15 5 33 78 0 0 0 
0 56 92 44 92 0 18 1 68 70 0 0 0 0 59 96 0 0 0 28 33 49 66 0 42 0 0 32 53 0 27 30 97 97 61 0 0 0 0 55 3 9 2 0 0 30 95 0 0 55 0 0 47 0 96 35 98 15 0 63 0 0 0 8 0 0 17 90 94 19 0 0 59 57 0 0 0 0 64 76 96 52 0 0 96 0 0 0 0 99 0 0 79 50 77 0 63 0 0 0 
0 52 0 36 91 28 66 68 68 16 16 55 0 0 0 49 4 0 39 59 38 0 0 87 26 51 74 5 0 0 15 0 0 81 20 15 63 8 84 36 4 0 78 0 0 14 0 40 42 0 95 57 0 0 0 7 0 0 68 88 0 53 44 62 53 74 67 0 8 43 23 19 50 58 20 0 8 0 98 0 0 85 74 28 24 43 76 68 84 8 53 40 0 0 0 48 58 0 0 0 
