0 0 0 0 0 82 78 0 0 0 0 56 0 0 97 0 0 51 0 0 0 0 0 98 0 0 54 0 0 5 0 73 0 0 0 0 0 0 0 0 0 0 0 0 0 0 11 0 0 13 0 0 0 15 0 0 0 0 0 0 0 0 0 0 0 96 59 0 0 0 4 0 0 0 0 54 0 75 0 0 0 0 0 0 15 0 0 0 24 0 0 42 0 0 0 0 47 0 0 0 
0 0 3 0 0 0 0 0 0 0 0 0 0 0 0 0 0 0 0 28 0 55 48 0 0 0 0 0 0 0 0 0 0 0 0 0 13 31 0 0 77 0 0 0 0 53 87 0 0 0 43 0 0 0 0 0 21 72 2 0 9 0 0 5 0 0 0 43 0 23 35 0 0 0 0 0 0 0 0 0 0 0 0 85 0 0 0 4 40 0 0 0 0 0 0 0 0 0 3 82 
0 3 0 0 84 0 7 0 0 0 0 97 0 12 0 15 72 0 0 0 0 0 0 0 0 0 57 0 0 0 0 0 92 0 68 2 0 0 0 0 0 0 64 0 2 0 0 0 0 0 0 0 86 0 0 11 55 0 27 0 0 0 0 36 0 0 0 0 21 62 0 0 49 0 12 0 71 60 24 78 0 0 0 0 0 0 65 36 0 0 0 0 74 0 0 74 0 0 0 0 
0 0 0 0 0 0 0 0 35 86 0 0 0 0 0 0 0 0 0 0 0 0 84 0 41 0 0 0 0 0 0 36 0 70 0 0 56 0 0 0 0 0 0 0 0 0 0 0 0 88 0 61 0 52 0 0 0 0 0 0 0 0 23 0 0 0 0 0 0 0 0 0 0 0 0 50 1 63 0 0 0 0 0 88 63 88 0 47 0 0 72 0 0 0 0 0 0 0 0 0 
0 0 84 0 0 0 0 0 0 0 0 0 0 0 0 0 0 41 46 0 0 0 0 0 92 0 0 0 29 0 0 0 0 9 0 5 0 0 0 22 0 47 0 60 0 3 96 83 21 81 24 0 16 0 0 45 0 0 0 0 94 28 0 0 39 63 73 0 0 0 0 0 0 0 60 21 0 0 0 0 0 0 89 0 6 0 0 0 0 0 0 0 81 0 0 65 0 0 0 0 
82 0 0 0 0 0 0 91 94 0 0 47 0 0 0 0 44 0 0 0 0 11 0 0 0 0 95 0 0 0 88 0 0 0 0 25 0 75 0 0 51 0 89 53 18 93 0 0 0 0 0 0 0 0 43 0 0 0 0 0 61 0 0 0 0 0 0 0 71 0 0 31 0 0 0 0 0 0 0 0 0 0 0 0 0 0 0 0 100 0 53 0 0 79 0 0 100 0 0 66 
78 0 7 0 0 0 0 7 0 84 0 0 10 0 71 0 100 0 0 0 0 0 0 0 49 36 0 0 17 0 37 0 71 0 0 0 0 0 0 0 0 0 0 0 67 0 45 74 98 0 0 0 0 0 84 81 0 0 44 0 0 0 0 0 77 94 0 0 28 0 3 0 0 0 96 0 0 0 47 0 0 100 0 0 0 0 30 0 33 0 0 0 0 72 0 0 0 0 0 0 
0 0 0 0 0 91 7 0 45 0 0 0 0 0 0 0 76 0 0 0 0 58 0 0 0 0 0 66 0 0 0 0 0 0 0 0 0 67 0 0 0 48 23 83 3 0 43 45 87 11 14 26 0 51 0 0 0 22 81 0 0 0 10 51 0 0 0 0 8 0 0 0 22 0 0 0 0 0 70 0 84 0 1 0 0 50 0 0 0 0 0 0 0 80 0 0 0 89 0 0 
0 0 0 35 0 94 0 45 0 0 0 10 67 74 93 94 0 0 0 0 0 0 0 29 0 0 55 0 0 0 28 0 0 98 11 5 0 0 97 0 70 0 0 0 0 0 0 0 0 0 0 0 3 0 0 0 0 39 0 0 0 0 27 0 0 0 0 0 0 0 0 0 0 13 0 0 0 0 0 0 0 26 0 57 0 0 0 0 0 0 26 0 48 10 0 0 0 0 0 0 
0 0 0 86 0 0 84 0 0 0 0 74 69 14 0 71 80 0 0 0 0 0 0 0 26 84 47 0 10 0 0 15 0 0 0 0 0 0 0 0 0 0 0 0 0 0 0 0 0 20 0 0 0 0 56 31 0 89 45 0 0 26 0 0 42 0 0 0 0 41 0 11 0 81 0 0 0 0 0 18 0 19 0 0 0 82 0 0 0 0 82 0 78 0 0 88 33 98 0 0 
0 0 0 0 0 0 0 0 0 0 0 0 0 56 0 0 0 0 0 0 78 0 0 7 0 0 72 0 0 86 0 0 0 0 0 70 0 0 0 6 0 57 0 0 0 0 46 0 0 0 0 0 0 94 0 0 0 0 2 6 0 0 0 0 0 68 0 0 36 18 0 0 0 0 0 46 0 0 0 0 64 0 0 0 0 0 23 59 87 57 15 54 0 0 0 62 50 0 0 70 
56 0 97 0 0 47 0 0 10 74 0 0 67 77 0 0 0 0 81 0 0 0 0 0 0 0 0 0 0 1 0 0 0 0 0 53 0 0 0 0 0 0 53 0 20 0 98 0 0 0 0 20 0 0 82 0 0 0 0 92 0 0 49 0 0 16 0 0 0 84 0 0 80 0 0 70 36 0 0 0 0 31 0 0 0 0 89 0 12 0 0 0 23 0 0 0 0 0 0 20 
0 0 0 0 0 0 10 0 67 69 0 67 0 0 0 0 0 0 0 0 0 0 0 98 0 20 0 0 30 0 0 0 0 21 0 0 49 0 0 89 0 26 55 0 0 26 0 0 0 12 12 0 41 90 0 0 0 0 27 0 0 0 75 0 67 0 0 64 86 0 66 33 0 37 0 0 0 0 0 0 0 23 49 65 0 0 0 0 0 0 0 31 0 0 0 0 0 0 41 0 
0 0 12 0 0 0 0 0 74 14 56 77 0 0 0 49 0 0 55 0 0 0 0 14 0 0 0 0 94 67 24 0 0 0 29 0 0 52 0 6 0 0 0 0 0 0 0 27 23 0 0 0 0 27 43 35 0 0 0 0 0 0 0 0 4 0 97 0 0 0 39 0 0 0 98 96 0 0 0 51 0 0 0 86 45 30 0 0 53 0 31 0 0 0 0 0 0 0 0 0 
97 0 0 0 0 0 71 0 93 0 0 0 0 0 0 0 50 42 0 0 79 0 0 0 0 0 0 0 0 0 0 0 34 0 0 0 0 0 0 0 0 36 0 0 0 40 24 0 0 57 0 0 0 0 0 0 0 0 0 94 0 0 0 0 18 0 7 0 0 0 0 0 0 0 0 0 0 33 0 0 0 72 0 0 0 86 0 0 0 0 10 89 0 0 0 0 0 0 0 85 
0 0 15 0 0 0 0 0 94 71 0 0 0 49 0 0 26 0 0 0 0 0 0 0 0 0 0 0 36 0 0 68 0 0 74 0 0 0 0 68 0 0 0 0 0 88 0 9 0 37 0 0 0 0 0 0 0 0 0 0 0 0 0 0 0 0 82 0 83 0 0 68 0 0 0 0 0 0 28 0 0 75 0 0 0 55 24 0 0 0 0 0 0 0 0 51 0 0 0 0 
0 0 72 0 0 44 100 76 0 80 0 0 0 0 50 26 0 0 0 0 8 0 35 0 0 0 0 46 0 0 0 0 0 0 0 86 0 0 0 1 0 0 0 0 0 47 0 0 0 0 0 0 91 0 53 0 0 0 0 0 0 0 0 66 0 0 0 100 0 0 26 0 0 0 45 0 58 0 0 0 0 23 87 5 53 0 59 0 35 0 0 56 23 0 0 17 72 0 0 0 
51 0 0 0 41 0 0 0 0 0 0 0 0 0 42 0 0 0 30 0 0 0 4 0 0 100 0 0 0 0 0 0 52 17 52 0 8 0 0 0 0 61 0 0 0 0 0 0 92 0 5 0 23 0 0 0 0 66 98 19 0 0 0 0 0 0 0 0 0 1 0 0 0 0 0 0 0 0 0 0 0 0 0 0 84 0 15 33 0 30 0 0 0 13 33 0 0 5 0 26 
0 0 0 0 46 0 0 0 0 0 0 81 0 55 0 0 0 30 0 0 0 0 0 77 0 0 0 40 28 0 47 56 0 0 0 0 0 0 0 0 0 0 0 100 0 0 0 0 37 0 0 0 0 0 0 0 0 78 0 66 48 9 37 0 0 0 94 8 37 60 0 72 36 0 0 0 0 0 100 0 0 0 0 0 0 0 0 24 48 0 68 64 57 0 63 0 0 0 0 77 
0 28 0 0 0 0 0 0 0 0 0 0 0 0 0 0 0 0 0 0 0 0 0 13 68 0 0 22 51 0 0 0 69 0 66 24 68 0 0 0 69 0 0 0 0 0 39 80 0 0 0 91 0 0 0 0 0 0 0 55 0 0 0 0 0 0 0 1 0 0 0 95 54 0 0 0 0 0 72 73 0 0 0 0 0 0 0 0 0 56 0 0 0 0 39 40 0 0 4 62 
0 0 0 0 0 0 0 0 0 0 78 0 0 0 79 0 8 0 0 0 0 0 78 69 0 0 64 0 0 0 0 88 0 0 49 0 0 0 0 0 0 0 82 50 0 19 0 26 0 0 0 0 0 0 0 23 0 30 39 0 0 49 5 78 81 0 86 0 0 0 0 0 0 0 0 0 0 0 0 0 24 0 0 0 0 0 0 86 0 0 0 76 0 0 0 0 0 72 0 0 
0 55 0 0 0 11 0 58 0 0 0 0 0 0 0 0 0 0 0 0 0 0 0 0 0 0 0 0 0 0 61 0 0 0 0 96 8 0 0 0 0 0 0 0 0 0 0 0 4 88 60 0 94 0 0 55 0 0 53 0 63 0 0 63 0 0 4 0 18 0 0 0 0 0 0 60 5 0 0 9 0 0 86 82 0 0 7 50 59 71 0 0 37 70 0 0 0 4 23 66 
0 48 0 84 0 0 0 0 0 0 0 0 0 0 0 0 35 4 0 0 78 0 0 0 0 0 4 100 0 0 0 0 0 40 47 0 78 0 0 0 0 0 0 50 0 10 0 0 26 0 29 98 0 62 0 0 0 0 0 0 0 0 84 0 0 20 0 19 72 0 0 0 0 0 0 0 0 99 0 0 0 0 0 89 0 48 0 0 0 0 0 0 38 34 15 55 25 92 0 0 
98 0 0 0 0 0 0 0 29 0 7 0 98 14 0 0 0 0 77 13 69 0 0 0 0 0 0 0 0 20 0 0 0 0 0 0 0 0 0 10 0 0 0 0 0 0 0 0 0 0 0 0 0 0 0 0 82 0 100 0 62 0 0 0 99 32 0 0 0 0 0 0 0 0 39 55 0 4 0 0 0 0 0 0 0 0 0 0 81 64 42 7 0 0 0 0 0 0 0 87 
0 0 0 41 92 0 49 0 0 26 0 0 0 0 0 0 0 0 0 68 0 0 0 0 0 0 0 0 0 50 0 0 0 0 41 0 0 43 0 0 0 9 57 0 0 0 48 0 0 35 58 68 0 0 74 0 14 51 0 0 27 0 0 0 0 0 0 0 0 94 0 12 0 0 68 0 33 0 0 0 21 0 0 5 0 0 0 26 0 0 1 0 0 0 0 0 97 0 0 0 
0 0 0 0 0 0 36 0 0 84 0 0 20 0 0 0 0 100 0 0 0 0 0 0 0 0 0 0 0 0 4 0 0 26 0 0 0 98 0 17 77 0 36 0 21 0 53 0 0 0 0 0 0 42 90 0 97 16 0 91 0 17 0 1 46 19 0 0 0 0 0 0 0 0 0 0 0 0 60 0 0 18 76 0 0 0 0 0 0 0 19 1 64 0 51 0 0 0 73 78 
54 0 57 0 0 95 0 0 55 47 72 0 0 0 0 0 0 0 0 0 64 0 4 0 0 0 0 79 0 0 0 0 83 45 0 0 0 0 66 74 86 0 0 0 0 0 0 0 0 0 0 0 0 0 0 18 0 0 0 0 80 0 0 0 0 0 0 0 0 14 0 0 0 0 0 0 0 0 0 44 0 0 0 0 0 0 0 40 0 0 0 0 6 0 19 0 0 35 0 0 
0 0 0 0 0 0 0 66 0 0 0 0 0 0 0 0 46 0 40 22 0 0 100 0 0 0 79 0 0 0 0 0 0 0 23 4 73 0 0 0 0 0 0 0 0 0 0 81 85 0 65 0 0 0 53 0 0 0 0 0 0 0 0 0 100 0 0 90 0 0 0 22 0 0 0 0 0 0 61 0 0 0 0 0 0 38 0 0 77 0 0 3 43 0 50 0 0 0 0 0 
0 0 0 0 29 0 17 0 0 10 0 0 30 94 0 36 0 0 28 51 0 0 0 0 0 0 0 0 0 22 0 0 0 0 0 0 0 0 0 3 0 0 0 0 0 0 0 57 0 0 0 0 0 0 0 0 17 0 0 0 31 0 0 0 0 0 0 0 13 46 0 83 0 58 0 81 29 1 6 0 0 0 0 0 15 0 0 0 0 0 0 63 0 90 0 0 0 0 92 0 
5 0 0 0 0 0 0 0 0 0 86 1 0 67 0 0 0 0 0 0 0 0 0 20 50 0 0 0 22 0 0 0 85 0 55 0 0 31 9 21 0 0 0 0 0 0 56 0 0 0 0 0 0 0 40 61 0 0 0 0 0 0 0 0 2 0 0 20 0 0 0 0 0 97 0 32 0 0 0 0 24 0 15 93 0 0 0 0 0 10 0 0 0 0 0 30 0 98 0 0 
0 0 0 0 0 88 37 0 28 0 0 0 0 24 0 0 0 0 47 0 0 61 0 0 0 4 0 0 0 0 0 0 43 0 0 0 79 0 0 0 0 0 61 0 3 0 0 0 66 0 0 0 0 0 0 0 0 0 0 0 0 0 84 0 0 0 85 0 51 0 0 0 13 0 0 0 30 84 8 5 0 0 0 27 47 63 44 43 0 0 0 0 0 0 93 68 89 0 0 38 
73 0 0 36 0 0 0 0 0 15 0 0 0 0 0 68 0 0 56 0 88 0 0 0 0 0 0 0 0 0 0 0 0 0 0 0 0 0 46 0 0 0 27 0 68 0 0 47 0 91 0 0 0 0 0 24 0 0 71 0 64 0 0 0 0 0 0 0 0 57 0 0 0 11 0 0 0 0 50 64 0 0 0 42 0 0 12 0 0 0 0 0 0 0 86 0 0 0 0 0 
0 0 92 0 0 0 71 0 0 0 0 0 0 0 34 0 0 52 0 69 0 0 0 0 0 0 83 0 0 85 43 0 0 0 67 0 0 0 56 0 13 0 97 0 0 20 67 0 0 0 0 0 0 0 94 60 0 0 0 0 48 0 99 0 0 0 0 0 63 0 13 0 0 39 20 0 70 0 0 0 0 9 0 31 68 0 0 30 0 0 0 82 0 0 19 0 0 0 44 0 
0 0 0 70 9 0 0 0 98 0 0 0 21 0 0 0 0 17 0 0 0 0 40 0 0 26 45 0 0 0 0 0 0 0 0 0 0 32 32 0 0 0 0 0 0 38 0 0 0 0 0 0 0 0 0 0 0 0 0 0 0 0 54 0 0 0 0 0 9 0 0 47 0 0 93 36 0 96 60 0 51 96 0 5 0 62 0 16 0 0 0 0 0 0 0 0 0 31 0 44 
0 0 68 0 0 0 0 0 11 0 0 0 0 29 0 74 0 52 0 66 49 0 47 0 41 0 0 23 0 55 0 0 67 0 0 0 0 0 92 0 0 0 0 0 0 0 0 0 0 32 0 0 0 95 0 34 0 11 0 0 0 90 0 0 94 0 0 0 0 0 0 0 0 0 0 1 0 97 98 98 0 0 0 0 64 0 0 79 26 0 99 0 0 73 78 0 0 74 0 0 
0 0 2 0 5 25 0 0 5 0 70 53 0 0 0 0 86 0 0 24 0 96 0 0 0 0 0 4 0 0 0 0 0 0 0 0 93 78 58 63 23 97 0 0 59 0 0 97 0 0 0 19 53 0 0 0 0 0 0 0 95 94 0 0 0 49 0 0 0 0 0 0 0 0 0 81 0 37 0 50 0 0 0 0 0 0 0 0 6 0 16 0 0 0 0 56 20 0 0 0 
0 13 0 56 0 0 0 0 0 0 0 0 49 0 0 0 0 8 0 68 0 8 78 0 0 0 0 73 0 0 79 0 0 0 0 93 0 0 94 0 21 46 0 0 0 0 79 43 8 0 0 0 0 0 0 0 2 0 11 0 0 0 0 0 0 0 13 0 0 88 39 0 0 0 43 0 61 0 0 21 43 0 1 0 0 0 0 0 89 0 0 0 0 0 0 47 0 0 0 17 
0 31 0 0 0 75 0 67 0 0 0 0 0 52 0 0 0 0 0 0 0 0 0 0 43 98 0 0 0 31 0 0 0 32 0 78 0 0 0 49 39 0 0 73 0 38 0 0 0 0 0 0 37 0 0 0 0 0 0 0 0 0 68 0 0 29 0 61 0 0 9 71 47 0 98 0 0 0 40 0 0 0 0 32 0 0 0 0 0 100 58 0 100 0 97 0 0 31 0 0 
0 0 0 0 0 0 0 0 97 0 0 0 0 0 0 0 0 0 0 0 0 0 0 0 0 0 66 0 0 9 0 46 56 32 92 58 94 0 0 0 0 40 39 0 92 0 71 0 0 0 39 0 0 0 0 16 0 15 74 0 0 0 0 0 0 0 0 0 16 0 0 0 85 0 0 79 0 0 87 0 0 0 87 9 32 0 0 0 0 0 75 0 16 19 22 0 0 0 34 7 
0 0 0 0 22 0 0 0 0 0 6 0 89 6 0 68 1 0 0 0 0 0 0 10 0 17 74 0 3 21 0 0 0 0 0 63 0 49 0 0 0 0 0 0 0 1 64 0 10 0 0 0 94 0 0 0 0 0 0 0 0 0 0 38 0 0 3 42 0 58 0 0 38 0 0 75 0 58 0 0 0 86 38 0 0 0 0 0 3 0 43 0 0 0 0 0 0 17 0 0 
0 77 0 0 0 51 0 0 70 0 0 0 0 0 0 0 0 0 0 69 0 0 0 0 0 77 86 0 0 0 0 0 13 0 0 23 21 39 0 0 0 50 0 0 75 0 93 0 37 27 0 68 98 0 0 94 0 0 0 0 0 78 0 16 95 90 0 0 0 0 0 0 0 6 66 0 0 66 29 0 0 0 0 0 0 0 0 0 0 0 0 0 80 27 0 99 0 0 0 0 
0 0 0 0 47 0 0 48 0 0 57 0 26 0 36 0 0 61 0 0 0 0 0 0 9 0 0 0 0 0 0 0 0 0 0 97 46 0 40 0 50 0 25 81 64 0 0 0 0 0 0 0 0 50 74 0 0 0 0 64 0 0 0 0 0 0 0 0 0 0 0 0 8 0 74 0 0 0 0 0 30 0 41 0 0 26 92 0 0 0 0 0 10 0 0 63 0 0 0 0 
0 0 64 0 0 89 0 23 0 0 0 53 55 0 0 0 0 0 0 0 82 0 0 0 57 36 0 0 0 0 61 27 97 0 0 0 0 0 39 0 0 25 0 0 31 0 0 0 8 0 0 43 79 0 0 0 0 30 77 0 0 55 83 0 42 0 0 26 0 0 0 0 0 0 6 0 0 0 0 0 0 0 0 0 0 0 0 0 0 27 0 72 0 50 29 0 47 0 0 0 
0 0 0 0 60 53 0 83 0 0 0 0 0 0 0 0 0 0 100 0 50 0 50 0 0 0 0 0 0 0 0 0 0 0 0 0 0 73 0 0 0 81 0 0 10 0 0 0 17 0 0 0 0 0 42 0 19 0 0 0 58 98 0 66 5 22 62 0 0 0 6 0 0 37 0 0 0 94 0 0 0 0 0 0 97 21 0 0 0 0 70 0 0 88 0 0 98 95 0 0 
0 0 2 0 0 18 67 3 0 0 0 20 0 0 0 0 0 0 0 0 0 0 0 0 0 21 0 0 0 0 3 68 0 0 0 59 0 0 92 0 75 64 31 10 0 0 0 0 0 0 20 0 0 64 0 0 0 84 83 0 0 0 0 0 38 93 17 99 0 16 0 31 0 0 0 0 0 0 0 0 0 0 0 61 0 0 0 0 89 93 0 0 0 35 0 64 27 0 0 0 
0 53 0 0 3 93 0 0 0 0 0 0 26 0 40 88 47 0 0 0 19 0 10 0 0 0 0 0 0 0 0 0 20 38 0 0 0 38 0 1 0 0 0 0 0 0 0 0 44 0 0 0 93 0 0 0 0 0 0 42 36 39 0 0 0 0 29 72 0 0 0 0 0 0 0 0 0 0 29 2 0 0 0 0 0 90 0 87 0 5 56 2 0 73 0 0 0 0 0 0 
11 87 0 0 96 0 45 43 0 0 46 98 0 0 24 0 0 0 0 39 0 0 0 0 48 53 0 0 0 56 0 0 67 0 0 0 79 0 71 64 93 0 0 0 0 0 0 0 0 0 0 0 74 0 0 0 0 0 0 0 0 0 0 77 0 0 0 0 0 0 81 0 0 0 0 96 0 0 0 0 0 40 0 0 41 0 0 0 0 0 2 0 53 0 0 28 52 0 0 32 
0 0 0 0 83 0 74 45 0 0 0 0 0 27 0 9 0 0 0 80 26 0 0 0 0 0 0 81 57 0 0 47 0 0 0 97 43 0 0 0 0 0 0 0 0 0 0 0 0 0 0 100 0 0 0 96 0 0 0 0 0 1 0 87 0 63 86 2 0 0 0 0 25 55 99 40 0 0 0 0 0 0 0 0 69 41 4 14 0 0 0 0 0 0 100 0 0 29 91 0 
0 0 0 0 21 0 98 87 0 0 0 0 0 23 0 0 0 92 37 0 0 4 26 0 0 0 0 85 0 0 66 0 0 0 0 0 8 0 0 10 37 0 8 17 0 44 0 0 0 0 0 37 0 0 88 61 0 0 0 0 0 83 16 41 0 0 0 45 28 0 0 0 0 0 0 0 0 50 0 0 15 0 0 19 0 0 0 0 0 18 0 0 0 0 62 0 0 46 0 0 
13 0 0 88 81 0 0 11 0 20 0 0 12 0 57 37 0 0 0 0 0 88 0 0 35 0 0 0 0 0 0 91 0 0 32 0 0 0 0 0 27 0 0 0 0 0 0 0 0 0 0 0 0 0 0 0 0 0 0 0 0 0 91 8 0 0 0 0 0 0 22 9 0 0 97 0 0 0 0 26 0 0 0 0 0 0 31 0 58 0 90 78 88 0 0 62 0 0 0 0 
0 43 0 0 24 0 0 14 0 0 0 0 12 0 0 0 0 5 0 0 0 60 29 0 58 0 0 65 0 0 0 0 0 0 0 0 0 0 39 0 0 0 0 0 20 0 0 0 0 0 0 0 0 0 0 0 0 0 0 0 0 0 0 0 0 0 0 0 0 0 0 0 0 18 0 0 0 0 0 0 0 0 63 0 0 0 4 0 0 0 90 0 0 76 0 0 0 66 0 0 
0 0 0 61 0 0 0 26 0 0 0 20 0 0 0 0 0 0 0 91 0 0 98 0 68 0 0 0 0 0 0 0 0 0 0 19 0 0 0 0 68 0 43 0 0 0 0 100 37 0 0 0 0 0 0 46 10 0 0 90 68 98 89 79 63 0 0 60 0 0 0 0 0 0 46 0 0 0 0 9 0 0 0 6 0 0 75 0 95 0 0 0 0 0 58 0 0 79 45 0 
0 0 86 0 16 0 0 0 3 0 0 0 41 0 0 0 91 23 0 0 0 94 0 0 0 0 0 0 0 0 0 0 0 0 0 53 0 37 0 94 98 0 79 0 0 93 74 0 0 0 0 0 0 0 14 97 98 0 65 0 0 0 0 0 58 80 72 69 0 26 71 0 0 0 96 0 0 93 0 0 0 0 0 0 83 29 0 0 0 0 82 0 0 25 0 0 0 0 0 0 
15 0 0 52 0 0 0 51 0 0 94 0 90 27 0 0 0 0 0 0 0 0 62 0 0 42 0 0 0 0 0 0 0 0 95 0 0 0 0 0 0 50 0 0 64 0 0 0 0 0 0 0 0 0 0 24 0 0 84 80 0 0 0 0 0 0 0 0 27 0 87 0 0 45 0 0 89 0 0 6 0 0 96 0 0 33 0 0 40 0 14 0 0 0 0 0 0 0 0 0 
0 0 0 0 0 43 84 0 0 56 0 82 0 43 0 0 53 0 0 0 0 0 0 0 74 90 0 53 0 40 0 0 94 0 0 0 0 0 0 0 0 74 0 42 0 0 0 0 88 0 0 0 14 0 0 13 0 0 0 0 0 33 0 0 0 0 0 24 0 0 16 0 0 0 0 25 4 0 32 0 60 72 0 52 0 0 0 0 0 0 0 0 0 0 97 63 0 0 0 0 
0 0 11 0 45 0 81 0 0 31 0 0 0 35 0 0 0 0 0 0 23 55 0 0 0 0 18 0 0 61 0 24 60 0 34 0 0 0 16 0 94 0 0 0 0 0 0 96 61 0 0 46 97 24 13 0 24 0 0 0 0 0 0 0 0 0 0 59 9 20 0 0 0 0 0 0 9 0 0 0 0 0 0 84 0 0 0 43 91 0 0 0 0 84 38 0 0 0 0 0 
0 21 55 0 0 0 0 0 0 0 0 0 0 0 0 0 0 0 0 0 0 0 0 82 14 97 0 0 17 0 0 0 0 0 0 0 2 0 0 0 0 0 0 19 0 0 0 0 0 0 0 10 98 0 0 24 0 0 0 0 39 62 0 9 0 0 0 0 0 0 0 16 59 0 0 0 0 0 4 0 0 70 0 0 48 0 0 7 0 47 0 0 0 0 0 35 0 5 0 0 
0 72 0 0 0 0 0 22 39 89 0 0 0 0 0 0 0 66 78 0 30 0 0 0 51 16 0 0 0 0 0 0 0 0 11 0 0 0 15 0 0 0 30 0 84 0 0 0 0 0 0 0 0 0 0 0 0 0 0 0 0 0 0 27 0 49 0 0 0 0 33 0 95 0 52 0 0 0 0 0 0 38 98 0 0 0 0 0 0 43 0 0 0 94 0 0 0 0 0 0 
0 2 27 0 0 0 44 81 0 45 2 0 27 0 0 0 0 98 0 0 39 53 0 100 0 0 0 0 0 0 0 71 0 0 0 0 11 0 74 0 0 0 77 0 83 0 0 0 0 0 0 0 65 84 0 0 0 0 0 0 36 0 0 18 0 55 44 0 0 0 0 0 61 0 0 42 82 0 0 0 0 21 0 0 0 0 0 0 0 100 0 0 18 87 0 0 0 0 0 75 
0 0 0 0 0 0 0 0 0 0 6 92 0 0 94 0 0 19 66 55 0 0 0 0 0 91 0 0 0 0 0 0 0 0 0 0 0 0 0 0 0 64 0 0 0 42 0 0 0 0 0 90 0 80 0 0 0 0 0 0 0 0 0 99 99 60 65 0 0 0 89 2 0 43 81 55 0 0 0 0 0 0 89 0 31 0 0 0 0 0 0 0 0 0 0 0 76 15 33 0 
0 9 0 0 94 61 0 0 0 0 0 0 0 0 0 0 0 0 48 0 0 63 0 62 27 0 80 0 31 0 0 64 48 0 0 95 0 0 0 0 0 0 0 58 0 36 0 0 0 0 0 68 0 0 0 0 39 0 36 0 0 55 14 0 0 65 0 0 0 10 92 0 0 0 0 0 86 7 0 0 0 0 0 0 0 0 35 31 0 0 0 46 33 0 97 0 0 0 0 9 
0 0 0 0 28 0 0 0 0 26 0 0 0 0 0 0 0 0 9 0 49 0 0 0 0 17 0 0 0 0 0 0 0 0 90 94 0 0 0 0 78 0 55 98 0 39 0 1 83 0 0 98 0 0 33 0 62 0 0 0 55 0 0 23 7 95 81 0 0 0 0 0 0 0 61 0 73 21 37 0 98 93 0 0 0 0 0 0 0 42 0 0 0 0 0 15 42 0 0 0 
0 0 0 23 0 0 0 10 27 0 0 49 75 0 0 0 0 0 37 0 5 0 84 0 0 0 0 0 0 0 84 0 99 54 0 0 0 68 0 0 0 0 83 0 0 0 0 0 16 91 0 89 0 0 0 0 0 0 0 0 14 0 0 0 68 0 46 0 0 0 0 0 0 29 0 0 0 0 0 0 0 5 69 56 0 51 0 0 0 0 0 0 28 0 78 65 25 0 0 14 
0 5 36 0 0 0 0 51 0 0 0 0 0 0 0 0 66 0 0 0 78 63 0 0 0 1 0 0 0 0 0 0 0 0 0 0 0 0 0 38 16 0 0 66 0 0 77 87 41 8 0 79 0 0 0 0 9 27 18 99 0 23 0 0 0 68 0 0 28 0 3 0 0 0 0 80 0 43 0 0 0 0 0 0 0 0 0 0 8 0 0 94 0 0 0 84 0 0 41 3 
0 0 0 0 39 0 77 0 0 42 0 0 67 4 18 0 0 0 0 0 81 0 0 99 0 46 0 100 0 2 0 0 0 0 94 0 0 0 0 0 95 0 42 5 38 0 0 0 0 0 0 63 58 0 0 0 0 0 0 99 0 7 68 0 0 0 0 0 49 0 0 0 72 28 0 0 0 0 0 0 0 12 0 0 0 0 0 0 0 15 0 0 0 0 0 89 0 0 0 0 
96 0 0 0 63 0 94 0 0 0 68 16 0 0 0 0 0 0 0 0 0 0 20 32 0 19 0 0 0 0 0 0 0 0 0 49 0 29 0 0 90 0 0 22 93 0 0 63 0 0 0 0 80 0 0 0 0 49 55 60 65 95 0 68 0 0 0 93 0 0 0 100 0 0 0 0 0 0 25 0 0 0 23 0 9 77 0 16 0 80 0 0 0 0 0 0 0 0 0 0 
59 0 0 0 73 0 0 0 0 0 0 0 0 97 7 82 0 0 94 0 86 4 0 0 0 0 0 0 0 0 85 0 0 0 0 0 13 0 0 3 0 0 0 62 17 29 0 86 0 0 0 0 72 0 0 0 0 0 44 65 0 81 46 0 0 0 0 0 0 0 59 0 0 0 0 0 0 0 22 0 16 0 86 53 0 64 0 0 0 27 0 0 0 2 26 0 0 0 1 0 
0 43 0 0 0 0 0 0 0 0 0 0 64 0 0 0 100 0 8 1 0 0 19 0 0 0 0 90 0 20 0 0 0 0 0 0 0 61 0 42 0 0 26 0 99 72 0 2 45 0 0 60 69 0 24 59 0 0 0 0 0 0 0 0 0 93 0 0 65 0 0 0 0 0 0 0 89 0 0 0 78 19 0 0 0 23 0 25 0 0 0 0 0 0 0 58 0 0 59 0 
0 0 21 0 0 71 28 8 0 0 36 0 86 0 0 83 0 0 37 0 0 18 72 0 0 0 0 0 13 0 51 0 63 9 0 0 0 0 16 0 0 0 0 0 0 0 0 0 28 0 0 0 0 27 0 9 0 0 0 0 0 0 0 28 49 0 0 65 0 0 0 0 0 0 0 0 30 1 0 0 48 0 0 0 0 0 0 35 0 69 0 71 0 0 0 47 0 70 0 15 
0 23 62 0 0 0 0 0 0 41 18 84 0 0 0 0 0 1 60 0 0 0 0 0 94 0 14 0 46 0 0 57 0 0 0 0 88 0 0 58 0 0 0 0 16 0 0 0 0 0 0 0 26 0 0 20 0 0 0 0 10 0 0 0 0 0 0 0 0 0 0 0 0 0 0 0 0 0 0 0 0 25 0 51 0 0 0 91 0 91 0 77 0 0 0 0 72 99 0 25 
4 35 0 0 0 0 3 0 0 0 0 0 66 39 0 0 26 0 0 0 0 0 0 0 0 0 0 0 0 0 0 0 13 0 0 0 39 9 0 0 0 0 0 6 0 0 81 0 0 22 0 0 71 87 16 0 0 33 0 89 92 0 0 3 0 0 59 0 0 0 0 57 0 27 0 0 38 0 0 88 0 0 0 0 0 0 0 0 0 0 0 0 0 0 89 0 0 0 0 0 
0 0 0 0 0 31 0 0 0 11 0 0 33 0 0 68 0 0 72 95 0 0 0 0 12 0 0 22 83 0 0 0 0 47 0 0 0 71 0 0 0 0 0 0 31 0 0 0 0 9 0 0 0 0 0 0 16 0 0 2 0 0 0 0 0 100 0 0 0 0 57 0 0 0 0 0 91 0 100 0 0 0 0 0 0 0 0 0 0 1 38 71 0 1 0 0 0 0 25 0 
0 0 49 0 0 0 0 22 0 0 0 80 0 0 0 0 0 0 36 54 0 0 0 0 0 0 0 0 0 0 13 0 0 0 0 0 0 47 85 38 0 8 0 0 0 0 0 25 0 0 0 0 0 0 0 0 59 95 61 0 0 0 0 0 72 0 0 0 0 0 0 0 0 0 0 0 0 0 0 45 0 27 0 0 0 0 0 0 0 26 0 83 0 0 71 61 0 0 0 0 
0 0 0 0 0 0 0 0 13 81 0 0 37 0 0 0 0 0 0 0 0 0 0 0 0 0 0 0 58 97 0 11 39 0 0 0 0 0 0 0 6 0 0 37 0 0 0 55 0 0 18 0 0 45 0 0 0 0 0 43 0 0 29 0 28 0 0 0 0 0 27 0 0 0 0 0 0 0 27 46 52 0 48 0 0 0 0 0 0 0 0 0 0 29 0 0 0 40 0 69 
0 0 12 0 60 0 96 0 0 0 0 0 0 98 0 0 45 0 0 0 0 0 0 39 68 0 0 0 0 0 0 0 20 93 0 0 43 98 0 0 66 74 6 0 0 0 0 99 0 97 0 46 96 0 0 0 0 52 0 81 0 61 0 0 0 0 0 0 0 0 0 0 0 0 0 10 0 0 0 78 0 25 0 0 0 5 0 0 0 0 0 54 0 71 0 47 0 32 71 0 
54 0 0 50 21 0 0 0 0 0 46 70 0 96 0 0 0 0 0 0 0 60 0 55 0 0 0 0 81 32 0 0 0 36 1 81 0 0 79 75 0 0 0 0 0 0 96 40 0 0 0 0 0 0 25 0 0 0 42 55 0 0 0 80 0 0 0 0 0 0 0 0 0 0 10 0 26 0 0 0 77 0 0 36 90 72 0 0 0 0 0 0 27 0 0 0 0 30 0 0 
0 0 71 1 0 0 0 0 0 0 0 36 0 0 0 0 58 0 0 0 0 5 0 0 33 0 0 0 29 0 30 0 70 0 0 0 61 0 0 0 0 0 0 0 0 0 0 0 0 0 0 0 0 89 4 9 0 0 82 0 86 73 0 0 0 0 0 89 30 0 38 91 0 0 0 26 0 4 0 0 0 56 0 0 0 76 30 0 0 0 42 0 0 21 0 0 0 0 0 81 
75 0 60 63 0 0 0 0 0 0 0 0 0 0 33 0 0 0 0 0 0 0 99 4 0 0 0 0 1 0 84 0 0 96 97 37 0 0 0 58 66 0 0 94 0 0 0 0 50 0 0 0 93 0 0 0 0 0 0 0 7 21 0 43 0 0 0 0 1 0 0 0 0 0 0 0 4 0 0 4 0 27 0 0 84 0 0 14 8 45 0 0 90 100 25 0 0 0 0 0 
0 0 24 0 0 0 47 70 0 0 0 0 0 0 0 28 0 0 100 72 0 0 0 0 0 60 0 61 6 0 8 50 0 60 98 0 0 40 87 0 29 0 0 0 0 29 0 0 0 0 0 0 0 0 32 0 4 0 0 0 0 37 0 0 0 25 22 0 0 0 0 100 0 27 0 0 0 0 0 0 0 0 0 0 0 0 81 0 0 94 0 0 71 0 0 47 0 0 0 0 
0 0 78 0 0 0 0 0 0 18 0 0 0 51 0 0 0 0 0 73 0 9 0 0 0 0 44 0 0 0 5 64 0 0 98 50 21 0 0 0 0 0 0 0 0 2 0 0 0 26 0 9 0 6 0 0 0 0 0 0 0 0 0 0 0 0 0 0 0 0 88 0 45 46 78 0 0 4 0 0 89 0 0 0 0 17 0 0 0 0 0 0 11 43 44 0 0 0 2 0 
0 0 0 0 0 0 0 84 0 0 64 0 0 0 0 0 0 0 0 0 24 0 0 0 21 0 0 0 0 24 0 0 0 51 0 0 43 0 0 0 0 30 0 0 0 0 0 0 15 0 0 0 0 0 60 0 0 0 0 0 0 98 0 0 0 0 16 78 48 0 0 0 0 52 0 77 0 0 0 89 0 0 0 0 0 84 0 0 0 0 45 0 0 0 0 0 0 54 1 0 
0 0 0 0 0 0 100 0 26 19 0 31 23 0 72 75 23 0 0 0 0 0 0 0 0 18 0 0 0 0 0 0 9 96 0 0 0 0 0 86 0 0 0 0 0 0 40 0 0 0 0 0 0 0 72 0 70 38 21 0 0 93 5 0 12 0 0 19 0 25 0 0 27 0 25 0 56 27 0 0 0 0 0 0 0 0 53 0 0 0 0 0 0 0 0 0 51 69 0 97 
0 0 0 0 89 0 0 1 0 0 0 0 49 0 0 0 87 0 0 0 0 86 0 0 0 76 0 0 0 15 0 0 0 0 0 0 1 0 87 38 0 41 0 0 0 0 0 0 0 0 63 0 0 96 0 0 0 98 0 89 0 0 69 0 0 23 86 0 0 0 0 0 0 48 0 0 0 0 0 0 0 0 0 0 29 0 60 0 64 0 0 3 0 0 0 42 0 0 0 78 
0 85 0 88 0 0 0 0 57 0 0 0 65 86 0 0 5 0 0 0 0 82 89 0 5 0 0 0 0 93 27 42 31 5 0 0 0 32 9 0 0 0 0 0 61 0 0 0 19 0 0 6 0 0 52 84 0 0 0 0 0 0 56 0 0 0 53 0 0 51 0 0 0 0 0 36 0 0 0 0 0 0 0 0 29 0 0 1 0 0 0 0 76 0 0 0 0 0 10 0 
15 0 0 63 6 0 0 0 0 0 0 0 0 45 0 0 53 84 0 0 0 0 0 0 0 0 0 0 15 0 47 0 68 0 64 0 0 0 32 0 0 0 0 97 0 0 41 69 0 0 0 0 83 0 0 0 48 0 0 31 0 0 0 0 0 9 0 0 0 0 0 0 0 0 0 90 0 84 0 0 0 0 29 29 0 0 15 0 90 0 0 0 67 0 0 0 83 24 0 0 
0 0 0 88 0 0 0 50 0 82 0 0 0 30 86 55 0 0 0 0 0 0 48 0 0 0 0 38 0 0 63 0 0 62 0 0 0 0 0 0 0 26 0 21 0 90 0 41 0 0 0 0 29 33 0 0 0 0 0 0 0 0 51 0 0 77 64 23 0 0 0 0 0 0 5 72 76 0 0 17 84 0 0 0 0 0 0 0 70 36 0 0 0 50 17 0 0 13 0 0 
0 0 65 0 0 0 30 0 0 0 23 89 0 0 0 24 59 15 0 0 0 7 0 0 0 0 0 0 0 0 44 12 0 0 0 0 0 0 0 0 0 92 0 0 0 0 0 4 0 31 4 75 0 0 0 0 0 0 0 0 35 0 0 0 0 0 0 0 0 0 0 0 0 0 0 0 30 0 81 0 0 53 60 0 15 0 0 0 55 0 41 0 0 0 0 0 0 82 0 0 
0 4 36 47 0 0 0 0 0 0 59 0 0 0 0 0 0 33 24 0 86 50 0 0 26 0 40 0 0 0 43 0 30 16 79 0 0 0 0 0 0 0 0 0 0 87 0 14 0 0 0 0 0 0 0 43 7 0 0 0 31 0 0 0 0 16 0 25 35 91 0 0 0 0 0 0 0 14 0 0 0 0 0 1 0 0 0 0 0 44 49 0 52 34 0 0 0 0 54 0 
24 40 0 0 0 100 33 0 0 0 87 12 0 53 0 0 35 0 48 0 0 59 0 81 0 0 0 77 0 0 0 0 0 0 26 6 89 0 0 3 0 0 0 0 89 0 0 0 0 58 0 95 0 40 0 91 0 0 0 0 0 0 0 8 0 0 0 0 0 0 0 0 0 0 0 0 0 8 0 0 0 0 64 0 90 70 55 0 0 0 0 0 0 0 0 0 0 0 0 0 
0 0 0 0 0 0 0 0 0 0 57 0 0 0 0 0 0 30 0 56 0 71 0 64 0 0 0 0 0 10 0 0 0 0 0 0 0 100 0 0 0 0 27 0 93 5 0 0 18 0 0 0 0 0 0 0 47 43 100 0 0 42 0 0 15 80 27 0 69 91 0 1 26 0 0 0 0 45 94 0 0 0 0 0 0 36 0 44 0 0 0 13 0 0 0 0 59 0 21 70 
0 0 0 72 0 53 0 0 26 82 15 0 0 31 10 0 0 0 68 0 0 0 0 42 1 19 0 0 0 0 0 0 0 0 99 16 0 58 75 43 0 0 0 70 0 56 2 0 0 90 90 0 82 14 0 0 0 0 0 0 0 0 0 0 0 0 0 0 0 0 0 38 0 0 0 0 42 0 0 0 45 0 0 0 0 0 41 49 0 0 0 0 0 0 69 0 0 0 0 27 
42 0 0 0 0 0 0 0 0 0 54 0 31 0 89 0 56 0 64 0 76 0 0 7 0 1 0 3 63 0 0 0 82 0 0 0 0 0 0 0 0 0 72 0 0 2 0 0 0 78 0 0 0 0 0 0 0 0 0 0 46 0 0 94 0 0 0 0 71 77 0 71 83 0 54 0 0 0 0 0 0 0 3 0 0 0 0 0 0 13 0 0 0 0 76 0 0 0 0 55 
0 0 74 0 81 0 0 0 48 78 0 23 0 0 0 0 23 0 57 0 0 37 38 0 0 64 6 43 0 0 0 0 0 0 0 0 0 100 16 0 80 10 0 0 0 0 53 0 0 88 0 0 0 0 0 0 0 0 18 0 33 0 28 0 0 0 0 0 0 0 0 0 0 0 0 27 0 90 71 11 0 0 0 76 67 0 0 52 0 0 0 0 0 47 0 61 0 0 0 0 
0 0 0 0 0 79 72 80 10 0 0 0 0 0 0 0 0 13 0 0 0 70 34 0 0 0 0 0 90 0 0 0 0 0 73 0 0 0 19 0 27 0 50 88 35 73 0 0 0 0 76 0 25 0 0 84 0 94 87 0 0 0 0 0 0 0 2 0 0 0 0 1 0 29 71 0 21 100 0 43 0 0 0 0 0 50 0 34 0 0 0 0 47 0 0 0 0 0 0 0 
0 0 0 0 0 0 0 0 0 0 0 0 0 0 0 0 0 33 63 39 0 0 15 0 0 51 19 50 0 0 93 86 19 0 78 0 0 97 22 0 0 0 29 0 0 0 0 100 62 0 0 58 0 0 97 38 0 0 0 0 97 0 78 0 0 0 26 0 0 0 89 0 71 0 0 0 0 25 0 44 0 0 0 0 0 17 0 0 0 0 69 76 0 0 0 0 0 0 86 0 
0 0 74 0 65 0 0 0 0 88 62 0 0 0 0 51 17 0 0 40 0 0 55 0 0 0 0 0 0 30 68 0 0 0 0 56 47 0 0 0 99 63 0 0 64 0 28 0 0 62 0 0 0 0 63 0 35 0 0 0 0 15 65 84 89 0 0 58 47 0 0 0 61 0 47 0 0 0 47 0 0 0 42 0 0 0 0 0 0 0 0 0 61 0 0 0 0 0 0 0 
47 0 0 0 0 100 0 0 0 33 50 0 0 0 0 0 72 0 0 0 0 0 25 0 97 0 0 0 0 0 89 0 0 0 0 20 0 0 0 0 0 0 47 98 27 0 52 0 0 0 0 0 0 0 0 0 0 0 0 76 0 42 25 0 0 0 0 0 0 72 0 0 0 0 0 0 0 0 0 0 0 51 0 0 83 0 0 0 0 59 0 0 0 0 0 0 0 0 0 0 
0 0 0 0 0 0 0 89 0 98 0 0 0 0 0 0 0 5 0 0 72 4 92 0 0 0 35 0 0 98 0 0 0 31 74 0 0 31 0 17 0 0 0 95 0 0 0 29 46 0 66 79 0 0 0 0 5 0 0 15 0 0 0 0 0 0 0 0 70 99 0 0 0 40 32 30 0 0 0 0 54 69 0 0 24 13 82 0 0 0 0 0 0 0 0 0 0 0 0 0 
0 3 0 0 0 0 0 0 0 0 0 0 41 0 0 0 0 0 0 4 0 23 0 0 0 73 0 0 92 0 0 0 44 0 0 0 0 0 34 0 0 0 0 0 0 0 0 91 0 0 0 45 0 0 0 0 0 0 0 33 0 0 0 41 0 0 1 59 0 0 0 25 0 0 71 0 0 0 0 2 1 0 0 10 0 0 0 54 0 21 0 0 0 0 86 0 0 0 0 61 
0 82 0 0 0 66 0 0 0 0 70 20 0 0 85 0 0 26 77 62 0 66 0 87 0 78 0 0 0 0 38 0 0 44 0 0 17 0 7 0 0 0 0 0 0 0 32 0 0 0 0 0 0 0 0 0 0 0 75 0 9 0 14 3 0 0 0 0 15 25 0 0 0 69 0 0 81 0 0 0 0 97 78 0 0 0 0 0 0 70 27 55 0 0 0 0 0 0 61 0 
