0 0 0 0 0 0 0 0 0 0 0 0 0 0 0 0 0 0 0 0 0 0 0 193 0 0 0 0 0 0 0 0 0 0 0 100 4 0 0 0 0 170 0 0 0 0 99 0 0 0 0 134 0 0 0 0 0 0 0 0 0 0 0 0 85 0 0 0 0 165 0 0 244 0 0 0 0 0 0 0 0 0 0 133 46 0 0 0 0 0 0 0 121 162 0 45 0 0 7 0 
0 0 0 0 0 0 0 0 0 0 0 0 0 0 0 0 0 18 0 0 0 0 0 0 0 0 0 0 0 0 0 0 0 0 0 176 0 0 0 0 0 144 0 0 0 0 0 0 0 283 0 0 0 0 43 0 42 0 0 0 244 0 0 0 263 0 0 0 0 0 0 0 18 0 0 0 0 0 0 0 96 0 104 0 0 0 0 0 185 0 0 211 0 0 0 0 0 0 0 0 
0 0 0 0 0 0 0 0 0 0 270 0 0 0 0 0 0 0 0 0 0 0 88 0 0 0 0 0 132 0 0 0 0 0 0 0 0 0 0 0 26 0 0 157 0 0 0 0 0 0 0 0 0 0 0 0 0 0 160 191 248 0 0 0 0 0 0 0 0 0 0 0 0 0 0 0 0 0 0 0 0 0 35 237 0 0 0 0 0 0 0 0 0 0 0 0 0 0 0 0 
0 0 0 0 0 0 0 0 0 97 0 0 0 0 0 0 155 0 0 0 0 0 0 0 0 190 0 0 0 0 0 0 125 0 0 0 0 0 0 0 0 0 0 0 180 0 0 0 238 0 0 0 0 0 0 0 0 0 0 0 111 91 0 0 0 0 0 0 0 0 0 0 0 0 0 0 0 0 0 0 250 0 0 0 0 0 114 0 0 0 0 0 0 26 0 0 0 0 252 0 
0 0 0 0 0 0 0 0 0 0 241 0 0 0 0 0 0 183 0 0 0 0 0 0 0 0 0 114 112 0 0 0 0 0 0 0 0 0 0 0 210 0 293 0 0 30 0 0 0 0 0 0 0 0 0 0 0 0 0 0 36 0 0 0 0 0 0 0 0 0 0 0 0 294 0 0 80 25 59 0 0 0 0 0 0 4 0 0 0 0 0 197 0 0 6 0 0 0 0 0 
0 0 0 0 0 0 0 0 0 0 0 0 0 0 57 0 0 0 0 0 0 0 0 0 0 0 0 0 0 0 0 0 0 0 0 105 0 187 0 0 0 0 0 0 0 0 188 0 0 0 0 0 0 0 0 293 0 0 0 0 0 0 0 0 272 0 0 0 0 0 0 265 0 0 0 0 0 0 42 110 0 0 0 284 217 0 0 0 214 24 0 0 0 0 0 0 0 279 0 264 
0 0 0 0 0 0 0 240 0 0 0 0 0 0 0 0 0 163 0 0 0 153 0 0 0 0 88 0 0 0 0 0 0 0 0 0 0 276 0 0 0 0 0 0 0 0 0 0 0 0 0 0 0 54 0 0 0 0 0 0 0 98 0 0 116 0 0 85 0 0 171 192 0 0 0 0 223 0 0 0 0 0 0 0 0 0 0 196 0 0 0 0 0 0 0 0 0 0 0 0 
0 0 0 0 0 0 240 0 0 0 0 0 0 0 0 0 0 0 233 0 0 0 158 0 0 0 56 0 0 0 182 0 0 0 0 0 0 0 0 0 0 0 0 27 0 0 0 0 0 7 134 0 0 0 0 0 0 0 21 0 0 281 0 0 0 0 0 0 0 0 0 0 278 192 0 0 0 0 0 0 55 0 0 0 0 0 0 0 0 0 0 0 0 0 0 85 0 0 0 181 
0 0 0 0 0 0 0 0 0 279 0 0 0 91 0 0 146 0 0 186 0 0 0 0 0 0 239 0 0 0 0 0 0 0 0 0 0 0 0 0 0 0 0 0 0 81 0 0 0 0 0 0 1 0 278 0 164 0 0 0 176 195 0 0 0 0 0 0 0 163 0 0 0 119 0 0 0 186 0 0 0 0 0 0 0 0 0 49 0 0 0 0 0 0 0 0 0 0 0 0 
0 0 0 97 0 0 0 0 279 0 0 0 0 0 0 0 0 0 0 0 0 0 0 0 0 0 0 0 141 0 0 0 0 0 0 16 0 69 0 0 0 0 271 251 0 0 0 14 0 0 0 0 0 0 0 0 0 0 0 115 0 0 0 0 0 177 179 0 211 0 0 0 0 289 0 0 0 0 0 0 0 24 0 0 0 0 0 0 267 0 0 0 0 0 0 0 0 0 0 0 
0 0 270 0 241 0 0 0 0 0 0 0 0 0 0 0 0 0 0 0 151 205 0 0 0 0 0 0 0 108 0 244 0 0 0 0 0 0 0 0 0 201 0 291 0 76 0 0 0 0 0 0 181 0 0 0 0 0 0 0 0 0 173 0 0 0 0 0 0 0 166 0 0 0 0 0 0 0 0 197 0 0 0 182 0 0 0 0 0 0 0 0 0 0 0 0 17 0 0 0 
0 0 0 0 0 0 0 0 0 0 0 0 0 0 0 0 0 0 0 0 0 0 0 0 0 0 0 0 0 112 0 0 0 0 0 0 0 0 0 155 0 0 0 0 0 199 0 0 0 263 0 0 0 0 0 0 0 0 0 183 0 0 0 0 0 0 0 0 0 0 0 0 0 0 102 0 0 0 133 0 0 0 0 0 0 0 0 0 0 0 0 0 0 0 0 0 0 0 0 0 
0 0 0 0 0 0 0 0 0 0 0 0 0 0 0 0 0 0 162 0 0 0 0 0 0 0 0 0 0 272 0 0 0 0 0 0 0 218 0 0 0 0 0 0 92 0 0 0 0 0 0 0 0 0 72 0 285 0 240 56 187 0 0 0 0 0 0 0 0 0 0 0 0 0 176 0 0 0 53 0 0 0 0 0 0 201 0 0 0 0 0 0 0 175 0 0 0 0 0 0 
0 0 0 0 0 0 0 0 91 0 0 0 0 0 0 284 0 26 0 48 0 0 0 0 0 0 238 0 0 0 0 292 0 0 196 0 181 0 0 0 0 0 0 0 0 0 0 0 0 0 161 0 0 0 0 196 0 0 0 0 0 0 0 0 0 0 0 0 0 0 0 248 0 0 0 0 274 0 0 9 0 0 0 0 0 285 0 0 0 0 0 0 0 0 0 0 0 0 191 0 
0 0 0 0 0 57 0 0 0 0 0 0 0 0 0 0 0 0 0 0 0 0 0 92 0 0 0 0 0 0 0 114 0 0 0 0 0 164 85 0 0 0 29 2 0 0 0 0 25 0 278 0 0 0 0 0 0 0 0 0 0 0 0 186 0 0 177 0 0 0 0 0 0 0 0 130 0 0 75 0 0 0 0 0 0 0 0 0 0 0 21 171 0 0 0 0 0 0 0 0 
0 0 0 0 0 0 0 0 0 0 0 0 0 284 0 0 0 0 0 0 0 0 0 0 0 0 0 273 268 0 0 0 0 0 0 0 0 0 0 0 0 0 0 0 0 0 0 0 0 0 0 0 0 0 0 0 0 0 0 188 0 0 133 0 0 0 0 0 0 0 0 129 29 0 0 0 0 0 0 0 195 0 0 0 0 0 0 0 0 0 283 0 249 0 0 0 0 144 0 0 
0 0 0 155 0 0 0 0 146 0 0 0 0 0 0 0 0 0 0 0 51 0 0 0 263 0 0 220 0 172 0 0 0 0 0 0 0 0 102 0 0 0 0 0 0 33 0 0 0 0 0 0 0 0 0 0 0 0 0 0 146 0 0 0 0 0 0 0 0 0 0 0 0 0 0 0 54 22 0 0 0 0 0 0 0 0 27 0 39 0 0 0 0 0 48 125 0 0 0 0 
0 18 0 0 183 0 163 0 0 0 0 0 0 26 0 0 0 0 0 0 0 0 0 0 0 0 0 0 0 0 17 0 0 0 0 0 0 0 0 70 10 0 0 0 0 0 0 0 0 0 0 0 0 0 0 218 0 0 0 0 0 0 0 0 0 0 0 0 0 0 0 0 77 0 0 0 0 0 119 171 36 0 0 0 0 0 0 0 0 0 0 0 0 18 217 0 0 291 0 0 
0 0 0 0 0 0 0 233 0 0 0 0 162 0 0 0 0 0 0 0 0 38 0 0 0 168 0 0 0 0 152 0 0 0 0 0 0 0 0 0 0 0 86 0 0 0 0 0 255 287 0 0 0 0 0 0 0 0 0 40 0 0 0 0 0 0 98 0 0 0 0 0 0 0 0 0 0 0 0 136 0 0 31 0 0 0 0 0 0 0 0 0 0 38 0 0 0 0 0 0 
0 0 0 0 0 0 0 0 186 0 0 0 0 48 0 0 0 0 0 0 0 0 0 0 0 0 0 0 0 71 0 0 0 0 0 0 0 0 151 0 124 0 0 0 0 270 0 0 0 0 0 0 280 0 0 0 0 0 0 0 0 0 0 0 0 189 0 140 0 0 0 176 0 0 0 0 0 0 0 0 0 0 0 111 0 0 207 0 0 0 0 0 65 0 0 0 0 0 164 90 
0 0 0 0 0 0 0 0 0 0 151 0 0 0 0 0 51 0 0 0 0 0 0 0 0 0 0 43 0 0 0 0 0 0 0 0 0 0 0 133 0 0 0 0 85 0 0 0 0 0 0 0 0 14 0 143 0 85 0 0 0 0 0 0 0 0 198 21 0 0 0 132 0 0 0 0 127 0 0 0 0 0 0 0 121 0 0 0 0 0 0 0 0 0 0 0 0 0 0 0 
0 0 0 0 0 0 153 0 0 0 205 0 0 0 0 0 0 0 38 0 0 0 122 196 0 0 0 0 0 0 0 0 0 0 0 0 0 0 0 0 157 0 0 0 0 244 0 0 0 96 0 0 0 0 0 0 0 0 0 0 0 0 269 0 120 0 0 0 0 0 0 0 0 0 234 0 0 0 0 150 0 0 217 0 0 0 0 0 0 0 0 0 0 0 0 0 0 0 0 0 
0 0 88 0 0 0 0 158 0 0 0 0 0 0 0 0 0 0 0 0 0 122 0 0 0 0 202 0 0 0 29 140 0 0 0 0 0 0 0 0 0 0 0 0 0 0 0 0 0 0 0 0 276 0 0 0 0 79 0 0 0 0 0 0 58 0 211 0 0 0 0 0 0 0 0 0 261 0 0 0 0 0 0 0 212 0 0 0 0 0 0 0 0 0 0 179 5 0 0 0 
193 0 0 0 0 0 0 0 0 0 0 0 0 0 92 0 0 0 0 0 0 196 0 0 0 0 0 0 0 0 0 0 0 0 0 0 0 0 0 0 212 0 0 0 0 0 178 0 0 0 0 0 0 0 0 0 0 0 258 0 0 0 0 0 0 0 0 136 0 0 0 0 29 0 39 0 0 0 0 0 0 1 0 0 0 0 0 0 0 276 0 0 30 0 0 33 0 0 0 0 
0 0 0 0 0 0 0 0 0 0 0 0 0 0 0 0 263 0 0 0 0 0 0 0 0 0 0 0 112 0 0 0 187 0 55 0 0 0 0 0 0 0 0 0 0 0 0 0 0 0 0 0 0 0 0 0 0 0 0 0 0 38 0 129 0 0 0 116 0 0 0 0 0 0 0 201 0 0 0 0 0 0 55 0 275 0 0 0 0 0 0 144 126 0 0 0 0 0 0 0 
0 0 0 190 0 0 0 0 0 0 0 0 0 0 0 0 0 0 168 0 0 0 0 0 0 0 0 0 0 0 90 31 156 0 0 0 0 0 0 0 0 0 0 0 0 0 0 0 0 0 0 65 0 0 0 0 0 0 0 0 63 205 0 0 0 261 154 0 0 0 0 0 0 63 0 87 0 0 0 0 0 0 0 0 0 0 0 0 0 0 0 0 0 33 0 0 239 222 0 0 
0 0 0 0 0 0 88 56 239 0 0 0 0 238 0 0 0 0 0 0 0 0 202 0 0 0 0 0 0 0 0 0 0 0 293 0 0 0 0 0 33 0 0 0 259 0 0 0 0 0 0 0 0 0 0 171 0 0 0 0 0 0 0 0 0 0 0 0 0 0 160 0 0 0 0 0 0 0 0 0 0 0 0 0 0 0 0 0 0 0 0 0 0 0 0 0 0 0 0 172 
0 0 0 0 114 0 0 0 0 0 0 0 0 0 0 273 220 0 0 0 43 0 0 0 0 0 0 0 0 95 0 0 0 197 0 0 0 0 0 0 0 0 0 0 0 93 0 161 0 0 0 0 0 0 0 0 0 157 233 0 0 0 0 0 0 0 0 0 0 216 0 0 0 0 0 28 0 0 0 194 0 0 0 121 0 0 0 0 0 0 0 211 0 0 0 0 0 0 0 0 
0 0 132 0 112 0 0 0 0 141 0 0 0 0 0 268 0 0 0 0 0 0 0 0 112 0 0 0 0 0 0 0 0 113 0 0 0 0 0 0 0 0 0 0 0 0 0 0 0 0 0 0 0 0 0 0 0 0 0 0 0 0 0 0 0 0 0 0 216 0 0 0 0 147 0 0 271 0 0 0 92 0 0 0 0 52 0 112 208 0 0 0 0 0 20 0 0 210 0 0 
0 0 0 0 0 0 0 0 0 0 108 112 272 0 0 0 172 0 0 71 0 0 0 0 0 0 0 95 0 0 0 0 0 0 0 0 131 0 0 0 0 0 0 0 0 149 0 153 0 0 268 0 0 0 0 0 0 0 0 0 0 0 266 0 0 0 0 261 0 0 0 0 0 0 0 0 0 0 0 0 0 0 0 0 0 0 0 0 0 0 0 0 116 0 0 0 0 0 0 0 
0 0 0 0 0 0 0 182 0 0 0 0 0 0 0 0 0 17 152 0 0 0 29 0 0 90 0 0 0 0 0 0 0 0 271 0 0 0 0 0 0 0 0 0 261 0 156 34 0 83 0 0 0 0 0 0 0 0 0 0 0 0 0 0 0 0 0 0 0 0 0 0 0 0 0 0 0 0 0 0 0 0 0 0 0 0 0 0 0 0 0 0 0 0 162 0 0 0 0 0 
0 0 0 0 0 0 0 0 0 0 244 0 0 292 114 0 0 0 0 0 0 0 140 0 0 31 0 0 0 0 0 0 0 0 266 139 115 0 165 0 0 54 0 0 0 0 0 0 0 0 0 0 0 0 0 245 0 0 0 0 0 0 0 0 0 0 0 0 265 0 0 0 0 0 0 0 0 0 0 0 0 0 0 0 0 0 0 0 0 106 0 0 0 0 47 0 0 0 158 0 
0 0 0 125 0 0 0 0 0 0 0 0 0 0 0 0 0 0 0 0 0 0 0 0 187 156 0 0 0 0 0 0 0 86 0 0 0 0 0 0 0 0 0 0 0 0 0 0 0 0 0 0 0 62 111 214 0 0 61 0 0 0 0 0 0 248 0 0 0 134 234 0 267 0 0 0 0 192 0 0 0 0 0 0 0 0 0 0 0 95 0 0 0 0 0 0 105 0 0 0 
0 0 0 0 0 0 0 0 0 0 0 0 0 0 0 0 0 0 0 0 0 0 0 0 0 0 0 197 113 0 0 0 86 0 0 0 0 0 0 0 0 0 0 0 0 0 0 0 41 0 0 278 0 0 0 0 0 178 0 114 0 0 0 0 0 117 58 0 0 0 0 0 0 0 0 0 0 0 0 246 0 273 0 0 0 0 0 0 0 0 66 0 265 68 0 0 0 0 0 289 
0 0 0 0 0 0 0 0 0 0 0 0 0 196 0 0 0 0 0 0 0 0 0 0 55 0 293 0 0 0 271 266 0 0 0 0 0 0 0 0 0 0 0 0 0 0 0 0 0 0 231 241 0 0 0 0 63 0 146 0 0 0 295 0 0 233 0 0 0 0 0 280 13 0 0 0 0 0 0 0 0 0 0 0 245 0 0 0 0 0 0 0 0 0 0 0 0 0 0 0 
100 176 0 0 0 105 0 0 0 16 0 0 0 0 0 0 0 0 0 0 0 0 0 0 0 0 0 0 0 0 0 139 0 0 0 0 0 0 0 0 0 0 179 0 0 0 0 0 0 0 0 0 0 275 0 0 0 0 0 0 0 0 0 0 0 0 0 296 0 299 0 0 0 0 0 0 0 0 0 0 0 0 240 0 0 170 38 197 0 205 0 0 0 0 0 0 26 0 0 0 
4 0 0 0 0 0 0 0 0 0 0 0 0 181 0 0 0 0 0 0 0 0 0 0 0 0 0 0 0 131 0 115 0 0 0 0 0 0 0 0 0 0 0 0 0 0 0 0 0 0 0 116 0 0 0 0 0 0 0 0 0 0 10 0 0 0 0 0 0 0 0 0 0 0 0 0 236 0 0 0 0 116 0 0 82 0 0 0 0 0 0 0 0 0 0 0 0 0 0 0 
0 0 0 0 0 187 276 0 0 69 0 0 218 0 164 0 0 0 0 0 0 0 0 0 0 0 0 0 0 0 0 0 0 0 0 0 0 0 0 0 0 0 0 0 230 0 0 0 0 0 0 0 273 208 0 0 0 0 0 0 0 0 0 0 0 0 0 0 0 0 0 0 0 280 0 0 0 0 33 0 143 0 0 0 23 254 0 0 0 0 0 0 0 0 0 0 0 300 0 0 
0 0 0 0 0 0 0 0 0 0 0 0 0 0 85 0 102 0 0 151 0 0 0 0 0 0 0 0 0 0 0 165 0 0 0 0 0 0 0 0 0 0 0 0 0 0 0 253 256 0 0 0 0 0 0 0 0 0 0 175 0 0 0 0 283 0 0 0 0 0 0 0 0 0 0 0 0 263 262 0 0 192 0 0 0 0 0 0 0 0 0 0 0 0 0 0 0 0 199 0 
0 0 0 0 0 0 0 0 0 0 0 155 0 0 0 0 0 70 0 0 133 0 0 0 0 0 0 0 0 0 0 0 0 0 0 0 0 0 0 0 0 50 0 0 0 0 0 0 0 0 0 0 0 0 0 0 0 0 0 0 0 0 0 0 157 0 279 0 142 0 0 0 0 9 0 0 0 0 0 0 0 48 0 0 0 0 165 0 0 0 0 0 0 0 0 0 0 0 0 0 
0 0 26 0 210 0 0 0 0 0 0 0 0 0 0 0 0 10 0 124 0 157 0 212 0 0 33 0 0 0 0 0 0 0 0 0 0 0 0 0 0 0 0 0 0 0 0 0 0 0 0 0 0 0 288 0 0 0 0 0 0 0 125 0 0 0 0 0 0 0 224 0 0 0 0 0 0 209 0 0 0 0 0 141 0 0 0 0 0 0 0 0 154 0 0 0 176 0 0 80 
170 144 0 0 0 0 0 0 0 0 201 0 0 0 0 0 0 0 0 0 0 0 0 0 0 0 0 0 0 0 0 54 0 0 0 0 0 0 0 50 0 0 0 0 0 0 0 0 0 0 0 0 185 0 0 0 0 0 0 0 0 0 234 0 0 0 0 0 0 17 0 0 138 0 81 0 230 0 0 199 0 0 0 0 0 0 0 0 0 0 0 0 0 0 0 0 0 0 44 0 
0 0 0 0 293 0 0 0 0 271 0 0 0 0 29 0 0 0 86 0 0 0 0 0 0 0 0 0 0 0 0 0 0 0 0 179 0 0 0 0 0 0 0 0 0 0 0 0 0 0 19 0 0 0 0 0 79 0 0 0 0 251 0 135 0 0 0 0 0 0 0 0 0 0 0 0 0 0 0 0 0 132 0 0 0 0 0 0 0 118 187 0 63 0 0 0 153 0 0 0 
0 0 157 0 0 0 0 27 0 251 291 0 0 0 2 0 0 0 0 0 0 0 0 0 0 0 0 0 0 0 0 0 0 0 0 0 0 0 0 0 0 0 0 0 0 0 0 0 0 0 0 108 26 94 0 0 0 0 162 0 0 0 0 0 0 0 0 0 0 0 0 0 0 0 0 0 0 0 0 0 0 0 0 0 98 0 0 0 0 0 0 0 0 0 144 103 0 0 0 0 
0 0 0 180 0 0 0 0 0 0 0 0 92 0 0 0 0 0 0 0 85 0 0 0 0 0 259 0 0 0 261 0 0 0 0 0 0 230 0 0 0 0 0 0 0 0 0 0 0 295 0 0 0 0 0 0 0 0 152 191 300 0 0 0 0 140 0 0 0 0 0 0 0 0 28 0 0 0 0 0 0 84 128 0 209 0 0 0 0 0 0 0 0 0 0 0 0 0 0 0 
0 0 0 0 30 0 0 0 81 0 76 199 0 0 0 0 33 0 0 270 0 244 0 0 0 0 0 93 0 149 0 0 0 0 0 0 0 0 0 0 0 0 0 0 0 0 0 0 279 0 10 0 0 0 0 0 0 0 0 0 0 0 0 0 0 0 247 0 0 0 0 0 100 0 0 46 0 0 0 0 0 0 0 0 0 0 0 0 0 71 0 0 0 0 0 0 0 0 0 0 
99 0 0 0 0 188 0 0 0 0 0 0 0 0 0 0 0 0 0 0 0 0 0 178 0 0 0 0 0 0 156 0 0 0 0 0 0 0 0 0 0 0 0 0 0 0 0 0 0 0 0 0 0 0 0 22 0 0 0 0 0 0 30 0 0 144 0 0 0 0 226 0 0 0 0 0 0 0 0 77 0 0 60 0 0 0 51 193 0 0 0 0 0 199 108 0 0 0 0 0 
0 0 0 0 0 0 0 0 0 14 0 0 0 0 0 0 0 0 0 0 0 0 0 0 0 0 0 161 0 153 34 0 0 0 0 0 0 0 253 0 0 0 0 0 0 0 0 0 0 0 0 0 0 0 267 135 234 0 0 0 0 0 0 0 0 0 0 0 0 0 63 0 0 0 0 0 0 0 0 94 0 0 0 0 118 93 0 0 0 0 0 132 0 0 0 89 20 0 0 0 
0 0 0 238 0 0 0 0 0 0 0 0 0 0 25 0 0 0 255 0 0 0 0 0 0 0 0 0 0 0 0 0 0 41 0 0 0 0 256 0 0 0 0 0 0 279 0 0 0 0 0 0 0 0 0 0 0 0 0 0 0 71 279 0 0 0 0 0 0 0 0 0 0 0 0 0 0 0 228 137 210 0 0 0 0 0 142 0 0 0 0 223 0 0 215 0 0 0 0 0 
0 283 0 0 0 0 0 7 0 0 0 263 0 0 0 0 0 0 287 0 0 96 0 0 0 0 0 0 0 0 83 0 0 0 0 0 0 0 0 0 0 0 0 0 295 0 0 0 0 0 0 0 0 0 0 0 0 294 0 0 0 0 0 160 0 0 0 0 0 0 0 0 0 0 0 249 0 0 0 0 0 0 0 0 0 10 0 0 0 0 0 0 0 0 10 0 167 0 0 0 
0 0 0 0 0 0 0 134 0 0 0 0 0 161 278 0 0 0 0 0 0 0 0 0 0 0 0 0 0 268 0 0 0 0 231 0 0 0 0 0 0 0 19 0 0 10 0 0 0 0 0 203 40 0 21 0 0 0 0 0 0 0 0 0 23 7 0 141 272 0 0 0 0 0 0 0 0 0 0 0 0 0 0 0 0 0 0 0 0 0 0 0 0 0 0 96 0 0 0 0 
134 0 0 0 0 0 0 0 0 0 0 0 0 0 0 0 0 0 0 0 0 0 0 0 0 65 0 0 0 0 0 0 0 278 241 0 116 0 0 0 0 0 0 108 0 0 0 0 0 0 203 0 0 236 0 0 0 0 81 0 0 0 0 0 0 0 0 227 0 0 0 0 0 0 0 122 217 0 0 0 56 0 0 0 0 0 0 0 0 0 203 0 0 0 0 0 0 267 0 0 
0 0 0 0 0 0 0 0 1 0 181 0 0 0 0 0 0 0 0 280 0 0 276 0 0 0 0 0 0 0 0 0 0 0 0 0 0 273 0 0 0 185 0 26 0 0 0 0 0 0 40 0 0 0 81 0 0 0 0 0 132 0 0 0 270 0 0 0 0 0 0 0 0 0 0 0 0 0 0 0 1 0 0 0 149 0 0 0 184 0 0 0 0 0 0 0 0 0 0 0 
0 0 0 0 0 0 54 0 0 0 0 0 0 0 0 0 0 0 0 0 14 0 0 0 0 0 0 0 0 0 0 0 62 0 0 275 0 208 0 0 0 0 0 94 0 0 0 0 0 0 0 236 0 0 0 0 0 8 184 0 0 0 0 0 0 0 0 0 0 0 0 0 190 139 0 275 0 0 0 0 0 0 210 0 299 0 0 0 0 0 0 0 0 0 0 265 0 0 0 0 
0 43 0 0 0 0 0 0 278 0 0 0 72 0 0 0 0 0 0 0 0 0 0 0 0 0 0 0 0 0 0 0 111 0 0 0 0 0 0 0 288 0 0 0 0 0 0 267 0 0 21 0 81 0 0 0 0 0 0 0 0 0 0 0 0 0 0 0 0 0 0 0 0 0 0 0 0 0 112 0 0 165 0 0 0 0 209 0 0 0 0 0 0 0 0 0 0 0 0 68 
0 0 0 0 0 293 0 0 0 0 0 0 0 196 0 0 0 218 0 0 143 0 0 0 0 0 171 0 0 0 0 245 214 0 0 0 0 0 0 0 0 0 0 0 0 0 22 135 0 0 0 0 0 0 0 0 0 0 0 0 0 0 0 0 0 0 0 46 0 0 0 0 0 0 64 0 0 0 0 0 0 0 0 0 0 0 297 0 41 102 0 0 0 0 0 0 0 0 0 0 
0 42 0 0 0 0 0 0 164 0 0 0 285 0 0 0 0 0 0 0 0 0 0 0 0 0 0 0 0 0 0 0 0 0 63 0 0 0 0 0 0 0 79 0 0 0 0 234 0 0 0 0 0 0 0 0 0 251 78 141 0 0 212 0 0 0 0 265 0 0 0 131 0 0 0 0 0 0 0 0 0 142 0 0 0 0 0 0 0 0 0 0 96 0 0 0 33 0 0 0 
0 0 0 0 0 0 0 0 0 0 0 0 0 0 0 0 0 0 0 0 85 0 79 0 0 0 0 157 0 0 0 0 0 178 0 0 0 0 0 0 0 0 0 0 0 0 0 0 0 294 0 0 0 8 0 0 251 0 0 0 0 54 63 0 0 0 0 0 0 0 0 0 0 0 0 0 0 1 0 0 0 0 0 100 0 0 0 0 0 0 18 0 243 0 0 0 0 0 0 0 
0 0 160 0 0 0 0 21 0 0 0 0 240 0 0 0 0 0 0 0 0 0 0 258 0 0 0 233 0 0 0 0 61 0 146 0 0 0 0 0 0 0 0 162 152 0 0 0 0 0 0 81 0 184 0 0 78 0 0 0 0 0 0 0 0 0 0 0 0 266 0 0 0 0 0 0 0 0 0 0 0 0 0 0 0 0 0 112 0 0 0 0 0 0 7 0 0 0 0 0 
0 0 191 0 0 0 0 0 0 115 0 183 56 0 0 188 0 0 40 0 0 0 0 0 0 0 0 0 0 0 0 0 0 114 0 0 0 0 175 0 0 0 0 0 191 0 0 0 0 0 0 0 0 0 0 0 141 0 0 0 231 0 0 0 0 0 0 0 0 0 0 0 0 0 0 166 0 0 0 0 0 0 0 0 0 0 0 0 0 0 0 0 0 0 0 173 0 0 0 0 
0 244 248 111 36 0 0 0 176 0 0 0 187 0 0 0 146 0 0 0 0 0 0 0 0 63 0 0 0 0 0 0 0 0 0 0 0 0 0 0 0 0 0 0 300 0 0 0 0 0 0 0 132 0 0 0 0 0 0 231 0 0 0 0 0 0 0 0 0 0 0 0 0 0 0 0 75 0 0 0 0 0 0 0 0 46 0 0 0 0 0 0 0 0 0 0 0 55 0 0 
0 0 0 91 0 0 98 281 195 0 0 0 0 0 0 0 0 0 0 0 0 0 0 0 38 205 0 0 0 0 0 0 0 0 0 0 0 0 0 0 0 0 251 0 0 0 0 0 71 0 0 0 0 0 0 0 0 54 0 0 0 0 0 0 0 280 197 0 0 0 0 29 0 0 0 0 0 0 0 0 0 0 0 0 0 0 0 0 0 0 58 0 209 0 0 0 0 0 67 0 
0 0 0 0 0 0 0 0 0 0 173 0 0 0 0 133 0 0 0 0 0 269 0 0 0 0 0 0 0 266 0 0 0 0 295 0 10 0 0 0 125 234 0 0 0 0 30 0 279 0 0 0 0 0 0 0 212 63 0 0 0 0 0 10 0 0 0 0 0 0 0 0 0 169 0 0 0 0 0 0 0 0 0 256 0 0 0 0 0 0 0 0 0 0 0 0 0 0 0 0 
0 0 0 0 0 0 0 0 0 0 0 0 0 0 186 0 0 0 0 0 0 0 0 0 129 0 0 0 0 0 0 0 0 0 0 0 0 0 0 0 0 0 135 0 0 0 0 0 0 160 0 0 0 0 0 0 0 0 0 0 0 0 10 0 152 189 0 0 0 0 0 0 0 0 0 0 0 0 0 0 0 52 0 0 0 0 280 0 0 0 0 0 0 73 0 0 126 0 0 0 
85 263 0 0 0 272 116 0 0 0 0 0 0 0 0 0 0 0 0 0 0 120 58 0 0 0 0 0 0 0 0 0 0 0 0 0 0 0 283 157 0 0 0 0 0 0 0 0 0 0 23 0 270 0 0 0 0 0 0 0 0 0 0 152 0 0 0 0 0 0 0 0 0 120 0 0 0 0 0 0 0 0 66 0 0 0 73 0 0 0 0 0 0 0 0 0 0 0 69 0 
0 0 0 0 0 0 0 0 0 177 0 0 0 0 0 0 0 0 0 189 0 0 0 0 0 261 0 0 0 0 0 0 248 117 233 0 0 0 0 0 0 0 0 0 140 0 144 0 0 0 7 0 0 0 0 0 0 0 0 0 0 280 0 189 0 0 0 0 0 0 0 0 0 0 0 0 0 0 0 0 0 0 186 0 0 0 0 0 0 0 0 0 0 112 0 0 0 0 22 0 
0 0 0 0 0 0 0 0 0 179 0 0 0 0 177 0 0 0 98 0 198 0 211 0 0 154 0 0 0 0 0 0 0 58 0 0 0 0 0 279 0 0 0 0 0 247 0 0 0 0 0 0 0 0 0 0 0 0 0 0 0 197 0 0 0 0 0 0 0 0 0 0 0 0 0 0 0 0 0 0 216 0 0 0 0 0 0 0 99 37 0 0 0 124 0 0 0 0 0 0 
0 0 0 0 0 0 85 0 0 0 0 0 0 0 0 0 0 0 0 140 21 0 0 136 116 0 0 0 0 261 0 0 0 0 0 296 0 0 0 0 0 0 0 0 0 0 0 0 0 0 141 227 0 0 0 46 265 0 0 0 0 0 0 0 0 0 0 0 0 0 0 0 0 0 0 0 0 283 0 0 267 0 0 0 0 0 0 0 0 0 68 0 0 0 0 0 0 0 0 0 
0 0 0 0 0 0 0 0 0 211 0 0 0 0 0 0 0 0 0 0 0 0 0 0 0 0 0 0 216 0 0 265 0 0 0 0 0 0 0 142 0 0 0 0 0 0 0 0 0 0 272 0 0 0 0 0 0 0 0 0 0 0 0 0 0 0 0 0 0 0 0 0 0 0 0 0 0 173 0 0 0 0 0 0 0 0 0 0 0 0 0 0 0 0 0 0 277 0 0 0 
165 0 0 0 0 0 0 0 163 0 0 0 0 0 0 0 0 0 0 0 0 0 0 0 0 0 0 216 0 0 0 0 134 0 0 299 0 0 0 0 0 17 0 0 0 0 0 0 0 0 0 0 0 0 0 0 0 0 266 0 0 0 0 0 0 0 0 0 0 0 0 0 0 0 0 0 0 0 0 0 0 0 0 0 0 0 0 61 0 0 0 0 0 0 0 0 0 0 0 0 
0 0 0 0 0 0 171 0 0 0 166 0 0 0 0 0 0 0 0 0 0 0 0 0 0 0 160 0 0 0 0 0 234 0 0 0 0 0 0 0 224 0 0 0 0 0 226 63 0 0 0 0 0 0 0 0 0 0 0 0 0 0 0 0 0 0 0 0 0 0 0 0 0 0 0 0 285 0 0 0 87 0 0 0 0 0 235 0 0 0 0 0 0 279 0 0 0 0 0 0 
0 0 0 0 0 265 192 0 0 0 0 0 0 248 0 129 0 0 0 176 132 0 0 0 0 0 0 0 0 0 0 0 0 0 280 0 0 0 0 0 0 0 0 0 0 0 0 0 0 0 0 0 0 0 0 0 131 0 0 0 0 29 0 0 0 0 0 0 0 0 0 0 0 0 0 0 0 0 0 0 0 0 0 0 0 197 0 1 200 207 0 0 0 0 0 0 0 0 0 0 
244 18 0 0 0 0 0 278 0 0 0 0 0 0 0 29 0 77 0 0 0 0 0 29 0 0 0 0 0 0 0 0 267 0 13 0 0 0 0 0 0 138 0 0 0 100 0 0 0 0 0 0 0 190 0 0 0 0 0 0 0 0 0 0 0 0 0 0 0 0 0 0 0 0 0 0 0 0 0 0 0 0 0 289 0 0 226 0 0 0 0 0 270 0 0 0 0 0 0 0 
0 0 0 0 294 0 0 192 119 289 0 0 0 0 0 0 0 0 0 0 0 0 0 0 0 63 0 0 147 0 0 0 0 0 0 0 0 280 0 9 0 0 0 0 0 0 0 0 0 0 0 0 0 139 0 0 0 0 0 0 0 0 169 0 120 0 0 0 0 0 0 0 0 0 0 0 182 0 0 178 0 0 128 0 0 0 0 0 0 92 0 0 0 0 0 0 0 0 0 0 
0 0 0 0 0 0 0 0 0 0 0 102 176 0 0 0 0 0 0 0 0 234 0 39 0 0 0 0 0 0 0 0 0 0 0 0 0 0 0 0 0 81 0 0 28 0 0 0 0 0 0 0 0 0 0 64 0 0 0 0 0 0 0 0 0 0 0 0 0 0 0 0 0 0 0 95 0 0 0 0 0 0 0 158 0 0 0 0 0 0 268 140 0 0 0 0 0 0 0 0 
0 0 0 0 0 0 0 0 0 0 0 0 0 0 130 0 0 0 0 0 0 0 0 0 201 87 0 28 0 0 0 0 0 0 0 0 0 0 0 0 0 0 0 0 0 46 0 0 0 249 0 122 0 275 0 0 0 0 0 166 0 0 0 0 0 0 0 0 0 0 0 0 0 0 95 0 0 0 0 0 0 0 0 0 0 77 0 59 0 0 0 0 0 0 94 146 0 0 191 0 
0 0 0 0 80 0 223 0 0 0 0 0 0 274 0 0 54 0 0 0 127 0 261 0 0 0 0 0 271 0 0 0 0 0 0 0 236 0 0 0 0 230 0 0 0 0 0 0 0 0 0 217 0 0 0 0 0 0 0 0 75 0 0 0 0 0 0 0 0 0 285 0 0 182 0 0 0 0 0 0 0 0 0 0 234 0 0 0 0 0 0 0 0 0 0 0 0 0 0 0 
0 0 0 0 25 0 0 0 186 0 0 0 0 0 0 0 22 0 0 0 0 0 0 0 0 0 0 0 0 0 0 0 192 0 0 0 0 0 263 0 209 0 0 0 0 0 0 0 0 0 0 0 0 0 0 0 0 1 0 0 0 0 0 0 0 0 0 283 173 0 0 0 0 0 0 0 0 0 0 0 0 185 0 0 0 0 0 0 0 0 0 0 0 251 0 0 0 0 0 173 
0 0 0 0 59 42 0 0 0 0 0 133 53 0 75 0 0 119 0 0 0 0 0 0 0 0 0 0 0 0 0 0 0 0 0 0 0 33 262 0 0 0 0 0 0 0 0 0 228 0 0 0 0 0 112 0 0 0 0 0 0 0 0 0 0 0 0 0 0 0 0 0 0 0 0 0 0 0 0 0 0 0 0 0 0 0 0 0 0 281 274 54 0 0 0 0 0 0 0 0 
0 0 0 0 0 110 0 0 0 0 197 0 0 9 0 0 0 171 136 0 0 150 0 0 0 0 0 194 0 0 0 0 0 246 0 0 0 0 0 0 0 199 0 0 0 0 77 94 137 0 0 0 0 0 0 0 0 0 0 0 0 0 0 0 0 0 0 0 0 0 0 0 0 178 0 0 0 0 0 0 0 0 0 0 0 0 242 0 0 0 72 0 0 0 0 0 0 0 0 0 
0 96 0 250 0 0 0 55 0 0 0 0 0 0 0 195 0 36 0 0 0 0 0 0 0 0 0 0 92 0 0 0 0 0 0 0 0 143 0 0 0 0 0 0 0 0 0 0 210 0 0 56 1 0 0 0 0 0 0 0 0 0 0 0 0 0 216 267 0 0 87 0 0 0 0 0 0 0 0 0 0 0 0 0 0 0 0 0 93 0 0 0 0 0 0 0 0 0 45 0 
0 0 0 0 0 0 0 0 0 24 0 0 0 0 0 0 0 0 0 0 0 0 0 1 0 0 0 0 0 0 0 0 0 273 0 0 116 0 192 48 0 0 132 0 84 0 0 0 0 0 0 0 0 0 165 0 142 0 0 0 0 0 0 52 0 0 0 0 0 0 0 0 0 0 0 0 0 185 0 0 0 0 0 0 0 0 0 186 0 0 0 0 0 0 0 0 52 0 0 0 
0 104 35 0 0 0 0 0 0 0 0 0 0 0 0 0 0 0 31 0 0 217 0 0 55 0 0 0 0 0 0 0 0 0 0 240 0 0 0 0 0 0 0 0 128 0 60 0 0 0 0 0 0 210 0 0 0 0 0 0 0 0 0 0 66 186 0 0 0 0 0 0 0 128 0 0 0 0 0 0 0 0 0 0 0 174 0 0 0 0 0 0 0 0 0 107 48 0 0 0 
133 0 237 0 0 284 0 0 0 0 182 0 0 0 0 0 0 0 0 111 0 0 0 0 0 0 0 121 0 0 0 0 0 0 0 0 0 0 0 0 141 0 0 0 0 0 0 0 0 0 0 0 0 0 0 0 0 100 0 0 0 0 256 0 0 0 0 0 0 0 0 0 289 0 158 0 0 0 0 0 0 0 0 0 0 0 0 0 0 227 0 0 0 0 0 187 0 0 0 0 
46 0 0 0 0 217 0 0 0 0 0 0 0 0 0 0 0 0 0 0 121 0 212 0 275 0 0 0 0 0 0 0 0 0 245 0 82 23 0 0 0 0 0 98 209 0 0 118 0 0 0 0 149 299 0 0 0 0 0 0 0 0 0 0 0 0 0 0 0 0 0 0 0 0 0 0 234 0 0 0 0 0 0 0 0 0 0 0 0 0 0 0 0 0 98 0 0 0 0 0 
0 0 0 0 4 0 0 0 0 0 0 0 201 285 0 0 0 0 0 0 0 0 0 0 0 0 0 0 52 0 0 0 0 0 0 170 0 254 0 0 0 0 0 0 0 0 0 93 0 10 0 0 0 0 0 0 0 0 0 0 46 0 0 0 0 0 0 0 0 0 0 197 0 0 0 77 0 0 0 0 0 0 174 0 0 0 0 0 0 0 89 0 0 0 0 0 0 0 240 5 
0 0 0 114 0 0 0 0 0 0 0 0 0 0 0 0 27 0 0 207 0 0 0 0 0 0 0 0 0 0 0 0 0 0 0 38 0 0 0 165 0 0 0 0 0 0 51 0 142 0 0 0 0 0 209 297 0 0 0 0 0 0 0 280 73 0 0 0 0 0 235 0 226 0 0 0 0 0 0 242 0 0 0 0 0 0 0 0 0 70 0 0 0 0 0 0 0 0 0 0 
0 0 0 0 0 0 196 0 49 0 0 0 0 0 0 0 0 0 0 0 0 0 0 0 0 0 0 0 112 0 0 0 0 0 0 197 0 0 0 0 0 0 0 0 0 0 193 0 0 0 0 0 0 0 0 0 0 0 112 0 0 0 0 0 0 0 0 0 0 61 0 1 0 0 0 59 0 0 0 0 0 186 0 0 0 0 0 0 0 0 0 0 0 0 0 0 0 0 0 0 
0 185 0 0 0 214 0 0 0 267 0 0 0 0 0 0 39 0 0 0 0 0 0 0 0 0 0 0 208 0 0 0 0 0 0 0 0 0 0 0 0 0 0 0 0 0 0 0 0 0 0 0 184 0 0 41 0 0 0 0 0 0 0 0 0 0 99 0 0 0 0 200 0 0 0 0 0 0 0 0 93 0 0 0 0 0 0 0 0 0 0 0 135 0 139 0 0 269 0 0 
0 0 0 0 0 24 0 0 0 0 0 0 0 0 0 0 0 0 0 0 0 0 0 276 0 0 0 0 0 0 0 106 95 0 0 205 0 0 0 0 0 0 118 0 0 71 0 0 0 0 0 0 0 0 0 102 0 0 0 0 0 0 0 0 0 0 37 0 0 0 0 207 0 92 0 0 0 0 281 0 0 0 0 227 0 0 70 0 0 0 0 0 0 0 0 0 0 0 0 0 
0 0 0 0 0 0 0 0 0 0 0 0 0 0 21 283 0 0 0 0 0 0 0 0 0 0 0 0 0 0 0 0 0 66 0 0 0 0 0 0 0 0 187 0 0 0 0 0 0 0 0 203 0 0 0 0 0 18 0 0 0 58 0 0 0 0 0 68 0 0 0 0 0 0 268 0 0 0 274 72 0 0 0 0 0 89 0 0 0 0 0 0 0 0 242 0 0 12 123 0 
0 211 0 0 197 0 0 0 0 0 0 0 0 0 171 0 0 0 0 0 0 0 0 0 144 0 0 211 0 0 0 0 0 0 0 0 0 0 0 0 0 0 0 0 0 0 0 132 223 0 0 0 0 0 0 0 0 0 0 0 0 0 0 0 0 0 0 0 0 0 0 0 0 0 140 0 0 0 54 0 0 0 0 0 0 0 0 0 0 0 0 0 0 0 0 0 0 0 0 0 
121 0 0 0 0 0 0 0 0 0 0 0 0 0 0 249 0 0 0 65 0 0 0 30 126 0 0 0 0 116 0 0 0 265 0 0 0 0 0 0 154 0 63 0 0 0 0 0 0 0 0 0 0 0 0 0 96 243 0 0 0 209 0 0 0 0 0 0 0 0 0 0 270 0 0 0 0 0 0 0 0 0 0 0 0 0 0 0 135 0 0 0 0 0 0 130 0 0 0 0 
162 0 0 26 0 0 0 0 0 0 0 0 175 0 0 0 0 18 38 0 0 0 0 0 0 33 0 0 0 0 0 0 0 68 0 0 0 0 0 0 0 0 0 0 0 0 199 0 0 0 0 0 0 0 0 0 0 0 0 0 0 0 0 73 0 112 124 0 0 0 279 0 0 0 0 0 0 251 0 0 0 0 0 0 0 0 0 0 0 0 0 0 0 0 0 7 0 65 0 0 
0 0 0 0 6 0 0 0 0 0 0 0 0 0 0 0 48 217 0 0 0 0 0 0 0 0 0 0 20 0 162 47 0 0 0 0 0 0 0 0 0 0 0 144 0 0 108 0 215 10 0 0 0 0 0 0 0 0 7 0 0 0 0 0 0 0 0 0 0 0 0 0 0 0 0 94 0 0 0 0 0 0 0 0 98 0 0 0 139 0 242 0 0 0 0 0 0 0 0 0 
45 0 0 0 0 0 0 85 0 0 0 0 0 0 0 0 125 0 0 0 0 0 179 33 0 0 0 0 0 0 0 0 0 0 0 0 0 0 0 0 0 0 0 103 0 0 0 89 0 0 96 0 0 265 0 0 0 0 0 173 0 0 0 0 0 0 0 0 0 0 0 0 0 0 0 146 0 0 0 0 0 0 107 187 0 0 0 0 0 0 0 0 130 7 0 0 0 0 0 0 
0 0 0 0 0 0 0 0 0 0 17 0 0 0 0 0 0 0 0 0 0 0 5 0 0 239 0 0 0 0 0 0 105 0 0 26 0 0 0 0 176 0 153 0 0 0 0 20 0 167 0 0 0 0 0 0 33 0 0 0 0 0 0 126 0 0 0 0 277 0 0 0 0 0 0 0 0 0 0 0 0 52 48 0 0 0 0 0 0 0 0 0 0 0 0 0 0 0 145 0 
0 0 0 0 0 279 0 0 0 0 0 0 0 0 0 144 0 291 0 0 0 0 0 0 0 222 0 0 210 0 0 0 0 0 0 0 0 300 0 0 0 0 0 0 0 0 0 0 0 0 0 267 0 0 0 0 0 0 0 0 55 0 0 0 0 0 0 0 0 0 0 0 0 0 0 0 0 0 0 0 0 0 0 0 0 0 0 0 269 0 12 0 0 65 0 0 0 0 0 0 
7 0 0 252 0 0 0 0 0 0 0 0 0 191 0 0 0 0 0 164 0 0 0 0 0 0 0 0 0 0 0 158 0 0 0 0 0 0 199 0 0 44 0 0 0 0 0 0 0 0 0 0 0 0 0 0 0 0 0 0 0 67 0 0 69 22 0 0 0 0 0 0 0 0 0 191 0 0 0 0 45 0 0 0 0 240 0 0 0 0 123 0 0 0 0 0 145 0 0 0 
0 0 0 0 0 264 0 181 0 0 0 0 0 0 0 0 0 0 0 90 0 0 0 0 0 0 172 0 0 0 0 0 0 289 0 0 0 0 0 0 80 0 0 0 0 0 0 0 0 0 0 0 0 0 68 0 0 0 0 0 0 0 0 0 0 0 0 0 0 0 0 0 0 0 0 0 0 173 0 0 0 0 0 0 0 5 0 0 0 0 0 0 0 0 0 0 0 0 0 0 
