0 4 0 0 50 0 70 14 0 0 0 0 0 0 16 0 46 0 92 84 52 0 0 72 0 34 0 0 0 0 0 0 0 47 0 0 78 0 0 0 0 0 27 0 13 0 52 57 0 19 0 93 0 0 0 0 0 0 0 0 0 0 0 0 0 0 59 0 0 0 0 0 78 0 0 0 0 41 0 84 0 0 74 1 0 5 88 0 0 0 0 0 0 0 93 0 0 22 0 0 
4 0 0 0 0 0 0 4 0 0 0 0 0 9 0 0 0 0 0 0 0 0 0 0 0 38 0 0 0 0 0 24 0 10 0 1 60 0 94 0 0 0 81 4 0 0 12 70 0 0 0 0 0 76 0 0 0 0 0 0 0 9 0 57 0 0 4 0 0 5 0 0 54 0 28 62 0 0 0 0 0 0 0 33 7 0 0 39 0 0 0 90 0 43 6 55 0 0 1 0 
0 0 0 0 0 0 0 0 0 0 0 0 0 0 0 0 0 0 0 0 82 0 42 0 0 16 0 0 2 0 0 0 0 0 0 0 0 0 73 0 73 0 0 10 11 0 51 0 0 24 0 0 0 77 0 0 0 0 0 89 2 0 0 0 0 50 0 29 64 0 0 0 0 0 0 0 0 0 0 0 79 0 0 0 92 0 0 72 14 0 0 0 0 0 0 0 57 28 0 0 
0 0 0 0 30 14 0 0 0 72 0 0 0 49 0 0 0 0 0 0 0 0 0 0 0 0 0 0 0 0 96 6 0 0 63 0 0 0 0 19 0 51 0 0 0 0 0 73 12 62 0 0 0 64 97 0 0 0 27 0 0 0 0 3 26 27 0 0 0 66 0 0 0 0 11 0 0 52 0 0 74 0 5 45 9 0 85 0 0 0 0 0 75 0 0 56 0 0 0 0 
50 0 0 30 0 72 0 0 72 0 0 0 0 0 78 0 0 0 0 0 33 16 0 100 0 0 0 0 0 0 0 0 8 0 8 0 0 0 0 0 0 0 0 0 0 0 0 0 0 0 0 0 0 0 0 0 0 65 66 47 0 6 0 13 62 99 0 0 33 0 0 0 0 75 28 0 0 0 0 48 0 0 0 41 27 91 0 0 39 0 0 0 0 0 87 0 67 0 0 0 
0 0 0 14 72 0 0 0 0 0 0 85 0 0 0 0 0 0 85 0 48 24 0 11 0 0 0 0 0 15 0 67 0 43 0 0 60 0 0 0 69 0 0 33 0 0 0 0 0 0 24 0 0 0 0 0 0 0 19 0 0 11 0 0 48 0 56 0 53 0 0 0 0 13 0 100 0 0 0 61 0 0 0 0 0 0 12 0 0 0 18 11 0 0 0 85 60 0 0 80 
70 0 0 0 0 0 0 0 88 0 0 0 0 0 0 0 31 0 68 85 0 54 0 0 0 0 0 0 19 0 14 0 67 0 0 0 0 0 19 83 0 0 0 64 0 0 0 0 0 0 0 0 0 0 70 0 0 0 73 0 0 10 0 0 0 95 0 0 28 0 0 0 40 0 44 61 0 0 23 0 0 42 0 0 0 57 0 0 0 0 0 0 0 29 73 0 0 49 42 76 
14 4 0 0 0 0 0 0 9 0 0 0 0 0 0 0 97 40 0 0 0 0 0 34 0 0 0 0 0 0 0 0 0 93 0 56 91 50 0 0 0 0 98 0 0 0 0 0 0 0 12 0 20 0 10 0 0 0 0 0 66 0 0 23 0 0 0 0 66 80 42 0 0 0 0 0 73 0 15 4 0 86 53 0 87 0 0 0 0 15 0 0 83 89 0 0 0 0 72 14 
0 0 0 0 72 0 88 9 0 0 0 0 0 0 0 0 0 0 13 0 0 16 2 0 12 69 0 0 88 0 88 0 0 0 0 0 0 64 0 0 0 0 0 0 0 0 18 0 0 0 0 0 0 0 97 0 0 3 0 0 0 0 0 0 0 0 0 17 57 0 0 0 41 0 0 0 0 0 0 0 0 0 0 0 0 0 0 2 0 1 59 0 0 48 0 0 0 0 0 17 
0 0 0 72 0 0 0 0 0 0 0 0 0 54 0 0 0 87 0 0 0 0 0 0 0 72 0 92 7 0 5 72 91 10 0 0 0 0 94 0 0 60 0 0 0 0 0 0 50 0 0 0 58 0 0 0 0 0 0 36 0 0 0 0 0 0 0 98 60 0 96 0 0 0 0 0 0 0 0 0 0 0 0 80 75 50 0 0 0 80 47 0 12 0 0 0 0 0 0 0 
0 0 0 0 0 0 0 0 0 0 0 0 0 0 0 77 0 0 0 44 0 0 0 12 0 51 0 74 73 0 0 89 0 0 68 60 11 0 0 77 0 76 71 0 0 0 0 0 0 0 0 0 0 20 0 0 0 0 0 0 43 0 0 0 55 0 0 95 0 0 0 0 51 0 0 0 97 0 35 29 0 0 98 0 31 67 0 0 0 0 57 0 91 0 0 0 94 0 0 0 
0 0 0 0 0 85 0 0 0 0 0 0 0 0 0 0 7 0 0 0 0 0 46 0 0 0 77 0 30 0 0 55 40 0 0 0 0 10 0 0 0 0 0 0 0 0 0 58 86 0 0 58 0 8 0 0 75 0 0 0 0 89 0 0 0 0 0 0 1 23 0 52 95 62 0 0 0 9 0 0 0 0 0 0 0 0 17 83 0 0 0 0 64 0 0 54 8 25 0 98 
0 0 0 0 0 0 0 0 0 0 0 0 0 91 0 26 0 0 0 0 0 0 0 0 0 0 0 44 0 0 0 0 0 0 13 0 12 0 0 0 0 0 0 0 0 0 0 0 20 0 0 95 0 83 90 0 25 0 0 0 0 0 37 0 0 0 56 15 0 0 0 0 0 0 0 85 0 97 0 0 0 0 0 0 0 0 0 0 8 0 0 66 5 65 97 0 0 31 24 7 
0 9 0 49 0 0 0 0 0 54 0 0 91 0 0 0 78 0 0 37 0 0 0 0 32 0 0 0 85 0 0 75 0 0 0 0 0 0 25 0 0 0 0 0 0 0 0 0 0 0 92 0 8 96 0 33 0 37 0 0 0 85 0 0 40 0 36 0 29 0 0 0 0 69 0 18 67 0 79 7 0 0 52 0 0 0 0 0 0 85 0 0 0 0 0 52 0 0 0 0 
16 0 0 0 78 0 0 0 0 0 0 0 0 0 0 0 0 0 0 0 0 0 0 0 65 0 0 0 0 0 89 62 0 0 0 0 0 0 0 0 31 0 0 0 58 0 0 95 0 0 0 0 0 0 0 31 0 26 0 45 88 0 0 0 73 0 0 93 0 60 68 0 0 93 0 0 50 95 0 44 0 0 0 42 0 34 0 0 0 0 0 76 42 0 0 47 97 0 0 0 
0 0 0 0 0 0 0 0 0 0 77 0 26 0 0 0 0 0 0 0 0 0 0 52 0 0 0 0 0 0 60 0 0 52 0 0 33 52 0 0 0 15 99 0 0 0 0 74 69 0 91 0 0 0 0 18 0 0 0 41 0 0 0 99 0 58 16 0 0 0 3 0 0 10 0 0 62 0 0 0 97 0 68 0 0 0 0 94 84 0 0 0 0 94 48 0 72 0 26 0 
46 0 0 0 0 0 31 97 0 0 0 7 0 78 0 0 0 0 4 0 0 37 0 70 0 77 0 65 63 57 0 0 0 0 0 0 0 62 63 35 0 0 0 0 0 0 16 0 0 0 0 0 0 0 11 0 0 10 0 0 0 26 0 0 0 0 0 77 0 0 0 0 0 99 0 13 0 0 0 31 0 0 0 54 0 0 47 0 0 0 0 0 0 0 47 0 0 0 0 61 
0 0 0 0 0 0 0 40 0 87 0 0 0 0 0 0 0 0 0 0 0 83 86 0 0 0 0 56 61 0 0 0 0 0 0 67 0 88 0 0 0 0 16 0 0 33 10 25 51 0 0 0 0 0 75 0 0 83 45 0 0 0 0 0 0 0 96 0 0 0 0 0 0 0 0 0 59 0 0 0 66 16 97 0 0 67 0 0 0 0 0 55 0 0 80 81 12 0 51 0 
92 0 0 0 0 85 68 0 13 0 0 0 0 0 0 0 4 0 0 3 11 0 0 0 0 0 93 0 0 0 0 0 0 0 53 0 43 0 95 0 0 0 0 0 0 0 0 0 0 0 0 17 0 0 0 0 0 0 0 0 0 0 84 0 0 81 0 0 15 0 0 0 29 0 0 0 36 0 0 0 87 0 69 0 33 0 1 23 0 8 0 0 87 0 16 97 0 40 0 3 
84 0 0 0 0 0 85 0 0 0 44 0 0 37 0 0 0 0 3 0 0 0 0 14 0 0 26 0 78 42 0 0 0 58 86 66 0 0 5 0 55 0 0 0 0 0 0 26 0 0 0 0 0 7 0 50 0 0 0 79 0 0 53 0 0 0 32 0 0 0 10 0 0 0 0 19 67 74 48 0 0 0 0 0 0 0 0 0 0 91 73 0 0 0 0 0 0 0 0 0 
52 0 82 0 33 48 0 0 0 0 0 0 0 0 0 0 0 0 11 0 0 82 61 0 0 0 0 0 44 0 0 0 73 73 0 0 0 0 0 0 0 0 45 0 49 0 0 0 0 13 0 21 0 0 0 0 0 0 0 0 0 29 98 32 0 0 22 55 57 39 0 0 0 0 0 0 0 0 0 0 0 0 0 0 0 51 0 0 0 0 85 0 0 0 48 0 0 94 0 45 
0 0 0 0 16 24 54 0 16 0 0 0 0 0 0 0 37 83 0 0 82 0 0 0 0 0 0 59 0 0 0 49 0 0 0 80 0 37 0 0 25 0 0 0 47 0 0 0 0 0 46 76 0 0 0 0 0 0 0 0 0 0 0 0 0 27 12 0 0 0 59 0 0 42 0 70 0 0 0 0 0 57 0 0 5 0 0 0 1 3 15 0 53 0 100 46 0 68 58 0 
0 0 42 0 0 0 0 0 2 0 0 46 0 0 0 0 0 86 0 0 61 0 0 0 0 0 0 0 0 71 0 0 0 79 0 0 34 45 8 0 0 0 0 0 0 0 0 0 0 0 48 0 0 0 0 0 0 0 0 0 0 0 23 0 0 0 0 0 29 0 0 82 55 0 0 0 0 0 81 73 88 0 0 0 0 29 0 0 0 93 87 0 0 0 0 0 0 0 0 0 
72 0 0 0 100 11 0 34 0 0 12 0 0 0 0 52 70 0 0 14 0 0 0 0 0 0 0 0 0 49 84 0 0 12 33 0 0 0 0 0 77 0 0 30 0 0 0 22 0 96 0 0 0 0 67 0 0 0 84 41 100 55 57 0 0 0 0 0 0 85 0 0 0 0 0 0 0 0 0 0 37 0 0 0 0 56 0 0 0 59 0 16 0 0 0 25 0 0 0 0 
0 0 0 0 0 0 0 0 12 0 0 0 0 32 65 0 0 0 0 0 0 0 0 0 0 45 0 0 96 71 80 12 68 0 0 0 0 0 0 0 0 37 0 0 0 71 0 0 88 0 84 0 58 66 0 0 0 21 0 93 90 0 0 0 0 0 87 0 0 0 0 0 85 76 0 0 0 0 0 0 0 0 0 0 0 0 0 43 91 42 0 0 0 0 0 0 59 0 0 0 
34 38 16 0 0 0 0 0 69 72 51 0 0 0 0 0 77 0 0 0 0 0 0 0 45 0 0 0 0 89 0 58 12 0 86 0 0 0 0 0 0 0 19 41 33 0 0 0 42 0 64 0 0 0 0 0 0 0 0 0 6 2 0 23 0 0 0 0 0 22 0 70 0 0 70 0 96 48 0 0 0 42 49 0 0 0 0 37 65 0 0 0 0 0 0 0 0 94 0 0 
0 0 0 0 0 0 0 0 0 0 0 77 0 0 0 0 0 0 93 26 0 0 0 0 0 0 0 30 0 0 0 30 0 0 76 90 0 30 0 0 0 0 13 45 0 13 2 0 0 0 0 0 0 0 0 0 0 29 0 100 90 0 0 64 84 81 0 0 0 0 0 50 0 8 63 0 0 0 8 55 0 0 72 0 0 76 0 0 0 0 0 0 0 0 0 0 0 0 0 59 
0 0 0 0 0 0 0 0 0 92 74 0 44 0 0 0 65 56 0 0 0 59 0 0 0 0 30 0 97 0 0 0 7 0 0 0 19 0 0 22 52 0 0 0 0 0 0 28 0 0 0 0 0 0 0 0 14 0 0 0 0 0 93 0 0 0 85 0 0 0 0 3 0 0 0 0 0 0 76 0 0 98 0 43 0 88 0 0 66 0 0 0 0 73 0 0 0 0 43 0 
0 0 2 0 0 0 19 0 88 7 73 30 0 85 0 0 63 61 0 78 44 0 0 0 96 0 0 97 0 0 0 0 86 0 0 0 0 0 0 0 0 0 0 90 0 0 0 0 0 0 6 91 0 0 22 76 0 49 0 0 42 0 0 0 0 0 0 0 0 0 0 0 0 0 0 0 0 0 0 91 25 91 73 0 0 0 2 0 67 0 0 0 65 86 0 0 4 0 0 0 
0 0 0 0 0 15 0 0 0 0 0 0 0 0 0 0 57 0 0 42 0 0 71 49 71 89 0 0 0 0 0 44 0 23 0 0 0 50 45 0 0 52 0 43 0 0 0 72 30 59 29 0 0 15 0 51 0 0 0 77 0 0 69 69 0 0 0 0 0 0 0 0 0 0 0 53 0 0 0 0 0 0 0 15 0 0 70 0 0 92 0 0 0 0 0 0 0 0 0 10 
0 0 0 96 0 0 14 0 88 5 0 0 0 0 89 60 0 0 0 0 0 0 0 84 80 0 0 0 0 0 0 77 57 41 64 0 0 79 0 0 0 16 69 16 0 0 0 0 73 0 0 66 0 0 0 0 18 0 76 0 0 0 0 33 9 0 0 0 49 0 0 0 53 83 96 0 85 0 0 0 0 0 0 0 0 0 0 0 0 48 75 0 0 0 0 0 0 29 0 0 
0 24 0 6 0 67 0 0 0 72 89 55 0 75 62 0 0 0 0 0 0 49 0 0 12 58 30 0 0 44 77 0 0 5 0 0 0 0 0 0 0 0 0 0 0 0 0 0 0 0 0 0 0 0 0 0 0 0 0 0 66 0 0 0 25 0 0 99 0 0 33 95 0 53 78 0 59 0 0 0 26 0 67 0 0 16 70 0 0 0 0 88 0 0 0 0 0 29 0 54 
0 0 0 0 8 0 67 0 0 91 0 40 0 0 0 0 0 0 0 0 73 0 0 0 68 12 0 7 86 0 57 0 0 48 96 0 95 0 96 0 0 67 0 4 41 0 0 52 0 0 0 0 20 0 0 53 0 0 0 0 50 89 0 0 0 35 0 0 85 0 0 0 0 8 0 0 0 0 0 0 59 0 29 0 0 0 0 94 0 0 92 0 0 62 0 0 0 0 0 0 
47 10 0 0 0 43 0 93 0 10 0 0 0 0 0 52 0 0 0 58 73 0 79 12 0 0 0 0 0 23 41 5 48 0 0 38 0 0 38 0 0 0 0 54 0 0 0 10 0 0 0 0 0 51 0 0 0 0 0 0 0 0 0 56 39 0 0 0 0 0 0 0 0 0 0 0 0 96 93 0 0 0 0 0 59 0 0 0 0 0 0 0 0 73 0 0 63 41 30 87 
0 0 0 63 8 0 0 0 0 0 68 0 13 0 0 0 0 0 53 86 0 0 0 33 0 86 76 0 0 0 64 0 96 0 0 0 53 0 0 21 0 0 0 0 0 0 0 58 8 10 97 0 0 0 0 0 0 0 0 67 24 59 0 0 84 0 0 0 0 0 74 0 0 0 0 0 75 0 80 0 0 84 0 0 0 0 0 0 6 39 39 0 0 0 0 21 0 0 0 1 
0 1 0 0 0 0 0 56 0 0 60 0 0 0 0 0 0 67 0 66 0 80 0 0 0 0 90 0 0 0 0 0 0 38 0 0 0 0 0 0 0 90 0 67 29 0 0 0 74 27 0 0 0 72 0 0 0 59 0 0 0 100 91 0 0 54 0 0 0 79 0 0 0 0 0 3 0 0 7 0 0 0 0 0 0 0 0 0 0 0 64 0 0 63 0 0 72 0 50 0 
78 60 0 0 0 60 0 91 0 0 11 0 12 0 0 33 0 0 43 0 0 0 34 0 0 0 0 19 0 0 0 0 95 0 53 0 0 0 14 0 37 0 0 0 0 0 0 0 0 53 0 61 38 0 0 0 70 74 0 0 0 24 0 18 0 38 0 37 86 0 79 0 0 0 0 0 0 0 0 0 0 0 0 0 0 5 4 0 0 30 4 0 0 0 0 0 0 0 0 0 
0 0 0 0 0 0 0 50 64 0 0 10 0 0 0 52 62 88 0 0 0 37 45 0 0 0 30 0 0 50 79 0 0 0 0 0 0 0 0 69 58 56 0 0 52 65 0 0 0 0 0 0 0 20 0 84 94 0 0 0 0 0 0 0 0 0 0 0 0 0 0 0 0 0 41 91 0 0 0 0 0 97 0 0 0 0 17 0 0 0 0 0 0 0 8 79 0 0 0 87 
0 94 73 0 0 0 19 0 0 94 0 0 0 25 0 0 63 0 95 5 0 0 8 0 0 0 0 0 0 45 0 0 96 38 0 0 14 0 0 0 97 81 0 44 0 0 63 0 0 0 0 0 0 35 0 0 40 39 11 94 0 38 0 0 0 0 20 59 0 0 24 0 0 0 17 0 0 81 61 0 0 0 0 0 0 0 0 0 0 0 0 0 0 0 26 0 0 0 0 0 
0 0 0 19 0 0 83 0 0 0 77 0 0 0 0 0 35 0 0 0 0 0 0 0 0 0 0 22 0 0 0 0 0 0 21 0 0 69 0 0 58 2 0 63 0 0 45 0 49 59 52 75 25 0 76 54 0 0 0 0 97 0 0 0 0 0 0 0 0 0 0 0 28 0 0 43 0 0 0 0 0 61 0 57 29 0 0 65 0 0 75 63 38 0 0 0 5 8 0 0 
0 0 73 0 0 69 0 0 0 0 0 0 0 0 31 0 0 0 0 55 0 25 0 77 0 0 0 52 0 0 0 0 0 0 0 0 37 58 97 58 0 0 0 0 0 43 0 0 30 19 29 0 0 0 0 22 0 48 0 0 91 0 0 0 0 0 65 21 0 17 0 0 0 0 0 0 0 0 51 32 0 91 0 0 67 0 0 0 10 37 0 97 0 0 0 41 0 0 0 0 
0 0 0 51 0 0 0 0 0 60 76 0 0 0 0 15 0 0 0 0 0 0 0 0 37 0 0 0 0 52 16 0 67 0 0 90 0 56 81 2 0 0 72 12 59 0 0 0 15 0 0 0 56 0 0 43 0 0 0 78 0 0 0 0 0 97 64 0 0 0 38 0 0 85 0 98 0 0 0 0 0 0 0 0 0 0 6 88 0 0 33 83 0 0 68 82 0 0 0 0 
27 81 0 0 0 0 0 98 0 0 71 0 0 0 0 99 0 16 0 0 45 0 0 0 0 19 13 0 0 0 69 0 0 0 0 0 0 0 0 0 0 72 0 75 56 0 0 0 0 0 0 27 0 0 99 0 72 0 0 0 0 0 18 0 33 0 24 0 79 17 59 16 0 76 0 0 0 0 30 0 0 0 13 0 0 0 12 0 89 0 0 59 0 0 0 0 0 62 0 0 
0 4 10 0 0 33 64 0 0 0 0 0 0 0 0 0 0 0 0 0 0 0 0 30 0 41 45 0 90 43 16 0 4 54 0 67 0 0 44 63 0 12 75 0 0 0 0 42 69 64 0 0 68 0 47 36 0 0 0 0 39 0 0 0 16 0 0 0 99 0 27 0 0 100 0 0 0 0 0 0 0 77 0 0 0 0 0 43 0 0 0 0 0 0 0 0 0 0 0 0 
13 0 11 0 0 0 0 0 0 0 0 0 0 0 58 0 0 0 0 0 49 47 0 0 0 33 0 0 0 0 0 0 41 0 0 29 0 52 0 0 0 59 56 0 0 0 0 60 0 70 2 0 0 0 0 0 84 0 0 18 0 0 0 0 0 0 0 29 7 53 40 0 0 0 0 0 0 0 0 0 0 0 100 0 0 0 85 0 0 0 0 1 46 0 18 0 0 0 0 0 
0 0 0 0 0 0 0 0 0 0 0 0 0 0 0 0 0 33 0 0 0 0 0 0 71 0 13 0 0 0 0 0 0 0 0 0 0 65 0 0 43 0 0 0 0 0 0 0 0 0 0 0 0 0 68 27 0 0 0 0 0 0 0 67 0 0 0 90 56 0 0 0 0 59 56 0 65 0 68 0 0 0 0 0 0 0 0 0 47 0 2 0 39 0 0 0 0 0 0 0 
52 12 51 0 0 0 0 0 18 0 0 0 0 0 0 0 16 10 0 0 0 0 0 0 0 0 2 0 0 0 0 0 0 0 0 0 0 0 63 45 0 0 0 0 0 0 0 0 0 22 0 0 0 0 0 0 0 0 0 0 0 14 0 0 0 0 0 0 0 0 0 95 0 85 2 0 0 0 0 76 0 0 0 95 0 0 0 0 0 0 0 0 0 69 21 0 37 1 0 0 
57 70 0 73 0 0 0 0 0 0 0 58 0 0 95 74 0 25 0 26 0 0 0 22 0 0 0 28 0 72 0 0 52 10 58 0 0 0 0 0 0 0 0 42 60 0 0 0 62 0 41 67 79 0 0 0 0 0 70 0 0 0 0 0 0 0 0 0 34 0 0 0 0 0 0 0 0 0 0 0 0 0 0 2 96 0 0 82 0 0 75 0 0 0 0 91 0 37 37 40 
0 0 0 12 0 0 0 0 0 50 0 86 20 0 0 69 0 51 0 0 0 0 0 0 88 42 0 0 0 30 73 0 0 0 8 74 0 0 0 49 30 15 0 69 0 0 0 62 0 0 0 0 0 0 71 0 0 0 0 0 100 0 33 76 26 0 0 0 0 0 0 0 0 70 0 0 0 67 0 0 0 0 0 0 14 24 0 0 0 0 25 60 0 88 0 0 0 0 0 0 
19 0 24 62 0 0 0 0 0 0 0 0 0 0 0 0 0 0 0 0 13 0 0 96 0 0 0 0 0 59 0 0 0 0 10 27 53 0 0 59 19 0 0 64 70 0 22 0 0 0 0 0 26 68 77 0 0 0 0 0 0 63 0 62 0 0 0 49 0 0 0 0 0 0 0 51 67 0 91 37 0 0 69 42 0 0 93 0 0 0 0 0 15 25 0 0 0 0 37 0 
0 0 0 0 0 24 0 12 0 0 0 0 0 92 0 91 0 0 0 0 0 46 48 0 84 64 0 0 6 29 0 0 0 0 97 0 0 0 0 52 29 0 0 0 2 0 0 41 0 0 0 0 0 84 0 0 0 0 0 0 44 0 21 0 0 0 94 66 0 0 81 0 0 0 0 0 0 46 0 0 0 0 0 0 0 62 0 0 0 0 68 83 0 0 73 80 96 0 0 0 
93 0 0 0 0 0 0 0 0 0 0 58 95 0 0 0 0 0 17 0 21 76 0 0 0 0 0 0 91 0 66 0 0 0 0 0 61 0 0 75 0 0 27 0 0 0 0 67 0 0 0 0 0 0 0 0 0 0 0 31 0 14 0 59 0 86 0 9 14 0 0 0 0 0 0 0 0 0 0 27 0 0 0 0 0 0 91 0 0 58 31 0 0 68 4 0 0 0 17 0 
0 0 0 0 0 0 0 20 0 58 0 0 0 8 0 0 0 0 0 0 0 0 0 0 58 0 0 0 0 0 0 0 20 0 0 0 38 0 0 25 0 56 0 68 0 0 0 79 0 26 0 0 0 46 0 12 33 0 55 0 0 0 95 0 41 34 0 0 0 0 41 8 0 0 0 76 0 11 36 90 0 50 0 34 0 0 0 34 0 75 77 0 0 0 0 0 95 0 0 0 
0 76 77 64 0 0 0 0 0 0 20 8 83 96 0 0 0 0 0 7 0 0 0 0 66 0 0 0 0 15 0 0 0 51 0 72 0 20 35 0 0 0 0 0 0 0 0 0 0 68 84 0 46 0 0 0 15 0 0 33 0 0 0 0 0 0 0 0 0 0 0 0 0 0 0 0 0 0 0 0 0 0 0 33 0 0 0 85 0 0 0 0 0 65 0 0 0 0 55 0 
0 0 0 97 0 0 70 10 97 0 0 0 90 0 0 0 11 75 0 0 0 0 0 67 0 0 0 0 22 0 0 0 0 0 0 0 0 0 0 76 0 0 99 47 0 68 0 0 71 77 0 0 0 0 0 0 0 0 0 87 0 0 0 0 0 0 9 60 0 0 0 0 0 0 0 96 86 0 0 0 24 54 0 0 0 0 0 0 0 0 0 0 90 0 0 27 0 0 27 0 
0 0 0 0 0 0 0 0 0 0 0 0 0 33 31 18 0 0 0 50 0 0 0 0 0 0 0 0 76 51 0 0 53 0 0 0 0 84 0 54 22 43 0 36 0 27 0 0 0 0 0 0 12 0 0 0 0 0 0 5 85 38 0 0 96 0 0 0 0 0 0 0 0 18 65 58 1 0 64 32 0 0 41 0 60 0 0 0 0 0 0 0 0 18 43 2 0 0 0 0 
0 0 0 0 0 0 0 0 0 0 0 75 25 0 0 0 0 0 0 0 0 0 0 0 0 0 0 14 0 0 18 0 0 0 0 0 70 94 40 0 0 0 72 0 84 0 0 0 0 0 0 0 33 15 0 0 0 0 0 73 0 0 0 0 77 0 0 0 0 0 19 0 0 0 0 94 0 1 0 0 0 0 72 0 0 0 60 0 0 0 0 0 83 60 0 0 0 0 0 0 
0 0 0 0 65 0 0 0 3 0 0 0 0 37 26 0 10 83 0 0 0 0 0 0 21 0 29 0 49 0 0 0 0 0 0 59 74 0 39 0 48 0 0 0 0 0 0 0 0 0 0 0 0 0 0 0 0 0 0 0 0 100 0 84 27 0 0 0 0 2 0 0 16 0 0 0 0 0 0 0 0 0 32 0 0 0 0 0 0 66 0 29 30 0 0 0 0 87 95 3 
0 0 0 27 66 19 73 0 0 0 0 0 0 0 0 0 0 45 0 0 0 0 0 84 0 0 0 0 0 0 76 0 0 0 0 0 0 0 11 0 0 0 0 0 0 0 0 70 0 0 0 0 55 0 0 0 0 0 0 28 0 0 31 0 0 0 34 0 0 0 0 0 20 0 0 88 52 0 91 63 0 0 0 0 21 0 31 0 0 64 61 20 0 0 0 0 82 0 49 0 
0 0 89 0 47 0 0 0 0 36 0 0 0 0 45 41 0 0 0 79 0 0 0 41 93 0 100 0 0 77 0 0 0 0 67 0 0 0 94 0 0 78 0 0 18 0 0 0 0 0 0 31 0 33 87 5 73 0 28 0 92 0 54 0 0 0 0 0 56 0 0 0 0 0 0 0 0 61 49 0 61 77 0 0 76 0 0 0 0 0 0 0 0 0 67 0 53 0 0 0 
0 0 2 0 0 0 0 66 0 0 43 0 0 0 88 0 0 0 0 0 0 0 0 100 90 6 90 0 42 0 0 66 50 0 24 0 0 0 0 97 91 0 0 39 0 0 0 0 100 0 44 0 0 0 0 85 0 0 0 92 0 0 0 0 87 63 36 0 0 0 0 50 38 0 33 0 0 0 67 0 0 0 0 0 0 0 0 0 0 0 30 0 0 0 0 57 37 0 0 0 
0 9 0 0 6 11 10 0 0 0 0 89 0 85 0 0 26 0 0 0 29 0 0 55 0 2 0 0 0 0 0 0 89 0 59 100 24 0 38 0 0 0 0 0 0 0 14 0 0 63 0 14 0 0 0 38 0 100 0 0 0 0 0 25 100 0 37 0 0 0 0 0 0 4 63 40 0 0 0 97 21 0 0 0 0 0 0 75 0 0 0 21 0 0 0 0 0 0 0 0 
0 0 0 0 0 0 0 0 0 0 0 0 37 0 0 0 0 0 84 53 98 0 23 57 0 0 0 93 0 69 0 0 0 0 0 91 0 0 0 0 0 0 18 0 0 0 0 0 33 0 21 0 95 0 0 0 0 0 31 54 0 0 0 59 0 83 0 77 0 92 0 0 62 69 0 0 0 0 0 0 0 0 22 0 17 0 57 0 0 0 0 0 31 0 19 0 0 0 95 0 
0 57 0 3 13 0 0 23 0 0 0 0 0 0 0 99 0 0 0 0 32 0 0 0 0 23 64 0 0 69 33 0 0 56 0 0 18 0 0 0 0 0 0 0 0 67 0 0 76 62 0 59 0 0 0 0 0 84 0 0 0 25 59 0 0 0 0 69 0 0 0 48 0 0 77 0 0 0 0 0 0 0 0 0 89 0 18 0 69 0 39 26 0 40 0 0 0 59 17 0 
0 0 0 26 62 48 0 0 0 0 55 0 0 40 73 0 0 0 0 0 0 0 0 0 0 0 84 0 0 0 9 25 0 39 84 0 0 0 0 0 0 0 33 16 0 0 0 0 26 0 0 0 41 0 0 96 77 27 0 0 87 100 0 0 0 0 0 0 0 0 0 0 83 0 0 0 10 0 26 0 98 60 61 0 2 65 0 0 0 0 0 0 0 0 0 0 0 0 0 0 
0 0 50 27 99 0 95 0 0 0 0 0 0 0 0 58 0 0 81 0 0 27 0 0 0 0 81 0 0 0 0 0 35 0 0 54 38 0 0 0 0 97 0 0 0 0 0 0 0 0 0 86 34 0 0 0 0 0 0 0 63 0 83 0 0 0 0 89 0 0 0 0 0 67 0 0 3 75 0 69 0 0 44 0 0 85 0 51 0 0 0 0 0 0 0 26 0 0 0 0 
59 4 0 0 0 56 0 0 0 0 0 0 56 36 0 16 0 96 0 32 22 12 0 0 87 0 0 85 0 0 0 0 0 0 0 0 0 0 20 0 65 64 24 0 0 0 0 0 0 0 94 0 0 0 9 0 0 0 34 0 36 37 0 0 0 0 0 0 0 0 0 44 0 0 64 0 75 0 94 2 0 0 0 0 0 0 0 28 0 0 0 0 0 0 0 0 0 15 0 0 
0 0 29 0 0 0 0 0 17 98 95 0 15 0 93 0 77 0 0 0 55 0 0 0 0 0 0 0 0 0 0 99 0 0 0 0 37 0 59 0 21 0 0 0 29 90 0 0 0 49 66 9 0 0 60 0 0 0 0 0 0 0 77 69 0 89 0 0 0 0 33 32 76 0 0 0 73 0 0 0 0 0 0 66 0 0 0 78 0 0 0 0 0 0 22 0 98 40 0 0 
0 0 64 0 33 53 28 66 57 60 0 1 0 29 0 0 0 0 15 0 57 0 29 0 0 0 0 0 0 0 49 0 85 0 0 0 86 0 0 0 0 0 79 99 7 56 0 34 0 0 0 14 0 0 0 0 0 0 0 56 0 0 0 0 0 0 0 0 0 83 0 24 0 0 0 0 0 0 0 0 54 0 0 0 0 0 0 0 76 0 0 0 0 0 96 0 97 92 0 75 
0 5 0 66 0 0 0 80 0 0 0 23 0 0 60 0 0 0 0 0 39 0 0 85 0 22 0 0 0 0 0 0 0 0 0 79 0 0 0 0 17 0 17 0 53 0 0 0 0 0 0 0 0 0 0 0 0 2 0 0 0 0 92 0 0 0 0 0 83 0 31 34 0 0 0 0 18 0 0 0 0 0 0 0 11 0 0 0 0 0 63 0 0 0 0 0 0 49 66 0 
0 0 0 0 0 0 0 42 0 96 0 0 0 0 68 3 0 0 0 10 0 59 0 0 0 0 0 0 0 0 0 33 0 0 74 0 79 0 24 0 0 38 59 27 40 0 0 0 0 0 81 0 41 0 0 0 19 0 0 0 0 0 0 0 0 0 0 33 0 31 0 0 0 0 0 75 79 0 0 64 31 0 0 0 0 0 36 9 0 0 0 0 0 0 0 0 0 0 95 94 
0 0 0 0 0 0 0 0 0 0 0 52 0 0 0 0 0 0 0 0 0 0 82 0 0 70 50 3 0 0 0 95 0 0 0 0 0 0 0 0 0 0 16 0 0 0 95 0 0 0 0 0 8 0 0 0 0 0 0 0 50 0 0 48 0 0 44 32 24 34 0 0 0 0 0 26 14 0 0 0 0 0 67 0 0 0 0 40 0 0 0 0 0 0 0 0 12 0 0 59 
78 54 0 0 0 0 40 0 41 0 51 95 0 0 0 0 0 0 29 0 0 0 55 0 85 0 0 0 0 0 53 0 0 0 0 0 0 0 0 28 0 0 0 0 0 0 0 0 0 0 0 0 0 0 0 0 0 16 20 0 38 0 62 0 83 0 0 76 0 0 0 0 0 7 0 0 0 35 0 0 0 0 20 16 83 0 0 58 0 1 0 0 78 35 0 61 0 0 0 0 
0 0 0 0 75 13 0 0 0 0 0 62 0 69 93 10 99 0 0 0 0 42 0 0 76 0 8 0 0 0 83 53 8 0 0 0 0 0 0 0 0 85 76 100 0 59 85 0 70 0 0 0 0 0 0 18 0 0 0 0 0 4 69 0 0 67 0 0 0 0 0 0 7 0 0 0 0 0 0 0 0 0 0 0 0 0 6 0 0 64 0 24 25 0 0 0 0 0 0 0 
0 28 0 11 28 0 44 0 0 0 0 0 0 0 0 0 0 0 0 0 0 0 0 0 0 70 63 0 0 0 96 78 0 0 0 0 0 41 17 0 0 0 0 0 0 56 2 0 0 0 0 0 0 0 0 65 0 0 0 0 33 63 0 77 0 0 64 0 0 0 0 0 0 0 0 0 0 0 44 0 0 0 0 0 0 23 67 0 0 34 0 0 81 0 0 0 71 93 93 0 
0 62 0 0 0 100 61 0 0 0 0 0 85 18 0 0 13 0 0 19 0 70 0 0 0 0 0 0 0 53 0 0 0 0 0 3 0 91 0 43 0 98 0 0 0 0 0 0 0 51 0 0 76 0 96 58 94 0 88 0 0 40 0 0 0 0 0 0 0 0 75 26 0 0 0 0 12 0 0 16 0 65 0 0 0 0 0 0 0 0 0 0 10 0 49 26 93 0 7 0 
0 0 0 0 0 0 0 73 0 0 97 0 0 67 50 62 0 59 36 67 0 0 0 0 0 96 0 0 0 0 85 59 0 0 75 0 0 0 0 0 0 0 0 0 0 65 0 0 0 67 0 0 0 0 86 1 0 0 52 0 0 0 0 0 10 3 75 73 0 18 79 14 0 0 0 12 0 0 0 0 100 0 0 0 0 0 0 0 46 0 0 85 0 9 21 0 0 0 0 0 
41 0 0 52 0 0 0 0 0 0 0 9 97 0 95 0 0 0 0 74 0 0 0 0 0 48 0 0 0 0 0 0 0 96 0 0 0 0 81 0 0 0 0 0 0 0 0 0 67 0 46 0 11 0 0 0 1 0 0 61 0 0 0 0 0 75 0 0 0 0 0 0 35 0 0 0 0 0 0 64 0 0 0 0 0 0 0 0 0 0 0 0 0 0 90 0 8 70 44 0 
0 0 0 0 0 0 23 15 0 0 35 0 0 79 0 0 0 0 0 48 0 0 81 0 0 0 8 76 0 0 0 0 0 93 80 7 0 0 61 0 51 0 30 0 0 68 0 0 0 91 0 0 36 0 0 64 0 0 91 49 67 0 0 0 26 0 94 0 0 0 0 0 0 0 44 0 0 0 0 0 0 0 15 0 0 57 0 0 0 43 37 0 44 0 0 0 0 0 0 0 
84 0 0 0 48 61 0 4 0 0 29 0 0 7 44 0 31 0 0 0 0 0 73 0 0 0 55 0 91 0 0 0 0 0 0 0 0 0 0 0 32 0 0 0 0 0 76 0 0 37 0 27 90 0 0 32 0 0 63 0 0 97 0 0 0 69 2 0 0 0 64 0 0 0 0 16 0 64 0 0 56 0 0 30 0 99 0 0 0 0 0 0 0 0 10 0 0 63 0 36 
0 0 79 74 0 0 0 0 0 0 0 0 0 0 0 97 0 66 87 0 0 0 88 37 0 0 0 0 25 0 0 26 59 0 0 0 0 0 0 0 0 0 0 0 0 0 0 0 0 0 0 0 0 0 24 0 0 0 0 61 0 21 0 0 98 0 0 0 54 0 31 0 0 0 0 0 100 0 0 56 0 0 0 88 0 66 0 40 0 9 0 80 0 92 0 0 0 0 0 0 
0 0 0 0 0 0 42 86 0 0 0 0 0 0 0 0 0 16 0 0 0 57 0 0 0 42 0 98 91 0 0 0 0 0 84 0 0 97 0 61 91 0 0 77 0 0 0 0 0 0 0 0 50 0 54 0 0 0 0 77 0 0 0 0 60 0 0 0 0 0 0 0 0 0 0 65 0 0 0 0 0 0 0 0 39 0 46 6 0 0 45 0 0 0 0 0 95 0 0 0 
74 0 0 5 0 0 0 53 0 0 98 0 0 52 0 68 0 97 69 0 0 0 0 0 0 49 72 0 73 0 0 67 29 0 0 0 0 0 0 0 0 0 13 0 100 0 0 0 0 69 0 0 0 0 0 41 72 32 0 0 0 0 22 0 61 44 0 0 0 0 0 67 20 0 0 0 0 0 15 0 0 0 0 0 91 0 16 4 23 40 0 0 0 0 0 0 0 0 0 0 
1 33 0 45 41 0 0 0 0 80 0 0 0 0 42 0 54 0 0 0 0 0 0 0 0 0 0 43 0 15 0 0 0 0 0 0 0 0 0 57 0 0 0 0 0 0 95 2 0 42 0 0 34 33 0 0 0 0 0 0 0 0 0 0 0 0 0 66 0 0 0 0 16 0 0 0 0 0 0 30 88 0 0 0 0 0 0 93 0 0 0 0 96 0 0 0 0 13 0 0 
0 7 92 9 27 0 0 87 0 75 31 0 0 0 0 0 0 0 33 0 0 5 0 0 0 0 0 0 0 0 0 0 0 59 0 0 0 0 0 29 67 0 0 0 0 0 0 96 14 0 0 0 0 0 0 60 0 0 21 76 0 0 17 89 2 0 0 0 0 11 0 0 83 0 0 0 0 0 0 0 0 39 91 0 0 93 25 4 0 0 0 17 0 0 0 0 0 0 0 0 
5 0 0 0 91 0 57 0 0 50 67 0 0 0 34 0 0 67 0 0 51 0 29 56 0 0 76 88 0 0 0 16 0 0 0 0 5 0 0 0 0 0 0 0 0 0 0 0 24 0 62 0 0 0 0 0 0 0 0 0 0 0 0 0 65 85 0 0 0 0 0 0 0 0 23 0 0 0 57 99 66 0 0 0 93 0 48 54 0 0 0 29 0 0 0 0 30 0 0 0 
88 0 0 85 0 12 0 0 0 0 0 17 0 0 0 0 47 0 1 0 0 0 0 0 0 0 0 0 2 70 0 70 0 0 0 0 4 17 0 0 0 6 12 0 85 0 0 0 0 93 0 91 0 0 0 0 60 0 31 0 0 0 57 18 0 0 0 0 0 0 36 0 0 6 67 0 0 0 0 0 0 46 16 0 25 48 0 0 97 0 0 0 87 0 0 96 0 0 0 0 
0 39 72 0 0 0 0 0 2 0 0 83 0 0 0 94 0 0 23 0 0 0 0 0 43 37 0 0 0 0 0 0 94 0 0 0 0 0 0 65 0 88 0 43 0 0 0 82 0 0 0 0 34 85 0 0 0 0 0 0 0 75 0 0 0 51 28 78 0 0 9 40 58 0 0 0 0 0 0 0 40 6 4 93 4 54 0 0 0 33 0 0 0 0 0 11 0 0 0 0 
0 0 14 0 39 0 0 0 0 0 0 0 8 0 0 84 0 0 0 0 0 1 0 0 91 65 0 66 67 0 0 0 0 0 6 0 0 0 0 0 10 0 89 0 0 47 0 0 0 0 0 0 0 0 0 0 0 0 0 0 0 0 0 69 0 0 0 0 76 0 0 0 0 0 0 0 46 0 0 0 0 0 23 0 0 0 97 0 0 0 0 38 0 0 0 0 0 0 0 0 
0 0 0 0 0 0 0 15 1 80 0 0 0 85 0 0 0 0 8 91 0 3 93 59 42 0 0 0 0 92 48 0 0 0 39 0 30 0 0 0 37 0 0 0 0 0 0 0 0 0 0 58 75 0 0 0 0 66 64 0 0 0 0 0 0 0 0 0 0 0 0 0 1 64 34 0 0 0 43 0 9 0 40 0 0 0 0 33 0 0 0 9 0 32 0 0 0 74 6 0 
0 0 0 0 0 18 0 0 59 47 57 0 0 0 0 0 0 0 0 73 85 15 87 0 0 0 0 0 0 0 75 0 92 0 39 64 4 0 0 75 0 33 0 0 0 2 0 75 25 0 68 31 77 0 0 0 0 0 61 0 30 0 0 39 0 0 0 0 0 63 0 0 0 0 0 0 0 0 37 0 0 45 0 0 0 0 0 0 0 0 0 0 86 0 91 0 0 10 0 0 
0 90 0 0 0 11 0 0 0 0 0 0 66 0 76 0 0 55 0 0 0 0 0 16 0 0 0 0 0 0 0 88 0 0 0 0 0 0 0 63 97 83 59 0 1 0 0 0 60 0 83 0 0 0 0 0 0 29 20 0 0 21 0 26 0 0 0 0 0 0 0 0 0 24 0 0 85 0 0 0 80 0 0 0 17 29 0 0 38 9 0 0 0 0 0 94 0 0 0 45 
0 0 0 75 0 0 0 83 0 12 91 64 5 0 42 0 0 0 87 0 0 53 0 0 0 0 0 0 65 0 0 0 0 0 0 0 0 0 0 38 0 0 0 0 46 39 0 0 0 15 0 0 0 0 90 0 83 30 0 0 0 0 31 0 0 0 0 0 0 0 0 0 78 25 81 10 0 0 44 0 0 0 0 96 0 0 87 0 0 0 86 0 0 0 0 0 64 0 0 0 
0 43 0 0 0 0 29 89 48 0 0 0 65 0 0 94 0 0 0 0 0 0 0 0 0 0 0 73 86 0 0 0 62 73 0 63 0 0 0 0 0 0 0 0 0 0 69 0 88 25 0 68 0 65 0 18 60 0 0 0 0 0 0 40 0 0 0 0 0 0 0 0 35 0 0 0 9 0 0 0 92 0 0 0 0 0 0 0 0 32 0 0 0 0 68 0 0 0 0 0 
93 6 0 0 87 0 73 0 0 0 0 0 97 0 0 48 47 80 16 0 48 100 0 0 0 0 0 0 0 0 0 0 0 0 0 0 0 8 26 0 0 68 0 0 18 0 21 0 0 0 73 4 0 0 0 43 0 0 0 67 0 0 19 0 0 0 0 22 96 0 0 0 0 0 0 49 21 90 0 10 0 0 0 0 0 0 0 0 0 0 91 0 0 68 0 0 0 74 0 0 
0 55 0 56 0 85 0 0 0 0 0 54 0 52 47 0 0 81 97 0 0 46 0 25 0 0 0 0 0 0 0 0 0 0 21 0 0 79 0 0 41 82 0 0 0 0 0 91 0 0 80 0 0 0 27 2 0 0 0 0 57 0 0 0 0 26 0 0 0 0 0 0 61 0 0 26 0 0 0 0 0 0 0 0 0 0 96 11 0 0 0 94 0 0 0 0 0 0 0 0 
0 0 57 0 67 60 0 0 0 0 94 8 0 0 97 72 0 12 0 0 0 0 0 0 59 0 0 0 4 0 0 0 0 63 0 72 0 0 0 5 0 0 0 0 0 0 37 0 0 0 96 0 95 0 0 0 0 0 82 53 37 0 0 0 0 0 0 98 97 0 0 12 0 0 71 93 0 8 0 0 0 95 0 0 0 30 0 0 0 0 0 0 64 0 0 0 0 34 0 71 
22 0 28 0 0 0 49 0 0 0 0 25 31 0 0 0 0 0 40 0 94 68 0 0 0 94 0 0 0 0 29 29 0 41 0 0 0 0 0 8 0 0 62 0 0 0 1 37 0 0 0 0 0 0 0 0 0 87 0 0 0 0 0 59 0 0 15 40 92 49 0 0 0 0 93 0 0 70 0 63 0 0 0 13 0 0 0 0 0 74 10 0 0 0 74 0 34 0 0 0 
0 1 0 0 0 0 42 72 0 0 0 0 24 0 0 26 0 51 0 0 0 58 0 0 0 0 0 43 0 0 0 0 0 30 0 50 0 0 0 0 0 0 0 0 0 0 0 37 0 37 0 17 0 55 27 0 0 95 49 0 0 0 95 17 0 0 0 0 0 66 95 0 0 0 93 7 0 44 0 0 0 0 0 0 0 0 0 0 0 6 0 0 0 0 0 0 0 0 0 0 
0 0 0 0 0 80 76 14 17 0 0 98 7 0 0 0 61 0 3 0 45 0 0 0 0 0 59 0 0 10 0 54 0 87 1 0 0 87 0 0 0 0 0 0 0 0 0 40 0 0 0 0 0 0 0 0 0 3 0 0 0 0 0 0 0 0 0 0 75 0 94 59 0 0 0 0 0 0 0 36 0 0 0 0 0 0 0 0 0 0 0 45 0 0 0 0 71 0 0 0 
