0 34 56 42 66 35 6 36 33 95 48 0 5 53 25 61 1 23 73 24 0 0 18 6 50 75 86 42 22 3 89 30 0 22 0 0 30 10 0 0 6 0 11 0 12 60 69 50 1 31 41 0 50 75 0 61 56 0 44 47 0 92 54 90 0 0 44 71 32 46 60 66 73 14 61 0 72 17 80 0 59 21 50 70 7 39 44 0 28 0 82 56 0 84 73 43 0 73 94 0 
34 0 77 42 72 74 89 7 51 24 19 30 20 1 44 0 49 9 42 13 92 62 0 96 36 1 19 99 81 72 93 93 74 0 71 73 83 67 0 2 14 0 70 37 12 70 51 0 64 72 15 54 0 45 32 1 0 0 31 70 29 48 98 45 19 55 56 21 71 5 46 74 82 81 59 0 99 90 23 94 59 48 52 7 99 0 8 62 66 77 33 0 0 5 87 20 26 29 73 22 
56 77 0 0 82 0 45 58 0 0 42 65 0 46 1 5 0 79 0 64 14 23 68 33 55 0 49 8 82 0 77 45 8 100 23 47 59 88 0 25 97 43 72 86 98 49 86 0 16 0 70 39 0 72 6 67 73 54 97 16 62 71 22 18 90 14 0 64 0 43 69 23 95 40 8 56 24 25 52 0 0 0 98 90 40 27 0 18 12 56 30 99 0 41 0 87 21 2 11 0 
42 42 0 0 3 0 0 50 88 14 73 4 42 77 21 85 0 94 61 0 38 79 5 82 45 34 16 12 79 30 55 0 30 0 0 24 0 0 0 16 56 16 39 20 88 31 0 0 87 39 62 17 73 50 55 0 13 65 0 27 91 74 97 0 90 99 30 12 16 55 0 0 89 0 0 32 51 3 92 78 0 69 0 86 81 28 65 48 40 46 95 2 0 0 55 22 64 96 0 15 
66 72 82 3 0 46 0 0 67 56 13 40 39 33 51 7 30 88 45 8 23 75 33 42 0 70 0 80 67 56 92 36 53 17 39 0 76 66 97 0 23 41 85 100 51 42 60 67 0 50 83 43 89 89 71 94 73 65 46 69 0 30 62 44 41 0 82 23 80 12 97 57 0 0 40 81 0 99 0 39 0 56 87 80 20 0 25 51 19 24 30 0 11 10 40 62 0 0 50 0 
35 74 0 0 46 0 70 78 83 9 0 82 100 79 0 41 40 61 74 35 52 69 48 66 13 27 30 0 0 5 91 52 88 1 55 83 36 0 0 21 0 98 21 60 65 95 0 34 77 0 0 53 39 21 9 30 10 0 29 0 28 13 0 47 69 91 81 0 19 2 69 8 0 0 0 0 60 4 56 66 29 0 52 0 0 34 0 44 90 14 44 6 0 29 21 0 83 9 21 0 
6 89 45 0 0 70 0 9 85 78 74 9 33 78 44 66 100 61 22 84 54 75 0 91 91 35 5 59 52 24 47 52 38 13 84 15 0 58 0 37 52 75 27 0 57 85 4 31 16 22 77 40 67 3 21 76 0 32 3 83 43 59 32 0 17 0 29 0 41 73 64 43 0 24 14 79 72 44 0 38 23 59 0 0 94 0 81 52 11 0 24 0 28 3 0 47 0 27 87 29 
36 7 58 50 0 78 9 0 85 86 67 92 68 9 45 78 67 77 22 60 64 33 0 100 98 87 76 30 0 91 27 57 63 51 72 12 44 86 21 7 8 65 48 66 38 81 46 64 38 66 24 8 33 44 45 52 45 99 91 12 5 64 76 30 30 23 63 0 21 78 0 32 0 62 11 88 64 0 63 29 6 19 23 41 6 18 0 95 79 69 38 96 15 66 68 33 74 0 62 90 
33 51 0 88 67 83 85 85 0 51 0 26 77 0 36 86 66 39 4 35 40 90 29 75 43 0 8 85 51 3 57 41 37 28 72 1 58 0 49 0 0 58 70 4 93 96 68 40 59 7 68 54 0 48 53 3 30 67 36 0 18 50 7 50 9 36 44 34 17 0 93 8 28 55 20 65 0 65 0 4 27 30 56 71 45 19 82 0 68 68 45 73 96 61 79 0 98 0 23 97 
95 24 0 14 56 9 78 86 51 0 7 9 64 43 0 27 0 39 50 0 64 10 86 88 69 90 68 0 69 88 0 0 87 0 0 77 96 34 14 97 72 82 27 76 43 59 51 91 5 34 38 0 0 58 56 73 0 94 0 22 53 0 9 10 0 0 37 0 12 63 26 33 94 30 91 91 31 59 0 93 0 95 0 27 19 48 84 94 45 38 78 78 66 8 44 0 78 0 51 8 
48 19 42 73 13 0 74 67 0 7 0 100 0 8 10 21 91 90 78 65 29 76 0 32 45 28 0 55 22 8 44 20 52 0 58 7 51 58 83 0 57 11 29 0 1 68 52 40 87 0 72 50 49 82 1 61 10 78 0 8 41 37 0 86 0 74 52 35 17 65 0 0 0 76 4 5 6 90 0 33 78 42 5 0 23 25 0 20 61 90 20 13 42 66 63 29 80 91 29 71 
0 30 65 4 40 82 9 92 26 9 100 0 0 10 79 0 23 72 25 90 75 51 92 95 43 53 0 2 0 42 67 54 59 30 59 90 82 38 45 0 6 12 0 0 80 41 0 82 2 15 70 0 56 72 0 0 57 0 98 0 37 56 59 0 31 0 83 9 63 42 90 49 82 50 87 1 74 88 25 21 0 41 53 79 20 21 86 87 38 89 30 0 3 85 98 54 90 44 98 89 
5 20 0 42 39 100 33 68 77 64 0 0 0 23 59 12 4 74 9 0 82 44 69 93 53 0 6 0 73 92 0 68 78 7 9 88 64 4 71 69 30 0 57 11 56 59 71 88 5 55 9 45 17 49 48 1 87 52 24 50 60 0 77 90 66 2 84 29 90 19 0 34 81 0 13 94 37 87 0 54 11 0 54 80 86 68 68 0 40 14 33 64 49 32 74 0 74 27 55 97 
53 1 46 77 33 79 78 9 0 43 8 10 23 0 80 53 24 32 94 0 59 41 40 77 17 36 62 56 10 0 74 0 58 20 75 100 22 90 58 10 57 30 79 98 14 9 31 32 38 74 16 62 0 0 81 56 0 0 0 58 31 69 34 80 0 54 75 65 78 93 0 71 84 0 85 65 0 5 5 17 80 85 67 0 98 56 14 91 25 84 32 50 0 27 29 29 46 57 21 53 
25 44 1 21 51 0 44 45 36 0 10 79 59 80 0 0 32 0 0 7 81 20 26 0 92 4 0 46 64 64 7 44 0 92 10 9 53 98 0 78 0 0 32 44 95 22 0 0 57 63 96 60 86 35 75 100 89 89 0 19 23 88 15 0 62 10 0 0 48 19 0 17 6 67 96 15 59 88 0 99 0 2 26 47 77 94 83 0 9 0 0 12 65 60 41 0 52 49 56 10 
61 0 5 85 7 41 66 78 86 27 21 0 12 53 0 0 18 0 23 62 69 74 60 78 0 0 2 93 39 99 81 20 73 3 0 69 27 33 82 25 70 0 20 30 3 44 0 12 90 99 51 18 0 64 56 89 60 4 32 9 92 7 0 0 18 55 81 0 0 87 78 12 74 47 37 0 0 69 38 0 10 53 87 28 11 45 2 55 74 48 0 38 40 30 0 80 90 0 29 39 
1 49 0 0 30 40 100 67 66 0 91 23 4 24 32 18 0 4 87 18 62 42 70 0 28 70 83 0 0 36 37 38 26 94 90 63 95 79 81 0 0 0 47 12 2 0 3 15 55 18 0 0 22 31 97 95 61 0 80 0 8 0 61 0 20 97 6 0 2 11 15 89 0 0 45 64 28 70 1 0 49 46 47 88 58 84 18 22 0 25 31 94 67 88 81 0 36 95 46 10 
23 9 79 94 88 61 61 77 39 39 90 72 74 32 0 0 4 0 0 37 17 87 2 0 85 6 81 0 51 0 0 0 21 0 91 38 49 7 41 0 62 100 85 32 48 9 69 0 94 43 61 31 52 79 93 69 69 74 84 75 48 76 67 73 82 28 18 21 45 6 0 99 27 49 67 81 22 24 31 61 36 49 0 43 16 97 0 0 5 9 1 56 90 95 0 2 86 0 0 0 
73 42 0 61 45 74 22 22 4 50 78 25 9 94 0 23 87 0 0 82 0 95 6 50 45 98 55 4 84 56 8 13 94 77 89 38 100 12 63 34 95 49 67 46 13 86 0 72 0 68 77 95 85 82 67 0 100 0 55 73 0 6 33 90 75 39 0 0 85 90 0 66 56 85 17 38 0 27 49 0 99 46 33 3 16 79 20 0 0 0 43 98 96 0 0 76 62 54 26 47 
24 13 64 0 8 35 84 60 35 0 65 90 0 0 7 62 18 37 82 0 88 42 5 97 100 60 0 46 97 28 78 26 57 20 30 92 56 31 25 27 0 5 9 71 46 70 5 71 0 55 97 21 3 23 100 94 52 97 48 42 62 14 5 0 0 60 87 18 80 96 0 26 38 42 62 66 81 100 57 78 58 44 50 38 8 45 46 1 55 58 60 4 46 0 13 87 91 0 34 55 
0 92 14 38 23 52 54 64 40 64 29 75 82 59 81 69 62 17 0 88 0 94 53 68 92 56 55 20 0 56 20 67 71 9 88 67 90 23 29 45 48 85 95 75 48 98 79 91 79 59 16 61 27 16 66 0 79 6 0 90 0 0 17 29 24 55 51 45 66 56 2 20 36 25 24 26 54 37 0 47 0 90 47 30 2 27 45 98 76 37 58 8 58 8 15 74 49 7 56 63 
0 62 23 79 75 69 75 33 90 10 76 51 44 41 20 74 42 87 95 42 94 0 77 29 31 64 30 21 67 10 9 73 86 57 47 0 14 35 37 64 93 25 1 0 48 9 75 10 4 32 32 89 65 78 75 64 51 66 34 77 49 87 62 41 98 22 0 52 27 2 24 28 81 12 95 0 61 46 71 94 43 0 79 92 54 51 0 6 93 1 16 25 37 98 0 11 0 92 54 87 
18 0 68 5 33 48 0 0 29 86 0 92 69 40 26 60 70 2 6 5 53 77 0 0 9 71 83 73 51 49 2 12 50 62 71 66 16 74 47 71 67 83 31 0 41 93 0 58 90 83 5 5 5 52 6 45 0 0 0 0 67 98 14 0 69 22 8 81 46 69 60 29 55 75 31 45 90 100 57 97 44 22 36 70 0 0 22 0 16 65 87 53 0 78 0 61 0 82 29 0 
6 96 33 82 42 66 91 100 75 88 32 95 93 77 0 78 0 0 50 97 68 29 0 0 15 0 22 53 14 18 80 0 55 65 98 76 68 2 55 92 0 0 0 0 84 63 22 100 100 50 28 40 79 0 94 74 61 33 80 55 58 47 0 36 24 62 27 0 95 29 66 90 0 23 86 25 22 74 75 0 34 64 75 6 0 96 56 31 73 0 94 2 72 0 85 67 81 69 8 31 
50 36 55 45 0 13 91 98 43 69 45 43 53 17 92 0 28 85 45 100 92 31 9 15 0 58 44 5 80 97 56 9 77 82 9 58 35 21 18 88 90 70 87 20 38 0 71 12 38 16 84 44 17 7 56 0 99 0 0 0 85 77 0 57 7 14 94 6 73 3 70 99 28 3 24 0 0 29 74 0 0 24 35 5 30 66 88 13 0 15 97 71 12 19 96 100 13 100 18 85 
75 1 0 34 70 27 35 87 0 90 28 53 0 36 4 0 70 6 98 60 56 64 71 0 58 0 99 0 71 3 28 5 0 18 35 63 97 58 0 0 88 11 12 32 24 7 34 0 0 7 4 3 6 30 6 79 74 60 45 35 94 38 53 0 67 49 0 47 78 0 0 73 29 3 0 58 43 34 77 41 13 53 30 21 38 2 0 54 0 0 33 90 53 48 93 65 13 76 45 47 
86 19 49 16 0 30 5 76 8 68 0 0 6 62 0 2 83 81 55 0 55 30 83 22 44 99 0 25 55 22 90 73 88 81 78 48 48 44 64 92 6 24 38 0 20 0 0 0 0 98 51 89 15 22 8 38 27 32 36 94 24 1 83 14 81 36 17 50 69 95 61 18 36 86 14 63 48 44 0 25 63 68 45 2 2 0 64 0 81 88 67 77 28 2 68 95 22 47 84 30 
42 99 8 12 80 0 59 30 85 0 55 2 0 56 46 93 0 0 4 46 20 21 73 53 5 0 25 0 14 0 15 62 0 43 13 45 29 32 59 51 0 98 57 18 18 5 7 31 32 66 89 0 96 24 17 70 0 26 65 3 15 63 92 10 75 59 11 9 88 26 70 28 0 51 46 49 14 41 83 80 96 72 35 45 71 30 13 89 69 0 2 58 70 0 13 0 44 0 0 75 
22 81 82 79 67 0 52 0 51 69 22 0 73 10 64 39 0 51 84 97 0 67 51 14 80 71 55 14 0 57 44 94 75 35 63 59 21 78 13 20 8 34 82 0 92 100 83 72 43 54 55 80 10 10 90 34 32 47 73 49 40 0 2 54 3 65 75 2 56 39 97 0 74 0 17 44 5 0 0 71 0 39 22 76 36 0 83 24 14 40 64 0 0 50 86 0 74 40 7 72 
3 72 0 30 56 5 24 91 3 88 8 42 92 0 64 99 36 0 56 28 56 10 49 18 97 3 22 0 57 0 34 53 24 0 9 0 82 15 62 70 30 77 0 22 85 56 91 0 6 56 0 35 0 71 0 0 25 77 0 0 0 45 59 0 74 0 30 80 66 48 0 0 30 40 83 99 1 81 44 82 17 61 65 63 40 28 96 49 88 49 30 0 42 40 62 46 13 22 94 99 
89 93 77 55 92 91 47 27 57 0 44 67 0 74 7 81 37 0 8 78 20 9 2 80 56 28 90 15 44 34 0 72 23 73 44 100 26 34 75 0 12 0 15 0 94 23 99 0 68 81 94 0 0 8 26 78 19 33 25 0 0 13 46 82 68 48 0 26 37 80 0 23 3 0 90 17 100 78 99 91 46 43 63 44 17 0 0 16 88 39 84 17 21 83 0 23 33 18 0 86 
30 93 45 0 36 52 52 57 41 0 20 54 68 0 44 20 38 0 13 26 67 73 12 0 9 5 73 62 94 53 72 0 91 83 67 62 82 83 27 71 5 23 10 6 77 0 80 46 0 0 25 11 71 95 71 31 0 0 0 16 30 43 48 4 0 75 45 0 13 84 69 84 98 75 54 15 35 34 99 0 51 15 95 67 28 30 57 64 83 17 83 99 43 73 29 93 80 97 0 89 
0 74 8 30 53 88 38 63 37 87 52 59 78 58 0 73 26 21 94 57 71 86 50 55 77 0 88 0 75 24 23 91 0 96 31 0 0 35 64 0 89 83 89 0 8 41 17 25 0 53 89 31 1 25 11 83 65 49 26 20 77 77 37 0 99 9 43 86 20 23 75 40 8 37 1 19 55 0 25 85 56 54 0 17 2 0 79 97 78 21 98 88 16 39 96 33 43 36 30 0 
22 0 100 0 17 1 13 51 28 0 0 30 7 20 92 3 94 0 77 20 9 57 62 65 82 18 81 43 35 0 73 83 96 0 73 0 59 0 10 82 92 74 77 59 89 87 30 6 6 3 40 86 0 0 0 10 51 84 94 95 0 22 75 79 69 0 78 94 69 32 0 89 93 50 17 21 20 98 38 13 91 85 66 61 0 58 55 80 0 58 93 64 0 0 48 62 6 78 87 0 
0 71 23 0 39 55 84 72 72 0 58 59 9 75 10 0 90 91 89 30 88 47 71 98 9 35 78 13 63 9 44 67 31 73 0 19 93 38 16 39 0 16 48 0 29 0 77 65 81 82 0 44 47 0 50 94 5 67 0 37 0 50 37 0 34 0 43 89 70 49 17 66 32 0 22 0 0 44 31 47 14 40 95 0 89 57 31 37 0 18 15 95 0 0 48 0 94 9 17 50 
0 73 47 24 0 83 15 12 1 77 7 90 88 100 9 69 63 38 38 92 67 0 66 76 58 63 48 45 59 0 100 62 0 0 19 0 66 33 0 30 49 87 41 11 81 19 0 81 26 15 20 36 45 72 42 5 35 12 0 37 58 66 29 100 9 93 68 3 71 29 53 97 84 86 69 88 40 71 93 82 43 93 11 26 46 15 91 14 26 24 0 58 34 30 0 72 86 88 42 39 
30 83 59 0 76 36 0 44 58 96 51 82 64 22 53 27 95 49 100 56 90 14 16 68 35 97 48 29 21 82 26 82 0 59 93 66 0 8 14 91 83 0 54 43 42 49 20 95 0 0 56 0 51 15 86 91 72 8 22 49 44 64 41 77 10 55 76 23 43 11 72 0 11 0 56 48 0 99 64 0 43 85 73 0 36 0 79 77 10 74 21 30 0 70 55 3 67 63 34 32 
10 67 88 0 66 0 58 86 0 34 58 38 4 90 98 33 79 7 12 31 23 35 74 2 21 58 44 32 78 15 34 83 35 0 38 33 8 0 58 28 5 0 35 75 0 27 0 57 20 86 0 57 82 94 35 0 5 31 55 21 0 85 0 0 4 20 65 52 73 74 82 0 0 49 11 43 27 52 46 67 81 98 0 52 100 81 76 49 54 67 13 59 47 0 93 55 15 52 22 46 
0 0 0 0 97 0 0 21 49 14 83 45 71 58 0 82 81 41 63 25 29 37 47 55 18 0 64 59 13 62 75 27 64 10 16 0 14 58 0 81 0 6 0 50 76 100 0 0 0 55 0 0 0 0 41 40 20 22 17 14 67 42 9 15 91 21 76 40 37 60 6 12 100 24 28 45 1 100 50 43 79 5 0 67 37 84 0 49 52 21 71 94 0 52 17 53 0 85 78 0 
0 2 25 16 0 21 37 7 0 97 0 0 69 10 78 25 0 0 34 27 45 64 71 92 88 0 92 51 20 70 0 71 0 82 39 30 91 28 81 0 52 14 0 0 45 20 54 24 2 55 0 0 27 72 0 69 93 17 29 0 14 50 20 34 94 24 63 0 0 70 73 60 0 94 15 52 0 14 0 0 10 48 68 0 80 44 91 39 0 62 44 12 14 50 90 27 45 52 0 0 
6 14 97 56 23 0 52 8 0 72 57 6 30 57 0 70 0 62 95 0 48 93 67 0 90 88 6 0 8 30 12 5 89 92 0 49 83 5 0 52 0 0 56 8 87 0 6 98 0 0 90 0 1 0 16 15 28 76 0 0 50 25 72 0 77 0 85 0 61 36 0 0 1 51 0 21 0 0 13 0 68 58 0 0 99 0 79 0 0 0 76 93 58 69 24 25 34 21 0 73 
0 0 43 16 41 98 75 65 58 82 11 12 0 30 0 0 0 100 49 5 85 25 83 0 70 11 24 98 34 77 0 23 83 74 16 87 0 0 6 14 0 0 54 0 44 24 39 85 71 40 78 49 73 88 0 0 21 39 25 64 42 1 96 18 5 52 75 25 1 60 90 54 64 60 9 53 54 56 0 85 21 14 51 0 3 82 32 99 0 83 7 96 75 47 0 68 0 43 0 0 
11 70 72 39 85 21 27 48 70 27 29 0 57 79 32 20 47 85 67 9 95 1 31 0 87 12 38 57 82 0 15 10 89 77 48 41 54 35 0 0 56 54 0 51 0 96 0 63 30 43 83 89 42 17 0 21 61 12 75 19 40 15 85 94 82 52 99 13 57 19 29 15 51 25 84 31 0 74 0 94 53 0 24 27 1 68 23 28 32 15 13 7 67 80 46 57 68 69 44 20 
0 37 86 20 100 60 0 66 4 76 0 0 11 98 44 30 12 32 46 71 75 0 0 0 20 32 0 18 0 22 0 6 0 59 0 11 43 75 50 0 8 0 51 0 13 0 9 98 0 0 46 53 72 0 78 75 48 47 95 0 98 63 23 89 90 30 39 32 56 12 50 68 6 59 63 78 32 0 15 19 66 41 84 39 57 0 10 30 0 16 53 27 29 96 100 42 94 0 15 66 
12 12 98 88 51 65 57 38 93 43 1 80 56 14 95 3 2 48 13 46 48 48 41 84 38 24 20 18 92 85 94 77 8 89 29 81 42 0 76 45 87 44 0 13 0 27 23 54 68 57 15 88 17 41 0 70 0 73 19 75 52 19 4 81 26 0 94 98 35 0 92 91 0 12 12 49 68 0 15 68 35 30 75 54 98 9 84 24 61 1 53 14 14 56 0 83 95 87 68 3 
60 70 49 31 42 95 85 81 96 59 68 41 59 9 22 44 0 9 86 70 98 9 93 63 0 7 0 5 100 56 23 0 41 87 0 19 49 27 100 20 0 24 96 0 27 0 41 77 57 2 39 0 87 14 0 34 78 0 0 12 23 69 0 49 46 0 79 26 71 97 97 90 56 77 44 35 81 98 100 63 86 41 38 59 35 13 1 88 0 93 10 62 36 93 46 2 12 38 0 77 
69 51 86 0 60 0 4 46 68 51 52 0 71 31 0 0 3 69 0 5 79 75 0 22 71 34 0 7 83 91 99 80 17 30 77 0 20 0 0 54 6 39 0 9 23 41 0 0 0 59 94 63 88 22 42 90 86 66 0 15 0 1 70 0 13 71 50 75 0 7 0 0 16 14 60 70 89 9 29 5 18 55 14 98 43 0 97 23 0 32 83 57 41 0 0 12 48 11 79 98 
50 0 0 0 67 34 31 64 40 91 40 82 88 32 0 12 15 0 72 71 91 10 58 100 12 0 0 31 72 0 0 46 25 6 65 81 95 57 0 24 98 85 63 98 54 77 0 0 100 0 88 94 73 54 21 27 0 98 0 0 38 5 12 23 99 34 30 0 84 97 64 36 93 36 0 61 23 29 0 0 10 74 63 53 46 45 33 7 81 25 63 23 68 81 68 48 0 84 0 76 
1 64 16 87 0 77 16 38 59 5 87 2 5 38 57 90 55 94 0 0 79 4 90 100 38 0 0 32 43 6 68 0 0 6 81 26 0 20 0 2 0 71 30 0 68 57 0 100 0 70 77 73 20 0 29 26 31 6 36 28 0 86 29 24 81 63 0 0 0 0 0 0 0 33 0 25 0 17 13 90 100 100 32 97 99 37 59 92 2 0 14 46 3 22 85 32 0 12 100 15 
31 72 0 39 50 0 22 66 7 34 0 15 55 74 63 99 18 43 68 55 59 32 83 50 16 7 98 66 54 56 81 0 53 3 82 15 0 86 55 55 0 40 43 0 57 2 59 0 70 0 88 88 77 26 17 0 92 78 28 74 65 0 15 67 14 59 17 67 66 46 63 19 14 0 79 30 39 35 83 0 75 19 0 27 66 77 10 39 0 30 0 36 6 5 16 39 0 88 100 59 
41 15 70 62 83 0 77 24 68 38 72 70 9 16 96 51 0 61 77 97 16 32 5 28 84 4 51 89 55 0 94 25 89 40 0 20 56 0 0 0 90 78 83 46 15 39 94 88 77 88 0 0 3 20 58 22 41 80 0 96 32 10 0 72 43 61 1 88 60 61 0 19 26 19 51 86 55 1 1 92 0 0 65 68 73 75 23 0 56 97 70 85 84 58 81 34 35 40 34 67 
0 54 39 17 43 53 40 8 54 0 50 0 45 62 60 18 0 31 95 21 61 89 5 40 44 3 89 0 80 35 0 11 31 86 44 36 0 57 0 0 0 49 89 53 88 0 63 94 73 88 0 0 76 77 60 82 18 0 0 77 97 42 0 46 41 58 91 56 59 0 24 15 8 54 11 0 9 11 51 45 48 70 69 30 0 11 0 48 75 35 0 69 50 15 89 58 45 100 56 0 
50 0 0 73 89 39 67 33 0 0 49 56 17 0 86 0 22 52 85 3 27 65 5 79 17 6 15 96 10 0 0 71 1 0 47 45 51 82 0 27 1 73 42 72 17 87 88 73 20 77 3 76 0 100 28 87 68 0 1 0 32 56 0 3 3 90 83 83 79 66 77 62 75 24 80 97 0 86 24 0 83 9 26 42 96 45 43 0 67 32 16 24 60 27 22 37 61 23 99 81 
75 45 72 50 89 21 3 44 48 58 82 72 49 0 35 64 31 79 82 23 16 78 52 0 7 30 22 24 10 71 8 95 25 0 0 72 15 94 0 72 0 88 17 0 41 14 22 54 0 26 20 77 100 0 30 56 32 48 70 10 4 6 73 2 37 70 7 70 35 40 71 24 98 57 72 88 33 36 16 99 100 19 32 0 24 86 0 0 0 19 26 61 28 13 38 97 0 82 85 81 
0 32 6 55 71 9 21 45 53 56 1 0 48 81 75 56 97 93 67 100 66 75 6 94 56 6 8 17 90 0 26 71 11 0 50 42 86 35 41 0 16 0 0 78 0 0 42 21 29 17 58 60 28 30 0 91 34 67 36 66 87 0 51 0 32 10 76 6 23 57 0 36 51 77 3 0 56 19 58 9 51 66 48 63 94 36 74 0 48 48 25 30 97 17 0 19 55 83 24 72 
61 1 67 0 94 30 76 52 3 73 61 0 1 56 100 89 95 69 0 94 0 64 45 74 0 79 38 70 34 0 78 31 83 10 94 5 91 0 40 69 15 0 21 75 70 34 90 27 26 0 22 82 87 56 91 0 79 40 18 81 28 63 22 29 32 89 28 76 67 35 38 81 0 1 5 12 5 92 0 53 4 54 9 0 67 4 0 1 27 24 33 62 53 18 39 96 54 0 28 94 
56 0 73 13 73 10 0 45 30 0 10 57 87 0 89 60 61 69 100 52 79 51 0 61 99 74 27 0 32 25 19 0 65 51 5 35 72 5 20 93 28 21 61 48 0 78 86 0 31 92 41 18 68 32 34 79 0 94 36 92 91 97 40 15 76 64 33 45 19 43 14 86 21 0 62 9 22 95 85 33 62 25 0 50 100 76 91 9 96 20 55 21 44 8 27 56 2 62 82 83 
0 0 54 65 65 0 32 99 67 94 78 0 52 0 89 4 0 74 0 97 6 66 0 33 0 60 32 26 47 77 33 0 49 84 67 12 8 31 22 17 76 39 12 47 73 0 66 98 6 78 80 0 0 48 67 40 94 0 62 26 28 22 57 0 57 69 95 47 94 29 58 92 0 0 5 10 80 42 48 11 1 18 74 32 48 0 57 40 0 6 77 60 20 10 11 0 1 61 0 69 
44 31 97 0 46 29 3 91 36 0 0 98 24 0 0 32 80 84 55 48 0 34 0 80 0 45 36 65 73 0 25 0 26 94 0 0 22 55 17 29 0 25 75 95 19 0 0 0 36 28 0 0 1 70 36 18 36 62 0 0 27 61 6 65 11 56 20 0 65 0 43 19 44 88 100 31 34 45 22 54 86 20 0 8 20 50 26 29 91 74 87 99 6 0 0 65 66 0 87 22 
47 70 16 27 69 0 83 12 0 22 8 0 50 58 19 9 0 75 73 42 90 77 0 55 0 35 94 3 49 0 0 16 20 95 37 37 49 21 14 0 0 64 19 0 75 12 15 0 28 74 96 77 0 10 66 81 92 26 0 0 17 0 70 77 78 20 10 43 57 43 0 88 0 16 69 0 92 0 44 60 24 71 95 81 42 48 63 68 19 92 75 60 50 71 0 59 60 50 0 12 
0 29 62 91 0 28 43 5 18 53 41 37 60 31 23 92 8 48 0 62 0 49 67 58 85 94 24 15 40 0 0 30 77 0 0 58 44 0 67 14 50 42 40 98 52 23 0 38 0 65 32 97 32 4 87 28 91 28 27 17 0 2 18 82 92 57 59 0 94 43 33 3 17 54 98 30 0 35 9 45 80 85 68 60 64 52 43 17 48 0 36 12 14 32 81 94 39 0 55 76 
92 48 71 74 30 13 59 64 50 0 37 56 0 69 88 7 0 76 6 14 0 87 98 47 77 38 1 63 0 45 13 43 77 22 50 66 64 85 42 50 25 1 15 63 19 69 1 5 86 0 10 42 56 6 0 63 97 22 61 0 2 0 80 0 25 0 61 73 81 0 0 25 2 32 90 21 10 33 0 41 22 32 74 99 36 99 18 86 39 38 93 33 44 82 18 60 91 0 91 52 
54 98 22 97 62 0 32 76 7 9 0 59 77 34 15 0 61 67 33 5 17 62 14 0 0 53 83 92 2 59 46 48 37 75 37 29 41 0 9 20 72 96 85 23 4 0 70 12 29 15 0 0 0 73 51 22 40 57 6 70 18 80 0 94 59 62 13 2 40 18 0 0 0 31 30 74 4 12 60 59 68 60 25 47 0 30 86 0 0 3 71 55 34 71 0 0 91 18 0 38 
90 45 18 0 44 47 0 30 50 10 86 0 90 80 0 0 0 73 90 0 29 41 0 36 57 0 14 10 54 0 82 4 0 79 0 100 77 0 15 34 0 18 94 89 81 49 0 23 24 67 72 46 3 2 0 29 15 0 65 77 82 0 94 0 23 71 52 67 36 37 78 91 19 59 59 52 26 0 39 0 85 0 72 10 79 73 96 0 80 0 82 39 54 36 0 0 2 7 11 65 
0 19 90 90 41 69 17 30 9 0 0 31 66 0 62 18 20 82 75 0 24 98 69 24 7 67 81 75 3 74 68 0 99 69 34 9 10 4 91 94 77 5 82 90 26 46 13 99 81 14 43 41 3 37 32 32 76 57 11 78 92 25 59 23 0 38 33 0 42 0 99 12 17 89 88 64 62 46 29 0 29 59 75 42 10 10 31 100 8 18 11 7 17 70 9 32 63 0 0 81 
0 55 14 99 0 91 0 23 36 0 74 0 2 54 10 55 97 28 39 60 55 22 22 62 14 49 36 59 65 0 48 75 9 0 0 93 55 20 21 24 0 52 52 30 0 0 71 34 63 59 61 58 90 70 10 89 64 69 56 20 57 0 62 71 38 0 54 51 12 0 39 69 0 0 100 0 21 80 23 4 21 39 0 53 76 0 34 45 53 25 39 35 0 69 5 0 40 0 33 35 
44 56 0 30 82 81 29 63 44 37 52 83 84 75 0 81 6 18 0 87 51 0 8 27 94 0 17 11 75 30 0 45 43 78 43 68 76 65 76 63 85 75 99 39 94 79 50 30 0 17 1 91 83 7 76 28 33 95 20 10 59 61 13 52 33 54 0 0 13 92 57 29 47 5 20 0 17 0 11 36 94 37 29 66 44 46 0 55 81 12 65 3 93 0 19 53 24 42 52 40 
71 21 64 12 23 0 0 0 34 0 35 9 29 65 0 0 0 21 0 18 45 52 81 0 6 47 50 9 2 80 26 0 86 94 89 3 23 52 40 0 0 25 13 32 98 26 75 0 0 67 88 56 83 70 6 76 45 47 0 43 0 73 2 67 0 51 0 0 0 70 32 26 48 0 0 50 81 0 10 2 0 79 23 48 16 81 0 79 79 84 15 16 89 0 0 60 38 26 42 0 
32 71 0 16 80 19 41 21 17 12 17 63 90 78 48 0 2 45 85 80 66 27 46 95 73 78 69 88 56 66 37 13 20 69 70 71 43 73 37 0 61 1 57 56 35 71 0 84 0 66 60 59 79 35 23 67 19 94 65 57 94 81 40 36 42 12 13 0 0 92 0 0 91 0 26 54 0 11 13 45 29 80 43 0 97 92 16 0 44 77 98 84 54 87 50 56 19 93 32 70 
46 5 43 55 12 2 73 78 0 63 65 42 19 93 19 87 11 6 90 96 56 2 69 29 3 0 95 26 39 48 80 84 23 32 49 29 11 74 60 70 36 60 19 12 0 97 7 97 0 46 61 0 66 40 57 35 43 29 0 43 43 0 18 37 0 0 92 70 92 0 33 86 7 69 26 66 0 60 21 16 31 0 22 95 96 61 0 88 19 80 97 91 59 25 89 14 99 66 0 0 
60 46 69 0 97 69 64 0 93 26 0 90 0 0 0 78 15 0 0 0 2 24 60 66 70 0 61 70 97 0 0 69 75 0 17 53 72 82 6 73 0 90 29 50 92 97 0 64 0 63 0 24 77 71 0 38 14 58 43 0 33 0 0 78 99 39 57 32 0 33 0 82 98 93 31 56 34 64 49 18 0 0 29 84 51 34 29 54 36 81 0 22 79 13 13 39 74 93 0 38 
66 74 23 0 57 8 43 32 8 33 0 49 34 71 17 12 89 99 66 26 20 28 29 90 99 73 18 28 0 0 23 84 40 89 66 97 0 0 12 60 0 54 15 68 91 90 0 36 0 19 19 15 62 24 36 81 86 92 19 88 3 25 0 91 12 69 29 26 0 86 82 0 74 0 0 63 0 0 0 92 41 68 19 87 6 90 0 0 9 56 49 17 61 0 91 18 0 83 0 40 
73 82 95 89 0 0 0 0 28 94 0 82 81 84 6 74 0 27 56 38 36 81 55 0 28 29 36 0 74 30 3 98 8 93 32 84 11 0 100 0 1 64 51 6 0 56 16 93 0 14 26 8 75 98 51 0 21 0 44 0 17 2 0 19 17 0 47 48 91 7 98 74 0 0 0 14 53 66 8 50 87 57 0 86 10 21 97 67 58 94 8 28 88 83 14 70 0 0 97 90 
14 81 40 0 0 0 24 62 55 30 76 50 0 0 67 47 0 49 85 42 25 12 75 23 3 3 86 51 0 40 0 75 37 50 0 86 0 49 24 94 51 60 25 59 12 77 14 36 33 0 19 54 24 57 77 1 0 0 88 16 54 32 31 59 89 0 5 0 0 69 93 0 0 0 25 77 2 56 70 95 0 74 0 87 91 42 97 9 88 16 100 37 0 55 15 8 17 0 73 88 
61 59 8 0 40 0 14 11 20 91 4 87 13 85 96 37 45 67 17 62 24 95 31 86 24 0 14 46 17 83 90 54 1 17 22 69 56 11 28 15 0 9 84 63 12 44 60 0 0 79 51 11 80 72 3 5 62 5 100 69 98 90 30 59 88 100 20 0 26 26 31 0 0 25 0 80 100 0 56 20 28 60 0 98 0 96 14 51 64 21 10 0 95 0 56 22 23 11 89 99 
0 0 56 32 81 0 79 88 65 91 5 1 94 65 15 0 64 81 38 66 26 0 45 25 0 58 63 49 44 99 17 15 19 21 0 88 48 43 45 52 21 53 31 78 49 35 70 61 25 30 86 0 97 88 0 12 9 10 31 0 30 21 74 52 64 0 0 50 54 66 56 63 14 77 80 0 67 41 0 14 76 5 20 58 80 84 0 7 0 6 89 74 65 35 0 12 25 40 23 18 
72 99 24 51 0 60 72 64 0 31 6 74 37 0 59 0 28 22 0 81 54 61 90 22 0 43 48 14 5 1 100 35 55 20 0 40 0 27 1 0 0 54 0 32 68 81 89 23 0 39 55 9 0 33 56 5 22 80 34 92 0 10 4 26 62 21 17 81 0 0 34 0 53 2 100 67 0 0 89 77 99 81 98 45 38 93 34 0 47 0 20 0 82 52 54 0 93 0 65 70 
17 90 25 3 99 4 44 0 65 59 90 88 87 5 88 69 70 24 27 100 37 46 100 74 29 34 44 41 0 81 78 34 0 98 44 71 99 52 100 14 0 56 74 0 0 98 9 29 17 35 1 11 86 36 19 92 95 42 45 0 35 33 12 0 46 80 0 0 11 60 64 0 66 56 0 41 0 0 55 10 72 0 50 0 32 77 41 2 9 31 14 0 19 24 0 15 0 0 53 95 
80 23 52 92 0 56 0 63 0 0 0 25 0 5 0 38 1 31 49 57 0 71 57 75 74 77 0 83 0 44 99 99 25 38 31 93 64 46 50 0 13 0 0 15 15 100 29 0 13 83 1 51 24 16 58 0 85 48 22 44 9 0 60 39 29 23 11 10 13 21 49 0 8 70 56 0 89 55 0 0 64 64 42 76 0 53 80 38 64 0 9 7 0 87 5 45 55 38 99 87 
0 94 0 78 39 66 38 29 4 93 33 21 54 17 99 0 0 61 0 78 47 94 97 0 0 41 25 80 71 82 91 0 85 13 47 82 0 67 43 0 0 85 94 19 68 63 5 0 90 0 92 45 0 99 9 53 33 11 54 60 45 41 59 0 0 4 36 2 45 16 18 92 50 95 20 14 77 10 0 0 41 0 55 83 82 0 67 0 19 71 0 2 37 32 48 58 86 12 0 67 
59 59 0 0 0 29 23 6 27 0 78 0 11 80 0 10 49 36 99 58 0 43 44 34 0 13 63 96 0 17 46 51 56 91 14 43 43 81 79 10 68 21 53 66 35 86 18 10 100 75 0 48 83 100 51 4 62 1 86 24 80 22 68 85 29 21 94 0 29 31 0 41 87 0 28 76 99 72 64 41 0 100 73 44 31 93 16 37 0 46 4 0 87 85 100 82 50 49 29 0 
21 48 0 69 56 0 59 19 30 95 42 41 0 85 2 53 46 49 46 44 90 0 22 64 24 53 68 72 39 61 43 15 54 85 40 93 85 98 5 48 58 14 0 41 30 41 55 74 100 19 0 70 9 19 66 54 25 18 20 71 85 32 60 0 59 39 37 79 80 0 0 68 57 74 60 5 81 0 64 0 100 0 65 50 32 24 38 55 0 52 0 97 21 39 64 81 53 85 91 0 
50 52 98 0 87 52 0 23 56 0 5 53 54 67 26 87 47 0 33 50 47 79 36 75 35 30 45 35 22 65 63 95 0 66 95 11 73 0 0 68 0 51 24 84 75 38 14 63 32 0 65 69 26 32 48 9 0 74 0 95 68 74 25 72 75 0 29 23 43 22 29 19 0 0 0 20 98 50 42 55 73 65 0 0 0 0 47 0 0 42 11 13 69 44 13 0 15 98 71 0 
70 7 90 86 80 0 0 41 71 27 0 79 80 0 47 28 88 43 3 38 30 92 70 6 5 21 2 45 76 63 44 67 17 61 0 26 0 52 67 0 0 0 27 39 54 59 98 53 97 27 68 30 42 0 63 0 50 32 8 81 60 99 47 10 42 53 66 48 0 95 84 87 86 87 98 58 45 0 76 83 44 50 0 0 14 65 0 9 0 26 80 45 46 24 65 8 50 35 38 80 
7 99 40 81 20 0 94 6 45 19 23 20 86 98 77 11 58 16 16 8 2 54 0 0 30 38 2 71 36 40 17 28 2 0 89 46 36 100 37 80 99 3 1 57 98 35 43 46 99 66 73 0 96 24 94 67 100 48 20 42 64 36 0 79 10 76 44 16 97 96 51 6 10 91 0 80 38 32 0 82 31 32 0 14 0 63 56 81 64 96 33 17 45 61 0 12 47 71 0 24 
39 0 27 28 0 34 0 18 19 48 25 21 68 56 94 45 84 97 79 45 27 51 0 96 66 2 0 30 0 28 0 30 0 58 57 15 0 81 84 44 0 82 68 0 9 13 0 45 37 77 75 11 45 86 36 4 76 0 50 48 52 99 30 73 10 0 46 81 92 61 34 90 21 42 96 84 93 77 53 0 93 24 0 65 63 0 79 0 88 0 36 62 34 90 15 0 58 1 45 21 
44 8 0 65 25 0 81 0 82 84 0 86 68 14 83 2 18 0 20 46 45 0 22 56 88 0 64 13 83 96 0 57 79 55 31 91 79 76 0 91 79 32 23 10 84 1 97 33 59 10 23 0 43 0 74 0 91 57 26 63 43 18 86 96 31 34 0 0 16 0 29 0 97 97 14 0 34 41 80 67 16 38 47 0 56 79 0 27 49 90 94 87 5 72 72 40 5 86 61 89 
0 62 18 48 51 44 52 95 0 94 20 87 0 91 0 55 22 0 0 1 98 6 0 31 13 54 0 89 24 49 16 64 97 80 37 14 77 49 49 39 0 99 28 30 24 88 23 7 92 39 0 48 0 0 0 1 9 40 29 68 17 86 0 0 100 45 55 79 0 88 54 0 67 9 51 7 0 2 38 0 37 55 0 9 81 0 27 0 9 0 70 68 62 24 52 33 30 30 0 16 
28 66 12 40 19 90 11 79 68 45 61 38 40 25 9 74 0 5 0 55 76 93 16 73 0 0 81 69 14 88 88 83 78 0 0 26 10 54 52 0 0 0 32 0 61 0 0 81 2 0 56 75 67 0 48 27 96 0 91 19 48 39 0 80 8 53 81 79 44 19 36 9 58 88 64 0 47 9 64 19 0 0 0 0 64 88 49 9 0 82 57 68 0 89 52 73 5 0 78 34 
0 77 56 46 24 14 0 69 68 38 90 89 14 84 0 48 25 9 0 58 37 1 65 0 15 0 88 0 40 49 39 17 21 58 18 24 74 67 21 62 0 83 15 16 1 93 32 25 0 30 97 35 32 19 48 24 20 6 74 92 0 38 3 0 18 25 12 84 77 80 81 56 94 16 21 6 0 31 0 71 46 52 42 26 96 0 90 0 82 0 86 89 99 32 100 56 93 62 44 11 
82 33 30 95 30 44 24 38 45 78 20 30 33 32 0 0 31 1 43 60 58 16 87 94 97 33 67 2 64 30 84 83 98 93 15 0 21 13 71 44 76 7 13 53 53 10 83 63 14 0 70 0 16 26 25 33 55 77 87 75 36 93 71 82 11 39 65 15 98 97 0 49 8 100 10 89 20 14 9 0 4 0 11 80 33 36 94 70 57 86 0 5 99 9 0 95 71 0 36 27 
56 0 99 2 0 6 0 96 73 78 13 0 64 50 12 38 94 56 98 4 8 25 53 2 71 90 77 58 0 0 17 99 88 64 95 58 30 59 94 12 93 96 7 27 14 62 57 23 46 36 85 69 24 61 30 62 21 60 99 60 12 33 55 39 7 35 3 16 84 91 22 17 28 37 0 74 0 0 7 2 0 97 13 45 17 62 87 68 68 89 5 0 95 0 97 75 19 85 54 0 
0 0 0 0 11 0 28 15 96 66 42 3 49 0 65 40 67 90 96 46 58 37 0 72 12 53 28 70 0 42 21 43 16 0 0 34 0 47 0 14 58 75 67 29 14 36 41 68 3 6 84 50 60 28 97 53 44 20 6 50 14 44 34 54 17 0 93 89 54 59 79 61 88 0 95 65 82 19 0 37 87 21 69 46 45 34 5 62 0 99 99 95 0 83 5 43 92 43 0 92 
84 5 41 0 10 29 3 66 61 8 66 85 32 27 60 30 88 95 0 0 8 98 78 0 19 48 2 0 50 40 83 73 39 0 0 30 70 0 52 50 69 47 80 96 56 93 0 81 22 5 58 15 27 13 17 18 8 10 0 71 32 82 71 36 70 69 0 0 87 25 13 0 83 55 0 35 52 24 87 32 85 39 44 24 61 90 72 24 89 32 9 0 83 0 29 0 37 68 24 67 
73 87 0 55 40 21 0 68 79 44 63 98 74 29 41 0 81 0 0 13 15 0 0 85 96 93 68 13 86 62 0 29 96 48 48 0 55 93 17 90 24 0 46 100 0 46 0 68 85 16 81 89 22 38 0 39 27 11 0 0 81 18 0 0 9 5 19 0 50 89 13 91 14 15 56 0 54 0 5 48 100 64 13 65 0 15 72 52 52 100 0 97 5 29 0 0 24 57 66 71 
43 20 87 22 62 0 47 33 0 0 29 54 0 29 0 80 0 2 76 87 74 11 61 67 100 65 95 0 0 46 23 93 33 62 0 72 3 55 53 27 25 68 57 42 83 2 12 48 32 39 34 58 37 97 19 96 56 0 65 59 94 60 0 0 32 0 53 60 56 14 39 18 70 8 22 12 0 15 45 58 82 81 0 8 12 0 40 33 73 56 95 75 43 0 0 0 36 91 54 98 
0 26 21 64 0 83 0 74 98 78 80 90 74 46 52 90 36 86 62 91 49 0 0 81 13 13 22 44 74 13 33 80 43 6 94 86 67 15 0 45 34 0 68 94 95 12 48 0 0 0 35 45 61 0 55 54 2 1 66 60 39 91 91 2 63 40 24 38 19 99 74 0 0 17 23 25 93 0 55 86 50 53 15 50 47 58 5 30 5 93 71 19 92 37 24 36 0 69 87 0 
73 29 2 96 0 9 27 0 0 0 91 44 27 57 49 0 95 0 54 0 7 92 82 69 100 76 47 0 40 22 18 97 36 78 9 88 63 52 85 52 21 43 69 0 87 38 11 84 12 88 40 100 23 82 83 0 62 61 0 50 0 0 18 7 0 0 42 26 93 66 93 83 0 0 11 40 0 0 38 12 49 85 98 35 71 1 86 30 0 62 0 85 43 68 57 91 69 0 18 50 
94 73 11 0 50 21 87 62 23 51 29 98 55 21 56 29 46 0 26 34 56 54 29 8 18 45 84 0 7 94 0 0 30 87 17 42 34 22 78 0 0 0 44 15 68 0 79 0 100 100 34 56 99 85 24 28 82 0 87 0 55 91 0 11 0 33 52 42 32 0 0 0 97 73 89 23 65 53 99 0 29 91 71 38 0 45 61 0 78 44 36 54 0 24 66 54 87 18 0 47 
0 22 0 15 0 0 29 90 97 8 71 89 97 53 10 39 10 0 47 55 63 87 0 31 85 47 30 75 72 99 86 89 0 0 50 39 32 46 0 0 73 0 20 66 3 77 98 76 15 59 67 0 81 81 72 94 83 69 22 12 76 52 38 65 81 35 40 0 70 0 38 40 90 88 99 18 70 95 87 67 0 0 0 80 24 21 89 16 34 11 27 0 92 67 71 98 0 50 47 0 
