0 0 0 0 98 0 91 3 0 5 0 0 0 42 0 84 47 0 0 34 5 57 45 85 21 63 0 5 0 0 22 71 0 17 3 0 2 63 44 0 68 0 8 0 54 0 0 63 0 55 0 68 53 0 24 41 0 54 44 92 61 0 0 14 9 0 92 0 51 0 0 62 0 0 0 0 28 0 75 0 13 73 0 63 39 0 80 0 0 41 3 0 36 0 0 0 0 0 0 0 
0 0 90 0 0 0 0 53 0 47 0 18 0 0 0 82 0 0 46 0 0 0 79 0 0 94 48 61 1 0 68 14 63 14 65 32 0 32 0 16 0 0 41 0 7 0 0 76 0 6 0 0 21 24 0 59 0 8 0 1 0 0 0 0 61 0 52 70 15 0 100 0 94 0 45 68 60 69 0 0 32 0 0 66 94 0 2 4 72 0 33 0 0 92 0 0 0 71 0 0 
0 90 0 60 0 0 0 46 0 0 38 0 0 0 0 6 100 0 0 48 21 45 0 31 0 6 0 45 47 96 90 0 0 33 0 0 39 12 0 38 70 29 0 0 15 33 0 40 12 87 0 0 0 0 81 0 80 0 0 0 97 3 62 19 0 0 0 0 0 55 84 97 0 0 40 6 16 0 97 42 0 0 61 68 0 80 3 0 0 5 0 22 0 71 0 0 0 78 93 26 
0 0 60 0 0 0 0 0 0 81 0 0 0 0 94 55 0 75 0 23 20 0 37 0 0 98 59 0 0 21 0 0 0 52 0 53 0 10 0 0 0 76 0 0 0 22 88 27 45 0 48 36 0 0 29 23 0 88 51 0 84 0 0 0 92 0 0 78 0 0 0 0 0 0 29 0 0 21 6 57 45 85 27 0 79 0 41 70 0 81 76 0 0 90 21 0 45 0 83 0 
98 0 0 0 0 80 96 0 0 13 49 0 51 0 0 0 100 44 91 94 0 37 0 57 18 6 0 0 4 0 13 0 0 0 74 15 0 0 0 86 56 0 0 67 45 52 0 0 81 0 0 0 0 0 86 54 92 0 0 63 0 23 29 0 62 10 0 0 0 49 0 0 57 0 50 71 63 98 85 26 0 62 13 0 15 0 0 0 66 80 63 0 59 97 0 0 0 0 0 0 
0 0 0 0 80 0 99 0 54 0 22 0 42 42 81 12 0 0 57 0 0 93 0 27 0 76 0 24 0 0 0 0 16 0 0 0 40 0 0 0 43 81 26 0 39 0 69 0 36 63 80 63 46 0 0 0 0 62 12 77 0 0 91 0 49 0 87 0 0 50 0 76 42 0 0 85 0 99 87 0 0 28 0 0 59 0 32 65 69 44 11 0 0 22 7 0 42 0 16 0 
91 0 0 0 96 99 0 39 83 0 33 0 29 64 98 0 100 0 0 98 0 96 0 86 1 19 0 67 73 89 0 0 0 0 0 3 5 75 0 0 51 0 29 0 0 46 0 10 0 90 3 0 0 95 0 23 93 0 0 70 78 0 0 0 0 0 0 57 0 0 27 31 0 95 0 0 0 0 0 0 0 68 38 4 0 0 0 75 30 60 100 0 0 28 0 0 39 43 57 0 
3 53 46 0 0 0 39 0 0 46 75 11 0 48 0 34 0 0 56 66 0 0 35 0 0 0 14 20 0 40 0 54 0 0 49 57 47 0 33 0 54 52 26 25 0 0 0 0 0 94 0 0 0 28 0 47 0 0 0 0 0 0 46 0 0 0 22 0 0 27 20 91 0 11 84 0 0 0 0 1 83 0 77 89 0 100 22 0 88 0 72 22 0 28 0 33 0 28 0 0 
0 0 0 0 0 54 83 0 0 93 4 76 0 0 81 0 0 0 0 45 82 89 50 77 0 65 0 21 0 0 0 0 74 64 0 60 78 51 0 8 37 77 0 0 0 0 0 0 20 14 0 25 0 0 0 72 0 0 0 0 0 0 25 0 72 11 0 0 64 0 0 53 31 0 95 0 85 27 0 93 78 24 37 85 0 0 0 4 0 0 0 0 72 23 0 78 38 0 1 53 
5 47 0 81 13 0 0 46 93 0 31 0 1 0 0 0 0 0 0 0 60 90 0 0 0 34 78 0 64 0 0 70 22 48 0 0 35 46 0 0 0 0 4 0 45 0 94 0 78 0 48 0 68 39 10 0 0 76 73 0 77 0 0 88 0 0 0 48 16 13 69 0 80 34 35 0 0 0 16 0 0 65 76 35 0 61 29 15 0 0 50 0 16 0 17 0 0 90 37 83 
0 0 38 0 49 22 33 75 4 31 0 0 0 0 0 0 4 53 46 0 0 33 45 9 29 0 0 17 0 0 77 0 0 0 95 2 0 0 12 0 0 74 0 37 0 33 0 0 0 0 68 28 0 66 54 94 0 8 0 70 0 0 49 93 0 0 0 0 52 9 36 0 92 37 54 0 12 0 0 0 44 84 0 0 0 0 7 0 0 0 22 0 90 0 0 0 29 87 0 0 
0 18 0 0 0 0 0 11 76 0 0 0 45 67 0 0 0 0 93 19 9 34 0 47 0 99 41 0 0 15 0 68 60 0 30 0 0 7 82 56 0 0 0 0 0 0 0 0 0 0 20 0 15 70 7 0 14 55 0 0 0 50 12 0 1 0 88 0 0 0 41 0 36 0 83 0 0 0 0 0 0 0 0 78 0 0 3 0 0 0 0 0 0 0 0 0 0 0 0 0 
0 0 0 0 51 42 29 0 0 1 0 45 0 0 0 78 0 0 0 0 1 0 0 0 3 77 0 0 93 0 0 0 0 0 32 0 81 57 0 100 0 60 2 0 0 0 3 0 0 0 0 37 70 74 6 0 6 0 0 0 0 49 0 0 0 81 13 9 0 23 90 0 8 84 72 0 0 10 6 0 0 2 0 6 98 0 0 34 0 98 58 0 0 0 0 0 90 0 0 0 
42 0 0 0 0 42 64 48 0 0 0 67 0 0 29 68 0 11 24 97 81 0 0 0 31 0 73 89 0 18 0 0 93 26 0 3 0 0 14 0 1 100 0 16 96 65 74 0 54 0 0 0 0 0 0 72 39 0 58 0 75 50 0 0 71 3 0 0 49 65 0 36 0 0 9 78 0 4 0 0 22 62 0 0 0 0 0 0 71 0 25 0 0 19 0 0 47 0 0 0 
0 0 0 94 0 81 98 0 81 0 0 0 0 29 0 0 0 0 92 0 0 66 0 0 50 0 0 0 0 0 1 89 93 47 0 43 0 9 0 2 11 1 0 0 86 0 85 0 0 0 82 46 0 0 0 0 27 2 55 0 49 0 25 96 0 7 0 0 75 33 28 0 0 54 0 62 33 0 0 39 0 0 12 84 0 0 0 28 0 7 1 0 0 81 48 0 0 18 73 0 
84 82 6 55 0 12 0 34 0 0 0 0 78 68 0 0 42 30 0 76 0 0 0 0 9 0 26 26 87 0 0 0 0 0 9 0 0 0 87 0 0 0 0 45 15 0 0 65 0 66 0 40 0 13 42 0 38 9 18 74 0 0 0 53 91 29 96 0 0 0 0 0 0 0 0 0 0 5 85 90 0 68 0 0 11 0 25 0 77 50 0 0 0 0 0 0 18 94 0 0 
47 0 100 0 100 0 100 0 0 0 4 0 0 0 0 42 0 84 0 61 62 35 0 25 68 72 97 63 90 0 0 0 86 0 0 89 14 69 20 0 0 53 62 0 74 0 0 28 0 0 3 0 0 76 0 60 24 0 24 18 15 0 84 0 48 37 76 98 0 0 52 0 0 0 89 56 0 10 0 0 0 86 0 99 0 79 0 0 0 0 0 27 83 50 85 0 0 83 0 0 
0 0 0 75 44 0 0 0 0 0 53 0 0 11 0 30 84 0 68 51 57 9 0 0 0 0 27 0 14 52 0 0 0 6 0 0 0 31 0 78 0 24 0 0 55 0 0 81 0 53 0 90 85 82 98 0 36 35 0 0 77 24 0 0 8 90 97 20 0 0 0 12 0 69 95 11 9 21 49 96 66 66 0 0 46 34 0 87 0 0 0 38 0 0 0 15 0 38 92 12 
0 46 0 0 91 57 0 56 0 0 46 93 0 24 92 0 0 68 0 0 4 0 12 0 40 0 0 0 0 0 42 97 0 10 0 33 0 11 0 0 0 66 0 43 0 0 53 82 54 56 0 13 0 0 0 0 0 38 17 3 0 0 99 0 21 34 0 44 0 0 0 29 0 26 0 0 14 0 44 0 19 46 17 0 38 0 0 35 86 0 77 2 0 67 0 73 35 0 98 0 
34 0 48 23 94 0 98 66 45 0 0 19 0 97 0 76 61 51 0 0 0 2 0 0 0 10 0 0 43 47 72 0 0 0 95 0 0 16 0 0 0 16 94 0 63 22 91 11 28 37 0 0 34 37 30 0 39 0 0 1 0 0 0 81 0 0 5 0 38 0 0 0 4 0 26 40 17 35 0 75 0 0 77 0 18 0 10 71 0 1 0 0 82 35 0 91 0 0 52 0 
5 0 21 20 0 0 0 0 82 60 0 9 1 81 0 0 62 57 4 0 0 0 0 0 35 0 0 46 37 0 16 0 0 0 38 74 77 38 9 0 0 34 0 0 0 0 0 0 37 68 0 85 0 0 0 0 34 59 0 0 0 0 0 84 86 0 0 0 68 14 67 0 0 0 40 0 0 0 0 0 0 0 0 0 0 0 0 71 0 37 65 0 0 0 53 0 0 0 0 0 
57 0 45 0 37 93 96 0 89 90 33 34 0 0 66 0 35 9 0 2 0 0 0 60 0 31 0 0 0 35 2 0 65 95 13 0 69 0 56 0 85 0 100 53 80 61 0 31 0 0 0 0 0 39 0 89 40 0 0 0 98 82 22 0 83 3 0 0 0 41 90 0 35 0 45 36 0 0 0 40 97 25 0 0 70 0 0 0 0 59 0 0 36 0 42 61 0 0 0 76 
45 79 0 37 0 0 0 35 50 0 45 0 0 0 0 0 0 0 12 0 0 0 0 51 0 0 88 0 0 0 46 65 0 2 0 0 3 0 34 0 0 55 0 69 0 28 51 66 0 65 8 47 0 0 0 0 86 0 0 71 0 95 77 0 0 18 0 0 0 0 50 99 0 0 0 0 0 76 0 4 0 83 56 56 0 76 96 0 0 0 0 19 76 0 0 0 55 66 0 0 
85 0 31 0 57 27 86 0 77 0 9 47 0 0 0 0 25 0 0 0 0 60 51 0 4 94 53 59 0 0 0 85 52 11 0 2 59 98 0 0 0 0 16 91 64 0 75 0 0 0 81 95 76 100 100 0 0 0 0 0 0 0 0 87 0 0 0 23 0 89 0 0 0 67 72 0 0 0 76 96 11 0 0 99 41 48 0 60 95 0 0 0 25 0 24 35 38 98 30 53 
21 0 0 0 18 0 1 0 0 0 29 0 3 31 50 9 68 0 40 0 35 0 0 4 0 14 96 0 85 0 32 0 0 48 0 0 0 50 0 0 36 83 0 62 0 0 13 55 0 0 35 27 0 94 0 62 90 0 0 0 84 23 0 0 76 74 85 62 0 0 28 0 0 0 0 0 49 98 49 77 8 0 57 30 92 0 0 38 3 5 44 31 0 0 0 0 51 0 100 0 
63 94 6 98 6 76 19 0 65 34 0 99 77 0 0 0 72 0 0 10 0 31 0 94 14 0 0 0 12 99 0 34 82 0 75 0 4 0 35 0 0 0 76 0 0 0 93 71 58 0 0 69 0 98 41 0 0 40 0 0 0 0 0 32 0 0 0 0 31 27 17 30 0 0 0 0 0 11 16 99 90 58 0 0 0 83 0 0 0 0 0 12 0 0 0 9 2 64 28 63 
0 48 0 59 0 0 0 14 0 78 0 41 0 73 0 26 97 27 0 0 0 0 88 53 96 0 0 89 0 96 34 96 0 33 0 50 0 74 56 26 33 0 0 0 0 6 0 0 0 15 0 0 15 30 28 73 0 63 72 72 29 0 99 0 44 0 0 65 99 0 0 0 0 49 55 0 0 78 0 47 0 84 36 69 0 0 73 0 61 0 0 0 0 0 0 2 0 0 0 0 
5 61 45 0 0 24 67 20 21 0 17 0 0 89 0 26 63 0 0 0 46 0 0 59 0 0 89 0 83 28 86 0 0 0 0 57 0 2 93 0 0 0 26 100 0 0 0 0 0 20 0 95 0 71 10 0 34 1 0 78 18 1 0 79 0 2 0 0 0 0 0 0 0 59 0 0 96 14 0 0 0 53 0 0 0 12 0 0 0 0 0 0 0 0 80 64 68 28 31 0 
0 1 47 0 4 0 73 0 0 64 0 0 93 0 0 87 90 14 0 43 37 0 0 0 85 12 0 83 0 45 39 16 79 49 0 94 0 0 90 38 23 0 0 0 0 0 0 0 33 0 0 69 0 68 30 0 52 87 51 84 10 0 47 16 23 0 48 98 0 0 0 0 0 95 0 84 0 0 10 32 85 96 0 14 0 82 85 0 34 0 0 7 98 0 0 0 10 0 0 0 
0 0 96 21 0 0 89 40 0 0 0 15 0 18 0 0 0 52 0 47 0 35 0 0 0 99 96 28 45 0 19 63 20 0 0 63 26 89 51 0 0 12 13 64 75 0 0 0 0 61 68 12 0 97 0 26 82 0 83 67 0 72 0 12 15 0 0 0 0 0 50 52 0 4 0 0 5 53 0 0 15 0 0 0 0 73 96 0 71 100 8 11 0 0 0 66 0 50 0 41 
22 68 90 0 13 0 0 0 0 0 77 0 0 0 1 0 0 0 42 72 16 2 46 0 32 0 34 86 39 19 0 0 93 70 0 0 99 0 34 43 18 0 0 8 81 0 82 81 0 73 76 0 0 26 0 31 60 61 21 0 0 0 0 67 13 0 74 0 10 25 0 0 16 0 0 0 0 0 0 0 88 0 23 0 0 0 0 69 0 0 49 0 0 0 0 26 0 53 0 90 
71 14 0 0 0 0 0 54 0 70 0 68 0 0 89 0 0 0 97 0 0 0 65 85 0 34 96 0 16 63 0 0 14 0 0 28 66 0 67 98 0 0 16 32 0 2 0 0 0 0 52 0 30 0 0 87 0 0 0 0 48 49 0 0 86 0 0 58 0 1 93 29 21 54 56 0 0 0 0 0 10 0 0 0 27 31 53 7 81 94 0 16 98 0 87 0 0 0 41 0 
0 63 0 0 0 16 0 0 74 22 0 60 0 93 93 0 86 0 0 0 0 65 0 52 0 82 0 0 79 20 93 14 0 55 81 0 0 60 0 0 17 24 91 27 0 0 0 0 0 11 0 0 0 0 62 36 0 0 0 0 0 22 66 86 0 0 42 42 93 0 0 30 0 0 10 0 74 0 25 0 76 0 0 23 0 56 74 9 14 12 45 96 0 93 41 27 0 32 43 5 
17 14 33 52 0 0 0 0 64 48 0 0 0 26 47 0 0 6 10 0 0 95 2 11 48 0 33 0 49 0 70 0 55 0 0 0 0 87 0 0 72 0 97 0 76 0 0 0 0 76 0 0 0 0 0 3 0 0 0 12 79 98 0 60 0 0 88 0 28 41 12 19 90 0 0 26 6 0 71 27 0 0 5 98 0 84 100 0 24 42 0 97 34 0 0 65 39 0 0 41 
3 65 0 0 74 0 0 49 0 0 95 30 32 0 0 9 0 0 0 95 38 13 0 0 0 75 0 0 0 0 0 0 81 0 0 0 98 79 0 28 0 0 0 98 0 31 0 0 54 0 0 0 48 0 0 54 0 0 81 7 76 0 0 0 19 49 0 0 73 0 36 0 77 42 0 21 0 77 28 0 0 0 93 0 33 0 0 0 18 0 0 0 0 61 57 72 0 0 0 0 
0 32 0 53 15 0 3 57 60 0 2 0 0 3 43 0 89 0 33 0 74 0 0 2 0 0 50 57 94 63 0 28 0 0 0 0 0 0 0 78 0 0 0 0 30 31 97 71 0 0 36 0 34 0 0 31 0 0 0 1 54 0 79 51 0 0 0 0 94 0 0 0 7 17 0 89 39 35 0 0 0 0 50 0 98 10 63 0 0 47 66 0 0 0 23 62 93 0 0 0 
2 0 39 0 0 40 5 47 78 35 0 0 81 0 0 0 14 0 0 0 77 69 3 59 0 4 0 0 0 26 99 66 0 0 98 0 0 0 71 0 86 0 0 61 0 0 0 0 0 0 65 0 87 25 0 0 0 88 0 0 0 15 0 0 75 0 0 59 0 0 0 32 0 14 89 0 47 0 0 0 0 0 60 0 90 0 66 59 0 0 0 0 0 35 0 76 0 0 17 0 
63 32 12 10 0 0 75 0 51 46 0 7 57 0 9 0 69 31 11 16 38 0 0 98 50 0 74 2 0 89 0 0 60 87 79 0 0 0 0 0 0 44 0 41 0 37 80 0 0 0 60 0 0 0 0 68 0 0 60 76 81 91 66 0 0 0 0 37 31 50 87 0 0 27 26 78 7 0 0 0 0 10 71 52 0 0 0 27 53 0 3 0 0 0 0 19 49 0 0 0 
44 0 0 0 0 0 0 33 0 0 12 82 0 14 0 87 20 0 0 0 9 56 34 0 0 35 56 93 90 51 34 67 0 0 0 0 71 0 0 32 87 66 53 0 0 32 47 0 0 0 0 15 0 0 63 59 52 0 45 0 8 0 25 0 99 0 0 63 0 0 0 30 0 0 0 0 67 0 0 0 0 93 45 0 76 62 0 0 1 6 0 37 0 0 0 0 0 41 0 87 
0 16 38 0 86 0 0 0 8 0 0 56 100 0 2 0 0 78 0 0 0 0 0 0 0 0 26 0 38 0 43 98 0 0 28 78 0 0 32 0 0 24 0 0 0 0 0 0 0 79 0 0 67 0 27 95 0 0 87 35 0 0 71 0 28 43 96 0 91 0 0 0 0 0 89 23 0 0 56 100 84 15 71 70 96 35 0 85 58 66 11 0 0 47 47 90 0 0 0 77 
68 0 70 0 56 43 51 54 37 0 0 0 0 1 11 0 0 0 0 0 0 85 0 0 36 0 33 0 23 0 18 0 17 72 0 0 86 0 87 0 0 0 0 30 0 0 0 0 11 48 0 0 0 0 75 41 0 82 0 72 0 0 92 45 0 0 0 43 3 79 0 0 63 51 0 0 0 0 0 0 46 0 0 0 0 97 0 0 0 0 0 89 79 0 0 0 0 19 0 0 
0 0 29 76 0 81 0 52 77 0 74 0 60 100 1 0 53 24 66 16 34 0 55 0 83 0 0 0 0 12 0 0 24 0 0 0 0 44 66 24 0 0 50 0 0 95 84 0 27 0 9 0 0 0 0 100 41 76 0 0 71 88 83 0 80 0 66 0 73 0 86 0 30 0 0 11 5 0 0 0 74 39 34 36 88 92 32 14 0 0 13 0 0 0 5 0 0 74 0 0 
8 41 0 0 0 26 29 26 0 4 0 0 2 0 0 0 62 0 0 94 0 100 0 16 0 76 0 26 0 13 0 16 91 97 0 0 0 0 53 0 0 50 0 81 0 0 37 0 0 0 46 0 0 75 0 0 0 29 92 0 30 0 20 0 28 92 12 0 0 0 37 0 99 0 0 63 7 70 0 0 6 19 0 0 73 0 55 0 0 0 0 0 66 54 29 0 0 70 0 51 
0 0 0 0 67 0 0 25 0 0 37 0 0 16 0 45 0 0 43 0 0 53 69 91 62 0 0 100 0 64 8 32 27 0 98 0 61 41 0 0 30 0 81 0 0 0 93 0 0 100 66 73 0 0 0 0 0 8 0 0 0 0 32 0 0 0 0 70 0 0 0 46 0 36 37 0 59 80 0 84 6 45 64 19 71 81 0 75 58 0 0 54 0 0 0 0 0 77 30 0 
54 7 15 0 45 39 0 0 0 45 0 0 0 96 86 15 74 55 0 63 0 80 0 64 0 0 0 0 0 75 81 0 0 76 0 30 0 0 0 0 0 0 0 0 0 0 64 0 0 0 0 0 4 0 0 0 58 48 0 16 59 0 0 0 0 61 0 0 82 0 0 99 0 0 0 45 0 65 0 0 0 94 78 11 24 59 89 23 0 0 0 0 0 67 89 42 0 0 0 84 
0 0 33 22 52 0 46 0 0 0 33 0 0 65 0 0 0 0 0 22 0 61 28 0 0 0 6 0 0 0 0 2 0 0 31 31 0 37 32 0 0 95 0 0 0 0 0 0 71 0 23 39 44 0 0 0 0 53 63 46 30 0 26 0 27 29 0 0 0 7 0 58 31 4 0 80 0 48 76 9 17 0 52 0 0 47 0 80 39 64 60 0 0 0 0 12 58 89 66 0 
0 0 0 88 0 69 0 0 0 94 0 0 3 74 85 0 0 0 53 91 0 0 51 75 13 93 0 0 0 0 82 0 0 0 0 97 0 80 47 0 0 84 37 93 64 0 0 24 0 53 86 83 4 90 0 0 95 0 0 33 5 0 0 0 98 41 0 76 0 0 0 43 83 16 0 29 89 0 0 0 95 0 0 9 0 0 0 0 0 0 51 0 69 0 0 0 59 85 52 0 
63 76 40 27 0 0 10 0 0 0 0 0 0 0 0 65 28 81 82 11 0 31 66 0 55 71 0 0 0 0 81 0 0 0 0 71 0 0 0 0 0 0 0 0 0 0 24 0 0 95 0 0 47 18 0 0 0 77 0 0 2 42 96 62 30 98 0 31 24 0 0 0 0 0 0 0 0 0 0 0 5 0 36 54 49 0 55 0 0 0 0 0 89 0 0 0 7 0 58 0 
0 0 12 45 81 36 0 0 20 78 0 0 0 54 0 0 0 0 54 28 37 0 0 0 0 58 0 0 33 0 0 0 0 0 54 0 0 0 0 0 11 27 0 0 0 71 0 0 0 48 38 0 77 72 16 0 0 0 83 0 85 20 0 17 69 0 0 94 40 94 0 0 11 62 0 46 2 0 32 0 18 5 63 99 55 0 3 0 0 0 0 51 0 0 0 17 0 0 0 0 
55 6 87 0 0 63 90 94 14 0 0 0 0 0 0 66 0 53 56 37 68 0 65 0 0 0 15 20 0 61 73 0 11 76 0 0 0 0 0 79 48 0 0 100 0 0 53 95 48 0 31 0 11 0 0 0 24 47 0 48 41 0 87 44 0 46 0 0 99 86 55 3 97 70 51 0 0 0 0 0 20 0 0 0 0 45 0 35 0 0 49 55 11 46 0 0 21 0 91 0 
0 0 0 48 0 80 3 0 0 48 68 20 0 0 82 0 3 0 0 0 0 0 8 81 35 0 0 0 0 68 76 52 0 0 0 36 65 60 0 0 0 9 46 66 0 23 86 0 38 31 0 52 85 0 0 0 27 0 51 0 61 94 96 0 74 40 95 0 40 0 54 83 11 0 0 0 4 15 0 22 0 0 0 49 26 91 0 0 0 0 61 75 61 0 0 0 0 35 0 0 
68 0 0 36 0 63 0 0 25 0 28 0 37 0 46 40 0 90 13 0 85 0 47 95 27 69 0 95 69 12 0 0 0 0 0 0 0 0 15 0 0 0 0 73 0 39 83 0 0 0 52 0 0 0 0 0 0 0 0 0 0 27 0 79 11 44 0 72 0 0 98 65 43 25 11 9 44 7 0 0 4 0 24 0 9 0 35 69 0 0 0 0 82 0 0 0 12 0 0 0 
53 21 0 0 0 46 0 0 0 68 0 15 70 0 0 0 0 85 0 34 0 0 0 76 0 0 15 0 0 0 0 30 0 0 48 34 87 0 0 67 0 0 0 0 4 44 4 47 77 11 85 0 0 16 0 0 0 68 0 0 0 48 0 0 29 0 0 0 0 0 2 69 0 0 0 0 70 67 0 0 0 0 31 97 0 0 54 0 66 0 0 71 89 17 0 52 67 0 0 0 
0 24 0 0 0 0 95 28 0 39 66 70 74 0 0 13 76 82 0 37 0 39 0 100 94 98 30 71 68 97 26 0 0 0 0 0 25 0 0 0 0 0 75 0 0 0 90 18 72 0 0 0 16 0 0 78 64 0 36 64 0 72 99 10 0 80 32 0 0 0 0 92 0 0 66 61 0 0 0 0 0 0 0 26 33 0 68 0 37 0 0 0 0 0 48 0 92 0 47 58 
24 0 81 29 86 0 0 0 0 10 54 7 6 0 0 42 0 98 0 30 0 0 0 100 0 41 28 10 30 0 0 0 62 0 0 0 0 0 63 27 75 0 0 0 0 0 0 0 16 0 0 0 0 0 0 55 39 9 88 0 0 0 38 0 0 0 52 0 0 0 0 2 30 15 21 0 0 0 0 0 51 0 0 0 0 0 93 0 0 0 83 59 30 0 30 0 0 67 0 30 
41 59 0 23 54 0 23 47 72 0 94 0 0 72 0 0 60 0 0 0 0 89 0 0 62 0 73 0 0 26 31 87 36 3 54 31 0 68 59 95 41 100 0 0 0 0 0 0 0 0 0 0 0 78 55 0 84 0 67 0 0 0 0 24 0 41 85 0 0 0 0 0 0 0 63 0 0 0 73 0 48 88 0 0 0 0 3 0 38 0 12 0 56 0 0 13 0 52 50 0 
0 0 80 0 92 0 93 0 0 0 0 14 6 39 27 38 24 36 0 39 34 40 86 0 90 0 0 34 52 82 60 0 0 0 0 0 0 0 52 0 0 41 0 0 58 0 95 0 0 24 27 0 0 64 39 84 0 0 88 0 80 0 75 0 0 70 0 73 88 83 0 16 0 13 37 0 0 0 38 79 0 73 0 0 14 0 0 7 0 59 0 0 0 100 0 0 0 2 0 0 
54 8 0 88 0 62 0 0 0 76 8 55 0 0 2 9 0 35 38 0 59 0 0 0 0 40 63 1 87 0 61 0 0 0 0 0 88 0 0 0 82 76 29 8 48 53 0 77 0 47 0 0 68 0 9 0 0 0 26 0 48 0 0 0 0 0 0 62 0 77 0 0 0 0 0 0 0 0 91 0 57 0 0 0 0 54 65 0 78 0 23 82 0 0 0 15 97 0 8 97 
44 0 0 51 0 12 0 0 0 73 0 0 0 58 55 18 24 0 17 0 0 0 0 0 0 0 72 0 51 83 21 0 0 0 81 0 0 60 45 87 0 0 92 0 0 63 0 0 83 0 51 0 0 36 88 67 88 26 0 0 0 93 31 0 0 1 74 22 0 35 0 0 68 0 13 3 0 0 47 82 0 0 45 75 0 0 96 33 0 0 0 66 0 0 91 0 65 71 0 0 
92 1 0 0 63 77 70 0 0 0 70 0 0 0 0 74 18 0 3 1 0 0 71 0 0 0 72 78 84 67 0 0 0 12 7 1 0 76 0 35 72 0 0 0 16 46 33 0 0 48 0 0 0 64 0 0 0 0 0 0 0 0 2 0 15 0 60 0 0 0 15 77 0 43 0 60 0 8 0 10 0 27 0 0 16 0 0 0 69 0 0 0 95 48 46 63 0 57 0 0 
61 0 97 84 0 0 78 0 0 77 0 0 0 75 49 0 15 77 0 0 0 98 0 0 84 0 29 18 10 0 0 48 0 79 76 54 0 81 8 0 0 71 30 0 59 30 5 2 85 41 61 0 0 0 0 0 80 48 0 0 0 79 0 25 51 0 0 13 41 86 39 42 0 6 0 0 0 0 0 0 0 43 0 0 0 67 0 0 7 41 49 0 0 7 71 0 77 82 0 12 
0 0 3 0 23 0 0 0 0 0 0 50 49 50 0 0 0 24 0 0 0 82 95 0 23 0 0 1 0 72 0 49 22 98 0 0 15 91 0 0 0 88 0 0 0 0 0 42 20 0 94 27 48 72 0 0 0 0 93 0 79 0 21 0 69 0 0 0 0 32 0 0 0 0 0 0 0 0 0 0 31 0 24 0 97 83 0 0 65 0 71 59 53 0 40 13 0 43 0 0 
0 0 62 0 29 91 0 46 25 0 49 12 0 0 25 0 84 0 99 0 0 22 77 0 0 0 99 0 47 0 0 0 66 0 0 79 0 66 25 71 92 83 20 32 0 26 0 96 0 87 96 0 0 99 38 0 75 0 31 2 0 21 0 82 0 0 22 65 77 0 32 0 0 0 0 56 60 0 0 75 0 0 0 0 94 49 83 96 81 0 0 0 0 40 59 21 0 0 93 0 
14 0 19 0 0 0 0 0 0 88 93 0 0 0 96 53 0 0 0 81 84 0 0 87 0 32 0 79 16 12 67 0 86 60 0 51 0 0 0 0 45 0 0 0 0 0 0 62 17 44 0 79 0 10 0 24 0 0 0 0 25 0 82 0 0 0 82 96 100 12 0 0 0 0 74 0 79 35 0 0 92 0 0 0 12 78 0 0 90 0 91 0 0 0 0 95 0 42 85 0 
9 61 0 92 62 49 0 0 72 0 0 1 0 71 0 91 48 8 21 0 86 83 0 0 76 0 44 0 23 15 13 86 0 0 19 0 75 0 99 28 0 80 28 0 0 27 98 30 69 0 74 11 29 0 0 0 0 0 0 15 51 69 0 0 0 0 82 0 60 0 0 20 72 0 0 46 0 51 0 28 0 0 0 76 20 0 10 75 80 70 0 0 0 0 0 0 0 0 0 0 
0 0 0 0 10 0 0 0 11 0 0 0 81 3 7 29 37 90 34 0 0 3 18 0 74 0 0 2 0 0 0 0 0 0 49 0 0 0 0 43 0 0 92 0 61 29 41 98 0 46 40 44 0 80 0 41 70 0 1 0 0 0 0 0 0 0 0 45 85 0 99 0 2 0 0 70 0 0 58 72 0 2 0 62 44 0 0 0 69 0 22 51 60 45 0 0 29 59 0 0 
92 52 0 0 0 87 0 22 0 0 0 88 13 0 0 96 76 97 0 5 0 0 0 0 85 0 0 0 48 0 74 0 42 88 0 0 0 0 0 96 0 66 12 0 0 0 0 0 0 0 95 0 0 32 52 85 0 0 74 60 0 0 22 82 82 0 0 29 0 0 83 0 0 0 11 0 63 28 0 56 75 0 4 83 50 0 69 0 57 95 0 86 0 0 0 70 22 0 90 0 
0 70 0 78 0 0 57 0 0 48 0 0 9 0 0 0 98 20 44 0 0 0 0 23 62 0 65 0 98 0 0 58 42 0 0 0 59 37 63 0 43 0 0 70 0 0 76 31 94 0 0 72 0 0 0 0 73 62 22 0 13 0 65 96 0 45 29 0 0 0 40 23 18 0 0 0 34 1 21 0 0 46 0 0 0 88 0 59 85 0 51 0 0 0 0 79 0 0 0 0 
51 15 0 0 0 0 0 0 64 16 52 0 0 49 75 0 0 0 0 38 68 0 0 0 0 31 99 0 0 0 10 0 93 28 73 94 0 31 0 91 3 73 0 0 82 0 0 24 40 99 40 0 0 0 0 0 88 0 0 0 41 0 77 100 60 85 0 0 0 0 60 0 40 0 47 0 62 68 21 0 45 68 4 42 28 43 0 0 71 8 0 97 83 0 45 55 0 0 0 77 
0 0 55 0 49 50 0 27 0 13 9 0 23 65 33 0 0 0 0 0 14 41 0 89 0 27 0 0 0 0 25 1 0 41 0 0 0 50 0 0 79 0 0 0 0 7 0 0 94 86 0 0 0 0 0 0 83 77 35 0 86 32 0 12 0 0 0 0 0 0 0 79 0 0 38 2 42 0 16 0 71 41 36 63 0 84 20 29 0 0 13 90 68 0 0 55 0 0 83 0 
0 100 84 0 0 0 27 20 0 69 36 41 90 0 28 0 52 0 0 0 67 90 50 0 28 17 0 0 0 50 0 93 0 12 36 0 0 87 0 0 0 86 37 0 0 0 0 0 0 55 54 98 2 0 0 0 0 0 0 15 39 0 32 0 0 99 83 40 60 0 0 54 12 80 10 0 0 0 0 0 50 0 31 0 0 66 0 90 22 99 51 0 91 0 0 48 0 14 0 0 
62 0 97 0 0 76 31 91 53 0 0 0 0 36 0 0 0 12 29 0 0 0 99 0 0 30 0 0 0 52 0 29 30 19 0 0 32 0 30 0 0 0 0 46 99 58 43 0 0 3 83 65 69 92 2 0 16 0 0 77 42 0 0 0 20 0 0 23 0 79 54 0 0 0 84 73 8 0 0 0 0 0 0 0 0 0 50 0 19 99 14 0 78 0 12 0 0 98 73 20 
0 94 0 0 57 42 0 0 31 80 92 36 8 0 0 0 0 0 0 4 0 35 0 0 0 0 0 0 0 0 16 21 0 90 77 7 0 0 0 0 63 30 99 0 0 31 83 0 11 97 11 43 0 0 30 0 0 0 68 0 0 0 0 0 72 2 0 18 40 0 12 0 0 0 72 0 68 0 0 0 0 0 77 81 92 0 34 94 0 0 12 0 4 45 0 20 21 2 0 66 
0 0 0 0 0 0 95 11 0 34 37 0 84 0 54 0 0 69 26 0 0 0 0 67 0 0 49 59 95 4 0 54 0 0 42 17 14 27 0 0 51 0 0 36 0 4 16 0 62 70 0 25 0 0 15 0 13 0 0 43 6 0 0 0 0 0 0 0 0 0 80 0 0 0 0 0 0 7 0 0 0 0 56 0 0 0 29 1 25 0 0 0 0 0 0 48 12 0 0 0 
0 45 40 29 50 0 0 84 95 35 54 83 72 9 0 0 89 95 0 26 40 45 0 72 0 0 55 0 0 0 0 56 10 0 0 0 89 26 0 89 0 0 0 37 0 0 0 0 0 51 0 11 0 66 21 63 37 0 13 0 0 0 0 74 0 0 11 0 47 38 10 84 72 0 0 0 0 0 67 95 39 0 87 59 40 20 0 26 0 68 45 0 70 69 0 0 0 0 0 0 
0 68 6 0 71 85 0 0 0 0 0 0 0 78 62 0 56 11 0 40 0 36 0 0 0 0 0 0 84 0 0 0 0 26 21 89 0 78 0 23 0 11 63 0 45 80 29 0 46 0 0 9 0 61 0 0 0 0 3 60 0 0 56 0 46 70 0 0 0 2 0 73 0 0 0 0 96 0 0 65 69 0 23 0 0 72 56 0 90 0 0 0 53 81 0 11 0 34 0 0 
28 60 16 0 63 0 0 0 85 0 12 0 0 0 33 0 0 9 14 17 0 0 0 0 49 0 0 96 0 5 0 0 74 6 0 39 47 7 67 0 0 5 7 59 0 0 89 0 2 0 4 44 70 0 0 0 0 0 0 0 0 0 60 79 0 0 63 34 62 42 0 8 68 0 0 96 0 0 0 0 5 0 15 0 0 0 0 76 0 64 0 41 0 0 67 47 88 51 0 5 
0 69 0 21 98 99 0 0 27 0 0 0 10 4 0 5 10 21 0 35 0 0 76 0 98 11 78 14 0 53 0 0 0 0 77 35 0 0 0 0 0 0 70 80 65 48 0 0 0 0 15 7 67 0 0 0 0 0 0 8 0 0 0 35 51 0 28 1 68 0 0 0 0 7 0 0 0 0 0 63 66 91 62 0 32 0 0 0 0 7 39 0 0 0 33 0 17 0 0 100 
75 0 97 6 85 87 0 0 0 16 0 0 6 0 0 85 0 49 44 0 0 0 0 76 49 16 0 0 10 0 0 0 25 71 28 0 0 0 0 56 0 0 0 0 0 76 0 0 32 0 0 0 0 0 0 73 38 91 47 0 0 0 0 0 0 58 0 21 21 16 0 0 0 0 67 0 0 0 0 15 0 0 0 89 0 74 0 54 94 97 83 0 45 99 0 0 0 0 55 0 
0 0 42 57 26 0 0 1 93 0 0 0 0 0 39 90 0 96 0 75 0 40 4 96 77 99 47 0 32 0 0 0 0 27 0 0 0 0 0 100 0 0 0 84 0 9 0 0 0 0 22 0 0 0 0 0 79 0 82 10 0 0 75 0 28 72 56 0 0 0 0 0 0 0 95 65 0 63 15 0 0 0 76 48 39 74 0 85 0 0 0 23 0 63 0 0 78 0 66 0 
13 32 0 45 0 0 0 83 78 0 44 0 0 22 0 0 0 66 19 0 0 97 0 11 8 90 0 0 85 15 88 10 76 0 0 0 0 0 0 84 46 74 6 6 0 17 95 5 18 20 0 4 0 0 51 48 0 57 0 0 0 31 0 92 0 0 75 0 45 71 50 0 0 0 39 69 5 66 0 0 0 0 0 68 90 7 0 0 10 39 0 0 0 0 54 97 0 0 90 0 
73 0 0 85 62 28 68 0 24 65 84 0 2 62 0 68 86 66 46 0 0 25 83 0 0 58 84 53 96 0 0 0 0 0 0 0 0 10 93 15 0 39 19 45 94 0 0 0 5 0 0 0 0 0 0 88 73 0 0 27 43 0 0 0 0 2 0 46 68 41 0 0 0 0 0 0 0 91 0 0 0 0 81 22 80 80 0 0 0 100 59 16 36 48 74 33 40 92 0 0 
0 0 61 27 13 0 38 77 37 76 0 0 0 0 12 0 0 0 17 77 0 0 56 0 57 0 36 0 0 0 23 0 0 5 93 50 60 71 45 71 0 34 0 64 78 52 0 36 63 0 0 24 31 0 0 0 0 0 45 0 0 24 0 0 0 0 4 0 4 36 31 0 77 56 87 23 15 62 0 76 0 81 0 0 0 0 61 0 0 0 49 0 57 43 39 0 0 0 0 8 
63 66 68 0 0 0 4 89 85 35 0 78 6 0 84 0 99 0 0 0 0 0 56 99 30 0 69 0 14 0 0 0 23 98 0 0 0 52 0 70 0 36 0 19 11 0 9 54 99 0 49 0 97 26 0 0 0 0 75 0 0 0 0 0 76 62 83 0 42 63 0 0 81 0 59 0 0 0 89 48 68 22 0 0 0 0 60 0 0 0 0 0 55 84 98 60 23 3 36 84 
39 94 0 79 15 59 0 0 0 0 0 0 98 0 0 11 0 46 38 18 0 70 0 41 92 0 0 0 0 0 0 27 0 0 33 98 90 0 76 96 0 88 73 71 24 0 0 49 55 0 26 9 0 33 0 0 14 0 0 16 0 97 94 12 20 44 50 0 28 0 0 0 92 0 40 0 0 32 0 39 90 80 0 0 0 88 30 0 0 0 0 10 0 0 34 0 72 74 78 0 
0 0 80 0 0 0 0 100 0 61 0 0 0 0 0 0 79 34 0 0 0 0 76 48 0 83 0 12 82 73 0 31 56 84 0 10 0 0 62 35 97 92 0 81 59 47 0 0 0 45 91 0 0 0 0 0 0 54 0 0 67 83 49 78 0 0 0 88 43 84 66 0 0 0 20 72 0 0 74 74 7 80 0 0 88 0 0 0 0 33 0 22 0 0 0 16 79 0 0 0 
80 2 3 41 0 32 0 22 0 29 7 3 0 0 0 25 0 0 0 10 0 0 96 0 0 0 73 0 85 96 0 53 74 100 0 63 66 0 0 0 0 32 55 0 89 0 0 55 3 0 0 35 54 68 93 3 0 65 96 0 0 0 83 0 10 0 69 0 0 20 0 50 34 29 0 56 0 0 0 0 0 0 61 60 30 0 0 66 86 0 0 0 0 76 1 0 0 0 0 24 
0 4 0 70 0 65 75 0 4 15 0 0 34 0 28 0 0 87 35 71 71 0 0 60 38 0 0 0 0 0 69 7 9 0 0 0 59 27 0 85 0 14 0 75 23 80 0 0 0 35 0 69 0 0 0 0 7 0 33 0 0 0 96 0 75 0 0 59 0 29 90 0 94 1 26 0 76 0 54 85 0 0 0 0 0 0 66 0 40 92 85 65 0 29 0 0 82 0 77 0 
0 72 0 0 66 69 30 88 0 0 0 0 0 71 0 77 0 0 86 0 0 0 0 95 3 0 61 0 34 71 0 81 14 24 18 0 0 53 1 58 0 0 0 58 0 39 0 0 0 0 0 0 66 37 0 38 0 78 0 69 7 65 81 90 80 69 57 85 71 0 22 19 0 25 0 90 0 0 94 0 10 0 0 0 0 0 86 40 0 21 98 0 0 25 19 0 13 0 0 87 
41 0 5 81 80 44 60 0 0 0 0 0 98 0 7 50 0 0 0 1 37 59 0 0 5 0 0 0 0 100 0 94 12 42 0 47 0 0 6 66 0 0 0 0 0 64 0 0 0 0 0 0 0 0 0 0 59 0 0 0 41 0 0 0 70 0 95 0 8 0 99 99 0 0 68 0 64 7 97 0 39 100 0 0 0 33 0 92 21 0 4 0 0 71 29 85 0 68 0 0 
3 33 0 76 63 11 100 72 0 50 22 0 58 25 1 0 0 0 77 0 65 0 0 0 44 0 0 0 0 8 49 0 45 0 0 66 0 3 0 11 0 13 0 0 0 60 51 0 0 49 61 0 0 0 83 12 0 23 0 0 49 71 0 91 0 22 0 51 0 13 51 14 12 0 45 0 0 39 83 0 0 59 49 0 0 0 0 85 98 4 0 0 89 0 0 84 0 0 77 66 
0 0 22 0 0 0 0 22 0 0 0 0 0 0 0 0 27 38 2 0 0 0 19 0 31 12 0 0 7 11 0 16 96 97 0 0 0 0 37 0 89 0 0 54 0 0 0 0 51 55 75 0 71 0 59 0 0 82 66 0 0 59 0 0 0 51 86 0 97 90 0 0 0 0 0 0 41 0 0 23 0 16 0 0 10 22 0 65 0 0 0 0 52 0 62 33 0 0 0 0 
36 0 0 0 59 0 0 0 72 16 90 0 0 0 0 0 83 0 0 82 0 36 76 25 0 0 0 0 98 0 0 98 0 34 0 0 0 0 0 0 79 0 66 0 0 0 69 89 0 11 61 82 89 0 30 56 0 0 0 95 0 53 0 0 0 60 0 0 83 68 91 78 4 0 70 53 0 0 45 0 0 36 57 55 0 0 0 0 0 0 89 52 0 19 0 55 0 31 0 9 
0 92 71 90 97 22 28 28 23 0 0 0 0 19 81 0 50 0 67 35 0 0 0 0 0 0 0 0 0 0 0 0 93 0 61 0 35 0 0 47 0 0 54 0 67 0 0 0 0 46 0 0 17 0 0 0 100 0 0 48 7 0 40 0 0 45 0 0 0 0 0 0 45 0 69 81 0 0 99 63 0 48 43 84 0 0 76 29 25 71 0 0 19 0 25 0 0 0 0 0 
0 0 0 21 0 7 0 0 0 17 0 0 0 0 48 0 85 0 0 0 53 42 0 24 0 0 0 80 0 0 0 87 41 0 57 23 0 0 0 47 0 5 29 0 89 0 0 0 0 0 0 0 0 48 30 0 0 0 91 46 71 40 59 0 0 0 0 0 45 0 0 12 0 0 0 0 67 33 0 0 54 74 39 98 34 0 1 0 19 29 0 62 0 25 0 0 61 73 0 2 
0 0 0 0 0 0 0 33 78 0 0 0 0 0 0 0 0 15 73 91 0 61 0 35 0 9 2 64 0 66 26 0 27 65 72 62 76 19 0 90 0 0 0 0 42 12 0 0 17 0 0 0 52 0 0 13 0 15 0 63 0 13 21 95 0 0 70 79 55 55 48 0 20 48 0 11 47 0 0 0 97 33 0 60 0 16 0 0 0 85 84 33 55 0 0 0 0 0 100 44 
0 0 0 45 0 42 39 0 38 0 29 0 90 47 0 18 0 0 35 0 0 0 55 38 51 2 0 68 10 0 0 0 0 39 0 93 0 49 0 0 0 0 0 0 0 58 59 7 0 21 0 12 67 92 0 0 0 97 65 0 77 0 0 0 0 29 22 0 0 0 0 0 21 12 0 0 88 17 0 78 0 40 0 23 72 79 0 82 13 0 0 0 0 0 61 0 0 56 28 57 
0 71 78 0 0 0 43 28 0 90 87 0 0 0 18 94 83 38 0 0 0 0 66 98 0 64 0 28 0 50 53 0 32 0 0 0 0 0 41 0 19 74 70 77 0 89 85 0 0 0 35 0 0 0 67 52 2 0 71 57 82 43 0 42 0 59 0 0 0 0 14 98 2 0 0 34 51 0 0 0 0 92 0 3 74 0 0 0 0 68 0 0 31 0 73 0 56 0 5 0 
0 0 93 83 0 16 57 0 1 37 0 0 0 0 73 0 0 92 98 52 0 0 0 30 100 28 0 31 0 0 0 41 43 0 0 0 17 0 0 0 0 0 0 30 0 66 52 58 0 91 0 0 0 47 0 50 0 8 0 0 0 0 93 85 0 0 90 0 0 83 0 73 0 0 0 0 0 0 55 66 90 0 0 36 78 0 0 77 0 0 77 0 0 0 0 100 28 5 0 0 
0 0 26 0 0 0 0 0 53 83 0 0 0 0 0 0 0 12 0 0 0 76 0 53 0 63 0 0 0 41 90 0 5 41 0 0 0 0 87 77 0 0 51 0 84 0 0 0 0 0 0 0 0 58 30 0 0 97 0 0 12 0 0 0 0 0 0 0 77 0 0 20 66 0 0 0 5 100 0 0 0 0 8 84 0 0 24 0 87 0 66 0 9 0 2 44 57 0 0 0 
