0 0 72 61 0 0 0 0 0 0 0 0 0 0 65 92 0 28 0 88 0 0 0 28 0 44 0 0 0 0 0 15 0 0 37 0 0 87 51 0 0 0 11 0 0 0 1 0 0 0 8 94 0 49 0 63 0 87 0 89 0 4 86 0 0 43 0 0 77 0 0 0 0 46 7 0 0 0 0 0 0 0 16 0 0 0 0 0 0 43 0 0 0 46 0 0 64 0 0 0 
0 0 0 0 0 0 0 0 48 0 0 0 0 0 0 0 0 0 63 0 83 0 0 0 0 53 0 0 0 0 10 0 0 89 0 61 0 83 0 0 44 0 0 0 0 0 19 0 0 0 0 0 0 71 81 7 0 87 0 0 0 0 0 0 0 0 0 0 0 0 3 0 0 9 99 0 0 0 0 0 0 0 0 0 0 0 0 0 0 0 54 0 0 0 0 0 0 0 0 90 
72 0 0 0 0 0 90 0 0 93 81 0 0 0 0 0 0 0 41 0 16 93 92 0 64 0 0 65 0 82 29 0 17 12 0 0 0 0 0 0 48 0 0 0 0 97 0 0 0 80 0 67 0 0 0 81 86 0 0 78 44 0 0 0 0 0 0 88 24 0 0 0 0 0 0 0 0 0 0 0 0 0 9 0 56 0 97 0 0 0 0 46 0 93 0 0 0 0 0 25 
61 0 0 0 0 0 0 44 0 0 50 0 0 0 0 87 0 0 0 0 0 0 0 91 0 0 22 50 83 0 36 0 2 0 23 55 0 42 0 0 0 0 86 38 0 0 0 0 0 53 0 0 2 19 0 0 0 0 0 0 0 0 38 0 0 0 0 88 13 87 0 66 0 69 0 0 0 0 39 0 0 0 0 0 0 0 92 0 0 0 88 0 99 7 87 0 0 0 0 0 
0 0 0 0 0 0 0 0 1 0 39 0 0 0 0 0 0 0 0 0 0 0 0 0 0 0 0 51 80 0 0 0 0 89 51 0 56 0 0 0 13 0 0 0 0 0 0 61 100 0 0 0 0 0 0 92 0 0 0 0 56 74 0 0 0 0 0 61 0 0 0 0 0 28 0 39 0 0 0 0 0 0 0 0 0 0 37 0 0 0 0 24 0 0 42 0 18 19 86 0 
0 0 0 0 0 0 51 0 0 0 30 0 0 2 0 0 0 0 0 0 0 99 69 0 0 0 0 0 75 15 0 0 30 0 7 0 0 0 0 0 0 0 0 0 91 98 0 0 0 0 0 0 8 0 0 0 0 7 0 12 0 0 0 0 0 0 0 29 0 43 0 48 0 0 40 0 0 0 0 79 0 12 0 64 14 56 0 0 41 0 0 0 34 80 0 0 0 0 13 53 
0 0 90 0 0 51 0 0 0 0 80 0 0 0 20 0 96 86 0 5 98 0 0 0 0 0 0 0 0 0 0 74 0 0 57 0 22 0 0 0 0 0 0 0 15 96 0 0 0 0 0 64 0 0 0 54 63 0 0 0 0 83 0 0 0 0 0 0 0 0 0 0 100 0 0 0 0 0 0 0 8 0 0 0 0 48 46 0 0 0 18 0 0 0 6 61 0 0 14 0 
0 0 0 44 0 0 0 0 24 97 0 0 0 0 0 12 57 14 0 0 0 0 92 0 0 0 76 0 0 0 91 29 0 0 37 0 0 0 0 0 0 0 0 0 0 0 0 0 0 0 36 60 17 0 16 0 0 0 0 0 0 30 0 0 5 0 0 0 0 48 0 0 0 0 0 1 96 73 0 0 0 0 44 0 0 0 5 0 0 0 0 0 29 0 0 50 0 0 0 0 
0 48 0 0 1 0 0 24 0 0 38 0 0 0 0 0 0 0 69 72 81 68 0 17 0 0 0 0 0 17 0 0 0 75 0 0 71 0 59 0 0 0 0 0 38 0 0 0 0 0 100 9 0 0 0 50 0 0 70 0 0 0 41 0 19 0 0 46 0 0 0 0 72 0 0 0 77 0 0 0 27 67 0 61 59 0 30 0 100 0 0 0 0 0 40 0 0 0 0 0 
0 0 93 0 0 0 0 97 0 0 0 0 35 0 16 32 0 0 0 0 0 0 0 95 0 0 0 5 0 0 0 82 0 0 0 0 0 78 0 0 0 0 91 0 0 73 0 0 68 0 73 3 66 0 0 57 0 0 71 0 15 0 32 0 0 92 14 0 0 22 0 0 0 0 0 48 79 0 0 0 0 81 0 15 0 73 0 0 0 0 20 0 0 0 0 93 97 0 0 0 
0 0 81 50 39 30 80 0 38 0 0 0 0 0 0 0 0 74 73 0 0 0 37 56 0 63 0 0 0 0 0 0 0 0 0 0 0 0 0 0 0 0 0 0 0 0 29 0 0 0 13 0 0 71 0 48 41 5 27 0 92 0 0 0 0 0 0 0 0 0 0 30 0 86 42 0 0 0 0 99 0 0 0 0 0 0 0 0 0 0 0 39 0 95 0 0 36 37 33 0 
0 0 0 0 0 0 0 0 0 0 0 0 53 0 0 0 0 0 0 77 0 97 0 35 83 22 0 36 0 12 0 0 0 0 0 0 0 0 40 0 0 0 31 33 63 0 0 83 0 0 49 0 0 20 34 63 0 0 0 0 0 63 82 0 0 0 0 31 0 0 0 0 0 0 0 0 22 49 37 0 0 0 0 0 29 0 0 98 0 54 53 91 0 0 0 72 37 0 0 0 
0 0 0 0 0 0 0 0 0 35 0 53 0 0 0 79 81 0 0 0 0 0 0 0 0 0 0 0 0 0 66 0 0 0 0 5 0 44 0 0 0 0 0 0 0 0 0 48 50 0 89 82 47 0 0 0 37 0 58 0 0 0 0 96 0 0 0 65 0 0 25 0 51 7 0 0 75 82 0 0 0 0 0 0 0 0 0 2 0 0 0 0 0 0 0 0 1 0 0 0 
0 0 0 0 0 2 0 0 0 0 0 0 0 0 0 0 0 0 0 65 0 7 0 0 0 0 50 0 0 0 0 99 0 0 0 27 0 0 0 0 0 74 76 0 0 82 0 0 0 82 0 0 0 0 0 12 0 0 28 0 0 0 28 0 0 0 0 55 0 0 0 0 61 0 0 7 0 0 0 0 0 0 0 0 0 32 0 0 50 0 0 0 65 0 0 0 78 0 51 0 
65 0 0 0 0 0 20 0 0 16 0 0 0 0 0 0 62 99 0 0 0 0 0 0 62 32 0 0 6 0 0 0 0 0 0 0 0 0 48 0 11 18 53 0 0 0 0 0 61 0 58 32 0 0 0 0 50 0 0 0 0 0 41 51 25 10 0 0 0 0 53 0 0 3 0 88 0 0 0 0 0 0 57 0 0 38 26 46 0 0 0 0 0 0 0 0 89 52 0 0 
92 0 0 87 0 0 0 12 0 32 0 0 79 0 0 0 0 0 36 0 0 73 75 0 0 29 0 25 0 66 0 0 0 0 56 0 0 64 0 0 37 0 10 76 0 0 34 0 0 32 45 0 0 17 0 0 0 0 0 34 0 28 0 0 0 0 0 0 0 47 0 0 0 0 0 0 0 0 92 0 73 0 52 14 21 0 0 0 0 0 75 0 0 0 0 0 0 0 0 58 
0 0 0 0 0 0 96 57 0 0 0 0 81 0 62 0 0 0 0 81 0 0 0 17 28 0 90 0 0 0 0 0 7 0 0 31 0 0 0 0 0 0 8 3 0 9 0 68 0 25 0 0 0 0 0 0 0 46 33 0 0 0 44 0 20 0 0 21 0 0 0 0 0 0 0 0 0 0 23 0 0 49 0 50 28 84 71 0 0 19 96 0 0 95 66 0 0 0 0 0 
28 0 0 0 0 0 86 14 0 0 74 0 0 0 99 0 0 0 36 0 87 14 0 0 7 0 0 0 0 0 0 54 60 0 0 0 0 0 0 0 0 0 9 0 0 0 10 70 0 0 0 0 0 0 0 0 68 0 59 0 0 0 0 0 0 0 0 0 0 0 0 0 81 10 0 0 0 62 0 0 68 0 0 0 10 0 0 0 0 0 0 0 80 0 0 81 0 0 0 0 
0 63 41 0 0 0 0 0 69 0 73 0 0 0 0 36 0 36 0 97 88 0 0 13 0 0 12 0 0 0 0 0 0 0 0 0 0 44 66 18 0 0 18 0 0 86 0 0 0 0 66 99 0 0 0 0 0 88 48 70 12 0 23 0 0 0 0 0 58 0 0 0 10 0 0 6 0 0 0 0 0 0 98 0 0 0 0 0 75 45 0 0 0 0 0 82 0 0 28 0 
88 0 0 0 0 0 5 0 72 0 0 77 0 65 0 0 81 0 97 0 0 0 0 0 0 64 0 0 58 13 41 0 82 0 0 0 52 24 0 91 0 1 46 0 0 34 0 0 0 0 0 0 0 0 0 0 0 0 0 53 0 0 47 0 0 0 0 0 0 0 0 0 9 0 0 0 0 0 0 0 0 75 0 0 0 7 58 0 0 0 0 0 0 0 0 34 0 74 0 0 
0 83 16 0 0 0 98 0 81 0 0 0 0 0 0 0 0 87 88 0 0 0 0 0 35 0 0 30 0 80 9 24 0 0 0 16 0 0 0 0 0 0 0 0 0 0 82 0 0 0 0 19 0 0 93 0 0 0 0 0 0 58 87 0 0 0 13 0 75 0 0 0 0 0 16 0 35 0 87 0 0 0 64 0 0 0 41 0 0 0 28 0 43 79 0 0 0 0 0 0 
0 0 93 0 0 99 0 0 68 0 0 97 0 7 0 73 0 14 0 0 0 0 0 0 70 0 0 64 0 0 0 0 0 0 0 0 0 0 0 57 41 37 0 0 0 0 0 44 0 0 0 0 0 11 0 0 0 0 0 0 17 0 0 0 0 19 0 0 0 72 0 0 0 0 62 0 0 0 0 0 0 25 0 0 0 0 47 0 0 100 0 86 0 39 0 0 0 0 0 51 
0 0 92 0 0 69 0 92 0 0 37 0 0 0 0 75 0 0 0 0 0 0 0 0 0 0 0 75 71 74 0 0 0 4 0 96 0 0 0 15 0 0 77 78 0 0 0 0 0 0 0 0 26 90 0 0 0 0 0 0 99 0 0 0 91 0 0 0 0 0 61 38 0 30 0 0 0 0 0 78 0 0 0 0 41 0 78 69 0 0 0 48 14 87 0 0 30 0 0 0 
28 0 0 91 0 0 0 0 17 95 56 35 0 0 0 0 17 0 13 0 0 0 0 0 34 0 0 0 45 0 78 0 72 0 0 0 0 0 0 0 4 0 0 0 0 0 0 33 75 0 0 0 0 6 0 42 0 0 0 0 42 0 0 0 0 88 0 0 0 84 0 0 95 85 0 90 0 0 0 59 90 0 0 0 0 0 100 0 12 75 0 22 0 0 0 16 0 0 0 0 
0 0 64 0 0 0 0 0 0 0 0 83 0 0 62 0 28 7 0 0 35 70 0 34 0 0 0 0 0 0 0 0 0 0 12 0 0 11 0 96 87 44 29 0 45 8 3 0 0 0 0 67 0 61 0 16 0 94 0 0 0 0 0 0 0 0 3 0 52 0 0 0 0 0 19 0 0 0 0 0 0 0 0 0 0 0 0 0 97 58 0 0 44 0 0 47 34 22 0 0 
44 53 0 0 0 0 0 0 0 0 63 22 0 0 32 29 0 0 0 64 0 0 0 0 0 0 0 0 0 0 80 34 0 59 0 0 0 0 0 37 0 5 78 0 0 0 49 0 0 0 0 0 0 0 56 0 0 0 0 0 0 0 0 0 0 0 0 0 15 0 0 0 0 0 92 0 0 0 0 0 4 0 0 87 49 0 0 0 7 19 0 0 0 0 0 0 65 0 0 0 
0 0 0 22 0 0 0 76 0 0 0 0 0 50 0 0 90 0 12 0 0 0 0 0 0 0 0 0 31 0 0 53 0 6 0 0 57 0 0 61 0 0 0 0 0 1 0 49 0 1 15 0 61 0 0 83 0 17 0 0 0 0 0 42 76 0 9 0 0 3 0 0 55 0 0 44 0 0 0 85 0 0 41 66 0 0 0 0 0 45 0 0 0 46 0 44 0 0 0 82 
0 0 65 50 51 0 0 0 0 5 0 36 0 0 0 25 0 0 0 0 30 64 75 0 0 0 0 0 0 0 0 0 24 0 53 0 0 39 0 70 99 0 0 0 0 98 0 0 0 0 0 0 0 0 58 72 0 0 53 0 0 91 0 0 0 0 0 80 0 0 58 0 67 0 100 0 0 0 0 56 0 0 18 65 0 0 0 39 0 0 0 0 47 0 52 19 0 0 0 0 
0 0 0 83 80 75 0 0 0 0 0 0 0 0 6 0 0 0 0 58 0 0 71 45 0 0 31 0 0 0 0 0 0 54 0 36 0 0 0 0 0 66 0 0 7 92 0 0 0 0 0 31 11 24 0 31 0 0 0 0 0 0 37 0 0 0 0 0 0 0 0 0 0 0 0 0 0 0 0 0 0 0 67 0 0 0 85 0 88 0 30 62 0 0 88 0 2 0 0 0 
0 0 82 0 0 15 0 0 17 0 0 12 0 0 0 66 0 0 0 13 80 0 74 0 0 0 0 0 0 0 13 0 26 0 76 0 88 0 47 44 0 0 0 91 0 0 0 53 0 0 0 0 0 0 45 0 0 0 0 53 0 0 0 0 41 14 0 0 1 0 33 0 2 0 64 0 66 0 0 25 0 0 0 63 0 0 0 0 0 0 0 0 95 0 0 0 5 89 0 0 
0 10 29 36 0 0 0 91 0 0 0 0 66 0 0 0 0 0 0 41 9 0 0 78 0 80 0 0 0 13 0 0 0 0 0 0 0 50 73 0 56 57 30 43 0 0 0 0 0 0 0 97 28 0 0 71 0 0 0 0 0 0 0 0 0 0 92 0 0 0 45 42 0 0 4 0 0 0 0 0 43 4 0 0 0 29 0 0 87 0 0 0 49 0 34 0 0 0 0 94 
15 0 0 0 0 0 74 29 0 82 0 0 0 99 0 0 0 54 0 0 24 0 0 0 0 34 53 0 0 0 0 0 0 0 0 0 0 0 0 0 0 0 81 0 0 0 75 93 0 88 20 0 0 0 0 0 0 0 0 0 0 0 0 0 0 28 0 0 0 0 0 59 0 0 0 0 0 96 0 0 0 0 0 0 0 38 0 3 0 0 0 0 99 0 50 0 0 0 0 68 
0 0 17 2 0 30 0 0 0 0 0 0 0 0 0 0 7 60 0 82 0 0 0 72 0 0 0 24 0 26 0 0 0 56 0 0 0 0 94 54 0 0 0 0 0 0 0 12 0 0 61 0 97 0 35 0 0 0 39 0 0 0 0 77 77 62 0 0 0 45 0 0 0 0 0 0 98 81 38 0 0 0 57 23 0 87 0 0 42 0 0 0 0 0 46 98 0 0 0 0 
0 89 12 0 89 0 0 0 75 0 0 0 0 0 0 0 0 0 0 0 0 0 4 0 0 59 6 0 54 0 0 0 56 0 0 0 0 0 81 0 26 0 0 0 0 0 10 0 21 5 0 0 0 53 0 0 0 1 0 61 98 0 0 18 0 0 0 0 17 0 79 41 0 0 0 37 0 0 92 0 4 0 0 0 0 0 0 0 0 0 30 0 0 61 0 17 76 0 0 0 
37 0 0 23 51 7 57 37 0 0 0 0 0 0 0 56 0 0 0 0 0 0 0 0 12 0 0 53 0 76 0 0 0 0 0 0 0 0 0 0 0 0 0 21 0 0 70 0 0 0 73 0 0 0 0 0 0 0 0 0 0 0 0 0 0 0 0 0 0 0 33 19 0 0 0 62 52 0 0 27 0 0 0 0 0 0 0 0 0 0 0 4 0 0 0 57 0 8 71 39 
0 61 0 55 0 0 0 0 0 0 0 0 5 27 0 0 31 0 0 0 16 0 96 0 0 0 0 0 36 0 0 0 0 0 0 0 37 0 0 0 0 0 0 0 69 5 0 0 35 0 0 0 0 0 42 0 17 0 0 50 0 36 0 18 0 0 0 0 0 0 0 0 0 0 43 19 0 0 0 70 32 0 20 5 14 0 0 0 0 28 0 0 0 0 2 44 0 0 0 0 
0 0 0 0 56 0 22 0 71 0 0 0 0 0 0 0 0 0 0 52 0 0 0 0 0 0 57 0 0 88 0 0 0 0 0 37 0 0 26 0 0 37 65 0 0 0 0 0 0 0 0 0 0 0 0 0 9 0 0 31 0 0 0 0 0 17 0 0 0 86 0 0 0 0 0 0 0 0 63 0 0 0 0 0 0 0 0 0 62 0 17 0 0 0 0 0 0 85 38 26 
87 83 0 42 0 0 0 0 0 78 0 0 44 0 0 64 0 0 44 24 0 0 0 0 11 0 0 39 0 0 50 0 0 0 0 0 0 0 0 0 77 0 9 0 0 82 75 54 0 0 0 0 0 11 0 0 92 31 0 35 0 19 0 39 0 0 0 0 0 11 17 0 53 0 0 0 0 22 25 0 0 0 0 0 8 0 0 0 0 0 0 0 0 0 0 0 0 0 0 0 
51 0 0 0 0 0 0 0 59 0 0 40 0 0 48 0 0 0 66 0 0 0 0 0 0 0 0 0 0 47 73 0 94 81 0 0 26 0 0 0 0 0 0 0 0 0 90 0 0 26 0 0 0 0 0 0 0 89 0 0 0 0 0 0 0 0 0 58 0 0 60 0 34 0 88 0 0 0 0 0 0 75 0 0 0 0 0 0 7 0 72 43 0 0 0 58 0 65 0 9 
0 0 0 0 0 0 0 0 0 0 0 0 0 0 0 0 0 0 18 91 0 57 15 0 96 37 61 70 0 44 0 0 54 0 0 0 0 0 0 0 5 46 0 0 37 0 0 89 0 96 0 0 0 0 15 0 0 0 42 0 0 27 0 75 0 0 32 0 0 0 42 0 41 0 0 0 0 0 0 0 0 7 0 0 0 99 0 0 98 98 0 0 41 2 0 0 0 76 0 0 
0 44 48 0 13 0 0 0 0 0 0 0 0 0 11 37 0 0 0 0 0 41 0 4 87 0 0 99 0 0 56 0 0 26 0 0 0 77 0 5 0 0 0 0 55 0 0 92 0 0 0 81 0 54 46 0 0 94 0 0 65 0 0 0 0 0 0 0 0 90 90 0 0 0 0 0 0 0 69 0 80 0 0 92 0 31 96 0 0 0 0 0 0 0 12 8 0 0 0 0 
0 0 0 0 0 0 0 0 0 0 0 0 0 74 18 0 0 0 0 1 0 37 0 0 44 5 0 0 66 0 57 0 0 0 0 0 37 0 0 46 0 0 64 0 0 0 0 0 0 0 12 0 0 0 0 0 0 0 0 66 0 0 0 0 0 0 0 25 0 90 0 0 0 0 0 58 0 1 61 0 0 0 0 0 0 0 0 0 0 0 0 0 0 0 0 0 0 41 0 0 
11 0 0 86 0 0 0 0 0 91 0 31 0 76 53 10 8 9 18 46 0 0 77 0 29 78 0 0 0 0 30 81 0 0 0 0 65 9 0 0 0 64 0 0 0 0 0 0 70 71 0 0 0 0 0 0 0 0 0 0 0 0 0 16 0 0 0 0 0 0 0 0 0 0 0 85 85 0 0 0 0 0 65 79 0 0 0 0 0 3 67 0 0 0 0 5 0 0 0 55 
0 0 0 38 0 0 0 0 0 0 0 33 0 0 0 76 3 0 0 0 0 0 78 0 0 0 0 0 0 91 43 0 0 0 21 0 0 0 0 0 0 0 0 0 0 0 0 0 72 0 0 0 34 0 31 0 0 90 0 0 0 0 73 78 0 82 0 19 0 0 34 0 0 6 0 94 0 1 0 96 0 0 0 0 0 0 94 0 31 0 1 0 83 43 0 4 53 10 0 0 
0 0 0 0 0 91 15 0 38 0 0 63 0 0 0 0 0 0 0 0 0 0 0 0 45 0 0 0 7 0 0 0 0 0 0 69 0 0 0 37 55 0 0 0 0 0 0 0 0 0 0 68 71 0 0 53 35 52 0 83 0 0 0 0 29 6 0 0 0 0 0 31 0 36 0 0 0 100 11 0 0 0 0 0 0 8 0 23 0 63 0 0 52 0 16 78 47 0 0 0 
0 0 97 0 0 98 96 0 0 73 0 0 0 82 0 0 9 0 86 34 0 0 0 0 8 0 1 98 92 0 0 0 0 0 0 5 0 82 0 0 0 0 0 0 0 0 0 0 0 0 0 67 90 0 3 86 54 0 0 0 13 0 0 90 23 0 0 0 97 0 0 0 0 0 0 0 52 0 0 0 41 0 0 42 41 0 0 0 0 0 0 23 0 0 0 0 0 24 90 0 
1 19 0 0 0 0 0 0 0 0 29 0 0 0 0 34 0 10 0 0 82 0 0 0 3 49 0 0 0 0 0 75 0 10 70 0 0 75 90 0 0 0 0 0 0 0 0 21 0 0 0 93 0 0 0 0 0 73 56 0 0 0 0 6 0 0 0 0 0 0 8 60 0 0 0 3 0 0 0 0 97 69 76 37 0 0 0 0 0 44 0 0 0 0 0 0 21 0 73 0 
0 0 0 0 61 0 0 0 0 0 0 83 48 0 0 0 68 70 0 0 0 44 0 33 0 0 49 0 0 53 0 93 12 0 0 0 0 54 0 89 92 0 0 0 0 0 21 0 0 0 18 62 0 0 25 55 0 0 0 5 73 0 0 0 32 0 12 0 78 86 0 0 0 0 0 0 0 0 0 0 0 0 0 0 0 0 0 62 0 0 0 79 72 0 0 44 0 0 0 0 
0 0 0 0 100 0 0 0 0 68 0 0 50 0 61 0 0 0 0 0 0 0 0 75 0 0 0 0 0 0 0 0 0 21 0 35 0 0 0 0 0 0 70 72 0 0 0 0 0 0 0 0 76 59 0 0 49 0 0 0 84 0 0 80 0 0 0 98 0 0 0 7 0 21 0 0 0 0 0 0 0 0 62 0 39 0 0 0 22 0 0 0 37 0 0 0 27 0 45 0 
0 0 80 53 0 0 0 0 0 0 0 0 0 82 0 32 25 0 0 0 0 0 0 0 0 0 1 0 0 0 0 88 0 5 0 0 0 0 26 96 0 0 71 0 0 0 0 0 0 0 0 0 9 62 0 0 13 17 0 94 0 81 0 69 0 0 47 1 0 0 0 0 0 20 0 0 0 0 0 0 61 0 0 0 61 25 0 0 4 0 0 49 78 82 0 82 4 0 0 0 
8 0 0 0 0 0 0 36 100 73 13 49 89 0 58 45 0 0 66 0 0 0 0 0 0 0 15 0 0 0 0 20 61 0 73 0 0 0 0 0 0 12 0 0 0 0 0 18 0 0 0 0 0 80 0 0 0 0 52 37 91 0 0 0 0 0 0 15 0 0 0 18 4 76 0 0 0 33 0 0 0 0 0 0 57 0 0 0 0 0 0 0 0 0 98 0 0 0 0 85 
94 0 67 0 0 0 64 60 9 3 0 0 82 0 32 0 0 0 99 0 19 0 0 0 67 0 0 0 31 0 97 0 0 0 0 0 0 0 0 0 81 0 0 0 68 67 93 62 0 0 0 0 0 0 0 0 59 0 0 56 0 0 9 26 0 0 0 0 64 49 0 0 0 0 0 10 51 0 0 0 0 0 0 0 0 18 0 27 0 0 0 0 34 64 0 0 0 0 0 0 
0 0 0 2 0 8 0 17 0 66 0 0 47 0 0 0 0 0 0 0 0 0 26 0 0 0 61 0 11 0 28 0 97 0 0 0 0 0 0 0 0 0 0 34 71 90 0 0 76 9 0 0 0 33 0 0 17 0 0 9 88 83 0 0 71 20 0 0 76 0 0 0 0 0 92 0 41 0 0 0 72 0 0 0 100 0 0 0 0 0 0 0 0 38 0 0 0 44 0 22 
49 71 0 19 0 0 0 0 0 0 71 20 0 0 0 17 0 0 0 0 0 11 90 6 61 0 0 0 24 0 0 0 0 53 0 0 0 11 0 0 54 0 0 0 0 0 0 0 59 62 80 0 33 0 0 0 0 0 0 0 13 0 84 8 0 0 77 0 72 63 0 0 9 0 0 39 0 0 0 0 0 0 52 0 0 0 0 78 100 0 0 0 0 87 0 0 0 0 0 0 
0 81 0 0 0 0 0 16 0 0 0 34 0 0 0 0 0 0 0 0 93 0 0 0 0 56 0 58 0 45 0 0 35 0 0 42 0 0 0 15 46 0 0 31 0 3 0 25 0 0 0 0 0 0 0 0 0 0 0 0 77 0 0 0 0 0 44 18 0 0 0 0 0 0 0 0 0 0 0 53 0 0 0 0 0 0 0 0 89 0 0 0 0 0 0 0 0 86 0 0 
63 7 81 0 92 0 54 0 50 57 48 63 0 12 0 0 0 0 0 0 0 0 0 42 16 0 83 72 31 0 71 0 0 0 0 0 0 0 0 0 0 0 0 0 53 86 0 55 0 0 0 0 0 0 0 0 0 0 0 0 0 27 0 0 0 46 68 0 0 0 0 0 0 0 0 0 0 99 0 0 0 0 13 0 0 0 0 71 0 0 0 16 0 0 0 0 14 0 0 0 
0 0 86 0 0 0 63 0 0 0 41 0 37 0 50 0 0 68 0 0 0 0 0 0 0 0 0 0 0 0 0 0 0 0 0 17 9 92 0 0 0 0 0 0 35 54 0 0 49 13 0 59 17 0 0 0 0 0 0 0 0 0 0 66 0 98 42 18 0 0 0 57 23 0 0 47 0 0 0 0 0 33 0 71 94 0 0 7 0 0 0 98 0 0 46 0 0 60 49 0 
87 87 0 0 0 7 0 0 0 0 5 0 0 0 0 0 46 0 88 0 0 0 0 0 94 0 17 0 0 0 0 0 0 1 0 0 0 31 89 0 94 0 0 90 52 0 73 0 0 17 0 0 0 0 0 0 0 0 0 0 34 0 89 92 0 23 0 0 0 0 0 0 98 61 0 0 69 0 53 18 0 0 0 0 0 0 92 0 0 68 94 58 0 0 0 0 0 0 0 0 
0 0 0 0 0 0 0 0 70 71 27 0 58 28 0 0 33 59 48 0 0 0 0 0 0 0 0 53 0 0 0 0 39 0 0 0 0 0 0 42 0 0 0 0 0 0 56 0 0 0 52 0 0 0 0 0 0 0 0 3 0 0 100 0 0 0 76 0 0 0 0 0 0 0 0 42 0 0 0 0 0 0 33 0 0 0 0 0 0 0 0 0 0 0 68 0 0 37 0 85 
89 0 78 0 0 12 0 0 0 0 0 0 0 0 0 34 0 0 70 53 0 0 0 0 0 0 0 0 0 53 0 0 0 61 0 50 31 35 0 0 0 66 0 0 83 0 0 5 0 94 37 56 9 0 0 0 0 0 3 0 94 0 45 0 0 0 0 0 35 0 0 0 0 0 0 55 18 69 0 0 0 0 0 0 0 0 16 11 0 18 0 0 0 30 41 0 0 0 0 0 
0 0 44 0 56 0 0 0 0 15 92 0 0 0 0 0 0 0 12 0 0 17 99 42 0 0 0 0 0 0 0 0 0 98 0 0 0 0 0 0 65 0 0 0 0 13 0 73 84 0 91 0 88 13 77 0 0 34 0 94 0 0 0 26 0 0 0 0 0 0 84 23 0 81 0 0 0 0 0 0 0 0 0 0 0 0 0 11 0 32 0 77 58 0 49 0 0 0 27 0 
4 0 0 0 74 0 83 30 0 0 0 63 0 0 0 28 0 0 0 0 58 0 0 0 0 0 0 91 0 0 0 0 0 0 0 36 0 19 0 27 0 0 0 0 0 0 0 0 0 81 0 0 83 0 0 27 0 0 0 0 0 0 60 0 0 0 0 70 0 95 0 5 0 60 0 0 35 96 84 0 0 0 0 39 0 0 0 23 23 87 0 0 0 0 0 45 19 0 0 0 
86 0 0 38 0 0 0 0 41 32 0 82 0 28 41 0 44 0 23 47 87 0 0 0 0 0 0 0 37 0 0 0 0 0 0 0 0 0 0 0 0 0 0 73 0 0 0 0 0 0 0 9 0 84 0 0 0 89 100 45 0 60 0 22 0 0 90 0 0 0 0 0 0 0 0 50 0 68 64 0 0 0 0 0 22 68 0 0 57 0 0 6 0 0 15 0 0 0 3 0 
0 0 0 0 0 0 0 0 0 0 0 0 96 0 51 0 0 0 0 0 0 0 0 0 0 0 42 0 0 0 0 0 77 18 0 18 0 39 0 75 0 0 16 78 0 90 6 0 80 69 0 26 0 8 0 0 66 92 0 0 26 0 22 0 0 28 67 0 49 0 0 0 0 58 0 0 0 0 91 0 69 0 0 0 0 0 0 0 0 87 0 58 0 98 0 0 41 0 0 0 
0 0 0 0 0 0 0 5 19 0 0 0 0 0 25 0 20 0 0 0 0 0 91 0 0 0 76 0 0 41 0 0 77 0 0 0 0 0 0 0 0 0 0 0 29 23 0 32 0 0 0 0 71 0 0 0 0 0 0 0 0 0 0 0 0 0 0 0 0 0 73 58 0 0 24 0 0 0 40 57 0 0 0 0 0 0 0 34 59 0 0 0 0 0 0 60 0 0 0 0 
43 0 0 0 0 0 0 0 0 92 0 0 0 0 10 0 0 0 0 0 0 19 0 88 0 0 0 0 0 14 0 28 62 0 0 0 17 0 0 0 0 0 0 82 6 0 0 0 0 0 0 0 20 0 0 46 98 23 0 0 0 0 0 28 0 0 0 100 65 0 0 9 0 0 78 0 0 0 0 0 0 0 0 21 0 0 0 0 0 0 55 0 0 0 0 88 0 0 0 97 
0 0 0 0 0 0 0 0 0 14 0 0 0 0 0 0 0 0 0 0 13 0 0 0 3 0 9 0 0 0 92 0 0 0 0 0 0 0 0 32 0 0 0 0 0 0 0 12 0 47 0 0 0 77 44 68 42 0 76 0 0 0 90 67 0 0 0 0 17 0 28 16 0 51 0 0 56 47 14 0 0 0 8 85 0 72 0 0 0 44 0 91 0 0 0 0 0 55 43 77 
0 0 88 88 61 29 0 0 46 0 0 31 65 55 0 0 21 0 0 0 0 0 0 0 0 0 0 80 0 0 0 0 0 0 0 0 0 0 58 0 0 25 0 19 0 0 0 0 98 1 15 0 0 0 18 0 18 0 0 0 0 70 0 0 0 100 0 0 82 0 0 0 0 0 16 14 76 0 0 29 0 0 85 0 14 0 0 0 5 0 48 0 0 0 0 0 0 0 44 0 
77 0 24 13 0 0 0 0 0 0 0 0 0 0 0 0 0 0 58 0 75 0 0 0 52 15 0 0 0 1 0 0 0 17 0 0 0 0 0 0 0 0 0 0 0 97 0 78 0 0 0 64 76 72 0 0 0 0 0 35 0 0 0 49 0 65 17 82 0 0 0 0 83 0 0 0 0 14 5 0 0 99 10 0 0 0 0 0 0 0 0 0 0 87 32 17 56 52 0 59 
0 0 0 87 0 43 0 48 0 22 0 0 0 0 0 47 0 0 0 0 0 72 0 84 0 0 3 0 0 0 0 0 45 0 0 0 86 11 0 0 90 90 0 0 0 0 0 86 0 0 0 49 0 63 0 0 0 0 0 0 0 95 0 0 0 0 0 0 0 0 69 3 43 0 0 0 0 1 0 0 0 0 0 0 66 0 0 0 0 67 42 0 0 0 0 0 0 0 0 0 
0 3 0 0 0 0 0 0 0 0 0 0 25 0 53 0 0 0 0 0 0 0 61 0 0 0 0 58 0 33 45 0 0 79 33 0 0 17 60 42 90 0 0 34 0 0 8 0 0 0 0 0 0 0 0 0 0 0 0 0 84 0 0 0 73 0 28 0 0 69 0 0 23 0 96 0 41 38 0 0 75 0 0 60 75 56 0 0 3 0 0 0 0 77 0 0 0 0 94 0 
0 0 0 66 0 48 0 0 0 0 30 0 0 0 0 0 0 0 0 0 0 0 38 0 0 0 0 0 0 0 42 59 0 41 19 0 0 0 0 0 0 0 0 0 31 0 60 0 7 0 18 0 0 0 0 0 57 0 0 0 23 5 0 0 58 9 16 0 0 3 0 0 0 0 59 0 0 0 0 0 0 0 0 0 90 0 0 0 42 0 0 0 0 0 22 0 0 0 0 72 
0 0 0 0 0 0 100 0 72 0 0 0 51 61 0 0 0 81 10 9 0 0 0 95 0 0 55 67 0 2 0 0 0 0 0 0 0 53 34 41 0 0 0 0 0 0 0 0 0 0 4 0 0 9 0 0 23 98 0 0 0 0 0 0 0 0 0 0 83 43 23 0 0 0 0 9 68 0 0 0 0 0 0 0 0 7 0 0 64 82 0 16 0 0 0 0 0 0 0 0 
46 9 0 69 28 0 0 0 0 0 86 0 7 0 3 0 0 10 0 0 0 0 30 85 0 0 0 0 0 0 0 0 0 0 0 0 0 0 0 0 0 0 0 6 36 0 0 0 21 20 76 0 0 0 0 0 0 61 0 0 81 60 0 58 0 0 51 0 0 0 0 0 0 0 0 0 0 0 0 0 0 46 8 0 0 57 0 0 0 2 0 30 0 0 69 0 0 18 81 0 
7 99 0 0 0 40 0 0 0 0 42 0 0 0 0 0 0 0 0 0 16 62 0 0 19 92 0 100 0 64 4 0 0 0 0 43 0 0 88 0 0 0 0 0 0 0 0 0 0 0 0 0 92 0 0 0 0 0 0 0 0 0 0 0 24 78 0 16 0 0 96 59 0 0 0 0 0 5 18 0 0 0 0 0 0 0 75 0 0 0 0 0 0 0 48 0 0 0 0 0 
0 0 0 0 39 0 0 1 0 48 0 0 0 7 88 0 0 0 6 0 0 0 0 90 0 0 44 0 0 0 0 0 0 37 62 19 0 0 0 0 0 58 85 94 0 0 3 0 0 0 0 10 0 39 0 0 47 0 42 55 0 0 50 0 0 0 0 14 0 0 0 0 9 0 0 0 0 0 0 0 94 0 0 86 0 0 0 0 0 0 0 0 48 81 0 20 69 0 0 84 
0 0 0 0 0 0 0 96 77 79 0 22 75 0 0 0 0 0 0 0 35 0 0 0 0 0 0 0 0 66 0 0 98 0 52 0 0 0 0 0 0 0 85 0 0 52 0 0 0 0 0 51 41 0 0 0 0 69 0 18 0 35 0 0 0 0 56 76 0 0 41 0 68 0 0 0 0 0 0 0 0 3 0 0 0 0 0 4 0 0 0 0 0 0 60 0 0 87 97 0 
0 0 0 0 0 0 0 73 0 0 0 49 82 0 0 0 0 62 0 0 0 0 0 0 0 0 0 0 0 0 0 96 81 0 0 0 0 22 0 0 0 1 0 1 100 0 0 0 0 0 33 0 0 0 0 99 0 0 0 69 0 96 68 0 0 0 47 0 14 1 38 0 0 0 5 0 0 0 0 0 0 0 0 0 72 0 23 0 0 0 53 70 0 13 0 0 0 0 0 66 
0 0 0 39 0 0 0 0 0 0 0 37 0 0 0 92 23 0 0 0 87 0 0 0 0 0 0 0 0 0 0 0 38 92 0 0 63 25 0 0 69 61 0 0 11 0 0 0 0 0 0 0 0 0 0 0 0 53 0 0 0 84 64 91 40 0 14 0 5 0 0 0 0 0 18 0 0 0 0 0 0 0 0 75 0 78 0 0 0 78 26 3 0 88 12 0 0 0 0 0 
0 0 0 0 0 79 0 0 0 0 99 0 0 0 0 0 0 0 0 0 0 0 78 59 0 0 85 56 0 25 0 0 0 0 27 70 0 0 0 0 0 0 0 96 0 0 0 0 0 0 0 0 0 0 53 0 0 18 0 0 0 0 0 0 57 0 0 29 0 0 0 0 0 0 0 0 0 0 0 0 0 0 77 0 59 59 87 0 0 0 0 0 0 0 0 61 0 0 0 0 
0 0 0 0 0 0 8 0 27 0 0 0 0 0 0 73 0 68 0 0 0 0 0 90 0 4 0 0 0 0 43 0 0 4 0 32 0 0 0 0 80 0 0 0 0 41 97 0 0 61 0 0 72 0 0 0 0 0 0 0 0 0 0 69 0 0 0 0 0 0 75 0 0 0 0 94 0 0 0 0 0 91 0 47 0 64 0 19 0 0 0 97 92 42 0 0 8 0 0 5 
0 0 0 0 0 12 0 0 67 81 0 0 0 0 0 0 49 0 0 75 0 25 0 0 0 0 0 0 0 0 4 0 0 0 0 0 0 0 75 7 0 0 0 0 0 0 69 0 0 0 0 0 0 0 0 0 33 0 0 0 0 0 0 0 0 0 0 0 99 0 0 0 0 46 0 0 3 0 0 0 91 0 0 0 0 0 88 0 0 0 0 0 0 9 72 0 0 0 95 74 
16 0 9 0 0 0 0 44 0 0 0 0 0 0 57 52 0 0 98 0 64 0 0 0 0 0 41 18 67 0 0 0 57 0 0 20 0 0 0 0 0 0 65 0 0 0 76 0 62 0 0 0 0 52 0 13 0 0 33 0 0 0 0 0 0 0 8 85 10 0 0 0 0 8 0 0 0 0 0 77 0 0 0 95 0 0 0 6 0 10 0 0 0 78 0 0 0 0 0 0 
0 0 0 0 0 64 0 0 61 15 0 0 0 0 0 14 50 0 0 0 0 0 0 0 0 87 66 65 0 63 0 0 23 0 0 5 0 0 0 0 92 0 79 0 0 42 37 0 0 0 0 0 0 0 0 0 71 0 0 0 0 39 0 0 0 21 85 0 0 0 60 0 0 0 0 86 0 0 75 0 47 0 95 0 0 0 0 0 0 0 0 0 0 0 0 0 0 0 0 94 
0 0 56 0 0 14 0 0 59 0 0 29 0 0 0 21 28 10 0 0 0 0 41 0 0 49 0 0 0 0 0 0 0 0 0 14 0 8 0 0 0 0 0 0 0 41 0 0 39 61 57 0 100 0 0 0 94 0 0 0 0 0 22 0 0 0 0 14 0 66 75 90 0 0 0 0 0 72 0 59 0 0 0 0 0 0 0 0 0 16 0 0 31 0 22 0 97 28 0 82 
0 0 0 0 0 56 48 0 0 73 0 0 0 32 38 0 84 0 0 7 0 0 0 0 0 0 0 0 0 0 29 38 87 0 0 0 0 0 0 99 31 0 0 0 8 0 0 0 0 25 0 18 0 0 0 0 0 0 0 0 0 0 68 0 0 0 72 0 0 0 56 0 7 57 0 0 0 0 78 59 64 0 0 0 0 0 0 0 0 0 39 0 0 0 0 0 74 0 15 61 
0 0 97 92 37 0 46 5 30 0 0 0 0 0 26 0 71 0 0 58 41 47 78 100 0 0 0 0 85 0 0 0 0 0 0 0 0 0 0 0 96 0 0 94 0 0 0 0 0 0 0 0 0 0 0 0 0 92 0 16 0 0 0 0 0 0 0 0 0 0 0 0 0 0 75 0 0 23 0 87 0 88 0 0 0 0 0 67 0 0 0 0 0 82 4 0 0 0 58 0 
0 0 0 0 0 0 0 0 0 0 0 98 2 0 46 0 0 0 0 0 0 0 69 0 0 0 0 39 0 0 0 3 0 0 0 0 0 0 0 0 0 0 0 0 23 0 0 62 0 0 0 27 0 78 0 71 7 0 0 11 11 23 0 0 34 0 0 0 0 0 0 0 0 0 0 0 4 0 0 0 19 0 6 0 0 0 67 0 0 0 0 0 0 46 0 0 58 0 0 90 
0 0 0 0 0 41 0 0 100 0 0 0 0 50 0 0 0 0 75 0 0 0 0 12 97 7 0 0 88 0 87 0 42 0 0 0 62 0 7 98 0 0 0 31 0 0 0 0 22 4 0 0 0 100 89 0 0 0 0 0 0 23 57 0 59 0 0 5 0 0 3 42 64 0 0 0 0 0 0 0 0 0 0 0 0 0 0 0 0 0 53 0 0 0 96 0 0 3 0 5 
43 0 0 0 0 0 0 0 0 0 0 54 0 0 0 0 19 0 45 0 0 100 0 75 58 19 45 0 0 0 0 0 0 0 0 28 0 0 0 98 0 0 3 0 63 0 44 0 0 0 0 0 0 0 0 0 0 68 0 18 32 87 0 87 0 0 44 0 0 67 0 0 82 2 0 0 0 0 78 0 0 0 10 0 16 0 0 0 0 0 0 2 75 0 27 0 0 49 0 0 
0 54 0 88 0 0 18 0 0 20 0 53 0 0 0 75 96 0 0 0 28 0 0 0 0 0 0 0 30 0 0 0 0 30 0 0 17 0 72 0 0 0 67 1 0 0 0 0 0 0 0 0 0 0 0 0 0 94 0 0 0 0 0 0 0 55 0 48 0 42 0 0 0 0 0 0 0 53 26 0 0 0 0 0 0 39 0 0 53 0 0 80 0 0 0 0 0 0 0 3 
0 0 46 0 24 0 0 0 0 0 39 91 0 0 0 0 0 0 0 0 0 86 48 22 0 0 0 0 62 0 0 0 0 0 4 0 0 0 43 0 0 0 0 0 0 23 0 79 0 49 0 0 0 0 0 16 98 58 0 0 77 0 6 58 0 0 91 0 0 0 0 0 16 30 0 0 0 70 3 0 97 0 0 0 0 0 0 0 0 2 80 0 0 0 0 15 63 0 0 41 
0 0 0 99 0 34 0 29 0 0 0 0 0 65 0 0 0 80 0 0 43 0 14 0 44 0 0 47 0 95 49 99 0 0 0 0 0 0 0 41 0 0 0 83 52 0 0 72 37 78 0 34 0 0 0 0 0 0 0 0 58 0 0 0 0 0 0 0 0 0 0 0 0 0 0 48 0 0 0 0 92 0 0 0 31 0 0 0 0 75 0 0 0 0 0 0 0 0 18 0 
46 0 93 7 0 80 0 0 0 0 95 0 0 0 0 0 95 0 0 0 79 39 87 0 0 0 46 0 0 0 0 0 0 61 0 0 0 0 0 2 0 0 0 43 0 0 0 0 0 82 0 64 38 87 0 0 0 0 0 30 0 0 0 98 0 0 0 0 87 0 77 0 0 0 0 81 0 13 88 0 42 9 78 0 0 0 82 46 0 0 0 0 0 0 0 0 73 0 0 0 
0 0 0 87 42 0 6 0 40 0 0 0 0 0 0 0 66 0 0 0 0 0 0 0 0 0 0 52 88 0 34 50 46 0 0 2 0 0 0 0 12 0 0 0 16 0 0 0 0 0 98 0 0 0 0 0 46 0 68 41 49 0 15 0 0 0 0 0 32 0 0 22 0 69 48 0 60 0 12 0 0 72 0 0 22 0 4 0 96 27 0 0 0 0 0 0 0 0 0 0 
0 0 0 0 0 0 61 50 0 93 0 72 0 0 0 0 0 81 82 34 0 0 0 16 47 0 44 19 0 0 0 0 98 17 57 44 0 0 58 0 8 0 5 4 78 0 0 44 0 82 0 0 0 0 0 0 0 0 0 0 0 45 0 0 60 88 0 0 17 0 0 0 0 0 0 20 0 0 0 61 0 0 0 0 0 0 0 0 0 0 0 15 0 0 0 0 0 0 0 0 
64 0 0 0 18 0 0 0 0 97 36 37 1 78 89 0 0 0 0 0 0 0 30 0 34 65 0 0 2 5 0 0 0 76 0 0 0 0 0 0 0 0 0 53 47 0 21 0 27 4 0 0 0 0 0 14 0 0 0 0 0 19 0 41 0 0 0 0 56 0 0 0 0 0 0 69 0 0 0 0 8 0 0 0 97 74 0 58 0 0 0 63 0 73 0 0 0 0 0 0 
0 0 0 0 19 0 0 0 0 0 37 0 0 0 52 0 0 0 0 74 0 0 0 0 22 0 0 0 0 89 0 0 0 0 8 0 85 0 65 76 0 41 0 10 0 24 0 0 0 0 0 0 44 0 86 0 60 0 37 0 0 0 0 0 0 0 55 0 52 0 0 0 0 18 0 0 87 0 0 0 0 0 0 0 28 0 0 0 3 49 0 0 0 0 0 0 0 0 0 0 
0 0 0 0 86 13 14 0 0 0 33 0 0 51 0 0 0 0 28 0 0 0 0 0 0 0 0 0 0 0 0 0 0 0 71 0 38 0 0 0 0 0 0 0 0 90 73 0 45 0 0 0 0 0 0 0 49 0 0 0 27 0 3 0 0 0 43 44 0 0 94 0 0 81 0 0 97 0 0 0 0 95 0 0 0 15 58 0 0 0 0 0 18 0 0 0 0 0 0 0 
0 90 25 0 0 53 0 0 0 0 0 0 0 0 0 58 0 0 0 0 0 51 0 0 0 0 82 0 0 0 94 68 0 0 39 0 26 0 9 0 0 0 55 0 0 0 0 0 0 0 85 0 22 0 0 0 0 0 85 0 0 0 0 0 0 97 77 0 59 0 0 72 0 0 0 84 0 66 0 0 5 74 0 94 82 61 0 90 5 0 3 41 0 0 0 0 0 0 0 0 
