0 0 0 0 0 0 0 0 90 0 0 0 0 0 0 0 0 0 68 0 0 0 0 0 0 0 0 0 0 0 0 0 0 0 0 93 0 0 0 35 0 0 0 0 7 0 0 0 0 0 0 0 0 0 0 0 0 0 0 0 0 0 0 0 0 0 0 0 0 0 0 0 0 0 82 0 0 16 0 0 0 0 0 0 0 0 77 0 0 100 0 0 0 72 0 0 0 0 0 0 
0 0 0 84 0 0 49 83 0 0 0 31 0 0 0 40 0 0 0 0 0 0 0 0 0 0 0 0 0 0 0 0 0 0 0 91 0 0 0 56 0 0 0 0 0 0 0 0 0 0 78 0 0 0 0 0 0 0 1 0 0 0 0 0 0 0 0 0 0 0 6 0 0 0 0 0 0 0 0 17 0 0 0 0 0 0 46 0 0 0 0 0 0 0 86 0 0 0 74 0 
0 0 0 0 0 0 0 0 66 0 0 0 0 0 0 0 0 79 0 0 0 0 0 88 0 0 0 0 88 0 0 0 0 0 82 0 0 0 0 0 0 0 0 0 3 0 0 0 0 0 0 0 0 0 0 0 0 0 88 0 99 0 62 0 0 0 0 0 0 30 0 0 0 0 0 0 0 0 0 61 0 62 0 0 0 0 0 0 0 34 0 0 40 0 0 0 0 0 0 29 
0 84 0 0 0 0 0 0 0 0 59 0 0 0 0 0 0 96 0 0 0 0 19 0 0 0 0 0 89 0 0 0 0 0 0 0 0 0 75 0 0 0 0 0 0 0 0 0 0 0 0 2 0 61 0 0 0 0 0 0 0 0 0 0 0 28 0 0 0 0 0 0 0 95 0 50 0 0 0 88 0 0 0 96 0 0 0 0 0 8 0 0 0 0 0 0 0 68 0 0 
0 0 0 0 0 0 0 0 0 0 0 0 9 0 0 0 0 0 0 24 0 0 0 18 0 0 0 69 0 0 59 0 0 0 0 0 0 0 0 0 0 0 36 0 0 0 0 0 14 0 0 0 0 0 0 0 2 0 0 0 0 0 0 47 89 0 0 0 0 0 60 0 0 0 0 0 0 0 0 0 0 0 0 0 0 0 0 46 0 0 15 0 0 0 0 0 23 0 67 0 
0 0 0 0 0 0 0 0 0 0 0 0 0 0 0 0 77 0 0 0 0 0 0 0 0 70 0 0 0 98 0 0 0 0 0 0 99 0 0 0 0 0 0 0 69 0 0 0 0 0 0 0 0 29 0 0 0 0 0 0 57 0 0 0 0 0 0 0 0 0 0 0 0 0 0 0 0 0 16 83 0 0 0 0 8 0 0 40 0 0 0 0 0 0 0 97 0 0 0 0 
0 49 0 0 0 0 0 0 0 57 0 0 90 0 0 0 0 0 0 12 0 43 0 21 0 0 0 0 0 0 0 9 0 0 0 0 0 0 0 0 0 0 0 0 0 0 0 0 0 0 27 0 0 0 0 0 0 0 0 0 0 0 0 0 0 0 0 0 0 40 0 0 0 0 100 0 0 0 0 0 38 0 0 0 0 0 0 0 0 0 0 0 0 0 0 0 0 0 0 5 
0 83 0 0 0 0 0 0 0 0 0 0 0 0 0 0 0 0 0 0 35 0 0 0 0 0 0 40 0 0 0 0 28 0 0 0 0 0 0 0 0 0 0 0 0 0 0 0 2 0 0 0 12 0 81 0 0 0 0 0 2 0 0 0 0 85 0 8 0 0 0 27 26 0 0 0 0 0 62 0 0 0 78 0 0 2 0 0 0 0 0 0 0 0 0 0 0 0 0 0 
90 0 66 0 0 0 0 0 0 0 0 0 0 0 0 0 0 0 0 0 0 0 0 0 0 0 0 0 0 30 0 0 0 0 0 37 0 0 0 0 0 0 0 0 0 0 0 22 0 1 0 47 0 0 0 0 0 0 0 0 0 0 0 0 0 45 0 0 0 80 7 0 0 0 0 20 0 0 0 0 0 0 0 0 0 22 0 0 0 0 0 0 0 0 0 0 0 0 0 0 
0 0 0 0 0 0 57 0 0 0 95 0 0 0 0 0 0 0 0 0 0 0 0 0 0 0 0 0 70 0 0 0 0 25 71 0 0 0 0 0 0 81 0 0 0 0 0 0 0 0 0 0 58 0 0 0 0 82 0 0 0 0 0 0 0 0 0 0 5 0 73 0 0 0 0 0 0 0 27 0 0 0 83 17 0 0 52 0 0 9 0 0 0 0 0 0 0 0 0 0 
0 0 0 59 0 0 0 0 0 95 0 4 0 60 0 0 0 0 29 0 0 0 0 0 0 0 29 0 99 0 0 0 0 0 0 0 0 0 39 0 0 0 0 0 0 0 0 0 0 0 0 50 81 0 0 0 0 0 0 0 0 0 0 0 0 0 0 30 0 0 0 0 0 32 0 0 0 0 0 0 0 0 0 0 41 0 0 0 0 0 19 0 0 0 0 0 0 37 0 0 
0 31 0 0 0 0 0 0 0 0 4 0 0 0 0 0 0 0 0 59 0 0 0 0 0 23 0 0 0 0 0 0 0 0 0 0 19 0 0 0 0 0 0 0 0 29 0 0 0 0 0 0 0 0 0 0 41 0 0 0 0 0 0 24 0 0 0 39 17 0 78 0 93 0 0 0 0 0 0 0 0 0 0 0 0 0 0 0 28 0 0 0 48 0 0 0 0 86 0 0 
0 0 0 0 9 0 90 0 0 0 0 0 0 0 0 0 0 0 0 0 0 0 0 0 0 0 22 0 0 0 0 0 0 0 0 0 99 0 0 0 0 0 19 0 0 0 0 0 20 0 0 3 0 0 64 0 0 82 93 0 32 0 0 0 0 0 0 0 0 0 0 0 0 0 0 0 0 0 0 0 0 0 0 0 9 0 0 0 0 0 0 0 0 0 0 0 0 0 0 73 
0 0 0 0 0 0 0 0 0 0 60 0 0 0 0 0 0 0 0 0 0 0 0 0 0 0 0 0 0 0 0 0 0 0 0 0 0 0 0 0 0 0 0 0 0 27 0 0 0 0 0 0 62 35 0 43 0 0 0 0 0 0 0 73 3 0 0 29 0 0 0 0 0 0 0 0 0 0 0 0 0 0 0 11 0 0 0 0 0 0 0 0 0 31 0 0 0 0 80 0 
0 0 0 0 0 0 0 0 0 0 0 0 0 0 0 0 0 0 0 0 0 0 0 0 0 0 0 0 0 0 0 0 0 0 0 0 0 0 0 0 0 0 38 0 0 0 0 0 0 0 0 0 0 52 0 26 0 78 0 0 0 3 0 0 0 0 0 0 0 0 0 0 0 0 22 0 0 37 0 0 7 0 91 0 0 0 0 0 0 0 0 7 0 0 0 0 0 45 0 0 
0 40 0 0 0 0 0 0 0 0 0 0 0 0 0 0 0 0 0 82 0 0 0 0 0 0 99 0 0 0 0 0 0 0 0 0 57 0 0 0 0 0 0 0 0 0 0 0 0 0 28 0 0 0 0 0 0 0 0 0 67 0 0 0 0 0 0 0 0 0 0 0 0 0 0 0 0 0 0 0 58 0 41 0 0 0 0 0 0 0 0 0 0 0 0 0 0 0 0 0 
0 0 0 0 0 77 0 0 0 0 0 0 0 0 0 0 0 0 0 0 0 0 0 0 0 84 0 0 62 0 0 5 0 0 0 0 0 62 0 0 9 0 0 87 0 0 0 0 0 0 99 0 0 0 0 0 0 0 0 0 0 0 0 0 0 0 0 0 0 0 0 0 0 0 0 0 0 0 0 0 0 0 0 0 0 0 0 0 92 0 0 40 0 0 0 96 88 54 63 16 
0 0 79 96 0 0 0 0 0 0 0 0 0 0 0 0 0 0 0 0 0 0 0 0 0 0 0 51 45 0 0 0 0 0 0 0 0 0 0 0 0 0 0 0 0 0 0 0 0 0 0 0 0 0 0 57 0 0 0 50 0 0 0 0 0 0 0 0 70 0 0 0 0 0 0 0 0 0 0 0 0 0 0 0 0 0 0 0 0 0 84 0 0 74 0 0 0 0 0 0 
68 0 0 0 0 0 0 0 0 0 29 0 0 0 0 0 0 0 0 0 0 0 38 0 0 0 0 99 0 0 0 0 0 0 0 0 0 72 74 0 0 0 0 0 0 0 0 0 0 0 0 0 51 0 0 0 0 0 0 0 0 0 0 0 0 10 0 0 0 23 16 0 0 0 0 66 61 0 72 0 0 0 48 0 0 0 0 0 0 0 43 0 0 0 0 0 0 0 0 0 
0 0 0 0 24 0 12 0 0 0 0 59 0 0 0 82 0 0 0 0 0 0 0 0 0 0 0 34 0 11 3 0 0 0 0 0 23 0 56 0 0 0 68 0 0 0 0 0 0 0 0 0 0 0 0 0 0 0 0 0 0 37 0 0 0 0 0 0 0 0 0 0 34 0 0 0 0 0 54 0 0 0 0 0 0 0 0 48 0 0 0 0 0 0 0 0 0 0 21 0 
0 0 0 0 0 0 0 35 0 0 0 0 0 0 0 0 0 0 0 0 0 0 0 15 0 0 0 0 0 33 0 0 0 0 0 0 0 0 0 65 47 0 0 0 0 97 0 0 0 0 0 0 0 0 0 0 0 0 0 0 0 16 0 22 0 0 0 0 0 0 0 0 0 0 0 0 0 94 87 0 0 0 62 0 37 26 27 0 0 0 33 0 0 0 0 0 0 0 0 0 
0 0 0 0 0 0 43 0 0 0 0 0 0 0 0 0 0 0 0 0 0 0 0 0 0 0 0 0 0 0 0 0 0 0 90 0 0 0 0 84 0 0 0 0 0 0 86 0 8 0 66 26 0 0 0 0 0 0 0 0 61 0 0 0 0 23 0 0 0 0 75 0 0 0 0 58 0 0 0 42 0 0 0 0 0 0 0 0 0 0 0 0 0 0 0 0 99 0 0 0 
0 0 0 19 0 0 0 0 0 0 0 0 0 0 0 0 0 0 38 0 0 0 0 0 0 0 0 0 0 35 45 0 0 19 0 0 0 0 0 0 0 9 0 49 0 0 0 0 0 0 0 0 0 31 0 0 0 0 45 0 0 0 0 0 0 0 0 0 0 0 86 0 0 71 0 0 0 0 0 39 0 0 0 0 0 0 0 0 0 0 0 0 95 0 80 0 0 0 0 0 
0 0 88 0 18 0 21 0 0 0 0 0 0 0 0 0 0 0 0 0 15 0 0 0 0 0 0 0 0 0 86 0 0 0 0 0 0 0 0 0 0 0 0 0 0 0 0 0 0 0 0 0 0 0 80 0 0 0 0 0 0 0 0 0 0 0 0 0 0 53 0 0 0 0 0 0 0 35 0 49 80 0 0 26 0 0 13 0 7 0 0 0 50 0 0 0 0 0 0 39 
0 0 0 0 0 0 0 0 0 0 0 0 0 0 0 0 0 0 0 0 0 0 0 0 0 92 0 0 0 0 0 0 0 64 0 0 0 0 0 0 0 0 99 0 0 0 0 0 0 0 0 0 0 0 0 73 0 0 0 0 0 0 27 46 0 0 0 0 31 0 0 0 0 36 94 0 0 56 0 0 0 0 6 0 22 0 0 34 0 0 70 0 0 0 0 0 0 53 0 0 
0 0 0 0 0 70 0 0 0 0 0 23 0 0 0 0 84 0 0 0 0 0 0 0 92 0 84 0 0 0 0 0 0 0 0 0 0 55 20 0 0 0 0 0 0 0 0 0 0 0 0 0 0 0 0 0 0 0 73 0 0 0 43 0 0 0 0 37 0 16 0 0 0 0 0 70 0 0 0 0 0 65 0 0 0 0 0 0 0 0 0 0 0 0 38 0 84 0 0 0 
0 0 0 0 0 0 0 0 0 0 29 0 22 0 0 99 0 0 0 0 0 0 0 0 0 84 0 0 0 0 0 0 0 0 0 0 0 0 0 0 44 0 0 0 0 0 0 0 0 0 0 0 0 0 0 0 0 0 0 0 0 0 0 0 0 0 0 0 0 0 0 0 16 0 0 0 0 0 0 0 0 0 47 0 0 0 0 0 60 0 0 0 0 0 0 0 0 0 0 5 
0 0 0 0 69 0 0 40 0 0 0 0 0 0 0 0 0 51 99 34 0 0 0 0 0 0 0 0 0 0 17 0 0 0 0 0 0 0 0 0 0 0 0 55 0 0 0 0 0 0 0 0 0 0 0 0 0 0 0 0 0 0 0 0 0 0 0 70 85 0 0 0 0 0 0 0 0 0 0 0 0 0 0 0 72 0 0 0 27 0 0 0 0 0 0 0 0 0 0 0 
0 0 88 89 0 0 0 0 0 70 99 0 0 0 0 0 62 45 0 0 0 0 0 0 0 0 0 0 0 0 0 60 0 59 0 0 0 0 0 0 0 0 0 0 0 0 0 0 0 0 0 0 0 0 0 0 0 0 0 52 32 0 0 0 0 0 0 0 0 0 0 0 0 0 0 0 66 85 0 0 0 0 0 0 0 84 0 0 0 89 0 0 0 70 0 0 0 0 0 0 
0 0 0 0 0 98 0 0 30 0 0 0 0 0 0 0 0 0 0 11 33 0 35 0 0 0 0 0 0 0 0 0 0 0 0 0 0 0 0 0 0 38 0 83 38 0 0 0 88 0 0 0 0 0 0 11 0 0 0 0 0 0 0 0 0 0 0 0 0 0 0 0 0 0 0 0 0 0 50 0 0 0 0 0 0 0 0 44 0 0 0 0 0 0 0 0 0 30 0 0 
0 0 0 0 59 0 0 0 0 0 0 0 0 0 0 0 0 0 0 3 0 0 45 86 0 0 0 17 0 0 0 0 0 83 0 0 0 0 0 0 0 0 0 0 0 0 0 56 13 0 93 74 0 0 0 0 0 83 0 0 0 7 0 0 95 0 0 0 0 0 0 0 0 0 0 0 0 0 0 0 0 0 0 0 0 0 0 0 0 0 0 0 0 15 0 0 21 0 0 0 
0 0 0 0 0 0 9 0 0 0 0 0 0 0 0 0 5 0 0 0 0 0 0 0 0 0 0 0 60 0 0 0 0 0 0 0 0 0 0 0 16 0 55 0 0 17 0 81 0 77 0 0 19 0 31 0 0 0 0 0 0 0 9 0 0 0 0 0 60 0 0 0 0 60 0 0 0 0 0 0 0 0 0 0 0 0 0 48 0 0 0 0 0 32 0 0 0 0 0 0 
0 0 0 0 0 0 0 28 0 0 0 0 0 0 0 0 0 0 0 0 0 0 0 0 0 0 0 0 0 0 0 0 0 54 95 36 0 0 0 0 0 34 0 73 0 0 0 0 91 0 0 0 0 0 0 0 0 0 0 0 0 0 0 0 0 0 0 0 0 0 0 0 0 0 0 0 0 0 0 0 0 0 30 0 0 0 0 0 0 0 0 0 0 63 0 0 0 0 0 0 
0 0 0 0 0 0 0 0 0 25 0 0 0 0 0 0 0 0 0 0 0 0 19 0 64 0 0 0 59 0 83 0 54 0 0 32 79 0 0 0 0 0 0 0 0 0 0 0 0 0 0 38 0 0 0 0 0 0 0 0 0 0 58 0 0 0 52 0 47 0 0 0 0 0 0 0 0 0 0 0 0 0 16 0 0 0 0 0 0 0 0 0 0 0 0 0 86 0 0 0 
0 0 82 0 0 0 0 0 0 71 0 0 0 0 0 0 0 0 0 0 0 90 0 0 0 0 0 0 0 0 0 0 95 0 0 94 0 0 0 0 0 0 0 0 0 0 0 0 0 0 0 0 0 0 93 0 37 0 0 0 88 0 0 0 56 0 0 0 0 0 0 0 0 74 0 0 0 0 0 0 0 0 0 94 0 0 0 0 0 0 0 0 0 0 0 0 0 48 0 0 
93 91 0 0 0 0 0 0 37 0 0 0 0 0 0 0 0 0 0 0 0 0 0 0 0 0 0 0 0 0 0 0 36 32 94 0 0 0 0 0 0 0 0 0 0 55 0 0 0 8 0 0 0 0 0 0 0 0 0 0 0 28 0 0 0 0 0 0 0 92 25 0 0 0 0 0 0 0 49 0 0 0 0 0 0 0 0 0 0 7 0 0 0 0 0 0 0 0 0 0 
0 0 0 0 0 99 0 0 0 0 0 19 99 0 0 57 0 0 0 23 0 0 0 0 0 0 0 0 0 0 0 0 0 79 0 0 0 0 0 0 0 0 0 0 0 0 26 0 82 0 0 0 0 0 60 0 0 0 0 0 0 0 0 0 0 0 4 0 0 0 0 0 0 0 0 0 0 0 23 93 0 0 0 0 0 0 0 0 0 0 0 87 0 0 0 0 0 0 0 0 
0 0 0 0 0 0 0 0 0 0 0 0 0 0 0 0 62 0 72 0 0 0 0 0 0 55 0 0 0 0 0 0 0 0 0 0 0 0 0 0 0 0 90 34 0 0 80 0 0 0 62 55 19 0 0 74 0 0 0 0 0 0 0 0 0 49 0 0 0 78 35 0 0 0 53 0 0 0 0 0 0 0 0 0 0 0 0 0 0 0 0 0 0 0 40 0 0 0 0 0 
0 0 0 75 0 0 0 0 0 0 39 0 0 0 0 0 0 0 74 56 0 0 0 0 0 20 0 0 0 0 0 0 0 0 0 0 0 0 0 0 0 0 0 0 0 0 0 0 0 0 0 0 0 0 0 0 0 0 0 0 0 62 0 0 95 0 0 0 0 0 0 0 0 0 0 0 0 0 0 6 0 51 0 0 0 0 0 0 0 0 0 0 0 0 13 0 4 50 0 0 
35 56 0 0 0 0 0 0 0 0 0 0 0 0 0 0 0 0 0 0 65 84 0 0 0 0 0 0 0 0 0 0 0 0 0 0 0 0 0 0 0 0 0 0 0 43 0 41 0 66 0 0 0 0 0 0 0 0 0 0 0 0 32 0 15 0 19 21 64 0 0 0 0 0 0 0 0 44 0 0 94 0 0 0 0 0 0 0 0 0 0 0 0 33 0 0 0 0 0 0 
0 0 0 0 0 0 0 0 0 0 0 0 0 0 0 0 9 0 0 0 47 0 0 0 0 0 44 0 0 0 0 16 0 0 0 0 0 0 0 0 0 0 0 0 0 58 0 0 0 0 0 0 0 0 0 0 0 0 0 0 0 0 0 0 0 0 67 0 0 0 0 0 0 0 0 0 0 0 0 0 0 0 0 0 17 0 0 0 0 0 77 0 0 0 0 0 0 0 0 0 
0 0 0 0 0 0 0 0 0 81 0 0 0 0 0 0 0 0 0 0 0 0 9 0 0 0 0 0 0 38 0 0 34 0 0 0 0 0 0 0 0 0 0 0 0 0 0 0 0 68 66 0 0 0 0 0 0 0 0 0 0 0 0 0 0 0 0 0 0 90 0 0 0 5 0 0 0 0 0 0 0 68 96 28 0 0 0 87 0 0 0 0 29 0 0 0 0 0 0 0 
0 0 0 0 36 0 0 0 0 0 0 0 19 0 38 0 0 0 0 68 0 0 0 0 99 0 0 0 0 0 0 55 0 0 0 0 0 90 0 0 0 0 0 0 0 0 0 81 0 0 0 54 0 0 0 0 0 0 0 5 0 0 0 0 0 0 44 0 0 0 0 0 0 0 0 90 0 0 0 0 0 0 0 0 0 100 53 0 0 0 0 0 0 0 0 78 0 0 0 0 
0 0 0 0 0 0 0 0 0 0 0 0 0 0 0 0 87 0 0 0 0 0 49 0 0 0 0 55 0 83 0 0 73 0 0 0 0 34 0 0 0 0 0 0 0 6 0 65 0 0 0 0 0 0 0 0 0 78 0 0 0 0 0 0 0 0 21 0 0 0 0 42 0 0 0 0 0 0 0 38 0 0 0 28 0 0 31 0 0 64 0 0 0 0 0 0 0 0 0 0 
7 0 3 0 0 69 0 0 0 0 0 0 0 0 0 0 0 0 0 0 0 0 0 0 0 0 0 0 0 38 0 0 0 0 0 0 0 0 0 0 0 0 0 0 0 0 0 0 0 0 0 0 0 0 97 0 0 0 0 85 58 0 39 0 91 0 0 0 0 0 59 0 0 0 0 0 0 0 0 73 0 0 0 0 64 0 0 0 0 0 57 0 82 0 0 0 0 0 28 0 
0 0 0 0 0 0 0 0 0 0 0 29 0 27 0 0 0 0 0 0 97 0 0 0 0 0 0 0 0 0 0 17 0 0 0 55 0 0 0 43 58 0 0 6 0 0 0 0 0 0 47 0 35 0 0 0 0 35 0 0 0 29 0 0 75 0 0 0 0 0 0 96 0 0 0 0 0 0 0 0 0 0 0 0 0 0 0 0 0 0 0 0 0 0 0 27 0 0 0 0 
0 0 0 0 0 0 0 0 0 0 0 0 0 0 0 0 0 0 0 0 0 86 0 0 0 0 0 0 0 0 0 0 0 0 0 0 26 80 0 0 0 0 0 0 0 0 0 0 0 26 0 0 0 0 4 0 0 1 0 0 0 16 69 27 0 46 0 0 0 0 0 0 0 0 47 0 78 0 0 0 52 0 5 0 0 0 0 0 0 0 0 57 0 0 0 0 0 0 0 0 
0 0 0 0 0 0 0 0 22 0 0 0 0 0 0 0 0 0 0 0 0 0 0 0 0 0 0 0 0 0 56 81 0 0 0 0 0 0 0 41 0 0 81 65 0 0 0 0 0 0 0 0 96 0 0 0 0 41 0 50 0 0 0 0 72 0 0 0 0 0 0 0 0 0 0 0 0 43 0 0 0 0 0 91 0 0 0 0 0 3 0 0 72 0 0 0 0 38 0 0 
0 0 0 0 14 0 0 2 0 0 0 0 20 0 0 0 0 0 0 0 0 8 0 0 0 0 0 0 0 88 13 0 91 0 0 0 82 0 0 0 0 0 0 0 0 0 0 0 0 0 0 0 0 0 0 0 0 0 0 0 0 0 0 0 0 0 0 0 0 0 0 0 0 0 32 0 0 0 0 0 0 0 0 27 0 0 0 20 0 0 0 0 0 0 0 83 0 0 0 0 
0 0 0 0 0 0 0 0 1 0 0 0 0 0 0 0 0 0 0 0 0 0 0 0 0 0 0 0 0 0 0 77 0 0 0 8 0 0 0 66 0 68 0 0 0 0 26 0 0 0 0 4 0 0 0 0 0 0 0 0 95 0 0 0 0 0 88 0 0 0 0 0 0 0 0 0 0 99 0 0 0 0 0 77 0 0 0 0 0 0 0 0 78 0 0 20 0 0 0 28 
0 78 0 0 0 0 27 0 0 0 0 0 0 0 0 28 99 0 0 0 0 66 0 0 0 0 0 0 0 0 93 0 0 0 0 0 0 62 0 0 0 66 0 0 0 47 0 0 0 0 0 0 0 84 0 0 0 0 0 33 0 0 0 0 0 0 70 0 0 0 0 71 0 0 0 0 0 0 14 0 0 0 0 96 0 0 0 0 0 0 0 0 0 0 0 0 0 0 0 0 
0 0 0 2 0 0 0 0 47 0 50 0 3 0 0 0 0 0 0 0 0 26 0 0 0 0 0 0 0 0 74 0 0 38 0 0 0 55 0 0 0 0 54 0 0 0 0 0 0 4 0 0 0 0 0 0 22 0 0 0 0 0 62 0 0 0 0 0 0 0 0 100 0 0 0 0 0 0 0 0 0 0 0 47 0 0 0 0 0 58 0 0 0 0 0 0 0 0 0 0 
0 0 0 0 0 0 0 12 0 58 81 0 0 62 0 0 0 0 51 0 0 0 0 0 0 0 0 0 0 0 0 19 0 0 0 0 0 19 0 0 0 0 0 0 0 35 0 96 0 0 0 0 0 0 0 0 0 0 0 0 0 0 0 0 20 0 0 0 0 0 0 60 0 44 0 96 0 0 0 0 0 0 97 0 0 0 40 0 0 0 0 0 0 0 0 0 0 0 0 0 
0 0 0 61 0 29 0 0 0 0 0 0 0 35 52 0 0 0 0 0 0 0 31 0 0 0 0 0 0 0 0 0 0 0 0 0 0 0 0 0 0 0 0 0 0 0 0 0 0 0 84 0 0 0 0 24 0 0 0 0 0 0 0 0 0 57 0 57 0 0 0 0 0 0 0 0 0 0 0 0 0 0 0 0 0 0 35 0 0 0 0 5 0 0 0 0 0 0 0 0 
0 0 0 0 0 0 0 81 0 0 0 0 64 0 0 0 0 0 0 0 0 0 0 80 0 0 0 0 0 0 0 31 0 0 93 0 60 0 0 0 0 0 0 0 97 0 4 0 0 0 0 0 0 0 0 0 0 0 1 0 0 0 0 15 0 15 0 0 0 0 0 0 0 0 58 0 0 0 0 0 0 0 0 0 0 0 0 0 0 2 0 0 0 0 0 0 0 0 0 0 
0 0 0 0 0 0 0 0 0 0 0 0 0 43 26 0 0 57 0 0 0 0 0 0 73 0 0 0 0 11 0 0 0 0 0 0 0 74 0 0 0 0 0 0 0 0 0 0 0 0 0 0 0 24 0 0 0 0 0 16 0 0 0 0 0 60 0 0 0 0 0 89 0 0 0 0 0 0 0 0 0 0 0 0 87 0 0 0 0 0 0 78 0 59 0 0 0 0 0 0 
0 0 0 0 2 0 0 0 0 0 0 41 0 0 0 0 0 0 0 0 0 0 0 0 0 0 0 0 0 0 0 0 0 0 37 0 0 0 0 0 0 0 0 0 0 0 0 0 0 0 0 22 0 0 0 0 0 0 0 0 77 0 55 0 0 0 0 0 0 0 0 0 69 0 0 0 0 0 5 0 0 0 47 0 0 86 82 0 0 0 0 31 0 0 95 0 0 0 57 0 
0 0 0 0 0 0 0 0 0 82 0 0 82 0 78 0 0 0 0 0 0 0 0 0 0 0 0 0 0 0 83 0 0 0 0 0 0 0 0 0 0 0 0 78 0 35 1 41 0 0 0 0 0 0 0 0 0 0 0 0 0 0 0 0 0 0 0 88 0 0 0 0 0 0 3 0 17 0 0 0 0 0 0 0 0 0 0 0 0 0 52 40 40 0 0 0 0 42 0 0 
0 1 88 0 0 0 0 0 0 0 0 0 93 0 0 0 0 0 0 0 0 0 45 0 0 73 0 0 0 0 0 0 0 0 0 0 0 0 0 0 0 0 0 0 0 0 0 0 0 0 0 0 0 0 1 0 0 0 0 0 0 0 0 95 0 0 0 0 2 0 0 0 0 0 0 0 0 0 0 0 0 0 0 0 0 0 0 0 0 0 0 0 0 0 0 49 0 0 0 0 
0 0 0 0 0 0 0 0 0 0 0 0 0 0 0 0 0 50 0 0 0 0 0 0 0 0 0 0 52 0 0 0 0 0 0 0 0 0 0 0 0 0 5 0 85 0 0 50 0 0 33 0 0 0 0 16 0 0 0 0 0 95 0 0 0 0 0 0 0 0 0 0 0 9 0 0 0 0 0 0 61 0 0 19 0 0 0 0 0 23 0 0 72 0 43 0 0 0 0 0 
0 0 99 0 0 57 0 2 0 0 0 0 32 0 0 67 0 0 0 0 0 61 0 0 0 0 0 0 32 0 0 0 0 0 88 0 0 0 0 0 0 0 0 0 58 0 0 0 0 95 0 0 0 0 0 0 77 0 0 0 0 0 0 0 0 0 76 0 0 0 0 0 0 0 0 0 0 0 0 93 0 0 0 0 0 0 0 0 0 71 0 0 85 0 0 0 0 0 0 0 
0 0 0 0 0 0 0 0 0 0 0 0 0 0 3 0 0 0 0 37 16 0 0 0 0 0 0 0 0 0 7 0 0 0 0 28 0 0 62 0 0 0 0 0 0 29 16 0 0 0 0 0 0 0 0 0 0 0 0 95 0 0 17 0 0 0 0 0 0 0 0 0 0 0 0 91 38 0 0 2 0 0 0 0 0 0 0 93 0 0 70 0 0 0 0 0 0 0 0 0 
0 0 62 0 0 0 0 0 0 0 0 0 0 0 0 0 0 0 0 0 0 0 0 0 27 43 0 0 0 0 0 9 0 58 0 0 0 0 0 32 0 0 0 0 39 0 69 0 0 0 0 62 0 0 0 0 55 0 0 0 0 17 0 0 28 0 0 82 0 0 0 0 0 0 0 0 0 0 0 0 85 0 0 0 0 0 0 0 0 0 0 36 0 0 0 0 0 0 0 0 
0 0 0 0 47 0 0 0 0 0 0 24 0 73 0 0 0 0 0 0 22 0 0 0 46 0 0 0 0 0 0 0 0 0 0 0 0 0 0 0 0 0 0 0 0 0 27 0 0 0 0 0 0 0 15 0 0 0 95 0 0 0 0 0 0 0 0 0 0 0 0 48 0 0 0 0 0 0 0 0 0 0 0 0 0 10 0 0 16 0 0 72 0 0 49 0 0 0 71 0 
0 0 0 0 89 0 0 0 0 0 0 0 0 3 0 0 0 0 0 0 0 0 0 0 0 0 0 0 0 0 95 0 0 0 56 0 0 0 95 15 0 0 0 0 91 75 0 72 0 0 0 0 20 0 0 0 0 0 0 0 0 0 28 0 0 0 0 0 0 0 0 0 0 0 0 0 0 0 0 0 0 58 0 0 0 0 0 0 0 0 0 0 0 70 0 0 61 49 0 0 
0 0 0 28 0 0 0 85 45 0 0 0 0 0 0 0 0 0 10 0 0 23 0 0 0 0 0 0 0 0 0 0 0 0 0 0 0 49 0 0 0 0 0 0 0 0 46 0 0 0 0 0 0 57 15 60 0 0 0 0 0 0 0 0 0 0 12 0 0 0 0 0 0 0 63 0 42 0 65 0 0 0 0 0 0 0 0 0 0 0 0 0 0 0 0 0 0 0 0 0 
0 0 0 0 0 0 0 0 0 0 0 0 0 0 0 0 0 0 0 0 0 0 0 0 0 0 0 0 0 0 0 0 0 52 0 0 4 0 0 19 67 0 44 21 0 0 0 0 0 88 70 0 0 0 0 0 0 0 0 0 76 0 0 0 0 12 0 0 0 0 0 0 0 0 0 0 2 0 0 0 0 0 62 0 0 0 0 0 0 0 0 0 0 0 64 0 61 0 0 67 
0 0 0 0 0 0 0 8 0 0 30 39 0 29 0 0 0 0 0 0 0 0 0 0 0 37 0 70 0 0 0 0 0 0 0 0 0 0 0 21 0 0 0 0 0 0 0 0 0 0 0 0 0 57 0 0 0 88 0 0 0 0 82 0 0 0 0 0 0 0 0 0 0 0 95 47 0 0 81 0 57 0 0 0 0 0 0 0 0 0 0 54 0 0 0 0 0 0 0 0 
0 0 0 0 0 0 0 0 0 5 0 17 0 0 0 0 0 70 0 0 0 0 0 0 31 0 0 85 0 0 0 60 0 47 0 0 0 0 0 64 0 0 0 0 0 0 0 0 0 0 0 0 0 0 0 0 0 0 2 0 0 0 0 0 0 0 0 0 0 0 0 0 0 0 0 0 0 0 0 0 0 0 0 0 0 0 0 0 0 0 0 0 0 0 0 0 0 0 0 92 
0 0 30 0 0 0 40 0 80 0 0 0 0 0 0 0 0 0 23 0 0 0 0 53 0 16 0 0 0 0 0 0 0 0 0 92 0 78 0 0 0 90 0 0 0 0 0 0 0 0 0 0 0 0 0 0 0 0 0 0 0 0 0 0 0 0 0 0 0 0 0 0 0 0 0 0 47 0 0 0 0 0 0 0 11 0 0 0 87 0 0 0 0 0 0 0 0 0 0 0 
0 6 0 0 60 0 0 0 7 73 0 78 0 0 0 0 0 0 16 0 0 75 86 0 0 0 0 0 0 0 0 0 0 0 0 25 0 35 0 0 0 0 0 0 59 0 0 0 0 0 0 0 0 0 0 0 0 0 0 0 0 0 0 0 0 0 0 0 0 0 0 0 0 0 0 0 0 0 0 0 0 93 0 0 0 0 61 0 53 0 0 34 0 0 0 0 0 0 0 0 
0 0 0 0 0 0 0 27 0 0 0 0 0 0 0 0 0 0 0 0 0 0 0 0 0 0 0 0 0 0 0 0 0 0 0 0 0 0 0 0 0 0 0 42 0 96 0 0 0 0 71 100 60 0 0 89 0 0 0 0 0 0 0 48 0 0 0 0 0 0 0 0 0 0 0 0 0 0 0 0 0 0 0 0 6 0 96 0 57 0 0 0 0 3 0 16 0 0 0 0 
0 0 0 0 0 0 0 26 0 0 0 93 0 0 0 0 0 0 0 34 0 0 0 0 0 0 16 0 0 0 0 0 0 0 0 0 0 0 0 0 0 0 0 0 0 0 0 0 0 0 0 0 0 0 0 0 69 0 0 0 0 0 0 0 0 0 0 0 0 0 0 0 0 0 78 73 0 0 0 0 0 0 0 0 0 0 0 0 15 0 0 0 0 0 0 38 0 86 89 0 
0 0 0 95 0 0 0 0 0 0 32 0 0 0 0 0 0 0 0 0 0 0 71 0 36 0 0 0 0 0 0 60 0 0 74 0 0 0 0 0 0 5 0 0 0 0 0 0 0 0 0 0 44 0 0 0 0 0 0 9 0 0 0 0 0 0 0 0 0 0 0 0 0 0 0 0 0 0 0 52 5 0 0 3 72 0 12 0 0 0 0 0 0 0 76 0 0 0 0 0 
82 0 0 0 0 0 100 0 0 0 0 0 0 0 22 0 0 0 0 0 0 0 0 0 94 0 0 0 0 0 0 0 0 0 0 0 0 53 0 0 0 0 0 0 0 0 47 0 32 0 0 0 0 0 58 0 0 3 0 0 0 0 0 0 0 63 0 95 0 0 0 0 78 0 0 0 0 2 0 0 0 0 0 0 0 0 0 0 0 0 0 55 0 0 0 0 0 0 0 77 
0 0 0 50 0 0 0 0 20 0 0 0 0 0 0 0 0 0 66 0 0 58 0 0 0 70 0 0 0 0 0 0 0 0 0 0 0 0 0 0 0 0 90 0 0 0 0 0 0 0 0 0 96 0 0 0 0 0 0 0 0 91 0 0 0 0 0 47 0 0 0 0 73 0 0 0 0 0 0 0 25 0 0 0 0 0 0 0 0 0 0 0 0 0 0 0 0 0 0 0 
0 0 0 0 0 0 0 0 0 0 0 0 0 0 0 0 0 0 61 0 0 0 0 0 0 0 0 0 66 0 0 0 0 0 0 0 0 0 0 0 0 0 0 0 0 0 78 0 0 0 0 0 0 0 0 0 0 17 0 0 0 38 0 0 0 42 2 0 0 47 0 0 0 0 0 0 0 0 0 0 0 0 0 0 0 0 0 0 0 0 0 0 0 0 0 0 0 0 0 0 
16 0 0 0 0 0 0 0 0 0 0 0 0 0 37 0 0 0 0 0 94 0 0 35 56 0 0 0 85 0 0 0 0 0 0 0 0 0 0 44 0 0 0 0 0 0 0 43 0 99 0 0 0 0 0 0 0 0 0 0 0 0 0 0 0 0 0 0 0 0 0 0 0 0 2 0 0 0 0 0 0 80 0 0 0 0 0 0 0 0 0 0 0 0 67 0 32 0 0 0 
0 0 0 0 0 16 0 62 0 27 0 0 0 0 0 0 0 0 72 54 87 0 0 0 0 0 0 0 0 50 0 0 0 0 0 49 23 0 0 0 0 0 0 0 0 0 0 0 0 0 14 0 0 0 0 0 5 0 0 0 0 0 0 0 0 65 0 81 0 0 0 0 0 0 0 0 0 0 0 57 0 0 0 0 0 0 0 0 0 0 0 0 0 0 0 0 65 0 0 0 
0 17 61 88 0 83 0 0 0 0 0 0 0 0 0 0 0 0 0 0 0 42 39 49 0 0 0 0 0 0 0 0 0 0 0 0 93 0 6 0 0 0 0 38 73 0 0 0 0 0 0 0 0 0 0 0 0 0 0 0 93 2 0 0 0 0 0 0 0 0 0 0 0 52 0 0 0 0 57 0 0 0 0 0 0 0 0 0 0 0 0 0 0 0 0 0 0 0 0 0 
0 0 0 0 0 0 38 0 0 0 0 0 0 0 7 58 0 0 0 0 0 0 0 80 0 0 0 0 0 0 0 0 0 0 0 0 0 0 0 94 0 0 0 0 0 0 52 0 0 0 0 0 0 0 0 0 0 0 0 61 0 0 85 0 0 0 0 57 0 0 0 0 0 5 0 25 0 0 0 0 0 0 0 0 0 2 0 0 0 0 58 0 0 0 56 22 0 0 0 0 
0 0 62 0 0 0 0 0 0 0 0 0 0 0 0 0 0 0 0 0 0 0 0 0 0 65 0 0 0 0 0 0 0 0 0 0 0 0 51 0 0 68 0 0 0 0 0 0 0 0 0 0 0 0 0 0 0 0 0 0 0 0 0 0 58 0 0 0 0 0 93 0 0 0 0 0 0 80 0 0 0 0 0 69 0 0 0 0 0 0 91 0 60 0 0 0 49 0 17 0 
0 0 0 0 0 0 0 78 0 83 0 0 0 0 91 41 0 0 48 0 62 0 0 0 6 0 47 0 0 0 0 0 30 16 0 0 0 0 0 0 0 96 0 0 0 0 5 0 0 0 0 0 97 0 0 0 47 0 0 0 0 0 0 0 0 0 62 0 0 0 0 0 0 0 0 0 0 0 0 0 0 0 0 0 0 0 0 0 0 0 0 0 0 0 0 0 0 0 0 0 
0 0 0 96 0 0 0 0 0 17 0 0 0 11 0 0 0 0 0 0 0 0 0 26 0 0 0 0 0 0 0 0 0 0 94 0 0 0 0 0 0 28 0 28 0 0 0 91 27 77 96 47 0 0 0 0 0 0 0 19 0 0 0 0 0 0 0 0 0 0 0 0 0 3 0 0 0 0 0 0 0 69 0 0 0 0 0 0 0 0 0 0 0 0 0 0 0 0 0 0 
0 0 0 0 0 8 0 0 0 0 41 0 9 0 0 0 0 0 0 0 37 0 0 0 22 0 0 72 0 0 0 0 0 0 0 0 0 0 0 0 17 0 0 0 64 0 0 0 0 0 0 0 0 0 0 87 0 0 0 0 0 0 0 0 0 0 0 0 0 11 0 6 0 72 0 0 0 0 0 0 0 0 0 0 0 28 0 0 0 0 0 0 0 0 37 0 0 0 0 0 
0 0 0 0 0 0 0 2 22 0 0 0 0 0 0 0 0 0 0 0 26 0 0 0 0 0 0 0 84 0 0 0 0 0 0 0 0 0 0 0 0 0 100 0 0 0 0 0 0 0 0 0 0 0 0 0 86 0 0 0 0 0 0 10 0 0 0 0 0 0 0 0 0 0 0 0 0 0 0 0 2 0 0 0 28 0 0 0 0 0 51 0 0 0 0 0 0 83 0 0 
77 46 0 0 0 0 0 0 0 52 0 0 0 0 0 0 0 0 0 0 27 0 0 13 0 0 0 0 0 0 0 0 0 0 0 0 0 0 0 0 0 0 53 31 0 0 0 0 0 0 0 0 40 35 0 0 82 0 0 0 0 0 0 0 0 0 0 0 0 0 61 96 0 12 0 0 0 0 0 0 0 0 0 0 0 0 0 0 0 0 0 0 0 33 0 51 0 0 0 0 
0 0 0 0 46 40 0 0 0 0 0 0 0 0 0 0 0 0 0 48 0 0 0 0 34 0 0 0 0 44 0 48 0 0 0 0 0 0 0 0 0 87 0 0 0 0 0 0 20 0 0 0 0 0 0 0 0 0 0 0 0 93 0 0 0 0 0 0 0 0 0 0 0 0 0 0 0 0 0 0 0 0 0 0 0 0 0 0 0 0 41 0 45 0 0 0 0 0 0 20 
0 0 0 0 0 0 0 0 0 0 0 28 0 0 0 0 92 0 0 0 0 0 0 7 0 0 60 27 0 0 0 0 0 0 0 0 0 0 0 0 0 0 0 0 0 0 0 0 0 0 0 0 0 0 0 0 0 0 0 0 0 0 0 16 0 0 0 0 0 87 53 57 15 0 0 0 0 0 0 0 0 0 0 0 0 0 0 0 0 0 0 45 0 0 0 0 81 0 0 69 
100 0 34 8 0 0 0 0 0 9 0 0 0 0 0 0 0 0 0 0 0 0 0 0 0 0 0 0 89 0 0 0 0 0 0 7 0 0 0 0 0 0 0 64 0 0 0 3 0 0 0 58 0 0 2 0 0 0 0 23 71 0 0 0 0 0 0 0 0 0 0 0 0 0 0 0 0 0 0 0 0 0 0 0 0 0 0 0 0 0 64 0 0 96 0 0 0 0 0 0 
0 0 0 0 15 0 0 0 0 0 19 0 0 0 0 0 0 84 43 0 33 0 0 0 70 0 0 0 0 0 0 0 0 0 0 0 0 0 0 0 77 0 0 0 57 0 0 0 0 0 0 0 0 0 0 0 0 52 0 0 0 70 0 0 0 0 0 0 0 0 0 0 0 0 0 0 0 0 0 0 58 91 0 0 0 51 0 41 0 64 0 0 0 0 0 0 0 0 0 0 
0 0 0 0 0 0 0 0 0 0 0 0 0 0 7 0 40 0 0 0 0 0 0 0 0 0 0 0 0 0 0 0 0 0 0 0 87 0 0 0 0 0 0 0 0 0 57 0 0 0 0 0 0 5 0 78 31 40 0 0 0 0 36 72 0 0 0 54 0 0 34 0 0 0 55 0 0 0 0 0 0 0 0 0 0 0 0 0 45 0 0 0 0 0 0 0 50 0 0 0 
0 0 40 0 0 0 0 0 0 0 0 48 0 0 0 0 0 0 0 0 0 0 95 50 0 0 0 0 0 0 0 0 0 0 0 0 0 0 0 0 0 29 0 0 82 0 0 72 0 78 0 0 0 0 0 0 0 40 0 72 85 0 0 0 0 0 0 0 0 0 0 0 0 0 0 0 0 0 0 0 0 60 0 0 0 0 0 45 0 0 0 0 0 17 0 0 0 66 0 0 
72 0 0 0 0 0 0 0 0 0 0 0 0 31 0 0 0 74 0 0 0 0 0 0 0 0 0 0 70 0 15 32 63 0 0 0 0 0 0 33 0 0 0 0 0 0 0 0 0 0 0 0 0 0 0 59 0 0 0 0 0 0 0 0 70 0 0 0 0 0 0 3 0 0 0 0 0 0 0 0 0 0 0 0 0 0 33 0 0 96 0 0 17 0 0 0 0 0 0 3 
0 86 0 0 0 0 0 0 0 0 0 0 0 0 0 0 0 0 0 0 0 0 80 0 0 38 0 0 0 0 0 0 0 0 0 0 0 40 13 0 0 0 0 0 0 0 0 0 0 0 0 0 0 0 0 0 95 0 0 43 0 0 0 49 0 0 64 0 0 0 0 0 0 76 0 0 0 67 0 0 56 0 0 0 37 0 0 0 0 0 0 0 0 0 0 82 0 0 0 56 
0 0 0 0 0 97 0 0 0 0 0 0 0 0 0 0 96 0 0 0 0 0 0 0 0 0 0 0 0 0 0 0 0 0 0 0 0 0 0 0 0 0 78 0 0 27 0 0 83 20 0 0 0 0 0 0 0 0 49 0 0 0 0 0 0 0 0 0 0 0 0 16 38 0 0 0 0 0 0 0 22 0 0 0 0 0 51 0 0 0 0 0 0 0 82 0 0 0 0 0 
0 0 0 0 23 0 0 0 0 0 0 0 0 0 0 0 88 0 0 0 0 99 0 0 0 84 0 0 0 0 21 0 0 86 0 0 0 0 4 0 0 0 0 0 0 0 0 0 0 0 0 0 0 0 0 0 0 0 0 0 0 0 0 0 61 0 61 0 0 0 0 0 0 0 0 0 0 32 65 0 0 49 0 0 0 0 0 0 81 0 0 50 0 0 0 0 0 0 0 59 
0 0 0 68 0 0 0 0 0 0 37 86 0 0 45 0 54 0 0 0 0 0 0 0 53 0 0 0 0 30 0 0 0 0 48 0 0 0 50 0 0 0 0 0 0 0 0 38 0 0 0 0 0 0 0 0 0 42 0 0 0 0 0 0 49 0 0 0 0 0 0 0 86 0 0 0 0 0 0 0 0 0 0 0 0 83 0 0 0 0 0 0 66 0 0 0 0 0 0 0 
0 74 0 0 67 0 0 0 0 0 0 0 0 80 0 0 63 0 0 21 0 0 0 0 0 0 0 0 0 0 0 0 0 0 0 0 0 0 0 0 0 0 0 0 28 0 0 0 0 0 0 0 0 0 0 0 57 0 0 0 0 0 0 71 0 0 0 0 0 0 0 0 89 0 0 0 0 0 0 0 0 17 0 0 0 0 0 0 0 0 0 0 0 0 0 0 0 0 0 0 
0 0 29 0 0 0 5 0 0 0 0 0 73 0 0 0 16 0 0 0 0 0 0 39 0 0 5 0 0 0 0 0 0 0 0 0 0 0 0 0 0 0 0 0 0 0 0 0 0 28 0 0 0 0 0 0 0 0 0 0 0 0 0 0 0 0 67 0 92 0 0 0 0 0 77 0 0 0 0 0 0 0 0 0 0 0 0 20 69 0 0 0 0 3 56 0 59 0 0 0 
