0 0 0 0 0 8 0 0 0 0 0 0 0 0 0 0 0 0 0 44 0 0 0 97 0 0 0 0 0 0 0 0 0 0 0 0 0 0 0 0 0 0 0 0 0 0 0 0 0 0 0 0 0 0 21 0 98 0 0 0 37 0 0 0 0 0 50 0 22 87 11 0 0 0 0 0 0 0 52 0 0 0 0 0 0 65 0 0 0 0 0 0 0 0 0 0 0 0 0 0 
0 0 0 0 93 0 0 34 0 65 0 0 0 0 0 0 0 0 0 0 0 0 0 0 0 0 0 78 35 0 0 0 0 36 0 0 0 0 0 0 0 0 0 0 88 0 0 0 0 0 0 0 0 0 0 0 0 0 100 0 0 0 0 0 0 0 0 0 0 0 0 46 0 0 89 0 0 0 0 0 0 0 0 0 0 43 0 0 0 0 0 0 0 0 0 0 0 0 0 0 
0 0 0 88 0 0 0 0 0 0 0 79 83 0 0 0 0 0 0 0 0 0 0 0 0 0 0 0 56 0 0 0 0 0 0 0 0 0 0 0 84 0 0 0 0 0 0 0 0 0 62 0 0 0 0 0 0 0 98 0 0 23 0 0 0 0 0 40 0 0 0 0 0 0 0 0 0 0 0 97 0 0 0 0 0 0 0 0 0 0 0 45 0 0 0 0 7 0 43 0 
0 0 88 0 0 0 0 0 0 13 0 0 0 0 0 0 0 0 0 0 0 0 0 0 0 0 0 0 75 77 79 0 0 0 0 40 0 0 0 0 0 0 0 58 0 0 54 0 0 0 0 0 0 0 0 0 11 0 0 0 0 76 0 85 0 0 0 0 0 0 62 0 0 0 0 0 0 0 4 0 0 0 0 0 0 92 0 0 48 0 0 0 0 0 0 0 0 0 0 0 
0 93 0 0 0 0 0 0 82 0 0 0 0 0 0 0 0 0 0 0 0 0 0 0 0 96 0 0 0 0 0 0 0 0 0 32 0 0 0 0 70 0 0 0 0 0 0 2 0 59 0 0 0 0 0 0 0 0 0 37 0 0 0 9 0 0 0 0 0 0 0 0 0 0 0 0 0 0 0 75 87 0 54 0 0 0 0 0 68 0 0 0 0 87 49 0 0 0 0 0 
8 0 0 0 0 0 0 0 0 0 0 0 0 0 0 0 0 0 52 0 0 0 0 0 0 56 0 64 0 15 61 0 0 0 0 0 0 0 0 0 0 0 75 0 0 0 0 0 0 0 0 0 79 0 0 0 20 0 0 0 0 0 0 0 0 0 6 0 0 0 0 0 0 0 0 0 0 0 0 0 0 0 0 0 56 47 0 0 0 0 0 0 0 62 0 0 0 26 0 0 
0 0 0 0 0 0 0 0 0 0 72 0 0 0 0 0 0 0 0 0 0 0 0 0 0 0 0 0 0 0 0 0 0 0 0 0 0 0 0 0 0 0 19 0 0 0 0 0 0 0 15 0 0 0 0 0 0 0 0 0 0 0 0 84 0 0 0 16 0 0 0 0 0 0 0 0 18 0 0 0 0 32 0 0 0 0 52 16 48 53 0 35 0 0 0 0 0 0 0 34 
0 34 0 0 0 0 0 0 91 0 0 19 0 0 0 0 0 0 0 6 0 0 0 0 0 0 0 0 0 59 0 0 0 0 0 0 0 0 38 0 0 0 0 0 0 44 0 60 0 0 82 0 82 0 0 0 0 0 0 0 0 0 0 0 0 84 0 0 0 0 0 0 0 53 0 0 0 0 0 0 0 0 0 0 0 0 0 0 0 0 0 0 0 0 0 92 0 6 87 0 
0 0 0 0 82 0 0 91 0 0 0 0 0 0 0 0 0 0 0 0 0 0 0 0 55 0 0 0 0 0 0 30 0 72 0 29 0 0 0 0 0 0 0 0 0 61 0 0 0 0 0 0 0 0 0 0 0 0 0 0 0 0 59 0 0 25 0 0 0 0 0 100 0 77 0 46 0 0 0 0 66 0 0 25 0 0 0 0 0 0 0 0 40 0 0 0 0 0 0 0 
0 65 0 13 0 0 0 0 0 0 0 0 0 0 0 0 0 69 0 0 0 80 0 58 0 0 0 0 0 0 0 0 0 0 0 0 0 0 0 0 0 0 0 0 0 0 0 0 0 0 0 0 0 0 0 0 0 0 0 0 0 0 0 0 0 0 0 0 0 0 0 0 0 0 0 29 0 0 70 0 0 88 58 0 0 0 0 0 0 0 0 0 0 0 0 0 0 0 51 0 
0 0 0 0 0 0 72 0 0 0 0 0 0 0 0 0 0 0 0 97 0 0 0 0 0 0 0 0 0 0 0 0 0 0 0 0 0 0 0 0 0 0 74 0 0 70 0 0 0 0 40 0 0 0 0 0 0 0 0 0 0 0 0 86 0 0 0 0 0 0 71 0 0 0 0 0 0 0 100 0 0 0 0 0 5 61 0 27 78 71 0 0 0 0 0 0 0 91 41 0 
0 0 79 0 0 0 0 19 0 0 0 0 0 0 0 0 0 65 0 0 0 0 0 0 0 0 0 0 0 0 74 0 0 0 0 0 0 0 0 0 75 0 0 0 0 56 40 95 0 0 6 0 0 0 4 0 0 0 0 0 0 0 0 0 0 0 0 0 0 0 0 0 0 0 0 0 0 74 0 9 0 0 0 0 0 0 0 0 0 74 0 0 0 25 0 0 0 63 0 0 
0 0 83 0 0 0 0 0 0 0 0 0 0 0 0 0 0 0 0 0 0 0 0 0 0 0 0 0 0 0 49 0 0 0 0 0 0 81 0 0 0 0 0 0 0 0 0 0 0 0 0 0 0 0 0 0 0 0 0 0 0 0 0 0 0 0 0 0 0 0 0 0 0 0 0 0 0 99 0 0 0 0 57 0 0 0 0 0 0 0 0 46 61 0 0 0 0 0 0 0 
0 0 0 0 0 0 0 0 0 0 0 0 0 0 0 0 0 0 0 0 19 0 0 0 0 0 0 0 0 0 0 8 25 0 0 0 0 0 0 0 0 0 89 0 0 89 0 0 68 37 0 0 0 0 0 0 78 0 0 0 0 0 0 89 0 0 0 0 0 26 0 0 0 0 0 49 0 0 32 0 0 0 0 0 0 0 0 0 0 0 0 0 0 15 0 0 0 0 0 0 
0 0 0 0 0 0 0 0 0 0 0 0 0 0 0 12 0 0 0 0 70 0 0 0 0 0 0 0 0 0 0 0 74 72 0 0 0 0 30 0 0 0 0 0 0 0 0 0 0 32 0 0 0 0 0 0 6 40 0 32 0 10 0 0 0 0 0 0 0 14 0 0 0 99 0 0 0 0 0 0 0 0 0 0 0 0 36 0 0 0 0 0 76 0 0 0 0 81 0 0 
0 0 0 0 0 0 0 0 0 0 0 0 0 0 12 0 0 0 0 0 0 0 0 0 0 59 0 0 75 0 90 0 0 0 0 0 2 0 0 0 0 0 0 0 95 0 0 5 0 0 0 0 0 0 8 0 0 0 0 0 0 0 9 0 0 0 0 0 23 68 0 0 0 0 0 0 0 0 0 0 0 0 0 0 0 0 0 0 0 0 0 0 0 0 0 0 0 12 0 0 
0 0 0 0 0 0 0 0 0 0 0 0 0 0 0 0 0 0 31 0 0 0 0 71 0 0 0 0 0 89 5 0 0 0 0 0 0 18 0 0 0 0 0 0 81 0 84 0 0 0 0 33 0 0 0 0 0 0 0 0 33 0 0 0 0 0 0 0 0 0 0 0 0 9 0 0 0 0 0 0 0 0 0 0 0 0 0 0 0 0 0 0 0 61 0 0 0 0 0 0 
0 0 0 0 0 0 0 0 0 69 0 65 0 0 0 0 0 0 0 0 0 0 0 0 0 44 0 0 0 0 0 0 0 0 0 0 0 0 0 0 0 9 0 0 0 0 0 0 0 13 73 0 0 0 0 0 0 39 0 0 0 0 0 0 0 0 0 0 0 0 0 0 0 0 0 0 0 47 0 0 0 0 0 0 0 0 0 0 15 0 70 0 0 0 0 0 0 0 44 0 
0 0 0 0 0 52 0 0 0 0 0 0 0 0 0 0 31 0 0 0 0 0 0 0 0 0 42 0 49 0 0 0 0 0 0 0 0 0 6 0 0 0 73 32 0 0 0 0 0 0 0 0 40 0 0 88 0 0 0 0 0 0 0 0 0 0 0 0 0 0 0 0 0 0 0 0 0 0 28 0 0 0 0 0 0 0 0 0 53 0 0 0 16 0 0 0 0 89 0 0 
44 0 0 0 0 0 0 6 0 0 97 0 0 0 0 0 0 0 0 0 0 0 91 0 0 0 0 0 0 0 0 0 93 0 0 0 0 0 0 0 0 3 0 0 0 0 66 0 0 0 1 0 0 63 0 14 0 0 0 0 64 0 0 0 0 0 0 0 0 0 0 0 0 0 0 0 0 0 0 24 0 0 0 0 0 0 0 0 0 0 0 0 65 86 0 0 59 0 0 0 
0 0 0 0 0 0 0 0 0 0 0 0 0 19 70 0 0 0 0 0 0 0 0 0 0 0 0 0 0 0 0 10 0 99 0 0 0 0 0 20 0 86 0 0 0 0 0 0 84 0 0 0 0 0 0 0 0 0 0 0 0 0 0 0 0 0 82 0 0 0 63 0 0 0 0 0 0 14 0 0 0 0 0 0 0 0 0 0 93 0 0 0 0 0 0 0 0 0 0 0 
0 0 0 0 0 0 0 0 0 80 0 0 0 0 0 0 0 0 0 0 0 0 0 0 0 0 0 0 0 0 0 0 0 0 0 0 0 0 0 0 0 0 0 0 0 0 0 0 62 88 0 0 77 0 0 0 50 0 0 0 5 0 0 0 0 0 42 0 0 34 36 0 0 0 0 0 0 54 0 0 0 0 0 11 0 0 9 0 0 0 0 100 0 0 0 62 0 0 0 12 
0 0 0 0 0 0 0 0 0 0 0 0 0 0 0 0 0 0 0 91 0 0 0 57 41 0 0 0 0 0 0 0 96 0 0 0 0 0 0 0 0 0 0 0 0 19 61 0 49 0 0 0 0 0 0 0 0 0 0 54 0 0 0 0 9 0 0 0 0 0 0 0 53 0 0 0 0 0 0 0 0 0 0 0 0 0 48 0 0 0 0 0 0 0 0 0 0 0 0 0 
97 0 0 0 0 0 0 0 0 58 0 0 0 0 0 0 71 0 0 0 0 0 57 0 0 0 0 0 0 0 0 18 0 0 82 0 0 0 0 0 0 0 0 0 0 0 0 0 0 0 0 0 0 0 0 0 0 0 69 10 0 32 0 0 0 0 0 0 0 0 0 75 0 0 0 0 0 0 0 0 0 0 32 0 24 0 0 0 0 0 57 0 0 22 0 0 0 0 0 0 
0 0 0 0 0 0 0 0 55 0 0 0 0 0 0 0 0 0 0 0 0 0 41 0 0 0 0 0 0 60 0 0 0 0 0 0 88 0 0 0 0 0 0 0 0 0 0 0 6 0 87 0 0 0 0 0 0 0 0 0 81 0 0 38 0 57 0 0 0 0 0 0 0 0 19 0 0 0 0 26 0 0 30 67 0 48 0 0 0 0 0 0 0 0 68 0 0 0 0 0 
0 0 0 0 96 56 0 0 0 0 0 0 0 0 0 59 0 44 0 0 0 0 0 0 0 0 0 0 98 0 59 0 62 0 59 32 0 0 0 99 0 0 0 0 0 0 0 0 0 0 0 0 0 0 0 0 0 0 0 0 0 0 0 0 32 53 0 67 0 0 0 0 0 0 0 0 0 0 0 0 0 90 0 0 0 0 0 0 0 0 0 0 0 0 0 0 3 0 0 0 
0 0 0 0 0 0 0 0 0 0 0 0 0 0 0 0 0 0 42 0 0 0 0 0 0 0 0 0 0 0 0 20 0 0 0 0 0 0 0 0 0 0 0 0 0 0 0 82 0 0 0 0 0 0 0 0 57 88 0 56 0 0 0 0 0 0 0 0 75 0 63 0 0 0 0 0 0 0 0 0 0 0 0 0 0 0 0 0 14 0 0 0 0 0 40 0 0 0 0 0 
0 78 0 0 0 64 0 0 0 0 0 0 0 0 0 0 0 0 0 0 0 0 0 0 0 0 0 0 0 0 0 0 0 0 0 0 0 0 0 0 0 0 0 0 0 0 0 0 0 0 0 0 0 0 0 24 24 0 0 0 0 0 0 0 56 0 0 0 0 0 0 0 0 0 28 0 57 0 0 0 0 16 0 0 0 0 35 0 0 0 8 0 0 0 76 0 0 50 0 0 
0 35 56 75 0 0 0 0 0 0 0 0 0 0 0 75 0 0 49 0 0 0 0 0 0 98 0 0 0 47 0 0 0 0 0 0 0 65 0 24 0 0 56 0 0 0 0 0 0 0 0 0 0 0 0 0 0 0 0 19 0 0 0 0 0 0 0 0 0 0 0 0 0 0 0 19 0 0 0 0 0 0 0 0 0 0 0 0 0 0 0 52 0 0 0 64 80 0 0 0 
0 0 0 77 0 15 0 59 0 0 0 0 0 0 0 0 89 0 0 0 0 0 0 0 60 0 0 0 47 0 0 0 0 0 22 0 0 0 0 21 0 73 0 0 28 62 0 21 0 0 0 0 0 31 0 0 0 76 0 0 0 0 0 69 0 0 0 0 0 0 0 0 0 0 0 0 0 0 0 0 0 0 0 0 0 0 0 0 0 0 0 0 0 0 0 0 0 0 0 0 
0 0 0 79 0 61 0 0 0 0 0 74 49 0 0 90 5 0 0 0 0 0 0 0 0 59 0 0 0 0 0 0 0 15 30 0 0 0 19 0 0 0 0 0 0 0 0 0 0 0 0 0 0 0 0 0 0 0 0 0 6 0 0 0 0 0 0 0 0 0 0 0 0 89 0 0 38 0 0 0 0 0 0 0 0 0 0 0 0 0 0 0 0 0 1 0 0 0 61 0 
0 0 0 0 0 0 0 0 30 0 0 0 0 8 0 0 0 0 0 0 10 0 0 18 0 0 20 0 0 0 0 0 0 48 0 0 0 0 0 0 0 0 0 0 0 0 0 0 0 0 0 0 0 0 0 0 0 0 58 0 56 0 79 0 0 0 0 0 0 0 0 0 65 0 0 0 0 0 0 0 0 0 0 0 0 0 0 0 0 0 0 40 0 0 0 0 0 0 0 0 
0 0 0 0 0 0 0 0 0 0 0 0 0 25 74 0 0 0 0 93 0 0 96 0 0 62 0 0 0 0 0 0 0 0 21 0 0 0 0 0 0 0 0 0 0 0 0 0 0 0 63 0 0 0 0 27 0 0 0 0 71 0 0 8 0 0 0 0 8 0 0 0 0 0 0 0 0 0 0 64 0 0 0 0 36 0 0 0 56 0 0 51 0 0 0 0 0 0 0 0 
0 36 0 0 0 0 0 0 72 0 0 0 0 0 72 0 0 0 0 0 99 0 0 0 0 0 0 0 0 0 15 48 0 0 0 99 77 1 0 0 0 0 0 0 0 0 0 0 0 0 0 68 0 0 0 0 0 0 0 0 0 0 0 0 0 0 0 0 0 61 0 0 0 0 0 0 0 0 0 0 0 0 0 0 0 0 0 17 0 0 0 100 0 63 0 0 0 0 0 0 
0 0 0 0 0 0 0 0 0 0 0 0 0 0 0 0 0 0 0 0 0 0 0 82 0 59 0 0 0 22 30 0 21 0 0 0 0 0 69 0 0 0 0 0 0 0 20 14 0 0 0 0 0 0 0 72 0 0 0 0 0 0 0 0 12 0 0 0 0 0 0 0 0 0 0 0 59 0 0 0 0 0 0 0 0 0 88 0 72 0 0 0 0 0 0 0 42 17 0 0 
0 0 0 40 32 0 0 0 29 0 0 0 0 0 0 0 0 0 0 0 0 0 0 0 0 32 0 0 0 0 0 0 0 99 0 0 90 0 0 58 0 0 0 0 0 0 0 0 64 0 0 0 0 0 0 0 0 0 56 0 0 0 21 0 61 0 0 0 0 0 100 0 0 0 0 0 0 0 0 0 0 0 0 0 0 0 0 0 0 0 24 0 0 0 0 0 80 0 0 0 
0 0 0 0 0 0 0 0 0 0 0 0 0 0 0 2 0 0 0 0 0 0 0 0 88 0 0 0 0 0 0 0 0 77 0 90 0 0 86 0 9 0 0 0 0 21 87 0 0 0 0 0 18 0 0 0 0 84 11 0 0 0 0 0 0 0 30 0 0 0 0 0 0 88 0 0 96 0 0 46 0 0 0 0 0 0 0 0 0 0 0 0 0 0 0 0 0 0 0 0 
0 0 0 0 0 0 0 0 0 0 0 0 81 0 0 0 18 0 0 0 0 0 0 0 0 0 0 0 65 0 0 0 0 1 0 0 0 0 0 0 0 0 0 52 51 28 0 0 0 0 0 0 18 0 0 0 0 0 0 0 0 0 0 32 81 40 0 0 55 0 0 45 0 0 0 0 0 0 0 21 0 0 0 0 0 49 0 0 0 0 0 0 0 0 0 0 0 0 0 0 
0 0 0 0 0 0 0 38 0 0 0 0 0 0 30 0 0 0 6 0 0 0 0 0 0 0 0 0 0 0 19 0 0 0 69 0 86 0 0 0 0 0 0 0 0 0 0 0 0 0 0 0 0 0 0 0 0 0 0 0 0 0 0 0 0 0 0 96 0 0 0 0 92 0 0 0 0 0 35 0 0 0 0 0 0 0 0 0 0 0 0 0 0 0 0 0 51 0 0 0 
0 0 0 0 0 0 0 0 0 0 0 0 0 0 0 0 0 0 0 0 20 0 0 0 0 99 0 0 24 21 0 0 0 0 0 58 0 0 0 0 0 84 10 0 0 0 45 0 0 74 0 0 0 0 0 0 0 0 0 0 0 0 0 0 0 0 47 0 0 0 0 0 0 0 0 0 0 0 0 0 0 0 0 0 0 0 0 0 0 0 0 0 0 0 0 0 0 0 0 0 
0 0 84 0 70 0 0 0 0 0 0 75 0 0 0 0 0 0 0 0 0 0 0 0 0 0 0 0 0 0 0 0 0 0 0 0 9 0 0 0 0 80 0 0 0 0 0 0 0 0 0 26 0 0 0 78 0 0 0 0 0 0 91 0 39 0 0 12 0 84 0 0 0 6 0 0 94 0 0 0 0 0 0 0 0 0 0 0 0 0 0 14 0 0 0 40 0 0 0 0 
0 0 0 0 0 0 0 0 0 0 0 0 0 0 0 0 0 9 0 3 86 0 0 0 0 0 0 0 0 73 0 0 0 0 0 0 0 0 0 84 80 0 0 0 0 36 0 0 0 0 0 0 0 0 0 0 0 0 0 0 0 0 0 0 0 0 0 0 0 0 0 0 0 0 17 0 20 0 0 91 0 0 0 0 72 0 52 0 0 0 0 0 0 27 0 0 0 0 32 0 
0 0 0 0 0 75 19 0 0 0 74 0 0 89 0 0 0 0 73 0 0 0 0 0 0 0 0 0 56 0 0 0 0 0 0 0 0 0 0 10 0 0 0 0 0 0 0 0 23 0 0 0 0 0 30 0 0 13 0 0 0 6 0 0 0 0 0 0 0 0 0 0 0 0 85 0 0 0 0 0 0 0 0 0 92 0 0 0 0 0 0 0 0 0 72 0 0 0 85 0 
0 0 0 58 0 0 0 0 0 0 0 0 0 0 0 0 0 0 32 0 0 0 0 0 0 0 0 0 0 0 0 0 0 0 0 0 0 52 0 0 0 0 0 0 0 36 0 0 0 0 0 0 72 70 2 0 0 0 22 6 0 0 0 0 0 0 55 24 0 0 0 55 0 0 0 0 54 0 0 0 0 0 64 0 5 0 0 0 0 0 0 0 0 0 0 0 0 0 0 0 
0 88 0 0 0 0 0 0 0 0 0 0 0 0 0 95 81 0 0 0 0 0 0 0 0 0 0 0 0 28 0 0 0 0 0 0 0 51 0 0 0 0 0 0 0 0 0 0 0 0 0 0 0 0 0 0 0 0 0 0 0 0 24 0 0 0 47 0 0 0 0 0 0 0 0 0 0 38 0 0 0 0 0 0 0 0 9 0 0 11 0 0 0 0 0 0 0 0 0 0 
0 0 0 0 0 0 0 44 61 0 70 56 0 89 0 0 0 0 0 0 0 0 19 0 0 0 0 0 0 62 0 0 0 0 0 0 21 28 0 0 0 36 0 36 0 0 0 63 0 0 97 0 0 0 0 0 0 0 0 0 0 0 0 0 24 0 0 0 0 0 0 0 0 0 0 0 0 0 0 0 0 0 0 0 0 0 0 0 0 0 53 0 0 0 0 0 0 0 0 0 
0 0 0 54 0 0 0 0 0 0 0 40 0 0 0 0 84 0 0 66 0 0 61 0 0 0 0 0 0 0 0 0 0 0 20 0 87 0 0 45 0 0 0 0 0 0 0 0 0 0 0 0 0 0 0 0 0 0 0 27 0 0 0 0 0 0 0 0 0 0 0 0 0 0 47 0 51 0 0 0 0 0 0 0 37 0 0 0 0 0 0 0 41 0 0 72 0 0 0 85 
0 0 0 0 2 0 0 60 0 0 0 95 0 0 0 5 0 0 0 0 0 0 0 0 0 0 82 0 0 21 0 0 0 0 14 0 0 0 0 0 0 0 0 0 0 63 0 0 0 0 0 0 0 0 0 49 0 0 76 0 0 0 0 0 0 0 1 27 0 0 0 94 83 0 0 0 0 0 0 0 49 0 0 0 0 0 0 0 0 0 0 0 0 0 0 0 0 0 0 0 
0 0 0 0 0 0 0 0 0 0 0 0 0 68 0 0 0 0 0 0 84 62 49 0 6 0 0 0 0 0 0 0 0 0 0 64 0 0 0 0 0 0 23 0 0 0 0 0 0 0 0 0 0 84 0 0 0 0 0 0 0 0 0 0 0 0 0 27 0 0 37 0 0 0 0 0 0 82 0 0 98 0 0 0 98 0 0 0 0 0 0 0 0 0 0 0 0 0 0 89 
0 0 0 0 59 0 0 0 0 0 0 0 0 37 32 0 0 13 0 0 0 88 0 0 0 0 0 0 0 0 0 0 0 0 0 0 0 0 0 74 0 0 0 0 0 0 0 0 0 0 0 0 0 0 0 0 0 0 0 0 0 0 0 68 0 0 0 0 0 0 0 0 0 0 0 2 0 0 0 97 0 55 7 0 0 0 0 0 0 0 0 48 0 0 0 87 0 0 0 25 
0 0 62 0 0 0 15 82 0 0 40 6 0 0 0 0 0 73 0 1 0 0 0 0 87 0 0 0 0 0 0 0 63 0 0 0 0 0 0 0 0 0 0 0 0 97 0 0 0 0 0 0 0 89 0 0 0 0 0 88 0 0 0 0 0 0 0 0 78 0 0 0 0 0 0 0 0 0 0 0 0 0 0 0 0 0 0 0 0 31 0 0 0 0 0 0 0 0 0 0 
0 0 0 0 0 0 0 0 0 0 0 0 0 0 0 0 33 0 0 0 0 0 0 0 0 0 0 0 0 0 0 0 0 68 0 0 0 0 0 0 26 0 0 0 0 0 0 0 0 0 0 0 0 0 0 0 0 0 0 0 0 0 0 0 0 0 0 68 0 0 0 0 0 0 0 0 0 0 0 0 71 60 0 53 0 21 0 5 0 0 0 0 0 0 0 0 0 0 0 0 
0 0 0 0 0 79 0 82 0 0 0 0 0 0 0 0 0 0 40 0 0 77 0 0 0 0 0 0 0 0 0 0 0 0 0 0 18 18 0 0 0 0 0 72 0 0 0 0 0 0 0 0 0 0 0 0 34 0 0 0 0 0 0 0 0 0 46 0 0 77 0 0 0 0 0 0 0 0 0 0 0 0 71 0 0 83 0 0 0 0 0 0 0 0 0 0 0 0 0 0 
0 0 0 0 0 0 0 0 0 0 0 0 0 0 0 0 0 0 0 63 0 0 0 0 0 0 0 0 0 31 0 0 0 0 0 0 0 0 0 0 0 0 0 70 0 0 0 0 84 0 89 0 0 0 0 0 0 0 0 34 0 0 34 0 0 0 0 0 53 0 0 0 0 0 0 0 0 84 30 0 31 0 0 0 0 45 0 0 0 4 13 0 0 0 0 0 87 0 0 0 
21 0 0 0 0 0 0 0 0 0 0 4 0 0 0 8 0 0 0 0 0 0 0 0 0 0 0 0 0 0 0 0 0 0 0 0 0 0 0 0 0 0 30 2 0 0 0 0 0 0 0 0 0 0 0 99 0 0 0 0 0 47 0 0 17 0 0 0 0 0 0 0 22 0 0 76 0 0 0 0 0 0 0 0 0 0 0 15 0 30 45 0 0 39 0 0 0 0 0 0 
0 0 0 0 0 0 0 0 0 0 0 0 0 0 0 0 0 0 88 14 0 0 0 0 0 0 0 24 0 0 0 0 27 0 72 0 0 0 0 0 78 0 0 0 0 0 0 49 0 0 0 0 0 0 99 0 0 0 0 0 9 0 0 0 4 0 0 0 0 0 0 0 0 0 0 0 0 0 0 0 3 0 0 0 0 0 0 0 0 0 0 0 50 0 0 0 27 0 0 0 
98 0 0 11 0 20 0 0 0 0 0 0 0 78 6 0 0 0 0 0 0 50 0 0 0 0 57 24 0 0 0 0 0 0 0 0 0 0 0 0 0 0 0 0 0 0 0 0 0 0 0 0 34 0 0 0 0 60 0 0 0 0 0 0 0 26 0 0 0 88 0 0 0 0 0 0 0 0 0 0 0 0 0 0 0 0 0 0 0 100 0 0 0 0 0 0 0 28 0 0 
0 0 0 0 0 0 0 0 0 0 0 0 0 0 40 0 0 39 0 0 0 0 0 0 0 0 88 0 0 76 0 0 0 0 0 0 84 0 0 0 0 0 13 0 0 0 0 0 0 0 0 0 0 0 0 0 60 0 0 0 93 0 73 0 0 0 0 97 0 0 0 0 0 0 0 0 0 0 0 0 4 0 0 0 0 0 0 45 0 0 0 0 0 99 0 0 14 0 0 28 
0 100 98 0 0 0 0 0 0 0 0 0 0 0 0 0 0 0 0 0 0 0 0 69 0 0 0 0 0 0 0 58 0 0 0 56 11 0 0 0 0 0 0 22 0 0 0 76 0 0 0 0 0 0 0 0 0 0 0 0 0 0 0 0 83 0 0 0 0 0 99 93 0 14 0 7 0 0 0 0 0 0 0 0 0 0 0 0 0 0 0 0 16 0 0 0 0 0 0 0 
0 0 0 0 37 0 0 0 0 0 0 0 0 0 32 0 0 0 0 0 0 0 54 10 0 0 56 0 19 0 0 0 0 0 0 0 0 0 0 0 0 0 0 6 0 0 27 0 0 0 88 0 0 34 0 0 0 0 0 0 0 0 21 0 0 0 0 0 0 0 6 0 0 87 23 0 0 0 0 0 0 0 0 0 0 0 0 0 0 0 0 0 0 0 38 0 0 0 0 0 
37 0 0 0 0 0 0 0 0 0 0 0 0 0 0 0 33 0 0 64 0 5 0 0 81 0 0 0 0 0 6 56 71 0 0 0 0 0 0 0 0 0 0 0 0 0 0 0 0 0 0 0 0 0 0 9 0 93 0 0 0 0 0 0 0 0 0 0 0 0 0 0 0 0 0 0 0 57 0 0 0 0 100 0 0 0 0 0 0 0 0 0 0 0 0 98 77 0 0 75 
0 0 23 76 0 0 0 0 0 0 0 0 0 0 10 0 0 0 0 0 0 0 0 32 0 0 0 0 0 0 0 0 0 0 0 0 0 0 0 0 0 0 6 0 0 0 0 0 0 0 0 0 0 0 47 0 0 0 0 0 0 0 0 0 0 0 0 0 0 28 0 0 68 0 9 0 0 0 0 0 0 0 0 0 0 0 0 0 0 0 0 0 0 0 0 0 87 0 0 0 
0 0 0 0 0 0 0 0 59 0 0 0 0 0 0 9 0 0 0 0 0 0 0 0 0 0 0 0 0 0 0 79 0 0 0 21 0 0 0 0 91 0 0 0 24 0 0 0 0 0 0 0 0 34 0 0 0 73 0 21 0 0 0 0 0 0 0 0 99 0 0 0 0 0 0 48 0 0 0 0 69 0 0 0 0 0 0 0 0 0 0 0 0 0 0 0 0 0 0 0 
0 0 0 85 9 0 84 0 0 0 86 0 0 89 0 0 0 0 0 0 0 0 0 0 38 0 0 0 0 69 0 0 8 0 0 0 0 32 0 0 0 0 0 0 0 0 0 0 0 68 0 0 0 0 0 0 0 0 0 0 0 0 0 0 0 0 0 0 0 38 0 0 0 0 0 0 0 0 0 0 0 0 71 0 0 0 0 43 0 0 46 0 67 0 0 0 0 0 0 0 
0 0 0 0 0 0 0 0 0 0 0 0 0 0 0 0 0 0 0 0 0 0 9 0 0 32 0 56 0 0 0 0 0 0 12 61 0 81 0 0 39 0 0 0 0 24 0 0 0 0 0 0 0 0 17 4 0 0 83 0 0 0 0 0 0 63 0 0 0 0 0 72 97 0 0 0 0 0 0 0 0 0 0 0 0 0 0 0 0 0 0 73 0 0 0 0 0 0 0 0 
0 0 0 0 0 0 0 84 25 0 0 0 0 0 0 0 0 0 0 0 0 0 0 0 57 53 0 0 0 0 0 0 0 0 0 0 0 40 0 0 0 0 0 0 0 0 0 0 0 0 0 0 0 0 0 0 26 0 0 0 0 0 0 0 63 0 32 0 0 0 0 0 0 5 0 0 0 0 0 91 81 0 0 4 0 80 0 0 0 0 0 0 0 0 0 0 0 0 0 0 
50 0 0 0 0 6 0 0 0 0 0 0 0 0 0 0 0 0 0 0 82 42 0 0 0 0 0 0 0 0 0 0 0 0 0 0 30 0 0 47 0 0 0 55 47 0 0 1 0 0 0 0 46 0 0 0 0 0 0 0 0 0 0 0 0 32 0 0 92 0 0 0 68 0 0 0 0 0 10 0 0 0 0 0 0 0 0 0 0 51 0 0 0 0 0 0 0 0 0 0 
0 0 40 0 0 0 16 0 0 0 0 0 0 0 0 0 0 0 0 0 0 0 0 0 0 67 0 0 0 0 0 0 0 0 0 0 0 0 96 0 12 0 0 24 0 0 0 27 27 0 0 68 0 0 0 0 0 97 0 0 0 0 0 0 0 0 0 0 83 0 99 0 0 0 0 0 0 0 0 0 0 61 0 0 0 0 0 0 0 0 0 0 0 0 0 98 0 0 0 0 
22 0 0 0 0 0 0 0 0 0 0 0 0 0 0 23 0 0 0 0 0 0 0 0 0 0 75 0 0 0 0 0 8 0 0 0 0 55 0 0 0 0 0 0 0 0 0 0 0 0 78 0 0 53 0 0 0 0 0 0 0 0 99 0 0 0 92 83 0 0 0 0 0 0 0 0 0 0 0 0 0 0 37 21 0 0 4 0 0 0 0 0 0 0 0 0 0 12 0 78 
87 0 0 0 0 0 0 0 0 0 0 0 0 26 14 68 0 0 0 0 0 34 0 0 0 0 0 0 0 0 0 0 0 61 0 0 0 0 0 0 84 0 0 0 0 0 0 0 0 0 0 0 77 0 0 0 88 0 0 0 0 28 0 38 0 0 0 0 0 0 0 0 0 0 0 0 0 0 0 0 0 13 30 0 0 0 23 0 0 0 0 0 0 0 0 0 98 0 0 0 
11 0 0 62 0 0 0 0 0 0 71 0 0 0 0 0 0 0 0 0 63 36 0 0 0 0 63 0 0 0 0 0 0 0 0 100 0 0 0 0 0 0 0 0 0 0 0 0 37 0 0 0 0 0 0 0 0 0 99 6 0 0 0 0 0 0 0 99 0 0 0 0 0 0 0 0 0 0 0 28 0 0 0 33 0 0 0 0 0 0 0 11 0 0 0 0 0 0 86 0 
0 46 0 0 0 0 0 0 100 0 0 0 0 0 0 0 0 0 0 0 0 0 0 75 0 0 0 0 0 0 0 0 0 0 0 0 0 45 0 0 0 0 0 55 0 0 0 94 0 0 0 0 0 0 0 0 0 0 93 0 0 0 0 0 72 0 0 0 0 0 0 0 0 0 0 68 0 28 0 0 0 0 0 0 0 0 0 0 0 99 0 0 0 0 68 0 0 0 0 0 
0 0 0 0 0 0 0 0 0 0 0 0 0 0 0 0 0 0 0 0 0 0 53 0 0 0 0 0 0 0 0 65 0 0 0 0 0 0 92 0 0 0 0 0 0 0 0 83 0 0 0 0 0 0 22 0 0 0 0 0 0 68 0 0 97 0 68 0 0 0 0 0 0 0 44 0 32 0 0 0 0 0 0 0 0 0 0 0 51 0 0 0 0 0 50 0 0 0 0 0 
0 0 0 0 0 0 0 53 77 0 0 0 0 0 99 0 9 0 0 0 0 0 0 0 0 0 0 0 0 0 89 0 0 0 0 0 88 0 0 0 6 0 0 0 0 0 0 0 0 0 0 0 0 0 0 0 0 0 14 87 0 0 0 0 0 5 0 0 0 0 0 0 0 0 7 0 0 0 0 0 0 0 0 0 0 64 0 77 0 0 0 0 0 0 0 0 0 84 0 0 
0 89 0 0 0 0 0 0 0 0 0 0 0 0 0 0 0 0 0 0 0 0 0 0 19 0 0 28 0 0 0 0 0 0 0 0 0 0 0 0 0 17 85 0 0 0 47 0 0 0 0 0 0 0 0 0 0 0 0 23 0 9 0 0 0 0 0 0 0 0 0 0 44 7 0 0 63 0 0 0 0 0 0 34 0 0 0 0 98 0 0 0 0 0 0 0 0 0 45 0 
0 0 0 0 0 0 0 0 46 29 0 0 0 49 0 0 0 0 0 0 0 0 0 0 0 0 0 0 19 0 0 0 0 0 0 0 0 0 0 0 0 0 0 0 0 0 0 0 0 2 0 0 0 0 76 0 0 0 7 0 0 0 48 0 0 0 0 0 0 0 0 68 0 0 0 0 0 0 0 0 0 0 0 1 0 0 27 47 0 85 0 56 0 0 0 0 0 79 0 0 
0 0 0 0 0 0 18 0 0 0 0 0 0 0 0 0 0 0 0 0 0 0 0 0 0 0 0 57 0 0 38 0 0 0 59 0 96 0 0 0 94 20 0 54 0 0 51 0 0 0 0 0 0 0 0 0 0 0 0 0 0 0 0 0 0 0 0 0 0 0 0 0 32 0 63 0 0 0 14 25 0 0 0 0 0 80 87 0 0 0 0 0 0 0 0 0 0 0 0 0 
0 0 0 0 0 0 0 0 0 0 0 74 99 0 0 0 0 47 0 0 14 54 0 0 0 0 0 0 0 0 0 0 0 0 0 0 0 0 0 0 0 0 0 0 38 0 0 0 82 0 0 0 0 84 0 0 0 0 0 0 57 0 0 0 0 0 0 0 0 0 0 28 0 0 0 0 0 0 24 0 27 0 0 0 0 0 0 70 0 0 0 0 0 0 0 0 9 0 0 0 
52 0 0 4 0 0 0 0 0 70 100 0 0 32 0 0 0 0 28 0 0 0 0 0 0 0 0 0 0 0 0 0 0 0 0 0 0 0 35 0 0 0 0 0 0 0 0 0 0 0 0 0 0 30 0 0 0 0 0 0 0 0 0 0 0 0 10 0 0 0 0 0 0 0 0 0 14 24 0 0 0 0 0 0 0 0 0 0 0 0 0 0 0 0 0 0 0 0 41 0 
0 0 97 0 75 0 0 0 0 0 0 9 0 0 0 0 0 0 0 24 0 0 0 0 26 0 0 0 0 0 0 0 64 0 0 0 46 21 0 0 0 91 0 0 0 0 0 0 0 97 0 0 0 0 0 0 0 0 0 0 0 0 0 0 0 91 0 0 0 0 28 0 0 0 0 0 25 0 0 0 0 0 0 0 52 0 60 0 0 0 0 0 0 0 0 0 0 0 0 0 
0 0 0 0 87 0 0 0 66 0 0 0 0 0 0 0 0 0 0 0 0 0 0 0 0 0 0 0 0 0 0 0 0 0 0 0 0 0 0 0 0 0 0 0 0 0 0 49 98 0 0 71 0 31 0 3 0 4 0 0 0 0 69 0 0 81 0 0 0 0 0 0 0 0 0 0 0 27 0 0 0 0 83 0 98 0 0 0 0 0 59 0 0 0 0 0 0 0 0 56 
0 0 0 0 0 0 32 0 0 88 0 0 0 0 0 0 0 0 0 0 0 0 0 0 0 90 0 16 0 0 0 0 0 0 0 0 0 0 0 0 0 0 0 0 0 0 0 0 0 55 0 60 0 0 0 0 0 0 0 0 0 0 0 0 0 0 0 61 0 13 0 0 0 0 0 0 0 0 0 0 0 0 0 54 0 46 0 0 0 0 0 0 58 0 0 1 0 0 0 0 
0 0 0 0 54 0 0 0 0 58 0 0 57 0 0 0 0 0 0 0 0 0 0 32 30 0 0 0 0 0 0 0 0 0 0 0 0 0 0 0 0 0 0 64 0 0 0 0 0 7 0 0 71 0 0 0 0 0 0 0 100 0 0 71 0 0 0 0 37 30 0 0 0 0 0 0 0 0 0 0 83 0 0 0 0 0 0 0 0 0 0 0 0 0 0 83 0 0 0 0 
0 0 0 0 0 0 0 0 25 0 0 0 0 0 0 0 0 0 0 0 0 11 0 0 67 0 0 0 0 0 0 0 0 0 0 0 0 0 0 0 0 0 0 0 0 0 0 0 0 0 0 53 0 0 0 0 0 0 0 0 0 0 0 0 0 4 0 0 21 0 33 0 0 0 34 1 0 0 0 0 0 54 0 0 0 0 84 0 0 59 50 0 0 0 0 0 0 0 80 0 
0 0 0 0 0 56 0 0 0 0 5 0 0 0 0 0 0 0 0 0 0 0 0 24 0 0 0 0 0 0 0 0 36 0 0 0 0 0 0 0 0 72 92 5 0 0 37 0 98 0 0 0 0 0 0 0 0 0 0 0 0 0 0 0 0 0 0 0 0 0 0 0 0 0 0 0 0 0 0 52 98 0 0 0 0 0 0 0 0 0 0 0 0 59 0 0 0 0 0 0 
65 43 0 92 0 47 0 0 0 0 61 0 0 0 0 0 0 0 0 0 0 0 0 0 48 0 0 0 0 0 0 0 0 0 0 0 0 49 0 0 0 0 0 0 0 0 0 0 0 0 0 21 83 45 0 0 0 0 0 0 0 0 0 0 0 80 0 0 0 0 0 0 0 64 0 0 80 0 0 0 0 46 0 0 0 0 0 0 0 7 0 0 0 0 0 0 0 0 0 0 
0 0 0 0 0 0 52 0 0 0 0 0 0 0 36 0 0 0 0 0 0 9 48 0 0 0 0 35 0 0 0 0 0 0 88 0 0 0 0 0 0 52 0 0 9 0 0 0 0 0 0 0 0 0 0 0 0 0 0 0 0 0 0 0 0 0 0 0 4 23 0 0 0 0 0 27 87 0 0 60 0 0 0 84 0 0 0 0 0 0 65 0 0 0 0 0 0 0 0 0 
0 0 0 0 0 0 16 0 0 0 27 0 0 0 0 0 0 0 0 0 0 0 0 0 0 0 0 0 0 0 0 0 0 17 0 0 0 0 0 0 0 0 0 0 0 0 0 0 0 0 0 5 0 0 15 0 0 45 0 0 0 0 0 43 0 0 0 0 0 0 0 0 0 77 0 47 0 70 0 0 0 0 0 0 0 0 0 0 83 0 0 0 13 0 0 0 0 0 0 0 
0 0 0 48 68 0 48 0 0 0 78 0 0 0 0 0 0 15 53 0 93 0 0 0 0 0 14 0 0 0 0 0 56 0 72 0 0 0 0 0 0 0 0 0 0 0 0 0 0 0 0 0 0 0 0 0 0 0 0 0 0 0 0 0 0 0 0 0 0 0 0 0 51 0 98 0 0 0 0 0 0 0 0 0 0 0 0 83 0 0 0 0 25 0 0 0 0 0 0 56 
0 0 0 0 0 0 53 0 0 0 71 74 0 0 0 0 0 0 0 0 0 0 0 0 0 0 0 0 0 0 0 0 0 0 0 0 0 0 0 0 0 0 0 0 11 0 0 0 0 0 31 0 0 4 30 0 100 0 0 0 0 0 0 0 0 0 51 0 0 0 0 99 0 0 0 85 0 0 0 0 0 0 0 59 0 7 0 0 0 0 0 0 0 0 0 23 0 28 0 0 
0 0 0 0 0 0 0 0 0 0 0 0 0 0 0 0 0 70 0 0 0 0 0 57 0 0 0 8 0 0 0 0 0 0 0 24 0 0 0 0 0 0 0 0 0 53 0 0 0 0 0 0 0 13 45 0 0 0 0 0 0 0 0 46 0 0 0 0 0 0 0 0 0 0 0 0 0 0 0 0 59 0 0 50 0 0 65 0 0 0 0 0 0 0 76 92 0 54 0 50 
0 0 45 0 0 0 35 0 0 0 0 0 46 0 0 0 0 0 0 0 0 100 0 0 0 0 0 0 52 0 0 40 51 100 0 0 0 0 0 0 14 0 0 0 0 0 0 0 0 48 0 0 0 0 0 0 0 0 0 0 0 0 0 0 73 0 0 0 0 0 11 0 0 0 0 56 0 0 0 0 0 0 0 0 0 0 0 0 0 0 0 0 0 0 0 0 0 0 0 0 
0 0 0 0 0 0 0 0 40 0 0 0 61 0 76 0 0 0 16 65 0 0 0 0 0 0 0 0 0 0 0 0 0 0 0 0 0 0 0 0 0 0 0 0 0 0 41 0 0 0 0 0 0 0 0 50 0 0 16 0 0 0 0 67 0 0 0 0 0 0 0 0 0 0 0 0 0 0 0 0 0 58 0 0 0 0 0 13 25 0 0 0 0 0 0 0 0 0 0 0 
0 0 0 0 87 62 0 0 0 0 0 25 0 15 0 0 61 0 0 86 0 0 0 22 0 0 0 0 0 0 0 0 0 63 0 0 0 0 0 0 0 27 0 0 0 0 0 0 0 0 0 0 0 0 39 0 0 99 0 0 0 0 0 0 0 0 0 0 0 0 0 0 0 0 0 0 0 0 0 0 0 0 0 0 59 0 0 0 0 0 0 0 0 0 0 0 0 0 0 0 
0 0 0 0 49 0 0 0 0 0 0 0 0 0 0 0 0 0 0 0 0 0 0 0 68 0 40 76 0 0 1 0 0 0 0 0 0 0 0 0 0 0 72 0 0 0 0 0 0 0 0 0 0 0 0 0 0 0 0 38 0 0 0 0 0 0 0 0 0 0 0 68 50 0 0 0 0 0 0 0 0 0 0 0 0 0 0 0 0 0 76 0 0 0 0 1 0 0 0 0 
0 0 0 0 0 0 0 92 0 0 0 0 0 0 0 0 0 0 0 0 0 62 0 0 0 0 0 0 64 0 0 0 0 0 0 0 0 0 0 0 40 0 0 0 0 0 72 0 0 87 0 0 0 0 0 0 0 0 0 0 98 0 0 0 0 0 0 98 0 0 0 0 0 0 0 0 0 0 0 0 0 1 83 0 0 0 0 0 0 23 92 0 0 0 1 0 0 0 0 0 
0 0 7 0 0 0 0 0 0 0 0 0 0 0 0 0 0 0 0 59 0 0 0 0 0 3 0 0 80 0 0 0 0 0 42 80 0 0 51 0 0 0 0 0 0 0 0 0 0 0 0 0 0 87 0 27 0 14 0 0 77 87 0 0 0 0 0 0 0 98 0 0 0 0 0 0 0 9 0 0 0 0 0 0 0 0 0 0 0 0 0 0 0 0 0 0 0 0 0 25 
0 0 0 0 0 26 0 6 0 0 91 63 0 0 81 12 0 0 89 0 0 0 0 0 0 0 0 50 0 0 0 0 0 0 17 0 0 0 0 0 0 0 0 0 0 0 0 0 0 0 0 0 0 0 0 0 28 0 0 0 0 0 0 0 0 0 0 0 12 0 0 0 0 84 0 79 0 0 0 0 0 0 0 0 0 0 0 0 0 28 54 0 0 0 0 0 0 0 0 0 
0 0 43 0 0 0 0 87 0 51 41 0 0 0 0 0 0 44 0 0 0 0 0 0 0 0 0 0 0 0 61 0 0 0 0 0 0 0 0 0 0 32 85 0 0 0 0 0 0 0 0 0 0 0 0 0 0 0 0 0 0 0 0 0 0 0 0 0 0 0 86 0 0 0 45 0 0 0 41 0 0 0 0 80 0 0 0 0 0 0 0 0 0 0 0 0 0 0 0 0 
0 0 0 0 0 0 34 0 0 0 0 0 0 0 0 0 0 0 0 0 0 12 0 0 0 0 0 0 0 0 0 0 0 0 0 0 0 0 0 0 0 0 0 0 0 0 85 0 89 25 0 0 0 0 0 0 0 28 0 0 75 0 0 0 0 0 0 0 78 0 0 0 0 0 0 0 0 0 0 0 56 0 0 0 0 0 0 0 56 0 50 0 0 0 0 0 25 0 0 0 
