0 0 260 0 0 0 0 0 0 0 0 0 15 0 0 0 0 0 0 0 0 0 0 0 0 0 0 0 0 0 0 0 0 95 0 0 0 0 0 0 0 0 0 0 0 0 0 0 0 143 0 0 110 0 0 0 0 0 182 0 0 0 0 0 0 0 0 39 0 0 0 0 0 0 0 0 0 0 0 0 0 125 0 0 0 0 0 0 289 0 0 0 0 0 38 0 0 0 0 0 
0 0 0 157 0 0 0 0 0 0 0 0 0 0 155 0 0 0 0 0 0 0 0 0 0 0 0 0 0 0 0 0 0 174 0 0 0 289 0 0 0 0 0 0 0 0 0 0 0 0 0 0 0 4 0 40 0 0 11 198 0 0 0 0 0 167 0 0 140 0 41 104 0 0 4 0 0 0 0 0 0 121 0 0 0 0 0 0 0 0 265 0 0 0 0 0 0 0 0 0 
260 0 0 270 0 0 0 0 0 28 0 0 296 0 0 89 0 0 0 0 0 101 0 0 0 77 0 0 0 0 0 0 0 0 0 0 0 0 216 0 0 0 0 0 0 165 0 0 0 0 0 0 0 0 0 0 0 0 0 0 0 0 0 0 0 0 81 0 0 0 0 0 28 0 0 0 0 0 0 0 0 0 0 0 0 0 0 0 73 0 0 0 0 92 0 0 159 0 0 189 
0 157 270 0 51 0 0 101 287 0 0 0 0 0 0 0 0 0 0 0 0 0 0 233 0 0 0 0 0 0 0 286 0 0 0 0 292 0 0 0 0 126 0 108 0 0 89 0 0 0 0 0 153 0 0 0 0 0 0 0 0 0 0 0 0 118 0 0 0 0 0 0 0 0 0 0 0 0 0 0 0 193 0 0 0 0 0 0 0 0 0 0 0 0 0 0 0 0 0 0 
0 0 0 51 0 0 0 0 0 0 0 0 0 0 0 0 0 0 100 0 145 0 0 264 270 0 0 0 0 174 0 0 0 0 0 0 0 0 0 0 0 0 0 60 0 0 253 0 0 0 0 0 0 0 192 0 0 0 49 0 226 0 0 0 0 0 0 0 0 0 0 0 0 89 0 198 0 0 0 0 0 0 0 0 0 0 0 0 0 0 0 0 0 0 0 0 112 0 0 116 
0 0 0 0 0 0 130 0 233 0 0 0 0 0 0 0 0 0 0 0 0 0 0 0 0 109 0 0 0 0 0 0 0 0 0 0 0 0 0 0 107 39 64 0 0 0 0 0 0 3 0 0 0 265 206 0 0 0 0 0 0 0 105 0 0 0 0 235 0 0 0 0 0 82 0 0 0 0 0 0 0 0 0 0 0 0 0 0 0 0 0 214 0 0 265 0 0 0 0 0 
0 0 0 0 0 130 0 0 0 0 0 0 0 0 0 0 0 279 0 0 198 0 0 0 0 0 0 0 0 0 0 0 0 0 0 0 0 0 0 0 0 277 0 0 0 0 143 78 97 0 0 0 0 19 0 0 0 0 275 0 0 0 0 90 0 0 0 0 0 0 0 0 231 0 23 0 0 0 0 0 0 0 70 0 0 0 0 0 0 0 0 0 0 0 0 0 61 236 0 0 
0 0 0 101 0 0 0 0 0 0 98 0 0 0 0 60 0 0 0 0 213 0 0 0 0 0 0 0 0 0 0 0 0 189 67 0 0 10 216 0 0 0 0 0 0 0 0 0 0 212 0 0 0 0 0 0 0 0 0 0 0 0 0 0 65 0 0 0 0 0 275 0 0 0 13 0 0 0 6 0 0 53 0 0 0 0 0 0 0 35 0 0 0 0 0 0 0 0 0 0 
0 0 0 287 0 233 0 0 0 0 0 0 5 0 0 148 0 0 0 0 0 0 0 0 98 0 0 0 0 0 0 0 0 0 0 0 0 0 0 0 0 300 0 0 0 0 0 0 0 0 0 0 0 0 0 0 167 89 50 0 101 0 0 0 0 0 0 0 0 0 0 0 0 0 0 0 0 188 0 0 0 0 0 269 0 0 0 35 0 47 0 0 0 0 0 0 260 0 0 0 
0 0 28 0 0 0 0 0 0 0 278 0 9 0 98 0 0 0 0 0 0 43 0 0 106 0 0 0 0 0 35 0 0 0 0 0 0 0 0 0 0 0 0 0 0 0 0 0 0 0 0 0 0 0 0 0 0 0 0 0 0 0 0 0 0 0 10 0 0 0 0 0 0 0 0 116 0 189 0 0 0 114 0 0 0 0 0 0 0 0 0 0 0 0 0 0 0 0 0 0 
0 0 0 0 0 0 0 98 0 278 0 0 0 0 0 28 0 0 0 0 0 0 0 0 0 181 0 0 0 0 0 0 0 0 0 0 0 0 0 0 0 0 287 0 0 0 0 0 0 0 0 0 0 0 236 0 0 0 0 0 0 0 0 0 0 0 0 0 0 0 0 0 0 0 0 0 0 0 0 0 0 0 0 0 0 126 0 0 0 0 0 188 0 0 0 0 0 0 0 0 
0 0 0 0 0 0 0 0 0 0 0 0 0 0 0 0 0 0 0 211 0 0 0 0 0 0 0 0 0 0 0 0 0 0 0 0 0 0 0 253 0 0 0 0 0 0 164 0 0 240 0 0 0 0 0 0 0 0 0 0 0 0 0 112 0 0 0 133 0 263 0 74 0 0 0 0 114 0 0 0 140 0 0 0 0 0 0 0 0 0 0 0 0 0 104 38 0 249 0 0 
15 0 296 0 0 0 0 0 5 9 0 0 0 0 0 0 0 0 0 0 0 0 0 0 0 43 0 0 0 0 238 0 0 0 0 83 0 0 0 0 0 0 0 0 0 0 0 0 211 90 0 0 0 0 0 0 0 0 0 0 191 0 0 268 0 0 0 0 0 0 0 0 0 0 66 0 0 0 0 0 237 0 0 0 0 0 110 0 0 0 0 0 0 0 0 263 0 0 0 0 
0 0 0 0 0 0 0 0 0 0 0 0 0 0 0 0 0 0 0 0 0 197 0 0 0 0 0 0 0 0 0 0 0 0 165 0 0 0 150 0 147 0 0 148 0 0 0 0 115 0 0 225 0 147 0 0 0 0 0 0 0 0 0 0 0 0 0 0 214 0 0 24 0 0 0 0 0 260 208 0 0 0 0 0 0 0 0 0 0 0 0 0 0 169 0 0 0 0 0 0 
0 155 0 0 0 0 0 0 0 98 0 0 0 0 0 0 0 0 0 0 61 0 0 0 215 0 0 232 22 0 0 0 0 113 0 0 0 0 177 0 0 0 0 93 0 0 0 0 0 64 0 0 0 0 0 47 0 0 0 0 0 0 0 0 0 0 0 0 0 0 0 187 0 0 218 0 0 0 0 0 0 0 0 0 0 0 105 0 0 213 0 0 0 0 0 0 0 0 0 0 
0 0 89 0 0 0 0 60 148 0 28 0 0 0 0 0 0 0 0 0 0 0 0 0 0 0 0 0 0 0 150 0 0 77 0 0 0 0 0 0 0 0 0 0 0 0 0 0 0 0 0 136 0 0 0 0 0 0 225 288 268 0 0 0 0 0 0 0 0 0 7 0 0 0 0 0 0 0 0 0 0 119 276 0 0 0 0 0 0 0 0 0 197 0 0 0 0 0 0 0 
0 0 0 0 0 0 0 0 0 0 0 0 0 0 0 0 0 0 282 0 34 0 0 0 18 89 0 124 0 0 121 0 0 0 0 0 0 0 0 0 136 0 0 0 0 0 0 0 27 0 0 0 0 0 0 0 0 0 0 29 0 0 0 0 0 0 181 0 0 0 0 0 0 0 0 0 133 0 0 0 0 0 0 0 0 222 0 0 0 0 0 0 0 0 0 0 0 0 0 0 
0 0 0 0 0 0 279 0 0 0 0 0 0 0 0 0 0 0 0 0 0 0 0 0 0 0 0 224 0 0 0 0 163 31 0 0 0 0 76 0 0 0 0 251 0 0 0 0 0 0 0 0 0 0 0 0 0 255 0 0 0 222 0 0 0 0 0 0 0 228 270 275 0 0 0 0 0 0 0 224 247 0 0 0 0 0 0 0 0 0 0 0 0 0 0 175 255 0 0 0 
0 0 0 0 100 0 0 0 0 0 0 0 0 0 0 0 282 0 0 197 0 0 0 0 0 0 0 99 123 0 0 175 0 0 0 0 0 0 88 0 0 0 0 0 0 0 262 0 0 0 0 0 66 0 0 0 0 0 62 0 0 0 0 0 254 0 0 0 0 0 0 0 0 0 0 0 0 0 0 0 0 113 0 0 0 0 0 0 0 284 0 0 0 217 0 0 0 0 0 0 
0 0 0 0 0 0 0 0 0 0 0 211 0 0 0 0 0 0 197 0 0 0 0 0 0 0 0 0 44 0 0 0 0 0 0 0 210 0 0 0 208 0 0 0 0 262 0 0 0 0 0 0 0 0 0 69 0 0 0 0 0 0 107 0 0 0 57 272 0 3 0 0 231 0 0 0 0 0 0 0 0 0 0 0 0 0 0 0 0 0 0 127 0 0 0 0 0 0 0 0 
0 0 0 0 145 0 198 213 0 0 0 0 0 0 61 0 34 0 0 0 0 0 0 0 0 0 0 0 0 0 0 0 0 0 0 0 0 0 0 0 282 266 0 0 0 0 0 0 0 241 147 0 0 0 0 0 0 0 131 0 0 0 0 67 0 29 0 0 0 0 0 0 0 0 0 0 0 0 0 0 0 0 0 0 0 0 51 0 0 0 0 0 0 0 0 0 0 0 0 0 
0 0 101 0 0 0 0 0 0 43 0 0 0 197 0 0 0 0 0 0 0 0 0 0 0 0 0 0 0 0 0 0 252 0 0 0 249 0 0 0 184 0 0 0 0 0 0 0 0 0 0 0 262 0 0 0 0 0 0 0 0 0 0 214 0 0 0 0 0 0 0 0 92 0 0 148 0 191 0 93 0 0 0 0 0 0 0 0 249 0 91 0 160 0 0 0 0 0 0 0 
0 0 0 0 0 0 0 0 0 0 0 0 0 0 0 0 0 0 0 0 0 0 0 0 0 0 0 0 158 0 0 0 0 0 0 0 0 0 0 0 53 0 0 0 0 0 0 0 0 0 0 0 0 0 0 0 0 112 0 0 0 0 0 0 0 0 189 0 0 0 0 76 0 0 0 0 0 0 0 0 0 0 0 67 0 0 0 0 236 0 0 0 0 17 0 0 0 0 0 0 
0 0 0 233 264 0 0 0 0 0 0 0 0 0 0 0 0 0 0 0 0 0 0 0 219 0 0 0 0 0 0 262 0 0 0 0 0 162 0 0 0 0 290 0 0 0 0 0 0 0 0 0 0 0 0 0 0 0 0 0 162 0 0 0 0 0 0 0 0 0 0 0 0 0 71 0 0 0 0 242 0 0 0 0 0 0 0 223 220 0 0 0 0 156 0 155 0 0 0 0 
0 0 0 0 270 0 0 0 98 106 0 0 0 0 215 0 18 0 0 0 0 0 0 219 0 0 0 0 0 0 0 0 0 0 0 0 0 0 33 0 0 0 0 0 0 0 13 0 0 0 0 0 0 0 0 0 0 0 264 0 0 0 0 0 0 0 0 0 0 0 0 0 0 0 0 281 0 0 0 0 0 195 0 96 0 0 0 0 0 0 0 0 0 0 75 0 0 0 0 0 
0 0 77 0 0 109 0 0 0 0 181 0 43 0 0 0 89 0 0 0 0 0 0 0 0 0 0 0 0 0 0 0 0 0 0 0 0 0 0 0 0 0 0 0 54 0 0 215 0 0 241 0 0 0 0 0 263 122 0 0 0 0 33 0 0 0 0 172 0 0 0 0 0 0 35 0 0 0 0 219 0 0 0 0 0 0 0 0 0 0 0 0 0 0 179 0 0 0 0 0 
0 0 0 0 0 0 0 0 0 0 0 0 0 0 0 0 0 0 0 0 0 0 0 0 0 0 0 0 0 0 0 0 0 0 0 0 0 8 0 0 0 0 0 0 0 0 0 0 0 0 0 0 0 0 0 0 75 0 0 248 81 0 0 0 0 0 24 0 0 0 0 0 0 0 0 244 0 0 0 0 283 0 0 0 0 0 0 0 116 0 0 68 0 0 251 0 289 0 0 0 
0 0 0 0 0 0 0 0 0 0 0 0 0 0 232 0 124 224 99 0 0 0 0 0 0 0 0 0 0 0 240 210 0 0 0 0 0 0 0 0 0 0 0 0 0 268 0 0 0 0 0 0 0 0 0 0 0 0 0 0 0 0 0 0 148 0 143 0 0 0 0 0 188 0 0 0 0 0 0 211 0 0 0 0 0 0 0 0 0 0 0 0 0 0 0 0 0 0 0 244 
0 0 0 0 0 0 0 0 0 0 0 0 0 0 22 0 0 0 123 44 0 0 158 0 0 0 0 0 0 0 0 0 0 0 0 0 0 206 0 0 0 0 172 0 0 0 0 0 0 4 0 202 0 0 0 0 0 0 0 0 0 0 118 0 0 0 0 0 0 0 0 0 0 0 0 0 0 0 0 0 0 0 0 0 0 0 0 0 0 0 0 0 0 0 0 0 0 0 0 0 
0 0 0 0 174 0 0 0 0 0 0 0 0 0 0 0 0 0 0 0 0 0 0 0 0 0 0 0 0 0 0 0 0 0 0 41 236 0 0 0 0 0 0 0 0 0 0 0 0 0 0 0 0 0 87 0 0 0 0 24 0 129 182 261 0 117 0 9 0 0 0 0 0 0 0 0 0 0 0 0 0 0 0 157 0 0 0 0 0 0 0 0 0 0 0 118 0 0 0 177 
0 0 0 0 0 0 0 0 0 35 0 0 238 0 0 150 121 0 0 0 0 0 0 0 0 0 0 240 0 0 0 0 0 0 0 0 262 0 0 0 0 0 0 0 73 0 0 109 0 0 0 0 88 0 0 0 0 0 0 8 0 0 0 0 0 0 127 0 119 0 0 0 0 0 247 0 0 0 0 0 0 0 0 0 0 0 0 0 0 0 69 0 0 7 0 0 0 0 0 0 
0 0 0 286 0 0 0 0 0 0 0 0 0 0 0 0 0 0 175 0 0 0 0 262 0 0 0 210 0 0 0 0 0 0 0 0 0 206 0 0 0 0 0 0 0 0 0 0 0 0 0 0 0 0 115 52 0 0 0 0 0 214 0 0 0 0 0 24 0 0 0 0 0 0 0 120 86 244 0 0 102 0 0 5 0 0 264 0 0 0 0 0 0 0 0 0 0 0 0 0 
0 0 0 0 0 0 0 0 0 0 0 0 0 0 0 0 0 163 0 0 0 252 0 0 0 0 0 0 0 0 0 0 0 0 0 0 0 0 0 0 0 226 0 300 0 0 0 0 0 0 0 295 0 0 7 0 0 0 0 0 0 0 0 0 0 0 0 75 0 0 0 266 0 15 0 0 0 0 0 0 0 273 0 178 78 0 165 0 0 0 0 0 70 0 0 170 0 0 0 0 
95 174 0 0 0 0 0 189 0 0 0 0 0 0 113 77 0 31 0 0 0 0 0 0 0 0 0 0 0 0 0 0 0 0 0 0 0 0 0 0 0 0 0 0 0 0 54 0 0 0 245 0 0 0 0 0 0 0 0 0 0 0 0 0 0 0 0 0 0 0 234 176 0 291 0 0 0 0 0 0 0 0 0 0 0 0 0 222 0 0 0 0 0 0 0 0 0 0 0 0 
0 0 0 0 0 0 0 67 0 0 0 0 0 165 0 0 0 0 0 0 0 0 0 0 0 0 0 0 0 0 0 0 0 0 0 0 0 0 0 0 0 0 0 0 171 0 0 0 0 0 0 184 0 0 28 0 0 0 0 101 108 0 0 0 0 0 0 0 0 0 0 0 0 0 0 0 0 0 0 0 0 0 0 0 45 186 0 0 0 0 75 0 180 0 0 0 0 0 0 0 
0 0 0 0 0 0 0 0 0 0 0 0 83 0 0 0 0 0 0 0 0 0 0 0 0 0 0 0 0 41 0 0 0 0 0 0 0 0 0 0 0 109 0 0 0 297 0 0 0 0 94 0 0 0 0 0 0 100 0 0 0 0 0 42 0 0 0 0 0 0 0 0 250 0 0 0 0 0 0 0 0 0 20 85 279 0 0 0 0 94 0 0 87 0 0 0 0 0 0 0 
0 0 0 292 0 0 0 0 0 0 0 0 0 0 0 0 0 0 0 210 0 249 0 0 0 0 0 0 0 236 262 0 0 0 0 0 0 0 0 0 0 0 0 0 0 0 0 0 0 0 0 0 0 0 0 0 0 261 0 0 0 0 0 0 0 0 0 0 0 0 0 0 0 226 0 41 0 0 0 0 110 0 244 0 0 0 0 0 236 0 0 0 0 0 0 0 0 0 63 207 
0 289 0 0 0 0 0 10 0 0 0 0 0 0 0 0 0 0 0 0 0 0 0 162 0 0 8 0 206 0 0 206 0 0 0 0 0 0 0 283 0 0 0 0 0 0 0 0 37 224 0 0 0 0 0 0 0 0 0 0 0 0 0 0 0 0 0 0 0 254 0 0 0 0 0 0 0 0 0 0 0 0 0 0 143 0 0 0 0 0 0 0 0 0 0 240 0 0 0 163 
0 0 216 0 0 0 0 216 0 0 0 0 0 150 177 0 0 76 88 0 0 0 0 0 33 0 0 0 0 0 0 0 0 0 0 0 0 0 0 0 0 0 0 0 0 0 0 247 0 0 0 0 0 0 0 285 0 0 0 0 0 0 0 0 150 0 0 0 0 0 0 0 0 0 0 0 211 0 0 162 0 131 0 0 0 0 0 140 0 48 0 0 0 0 0 0 0 0 0 0 
0 0 0 0 0 0 0 0 0 0 0 253 0 0 0 0 0 0 0 0 0 0 0 0 0 0 0 0 0 0 0 0 0 0 0 0 0 283 0 0 0 0 0 32 0 0 298 33 0 0 0 0 0 0 0 0 0 0 0 0 0 39 0 41 0 0 183 0 0 0 0 190 0 243 0 0 0 0 0 0 0 0 0 0 0 56 0 0 256 0 0 157 0 0 154 0 0 58 0 0 
0 0 0 0 0 107 0 0 0 0 0 0 0 147 0 0 136 0 0 208 282 184 53 0 0 0 0 0 0 0 0 0 0 0 0 0 0 0 0 0 0 0 4 0 0 0 0 0 0 0 0 0 0 0 0 0 0 0 0 0 0 0 194 0 0 0 0 0 0 0 215 0 0 0 0 104 0 88 219 0 0 0 0 0 0 0 0 0 0 0 0 41 0 160 0 0 0 0 0 0 
0 0 0 126 0 39 277 0 300 0 0 0 0 0 0 0 0 0 0 0 266 0 0 0 0 0 0 0 0 0 0 0 226 0 0 109 0 0 0 0 0 0 0 0 297 0 0 0 0 0 0 0 0 113 0 0 74 240 0 0 0 0 0 0 0 0 0 0 0 0 122 0 0 0 0 0 0 0 285 0 0 0 21 0 0 0 0 0 112 0 0 0 0 0 0 0 0 0 0 0 
0 0 0 0 0 64 0 0 0 0 287 0 0 0 0 0 0 0 0 0 0 0 0 290 0 0 0 0 172 0 0 0 0 0 0 0 0 0 0 0 4 0 0 0 0 0 0 0 0 91 0 0 0 0 0 0 0 112 0 0 0 0 0 0 0 0 0 0 0 0 0 0 0 0 0 0 0 0 0 0 0 0 0 0 170 0 0 0 0 0 0 0 168 0 0 0 0 0 0 0 
0 0 0 108 60 0 0 0 0 0 0 0 0 148 93 0 0 251 0 0 0 0 0 0 0 0 0 0 0 0 0 0 300 0 0 0 0 0 0 32 0 0 0 0 0 0 61 0 0 0 286 0 0 0 0 0 0 0 0 0 0 0 0 0 0 0 0 209 0 0 0 0 0 0 0 0 0 0 0 0 0 0 0 103 215 0 0 0 0 0 0 0 0 0 0 0 0 0 0 0 
0 0 0 0 0 0 0 0 0 0 0 0 0 0 0 0 0 0 0 0 0 0 0 0 0 54 0 0 0 0 73 0 0 0 171 0 0 0 0 0 0 297 0 0 0 0 0 0 0 0 231 0 0 0 0 0 0 0 0 0 0 0 110 0 0 0 0 0 0 25 0 97 0 0 0 262 0 0 0 287 0 0 0 0 0 0 0 0 0 154 0 247 28 202 0 0 0 0 187 0 
0 0 165 0 0 0 0 0 0 0 0 0 0 0 0 0 0 0 0 262 0 0 0 0 0 0 0 268 0 0 0 0 0 0 0 297 0 0 0 0 0 0 0 0 0 0 0 0 0 0 5 141 0 0 0 0 0 274 0 0 0 0 62 0 0 143 0 133 0 0 0 0 0 0 0 0 0 114 0 224 0 0 0 0 0 0 0 0 0 0 0 0 0 0 0 0 0 0 0 0 
0 0 0 89 253 0 143 0 0 0 0 164 0 0 0 0 0 0 262 0 0 0 0 0 13 0 0 0 0 0 0 0 0 54 0 0 0 0 0 298 0 0 0 61 0 0 0 0 0 0 0 0 0 0 209 0 0 0 0 214 0 0 0 0 0 0 215 0 0 0 0 0 0 0 0 0 0 0 0 0 0 0 0 0 0 0 0 264 0 177 0 0 0 0 0 0 0 280 0 0 
0 0 0 0 0 0 78 0 0 0 0 0 0 0 0 0 0 0 0 0 0 0 0 0 0 215 0 0 0 0 109 0 0 0 0 0 0 0 247 33 0 0 0 0 0 0 0 0 228 77 0 0 0 72 207 0 0 0 0 270 0 3 0 0 0 0 0 0 0 0 0 0 0 139 0 0 0 0 0 0 0 0 0 0 0 0 0 0 0 0 0 0 0 7 0 0 0 0 152 212 
0 0 0 0 0 0 97 0 0 0 0 0 211 115 0 0 27 0 0 0 0 0 0 0 0 0 0 0 0 0 0 0 0 0 0 0 0 37 0 0 0 0 0 0 0 0 0 228 0 0 239 0 166 0 0 116 0 0 0 0 0 0 0 0 0 3 0 0 0 0 0 0 0 0 0 0 0 0 0 0 0 0 0 0 0 232 0 0 0 0 0 0 0 0 200 0 161 0 0 0 
143 0 0 0 0 3 0 212 0 0 0 240 90 0 64 0 0 0 0 0 241 0 0 0 0 0 0 0 4 0 0 0 0 0 0 0 0 224 0 0 0 0 91 0 0 0 0 77 0 0 0 0 0 0 0 0 280 285 0 0 0 0 32 0 0 0 0 0 0 0 0 0 0 214 0 0 0 0 0 0 0 0 0 0 0 0 0 0 0 0 0 0 0 0 0 0 0 0 0 0 
0 0 0 0 0 0 0 0 0 0 0 0 0 0 0 0 0 0 0 0 147 0 0 0 0 241 0 0 0 0 0 0 0 245 0 94 0 0 0 0 0 0 0 286 231 5 0 0 239 0 0 0 0 0 0 0 0 0 0 0 0 0 0 0 0 0 0 242 0 0 0 0 0 0 0 0 0 0 0 0 102 0 0 0 0 19 0 0 0 0 0 237 0 0 0 0 0 0 0 107 
0 0 0 0 0 0 0 0 0 0 0 0 0 225 0 136 0 0 0 0 0 0 0 0 0 0 0 0 202 0 0 0 295 0 184 0 0 0 0 0 0 0 0 0 0 141 0 0 0 0 0 0 0 0 0 107 0 0 0 0 0 0 174 0 0 265 0 0 0 0 0 0 0 0 126 0 0 226 0 0 0 0 0 0 0 0 0 0 0 69 0 0 0 2 0 0 45 0 0 57 
110 0 0 153 0 0 0 0 0 0 0 0 0 0 0 0 0 0 66 0 0 262 0 0 0 0 0 0 0 0 88 0 0 0 0 0 0 0 0 0 0 0 0 0 0 0 0 0 166 0 0 0 0 0 0 284 0 0 0 0 0 0 0 0 0 0 0 0 0 0 0 0 0 73 0 0 0 0 0 0 0 0 0 0 0 0 0 0 0 0 0 0 0 0 0 109 0 0 0 0 
0 4 0 0 0 265 19 0 0 0 0 0 0 147 0 0 0 0 0 0 0 0 0 0 0 0 0 0 0 0 0 0 0 0 0 0 0 0 0 0 0 113 0 0 0 0 0 72 0 0 0 0 0 0 0 0 0 0 28 0 0 0 0 0 0 0 0 0 185 0 21 0 0 26 0 0 0 0 0 0 189 0 0 155 0 50 0 0 25 0 0 190 0 0 0 0 0 0 0 0 
0 0 0 0 192 206 0 0 0 0 236 0 0 0 0 0 0 0 0 0 0 0 0 0 0 0 0 0 0 87 0 115 7 0 28 0 0 0 0 0 0 0 0 0 0 0 209 207 0 0 0 0 0 0 0 0 0 0 0 0 0 0 0 138 0 0 0 0 0 0 0 0 109 0 248 0 17 0 0 0 0 0 0 0 271 0 0 0 0 0 0 0 0 0 0 0 0 0 0 104 
0 40 0 0 0 0 0 0 0 0 0 0 0 0 47 0 0 0 0 69 0 0 0 0 0 0 0 0 0 0 0 52 0 0 0 0 0 0 285 0 0 0 0 0 0 0 0 0 116 0 0 107 284 0 0 0 0 0 0 0 0 0 0 0 300 0 0 0 0 244 0 0 0 0 0 0 0 0 0 0 280 0 239 0 270 0 0 0 0 0 0 0 0 271 0 0 133 0 0 0 
0 0 0 0 0 0 0 0 167 0 0 0 0 0 0 0 0 0 0 0 0 0 0 0 0 263 75 0 0 0 0 0 0 0 0 0 0 0 0 0 0 74 0 0 0 0 0 0 0 280 0 0 0 0 0 0 0 0 203 0 0 210 0 220 0 0 0 0 0 0 52 0 0 0 0 0 0 0 0 0 0 0 293 0 0 0 0 0 0 0 0 0 0 0 0 0 0 214 0 0 
0 0 0 0 0 0 0 0 89 0 0 0 0 0 0 0 0 255 0 0 0 0 112 0 0 122 0 0 0 0 0 0 0 0 0 100 261 0 0 0 0 240 112 0 0 274 0 0 0 285 0 0 0 0 0 0 0 0 18 0 0 0 0 0 0 157 0 0 0 0 0 0 64 0 0 0 0 0 0 0 0 0 130 0 0 0 0 0 0 0 0 0 0 0 0 0 0 104 0 0 
182 11 0 0 49 0 275 0 50 0 0 0 0 0 0 225 0 0 62 0 131 0 0 0 264 0 0 0 0 0 0 0 0 0 0 0 0 0 0 0 0 0 0 0 0 0 0 0 0 0 0 0 0 28 0 0 203 18 0 0 0 88 0 0 0 0 0 0 78 0 0 0 0 0 0 0 0 0 0 0 81 0 0 0 0 0 0 0 0 0 0 0 0 0 0 0 0 0 0 0 
0 198 0 0 0 0 0 0 0 0 0 0 0 0 0 288 29 0 0 0 0 0 0 0 0 0 248 0 0 24 8 0 0 0 101 0 0 0 0 0 0 0 0 0 0 0 214 270 0 0 0 0 0 0 0 0 0 0 0 0 0 0 0 0 0 0 0 0 0 0 0 0 0 0 0 0 0 0 0 0 0 0 0 0 0 153 0 146 0 0 223 0 0 0 0 0 0 0 78 0 
0 0 0 0 226 0 0 0 101 0 0 0 191 0 0 268 0 0 0 0 0 0 0 162 0 0 81 0 0 0 0 0 0 0 108 0 0 0 0 0 0 0 0 0 0 0 0 0 0 0 0 0 0 0 0 0 0 0 0 0 0 0 0 0 0 0 0 0 73 0 0 0 0 0 0 0 0 0 0 0 0 0 0 0 0 0 0 209 0 0 38 0 0 0 0 0 134 210 0 0 
0 0 0 0 0 0 0 0 0 0 0 0 0 0 0 0 0 222 0 0 0 0 0 0 0 0 0 0 0 129 0 214 0 0 0 0 0 0 0 39 0 0 0 0 0 0 0 3 0 0 0 0 0 0 0 0 210 0 88 0 0 0 0 0 0 0 0 0 0 0 0 155 78 0 0 0 0 0 0 0 0 0 27 0 1 0 0 97 0 0 272 0 70 0 0 71 0 0 0 0 
0 0 0 0 0 105 0 0 0 0 0 0 0 0 0 0 0 0 0 107 0 0 0 0 0 33 0 0 118 182 0 0 0 0 0 0 0 0 0 0 194 0 0 0 110 62 0 0 0 32 0 174 0 0 0 0 0 0 0 0 0 0 0 0 0 0 0 277 0 0 0 0 0 0 0 0 0 0 117 0 0 197 0 0 0 0 0 0 0 0 0 135 0 0 0 0 0 0 0 0 
0 0 0 0 0 0 90 0 0 0 0 112 268 0 0 0 0 0 0 0 67 214 0 0 0 0 0 0 0 261 0 0 0 0 0 42 0 0 0 41 0 0 0 0 0 0 0 0 0 0 0 0 0 0 138 0 220 0 0 0 0 0 0 0 0 0 0 0 0 25 0 0 0 0 0 0 280 0 0 0 0 0 0 259 0 0 0 0 0 260 0 0 0 0 0 0 0 256 0 0 
0 0 0 0 0 0 0 65 0 0 0 0 0 0 0 0 0 0 254 0 0 0 0 0 0 0 0 148 0 0 0 0 0 0 0 0 0 0 150 0 0 0 0 0 0 0 0 0 0 0 0 0 0 0 0 300 0 0 0 0 0 0 0 0 0 0 0 245 0 0 0 0 0 0 0 0 0 0 0 0 0 0 0 0 0 0 0 263 0 229 0 0 293 0 0 0 0 0 0 265 
0 167 0 118 0 0 0 0 0 0 0 0 0 0 0 0 0 0 0 0 29 0 0 0 0 0 0 0 0 117 0 0 0 0 0 0 0 0 0 0 0 0 0 0 0 143 0 0 3 0 0 265 0 0 0 0 0 157 0 0 0 0 0 0 0 0 0 134 0 0 0 0 0 0 0 0 162 0 3 0 0 0 0 10 7 78 0 0 0 0 0 0 0 237 0 0 0 0 0 0 
0 0 81 0 0 0 0 0 0 10 0 0 0 0 0 0 181 0 0 57 0 0 189 0 0 0 24 143 0 0 127 0 0 0 0 0 0 0 0 183 0 0 0 0 0 0 215 0 0 0 0 0 0 0 0 0 0 0 0 0 0 0 0 0 0 0 0 0 81 0 0 0 0 0 0 152 0 0 0 0 61 0 0 0 0 0 0 0 0 0 61 0 0 0 0 0 0 0 121 0 
39 0 0 0 0 235 0 0 0 0 0 133 0 0 0 0 0 0 0 272 0 0 0 0 0 172 0 0 0 9 0 24 75 0 0 0 0 0 0 0 0 0 0 209 0 133 0 0 0 0 242 0 0 0 0 0 0 0 0 0 0 0 277 0 245 134 0 0 0 0 0 0 0 0 0 0 0 0 0 0 0 0 0 0 0 0 0 0 0 0 0 0 0 0 0 173 0 0 0 0 
0 140 0 0 0 0 0 0 0 0 0 0 0 214 0 0 0 0 0 0 0 0 0 0 0 0 0 0 0 0 119 0 0 0 0 0 0 0 0 0 0 0 0 0 0 0 0 0 0 0 0 0 0 185 0 0 0 0 78 0 73 0 0 0 0 0 81 0 0 0 0 0 0 145 0 99 277 0 0 0 0 0 119 0 0 0 44 213 268 245 0 0 0 0 0 0 0 0 0 0 
0 0 0 0 0 0 0 0 0 0 0 263 0 0 0 0 0 228 0 3 0 0 0 0 0 0 0 0 0 0 0 0 0 0 0 0 0 254 0 0 0 0 0 0 25 0 0 0 0 0 0 0 0 0 0 244 0 0 0 0 0 0 0 25 0 0 0 0 0 0 90 0 0 0 0 0 195 148 0 0 0 244 136 0 0 36 0 0 0 0 0 0 0 0 0 0 0 0 0 0 
0 41 0 0 0 0 0 275 0 0 0 0 0 0 0 7 0 270 0 0 0 0 0 0 0 0 0 0 0 0 0 0 0 234 0 0 0 0 0 0 215 122 0 0 0 0 0 0 0 0 0 0 0 21 0 0 52 0 0 0 0 0 0 0 0 0 0 0 0 90 0 239 0 0 0 195 114 260 0 0 0 0 0 0 0 0 0 0 0 0 0 0 0 0 0 0 0 0 0 249 
0 104 0 0 0 0 0 0 0 0 0 74 0 24 187 0 0 275 0 0 0 0 76 0 0 0 0 0 0 0 0 0 266 176 0 0 0 0 0 190 0 0 0 0 97 0 0 0 0 0 0 0 0 0 0 0 0 0 0 0 0 155 0 0 0 0 0 0 0 0 239 0 0 0 0 267 0 0 0 0 0 0 179 0 0 0 0 0 0 0 0 0 0 0 0 0 0 68 0 0 
0 0 28 0 0 0 231 0 0 0 0 0 0 0 0 0 0 0 0 231 0 92 0 0 0 0 0 188 0 0 0 0 0 0 0 250 0 0 0 0 0 0 0 0 0 0 0 0 0 0 0 0 0 0 109 0 0 64 0 0 0 78 0 0 0 0 0 0 0 0 0 0 0 0 0 0 0 172 0 0 0 0 0 0 0 0 0 237 0 0 0 238 0 0 0 6 0 0 203 0 
0 0 0 0 89 82 0 0 0 0 0 0 0 0 0 0 0 0 0 0 0 0 0 0 0 0 0 0 0 0 0 0 15 291 0 0 226 0 0 243 0 0 0 0 0 0 0 139 0 214 0 0 73 26 0 0 0 0 0 0 0 0 0 0 0 0 0 0 145 0 0 0 0 0 0 0 0 0 0 0 0 0 0 0 0 0 0 0 18 0 46 0 0 189 0 0 0 0 0 291 
0 4 0 0 0 0 23 13 0 0 0 0 66 0 218 0 0 0 0 0 0 0 0 71 0 35 0 0 0 0 247 0 0 0 0 0 0 0 0 0 0 0 0 0 0 0 0 0 0 0 0 126 0 0 248 0 0 0 0 0 0 0 0 0 0 0 0 0 0 0 0 0 0 0 0 0 0 0 0 0 0 165 0 0 0 0 0 0 0 0 0 55 0 0 32 0 0 0 0 0 
0 0 0 0 198 0 0 0 0 116 0 0 0 0 0 0 0 0 0 0 0 148 0 0 281 0 244 0 0 0 0 120 0 0 0 0 41 0 0 0 104 0 0 0 262 0 0 0 0 0 0 0 0 0 0 0 0 0 0 0 0 0 0 0 0 0 152 0 99 0 195 267 0 0 0 0 0 0 0 0 0 30 0 0 0 0 0 0 0 0 0 0 0 57 0 0 0 0 0 0 
0 0 0 0 0 0 0 0 0 0 0 114 0 0 0 0 133 0 0 0 0 0 0 0 0 0 0 0 0 0 0 86 0 0 0 0 0 0 211 0 0 0 0 0 0 0 0 0 0 0 0 0 0 0 17 0 0 0 0 0 0 0 0 280 0 162 0 0 277 195 114 0 0 0 0 0 0 0 0 265 0 0 0 0 0 0 0 0 0 218 165 0 0 0 0 192 220 0 0 0 
0 0 0 0 0 0 0 0 188 189 0 0 0 260 0 0 0 0 0 0 0 191 0 0 0 0 0 0 0 0 0 244 0 0 0 0 0 0 0 0 88 0 0 0 0 114 0 0 0 0 0 226 0 0 0 0 0 0 0 0 0 0 0 0 0 0 0 0 0 148 260 0 172 0 0 0 0 0 0 0 0 0 0 61 0 68 0 0 0 0 0 0 175 0 157 0 0 0 0 0 
0 0 0 0 0 0 0 6 0 0 0 0 0 208 0 0 0 0 0 0 0 0 0 0 0 0 0 0 0 0 0 0 0 0 0 0 0 0 0 0 219 285 0 0 0 0 0 0 0 0 0 0 0 0 0 0 0 0 0 0 0 0 117 0 0 3 0 0 0 0 0 0 0 0 0 0 0 0 0 0 0 0 0 0 0 80 0 0 0 0 0 0 111 0 266 0 0 0 0 0 
0 0 0 0 0 0 0 0 0 0 0 0 0 0 0 0 0 224 0 0 0 93 0 242 0 219 0 211 0 0 0 0 0 0 0 0 0 0 162 0 0 0 0 0 287 224 0 0 0 0 0 0 0 0 0 0 0 0 0 0 0 0 0 0 0 0 0 0 0 0 0 0 0 0 0 0 265 0 0 0 269 0 0 0 0 0 129 0 98 0 0 0 0 0 0 0 171 0 270 0 
0 0 0 0 0 0 0 0 0 0 0 140 237 0 0 0 0 247 0 0 0 0 0 0 0 0 283 0 0 0 0 102 0 0 0 0 110 0 0 0 0 0 0 0 0 0 0 0 0 0 102 0 0 189 0 280 0 0 81 0 0 0 0 0 0 0 61 0 0 0 0 0 0 0 0 0 0 0 0 269 0 0 0 0 0 110 0 0 149 0 0 0 0 0 153 0 0 0 0 0 
125 121 0 193 0 0 0 53 0 114 0 0 0 0 0 119 0 0 113 0 0 0 0 0 195 0 0 0 0 0 0 0 273 0 0 0 0 0 131 0 0 0 0 0 0 0 0 0 0 0 0 0 0 0 0 0 0 0 0 0 0 0 197 0 0 0 0 0 0 244 0 0 0 0 165 30 0 0 0 0 0 0 0 0 0 0 0 0 0 0 0 21 0 0 0 0 0 0 0 0 
0 0 0 0 0 0 70 0 0 0 0 0 0 0 0 276 0 0 0 0 0 0 0 0 0 0 0 0 0 0 0 0 0 0 0 20 244 0 0 0 0 21 0 0 0 0 0 0 0 0 0 0 0 0 0 239 293 130 0 0 0 27 0 0 0 0 0 0 119 136 0 179 0 0 0 0 0 0 0 0 0 0 0 285 0 0 0 0 0 0 0 0 0 0 0 0 0 0 0 0 
0 0 0 0 0 0 0 0 269 0 0 0 0 0 0 0 0 0 0 0 0 0 67 0 96 0 0 0 0 157 0 5 178 0 0 85 0 0 0 0 0 0 0 103 0 0 0 0 0 0 0 0 0 155 0 0 0 0 0 0 0 0 0 259 0 10 0 0 0 0 0 0 0 0 0 0 0 61 0 0 0 0 285 0 0 0 0 0 0 0 0 0 0 0 0 0 7 0 105 0 
0 0 0 0 0 0 0 0 0 0 0 0 0 0 0 0 0 0 0 0 0 0 0 0 0 0 0 0 0 0 0 0 78 0 45 279 0 143 0 0 0 0 170 215 0 0 0 0 0 0 0 0 0 0 271 270 0 0 0 0 0 1 0 0 0 7 0 0 0 0 0 0 0 0 0 0 0 0 0 0 0 0 0 0 0 0 0 241 0 0 0 0 0 0 0 0 0 147 0 0 
0 0 0 0 0 0 0 0 0 0 126 0 0 0 0 0 222 0 0 0 0 0 0 0 0 0 0 0 0 0 0 0 0 0 186 0 0 0 0 56 0 0 0 0 0 0 0 0 232 0 19 0 0 50 0 0 0 0 0 153 0 0 0 0 0 78 0 0 0 36 0 0 0 0 0 0 0 68 80 0 110 0 0 0 0 0 0 0 0 0 227 156 0 0 0 0 0 0 0 0 
0 0 0 0 0 0 0 0 0 0 0 0 110 0 105 0 0 0 0 0 51 0 0 0 0 0 0 0 0 0 0 264 165 0 0 0 0 0 0 0 0 0 0 0 0 0 0 0 0 0 0 0 0 0 0 0 0 0 0 0 0 0 0 0 0 0 0 0 44 0 0 0 0 0 0 0 0 0 0 129 0 0 0 0 0 0 0 0 186 0 0 0 0 0 0 0 0 0 0 0 
0 0 0 0 0 0 0 0 35 0 0 0 0 0 0 0 0 0 0 0 0 0 0 223 0 0 0 0 0 0 0 0 0 222 0 0 0 0 140 0 0 0 0 0 0 0 264 0 0 0 0 0 0 0 0 0 0 0 0 146 209 97 0 0 263 0 0 0 213 0 0 0 237 0 0 0 0 0 0 0 0 0 0 0 241 0 0 0 0 0 0 0 0 0 0 0 0 0 0 0 
289 0 73 0 0 0 0 0 0 0 0 0 0 0 0 0 0 0 0 0 0 249 236 220 0 0 116 0 0 0 0 0 0 0 0 0 236 0 0 256 0 112 0 0 0 0 0 0 0 0 0 0 0 25 0 0 0 0 0 0 0 0 0 0 0 0 0 0 268 0 0 0 0 18 0 0 0 0 0 98 149 0 0 0 0 0 186 0 0 0 0 0 0 0 0 0 0 0 0 0 
0 0 0 0 0 0 0 35 47 0 0 0 0 0 213 0 0 0 284 0 0 0 0 0 0 0 0 0 0 0 0 0 0 0 0 94 0 0 48 0 0 0 0 0 154 0 177 0 0 0 0 69 0 0 0 0 0 0 0 0 0 0 0 260 229 0 0 0 245 0 0 0 0 0 0 0 218 0 0 0 0 0 0 0 0 0 0 0 0 0 0 0 0 0 0 0 0 154 165 0 
0 265 0 0 0 0 0 0 0 0 0 0 0 0 0 0 0 0 0 0 0 91 0 0 0 0 0 0 0 0 69 0 0 0 75 0 0 0 0 0 0 0 0 0 0 0 0 0 0 0 0 0 0 0 0 0 0 0 0 223 38 272 0 0 0 0 61 0 0 0 0 0 0 46 0 0 165 0 0 0 0 0 0 0 0 227 0 0 0 0 0 0 0 0 0 133 0 0 0 0 
0 0 0 0 0 214 0 0 0 0 188 0 0 0 0 0 0 0 0 127 0 0 0 0 0 0 68 0 0 0 0 0 0 0 0 0 0 0 0 157 41 0 0 0 247 0 0 0 0 0 237 0 0 190 0 0 0 0 0 0 0 0 135 0 0 0 0 0 0 0 0 0 238 0 55 0 0 0 0 0 0 21 0 0 0 156 0 0 0 0 0 0 0 0 0 0 179 0 0 0 
0 0 0 0 0 0 0 0 0 0 0 0 0 0 0 197 0 0 0 0 0 160 0 0 0 0 0 0 0 0 0 0 70 0 180 87 0 0 0 0 0 0 168 0 28 0 0 0 0 0 0 0 0 0 0 0 0 0 0 0 0 70 0 0 293 0 0 0 0 0 0 0 0 0 0 0 0 175 111 0 0 0 0 0 0 0 0 0 0 0 0 0 0 0 0 244 0 0 0 114 
0 0 92 0 0 0 0 0 0 0 0 0 0 169 0 0 0 0 217 0 0 0 17 156 0 0 0 0 0 0 7 0 0 0 0 0 0 0 0 0 160 0 0 0 202 0 0 7 0 0 0 2 0 0 0 271 0 0 0 0 0 0 0 0 0 237 0 0 0 0 0 0 0 189 0 57 0 0 0 0 0 0 0 0 0 0 0 0 0 0 0 0 0 0 0 0 0 223 0 0 
38 0 0 0 0 265 0 0 0 0 0 104 0 0 0 0 0 0 0 0 0 0 0 0 75 179 251 0 0 0 0 0 0 0 0 0 0 0 0 154 0 0 0 0 0 0 0 0 200 0 0 0 0 0 0 0 0 0 0 0 0 0 0 0 0 0 0 0 0 0 0 0 0 0 32 0 0 157 266 0 153 0 0 0 0 0 0 0 0 0 0 0 0 0 0 0 0 0 0 75 
0 0 0 0 0 0 0 0 0 0 0 38 263 0 0 0 0 175 0 0 0 0 0 155 0 0 0 0 0 118 0 0 170 0 0 0 0 240 0 0 0 0 0 0 0 0 0 0 0 0 0 0 109 0 0 0 0 0 0 0 0 71 0 0 0 0 0 173 0 0 0 0 6 0 0 0 192 0 0 0 0 0 0 0 0 0 0 0 0 0 133 0 244 0 0 0 0 0 0 0 
0 0 159 0 112 0 61 0 260 0 0 0 0 0 0 0 0 255 0 0 0 0 0 0 0 0 289 0 0 0 0 0 0 0 0 0 0 0 0 0 0 0 0 0 0 0 0 0 161 0 0 45 0 0 0 133 0 0 0 0 134 0 0 0 0 0 0 0 0 0 0 0 0 0 0 0 220 0 0 171 0 0 0 7 0 0 0 0 0 0 0 179 0 0 0 0 0 76 0 0 
0 0 0 0 0 0 236 0 0 0 0 249 0 0 0 0 0 0 0 0 0 0 0 0 0 0 0 0 0 0 0 0 0 0 0 0 0 0 0 58 0 0 0 0 0 0 280 0 0 0 0 0 0 0 0 0 214 104 0 0 210 0 0 256 0 0 0 0 0 0 0 68 0 0 0 0 0 0 0 0 0 0 0 0 147 0 0 0 0 154 0 0 0 223 0 0 76 0 0 0 
0 0 0 0 0 0 0 0 0 0 0 0 0 0 0 0 0 0 0 0 0 0 0 0 0 0 0 0 0 0 0 0 0 0 0 0 63 0 0 0 0 0 0 0 187 0 0 152 0 0 0 0 0 0 0 0 0 0 0 78 0 0 0 0 0 0 121 0 0 0 0 0 203 0 0 0 0 0 0 270 0 0 0 105 0 0 0 0 0 165 0 0 0 0 0 0 0 0 0 0 
0 0 189 0 116 0 0 0 0 0 0 0 0 0 0 0 0 0 0 0 0 0 0 0 0 0 0 244 0 177 0 0 0 0 0 0 207 163 0 0 0 0 0 0 0 0 0 212 0 0 107 57 0 0 104 0 0 0 0 0 0 0 0 0 265 0 0 0 0 0 249 0 0 291 0 0 0 0 0 0 0 0 0 0 0 0 0 0 0 0 0 0 114 0 75 0 0 0 0 0 
