0 0 0 0 0 0 0 0 59 0 0 0 0 0 0 0 0 0 0 0 0 0 118 0 0 0 0 0 0 0 117 0 146 0 93 0 0 0 0 37 0 0 0 0 0 0 0 0 0 0 0 0 0 0 0 0 0 124 0 0 4 0 0 0 0 0 89 0 0 0 0 0 0 0 11 0 0 0 0 0 109 0 0 0 2 0 0 0 0 0 0 88 0 0 0 0 0 0 0 0 
0 0 0 0 81 0 0 0 0 0 0 0 0 0 57 0 0 68 0 0 0 0 0 59 0 0 0 0 0 0 0 71 0 110 0 0 0 0 0 0 0 0 0 0 0 76 0 0 0 0 0 14 0 0 0 2 0 0 0 0 0 0 0 0 0 0 0 2 0 0 0 0 0 0 89 0 0 54 0 0 0 0 0 0 0 0 0 0 30 0 0 0 0 0 0 0 0 119 0 0 
0 0 0 0 106 0 0 0 0 48 0 0 0 0 0 0 0 0 0 0 6 0 0 0 0 107 0 0 23 0 0 0 0 0 0 2 137 0 0 0 0 0 0 0 0 69 0 0 0 0 0 0 0 0 0 0 0 52 0 76 0 0 79 0 0 0 0 123 0 0 0 0 0 0 0 133 0 0 0 0 0 0 0 0 0 0 0 0 0 118 0 0 130 0 0 0 0 0 0 0 
0 0 0 0 0 114 0 0 0 0 0 0 0 0 0 0 0 0 52 0 0 0 85 0 0 0 0 120 0 0 0 0 0 0 0 0 0 0 0 0 0 0 0 0 0 0 0 0 0 0 0 0 0 74 143 0 141 0 0 0 0 0 0 0 0 0 0 0 0 0 0 0 27 0 0 0 0 0 0 56 0 0 0 0 102 0 0 15 0 0 0 0 0 0 0 0 0 0 0 0 
0 81 106 0 0 0 0 0 0 0 0 0 74 0 0 0 0 0 0 0 0 0 0 0 0 0 0 0 0 0 0 0 0 0 0 0 19 0 0 0 0 0 0 0 0 0 0 0 0 0 0 120 0 27 0 0 0 103 0 0 0 0 0 0 0 0 0 0 0 0 0 0 0 0 0 0 0 0 0 0 0 0 0 0 0 0 0 0 0 0 0 0 0 0 0 0 0 0 0 0 
0 0 0 114 0 0 0 0 0 0 115 0 0 40 82 0 0 0 0 0 0 57 0 0 102 0 0 0 0 0 0 0 0 0 0 0 0 0 0 0 0 0 0 0 0 0 0 0 0 0 0 0 0 0 0 59 0 0 0 0 0 80 0 13 0 0 149 0 0 0 121 0 0 0 0 0 0 0 0 0 0 0 0 0 0 0 0 0 0 18 0 0 0 0 0 0 145 0 0 0 
0 0 0 0 0 0 0 0 0 0 0 0 107 18 0 0 0 0 0 0 0 0 0 0 0 11 0 0 0 0 0 0 0 0 0 0 0 0 0 0 0 0 0 0 0 34 0 0 0 148 0 0 0 0 0 0 0 0 0 0 0 0 0 0 0 126 0 0 0 0 0 68 0 0 0 88 0 0 0 92 0 0 0 0 5 69 0 100 0 74 0 0 0 0 80 0 0 0 0 0 
0 0 0 0 0 0 0 0 0 0 0 0 84 0 44 0 0 0 0 0 107 0 0 14 0 126 0 0 0 0 0 0 0 0 0 0 0 12 0 0 0 5 0 0 0 0 0 89 0 0 0 0 0 0 0 0 0 0 0 0 0 0 24 0 4 0 0 0 0 0 110 0 0 0 0 0 0 20 0 0 0 0 0 0 75 0 0 0 0 0 0 0 0 138 46 0 0 0 0 0 
59 0 0 0 0 0 0 0 0 0 0 0 0 0 0 0 0 0 0 108 0 0 0 0 0 0 0 15 0 0 0 0 125 0 0 0 0 0 0 0 0 0 95 0 0 0 0 0 0 0 0 74 145 0 0 0 0 0 0 0 0 0 18 10 0 0 0 0 124 0 0 0 0 0 0 0 0 0 0 52 37 78 0 0 0 0 0 56 0 0 0 0 0 0 0 0 0 0 0 102 
0 0 48 0 0 0 0 0 0 0 0 0 0 0 25 0 19 0 0 0 135 0 0 0 0 0 0 0 9 0 0 0 0 0 118 0 0 0 0 0 0 0 0 0 0 0 0 0 0 0 0 63 0 0 56 0 0 0 0 0 0 0 125 0 0 0 0 0 0 0 0 0 0 0 122 0 0 0 0 0 86 0 0 0 0 0 0 0 0 0 118 111 0 0 0 92 105 0 0 0 
0 0 0 0 0 115 0 0 0 0 0 0 0 0 104 46 0 0 0 0 0 0 0 0 134 0 0 0 0 0 0 14 0 0 120 0 0 0 0 73 0 0 0 0 0 0 0 0 0 52 0 0 0 124 117 0 0 0 0 0 0 0 144 0 0 0 0 0 0 0 0 0 0 0 0 0 0 0 0 0 141 0 0 0 0 0 0 0 0 107 0 79 0 60 0 0 0 0 0 0 
0 0 0 0 0 0 0 0 0 0 0 0 0 0 0 7 0 0 0 0 0 0 0 0 0 0 7 0 0 0 13 0 0 0 0 0 0 0 7 0 0 0 0 0 116 0 0 0 0 142 0 0 13 0 0 26 0 0 0 0 0 0 0 0 0 0 108 0 0 0 0 150 0 0 0 0 51 0 0 52 0 0 0 0 0 0 31 0 0 0 0 0 0 0 0 0 0 18 35 0 
0 0 0 0 74 0 107 84 0 0 0 0 0 0 0 0 0 0 0 103 0 0 0 0 92 0 0 0 0 0 0 0 0 60 0 0 0 0 30 0 0 0 0 98 66 0 0 0 0 0 0 0 0 0 0 0 0 0 0 0 0 0 0 0 0 0 0 93 113 0 0 0 0 0 0 0 0 0 0 0 0 0 0 0 0 0 0 66 0 0 0 0 0 0 0 0 0 92 0 0 
0 0 0 0 0 40 18 0 0 0 0 0 0 0 0 0 59 0 0 0 0 0 0 0 0 102 0 0 0 0 0 0 0 0 0 64 0 0 0 0 0 0 0 0 0 0 0 0 98 0 0 0 0 0 0 0 0 0 0 0 29 144 80 0 0 0 147 0 0 0 0 0 0 0 0 0 0 0 0 0 0 5 0 0 0 0 0 0 0 106 42 45 0 0 0 41 0 0 0 0 
0 57 0 0 0 82 0 44 0 25 104 0 0 0 0 0 0 0 140 0 94 0 0 0 0 0 0 0 0 23 0 0 0 84 0 0 0 0 0 0 0 0 0 0 0 0 0 0 0 0 0 80 0 0 0 0 0 0 0 0 0 0 0 0 0 0 0 0 0 0 0 0 0 0 79 0 83 0 0 67 0 0 145 0 0 0 0 0 0 0 0 0 0 0 0 0 0 0 0 115 
0 0 0 0 0 0 0 0 0 0 46 7 0 0 0 0 0 0 0 0 0 0 0 25 0 0 0 0 0 0 0 0 121 0 0 0 0 0 0 0 0 0 0 0 0 0 0 0 0 0 0 0 0 0 0 0 0 0 0 0 85 0 0 0 0 0 0 0 29 87 0 0 0 0 0 0 0 0 0 0 0 0 0 0 0 0 0 0 0 0 0 0 0 53 0 86 0 0 0 133 
0 0 0 0 0 0 0 0 0 19 0 0 0 59 0 0 0 0 53 0 41 0 0 0 17 13 0 0 0 0 0 0 0 0 70 0 0 0 5 0 0 111 0 0 0 0 0 0 0 0 0 0 2 0 0 0 137 0 0 0 0 0 0 0 0 0 0 0 22 0 0 0 0 0 0 0 0 0 0 43 0 0 0 58 0 0 0 0 0 0 0 0 0 0 0 0 6 0 0 0 
0 68 0 0 0 0 0 0 0 0 0 0 0 0 0 0 0 0 0 0 0 0 0 0 0 0 0 0 0 122 0 0 0 0 0 0 0 0 0 0 142 142 0 0 0 0 0 78 0 137 0 66 0 0 0 140 0 0 0 0 0 0 0 0 0 0 0 0 0 39 0 0 0 0 0 0 108 0 0 0 0 0 0 139 0 0 0 46 67 72 0 0 0 0 0 73 0 0 0 0 
0 0 0 52 0 0 0 0 0 0 0 0 0 0 140 0 53 0 0 0 0 0 0 0 0 129 0 0 0 0 0 0 0 0 0 0 0 0 0 0 0 42 0 2 0 0 1 108 0 0 62 0 81 23 35 0 0 0 0 0 0 0 45 0 0 0 0 0 0 0 0 0 0 0 0 0 0 0 0 41 0 0 0 0 0 0 0 0 78 0 0 0 0 0 0 0 0 0 0 0 
0 0 0 0 0 0 0 0 108 0 0 0 103 0 0 0 0 0 0 0 0 0 0 0 109 0 0 0 0 0 0 42 0 0 0 0 0 0 0 0 0 0 0 0 67 0 44 0 0 0 0 0 39 0 0 0 0 0 59 0 0 0 0 0 0 0 0 45 0 0 0 0 51 0 41 0 0 0 0 0 0 0 0 0 0 0 0 0 0 0 0 0 0 0 0 0 0 0 0 0 
0 0 6 0 0 0 0 107 0 135 0 0 0 0 94 0 41 0 0 0 0 0 0 0 0 0 0 0 0 124 0 0 0 0 0 0 0 0 0 0 0 0 0 0 0 0 0 0 0 0 0 98 0 0 0 0 0 0 0 0 0 123 0 110 100 0 73 0 65 0 0 0 0 0 0 0 0 0 0 0 0 0 0 106 0 0 0 0 0 0 0 0 0 0 27 130 0 0 0 0 
0 0 0 0 0 57 0 0 0 0 0 0 0 0 0 0 0 0 0 0 0 0 0 0 0 0 0 0 0 0 24 0 0 0 0 95 0 0 0 0 60 0 0 0 0 0 0 0 0 0 0 0 0 0 0 0 0 30 99 0 0 0 133 0 0 56 0 0 0 0 0 0 62 0 0 131 0 0 106 0 0 147 59 0 0 0 0 0 0 0 0 0 0 0 0 0 0 81 13 0 
118 0 0 85 0 0 0 0 0 0 0 0 0 0 0 0 0 0 0 0 0 0 0 0 0 0 0 0 0 0 131 0 0 148 0 0 0 0 0 0 0 0 0 0 0 0 0 0 0 0 0 0 144 0 22 0 0 0 0 0 0 0 0 0 0 18 108 0 0 0 0 0 0 0 0 0 56 0 0 0 0 0 0 0 0 133 0 0 0 0 0 0 0 0 0 0 0 0 0 0 
0 59 0 0 0 0 0 14 0 0 0 0 0 0 0 25 0 0 0 0 0 0 0 0 0 0 0 0 0 0 0 0 0 18 0 0 0 37 0 84 0 0 0 0 0 0 0 0 0 0 0 0 0 0 0 0 0 0 0 0 145 40 23 0 107 29 0 0 0 0 0 0 0 0 0 0 0 62 0 0 0 0 130 0 0 79 0 0 0 0 0 0 0 0 0 0 0 6 0 0 
0 0 0 0 0 102 0 0 0 0 134 0 92 0 0 0 17 0 0 109 0 0 0 0 0 0 0 0 0 53 0 0 0 0 0 0 0 0 0 0 0 0 0 0 0 0 0 0 0 6 0 0 0 0 0 0 0 0 0 0 0 0 0 0 0 0 0 0 0 0 0 0 0 0 122 0 137 0 94 0 0 0 0 121 0 65 0 0 0 0 0 0 0 0 0 0 0 0 0 0 
0 0 107 0 0 0 11 126 0 0 0 0 0 102 0 0 13 0 129 0 0 0 0 0 0 0 86 0 0 0 0 0 124 104 0 0 0 0 81 0 0 111 0 0 0 0 0 0 0 0 58 0 0 0 0 0 0 0 0 0 0 0 0 0 0 0 0 0 0 78 0 0 0 0 0 0 0 0 125 0 0 0 0 0 0 0 0 0 0 0 0 0 0 0 0 0 0 0 0 0 
0 0 0 0 0 0 0 0 0 0 0 7 0 0 0 0 0 0 0 0 0 0 0 0 0 86 0 0 0 0 0 0 0 0 0 0 0 0 0 0 126 0 0 0 0 0 0 0 0 0 0 0 0 0 0 8 0 0 0 0 0 0 0 0 0 0 0 0 115 48 0 0 0 0 0 15 0 0 0 0 0 0 92 0 0 0 18 32 0 0 0 0 0 0 0 0 0 0 0 58 
0 0 0 120 0 0 0 0 15 0 0 0 0 0 0 0 0 0 0 0 0 0 0 0 0 0 0 0 23 0 137 0 64 0 113 0 0 0 0 0 0 0 41 0 141 0 0 0 0 0 0 0 0 0 0 0 0 0 0 0 0 0 0 0 0 0 0 140 0 74 0 99 0 110 0 0 0 0 0 0 0 0 0 0 0 0 0 0 0 0 0 81 57 0 0 0 0 15 0 0 
0 0 23 0 0 0 0 0 0 9 0 0 0 0 0 0 0 0 0 0 0 0 0 0 0 0 0 23 0 130 0 0 0 0 0 0 0 0 0 0 76 100 0 59 0 0 0 0 0 0 0 0 0 0 0 0 0 0 0 0 0 0 0 0 0 0 0 0 0 110 0 0 0 0 0 0 0 0 104 0 34 0 0 39 143 0 0 0 138 0 0 0 0 0 0 36 0 37 0 0 
0 0 0 0 0 0 0 0 0 0 0 0 0 0 23 0 0 122 0 0 124 0 0 0 53 0 0 0 130 0 0 0 0 0 0 0 0 0 0 0 0 0 0 0 0 0 0 0 0 0 0 0 0 0 0 0 0 22 0 7 0 0 49 74 0 0 0 0 0 0 106 0 0 0 0 47 0 72 0 0 150 0 0 0 0 0 117 0 0 0 0 0 0 0 32 0 0 0 0 0 
117 0 0 0 0 0 0 0 0 0 0 13 0 0 0 0 0 0 0 0 0 24 131 0 0 0 0 137 0 0 0 0 0 0 0 0 0 0 0 0 0 120 0 0 0 0 0 0 0 0 0 0 0 0 0 0 0 0 0 0 0 0 0 0 0 0 0 0 0 134 0 0 0 34 0 0 0 0 0 0 0 0 0 0 0 0 0 0 23 0 47 0 0 0 51 0 0 0 0 0 
0 71 0 0 0 0 0 0 0 0 14 0 0 0 0 0 0 0 0 42 0 0 0 0 0 0 0 0 0 0 0 0 0 0 0 0 0 0 0 0 0 0 0 0 0 0 0 0 0 0 63 0 0 0 137 0 0 0 0 0 0 0 0 13 0 0 0 142 0 0 132 107 0 114 0 0 51 0 0 0 0 142 0 0 0 0 0 104 0 0 0 0 31 0 0 0 0 0 0 0 
146 0 0 0 0 0 0 0 125 0 0 0 0 0 0 121 0 0 0 0 0 0 0 0 0 124 0 64 0 0 0 0 0 0 0 0 0 0 0 0 68 38 112 0 0 0 0 0 0 0 132 0 0 95 0 0 0 0 0 0 0 0 108 0 0 0 0 0 0 0 0 0 113 0 0 0 0 0 0 66 0 0 0 0 0 49 0 0 0 109 0 0 0 0 0 0 0 0 0 0 
0 110 0 0 0 0 0 0 0 0 0 0 60 0 84 0 0 0 0 0 0 0 148 18 0 104 0 0 0 0 0 0 0 0 0 0 0 0 0 0 0 8 0 0 0 0 0 0 0 0 0 118 0 0 0 0 28 0 0 56 1 0 0 0 0 0 134 0 131 0 0 123 0 0 0 0 0 0 0 0 0 0 0 0 0 0 0 0 0 0 0 0 48 0 0 0 0 0 0 0 
93 0 0 0 0 0 0 0 0 118 120 0 0 0 0 0 70 0 0 0 0 0 0 0 0 0 0 113 0 0 0 0 0 0 0 0 0 0 0 0 0 0 0 0 0 0 124 0 0 0 0 0 0 0 0 0 0 0 89 0 0 0 9 0 0 0 0 0 0 0 137 0 0 0 0 0 0 0 0 0 8 0 0 0 109 56 0 0 0 0 0 0 64 0 0 0 137 0 0 144 
0 0 2 0 0 0 0 0 0 0 0 0 0 64 0 0 0 0 0 0 0 95 0 0 0 0 0 0 0 0 0 0 0 0 0 0 0 0 0 0 121 0 0 0 0 0 0 0 123 0 0 0 0 0 0 0 0 0 0 122 0 0 0 0 92 0 0 0 145 0 0 95 0 0 0 0 0 0 0 0 0 0 0 0 0 0 0 0 26 0 0 0 0 0 0 63 0 0 98 0 
0 0 137 0 19 0 0 0 0 0 0 0 0 0 0 0 0 0 0 0 0 0 0 0 0 0 0 0 0 0 0 0 0 0 0 0 0 0 0 0 0 0 0 0 0 0 0 0 0 0 0 39 38 0 0 126 0 0 0 0 0 119 0 0 0 0 0 51 0 0 0 0 0 0 0 0 84 0 0 0 0 0 0 0 0 0 0 0 0 134 83 0 1 40 0 8 65 0 0 23 
0 0 0 0 0 0 0 12 0 0 0 0 0 0 0 0 0 0 0 0 0 0 0 37 0 0 0 0 0 0 0 0 0 0 0 0 0 0 0 0 0 0 0 38 0 0 0 0 0 0 0 0 0 0 0 0 53 0 0 0 104 0 0 0 0 104 0 0 0 0 114 0 0 0 0 0 0 0 0 0 0 99 0 0 57 0 0 0 116 0 0 107 0 0 0 0 0 0 0 57 
0 0 0 0 0 0 0 0 0 0 0 7 30 0 0 0 5 0 0 0 0 0 0 0 0 81 0 0 0 0 0 0 0 0 0 0 0 0 0 0 0 0 0 64 85 0 0 23 28 0 0 0 0 81 0 0 0 66 0 0 0 0 0 0 0 0 94 0 0 0 0 0 0 92 0 0 0 0 0 0 0 22 0 0 0 0 0 0 0 0 32 0 0 0 0 0 0 60 0 0 
37 0 0 0 0 0 0 0 0 0 73 0 0 0 0 0 0 0 0 0 0 0 0 84 0 0 0 0 0 0 0 0 0 0 0 0 0 0 0 0 0 0 0 0 0 0 23 0 0 0 0 0 0 0 0 0 49 0 0 0 0 0 0 0 0 0 142 0 60 0 0 0 0 0 0 0 0 94 0 0 0 0 0 0 0 0 0 0 0 0 52 0 0 0 0 0 0 0 0 0 
0 0 0 0 0 0 0 0 0 0 0 0 0 0 0 0 0 142 0 0 0 60 0 0 0 0 126 0 76 0 0 0 68 0 0 121 0 0 0 0 0 0 0 0 0 0 0 0 0 0 0 0 0 0 0 0 0 0 0 0 0 0 40 0 0 0 0 0 0 131 122 0 0 0 0 0 0 0 110 0 0 0 43 0 0 0 0 0 0 0 0 0 0 97 0 0 0 0 0 0 
0 0 0 0 0 0 0 5 0 0 0 0 0 0 0 0 111 142 42 0 0 0 0 0 0 111 0 0 100 0 120 0 38 8 0 0 0 0 0 0 0 0 0 0 0 0 0 0 0 25 0 0 0 0 0 0 0 0 0 0 0 0 0 0 123 0 0 49 0 0 0 0 0 0 0 0 0 0 0 0 78 0 53 0 0 0 0 0 0 21 0 0 0 0 0 0 0 0 0 0 
0 0 0 0 0 0 0 0 95 0 0 0 0 0 0 0 0 0 0 0 0 0 0 0 0 0 0 41 0 0 0 0 112 0 0 0 0 0 0 0 0 0 0 0 144 0 0 0 0 47 0 0 0 0 0 0 0 0 0 0 0 80 0 0 0 113 0 0 0 0 0 0 0 0 0 0 0 0 0 0 63 0 0 0 148 150 127 0 0 0 0 0 0 0 0 0 0 0 0 0 
0 0 0 0 0 0 0 0 0 0 0 0 98 0 0 0 0 0 2 0 0 0 0 0 0 0 0 0 59 0 0 0 0 0 0 0 0 38 64 0 0 0 0 0 0 0 0 95 0 0 0 0 0 58 0 0 0 130 0 0 131 0 0 0 0 0 0 5 0 0 0 0 0 0 0 0 0 0 0 143 129 106 0 0 0 0 0 0 0 0 0 0 0 0 13 0 0 0 0 142 
0 0 0 0 0 0 0 0 0 0 0 116 66 0 0 0 0 0 0 67 0 0 0 0 0 0 0 141 0 0 0 0 0 0 0 0 0 0 85 0 0 0 144 0 0 0 0 0 0 0 0 0 0 127 0 0 0 0 30 0 0 0 0 0 0 0 0 0 0 0 75 0 0 0 0 0 0 149 135 0 0 0 0 12 0 0 22 0 148 0 0 0 45 0 0 0 0 0 0 0 
0 76 69 0 0 0 34 0 0 0 0 0 0 0 0 0 0 0 0 0 0 0 0 0 0 0 0 0 0 0 0 0 0 0 0 0 0 0 0 0 0 0 0 0 0 0 142 0 0 0 0 0 0 0 0 0 0 0 0 0 0 0 0 0 0 62 0 0 0 123 0 26 0 0 0 0 0 0 0 0 0 0 0 96 0 0 17 134 0 0 10 0 18 0 0 0 0 0 0 0 
0 0 0 0 0 0 0 0 0 0 0 0 0 0 0 0 0 0 1 44 0 0 0 0 0 0 0 0 0 0 0 0 0 0 124 0 0 0 0 23 0 0 0 0 0 142 0 0 0 0 0 0 0 0 0 0 0 0 0 0 0 0 0 0 0 0 0 110 0 0 142 0 0 0 54 0 0 140 24 0 0 0 0 99 0 0 0 0 0 0 4 0 0 0 0 0 0 0 0 0 
0 0 0 0 0 0 0 89 0 0 0 0 0 0 0 0 0 78 108 0 0 0 0 0 0 0 0 0 0 0 0 0 0 0 0 0 0 0 23 0 0 0 0 95 0 0 0 0 0 0 0 0 63 0 0 0 115 0 0 0 0 0 0 0 0 82 0 0 130 0 0 0 77 73 0 0 0 0 0 0 0 0 0 0 0 0 0 0 0 0 0 0 0 0 0 0 0 0 0 0 
0 0 0 0 0 0 0 0 0 0 0 0 0 98 0 0 0 0 0 0 0 0 0 0 0 0 0 0 0 0 0 0 0 0 0 123 0 0 28 0 0 0 0 0 0 0 0 0 0 0 142 0 0 0 0 0 0 0 0 21 0 46 0 0 0 0 0 0 0 0 0 54 0 0 0 0 0 0 0 0 0 0 0 0 0 0 0 0 0 0 0 0 0 0 48 0 0 0 0 0 
0 0 0 0 0 0 148 0 0 0 52 142 0 0 0 0 0 137 0 0 0 0 0 0 6 0 0 0 0 0 0 0 0 0 0 0 0 0 0 0 0 25 47 0 0 0 0 0 0 0 0 0 97 0 0 0 0 0 0 0 0 0 0 0 0 0 0 0 5 0 0 0 0 19 0 0 0 0 0 0 0 49 0 0 45 0 0 0 19 53 0 0 99 0 0 0 0 0 0 0 
0 0 0 0 0 0 0 0 0 0 0 0 0 0 0 0 0 0 62 0 0 0 0 0 0 58 0 0 0 0 0 63 132 0 0 0 0 0 0 0 0 0 0 0 0 0 0 0 142 0 0 0 0 0 0 0 0 0 20 0 0 0 0 131 0 0 0 0 0 0 0 0 0 118 53 0 0 0 124 146 0 94 0 0 76 0 0 0 0 0 0 0 0 0 0 0 0 0 6 0 
0 14 0 0 120 0 0 0 74 63 0 0 0 0 80 0 0 66 0 0 98 0 0 0 0 0 0 0 0 0 0 0 0 118 0 0 39 0 0 0 0 0 0 0 0 0 0 0 0 0 0 0 0 0 0 0 0 0 0 0 0 135 0 0 0 0 0 0 0 59 0 0 0 0 0 0 0 0 0 0 0 0 0 0 0 0 0 0 0 0 14 86 0 0 0 0 0 0 0 97 
0 0 0 0 0 0 0 0 145 0 0 13 0 0 0 0 2 0 81 39 0 0 144 0 0 0 0 0 0 0 0 0 0 0 0 0 38 0 0 0 0 0 0 0 0 0 0 63 0 97 0 0 0 0 0 0 0 0 0 0 11 0 0 0 0 0 0 0 0 18 135 0 0 0 0 0 0 0 0 0 0 0 0 0 0 61 0 0 0 0 0 0 0 0 0 0 0 88 0 126 
0 0 0 74 27 0 0 0 0 0 124 0 0 0 0 0 0 0 23 0 0 0 0 0 0 0 0 0 0 0 0 0 95 0 0 0 0 0 81 0 0 0 0 58 127 0 0 0 0 0 0 0 0 0 0 0 0 0 0 0 0 0 0 0 0 89 0 68 0 142 0 0 0 0 0 0 123 37 0 0 0 0 0 0 0 0 0 87 0 0 0 0 0 86 0 0 0 0 0 0 
0 0 0 143 0 0 0 0 0 56 117 0 0 0 0 0 0 0 35 0 0 0 22 0 0 0 0 0 0 0 0 137 0 0 0 0 0 0 0 0 0 0 0 0 0 0 0 0 0 0 0 0 0 0 0 0 0 0 0 0 121 0 0 69 0 0 0 0 145 0 0 98 0 0 0 0 0 0 0 0 0 0 0 0 0 0 0 0 0 0 0 140 35 0 42 26 97 0 0 0 
0 2 0 0 0 59 0 0 0 0 0 26 0 0 0 0 0 140 0 0 0 0 0 0 0 0 8 0 0 0 0 0 0 0 0 0 126 0 0 0 0 0 0 0 0 0 0 0 0 0 0 0 0 0 0 0 0 0 0 121 0 0 0 0 0 84 0 0 0 0 0 0 0 0 0 0 0 0 0 124 0 0 0 0 124 9 0 0 101 0 7 0 0 5 0 0 0 1 0 0 
0 0 0 141 0 0 0 0 0 0 0 0 0 0 0 0 137 0 0 0 0 0 0 0 0 0 0 0 0 0 0 0 0 28 0 0 0 53 0 49 0 0 0 0 0 0 0 115 0 0 0 0 0 0 0 0 0 0 0 0 78 0 0 0 0 0 0 0 0 2 0 3 0 0 0 0 0 25 0 0 0 0 0 0 67 0 0 0 0 0 0 0 0 0 0 0 0 0 0 0 
124 0 52 0 103 0 0 0 0 0 0 0 0 0 0 0 0 0 0 0 0 30 0 0 0 0 0 0 0 22 0 0 0 0 0 0 0 0 66 0 0 0 0 130 0 0 0 0 0 0 0 0 0 0 0 0 0 0 0 0 0 11 0 0 0 0 0 0 103 0 0 0 142 0 0 0 0 0 0 0 0 0 0 0 0 0 0 0 0 0 0 0 0 55 110 0 0 0 0 0 
0 0 0 0 0 0 0 0 0 0 0 0 0 0 0 0 0 0 0 59 0 99 0 0 0 0 0 0 0 0 0 0 0 0 89 0 0 0 0 0 0 0 0 0 30 0 0 0 0 0 20 0 0 0 0 0 0 0 0 0 0 0 0 0 0 0 0 0 0 0 0 0 132 0 0 0 0 0 0 0 23 0 0 0 0 0 0 0 0 0 0 0 0 0 0 0 0 0 0 0 
0 0 76 0 0 0 0 0 0 0 0 0 0 0 0 0 0 0 0 0 0 0 0 0 0 0 0 0 0 7 0 0 0 56 0 122 0 0 0 0 0 0 0 0 0 0 0 0 21 0 0 0 0 0 0 121 0 0 0 0 0 0 0 0 51 0 0 0 0 0 0 0 0 0 0 0 0 0 0 0 0 0 60 0 0 0 0 0 0 0 0 0 0 0 0 55 50 0 0 0 
4 0 0 0 0 0 0 0 0 0 0 0 0 29 0 85 0 0 0 0 0 0 0 145 0 0 0 0 0 0 0 0 0 1 0 0 0 104 0 0 0 0 0 131 0 0 0 0 0 0 0 0 11 0 121 0 78 0 0 0 0 0 0 0 108 0 0 0 0 0 0 0 0 0 102 0 0 0 0 68 0 17 0 0 0 0 0 0 0 0 0 0 0 0 0 0 0 0 0 0 
0 0 0 0 0 80 0 0 0 0 0 0 0 144 0 0 0 0 0 0 123 0 0 40 0 0 0 0 0 0 0 0 0 0 0 0 119 0 0 0 0 0 80 0 0 0 0 0 46 0 0 135 0 0 0 0 0 11 0 0 0 0 0 0 0 0 0 0 0 0 0 0 0 0 0 0 0 0 0 0 0 48 0 0 0 0 113 64 0 87 0 41 0 26 0 0 0 0 0 0 
0 0 79 0 0 0 0 24 18 125 144 0 0 80 0 0 0 0 45 0 0 133 0 23 0 0 0 0 0 49 0 0 108 0 9 0 0 0 0 0 40 0 0 0 0 0 0 0 0 0 0 0 0 0 0 0 0 0 0 0 0 0 0 0 0 0 0 0 0 0 0 0 138 0 0 0 0 0 0 0 0 0 0 0 0 0 0 0 0 0 0 134 0 0 0 0 0 0 0 0 
0 0 0 0 0 13 0 0 10 0 0 0 0 0 0 0 0 0 0 0 110 0 0 0 0 0 0 0 0 74 0 13 0 0 0 0 0 0 0 0 0 0 0 0 0 0 0 0 0 0 131 0 0 0 69 0 0 0 0 0 0 0 0 0 45 149 0 0 0 0 0 0 0 0 0 124 0 150 0 141 0 0 0 0 0 0 0 0 0 0 0 82 146 0 0 59 0 0 0 0 
0 0 0 0 0 0 0 4 0 0 0 0 0 0 0 0 0 0 0 0 100 0 0 107 0 0 0 0 0 0 0 0 0 0 0 92 0 0 0 0 0 123 0 0 0 0 0 0 0 0 0 0 0 0 0 0 0 0 0 51 108 0 0 45 0 0 0 0 0 0 0 0 0 0 0 0 0 0 80 0 0 0 0 0 0 147 27 0 0 0 0 0 0 0 0 0 0 0 0 0 
0 0 0 0 0 0 126 0 0 0 0 0 0 0 0 0 0 0 0 0 0 56 18 29 0 0 0 0 0 0 0 0 0 0 0 0 0 104 0 0 0 0 113 0 0 62 0 82 0 0 0 0 0 89 0 84 0 0 0 0 0 0 0 149 0 0 0 0 99 73 0 0 0 0 0 0 0 0 9 0 49 0 0 0 0 0 0 0 0 0 0 0 0 0 0 0 0 0 0 0 
89 0 0 0 0 149 0 0 0 0 0 108 0 147 0 0 0 0 0 0 73 0 108 0 0 0 0 0 0 0 0 0 0 134 0 0 0 0 94 142 0 0 0 0 0 0 0 0 0 0 0 0 0 0 0 0 0 0 0 0 0 0 0 0 0 0 0 0 0 0 128 0 0 0 0 0 0 0 0 0 0 0 110 4 0 133 0 0 0 0 0 0 0 73 0 0 0 0 0 0 
0 2 123 0 0 0 0 0 0 0 0 0 93 0 0 0 0 0 0 45 0 0 0 0 0 0 0 140 0 0 0 142 0 0 0 0 51 0 0 0 0 49 0 5 0 0 110 0 0 0 0 0 0 68 0 0 0 0 0 0 0 0 0 0 0 0 0 0 0 0 0 0 0 129 0 48 0 0 0 0 0 0 0 0 0 0 0 0 0 0 0 0 0 0 0 0 26 0 0 122 
0 0 0 0 0 0 0 0 124 0 0 0 113 0 0 29 22 0 0 0 65 0 0 0 0 0 115 0 0 0 0 0 0 131 0 145 0 0 0 60 0 0 0 0 0 0 0 130 0 5 0 0 0 0 145 0 0 103 0 0 0 0 0 0 0 99 0 0 0 0 0 0 0 0 0 0 0 0 0 0 0 0 0 0 0 0 0 139 0 0 0 0 0 0 0 0 0 0 0 0 
0 0 0 0 0 0 0 0 0 0 0 0 0 0 0 87 0 39 0 0 0 0 0 0 0 78 48 74 110 0 134 0 0 0 0 0 0 0 0 0 131 0 0 0 0 123 0 0 0 0 0 59 18 142 0 0 2 0 0 0 0 0 0 0 0 73 0 0 0 0 0 0 0 0 0 0 0 0 0 0 0 0 0 0 0 0 0 66 0 0 0 0 0 0 0 0 0 0 0 0 
0 0 0 0 0 121 0 110 0 0 0 0 0 0 0 0 0 0 0 0 0 0 0 0 0 0 0 0 0 106 0 132 0 0 137 0 0 114 0 0 122 0 0 0 75 0 142 0 0 0 0 0 135 0 0 0 0 0 0 0 0 0 0 0 0 0 128 0 0 0 0 0 0 130 0 0 0 0 0 0 0 0 0 0 0 0 0 0 0 0 122 111 0 0 109 0 0 0 0 0 
0 0 0 0 0 0 68 0 0 0 0 150 0 0 0 0 0 0 0 0 0 0 0 0 0 0 0 99 0 0 0 107 0 123 0 95 0 0 0 0 0 0 0 0 0 26 0 0 54 0 0 0 0 0 98 0 3 0 0 0 0 0 0 0 0 0 0 0 0 0 0 0 0 132 0 0 0 0 0 0 0 0 0 111 0 0 0 0 0 0 4 0 0 0 39 0 0 0 0 22 
0 0 0 27 0 0 0 0 0 0 0 0 0 0 0 0 0 0 0 51 0 62 0 0 0 0 0 0 0 0 0 0 113 0 0 0 0 0 0 0 0 0 0 0 0 0 0 77 0 0 0 0 0 0 0 0 0 142 132 0 0 0 138 0 0 0 0 0 0 0 0 0 0 132 0 0 0 0 0 0 0 0 0 147 45 38 0 0 0 0 0 0 0 0 0 0 33 0 73 0 
0 0 0 0 0 0 0 0 0 0 0 0 0 0 0 0 0 0 0 0 0 0 0 0 0 0 0 110 0 0 34 114 0 0 0 0 0 0 92 0 0 0 0 0 0 0 0 73 0 19 118 0 0 0 0 0 0 0 0 0 0 0 0 0 0 0 0 129 0 0 130 132 132 0 98 0 134 0 0 0 0 0 0 0 0 0 0 0 0 0 0 0 0 0 0 0 88 139 0 0 
11 89 0 0 0 0 0 0 0 122 0 0 0 0 79 0 0 0 0 41 0 0 0 0 122 0 0 0 0 0 0 0 0 0 0 0 0 0 0 0 0 0 0 0 0 0 54 0 0 0 53 0 0 0 0 0 0 0 0 0 102 0 0 0 0 0 0 0 0 0 0 0 0 98 0 0 0 0 0 38 0 0 0 0 0 0 0 0 95 109 0 0 0 0 0 0 0 88 0 0 
0 0 133 0 0 0 88 0 0 0 0 0 0 0 0 0 0 0 0 0 0 131 0 0 0 0 15 0 0 47 0 0 0 0 0 0 0 0 0 0 0 0 0 0 0 0 0 0 0 0 0 0 0 0 0 0 0 0 0 0 0 0 0 124 0 0 0 48 0 0 0 0 0 0 0 0 0 0 0 0 0 0 89 0 0 0 0 0 0 0 1 0 0 0 0 0 0 0 0 0 
0 0 0 0 0 0 0 0 0 0 0 51 0 0 83 0 0 108 0 0 0 0 56 0 137 0 0 0 0 0 0 51 0 0 0 0 84 0 0 0 0 0 0 0 0 0 0 0 0 0 0 0 0 123 0 0 0 0 0 0 0 0 0 0 0 0 0 0 0 0 0 0 0 134 0 0 0 0 0 49 0 0 0 0 0 0 0 0 0 0 0 0 0 103 78 32 92 43 0 0 
0 54 0 0 0 0 0 20 0 0 0 0 0 0 0 0 0 0 0 0 0 0 0 62 0 0 0 0 0 72 0 0 0 0 0 0 0 0 0 94 0 0 0 0 149 0 140 0 0 0 0 0 0 37 0 0 25 0 0 0 0 0 0 150 0 0 0 0 0 0 0 0 0 0 0 0 0 0 0 0 0 0 0 0 0 0 0 0 0 133 0 0 88 0 0 0 0 0 0 0 
0 0 0 0 0 0 0 0 0 0 0 0 0 0 0 0 0 0 0 0 0 106 0 0 94 125 0 0 104 0 0 0 0 0 0 0 0 0 0 0 110 0 0 0 135 0 24 0 0 0 124 0 0 0 0 0 0 0 0 0 0 0 0 0 80 9 0 0 0 0 0 0 0 0 0 0 0 0 0 0 138 0 0 0 0 0 0 0 0 0 0 0 137 0 0 0 3 65 0 55 
0 0 0 56 0 0 92 0 52 0 0 52 0 0 67 0 43 0 41 0 0 0 0 0 0 0 0 0 0 0 0 0 66 0 0 0 0 0 0 0 0 0 0 143 0 0 0 0 0 0 146 0 0 0 0 124 0 0 0 0 68 0 0 141 0 0 0 0 0 0 0 0 0 0 38 0 49 0 0 0 0 0 0 0 0 0 0 0 0 0 0 0 0 0 0 0 0 0 0 0 
109 0 0 0 0 0 0 0 37 86 141 0 0 0 0 0 0 0 0 0 0 0 0 0 0 0 0 0 34 150 0 0 0 0 8 0 0 0 0 0 0 78 63 129 0 0 0 0 0 0 0 0 0 0 0 0 0 0 23 0 0 0 0 0 0 49 0 0 0 0 0 0 0 0 0 0 0 0 138 0 0 34 0 0 0 0 0 0 0 0 8 0 0 0 0 0 0 0 0 0 
0 0 0 0 0 0 0 0 78 0 0 0 0 5 0 0 0 0 0 0 0 147 0 0 0 0 0 0 0 0 0 142 0 0 0 0 0 99 22 0 0 0 0 106 0 0 0 0 0 49 94 0 0 0 0 0 0 0 0 0 17 48 0 0 0 0 0 0 0 0 0 0 0 0 0 0 0 0 0 0 34 0 0 0 0 100 0 0 0 0 0 125 0 0 0 0 10 0 0 0 
0 0 0 0 0 0 0 0 0 0 0 0 0 0 145 0 0 0 0 0 0 59 0 130 0 0 92 0 0 0 0 0 0 0 0 0 0 0 0 0 43 53 0 0 0 0 0 0 0 0 0 0 0 0 0 0 0 0 0 60 0 0 0 0 0 0 110 0 0 0 0 0 0 0 0 89 0 0 0 0 0 0 0 150 0 0 0 0 0 0 0 0 0 0 0 0 0 0 121 0 
0 0 0 0 0 0 0 0 0 0 0 0 0 0 0 0 58 139 0 0 106 0 0 0 121 0 0 0 39 0 0 0 0 0 0 0 0 0 0 0 0 0 0 0 12 96 99 0 0 0 0 0 0 0 0 0 0 0 0 0 0 0 0 0 0 0 4 0 0 0 0 111 147 0 0 0 0 0 0 0 0 0 150 0 0 0 0 0 0 0 0 0 0 0 0 0 0 0 0 0 
2 0 0 102 0 0 5 75 0 0 0 0 0 0 0 0 0 0 0 0 0 0 0 0 0 0 0 0 143 0 0 0 0 0 109 0 0 57 0 0 0 0 148 0 0 0 0 0 0 45 76 0 0 0 0 124 67 0 0 0 0 0 0 0 0 0 0 0 0 0 0 0 45 0 0 0 0 0 0 0 0 0 0 0 0 0 0 0 0 0 0 0 0 92 0 0 0 0 0 0 
0 0 0 0 0 0 69 0 0 0 0 0 0 0 0 0 0 0 0 0 0 0 133 79 65 0 0 0 0 0 0 0 49 0 56 0 0 0 0 0 0 0 150 0 0 0 0 0 0 0 0 0 61 0 0 9 0 0 0 0 0 0 0 0 147 0 133 0 0 0 0 0 38 0 0 0 0 0 0 0 0 100 0 0 0 0 0 0 0 0 0 0 0 0 0 0 0 0 0 0 
0 0 0 0 0 0 0 0 0 0 0 31 0 0 0 0 0 0 0 0 0 0 0 0 0 0 18 0 0 117 0 0 0 0 0 0 0 0 0 0 0 0 127 0 22 17 0 0 0 0 0 0 0 0 0 0 0 0 0 0 0 113 0 0 27 0 0 0 0 0 0 0 0 0 0 0 0 0 0 0 0 0 0 0 0 0 0 0 0 103 0 0 0 138 0 0 0 0 0 0 
0 0 0 15 0 0 100 0 56 0 0 0 66 0 0 0 0 46 0 0 0 0 0 0 0 0 32 0 0 0 0 104 0 0 0 0 0 0 0 0 0 0 0 0 0 134 0 0 0 0 0 0 0 87 0 0 0 0 0 0 0 64 0 0 0 0 0 0 139 66 0 0 0 0 0 0 0 0 0 0 0 0 0 0 0 0 0 0 0 0 0 0 0 0 0 105 38 0 0 150 
0 30 0 0 0 0 0 0 0 0 0 0 0 0 0 0 0 67 78 0 0 0 0 0 0 0 0 0 138 0 23 0 0 0 0 26 0 116 0 0 0 0 0 0 148 0 0 0 0 19 0 0 0 0 0 101 0 0 0 0 0 0 0 0 0 0 0 0 0 0 0 0 0 0 95 0 0 0 0 0 0 0 0 0 0 0 0 0 0 0 0 0 0 0 14 0 0 0 0 12 
0 0 118 0 0 18 74 0 0 0 107 0 0 106 0 0 0 72 0 0 0 0 0 0 0 0 0 0 0 0 0 0 109 0 0 0 134 0 0 0 0 21 0 0 0 0 0 0 0 53 0 0 0 0 0 0 0 0 0 0 0 87 0 0 0 0 0 0 0 0 0 0 0 0 109 0 0 133 0 0 0 0 0 0 0 0 103 0 0 0 0 0 73 0 0 0 0 0 0 0 
0 0 0 0 0 0 0 0 0 118 0 0 0 42 0 0 0 0 0 0 0 0 0 0 0 0 0 0 0 0 47 0 0 0 0 0 83 0 32 52 0 0 0 0 0 10 4 0 0 0 0 14 0 0 0 7 0 0 0 0 0 0 0 0 0 0 0 0 0 0 122 4 0 0 0 1 0 0 0 0 8 0 0 0 0 0 0 0 0 0 0 123 0 0 0 0 0 0 0 0 
88 0 0 0 0 0 0 0 0 111 79 0 0 45 0 0 0 0 0 0 0 0 0 0 0 0 0 81 0 0 0 0 0 0 0 0 0 107 0 0 0 0 0 0 0 0 0 0 0 0 0 86 0 0 140 0 0 0 0 0 0 41 134 82 0 0 0 0 0 0 111 0 0 0 0 0 0 0 0 0 0 125 0 0 0 0 0 0 0 0 123 0 0 0 33 0 0 0 0 0 
0 0 130 0 0 0 0 0 0 0 0 0 0 0 0 0 0 0 0 0 0 0 0 0 0 0 0 57 0 0 0 31 0 48 64 0 1 0 0 0 0 0 0 0 45 18 0 0 0 99 0 0 0 0 35 0 0 0 0 0 0 0 0 146 0 0 0 0 0 0 0 0 0 0 0 0 0 88 137 0 0 0 0 0 0 0 0 0 0 73 0 0 0 16 0 0 0 0 0 0 
0 0 0 0 0 0 0 138 0 0 60 0 0 0 0 53 0 0 0 0 0 0 0 0 0 0 0 0 0 0 0 0 0 0 0 0 40 0 0 0 97 0 0 0 0 0 0 0 0 0 0 0 0 86 0 5 0 55 0 0 0 26 0 0 0 0 73 0 0 0 0 0 0 0 0 0 103 0 0 0 0 0 0 0 92 0 138 0 0 0 0 0 16 0 0 0 0 0 0 0 
0 0 0 0 0 0 80 46 0 0 0 0 0 0 0 0 0 0 0 0 27 0 0 0 0 0 0 0 0 32 51 0 0 0 0 0 0 0 0 0 0 0 0 13 0 0 0 0 48 0 0 0 0 0 42 0 0 110 0 0 0 0 0 0 0 0 0 0 0 0 109 39 0 0 0 0 78 0 0 0 0 0 0 0 0 0 0 0 14 0 0 33 0 0 0 0 82 0 0 0 
0 0 0 0 0 0 0 0 0 92 0 0 0 41 0 86 0 73 0 0 130 0 0 0 0 0 0 0 36 0 0 0 0 0 0 63 8 0 0 0 0 0 0 0 0 0 0 0 0 0 0 0 0 0 26 0 0 0 0 55 0 0 0 59 0 0 0 0 0 0 0 0 0 0 0 0 32 0 0 0 0 0 0 0 0 0 0 105 0 0 0 0 0 0 0 0 0 0 15 0 
0 0 0 0 0 145 0 0 0 105 0 0 0 0 0 0 6 0 0 0 0 0 0 0 0 0 0 0 0 0 0 0 0 0 137 0 65 0 0 0 0 0 0 0 0 0 0 0 0 0 0 0 0 0 97 0 0 0 0 50 0 0 0 0 0 0 0 26 0 0 0 0 33 88 0 0 92 0 3 0 0 10 0 0 0 0 0 38 0 0 0 0 0 0 82 0 0 0 0 0 
0 119 0 0 0 0 0 0 0 0 0 18 92 0 0 0 0 0 0 0 0 81 0 6 0 0 0 15 37 0 0 0 0 0 0 0 0 0 60 0 0 0 0 0 0 0 0 0 0 0 0 0 88 0 0 1 0 0 0 0 0 0 0 0 0 0 0 0 0 0 0 0 0 139 88 0 43 0 65 0 0 0 0 0 0 0 0 0 0 0 0 0 0 0 0 0 0 0 0 0 
0 0 0 0 0 0 0 0 0 0 0 35 0 0 0 0 0 0 0 0 0 13 0 0 0 0 0 0 0 0 0 0 0 0 0 98 0 0 0 0 0 0 0 0 0 0 0 0 0 0 6 0 0 0 0 0 0 0 0 0 0 0 0 0 0 0 0 0 0 0 0 0 73 0 0 0 0 0 0 0 0 0 121 0 0 0 0 0 0 0 0 0 0 0 0 15 0 0 0 0 
0 0 0 0 0 0 0 0 102 0 0 0 0 0 115 133 0 0 0 0 0 0 0 0 0 0 58 0 0 0 0 0 0 0 144 0 23 57 0 0 0 0 0 142 0 0 0 0 0 0 0 97 126 0 0 0 0 0 0 0 0 0 0 0 0 0 0 122 0 0 0 22 0 0 0 0 0 0 55 0 0 0 0 0 0 0 0 150 12 0 0 0 0 0 0 0 0 0 0 0 
