0 0 0 0 0 25 0 0 0 0 0 0 0 0 0 0 30 0 0 0 0 0 0 3 0 0 0 0 0 0 0 0 0 0 0 0 0 0 0 0 0 0 0 0 0 52 0 0 0 0 0 0 0 0 0 0 0 0 0 28 0 0 0 21 0 0 0 0 0 0 0 82 0 0 0 0 0 0 0 0 0 0 0 0 0 84 29 0 0 0 0 0 0 0 0 0 0 0 0 0 
0 0 0 0 66 0 0 0 0 0 0 39 0 0 0 0 0 0 63 68 0 0 0 99 0 0 0 0 0 86 0 0 68 0 0 0 0 0 0 0 0 0 0 0 0 0 82 0 0 0 34 0 0 0 0 0 0 0 0 0 0 0 0 0 0 0 0 0 0 0 71 0 27 85 0 0 0 0 0 0 0 0 0 0 0 0 0 0 0 9 65 91 0 0 0 0 0 0 0 0 
0 0 0 0 0 0 0 0 71 0 0 0 0 0 0 0 0 0 0 0 35 0 0 0 0 0 0 0 0 0 0 12 0 0 10 54 0 95 0 82 0 0 88 0 0 0 53 0 0 0 0 0 0 0 0 0 0 0 0 0 0 0 0 0 98 67 0 0 0 0 0 0 0 0 0 0 33 95 0 0 47 0 0 0 0 0 0 82 0 0 0 0 0 0 0 0 0 0 0 0 
0 0 0 0 0 0 0 0 0 86 23 0 0 0 0 59 0 0 0 0 0 0 0 0 0 0 0 0 0 0 0 0 0 0 41 0 0 0 0 0 0 0 0 0 0 0 0 0 0 0 0 0 0 0 0 0 0 2 0 20 35 0 0 0 0 0 0 0 0 0 0 0 0 0 0 0 0 0 67 94 7 0 100 0 0 0 0 65 0 0 0 0 1 0 73 0 0 70 0 0 
0 66 0 0 0 53 32 0 0 0 0 0 0 0 0 0 0 0 0 0 0 0 0 0 0 0 0 0 53 0 0 0 0 0 0 0 0 0 0 0 0 0 0 0 0 0 0 20 0 0 93 0 0 1 0 47 0 0 0 0 0 0 0 99 0 0 0 0 0 0 0 0 0 0 0 0 0 0 0 69 0 0 0 5 0 0 0 0 0 0 0 57 0 0 0 0 0 38 0 10 
25 0 0 0 53 0 71 0 0 0 0 0 0 0 0 0 0 15 36 0 0 0 0 0 0 0 0 0 0 0 26 0 0 0 0 76 0 47 0 0 0 0 0 0 0 0 0 0 0 0 0 0 0 0 0 0 0 0 0 0 0 0 0 0 0 0 0 72 0 0 76 0 0 0 0 21 65 0 0 0 88 0 0 0 0 0 0 0 63 0 0 0 0 0 0 89 0 0 0 0 
0 0 0 0 32 71 0 0 0 0 0 0 0 0 0 0 0 0 0 0 0 0 0 0 0 0 0 70 0 0 0 0 69 0 0 0 0 0 65 0 0 0 0 0 0 58 0 0 0 0 0 0 19 0 0 31 0 0 0 28 0 0 0 0 0 0 43 0 0 0 0 0 0 0 0 0 0 0 45 0 75 0 0 93 0 0 0 0 56 43 0 0 0 0 0 0 0 0 0 0 
0 0 0 0 0 0 0 0 0 0 0 0 0 0 0 0 0 0 0 0 0 68 0 0 0 0 0 0 0 0 0 0 0 0 0 0 0 0 0 0 19 48 0 0 0 0 0 0 0 24 0 0 0 0 74 0 0 0 0 0 0 0 98 0 0 0 0 81 0 0 0 0 100 0 0 0 0 0 0 38 0 77 60 0 0 0 0 0 94 0 0 0 0 0 0 5 0 0 0 0 
0 0 71 0 0 0 0 0 0 0 10 0 20 0 0 0 0 0 0 0 0 0 1 0 0 0 0 51 0 0 0 0 0 0 0 0 0 0 0 0 0 0 0 0 0 0 0 0 7 0 38 0 0 84 0 0 0 0 0 0 0 0 0 0 0 0 0 0 69 95 0 46 55 0 0 0 0 0 0 0 28 0 0 0 74 0 0 0 0 0 0 0 0 0 0 0 92 0 0 0 
0 0 0 86 0 0 0 0 0 0 0 0 0 0 0 0 0 0 0 53 0 0 0 0 0 0 0 0 0 0 6 0 0 0 0 0 0 0 0 4 0 0 0 0 0 0 0 19 0 0 0 0 0 0 77 0 0 85 0 92 33 0 0 0 0 0 0 0 0 0 0 35 35 0 0 0 0 0 0 0 0 0 0 0 0 0 0 0 0 0 4 0 0 0 0 0 53 0 0 0 
0 0 0 23 0 0 0 0 10 0 0 70 81 0 0 0 1 0 0 0 0 0 0 0 0 65 0 0 30 0 0 0 0 0 0 0 0 0 0 0 0 0 0 0 0 0 0 0 0 0 0 0 0 0 0 0 0 0 0 0 0 0 0 4 0 0 0 0 0 0 0 47 88 99 0 0 0 0 0 0 0 29 0 0 0 0 17 51 0 0 0 0 0 0 74 0 0 0 0 0 
0 39 0 0 0 0 0 0 0 0 70 0 0 0 0 0 0 0 0 0 81 72 0 0 0 0 79 56 0 0 0 0 0 31 0 0 0 0 25 0 0 0 0 0 0 0 0 0 0 0 0 0 0 0 0 77 15 0 69 0 0 0 0 0 90 0 0 0 0 0 0 0 0 0 0 0 0 0 0 0 0 0 0 0 0 0 0 0 0 41 0 0 0 68 0 0 0 0 0 84 
0 0 0 0 0 0 0 0 20 0 81 0 0 0 0 0 0 36 0 0 0 0 0 0 0 0 0 0 0 0 0 0 0 0 0 0 0 0 56 0 0 0 0 0 0 0 0 32 0 0 19 0 0 0 0 0 0 0 0 0 0 0 0 0 0 0 0 9 0 0 0 0 0 0 0 0 0 0 0 0 0 0 0 0 0 0 0 0 0 0 0 10 0 0 0 0 0 0 58 0 
0 0 0 0 0 0 0 0 0 0 0 0 0 0 0 0 0 0 0 0 0 0 0 0 0 0 0 0 0 0 0 49 78 0 0 0 0 0 0 0 0 0 37 0 67 0 0 0 0 0 0 0 0 0 0 0 10 0 92 0 0 0 0 0 0 0 0 0 0 0 0 0 0 0 0 0 87 0 0 0 83 0 0 0 0 0 76 0 12 76 0 0 0 96 0 96 11 0 0 36 
0 0 0 0 0 0 0 0 0 0 0 0 0 0 0 0 0 0 0 11 0 0 0 0 0 0 0 78 0 0 0 0 0 0 0 30 0 0 80 0 0 0 0 0 0 0 0 0 0 77 0 0 64 0 0 0 20 0 0 0 0 0 0 0 0 0 0 0 0 0 0 0 0 0 0 0 0 0 0 0 0 0 0 0 0 0 0 0 0 0 0 0 0 0 0 0 7 0 0 0 
0 0 0 59 0 0 0 0 0 0 0 0 0 0 0 0 0 0 0 76 0 0 74 0 18 1 0 0 0 0 0 69 0 0 0 0 0 0 0 0 0 15 85 0 0 0 0 0 0 0 0 0 0 0 0 54 0 0 74 27 0 64 0 0 0 0 0 83 0 0 0 0 0 0 0 0 0 0 0 99 0 0 23 0 0 0 0 0 0 0 0 0 0 0 0 0 0 0 0 0 
30 0 0 0 0 0 0 0 0 0 1 0 0 0 0 0 0 0 0 0 0 0 0 0 0 0 0 72 0 0 0 0 0 0 0 0 0 0 0 0 0 0 0 0 0 0 0 0 7 0 71 0 0 0 19 0 0 47 66 0 0 0 0 0 0 0 0 0 99 0 19 0 0 0 0 0 0 0 76 0 0 0 0 0 0 68 0 47 0 0 0 0 0 75 0 0 85 0 0 0 
0 0 0 0 0 15 0 0 0 0 0 0 36 0 0 0 0 0 0 0 0 0 0 0 0 0 0 0 0 0 0 0 0 0 0 0 0 0 0 0 0 0 0 0 0 0 0 0 68 0 0 17 0 0 0 0 0 0 0 0 0 65 0 26 73 0 0 0 0 0 0 0 0 0 60 25 0 0 0 0 0 20 0 0 0 0 0 0 0 62 89 0 0 0 0 0 0 0 0 0 
0 63 0 0 0 36 0 0 0 0 0 0 0 0 0 0 0 0 0 0 0 0 0 0 0 0 0 0 0 38 0 0 0 0 0 0 0 0 0 67 0 0 0 0 7 0 0 0 0 10 0 4 0 0 0 0 0 0 0 0 0 0 21 0 0 0 0 0 0 95 0 0 0 0 0 0 0 0 85 42 9 0 0 0 0 0 100 0 0 0 0 0 0 25 0 0 0 0 0 79 
0 68 0 0 0 0 0 0 0 53 0 0 0 0 11 76 0 0 0 0 0 0 22 0 18 0 0 0 61 100 0 10 0 0 0 0 0 0 0 0 0 0 0 0 0 0 0 0 91 0 0 0 0 1 0 0 0 0 0 0 0 15 0 0 0 0 100 0 0 0 0 0 0 0 0 0 54 0 0 43 0 0 0 0 0 0 0 0 0 0 0 0 0 0 0 0 0 0 0 0 
0 0 35 0 0 0 0 0 0 0 0 81 0 0 0 0 0 0 0 0 0 0 0 65 0 0 0 0 0 0 0 0 98 0 0 0 66 0 0 0 0 0 0 96 0 0 0 0 0 0 0 0 0 69 0 82 0 0 0 9 0 0 0 0 0 0 0 0 0 0 0 17 0 0 0 0 44 0 0 83 0 0 0 0 0 0 0 0 59 0 0 0 0 0 45 0 0 0 0 0 
0 0 0 0 0 0 0 68 0 0 0 72 0 0 0 0 0 0 0 0 0 0 38 0 0 0 79 0 0 0 54 0 0 0 16 0 0 0 0 71 0 0 0 0 0 0 0 0 0 0 5 0 0 0 0 34 0 0 0 0 0 0 0 0 0 0 0 0 0 0 0 0 0 0 0 0 0 0 0 0 0 24 72 0 14 0 0 0 0 0 0 31 0 0 61 0 0 61 0 0 
0 0 0 0 0 0 0 0 1 0 0 0 0 0 0 74 0 0 0 22 0 38 0 14 0 0 0 0 0 0 0 0 0 0 0 0 0 0 4 0 0 74 0 47 0 0 0 0 0 0 0 0 0 0 0 0 0 89 0 0 0 0 0 0 0 0 0 0 0 0 0 0 0 0 55 0 0 0 0 0 25 96 0 0 67 0 0 0 0 0 0 0 0 0 0 86 0 86 0 0 
3 99 0 0 0 0 0 0 0 0 0 0 0 0 0 0 0 0 0 0 65 0 14 0 0 0 0 0 0 50 0 0 0 0 0 0 0 0 0 0 0 97 0 0 0 0 0 39 0 0 0 0 0 0 0 0 0 0 0 0 0 0 0 33 87 0 0 0 0 0 55 60 0 0 0 30 0 0 0 0 0 0 0 0 0 80 0 0 0 0 0 0 0 0 0 0 0 0 0 0 
0 0 0 0 0 0 0 0 0 0 0 0 0 0 0 18 0 0 0 18 0 0 0 0 0 0 0 0 18 56 0 0 0 99 0 0 5 0 0 0 34 61 0 92 11 0 79 0 0 0 0 0 55 0 0 0 0 0 0 0 0 0 0 0 0 0 0 34 0 0 0 0 0 0 0 18 0 0 0 0 0 0 0 0 0 0 0 49 0 0 0 0 0 0 0 0 0 0 0 0 
0 0 0 0 0 0 0 0 0 0 65 0 0 0 0 1 0 0 0 0 0 0 0 0 0 0 0 0 0 80 0 29 0 52 0 0 0 80 0 0 24 0 13 0 0 0 0 0 0 0 0 0 0 0 0 0 0 0 11 0 0 0 0 0 0 0 0 0 0 73 0 0 0 0 0 0 0 0 0 0 0 0 0 0 30 58 0 0 0 0 0 29 0 0 0 0 16 0 0 0 
0 0 0 0 0 0 0 0 0 0 0 79 0 0 0 0 0 0 0 0 0 79 0 0 0 0 0 0 12 52 0 0 0 0 0 0 0 0 0 0 0 0 0 0 0 0 0 0 0 63 0 0 0 0 0 0 0 0 0 0 0 0 0 0 0 0 0 0 0 0 0 0 0 0 0 58 0 0 27 0 42 0 0 0 0 0 80 0 0 0 0 0 0 0 79 28 41 0 0 0 
0 0 0 0 0 0 70 0 51 0 0 56 0 0 78 0 72 0 0 0 0 0 0 0 0 0 0 0 0 0 0 0 0 0 0 0 0 0 0 63 0 0 0 52 0 0 0 0 0 0 0 0 0 0 0 0 0 0 0 0 0 0 0 0 0 69 13 0 0 0 0 1 0 0 0 0 0 8 0 0 0 0 0 0 0 0 0 0 0 0 0 55 0 0 0 32 0 0 0 0 
0 0 0 0 53 0 0 0 0 0 30 0 0 0 0 0 0 0 0 61 0 0 0 0 18 0 12 0 0 0 0 0 0 0 0 0 0 0 0 0 49 0 88 0 0 3 0 0 43 47 0 0 0 0 0 0 0 0 0 0 0 0 0 0 0 0 0 0 0 0 0 0 80 0 0 0 0 0 0 0 0 0 0 0 41 0 0 0 0 0 46 0 0 0 0 0 0 0 0 0 
0 86 0 0 0 0 0 0 0 0 0 0 0 0 0 0 0 0 38 100 0 0 0 50 56 80 52 0 0 0 8 0 0 0 0 0 0 0 0 0 0 0 74 12 0 0 0 0 0 0 0 0 0 0 0 0 0 0 0 0 0 0 10 0 0 39 0 0 0 0 0 0 0 0 84 0 0 0 0 0 0 0 0 0 77 0 0 0 0 0 0 0 0 0 0 0 0 0 28 0 
0 0 0 0 0 26 0 0 0 6 0 0 0 0 0 0 0 0 0 0 0 54 0 0 0 0 0 0 0 8 0 98 0 0 0 0 0 0 0 0 0 0 18 0 0 0 0 0 48 0 0 0 0 0 0 2 0 0 0 0 0 0 0 0 0 0 0 0 0 30 4 27 0 0 0 0 8 0 0 0 0 0 0 0 23 0 0 0 0 53 0 0 0 0 0 0 0 52 0 0 
0 0 12 0 0 0 0 0 0 0 0 0 0 49 0 69 0 0 0 10 0 0 0 0 0 29 0 0 0 0 98 0 0 0 0 0 0 0 0 0 0 79 0 0 0 0 0 0 0 0 0 0 0 0 0 0 0 0 0 0 0 0 0 0 0 0 0 0 0 0 24 0 0 0 0 0 0 0 0 0 0 18 0 0 0 0 0 0 0 50 0 0 0 0 0 0 0 0 0 0 
0 68 0 0 0 0 69 0 0 0 0 0 0 78 0 0 0 0 0 0 98 0 0 0 0 0 0 0 0 0 0 0 0 0 0 0 0 0 0 0 0 0 0 51 0 0 83 0 46 0 0 0 0 0 0 0 0 34 0 0 0 0 0 88 0 0 0 0 0 0 0 0 73 0 0 0 0 0 0 0 0 0 0 0 0 0 0 0 0 0 0 19 0 55 0 95 0 98 0 0 
0 0 0 0 0 0 0 0 0 0 0 31 0 0 0 0 0 0 0 0 0 0 0 0 99 52 0 0 0 0 0 0 0 0 0 0 0 0 0 0 0 0 0 79 0 0 0 57 0 0 0 0 78 0 0 0 0 0 96 0 0 0 0 0 18 0 0 0 0 0 0 0 0 0 0 0 0 0 0 85 0 0 48 0 0 64 0 0 0 2 0 0 0 0 0 0 65 0 44 0 
0 0 10 41 0 0 0 0 0 0 0 0 0 0 0 0 0 0 0 0 0 16 0 0 0 0 0 0 0 0 0 0 0 0 0 0 0 0 0 0 0 0 0 0 0 0 0 0 0 0 0 0 39 0 10 0 25 0 0 0 0 0 36 0 0 0 19 0 0 0 0 31 0 0 0 0 15 0 0 0 0 0 0 0 0 42 0 81 0 0 0 0 0 0 0 0 0 0 95 0 
0 0 54 0 0 76 0 0 0 0 0 0 0 0 30 0 0 0 0 0 0 0 0 0 0 0 0 0 0 0 0 0 0 0 0 0 0 0 0 0 0 0 0 89 0 0 0 0 0 0 0 0 0 0 4 0 0 0 0 0 0 0 0 0 0 57 0 0 0 0 0 0 0 0 0 0 0 0 0 81 0 0 0 0 31 0 47 0 0 0 41 0 0 0 0 0 0 0 0 0 
0 0 0 0 0 0 0 0 0 0 0 0 0 0 0 0 0 0 0 0 66 0 0 0 5 0 0 0 0 0 0 0 0 0 0 0 0 0 20 61 3 0 0 0 0 0 0 0 0 30 0 0 84 0 0 0 99 0 0 0 0 0 0 0 0 0 71 0 0 0 0 0 0 11 0 0 0 92 0 0 0 0 0 0 0 0 0 0 0 31 98 0 0 0 0 0 0 0 40 0 
0 0 95 0 0 47 0 0 0 0 0 0 0 0 0 0 0 0 0 0 0 0 0 0 0 80 0 0 0 0 0 0 0 0 0 0 0 0 0 0 0 0 0 0 0 0 0 0 78 0 53 84 86 0 0 0 0 0 27 0 60 0 0 0 31 0 0 13 0 0 61 0 0 0 0 0 0 0 0 0 0 0 0 0 0 0 0 0 0 0 0 0 0 0 21 0 0 0 0 0 
0 0 0 0 0 0 65 0 0 0 0 25 56 0 80 0 0 0 0 0 0 0 4 0 0 0 0 0 0 0 0 0 0 0 0 0 20 0 0 0 0 0 0 0 0 0 0 0 0 0 0 0 0 0 0 0 0 0 56 4 10 0 0 0 0 0 0 0 24 15 0 0 17 0 0 79 0 0 0 0 0 0 0 27 0 0 0 0 0 0 0 0 0 0 0 0 0 0 0 0 
0 0 82 0 0 0 0 0 0 4 0 0 0 0 0 0 0 0 67 0 0 71 0 0 0 0 0 63 0 0 0 0 0 0 0 0 61 0 0 0 0 0 0 0 9 0 0 0 0 0 0 55 52 0 0 0 0 0 0 0 0 0 0 0 0 0 0 0 0 92 0 0 28 0 57 0 27 0 0 0 0 0 0 0 50 0 0 0 0 0 0 0 0 0 0 0 0 0 0 0 
0 0 0 0 0 0 0 19 0 0 0 0 0 0 0 0 0 0 0 0 0 0 0 0 34 24 0 0 49 0 0 0 0 0 0 0 3 0 0 0 0 0 52 0 0 0 0 0 0 56 0 0 0 0 0 0 0 9 0 0 0 0 0 0 0 28 0 0 28 0 0 0 0 0 0 0 13 0 0 0 0 0 0 0 0 12 0 34 0 0 0 0 0 0 0 69 0 74 0 0 
0 0 0 0 0 0 0 48 0 0 0 0 0 0 0 15 0 0 0 0 0 0 74 97 61 0 0 0 0 0 0 79 0 0 0 0 0 0 0 0 0 0 0 0 0 0 64 0 0 0 0 0 0 0 0 0 89 77 0 0 0 0 0 0 0 0 0 0 0 0 35 89 0 0 22 6 0 0 0 0 0 0 0 0 0 0 0 0 0 0 0 0 52 0 37 0 0 0 0 0 
0 0 88 0 0 0 0 0 0 0 0 0 0 37 0 85 0 0 0 0 0 0 0 0 0 13 0 0 88 74 18 0 0 0 0 0 0 0 0 0 52 0 0 0 0 0 0 0 78 0 0 0 64 40 0 0 0 0 0 0 0 0 0 0 0 0 0 0 0 0 0 0 0 0 0 12 0 26 0 0 0 0 0 0 0 0 0 0 0 0 0 0 0 0 0 0 0 0 0 0 
0 0 0 0 0 0 0 0 0 0 0 0 0 0 0 0 0 0 0 0 96 0 47 0 92 0 0 52 0 12 0 0 51 79 0 89 0 0 0 0 0 0 0 0 0 0 0 0 0 0 0 0 0 0 0 37 0 0 0 26 0 0 0 0 0 0 0 0 0 0 0 0 0 0 0 0 0 0 0 0 0 0 93 0 0 0 71 27 0 0 0 0 0 0 0 0 0 0 0 0 
0 0 0 0 0 0 0 0 0 0 0 0 0 67 0 0 0 0 7 0 0 0 0 0 11 0 0 0 0 0 0 0 0 0 0 0 0 0 0 9 0 0 0 0 0 50 45 0 34 0 0 86 0 0 0 0 0 0 0 0 0 0 9 0 68 0 0 0 0 0 0 0 0 0 2 0 0 0 0 0 0 0 0 0 0 0 0 0 0 13 63 0 0 0 0 0 51 47 0 0 
52 0 0 0 0 0 58 0 0 0 0 0 0 0 0 0 0 0 0 0 0 0 0 0 0 0 0 0 3 0 0 0 0 0 0 0 0 0 0 0 0 0 0 0 50 0 0 72 0 0 0 0 0 36 0 0 0 0 41 0 0 0 0 0 0 0 90 0 55 0 0 0 0 0 0 0 0 86 0 0 0 0 0 0 39 0 0 0 0 0 0 0 0 0 0 0 0 0 26 0 
0 82 53 0 0 0 0 0 0 0 0 0 0 0 0 0 0 0 0 0 0 0 0 0 79 0 0 0 0 0 0 0 83 0 0 0 0 0 0 0 0 64 0 0 45 0 0 96 1 0 0 0 0 0 0 0 0 0 0 0 0 0 0 0 0 0 0 0 18 67 0 0 0 0 100 0 0 4 0 0 0 41 0 0 0 0 0 0 67 0 0 0 0 0 0 0 0 98 0 0 
0 0 0 0 20 0 0 0 0 19 0 0 32 0 0 0 0 0 0 0 0 0 0 39 0 0 0 0 0 0 0 0 0 57 0 0 0 0 0 0 0 0 0 0 0 72 96 0 0 0 0 0 0 0 0 0 10 0 0 20 0 0 0 0 0 0 0 41 0 0 0 0 0 0 0 0 0 0 0 0 0 0 56 0 0 0 0 0 0 0 0 0 0 0 0 0 0 0 0 29 
0 0 0 0 0 0 0 0 7 0 0 0 0 0 0 0 7 68 0 91 0 0 0 0 0 0 0 0 43 0 48 0 46 0 0 0 0 78 0 0 0 0 78 0 34 0 1 0 0 0 0 0 0 0 0 0 0 0 0 0 0 0 0 0 0 0 14 0 92 0 0 0 39 85 0 0 0 0 0 0 0 0 0 0 0 0 0 0 0 0 0 0 0 0 0 0 0 0 0 0 
0 0 0 0 0 0 0 24 0 0 0 0 0 0 77 0 0 0 10 0 0 0 0 0 0 0 63 0 47 0 0 0 0 0 0 0 30 0 0 0 56 0 0 0 0 0 0 0 0 0 0 0 0 0 67 0 0 0 0 0 0 0 0 0 0 0 0 0 75 43 0 0 0 0 0 0 0 0 93 0 0 0 0 31 0 0 0 0 0 0 0 0 52 0 0 0 0 0 0 0 
0 34 0 0 93 0 0 0 38 0 0 0 19 0 0 0 71 0 0 0 0 5 0 0 0 0 0 0 0 0 0 0 0 0 0 0 0 53 0 0 0 0 0 0 0 0 0 0 0 0 0 0 0 0 0 50 57 37 0 98 0 59 0 0 0 0 0 0 0 0 0 0 0 0 0 0 0 53 70 0 0 0 0 0 0 0 0 0 17 0 0 0 0 0 0 0 0 0 0 0 
0 0 0 0 0 0 0 0 0 0 0 0 0 0 0 0 0 17 4 0 0 0 0 0 0 0 0 0 0 0 0 0 0 0 0 0 0 84 0 55 0 0 0 0 86 0 0 0 0 0 0 0 0 0 0 0 0 3 0 0 0 0 16 0 41 0 0 0 0 97 0 92 0 0 27 0 0 0 26 0 0 0 0 6 0 0 0 0 0 0 0 0 0 0 0 0 0 23 100 0 
0 0 0 0 0 0 19 0 0 0 0 0 0 0 64 0 0 0 0 0 0 0 0 0 55 0 0 0 0 0 0 0 0 78 39 0 84 86 0 52 0 0 64 0 0 0 0 0 0 0 0 0 0 0 0 0 0 0 0 0 0 0 0 0 0 0 0 0 0 71 0 0 0 0 0 0 0 51 0 0 0 0 28 0 0 0 0 48 0 0 0 0 0 0 0 0 34 0 0 0 
0 0 0 0 1 0 0 0 84 0 0 0 0 0 0 0 0 0 0 1 69 0 0 0 0 0 0 0 0 0 0 0 0 0 0 0 0 0 0 0 0 0 40 0 0 36 0 0 0 0 0 0 0 0 0 0 0 0 0 0 48 0 0 0 0 0 0 0 0 0 0 0 0 0 0 0 0 0 69 33 0 0 74 0 0 0 0 0 0 0 0 0 0 0 0 0 0 0 0 0 
0 0 0 0 0 0 0 74 0 77 0 0 0 0 0 0 19 0 0 0 0 0 0 0 0 0 0 0 0 0 0 0 0 0 10 4 0 0 0 0 0 0 0 0 0 0 0 0 0 67 0 0 0 0 0 0 0 0 0 0 0 0 0 0 0 0 0 88 27 0 0 0 0 0 0 52 100 0 0 0 0 42 0 0 0 0 63 0 0 0 0 0 0 0 0 0 39 0 0 0 
0 0 0 0 47 0 31 0 0 0 0 77 0 0 0 54 0 0 0 0 82 34 0 0 0 0 0 0 0 0 2 0 0 0 0 0 0 0 0 0 0 0 0 37 0 0 0 0 0 0 50 0 0 0 0 0 0 0 0 0 0 0 0 0 0 0 0 0 0 0 0 0 0 0 73 0 0 0 0 0 0 0 0 0 0 0 57 0 38 11 46 0 75 0 0 0 0 0 0 0 
0 0 0 0 0 0 0 0 0 0 0 15 0 10 20 0 0 0 0 0 0 0 0 0 0 0 0 0 0 0 0 0 0 0 25 0 99 0 0 0 0 89 0 0 0 0 0 10 0 0 57 0 0 0 0 0 0 0 0 0 0 0 0 0 0 0 0 42 0 0 0 0 0 0 0 0 0 0 0 0 0 4 0 0 0 0 18 0 0 0 0 0 0 0 4 50 0 22 0 90 
0 0 0 2 0 0 0 0 0 85 0 0 0 0 0 0 47 0 0 0 0 0 89 0 0 0 0 0 0 0 0 0 34 0 0 0 0 0 0 0 9 77 0 0 0 0 0 0 0 0 37 3 0 0 0 0 0 0 0 0 0 0 0 81 0 0 0 0 0 0 19 0 0 0 0 0 0 48 0 0 0 0 0 0 0 0 0 0 0 41 0 0 0 98 0 0 38 0 0 0 
0 0 0 0 0 0 0 0 0 0 0 69 0 92 0 74 66 0 0 0 0 0 0 0 0 11 0 0 0 0 0 0 0 96 0 0 0 27 56 0 0 0 0 0 0 41 0 0 0 0 0 0 0 0 0 0 0 0 0 22 0 0 0 0 1 0 0 0 40 0 0 0 0 0 0 0 0 0 0 0 0 0 0 0 0 0 0 0 69 0 0 0 80 0 0 0 0 0 0 67 
28 0 0 20 0 0 28 0 0 92 0 0 0 0 0 27 0 0 0 0 9 0 0 0 0 0 0 0 0 0 0 0 0 0 0 0 0 0 4 0 0 0 0 26 0 0 0 20 0 0 98 0 0 0 0 0 0 0 22 0 0 0 0 0 35 0 0 0 0 0 0 0 0 0 0 0 0 0 0 0 0 0 55 27 0 0 0 0 0 0 0 60 0 0 0 0 0 0 0 0 
0 0 0 35 0 0 0 0 0 33 0 0 0 0 0 0 0 0 0 0 0 0 0 0 0 0 0 0 0 0 0 0 0 0 0 0 0 60 10 0 0 0 0 0 0 0 0 0 0 0 0 0 0 48 0 0 0 0 0 0 0 0 0 0 0 0 32 0 0 70 0 0 0 0 0 0 0 0 0 0 0 0 0 82 0 0 0 0 0 0 0 0 0 0 0 0 0 0 0 0 
0 0 0 0 0 0 0 0 0 0 0 0 0 0 0 64 0 65 0 15 0 0 0 0 0 0 0 0 0 0 0 0 0 0 0 0 0 0 0 0 0 0 0 0 0 0 0 0 0 0 59 0 0 0 0 0 0 0 0 0 0 0 0 0 0 11 0 0 99 0 0 0 0 0 0 0 50 0 0 0 0 0 0 0 0 0 0 0 0 0 0 0 0 0 0 0 0 0 0 0 
0 0 0 0 0 0 0 98 0 0 0 0 0 0 0 0 0 0 21 0 0 0 0 0 0 0 0 0 0 10 0 0 0 0 36 0 0 0 0 0 0 0 0 0 9 0 0 0 0 0 0 16 0 0 0 0 0 0 0 0 0 0 0 63 0 0 0 0 0 0 0 0 0 0 0 57 0 0 68 0 0 0 0 0 0 0 0 0 0 0 0 0 39 0 0 0 0 0 0 54 
21 0 0 0 99 0 0 0 0 0 4 0 0 0 0 0 0 26 0 0 0 0 0 33 0 0 0 0 0 0 0 0 88 0 0 0 0 0 0 0 0 0 0 0 0 0 0 0 0 0 0 0 0 0 0 0 0 81 0 0 0 0 63 0 0 0 0 0 0 0 0 0 0 71 0 0 0 0 0 0 0 0 33 0 0 0 0 0 0 0 0 0 0 0 0 60 0 0 0 0 
0 0 98 0 0 0 0 0 0 0 0 90 0 0 0 0 0 73 0 0 0 0 0 87 0 0 0 0 0 0 0 0 0 18 0 0 0 31 0 0 0 0 0 0 68 0 0 0 0 0 0 41 0 0 0 0 0 0 1 35 0 0 0 0 0 95 0 0 0 0 0 0 0 0 0 0 0 0 0 0 48 0 0 0 0 0 0 0 0 0 0 0 0 0 0 0 0 0 36 0 
0 0 67 0 0 0 0 0 0 0 0 0 0 0 0 0 0 0 0 0 0 0 0 0 0 0 0 69 0 39 0 0 0 0 0 57 0 0 0 0 28 0 0 0 0 0 0 0 0 0 0 0 0 0 0 0 0 0 0 0 0 11 0 0 95 0 0 0 0 0 0 0 95 16 0 0 10 0 0 0 0 0 0 0 0 0 57 0 0 0 0 0 0 89 0 0 0 0 27 0 
0 0 0 0 0 0 43 0 0 0 0 0 0 0 0 0 0 0 0 100 0 0 0 0 0 0 0 13 0 0 0 0 0 0 19 0 71 0 0 0 0 0 0 0 0 90 0 0 14 0 0 0 0 0 0 0 0 0 0 0 32 0 0 0 0 0 0 0 0 0 0 0 0 0 0 0 0 0 0 0 0 0 0 0 0 0 0 0 0 0 0 73 0 0 0 0 0 0 83 27 
0 0 0 0 0 72 0 81 0 0 0 0 9 0 0 83 0 0 0 0 0 0 0 0 34 0 0 0 0 0 0 0 0 0 0 0 0 13 0 0 0 0 0 0 0 0 0 41 0 0 0 0 0 0 88 0 42 0 0 0 0 0 0 0 0 0 0 0 22 0 0 0 0 0 19 0 0 0 0 0 83 0 0 8 0 0 0 0 0 0 0 0 0 48 16 0 0 0 0 0 
0 0 0 0 0 0 0 0 69 0 0 0 0 0 0 0 99 0 0 0 0 0 0 0 0 0 0 0 0 0 0 0 0 0 0 0 0 0 24 0 28 0 0 0 0 55 18 0 92 75 0 0 0 0 27 0 0 0 40 0 0 99 0 0 0 0 0 22 0 0 0 0 0 0 0 0 0 0 0 68 0 0 0 0 0 0 0 0 76 0 0 53 0 0 0 0 0 0 0 0 
0 0 0 0 0 0 0 0 95 0 0 0 0 0 0 0 0 0 95 0 0 0 0 0 0 73 0 0 0 0 30 0 0 0 0 0 0 0 15 92 0 0 0 0 0 0 67 0 0 43 0 97 71 0 0 0 0 0 0 0 70 0 0 0 0 0 0 0 0 0 0 0 0 0 0 0 0 0 12 0 0 0 0 0 0 0 0 0 0 53 0 0 0 37 0 0 0 0 0 0 
0 71 0 0 0 76 0 0 0 0 0 0 0 0 0 0 19 0 0 0 0 0 0 55 0 0 0 0 0 0 4 24 0 0 0 0 0 61 0 0 0 35 0 0 0 0 0 0 0 0 0 0 0 0 0 0 0 19 0 0 0 0 0 0 0 0 0 0 0 0 0 0 97 0 0 0 0 0 0 0 0 0 0 0 0 0 0 0 0 0 37 45 0 0 0 27 0 56 90 0 
82 0 0 0 0 0 0 0 46 35 47 0 0 0 0 0 0 0 0 0 17 0 0 60 0 0 0 1 0 0 27 0 0 0 31 0 0 0 0 0 0 89 0 0 0 0 0 0 0 0 0 92 0 0 0 0 0 0 0 0 0 0 0 0 0 0 0 0 0 0 0 0 0 0 0 0 0 0 0 0 0 61 0 0 0 92 0 0 15 0 0 0 0 0 0 0 0 0 0 96 
0 27 0 0 0 0 0 100 55 35 88 0 0 0 0 0 0 0 0 0 0 0 0 0 0 0 0 0 80 0 0 0 73 0 0 0 0 0 17 28 0 0 0 0 0 0 0 0 39 0 0 0 0 0 0 0 0 0 0 0 0 0 0 0 0 95 0 0 0 0 97 0 0 0 0 0 0 0 0 0 0 0 0 0 0 0 0 0 0 0 68 72 25 0 0 0 0 0 0 0 
0 85 0 0 0 0 0 0 0 0 99 0 0 0 0 0 0 0 0 0 0 0 0 0 0 0 0 0 0 0 0 0 0 0 0 0 11 0 0 0 0 0 0 0 0 0 0 0 85 0 0 0 0 0 0 0 0 0 0 0 0 0 0 71 0 16 0 0 0 0 0 0 0 0 0 0 0 0 0 0 0 0 0 0 0 0 0 0 0 0 0 0 0 0 0 0 0 0 39 0 
0 0 0 0 0 0 0 0 0 0 0 0 0 0 0 0 0 60 0 0 0 0 55 0 0 0 0 0 0 84 0 0 0 0 0 0 0 0 0 57 0 22 0 0 2 0 100 0 0 0 0 27 0 0 0 73 0 0 0 0 0 0 0 0 0 0 0 19 0 0 0 0 0 0 0 0 0 0 0 0 0 0 0 0 0 0 0 0 0 0 0 0 0 0 0 0 63 0 0 0 
0 0 0 0 0 21 0 0 0 0 0 0 0 0 0 0 0 25 0 0 0 0 0 30 18 0 58 0 0 0 0 0 0 0 0 0 0 0 79 0 0 6 12 0 0 0 0 0 0 0 0 0 0 0 52 0 0 0 0 0 0 0 57 0 0 0 0 0 0 0 0 0 0 0 0 0 80 0 0 0 0 0 0 30 0 0 0 0 0 0 0 0 0 0 0 0 0 0 0 0 
0 0 33 0 0 65 0 0 0 0 0 0 0 87 0 0 0 0 0 54 44 0 0 0 0 0 0 0 0 0 8 0 0 0 15 0 0 0 0 27 13 0 0 0 0 0 0 0 0 0 0 0 0 0 100 0 0 0 0 0 0 50 0 0 0 10 0 0 0 0 0 0 0 0 0 80 0 0 4 0 0 0 0 0 0 0 0 0 0 0 0 0 0 0 0 0 62 0 0 0 
0 0 95 0 0 0 0 0 0 0 0 0 0 0 0 0 0 0 0 0 0 0 0 0 0 0 0 8 0 0 0 0 0 0 0 0 92 0 0 0 0 0 26 0 0 86 4 0 0 0 53 0 51 0 0 0 0 48 0 0 0 0 0 0 0 0 0 0 0 0 0 0 0 0 0 0 0 0 0 87 0 0 0 0 0 0 0 0 0 0 62 0 0 4 0 0 0 0 0 27 
0 0 0 67 0 0 45 0 0 0 0 0 0 0 0 0 76 0 85 0 0 0 0 0 0 0 27 0 0 0 0 0 0 0 0 0 0 0 0 0 0 0 0 0 0 0 0 0 0 93 70 26 0 69 0 0 0 0 0 0 0 0 68 0 0 0 0 0 0 12 0 0 0 0 0 0 4 0 0 0 0 0 0 0 0 0 0 0 0 0 0 81 41 0 0 0 0 37 0 0 
0 0 0 94 69 0 0 38 0 0 0 0 0 0 0 99 0 0 42 43 83 0 0 0 0 0 0 0 0 0 0 0 0 85 0 81 0 0 0 0 0 0 0 0 0 0 0 0 0 0 0 0 0 33 0 0 0 0 0 0 0 0 0 0 0 0 0 0 68 0 0 0 0 0 0 0 0 87 0 0 0 0 0 0 24 0 0 0 5 0 0 0 0 0 0 0 0 0 0 40 
0 0 47 7 0 88 75 0 28 0 0 0 0 83 0 0 0 0 9 0 0 0 25 0 0 0 42 0 0 0 0 0 0 0 0 0 0 0 0 0 0 0 0 0 0 0 0 0 0 0 0 0 0 0 0 0 0 0 0 0 0 0 0 0 48 0 0 83 0 0 0 0 0 0 0 0 0 0 0 0 0 0 0 0 0 52 0 0 13 0 0 53 0 0 0 4 0 0 0 0 
0 0 0 0 0 0 0 77 0 0 29 0 0 0 0 0 0 20 0 0 0 24 96 0 0 0 0 0 0 0 0 18 0 0 0 0 0 0 0 0 0 0 0 0 0 0 41 0 0 0 0 0 0 0 42 0 4 0 0 0 0 0 0 0 0 0 0 0 0 0 0 61 0 0 0 0 0 0 0 0 0 0 0 3 0 0 0 5 0 0 0 0 58 0 0 0 0 93 73 0 
0 0 0 100 0 0 0 60 0 0 0 0 0 0 0 23 0 0 0 0 0 72 0 0 0 0 0 0 0 0 0 0 0 48 0 0 0 0 0 0 0 0 0 93 0 0 0 56 0 0 0 0 28 74 0 0 0 0 0 55 0 0 0 33 0 0 0 0 0 0 0 0 0 0 0 0 0 0 0 0 0 0 0 0 0 0 0 0 0 0 0 0 0 0 98 51 0 0 0 0 
0 0 0 0 5 0 93 0 0 0 0 0 0 0 0 0 0 0 0 0 0 0 0 0 0 0 0 0 0 0 0 0 0 0 0 0 0 0 27 0 0 0 0 0 0 0 0 0 0 31 0 6 0 0 0 0 0 0 0 27 82 0 0 0 0 0 0 8 0 0 0 0 0 0 0 30 0 0 0 0 0 3 0 0 0 0 7 0 0 0 0 0 95 0 0 0 0 0 0 69 
0 0 0 0 0 0 0 0 74 0 0 0 0 0 0 0 0 0 0 0 0 14 67 0 0 30 0 0 41 77 23 0 0 0 0 31 0 0 0 50 0 0 0 0 0 39 0 0 0 0 0 0 0 0 0 0 0 0 0 0 0 0 0 0 0 0 0 0 0 0 0 0 0 0 0 0 0 0 0 24 0 0 0 0 0 0 31 0 0 67 0 0 0 30 0 0 8 0 0 0 
84 0 0 0 0 0 0 0 0 0 0 0 0 0 0 0 68 0 0 0 0 0 0 80 0 58 0 0 0 0 0 0 0 64 42 0 0 0 0 0 12 0 0 0 0 0 0 0 0 0 0 0 0 0 0 0 0 0 0 0 0 0 0 0 0 0 0 0 0 0 0 92 0 0 0 0 0 0 0 0 52 0 0 0 0 0 0 0 0 0 0 0 0 0 0 0 0 0 0 0 
29 0 0 0 0 0 0 0 0 0 17 0 0 76 0 0 0 0 100 0 0 0 0 0 0 0 80 0 0 0 0 0 0 0 0 47 0 0 0 0 0 0 0 71 0 0 0 0 0 0 0 0 0 0 63 57 18 0 0 0 0 0 0 0 0 57 0 0 0 0 0 0 0 0 0 0 0 0 0 0 0 0 0 7 31 0 0 0 43 0 0 0 0 0 0 0 0 0 0 0 
0 0 82 65 0 0 0 0 0 0 51 0 0 0 0 0 47 0 0 0 0 0 0 0 49 0 0 0 0 0 0 0 0 0 81 0 0 0 0 0 34 0 0 27 0 0 0 0 0 0 0 0 48 0 0 0 0 0 0 0 0 0 0 0 0 0 0 0 0 0 0 0 0 0 0 0 0 0 0 0 0 5 0 0 0 0 0 0 0 40 0 0 26 0 0 0 0 0 0 43 
0 0 0 0 0 63 56 94 0 0 0 0 0 12 0 0 0 0 0 0 59 0 0 0 0 0 0 0 0 0 0 0 0 0 0 0 0 0 0 0 0 0 0 0 0 0 67 0 0 0 17 0 0 0 0 38 0 0 69 0 0 0 0 0 0 0 0 0 76 0 0 15 0 0 0 0 0 0 0 5 13 0 0 0 0 0 43 0 0 0 0 0 0 80 0 0 0 0 0 0 
0 9 0 0 0 0 43 0 0 0 0 41 0 76 0 0 0 62 0 0 0 0 0 0 0 0 0 0 0 0 53 50 0 2 0 0 31 0 0 0 0 0 0 0 13 0 0 0 0 0 0 0 0 0 0 11 0 41 0 0 0 0 0 0 0 0 0 0 0 53 0 0 0 0 0 0 0 0 0 0 0 0 0 0 67 0 0 40 0 0 0 0 0 0 0 0 0 0 0 0 
0 65 0 0 0 0 0 0 0 4 0 0 0 0 0 0 0 89 0 0 0 0 0 0 0 0 0 0 46 0 0 0 0 0 0 41 98 0 0 0 0 0 0 0 63 0 0 0 0 0 0 0 0 0 0 46 0 0 0 0 0 0 0 0 0 0 0 0 0 0 37 0 68 0 0 0 0 62 0 0 0 0 0 0 0 0 0 0 0 0 0 0 0 0 0 0 0 0 0 59 
0 91 0 0 57 0 0 0 0 0 0 0 10 0 0 0 0 0 0 0 0 31 0 0 0 29 0 55 0 0 0 0 19 0 0 0 0 0 0 0 0 0 0 0 0 0 0 0 0 0 0 0 0 0 0 0 0 0 0 60 0 0 0 0 0 0 73 0 53 0 45 0 72 0 0 0 0 0 81 0 53 0 0 0 0 0 0 0 0 0 0 0 0 0 0 52 0 0 0 0 
0 0 0 1 0 0 0 0 0 0 0 0 0 0 0 0 0 0 0 0 0 0 0 0 0 0 0 0 0 0 0 0 0 0 0 0 0 0 0 0 0 52 0 0 0 0 0 0 0 52 0 0 0 0 0 75 0 0 80 0 0 0 39 0 0 0 0 0 0 0 0 0 25 0 0 0 0 0 41 0 0 58 0 95 0 0 0 26 0 0 0 0 0 0 0 0 0 0 0 0 
0 0 0 0 0 0 0 0 0 0 0 68 0 96 0 0 75 0 25 0 0 0 0 0 0 0 0 0 0 0 0 0 55 0 0 0 0 0 0 0 0 0 0 0 0 0 0 0 0 0 0 0 0 0 0 0 0 98 0 0 0 0 0 0 0 89 0 48 0 37 0 0 0 0 0 0 0 4 0 0 0 0 0 0 30 0 0 0 80 0 0 0 0 0 80 12 0 0 31 0 
0 0 0 73 0 0 0 0 0 0 74 0 0 0 0 0 0 0 0 0 45 61 0 0 0 0 79 0 0 0 0 0 0 0 0 0 0 21 0 0 0 37 0 0 0 0 0 0 0 0 0 0 0 0 0 0 4 0 0 0 0 0 0 0 0 0 0 16 0 0 0 0 0 0 0 0 0 0 0 0 0 0 98 0 0 0 0 0 0 0 0 0 0 80 0 0 0 0 0 0 
0 0 0 0 0 89 0 5 0 0 0 0 0 96 0 0 0 0 0 0 0 0 86 0 0 0 28 32 0 0 0 0 95 0 0 0 0 0 0 0 69 0 0 0 0 0 0 0 0 0 0 0 0 0 0 0 50 0 0 0 0 0 0 60 0 0 0 0 0 0 27 0 0 0 0 0 0 0 0 0 4 0 51 0 0 0 0 0 0 0 0 52 0 12 0 0 0 0 0 0 
0 0 0 0 0 0 0 0 92 53 0 0 0 11 7 0 85 0 0 0 0 0 0 0 0 16 41 0 0 0 0 0 0 65 0 0 0 0 0 0 0 0 0 0 51 0 0 0 0 0 0 0 34 0 39 0 0 38 0 0 0 0 0 0 0 0 0 0 0 0 0 0 0 0 63 0 62 0 0 0 0 0 0 0 8 0 0 0 0 0 0 0 0 0 0 0 0 0 0 0 
0 0 0 70 38 0 0 0 0 0 0 0 0 0 0 0 0 0 0 0 0 61 86 0 0 0 0 0 0 0 52 0 98 0 0 0 0 0 0 0 74 0 0 0 47 0 98 0 0 0 0 23 0 0 0 0 22 0 0 0 0 0 0 0 0 0 0 0 0 0 56 0 0 0 0 0 0 0 37 0 0 93 0 0 0 0 0 0 0 0 0 0 0 0 0 0 0 0 48 0 
0 0 0 0 0 0 0 0 0 0 0 0 58 0 0 0 0 0 0 0 0 0 0 0 0 0 0 0 0 28 0 0 0 44 95 0 40 0 0 0 0 0 0 0 0 26 0 0 0 0 0 100 0 0 0 0 0 0 0 0 0 0 0 0 36 27 83 0 0 0 90 0 0 39 0 0 0 0 0 0 0 73 0 0 0 0 0 0 0 0 0 0 0 31 0 0 0 48 0 0 
0 0 0 0 10 0 0 0 0 0 0 84 0 36 0 0 0 0 79 0 0 0 0 0 0 0 0 0 0 0 0 0 0 0 0 0 0 0 0 0 0 0 0 0 0 0 0 29 0 0 0 0 0 0 0 0 90 0 67 0 0 0 54 0 0 0 27 0 0 0 0 96 0 0 0 0 0 27 0 40 0 0 0 69 0 0 0 43 0 0 59 0 0 0 0 0 0 0 0 0 
