0 0 137 0 0 139 2 0 0 117 0 0 37 0 3 0 0 0 0 0 0 0 0 0 0 0 0 0 0 0 0 0 0 37 127 0 0 0 0 0 0 96 0 0 0 0 0 0 0 0 134 0 0 5 0 0 0 0 0 138 0 0 0 0 51 0 0 0 60 0 0 0 0 0 0 0 0 0 0 40 0 0 0 0 0 0 0 0 0 0 0 0 0 0 0 0 0 0 0 0 
0 0 0 83 0 5 0 99 0 0 0 0 0 0 44 0 0 0 0 0 0 0 0 0 103 0 0 0 0 0 0 0 0 0 0 0 0 0 0 0 0 0 0 0 0 142 0 0 35 0 0 37 0 0 0 25 0 0 0 0 0 0 0 0 0 132 57 0 0 0 0 0 0 0 31 140 0 0 0 0 97 0 0 0 0 0 0 0 0 0 0 0 0 0 0 0 0 0 6 0 
137 0 0 0 0 0 0 0 0 0 0 0 0 0 0 70 0 0 0 0 0 0 0 0 0 0 0 0 0 0 0 43 0 0 0 0 0 0 0 0 13 0 0 133 92 0 0 35 0 0 0 0 0 0 0 70 0 0 0 0 0 0 0 0 0 0 0 0 60 62 0 0 0 0 0 0 47 0 0 0 0 133 0 28 0 47 0 0 0 0 0 0 0 0 0 0 0 0 13 0 
0 83 0 0 0 0 0 0 0 72 5 42 0 118 0 0 0 0 0 0 0 117 0 0 0 0 0 0 0 0 0 0 0 57 0 85 0 0 0 0 0 0 0 22 0 6 0 0 0 0 0 0 0 0 0 0 0 0 0 0 0 0 0 0 126 0 0 0 0 60 0 0 0 0 0 0 0 98 0 0 0 0 0 0 0 0 0 81 0 0 0 0 0 0 0 0 0 0 59 0 
0 0 0 0 0 0 0 0 0 0 0 0 0 22 0 134 0 0 0 0 0 0 0 0 0 129 0 0 56 0 0 0 0 0 0 12 67 0 0 0 0 135 0 10 0 0 0 0 31 0 0 0 0 0 0 0 0 0 0 0 106 0 0 0 0 0 79 0 0 0 0 0 0 0 0 0 0 0 0 0 0 0 0 0 0 105 0 3 0 0 97 0 0 0 0 0 0 0 59 0 
139 5 0 0 0 0 0 0 0 0 0 0 16 0 0 0 143 0 0 0 0 0 0 0 0 0 0 88 0 0 0 0 0 0 0 0 0 0 0 0 0 0 0 149 0 0 86 0 0 0 0 0 0 0 0 0 0 0 0 0 0 0 0 0 0 0 0 0 0 0 18 0 0 0 0 2 0 0 0 0 0 117 0 0 0 0 0 0 0 0 0 0 0 0 0 85 0 0 0 17 
2 0 0 0 0 0 0 0 113 0 0 0 135 0 0 0 112 0 0 3 0 0 0 0 0 0 0 0 0 0 0 0 0 0 0 0 0 0 0 0 0 0 0 0 0 0 0 0 0 0 0 0 0 0 0 0 0 0 52 33 0 0 0 0 0 70 0 0 124 0 69 0 0 0 0 0 0 0 0 128 0 0 0 0 0 0 83 136 0 0 0 0 0 0 0 0 0 0 0 0 
0 99 0 0 0 0 0 0 0 0 0 0 0 137 0 0 0 0 0 0 0 36 111 0 0 118 0 0 0 0 0 0 0 0 0 0 0 0 0 0 112 0 56 0 0 0 0 0 0 0 0 0 0 0 0 0 0 0 0 0 0 0 0 0 0 0 0 0 0 0 102 0 0 0 0 0 0 0 0 0 0 0 0 0 0 0 0 0 0 0 0 0 0 0 0 0 0 0 0 0 
0 0 0 0 0 0 113 0 0 0 0 0 0 0 0 0 123 0 0 0 0 0 0 0 0 0 0 52 0 75 23 0 0 0 0 0 0 0 0 115 0 0 0 0 0 93 0 0 0 0 0 0 0 0 0 0 0 0 131 0 0 0 0 0 0 67 0 0 0 0 0 0 0 0 0 0 0 0 0 0 0 0 0 0 0 0 25 0 0 0 0 0 0 0 133 0 0 0 107 0 
117 0 0 72 0 0 0 0 0 0 0 8 0 0 0 0 0 0 0 0 0 0 0 0 0 0 0 0 0 0 0 0 0 35 0 0 0 37 0 0 18 0 133 132 49 0 0 0 0 0 0 0 0 52 0 0 0 0 11 0 0 0 0 0 0 0 0 0 0 50 0 0 0 0 0 0 0 44 0 0 0 0 0 0 0 0 0 0 0 0 0 0 89 0 0 0 13 0 0 0 
0 0 0 5 0 0 0 0 0 0 0 0 0 0 0 78 0 0 62 4 0 0 0 0 0 81 0 1 0 0 0 0 0 0 132 0 9 0 0 0 0 0 0 0 0 0 0 85 0 0 0 0 0 0 0 0 0 0 0 50 0 72 0 0 0 0 0 0 0 6 0 0 0 0 0 0 0 0 41 0 0 0 0 0 0 131 0 141 0 0 0 0 0 0 0 0 0 0 0 0 
0 0 0 42 0 0 0 0 0 8 0 0 0 8 0 0 0 0 0 0 0 49 0 0 0 0 0 0 0 51 39 121 0 0 0 0 0 0 0 0 0 0 0 0 0 0 0 0 0 0 0 0 0 0 0 113 0 0 0 0 0 0 0 0 0 0 0 0 0 126 0 0 0 0 67 0 0 112 0 113 0 0 0 51 0 0 0 0 10 0 102 0 0 0 0 0 0 0 0 0 
37 0 0 0 0 16 135 0 0 0 0 0 0 0 0 0 0 0 0 0 0 147 0 0 0 0 149 0 0 0 0 0 0 0 0 0 0 0 0 0 0 63 0 0 0 0 0 0 0 0 0 0 0 0 0 142 0 0 0 0 0 64 0 0 0 0 0 0 0 0 0 0 0 0 110 35 0 0 0 140 0 0 0 0 0 0 0 0 0 0 0 0 0 0 0 0 0 0 0 0 
0 0 0 118 22 0 0 137 0 0 0 8 0 0 0 0 0 94 0 0 107 0 0 45 0 0 0 0 0 44 0 0 0 0 0 0 0 0 0 0 86 0 0 0 0 0 0 0 0 0 11 0 0 0 0 0 0 0 7 0 0 0 107 0 0 0 0 0 0 0 0 0 0 0 92 0 0 0 0 0 0 0 0 0 0 0 0 0 0 0 0 66 0 0 0 0 0 0 0 0 
3 44 0 0 0 0 0 0 0 0 0 0 0 0 0 0 0 0 0 0 0 0 0 0 0 0 0 83 0 0 47 0 0 0 0 0 6 0 0 0 118 0 100 0 103 0 0 0 16 104 0 0 0 77 41 0 0 0 0 0 27 0 0 0 113 0 0 0 0 0 0 0 0 51 0 0 0 0 0 0 0 0 0 0 0 0 0 0 0 0 0 0 0 0 0 0 0 0 0 0 
0 0 70 0 134 0 0 0 0 0 78 0 0 0 0 0 0 0 118 0 53 0 0 0 0 0 0 0 0 0 0 0 0 0 0 0 0 0 0 0 0 0 0 43 0 0 0 0 0 0 0 0 0 0 139 0 0 0 0 0 0 0 0 21 0 150 0 0 0 0 0 0 106 145 0 0 0 91 55 0 0 0 0 0 124 0 0 0 108 0 0 0 0 0 0 0 0 0 0 0 
0 0 0 0 0 143 112 0 123 0 0 0 0 0 0 0 0 0 0 0 0 0 15 0 0 129 0 0 0 0 0 36 0 115 31 0 0 0 0 0 0 0 0 0 0 0 0 0 0 0 0 0 0 0 128 0 31 0 0 0 0 0 0 0 0 0 0 0 0 0 0 0 124 0 0 0 0 0 57 0 0 0 0 0 0 0 0 123 33 0 0 0 0 0 107 0 0 0 0 0 
0 0 0 0 0 0 0 0 0 0 0 0 0 94 0 0 0 0 0 0 0 75 0 0 0 0 0 0 0 0 0 149 0 0 112 0 0 0 0 0 0 0 0 0 0 0 0 0 0 0 0 0 0 0 98 0 0 0 0 0 0 0 0 63 0 96 146 0 0 0 0 0 0 0 137 0 0 0 0 0 0 0 0 0 0 0 0 0 0 0 0 0 0 0 0 0 88 0 0 43 
0 0 0 0 0 0 0 0 0 0 62 0 0 0 0 118 0 0 0 0 0 0 0 0 0 0 0 128 0 66 0 0 0 0 0 0 44 0 35 0 0 0 0 0 0 0 0 0 0 0 0 42 27 0 0 0 8 0 0 0 0 0 0 0 0 0 0 0 0 0 0 0 0 0 0 0 0 0 0 0 125 0 61 0 99 0 0 0 0 148 0 0 0 57 0 0 0 0 0 0 
0 0 0 0 0 0 3 0 0 0 4 0 0 0 0 0 0 0 0 0 0 0 0 0 0 0 0 63 0 0 0 0 0 0 0 0 0 0 0 0 0 0 109 0 0 0 0 0 0 0 0 0 0 0 0 0 0 0 0 122 0 0 0 0 0 0 0 0 0 0 0 6 0 0 0 0 0 0 112 54 0 0 130 0 0 75 0 0 0 60 77 0 91 0 0 0 149 0 0 57 
0 0 0 0 0 0 0 0 0 0 0 0 0 107 0 53 0 0 0 0 0 0 0 0 0 0 0 0 0 0 0 0 0 0 0 0 0 0 0 0 0 0 68 0 0 0 35 0 0 0 0 0 0 0 0 0 0 0 0 0 5 0 125 0 0 0 8 0 0 0 0 0 62 0 0 0 0 0 0 134 0 0 0 135 0 0 0 0 0 0 0 0 0 0 121 0 0 0 0 0 
0 0 0 117 0 0 0 36 0 0 0 49 147 0 0 0 0 75 0 0 0 0 0 0 20 0 0 0 0 0 68 0 0 0 0 0 0 0 0 0 0 0 0 0 0 0 0 104 0 0 0 0 0 0 0 0 6 0 0 0 0 0 0 0 0 0 0 0 0 0 0 0 0 0 0 0 0 0 0 0 0 0 88 0 0 0 0 0 0 0 0 0 0 115 0 0 54 0 0 0 
0 0 0 0 0 0 0 111 0 0 0 0 0 0 0 0 15 0 0 0 0 0 0 0 0 0 0 0 0 0 121 0 90 0 0 88 0 0 0 0 0 0 15 0 114 0 0 0 0 0 0 0 0 89 85 0 0 0 0 90 0 0 0 0 0 0 0 0 150 0 0 0 0 0 0 66 0 0 0 0 0 0 0 0 0 0 0 0 46 0 33 0 0 0 0 0 0 0 0 0 
0 0 0 0 0 0 0 0 0 0 0 0 0 45 0 0 0 0 0 0 0 0 0 0 0 125 0 0 0 0 101 0 0 0 0 0 0 0 0 0 0 0 0 0 0 0 0 0 95 116 0 129 0 0 0 0 0 0 0 0 0 0 0 0 0 34 0 0 0 0 0 0 0 0 0 0 0 0 0 0 0 0 0 0 0 0 0 0 0 0 0 0 0 75 75 0 0 0 0 0 
0 103 0 0 0 0 0 0 0 0 0 0 0 0 0 0 0 0 0 0 0 20 0 0 0 0 0 0 0 0 0 0 0 0 0 0 57 0 0 0 0 54 0 0 0 0 0 0 0 0 107 0 0 0 0 0 0 0 0 0 0 0 0 0 0 0 87 0 0 0 0 0 0 0 0 0 30 0 0 0 0 53 89 0 0 0 0 96 0 0 0 136 10 0 0 0 0 0 0 0 
0 0 0 0 129 0 0 118 0 0 81 0 0 0 0 0 129 0 0 0 0 0 0 125 0 0 0 0 0 0 0 0 0 147 0 0 0 0 0 144 0 0 0 0 0 0 0 0 0 0 24 13 116 0 0 0 0 0 150 0 0 0 0 0 0 0 0 0 0 0 0 0 0 0 121 0 0 0 0 0 0 0 0 111 0 0 0 0 0 0 0 0 0 0 0 0 0 0 0 0 
0 0 0 0 0 0 0 0 0 0 0 0 149 0 0 0 0 0 0 0 0 0 0 0 0 0 0 0 0 34 0 0 0 0 119 0 0 130 41 0 0 0 0 0 0 0 0 0 0 0 0 0 0 0 0 0 0 0 17 0 0 0 0 0 0 0 0 0 0 0 3 0 139 0 113 0 0 93 0 0 16 0 0 0 0 0 0 0 0 126 24 0 141 0 0 0 66 0 0 0 
0 0 0 0 0 88 0 0 52 0 1 0 0 0 83 0 0 0 128 63 0 0 0 0 0 0 0 0 121 0 0 0 0 0 0 0 138 0 0 0 0 0 0 0 88 0 0 147 0 0 74 0 0 0 0 0 0 0 0 0 0 0 0 0 0 0 11 0 0 0 0 0 0 0 0 0 0 0 0 0 0 23 26 0 0 0 0 118 0 0 0 0 0 0 0 0 0 0 0 0 
0 0 0 0 56 0 0 0 0 0 0 0 0 0 0 0 0 0 0 0 0 0 0 0 0 0 0 121 0 0 0 0 0 0 0 94 0 0 0 0 0 0 0 0 0 0 0 0 125 0 0 141 0 0 0 0 54 0 0 0 0 141 148 0 13 16 0 0 0 0 0 0 0 86 0 12 0 0 79 0 0 0 0 0 0 73 0 0 0 0 0 0 0 0 0 44 0 0 0 0 
0 0 0 0 0 0 0 0 75 0 0 51 0 44 0 0 0 0 66 0 0 0 0 0 0 0 34 0 0 0 0 0 0 0 0 93 0 0 0 0 0 0 0 0 0 0 0 119 0 4 0 64 0 0 0 0 22 136 0 0 0 0 103 0 0 0 0 0 0 0 0 0 0 0 0 0 0 0 128 0 0 33 0 0 0 0 0 0 0 0 0 0 0 0 0 0 105 0 0 0 
0 0 0 0 0 0 0 0 23 0 0 39 0 0 47 0 0 0 0 0 0 68 121 101 0 0 0 0 0 0 0 0 0 144 0 0 0 0 0 0 0 0 0 0 0 0 0 0 0 99 0 0 0 6 25 0 0 0 0 21 61 0 0 0 33 0 0 0 0 0 0 0 33 0 0 0 0 0 0 0 0 0 0 0 0 0 0 0 0 0 0 0 0 0 0 0 0 0 0 0 
0 0 43 0 0 0 0 0 0 0 0 121 0 0 0 0 36 149 0 0 0 0 0 0 0 0 0 0 0 0 0 0 0 0 0 107 0 0 111 0 0 0 0 127 0 0 0 0 0 0 0 0 0 33 0 0 0 30 0 0 0 0 0 107 0 0 0 0 0 0 0 58 0 0 0 0 0 100 0 0 25 0 124 0 0 0 0 0 0 124 0 0 0 0 0 0 0 0 0 0 
0 0 0 0 0 0 0 0 0 0 0 0 0 0 0 0 0 0 0 0 0 0 90 0 0 0 0 0 0 0 0 0 0 0 0 102 0 0 0 0 0 0 142 0 0 137 0 0 0 0 0 0 0 0 0 0 0 0 0 0 0 0 0 0 0 0 89 0 0 0 0 0 0 0 0 0 0 0 0 0 0 0 0 0 0 0 0 0 0 0 0 113 0 0 0 0 0 56 0 0 
37 0 0 57 0 0 0 0 0 35 0 0 0 0 0 0 115 0 0 0 0 0 0 0 0 147 0 0 0 0 144 0 0 0 0 0 0 0 26 52 106 0 13 0 144 0 0 0 133 54 0 0 0 65 0 0 0 0 0 0 0 0 0 0 0 0 0 0 0 0 0 0 0 0 0 0 63 0 0 0 0 0 0 0 0 0 0 0 0 0 0 0 0 0 0 0 0 0 0 0 
127 0 0 0 0 0 0 0 0 0 132 0 0 0 0 0 31 112 0 0 0 0 0 0 0 0 119 0 0 0 0 0 0 0 0 0 0 0 0 0 97 0 0 98 0 0 0 0 0 0 0 0 0 0 0 0 0 0 0 0 0 0 0 0 28 0 0 0 0 0 0 0 0 0 0 93 0 0 0 0 0 0 0 0 0 0 0 0 81 0 30 0 0 0 0 0 0 132 0 0 
0 0 0 85 12 0 0 0 0 0 0 0 0 0 0 0 0 0 0 0 0 0 88 0 0 0 0 0 94 93 0 107 102 0 0 0 70 142 0 0 0 0 0 0 0 0 0 0 0 0 0 0 0 0 0 0 0 0 0 0 0 0 106 0 131 0 0 0 0 51 0 0 0 0 0 0 0 120 0 0 0 0 52 0 0 77 0 0 0 0 0 0 0 0 0 0 0 0 0 0 
0 0 0 0 67 0 0 0 0 0 9 0 0 0 6 0 0 0 44 0 0 0 0 0 57 0 0 138 0 0 0 0 0 0 0 70 0 0 0 0 0 0 0 0 0 0 0 0 0 0 0 0 0 130 0 0 0 0 0 0 0 0 0 29 0 0 0 0 0 0 0 0 0 0 0 0 0 57 0 0 54 8 0 23 0 0 0 0 0 87 0 0 0 33 0 0 0 0 0 0 
0 0 0 0 0 0 0 0 0 37 0 0 0 0 0 0 0 0 0 0 0 0 0 0 0 0 130 0 0 0 0 0 0 0 0 142 0 0 0 0 0 0 0 0 0 0 84 0 11 0 0 0 0 0 0 0 0 0 0 0 0 0 0 0 85 0 0 0 0 0 0 0 0 124 62 0 0 0 0 0 60 0 0 0 4 0 0 38 56 0 0 0 83 0 45 0 135 0 0 0 
0 0 0 0 0 0 0 0 0 0 0 0 0 0 0 0 0 0 35 0 0 0 0 0 0 0 41 0 0 0 0 111 0 26 0 0 0 0 0 0 0 0 0 0 0 0 0 0 0 0 0 0 0 0 0 16 0 0 0 114 0 0 24 0 0 0 0 0 0 0 0 0 0 0 0 0 0 0 0 0 0 0 0 86 0 121 0 0 0 0 17 71 0 0 0 0 0 0 0 0 
0 0 0 0 0 0 0 0 115 0 0 0 0 0 0 0 0 0 0 0 0 0 0 0 0 144 0 0 0 0 0 0 0 52 0 0 0 0 0 0 0 0 0 0 0 0 0 0 0 0 0 0 0 0 0 0 0 0 0 0 115 0 30 0 0 0 107 99 11 0 0 0 0 0 0 43 24 0 0 0 0 0 0 0 0 0 33 0 0 0 0 0 0 0 0 0 111 0 0 0 
0 0 13 0 0 0 0 112 0 18 0 0 0 86 118 0 0 0 0 0 0 0 0 0 0 0 0 0 0 0 0 0 0 106 97 0 0 0 0 0 0 0 0 0 0 0 0 0 0 0 24 26 2 21 0 106 52 0 0 0 0 0 0 0 0 60 0 0 0 0 0 0 0 0 0 0 0 129 0 0 0 0 0 0 0 0 0 0 0 0 0 0 0 0 0 0 0 0 0 0 
96 0 0 0 135 0 0 0 0 0 0 0 63 0 0 0 0 0 0 0 0 0 0 0 54 0 0 0 0 0 0 0 0 0 0 0 0 0 0 0 0 0 0 0 107 77 0 0 0 0 7 0 0 0 60 135 7 0 0 0 0 104 0 0 0 0 0 0 0 0 120 0 0 0 0 0 0 0 41 0 0 0 0 0 0 0 0 46 0 0 0 0 0 0 0 0 149 0 0 0 
0 0 0 0 0 0 0 56 0 133 0 0 0 0 100 0 0 0 0 109 68 0 15 0 0 0 0 0 0 0 0 0 142 13 0 0 0 0 0 0 0 0 0 0 0 0 0 0 0 0 0 0 0 0 0 0 0 0 0 0 77 0 0 0 0 0 0 76 0 0 115 39 0 0 0 0 0 70 0 0 144 0 0 0 0 0 0 0 0 0 0 51 0 0 0 0 0 0 0 0 
0 0 133 22 10 149 0 0 0 132 0 0 0 0 0 43 0 0 0 0 0 0 0 0 0 0 0 0 0 0 0 127 0 0 98 0 0 0 0 0 0 0 0 0 0 0 0 0 0 0 129 0 0 0 0 0 0 0 0 0 68 0 0 0 0 0 0 0 0 0 0 0 0 0 0 77 0 0 0 0 0 0 0 0 0 0 0 0 0 0 0 78 28 0 0 0 67 34 0 0 
0 0 92 0 0 0 0 0 0 49 0 0 0 0 103 0 0 0 0 0 0 0 114 0 0 0 0 88 0 0 0 0 0 144 0 0 0 0 0 0 0 107 0 0 0 0 0 0 0 0 0 0 123 0 0 0 0 0 0 0 28 0 0 0 9 0 0 0 0 0 0 0 0 0 131 50 0 78 131 0 0 0 0 0 134 0 0 0 0 0 0 0 0 0 0 0 0 0 0 0 
0 142 0 6 0 0 0 0 93 0 0 0 0 0 0 0 0 0 0 0 0 0 0 0 0 0 0 0 0 0 0 0 137 0 0 0 0 0 0 0 0 77 0 0 0 0 0 124 0 116 0 25 122 0 0 0 0 0 0 0 0 0 13 0 0 0 0 0 0 0 0 104 0 0 0 0 0 0 0 0 0 67 0 0 0 0 0 0 0 56 0 0 0 0 82 0 0 0 97 0 
0 0 0 0 0 86 0 0 0 0 0 0 0 0 0 0 0 0 0 0 35 0 0 0 0 0 0 0 0 0 0 0 0 0 0 0 0 84 0 0 0 0 0 0 0 0 0 0 143 0 0 0 0 0 0 0 0 0 0 103 0 0 0 98 106 70 131 0 0 0 56 0 0 0 0 0 0 0 0 0 0 0 0 0 0 0 0 0 0 0 72 82 0 0 0 0 0 0 0 51 
0 0 35 0 0 0 0 0 0 0 85 0 0 0 0 0 0 0 0 0 0 104 0 0 0 0 0 147 0 119 0 0 0 0 0 0 0 0 0 0 0 0 0 0 0 124 0 0 0 0 21 0 0 0 0 0 124 0 0 0 0 0 0 0 0 0 0 0 0 44 0 0 127 0 0 0 0 0 0 0 0 30 0 0 0 0 0 0 3 77 0 0 0 0 0 0 0 0 0 0 
0 35 0 0 31 0 0 0 0 0 0 0 0 0 16 0 0 0 0 0 0 0 0 95 0 0 0 0 125 0 0 0 0 133 0 0 0 11 0 0 0 0 0 0 0 0 143 0 0 93 0 0 0 0 0 0 0 0 0 0 0 0 0 0 0 0 0 0 0 0 0 124 0 0 0 56 0 0 0 0 0 0 0 0 0 0 31 0 0 0 115 0 0 0 0 0 0 0 0 0 
0 0 0 0 0 0 0 0 0 0 0 0 0 0 104 0 0 0 0 0 0 0 0 116 0 0 0 0 0 4 99 0 0 54 0 0 0 0 0 0 0 0 0 0 0 116 0 0 93 0 109 0 0 0 0 0 0 0 0 0 0 0 0 0 0 0 0 141 0 0 0 0 0 0 0 0 0 127 0 0 0 0 0 0 0 0 0 48 0 0 99 0 0 0 88 0 134 65 0 0 
134 0 0 0 0 0 0 0 0 0 0 0 0 11 0 0 0 0 0 0 0 0 0 0 107 24 0 74 0 0 0 0 0 0 0 0 0 0 0 0 24 7 0 129 0 0 0 21 0 109 0 0 0 0 0 0 0 0 0 0 0 0 0 0 0 0 0 0 0 0 0 0 0 0 0 0 0 0 0 0 0 0 52 0 0 0 0 0 0 0 32 0 0 0 0 0 0 60 0 0 
0 37 0 0 0 0 0 0 0 0 0 0 0 0 0 0 0 0 42 0 0 0 0 129 0 13 0 0 141 64 0 0 0 0 0 0 0 0 0 0 26 0 0 0 0 25 0 0 0 0 0 0 0 0 0 0 0 0 0 0 0 0 0 0 0 0 0 0 20 0 0 0 0 0 0 0 0 0 0 0 0 0 0 0 0 0 0 0 0 0 134 0 0 0 0 139 0 0 0 113 
0 0 0 0 0 0 0 0 0 0 0 0 0 0 0 0 0 0 27 0 0 0 0 0 0 116 0 0 0 0 0 0 0 0 0 0 0 0 0 0 2 0 0 0 123 122 0 0 0 0 0 0 0 57 0 17 0 0 0 0 0 0 0 0 0 0 4 0 0 0 0 0 0 0 0 0 0 0 0 0 0 0 0 0 0 0 0 144 0 41 0 15 0 0 0 0 0 0 0 56 
5 0 0 0 0 0 0 0 0 52 0 0 0 0 77 0 0 0 0 0 0 0 89 0 0 0 0 0 0 0 6 33 0 65 0 0 130 0 0 0 21 0 0 0 0 0 0 0 0 0 0 0 57 0 0 0 136 0 146 0 0 0 0 0 0 0 0 0 0 0 0 0 0 140 0 0 0 0 102 0 0 0 0 0 0 0 0 0 0 0 0 0 0 0 0 0 0 0 0 0 
0 0 0 0 0 0 0 0 0 0 0 0 0 0 41 139 128 98 0 0 0 0 85 0 0 0 0 0 0 0 25 0 0 0 0 0 0 0 0 0 0 60 0 0 0 0 0 0 0 0 0 0 0 0 0 0 0 0 0 0 0 0 147 0 0 0 0 0 0 0 0 0 0 0 0 0 0 0 0 0 0 0 31 0 118 0 0 0 0 0 0 0 31 0 0 0 0 141 0 0 
0 25 70 0 0 0 0 0 0 0 0 113 142 0 0 0 0 0 0 0 0 0 0 0 0 0 0 0 0 0 0 0 0 0 0 0 0 0 16 0 106 135 0 0 0 0 0 0 0 0 0 0 17 0 0 0 0 0 0 0 0 0 5 0 0 47 0 79 0 0 0 0 0 24 89 0 0 0 0 0 0 0 0 0 0 0 0 0 0 0 0 0 0 0 0 0 0 0 0 0 
0 0 0 0 0 0 0 0 0 0 0 0 0 0 0 0 31 0 8 0 0 6 0 0 0 0 0 0 54 22 0 0 0 0 0 0 0 0 0 0 52 7 0 0 0 0 0 124 0 0 0 0 0 136 0 0 0 0 76 0 0 54 0 9 0 0 0 134 0 0 0 0 0 0 0 0 0 0 0 0 0 0 0 0 0 0 0 0 0 0 0 0 0 0 0 0 0 0 0 0 
0 0 0 0 0 0 0 0 0 0 0 0 0 0 0 0 0 0 0 0 0 0 0 0 0 0 0 0 0 136 0 30 0 0 0 0 0 0 0 0 0 0 0 0 0 0 0 0 0 0 0 0 0 0 0 0 0 0 0 0 0 0 0 96 64 0 0 93 0 0 92 0 0 0 0 0 0 0 0 0 0 148 0 0 0 0 0 0 0 0 0 0 0 0 0 0 0 0 0 0 
0 0 0 0 0 0 52 0 131 11 0 0 0 7 0 0 0 0 0 0 0 0 0 0 0 150 17 0 0 0 0 0 0 0 0 0 0 0 0 0 0 0 0 0 0 0 0 0 0 0 0 0 0 146 0 0 76 0 0 0 0 121 63 0 0 0 0 0 54 0 0 117 0 0 0 0 139 0 0 0 0 98 0 0 0 0 0 0 0 0 0 77 0 0 0 0 0 0 0 0 
138 0 0 0 0 0 33 0 0 0 50 0 0 0 0 0 0 0 0 122 0 0 90 0 0 0 0 0 0 0 21 0 0 0 0 0 0 0 114 0 0 0 0 0 0 0 103 0 0 0 0 0 0 0 0 0 0 0 0 0 0 0 0 0 0 0 0 150 0 0 0 0 0 0 149 0 0 0 26 0 0 0 0 0 0 0 0 0 0 0 0 0 0 0 0 0 0 111 0 0 
0 0 0 0 106 0 0 0 0 0 0 0 0 0 27 0 0 0 0 0 5 0 0 0 0 0 0 0 0 0 61 0 0 0 0 0 0 0 0 115 0 0 77 68 28 0 0 0 0 0 0 0 0 0 0 0 0 0 0 0 0 0 0 72 0 0 0 0 0 0 0 0 21 0 0 0 0 0 149 0 0 0 117 0 0 0 0 0 0 0 0 0 0 105 0 116 0 3 0 0 
0 0 0 0 0 0 0 0 0 0 72 0 64 0 0 0 0 0 0 0 0 0 0 0 0 0 0 0 141 0 0 0 0 0 0 0 0 0 0 0 0 104 0 0 0 0 0 0 0 0 0 0 0 0 0 0 54 0 121 0 0 0 0 0 0 131 0 0 0 96 0 0 0 0 0 0 113 0 0 110 0 0 0 62 21 51 0 0 0 0 0 0 128 0 0 0 0 0 0 0 
0 0 0 0 0 0 0 0 0 0 0 0 0 107 0 0 0 0 0 0 125 0 0 0 0 0 0 0 148 103 0 0 0 0 0 106 0 0 24 30 0 0 0 0 0 13 0 0 0 0 0 0 0 0 147 5 0 0 63 0 0 0 0 0 0 128 0 0 0 0 0 0 0 0 0 0 0 0 0 0 13 0 0 0 0 0 0 0 0 0 0 0 0 49 26 0 0 0 0 0 
0 0 0 0 0 0 0 0 0 0 0 0 0 0 0 21 0 63 0 0 0 0 0 0 0 0 0 0 0 0 0 107 0 0 0 0 29 0 0 0 0 0 0 0 0 0 98 0 0 0 0 0 0 0 0 0 9 96 0 0 72 0 0 0 0 0 0 0 139 88 0 12 0 0 0 0 0 0 0 0 0 0 0 120 0 0 0 0 12 0 0 40 0 0 98 0 0 0 0 0 
51 0 0 126 0 0 0 0 0 0 0 0 0 0 113 0 0 0 0 0 0 0 0 0 0 0 0 0 13 0 33 0 0 0 28 131 0 85 0 0 0 0 0 0 9 0 106 0 0 0 0 0 0 0 0 0 0 64 0 0 0 0 0 0 0 0 0 0 0 0 0 0 0 0 52 0 0 0 0 0 0 0 0 0 0 0 0 0 0 146 0 0 0 0 0 126 0 0 0 32 
0 132 0 0 0 0 70 0 67 0 0 0 0 0 0 150 0 96 0 0 0 0 0 34 0 0 0 0 16 0 0 0 0 0 0 0 0 0 0 0 60 0 0 0 0 0 70 0 0 0 0 0 0 0 0 47 0 0 0 0 0 131 128 0 0 0 0 0 0 0 0 0 0 0 0 0 0 0 0 0 0 0 0 0 25 0 0 0 0 3 0 0 0 0 0 0 0 0 0 0 
0 57 0 0 79 0 0 0 0 0 0 0 0 0 0 0 0 146 0 0 8 0 0 0 87 0 0 11 0 0 0 0 89 0 0 0 0 0 0 107 0 0 0 0 0 0 131 0 0 0 0 0 4 0 0 0 0 0 0 0 0 0 0 0 0 0 0 0 0 0 0 0 0 84 0 0 23 0 52 0 0 0 0 49 0 0 0 0 0 0 0 0 0 0 0 0 0 0 0 0 
0 0 0 0 0 0 0 0 0 0 0 0 0 0 0 0 0 0 0 0 0 0 0 0 0 0 0 0 0 0 0 0 0 0 0 0 0 0 0 99 0 0 76 0 0 0 0 0 0 141 0 0 0 0 0 79 134 93 0 150 0 0 0 0 0 0 0 0 37 0 0 0 0 0 0 0 0 0 0 0 145 0 0 0 0 119 0 0 0 109 0 0 0 0 0 0 0 0 0 0 
60 0 60 0 0 0 124 0 0 0 0 0 0 0 0 0 0 0 0 0 0 0 150 0 0 0 0 0 0 0 0 0 0 0 0 0 0 0 0 11 0 0 0 0 0 0 0 0 0 0 0 20 0 0 0 0 0 0 54 0 0 0 0 139 0 0 0 37 0 0 0 0 0 116 137 0 0 0 0 0 0 0 0 0 0 0 19 0 84 0 0 78 0 0 0 0 0 0 18 0 
0 0 62 60 0 0 0 0 0 50 6 126 0 0 0 0 0 0 0 0 0 0 0 0 0 0 0 0 0 0 0 0 0 0 0 51 0 0 0 0 0 0 0 0 0 0 0 44 0 0 0 0 0 0 0 0 0 0 0 0 0 96 0 88 0 0 0 0 0 0 0 0 60 0 0 0 15 0 0 0 0 0 0 0 0 0 0 0 29 0 0 0 77 0 0 0 0 0 0 0 
0 0 0 0 0 18 69 102 0 0 0 0 0 0 0 0 0 0 0 0 0 0 0 0 0 0 3 0 0 0 0 0 0 0 0 0 0 0 0 0 0 120 115 0 0 0 56 0 0 0 0 0 0 0 0 0 0 92 0 0 0 0 0 0 0 0 0 0 0 0 0 0 0 60 0 0 0 0 0 0 0 0 0 0 0 0 0 0 0 0 0 0 0 144 120 114 0 0 134 2 
0 0 0 0 0 0 0 0 0 0 0 0 0 0 0 0 0 0 0 6 0 0 0 0 0 0 0 0 0 0 0 58 0 0 0 0 0 0 0 0 0 0 39 0 0 104 0 0 124 0 0 0 0 0 0 0 0 0 117 0 0 0 0 12 0 0 0 0 0 0 0 0 0 0 0 64 0 0 0 0 0 0 0 16 0 0 0 0 0 0 0 0 95 0 0 0 0 0 0 79 
0 0 0 0 0 0 0 0 0 0 0 0 0 0 0 106 124 0 0 0 62 0 0 0 0 0 139 0 0 0 33 0 0 0 0 0 0 0 0 0 0 0 0 0 0 0 0 127 0 0 0 0 0 0 0 0 0 0 0 0 21 0 0 0 0 0 0 0 0 60 0 0 0 0 0 0 0 0 0 0 0 0 23 0 0 0 0 0 55 54 0 0 150 0 0 0 0 0 129 0 
0 0 0 0 0 0 0 0 0 0 0 0 0 0 51 145 0 0 0 0 0 0 0 0 0 0 0 0 86 0 0 0 0 0 0 0 0 124 0 0 0 0 0 0 0 0 0 0 0 0 0 0 0 140 0 24 0 0 0 0 0 0 0 0 0 0 84 0 116 0 60 0 0 0 0 0 0 0 0 0 136 104 0 0 0 28 0 0 0 0 0 52 0 0 44 0 35 0 0 0 
0 31 0 0 0 0 0 0 0 0 0 67 110 92 0 0 0 137 0 0 0 0 0 0 0 121 113 0 0 0 0 0 0 0 0 0 0 62 0 0 0 0 0 0 131 0 0 0 0 0 0 0 0 0 0 89 0 0 0 149 0 0 0 0 52 0 0 0 137 0 0 0 0 0 0 0 0 0 0 0 0 0 0 0 0 91 0 0 0 0 0 0 0 0 0 0 0 0 142 0 
0 140 0 0 0 2 0 0 0 0 0 0 35 0 0 0 0 0 0 0 0 0 66 0 0 0 0 0 12 0 0 0 0 0 93 0 0 0 0 43 0 0 0 77 50 0 0 0 56 0 0 0 0 0 0 0 0 0 0 0 0 0 0 0 0 0 0 0 0 0 0 64 0 0 0 0 0 125 0 0 0 100 0 0 0 0 0 0 0 0 0 0 0 128 0 0 0 0 0 0 
0 0 47 0 0 0 0 0 0 0 0 0 0 0 0 0 0 0 0 0 0 0 0 0 30 0 0 0 0 0 0 0 0 63 0 0 0 0 0 24 0 0 0 0 0 0 0 0 0 0 0 0 0 0 0 0 0 0 139 0 0 113 0 0 0 0 23 0 0 15 0 0 0 0 0 0 0 0 0 0 0 0 0 0 0 0 0 77 0 0 2 0 0 0 0 0 0 0 0 0 
0 0 0 98 0 0 0 0 0 44 0 112 0 0 0 91 0 0 0 0 0 0 0 0 0 0 93 0 0 0 0 100 0 0 0 120 57 0 0 0 129 0 70 0 78 0 0 0 0 127 0 0 0 0 0 0 0 0 0 0 0 0 0 0 0 0 0 0 0 0 0 0 0 0 0 125 0 0 0 0 31 0 0 0 0 0 0 0 0 0 0 0 0 0 100 0 0 0 0 0 
0 0 0 0 0 0 0 0 0 0 41 0 0 0 0 55 57 0 0 112 0 0 0 0 0 0 0 0 79 128 0 0 0 0 0 0 0 0 0 0 0 41 0 0 131 0 0 0 0 0 0 0 0 102 0 0 0 0 0 26 149 0 0 0 0 0 52 0 0 0 0 0 0 0 0 0 0 0 0 0 0 0 0 0 0 0 29 0 0 0 0 0 0 90 0 0 113 0 0 0 
40 0 0 0 0 0 128 0 0 0 0 113 140 0 0 0 0 0 0 54 134 0 0 0 0 0 0 0 0 0 0 0 0 0 0 0 0 0 0 0 0 0 0 0 0 0 0 0 0 0 0 0 0 0 0 0 0 0 0 0 0 110 0 0 0 0 0 0 0 0 0 0 0 0 0 0 0 0 0 0 0 0 0 0 0 0 14 0 0 69 0 0 0 130 0 0 0 0 149 0 
0 97 0 0 0 0 0 0 0 0 0 0 0 0 0 0 0 0 125 0 0 0 0 0 0 0 16 0 0 0 0 25 0 0 0 0 54 60 0 0 0 0 144 0 0 0 0 0 0 0 0 0 0 0 0 0 0 0 0 0 0 0 13 0 0 0 0 145 0 0 0 0 0 136 0 0 0 31 0 0 0 0 0 0 0 92 124 0 0 0 0 0 0 0 0 0 0 0 90 100 
0 0 133 0 0 117 0 0 0 0 0 0 0 0 0 0 0 0 0 0 0 0 0 0 53 0 0 23 0 33 0 0 0 0 0 0 8 0 0 0 0 0 0 0 0 67 0 30 0 0 0 0 0 0 0 0 0 148 98 0 0 0 0 0 0 0 0 0 0 0 0 0 0 104 0 100 0 0 0 0 0 0 0 0 0 0 0 0 0 0 0 0 0 0 0 0 0 0 0 0 
0 0 0 0 0 0 0 0 0 0 0 0 0 0 0 0 0 0 61 130 0 88 0 0 89 0 0 26 0 0 0 124 0 0 0 52 0 0 0 0 0 0 0 0 0 0 0 0 0 0 52 0 0 0 31 0 0 0 0 0 117 0 0 0 0 0 0 0 0 0 0 0 23 0 0 0 0 0 0 0 0 0 0 68 0 0 0 0 0 0 0 0 0 114 114 0 0 0 150 0 
0 0 28 0 0 0 0 0 0 0 0 51 0 0 0 0 0 0 0 0 135 0 0 0 0 111 0 0 0 0 0 0 0 0 0 0 23 0 86 0 0 0 0 0 0 0 0 0 0 0 0 0 0 0 0 0 0 0 0 0 0 62 0 120 0 0 49 0 0 0 0 16 0 0 0 0 0 0 0 0 0 0 68 0 0 0 0 149 0 0 0 0 0 56 107 0 51 0 0 0 
0 0 0 0 0 0 0 0 0 0 0 0 0 0 0 124 0 0 99 0 0 0 0 0 0 0 0 0 0 0 0 0 0 0 0 0 0 4 0 0 0 0 0 0 134 0 0 0 0 0 0 0 0 0 118 0 0 0 0 0 0 21 0 0 0 25 0 0 0 0 0 0 0 0 0 0 0 0 0 0 0 0 0 0 0 0 0 0 0 0 0 0 0 0 0 0 51 0 0 0 
0 0 47 0 105 0 0 0 0 0 131 0 0 0 0 0 0 0 0 75 0 0 0 0 0 0 0 0 73 0 0 0 0 0 0 77 0 0 121 0 0 0 0 0 0 0 0 0 0 0 0 0 0 0 0 0 0 0 0 0 0 51 0 0 0 0 0 119 0 0 0 0 0 28 91 0 0 0 0 0 92 0 0 0 0 0 0 0 0 0 0 70 109 0 0 0 0 0 0 35 
0 0 0 0 0 0 83 0 25 0 0 0 0 0 0 0 0 0 0 0 0 0 0 0 0 0 0 0 0 0 0 0 0 0 0 0 0 0 0 33 0 0 0 0 0 0 0 0 31 0 0 0 0 0 0 0 0 0 0 0 0 0 0 0 0 0 0 0 19 0 0 0 0 0 0 0 0 0 29 14 124 0 0 0 0 0 0 23 0 0 0 0 80 0 0 122 0 0 0 0 
0 0 0 81 3 0 136 0 0 0 141 0 0 0 0 0 123 0 0 0 0 0 0 0 96 0 0 118 0 0 0 0 0 0 0 0 0 38 0 0 0 46 0 0 0 0 0 0 0 48 0 0 144 0 0 0 0 0 0 0 0 0 0 0 0 0 0 0 0 0 0 0 0 0 0 0 77 0 0 0 0 0 0 149 0 0 23 0 0 0 0 0 0 0 0 86 0 0 0 0 
0 0 0 0 0 0 0 0 0 0 0 10 0 0 0 108 33 0 0 0 0 0 46 0 0 0 0 0 0 0 0 0 0 0 81 0 0 56 0 0 0 0 0 0 0 0 0 3 0 0 0 0 0 0 0 0 0 0 0 0 0 0 0 12 0 0 0 0 84 29 0 0 55 0 0 0 0 0 0 0 0 0 0 0 0 0 0 0 0 0 0 0 5 141 0 0 0 0 0 0 
0 0 0 0 0 0 0 0 0 0 0 0 0 0 0 0 0 0 148 60 0 0 0 0 0 0 126 0 0 0 0 124 0 0 0 0 87 0 0 0 0 0 0 0 0 56 0 77 0 0 0 0 41 0 0 0 0 0 0 0 0 0 0 0 146 3 0 109 0 0 0 0 54 0 0 0 0 0 0 69 0 0 0 0 0 0 0 0 0 0 0 0 0 129 50 0 0 0 0 0 
0 0 0 0 97 0 0 0 0 0 0 102 0 0 0 0 0 0 0 77 0 0 33 0 0 0 24 0 0 0 0 0 0 0 30 0 0 0 17 0 0 0 0 0 0 0 72 0 115 99 32 134 0 0 0 0 0 0 0 0 0 0 0 0 0 0 0 0 0 0 0 0 0 0 0 0 2 0 0 0 0 0 0 0 0 0 0 0 0 0 0 0 127 0 0 0 0 63 0 0 
0 0 0 0 0 0 0 0 0 0 0 0 0 66 0 0 0 0 0 0 0 0 0 0 136 0 0 0 0 0 0 0 113 0 0 0 0 0 71 0 0 0 51 78 0 0 82 0 0 0 0 0 15 0 0 0 0 0 77 0 0 0 0 40 0 0 0 0 78 0 0 0 0 52 0 0 0 0 0 0 0 0 0 0 0 70 0 0 0 0 0 0 0 0 0 49 0 0 0 0 
0 0 0 0 0 0 0 0 0 89 0 0 0 0 0 0 0 0 0 91 0 0 0 0 10 0 141 0 0 0 0 0 0 0 0 0 0 83 0 0 0 0 0 28 0 0 0 0 0 0 0 0 0 0 31 0 0 0 0 0 0 128 0 0 0 0 0 0 0 77 0 95 150 0 0 0 0 0 0 0 0 0 0 0 0 109 80 0 5 0 127 0 0 0 0 0 0 0 0 0 
0 0 0 0 0 0 0 0 0 0 0 0 0 0 0 0 0 0 57 0 0 115 0 75 0 0 0 0 0 0 0 0 0 0 0 0 33 0 0 0 0 0 0 0 0 0 0 0 0 0 0 0 0 0 0 0 0 0 0 0 105 0 49 0 0 0 0 0 0 0 144 0 0 0 0 128 0 0 90 130 0 0 114 56 0 0 0 0 141 129 0 0 0 0 0 0 0 129 0 0 
0 0 0 0 0 0 0 0 133 0 0 0 0 0 0 0 107 0 0 0 121 0 0 75 0 0 0 0 0 0 0 0 0 0 0 0 0 45 0 0 0 0 0 0 0 82 0 0 0 88 0 0 0 0 0 0 0 0 0 0 0 0 26 98 0 0 0 0 0 0 120 0 0 44 0 0 0 100 0 0 0 0 114 107 0 0 0 0 0 50 0 0 0 0 0 0 0 0 0 0 
0 0 0 0 0 85 0 0 0 0 0 0 0 0 0 0 0 0 0 0 0 0 0 0 0 0 0 0 44 0 0 0 0 0 0 0 0 0 0 0 0 0 0 0 0 0 0 0 0 0 0 139 0 0 0 0 0 0 0 0 116 0 0 0 126 0 0 0 0 0 114 0 0 0 0 0 0 0 0 0 0 0 0 0 0 0 122 86 0 0 0 49 0 0 0 0 0 0 28 0 
0 0 0 0 0 0 0 0 0 13 0 0 0 0 0 0 0 88 0 149 0 54 0 0 0 0 66 0 0 105 0 0 0 0 0 0 0 135 0 111 0 149 0 67 0 0 0 0 0 134 0 0 0 0 0 0 0 0 0 0 0 0 0 0 0 0 0 0 0 0 0 0 0 35 0 0 0 0 113 0 0 0 0 51 51 0 0 0 0 0 0 0 0 0 0 0 0 0 0 0 
0 0 0 0 0 0 0 0 0 0 0 0 0 0 0 0 0 0 0 0 0 0 0 0 0 0 0 0 0 0 0 0 56 0 132 0 0 0 0 0 0 0 0 34 0 0 0 0 0 65 60 0 0 0 141 0 0 0 0 111 3 0 0 0 0 0 0 0 0 0 0 0 0 0 0 0 0 0 0 0 0 0 0 0 0 0 0 0 0 0 63 0 0 129 0 0 0 0 81 34 
0 6 13 59 59 0 0 0 107 0 0 0 0 0 0 0 0 0 0 0 0 0 0 0 0 0 0 0 0 0 0 0 0 0 0 0 0 0 0 0 0 0 0 0 0 97 0 0 0 0 0 0 0 0 0 0 0 0 0 0 0 0 0 0 0 0 0 0 18 0 134 0 129 0 142 0 0 0 0 149 90 0 150 0 0 0 0 0 0 0 0 0 0 0 0 28 0 81 0 0 
0 0 0 0 0 17 0 0 0 0 0 0 0 0 0 0 0 43 0 57 0 0 0 0 0 0 0 0 0 0 0 0 0 0 0 0 0 0 0 0 0 0 0 0 0 0 51 0 0 0 0 113 56 0 0 0 0 0 0 0 0 0 0 0 32 0 0 0 0 0 2 79 0 0 0 0 0 0 0 0 100 0 0 0 0 35 0 0 0 0 0 0 0 0 0 0 0 34 0 0 
