0 0 0 0 0 0 0 0 0 0 0 0 0 0 0 0 0 0 0 0 0 0 0 0 0 80 0 0 0 45 0 0 0 0 0 0 0 0 0 30 0 0 0 0 0 0 0 0 0 0 0 0 42 0 62 0 0 0 0 0 0 0 0 0 0 47 55 0 0 0 0 0 37 0 0 70 0 0 51 0 0 0 0 19 0 0 45 0 0 0 0 82 0 29 57 0 0 0 0 0 
0 0 54 0 0 0 0 0 0 0 0 0 0 0 0 92 0 0 0 98 0 0 0 0 66 0 0 0 0 0 0 0 0 0 0 0 92 0 0 0 0 0 0 0 0 0 0 8 0 0 0 0 0 0 0 53 0 0 0 0 19 50 0 0 0 0 0 0 0 59 6 0 0 96 0 0 0 0 68 9 7 0 0 0 0 0 0 0 0 0 0 0 0 0 0 0 0 0 0 0 
0 54 0 0 0 0 57 0 0 0 0 71 0 0 37 0 0 0 0 81 0 0 0 0 0 0 0 0 0 0 0 0 60 0 0 0 0 0 0 0 0 0 0 0 0 0 0 0 0 0 0 0 0 71 0 0 0 90 0 0 3 0 95 10 36 0 0 0 0 0 0 0 0 0 15 0 0 0 0 0 0 0 0 0 0 0 0 0 0 0 0 0 0 0 17 0 0 92 0 0 
0 0 0 0 0 0 0 0 0 0 0 0 0 0 0 0 0 61 40 0 0 0 0 0 0 0 43 0 0 20 0 0 62 0 0 0 0 0 0 0 0 0 0 0 0 0 0 0 0 0 0 0 0 0 0 0 0 98 0 0 0 68 0 0 0 0 0 0 0 93 0 0 0 0 0 0 0 0 0 17 0 0 0 0 15 99 0 0 0 0 0 0 0 34 0 0 0 0 0 0 
0 0 0 0 0 0 33 0 0 0 0 0 64 0 0 0 0 0 0 0 0 0 0 0 0 0 0 20 0 0 33 0 83 0 0 0 0 0 0 0 0 0 0 0 0 0 0 0 0 0 0 0 0 0 0 0 71 0 0 0 0 0 0 0 0 0 0 0 0 0 0 0 0 0 0 0 0 0 9 0 34 0 54 86 0 0 0 0 0 0 29 0 0 0 90 0 0 0 0 0 
0 0 0 0 0 0 49 0 0 0 0 0 0 0 0 0 0 0 0 0 0 0 0 0 0 0 98 0 0 0 0 0 45 0 0 61 0 0 0 0 0 0 0 0 0 0 0 0 0 0 0 0 0 0 0 42 0 97 0 0 14 0 0 0 0 0 0 45 0 0 0 0 0 0 0 0 55 0 0 0 0 96 0 30 0 0 34 0 57 0 0 0 0 0 0 0 0 0 0 0 
0 0 57 0 33 49 0 0 0 0 0 0 0 0 0 0 0 49 0 0 0 0 0 0 0 0 0 0 0 0 0 0 0 52 0 0 0 0 39 0 0 0 0 37 25 0 0 0 0 0 0 0 0 0 0 0 0 0 0 0 0 0 0 0 0 0 0 0 0 0 0 0 0 0 0 0 0 0 0 0 0 0 0 0 0 25 0 0 0 0 0 0 0 54 0 1 0 0 0 0 
0 0 0 0 0 0 0 0 0 0 0 0 0 0 0 0 44 0 0 84 0 0 0 0 0 0 0 0 0 0 10 0 0 0 54 0 0 0 0 60 0 0 0 20 0 0 0 0 0 0 0 0 0 0 74 0 0 0 0 0 0 0 0 68 0 61 0 0 48 0 0 0 0 0 0 0 0 0 0 0 0 0 0 0 24 0 0 0 0 0 0 0 0 0 0 0 0 19 0 0 
0 0 0 0 0 0 0 0 0 0 0 0 0 0 0 0 0 0 0 0 0 0 0 0 79 0 0 0 97 0 0 0 0 0 0 26 63 0 0 19 2 0 0 70 0 0 22 0 0 0 0 0 0 0 0 0 91 0 0 0 0 0 0 0 0 98 0 0 0 0 0 0 0 0 0 0 0 0 0 0 0 34 0 0 46 27 0 0 0 0 0 0 0 0 0 74 0 0 0 0 
0 0 0 0 0 0 0 0 0 0 0 47 0 0 12 0 0 4 0 0 28 0 98 0 0 0 46 0 0 0 0 0 0 0 0 0 0 0 0 0 0 94 0 0 0 0 0 58 0 0 0 0 0 0 0 0 0 0 0 0 0 0 0 0 0 0 0 26 0 0 70 86 0 7 0 0 0 0 0 0 0 0 0 0 0 0 0 0 61 0 0 0 0 4 0 0 0 0 76 0 
0 0 0 0 0 0 0 0 0 0 0 29 100 0 0 0 0 0 44 0 0 88 0 49 74 4 62 0 85 0 37 0 0 0 0 0 0 0 0 0 0 0 0 0 0 0 0 0 0 0 9 15 0 0 0 0 0 11 3 0 0 0 0 0 0 0 0 0 0 0 0 0 0 0 0 0 0 0 0 0 0 0 0 0 0 0 0 0 0 0 0 0 0 0 0 0 21 0 0 0 
0 0 71 0 0 0 0 0 0 47 29 0 0 0 0 22 0 0 0 0 0 0 0 0 0 0 0 0 0 0 0 0 0 0 0 0 0 0 71 0 0 0 0 0 0 0 0 0 0 86 0 0 53 0 0 0 0 0 0 0 0 0 0 0 0 0 47 0 26 30 95 81 0 0 0 0 0 0 73 0 0 0 0 0 0 13 0 0 0 0 0 0 0 0 0 0 0 0 0 0 
0 0 0 0 64 0 0 0 0 0 100 0 0 0 0 45 0 0 0 38 0 0 0 0 0 9 0 0 14 0 0 0 0 0 0 0 0 0 98 0 0 0 0 0 9 0 0 0 0 18 59 0 0 0 0 0 0 0 0 34 0 0 0 0 0 0 0 58 0 0 0 27 0 0 0 0 0 0 90 0 0 0 0 0 38 0 0 0 0 0 0 0 0 0 0 0 0 0 0 0 
0 0 0 0 0 0 0 0 0 0 0 0 0 0 68 0 0 0 0 0 0 0 0 0 0 0 0 0 0 0 0 0 0 0 0 0 0 0 0 0 0 0 0 0 0 0 0 0 0 0 0 0 0 0 0 0 0 0 68 0 0 65 80 0 0 0 0 99 0 0 0 0 0 54 13 0 0 0 0 0 0 0 87 0 0 0 0 74 0 0 0 73 0 9 0 0 0 0 0 0 
0 0 37 0 0 0 0 0 0 12 0 0 0 68 0 0 85 0 0 0 0 46 0 0 92 0 0 0 0 68 0 46 0 0 0 0 0 0 0 0 0 0 18 0 0 0 68 0 0 0 0 55 0 0 0 0 0 0 0 0 0 0 0 0 0 0 0 0 0 0 0 0 0 0 0 0 0 0 0 95 0 0 0 0 0 0 0 0 0 0 0 0 0 0 67 0 10 93 0 0 
0 92 0 0 0 0 0 0 0 0 0 22 45 0 0 0 0 0 0 0 0 0 98 0 0 0 0 0 0 0 89 0 0 0 0 0 0 0 33 0 0 0 0 0 0 0 0 0 64 0 0 0 0 0 0 0 0 0 0 0 0 50 0 0 0 84 0 0 0 0 0 0 0 0 0 49 0 0 63 0 0 0 67 0 0 0 0 0 0 0 0 0 0 0 94 0 0 0 0 0 
0 0 0 0 0 0 0 44 0 0 0 0 0 0 85 0 0 0 0 0 0 0 0 70 0 0 0 0 0 0 0 92 0 0 0 0 0 0 0 20 0 0 0 0 0 0 0 0 46 44 0 0 0 0 0 0 0 0 0 0 0 0 0 0 53 0 0 0 0 0 0 0 0 0 0 74 0 0 0 0 0 17 0 0 0 0 0 0 26 18 0 0 0 0 0 0 3 0 0 0 
0 0 0 61 0 0 49 0 0 4 0 0 0 0 0 0 0 0 0 0 0 79 0 10 0 0 0 0 0 0 0 0 0 0 0 0 0 0 0 0 0 0 0 0 15 0 79 0 35 0 0 0 63 0 0 0 0 79 0 0 0 0 0 100 0 0 0 0 0 30 0 0 0 0 0 0 0 0 0 2 0 0 0 0 0 0 0 0 0 0 87 0 0 0 58 0 0 0 0 0 
0 0 0 40 0 0 0 0 0 0 44 0 0 0 0 0 0 0 0 0 0 0 0 0 0 0 0 0 0 0 0 0 0 0 0 0 0 0 57 0 0 0 0 45 67 0 33 0 0 0 72 59 76 0 0 0 0 0 0 12 0 0 0 0 0 0 0 0 0 0 0 0 0 0 0 0 0 0 0 0 0 0 0 0 0 0 47 0 0 0 0 0 0 0 0 0 0 0 0 0 
0 98 81 0 0 0 0 84 0 0 0 0 38 0 0 0 0 0 0 0 0 68 0 0 16 0 0 0 0 0 0 18 0 0 0 0 1 0 0 0 0 0 0 0 0 0 0 0 93 0 0 0 0 0 0 0 0 0 0 0 0 0 0 0 0 0 0 0 0 0 0 92 0 0 0 0 0 0 0 0 0 0 56 57 0 0 0 0 0 0 0 0 10 0 0 88 0 52 0 0 
0 0 0 0 0 0 0 0 0 28 0 0 0 0 0 0 0 0 0 0 0 0 0 10 0 0 0 0 42 0 0 0 0 0 0 0 0 85 0 0 0 0 10 12 0 0 0 0 0 0 0 69 0 31 38 0 0 0 0 0 0 0 27 0 28 0 0 0 0 0 0 0 0 0 0 0 0 0 0 0 0 0 0 0 0 0 0 0 0 0 0 0 0 0 0 0 0 39 0 0 
0 0 0 0 0 0 0 0 0 0 88 0 0 0 46 0 0 79 0 68 0 0 0 0 0 0 0 0 0 0 41 0 0 0 0 44 0 0 0 0 0 0 0 0 0 0 0 89 0 0 0 0 0 0 0 0 0 0 0 0 0 21 0 0 0 0 0 0 0 69 0 0 0 0 0 0 0 0 0 0 0 0 0 87 0 0 0 0 0 0 0 0 0 0 33 0 0 28 81 0 
0 0 0 0 0 0 0 0 0 98 0 0 0 0 0 98 0 0 0 0 0 0 0 0 0 0 0 48 0 0 0 76 0 0 0 0 0 0 0 96 0 81 0 0 0 0 0 0 97 53 14 0 0 0 0 0 0 0 0 74 0 0 94 0 0 0 0 77 0 0 58 0 1 0 0 0 0 0 0 0 0 0 0 0 0 11 0 0 0 0 0 0 0 0 0 0 0 0 0 0 
0 0 0 0 0 0 0 0 0 0 49 0 0 0 0 0 70 10 0 0 10 0 0 0 0 0 0 0 0 0 0 0 0 0 0 0 0 0 0 0 0 0 0 0 0 0 0 0 0 0 0 67 0 69 0 0 0 0 34 3 0 6 0 0 0 0 0 0 0 0 0 0 0 0 0 0 0 0 0 0 0 0 0 0 0 0 0 0 0 0 0 0 0 0 0 12 0 0 0 0 
0 66 0 0 0 0 0 0 79 0 74 0 0 0 92 0 0 0 0 16 0 0 0 0 0 0 0 0 0 0 0 0 0 59 0 0 0 0 0 0 0 53 0 0 0 0 0 0 30 0 0 0 0 0 53 69 0 0 0 0 0 0 0 0 0 0 0 0 91 0 0 0 0 0 0 0 0 0 59 0 0 0 0 0 0 0 0 26 0 0 0 0 0 0 100 15 0 0 0 0 
80 0 0 0 0 0 0 0 0 0 4 0 9 0 0 0 0 0 0 0 0 0 0 0 0 0 0 0 0 0 0 0 0 0 0 0 81 0 0 0 0 0 0 0 0 0 0 0 0 0 0 0 68 0 0 84 0 0 0 0 0 0 0 0 0 0 0 0 0 0 50 0 0 0 0 0 0 0 0 0 0 0 0 69 0 0 0 0 0 0 0 0 0 0 0 0 0 78 0 0 
0 0 0 43 0 98 0 0 0 46 62 0 0 0 0 0 0 0 0 0 0 0 0 0 0 0 0 0 0 0 0 32 0 0 0 0 0 6 0 0 0 0 0 53 0 0 0 0 0 0 0 0 13 0 0 0 85 0 0 0 0 0 0 0 0 0 0 0 0 63 0 16 0 0 0 0 81 0 0 0 0 0 0 0 0 0 0 0 0 0 0 39 0 0 0 0 0 0 54 0 
0 0 0 0 20 0 0 0 0 0 0 0 0 0 0 0 0 0 0 0 0 0 48 0 0 0 0 0 0 0 0 19 0 0 0 84 0 0 0 0 0 0 0 0 85 0 0 0 0 0 0 0 0 0 0 86 91 0 64 0 0 0 21 0 0 0 0 0 0 0 0 0 0 0 0 0 0 0 93 0 0 0 0 0 0 0 0 0 0 0 0 0 0 0 0 0 0 0 0 0 
0 0 0 0 0 0 0 0 97 0 85 0 14 0 0 0 0 0 0 0 42 0 0 0 0 0 0 0 0 0 0 0 0 0 0 0 0 0 0 0 0 67 0 0 0 0 0 0 0 21 0 85 0 0 0 0 0 0 16 61 0 0 0 0 0 0 0 47 0 0 0 0 97 48 0 0 2 0 0 0 0 0 0 0 0 0 0 0 91 0 0 0 0 0 0 0 0 0 29 0 
45 0 0 20 0 0 0 0 0 0 0 0 0 0 68 0 0 0 0 0 0 0 0 0 0 0 0 0 0 0 0 0 0 0 0 58 30 0 0 55 63 0 0 0 0 0 93 35 0 0 0 0 0 0 0 0 0 0 24 0 0 0 0 0 32 0 0 0 0 0 0 78 0 0 0 0 96 0 0 0 0 0 0 0 0 0 0 0 0 0 0 0 96 0 0 0 0 0 88 0 
0 0 0 0 33 0 0 10 0 0 37 0 0 0 0 89 0 0 0 0 0 41 0 0 0 0 0 0 0 0 0 0 0 70 0 0 0 65 0 48 0 0 0 25 0 0 0 0 0 0 0 0 0 0 0 0 0 0 0 0 0 0 0 0 0 0 0 0 0 0 0 0 0 0 44 0 0 0 0 0 0 60 0 0 0 0 0 0 82 14 74 0 0 0 0 0 94 0 0 0 
0 0 0 0 0 0 0 0 0 0 0 0 0 0 46 0 92 0 0 18 0 0 76 0 0 0 32 19 0 0 0 0 0 0 0 67 0 0 0 0 0 0 0 0 0 0 0 0 0 0 0 0 0 0 0 0 0 0 0 0 20 0 0 0 74 0 0 0 0 0 0 0 0 63 77 0 0 0 0 0 32 0 0 59 0 0 0 0 0 0 0 0 0 0 0 0 0 77 0 0 
0 0 60 62 83 45 0 0 0 0 0 0 0 0 0 0 0 0 0 0 0 0 0 0 0 0 0 0 0 0 0 0 0 0 0 0 0 0 0 0 0 0 0 0 0 0 0 79 0 0 0 0 64 0 0 0 47 0 98 0 55 0 0 0 0 0 0 0 0 0 0 0 0 0 82 65 0 46 0 0 28 3 0 0 0 0 0 0 0 0 0 0 0 0 0 0 5 0 0 0 
0 0 0 0 0 0 52 0 0 0 0 0 0 0 0 0 0 0 0 0 0 0 0 0 59 0 0 0 0 0 70 0 0 0 68 0 0 0 0 0 0 0 0 0 0 3 0 0 0 0 0 0 0 0 24 0 0 0 42 7 36 0 0 0 0 0 0 1 0 95 0 0 0 0 0 0 0 0 0 0 0 0 0 0 0 0 0 0 0 0 0 0 18 0 0 0 0 0 0 0 
0 0 0 0 0 0 0 54 0 0 0 0 0 0 0 0 0 0 0 0 0 0 0 0 0 0 0 0 0 0 0 0 0 68 0 0 88 49 7 0 0 0 0 28 0 0 0 75 0 0 0 0 0 0 0 0 0 0 0 91 0 0 0 0 86 0 0 0 0 0 0 0 24 0 0 0 0 0 0 0 0 0 0 0 12 0 0 26 0 0 0 0 0 0 0 0 0 0 0 0 
0 0 0 0 0 61 0 0 26 0 0 0 0 0 0 0 0 0 0 0 0 44 0 0 0 0 0 84 0 58 0 67 0 0 0 0 0 0 0 0 0 0 0 0 0 56 0 0 0 0 79 0 0 0 0 0 0 0 0 0 0 0 0 0 0 0 0 0 0 0 0 5 48 82 0 0 0 0 0 0 0 0 0 0 0 0 53 0 8 0 0 55 0 0 0 0 0 0 0 0 
0 92 0 0 0 0 0 0 63 0 0 0 0 0 0 0 0 0 0 1 0 0 0 0 0 81 0 0 0 30 0 0 0 0 88 0 0 0 0 0 28 0 0 0 0 0 0 0 57 0 0 0 0 0 96 0 0 0 0 0 0 0 0 0 0 0 0 0 68 0 0 0 0 0 0 16 0 0 0 25 0 0 0 0 100 0 0 0 0 0 0 0 0 0 26 0 0 4 0 0 
0 0 0 0 0 0 0 0 0 0 0 0 0 0 0 0 0 0 0 0 85 0 0 0 0 0 6 0 0 0 65 0 0 0 49 0 0 0 0 0 0 93 14 0 35 0 0 6 0 0 38 0 0 0 0 0 0 0 0 0 0 0 0 0 0 0 0 0 0 0 0 0 95 0 0 0 0 0 85 0 0 0 0 18 0 0 0 0 0 0 0 0 0 0 0 0 0 0 0 0 
0 0 0 0 0 0 39 0 0 0 0 71 98 0 0 33 0 0 57 0 0 0 0 0 0 0 0 0 0 0 0 0 0 0 7 0 0 0 0 0 0 0 0 0 32 0 0 0 0 0 0 0 81 0 0 0 0 0 0 0 0 0 0 0 0 0 0 0 0 0 0 0 0 0 0 0 0 0 0 6 0 0 0 0 0 0 0 0 0 0 0 0 0 0 0 2 0 0 0 23 
30 0 0 0 0 0 0 60 19 0 0 0 0 0 0 0 20 0 0 0 0 0 96 0 0 0 0 0 0 55 48 0 0 0 0 0 0 0 0 0 0 0 71 0 0 76 0 0 0 0 65 61 0 0 0 0 0 0 49 0 0 0 0 0 0 0 0 0 0 0 0 0 0 0 0 0 92 0 0 0 0 0 0 43 0 0 0 0 0 0 0 0 3 0 0 0 0 0 0 0 
0 0 0 0 0 0 0 0 2 0 0 0 0 0 0 0 0 0 0 0 0 0 0 0 0 0 0 0 0 63 0 0 0 0 0 0 28 0 0 0 0 0 57 0 0 0 0 0 0 0 0 0 0 0 0 0 47 0 0 0 0 100 0 0 0 0 0 21 0 0 0 0 0 58 0 0 77 0 0 0 0 0 0 0 0 0 0 0 0 0 36 0 0 0 0 0 0 0 0 0 
0 0 0 0 0 0 0 0 0 94 0 0 0 0 0 0 0 0 0 0 0 0 81 0 53 0 0 0 67 0 0 0 0 0 0 0 0 93 0 0 0 0 0 0 0 0 0 0 0 11 83 30 0 0 0 0 0 0 81 0 0 0 0 0 0 0 0 0 0 92 6 0 0 0 0 0 0 0 0 0 0 0 0 0 0 0 0 0 0 0 0 0 0 0 0 0 0 0 0 36 
0 0 0 0 0 0 0 0 0 0 0 0 0 0 18 0 0 0 0 0 10 0 0 0 0 0 0 0 0 0 0 0 0 0 0 0 0 14 0 71 57 0 0 0 0 0 0 0 0 20 0 0 0 80 0 77 0 0 0 0 7 0 0 42 68 0 0 0 0 0 0 0 0 0 0 0 0 0 0 30 0 0 0 0 0 0 0 0 0 0 0 0 0 0 0 0 0 0 0 0 
0 0 0 0 0 0 37 20 70 0 0 0 0 0 0 0 0 0 45 0 12 0 0 0 0 0 53 0 0 0 25 0 0 0 28 0 0 0 0 0 0 0 0 0 0 0 0 0 0 0 0 0 0 0 0 0 0 0 0 0 0 0 29 0 0 0 0 0 60 0 0 0 0 0 0 0 0 0 0 58 0 0 82 0 0 0 0 0 61 0 0 0 100 29 0 0 0 0 0 0 
0 0 0 0 0 0 25 0 0 0 0 0 9 0 0 0 0 15 67 0 0 0 0 0 0 0 0 85 0 0 0 0 0 0 0 0 0 35 32 0 0 0 0 0 0 0 0 0 0 0 0 0 0 0 0 0 0 0 0 24 0 0 0 49 0 0 0 0 0 0 0 0 28 0 0 0 0 79 0 0 0 0 0 0 64 0 0 0 0 0 0 63 78 0 0 34 0 0 0 0 
0 0 0 0 0 0 0 0 0 0 0 0 0 0 0 0 0 0 0 0 0 0 0 0 0 0 0 0 0 0 0 0 0 3 0 56 0 0 0 76 0 0 0 0 0 0 0 0 0 0 0 0 58 58 0 0 0 0 0 0 0 0 0 0 0 67 0 0 0 0 0 0 0 0 0 0 10 0 0 50 0 0 0 0 0 0 4 0 0 0 0 88 7 8 0 0 0 0 0 0 
0 0 0 0 0 0 0 0 22 0 0 0 0 0 68 0 0 79 33 0 0 0 0 0 0 0 0 0 0 93 0 0 0 0 0 0 0 0 0 0 0 0 0 0 0 0 0 0 0 0 0 0 0 0 32 26 0 0 0 0 0 0 0 0 0 0 0 72 0 0 85 0 0 0 0 0 0 0 85 0 0 0 0 0 0 0 0 44 0 0 0 0 0 0 0 0 0 0 0 0 
0 8 0 0 0 0 0 0 0 58 0 0 0 0 0 0 0 0 0 0 0 89 0 0 0 0 0 0 0 35 0 0 79 0 75 0 0 6 0 0 0 0 0 0 0 0 0 0 0 0 0 0 0 7 0 0 24 0 0 0 0 0 0 0 71 25 0 0 0 0 0 0 0 0 0 22 0 0 0 0 96 0 0 46 0 92 0 0 0 0 0 0 0 0 0 0 0 0 0 0 
0 0 0 0 0 0 0 0 0 0 0 0 0 0 0 64 46 35 0 93 0 0 97 0 30 0 0 0 0 0 0 0 0 0 0 0 57 0 0 0 0 0 0 0 0 0 0 0 0 0 9 0 0 0 0 60 0 0 0 0 0 0 0 0 34 0 0 0 0 0 0 20 0 0 0 0 0 0 0 0 0 0 4 0 0 78 0 62 0 0 0 0 0 0 0 0 73 0 0 0 
0 0 0 0 0 0 0 0 0 0 0 86 18 0 0 0 44 0 0 0 0 0 53 0 0 0 0 0 21 0 0 0 0 0 0 0 0 0 0 0 0 11 20 0 0 0 0 0 0 0 0 0 0 0 0 0 0 0 0 0 0 0 0 69 0 0 0 0 50 0 0 0 0 17 0 0 0 0 0 0 63 0 0 0 0 77 0 15 1 0 0 0 0 0 0 96 0 0 0 0 
0 0 0 0 0 0 0 0 0 0 9 0 59 0 0 0 0 0 72 0 0 0 14 0 0 0 0 0 0 0 0 0 0 0 0 79 0 38 0 65 0 83 0 0 0 0 0 0 9 0 0 0 0 0 0 0 0 7 0 0 0 0 58 0 0 0 0 0 0 0 94 0 0 0 13 0 0 0 0 0 94 0 0 0 0 0 0 0 0 0 0 91 0 0 0 0 0 0 0 0 
0 0 0 0 0 0 0 0 0 0 15 0 0 0 55 0 0 0 59 0 69 0 0 67 0 0 0 0 85 0 0 0 0 0 0 0 0 0 0 61 0 30 0 0 0 0 0 0 0 0 0 0 0 89 0 0 0 0 0 0 0 0 0 0 0 65 0 0 0 0 0 0 0 0 0 0 11 0 0 0 0 0 0 100 0 0 0 0 76 0 0 0 0 0 85 0 0 0 0 25 
42 0 0 0 0 0 0 0 0 0 0 53 0 0 0 0 0 63 76 0 0 0 0 0 0 68 13 0 0 0 0 0 64 0 0 0 0 0 81 0 0 0 0 0 0 58 0 0 0 0 0 0 0 0 0 0 0 0 0 95 0 70 0 0 0 0 0 0 0 0 0 42 0 0 0 0 0 0 0 0 87 0 0 0 25 0 0 0 0 0 0 0 0 0 0 0 0 0 0 0 
0 0 71 0 0 0 0 0 0 0 0 0 0 0 0 0 0 0 0 0 31 0 0 69 0 0 0 0 0 0 0 0 0 0 0 0 0 0 0 0 0 0 80 0 0 58 0 7 0 0 0 89 0 0 0 0 0 0 0 0 0 0 0 0 0 0 0 49 0 0 0 0 0 0 0 0 71 0 0 0 45 31 0 0 0 0 0 0 44 47 0 0 0 0 0 0 0 0 0 0 
62 0 0 0 0 0 0 74 0 0 0 0 0 0 0 0 0 0 0 0 38 0 0 0 53 0 0 0 0 0 0 0 0 24 0 0 96 0 0 0 0 0 0 0 0 0 32 0 0 0 0 0 0 0 0 0 0 12 0 0 17 65 0 56 0 0 0 0 0 0 0 0 44 2 0 0 0 0 0 0 0 0 0 0 0 0 0 0 0 0 0 0 0 0 0 0 0 0 0 0 
0 53 0 0 0 42 0 0 0 0 0 0 0 0 0 0 0 0 0 0 0 0 0 0 69 84 0 86 0 0 0 0 0 0 0 0 0 0 0 0 0 0 77 0 0 0 26 0 60 0 0 0 0 0 0 0 0 0 0 0 0 0 0 0 0 0 0 0 0 0 0 0 0 0 90 0 0 32 0 0 0 51 0 0 68 0 0 69 0 0 0 0 0 0 0 0 0 0 0 0 
0 0 0 0 71 0 0 0 91 0 0 0 0 0 0 0 0 0 0 0 0 0 0 0 0 0 85 91 0 0 0 0 47 0 0 0 0 0 0 0 47 0 0 0 0 0 0 24 0 0 0 0 0 0 0 0 0 0 0 0 60 0 0 0 0 5 0 0 7 0 0 0 0 0 0 0 0 77 0 0 0 0 0 88 0 0 0 1 88 0 88 0 0 0 0 0 0 0 0 0 
0 0 90 98 0 97 0 0 0 0 11 0 0 0 0 0 0 79 0 0 0 0 0 0 0 0 0 0 0 0 0 0 0 0 0 0 0 0 0 0 0 0 0 0 0 0 0 0 0 0 7 0 0 0 12 0 0 0 0 60 0 10 0 0 0 0 27 0 0 0 0 76 18 0 0 0 0 0 0 0 0 0 0 0 0 0 0 0 0 0 0 5 0 0 0 0 0 0 0 22 
0 0 0 0 0 0 0 0 0 0 3 0 0 68 0 0 0 0 0 0 0 0 0 34 0 0 0 64 16 24 0 0 98 42 0 0 0 0 0 49 0 81 0 0 0 0 0 0 0 0 0 0 0 0 0 0 0 0 0 0 0 0 0 0 0 0 0 0 0 0 0 0 0 84 16 0 0 0 0 0 0 0 0 0 0 0 0 56 0 0 0 0 0 0 0 0 0 0 0 73 
0 0 0 0 0 0 0 0 0 0 0 0 34 0 0 0 0 0 12 0 0 0 74 3 0 0 0 0 61 0 0 0 0 7 91 0 0 0 0 0 0 0 0 0 24 0 0 0 0 0 0 0 95 0 0 0 0 60 0 0 0 0 54 0 0 0 0 0 0 0 66 99 0 0 0 0 0 0 0 0 0 0 0 0 0 0 0 0 0 0 0 0 0 0 0 0 0 83 0 0 
0 19 3 0 0 14 0 0 0 0 0 0 0 0 0 0 0 0 0 0 0 0 0 0 0 0 0 0 0 0 0 20 55 36 0 0 0 0 0 0 0 0 7 0 0 0 0 0 0 0 0 0 0 0 17 0 60 0 0 0 0 0 14 0 0 47 0 0 0 0 0 0 0 0 0 0 0 0 0 0 0 0 0 0 0 0 0 0 99 0 0 0 0 0 0 0 19 13 0 56 
0 50 0 68 0 0 0 0 0 0 0 0 0 65 0 50 0 0 0 0 0 21 0 6 0 0 0 0 0 0 0 0 0 0 0 0 0 0 0 0 100 0 0 0 0 0 0 0 0 0 0 0 70 0 65 0 0 10 0 0 0 0 0 0 0 0 0 0 0 0 0 0 0 0 0 54 0 0 0 0 0 6 0 0 0 85 0 0 0 0 0 0 0 0 0 0 0 0 0 0 
0 0 95 0 0 0 0 0 0 0 0 0 0 80 0 0 0 0 0 0 27 0 94 0 0 0 0 21 0 0 0 0 0 0 0 0 0 0 0 0 0 0 0 29 0 0 0 0 0 0 58 0 0 0 0 0 0 0 0 54 14 0 0 0 0 67 0 0 24 0 0 0 79 0 0 0 0 0 0 0 0 0 0 0 0 0 0 0 0 0 59 0 0 0 0 59 0 0 18 0 
0 0 10 0 0 0 0 68 0 0 0 0 0 0 0 0 0 100 0 0 0 0 0 0 0 0 0 0 0 0 0 0 0 0 0 0 0 0 0 0 0 0 42 0 49 0 0 0 0 69 0 0 0 0 56 0 0 0 0 0 0 0 0 0 0 0 0 0 0 0 0 0 0 0 0 71 0 0 90 0 27 35 12 0 0 29 0 0 0 0 0 0 0 0 0 0 0 5 0 28 
0 0 36 0 0 0 0 0 0 0 0 0 0 0 0 0 53 0 0 0 28 0 0 0 0 0 0 0 0 32 0 74 0 0 86 0 0 0 0 0 0 0 68 0 0 0 0 71 34 0 0 0 0 0 0 0 0 0 0 0 0 0 0 0 0 0 0 0 0 0 0 0 0 0 0 0 33 0 0 31 0 78 0 0 0 0 0 0 0 58 0 0 0 0 0 0 0 0 0 0 
47 0 0 0 0 0 0 61 98 0 0 0 0 0 0 84 0 0 0 0 0 0 0 0 0 0 0 0 0 0 0 0 0 0 0 0 0 0 0 0 0 0 0 0 0 67 0 25 0 0 0 65 0 0 0 0 5 0 0 0 47 0 67 0 0 0 0 0 0 0 0 0 68 0 0 0 97 63 0 0 0 0 0 0 0 29 0 1 0 0 0 0 0 0 0 0 0 0 0 0 
55 0 0 0 0 0 0 0 0 0 0 47 0 0 0 0 0 0 0 0 0 0 0 0 0 0 0 0 0 0 0 0 0 0 0 0 0 0 0 0 0 0 0 0 0 0 0 0 0 0 0 0 0 0 0 0 0 27 0 0 0 0 0 0 0 0 0 0 0 0 0 0 0 51 0 63 0 0 0 0 0 93 0 48 0 0 0 27 95 0 0 85 0 0 88 0 7 32 0 0 
0 0 0 0 0 45 0 0 0 26 0 0 58 99 0 0 0 0 0 0 0 0 77 0 0 0 0 0 47 0 0 0 0 1 0 0 0 0 0 0 21 0 0 0 0 0 72 0 0 0 0 0 0 49 0 0 0 0 0 0 0 0 0 0 0 0 0 0 0 0 0 0 0 94 0 0 0 0 0 0 7 0 0 0 0 0 0 0 50 0 0 0 0 0 0 87 51 0 0 0 
0 0 0 0 0 0 0 48 0 0 0 26 0 0 0 0 0 0 0 0 0 0 0 0 91 0 0 0 0 0 0 0 0 0 0 0 68 0 0 0 0 0 0 60 0 0 0 0 0 50 0 0 0 0 0 0 7 0 0 0 0 0 24 0 0 0 0 0 0 61 0 0 0 0 0 0 17 0 0 0 0 0 42 0 0 0 0 0 0 0 57 15 0 22 0 0 0 0 44 0 
0 59 0 93 0 0 0 0 0 0 0 30 0 0 0 0 0 30 0 0 0 69 0 0 0 0 63 0 0 0 0 0 0 95 0 0 0 0 0 0 0 92 0 0 0 0 0 0 0 0 0 0 0 0 0 0 0 0 0 0 0 0 0 0 0 0 0 0 61 0 0 0 0 0 0 0 0 50 0 0 0 0 0 3 0 0 0 0 0 0 0 0 41 0 0 0 0 29 66 0 
0 6 0 0 0 0 0 0 0 70 0 95 0 0 0 0 0 0 0 0 0 0 58 0 0 50 0 0 0 0 0 0 0 0 0 0 0 0 0 0 0 6 0 0 0 0 85 0 0 0 94 0 0 0 0 0 0 0 0 66 0 0 0 0 0 0 0 0 0 0 0 0 0 45 0 0 10 0 0 0 46 10 0 0 0 0 0 0 0 66 0 0 0 0 0 3 0 0 0 0 
0 0 0 0 0 0 0 0 0 86 0 81 27 0 0 0 0 0 0 92 0 0 0 0 0 0 16 0 0 78 0 0 0 0 0 5 0 0 0 0 0 0 0 0 0 0 0 0 20 0 0 0 42 0 0 0 0 76 0 99 0 0 0 0 0 0 0 0 0 0 0 0 0 0 0 0 0 0 0 61 0 0 0 0 0 33 0 0 0 43 0 0 0 0 0 0 0 0 0 59 
37 0 0 0 0 0 0 0 0 0 0 0 0 0 0 0 0 0 0 0 0 0 1 0 0 0 0 0 97 0 0 0 0 0 24 48 0 95 0 0 0 0 0 0 28 0 0 0 0 0 0 0 0 0 44 0 0 18 0 0 0 0 79 0 0 68 0 0 0 0 0 0 0 0 0 10 0 0 0 0 0 0 0 0 0 0 49 0 0 0 93 0 0 0 0 0 0 0 0 0 
0 96 0 0 0 0 0 0 0 7 0 0 0 54 0 0 0 0 0 0 0 0 0 0 0 0 0 0 48 0 0 63 0 0 0 82 0 0 0 0 58 0 0 0 0 0 0 0 0 17 0 0 0 0 2 0 0 0 84 0 0 0 0 0 0 0 51 94 0 0 45 0 0 0 0 0 0 0 0 0 0 0 97 0 0 0 0 0 0 0 0 0 0 0 0 0 0 0 0 0 
0 0 15 0 0 0 0 0 0 0 0 0 0 13 0 0 0 0 0 0 0 0 0 0 0 0 0 0 0 0 44 77 82 0 0 0 0 0 0 0 0 0 0 0 0 0 0 0 0 0 13 0 0 0 0 90 0 0 16 0 0 0 0 0 0 0 0 0 0 0 0 0 0 0 0 0 0 69 30 0 0 0 77 0 0 0 78 0 0 0 0 51 9 0 0 0 4 0 0 0 
70 0 0 0 0 0 0 0 0 0 0 0 0 0 0 49 74 0 0 0 0 0 0 0 0 0 0 0 0 0 0 0 65 0 0 0 16 0 0 0 0 0 0 0 0 0 0 22 0 0 0 0 0 0 0 0 0 0 0 0 0 54 0 71 0 0 63 0 0 0 0 0 10 0 0 0 0 0 0 0 0 0 24 0 6 0 20 0 0 0 0 5 0 0 0 100 0 0 0 0 
0 0 0 0 0 55 0 0 0 0 0 0 0 0 0 0 0 0 0 0 0 0 0 0 0 0 81 0 2 96 0 0 0 0 0 0 0 0 0 92 77 0 0 0 0 10 0 0 0 0 0 11 0 71 0 0 0 0 0 0 0 0 0 0 33 97 0 0 17 0 10 0 0 0 0 0 0 0 0 0 0 0 0 0 0 0 0 0 0 0 0 0 53 21 0 0 0 0 0 0 
0 0 0 0 0 0 0 0 0 0 0 0 0 0 0 0 0 0 0 0 0 0 0 0 0 0 0 0 0 0 0 0 46 0 0 0 0 0 0 0 0 0 0 0 79 0 0 0 0 0 0 0 0 0 0 32 77 0 0 0 0 0 0 0 0 63 0 0 0 50 0 0 0 0 69 0 0 0 0 0 0 0 0 0 67 43 0 0 0 50 0 0 0 0 0 68 91 0 0 33 
51 68 0 0 9 0 0 0 0 0 0 73 90 0 0 63 0 0 0 0 0 0 0 0 59 0 0 93 0 0 0 0 0 0 0 0 0 85 0 0 0 0 0 0 0 0 85 0 0 0 0 0 0 0 0 0 0 0 0 0 0 0 0 90 0 0 0 0 0 0 0 0 0 0 30 0 0 0 0 0 0 0 0 73 0 0 0 0 0 0 0 93 0 0 0 0 0 0 74 0 
0 9 0 17 0 0 0 0 0 0 0 0 0 0 95 0 0 2 0 0 0 0 0 0 0 0 0 0 0 0 0 0 0 0 0 0 25 0 6 0 0 0 30 58 0 50 0 0 0 0 0 0 0 0 0 0 0 0 0 0 0 0 0 0 31 0 0 0 0 0 0 61 0 0 0 0 0 0 0 0 0 65 2 0 0 0 0 37 0 0 0 0 0 0 0 0 0 0 0 0 
0 7 0 0 34 0 0 0 0 0 0 0 0 0 0 0 0 0 0 0 0 0 0 0 0 0 0 0 0 0 0 32 28 0 0 0 0 0 0 0 0 0 0 0 0 0 0 96 0 63 94 0 87 45 0 0 0 0 0 0 0 0 0 27 0 0 0 7 0 0 46 0 0 0 0 0 0 0 0 0 0 0 0 0 0 0 0 0 0 0 0 11 0 0 0 0 0 0 0 0 
0 0 0 0 0 96 0 0 34 0 0 0 0 0 0 0 17 0 0 0 0 0 0 0 0 0 0 0 0 0 60 0 3 0 0 0 0 0 0 0 0 0 0 0 0 0 0 0 0 0 0 0 0 31 0 51 0 0 0 0 0 6 0 35 78 0 93 0 0 0 10 0 0 0 0 0 0 0 0 65 0 0 0 0 0 59 0 0 0 0 0 0 0 0 0 0 0 0 0 0 
0 0 0 0 54 0 0 0 0 0 0 0 0 87 0 67 0 0 0 56 0 0 0 0 0 0 0 0 0 0 0 0 0 0 0 0 0 0 0 0 0 0 0 82 0 0 0 0 4 0 0 0 0 0 0 0 0 0 0 0 0 0 0 12 0 0 0 0 42 0 0 0 0 97 77 24 0 0 0 2 0 0 0 0 0 0 0 0 0 0 0 0 18 0 99 0 0 0 0 0 
19 0 0 0 86 30 0 0 0 0 0 0 0 0 0 0 0 0 0 57 0 87 0 0 0 69 0 0 0 0 0 59 0 0 0 0 0 18 0 43 0 0 0 0 0 0 0 46 0 0 0 100 0 0 0 0 88 0 0 0 0 0 0 0 0 0 48 0 0 3 0 0 0 0 0 0 0 0 73 0 0 0 0 0 0 0 0 0 0 0 0 0 0 0 0 0 0 0 0 0 
0 0 0 15 0 0 0 24 46 0 0 0 38 0 0 0 0 0 0 0 0 0 0 0 0 0 0 0 0 0 0 0 0 0 12 0 100 0 0 0 0 0 0 0 64 0 0 0 0 0 0 0 25 0 0 68 0 0 0 0 0 0 0 0 0 0 0 0 0 0 0 0 0 0 0 6 0 67 0 0 0 0 0 0 0 0 0 0 0 0 0 0 0 0 0 0 0 0 0 0 
0 0 0 99 0 0 25 0 27 0 0 13 0 0 0 0 0 0 0 0 0 0 11 0 0 0 0 0 0 0 0 0 0 0 0 0 0 0 0 0 0 0 0 0 0 0 0 92 78 77 0 0 0 0 0 0 0 0 0 0 0 85 0 29 0 29 0 0 0 0 0 33 0 0 0 0 0 43 0 0 0 59 0 0 0 0 0 88 0 0 0 0 0 0 0 0 0 0 0 0 
45 0 0 0 0 34 0 0 0 0 0 0 0 0 0 0 0 0 47 0 0 0 0 0 0 0 0 0 0 0 0 0 0 0 0 53 0 0 0 0 0 0 0 0 0 4 0 0 0 0 0 0 0 0 0 0 0 0 0 0 0 0 0 0 0 0 0 0 0 0 0 0 49 0 78 20 0 0 0 0 0 0 0 0 0 0 0 0 0 0 0 0 0 0 33 0 0 0 0 0 
0 0 0 0 0 0 0 0 0 0 0 0 0 74 0 0 0 0 0 0 0 0 0 0 26 0 0 0 0 0 0 0 0 0 26 0 0 0 0 0 0 0 0 0 0 0 44 0 62 15 0 0 0 0 0 69 1 0 56 0 0 0 0 0 0 1 27 0 0 0 0 0 0 0 0 0 0 0 0 37 0 0 0 0 0 88 0 0 0 0 0 0 0 0 0 0 0 0 0 0 
0 0 0 0 0 57 0 0 0 61 0 0 0 0 0 0 26 0 0 0 0 0 0 0 0 0 0 0 91 0 82 0 0 0 0 8 0 0 0 0 0 0 0 61 0 0 0 0 0 1 0 76 0 44 0 0 88 0 0 0 99 0 0 0 0 0 95 50 0 0 0 0 0 0 0 0 0 0 0 0 0 0 0 0 0 0 0 0 0 0 0 0 0 0 0 24 0 0 0 0 
0 0 0 0 0 0 0 0 0 0 0 0 0 0 0 0 18 0 0 0 0 0 0 0 0 0 0 0 0 0 14 0 0 0 0 0 0 0 0 0 0 0 0 0 0 0 0 0 0 0 0 0 0 47 0 0 0 0 0 0 0 0 0 0 58 0 0 0 0 0 66 43 0 0 0 0 0 50 0 0 0 0 0 0 0 0 0 0 0 0 0 0 0 16 0 0 0 0 15 0 
0 0 0 0 29 0 0 0 0 0 0 0 0 0 0 0 0 87 0 0 0 0 0 0 0 0 0 0 0 0 74 0 0 0 0 0 0 0 0 0 36 0 0 0 0 0 0 0 0 0 0 0 0 0 0 0 88 0 0 0 0 0 59 0 0 0 0 0 57 0 0 0 93 0 0 0 0 0 0 0 0 0 0 0 0 0 0 0 0 0 0 0 0 0 0 36 0 0 0 41 
82 0 0 0 0 0 0 0 0 0 0 0 0 73 0 0 0 0 0 0 0 0 0 0 0 0 39 0 0 0 0 0 0 0 0 55 0 0 0 0 0 0 0 0 63 88 0 0 0 0 91 0 0 0 0 0 0 5 0 0 0 0 0 0 0 0 85 0 15 0 0 0 0 0 51 5 0 0 93 0 11 0 0 0 0 0 0 0 0 0 0 0 0 0 0 0 0 44 0 0 
0 0 0 0 0 0 0 0 0 0 0 0 0 0 0 0 0 0 0 10 0 0 0 0 0 0 0 0 0 96 0 0 0 18 0 0 0 0 0 3 0 0 0 100 78 7 0 0 0 0 0 0 0 0 0 0 0 0 0 0 0 0 0 0 0 0 0 0 0 41 0 0 0 0 9 0 53 0 0 0 0 0 18 0 0 0 0 0 0 0 0 0 0 0 0 0 0 0 88 0 
29 0 0 34 0 0 54 0 0 4 0 0 0 9 0 0 0 0 0 0 0 0 0 0 0 0 0 0 0 0 0 0 0 0 0 0 0 0 0 0 0 0 0 29 0 8 0 0 0 0 0 0 0 0 0 0 0 0 0 0 0 0 0 0 0 0 0 0 22 0 0 0 0 0 0 0 21 0 0 0 0 0 0 0 0 0 0 0 0 16 0 0 0 0 0 0 0 0 38 0 
57 0 17 0 90 0 0 0 0 0 0 0 0 0 67 94 0 58 0 0 0 33 0 0 100 0 0 0 0 0 0 0 0 0 0 0 26 0 0 0 0 0 0 0 0 0 0 0 0 0 0 85 0 0 0 0 0 0 0 0 0 0 0 0 0 0 88 0 0 0 0 0 0 0 0 0 0 0 0 0 0 0 99 0 0 0 33 0 0 0 0 0 0 0 0 0 0 0 0 10 
0 0 0 0 0 0 1 0 74 0 0 0 0 0 0 0 0 0 0 88 0 0 0 12 15 0 0 0 0 0 0 0 0 0 0 0 0 0 2 0 0 0 0 0 34 0 0 0 0 96 0 0 0 0 0 0 0 0 0 0 0 0 59 0 0 0 0 87 0 0 3 0 0 0 0 100 0 68 0 0 0 0 0 0 0 0 0 0 24 0 36 0 0 0 0 0 0 0 0 0 
0 0 0 0 0 0 0 0 0 0 21 0 0 0 10 0 3 0 0 0 0 0 0 0 0 0 0 0 0 0 94 0 5 0 0 0 0 0 0 0 0 0 0 0 0 0 0 0 73 0 0 0 0 0 0 0 0 0 0 0 19 0 0 0 0 0 7 51 0 0 0 0 0 0 4 0 0 91 0 0 0 0 0 0 0 0 0 0 0 0 0 0 0 0 0 0 0 0 0 0 
0 0 92 0 0 0 0 19 0 0 0 0 0 0 93 0 0 0 0 52 39 28 0 0 0 78 0 0 0 0 0 77 0 0 0 0 4 0 0 0 0 0 0 0 0 0 0 0 0 0 0 0 0 0 0 0 0 0 0 83 13 0 0 5 0 0 32 0 0 29 0 0 0 0 0 0 0 0 0 0 0 0 0 0 0 0 0 0 0 0 0 44 0 0 0 0 0 0 0 0 
0 0 0 0 0 0 0 0 0 76 0 0 0 0 0 0 0 0 0 0 0 81 0 0 0 0 54 0 29 88 0 0 0 0 0 0 0 0 0 0 0 0 0 0 0 0 0 0 0 0 0 0 0 0 0 0 0 0 0 0 0 0 18 0 0 0 0 0 44 66 0 0 0 0 0 0 0 0 74 0 0 0 0 0 0 0 0 0 0 15 0 0 88 38 0 0 0 0 0 100 
0 0 0 0 0 0 0 0 0 0 0 0 0 0 0 0 0 0 0 0 0 0 0 0 0 0 0 0 0 0 0 0 0 0 0 0 0 0 23 0 0 36 0 0 0 0 0 0 0 0 0 25 0 0 0 0 0 22 73 0 56 0 0 28 0 0 0 0 0 0 0 59 0 0 0 0 0 33 0 0 0 0 0 0 0 0 0 0 0 0 41 0 0 0 10 0 0 0 100 0 
