0 47 0 65 0 0 34 0 0 0 0 0 0 0 21 0 0 36 8 0 0 3 49 19 50 0 43 0 40 0 66 0 28 0 45 0 0 0 0 56 100 45 4 14 34 0 0 14 0 0 64 44 0 53 44 0 70 43 34 0 91 0 74 0 49 0 10 78 0 0 11 0 0 0 16 0 0 0 56 0 41 19 0 0 0 0 86 0 25 0 0 32 0 61 0 100 50 0 52 62 
47 0 0 0 84 0 0 0 26 0 0 0 49 34 36 1 0 48 9 0 0 48 93 89 0 0 0 76 22 0 40 45 0 0 45 67 0 0 45 2 0 0 52 0 0 54 36 46 56 0 5 95 17 0 0 0 89 0 65 0 96 43 0 88 0 46 0 44 0 0 0 0 0 75 0 68 40 38 5 0 0 2 0 0 52 0 0 14 0 17 67 52 0 0 57 0 31 58 21 0 
0 0 0 0 4 0 0 3 93 0 0 73 79 20 0 51 0 82 80 56 0 0 0 0 0 0 9 0 0 0 4 46 0 89 0 72 96 0 34 0 0 57 96 52 0 0 0 76 42 93 0 79 61 0 0 4 90 0 0 0 0 33 0 21 0 48 86 44 55 0 0 0 0 0 62 0 4 12 0 0 63 0 60 20 94 0 66 0 0 0 0 0 0 0 0 0 56 86 30 1 
65 0 0 0 0 0 0 0 85 56 49 0 25 0 0 54 41 45 0 0 0 31 10 0 0 53 0 0 82 64 0 0 0 49 86 52 16 15 74 0 0 28 100 16 36 0 70 0 0 86 91 0 58 65 95 0 0 90 0 0 0 76 88 96 0 0 48 0 0 97 99 0 0 2 0 59 0 0 0 63 0 51 61 41 0 0 0 87 0 3 0 0 36 0 0 0 32 97 44 20 
0 84 4 0 0 0 82 26 0 9 50 65 0 27 0 40 20 62 0 0 70 0 0 12 49 99 0 0 0 34 88 0 1 0 93 51 0 9 0 89 0 0 0 35 3 0 74 38 0 90 58 38 0 0 0 43 0 20 0 0 0 0 0 13 0 0 0 0 0 0 9 0 31 56 32 64 17 8 83 82 0 52 28 0 51 0 0 0 1 0 26 20 0 0 21 0 0 44 36 0 
0 0 0 0 0 0 0 0 99 95 0 5 0 0 0 13 27 28 81 0 86 0 55 37 19 0 91 0 82 6 0 6 0 0 0 0 29 0 0 62 73 55 61 66 33 0 0 83 97 0 0 27 0 100 0 30 100 1 8 0 0 33 0 51 0 35 0 0 0 0 31 33 0 37 0 0 100 83 0 54 87 17 0 0 0 0 1 37 0 93 19 0 83 89 0 26 4 30 0 0 
34 0 0 0 82 0 0 0 0 0 0 0 74 0 0 59 0 8 27 0 71 0 0 0 0 63 65 0 0 0 0 0 69 0 44 0 4 35 0 0 22 0 46 3 0 78 0 0 0 45 0 0 0 0 0 0 0 0 0 0 21 0 0 7 61 0 15 98 0 0 70 69 1 0 85 0 0 90 0 14 0 0 28 0 0 0 0 82 0 0 24 0 0 0 0 0 76 0 0 37 
0 0 3 0 26 0 0 0 0 42 42 22 64 0 0 64 0 0 0 56 0 0 0 40 0 72 0 0 27 25 80 38 11 0 0 0 0 41 0 0 33 80 89 0 0 36 0 0 0 0 0 0 7 63 0 56 0 96 0 0 63 0 0 0 92 0 63 19 0 58 39 26 0 0 27 26 0 53 0 0 0 90 0 0 61 8 0 61 0 0 0 0 0 0 0 11 47 78 0 0 
0 26 93 85 0 99 0 0 0 0 72 0 23 0 0 0 0 26 0 0 13 0 42 13 94 10 0 0 0 65 83 0 0 0 62 22 0 100 65 0 0 69 0 0 0 0 82 0 0 0 0 5 52 0 87 0 5 74 38 80 0 0 74 0 20 88 44 0 98 80 0 20 19 13 18 77 85 0 37 14 0 82 0 0 82 0 0 58 63 0 0 0 0 0 16 85 0 0 0 43 
0 0 0 56 9 95 0 42 0 0 0 0 0 72 81 0 98 0 74 0 0 0 100 0 0 0 0 0 0 0 0 0 16 91 5 14 0 0 0 0 0 66 47 12 18 0 79 0 0 0 0 75 69 90 84 79 0 40 57 11 0 0 65 0 1 31 52 0 0 97 100 87 0 56 0 0 0 0 0 79 88 14 0 96 0 0 0 0 78 0 0 0 0 0 89 77 79 0 0 60 
0 0 0 49 50 0 0 42 72 0 0 0 20 37 0 5 0 0 0 0 92 11 0 0 19 0 0 0 0 66 0 17 0 70 0 2 0 5 0 69 38 43 0 0 0 0 75 60 0 38 69 37 21 64 0 0 0 86 0 0 16 40 0 0 15 67 0 8 0 0 5 0 0 0 87 37 69 46 42 0 67 0 0 38 96 97 0 69 55 0 0 0 0 0 0 56 29 0 94 77 
0 0 73 0 65 5 0 22 0 0 0 0 20 77 0 0 0 6 0 85 46 92 0 25 54 0 0 91 55 0 0 0 80 3 0 61 0 0 0 0 0 86 0 3 0 0 70 15 18 0 11 0 0 78 0 29 80 30 52 25 16 0 92 0 0 35 89 0 0 95 0 0 75 18 52 66 0 0 0 55 24 0 81 0 0 15 0 0 59 0 0 0 2 0 0 0 5 0 0 62 
0 49 79 25 0 0 74 64 23 0 20 20 0 0 46 0 2 98 3 64 0 89 23 0 39 0 97 0 80 22 0 0 0 0 0 89 0 94 0 85 31 0 84 51 67 18 91 41 86 0 0 0 0 0 48 0 5 0 53 0 15 0 0 0 0 0 55 0 10 5 11 0 0 0 0 0 0 0 0 0 68 70 18 0 0 82 0 0 81 0 48 1 6 0 26 54 0 80 0 0 
0 34 20 0 27 0 0 0 0 72 37 77 0 0 0 0 77 57 86 0 82 0 0 0 66 11 0 9 31 13 0 69 9 49 0 38 0 0 18 0 97 30 0 21 0 23 45 0 18 0 14 78 0 0 34 0 0 76 70 22 21 0 56 0 67 0 52 0 0 82 0 0 0 88 0 0 0 0 0 27 54 33 93 66 26 0 45 0 0 0 0 0 15 85 0 97 44 0 0 84 
21 36 0 0 0 0 0 0 0 81 0 0 46 0 0 0 12 0 0 20 7 88 0 0 0 0 0 56 46 0 82 0 40 71 0 0 0 0 25 68 97 0 0 51 0 11 0 79 0 0 0 33 0 0 68 0 0 0 35 57 60 0 0 0 78 0 0 95 0 85 29 0 48 92 76 76 0 0 0 0 20 0 0 48 63 91 0 53 38 0 15 28 0 100 0 0 58 0 55 8 
0 1 51 54 40 13 59 64 0 0 5 0 0 0 0 0 6 0 0 24 0 65 38 51 55 0 0 0 25 1 76 100 52 8 22 0 8 50 0 6 87 0 0 87 34 100 94 0 0 0 19 30 0 0 100 0 0 27 0 79 0 0 0 11 0 24 51 14 0 0 3 0 0 0 84 0 60 0 0 0 30 0 38 42 0 1 0 0 14 0 16 0 71 85 0 31 0 0 0 0 
0 0 0 41 20 27 0 0 0 98 0 0 2 77 12 6 0 50 36 27 0 0 0 97 16 73 6 0 0 63 0 0 0 69 76 0 0 33 65 0 0 0 77 0 0 41 67 35 2 0 0 0 0 0 36 82 0 0 0 0 0 45 64 0 0 0 91 0 0 0 74 96 0 0 13 0 94 99 0 0 88 11 0 49 18 0 0 0 0 34 97 0 0 0 0 0 24 0 0 0 
36 48 82 45 62 28 8 0 26 0 0 6 98 57 0 0 50 0 0 0 79 65 23 44 0 0 0 0 12 49 0 0 0 51 0 69 0 0 25 0 86 0 36 0 0 19 0 0 17 0 0 0 0 0 0 99 76 32 43 0 0 0 0 73 15 0 0 27 12 64 0 17 0 0 0 81 0 62 0 0 84 65 0 16 45 0 59 68 0 0 0 25 66 53 33 73 0 0 46 0 
8 9 80 0 0 81 27 0 0 74 0 0 3 86 0 0 36 0 0 0 0 0 0 22 47 55 53 50 95 0 0 0 78 49 0 0 0 0 89 0 0 7 44 0 50 0 79 76 60 0 40 0 55 0 58 75 0 0 0 0 74 31 0 0 21 67 0 0 0 91 0 0 45 0 18 98 0 88 1 79 11 0 69 72 0 0 3 0 9 0 12 0 0 0 15 0 0 93 91 0 
0 0 56 0 0 0 0 56 0 0 0 85 64 0 20 24 27 0 0 0 40 0 0 0 3 0 0 0 81 90 72 66 79 0 0 0 0 0 0 48 0 0 20 30 0 0 64 43 66 16 0 0 0 0 0 30 68 42 0 0 82 70 0 0 0 42 0 0 3 0 0 6 23 0 0 0 0 0 52 41 0 31 33 31 0 0 0 65 0 0 0 0 96 0 0 15 50 0 0 27 
0 0 0 0 70 86 71 0 13 0 92 46 0 82 7 0 0 79 0 40 0 28 0 0 0 66 0 6 0 75 0 83 0 0 0 0 44 94 74 23 48 0 0 70 0 94 0 0 41 2 11 60 0 0 15 86 17 13 0 94 20 52 69 0 2 0 35 0 0 0 20 99 0 2 0 68 0 23 62 0 16 0 18 0 77 68 0 0 99 0 0 0 33 0 0 0 0 56 0 52 
3 48 0 31 0 0 0 0 0 0 11 92 89 0 88 65 0 65 0 0 28 0 0 0 0 0 0 0 87 0 14 0 0 0 56 89 95 39 0 0 0 57 0 0 55 31 0 0 0 41 96 70 72 29 0 63 36 0 33 54 0 44 0 54 0 17 80 76 58 82 13 0 0 15 45 0 63 0 76 61 0 0 0 16 5 64 64 91 90 0 66 0 0 0 0 0 0 0 65 93 
49 93 0 10 0 55 0 0 42 100 0 0 23 0 0 38 0 23 0 0 0 0 0 0 0 0 58 37 0 0 77 0 0 0 0 86 0 44 0 0 85 54 0 0 0 0 0 54 0 90 0 55 0 39 67 0 82 92 48 0 0 0 0 0 0 6 9 40 80 68 0 0 0 90 0 0 0 0 0 0 14 19 84 64 0 0 4 0 0 97 0 0 0 54 0 81 0 0 0 0 
19 89 0 0 12 37 0 40 13 0 0 25 0 0 0 51 97 44 22 0 0 0 0 0 0 76 0 0 0 0 0 86 0 43 0 0 0 66 0 75 48 0 0 0 0 0 14 0 0 0 45 32 0 0 32 0 3 0 0 42 0 0 0 0 45 0 0 0 0 72 0 25 0 0 76 0 76 86 68 0 71 0 0 0 90 0 0 0 0 95 0 0 0 0 78 45 0 44 0 82 
50 0 0 0 49 19 0 0 94 0 19 54 39 66 0 55 16 0 47 3 0 0 0 0 0 0 0 0 0 84 0 76 0 0 22 0 0 60 74 0 0 24 91 0 77 0 44 47 0 7 44 37 67 0 0 52 0 0 53 0 10 0 0 0 0 0 29 0 0 0 36 30 14 0 0 11 98 0 91 28 0 46 57 43 16 0 0 39 1 76 0 0 67 13 0 9 0 0 29 0 
0 0 0 53 99 0 63 72 10 0 0 0 0 11 0 0 73 0 55 0 66 0 0 76 0 0 0 0 37 0 0 0 77 31 83 0 60 0 35 0 9 0 0 44 8 0 0 3 0 52 0 0 52 2 0 0 0 11 96 13 4 33 0 32 0 68 0 88 67 95 0 40 0 0 0 0 86 0 0 0 0 0 56 0 0 59 64 75 0 0 45 17 0 21 0 0 33 0 44 36 
43 0 9 0 0 91 65 0 0 0 0 0 97 0 0 0 6 0 53 0 0 0 58 0 0 0 0 0 22 72 71 0 0 0 0 88 6 8 0 45 63 2 0 0 34 54 0 69 93 0 65 0 61 0 16 0 6 0 0 41 0 0 0 0 3 31 34 72 46 0 58 0 0 53 57 0 42 0 0 0 92 96 0 59 0 10 0 9 0 0 51 0 33 0 85 0 0 0 0 39 
0 76 0 0 0 0 0 0 0 0 0 91 0 9 56 0 0 0 50 0 6 0 37 0 0 0 0 0 0 0 11 0 0 1 0 42 0 0 72 0 3 96 95 38 0 0 12 80 0 0 19 0 0 35 3 0 79 0 10 0 0 0 0 64 61 0 0 0 10 0 67 0 52 11 0 0 0 81 10 0 63 0 32 38 33 0 95 10 0 0 0 57 67 0 64 62 88 0 0 0 
40 22 0 82 0 82 0 27 0 0 0 55 80 31 46 25 0 12 95 81 0 87 0 0 0 37 22 0 0 0 79 0 54 9 0 0 0 64 0 2 44 86 32 0 21 52 34 0 18 0 0 0 0 17 0 0 0 17 57 0 0 0 0 0 0 0 0 0 0 0 0 88 30 26 0 39 0 11 69 0 81 81 0 0 38 0 0 0 0 22 0 19 32 62 77 34 0 0 45 71 
0 0 0 64 34 6 0 25 65 0 66 0 22 13 0 1 63 49 0 90 75 0 0 0 84 0 72 0 0 0 68 66 100 26 2 0 0 54 82 0 0 0 62 92 13 20 0 34 17 0 0 0 0 68 87 56 0 38 82 35 38 0 51 0 21 49 0 0 0 7 0 0 82 58 3 0 47 0 38 0 0 0 0 45 0 0 77 0 31 0 0 0 0 97 0 0 0 89 0 95 
66 40 4 0 88 0 0 80 83 0 0 0 0 0 82 76 0 0 0 72 0 14 77 0 0 0 71 11 79 68 0 0 0 0 0 7 0 0 0 47 70 37 0 0 0 0 0 5 42 0 22 46 51 0 11 8 55 0 83 36 0 0 0 28 0 0 42 0 0 89 0 7 0 0 47 0 44 0 0 0 49 0 0 75 41 0 0 0 5 8 39 0 0 0 0 52 0 74 11 0 
0 45 46 0 0 6 0 38 0 0 17 0 0 69 0 100 0 0 0 66 83 0 0 86 76 0 0 0 0 66 0 0 0 0 0 0 0 0 55 0 70 12 0 0 6 0 32 0 39 56 0 26 84 68 0 0 0 86 49 53 0 0 0 0 0 71 95 15 66 0 77 0 0 0 0 0 12 0 85 19 0 9 49 0 0 55 0 0 0 13 0 19 62 71 53 0 0 0 0 96 
28 0 0 0 1 0 69 11 0 16 0 80 0 9 40 52 0 0 78 79 0 0 0 0 0 77 0 0 54 100 0 0 0 0 0 0 56 24 98 1 23 70 0 0 0 0 0 0 0 0 67 0 61 9 0 20 0 0 93 0 0 0 13 0 95 37 86 10 80 94 48 33 0 0 0 0 0 0 22 0 0 0 0 92 79 0 52 88 52 0 0 0 69 42 0 0 0 0 0 0 
0 0 89 49 0 0 0 0 0 91 70 3 0 49 71 8 69 51 49 0 0 0 0 43 0 31 0 1 9 26 0 0 0 0 0 0 81 69 54 0 0 8 0 66 0 0 82 0 0 0 0 45 29 0 83 79 0 0 0 56 19 76 0 73 0 0 0 13 94 100 0 18 76 65 87 85 1 0 77 0 0 0 0 37 17 0 0 22 5 44 27 85 10 68 0 0 0 0 0 39 
45 45 0 86 93 0 44 0 62 5 0 0 0 0 0 22 76 0 0 0 0 56 0 0 22 83 0 0 0 2 0 0 0 0 0 0 74 0 0 0 0 97 100 0 87 0 0 0 0 0 26 0 0 0 0 99 0 0 0 94 8 32 1 50 67 26 0 0 46 0 0 26 82 0 0 0 48 0 60 0 23 0 6 60 54 0 0 55 58 0 32 47 0 98 97 0 41 35 0 0 
0 67 72 52 51 0 0 0 22 14 2 61 89 38 0 0 0 69 0 0 0 89 86 0 0 0 88 42 0 0 7 0 0 0 0 0 0 0 81 7 0 0 0 0 0 59 0 98 0 45 56 0 64 0 0 58 55 65 0 0 40 94 0 0 0 0 0 39 0 65 0 19 0 0 0 2 0 0 0 29 64 95 26 84 0 81 32 31 89 0 0 0 69 51 0 56 0 78 9 0 
0 0 96 16 0 29 4 0 0 0 0 0 0 0 0 8 0 0 0 0 44 95 0 0 0 60 6 0 0 0 0 0 56 81 74 0 0 0 0 0 87 12 56 0 24 98 0 10 0 0 0 0 0 0 31 0 0 65 58 0 0 94 0 72 0 3 75 0 62 0 0 0 0 39 0 0 0 0 0 0 0 0 51 57 82 49 0 0 0 53 0 0 0 0 0 45 97 0 0 0 
0 0 0 15 9 0 35 41 100 0 5 0 94 0 0 50 33 0 0 0 94 39 44 66 60 0 8 0 64 54 0 0 24 69 0 0 0 0 0 97 0 0 0 0 0 38 12 77 24 0 54 39 0 86 0 0 0 44 0 35 0 92 0 0 0 89 0 18 44 76 88 0 0 0 4 0 44 0 88 0 66 0 60 1 47 55 63 72 14 65 0 0 48 18 0 0 0 88 0 0 
0 45 34 74 0 0 0 0 65 0 0 0 0 18 25 0 65 25 89 0 74 0 0 0 74 35 0 72 0 82 0 55 98 54 0 81 0 0 0 0 31 0 0 59 0 40 0 55 21 0 0 25 0 23 0 0 0 0 0 23 0 40 0 0 54 0 43 0 51 0 52 0 0 20 0 0 0 87 0 0 81 0 0 0 33 0 0 0 42 0 29 10 0 9 0 60 0 0 0 11 
56 2 0 0 89 62 0 0 0 0 69 0 85 0 68 6 0 0 0 48 23 0 0 75 0 0 45 0 2 0 47 0 1 0 0 7 0 97 0 0 41 0 15 0 33 79 7 51 17 56 28 83 69 0 0 42 0 0 0 0 0 58 0 0 25 0 0 98 0 39 0 27 0 75 89 2 0 0 18 0 64 0 88 0 21 0 0 0 74 13 0 0 0 70 0 22 0 0 0 0 
100 0 0 0 0 73 22 33 0 0 38 0 31 97 97 87 0 86 0 0 48 0 85 48 0 9 63 3 44 0 70 70 23 0 0 0 87 0 31 41 0 0 0 98 49 0 0 0 46 25 29 0 62 0 0 0 0 0 0 0 24 0 62 22 0 0 0 51 0 0 45 0 75 0 0 0 0 28 0 52 0 73 43 0 0 35 0 0 26 0 28 0 52 43 7 0 0 24 0 0 
45 0 57 28 0 55 0 80 69 66 43 86 0 30 0 0 0 0 7 0 0 57 54 0 24 0 2 96 86 0 37 12 70 8 97 0 12 0 0 0 0 0 2 11 0 0 0 0 0 0 0 0 67 71 0 0 0 11 40 17 0 0 0 0 0 0 50 0 79 94 0 16 50 41 0 75 0 0 2 0 0 0 0 0 0 0 0 0 91 0 95 0 42 0 0 50 20 82 94 0 
4 52 96 100 0 61 46 89 0 47 0 0 84 0 0 0 77 36 44 20 0 0 0 0 91 0 0 95 32 62 0 0 0 0 100 0 56 0 0 15 0 2 0 0 82 0 70 0 55 0 87 73 59 0 31 0 0 0 0 16 0 89 9 0 89 54 45 65 0 54 0 0 16 0 54 45 0 0 0 0 88 93 73 0 0 83 0 0 0 17 38 0 13 44 0 89 0 0 55 30 
14 0 52 16 35 66 3 0 0 12 0 3 51 21 51 87 0 0 0 30 70 0 0 0 0 44 0 38 0 92 0 0 0 66 0 0 0 0 59 0 98 11 0 0 0 47 0 0 81 0 17 79 0 88 0 0 28 14 0 0 0 0 99 0 0 0 79 24 28 0 64 0 40 48 91 0 57 7 0 25 0 0 20 11 0 95 83 0 36 0 51 71 0 0 0 0 5 24 51 31 
34 0 0 36 3 33 0 0 0 18 0 0 67 0 0 34 0 0 50 0 0 55 0 0 77 8 34 0 21 13 0 6 0 0 87 0 24 0 0 33 49 0 82 0 0 4 32 0 0 85 0 0 0 42 0 0 0 60 0 0 0 25 0 23 0 27 0 0 0 0 100 0 19 95 56 0 40 61 49 42 25 0 0 0 0 36 0 0 0 92 0 0 67 0 80 19 11 65 0 74 
0 54 0 0 0 0 78 36 0 0 0 0 18 23 11 100 41 19 0 0 94 31 0 0 0 0 54 0 52 20 0 0 0 0 0 59 98 38 40 79 0 0 0 47 4 0 0 65 0 0 0 80 0 68 76 64 3 90 86 41 0 79 0 0 87 9 0 41 66 0 0 0 0 18 0 0 54 66 0 0 0 0 0 0 13 17 0 0 0 0 29 0 90 0 0 0 13 0 56 0 
0 36 0 70 74 0 0 0 82 79 75 70 91 45 0 94 67 0 79 64 0 0 0 14 44 0 0 12 34 0 0 32 0 82 0 0 0 12 0 7 0 0 70 0 32 0 0 64 44 0 57 0 0 58 0 54 4 0 0 72 0 0 9 0 80 0 49 44 0 0 66 22 0 12 0 81 50 0 0 0 0 1 0 58 0 92 0 0 68 0 45 0 88 17 80 54 55 0 0 38 
14 46 76 0 38 83 0 0 0 0 60 15 41 0 79 0 35 0 76 43 0 0 54 0 47 3 69 80 0 34 5 0 0 0 0 98 10 77 55 51 0 0 0 0 0 65 64 0 0 0 0 0 24 0 0 0 0 21 43 74 47 29 0 27 0 34 41 0 58 0 65 31 0 0 0 0 86 97 20 72 74 0 37 0 0 0 40 0 0 94 0 4 0 0 0 51 3 0 0 0 
0 56 42 0 0 97 0 0 0 0 0 18 86 18 0 0 2 17 60 66 41 0 0 0 0 0 93 0 18 17 42 39 0 0 0 0 0 24 21 17 46 0 55 81 0 0 44 0 0 0 0 0 0 15 68 0 2 67 58 88 0 49 0 51 66 11 43 91 52 0 0 64 15 0 0 0 0 42 56 97 66 88 64 0 0 36 0 0 0 3 0 0 0 0 0 0 6 92 88 53 
0 0 93 86 90 0 45 0 0 0 38 0 0 0 0 0 0 0 0 16 2 41 90 0 7 52 0 0 0 0 0 56 0 0 0 45 0 0 0 56 25 0 0 0 85 0 0 0 0 0 67 0 19 0 0 65 55 48 0 0 100 28 0 0 0 91 57 0 0 0 33 0 23 0 17 85 0 46 0 0 0 22 30 0 38 0 30 0 0 0 48 0 0 86 30 98 52 65 63 0 
64 5 0 91 58 0 0 0 0 0 69 11 0 14 0 19 0 0 40 0 11 96 0 45 44 0 65 19 0 0 22 0 67 0 26 56 0 54 0 28 29 0 87 17 0 0 57 0 0 67 0 90 0 7 10 0 45 36 88 0 69 96 0 0 61 83 0 91 0 13 9 4 0 66 0 0 0 39 0 70 0 0 17 0 96 24 0 0 0 0 0 0 53 0 0 84 90 0 16 0 
44 95 79 0 38 27 0 0 5 75 37 0 0 78 33 30 0 0 0 0 60 70 55 32 37 0 0 0 0 0 46 26 0 45 0 0 0 39 25 83 0 0 73 79 0 80 0 0 0 0 90 0 44 0 0 55 35 33 0 38 0 0 81 0 41 0 0 38 0 0 0 25 46 0 0 0 46 74 0 31 0 25 63 0 81 0 0 56 54 10 36 67 0 73 58 89 0 0 0 0 
0 17 61 58 0 0 0 7 52 69 21 0 0 0 0 0 0 0 55 0 0 72 0 0 67 52 61 0 0 0 51 84 61 29 0 64 0 0 0 69 62 67 59 0 0 0 0 24 0 19 0 44 0 0 0 0 0 91 0 0 19 2 0 0 3 0 40 0 0 0 5 0 0 0 84 0 64 94 0 48 0 62 0 0 52 82 42 36 0 0 48 0 0 0 26 94 0 96 0 0 
53 0 0 65 0 100 0 63 0 90 64 78 0 0 0 0 0 0 0 0 0 29 39 0 0 2 0 35 17 68 0 68 9 0 0 0 0 86 23 0 0 71 0 88 42 68 58 0 15 0 7 0 0 0 0 0 19 0 0 0 0 0 0 0 96 0 0 78 25 18 0 46 0 54 0 0 6 0 0 48 0 0 29 37 0 0 0 0 0 0 0 0 0 0 0 0 19 10 0 0 
44 0 0 95 0 0 0 0 87 84 0 0 48 34 68 100 36 0 58 0 15 0 67 32 0 0 16 3 0 87 11 0 0 83 0 0 31 0 0 0 0 0 31 0 0 76 0 0 68 0 10 0 0 0 0 40 0 0 9 96 33 0 0 32 0 0 0 0 0 0 91 0 0 0 0 79 68 0 0 0 0 0 0 36 0 0 0 0 0 43 0 24 0 8 0 67 0 52 2 99 
0 0 4 0 43 30 0 56 0 79 0 29 0 0 0 0 82 99 75 30 86 63 0 0 52 0 0 0 0 56 8 0 20 79 99 58 0 0 0 42 0 0 0 0 0 64 54 0 0 65 0 55 0 0 40 0 0 39 27 0 18 85 0 48 0 0 81 77 23 0 0 0 0 0 20 0 38 57 9 54 0 0 95 0 0 0 0 0 93 0 44 0 1 0 89 0 0 0 35 35 
70 89 90 0 0 100 0 0 5 0 0 80 5 0 0 0 0 76 0 68 17 36 82 3 0 0 6 79 0 0 55 0 0 0 0 55 0 0 0 0 0 0 0 28 0 3 4 0 2 55 45 35 0 19 0 0 0 0 0 78 0 25 0 0 0 0 0 0 84 49 42 0 0 0 0 72 0 0 0 63 91 42 0 0 0 0 0 0 53 27 0 0 0 0 0 0 46 0 0 76 
43 0 0 90 20 1 0 96 74 40 86 30 0 76 0 27 0 32 0 42 13 0 92 0 0 11 0 0 17 38 0 86 0 0 0 65 65 44 0 0 0 11 0 14 60 90 0 21 67 48 36 33 91 0 0 39 0 0 7 8 43 0 0 2 15 40 2 0 23 0 0 38 0 0 0 62 1 36 78 0 0 0 40 50 0 0 0 0 0 0 9 0 0 88 0 0 0 0 0 0 
34 65 0 0 0 8 0 0 38 57 0 52 53 70 35 0 0 43 0 0 0 33 48 0 53 96 0 10 57 82 83 49 93 0 0 0 58 0 0 0 0 40 0 0 0 86 0 43 58 0 88 0 0 0 9 27 0 7 0 46 80 0 42 0 73 24 0 0 0 0 0 0 0 0 45 0 0 0 0 0 90 80 64 33 7 19 0 0 83 68 15 67 0 95 35 0 67 45 0 65 
0 0 0 0 0 0 0 0 80 11 0 25 0 22 57 79 0 0 0 0 94 54 0 42 0 13 41 0 0 35 36 53 0 56 94 0 0 35 23 0 0 17 16 0 0 41 72 74 88 0 0 38 0 0 96 0 78 8 46 0 2 0 0 0 37 27 9 0 0 40 0 0 0 9 0 0 0 0 37 8 0 24 0 0 0 24 94 76 71 0 0 0 0 0 0 0 10 31 0 0 
91 96 0 0 0 0 21 63 0 0 16 16 15 21 60 0 0 0 74 82 20 0 0 0 10 4 0 0 0 38 0 0 0 19 8 40 0 0 0 0 24 0 0 0 0 0 0 47 0 100 69 0 19 0 33 18 0 43 80 2 0 3 58 61 98 66 0 35 94 0 74 74 0 0 0 0 25 0 76 0 0 0 0 0 0 26 97 0 0 0 0 36 6 2 0 0 75 47 0 26 
0 43 33 76 0 33 0 0 0 0 40 0 0 0 0 0 45 0 31 70 52 44 0 0 0 33 0 0 0 0 0 0 0 76 32 94 94 92 40 58 0 0 89 0 25 79 0 29 49 28 96 0 2 0 0 85 25 0 0 0 3 0 0 0 16 69 0 0 45 8 12 0 0 0 0 0 45 0 0 0 0 0 0 0 0 76 0 2 0 0 5 0 0 0 13 93 6 0 74 0 
74 0 0 88 0 0 0 0 74 65 0 92 0 56 0 0 64 0 0 0 69 0 0 0 0 0 0 0 0 51 0 0 13 0 1 0 0 0 0 0 62 0 9 99 0 0 9 0 0 0 0 81 0 0 0 0 0 0 42 0 58 0 0 0 25 0 57 0 0 0 0 6 0 0 0 0 77 10 0 0 0 24 98 19 0 68 37 0 81 0 54 0 0 23 73 12 0 55 0 68 
0 88 21 96 13 51 7 0 0 0 0 0 0 0 0 11 0 73 0 0 0 54 0 0 0 32 0 64 0 0 28 0 0 73 50 0 72 0 0 0 22 0 0 0 23 0 0 27 51 0 0 0 0 0 32 48 0 2 0 0 61 0 0 0 0 0 0 76 70 0 0 0 68 0 0 0 0 38 0 0 0 0 73 0 0 0 0 7 0 10 0 25 0 26 0 97 0 17 44 60 
49 0 0 0 0 0 61 92 20 1 15 0 0 67 78 0 0 15 21 0 2 0 0 45 0 0 3 61 0 21 0 0 95 0 67 0 0 0 54 25 0 0 89 0 0 87 80 0 66 0 61 41 3 96 0 0 0 15 73 37 98 16 25 0 0 65 0 0 14 0 13 16 0 41 59 8 0 0 63 0 32 0 0 0 85 92 0 0 86 0 0 98 0 0 42 0 0 0 0 0 
0 46 48 0 0 35 0 0 88 31 67 35 0 0 0 24 0 0 67 42 0 17 6 0 0 68 31 0 0 49 0 71 37 0 26 0 3 89 0 0 0 0 54 0 27 9 0 34 11 91 83 0 0 0 0 0 0 40 24 27 66 69 0 0 65 0 20 0 0 90 73 20 54 57 18 0 62 0 0 59 25 0 0 0 0 0 0 6 0 60 64 0 0 59 0 0 69 0 0 0 
10 0 86 48 0 0 15 63 44 52 0 89 55 52 0 51 91 0 0 0 35 80 9 0 29 0 34 0 0 0 42 95 86 0 0 0 75 0 43 0 0 50 45 79 0 0 49 41 43 57 0 0 40 0 0 81 0 2 0 9 0 0 57 0 0 20 0 95 7 0 7 62 0 96 0 0 0 62 0 0 0 0 0 0 0 0 0 51 29 35 67 0 20 0 0 0 0 0 0 0 
78 44 44 0 0 0 98 19 0 0 8 0 0 0 95 14 0 27 0 0 0 76 40 0 0 88 72 0 0 0 0 15 10 13 0 39 0 18 0 98 51 0 65 24 0 41 44 0 91 0 91 38 0 78 0 77 0 0 0 0 35 0 0 76 0 0 95 0 30 0 88 0 0 85 0 84 87 28 0 80 0 26 0 25 30 90 50 72 0 0 66 0 0 0 0 0 29 63 0 88 
0 0 55 0 0 0 0 0 98 0 0 0 10 0 0 0 0 12 0 3 0 58 80 0 0 67 46 10 0 0 0 66 80 94 46 0 62 44 51 0 0 79 0 28 0 66 0 58 52 0 0 0 0 25 0 23 84 23 0 0 94 45 0 70 14 0 7 30 0 0 0 22 69 12 0 100 18 31 0 24 55 9 8 0 0 7 66 50 85 0 79 15 0 0 0 75 0 0 0 16 
0 0 0 97 0 0 0 58 80 97 0 95 5 82 85 0 0 64 91 0 0 82 68 72 0 95 0 0 0 7 89 0 94 100 0 65 0 76 0 39 0 94 54 0 0 0 0 0 0 0 13 0 0 18 0 0 49 0 0 40 0 8 0 0 0 90 0 0 0 0 0 100 27 0 0 0 0 0 0 19 0 30 36 80 1 0 0 84 37 0 0 19 6 0 0 47 0 0 16 92 
11 0 0 99 9 31 70 39 0 100 5 0 11 0 29 3 74 0 0 0 20 13 0 0 36 0 58 67 0 0 0 77 48 0 0 0 0 88 52 0 45 0 0 64 100 0 66 65 0 33 9 0 5 0 91 0 42 0 0 0 74 12 0 0 13 73 7 88 0 0 0 0 0 0 0 50 0 63 0 0 0 46 0 0 14 0 44 0 0 36 39 73 3 0 90 0 28 90 85 0 
0 0 0 0 0 33 69 26 20 87 0 0 0 0 0 0 96 17 0 6 99 0 0 25 30 40 0 0 88 0 7 0 33 18 26 19 0 0 0 27 0 16 0 0 0 0 22 31 64 0 4 25 0 46 0 0 0 38 0 0 74 0 6 0 16 20 62 0 22 100 0 0 74 8 87 0 0 87 27 0 0 21 0 0 0 0 0 98 0 72 0 0 0 57 0 90 0 0 0 32 
0 0 0 0 31 0 1 0 19 0 0 75 0 0 48 0 0 0 45 23 0 0 0 0 14 0 0 52 30 82 0 0 0 76 82 0 0 0 0 0 75 50 16 40 19 0 0 0 15 23 0 46 0 0 0 0 0 0 0 0 0 0 0 68 0 54 0 0 69 27 0 74 0 0 0 46 0 0 0 88 23 19 19 99 0 4 30 0 88 9 0 0 0 93 7 78 64 0 55 0 
0 75 0 2 56 37 0 0 13 56 0 18 0 88 92 0 0 0 0 0 2 15 90 0 0 0 53 11 26 58 0 0 0 65 0 0 39 0 20 75 0 41 0 48 95 18 12 0 0 0 66 0 0 54 0 0 0 0 0 9 0 0 0 0 41 57 96 85 12 0 0 8 0 0 30 0 47 43 0 0 89 10 0 10 0 0 0 0 0 0 0 0 0 0 3 24 0 12 0 0 
16 0 62 0 32 0 85 27 18 0 87 52 0 0 76 84 13 0 18 0 0 45 0 76 0 0 57 0 0 3 47 0 0 87 0 0 0 4 0 89 0 0 54 91 56 0 0 0 0 17 0 0 84 0 0 20 0 0 45 0 0 0 0 0 59 18 0 0 0 0 0 87 0 30 0 56 0 0 0 0 1 0 0 30 0 0 3 0 0 95 0 0 0 48 0 0 0 19 18 0 
0 68 0 59 64 0 0 26 77 0 37 66 0 0 76 0 0 81 98 0 68 0 0 0 11 0 0 0 39 0 0 0 0 85 0 2 0 0 0 2 0 75 45 0 0 0 81 0 0 85 0 0 0 0 79 0 72 62 0 0 0 0 0 0 8 0 0 84 100 0 50 0 46 0 56 0 93 0 0 0 22 40 0 0 76 76 65 0 64 0 0 0 46 99 60 0 19 0 0 76 
0 40 4 0 17 100 0 0 85 0 69 0 0 0 0 60 94 0 0 0 0 63 0 76 98 86 42 0 0 47 44 12 0 1 48 0 0 44 0 0 0 0 0 57 40 54 50 86 0 0 0 46 64 6 68 38 0 1 0 0 25 45 77 0 0 62 0 87 18 0 0 0 0 47 0 93 0 0 0 91 0 0 2 70 0 0 84 0 0 0 0 0 85 0 0 23 85 0 64 33 
0 38 12 0 8 83 90 53 0 0 46 0 0 0 0 0 99 62 88 0 23 0 0 86 0 0 0 81 11 0 0 0 0 0 0 0 0 0 87 0 28 0 0 7 61 66 0 97 42 46 39 74 94 0 0 57 0 36 0 0 0 0 10 38 0 0 62 28 31 0 63 87 0 43 0 0 0 0 0 36 0 21 6 9 0 30 0 0 0 0 27 93 13 0 1 0 0 4 3 0 
56 5 0 0 83 0 0 0 37 0 42 0 0 0 0 0 0 0 1 52 62 76 0 68 91 0 0 10 69 38 0 85 22 77 60 0 0 88 0 18 0 2 0 0 49 0 0 20 56 0 0 0 0 0 0 9 0 78 0 37 76 0 0 0 63 0 0 0 0 0 0 27 0 0 0 0 0 0 0 0 6 27 0 0 62 39 85 84 7 20 0 96 0 0 0 11 0 85 73 68 
0 0 0 63 82 54 14 0 14 79 0 55 0 27 0 0 0 0 79 41 0 61 0 0 28 0 0 0 0 0 0 19 0 0 0 29 0 0 0 0 52 0 0 25 42 0 0 72 97 0 70 31 48 48 0 54 63 0 0 8 0 0 0 0 0 59 0 80 24 19 0 0 88 0 0 0 91 36 0 0 0 0 0 40 13 0 0 83 0 73 0 38 25 0 0 40 98 0 81 0 
41 0 63 0 0 87 0 0 0 88 67 24 68 54 20 30 88 84 11 0 16 0 14 71 0 0 92 63 81 0 49 0 0 0 23 64 0 66 81 64 0 0 88 0 25 0 0 74 66 0 0 0 0 0 0 0 91 0 90 0 0 0 0 0 32 25 0 0 55 0 0 0 23 89 1 22 0 0 6 0 0 66 0 0 76 0 0 66 0 59 14 0 54 19 96 0 7 51 30 0 
19 2 0 51 52 17 0 90 82 14 0 0 70 33 0 0 11 65 0 31 0 0 19 0 46 0 96 0 81 0 0 9 0 0 0 95 0 0 0 0 73 0 93 0 0 0 1 0 88 22 0 25 62 0 0 0 42 0 80 24 0 0 24 0 0 0 0 26 9 30 46 21 19 10 0 40 0 21 27 0 66 0 80 0 60 12 0 33 50 40 62 0 0 0 27 33 0 0 0 0 
0 0 60 61 28 0 28 0 0 0 0 81 18 93 0 38 0 0 69 33 18 0 84 0 57 56 0 32 0 0 0 49 0 0 6 26 51 60 0 88 43 0 73 20 0 0 0 37 64 30 17 63 0 29 0 95 0 40 64 0 0 0 98 73 0 0 0 0 8 36 0 0 19 0 0 0 2 6 0 0 0 80 0 0 59 4 0 0 0 67 47 0 54 80 0 57 25 0 75 0 
0 0 20 41 0 0 0 0 0 96 38 0 0 66 48 42 49 16 72 31 0 16 64 0 43 0 59 38 0 45 75 0 92 37 60 84 57 1 0 0 0 0 0 11 0 0 58 0 0 0 0 0 0 37 36 0 0 50 33 0 0 0 19 0 0 0 0 25 0 80 0 0 99 10 30 0 70 9 0 40 0 0 0 0 5 0 1 21 0 70 31 0 0 0 0 97 0 0 33 96 
0 52 94 0 51 0 0 61 82 0 96 0 0 26 63 0 18 45 0 0 77 5 0 90 16 0 0 33 38 0 41 0 79 17 54 0 82 47 33 21 0 0 0 0 0 13 0 0 0 38 96 81 52 0 0 0 0 0 7 0 0 0 0 0 85 0 0 30 0 1 14 0 0 0 0 76 0 0 62 13 76 60 59 5 0 0 0 0 55 0 78 0 82 0 90 34 0 0 0 28 
0 0 0 0 0 0 0 8 0 0 97 15 82 0 91 1 0 0 0 0 68 64 0 0 0 59 10 0 0 0 0 55 0 0 0 81 49 55 0 0 35 0 83 95 36 17 92 0 36 0 24 0 82 0 0 0 0 0 19 24 26 76 68 0 92 0 0 90 7 0 0 0 4 0 0 76 0 30 39 0 0 12 4 0 0 0 44 0 58 0 99 0 98 33 0 0 69 0 50 42 
86 0 66 0 0 1 0 0 0 0 0 0 0 45 0 0 0 59 3 0 0 64 4 0 0 64 0 95 0 77 0 0 52 0 0 32 0 63 0 0 0 0 0 83 0 0 0 40 0 30 0 0 42 0 0 0 0 0 0 94 97 0 37 0 0 0 0 50 66 0 44 0 30 0 3 65 84 0 85 0 0 0 0 1 0 44 0 48 80 0 0 39 0 0 94 0 41 0 0 60 
0 14 0 87 0 37 82 61 58 0 69 0 0 0 53 0 0 68 0 65 0 91 0 0 39 75 9 10 0 0 0 0 88 22 55 31 0 72 0 0 0 0 0 0 0 0 0 0 0 0 0 56 36 0 0 0 0 0 0 76 0 2 0 7 0 6 51 72 50 84 0 98 0 0 0 0 0 0 84 83 66 33 0 21 0 0 48 0 56 85 16 0 0 0 1 97 98 0 36 0 
25 0 0 0 1 0 0 0 63 78 55 59 81 0 38 14 0 0 9 0 99 90 0 0 1 0 0 0 0 31 5 0 52 5 58 89 0 14 42 74 26 91 0 36 0 0 68 0 0 0 0 54 0 0 0 93 53 0 83 71 0 0 81 0 86 0 29 0 85 37 0 0 88 0 0 64 0 0 7 0 0 50 0 0 55 58 80 56 0 0 0 28 11 52 64 0 18 0 0 77 
0 17 0 3 0 93 0 0 0 0 0 0 0 0 0 0 34 0 0 0 0 0 97 95 76 0 0 0 22 0 8 13 0 44 0 0 53 65 0 13 0 0 17 0 92 0 0 94 3 0 0 10 0 0 43 0 27 0 68 0 0 0 0 10 0 60 35 0 0 0 36 72 9 0 95 0 0 0 20 73 59 40 67 70 0 0 0 85 0 0 47 0 0 0 42 0 52 14 23 0 
0 67 0 0 26 19 24 0 0 0 0 0 48 0 15 16 97 0 12 0 0 66 0 0 0 45 51 0 0 0 39 0 0 27 32 0 0 0 29 0 28 95 38 51 0 29 45 0 0 48 0 36 48 0 0 44 0 9 15 0 0 5 54 0 0 64 67 66 79 0 39 0 0 0 0 0 0 27 0 0 14 62 47 31 78 99 0 16 0 47 0 0 80 0 0 0 0 0 15 53 
32 52 0 0 20 0 0 0 0 0 0 0 1 0 28 0 0 25 0 0 0 0 0 0 0 17 0 57 19 0 0 19 0 85 47 0 0 0 10 0 0 0 0 71 0 0 0 4 0 0 0 67 0 0 24 0 0 0 67 0 36 0 0 25 98 0 0 0 15 19 73 0 0 0 0 0 0 93 96 38 0 0 0 0 0 0 39 0 28 0 0 0 0 95 47 48 0 39 26 0 
0 0 0 36 0 83 0 0 0 0 0 2 6 15 0 71 0 66 0 96 33 0 0 0 67 0 33 67 32 0 0 62 69 10 0 69 0 48 0 0 52 42 13 0 67 90 88 0 0 0 53 0 0 0 0 1 0 0 0 0 6 0 0 0 0 0 20 0 0 6 3 0 0 0 0 46 85 13 0 25 54 0 54 0 82 98 0 0 11 0 80 0 0 100 0 0 0 0 0 84 
61 0 0 0 0 89 0 0 0 0 0 0 0 85 100 85 0 53 0 0 0 0 54 0 13 21 0 0 62 97 0 71 42 68 98 51 0 18 9 70 43 0 44 0 0 0 17 0 0 86 0 73 0 0 8 0 0 88 95 0 2 0 23 26 0 59 0 0 0 0 0 57 93 0 48 99 0 0 0 0 19 0 80 0 0 33 0 0 52 0 0 95 100 0 0 0 0 0 0 14 
0 57 0 0 21 0 0 0 16 89 0 0 26 0 0 0 0 33 15 0 0 0 0 78 0 0 85 64 77 0 0 53 0 0 97 0 0 0 0 0 7 0 0 0 80 0 80 0 0 30 0 58 26 0 0 89 0 0 35 0 0 13 73 0 42 0 0 0 0 0 90 0 7 3 0 60 0 1 0 0 96 27 0 0 90 0 94 1 64 42 0 47 0 0 0 41 53 91 0 0 
100 0 0 0 0 26 0 11 85 77 56 0 54 97 0 31 0 73 0 15 0 0 81 45 9 0 0 62 34 0 52 0 0 0 0 56 45 0 60 22 0 50 89 0 19 0 54 51 0 98 84 89 94 0 67 0 0 0 0 0 0 93 12 97 0 0 0 0 75 47 0 90 78 24 0 0 23 0 11 40 0 33 57 97 34 0 0 97 0 0 0 48 0 0 41 0 26 0 0 0 
50 31 56 32 0 4 76 47 0 79 29 5 0 44 58 0 24 0 0 50 0 0 0 0 0 33 0 88 0 0 0 0 0 0 41 0 97 0 0 0 0 20 0 5 11 13 55 3 6 52 90 0 0 19 0 0 46 0 67 10 75 6 0 0 0 69 0 29 0 0 28 0 64 0 0 19 85 0 0 98 7 0 25 0 0 69 41 98 18 52 0 0 0 0 53 26 0 0 0 0 
0 58 86 97 44 30 0 78 0 0 0 0 80 0 0 0 0 0 93 0 56 0 0 44 0 0 0 0 0 89 74 0 0 0 35 78 0 88 0 0 24 82 0 24 65 0 0 0 92 65 0 0 96 10 52 0 0 0 45 31 47 0 55 17 0 0 0 63 0 0 90 0 0 12 19 0 0 4 85 0 51 0 0 0 0 0 0 0 0 14 0 39 0 0 91 0 0 0 0 0 
52 21 30 44 36 0 0 0 0 0 94 0 0 0 55 0 0 46 91 0 0 65 0 0 29 44 0 0 45 0 11 0 0 0 0 9 0 0 0 0 0 94 55 51 0 56 0 0 88 63 16 0 0 0 2 35 0 0 0 0 0 74 0 44 0 0 0 0 0 16 85 0 55 0 18 0 64 3 73 81 30 0 75 33 0 50 0 36 0 23 15 26 0 0 0 0 0 0 0 0 
62 0 1 20 0 0 37 0 43 60 77 62 0 84 8 0 0 0 0 27 52 93 0 82 0 36 39 0 71 95 0 96 0 39 0 0 0 0 11 0 0 0 30 31 74 0 38 0 53 0 0 0 0 0 99 35 76 0 65 0 26 0 68 60 0 0 0 88 16 92 0 32 0 0 0 76 33 0 68 0 0 0 0 96 28 42 60 0 77 0 53 0 84 14 0 0 0 0 0 0 
