0 0 0 0 0 0 0 0 0 0 0 0 0 0 93 35 0 0 2 0 0 0 0 0 0 0 53 0 69 0 0 0 0 0 0 0 0 0 0 0 0 0 0 0 0 0 0 0 97 0 0 0 0 0 0 0 0 0 0 0 0 47 0 0 0 0 0 0 81 0 0 0 0 0 0 0 0 0 42 0 0 76 0 10 0 13 0 0 0 0 5 0 0 0 0 0 0 0 0 0 
0 0 0 0 0 0 0 0 0 0 0 0 0 0 0 65 0 0 0 0 0 0 0 96 0 0 15 0 0 35 0 83 0 0 0 76 0 33 0 0 0 0 0 0 0 0 0 0 0 0 0 0 0 0 0 0 0 0 0 22 33 0 0 0 0 0 0 0 70 0 15 0 0 0 0 94 0 0 0 0 74 0 0 44 0 91 0 0 0 0 0 0 0 0 0 0 0 0 0 0 
0 0 0 89 0 0 0 0 0 0 0 0 0 0 37 0 0 0 0 0 0 0 0 0 55 0 0 0 0 71 0 0 0 0 6 59 0 0 0 0 39 0 0 0 0 0 0 0 40 94 19 0 0 0 0 0 0 0 0 0 0 0 0 25 0 0 0 0 0 0 0 0 0 0 0 0 9 0 0 0 0 0 83 0 0 0 0 94 0 0 0 0 0 0 0 0 0 61 0 0 
0 0 89 0 0 0 0 0 0 0 0 67 0 0 0 0 0 0 0 0 27 0 0 0 0 0 0 0 0 0 0 0 43 0 45 0 0 78 0 0 42 0 0 0 0 0 0 0 30 0 0 0 0 0 0 0 0 0 0 0 76 0 0 0 0 0 56 0 0 0 0 0 0 0 0 0 0 0 0 0 0 0 0 0 0 0 0 90 0 0 0 0 0 0 54 0 0 0 0 0 
0 0 0 0 0 0 46 0 0 0 0 0 78 0 0 0 0 28 0 81 0 17 0 0 0 0 0 0 14 0 0 0 94 77 0 0 0 0 45 0 0 0 0 0 81 0 0 0 0 0 0 0 0 0 0 0 0 0 0 0 0 0 0 0 88 0 97 0 43 0 0 53 0 0 0 0 0 0 0 0 0 0 0 0 0 81 0 0 0 0 0 0 0 0 0 0 0 0 0 0 
0 0 0 0 0 0 0 0 13 0 0 0 0 0 46 0 0 0 0 0 0 0 0 0 0 0 0 71 0 68 0 0 75 0 71 0 0 0 0 0 0 0 0 0 80 0 0 0 0 0 0 0 0 0 17 0 4 0 0 0 0 0 0 0 14 0 0 0 0 0 0 0 0 20 34 0 61 0 30 0 0 0 0 0 0 0 45 0 0 0 0 0 0 0 0 0 0 0 0 0 
0 0 0 0 46 0 0 0 0 0 0 0 0 0 0 0 0 0 0 0 0 0 0 0 2 79 0 0 19 0 0 0 0 0 0 0 0 0 0 0 0 0 0 0 67 0 0 0 0 0 0 0 0 0 0 0 100 0 0 0 0 78 0 71 0 0 23 0 0 0 0 0 0 0 0 0 0 0 0 77 0 84 0 0 0 0 0 0 0 49 0 0 0 0 0 0 0 0 0 0 
0 0 0 0 0 0 0 0 0 0 0 0 0 0 0 0 0 0 0 0 0 0 87 0 0 0 0 0 0 0 0 99 0 0 0 45 0 0 0 0 0 0 0 0 0 0 0 0 0 0 0 0 8 0 0 0 0 0 0 0 0 0 0 83 0 0 0 0 54 64 0 0 92 0 47 0 63 0 0 0 83 0 0 0 0 50 0 0 0 0 0 0 0 0 0 76 80 0 46 0 
0 0 0 0 0 13 0 0 0 87 0 42 0 0 0 0 0 0 0 0 0 0 16 0 0 0 0 0 0 0 0 0 0 0 6 0 0 0 0 31 0 0 41 0 79 0 0 0 47 0 0 0 0 0 0 0 0 0 0 0 0 0 83 0 0 0 0 0 0 0 77 0 0 18 0 0 0 0 0 0 0 0 0 0 0 0 0 0 0 0 0 0 0 0 0 0 81 0 0 0 
0 0 0 0 0 0 0 0 87 0 0 0 0 30 0 0 84 0 0 0 17 0 0 0 0 0 0 0 0 0 0 0 0 0 0 80 0 0 0 0 0 8 0 0 0 86 0 0 0 0 0 48 0 0 0 0 0 0 47 0 0 65 0 0 0 0 0 14 0 0 0 0 38 0 0 0 0 0 0 0 96 0 0 0 52 0 0 0 0 0 0 0 0 0 0 0 0 0 0 0 
0 0 0 0 0 0 0 0 0 0 0 0 5 0 20 0 0 0 0 0 0 0 0 0 0 0 0 0 97 0 0 51 0 34 0 0 0 0 15 0 71 0 0 0 82 0 0 18 0 0 0 0 0 0 0 0 0 0 0 0 0 0 0 0 0 0 98 0 4 0 0 0 0 0 14 22 0 0 100 0 0 0 0 0 0 0 75 0 0 0 0 0 0 0 0 0 0 0 0 0 
0 0 0 67 0 0 0 0 42 0 0 0 0 0 0 0 0 0 0 0 0 0 0 0 0 0 0 0 0 0 94 31 80 0 0 0 0 0 0 0 0 0 0 0 0 0 0 7 0 42 0 0 0 23 0 0 34 0 0 0 0 0 0 0 0 0 0 14 12 0 0 0 0 0 83 0 0 24 0 0 73 0 0 0 0 0 0 0 0 0 0 16 0 0 0 0 0 0 0 0 
0 0 0 0 78 0 0 0 0 0 5 0 0 0 10 0 0 0 0 0 0 0 0 0 0 59 0 0 0 0 0 0 0 0 0 0 0 0 0 12 0 0 0 0 0 0 31 0 0 0 0 0 0 16 0 1 0 0 0 0 0 73 0 0 0 0 0 0 0 3 0 0 0 0 21 0 100 0 0 0 0 0 0 0 50 47 24 0 0 0 0 0 0 0 0 0 0 0 0 0 
0 0 0 0 0 0 0 0 0 30 0 0 0 0 27 56 0 0 0 0 0 0 0 0 0 2 0 0 0 97 0 0 11 0 0 0 0 0 0 0 52 25 0 0 0 0 0 0 0 0 0 56 0 0 0 0 0 0 0 0 0 0 0 0 0 0 47 36 0 0 0 0 0 0 0 34 0 0 0 0 92 0 0 0 0 0 0 0 0 84 0 0 0 0 0 0 0 0 0 0 
93 0 37 0 0 46 0 0 0 0 20 0 10 27 0 17 0 0 0 0 0 0 0 0 0 0 0 0 0 9 0 0 0 0 0 0 0 0 30 0 0 0 0 0 0 0 64 0 0 0 0 0 0 0 0 0 0 0 0 0 0 0 0 0 0 39 0 0 0 0 66 0 0 0 0 0 0 0 0 0 0 0 7 0 0 3 0 36 0 0 0 0 0 0 0 0 0 0 0 0 
35 65 0 0 0 0 0 0 0 0 0 0 0 56 17 0 0 0 0 0 0 0 0 20 0 0 0 0 0 70 0 0 89 91 0 0 0 0 0 0 0 0 100 69 0 27 74 0 0 0 0 0 0 0 0 0 0 62 0 0 0 0 0 0 0 0 0 0 0 0 0 0 0 0 0 0 0 55 0 0 0 0 0 0 0 0 0 0 0 34 0 0 0 0 0 0 0 0 0 0 
0 0 0 0 0 0 0 0 0 84 0 0 0 0 0 0 0 11 16 0 0 80 0 0 0 0 26 0 0 100 47 0 0 0 0 0 99 0 0 0 0 0 0 50 15 0 0 0 0 0 0 0 0 0 0 37 0 0 0 0 33 0 13 0 67 0 0 0 0 0 0 0 0 0 0 0 0 0 0 0 0 0 0 0 0 0 0 0 0 0 0 0 0 0 0 0 17 0 0 0 
0 0 0 0 28 0 0 0 0 0 0 0 0 0 0 0 11 0 0 0 0 0 0 0 0 95 0 0 0 0 0 0 0 0 73 0 0 0 0 0 0 0 0 0 0 0 0 0 0 0 0 0 0 0 30 0 0 0 0 0 0 53 0 0 0 84 0 0 0 0 0 94 0 0 0 0 0 48 90 0 0 0 0 0 0 0 0 9 0 0 0 0 0 0 0 0 0 0 0 0 
2 0 0 0 0 0 0 0 0 0 0 0 0 0 0 0 16 0 0 0 27 0 90 35 0 0 0 97 0 0 0 0 0 92 0 0 13 0 0 0 0 0 66 0 0 0 0 0 0 0 0 0 0 0 0 0 0 0 0 0 0 0 0 0 0 0 0 0 0 0 0 0 0 0 70 0 18 59 0 0 0 0 0 0 0 63 0 48 0 0 0 0 0 0 0 0 0 0 51 0 
0 0 0 0 81 0 0 0 0 0 0 0 0 0 0 0 0 0 0 0 0 0 0 0 0 0 94 0 0 0 0 0 0 0 0 25 0 0 0 45 0 0 0 0 0 0 0 0 0 0 0 0 0 0 16 0 0 0 0 0 0 0 0 0 0 0 0 25 0 31 0 0 0 0 0 0 0 0 20 0 88 57 0 0 0 0 0 0 0 19 0 0 0 0 0 0 0 0 0 0 
0 0 0 27 0 0 0 0 0 17 0 0 0 0 0 0 0 0 27 0 0 0 0 0 0 0 72 0 0 0 0 0 0 0 0 59 0 0 55 0 0 0 0 0 0 8 40 0 0 0 0 0 0 0 0 0 45 0 0 0 0 0 0 0 0 0 0 0 0 0 0 0 0 0 0 30 0 0 0 0 27 0 0 0 0 0 0 0 0 0 0 0 0 0 0 0 0 0 0 0 
0 0 0 0 17 0 0 0 0 0 0 0 0 0 0 0 80 0 0 0 0 0 0 0 0 43 0 0 0 0 0 0 0 53 0 0 0 0 0 0 0 49 0 43 0 0 0 72 0 0 0 29 0 0 0 25 0 0 0 0 0 0 0 0 0 0 0 0 0 0 0 0 63 0 0 9 0 0 0 0 0 0 0 14 0 0 0 0 0 0 0 0 0 0 0 0 0 0 0 0 
0 0 0 0 0 0 0 87 16 0 0 0 0 0 0 0 0 0 90 0 0 0 0 0 0 0 0 0 95 0 0 0 0 0 0 0 0 0 0 0 0 83 0 0 86 0 0 0 0 0 61 0 0 0 0 0 0 0 0 0 0 0 19 0 0 0 0 0 0 0 0 64 25 0 0 0 87 0 0 0 0 0 0 0 0 47 0 0 0 0 0 0 0 0 0 0 0 0 0 0 
0 96 0 0 0 0 0 0 0 0 0 0 0 0 0 20 0 0 35 0 0 0 0 0 0 0 0 0 0 88 0 0 0 0 0 0 0 0 0 63 0 0 33 0 0 0 0 0 0 0 0 0 0 53 21 86 0 0 0 31 0 0 0 0 0 93 0 0 0 0 0 0 0 0 0 0 0 0 0 0 0 80 0 0 90 0 0 0 0 0 45 0 0 0 37 0 0 0 0 0 
0 0 55 0 0 0 2 0 0 0 0 0 0 0 0 0 0 0 0 0 0 0 0 0 0 0 0 0 0 0 0 0 0 0 87 0 0 0 0 0 71 0 0 0 0 0 0 0 0 0 0 0 0 0 0 0 0 0 0 0 0 0 0 0 0 0 0 0 0 0 88 78 0 0 0 0 0 10 25 0 0 0 0 0 0 0 0 0 0 0 0 0 0 0 0 0 0 0 0 0 
0 0 0 0 0 0 79 0 0 0 0 0 59 2 0 0 0 95 0 0 0 43 0 0 0 0 0 0 0 0 0 0 0 0 0 0 0 0 0 67 0 0 14 65 0 0 80 0 100 0 0 0 0 0 0 0 0 0 0 0 0 0 0 0 0 0 0 0 0 0 0 87 0 0 0 0 0 0 0 0 0 0 0 0 0 0 0 0 0 0 0 0 0 0 58 0 0 0 0 0 
53 15 0 0 0 0 0 0 0 0 0 0 0 0 0 0 26 0 0 94 72 0 0 0 0 0 0 0 49 0 0 0 0 0 0 0 0 0 80 0 0 0 0 0 0 0 0 0 0 0 0 0 0 0 0 0 0 0 0 0 0 0 0 0 0 0 49 0 0 0 0 0 0 0 0 0 0 0 0 0 0 0 0 0 0 0 0 0 0 0 0 0 0 0 0 0 0 50 0 0 
0 0 0 0 0 71 0 0 0 0 0 0 0 0 0 0 0 0 97 0 0 0 0 0 0 0 0 0 0 0 0 0 0 0 0 0 0 0 0 0 79 0 0 0 0 0 0 0 0 0 0 0 0 0 0 0 57 0 0 0 32 0 74 43 0 0 0 0 0 0 0 0 0 0 0 0 0 0 0 0 0 0 0 0 0 0 0 0 59 0 0 0 0 0 68 0 0 0 43 0 
69 0 0 0 14 0 19 0 0 0 97 0 0 0 0 0 0 0 0 0 0 0 95 0 0 0 49 0 0 0 0 0 0 0 0 0 31 0 0 0 0 86 0 0 0 0 0 0 0 0 0 0 0 0 0 0 0 0 0 0 0 28 0 0 0 0 0 0 0 35 0 0 0 0 0 0 0 0 0 0 0 0 0 0 0 0 91 0 0 0 19 0 0 17 0 0 73 0 0 55 
0 35 71 0 0 68 0 0 0 0 0 0 0 97 9 70 100 0 0 0 0 0 0 88 0 0 0 0 0 0 0 0 0 0 0 0 0 0 77 0 0 0 0 0 0 0 0 42 0 99 0 0 0 0 0 0 0 0 0 0 0 0 0 0 0 0 0 0 0 0 0 0 0 0 89 0 75 0 5 0 0 0 0 0 0 0 0 0 0 0 0 0 0 0 0 0 0 0 85 0 
0 0 0 0 0 0 0 0 0 0 0 94 0 0 0 0 47 0 0 0 0 0 0 0 0 0 0 0 0 0 0 58 0 0 46 50 0 0 0 0 49 0 0 0 0 0 0 0 38 0 87 0 89 0 0 0 0 0 76 0 0 0 0 0 0 0 0 87 0 0 0 0 0 56 0 0 17 0 0 0 0 0 0 0 59 0 0 59 0 0 0 0 0 0 0 0 0 0 0 0 
0 83 0 0 0 0 0 99 0 0 51 31 0 0 0 0 0 0 0 0 0 0 0 0 0 0 0 0 0 0 58 0 0 0 0 0 0 86 0 0 0 0 0 0 0 0 0 0 93 0 0 0 0 0 0 0 0 0 0 0 0 2 0 0 0 0 0 0 0 0 0 0 0 0 0 19 0 0 0 0 3 0 0 0 0 0 0 0 0 0 0 78 0 0 0 59 0 0 90 0 
0 0 0 43 94 75 0 0 0 0 0 80 0 11 0 89 0 0 0 0 0 0 0 0 0 0 0 0 0 0 0 0 0 0 0 0 0 0 0 7 82 0 0 0 0 0 0 0 0 60 0 0 0 0 0 74 0 0 0 0 92 0 0 0 98 47 0 0 0 0 0 0 0 0 0 0 0 0 0 0 0 0 0 0 0 0 0 0 0 0 0 0 0 0 0 42 9 0 0 0 
0 0 0 0 77 0 0 0 0 0 34 0 0 0 0 91 0 0 92 0 0 53 0 0 0 0 0 0 0 0 0 0 0 0 0 0 0 0 0 90 0 0 0 0 0 0 0 0 0 37 0 0 0 0 0 25 0 0 0 0 0 0 0 89 0 60 95 0 0 0 0 0 0 0 0 0 0 24 0 0 0 0 0 31 0 0 0 0 0 0 0 0 0 0 0 0 0 0 0 0 
0 0 6 45 0 71 0 0 6 0 0 0 0 0 0 0 0 73 0 0 0 0 0 0 87 0 0 0 0 0 46 0 0 0 0 0 22 0 0 0 0 0 0 0 0 0 0 0 0 0 0 9 0 0 0 0 0 34 0 0 0 0 0 0 0 15 0 0 0 82 0 0 0 46 0 0 0 0 0 0 0 0 0 0 0 0 0 23 0 0 0 0 19 0 0 0 0 0 0 0 
0 76 59 0 0 0 0 45 0 80 0 0 0 0 0 0 0 0 0 25 59 0 0 0 0 0 0 0 0 0 50 0 0 0 0 0 0 0 23 0 0 0 0 0 0 0 0 2 0 34 0 19 0 0 0 0 0 0 0 0 0 0 0 0 0 0 0 0 0 0 85 0 0 0 0 0 0 0 0 0 0 0 0 0 0 60 0 0 0 53 0 0 0 22 0 0 0 0 0 0 
0 0 0 0 0 0 0 0 0 0 0 0 0 0 0 0 99 0 13 0 0 0 0 0 0 0 0 0 31 0 0 0 0 0 22 0 0 0 0 0 0 0 0 0 42 0 0 0 0 0 0 0 0 0 0 39 0 72 43 0 0 0 0 0 0 0 0 0 0 0 0 0 64 0 0 0 0 0 0 0 0 0 0 0 51 94 24 0 0 0 0 0 92 0 62 18 0 0 0 0 
0 33 0 78 0 0 0 0 0 0 0 0 0 0 0 0 0 0 0 0 0 0 0 0 0 0 0 0 0 0 0 86 0 0 0 0 0 0 4 0 0 0 0 0 0 0 0 57 0 0 0 10 0 0 0 0 0 0 0 0 0 0 0 0 0 0 0 0 0 10 0 26 0 61 0 0 0 0 0 0 0 58 0 0 0 0 0 0 0 93 0 0 0 0 28 98 0 0 0 0 
0 0 0 0 45 0 0 0 0 0 15 0 0 0 30 0 0 0 0 0 55 0 0 0 0 0 80 0 0 77 0 0 0 0 0 23 0 4 0 77 0 0 0 0 81 0 0 0 0 0 0 0 0 0 0 0 0 0 0 0 0 0 0 0 0 0 0 0 0 0 0 0 0 0 33 0 0 0 0 0 0 0 0 73 0 60 0 0 0 0 0 18 0 0 0 0 0 94 0 0 
0 0 0 0 0 0 0 0 31 0 0 0 12 0 0 0 0 0 0 45 0 0 0 63 0 67 0 0 0 0 0 0 7 90 0 0 0 0 77 0 0 0 0 0 0 0 0 0 0 0 4 0 23 0 0 0 0 0 92 0 0 0 0 0 0 0 0 0 0 0 0 0 33 0 0 0 0 0 0 0 0 0 0 75 0 0 0 0 0 0 0 0 26 0 0 0 62 0 0 0 
0 0 39 42 0 0 0 0 0 0 71 0 0 52 0 0 0 0 0 0 0 0 0 0 71 0 0 79 0 0 49 0 82 0 0 0 0 0 0 0 0 0 0 0 0 0 0 0 0 0 0 0 0 0 0 0 0 0 0 0 69 97 0 0 0 0 58 0 0 0 0 0 0 0 0 0 0 0 0 0 0 0 0 0 0 0 0 0 0 0 0 0 0 0 0 0 0 0 0 0 
0 0 0 0 0 0 0 0 0 8 0 0 0 25 0 0 0 0 0 0 0 49 83 0 0 0 0 0 86 0 0 0 0 0 0 0 0 0 0 0 0 0 0 0 0 29 0 0 0 0 87 0 0 0 0 0 0 92 0 0 48 0 41 0 0 77 0 0 0 0 0 0 0 0 0 0 0 0 0 0 0 0 0 24 0 0 0 0 0 0 0 0 0 53 0 0 0 0 39 0 
0 0 0 0 0 0 0 0 41 0 0 0 0 0 0 100 0 0 66 0 0 0 0 33 0 14 0 0 0 0 0 0 0 0 0 0 0 0 0 0 0 0 0 32 0 0 0 0 0 0 0 0 0 0 99 0 0 2 64 0 0 0 0 0 0 0 0 0 0 0 0 0 0 0 0 43 0 0 0 0 0 0 0 0 0 0 0 0 0 0 0 0 0 0 44 0 0 31 0 0 
0 0 0 0 0 0 0 0 0 0 0 0 0 0 0 69 50 0 0 0 0 43 0 0 0 65 0 0 0 0 0 0 0 0 0 0 0 0 0 0 0 0 32 0 0 0 0 0 0 0 0 79 0 0 0 0 4 0 0 0 28 0 80 0 81 0 0 0 0 0 0 0 0 0 0 0 0 0 17 0 0 33 0 0 0 0 19 0 0 0 0 0 34 0 0 0 47 0 0 0 
0 0 0 0 81 80 67 0 79 0 82 0 0 0 0 0 15 0 0 0 0 0 86 0 0 0 0 0 0 0 0 0 0 0 0 0 42 0 81 0 0 0 0 0 0 0 0 94 0 0 0 97 0 9 0 0 0 0 0 0 0 0 0 0 56 0 0 0 0 0 0 24 0 0 0 0 0 89 0 0 0 0 0 0 0 0 0 0 0 0 0 0 0 0 0 0 0 0 0 0 
0 0 0 0 0 0 0 0 0 86 0 0 0 0 0 27 0 0 0 0 8 0 0 0 0 0 0 0 0 0 0 0 0 0 0 0 0 0 0 0 0 29 0 0 0 0 67 0 7 45 0 0 0 0 0 0 19 0 17 0 21 0 0 0 0 0 0 0 0 0 28 83 0 0 0 0 0 0 0 7 0 0 0 0 0 0 22 0 0 0 0 0 0 20 0 0 0 0 0 0 
0 0 0 0 0 0 0 0 0 0 0 0 31 0 64 74 0 0 0 0 40 0 0 0 0 80 0 0 0 0 0 0 0 0 0 0 0 0 0 0 0 0 0 0 0 67 0 0 0 0 0 0 0 0 51 0 0 0 17 48 0 0 0 0 0 0 38 0 0 0 0 0 0 0 0 0 0 0 0 0 0 0 0 76 43 83 0 0 0 0 0 0 0 36 0 0 0 0 0 0 
0 0 0 0 0 0 0 0 0 0 18 7 0 0 0 0 0 0 0 0 0 72 0 0 0 0 0 0 0 42 0 0 0 0 0 2 0 57 0 0 0 0 0 0 94 0 0 0 0 27 0 0 0 0 0 18 0 0 0 30 0 0 0 0 0 0 0 0 0 0 0 0 0 0 0 0 0 0 35 90 0 0 0 0 0 0 0 15 0 0 0 0 0 0 0 20 0 0 0 85 
97 0 40 30 0 0 0 0 47 0 0 0 0 0 0 0 0 0 0 0 0 0 0 0 0 100 0 0 0 0 38 93 0 0 0 0 0 0 0 0 0 0 0 0 0 7 0 0 0 0 0 0 0 0 0 0 0 0 0 87 0 0 0 0 0 0 0 91 0 0 0 0 0 0 0 0 0 0 0 0 86 0 0 0 10 0 0 71 0 41 0 0 0 0 0 0 0 89 0 0 
0 0 94 0 0 0 0 0 0 0 0 42 0 0 0 0 0 0 0 0 0 0 0 0 0 0 0 0 0 99 0 0 60 37 0 34 0 0 0 0 0 0 0 0 0 45 0 27 0 0 0 24 68 0 0 0 0 0 0 88 0 0 0 0 0 0 0 0 0 0 0 0 0 0 0 0 0 0 0 0 0 0 96 0 0 0 0 0 5 0 0 0 0 0 0 0 0 0 0 0 
0 0 19 0 0 0 0 0 0 0 0 0 0 0 0 0 0 0 0 0 0 0 61 0 0 0 0 0 0 0 87 0 0 0 0 0 0 0 0 4 0 87 0 0 0 0 0 0 0 0 0 0 0 0 0 0 0 0 0 0 0 0 0 0 0 0 0 0 0 0 0 87 0 0 0 90 57 0 0 0 0 30 0 0 0 0 0 17 0 0 0 97 0 3 80 52 0 14 0 0 
0 0 0 0 0 0 0 0 0 48 0 0 0 56 0 0 0 0 0 0 0 29 0 0 0 0 0 0 0 0 0 0 0 0 9 19 0 10 0 0 0 0 0 79 97 0 0 0 0 24 0 0 76 50 0 60 0 97 0 0 0 20 0 0 0 0 0 0 0 0 0 0 0 0 0 0 0 0 0 0 0 0 0 32 0 0 0 0 0 0 0 0 0 0 0 0 0 0 0 0 
0 0 0 0 0 0 0 8 0 0 0 0 0 0 0 0 0 0 0 0 0 0 0 0 0 0 0 0 0 0 89 0 0 0 0 0 0 0 0 23 0 0 0 0 0 0 0 0 0 68 0 76 0 0 0 0 38 0 0 1 0 0 0 0 0 0 24 0 0 0 0 0 0 0 0 0 0 0 0 0 0 0 31 0 0 0 0 0 0 0 0 0 0 0 0 52 42 0 0 0 
0 0 0 0 0 0 0 0 0 0 0 23 16 0 0 0 0 0 0 0 0 0 0 53 0 0 0 0 0 0 0 0 0 0 0 0 0 0 0 0 0 0 0 0 9 0 0 0 0 0 0 50 0 0 0 0 0 0 88 0 0 39 0 0 0 0 0 0 0 0 0 0 0 0 0 0 0 0 0 0 0 0 0 0 0 0 0 0 0 0 0 0 0 0 2 0 0 0 0 91 
0 0 0 0 0 17 0 0 0 0 0 0 0 0 0 0 0 30 0 16 0 0 0 21 0 0 0 0 0 0 0 0 0 0 0 0 0 0 0 0 0 0 99 0 0 0 51 0 0 0 0 0 0 0 0 0 0 0 0 0 0 0 7 89 0 0 0 0 77 0 0 0 0 0 0 0 0 54 0 0 0 0 69 37 0 0 0 0 0 0 0 0 0 0 0 0 0 0 0 0 
0 0 0 0 0 0 0 0 0 0 0 0 1 0 0 0 37 0 0 0 0 25 0 86 0 0 0 0 0 0 0 0 74 25 0 0 39 0 0 0 0 0 0 0 0 0 0 18 0 0 0 60 0 0 0 0 21 0 0 0 0 0 0 0 13 0 76 0 0 0 0 0 0 0 0 0 0 0 0 0 0 0 52 0 0 53 0 92 0 0 0 0 0 0 0 0 0 0 0 0 
0 0 0 0 0 4 100 0 0 0 0 34 0 0 0 0 0 0 0 0 45 0 0 0 0 0 0 57 0 0 0 0 0 0 0 0 0 0 0 0 0 0 0 4 0 19 0 0 0 0 0 0 38 0 0 21 0 0 0 42 0 0 0 0 0 0 0 0 0 0 0 0 0 44 68 0 0 0 0 0 0 0 86 0 0 0 0 0 0 0 0 0 0 0 95 0 0 0 0 86 
0 0 0 0 0 0 0 0 0 0 0 0 0 0 0 62 0 0 0 0 0 0 0 0 0 0 0 0 0 0 0 0 0 0 34 0 72 0 0 0 0 92 2 0 0 0 0 0 0 0 0 97 0 0 0 0 0 0 0 0 58 0 0 0 0 0 0 0 7 0 0 12 0 0 0 0 60 0 0 0 0 0 0 0 0 0 0 0 0 0 0 0 0 0 0 0 0 0 52 0 
0 0 0 0 0 0 0 0 0 47 0 0 0 0 0 0 0 0 0 0 0 0 0 0 0 0 0 0 0 0 76 0 0 0 0 0 43 0 0 92 0 0 64 0 0 17 17 0 0 0 0 0 0 88 0 0 0 0 0 0 5 44 0 0 0 0 0 0 0 65 79 0 0 0 62 0 0 0 0 0 0 0 0 0 0 0 0 0 0 0 0 0 0 0 0 0 0 83 75 0 
0 22 0 0 0 0 0 0 0 0 0 0 0 0 0 0 0 0 0 0 0 0 0 31 0 0 0 0 0 0 0 0 0 0 0 0 0 0 0 0 0 0 0 0 0 0 48 30 87 88 0 0 1 0 0 0 42 0 0 0 0 0 0 0 0 0 0 0 94 0 91 0 0 33 33 0 0 0 0 0 0 0 0 0 0 0 0 0 0 0 31 39 0 0 0 21 0 0 0 0 
0 33 0 76 0 0 0 0 0 0 0 0 0 0 0 0 33 0 0 0 0 0 0 0 0 0 0 32 0 0 0 0 92 0 0 0 0 0 0 0 69 48 0 28 0 21 0 0 0 0 0 0 0 0 0 0 0 58 5 0 0 35 0 0 0 0 0 0 0 0 0 43 0 0 0 0 0 0 0 0 0 0 0 0 0 0 0 0 0 0 0 0 0 0 0 0 0 0 2 41 
47 0 0 0 0 0 78 0 0 65 0 0 73 0 0 0 0 53 0 0 0 0 0 0 0 0 0 0 28 0 0 2 0 0 0 0 0 0 0 0 97 0 0 0 0 0 0 0 0 0 0 20 0 39 0 0 0 0 44 0 35 0 0 0 0 0 0 0 0 0 0 0 0 47 0 0 0 0 0 0 0 0 18 0 0 0 0 0 72 0 0 0 0 0 0 0 0 0 0 0 
0 0 0 0 0 0 0 0 83 0 0 0 0 0 0 0 13 0 0 0 0 0 19 0 0 0 0 74 0 0 0 0 0 0 0 0 0 0 0 0 0 41 0 80 0 0 0 0 0 0 0 0 0 0 7 0 0 0 0 0 0 0 0 0 0 0 0 0 0 0 0 58 0 0 0 0 0 0 0 0 48 0 85 0 0 0 0 0 93 65 44 0 0 0 0 0 37 0 68 0 
0 0 25 0 0 0 71 83 0 0 0 0 0 0 0 0 0 0 0 0 0 0 0 0 0 0 0 43 0 0 0 0 0 89 0 0 0 0 0 0 0 0 0 0 0 0 0 0 0 0 0 0 0 0 89 0 0 0 0 0 0 0 0 0 67 61 0 0 29 0 3 0 0 64 79 0 0 0 0 0 0 0 0 0 0 6 0 0 0 0 0 10 0 0 0 0 0 68 0 0 
0 0 0 0 88 14 0 0 0 0 0 0 0 0 0 0 67 0 0 0 0 0 0 0 0 0 0 0 0 0 0 0 98 0 0 0 0 0 0 0 0 0 0 81 56 0 0 0 0 0 0 0 0 0 0 13 0 0 0 0 0 0 0 67 0 0 0 0 0 0 0 0 84 0 0 0 38 29 0 0 0 0 0 0 0 0 0 0 0 0 20 0 0 0 0 0 0 0 0 0 
0 0 0 0 0 0 0 0 0 0 0 0 0 0 39 0 0 84 0 0 0 0 0 93 0 0 0 0 0 0 0 0 47 60 15 0 0 0 0 0 0 77 0 0 0 0 0 0 0 0 0 0 0 0 0 0 0 0 0 0 0 0 0 61 0 0 0 0 0 70 0 0 0 0 0 0 0 0 0 2 0 0 0 0 0 0 13 0 0 0 0 100 0 0 0 0 0 0 0 0 
0 0 0 56 97 0 23 0 0 0 98 0 0 47 0 0 0 0 0 0 0 0 0 0 0 0 49 0 0 0 0 0 0 95 0 0 0 0 0 0 58 0 0 0 0 0 38 0 0 0 0 0 24 0 0 76 0 0 0 0 0 0 0 0 0 0 0 0 0 0 0 0 0 0 0 0 14 0 0 0 0 0 0 0 0 0 0 0 0 32 0 0 0 0 0 0 0 0 0 23 
0 0 0 0 0 0 0 0 0 14 0 14 0 36 0 0 0 0 0 25 0 0 0 0 0 0 0 0 0 0 87 0 0 0 0 0 0 0 0 0 0 0 0 0 0 0 0 0 91 0 0 0 0 0 0 0 0 0 0 0 0 0 0 0 0 0 0 0 0 0 0 0 0 0 64 11 0 3 0 0 0 0 0 0 0 0 0 0 0 0 0 0 32 0 16 0 0 0 0 0 
81 70 0 0 43 0 0 54 0 0 4 12 0 0 0 0 0 0 0 0 0 0 0 0 0 0 0 0 0 0 0 0 0 0 0 0 0 0 0 0 0 0 0 0 0 0 0 0 0 0 0 0 0 0 77 0 0 7 0 94 0 0 0 29 0 0 0 0 0 0 0 0 0 0 0 0 0 0 0 0 0 0 0 0 54 0 0 0 0 62 0 0 16 0 0 0 14 53 0 0 
0 0 0 0 0 0 0 64 0 0 0 0 3 0 0 0 0 0 0 31 0 0 0 0 0 0 0 0 35 0 0 0 0 0 82 0 0 10 0 0 0 0 0 0 0 0 0 0 0 0 0 0 0 0 0 0 0 0 65 0 0 0 0 0 0 70 0 0 0 0 0 0 25 0 0 0 0 0 0 44 0 5 0 0 29 0 0 0 0 0 0 0 0 0 0 0 0 0 0 0 
0 15 0 0 0 0 0 0 77 0 0 0 0 0 66 0 0 0 0 0 0 0 0 0 88 0 0 0 0 0 0 0 0 0 0 85 0 0 0 0 0 0 0 0 0 28 0 0 0 0 0 0 0 0 0 0 0 0 79 91 0 0 0 3 0 0 0 0 0 0 0 0 0 11 0 0 0 0 0 0 0 0 0 4 0 0 0 0 0 0 0 0 0 0 0 0 0 0 45 0 
0 0 0 0 53 0 0 0 0 0 0 0 0 0 0 0 0 94 0 0 0 0 64 0 78 87 0 0 0 0 0 0 0 0 0 0 0 26 0 0 0 0 0 0 24 83 0 0 0 0 87 0 0 0 0 0 0 12 0 0 43 0 58 0 0 0 0 0 0 0 0 0 0 0 0 0 0 0 0 0 0 0 48 83 0 0 0 0 0 0 35 0 0 0 0 0 0 0 0 0 
0 0 0 0 0 0 0 92 0 38 0 0 0 0 0 0 0 0 0 0 0 63 25 0 0 0 0 0 0 0 0 0 0 0 0 0 64 0 0 33 0 0 0 0 0 0 0 0 0 0 0 0 0 0 0 0 0 0 0 0 0 0 0 0 84 0 0 0 0 25 0 0 0 0 1 0 0 0 0 0 0 0 0 0 16 0 0 0 32 64 0 0 0 0 0 0 0 0 0 0 
0 0 0 0 0 20 0 0 18 0 0 0 0 0 0 0 0 0 0 0 0 0 0 0 0 0 0 0 0 0 56 0 0 0 46 0 0 61 0 0 0 0 0 0 0 0 0 0 0 0 0 0 0 0 0 0 44 0 0 33 0 47 0 64 0 0 0 0 0 0 11 0 0 0 0 23 0 0 38 0 0 0 0 0 0 0 0 0 77 47 0 0 0 0 0 0 0 77 0 0 
0 0 0 0 0 34 0 47 0 0 14 83 21 0 0 0 0 0 70 0 0 0 0 0 0 0 0 0 0 89 0 0 0 0 0 0 0 0 33 0 0 0 0 0 0 0 0 0 0 0 0 0 0 0 0 0 68 0 62 33 0 0 0 79 0 0 0 64 0 0 0 0 1 0 0 0 0 40 0 0 0 0 0 0 0 0 0 0 0 0 0 0 0 0 0 0 0 0 0 0 
0 94 0 0 0 0 0 0 0 0 22 0 0 34 0 0 0 0 0 0 30 9 0 0 0 0 0 0 0 0 0 19 0 0 0 0 0 0 0 0 0 0 43 0 0 0 0 0 0 0 90 0 0 0 0 0 0 0 0 0 0 0 0 0 0 0 0 11 0 0 0 0 0 23 0 0 0 0 0 0 0 0 19 0 0 0 0 0 0 0 0 0 0 0 0 0 0 0 0 0 
0 0 9 0 0 61 0 63 0 0 0 0 100 0 0 0 0 0 18 0 0 0 87 0 0 0 0 0 0 75 17 0 0 0 0 0 0 0 0 0 0 0 0 0 0 0 0 0 0 0 57 0 0 0 0 0 0 60 0 0 0 0 0 0 38 0 14 0 0 0 0 0 0 0 0 0 0 0 0 0 0 0 0 0 0 0 0 0 0 0 0 0 68 0 0 0 0 0 0 0 
0 0 0 0 0 0 0 0 0 0 0 24 0 0 0 55 0 48 59 0 0 0 0 0 10 0 0 0 0 0 0 0 0 24 0 0 0 0 0 0 0 0 0 0 89 0 0 0 0 0 0 0 0 0 54 0 0 0 0 0 0 0 0 0 29 0 0 3 0 0 0 0 0 0 40 0 0 0 0 0 0 9 67 76 0 0 0 0 0 0 0 0 0 0 0 0 0 0 0 0 
42 0 0 0 0 30 0 0 0 0 100 0 0 0 0 0 0 90 0 20 0 0 0 0 25 0 0 0 0 5 0 0 0 0 0 0 0 0 0 0 0 0 0 17 0 0 0 35 0 0 0 0 0 0 0 0 0 0 0 0 0 0 0 0 0 0 0 0 0 0 0 0 0 38 0 0 0 0 0 0 0 0 0 0 0 0 49 0 0 89 67 46 0 0 0 0 0 0 0 0 
0 0 0 0 0 0 77 0 0 0 0 0 0 0 0 0 0 0 0 0 0 0 0 0 0 0 0 0 0 0 0 0 0 0 0 0 0 0 0 0 0 0 0 0 0 7 0 90 0 0 0 0 0 0 0 0 0 0 0 0 0 0 0 0 0 2 0 0 0 44 0 0 0 0 0 0 0 0 0 0 68 0 5 0 0 0 0 59 0 0 45 51 0 0 78 28 11 0 0 0 
0 74 0 0 0 0 0 83 0 96 0 73 0 92 0 0 0 0 0 88 27 0 0 0 0 0 0 0 0 0 0 3 0 0 0 0 0 0 0 0 0 0 0 0 0 0 0 0 86 0 0 0 0 0 0 0 0 0 0 0 0 0 48 0 0 0 0 0 0 0 0 0 0 0 0 0 0 0 0 68 0 95 0 0 0 0 66 0 0 0 0 0 0 86 0 0 46 0 0 0 
76 0 0 0 0 0 84 0 0 0 0 0 0 0 0 0 0 0 0 57 0 0 0 80 0 0 0 0 0 0 0 0 0 0 0 0 0 58 0 0 0 0 0 33 0 0 0 0 0 0 30 0 0 0 0 0 0 0 0 0 0 0 0 0 0 0 0 0 0 5 0 0 0 0 0 0 0 9 0 0 95 0 0 73 0 0 0 0 0 0 0 0 0 65 0 0 0 55 0 0 
0 0 83 0 0 0 0 0 0 0 0 0 0 0 7 0 0 0 0 0 0 0 0 0 0 0 0 0 0 0 0 0 0 0 0 0 0 0 0 0 0 0 0 0 0 0 0 0 0 96 0 0 31 0 69 52 86 0 0 0 0 18 85 0 0 0 0 0 0 0 0 48 0 0 0 19 0 67 0 5 0 0 0 0 0 0 1 0 0 0 1 0 0 0 0 0 0 0 0 0 
10 44 0 0 0 0 0 0 0 0 0 0 0 0 0 0 0 0 0 0 0 14 0 0 0 0 0 0 0 0 0 0 0 31 0 0 0 0 73 75 0 24 0 0 0 0 76 0 0 0 0 32 0 0 37 0 0 0 0 0 0 0 0 0 0 0 0 0 0 0 4 83 0 0 0 0 0 76 0 0 0 73 0 0 0 0 0 0 0 0 0 0 0 0 0 0 0 0 57 0 
0 0 0 0 0 0 0 0 0 52 0 0 50 0 0 0 0 0 0 0 0 0 0 90 0 0 0 0 0 0 59 0 0 0 0 0 51 0 0 0 0 0 0 0 0 0 43 0 10 0 0 0 0 0 0 0 0 0 0 0 0 0 0 0 0 0 0 0 54 29 0 0 16 0 0 0 0 0 0 0 0 0 0 0 0 0 0 0 0 0 0 21 0 0 53 13 0 0 0 0 
13 91 0 0 81 0 0 50 0 0 0 0 47 0 3 0 0 0 63 0 0 0 47 0 0 0 0 0 0 0 0 0 0 0 0 60 94 0 60 0 0 0 0 0 0 0 83 0 0 0 0 0 0 0 0 53 0 0 0 0 0 0 0 6 0 0 0 0 0 0 0 0 0 0 0 0 0 0 0 0 0 0 0 0 0 0 76 0 0 0 0 0 0 0 0 0 0 0 0 0 
0 0 0 0 0 45 0 0 0 0 75 0 24 0 0 0 0 0 0 0 0 0 0 0 0 0 0 0 91 0 0 0 0 0 0 0 24 0 0 0 0 0 0 19 0 22 0 0 0 0 0 0 0 0 0 0 0 0 0 0 0 0 0 0 0 13 0 0 0 0 0 0 0 0 0 0 0 0 49 0 66 0 1 0 0 76 0 0 94 55 0 0 19 0 0 0 0 0 0 0 
0 0 94 90 0 0 0 0 0 0 0 0 0 0 36 0 0 9 48 0 0 0 0 0 0 0 0 0 0 0 59 0 0 0 23 0 0 0 0 0 0 0 0 0 0 0 0 15 71 0 17 0 0 0 0 92 0 0 0 0 0 0 0 0 0 0 0 0 0 0 0 0 0 0 0 0 0 0 0 59 0 0 0 0 0 0 0 0 0 0 0 0 7 0 0 0 0 0 88 0 
0 0 0 0 0 0 0 0 0 0 0 0 0 0 0 0 0 0 0 0 0 0 0 0 0 0 0 59 0 0 0 0 0 0 0 0 0 0 0 0 0 0 0 0 0 0 0 0 0 5 0 0 0 0 0 0 0 0 0 0 0 72 93 0 0 0 0 0 0 0 0 0 32 77 0 0 0 0 0 0 0 0 0 0 0 0 94 0 0 0 0 0 0 0 0 0 0 2 0 55 
0 0 0 0 0 0 49 0 0 0 0 0 0 84 0 34 0 0 0 19 0 0 0 0 0 0 0 0 0 0 0 0 0 0 0 53 0 93 0 0 0 0 0 0 0 0 0 0 41 0 0 0 0 0 0 0 0 0 0 0 0 0 65 0 0 0 32 0 62 0 0 0 64 47 0 0 0 0 89 0 0 0 0 0 0 0 55 0 0 0 0 91 0 0 0 0 0 0 0 0 
5 0 0 0 0 0 0 0 0 0 0 0 0 0 0 0 0 0 0 0 0 0 0 45 0 0 0 0 19 0 0 0 0 0 0 0 0 0 0 0 0 0 0 0 0 0 0 0 0 0 0 0 0 0 0 0 0 0 0 31 0 0 44 0 20 0 0 0 0 0 0 35 0 0 0 0 0 0 67 45 0 0 1 0 0 0 0 0 0 0 0 70 0 0 0 44 0 0 0 0 
0 0 0 0 0 0 0 0 0 0 0 16 0 0 0 0 0 0 0 0 0 0 0 0 0 0 0 0 0 0 0 78 0 0 0 0 0 0 18 0 0 0 0 0 0 0 0 0 0 0 97 0 0 0 0 0 0 0 0 39 0 0 0 10 0 100 0 0 0 0 0 0 0 0 0 0 0 0 46 51 0 0 0 0 21 0 0 0 0 91 70 0 0 90 0 0 36 9 0 0 
0 0 0 0 0 0 0 0 0 0 0 0 0 0 0 0 0 0 0 0 0 0 0 0 0 0 0 0 0 0 0 0 0 0 19 0 92 0 0 26 0 0 0 34 0 0 0 0 0 0 0 0 0 0 0 0 0 0 0 0 0 0 0 0 0 0 0 32 16 0 0 0 0 0 0 0 68 0 0 0 0 0 0 0 0 0 19 7 0 0 0 0 0 0 60 0 89 0 0 0 
0 0 0 0 0 0 0 0 0 0 0 0 0 0 0 0 0 0 0 0 0 0 0 0 0 0 0 0 17 0 0 0 0 0 0 22 0 0 0 0 0 53 0 0 0 20 36 0 0 0 3 0 0 0 0 0 0 0 0 0 0 0 0 0 0 0 0 0 0 0 0 0 0 0 0 0 0 0 0 0 86 65 0 0 0 0 0 0 0 0 0 90 0 0 0 0 0 44 0 0 
0 0 0 54 0 0 0 0 0 0 0 0 0 0 0 0 0 0 0 0 0 0 0 37 0 58 0 68 0 0 0 0 0 0 0 0 62 28 0 0 0 0 44 0 0 0 0 0 0 0 80 0 0 2 0 0 95 0 0 0 0 0 0 0 0 0 0 16 0 0 0 0 0 0 0 0 0 0 0 78 0 0 0 0 53 0 0 0 0 0 0 0 60 0 0 0 0 0 0 0 
0 0 0 0 0 0 0 76 0 0 0 0 0 0 0 0 0 0 0 0 0 0 0 0 0 0 0 0 0 0 0 59 42 0 0 0 18 98 0 0 0 0 0 0 0 0 0 20 0 0 52 0 52 0 0 0 0 0 0 21 0 0 0 0 0 0 0 0 0 0 0 0 0 0 0 0 0 0 0 28 0 0 0 0 13 0 0 0 0 0 44 0 0 0 0 0 0 0 90 0 
0 0 0 0 0 0 0 80 81 0 0 0 0 0 0 0 17 0 0 0 0 0 0 0 0 0 0 0 73 0 0 0 9 0 0 0 0 0 0 62 0 0 0 47 0 0 0 0 0 0 0 0 42 0 0 0 0 0 0 0 0 0 37 0 0 0 0 0 14 0 0 0 0 0 0 0 0 0 0 11 46 0 0 0 0 0 0 0 0 0 0 36 89 0 0 0 0 89 0 0 
0 0 61 0 0 0 0 0 0 0 0 0 0 0 0 0 0 0 0 0 0 0 0 0 0 0 50 0 0 0 0 0 0 0 0 0 0 0 94 0 0 0 31 0 0 0 0 0 89 0 14 0 0 0 0 0 0 0 83 0 0 0 0 68 0 0 0 0 53 0 0 0 0 77 0 0 0 0 0 0 0 55 0 0 0 0 0 0 2 0 0 9 0 44 0 0 89 0 0 0 
0 0 0 0 0 0 0 46 0 0 0 0 0 0 0 0 0 0 51 0 0 0 0 0 0 0 0 43 0 85 0 90 0 0 0 0 0 0 0 0 0 39 0 0 0 0 0 0 0 0 0 0 0 0 0 0 0 52 75 0 2 0 68 0 0 0 0 0 0 0 45 0 0 0 0 0 0 0 0 0 0 0 0 57 0 0 0 88 0 0 0 0 0 0 0 90 0 0 0 0 
0 0 0 0 0 0 0 0 0 0 0 0 0 0 0 0 0 0 0 0 0 0 0 0 0 0 0 0 55 0 0 0 0 0 0 0 0 0 0 0 0 0 0 0 0 0 0 85 0 0 0 0 0 91 0 0 86 0 0 0 41 0 0 0 0 0 23 0 0 0 0 0 0 0 0 0 0 0 0 0 0 0 0 0 0 0 0 0 55 0 0 0 0 0 0 0 0 0 0 0 
