0 66 72 71 43 0 0 21 0 64 97 0 77 6 0 0 0 0 25 36 0 18 99 12 49 0 5 18 85 34 92 49 30 93 95 15 58 81 81 98 18 0 20 0 12 35 0 38 38 0 46 40 76 12 0 0 0 45 0 0 0 11 0 32 0 0 46 86 18 77 0 0 17 88 79 0 49 1 0 0 17 0 51 50 0 0 25 74 90 0 32 16 0 57 79 9 100 87 62 0 
66 0 0 0 2 10 0 44 77 0 0 0 3 0 42 80 6 40 18 80 86 61 25 73 33 59 28 65 48 0 85 18 16 55 96 80 28 86 27 0 29 20 94 39 94 32 0 55 10 16 94 0 36 82 0 0 0 33 100 0 44 41 0 8 90 33 4 58 0 0 0 0 24 0 74 84 23 60 0 22 0 93 81 9 70 41 0 78 0 0 89 22 86 0 0 0 0 0 49 11 
72 0 0 57 94 0 0 91 92 14 0 60 16 5 0 28 0 0 54 0 0 4 19 0 42 0 2 77 0 87 0 79 37 16 0 89 71 56 57 0 18 33 0 98 1 3 20 0 70 4 74 0 0 93 0 0 0 60 0 20 76 0 28 0 10 10 14 0 0 53 92 55 0 81 0 0 48 0 83 83 0 0 56 0 0 0 96 80 90 22 0 77 0 28 10 97 43 0 28 85 
71 0 57 0 0 36 37 21 0 32 0 42 0 0 69 29 45 28 95 66 36 91 14 62 0 27 27 1 26 0 36 86 0 34 0 86 40 0 99 84 38 0 90 45 87 71 23 88 64 30 94 56 32 70 70 30 55 52 12 0 0 64 62 0 68 64 60 0 60 48 0 80 52 23 16 0 0 0 63 100 10 57 0 0 0 77 0 0 35 46 39 42 0 0 57 0 0 10 61 0 
43 2 94 0 0 26 0 0 99 97 39 0 30 0 0 0 30 0 84 45 32 4 64 7 0 0 46 42 23 0 62 44 0 0 0 0 53 0 0 38 0 0 54 0 60 45 0 0 4 47 47 0 0 100 0 26 0 0 0 44 0 51 0 82 0 0 67 61 8 0 0 38 57 0 54 88 0 87 0 47 0 52 90 42 0 0 0 90 99 67 18 0 42 61 0 0 81 0 0 2 
0 10 0 36 26 0 48 0 93 4 52 0 39 15 65 64 24 0 83 78 20 50 0 84 0 23 97 0 35 44 18 67 80 96 0 13 0 66 18 43 50 89 0 0 74 0 0 6 0 0 0 0 25 25 82 0 0 49 92 30 48 0 97 0 0 51 33 30 10 58 27 60 69 5 0 90 10 0 0 49 10 21 87 60 0 50 66 0 52 0 74 21 0 57 0 38 0 0 10 0 
0 0 0 37 0 48 0 88 5 54 88 97 0 61 33 60 99 0 40 0 0 8 0 0 0 0 0 0 0 58 91 48 35 0 0 6 92 0 0 91 54 82 77 61 0 62 0 0 0 0 0 71 92 0 0 81 27 49 27 0 92 0 12 0 0 0 0 35 0 83 60 0 25 0 0 25 0 42 3 0 0 0 21 93 0 0 0 10 0 0 36 0 0 0 62 0 51 94 0 96 
21 44 91 21 0 0 88 0 0 67 26 24 0 31 0 0 86 0 0 0 97 0 98 0 0 24 0 32 90 4 0 46 63 0 0 0 92 98 0 54 3 77 39 99 0 0 98 11 0 49 30 0 58 85 27 14 0 10 0 80 0 0 77 0 0 70 78 53 98 0 0 68 0 0 43 98 93 48 7 0 84 19 28 0 0 9 0 0 1 80 73 63 0 0 52 0 0 0 84 100 
0 77 92 0 99 93 5 0 0 8 6 0 5 83 75 0 89 63 0 50 0 18 0 0 14 0 41 54 78 76 62 94 20 0 75 0 74 91 0 85 18 0 5 0 0 0 0 89 23 74 0 0 0 39 36 0 79 0 47 80 13 0 32 0 92 82 61 28 1 0 66 68 0 86 0 53 0 92 1 0 0 66 0 85 98 71 66 8 46 59 0 42 0 31 54 35 0 0 70 87 
64 0 14 32 97 4 54 67 8 0 97 86 0 42 2 38 58 5 19 14 34 76 32 54 0 54 38 0 62 77 52 42 0 8 11 83 0 0 84 62 84 0 11 82 98 60 39 0 0 0 43 88 0 68 1 10 0 90 9 39 88 83 35 9 0 83 0 47 19 0 3 0 70 37 0 87 54 0 0 0 0 11 0 35 85 0 98 22 16 100 16 0 0 15 64 0 0 2 0 0 
97 0 0 0 39 52 88 26 6 97 0 0 63 80 21 92 64 75 25 29 24 66 0 30 47 0 0 0 90 43 79 4 84 13 26 0 0 97 0 6 89 30 2 14 89 71 38 0 45 0 35 97 86 0 76 25 68 0 14 0 0 36 0 0 8 0 59 0 29 28 0 79 23 85 0 0 0 0 0 0 81 0 0 8 52 27 80 2 0 0 0 57 84 68 0 7 0 0 3 0 
0 0 60 42 0 0 97 24 0 86 0 0 100 0 43 0 0 0 0 0 0 75 0 0 71 0 8 0 0 0 0 53 0 0 0 97 33 92 0 0 64 0 0 0 0 0 12 21 49 0 31 56 43 0 71 98 87 23 97 1 15 29 0 62 0 37 25 97 84 0 24 0 76 62 0 26 50 0 61 0 47 15 69 0 97 52 91 64 77 67 83 9 0 0 80 43 0 0 51 0 
77 3 16 0 30 39 0 0 5 0 63 100 0 45 56 34 77 6 0 43 67 9 4 100 0 0 78 36 0 0 0 20 45 74 48 0 0 19 21 0 0 19 49 72 0 64 58 61 1 30 0 16 60 48 0 38 0 76 64 0 16 13 46 0 0 24 0 91 0 68 0 38 6 6 0 97 0 87 82 78 0 92 47 56 0 0 0 0 94 0 61 0 38 0 65 0 0 0 23 0 
6 0 5 0 0 15 61 31 83 42 80 0 45 0 0 7 51 0 0 9 54 54 19 35 49 86 14 0 0 23 75 81 32 65 100 0 70 91 98 0 0 58 77 0 22 0 0 89 0 84 0 78 0 94 66 32 78 90 0 49 0 43 24 75 0 98 0 75 59 0 70 21 0 85 50 69 0 69 22 93 0 0 0 0 93 20 0 0 95 27 36 0 0 97 21 0 0 43 0 0 
0 42 0 69 0 65 33 0 75 2 21 43 56 0 0 57 65 0 71 0 0 0 10 74 36 6 85 23 0 0 12 52 0 62 70 0 64 77 0 0 52 0 67 0 29 0 56 0 0 54 61 22 51 0 91 53 0 49 0 0 78 0 24 72 0 0 34 0 0 23 91 0 0 3 23 16 0 52 0 29 0 57 58 43 0 12 61 32 8 8 47 98 0 0 2 27 0 0 57 0 
0 80 28 29 0 64 60 0 0 38 92 0 34 7 57 0 80 0 0 0 34 71 0 0 97 0 12 47 0 50 0 0 89 0 48 9 9 80 0 82 0 28 0 86 30 0 100 0 99 0 0 0 95 34 66 87 66 0 35 59 66 44 39 30 0 13 0 0 13 21 86 80 52 26 80 65 0 0 45 85 17 0 7 0 0 23 27 0 23 31 0 97 64 65 21 35 0 0 84 27 
0 6 0 45 30 24 99 86 89 58 64 0 77 51 65 80 0 100 17 0 54 0 38 0 36 91 50 1 50 0 0 48 11 98 19 64 33 0 26 19 0 4 0 0 0 0 30 0 16 0 0 82 0 0 73 0 88 0 95 0 35 2 30 42 73 0 52 0 22 32 41 33 46 0 47 0 0 74 24 50 0 9 61 98 0 44 0 0 11 60 91 93 14 0 41 52 0 0 81 73 
0 40 0 28 0 0 0 0 63 5 75 0 6 0 0 0 100 0 0 0 67 36 65 0 0 93 0 0 0 0 0 72 96 56 0 0 0 47 0 66 66 19 0 0 0 0 0 21 0 27 0 0 60 0 0 0 0 32 39 0 50 0 0 0 0 99 61 0 96 55 36 0 0 48 20 64 24 90 13 0 2 88 29 0 0 0 86 38 0 0 0 0 0 0 31 63 38 90 0 34 
25 18 54 95 84 83 40 0 0 19 25 0 0 0 71 0 17 0 0 26 0 0 32 66 0 82 0 0 51 94 3 0 0 0 45 85 41 100 75 41 0 92 71 89 0 0 68 8 99 0 11 0 0 0 8 9 0 81 0 43 33 31 0 0 0 0 51 3 0 85 98 95 1 0 62 98 0 93 50 49 0 2 0 85 0 100 54 82 19 100 58 0 31 5 23 46 93 0 0 38 
36 80 0 66 45 78 0 0 50 14 29 0 43 9 0 0 0 0 26 0 0 0 0 11 0 94 58 0 0 0 69 28 64 65 4 0 63 29 57 80 0 0 22 22 49 62 0 7 94 45 74 3 89 0 69 27 0 4 17 0 0 33 0 19 19 61 64 20 0 0 19 26 63 73 24 0 0 73 17 0 70 0 78 17 0 0 0 38 78 73 0 0 44 22 0 44 0 0 83 20 
0 86 0 36 32 20 0 97 0 34 24 0 67 54 0 34 54 67 0 0 0 9 32 0 84 0 79 0 0 0 0 0 79 5 46 21 80 87 4 22 52 77 47 0 72 46 39 3 44 0 26 0 0 8 51 0 13 0 45 100 0 0 61 68 0 3 0 10 55 78 0 2 0 0 0 9 47 71 49 64 10 13 32 0 47 65 12 0 0 12 89 56 76 52 60 60 0 17 0 76 
18 61 4 91 4 50 8 0 18 76 66 75 9 54 0 71 0 36 0 0 9 0 12 99 0 80 18 40 0 15 0 0 0 20 96 17 0 0 0 98 31 0 11 18 0 32 84 0 0 13 10 87 100 0 87 0 40 64 0 49 95 0 82 0 73 19 28 46 30 0 25 0 0 83 0 86 84 49 6 74 0 27 0 0 58 0 37 91 80 0 83 36 66 0 33 11 67 31 77 69 
99 25 19 14 64 0 0 98 0 32 0 0 4 19 10 0 38 65 32 0 32 12 0 30 68 0 0 60 0 2 47 0 5 48 81 72 0 0 23 0 73 0 76 23 99 57 86 45 46 58 86 0 32 0 65 52 0 0 100 15 95 87 26 69 98 37 75 0 0 5 13 74 84 76 52 83 0 0 83 27 9 39 36 20 0 70 52 0 0 0 80 0 28 0 77 50 9 0 33 0 
12 73 0 62 7 84 0 0 0 54 30 0 100 35 74 0 0 0 66 11 0 99 30 0 0 81 79 34 0 78 72 16 95 29 29 0 62 91 0 28 0 0 100 0 47 12 35 47 0 35 44 97 0 72 30 99 46 78 5 88 0 0 11 26 20 16 0 15 43 82 23 0 0 2 92 7 100 56 94 78 0 0 0 18 50 40 67 0 84 0 72 61 36 22 9 56 64 0 97 72 
49 33 42 0 0 0 0 0 14 0 47 71 0 49 36 97 36 0 0 0 84 0 68 0 0 90 84 83 84 0 65 58 65 0 57 94 97 0 93 0 33 54 0 0 41 0 0 85 77 0 30 83 12 0 0 4 46 0 100 73 4 0 70 0 8 22 0 19 60 51 0 58 85 65 80 90 53 0 0 22 0 0 0 70 91 12 21 17 0 74 17 63 60 0 73 0 21 89 27 73 
0 59 0 27 0 23 0 24 0 54 0 0 0 86 6 0 91 93 82 94 0 80 0 81 90 0 24 5 14 16 55 87 0 0 0 98 67 27 16 0 54 14 74 100 78 0 98 54 0 55 10 40 93 0 6 42 38 18 3 5 81 26 10 0 58 0 0 92 64 52 12 53 65 0 67 90 68 0 89 29 20 33 0 40 0 0 36 0 94 53 0 48 0 0 71 36 0 29 48 40 
5 28 2 27 46 97 0 0 41 38 0 8 78 14 85 12 50 0 0 58 79 18 0 79 84 24 0 43 0 0 92 52 43 36 87 0 25 89 48 0 83 17 0 79 78 0 0 0 0 36 52 0 7 34 17 38 33 71 0 70 12 63 0 68 0 0 0 7 59 100 40 85 0 0 0 85 15 9 22 71 0 85 0 87 43 0 0 1 34 84 0 68 0 0 31 66 84 11 0 56 
18 65 77 1 42 0 0 32 54 0 0 0 36 0 23 47 1 0 0 0 0 40 60 34 83 5 43 0 0 52 87 17 23 80 37 74 2 0 46 90 42 76 0 63 66 1 0 0 0 54 72 59 54 8 0 47 79 95 0 0 75 0 0 83 99 0 16 38 0 43 1 89 0 24 67 11 50 28 0 93 78 0 4 47 87 57 0 3 0 19 67 20 65 98 60 34 82 56 0 45 
85 48 0 26 23 35 0 90 78 62 90 0 0 0 0 0 50 0 51 0 0 0 0 0 84 14 0 0 0 0 79 29 26 92 0 0 72 94 77 0 0 0 42 0 51 0 0 0 0 0 62 62 0 36 0 0 0 0 97 30 0 69 0 72 0 6 66 1 26 1 0 83 69 0 85 33 0 64 0 62 0 0 93 0 0 0 4 0 74 75 0 0 0 55 40 0 68 0 50 75 
34 0 87 0 0 44 58 4 76 77 43 0 0 23 0 50 0 0 94 0 0 15 2 78 0 16 0 52 0 0 12 0 47 12 74 9 68 69 11 27 57 97 96 0 0 25 68 0 22 73 23 46 31 37 0 86 24 3 40 79 35 31 3 0 0 0 16 9 56 0 83 14 52 3 79 98 0 0 100 19 94 30 46 48 0 60 32 0 63 52 0 0 99 0 61 0 0 0 0 85 
92 85 0 36 62 18 91 0 62 52 79 0 0 75 12 0 0 0 3 69 0 0 47 72 65 55 92 87 79 12 0 91 0 0 8 93 0 30 35 0 0 35 7 46 41 83 40 51 5 49 78 0 91 2 91 65 0 0 0 0 0 80 0 28 14 0 62 0 70 55 20 72 59 42 99 0 0 13 86 40 31 0 3 11 0 91 71 0 45 81 0 9 22 0 0 0 68 61 99 56 
49 18 79 86 44 67 48 46 94 42 4 53 20 81 52 0 48 72 0 28 0 0 0 16 58 87 52 17 29 0 91 0 87 43 63 55 98 42 0 16 82 56 17 43 30 0 2 32 0 19 55 3 46 77 49 62 0 58 77 0 90 0 0 9 0 5 29 71 46 0 45 60 49 35 0 38 70 0 56 0 6 28 23 36 0 0 0 0 0 75 10 21 0 21 0 0 0 0 0 53 
30 16 37 0 0 80 35 63 20 0 84 0 45 32 0 89 11 96 0 64 79 0 5 95 65 0 43 23 26 47 0 87 0 59 0 0 0 0 100 0 0 12 0 56 0 0 0 51 0 25 0 14 23 42 0 67 8 60 0 38 80 77 28 67 0 32 44 48 0 0 0 54 50 0 34 96 38 19 0 12 0 83 43 0 23 87 37 91 0 87 40 0 36 44 62 58 66 71 68 53 
93 55 16 34 0 96 0 0 0 8 13 0 74 65 62 0 98 56 0 65 5 20 48 29 0 0 36 80 92 12 0 43 59 0 83 67 78 38 59 0 0 53 80 77 75 0 91 49 0 67 0 56 27 46 81 92 71 59 92 26 45 52 0 46 86 42 0 93 0 0 77 93 0 87 0 86 0 27 10 0 59 85 5 19 0 58 11 78 0 52 0 84 0 0 79 56 55 0 24 48 
95 96 0 0 0 0 0 0 75 11 26 0 48 100 70 48 19 0 45 4 46 96 81 29 57 0 87 37 0 74 8 63 0 83 0 77 0 44 0 0 66 33 90 36 67 0 85 0 47 0 78 0 0 23 65 52 73 0 0 20 82 68 0 93 86 67 28 0 66 47 47 54 55 0 30 85 67 53 0 96 0 55 0 88 97 91 45 20 0 0 9 0 44 33 0 3 0 41 57 57 
15 80 89 86 0 13 6 0 0 83 0 97 0 0 0 9 64 0 85 0 21 17 72 0 94 98 0 74 0 9 93 55 0 67 77 0 79 0 79 20 40 31 0 0 22 79 0 53 78 85 47 56 7 83 0 21 100 0 26 89 11 80 0 11 42 85 77 0 87 19 32 7 92 19 0 64 36 10 58 28 0 70 69 32 50 35 0 0 78 0 58 0 0 84 0 25 95 31 79 82 
58 28 71 40 53 0 92 92 74 0 0 33 0 70 64 9 33 0 41 63 80 0 0 62 97 67 25 2 72 68 0 98 0 78 0 79 0 0 0 43 63 17 0 74 15 0 8 98 2 47 91 58 0 65 15 19 47 80 90 41 89 0 18 64 0 28 0 59 18 0 0 10 0 18 0 15 8 83 48 97 58 52 0 68 0 0 82 37 0 74 63 0 67 0 96 0 96 81 80 8 
81 86 56 0 0 66 0 98 91 0 97 92 19 91 77 80 0 47 100 29 87 0 0 91 0 27 89 0 94 69 30 42 0 38 44 0 0 0 48 0 80 84 62 45 38 0 0 0 0 32 34 0 13 0 25 6 0 44 36 0 41 21 33 0 50 95 0 0 0 0 57 67 0 0 79 80 0 0 0 52 56 12 78 47 59 0 25 0 69 0 62 14 1 25 54 48 26 41 0 46 
81 27 57 99 0 18 0 0 0 84 0 0 21 98 0 0 26 0 75 57 4 0 23 0 93 16 48 46 77 11 35 0 100 59 0 79 0 48 0 0 92 95 74 0 28 23 92 12 99 17 26 50 34 0 3 0 9 41 0 0 0 81 0 46 29 23 53 33 0 22 96 80 0 0 0 78 74 100 58 0 31 46 48 34 24 8 87 53 37 88 90 0 0 73 9 0 47 0 0 80 
98 0 0 84 38 43 91 54 85 62 6 0 0 0 0 82 19 66 41 80 22 98 0 28 0 0 0 90 0 27 0 16 0 0 0 20 43 0 0 0 0 37 90 0 35 0 0 52 64 26 0 57 91 0 0 0 65 0 73 0 27 0 56 0 61 91 0 2 0 18 57 78 2 99 0 55 0 76 10 0 0 46 49 52 24 13 75 50 5 26 0 31 73 26 5 79 0 0 0 56 
18 29 18 38 0 50 54 3 18 84 89 64 0 0 52 0 0 66 0 0 52 31 73 0 33 54 83 42 0 57 0 82 0 0 66 40 63 80 92 0 0 70 0 68 0 77 13 77 0 56 79 39 9 70 26 0 52 67 13 10 82 81 0 86 0 16 56 38 29 0 0 5 24 13 73 0 41 0 0 36 83 19 0 39 47 73 15 98 1 0 32 23 75 78 49 0 0 85 0 73 
0 20 33 0 0 89 82 77 0 0 30 0 19 58 0 28 4 19 92 0 77 0 0 0 54 14 17 76 0 97 35 56 12 53 33 31 17 84 95 37 70 0 19 47 0 0 16 37 59 75 72 12 0 12 0 0 0 66 0 0 88 57 85 28 41 99 60 0 0 0 37 47 0 52 0 0 45 77 74 0 0 64 33 0 34 0 87 0 21 48 0 9 90 88 15 0 92 0 50 88 
20 94 0 90 54 0 77 39 5 11 2 0 49 77 67 0 0 0 71 22 47 11 76 100 0 74 0 0 42 96 7 17 0 80 90 0 0 62 74 90 0 19 0 0 82 0 8 22 31 59 12 0 0 0 48 40 35 88 87 84 86 0 74 91 40 69 89 49 38 38 12 63 0 19 0 0 4 26 0 30 16 44 40 0 0 0 56 15 0 20 72 49 31 17 63 84 47 0 0 68 
0 39 98 45 0 0 61 99 0 82 14 0 72 0 0 86 0 0 89 22 0 18 23 0 0 100 79 63 0 0 46 43 56 77 36 0 74 45 0 0 68 47 0 0 40 6 0 0 0 84 0 0 29 87 3 0 0 96 0 0 0 84 73 62 0 90 62 0 27 40 58 0 31 4 0 85 13 91 1 15 61 17 0 12 46 0 0 25 53 25 58 0 60 0 0 39 0 100 0 85 
12 94 1 87 60 74 0 0 0 98 89 0 0 22 29 30 0 0 0 49 72 0 99 47 41 78 78 66 51 0 41 30 0 75 67 22 15 38 28 35 0 0 82 40 0 0 0 18 0 0 16 0 30 72 0 18 42 0 26 66 95 47 50 97 17 0 16 20 0 87 0 22 0 81 70 94 18 90 0 79 84 66 0 97 34 34 28 0 94 69 91 0 40 70 61 70 93 6 73 0 
35 32 3 71 45 0 62 0 0 60 71 0 64 0 0 0 0 0 0 62 46 32 57 12 0 0 0 1 0 25 83 0 0 0 0 79 0 0 23 0 77 0 0 6 0 0 48 0 61 0 47 67 42 17 0 48 0 0 0 77 0 6 48 0 73 81 72 0 24 0 28 100 0 99 43 74 0 30 0 0 29 2 0 93 53 72 69 30 39 15 0 27 0 0 0 12 72 0 51 0 
0 0 20 23 0 0 0 98 0 39 38 12 58 0 56 100 30 0 68 0 39 84 86 35 0 98 0 0 0 68 40 2 0 91 85 0 8 0 92 0 13 16 8 0 0 48 0 30 6 73 57 0 74 0 21 56 96 77 1 83 38 37 0 0 4 54 0 0 92 63 19 10 51 36 84 26 55 51 27 0 71 59 0 0 64 90 43 68 9 62 3 0 93 5 30 49 0 33 0 16 
38 55 0 88 0 6 0 11 89 0 0 21 61 89 0 0 0 21 8 7 3 0 45 47 85 54 0 0 0 0 51 32 51 49 0 53 98 0 12 52 77 37 22 0 18 0 30 0 49 46 74 82 58 49 8 0 0 26 69 18 0 50 0 23 0 91 42 60 86 19 0 28 81 45 75 32 0 49 23 0 0 86 0 13 74 9 0 0 34 2 12 82 2 0 27 67 0 39 80 0 
38 10 70 64 4 0 0 0 23 0 45 49 1 0 0 99 16 0 99 94 44 0 46 0 77 0 0 0 0 22 5 0 0 0 47 78 2 0 99 64 0 59 31 0 0 61 6 49 0 0 0 94 2 55 79 0 52 47 0 86 68 81 0 0 24 0 0 83 0 60 52 0 0 0 0 32 0 7 0 0 0 31 0 0 0 0 20 55 99 0 53 58 0 40 95 2 63 0 0 3 
0 16 4 30 47 0 0 49 74 0 0 0 30 84 54 0 0 27 0 45 0 13 58 35 0 55 36 54 0 73 49 19 25 67 0 85 47 32 17 26 56 75 59 84 0 0 73 46 0 0 67 18 6 83 50 61 78 1 47 0 0 79 98 75 54 0 98 0 0 2 77 26 24 19 69 77 4 0 0 0 0 90 0 91 100 0 66 0 98 59 0 0 60 72 0 0 69 0 0 0 
46 94 74 94 47 0 0 30 0 43 35 31 0 0 61 0 0 0 11 74 26 10 86 44 30 10 52 72 62 23 78 55 0 0 78 47 91 34 26 0 79 72 12 0 16 47 57 74 0 67 0 0 0 0 66 22 0 34 0 0 51 18 56 53 61 63 97 0 7 0 86 31 81 38 99 64 22 37 81 14 12 0 0 0 91 32 0 0 9 70 0 67 0 0 0 0 90 0 45 0 
40 0 0 56 0 0 71 0 0 88 97 56 16 78 22 0 82 0 0 3 0 87 0 97 83 40 0 59 62 46 0 3 14 56 0 56 58 0 50 57 39 12 0 0 0 67 0 82 94 18 0 0 0 98 50 0 47 0 19 0 10 0 0 0 0 52 0 87 42 9 0 12 87 14 0 29 0 0 0 0 16 0 8 0 0 45 0 88 90 3 83 0 6 0 0 84 0 0 0 0 
76 36 0 32 0 25 92 58 0 0 86 43 60 0 51 95 0 60 0 89 0 100 32 0 12 93 7 54 0 31 91 46 23 27 0 7 0 13 34 91 9 0 0 29 30 42 74 58 2 6 0 0 0 44 94 0 81 75 0 45 14 14 76 18 4 3 87 50 16 52 18 20 17 81 75 22 0 85 0 46 95 3 0 68 0 41 0 77 45 36 17 16 0 0 54 0 0 7 0 0 
12 82 93 70 100 25 0 85 39 68 0 0 48 94 0 34 0 0 0 0 8 0 0 72 0 0 34 8 36 37 2 77 42 46 23 83 65 0 0 0 70 12 0 87 72 17 0 49 55 83 0 98 44 0 7 90 82 89 48 60 46 84 82 0 14 34 30 10 100 0 0 77 44 91 30 0 54 0 51 0 84 0 83 21 7 90 96 35 88 94 17 0 82 0 95 0 61 0 95 93 
0 0 0 70 0 82 0 27 36 1 76 71 0 66 91 66 73 0 8 69 51 87 65 30 0 6 17 0 0 0 91 49 0 81 65 0 15 25 3 0 26 0 48 3 0 0 21 8 79 50 66 50 94 7 0 0 0 5 66 14 75 48 0 0 74 85 0 0 0 0 5 30 0 7 0 53 67 0 0 0 67 91 76 12 1 0 91 0 48 88 84 85 46 0 24 31 53 16 57 0 
0 0 0 30 26 0 81 14 0 10 25 98 38 32 53 87 0 0 9 27 0 0 52 99 4 42 38 47 0 86 65 62 67 92 52 21 19 6 0 0 0 0 40 0 18 48 56 0 0 61 22 0 0 90 0 0 0 0 78 78 0 85 0 94 0 0 60 0 0 6 21 5 0 0 0 0 64 10 0 57 100 5 28 67 6 37 77 0 2 0 72 95 39 62 92 0 38 0 0 0 
0 0 0 55 0 0 27 0 79 0 68 87 0 78 0 66 88 0 0 0 13 40 0 46 46 38 33 79 0 24 0 0 8 71 73 100 47 0 9 65 52 0 35 0 42 0 96 0 52 78 0 47 81 82 0 0 0 91 0 11 61 0 10 31 0 7 1 0 96 0 43 24 50 100 0 15 31 76 0 38 24 0 0 6 97 97 0 0 0 87 33 0 0 0 0 22 86 22 20 10 
45 33 60 52 0 49 49 10 0 90 0 23 76 90 49 0 0 32 81 4 0 64 0 78 0 18 71 95 0 3 0 58 60 59 0 0 80 44 41 0 67 66 88 96 0 0 77 26 47 1 34 0 75 89 5 0 91 0 0 0 36 89 23 0 24 43 6 45 0 18 0 79 36 51 81 84 67 13 0 25 95 6 79 41 20 2 63 46 0 62 33 69 0 0 16 0 0 75 88 0 
0 100 0 12 0 92 27 0 47 9 14 97 64 0 0 35 95 39 0 17 45 0 100 5 100 3 0 0 97 40 0 77 0 92 0 26 90 36 0 73 13 0 87 0 26 0 1 69 0 47 0 19 0 48 66 78 0 0 0 48 58 0 87 99 58 0 0 82 82 0 26 0 50 18 89 0 46 54 0 0 0 0 0 11 47 0 0 23 28 0 0 63 84 23 15 0 40 9 38 17 
0 0 20 0 44 30 0 80 80 39 0 1 0 49 0 59 0 0 43 0 100 49 15 88 73 5 70 0 30 79 0 0 38 26 20 89 41 0 0 0 10 0 84 0 66 77 83 18 86 0 0 0 45 60 14 78 11 0 48 0 11 23 0 18 0 69 85 0 46 89 18 99 0 0 97 0 0 0 39 0 0 0 0 59 87 40 93 0 78 89 0 0 89 36 9 0 0 74 0 0 
0 44 76 0 0 48 92 0 13 88 0 15 16 0 78 66 35 50 33 0 0 95 95 0 4 81 12 75 0 35 0 90 80 45 82 11 89 41 0 27 82 88 86 0 95 0 38 0 68 0 51 10 14 46 75 0 61 36 58 11 0 16 14 15 43 69 73 29 0 47 95 0 75 0 0 0 73 0 17 0 14 76 76 0 89 46 84 50 0 72 9 89 64 96 0 50 43 0 85 0 
11 41 0 64 51 0 0 0 0 83 36 29 13 43 0 44 2 0 31 33 0 0 87 0 0 26 63 0 69 31 80 0 77 52 68 80 0 21 81 0 81 57 0 84 47 6 37 50 81 79 18 0 14 84 48 85 0 89 0 23 16 0 0 50 91 0 0 11 82 0 0 0 78 54 75 44 59 0 27 72 0 54 25 81 60 23 0 0 0 0 75 0 24 0 0 24 0 97 17 0 
0 0 28 62 0 97 12 77 32 35 0 0 46 24 24 39 30 0 0 0 61 82 26 11 70 10 0 0 0 3 0 0 28 0 0 0 18 33 0 56 0 85 74 73 50 48 0 0 0 98 56 0 76 82 0 0 10 23 87 0 14 0 0 10 42 1 83 0 33 31 0 33 94 0 0 51 75 11 74 2 24 63 0 83 56 13 58 45 81 13 95 0 1 56 0 0 96 5 63 34 
32 8 0 0 82 0 0 0 0 9 0 62 0 75 72 30 42 0 0 19 68 0 69 26 0 0 68 83 72 0 28 9 67 46 93 11 64 0 46 0 86 28 91 62 97 0 0 23 0 75 53 0 18 0 0 94 31 0 99 18 15 50 10 0 29 0 44 0 21 93 0 0 47 19 0 0 0 0 85 0 14 0 81 0 53 47 80 0 48 24 13 6 54 0 31 0 34 23 0 84 
0 90 10 68 0 0 0 0 92 0 8 0 0 0 0 0 73 0 0 19 0 73 98 20 8 58 0 99 0 0 14 0 0 86 86 42 0 50 29 61 0 41 40 0 17 73 4 0 24 54 61 0 4 14 74 0 0 24 58 0 43 91 42 29 0 23 38 0 0 58 91 0 82 94 0 64 48 61 77 0 61 53 81 0 0 42 0 13 17 32 30 85 33 0 19 0 42 27 9 0 
0 33 10 64 0 51 0 70 82 83 0 37 24 98 0 13 0 99 0 61 3 19 37 16 22 0 0 0 6 0 0 5 32 42 67 85 28 95 23 91 16 99 69 90 0 81 54 91 0 0 63 52 3 34 85 0 7 43 0 69 69 0 1 0 23 0 7 61 0 78 92 100 76 49 7 0 0 0 50 48 0 90 33 20 0 0 0 95 0 0 49 0 51 73 0 0 5 26 11 0 
46 4 14 60 67 33 0 78 61 0 59 25 0 0 34 0 52 61 51 64 0 28 75 0 0 0 0 16 66 16 62 29 44 0 28 77 0 0 53 0 56 60 89 62 16 72 0 42 0 98 97 0 87 30 0 60 1 6 0 85 73 0 83 44 38 7 0 53 0 17 0 0 43 7 44 55 75 0 0 98 0 100 0 0 21 0 0 38 0 0 5 0 97 0 5 70 14 0 44 74 
86 58 0 0 61 30 35 53 28 47 0 97 91 75 0 0 0 0 3 20 10 46 0 15 19 92 7 38 1 9 0 71 48 93 0 0 59 0 33 2 38 0 49 0 20 0 0 60 83 0 0 87 50 10 0 0 0 45 82 0 29 11 0 0 0 61 53 0 0 0 62 54 5 0 0 29 0 0 0 0 37 99 0 0 80 0 73 78 99 0 37 0 0 0 52 0 70 0 0 0 
18 0 0 60 8 10 0 98 1 19 29 84 0 59 0 13 22 96 0 0 55 30 0 43 60 64 59 0 26 56 70 46 0 0 66 87 18 0 0 0 29 0 38 27 0 24 92 86 0 0 7 42 16 100 0 0 96 0 82 46 0 82 33 21 0 0 0 0 0 0 0 0 0 0 0 0 94 0 37 77 0 0 21 0 47 0 80 63 27 0 13 0 22 56 0 3 47 53 69 72 
77 0 53 48 0 58 83 0 0 0 28 0 68 0 23 21 32 55 85 0 78 0 5 82 51 52 100 43 1 0 55 0 0 0 47 19 0 0 22 18 0 0 38 40 87 0 63 19 60 2 0 9 52 0 0 6 0 18 0 89 47 0 31 93 58 78 17 0 0 0 89 40 16 0 0 10 79 0 36 0 0 0 93 19 0 0 0 0 0 0 58 0 60 28 83 45 73 0 0 19 
0 0 92 0 0 27 60 0 66 3 0 24 0 70 91 86 41 36 98 19 0 25 13 23 0 12 40 1 0 83 20 45 0 77 47 32 0 57 96 57 0 37 12 58 0 28 19 0 52 77 86 0 18 0 5 21 43 0 26 18 95 0 0 0 91 92 0 62 0 89 0 33 0 93 43 0 26 46 36 65 23 50 6 38 0 85 8 0 64 65 16 51 0 59 17 28 67 37 97 0 
0 0 55 80 38 60 0 68 68 0 79 0 38 21 0 80 33 0 95 26 2 0 74 0 58 53 85 89 83 14 72 60 54 93 54 7 10 67 80 78 5 47 63 0 22 100 10 28 0 26 31 12 20 77 30 5 24 79 0 99 0 0 33 0 0 100 0 54 0 40 33 0 69 87 0 0 98 56 67 0 0 0 0 0 0 0 0 89 27 93 5 72 12 67 78 0 0 0 97 99 
17 24 0 52 57 69 25 0 0 70 23 76 6 0 0 52 46 0 1 63 0 0 84 0 85 65 0 0 69 52 59 49 50 0 55 92 0 0 0 2 24 0 0 31 0 0 51 81 0 24 81 87 17 44 0 0 50 36 50 0 75 78 94 47 82 76 43 5 0 16 0 69 0 0 0 55 35 28 0 89 65 16 0 9 0 96 5 58 43 7 0 0 0 0 40 42 88 0 0 48 
88 0 81 23 0 5 0 0 86 37 85 62 6 85 3 26 0 48 0 73 0 83 76 2 65 0 0 24 0 3 42 35 0 87 0 19 18 0 0 99 13 52 19 4 81 99 36 45 0 19 38 14 81 91 7 0 100 51 18 0 0 54 0 19 94 49 7 0 0 0 93 87 0 0 0 90 8 41 0 21 0 19 0 0 84 0 62 46 0 1 34 0 61 90 0 53 39 42 70 42 
79 74 0 16 54 0 0 43 0 0 0 0 0 50 23 80 47 20 62 24 0 0 52 92 80 67 0 67 85 79 99 0 34 0 30 0 0 79 0 0 73 0 0 0 70 43 84 75 0 69 99 0 75 30 0 0 0 81 89 97 0 75 0 0 0 7 44 0 0 0 43 0 0 0 0 1 18 13 57 17 31 19 0 5 10 6 100 65 29 81 0 63 63 0 96 0 0 23 10 0 
0 84 0 0 88 90 25 98 53 87 0 26 97 69 16 65 0 64 98 0 9 86 83 7 90 90 85 11 33 98 0 38 96 86 85 64 15 80 78 55 0 0 0 85 94 74 26 32 32 77 64 29 22 0 53 0 15 84 0 0 0 44 51 0 64 0 55 29 0 10 0 0 55 90 1 0 0 0 91 22 0 40 59 11 38 27 31 0 0 0 28 8 6 75 79 0 97 0 19 0 
49 23 48 0 0 10 0 93 0 54 0 50 0 0 0 0 0 24 0 0 47 84 0 100 53 68 15 50 0 0 0 70 38 0 67 36 8 0 74 0 41 45 4 13 18 0 55 0 0 4 22 0 0 54 67 64 31 67 46 0 73 59 75 0 48 0 75 0 94 79 26 98 35 8 18 0 0 0 0 0 84 90 0 0 50 40 0 55 20 0 45 38 0 90 14 33 82 22 44 0 
1 60 0 0 87 0 42 48 92 0 0 0 87 69 52 0 74 90 93 73 71 49 0 56 0 0 9 28 64 0 13 0 19 27 53 10 83 0 100 76 0 77 26 91 90 30 51 49 7 0 37 0 85 0 0 10 76 13 54 0 0 0 11 0 61 0 0 0 0 0 46 56 28 41 13 0 0 0 70 0 85 57 34 25 63 0 0 0 62 0 0 0 84 48 55 0 67 0 0 0 
0 0 83 63 0 0 3 7 1 0 0 61 82 22 0 45 24 13 50 17 49 6 83 94 0 89 22 0 0 100 86 56 0 10 0 58 48 0 58 10 0 74 0 1 0 0 27 23 0 0 81 0 0 51 0 0 0 0 0 39 17 27 74 85 77 50 0 0 37 36 36 67 0 0 57 91 0 70 0 32 63 64 56 97 0 75 0 0 80 27 95 100 83 0 0 39 0 17 3 77 
0 22 83 100 47 49 0 0 0 0 0 0 78 93 29 85 50 0 49 0 64 74 27 78 22 29 71 93 62 19 40 0 12 0 96 28 97 52 0 0 36 0 30 15 79 0 0 0 0 0 14 0 46 0 0 57 38 25 0 0 0 72 2 0 0 48 98 0 77 0 65 0 89 21 17 22 0 0 32 0 60 57 11 6 40 48 0 0 57 0 0 0 0 93 25 71 12 50 33 0 
17 0 0 10 0 10 0 84 0 0 81 47 0 0 0 17 0 2 0 70 10 0 9 0 0 20 0 78 0 94 31 6 0 59 0 0 58 56 31 0 83 0 16 61 84 29 71 0 0 0 12 16 95 84 67 100 24 95 0 0 14 0 24 14 61 0 0 37 0 0 23 0 65 0 31 0 84 85 63 60 0 7 44 0 0 57 74 0 23 0 86 0 71 7 0 19 97 0 10 97 
0 93 0 57 52 21 0 19 66 11 0 15 92 0 57 0 9 88 2 0 13 27 39 0 0 33 85 0 0 30 0 28 83 85 55 70 52 12 46 46 19 64 44 17 66 2 59 86 31 90 0 0 3 0 91 5 0 6 0 0 76 54 63 0 53 90 100 99 0 0 50 0 16 19 19 40 90 57 64 57 7 0 48 51 91 0 0 0 0 0 36 52 24 73 50 0 0 0 0 1 
51 81 56 0 90 87 21 28 0 0 0 69 47 0 58 7 61 29 0 78 32 0 36 0 0 0 0 4 93 46 3 23 43 5 0 69 0 78 48 49 0 33 40 0 0 0 0 0 0 0 0 8 0 83 76 28 0 79 0 0 76 25 0 81 81 33 0 0 21 93 6 0 0 0 0 59 0 34 56 11 44 48 0 20 56 0 0 71 0 48 15 0 61 0 98 0 23 81 0 0 
50 9 0 0 42 60 93 0 85 35 8 0 56 0 43 0 98 0 85 17 0 0 20 18 70 40 87 47 0 48 11 36 0 19 88 32 68 47 34 52 39 0 0 12 97 93 0 13 0 91 0 0 68 21 12 67 6 41 11 59 0 81 83 0 0 20 0 0 0 19 38 0 9 0 5 11 0 25 97 6 0 51 20 0 48 34 48 66 0 94 68 94 91 74 0 28 55 1 0 28 
0 70 0 0 0 0 0 0 98 85 52 97 0 93 0 0 0 0 0 0 47 58 0 50 91 0 43 87 0 0 0 0 23 0 97 50 0 59 24 24 47 34 0 46 34 53 64 74 0 100 91 0 0 7 1 6 97 20 47 87 89 60 56 53 0 0 21 80 47 0 0 0 0 84 10 38 50 63 0 40 0 91 56 48 0 63 65 36 94 0 34 99 8 0 25 96 0 0 0 100 
0 41 0 77 0 50 0 9 71 0 27 52 0 20 12 23 44 0 100 0 65 0 70 40 12 0 0 57 0 60 91 0 87 58 91 35 0 0 8 13 73 0 0 0 34 72 90 9 0 0 32 45 41 90 0 37 97 2 0 40 46 23 13 47 42 0 0 0 0 0 85 0 96 0 6 27 40 0 75 48 57 0 0 34 63 0 10 0 47 0 0 49 60 48 70 0 96 48 42 0 
25 0 96 0 0 66 0 0 66 98 80 91 0 0 61 27 0 86 54 0 12 37 52 67 21 36 0 0 4 32 71 0 37 11 45 0 82 25 87 75 15 87 56 0 28 69 43 0 20 66 0 0 0 96 91 77 0 63 0 93 84 0 58 80 0 0 0 73 80 0 8 0 5 62 100 31 0 0 0 0 74 0 0 48 65 10 0 0 0 68 48 0 0 0 74 50 0 26 39 0 
74 78 80 0 90 0 10 0 8 22 2 64 0 0 32 0 0 38 82 38 0 91 0 0 17 0 1 3 0 0 0 0 91 78 20 0 37 0 53 50 98 0 15 25 0 30 68 0 55 0 0 88 77 35 0 0 0 46 23 0 50 0 45 0 13 95 38 78 63 0 0 89 58 46 65 0 55 0 0 0 0 0 71 66 36 0 0 0 0 18 0 69 41 27 0 0 1 0 0 44 
90 0 90 35 99 52 0 1 46 16 0 77 94 95 8 23 11 0 19 78 0 80 0 84 0 94 34 0 74 63 45 0 0 0 0 78 0 69 37 5 1 21 0 53 94 39 9 34 99 98 9 90 45 88 48 2 0 0 28 78 0 0 81 48 17 0 0 99 27 0 64 27 43 0 29 0 20 62 80 57 23 0 0 0 94 47 0 0 0 0 100 36 0 0 70 64 42 78 0 88 
0 0 22 46 67 0 0 80 59 100 0 67 0 27 8 31 60 0 100 73 12 0 0 0 74 53 84 19 75 52 81 75 87 52 0 0 74 0 88 26 0 48 20 25 69 15 62 2 0 59 70 3 36 94 88 0 87 62 0 89 72 0 13 24 32 0 0 0 0 0 65 93 7 1 81 0 0 0 27 0 0 0 48 94 0 0 68 18 0 0 63 0 0 36 61 58 0 79 0 91 
32 89 0 39 18 74 36 73 0 16 0 83 61 36 47 0 91 0 58 0 89 83 80 72 17 0 0 67 0 0 0 10 40 0 9 58 63 62 90 0 32 0 72 58 91 0 3 12 53 0 0 83 17 17 84 72 33 33 0 0 9 75 95 13 30 49 5 37 13 58 16 5 0 34 0 28 45 0 95 0 86 36 15 68 34 0 48 0 100 63 0 79 0 78 0 2 23 0 0 10 
16 22 77 42 0 21 0 63 42 0 57 9 0 0 98 97 93 0 0 0 56 36 0 61 63 48 68 20 0 0 9 21 0 84 0 0 0 14 0 31 23 9 49 0 0 27 0 82 58 0 67 0 16 0 85 95 0 69 63 0 89 0 0 6 85 0 0 0 0 0 51 72 0 0 63 8 38 0 100 0 0 52 0 94 99 49 0 69 36 0 79 0 91 33 91 0 0 0 73 26 
0 86 0 0 42 0 0 0 0 0 84 0 38 0 0 64 14 0 31 44 76 66 28 36 60 0 0 65 0 99 22 0 36 0 44 0 67 1 0 73 75 90 31 60 40 0 93 2 0 60 0 6 0 82 46 39 0 0 84 89 64 24 1 54 33 51 97 0 22 60 0 12 0 61 63 6 0 84 83 0 71 24 61 91 8 60 0 41 0 0 0 91 0 100 26 13 0 87 59 25 
57 0 28 0 61 57 0 0 31 15 68 0 0 97 0 65 0 0 5 22 52 0 0 22 0 0 0 98 55 0 0 21 44 0 33 84 0 25 73 26 78 88 17 0 70 0 5 0 40 72 0 0 0 0 0 62 0 0 23 36 96 0 56 0 0 73 0 0 56 28 59 67 0 90 0 75 90 48 0 93 7 73 0 74 0 48 0 27 0 36 78 33 100 0 33 1 24 75 18 0 
79 0 10 57 0 0 62 52 54 64 0 80 65 21 2 21 41 31 23 0 60 33 77 9 73 71 31 60 40 61 0 0 62 79 0 0 96 54 9 5 49 15 63 0 61 0 30 27 95 0 0 0 54 95 24 92 0 16 15 9 0 0 0 31 19 0 5 52 0 83 17 78 40 0 96 79 14 55 0 25 0 50 98 0 25 70 74 0 70 61 0 91 26 33 0 0 15 0 1 0 
9 0 97 0 0 38 0 0 35 0 7 43 0 0 27 35 52 63 46 44 60 11 50 56 0 36 66 34 0 0 0 0 58 56 3 25 0 48 0 79 0 0 84 39 70 12 49 67 2 0 0 84 0 0 31 0 22 0 0 0 50 24 0 0 0 0 70 0 3 45 28 0 42 53 0 0 33 0 39 71 19 0 0 28 96 0 50 0 64 58 2 0 13 1 0 0 10 71 40 60 
100 0 43 0 81 0 51 0 0 0 0 0 0 0 0 0 0 38 93 0 0 67 9 64 21 0 84 82 68 0 68 0 66 55 0 95 96 26 47 0 0 92 47 0 93 72 0 0 63 69 90 0 0 61 53 38 86 0 40 0 43 0 96 34 42 5 14 70 47 73 67 0 88 39 0 97 82 67 0 12 97 0 23 55 0 96 0 1 42 0 23 0 0 24 15 10 0 83 65 8 
87 0 0 10 0 0 94 0 0 2 0 0 0 43 0 0 0 90 0 0 17 31 0 0 89 29 11 56 0 0 61 0 71 0 41 31 81 41 0 0 85 0 0 100 6 0 33 39 0 0 0 0 7 0 16 0 22 75 9 74 0 97 5 23 27 26 0 0 53 0 37 0 0 42 23 0 22 0 17 50 0 0 81 1 0 48 26 0 78 79 0 0 87 75 0 71 83 0 91 0 
62 49 28 61 0 10 0 84 70 0 3 51 23 0 57 84 81 0 0 83 0 77 33 97 27 48 0 0 50 0 99 0 68 24 57 79 80 0 0 0 0 50 0 0 73 51 0 80 0 0 45 0 0 95 57 0 20 88 38 0 85 17 63 0 9 11 44 0 69 0 97 97 0 70 10 19 44 0 3 33 10 0 0 0 0 42 39 0 0 0 0 73 59 18 1 40 65 91 0 19 
0 11 85 0 2 0 96 100 87 0 0 0 0 0 0 27 73 34 38 20 76 69 0 72 73 40 56 45 75 85 56 53 53 48 57 82 8 46 80 56 73 88 68 85 0 0 16 0 3 0 0 0 0 93 0 0 10 0 17 0 0 0 34 84 0 0 74 0 72 19 0 99 48 42 0 0 0 0 77 0 97 1 0 28 100 0 0 44 88 91 10 26 25 0 0 60 8 0 19 0 
