0 0 0 0 0 0 0 0 0 0 0 0 0 0 67 0 0 0 44 57 32 0 52 0 0 0 0 0 32 0 87 0 0 0 0 0 0 0 10 0 0 0 0 0 0 0 0 19 0 0 0 46 15 0 0 32 0 0 8 0 0 0 0 0 42 0 0 0 0 0 0 58 0 0 0 0 0 0 0 0 0 0 0 0 0 0 0 0 0 0 0 0 0 0 0 0 0 0 0 0 
0 0 0 0 0 22 0 0 0 6 0 0 0 0 0 0 0 0 0 96 0 0 0 0 0 0 91 95 0 0 0 0 0 0 0 0 0 0 62 0 25 0 0 0 0 0 0 0 0 0 0 0 0 0 0 0 0 0 12 0 0 0 0 0 0 0 0 0 0 0 0 0 0 0 0 0 0 0 0 0 0 0 0 0 0 0 0 0 0 0 0 0 0 0 0 0 0 0 0 0 
0 0 0 0 0 0 0 0 0 0 0 0 0 0 0 0 0 0 0 0 0 0 0 0 0 0 0 0 15 0 0 0 0 0 0 0 0 0 0 0 0 0 29 0 0 0 0 0 0 0 32 0 0 0 0 0 47 74 0 0 0 0 0 0 79 15 0 0 69 0 0 11 0 0 0 62 0 0 0 0 0 0 8 30 0 0 0 10 45 0 6 0 0 0 0 0 0 0 0 0 
0 0 0 0 63 0 0 0 0 0 0 0 8 0 0 0 0 0 0 0 0 0 0 0 23 0 0 0 0 0 0 0 0 0 0 0 0 0 0 0 0 0 0 0 78 68 0 0 0 0 0 0 0 39 0 0 0 0 0 0 0 54 0 0 92 0 0 0 0 0 0 0 34 0 75 0 0 0 0 0 0 0 0 0 47 16 37 0 0 0 0 0 84 0 64 0 0 0 0 0 
0 0 0 63 0 0 0 0 0 0 0 0 0 0 0 0 0 7 66 0 0 0 0 0 0 0 0 0 0 0 0 0 0 0 0 0 0 0 0 0 0 0 0 3 0 40 0 45 0 0 0 0 0 0 0 0 0 61 0 0 0 0 0 0 14 0 57 56 0 0 0 0 0 0 0 50 0 0 0 62 0 0 0 0 0 0 0 0 0 0 0 0 75 0 7 0 0 0 0 9 
0 22 0 0 0 0 0 50 0 0 0 51 0 0 0 0 0 0 46 0 0 0 0 0 34 0 0 0 0 32 0 99 0 55 0 0 0 82 0 0 0 0 0 0 0 0 0 0 0 0 89 0 0 0 0 0 0 0 0 0 15 42 14 0 0 0 0 0 0 0 0 0 0 15 0 0 0 0 0 0 0 0 0 0 0 0 0 0 0 0 31 0 0 0 0 0 0 0 0 0 
0 0 0 0 0 0 0 72 0 26 0 0 0 62 0 0 28 0 0 0 0 0 0 0 0 0 77 0 0 0 0 0 0 43 0 0 0 0 0 0 0 0 0 0 0 0 0 0 0 0 0 76 0 0 46 0 0 0 0 0 0 0 0 0 0 0 0 0 0 0 0 0 77 0 0 0 0 0 0 0 0 0 0 42 0 17 0 0 0 0 80 0 0 0 0 0 0 100 93 1 
0 0 0 0 0 50 72 0 0 0 0 0 0 14 0 0 0 0 0 6 0 43 0 0 0 0 0 0 0 0 0 0 0 0 0 23 0 0 0 0 5 0 0 0 0 0 0 0 36 89 0 0 0 0 0 0 0 0 0 0 0 0 0 0 0 0 0 0 0 0 0 0 0 0 39 0 0 0 0 16 0 0 0 0 97 0 79 12 0 0 0 0 0 0 0 0 0 0 0 20 
0 0 0 0 0 0 0 0 0 0 43 0 0 0 0 0 0 0 0 88 0 0 36 0 0 0 0 0 0 0 0 0 0 0 0 0 32 36 0 51 0 0 0 0 34 0 0 0 0 0 0 0 0 0 0 0 0 0 0 74 0 0 93 0 0 0 0 0 0 0 0 0 0 0 0 0 0 0 0 0 0 0 25 0 0 0 0 0 0 0 0 0 37 8 0 93 0 0 0 0 
0 6 0 0 0 0 26 0 0 0 0 0 0 0 0 0 0 0 78 0 0 0 0 0 0 63 0 0 0 0 0 0 0 0 0 0 0 0 0 0 0 0 0 0 0 0 0 0 0 0 0 0 27 0 0 0 0 0 0 0 0 0 0 0 0 58 0 0 0 0 0 21 0 0 0 0 28 67 0 4 0 0 0 1 0 71 0 0 11 22 0 0 0 0 19 0 0 0 0 0 
0 0 0 0 0 0 0 0 43 0 0 0 0 0 0 0 0 0 0 0 0 0 0 0 0 93 0 0 0 0 0 0 0 0 0 0 0 0 0 0 0 0 0 0 0 0 0 0 44 14 0 0 0 0 0 0 0 0 0 0 0 0 8 21 0 0 1 0 0 0 0 0 0 0 0 0 0 0 0 0 0 0 0 0 0 2 0 67 0 0 0 0 0 0 1 0 15 87 0 0 
0 0 0 0 0 51 0 0 0 0 0 0 0 0 0 0 0 89 0 0 0 0 0 0 30 0 0 0 63 0 0 0 89 0 0 0 0 21 29 0 0 0 0 0 43 0 0 0 0 0 0 0 0 0 0 0 67 0 0 0 0 0 0 0 0 11 0 0 71 0 0 0 0 0 0 0 63 0 0 0 0 0 0 0 0 0 0 0 0 0 0 0 0 38 0 64 0 0 0 0 
0 0 0 8 0 0 0 0 0 0 0 0 0 0 0 0 0 0 0 0 0 69 0 0 0 0 0 0 0 0 48 0 0 0 0 0 0 0 0 0 21 0 56 0 0 0 0 0 6 0 0 0 0 0 80 0 0 0 74 0 0 0 0 0 0 0 0 0 0 4 0 0 0 0 0 0 0 0 0 100 0 0 0 0 0 0 0 0 70 86 31 0 0 0 0 0 90 34 0 0 
0 0 0 0 0 0 62 14 0 0 0 0 0 0 62 92 0 6 0 0 0 0 0 0 0 0 0 0 0 0 0 0 0 0 0 12 0 0 0 0 0 12 0 75 0 22 0 71 0 0 65 41 0 0 0 0 0 0 0 0 0 0 0 38 0 0 0 0 0 0 0 7 0 0 0 0 0 66 0 0 0 0 0 0 0 0 0 0 0 0 0 0 0 0 0 0 0 0 0 0 
67 0 0 0 0 0 0 0 0 0 0 0 0 62 0 0 0 0 0 32 53 0 0 0 0 0 0 0 0 0 22 0 0 0 0 0 0 0 0 0 74 0 0 0 0 0 0 0 0 0 0 0 58 0 0 64 0 0 0 0 0 41 0 0 0 0 0 0 0 0 0 0 0 0 0 0 94 49 11 0 93 0 0 0 0 0 17 0 0 0 0 0 0 0 13 0 0 0 0 0 
0 0 0 0 0 0 0 0 0 0 0 0 0 92 0 0 0 0 26 0 0 0 0 0 0 0 11 0 0 0 0 89 35 0 0 0 0 0 0 0 0 55 0 0 78 0 0 0 62 0 93 0 0 0 0 0 0 0 0 0 0 0 0 0 0 0 0 2 3 0 0 0 0 0 0 0 23 0 0 85 0 0 0 0 80 0 0 0 0 0 0 41 0 0 0 0 0 0 0 0 
0 0 0 0 0 0 28 0 0 0 0 0 0 0 0 0 0 0 56 0 0 0 0 89 0 0 0 0 0 0 0 92 63 27 0 0 0 0 0 0 0 0 0 0 0 0 0 0 0 0 0 0 0 0 0 65 59 0 0 0 0 0 0 0 0 0 0 0 0 0 0 0 0 0 0 0 0 0 0 0 0 0 0 0 32 0 0 0 0 0 0 0 0 0 0 0 0 0 0 0 
0 0 0 0 7 0 0 0 0 0 0 89 0 6 0 0 0 0 0 0 87 0 0 31 0 0 0 0 0 0 0 0 0 0 12 0 11 35 0 0 31 0 0 0 0 0 49 0 0 0 0 24 0 0 0 0 27 0 0 0 0 0 0 0 0 0 0 0 0 21 0 0 0 0 41 0 0 0 0 0 0 0 0 0 0 0 0 0 0 0 0 0 0 79 0 0 0 0 0 0 
44 0 0 0 66 46 0 0 0 78 0 0 0 0 0 26 56 0 0 0 0 0 0 0 98 0 0 0 0 0 0 0 12 0 0 0 0 0 0 0 0 0 0 0 0 0 0 0 0 0 0 0 31 0 0 0 0 0 0 0 0 0 0 0 0 0 0 0 0 31 66 0 0 0 0 0 0 0 0 0 0 0 0 0 99 0 0 52 0 0 0 15 0 0 0 0 0 0 75 0 
57 96 0 0 0 0 0 6 88 0 0 0 0 0 32 0 0 0 0 0 0 0 12 39 0 0 0 0 0 0 20 0 0 0 0 0 42 0 0 0 0 67 0 0 0 0 0 0 0 0 0 0 0 0 0 0 0 0 0 21 0 25 0 0 0 0 0 0 0 13 0 0 0 0 0 0 0 0 0 0 0 0 0 0 0 0 0 0 0 0 0 0 0 62 0 0 0 0 18 0 
32 0 0 0 0 0 0 0 0 0 0 0 0 0 53 0 0 87 0 0 0 0 0 14 0 0 0 0 0 0 0 0 0 0 0 0 0 0 0 0 0 0 0 0 0 0 0 0 0 0 0 0 0 19 18 13 0 0 52 0 0 0 0 0 0 0 0 0 0 0 0 0 61 0 0 0 44 0 46 0 0 0 0 0 0 0 0 0 50 0 0 0 0 0 0 0 0 0 19 48 
0 0 0 0 0 0 0 43 0 0 0 0 69 0 0 0 0 0 0 0 0 0 0 0 0 0 0 0 0 0 0 0 0 91 0 0 0 0 91 0 0 0 0 0 0 0 0 0 0 0 0 0 74 0 81 22 0 0 0 94 0 0 0 0 0 63 0 0 0 0 22 0 0 0 0 0 0 0 0 0 0 0 0 0 0 0 0 0 0 36 0 14 0 0 0 0 0 0 0 0 
52 0 0 0 0 0 0 0 36 0 0 0 0 0 0 0 0 0 0 12 0 0 0 0 39 0 0 0 0 0 0 56 0 0 0 0 0 52 0 0 0 27 0 0 0 0 0 0 52 0 0 0 0 0 0 0 0 0 0 0 0 73 0 0 0 0 0 0 0 0 39 0 0 0 0 0 0 0 0 0 0 0 31 0 0 27 0 0 93 1 0 10 0 0 0 0 0 0 0 0 
0 0 0 0 0 0 0 0 0 0 0 0 0 0 0 0 89 31 0 39 14 0 0 0 0 94 0 0 23 0 0 0 0 0 0 0 0 0 0 0 0 0 0 0 0 0 0 0 0 0 0 0 0 0 0 0 75 0 0 0 0 0 0 0 0 0 0 0 0 0 0 43 0 0 0 0 9 0 61 0 0 0 0 0 0 0 62 0 0 6 32 0 0 45 0 0 0 0 0 9 
0 0 0 23 0 34 0 0 0 0 0 30 0 0 0 0 0 0 98 0 0 0 39 0 0 0 0 0 0 0 0 0 0 0 0 0 0 0 0 0 0 0 0 0 0 0 0 0 17 0 0 0 0 0 0 0 0 0 0 0 41 0 0 21 43 7 0 0 0 0 0 74 0 0 26 0 0 90 0 0 0 0 0 0 0 0 0 0 18 10 0 0 0 0 0 0 0 0 0 0 
0 0 0 0 0 0 0 0 0 63 93 0 0 0 0 0 0 0 0 0 0 0 0 94 0 0 97 0 0 0 1 0 0 86 0 0 0 0 0 0 0 0 0 66 95 0 0 0 0 0 0 0 0 0 9 0 0 60 0 0 0 0 0 0 0 0 0 34 0 0 0 0 0 4 0 0 0 0 0 0 0 0 0 0 0 25 0 0 0 0 0 0 89 0 0 0 42 0 0 0 
0 91 0 0 0 0 77 0 0 0 0 0 0 0 0 11 0 0 0 0 0 0 0 0 0 97 0 15 0 0 0 0 0 0 9 0 0 0 0 0 0 0 0 0 0 0 0 0 0 0 0 0 57 0 0 0 0 0 0 0 0 0 18 0 0 0 0 0 0 43 0 0 0 79 0 0 0 0 0 22 0 0 0 0 0 0 0 0 0 0 0 0 47 0 0 0 0 0 99 0 
0 95 0 0 0 0 0 0 0 0 0 0 0 0 0 0 0 0 0 0 0 0 0 0 0 0 15 0 0 0 0 0 0 0 0 0 0 0 0 0 0 0 89 0 17 0 0 67 0 0 0 0 0 0 0 0 0 41 0 42 0 0 0 0 91 0 0 0 0 0 84 0 0 0 0 0 0 0 0 0 0 0 0 0 0 0 0 0 0 0 0 0 0 94 0 0 0 0 0 0 
32 0 15 0 0 0 0 0 0 0 0 63 0 0 0 0 0 0 0 0 0 0 0 23 0 0 0 0 0 0 0 0 84 0 0 0 0 0 0 0 0 0 0 0 0 82 0 0 0 0 0 73 0 0 0 95 0 0 0 0 0 22 0 0 0 0 0 0 0 0 0 22 0 0 0 0 0 0 89 0 95 0 0 0 0 0 0 57 0 0 0 0 65 0 0 0 0 0 2 0 
0 0 0 0 0 32 0 0 0 0 0 0 0 0 0 0 0 0 0 0 0 0 0 0 0 0 0 0 0 0 0 0 0 0 0 99 0 0 0 0 0 0 16 82 44 68 0 0 0 0 0 0 0 0 0 0 0 0 0 0 0 0 0 0 0 0 0 0 0 0 0 0 0 0 0 0 4 100 28 24 0 0 0 96 82 0 0 0 0 46 0 2 0 0 0 0 0 0 0 65 
87 0 0 0 0 0 0 0 0 0 0 0 48 0 22 0 0 0 0 20 0 0 0 0 0 1 0 0 0 0 0 0 0 0 0 0 0 0 0 0 0 0 0 0 0 0 90 0 0 65 0 0 0 50 0 0 0 0 0 0 0 0 0 0 0 0 0 0 0 0 0 0 0 0 0 14 0 0 0 0 0 0 0 52 0 0 0 75 0 0 0 0 0 0 0 0 0 0 0 0 
0 0 0 0 0 99 0 0 0 0 0 0 0 0 0 89 92 0 0 0 0 0 56 0 0 0 0 0 0 0 0 0 0 0 0 0 0 34 0 0 8 0 0 0 0 0 0 0 0 57 0 0 92 0 0 89 29 0 0 0 0 0 0 0 0 0 0 0 0 70 0 0 0 0 0 0 0 0 0 0 0 0 0 11 92 0 0 0 0 0 0 0 0 0 0 0 73 0 0 0 
0 0 0 0 0 0 0 0 0 0 0 89 0 0 0 35 63 0 12 0 0 0 0 0 0 0 0 0 84 0 0 0 0 0 0 0 99 0 0 0 0 0 0 0 57 0 59 31 0 0 0 0 0 0 0 0 0 0 0 0 10 0 0 0 0 0 0 80 35 0 0 0 0 0 0 0 0 0 0 0 0 0 0 0 0 0 0 0 0 0 0 0 0 0 0 0 0 39 0 0 
0 0 0 0 0 55 43 0 0 0 0 0 0 0 0 0 27 0 0 0 0 91 0 0 0 86 0 0 0 0 0 0 0 0 0 0 0 88 0 0 24 0 78 0 0 0 50 0 0 0 0 0 0 0 0 0 0 0 0 21 0 0 0 40 0 0 21 0 0 0 0 0 0 0 0 0 0 0 0 0 0 0 0 0 0 0 0 50 0 0 0 0 0 0 88 0 0 0 34 0 
0 0 0 0 0 0 0 0 0 0 0 0 0 0 0 0 0 12 0 0 0 0 0 0 0 0 9 0 0 0 0 0 0 0 0 0 0 0 0 0 0 0 0 0 0 0 0 0 8 0 98 0 0 0 0 38 0 10 0 0 0 98 0 49 0 0 0 0 0 0 0 99 27 0 0 0 0 0 0 0 0 0 0 0 6 0 0 0 0 97 49 0 0 43 95 0 0 0 0 0 
0 0 0 0 0 0 0 23 0 0 0 0 0 12 0 0 0 0 0 0 0 0 0 0 0 0 0 0 0 99 0 0 0 0 0 0 0 0 0 0 0 0 0 0 0 0 45 75 0 0 0 20 0 0 0 0 0 0 93 0 27 45 0 0 0 0 0 0 0 0 0 0 0 61 0 0 0 0 0 0 0 0 0 5 0 0 0 0 0 0 0 35 0 0 0 0 0 0 0 0 
0 0 0 0 0 0 0 0 32 0 0 0 0 0 0 0 0 11 0 42 0 0 0 0 0 0 0 0 0 0 0 0 99 0 0 0 0 0 0 0 0 0 0 0 0 0 0 0 0 0 0 0 0 0 0 0 0 0 20 0 0 0 0 0 0 0 0 0 0 0 0 0 85 0 0 0 0 0 0 0 24 0 0 87 0 0 0 92 0 0 0 0 0 20 0 0 0 0 0 30 
0 0 0 0 0 82 0 0 36 0 0 21 0 0 0 0 0 35 0 0 0 0 52 0 0 0 0 0 0 0 0 34 0 88 0 0 0 0 0 0 0 0 0 0 0 0 0 0 0 0 0 6 0 0 0 85 0 0 0 77 0 79 0 0 0 0 0 0 0 0 0 0 5 0 0 90 0 0 0 0 0 62 0 0 0 0 0 0 0 0 0 0 0 0 0 36 0 0 0 0 
10 62 0 0 0 0 0 0 0 0 0 29 0 0 0 0 0 0 0 0 0 91 0 0 0 0 0 0 0 0 0 0 0 0 0 0 0 0 0 0 0 0 0 0 0 0 0 72 0 0 0 0 10 0 92 0 0 0 0 0 0 0 0 0 0 0 36 0 0 0 0 0 0 0 0 0 0 0 0 0 0 0 0 0 0 0 0 0 0 0 0 0 0 0 0 0 0 0 0 0 
0 0 0 0 0 0 0 0 51 0 0 0 0 0 0 0 0 0 0 0 0 0 0 0 0 0 0 0 0 0 0 0 0 0 0 0 0 0 0 0 0 28 0 0 0 0 0 0 0 0 0 0 0 0 0 0 0 0 0 0 0 0 0 0 0 0 0 0 0 0 0 0 57 0 0 96 38 57 0 0 0 0 0 32 0 1 25 0 0 0 0 0 0 0 0 0 0 0 0 34 
0 25 0 0 0 0 0 5 0 0 0 0 21 0 74 0 0 31 0 0 0 0 0 0 0 0 0 0 0 0 0 8 0 24 0 0 0 0 0 0 0 0 0 0 0 0 0 0 0 0 0 0 0 0 50 0 0 0 0 0 0 0 0 0 0 0 0 0 0 28 0 0 0 70 0 0 72 0 40 0 39 0 0 0 0 0 0 0 0 0 21 0 0 0 67 0 0 0 0 0 
0 0 0 0 0 0 0 0 0 0 0 0 0 12 0 55 0 0 0 67 0 0 27 0 0 0 0 0 0 0 0 0 0 0 0 0 0 0 0 28 0 0 5 0 0 0 38 8 0 0 0 0 0 0 0 0 0 0 0 0 0 0 38 96 0 0 11 78 0 0 0 0 0 0 0 0 0 0 0 0 0 0 0 0 0 0 0 0 0 0 0 0 0 0 0 0 0 0 0 0 
0 0 29 0 0 0 0 0 0 0 0 0 56 0 0 0 0 0 0 0 0 0 0 0 0 0 0 89 0 16 0 0 0 78 0 0 0 0 0 0 0 5 0 0 40 0 0 77 0 0 0 0 0 0 0 0 52 0 0 0 0 0 0 0 0 8 0 0 53 0 0 0 0 0 0 0 0 0 42 0 39 0 0 0 0 81 0 0 0 0 0 0 0 0 0 0 0 0 0 54 
0 0 0 0 3 0 0 0 0 0 0 0 0 75 0 0 0 0 0 0 0 0 0 0 0 66 0 0 0 82 0 0 0 0 0 0 0 0 0 0 0 0 0 0 0 0 0 7 0 0 0 0 0 0 0 0 0 0 0 0 0 0 0 69 0 0 0 0 0 96 0 0 0 0 32 0 86 0 0 0 0 0 0 22 0 0 57 0 0 0 1 0 0 0 95 0 0 12 0 2 
0 0 0 78 0 0 0 0 34 0 0 43 0 0 0 78 0 0 0 0 0 0 0 0 0 95 0 17 0 44 0 0 57 0 0 0 0 0 0 0 0 0 40 0 0 0 0 0 0 0 0 0 0 0 0 85 0 0 0 0 0 0 0 0 0 0 0 0 0 0 0 0 0 0 0 0 0 71 0 0 0 0 91 0 16 0 20 0 9 0 0 0 0 0 0 0 0 0 0 0 
0 0 0 68 40 0 0 0 0 0 0 0 0 22 0 0 0 0 0 0 0 0 0 0 0 0 0 0 82 68 0 0 0 0 0 0 0 0 0 0 0 0 0 0 0 0 0 0 0 10 0 0 0 0 0 0 0 0 30 0 0 0 0 0 0 0 0 0 0 0 0 0 0 0 0 0 0 28 0 0 0 0 0 0 0 0 0 0 0 0 0 0 0 0 0 0 0 0 0 0 
0 0 0 0 0 0 0 0 0 0 0 0 0 0 0 0 0 49 0 0 0 0 0 0 0 0 0 0 0 0 90 0 59 50 0 45 0 0 0 0 0 38 0 0 0 0 0 0 0 0 0 0 0 0 0 0 0 0 0 0 55 0 0 0 0 18 0 0 0 98 0 87 58 90 0 0 0 0 0 28 0 65 0 0 0 0 0 0 0 0 0 0 0 0 0 0 0 0 0 0 
19 0 0 0 45 0 0 0 0 0 0 0 0 71 0 0 0 0 0 0 0 0 0 0 0 0 0 67 0 0 0 0 31 0 0 75 0 0 72 0 0 8 77 7 0 0 0 0 0 0 0 0 0 0 0 0 0 0 0 0 0 0 0 0 0 0 0 0 6 0 0 0 0 0 79 0 0 0 0 0 0 0 0 0 0 0 0 0 0 69 46 0 0 0 0 0 0 0 0 11 
0 0 0 0 0 0 0 36 0 0 44 0 6 0 0 62 0 0 0 0 0 0 52 0 17 0 0 0 0 0 0 0 0 0 8 0 0 0 0 0 0 0 0 0 0 0 0 0 0 0 0 0 0 0 0 0 0 15 0 0 0 0 0 0 0 59 0 0 2 0 0 71 0 0 0 0 0 0 0 0 0 0 0 0 0 0 2 89 0 0 0 0 30 0 0 71 0 0 0 0 
0 0 0 0 0 0 0 89 0 0 14 0 0 0 0 0 0 0 0 0 0 0 0 0 0 0 0 0 0 0 65 57 0 0 0 0 0 0 0 0 0 0 0 0 0 10 0 0 0 0 52 0 0 55 0 0 0 71 0 0 0 0 0 0 0 0 0 0 0 0 94 0 0 0 0 12 0 0 0 0 0 0 0 0 36 0 49 0 0 0 0 0 0 0 0 0 0 0 84 0 
0 0 32 0 0 89 0 0 0 0 0 0 0 65 0 93 0 0 0 0 0 0 0 0 0 0 0 0 0 0 0 0 0 0 98 0 0 0 0 0 0 0 0 0 0 0 0 0 0 52 0 0 0 97 0 0 0 11 69 60 0 0 0 0 0 0 64 53 0 0 0 0 0 0 0 0 0 0 0 0 25 0 0 0 0 67 0 0 0 0 0 44 0 0 0 0 0 0 0 0 
46 0 0 0 0 0 76 0 0 0 0 0 0 41 0 0 0 24 0 0 0 0 0 0 0 0 0 0 73 0 0 0 0 0 0 20 0 6 0 0 0 0 0 0 0 0 0 0 0 0 0 0 41 0 0 0 74 0 0 0 0 0 95 0 0 0 19 0 0 0 0 0 0 0 0 0 0 44 0 0 0 0 0 0 0 33 0 0 0 0 0 0 0 61 0 0 0 55 0 0 
15 0 0 0 0 0 0 0 0 27 0 0 0 0 58 0 0 0 31 0 0 74 0 0 0 0 57 0 0 0 0 92 0 0 0 0 0 0 10 0 0 0 0 0 0 0 0 0 0 0 0 41 0 0 0 0 94 0 0 0 0 0 0 0 0 0 0 0 0 0 0 0 0 0 0 0 0 0 0 0 95 0 0 0 0 0 0 0 84 0 0 0 0 0 0 0 0 0 0 0 
0 0 0 39 0 0 0 0 0 0 0 0 0 0 0 0 0 0 0 0 19 0 0 0 0 0 0 0 0 0 50 0 0 0 0 0 0 0 0 0 0 0 0 0 0 0 0 0 0 55 97 0 0 0 0 0 0 0 0 0 0 0 0 0 0 79 0 71 0 0 0 0 0 0 0 0 0 0 0 0 0 0 89 71 0 0 0 0 0 0 0 0 0 0 0 0 74 0 0 0 
0 0 0 0 0 0 46 0 0 0 0 0 80 0 0 0 0 0 0 0 18 81 0 0 0 9 0 0 0 0 0 0 0 0 0 0 0 0 92 0 50 0 0 0 0 0 0 0 0 0 0 0 0 0 0 0 32 0 0 0 0 33 0 0 0 0 52 0 12 0 0 56 0 0 0 0 0 0 0 0 27 0 0 0 0 87 0 0 0 0 0 0 40 0 0 0 0 0 0 0 
32 0 0 0 0 0 0 0 0 0 0 0 0 0 64 0 65 0 0 0 13 22 0 0 0 0 0 0 95 0 0 89 0 0 38 0 0 85 0 0 0 0 0 0 85 0 0 0 0 0 0 0 0 0 0 0 0 0 7 0 0 0 0 0 0 0 0 0 0 0 0 0 0 0 0 0 0 0 64 0 0 0 35 26 0 0 0 0 0 0 0 0 0 0 0 0 0 0 57 0 
0 0 47 0 0 0 0 0 0 0 0 67 0 0 0 0 59 27 0 0 0 0 0 75 0 0 0 0 0 0 0 29 0 0 0 0 0 0 0 0 0 0 52 0 0 0 0 0 0 0 0 74 94 0 32 0 0 0 0 0 0 0 0 0 56 0 0 0 0 0 0 0 0 0 0 70 0 0 0 0 53 0 0 0 0 0 0 0 0 0 84 0 0 85 0 0 0 0 0 0 
0 0 74 0 61 0 0 0 0 0 0 0 0 0 0 0 0 0 0 0 0 0 0 0 0 60 0 41 0 0 0 0 0 0 10 0 0 0 0 0 0 0 0 0 0 0 0 0 15 71 11 0 0 0 0 0 0 0 0 0 0 4 0 0 0 0 0 0 0 0 9 0 0 90 0 0 0 0 0 74 53 0 0 0 0 0 0 0 52 0 0 58 0 0 0 0 0 0 0 0 
8 12 0 0 0 0 0 0 0 0 0 0 74 0 0 0 0 0 0 0 52 0 0 0 0 0 0 0 0 0 0 0 0 0 0 93 20 0 0 0 0 0 0 0 0 30 0 0 0 0 69 0 0 0 0 7 0 0 0 0 0 0 0 0 0 0 0 0 0 0 0 0 0 5 0 0 0 0 0 0 0 0 0 32 0 0 0 0 0 0 86 0 0 0 0 0 0 0 0 0 
0 0 0 0 0 0 0 0 74 0 0 0 0 0 0 0 0 0 0 21 0 94 0 0 0 0 0 42 0 0 0 0 0 21 0 0 0 77 0 0 0 0 0 0 0 0 0 0 0 0 60 0 0 0 0 0 0 0 0 0 0 0 0 0 18 0 0 0 0 0 0 0 0 2 0 0 64 0 0 0 0 0 0 0 0 0 0 0 72 0 0 28 0 0 83 0 0 0 0 5 
0 0 0 0 0 15 0 0 0 0 0 0 0 0 0 0 0 0 0 0 0 0 0 0 41 0 0 0 0 0 0 0 10 0 0 27 0 0 0 0 0 0 0 0 0 0 55 0 0 0 0 0 0 0 0 0 0 0 0 0 0 0 0 28 72 0 0 0 7 0 0 0 0 0 0 0 0 0 0 0 0 0 0 60 0 0 0 0 0 0 0 63 0 0 0 0 0 0 77 0 
0 0 0 54 0 42 0 0 0 0 0 0 0 0 41 0 0 0 0 25 0 0 73 0 0 0 0 0 22 0 0 0 0 0 98 45 0 79 0 0 0 0 0 0 0 0 0 0 0 0 0 0 0 0 33 0 0 4 0 0 0 0 56 0 0 0 0 0 0 0 42 0 0 0 0 0 77 0 42 0 0 0 0 0 0 0 0 0 0 0 0 0 0 0 0 0 0 0 0 0 
0 0 0 0 0 14 0 0 93 0 8 0 0 0 0 0 0 0 0 0 0 0 0 0 0 0 18 0 0 0 0 0 0 0 0 0 0 0 0 0 0 38 0 0 0 0 0 0 0 0 0 95 0 0 0 0 0 0 0 0 0 56 0 0 0 0 0 0 0 74 0 0 0 11 0 0 0 0 35 0 0 0 0 0 0 0 76 0 0 0 0 0 0 0 0 0 0 0 0 0 
0 0 0 0 0 0 0 0 0 0 21 0 0 38 0 0 0 0 0 0 0 0 0 0 21 0 0 0 0 0 0 0 0 40 49 0 0 0 0 0 0 96 0 69 0 0 0 0 0 0 0 0 0 0 0 0 0 0 0 0 28 0 0 0 0 0 0 0 0 0 0 0 0 0 0 0 0 75 97 0 0 0 46 0 0 81 0 0 0 0 0 58 0 0 32 0 0 0 0 51 
42 0 79 92 14 0 0 0 0 0 0 0 0 0 0 0 0 0 0 0 0 0 0 0 43 0 0 91 0 0 0 0 0 0 0 0 0 0 0 0 0 0 0 0 0 0 0 0 0 0 0 0 0 0 0 0 56 0 0 18 72 0 0 0 0 0 0 0 81 77 0 0 0 0 0 95 0 0 0 0 0 0 0 0 0 0 18 0 0 69 0 0 0 0 0 0 0 0 0 0 
0 0 15 0 0 0 0 0 0 58 0 11 0 0 0 0 0 0 0 0 0 63 0 0 7 0 0 0 0 0 0 0 0 0 0 0 0 0 0 0 0 0 8 0 0 0 18 0 59 0 0 0 0 79 0 0 0 0 0 0 0 0 0 0 0 0 0 0 0 0 0 98 0 94 0 0 0 0 0 0 0 0 0 0 0 0 63 0 0 0 0 0 0 0 0 0 0 0 0 0 
0 0 0 0 57 0 0 0 0 0 1 0 0 0 0 0 0 0 0 0 0 0 0 0 0 0 0 0 0 0 0 0 0 21 0 0 0 0 36 0 0 11 0 0 0 0 0 0 0 0 64 19 0 0 52 0 0 0 0 0 0 0 0 0 0 0 0 0 97 0 0 3 0 3 0 0 0 0 0 0 0 87 0 0 0 0 0 0 0 28 0 0 0 0 0 90 0 81 0 0 
0 0 0 0 56 0 0 0 0 0 0 0 0 0 0 2 0 0 0 0 0 0 0 0 0 34 0 0 0 0 0 0 80 0 0 0 0 0 0 0 0 78 0 0 0 0 0 0 0 0 53 0 0 71 0 0 0 0 0 0 0 0 0 0 0 0 0 0 0 0 1 0 0 0 0 0 0 0 0 23 96 0 60 0 0 0 0 0 0 0 0 0 0 0 0 60 0 0 0 0 
0 0 69 0 0 0 0 0 0 0 0 71 0 0 0 3 0 0 0 0 0 0 0 0 0 0 0 0 0 0 0 0 35 0 0 0 0 0 0 0 0 0 53 0 0 0 0 6 2 0 0 0 0 0 12 0 0 0 0 0 7 0 0 0 81 0 97 0 0 0 0 58 0 0 0 0 0 0 0 0 0 0 0 0 0 0 0 95 0 0 0 0 0 0 0 0 82 94 0 0 
0 0 0 0 0 0 0 0 0 0 0 0 4 0 0 0 0 21 31 13 0 0 0 0 0 0 43 0 0 0 0 70 0 0 0 0 0 0 0 0 28 0 0 96 0 0 98 0 0 0 0 0 0 0 0 0 0 0 0 0 0 0 74 0 77 0 0 0 0 0 0 0 0 0 0 0 0 0 72 1 0 0 0 0 2 0 0 0 0 0 0 0 0 0 0 0 0 0 0 0 
0 0 0 0 0 0 0 0 0 0 0 0 0 0 0 0 0 0 66 0 0 22 39 0 0 0 0 84 0 0 0 0 0 0 0 0 0 0 0 0 0 0 0 0 0 0 0 0 0 94 0 0 0 0 0 0 0 9 0 0 0 42 0 0 0 0 0 1 0 0 0 0 0 0 0 0 0 0 0 0 0 0 0 0 0 0 0 0 0 62 0 0 58 0 0 31 0 0 0 0 
58 0 11 0 0 0 0 0 0 21 0 0 0 7 0 0 0 0 0 0 0 0 0 43 74 0 0 0 22 0 0 0 0 0 99 0 0 0 0 0 0 0 0 0 0 0 87 0 71 0 0 0 0 0 56 0 0 0 0 0 0 0 0 0 0 98 3 0 58 0 0 0 0 0 0 0 0 0 0 0 0 0 0 0 77 0 0 0 0 0 0 0 0 0 0 0 0 0 0 0 
0 0 0 34 0 0 77 0 0 0 0 0 0 0 0 0 0 0 0 0 61 0 0 0 0 0 0 0 0 0 0 0 0 0 27 0 85 5 0 57 0 0 0 0 0 0 58 0 0 0 0 0 0 0 0 0 0 0 0 0 0 0 0 0 0 0 0 0 0 0 0 0 0 0 92 0 4 0 0 0 0 0 0 0 0 0 0 0 0 0 0 0 0 0 0 100 0 0 0 0 
0 0 0 0 0 15 0 0 0 0 0 0 0 0 0 0 0 0 0 0 0 0 0 0 0 4 79 0 0 0 0 0 0 0 0 61 0 0 0 0 70 0 0 0 0 0 90 0 0 0 0 0 0 0 0 0 0 90 5 2 0 0 11 0 0 94 3 0 0 0 0 0 0 0 0 0 56 0 0 0 0 0 0 0 0 0 19 0 0 0 0 0 48 0 0 0 0 0 0 0 
0 0 0 75 0 0 0 39 0 0 0 0 0 0 0 0 0 41 0 0 0 0 0 0 26 0 0 0 0 0 0 0 0 0 0 0 0 0 0 0 0 0 0 32 0 0 0 79 0 0 0 0 0 0 0 0 0 0 0 0 0 0 0 0 0 0 0 0 0 0 0 0 92 0 0 0 0 0 0 0 0 0 0 0 0 0 0 0 0 0 0 0 0 79 0 0 0 0 99 0 
0 0 62 0 50 0 0 0 0 0 0 0 0 0 0 0 0 0 0 0 0 0 0 0 0 0 0 0 0 0 14 0 0 0 0 0 0 90 0 96 0 0 0 0 0 0 0 0 0 12 0 0 0 0 0 0 70 0 0 0 0 0 0 0 95 0 0 0 0 0 0 0 0 0 0 0 0 0 0 38 0 0 0 0 0 0 0 0 0 0 0 0 0 0 0 0 0 0 0 0 
0 0 0 0 0 0 0 0 0 28 0 63 0 0 94 23 0 0 0 0 44 0 0 9 0 0 0 0 0 4 0 0 0 0 0 0 0 0 0 38 72 0 0 86 0 0 0 0 0 0 0 0 0 0 0 0 0 0 0 64 0 77 0 0 0 0 0 0 0 0 0 0 4 56 0 0 0 0 0 0 0 0 0 0 0 0 0 0 0 0 0 0 0 0 85 0 0 0 0 0 
0 0 0 0 0 0 0 0 0 67 0 0 0 66 49 0 0 0 0 0 0 0 0 0 90 0 0 0 0 100 0 0 0 0 0 0 0 0 0 57 0 0 0 0 71 28 0 0 0 0 0 44 0 0 0 0 0 0 0 0 0 0 0 75 0 0 0 0 0 0 0 0 0 0 0 0 0 0 0 0 96 0 0 0 0 0 0 0 0 0 0 83 0 0 0 31 0 0 0 1 
0 0 0 0 0 0 0 0 0 0 0 0 0 0 11 0 0 0 0 0 46 0 0 61 0 0 0 0 89 28 0 0 0 0 0 0 0 0 0 0 40 0 42 0 0 0 0 0 0 0 0 0 0 0 0 64 0 0 0 0 0 42 35 97 0 0 0 0 0 72 0 0 0 0 0 0 0 0 0 0 76 0 0 0 0 0 0 0 0 0 0 0 0 82 0 0 0 65 0 0 
0 0 0 0 62 0 0 16 0 4 0 0 100 0 0 85 0 0 0 0 0 0 0 0 0 0 22 0 0 24 0 0 0 0 0 0 0 0 0 0 0 0 0 0 0 0 28 0 0 0 0 0 0 0 0 0 0 74 0 0 0 0 0 0 0 0 0 23 0 1 0 0 0 0 0 38 0 0 0 0 0 0 0 0 0 0 0 0 0 47 0 0 0 0 0 0 0 0 0 0 
0 0 0 0 0 0 0 0 0 0 0 0 0 0 93 0 0 0 0 0 0 0 0 0 0 0 0 0 95 0 0 0 0 0 0 0 24 0 0 0 39 0 39 0 0 0 0 0 0 0 25 0 95 0 27 0 53 53 0 0 0 0 0 0 0 0 0 96 0 0 0 0 0 0 0 0 0 96 76 0 0 0 0 79 0 0 0 0 0 0 0 0 0 46 0 0 0 0 0 0 
0 0 0 0 0 0 0 0 0 0 0 0 0 0 0 0 0 0 0 0 0 0 0 0 0 0 0 0 0 0 0 0 0 0 0 0 0 62 0 0 0 0 0 0 0 0 65 0 0 0 0 0 0 0 0 0 0 0 0 0 0 0 0 0 0 0 87 0 0 0 0 0 0 0 0 0 0 0 0 0 0 0 0 0 0 82 0 0 0 0 0 0 0 0 0 0 0 0 0 0 
0 0 8 0 0 0 0 0 25 0 0 0 0 0 0 0 0 0 0 0 0 0 31 0 0 0 0 0 0 0 0 0 0 0 0 0 0 0 0 0 0 0 0 0 91 0 0 0 0 0 0 0 0 89 0 35 0 0 0 0 0 0 0 46 0 0 0 60 0 0 0 0 0 0 0 0 0 0 0 0 0 0 0 0 0 0 100 0 44 0 62 0 0 0 0 0 89 0 0 0 
0 0 30 0 0 0 42 0 0 1 0 0 0 0 0 0 0 0 0 0 0 0 0 0 0 0 0 0 0 96 52 11 0 0 0 5 87 0 0 32 0 0 0 22 0 0 0 0 0 0 0 0 0 71 0 26 0 0 32 0 60 0 0 0 0 0 0 0 0 0 0 0 0 0 0 0 0 0 0 0 79 0 0 0 0 0 0 0 0 0 0 0 0 0 0 0 0 0 0 0 
0 0 0 47 0 0 0 97 0 0 0 0 0 0 0 80 32 0 99 0 0 0 0 0 0 0 0 0 0 82 0 92 0 0 6 0 0 0 0 0 0 0 0 0 16 0 0 0 0 36 0 0 0 0 0 0 0 0 0 0 0 0 0 0 0 0 0 0 0 2 0 77 0 0 0 0 0 0 0 0 0 0 0 0 0 0 0 0 5 0 0 40 0 93 0 0 0 0 0 0 
0 0 0 16 0 0 17 0 0 71 2 0 0 0 0 0 0 0 0 0 0 0 27 0 0 25 0 0 0 0 0 0 0 0 0 0 0 0 0 1 0 0 81 0 0 0 0 0 0 0 67 33 0 0 87 0 0 0 0 0 0 0 0 81 0 0 0 0 0 0 0 0 0 0 0 0 0 0 0 0 0 82 0 0 0 0 0 17 0 0 0 0 60 0 0 0 0 0 0 0 
0 0 0 37 0 0 0 79 0 0 0 0 0 0 17 0 0 0 0 0 0 0 0 62 0 0 0 0 0 0 0 0 0 0 0 0 0 0 0 25 0 0 0 57 20 0 0 0 2 49 0 0 0 0 0 0 0 0 0 0 0 0 76 0 18 63 0 0 0 0 0 0 0 19 0 0 0 0 0 0 0 0 100 0 0 0 0 0 0 0 0 0 0 0 0 0 0 41 0 0 
0 0 10 0 0 0 0 12 0 0 67 0 0 0 0 0 0 0 52 0 0 0 0 0 0 0 0 0 57 0 75 0 0 50 0 0 92 0 0 0 0 0 0 0 0 0 0 0 89 0 0 0 0 0 0 0 0 0 0 0 0 0 0 0 0 0 0 0 95 0 0 0 0 0 0 0 0 0 0 0 0 0 0 0 0 17 0 0 0 0 47 0 32 0 0 0 0 0 9 0 
0 0 45 0 0 0 0 0 0 11 0 0 70 0 0 0 0 0 0 0 50 0 93 0 18 0 0 0 0 0 0 0 0 0 0 0 0 0 0 0 0 0 0 0 9 0 0 0 0 0 0 0 84 0 0 0 0 52 0 72 0 0 0 0 0 0 0 0 0 0 0 0 0 0 0 0 0 0 0 0 0 0 44 0 5 0 0 0 0 0 0 0 0 0 0 0 0 5 0 0 
0 0 0 0 0 0 0 0 0 22 0 0 86 0 0 0 0 0 0 0 0 36 1 6 10 0 0 0 0 46 0 0 0 0 97 0 0 0 0 0 0 0 0 0 0 0 0 69 0 0 0 0 0 0 0 0 0 0 0 0 0 0 0 0 69 0 28 0 0 0 62 0 0 0 0 0 0 0 0 47 0 0 0 0 0 0 0 0 0 0 23 0 0 0 0 0 0 0 91 0 
0 0 6 0 0 31 80 0 0 0 0 0 31 0 0 0 0 0 0 0 0 0 0 32 0 0 0 0 0 0 0 0 0 0 49 0 0 0 0 0 21 0 0 1 0 0 0 46 0 0 0 0 0 0 0 0 84 0 86 0 0 0 0 0 0 0 0 0 0 0 0 0 0 0 0 0 0 0 0 0 0 0 62 0 0 0 0 47 0 23 0 0 0 0 0 0 0 0 0 0 
0 0 0 0 0 0 0 0 0 0 0 0 0 0 0 41 0 0 15 0 0 14 10 0 0 0 0 0 0 2 0 0 0 0 0 35 0 0 0 0 0 0 0 0 0 0 0 0 0 0 44 0 0 0 0 0 0 58 0 28 63 0 0 58 0 0 0 0 0 0 0 0 0 0 0 0 0 83 0 0 0 0 0 0 40 0 0 0 0 0 0 0 0 0 69 0 0 23 0 0 
0 0 0 84 75 0 0 0 37 0 0 0 0 0 0 0 0 0 0 0 0 0 0 0 0 89 47 0 65 0 0 0 0 0 0 0 0 0 0 0 0 0 0 0 0 0 0 0 30 0 0 0 0 0 40 0 0 0 0 0 0 0 0 0 0 0 0 0 0 0 58 0 0 48 0 0 0 0 0 0 0 0 0 0 0 60 0 32 0 0 0 0 0 74 0 57 52 0 0 0 
0 0 0 0 0 0 0 0 8 0 0 38 0 0 0 0 0 79 0 62 0 0 0 45 0 0 0 94 0 0 0 0 0 0 43 0 20 0 0 0 0 0 0 0 0 0 0 0 0 0 0 61 0 0 0 0 85 0 0 0 0 0 0 0 0 0 0 0 0 0 0 0 0 0 79 0 0 0 82 0 46 0 0 0 93 0 0 0 0 0 0 0 74 0 0 0 0 0 0 0 
0 0 0 64 7 0 0 0 0 19 1 0 0 0 13 0 0 0 0 0 0 0 0 0 0 0 0 0 0 0 0 0 0 88 95 0 0 0 0 0 67 0 0 95 0 0 0 0 0 0 0 0 0 0 0 0 0 0 0 83 0 0 0 32 0 0 0 0 0 0 0 0 0 0 0 0 85 0 0 0 0 0 0 0 0 0 0 0 0 0 0 69 0 0 0 0 0 89 32 0 
0 0 0 0 0 0 0 0 93 0 0 64 0 0 0 0 0 0 0 0 0 0 0 0 0 0 0 0 0 0 0 0 0 0 0 0 0 36 0 0 0 0 0 0 0 0 0 0 71 0 0 0 0 0 0 0 0 0 0 0 0 0 0 0 0 0 90 60 0 0 31 0 100 0 0 0 0 31 0 0 0 0 0 0 0 0 0 0 0 0 0 0 57 0 0 0 34 0 0 0 
0 0 0 0 0 0 0 0 0 0 15 0 90 0 0 0 0 0 0 0 0 0 0 0 0 42 0 0 0 0 0 73 0 0 0 0 0 0 0 0 0 0 0 0 0 0 0 0 0 0 0 0 0 74 0 0 0 0 0 0 0 0 0 0 0 0 0 0 82 0 0 0 0 0 0 0 0 0 0 0 0 0 89 0 0 0 0 0 0 0 0 0 52 0 0 34 0 0 20 0 
0 0 0 0 0 0 100 0 0 0 87 0 34 0 0 0 0 0 0 0 0 0 0 0 0 0 0 0 0 0 0 0 39 0 0 0 0 0 0 0 0 0 0 12 0 0 0 0 0 0 0 55 0 0 0 0 0 0 0 0 0 0 0 0 0 0 81 0 94 0 0 0 0 0 0 0 0 0 65 0 0 0 0 0 0 0 41 0 5 0 0 23 0 0 89 0 0 0 0 0 
0 0 0 0 0 0 93 0 0 0 0 0 0 0 0 0 0 0 75 18 19 0 0 0 0 0 99 0 2 0 0 0 0 34 0 0 0 0 0 0 0 0 0 0 0 0 0 0 0 84 0 0 0 0 0 57 0 0 0 0 77 0 0 0 0 0 0 0 0 0 0 0 0 0 99 0 0 0 0 0 0 0 0 0 0 0 0 9 0 91 0 0 0 0 32 0 20 0 0 0 
0 0 0 0 9 0 1 20 0 0 0 0 0 0 0 0 0 0 0 0 48 0 0 9 0 0 0 0 0 65 0 0 0 0 0 0 30 0 0 34 0 0 54 2 0 0 0 11 0 0 0 0 0 0 0 0 0 0 0 5 0 0 0 51 0 0 0 0 0 0 0 0 0 0 0 0 0 1 0 0 0 0 0 0 0 0 0 0 0 0 0 0 0 0 0 0 0 0 0 0 
