0 17 100 34 87 11 96 0 68 26 0 0 15 56 15 0 73 91 49 69 91 0 0 90 43 75 29 0 48 69 57 64 44 96 53 0 100 0 46 0 0 33 19 64 15 35 0 48 14 18 0 45 12 42 21 0 15 0 37 0 72 55 0 18 0 0 17 46 0 35 77 35 18 4 50 0 15 0 0 82 0 66 83 0 26 0 44 71 60 33 43 0 0 51 0 15 0 85 73 0 
17 0 48 0 91 0 12 58 29 37 55 0 0 37 74 86 47 0 38 13 0 11 68 44 98 50 98 70 0 9 0 0 0 35 0 66 74 44 65 63 0 76 38 0 0 16 0 0 0 0 36 0 0 0 0 39 2 88 69 86 0 0 69 0 0 34 0 93 74 58 69 72 61 18 90 73 14 99 71 35 0 0 0 0 0 29 0 95 0 21 10 86 0 57 27 84 0 0 85 12 
100 48 0 0 0 0 0 56 38 62 87 49 26 80 61 4 0 68 0 2 35 50 0 0 41 26 87 11 84 54 4 0 81 58 0 0 0 58 0 32 92 11 44 0 24 90 0 41 56 19 89 73 0 0 0 28 11 38 7 2 0 0 51 24 55 40 97 85 95 91 75 0 0 24 27 40 51 29 99 66 18 64 0 73 0 18 25 0 9 68 7 0 47 0 0 81 88 79 0 10 
34 0 0 0 92 27 0 96 9 0 33 92 0 42 0 69 6 0 79 0 0 95 41 84 89 8 18 97 12 0 35 17 80 81 5 0 62 8 59 28 12 52 0 12 56 57 16 0 62 64 0 0 32 0 75 52 82 95 73 93 83 38 47 26 91 0 11 60 27 52 86 10 4 94 0 22 21 0 15 95 0 0 37 67 24 7 0 0 0 0 5 98 0 98 91 19 0 0 0 60 
87 91 0 92 0 85 0 35 99 0 0 30 0 73 0 0 0 9 0 36 0 74 83 0 62 91 0 90 0 0 82 65 88 0 0 0 68 15 0 99 25 0 70 75 0 78 42 65 11 74 0 96 80 74 0 50 75 5 17 18 29 0 47 0 100 11 71 34 0 97 96 57 0 0 10 6 0 16 75 45 22 61 0 73 52 0 49 0 71 0 0 18 69 51 0 0 0 33 0 88 
11 0 0 27 85 0 23 66 13 100 25 0 0 0 61 15 74 0 0 0 0 99 0 80 58 20 8 56 39 0 38 33 51 74 30 12 74 0 9 0 54 0 89 0 95 0 0 0 46 53 94 69 0 56 40 9 76 59 0 0 0 58 0 55 88 0 0 24 84 0 0 16 0 22 0 0 95 41 0 21 21 9 8 83 0 35 75 0 28 0 0 5 39 0 0 93 49 14 96 0 
96 12 0 0 0 23 0 51 13 35 0 0 0 61 0 33 82 22 0 0 0 14 0 10 85 50 28 61 0 61 0 94 64 35 76 0 92 56 0 0 71 0 0 79 29 100 60 21 0 99 74 1 49 93 78 0 1 0 0 5 63 51 7 62 91 86 77 40 41 0 54 53 69 89 3 0 59 0 17 0 43 4 64 0 58 68 0 27 30 0 0 12 76 7 21 0 0 70 0 16 
0 58 56 96 35 66 51 0 0 0 0 50 31 24 30 61 24 0 40 47 93 39 24 0 85 27 58 11 50 56 61 0 55 0 0 82 76 0 28 0 100 86 43 64 84 71 0 72 0 0 84 0 60 33 0 0 51 53 87 0 20 0 0 84 12 86 26 45 0 83 54 0 96 41 74 17 0 90 84 0 57 0 82 77 84 63 9 68 74 0 23 60 0 86 0 86 86 0 75 32 
68 29 38 9 99 13 13 0 0 76 0 93 62 7 0 47 0 0 3 0 85 83 30 60 81 74 0 20 0 23 0 62 47 0 0 91 73 85 0 12 0 0 98 52 0 0 0 0 23 0 99 0 47 83 56 86 0 1 60 0 23 88 45 12 0 77 0 1 95 45 0 65 0 66 0 0 72 100 78 46 74 82 81 67 0 72 70 76 0 49 87 0 0 30 69 90 0 69 36 0 
26 37 62 0 0 100 35 0 76 0 0 0 8 81 0 27 0 36 0 0 0 95 30 67 18 26 74 17 23 36 91 34 55 0 30 40 73 0 64 0 84 74 61 3 29 47 15 63 0 26 13 8 2 1 82 96 70 5 36 0 0 0 11 0 60 0 3 0 83 27 46 0 0 78 48 0 19 0 0 97 84 83 83 65 68 84 28 0 0 31 64 6 22 34 0 0 13 34 60 0 
0 55 87 33 0 25 0 0 0 0 0 42 48 78 83 15 0 79 25 63 27 42 24 0 72 68 46 33 0 0 95 0 57 95 13 0 37 60 0 50 40 45 54 0 81 32 0 73 0 51 82 0 79 57 0 82 34 40 90 14 10 0 28 94 0 0 87 0 46 83 78 34 0 0 0 0 37 0 26 39 74 52 0 71 76 0 61 0 94 31 100 81 0 0 0 0 41 35 27 0 
0 0 49 92 30 0 0 50 93 0 42 0 0 37 3 29 4 29 0 85 0 0 95 20 0 33 68 58 89 68 51 80 98 0 93 0 0 0 3 0 14 0 12 90 0 0 20 0 0 75 24 0 0 67 0 18 21 91 83 96 10 5 56 33 45 87 3 74 0 0 0 21 5 0 0 34 24 65 74 0 7 100 0 99 0 34 59 43 53 0 27 0 45 66 18 64 87 8 0 28 
15 0 26 0 0 0 0 31 62 8 48 0 0 0 0 62 65 58 89 0 58 0 96 95 50 35 62 28 52 59 62 0 16 71 78 0 76 0 27 20 0 0 56 31 0 0 15 44 100 0 74 46 77 41 69 93 33 42 81 0 71 39 18 26 84 79 55 0 0 96 12 77 0 0 0 91 0 0 15 0 0 0 0 39 56 97 1 30 0 79 38 41 11 69 29 40 0 43 87 88 
56 37 80 42 73 0 61 24 7 81 78 37 0 0 49 11 25 0 0 0 40 100 20 85 0 68 0 37 95 0 0 0 14 0 0 0 0 54 49 90 12 87 67 92 0 0 0 3 35 48 74 95 21 60 32 0 0 0 0 61 0 18 82 0 78 16 0 0 11 0 0 19 1 0 74 63 52 57 0 0 0 63 37 0 25 60 0 96 0 0 0 0 9 60 38 0 27 16 93 0 
15 74 61 0 0 61 0 30 0 0 83 3 0 49 0 84 74 41 42 0 0 0 52 77 0 10 13 57 0 0 37 0 0 34 32 0 0 0 89 31 96 85 36 0 0 0 0 0 0 0 35 45 0 29 35 0 0 47 53 95 32 0 38 70 9 0 91 82 79 99 0 0 0 47 19 57 0 100 0 55 85 29 0 25 0 0 0 0 20 52 0 0 83 7 35 0 14 0 81 67 
0 86 4 69 0 15 33 61 47 27 15 29 62 11 84 0 0 0 0 40 0 0 64 0 0 59 0 0 0 30 0 66 3 77 56 51 80 37 0 0 0 88 0 99 0 32 0 95 0 0 12 0 72 94 72 17 0 79 45 0 50 40 60 55 3 0 78 97 0 72 62 84 21 0 0 0 0 0 61 66 35 0 37 0 0 0 0 82 0 0 28 63 0 88 93 0 15 55 8 68 
73 47 0 6 0 74 82 24 0 0 0 4 65 25 74 0 0 29 17 79 67 0 3 75 6 0 56 6 21 0 0 0 100 0 73 35 9 39 22 65 0 61 0 0 0 0 0 63 0 0 53 68 29 96 0 0 0 0 50 72 0 0 19 20 35 0 48 12 75 93 24 37 0 27 31 0 43 0 0 61 32 0 50 0 0 0 79 72 9 0 77 82 77 77 0 24 12 72 85 0 
91 0 68 0 9 0 22 0 0 36 79 29 58 0 41 0 29 0 10 34 33 78 0 0 0 83 0 64 5 18 56 47 0 18 0 0 90 0 24 69 88 0 96 0 0 0 0 49 92 39 0 74 0 0 0 80 42 18 0 18 0 62 52 0 0 0 96 70 0 0 64 82 23 0 22 46 33 0 46 76 8 36 40 64 23 3 0 47 53 48 0 0 55 0 89 0 0 0 86 0 
49 38 0 79 0 0 0 40 3 0 25 0 89 0 42 0 17 10 0 0 0 81 86 0 0 84 56 0 40 0 0 96 69 0 84 0 63 1 66 0 0 77 59 0 0 77 18 100 3 5 66 25 79 100 90 6 0 53 33 29 86 26 0 1 81 79 0 49 15 19 82 0 0 41 72 0 56 87 56 47 0 0 52 0 18 89 5 86 0 48 88 0 25 74 17 23 68 26 94 16 
69 13 2 0 36 0 0 47 0 0 63 85 0 0 0 40 79 34 0 0 0 0 99 99 46 65 72 0 51 5 40 31 0 96 14 0 75 0 44 37 0 61 47 49 0 0 0 10 24 95 87 23 60 0 11 89 90 0 57 0 80 69 45 94 0 26 41 72 66 0 8 0 0 0 79 26 0 57 83 85 29 26 0 0 100 0 82 0 44 62 2 0 47 88 44 95 0 17 0 0 
91 0 35 0 0 0 0 93 85 0 27 0 58 40 0 0 67 33 0 0 0 54 75 49 0 0 56 0 0 17 25 72 0 20 0 76 59 1 54 0 0 0 0 6 0 54 0 0 22 97 1 91 0 23 0 0 0 0 97 97 5 58 0 97 0 51 78 46 93 59 0 64 31 16 16 0 5 36 32 0 47 72 96 58 0 20 8 0 0 47 61 24 21 51 0 0 46 60 0 98 
0 11 50 95 74 99 14 39 83 95 42 0 0 100 0 0 0 78 81 0 54 0 0 7 0 28 0 0 0 8 8 6 46 55 0 100 54 0 98 35 37 0 0 35 82 0 0 0 70 0 60 0 0 37 0 47 72 0 25 86 0 0 67 28 66 0 8 90 44 18 31 41 0 19 26 0 80 0 0 92 61 0 0 0 58 99 53 43 0 13 0 0 27 44 44 28 94 0 92 84 
0 68 0 41 83 0 0 24 30 30 24 95 96 20 52 64 3 0 86 99 75 0 0 70 38 42 9 54 0 44 99 0 93 0 8 48 96 0 85 0 0 72 85 49 76 0 15 29 61 0 0 22 0 54 83 62 73 44 36 47 0 0 0 24 41 0 19 0 75 19 1 0 24 89 66 99 35 0 0 0 0 0 0 0 19 2 0 0 0 0 19 52 0 0 0 0 67 0 0 44 
90 44 0 84 0 80 10 0 60 67 0 20 95 85 77 0 75 0 0 99 49 7 70 0 0 38 0 0 11 20 0 1 53 0 77 63 52 0 62 0 52 0 1 0 96 27 29 51 79 0 62 11 48 0 0 46 13 34 98 17 86 9 0 1 3 81 0 11 33 0 0 41 0 53 0 0 0 40 16 77 0 64 0 0 24 86 21 22 4 0 37 0 57 33 0 14 0 0 0 60 
43 98 41 89 62 58 85 85 81 18 72 0 50 0 0 0 6 0 0 46 0 0 38 0 0 91 0 40 67 18 43 21 14 33 6 72 0 42 95 74 0 0 0 49 83 0 0 61 59 8 68 0 63 99 58 73 0 0 92 28 25 73 57 0 94 5 89 34 29 0 67 42 0 44 0 48 47 33 98 30 13 0 4 0 32 45 52 47 0 0 0 20 80 0 61 26 72 15 0 0 
75 50 26 8 91 20 50 27 74 26 68 33 35 68 10 59 0 83 84 65 0 28 42 38 91 0 0 88 54 70 8 59 0 81 36 0 35 50 0 3 0 88 0 32 62 0 50 0 51 11 0 0 44 56 0 7 0 0 0 62 0 0 50 0 80 0 93 81 0 12 51 62 42 91 0 0 72 22 81 73 0 10 22 2 23 0 72 0 0 78 70 0 85 0 0 0 97 55 6 92 
29 98 87 18 0 8 28 58 0 74 46 68 62 0 13 0 56 0 56 72 56 0 9 0 0 0 0 0 0 42 73 0 88 94 7 64 14 16 0 90 0 79 79 46 7 0 79 0 98 36 27 100 0 87 0 56 0 0 90 12 18 78 0 0 0 94 50 18 97 0 43 85 95 49 15 88 0 89 27 65 30 87 0 89 100 40 0 14 80 36 63 0 92 45 0 0 0 0 0 0 
0 70 11 97 90 56 61 11 20 17 33 58 28 37 57 0 6 64 0 0 0 0 54 0 40 88 0 0 80 0 0 0 0 0 79 0 0 0 53 0 78 70 41 18 53 58 64 46 5 74 58 63 83 0 63 63 0 13 0 0 1 45 0 1 0 0 0 40 1 12 42 0 0 0 0 0 0 0 0 27 65 0 3 6 31 0 0 41 0 65 24 0 0 91 0 9 0 73 0 39 
48 0 84 12 0 39 0 50 0 23 0 89 52 95 0 0 21 5 40 51 0 0 0 11 67 54 0 80 0 51 52 40 0 13 84 59 25 59 83 1 67 31 0 50 0 69 0 15 0 76 0 63 0 0 89 0 0 57 0 65 52 96 0 0 92 0 55 54 0 84 90 94 56 91 34 0 47 0 0 20 67 0 55 67 1 0 0 0 6 55 16 79 66 44 0 85 36 46 0 0 
69 9 54 0 0 0 61 56 23 36 0 68 59 0 0 30 0 18 0 5 17 8 44 20 18 70 42 0 51 0 15 0 0 58 85 58 45 0 6 29 0 53 53 34 84 0 45 78 27 33 0 27 0 1 0 79 56 84 0 98 48 0 98 0 49 1 91 0 0 33 78 90 0 0 90 1 96 0 79 28 0 21 79 65 8 67 63 0 78 0 92 9 41 32 26 0 82 69 27 55 
57 0 4 35 82 38 0 61 0 91 95 51 62 0 37 0 0 56 0 40 25 8 99 0 43 8 73 0 52 15 0 0 24 38 0 0 36 59 6 0 62 88 66 100 0 48 80 27 0 48 42 70 80 100 3 0 77 21 0 64 57 11 86 0 63 11 60 0 82 22 54 0 0 0 0 25 0 0 25 44 78 50 93 22 0 5 100 15 56 0 58 0 23 0 63 0 68 0 45 84 
64 0 0 17 65 33 94 0 62 34 0 80 0 0 0 66 0 47 96 31 72 6 0 1 21 59 0 0 40 0 0 0 74 0 97 0 0 0 92 9 52 27 38 0 73 0 17 35 23 54 51 72 0 53 17 0 89 30 2 62 0 91 0 70 0 0 78 57 0 99 0 0 39 29 86 23 11 0 99 32 69 0 0 10 41 87 0 49 50 20 0 8 62 39 0 40 0 0 88 70 
44 0 81 80 88 51 64 55 47 55 57 98 16 14 0 3 100 0 69 0 0 46 93 53 14 0 88 0 0 0 24 74 0 99 0 34 77 0 0 0 45 29 0 0 4 9 0 27 0 45 0 42 0 91 63 0 89 0 46 0 0 0 68 30 44 8 16 0 60 35 74 0 54 100 77 99 75 11 98 66 94 0 69 2 0 0 28 0 65 27 57 0 74 68 0 32 0 0 0 0 
96 35 58 81 0 74 35 0 0 0 95 0 71 0 34 77 0 18 0 96 20 55 0 0 33 81 94 0 13 58 38 0 99 0 77 25 98 27 0 15 0 0 86 7 24 78 0 0 0 0 34 14 0 0 13 72 29 0 0 0 17 71 30 0 0 26 0 82 69 96 14 43 85 55 0 0 47 47 0 100 0 58 0 43 26 40 99 53 21 86 3 0 16 55 0 0 0 0 35 8 
53 0 0 5 0 30 76 0 0 30 13 93 78 0 32 56 73 0 84 14 0 0 8 77 6 36 7 79 84 85 0 97 0 77 0 0 0 0 0 25 73 0 78 52 5 0 0 0 54 0 60 66 0 31 0 0 0 0 0 62 91 9 0 74 42 43 99 0 59 87 94 0 69 18 4 0 18 0 0 0 0 0 93 0 1 37 14 0 15 0 79 27 71 0 79 0 70 89 65 13 
0 66 0 0 0 12 0 82 91 40 0 0 0 0 0 51 35 0 0 0 76 100 48 63 72 0 64 0 59 58 0 0 34 25 0 0 0 0 0 0 19 0 38 97 0 0 0 68 95 0 0 27 0 11 33 0 7 94 31 7 0 55 100 74 46 39 0 85 40 82 0 0 0 64 34 0 0 0 87 88 32 0 85 34 6 21 0 28 64 74 0 33 0 42 87 56 21 55 19 25 
100 74 0 62 68 74 92 76 73 73 37 0 76 0 0 80 9 90 63 75 59 54 96 52 0 35 14 0 25 45 36 0 77 98 0 0 0 0 76 0 86 55 90 14 80 0 56 0 15 73 0 69 56 0 0 0 0 62 10 0 0 44 35 89 67 0 81 0 0 0 0 81 0 0 70 0 11 0 0 14 38 0 2 0 35 0 0 73 89 0 0 44 48 0 0 50 41 5 0 0 
0 44 58 8 15 0 56 0 85 0 60 0 0 54 0 37 39 0 1 0 1 0 0 0 42 50 16 0 59 0 59 0 0 27 0 0 0 0 17 45 0 6 20 0 71 32 30 86 0 1 64 0 11 0 0 0 0 40 97 30 46 8 0 0 0 0 0 0 87 9 73 3 0 16 87 0 12 44 0 83 35 86 73 0 0 0 82 53 0 0 89 90 0 69 43 88 0 0 40 67 
46 65 0 59 0 9 0 28 0 64 0 3 27 49 89 0 22 24 66 44 54 98 85 62 95 0 0 53 83 6 6 92 0 0 0 0 76 17 0 66 58 0 12 18 0 99 92 79 47 1 16 0 30 0 16 78 11 14 8 99 39 0 34 0 48 7 13 35 32 51 0 19 77 0 29 0 98 92 0 0 0 60 0 0 94 43 0 88 20 87 2 47 59 66 84 64 0 55 0 0 
0 63 32 28 99 0 0 0 12 0 50 0 20 90 31 0 65 69 0 37 0 35 0 0 74 3 90 0 1 29 0 9 0 15 25 0 0 45 66 0 97 0 71 0 7 22 0 78 0 39 47 2 82 0 13 0 51 44 0 0 7 0 0 9 8 0 0 0 0 17 76 0 0 96 28 66 0 0 48 29 57 75 0 65 9 0 0 48 0 0 0 27 0 60 0 0 9 0 0 0 
0 0 92 12 25 54 71 100 0 84 40 14 0 12 96 0 0 88 0 0 0 37 0 52 0 0 0 78 67 0 62 52 45 0 73 19 86 0 58 97 0 0 0 5 37 0 18 0 0 0 6 21 22 0 0 99 2 0 0 33 0 3 89 38 51 21 23 81 20 0 31 39 0 0 79 74 33 53 58 49 13 71 54 0 32 42 0 10 6 16 13 71 42 20 65 0 20 17 35 54 
33 76 11 52 0 0 0 86 0 74 45 0 0 87 85 88 61 0 77 61 0 0 72 0 0 88 79 70 31 53 88 27 29 0 0 0 55 6 0 0 0 0 0 0 7 68 7 0 37 0 0 100 0 25 2 31 62 41 94 71 0 0 6 92 12 90 55 96 36 95 27 0 73 0 19 35 64 34 74 57 77 11 25 0 0 0 0 34 37 0 80 93 88 0 0 98 0 10 4 0 
19 38 44 0 70 89 0 43 98 61 54 12 56 67 36 0 0 96 59 47 0 0 85 1 0 0 79 41 0 53 66 38 0 86 78 38 90 20 12 71 0 0 0 0 48 0 0 0 0 0 1 81 67 37 0 0 0 0 0 78 66 24 89 89 65 59 89 27 16 4 18 0 0 19 15 95 0 59 16 0 33 0 13 0 43 0 0 72 0 34 0 0 72 0 16 51 12 0 0 40 
64 0 0 12 75 0 79 64 52 3 0 90 31 92 0 99 0 0 0 49 6 35 49 0 49 32 46 18 50 34 100 0 0 7 52 97 14 0 18 0 5 0 0 0 92 0 51 0 0 0 63 92 36 75 0 46 58 0 19 0 21 34 0 81 54 47 80 0 0 47 92 0 50 0 0 0 92 0 37 16 31 73 0 86 93 0 99 46 58 69 0 85 95 0 21 0 0 88 64 10 
15 0 24 56 0 95 29 84 0 29 81 0 0 0 0 0 0 0 0 0 0 82 76 96 83 62 7 53 0 84 0 73 4 24 5 0 80 71 0 7 37 7 48 92 0 61 75 66 27 90 53 0 0 93 18 0 96 72 0 34 19 65 0 57 56 91 62 0 0 27 32 79 0 77 0 2 0 11 27 39 46 72 17 0 79 0 11 0 0 0 0 64 4 0 84 49 18 11 100 0 
35 16 90 57 78 0 100 71 0 47 32 0 0 0 0 32 0 0 77 0 54 0 0 27 0 0 0 58 69 0 48 0 9 78 0 0 0 32 99 22 0 68 0 0 61 0 0 0 66 62 60 53 87 87 0 0 0 91 56 54 0 0 0 29 0 61 0 10 0 37 22 93 33 57 75 67 0 0 0 0 15 86 8 0 24 57 41 81 44 17 95 0 66 0 45 5 70 6 39 0 
0 0 0 16 42 0 60 0 0 15 0 20 15 0 0 0 0 0 18 0 0 0 15 29 0 50 79 64 0 45 80 17 0 0 0 0 56 30 92 0 18 7 0 51 75 0 0 0 0 24 96 0 79 0 0 0 95 0 0 0 96 91 2 0 29 0 67 0 84 97 1 0 75 20 56 90 0 0 30 0 97 0 0 0 0 0 64 0 6 94 0 23 51 0 4 0 99 58 52 68 
48 0 41 0 65 0 21 72 0 63 73 0 44 3 0 95 63 49 100 10 0 0 29 51 61 0 0 46 15 78 27 35 27 0 0 68 0 86 79 78 0 0 0 0 66 0 0 0 40 0 0 39 45 84 0 0 15 60 80 0 70 69 14 68 89 0 84 75 17 4 0 89 47 0 13 81 0 49 30 3 51 13 51 40 87 38 6 68 69 0 65 10 57 0 0 13 0 35 28 0 
14 0 56 62 11 46 0 0 23 0 0 0 100 35 0 0 0 92 3 24 22 70 61 79 59 51 98 5 0 27 0 23 0 0 54 95 15 0 47 0 0 37 0 0 27 66 0 40 0 82 94 0 98 8 0 0 98 0 84 0 84 14 89 40 1 0 18 43 0 60 14 0 76 0 90 0 27 64 3 0 82 46 0 40 17 0 41 0 82 44 8 0 89 63 0 7 73 50 36 84 
18 0 19 64 74 53 99 0 0 26 51 75 0 48 0 0 0 39 5 95 97 0 0 0 8 11 36 74 76 33 48 54 45 0 0 0 73 1 1 39 0 0 0 0 90 62 24 0 82 0 19 38 4 68 41 0 7 0 0 0 92 0 0 45 66 0 96 4 20 89 0 84 0 4 73 0 69 0 77 0 53 0 13 0 0 24 69 36 3 56 1 96 12 24 75 0 0 0 0 83 
0 36 89 0 0 94 74 84 99 13 82 24 74 74 35 12 53 0 66 87 1 60 0 62 68 0 27 58 0 0 42 51 0 34 60 0 0 64 16 47 6 0 1 63 53 60 96 0 94 19 0 46 27 12 88 66 51 29 9 0 94 72 0 0 5 15 0 0 17 0 78 0 11 44 45 32 0 95 28 32 33 46 51 13 87 0 0 85 96 0 26 0 40 55 85 78 0 0 0 0 
45 0 73 0 96 69 1 0 0 8 0 0 46 95 45 0 68 74 25 23 91 0 22 11 0 0 100 63 63 27 70 72 42 14 66 27 69 0 0 2 21 100 81 92 0 53 0 39 0 38 46 0 35 79 60 0 0 70 44 64 0 75 0 47 3 18 0 28 0 59 35 59 16 16 25 75 43 99 69 0 46 1 56 0 90 0 0 0 0 88 23 0 46 33 0 29 48 16 0 90 
12 0 0 32 80 0 49 60 47 2 79 0 77 21 0 72 29 0 79 60 0 0 0 48 63 44 0 83 0 0 80 0 0 0 0 0 56 11 30 82 22 0 67 36 0 87 79 45 98 4 27 35 0 8 38 0 0 0 67 98 0 0 36 72 8 40 68 43 0 0 96 36 0 3 53 57 14 0 17 86 0 0 99 0 54 0 0 0 0 86 6 84 0 61 0 0 46 51 63 41 
42 0 0 0 74 56 93 33 83 1 57 67 41 60 29 94 96 0 100 0 23 37 54 0 99 56 87 0 0 1 100 53 91 0 31 11 0 0 0 0 0 25 37 75 93 87 0 84 8 68 12 79 8 0 0 62 0 0 51 99 42 11 36 30 46 7 0 13 40 61 94 0 83 0 42 0 48 0 45 0 2 0 0 0 98 14 0 39 94 5 0 51 14 75 7 83 10 77 61 85 
21 0 0 75 0 40 78 0 56 82 0 0 69 32 35 72 0 0 90 11 0 0 83 0 58 0 0 63 89 0 3 17 63 13 0 33 0 0 16 13 0 2 0 0 18 0 0 0 0 41 88 60 38 0 0 34 13 30 0 11 50 97 45 58 0 0 68 17 34 13 56 50 55 0 8 10 90 48 0 0 0 73 14 0 47 93 73 0 14 0 83 0 0 54 8 100 0 0 31 85 
0 39 28 52 50 9 0 0 86 96 82 18 93 0 0 17 0 80 6 89 0 47 62 46 73 7 56 63 0 79 0 0 0 72 0 0 0 0 78 0 99 31 0 46 0 0 0 0 0 0 66 0 0 62 34 0 0 0 0 73 48 0 0 61 92 30 58 35 0 45 90 47 66 50 0 26 20 0 64 0 0 0 0 66 20 60 36 30 0 0 76 0 0 49 49 0 0 97 84 23 
15 2 11 82 75 76 1 51 0 70 34 21 33 0 0 0 0 42 0 90 0 72 73 13 0 0 0 0 0 56 77 89 89 29 0 7 0 0 11 51 2 62 0 58 96 0 95 15 98 7 51 0 0 0 13 0 0 0 53 53 7 0 25 2 49 0 35 31 31 61 0 51 0 71 78 10 0 0 68 54 63 49 0 15 62 39 86 51 83 96 13 42 29 0 29 46 0 30 93 52 
0 88 38 95 5 59 0 53 1 5 40 91 42 0 47 79 0 18 53 0 0 0 44 34 0 0 0 13 57 84 21 30 0 0 0 94 62 40 14 44 0 41 0 0 72 91 0 60 0 0 29 70 0 0 30 0 0 0 51 29 0 66 0 0 34 8 0 48 0 0 88 0 0 95 85 80 89 2 0 90 68 0 0 59 61 73 1 95 55 56 46 0 21 75 18 61 65 97 55 0 
37 69 7 73 17 0 0 87 60 36 90 83 81 0 53 45 50 0 33 57 97 25 36 98 92 0 90 0 0 0 0 2 46 0 0 31 10 97 8 0 0 94 0 19 0 56 0 80 84 0 9 44 67 51 0 0 53 51 0 11 61 0 0 73 24 0 34 0 0 0 66 0 0 1 16 0 44 0 7 53 0 0 73 51 61 90 0 3 0 0 0 30 15 25 93 93 83 0 13 18 
0 86 2 93 18 0 5 0 0 0 14 96 0 61 95 0 72 18 29 0 97 86 47 17 28 62 12 0 65 98 64 62 0 0 62 7 0 30 99 0 33 71 78 0 34 54 0 0 0 0 0 64 98 99 11 73 53 29 11 0 35 16 80 87 0 55 0 22 0 0 87 35 0 49 34 0 20 87 85 37 0 37 0 0 78 44 54 0 38 12 0 0 81 0 0 77 16 66 53 40 
72 0 0 83 29 0 63 20 23 0 10 10 71 0 32 50 0 0 86 80 5 0 0 86 25 0 18 1 52 48 57 0 0 17 91 0 0 46 39 7 0 0 66 21 19 0 96 70 84 92 94 0 0 42 50 48 7 0 61 35 0 14 0 47 0 76 100 0 12 45 0 0 0 38 22 98 0 84 0 88 94 41 0 68 27 53 64 7 60 0 25 79 86 90 22 50 76 42 93 70 
55 0 0 38 0 58 51 0 88 0 0 5 39 18 0 40 0 62 26 69 58 0 0 9 73 0 78 45 96 0 11 91 0 71 9 55 44 8 0 0 3 0 24 34 65 0 91 69 14 0 72 75 0 11 97 0 0 66 0 16 14 0 0 0 0 94 15 0 31 35 0 48 48 0 0 97 0 27 39 0 0 0 0 0 0 100 0 71 11 94 46 0 0 72 0 67 92 42 55 0 
0 69 51 47 47 0 7 0 45 11 28 56 18 82 38 60 19 52 0 45 0 67 0 0 57 50 0 0 0 98 86 0 68 30 0 100 35 0 34 0 89 6 89 0 0 0 2 14 89 0 0 0 36 36 45 0 25 0 0 80 0 0 0 93 0 72 97 12 70 56 30 0 0 0 0 2 81 20 9 8 19 0 0 0 0 62 61 6 82 0 45 97 0 64 0 61 26 77 76 1 
18 0 24 26 0 55 62 84 12 0 94 33 26 0 70 55 20 0 1 94 97 28 24 1 0 0 0 1 0 0 0 70 30 0 74 74 89 0 0 9 38 92 89 81 57 29 0 68 40 45 0 47 72 30 58 61 2 0 73 87 47 0 93 0 22 0 96 0 0 0 0 15 34 88 0 8 0 83 0 8 0 85 95 0 0 38 0 65 20 42 14 0 0 20 10 0 0 52 0 54 
0 0 55 91 100 88 91 12 0 60 0 45 84 78 9 3 35 0 81 0 0 66 41 3 94 80 0 0 92 49 63 0 44 0 42 46 67 0 48 8 51 12 65 54 56 0 29 89 1 66 5 3 8 46 0 92 49 34 24 0 0 0 0 22 0 68 0 62 14 48 0 12 15 0 80 0 96 72 0 0 78 0 57 0 81 56 0 48 86 0 38 0 62 15 17 7 56 93 21 59 
0 34 40 0 11 0 86 86 77 0 0 87 79 16 0 0 0 0 79 26 51 0 0 81 5 0 94 0 0 1 11 0 8 26 43 39 0 0 7 0 21 90 59 47 91 61 0 0 0 0 15 18 40 7 0 30 0 8 0 55 76 94 72 0 68 0 82 0 45 0 81 7 0 0 56 4 44 88 0 82 0 8 67 0 23 0 94 67 48 3 76 55 83 0 0 0 25 0 86 0 
17 0 97 11 71 0 77 26 0 3 87 3 55 0 91 78 48 96 0 41 78 8 19 0 89 93 50 0 55 91 60 78 16 0 99 0 81 0 13 0 23 55 89 80 62 0 67 84 18 96 0 0 68 0 68 58 35 0 34 0 100 15 97 96 0 82 0 36 11 0 13 0 0 66 27 24 0 91 0 8 13 0 83 0 94 0 0 0 27 0 84 75 66 88 16 45 33 49 2 10 
46 93 85 60 34 24 40 45 1 0 0 74 0 0 82 97 12 70 49 72 46 90 0 11 34 81 18 40 54 0 0 57 0 82 0 85 0 0 35 0 81 96 27 0 0 10 0 75 43 4 0 28 43 13 17 35 31 48 0 22 0 0 12 0 62 0 36 0 0 27 33 11 0 20 0 61 0 0 0 98 59 0 62 0 81 41 42 98 0 57 4 66 70 69 95 0 0 0 44 0 
0 74 95 27 0 84 41 0 95 83 46 0 0 11 79 0 75 0 15 66 93 44 75 33 29 0 97 1 0 0 82 0 60 69 59 40 0 87 32 0 20 36 16 0 0 0 84 17 0 20 17 0 0 40 34 0 31 0 0 0 12 31 70 0 14 45 11 0 0 0 0 0 54 0 33 0 68 37 54 93 5 48 41 0 35 0 22 45 0 0 10 64 0 49 45 89 0 81 59 19 
35 58 91 52 97 0 0 83 45 27 83 0 96 0 99 72 93 0 19 0 59 18 19 0 0 12 0 12 84 33 22 99 35 96 87 82 0 9 51 17 0 95 4 47 27 37 97 4 60 89 0 59 0 61 13 45 61 0 0 0 45 35 56 0 48 0 0 27 0 0 0 0 0 82 16 18 99 15 98 0 80 0 0 86 38 83 85 38 8 71 59 53 0 22 11 0 93 33 0 100 
77 69 75 86 96 0 54 54 0 46 78 0 12 0 0 62 24 64 82 8 0 31 1 0 67 51 43 42 90 78 54 0 74 14 94 0 0 73 0 76 31 27 18 92 32 22 1 0 14 0 78 35 96 94 56 90 0 88 66 87 0 0 30 0 0 81 13 33 0 0 0 83 0 60 50 99 22 82 13 0 12 0 0 0 40 15 9 0 0 0 50 10 97 84 45 92 41 0 58 31 
35 72 0 10 57 16 53 0 65 0 34 21 77 19 0 84 37 82 0 0 64 41 0 41 42 62 85 0 94 90 0 0 0 43 0 0 81 3 19 0 39 0 0 0 79 93 0 89 0 84 0 59 36 0 50 47 51 0 0 35 0 48 0 15 12 7 0 11 0 0 83 0 0 0 0 76 0 49 0 76 46 97 75 0 7 63 0 34 89 100 0 69 0 0 0 0 53 0 0 68 
18 61 0 4 0 0 69 96 0 0 0 5 0 1 0 21 0 23 0 0 31 0 24 0 0 42 95 0 56 0 0 39 54 85 69 0 0 0 77 0 0 73 0 50 0 33 75 47 76 0 11 16 0 83 55 66 0 0 0 0 0 48 0 34 15 0 0 0 54 0 0 0 0 87 63 51 94 0 11 0 0 0 46 0 0 72 0 95 0 62 0 24 0 0 0 0 71 12 78 0 
4 18 24 94 0 22 89 41 66 78 0 0 0 0 47 0 27 0 41 0 16 19 89 53 44 91 49 0 91 0 0 29 100 55 18 64 0 16 0 96 0 0 19 0 77 57 20 0 0 4 44 16 3 0 0 50 71 95 1 49 38 0 0 88 0 0 66 20 0 82 60 0 87 0 76 26 58 85 50 22 34 26 92 36 87 12 0 99 95 65 91 59 51 61 81 10 92 66 0 0 
50 90 27 0 10 0 3 74 0 48 0 0 0 74 19 0 31 22 72 79 16 26 66 0 0 0 15 0 34 90 0 86 77 0 4 34 70 87 29 28 79 19 15 0 0 75 56 13 90 73 45 25 53 42 8 0 78 85 16 34 22 0 0 0 80 56 27 0 33 16 50 0 63 76 0 7 56 21 55 55 0 92 52 0 40 93 0 13 71 10 0 0 0 3 87 21 31 0 0 56 
0 73 40 22 6 0 0 17 0 0 0 34 91 63 57 0 0 46 0 26 0 0 99 0 48 0 88 0 0 1 25 23 99 0 0 0 0 0 0 66 74 35 95 0 2 67 90 81 0 0 32 75 57 0 10 26 10 80 0 0 98 97 2 8 0 4 24 61 0 18 99 76 51 26 7 0 0 0 29 9 25 0 52 52 0 0 18 0 44 1 57 0 94 0 54 25 66 0 0 87 
15 14 51 21 0 95 59 0 72 19 37 24 0 52 0 0 43 33 56 0 5 80 35 0 47 72 0 0 47 96 0 11 75 47 18 0 11 12 98 0 33 64 0 92 0 0 0 0 27 69 0 43 14 48 90 20 0 89 44 20 0 0 81 0 96 44 0 0 68 99 22 0 94 58 56 0 0 0 100 0 97 0 0 82 21 96 17 0 26 0 0 0 48 76 0 0 0 0 0 16 
0 99 29 0 16 41 0 90 100 0 0 65 0 57 100 0 0 0 87 57 36 0 0 40 33 22 89 0 0 0 0 0 11 47 0 0 0 44 92 0 53 34 59 0 11 0 0 49 64 0 95 99 0 0 48 0 0 2 0 87 84 27 20 83 72 88 91 0 37 15 82 49 0 85 21 0 0 0 7 5 0 0 0 0 12 28 0 30 4 0 37 66 72 0 0 0 71 34 13 0 
0 71 99 15 75 0 17 84 78 0 26 74 15 0 0 61 0 46 56 83 32 0 0 16 98 81 27 0 0 79 25 99 98 0 0 87 0 0 0 48 58 74 16 37 27 0 30 30 3 77 28 69 17 45 0 64 68 0 7 85 0 39 9 0 0 0 0 0 54 98 13 0 11 50 55 29 100 7 0 89 12 0 65 87 0 0 42 0 0 84 60 98 0 22 59 0 98 58 0 0 
82 35 66 95 45 21 0 0 46 97 39 0 0 0 55 66 61 76 47 85 0 92 0 77 30 73 65 27 20 28 44 32 66 100 0 88 14 83 0 29 49 57 0 16 39 0 0 3 0 0 32 0 86 0 0 0 54 90 53 37 88 0 8 8 0 82 8 98 93 0 0 76 0 22 55 9 0 5 89 0 0 0 0 70 70 62 88 0 0 0 25 0 0 56 0 0 6 24 0 86 
0 0 18 0 22 21 43 57 74 84 74 7 0 0 85 35 32 8 0 29 47 61 0 0 13 0 30 65 67 0 78 69 94 0 0 32 38 35 0 57 13 77 33 31 46 15 97 51 82 53 33 46 0 2 0 0 63 68 0 0 94 0 19 0 78 0 13 59 5 80 12 46 0 34 0 25 97 0 12 0 0 47 8 0 47 90 0 0 81 0 87 31 96 16 37 34 80 57 0 13 
66 0 64 0 61 9 4 0 82 83 52 100 0 63 29 0 0 36 0 26 72 0 0 64 0 10 87 0 0 21 50 0 0 58 0 0 0 86 60 75 71 11 0 73 72 86 0 13 46 0 46 1 0 0 73 0 49 0 0 37 41 0 0 85 0 8 0 0 48 0 0 97 0 26 92 0 0 0 0 0 47 0 0 72 0 39 0 78 70 60 0 0 78 88 24 0 92 73 0 31 
83 0 0 37 0 8 64 82 81 83 0 0 0 37 0 37 50 40 52 0 96 0 0 0 4 22 0 3 55 79 93 0 69 0 93 85 2 73 0 0 54 25 13 0 17 8 0 51 0 13 51 56 99 0 14 0 0 0 73 0 0 0 0 95 57 67 83 62 41 0 0 75 46 92 52 52 0 0 65 0 8 0 0 98 0 74 0 0 79 19 0 0 0 32 0 50 86 0 0 0 
0 0 73 67 73 83 0 77 67 65 71 99 39 0 25 0 0 64 0 0 58 0 0 0 0 2 89 6 67 65 22 10 2 43 0 34 0 0 0 65 0 0 0 86 0 0 0 40 40 0 13 0 0 0 0 66 15 59 51 0 68 0 0 0 0 0 0 0 0 86 0 0 0 36 0 52 82 0 87 70 0 72 98 0 27 0 4 89 45 68 69 0 14 5 76 0 22 91 90 0 
26 0 0 24 52 0 58 84 0 68 76 0 56 25 0 0 0 23 18 100 0 58 19 24 32 23 100 31 1 8 0 41 0 26 1 6 35 0 94 9 32 0 43 93 79 24 0 87 17 0 87 90 54 98 47 20 62 61 61 78 27 0 0 0 81 23 94 81 35 38 40 7 0 87 40 0 21 12 0 70 47 0 0 27 0 24 0 85 0 80 19 35 93 0 0 94 55 88 0 0 
0 29 18 7 0 35 68 63 72 84 0 34 97 60 0 0 0 3 89 0 20 99 2 86 45 0 40 0 0 67 5 87 0 40 37 21 0 0 43 0 42 0 0 0 0 57 0 38 0 24 0 0 0 14 93 60 39 73 90 44 53 100 62 38 56 0 0 41 0 83 15 63 72 12 93 0 96 28 0 62 90 39 74 0 24 0 32 37 0 0 14 16 0 0 28 39 90 52 64 6 
44 0 25 0 49 75 0 9 70 28 61 59 1 0 0 0 79 0 5 82 8 53 0 21 52 72 0 0 0 63 100 0 28 99 14 0 0 82 0 0 0 0 0 99 11 41 64 6 41 69 0 0 0 0 73 36 86 1 0 54 64 0 61 0 0 94 0 42 22 85 9 0 0 0 0 18 17 0 42 88 0 0 0 4 0 32 0 0 37 85 26 8 0 0 0 0 32 63 0 0 
71 95 0 0 0 0 27 68 76 0 0 43 30 96 0 82 72 47 86 0 0 43 0 22 47 0 14 41 0 0 15 49 0 53 0 28 73 53 88 48 10 34 72 46 0 81 0 68 0 36 85 0 0 39 0 30 51 95 3 0 7 71 6 65 48 67 0 98 45 38 0 34 95 99 13 0 0 30 0 0 0 78 0 89 85 37 0 0 0 0 23 42 86 58 12 43 0 0 100 85 
60 0 9 0 71 28 30 74 0 0 94 53 0 0 20 0 9 53 0 44 0 0 0 4 0 0 80 0 6 78 56 50 65 21 15 64 89 0 20 0 6 37 0 58 0 44 6 69 82 3 96 0 0 94 14 0 83 55 0 38 60 11 82 20 86 48 27 0 0 8 0 89 0 95 71 44 26 4 0 0 81 70 79 45 0 0 37 0 0 0 0 0 28 0 1 0 82 74 100 21 
33 21 68 0 0 0 0 0 49 31 31 0 79 0 52 0 0 48 48 62 47 13 0 0 0 78 36 65 55 0 0 20 27 86 0 74 0 0 87 0 16 0 34 69 0 17 94 0 44 56 0 88 86 5 0 0 96 56 0 12 0 94 0 42 0 3 0 57 0 71 0 100 62 65 10 1 0 0 84 0 0 60 19 68 80 0 85 0 0 0 91 7 0 59 0 33 0 86 0 100 
43 10 7 5 0 0 0 23 87 64 100 27 38 0 0 28 77 0 88 2 61 0 19 37 0 70 63 24 16 92 58 0 57 3 79 0 0 89 2 0 13 80 0 0 0 95 0 65 8 1 26 23 6 0 83 76 13 46 0 0 25 46 45 14 38 76 84 4 10 59 50 0 0 91 0 57 0 37 60 25 87 0 0 69 19 14 26 23 0 91 0 71 0 40 90 11 6 0 0 0 
0 86 0 98 18 5 12 60 0 6 81 0 41 0 0 63 82 0 0 0 24 0 52 0 20 0 0 0 79 9 0 8 0 0 27 33 44 90 47 27 71 93 0 85 64 0 23 10 0 96 0 0 84 51 0 0 42 0 30 0 79 0 97 0 0 55 75 66 64 53 10 69 24 59 0 0 0 66 98 0 31 0 0 0 35 16 8 42 0 7 71 0 9 33 97 60 95 87 17 0 
0 0 47 0 69 39 76 0 0 22 0 45 11 9 83 0 77 55 25 47 21 27 0 57 80 85 92 0 66 41 23 62 74 16 71 0 48 0 59 0 42 88 72 95 4 66 51 57 89 12 40 46 0 14 0 0 29 21 15 81 86 0 0 0 62 83 66 70 0 0 97 0 0 51 0 94 48 72 0 0 96 78 0 14 93 0 0 86 28 0 0 9 0 22 0 0 0 9 61 41 
51 57 0 98 51 0 7 86 30 34 0 66 69 60 7 88 77 0 74 88 51 44 0 33 0 0 45 91 44 32 0 39 68 55 0 42 0 69 66 60 20 0 0 0 0 0 0 0 63 24 55 33 61 75 54 49 0 75 25 0 90 72 64 20 15 0 88 69 49 22 84 0 0 61 3 0 76 0 22 56 16 88 32 5 0 0 0 58 0 59 40 33 22 0 8 0 60 83 7 0 
0 27 0 91 0 0 21 0 69 0 0 18 29 38 35 93 0 89 17 44 0 44 0 0 61 0 0 0 0 26 63 0 0 0 79 87 0 43 84 0 65 0 16 21 84 45 4 0 0 75 85 0 0 7 8 49 29 18 93 0 22 0 0 10 17 0 16 95 45 11 45 0 0 81 87 54 0 0 59 0 37 24 0 76 0 28 0 12 1 0 90 97 0 8 0 0 0 0 66 0 
15 84 81 19 0 93 0 86 90 0 0 64 40 0 0 0 24 0 23 95 0 28 0 14 26 0 0 9 85 0 0 40 32 0 0 56 50 88 64 0 0 98 51 0 49 5 0 13 7 0 78 29 0 83 100 0 46 61 93 77 50 67 61 0 7 0 45 0 89 0 92 0 0 10 21 25 0 0 0 0 34 0 50 0 94 39 0 43 0 33 11 60 0 0 0 0 31 42 39 0 
0 0 88 0 0 49 0 86 0 13 41 87 0 27 14 15 12 0 68 0 46 94 67 0 72 97 0 0 36 82 68 0 0 0 70 21 41 0 0 9 20 0 12 0 18 70 99 0 73 0 0 48 46 10 0 0 0 65 83 16 76 92 26 0 56 25 33 0 0 93 41 53 71 92 31 66 0 71 98 6 80 92 86 22 55 90 32 0 82 0 6 95 0 60 0 31 0 89 79 22 
85 0 79 0 33 14 70 0 69 34 35 8 43 16 0 55 72 0 26 17 60 0 0 0 15 55 0 73 46 69 0 0 0 0 89 55 5 0 55 0 17 10 0 88 11 6 58 35 50 0 0 16 51 77 0 97 30 97 0 66 42 42 77 52 93 0 49 0 81 33 0 0 12 66 0 0 0 34 58 24 57 73 0 91 88 52 63 0 74 86 0 87 9 83 0 42 89 0 42 0 
73 85 0 0 0 96 0 75 36 60 27 0 87 93 81 8 85 86 94 0 0 92 0 0 0 6 0 0 0 27 45 88 0 35 65 19 0 40 0 0 35 4 0 64 100 39 52 28 36 0 0 0 63 61 31 84 93 55 13 53 93 55 76 0 21 86 2 44 59 0 58 0 78 0 0 0 0 13 0 0 0 0 0 90 0 64 0 100 100 0 0 17 61 7 66 39 79 42 0 38 
0 12 10 60 88 0 16 32 0 0 0 28 88 0 67 68 0 0 16 0 98 84 44 60 0 92 0 39 0 55 84 70 0 8 13 25 0 67 0 0 54 0 40 10 0 0 68 0 84 83 0 90 41 85 85 23 52 0 18 40 70 0 1 54 59 0 10 0 19 100 31 68 0 0 56 87 16 0 0 86 13 31 0 0 0 6 0 85 21 100 0 0 41 0 0 0 22 0 38 0 
