0 0 0 0 0 0 0 0 69 0 73 0 0 0 0 0 98 0 0 0 0 44 0 0 0 52 0 0 0 0 0 0 0 0 0 0 86 0 0 0 0 0 0 0 0 0 0 0 0 0 0 0 60 0 0 0 0 0 0 0 69 0 0 0 0 0 0 0 0 0 0 0 0 0 0 0 0 0 0 0 0 0 0 0 0 0 0 0 0 0 0 0 9 0 0 0 0 0 0 35 
0 0 0 0 0 0 77 0 0 1 0 0 0 0 0 0 20 0 0 68 0 0 73 99 0 0 0 12 59 0 0 0 0 0 0 0 0 81 0 0 0 0 0 0 0 0 0 0 0 0 0 0 0 0 99 0 0 0 0 0 0 0 0 0 0 0 0 0 0 0 0 13 0 0 0 0 0 68 5 0 0 22 0 0 0 0 0 0 0 0 0 0 0 0 0 0 0 0 12 0 
0 0 0 0 0 0 0 0 0 0 0 57 0 0 0 0 0 0 0 0 0 0 0 0 4 0 0 0 0 0 0 0 0 0 0 0 0 0 0 0 0 13 0 0 0 0 0 0 0 0 84 0 0 0 0 0 0 0 33 0 0 0 0 0 0 51 84 78 0 0 0 0 0 0 0 0 0 0 0 0 0 0 0 0 61 7 0 0 0 0 0 0 0 0 0 0 0 0 0 0 
0 0 0 0 0 0 89 0 0 58 0 18 0 0 0 0 0 0 0 0 0 0 0 0 0 0 0 0 87 0 0 0 79 10 0 0 0 0 0 7 0 0 0 0 0 0 0 0 33 0 0 0 0 0 29 0 0 0 0 0 35 0 0 31 0 0 0 0 0 0 0 0 0 57 0 0 0 48 0 0 90 0 0 0 0 0 0 0 0 0 0 0 0 0 0 0 0 0 0 47 
0 0 0 0 0 2 72 0 0 21 0 0 0 0 0 63 0 0 0 0 0 0 0 0 0 0 38 0 0 0 0 0 0 0 0 0 0 97 0 0 0 0 0 0 0 0 0 0 0 0 0 0 79 0 0 0 93 0 0 0 0 0 0 0 0 0 0 0 0 0 0 0 17 0 0 29 0 0 0 0 0 0 0 0 0 0 17 16 35 0 0 0 0 0 0 0 0 0 0 0 
0 0 0 0 2 0 0 42 0 0 0 0 0 0 16 0 0 0 0 0 0 0 25 0 0 0 0 0 0 0 0 0 0 24 0 0 0 0 0 0 0 0 88 0 0 0 10 0 0 0 0 0 0 0 0 0 0 59 0 82 80 0 0 0 0 0 0 0 0 4 0 0 40 0 0 0 0 0 0 0 0 0 0 0 0 0 0 0 0 0 0 0 0 0 0 0 0 0 0 0 
0 77 0 89 72 0 0 0 0 0 0 0 0 0 0 17 0 0 0 0 13 0 38 0 0 0 0 71 0 0 0 0 0 0 0 0 0 0 0 0 0 0 0 0 0 0 0 0 0 0 0 0 0 0 0 0 0 0 0 0 0 0 0 0 0 0 0 0 43 0 0 0 0 0 0 0 0 0 0 0 0 65 0 0 75 0 0 0 0 0 0 0 50 0 0 0 49 18 58 0 
0 0 0 0 0 42 0 0 0 0 24 0 0 0 0 0 0 0 0 0 0 0 0 0 0 0 36 0 0 0 67 0 0 0 0 0 0 0 0 0 0 0 0 0 0 6 0 0 0 14 0 0 0 0 0 0 0 0 0 0 0 0 0 0 0 14 0 0 0 4 0 0 63 0 55 0 0 0 35 0 0 0 77 0 0 0 54 0 0 0 91 0 0 0 0 0 0 0 0 32 
69 0 0 0 0 0 0 0 0 0 0 0 0 0 0 0 0 0 0 0 0 0 0 0 0 0 0 0 0 0 0 71 0 0 0 0 0 0 0 0 0 0 0 0 0 0 91 13 0 0 0 0 0 0 40 55 0 0 0 29 0 0 0 0 24 0 0 0 0 0 0 0 57 0 0 0 0 28 0 89 0 0 0 0 0 0 0 0 0 0 0 0 0 0 0 28 0 90 0 0 
0 1 0 58 21 0 0 0 0 0 0 0 0 0 0 3 0 25 0 0 0 0 0 0 0 0 0 0 0 0 0 0 0 0 0 0 55 0 0 0 0 12 0 0 0 0 0 99 0 0 51 0 99 0 0 85 0 0 0 0 0 0 0 0 0 85 0 0 0 0 0 0 0 0 0 90 0 0 0 0 0 0 0 0 0 2 21 0 0 0 0 0 0 0 0 0 0 0 0 0 
73 0 0 0 0 0 0 24 0 0 0 0 0 0 94 0 0 0 72 0 0 42 0 0 0 0 0 0 26 13 12 0 0 0 0 0 0 0 0 0 0 0 0 0 0 0 0 0 0 41 0 0 0 0 0 0 99 0 31 0 0 0 0 0 0 0 0 0 1 0 0 0 0 0 71 0 0 0 0 0 93 0 0 0 0 0 0 0 0 46 0 0 0 0 0 0 0 0 0 0 
0 0 57 18 0 0 0 0 0 0 0 0 0 0 0 0 0 26 0 0 0 28 0 0 63 45 0 0 0 0 0 0 0 0 0 0 0 0 0 0 0 0 0 0 0 10 0 0 0 0 0 0 43 19 87 0 0 0 0 0 0 0 0 0 0 0 0 0 0 0 0 0 0 0 0 0 0 0 0 0 4 0 71 0 0 0 0 43 0 0 0 42 0 0 0 0 0 0 65 0 
0 0 0 0 0 0 0 0 0 0 0 0 0 0 0 0 0 68 24 0 0 0 0 0 0 0 0 0 0 0 0 0 0 0 15 0 0 0 0 0 0 0 90 0 0 0 0 0 0 0 0 0 0 0 0 0 0 0 0 0 22 0 0 0 0 0 39 0 0 0 0 0 0 0 0 0 0 0 0 0 0 0 0 0 91 0 0 49 0 0 59 0 0 0 48 35 91 0 0 0 
0 0 0 0 0 0 0 0 0 0 0 0 0 0 0 0 0 0 0 0 93 0 0 0 0 0 44 0 0 0 0 80 0 0 70 0 0 0 0 0 0 0 0 0 49 0 0 0 0 0 0 0 44 0 0 0 0 0 0 0 0 0 0 0 0 0 0 0 0 0 0 0 0 0 0 0 0 0 0 0 0 0 0 0 47 0 0 0 0 22 0 0 0 28 0 0 0 0 0 0 
0 0 0 0 0 16 0 0 0 0 94 0 0 0 0 82 12 0 0 0 0 0 0 0 0 16 53 0 0 0 0 0 0 0 0 86 0 0 0 0 0 0 78 0 44 8 0 0 0 0 0 8 0 0 0 0 0 56 0 0 0 0 0 0 0 0 0 0 24 0 37 0 2 0 0 0 0 0 0 0 0 0 0 0 0 0 0 0 0 0 0 0 0 0 0 0 0 0 0 0 
0 0 0 0 63 0 17 0 0 3 0 0 0 0 82 0 61 0 0 0 0 0 0 0 100 0 0 59 0 0 0 0 0 0 63 0 0 0 0 0 0 0 0 50 0 0 0 0 0 0 0 69 0 0 0 0 0 100 26 0 0 80 0 0 0 0 0 0 0 0 0 0 0 0 0 0 0 0 0 0 96 0 0 0 0 0 0 0 96 0 0 0 0 0 0 0 0 0 0 0 
98 20 0 0 0 0 0 0 0 0 0 0 0 0 12 61 0 0 7 0 0 99 0 0 0 0 0 0 0 0 3 0 0 0 0 0 0 76 46 0 34 0 0 0 0 0 0 0 0 0 0 0 70 0 0 0 0 0 0 80 92 0 0 37 0 0 0 0 0 0 0 0 0 0 0 0 0 0 0 0 0 0 0 0 0 0 0 0 0 0 0 0 0 0 0 13 0 0 0 0 
0 0 0 0 0 0 0 0 0 25 0 26 68 0 0 0 0 0 0 0 0 0 0 0 98 0 0 0 0 0 0 0 0 0 0 32 0 0 0 0 0 0 0 0 0 0 0 0 0 0 0 0 0 0 0 46 0 0 0 0 26 0 0 0 0 0 0 0 0 0 0 0 0 0 0 0 0 0 0 0 0 0 0 0 0 0 0 0 0 0 0 38 0 0 0 49 0 0 0 66 
0 0 0 0 0 0 0 0 0 0 72 0 24 0 0 0 7 0 0 0 0 34 0 0 0 0 0 0 0 51 0 0 0 0 0 0 0 0 0 37 15 0 0 0 24 0 0 0 0 1 0 0 0 0 0 0 0 0 0 0 83 0 0 0 0 0 0 0 47 0 0 57 85 0 0 0 96 0 0 0 0 0 0 0 0 0 0 0 0 0 0 3 0 0 0 0 0 0 0 0 
0 68 0 0 0 0 0 0 0 0 0 0 0 0 0 0 0 0 0 0 0 0 0 0 66 0 0 0 0 0 0 0 0 0 0 68 0 0 95 71 0 0 0 64 0 0 0 0 0 0 0 0 0 0 4 0 52 0 76 0 0 0 13 0 0 0 0 0 0 0 0 0 0 0 12 40 30 0 0 0 0 0 0 0 0 0 0 0 0 86 0 0 0 0 0 0 0 0 48 0 
0 0 0 0 0 0 13 0 0 0 0 0 0 93 0 0 0 0 0 0 0 0 0 0 0 0 0 85 0 0 0 0 0 0 0 0 0 0 0 0 0 0 0 41 0 0 0 0 0 0 0 0 0 0 0 0 0 0 0 0 0 0 0 0 0 0 0 33 0 0 0 0 0 85 0 0 0 0 53 0 0 0 0 0 22 0 0 0 0 0 0 0 93 0 0 0 42 0 0 0 
44 0 0 0 0 0 0 0 0 0 42 28 0 0 0 0 99 0 34 0 0 0 56 0 0 0 0 0 0 0 0 0 0 0 0 0 0 0 0 0 22 0 0 0 68 0 0 0 0 0 0 52 0 0 0 0 0 0 32 0 0 0 77 0 0 0 0 0 0 0 81 0 0 0 0 0 0 0 0 0 0 0 0 96 26 0 0 0 0 0 0 0 0 0 0 0 0 20 0 0 
0 73 0 0 0 25 38 0 0 0 0 0 0 0 0 0 0 0 0 0 0 56 0 0 0 0 0 0 0 0 0 26 0 0 0 0 0 0 0 15 0 0 0 0 0 0 0 0 0 0 0 0 0 0 0 0 0 0 0 0 0 0 0 47 0 32 0 0 0 91 0 25 0 0 0 0 0 56 29 67 0 0 0 0 0 0 0 0 68 20 0 0 0 0 0 0 0 0 0 0 
0 99 0 0 0 0 0 0 0 0 0 0 0 0 0 0 0 0 0 0 0 0 0 0 0 0 0 96 0 0 86 0 0 0 0 0 0 0 0 0 0 0 0 0 0 0 0 0 0 0 0 0 0 0 0 0 0 0 0 0 0 0 1 30 37 0 0 0 100 0 0 0 0 0 0 53 0 0 0 0 0 0 0 0 0 0 0 0 0 0 92 0 0 0 96 7 0 90 0 0 
0 0 4 0 0 0 0 0 0 0 0 63 0 0 0 100 0 98 0 66 0 0 0 0 0 0 0 0 0 0 0 0 96 0 0 0 0 0 0 0 0 0 0 0 0 0 0 0 0 0 0 0 0 0 0 0 0 0 0 0 0 0 61 0 0 0 0 0 0 0 0 0 0 0 0 0 21 41 0 17 0 66 0 0 80 0 0 0 0 5 0 0 0 0 0 0 0 0 0 0 
52 0 0 0 0 0 0 0 0 0 0 45 0 0 16 0 0 0 0 0 0 0 0 0 0 0 31 0 0 0 0 74 0 0 0 0 0 0 0 0 18 0 0 0 0 0 0 0 34 0 0 71 0 0 0 0 0 0 88 0 0 0 0 0 98 0 0 0 0 0 0 30 0 0 0 0 0 0 0 0 66 0 0 0 0 96 0 78 0 0 33 0 0 0 0 0 0 0 0 0 
0 0 0 0 38 0 0 36 0 0 0 0 0 44 53 0 0 0 0 0 0 0 0 0 0 31 0 0 0 0 0 0 0 0 0 0 0 0 48 80 4 0 0 95 0 0 0 0 0 8 0 0 0 0 76 0 0 0 0 0 0 0 0 0 0 0 0 0 0 0 0 0 0 0 0 0 0 0 0 0 83 0 0 0 0 92 63 95 0 0 0 0 0 0 0 0 0 0 0 0 
0 12 0 0 0 0 71 0 0 0 0 0 0 0 0 59 0 0 0 0 85 0 0 96 0 0 0 0 0 20 0 0 0 12 62 0 0 0 14 0 0 0 0 0 0 0 85 0 43 0 0 0 48 0 0 0 0 0 0 0 0 0 0 0 0 0 0 0 49 0 0 0 0 0 0 0 0 0 0 0 0 0 0 0 100 0 0 0 0 0 0 0 0 0 0 0 70 0 0 0 
0 59 0 87 0 0 0 0 0 0 26 0 0 0 0 0 0 0 0 0 0 0 0 0 0 0 0 0 0 0 0 0 0 0 80 0 0 0 0 0 0 0 0 8 0 0 0 0 0 0 0 0 0 0 0 0 0 51 0 0 0 0 32 0 0 0 0 0 0 47 0 0 66 0 0 0 44 12 25 40 47 0 0 0 0 0 0 0 71 0 0 0 0 0 0 0 0 0 0 0 
0 0 0 0 0 0 0 0 0 0 13 0 0 0 0 0 0 0 51 0 0 0 0 0 0 0 0 20 0 0 0 50 0 0 0 0 93 0 0 0 0 0 0 0 1 0 0 0 0 0 68 0 0 11 0 0 0 0 0 0 0 0 0 5 12 0 0 23 0 0 0 0 0 0 0 88 18 0 0 0 0 0 0 0 14 0 0 0 0 0 0 0 28 0 0 0 0 0 0 0 
0 0 0 0 0 0 0 67 0 0 12 0 0 0 0 0 3 0 0 0 0 0 0 86 0 0 0 0 0 0 0 0 0 0 0 0 0 0 0 0 0 0 0 0 0 0 0 0 0 0 0 0 0 0 0 0 66 0 0 0 30 0 0 0 0 0 0 60 100 0 0 0 0 0 0 59 0 0 0 0 0 0 0 0 0 0 0 0 0 0 81 0 0 0 0 98 0 0 0 0 
0 0 0 0 0 0 0 0 71 0 0 0 0 80 0 0 0 0 0 0 0 0 26 0 0 74 0 0 0 50 0 0 0 0 0 0 0 0 0 0 0 0 0 0 0 28 0 0 0 0 0 0 0 12 0 0 49 0 0 0 0 16 0 0 0 18 0 0 32 0 3 0 0 0 0 0 0 0 0 0 0 0 0 0 79 60 0 36 0 0 0 0 0 0 0 0 0 0 0 0 
0 0 0 79 0 0 0 0 0 0 0 0 0 0 0 0 0 0 0 0 0 0 0 0 96 0 0 0 0 0 0 0 0 0 0 0 0 0 0 0 99 0 24 0 4 0 0 0 0 0 0 0 1 0 0 0 0 0 0 0 0 0 0 0 0 0 0 0 0 21 0 0 0 0 68 0 58 0 19 0 0 0 84 0 0 29 0 0 43 0 19 0 0 0 0 0 46 0 0 0 
0 0 0 10 0 24 0 0 0 0 0 0 0 0 0 0 0 0 0 0 0 0 0 0 0 0 0 12 0 0 0 0 0 0 85 0 0 0 90 0 0 0 40 0 0 0 0 0 0 0 9 0 0 37 0 28 0 0 0 0 0 0 0 0 0 0 0 0 0 0 0 0 0 0 10 0 0 0 0 0 0 0 0 0 0 2 0 0 0 0 7 0 0 0 0 0 0 0 0 76 
0 0 0 0 0 0 0 0 0 0 0 0 15 70 0 63 0 0 0 0 0 0 0 0 0 0 0 62 80 0 0 0 0 85 0 0 0 0 27 49 0 0 50 0 0 0 0 0 0 0 0 0 0 37 0 0 0 0 0 0 0 0 77 0 0 0 12 0 0 0 0 0 90 0 0 0 0 0 0 0 0 0 0 0 0 0 0 0 0 72 0 0 0 0 0 0 0 0 53 0 
0 0 0 0 0 0 0 0 0 0 0 0 0 0 86 0 0 32 0 68 0 0 0 0 0 0 0 0 0 0 0 0 0 0 0 0 27 0 0 0 0 0 0 0 0 0 0 0 0 0 0 0 0 0 0 0 0 0 0 0 0 0 0 1 0 0 0 0 0 0 0 0 0 0 0 0 0 83 92 0 80 0 98 99 0 0 0 0 0 0 0 0 0 94 0 0 0 0 0 0 
86 0 0 0 0 0 0 0 0 55 0 0 0 0 0 0 0 0 0 0 0 0 0 0 0 0 0 0 0 93 0 0 0 0 0 27 0 0 0 0 0 48 0 0 85 18 0 0 0 0 0 0 0 0 0 0 0 0 70 0 21 0 0 0 0 0 0 0 0 0 0 0 93 33 0 0 0 0 0 0 0 50 0 0 0 0 0 0 0 0 0 0 0 0 69 0 0 61 92 0 
0 81 0 0 97 0 0 0 0 0 0 0 0 0 0 0 76 0 0 0 0 0 0 0 0 0 0 0 0 0 0 0 0 0 0 0 0 0 0 0 15 93 0 0 0 0 0 0 0 0 0 0 0 0 0 59 82 0 0 0 0 0 0 0 0 0 0 0 0 0 0 0 0 0 0 0 0 0 0 0 0 0 0 0 0 0 0 0 0 0 0 0 3 0 0 0 0 0 0 0 
0 0 0 0 0 0 0 0 0 0 0 0 0 0 0 0 46 0 0 95 0 0 0 0 0 0 48 14 0 0 0 0 0 90 27 0 0 0 0 0 79 77 0 0 0 0 0 0 66 49 0 0 0 0 0 0 0 0 0 0 0 0 0 0 0 0 0 33 0 41 0 16 0 0 0 0 84 0 0 0 0 0 0 0 0 0 0 0 0 0 0 0 0 0 0 0 0 0 0 0 
0 0 0 7 0 0 0 0 0 0 0 0 0 0 0 0 0 0 37 71 0 0 15 0 0 0 80 0 0 0 0 0 0 0 49 0 0 0 0 0 60 0 0 0 0 0 0 0 0 81 85 0 0 0 0 0 0 21 0 0 0 0 0 66 0 0 0 0 0 0 10 0 0 0 0 0 0 0 0 0 0 0 0 9 0 0 0 32 0 12 0 0 0 0 0 0 0 0 0 0 
0 0 0 0 0 0 0 0 0 0 0 0 0 0 0 0 34 0 15 0 0 22 0 0 0 18 4 0 0 0 0 0 99 0 0 0 0 15 79 60 0 0 0 0 0 0 0 16 44 0 0 0 0 0 0 0 0 0 0 0 0 0 0 71 0 0 0 0 0 0 0 0 0 0 0 0 0 41 0 0 0 77 0 0 0 0 0 0 0 0 55 0 0 0 0 0 0 0 0 0 
0 0 13 0 0 0 0 0 0 12 0 0 0 0 0 0 0 0 0 0 0 0 0 0 0 0 0 0 0 0 0 0 0 0 0 0 48 93 77 0 0 0 0 0 0 89 0 0 16 0 28 0 0 0 0 0 0 0 0 0 0 0 0 0 51 0 0 47 0 23 0 18 0 0 0 0 0 0 0 0 36 0 0 0 0 0 0 97 0 0 0 0 0 0 0 0 0 0 29 0 
0 0 0 0 0 88 0 0 0 0 0 0 90 0 78 0 0 0 0 0 0 0 0 0 0 0 0 0 0 0 0 0 24 40 50 0 0 0 0 0 0 0 0 0 0 0 91 0 54 0 0 0 0 0 0 0 0 0 0 12 0 50 0 0 0 0 0 0 0 0 0 0 0 0 0 0 0 0 0 0 0 0 0 0 0 0 0 0 0 0 0 0 0 7 0 0 23 69 0 0 
0 0 0 0 0 0 0 0 0 0 0 0 0 0 0 50 0 0 0 64 41 0 0 0 0 0 95 0 8 0 0 0 0 0 0 0 0 0 0 0 0 0 0 0 52 0 47 0 0 0 0 0 0 0 0 0 0 29 0 26 0 56 0 0 0 0 0 0 0 2 0 0 0 0 0 0 0 0 0 0 0 0 0 0 0 0 46 0 48 0 0 50 0 0 0 0 0 0 0 89 
0 0 0 0 0 0 0 0 0 0 0 0 0 49 44 0 0 0 24 0 0 68 0 0 0 0 0 0 0 1 0 0 4 0 0 0 85 0 0 0 0 0 0 52 0 0 0 0 0 0 0 0 0 0 0 0 0 0 0 0 0 0 0 0 0 0 0 0 0 0 0 0 0 0 25 0 71 0 0 0 0 0 0 0 0 41 0 0 0 0 0 0 0 0 0 0 0 0 0 0 
0 0 0 0 0 0 0 6 0 0 0 10 0 0 8 0 0 0 0 0 0 0 0 0 0 0 0 0 0 0 0 28 0 0 0 0 18 0 0 0 0 89 0 0 0 0 0 0 0 0 0 0 0 0 0 0 92 0 0 0 0 0 0 0 0 0 56 0 0 0 0 33 0 0 0 0 0 0 0 0 0 0 0 0 0 0 0 0 0 0 0 0 0 59 0 31 13 0 0 0 
0 0 0 0 0 10 0 0 91 0 0 0 0 0 0 0 0 0 0 0 0 0 0 0 0 0 0 85 0 0 0 0 0 0 0 0 0 0 0 0 0 0 91 47 0 0 0 0 47 54 0 0 0 58 0 0 0 0 0 0 0 0 0 0 64 0 0 0 38 37 0 0 0 11 22 0 0 0 0 0 0 0 0 0 0 0 0 0 0 0 0 0 0 0 13 0 0 0 100 0 
0 0 0 0 0 0 0 0 13 99 0 0 0 0 0 0 0 0 0 0 0 0 0 0 0 0 0 0 0 0 0 0 0 0 0 0 0 0 0 0 16 0 0 0 0 0 0 0 0 0 0 0 0 0 0 0 97 8 0 0 0 0 0 0 0 0 0 0 0 0 0 0 0 0 0 0 0 0 0 0 0 65 0 0 0 0 0 0 0 0 0 0 0 0 16 12 0 96 0 0 
0 0 0 33 0 0 0 0 0 0 0 0 0 0 0 0 0 0 0 0 0 0 0 0 0 34 0 43 0 0 0 0 0 0 0 0 0 0 66 0 44 16 54 0 0 0 47 0 0 87 49 0 0 0 0 0 0 0 0 31 0 0 0 37 0 0 0 0 0 0 0 0 0 0 0 0 0 0 0 0 0 0 0 0 0 0 0 0 0 0 0 85 0 0 1 0 0 82 0 0 
0 0 0 0 0 0 0 14 0 0 41 0 0 0 0 0 0 0 1 0 0 0 0 0 0 0 8 0 0 0 0 0 0 0 0 0 0 0 49 81 0 0 0 0 0 0 54 0 87 0 0 0 0 0 0 0 25 0 0 0 0 0 0 0 7 0 0 63 44 0 0 0 36 0 0 0 0 0 0 0 0 0 0 0 0 0 61 0 0 0 94 0 0 0 0 0 0 0 0 0 
0 0 84 0 0 0 0 0 0 51 0 0 0 0 0 0 0 0 0 0 0 0 0 0 0 0 0 0 0 68 0 0 0 9 0 0 0 0 0 85 0 28 0 0 0 0 0 0 49 0 0 22 97 0 49 0 0 0 0 0 0 55 0 0 0 0 0 0 0 0 93 0 0 0 0 0 0 16 0 0 0 69 0 0 0 0 0 27 0 0 0 0 0 0 0 0 0 0 0 0 
0 0 0 0 0 0 0 0 0 0 0 0 0 0 8 69 0 0 0 0 0 52 0 0 0 71 0 0 0 0 0 0 0 0 0 0 0 0 0 0 0 0 0 0 0 0 0 0 0 0 22 0 0 44 0 0 0 0 0 0 0 12 31 0 0 22 0 0 0 0 46 73 0 0 40 0 0 0 0 0 3 0 0 0 86 0 0 0 0 65 0 0 0 0 0 0 0 0 0 0 
60 0 0 0 79 0 0 0 0 99 0 43 0 44 0 0 70 0 0 0 0 0 0 0 0 0 0 48 0 0 0 0 1 0 0 0 0 0 0 0 0 0 0 0 0 0 0 0 0 0 97 0 0 0 0 0 0 0 0 0 0 0 0 0 73 0 0 0 0 11 73 0 0 0 0 0 0 85 0 0 0 0 0 0 0 0 0 50 0 0 0 0 0 0 0 0 0 0 0 0 
0 0 0 0 0 0 0 0 0 0 0 19 0 0 0 0 0 0 0 0 0 0 0 0 0 0 0 0 0 11 0 12 0 37 37 0 0 0 0 0 0 0 0 0 0 0 58 0 0 0 0 44 0 0 0 0 0 0 0 0 0 0 0 0 40 92 0 0 0 0 0 0 0 0 0 0 0 0 0 0 0 0 0 0 0 0 0 0 0 0 56 0 0 0 0 0 0 40 0 0 
0 99 0 29 0 0 0 0 40 0 0 87 0 0 0 0 0 0 0 4 0 0 0 0 0 0 76 0 0 0 0 0 0 0 0 0 0 0 0 0 0 0 0 0 0 0 0 0 0 0 49 0 0 0 0 0 0 0 0 0 0 17 79 27 0 0 0 0 93 0 0 53 0 0 0 0 0 0 0 26 0 96 0 0 0 0 0 0 0 0 0 0 0 0 0 94 0 0 0 0 
0 0 0 0 0 0 0 0 55 85 0 0 0 0 0 0 0 46 0 0 0 0 0 0 0 0 0 0 0 0 0 0 0 28 0 0 0 59 0 0 0 0 0 0 0 0 0 0 0 0 0 0 0 0 0 0 0 0 0 96 0 35 0 84 0 0 0 40 0 0 0 0 0 0 0 0 0 0 82 0 0 0 40 0 46 81 0 0 0 0 0 0 0 0 0 0 0 0 86 81 
0 0 0 0 93 0 0 0 0 0 99 0 0 0 0 0 0 0 0 52 0 0 0 0 0 0 0 0 0 0 66 49 0 0 0 0 0 82 0 0 0 0 0 0 0 92 0 97 0 25 0 0 0 0 0 0 0 0 23 0 0 0 0 0 0 0 0 0 0 4 0 0 0 0 0 0 0 0 0 0 0 0 0 0 0 0 0 0 0 0 0 0 0 0 63 0 0 0 0 0 
0 0 0 0 0 59 0 0 0 0 0 0 0 0 56 100 0 0 0 0 0 0 0 0 0 0 0 0 51 0 0 0 0 0 0 0 0 0 0 21 0 0 0 29 0 0 0 8 0 0 0 0 0 0 0 0 0 0 73 0 0 0 0 0 32 0 0 0 0 0 0 0 49 0 0 0 0 0 42 52 0 0 0 0 9 0 0 0 0 81 0 0 0 0 0 0 0 0 0 0 
0 0 33 0 0 0 0 0 0 0 31 0 0 0 0 26 0 0 0 76 0 32 0 0 0 88 0 0 0 0 0 0 0 0 0 0 70 0 0 0 0 0 0 0 0 0 0 0 0 0 0 0 0 0 0 0 23 73 0 6 0 0 0 0 0 0 0 0 0 0 0 0 0 12 37 0 0 0 0 0 0 16 0 0 0 0 0 0 0 0 0 0 0 2 0 0 0 0 58 0 
0 0 0 0 0 82 0 0 29 0 0 0 0 0 0 0 80 0 0 0 0 0 0 0 0 0 0 0 0 0 0 0 0 0 0 0 0 0 0 0 0 0 12 26 0 0 0 0 31 0 0 0 0 0 0 96 0 0 6 0 0 0 0 0 0 0 53 0 0 0 0 0 0 0 0 23 73 0 0 70 0 0 0 0 81 0 11 0 0 0 0 0 0 0 12 0 0 0 0 0 
69 0 0 35 0 80 0 0 0 0 0 0 22 0 0 0 92 26 83 0 0 0 0 0 0 0 0 0 0 0 30 0 0 0 0 0 21 0 0 0 0 0 0 0 0 0 0 0 0 0 0 0 0 0 0 0 0 0 0 0 0 0 0 0 0 0 0 35 0 0 0 0 0 0 0 0 0 25 0 0 0 0 0 0 0 0 0 65 0 0 58 0 0 0 0 0 0 87 0 0 
0 0 0 0 0 0 0 0 0 0 0 0 0 0 0 80 0 0 0 0 0 0 0 0 0 0 0 0 0 0 0 16 0 0 0 0 0 0 0 0 0 0 50 56 0 0 0 0 0 0 55 12 0 0 17 35 0 0 0 0 0 0 0 0 0 0 0 0 0 54 0 0 0 0 0 0 0 0 0 0 0 0 58 0 0 0 3 0 0 0 0 12 0 0 0 68 0 0 0 0 
0 0 0 0 0 0 0 0 0 0 0 0 0 0 0 0 0 0 0 13 0 77 0 1 61 0 0 0 32 0 0 0 0 0 77 0 0 0 0 0 0 0 0 0 0 0 0 0 0 0 0 31 0 0 79 0 0 0 0 0 0 0 0 0 0 0 0 17 0 0 0 0 0 0 28 0 0 0 0 0 33 0 0 87 0 44 0 0 92 0 0 0 0 0 0 60 0 0 0 0 
0 0 0 31 0 0 0 0 0 0 0 0 0 0 0 0 37 0 0 0 0 0 47 30 0 0 0 0 0 5 0 0 0 0 0 1 0 0 0 66 71 0 0 0 0 0 0 0 37 0 0 0 0 0 27 84 0 0 0 0 0 0 0 0 0 0 0 0 0 0 13 0 0 0 0 11 0 0 0 0 0 0 0 0 0 40 0 0 13 0 0 0 0 0 0 0 0 0 0 0 
0 0 0 0 0 0 0 0 24 0 0 0 0 0 0 0 0 0 0 0 0 0 0 37 0 98 0 0 0 12 0 0 0 0 0 0 0 0 0 0 0 51 0 0 0 0 64 0 0 7 0 0 73 40 0 0 0 32 0 0 0 0 0 0 0 99 0 50 0 38 0 0 0 0 0 0 0 0 0 0 0 0 0 54 0 0 0 0 0 0 0 0 0 0 0 0 0 0 59 0 
0 0 51 0 0 0 0 14 0 85 0 0 0 0 0 0 0 0 0 0 0 0 32 0 0 0 0 0 0 0 0 18 0 0 0 0 0 0 0 0 0 0 0 0 0 0 0 0 0 0 0 22 0 92 0 0 0 0 0 0 0 0 0 0 99 0 0 0 0 0 0 0 0 0 0 0 0 0 0 0 0 0 0 0 0 0 0 0 0 0 0 0 0 0 0 0 0 0 0 0 
0 0 84 0 0 0 0 0 0 0 0 0 39 0 0 0 0 0 0 0 0 0 0 0 0 0 0 0 0 0 0 0 0 0 12 0 0 0 0 0 0 0 0 0 0 56 0 0 0 0 0 0 0 0 0 0 0 0 0 53 0 0 0 0 0 0 0 0 0 0 0 0 0 0 0 0 91 0 0 0 0 0 0 0 0 0 0 0 22 0 0 38 0 0 0 0 0 0 0 47 
0 0 78 0 0 0 0 0 0 0 0 0 0 0 0 0 0 0 0 0 33 0 0 0 0 0 0 0 0 23 60 0 0 0 0 0 0 0 33 0 0 47 0 0 0 0 0 0 0 63 0 0 0 0 0 40 0 0 0 0 35 0 17 0 50 0 0 0 0 0 0 0 0 0 0 0 0 0 0 0 0 0 0 0 0 0 49 0 0 0 0 0 0 0 97 0 0 0 0 0 
0 0 0 0 0 0 43 0 0 0 1 0 0 0 24 0 0 0 47 0 0 0 0 100 0 0 0 49 0 0 100 32 0 0 0 0 0 0 0 0 0 0 0 0 0 0 38 0 0 44 0 0 0 0 93 0 0 0 0 0 0 0 0 0 0 0 0 0 0 0 0 0 0 0 0 0 0 0 91 0 0 0 0 0 0 0 0 0 0 0 86 0 0 0 65 72 0 0 0 0 
0 0 0 0 0 4 0 4 0 0 0 0 0 0 0 0 0 0 0 0 0 0 91 0 0 0 0 0 47 0 0 0 21 0 0 0 0 0 41 0 0 23 0 2 0 0 37 0 0 0 0 0 11 0 0 0 4 0 0 0 0 54 0 0 38 0 0 0 0 0 0 0 0 0 0 0 0 0 0 0 0 0 0 0 0 0 50 0 6 0 0 0 0 0 0 0 0 0 0 0 
0 0 0 0 0 0 0 0 0 0 0 0 0 0 37 0 0 0 0 0 0 81 0 0 0 0 0 0 0 0 0 3 0 0 0 0 0 0 0 10 0 0 0 0 0 0 0 0 0 0 93 46 73 0 0 0 0 0 0 0 0 0 0 13 0 0 0 0 0 0 0 0 0 0 0 0 0 0 0 0 0 39 0 0 0 0 0 0 0 0 0 73 0 0 0 0 0 0 0 0 
0 13 0 0 0 0 0 0 0 0 0 0 0 0 0 0 0 0 57 0 0 0 25 0 0 30 0 0 0 0 0 0 0 0 0 0 0 0 16 0 0 18 0 0 0 33 0 0 0 0 0 73 0 0 53 0 0 0 0 0 0 0 0 0 0 0 0 0 0 0 0 0 0 0 0 0 99 0 0 0 26 10 14 0 0 0 0 0 0 0 0 0 0 61 0 0 0 0 12 0 
0 0 0 0 17 40 0 63 57 0 0 0 0 0 2 0 0 0 85 0 0 0 0 0 0 0 0 0 66 0 0 0 0 0 90 0 93 0 0 0 0 0 0 0 0 0 0 0 0 36 0 0 0 0 0 0 0 49 0 0 0 0 0 0 0 0 0 0 0 0 0 0 0 45 0 0 0 0 0 50 0 0 0 0 0 0 0 0 0 0 0 48 0 0 0 0 0 0 0 0 
0 0 0 57 0 0 0 0 0 0 0 0 0 0 0 0 0 0 0 0 85 0 0 0 0 0 0 0 0 0 0 0 0 0 0 0 33 0 0 0 0 0 0 0 0 0 11 0 0 0 0 0 0 0 0 0 0 0 12 0 0 0 0 0 0 0 0 0 0 0 0 0 45 0 0 0 0 0 0 0 60 0 36 83 0 0 0 80 5 18 0 0 0 0 0 0 42 50 0 0 
0 0 0 0 0 0 0 55 0 0 71 0 0 0 0 0 0 0 0 12 0 0 0 0 0 0 0 0 0 0 0 0 68 10 0 0 0 0 0 0 0 0 0 0 25 0 22 0 0 0 0 40 0 0 0 0 0 0 37 0 0 0 28 0 0 0 0 0 0 0 0 0 0 0 0 0 0 0 10 0 0 0 0 0 0 0 0 0 0 0 0 67 0 90 0 0 30 49 0 0 
0 0 0 0 29 0 0 0 0 90 0 0 0 0 0 0 0 0 0 40 0 0 0 53 0 0 0 0 0 88 59 0 0 0 0 0 0 0 0 0 0 0 0 0 0 0 0 0 0 0 0 0 0 0 0 0 0 0 0 23 0 0 0 11 0 0 0 0 0 0 0 0 0 0 0 0 0 0 0 0 0 28 0 0 0 0 0 0 0 0 0 0 0 0 69 0 0 0 0 0 
0 0 0 0 0 0 0 0 0 0 0 0 0 0 0 0 0 0 96 30 0 0 0 0 21 0 0 0 44 18 0 0 58 0 0 0 0 0 84 0 0 0 0 0 71 0 0 0 0 0 0 0 0 0 0 0 0 0 0 73 0 0 0 0 0 0 91 0 0 0 0 99 0 0 0 0 0 0 0 32 0 0 0 0 76 0 0 0 0 0 0 0 0 0 0 0 0 32 0 40 
0 68 0 48 0 0 0 0 28 0 0 0 0 0 0 0 0 0 0 0 0 0 56 0 41 0 0 0 12 0 0 0 0 0 0 83 0 0 0 0 41 0 0 0 0 0 0 0 0 0 16 0 85 0 0 0 0 0 0 0 25 0 0 0 0 0 0 0 0 0 0 0 0 0 0 0 0 0 0 0 0 0 0 0 0 0 0 54 0 0 0 27 0 29 0 0 0 0 53 0 
0 5 0 0 0 0 0 35 0 0 0 0 0 0 0 0 0 0 0 0 53 0 29 0 0 0 0 0 25 0 0 0 19 0 0 92 0 0 0 0 0 0 0 0 0 0 0 0 0 0 0 0 0 0 0 82 0 42 0 0 0 0 0 0 0 0 0 0 91 0 0 0 0 0 10 0 0 0 0 0 0 0 0 0 0 0 86 0 50 0 24 0 0 0 0 0 0 0 0 33 
0 0 0 0 0 0 0 0 89 0 0 0 0 0 0 0 0 0 0 0 0 0 67 0 17 0 0 0 40 0 0 0 0 0 0 0 0 0 0 0 0 0 0 0 0 0 0 0 0 0 0 0 0 0 26 0 0 52 0 70 0 0 0 0 0 0 0 0 0 0 0 0 50 0 0 0 32 0 0 0 0 0 0 0 0 0 0 0 0 17 0 0 0 0 0 0 34 0 0 0 
0 0 0 90 0 0 0 0 0 0 93 4 0 0 0 96 0 0 0 0 0 0 0 0 0 66 83 0 47 0 0 0 0 0 0 80 0 0 0 0 0 36 0 0 0 0 0 0 0 0 0 3 0 0 0 0 0 0 0 0 0 0 33 0 0 0 0 0 0 0 0 26 0 60 0 0 0 0 0 0 0 5 0 0 0 0 0 0 0 0 0 7 0 0 0 0 0 0 0 0 
0 22 0 0 0 0 65 0 0 0 0 0 0 0 0 0 0 0 0 0 0 0 0 0 66 0 0 0 0 0 0 0 0 0 0 0 50 0 0 0 77 0 0 0 0 0 0 65 0 0 69 0 0 0 96 0 0 0 16 0 0 0 0 0 0 0 0 0 0 0 39 10 0 0 0 28 0 0 0 0 5 0 0 0 0 0 0 0 0 0 0 65 0 0 0 0 0 0 0 0 
0 0 0 0 0 0 0 77 0 0 0 71 0 0 0 0 0 0 0 0 0 0 0 0 0 0 0 0 0 0 0 0 84 0 0 98 0 0 0 0 0 0 0 0 0 0 0 0 0 0 0 0 0 0 0 40 0 0 0 0 0 58 0 0 0 0 0 0 0 0 0 14 0 36 0 0 0 0 0 0 0 0 0 0 0 82 0 0 0 0 22 90 93 18 0 0 77 0 0 0 
0 0 0 0 0 0 0 0 0 0 0 0 0 0 0 0 0 0 0 0 0 96 0 0 0 0 0 0 0 0 0 0 0 0 0 99 0 0 0 9 0 0 0 0 0 0 0 0 0 0 0 0 0 0 0 0 0 0 0 0 0 0 87 0 54 0 0 0 0 0 0 0 0 83 0 0 0 0 0 0 0 0 0 0 0 92 91 0 0 0 0 0 0 0 0 0 0 0 0 0 
0 0 61 0 0 0 75 0 0 0 0 0 91 47 0 0 0 0 0 0 22 26 0 0 80 0 0 100 0 14 0 79 0 0 0 0 0 0 0 0 0 0 0 0 0 0 0 0 0 0 0 86 0 0 0 46 0 9 0 81 0 0 0 0 0 0 0 0 0 0 0 0 0 0 0 0 76 0 0 0 0 0 0 0 0 0 0 0 0 0 0 0 0 0 0 0 0 0 0 0 
0 0 7 0 0 0 0 0 0 2 0 0 0 0 0 0 0 0 0 0 0 0 0 0 0 96 92 0 0 0 0 60 29 2 0 0 0 0 0 0 0 0 0 0 41 0 0 0 0 0 0 0 0 0 0 81 0 0 0 0 0 0 44 40 0 0 0 0 0 0 0 0 0 0 0 0 0 0 0 0 0 0 82 92 0 0 0 0 75 0 0 0 0 0 0 0 0 0 48 0 
0 0 0 0 17 0 0 54 0 21 0 0 0 0 0 0 0 0 0 0 0 0 0 0 0 0 63 0 0 0 0 0 0 0 0 0 0 0 0 0 0 0 0 46 0 0 0 0 0 61 0 0 0 0 0 0 0 0 0 11 0 3 0 0 0 0 0 49 0 50 0 0 0 0 0 0 0 0 86 0 0 0 0 91 0 0 0 0 0 0 0 0 0 66 0 0 0 0 0 72 
0 0 0 0 16 0 0 0 0 0 0 43 49 0 0 0 0 0 0 0 0 0 0 0 0 78 95 0 0 0 0 36 0 0 0 0 0 0 0 32 0 97 0 0 0 0 0 0 0 0 27 0 50 0 0 0 0 0 0 0 65 0 0 0 0 0 0 0 0 0 0 0 0 80 0 0 0 54 0 0 0 0 0 0 0 0 0 0 49 0 0 0 0 0 0 0 0 0 12 0 
0 0 0 0 35 0 0 0 0 0 0 0 0 0 0 96 0 0 0 0 0 0 68 0 0 0 0 0 71 0 0 0 43 0 0 0 0 0 0 0 0 0 0 48 0 0 0 0 0 0 0 0 0 0 0 0 0 0 0 0 0 0 92 13 0 0 22 0 0 6 0 0 0 5 0 0 0 0 50 0 0 0 0 0 0 75 0 49 0 0 0 0 7 0 0 0 0 0 0 0 
0 0 0 0 0 0 0 0 0 0 46 0 0 22 0 0 0 0 0 86 0 0 20 0 5 0 0 0 0 0 0 0 0 0 72 0 0 0 0 12 0 0 0 0 0 0 0 0 0 0 0 65 0 0 0 0 0 81 0 0 0 0 0 0 0 0 0 0 0 0 0 0 0 18 0 0 0 0 0 17 0 0 0 0 0 0 0 0 0 0 0 0 0 0 0 0 0 0 0 0 
0 0 0 0 0 0 0 91 0 0 0 0 59 0 0 0 0 0 0 0 0 0 0 92 0 33 0 0 0 0 81 0 19 7 0 0 0 0 0 0 55 0 0 0 0 0 0 0 0 94 0 0 0 56 0 0 0 0 0 0 58 0 0 0 0 0 0 0 86 0 0 0 0 0 0 0 0 0 24 0 0 0 22 0 0 0 0 0 0 0 0 0 0 0 0 0 0 0 0 5 
0 0 0 0 0 0 0 0 0 0 0 42 0 0 0 0 0 38 3 0 0 0 0 0 0 0 0 0 0 0 0 0 0 0 0 0 0 0 0 0 0 0 0 50 0 0 0 0 85 0 0 0 0 0 0 0 0 0 0 0 0 12 0 0 0 0 38 0 0 0 73 0 48 0 67 0 0 27 0 0 7 65 90 0 0 0 0 0 0 0 0 0 0 0 45 0 0 0 0 0 
9 0 0 0 0 0 50 0 0 0 0 0 0 0 0 0 0 0 0 0 93 0 0 0 0 0 0 0 0 28 0 0 0 0 0 0 0 3 0 0 0 0 0 0 0 0 0 0 0 0 0 0 0 0 0 0 0 0 0 0 0 0 0 0 0 0 0 0 0 0 0 0 0 0 0 0 0 0 0 0 0 0 93 0 0 0 0 0 7 0 0 0 0 0 0 0 0 46 0 0 
0 0 0 0 0 0 0 0 0 0 0 0 0 28 0 0 0 0 0 0 0 0 0 0 0 0 0 0 0 0 0 0 0 0 0 94 0 0 0 0 0 0 7 0 0 59 0 0 0 0 0 0 0 0 0 0 0 0 2 0 0 0 0 0 0 0 0 0 0 0 0 61 0 0 90 0 0 29 0 0 0 0 18 0 0 0 66 0 0 0 0 0 0 0 27 0 0 0 0 0 
0 0 0 0 0 0 0 0 0 0 0 0 48 0 0 0 0 0 0 0 0 0 0 96 0 0 0 0 0 0 0 0 0 0 0 0 69 0 0 0 0 0 0 0 0 0 13 16 1 0 0 0 0 0 0 0 63 0 0 12 0 0 0 0 0 0 0 97 65 0 0 0 0 0 0 69 0 0 0 0 0 0 0 0 0 0 0 0 0 0 0 45 0 27 0 12 68 0 0 0 
0 0 0 0 0 0 0 0 28 0 0 0 35 0 0 0 13 49 0 0 0 0 0 7 0 0 0 0 0 0 98 0 0 0 0 0 0 0 0 0 0 0 0 0 0 31 0 12 0 0 0 0 0 0 94 0 0 0 0 0 0 68 60 0 0 0 0 0 72 0 0 0 0 0 0 0 0 0 0 0 0 0 0 0 0 0 0 0 0 0 0 0 0 0 12 0 0 0 0 0 
0 0 0 0 0 0 49 0 0 0 0 0 91 0 0 0 0 0 0 0 42 0 0 0 0 0 0 70 0 0 0 0 46 0 0 0 0 0 0 0 0 0 23 0 0 13 0 0 0 0 0 0 0 0 0 0 0 0 0 0 0 0 0 0 0 0 0 0 0 0 0 0 0 42 30 0 0 0 0 34 0 0 77 0 0 0 0 0 0 0 0 0 0 0 68 0 0 55 0 0 
0 0 0 0 0 0 18 0 90 0 0 0 0 0 0 0 0 0 0 0 0 20 0 90 0 0 0 0 0 0 0 0 0 0 0 0 61 0 0 0 0 0 69 0 0 0 0 96 82 0 0 0 0 40 0 0 0 0 0 0 87 0 0 0 0 0 0 0 0 0 0 0 0 50 49 0 32 0 0 0 0 0 0 0 0 0 0 0 0 0 0 0 46 0 0 0 55 0 0 0 
0 12 0 0 0 0 58 0 0 0 0 65 0 0 0 0 0 0 0 48 0 0 0 0 0 0 0 0 0 0 0 0 0 0 53 0 92 0 0 0 0 29 0 0 0 0 100 0 0 0 0 0 0 0 0 86 0 0 58 0 0 0 0 0 59 0 0 0 0 0 0 12 0 0 0 0 0 53 0 0 0 0 0 0 0 48 0 12 0 0 0 0 0 0 0 0 0 0 0 0 
35 0 0 47 0 0 0 32 0 0 0 0 0 0 0 0 0 66 0 0 0 0 0 0 0 0 0 0 0 0 0 0 0 76 0 0 0 0 0 0 0 0 0 89 0 0 0 0 0 0 0 0 0 0 0 81 0 0 0 0 0 0 0 0 0 0 47 0 0 0 0 0 0 0 0 0 40 0 33 0 0 0 0 0 0 0 72 0 0 0 5 0 0 0 0 0 0 0 0 0 
