0 0 0 0 0 0 0 0 0 0 0 0 0 0 0 80 0 0 0 0 0 0 0 21 0 0 0 0 0 0 0 0 21 81 0 0 0 0 0 0 0 0 0 0 0 0 0 0 0 0 18 0 0 0 0 0 0 0 0 0 0 0 0 0 0 0 0 0 0 0 0 56 0 0 0 0 0 0 0 0 0 0 0 40 63 0 0 0 90 0 0 0 75 0 0 0 0 0 0 0 
0 0 69 0 0 0 0 0 0 0 0 0 0 0 0 0 0 0 0 0 0 0 40 0 0 0 0 0 0 89 0 0 0 0 0 0 0 0 0 0 0 0 0 0 0 0 0 0 85 0 0 0 46 0 0 0 22 0 0 0 0 0 0 0 0 0 0 0 0 0 0 0 0 0 0 0 0 0 0 87 0 39 0 0 0 0 0 0 0 0 0 0 0 0 0 0 0 0 0 0 
0 69 0 0 0 0 0 0 0 0 56 97 0 0 0 0 0 0 0 0 0 0 0 79 0 0 0 0 70 0 0 0 0 0 0 0 0 0 86 0 0 0 0 0 0 0 0 0 0 0 0 37 0 0 0 0 0 0 0 0 0 0 0 58 0 0 0 0 0 0 61 0 0 0 0 0 0 0 0 0 0 0 0 0 0 0 0 0 0 67 0 0 0 0 0 0 0 0 0 0 
0 0 0 0 0 37 0 0 0 0 0 33 0 0 0 0 0 0 0 0 17 0 0 0 74 0 78 0 0 0 0 0 0 0 0 0 0 0 0 0 0 0 0 0 0 0 0 0 0 0 0 0 0 0 0 0 0 0 0 0 0 35 0 91 0 0 0 0 0 0 0 0 0 0 0 0 0 0 0 0 0 0 0 0 0 0 0 0 0 0 0 0 0 0 0 0 0 55 0 0 
0 0 0 0 0 0 0 25 0 0 30 0 0 0 0 0 98 0 0 0 0 0 0 0 0 0 0 0 0 20 0 77 0 62 0 0 0 0 0 0 0 0 0 0 0 0 0 0 0 0 0 88 0 0 0 0 0 0 0 0 0 0 0 0 0 0 0 0 0 0 0 21 0 52 0 46 0 0 0 0 0 0 0 0 0 41 0 0 0 0 7 0 27 0 0 0 0 0 0 0 
0 0 0 37 0 0 100 0 0 0 0 0 0 0 30 0 0 0 82 0 0 0 0 0 0 0 0 0 0 0 0 0 0 0 0 0 0 79 0 85 0 0 0 0 0 0 0 0 0 0 0 0 0 0 0 0 0 49 0 0 0 0 0 0 0 0 0 0 0 0 0 0 0 0 0 57 0 0 0 0 0 0 0 0 0 0 0 0 0 0 0 0 0 0 0 0 0 0 0 0 
0 0 0 0 0 100 0 0 0 0 0 0 0 67 7 0 0 0 0 0 0 0 0 0 0 25 0 0 0 0 0 0 18 0 0 0 0 0 0 0 0 0 0 0 0 32 0 0 0 0 80 0 0 0 0 0 0 0 0 53 0 0 0 0 0 0 0 0 0 0 0 0 0 0 0 0 0 0 0 0 0 0 0 0 0 75 0 0 0 79 0 0 0 0 0 92 0 0 0 17 
0 0 0 0 25 0 0 0 0 0 11 0 0 0 0 0 0 0 0 0 0 0 0 37 0 0 0 0 0 53 57 0 0 49 0 0 0 0 0 0 38 0 0 0 0 0 0 0 0 0 0 0 0 0 0 0 0 0 0 0 0 0 0 0 49 79 0 0 0 0 0 0 0 0 0 0 30 0 0 54 0 0 0 0 0 0 0 0 0 0 0 94 0 0 0 0 0 0 0 0 
0 0 0 0 0 0 0 0 0 0 0 0 0 0 0 90 0 0 0 0 0 19 0 73 0 0 0 0 0 0 0 0 0 0 0 0 0 32 0 0 12 0 0 20 69 26 0 0 0 91 0 0 0 0 0 0 0 0 0 0 0 96 0 0 32 0 0 0 0 0 0 0 0 0 0 0 0 0 0 0 62 50 0 0 0 0 0 11 0 0 0 0 0 0 0 0 58 0 0 0 
0 0 0 0 0 0 0 0 0 0 42 0 0 0 0 0 0 0 0 0 0 0 0 0 77 0 0 0 35 0 0 0 0 0 0 0 0 0 64 0 0 0 0 79 0 91 0 0 0 0 0 0 0 0 0 89 0 0 0 0 0 92 0 0 100 0 0 0 58 0 0 0 0 0 0 0 0 0 0 0 0 0 0 0 0 0 0 0 0 0 0 0 0 0 0 0 33 0 4 0 
0 0 56 0 30 0 0 11 0 42 0 0 0 0 0 0 0 0 0 0 0 0 0 0 0 4 0 0 0 0 0 0 0 0 0 0 0 0 0 0 0 0 0 38 0 6 0 0 0 0 0 0 0 0 0 0 0 0 0 0 0 0 0 0 0 0 0 0 0 0 0 66 0 0 0 0 99 0 0 0 0 0 0 0 0 0 0 0 0 0 0 0 0 0 0 0 0 0 2 0 
0 0 97 33 0 0 0 0 0 0 0 0 0 52 0 12 0 0 0 0 0 0 0 0 0 0 0 0 0 0 0 0 42 0 0 0 0 0 0 0 0 0 10 0 0 0 0 0 0 0 0 0 0 0 0 0 0 0 0 0 47 32 0 0 0 0 0 0 0 0 71 0 0 0 0 0 0 0 25 0 0 0 0 67 0 0 0 36 0 0 52 0 0 0 0 0 0 0 0 0 
0 0 0 0 0 0 0 0 0 0 0 0 0 0 0 0 0 0 1 0 0 0 0 0 0 0 0 0 32 0 0 0 87 0 0 0 28 0 0 0 0 0 0 0 0 0 0 0 0 0 0 0 0 0 0 0 82 0 0 0 0 0 0 0 0 0 29 0 0 0 0 0 0 0 0 0 44 0 0 0 0 0 0 0 0 0 0 0 0 0 77 0 0 0 55 0 0 0 0 0 
0 0 0 0 0 0 67 0 0 0 0 52 0 0 0 0 0 0 0 0 56 0 0 12 0 0 0 0 0 0 0 0 49 0 0 0 0 0 0 0 0 0 0 0 0 0 0 0 0 0 21 0 0 73 0 0 0 0 87 43 81 0 0 22 0 0 0 0 0 0 0 0 0 0 0 0 95 0 0 0 0 16 0 0 0 0 0 20 0 0 0 0 0 0 0 0 0 2 0 0 
0 0 0 0 0 30 7 0 0 0 0 0 0 0 0 0 0 0 0 0 0 0 0 40 0 0 0 0 0 0 0 40 0 0 0 0 0 0 0 0 0 0 0 0 0 0 0 0 0 0 0 0 0 0 0 0 0 0 0 0 0 0 0 99 0 0 23 0 0 0 0 0 0 0 0 0 75 0 93 0 0 6 0 0 0 0 0 0 0 0 0 0 0 0 0 0 0 0 0 0 
80 0 0 0 0 0 0 0 90 0 0 12 0 0 0 0 0 0 0 0 0 0 0 0 0 0 0 0 0 0 0 0 0 0 5 0 0 0 0 0 0 71 0 0 88 0 0 0 0 0 84 0 0 0 0 0 0 0 0 0 0 28 0 0 0 0 0 0 0 12 0 0 0 35 0 0 0 0 0 0 0 0 0 0 0 0 0 0 0 0 0 0 0 64 0 0 0 18 0 0 
0 0 0 0 98 0 0 0 0 0 0 0 0 0 0 0 0 0 1 0 46 0 0 0 0 0 0 0 0 0 0 0 0 0 0 0 0 0 69 0 0 0 0 0 0 0 0 0 0 79 0 0 0 0 0 0 0 0 0 0 0 0 0 0 0 0 65 0 0 0 0 0 0 0 0 0 0 0 0 0 0 0 0 0 0 0 0 0 49 0 0 0 0 0 0 0 0 0 0 0 
0 0 0 0 0 0 0 0 0 0 0 0 0 0 0 0 0 0 0 0 0 0 39 0 0 0 0 0 99 0 86 0 0 0 0 78 0 0 0 0 0 0 0 0 0 0 0 0 0 0 0 0 0 0 0 0 0 0 11 0 100 49 0 0 0 0 0 0 38 0 0 0 37 0 0 0 0 0 0 0 0 0 0 0 0 0 0 21 0 59 0 0 0 0 0 0 0 0 0 19 
0 0 0 0 0 82 0 0 0 0 0 0 1 0 0 0 1 0 0 0 0 0 0 0 0 0 0 16 0 0 0 0 0 17 0 0 0 0 0 0 0 83 0 0 0 0 24 74 0 0 0 0 0 0 0 0 0 0 0 0 0 0 0 0 0 0 0 0 0 0 0 0 0 0 51 63 0 0 0 0 0 0 0 0 1 0 0 0 0 0 0 0 0 0 0 0 0 0 0 0 
0 0 0 0 0 0 0 0 0 0 0 0 0 0 0 0 0 0 0 0 0 0 0 0 0 0 0 0 100 0 0 0 0 0 0 0 0 0 0 0 0 0 0 0 0 0 0 0 0 0 21 45 0 0 0 0 0 70 0 0 0 0 80 0 0 0 0 0 0 79 0 70 0 0 0 0 0 0 0 0 0 0 0 0 0 54 0 0 0 0 0 0 0 0 0 0 0 0 0 0 
0 0 0 17 0 0 0 0 0 0 0 0 0 56 0 0 46 0 0 0 0 0 0 0 0 0 0 0 0 0 0 0 0 0 0 0 0 0 0 0 0 0 0 0 0 0 0 0 0 0 46 0 0 0 0 0 0 54 0 0 0 0 0 0 0 0 0 0 0 0 0 0 0 0 0 0 0 0 0 89 0 38 0 0 0 0 0 0 0 0 0 0 0 38 0 0 0 0 0 0 
0 0 0 0 0 0 0 0 19 0 0 0 0 0 0 0 0 0 0 0 0 0 0 49 0 0 100 0 28 6 0 0 0 0 0 13 0 0 0 0 0 0 0 0 0 0 80 0 0 0 0 0 4 0 85 0 0 0 0 0 0 0 0 0 0 15 0 0 0 0 0 0 0 0 0 0 44 0 29 0 0 0 0 0 0 0 94 0 0 36 0 0 0 0 0 0 0 98 0 0 
0 40 0 0 0 0 0 0 0 0 0 0 0 0 0 0 0 39 0 0 0 0 0 0 0 0 0 0 92 0 0 0 0 0 0 0 0 0 0 0 79 79 0 0 0 0 0 0 4 0 0 0 0 0 0 0 0 0 0 0 0 0 0 0 0 0 0 0 0 0 0 0 0 0 0 0 0 0 0 0 0 27 0 0 0 0 70 55 0 0 0 0 0 37 0 0 77 0 0 0 
21 0 79 0 0 0 0 37 73 0 0 0 0 12 40 0 0 0 0 0 0 49 0 0 0 0 0 0 0 0 0 0 0 0 0 0 0 0 0 0 0 0 0 0 0 0 0 0 0 0 0 0 70 0 0 0 0 0 0 0 0 0 0 0 0 0 0 0 0 0 0 0 0 0 0 0 0 0 0 0 0 0 0 20 0 0 0 0 0 0 0 0 0 0 0 0 0 0 0 6 
0 0 0 74 0 0 0 0 0 77 0 0 0 0 0 0 0 0 0 0 0 0 0 0 0 0 0 0 0 0 0 0 0 0 0 0 0 0 0 0 0 0 0 0 35 0 0 0 0 0 0 0 0 0 0 50 0 0 0 0 0 0 0 0 0 0 0 0 0 5 0 0 0 0 0 1 0 0 0 0 0 0 0 0 0 0 0 0 0 0 0 0 0 0 0 0 0 0 0 0 
0 0 0 0 0 0 25 0 0 0 4 0 0 0 0 0 0 0 0 0 0 0 0 0 0 0 0 0 0 0 0 0 0 0 79 0 0 100 0 0 60 0 0 0 87 0 0 0 0 0 0 0 0 97 0 76 86 0 0 0 0 0 0 0 0 0 17 0 58 0 0 0 0 0 0 4 0 0 0 74 0 0 0 0 0 0 0 0 0 0 0 0 50 0 0 0 0 31 0 0 
0 0 0 78 0 0 0 0 0 0 0 0 0 0 0 0 0 0 0 0 0 100 0 0 0 0 0 0 0 0 0 0 0 0 0 0 0 0 0 0 36 0 0 0 0 0 0 67 0 0 0 0 0 0 0 0 0 0 0 0 0 0 92 0 0 0 0 0 0 0 0 0 0 0 0 0 0 0 0 0 0 0 78 0 0 94 0 0 0 0 0 0 0 0 0 0 0 0 0 0 
0 0 0 0 0 0 0 0 0 0 0 0 0 0 0 0 0 0 16 0 0 0 0 0 0 0 0 0 0 0 0 0 0 0 0 0 0 0 0 0 0 0 0 0 0 0 0 0 0 0 0 0 0 0 20 0 32 0 0 0 0 0 0 0 100 0 0 0 0 0 0 4 0 0 0 0 0 55 0 0 0 0 0 0 0 0 0 0 0 0 0 0 0 0 0 77 0 61 0 0 
0 0 70 0 0 0 0 0 0 35 0 0 32 0 0 0 0 99 0 100 0 28 92 0 0 0 0 0 0 0 0 0 0 0 0 86 0 0 0 0 85 0 13 0 52 0 0 0 0 0 0 0 0 0 0 0 0 0 0 0 0 0 0 79 0 0 0 0 0 0 0 0 0 0 0 0 0 0 0 0 0 0 0 0 0 0 0 0 0 0 0 0 0 0 0 0 0 0 0 0 
0 89 0 0 20 0 0 53 0 0 0 0 0 0 0 0 0 0 0 0 0 6 0 0 0 0 0 0 0 0 0 0 0 41 22 1 0 15 0 0 0 65 0 0 0 0 0 0 0 0 0 0 0 0 0 0 80 0 0 0 64 0 0 0 88 0 0 0 0 41 18 0 0 2 0 0 0 0 0 0 0 0 0 0 0 0 0 0 0 0 0 0 0 0 0 0 0 0 0 0 
0 0 0 0 0 0 0 57 0 0 0 0 0 0 0 0 0 86 0 0 0 0 0 0 0 0 0 0 0 0 0 0 0 96 0 0 0 0 0 0 0 42 91 0 0 0 0 80 40 0 0 0 0 0 0 0 0 0 0 0 0 100 0 0 0 0 0 5 0 0 0 0 0 0 4 0 0 0 0 0 0 0 0 0 0 0 0 0 0 0 18 0 0 0 0 0 0 0 0 0 
0 0 0 0 77 0 0 0 0 0 0 0 0 0 40 0 0 0 0 0 0 0 0 0 0 0 0 0 0 0 0 0 0 0 0 0 0 0 0 0 0 0 0 14 0 0 0 0 4 0 0 0 0 0 66 0 0 0 0 0 78 0 0 0 0 0 0 0 0 0 0 0 0 0 0 0 0 11 0 0 0 95 0 0 0 0 0 0 12 0 0 0 0 0 47 0 0 0 0 0 
21 0 0 0 0 0 18 0 0 0 0 42 87 49 0 0 0 0 0 0 0 0 0 0 0 0 0 0 0 0 0 0 0 13 0 0 0 23 0 0 0 0 0 0 0 0 0 0 0 0 0 0 0 0 0 0 0 0 0 0 0 0 0 0 0 0 0 0 0 0 0 0 0 0 12 0 0 0 0 0 0 0 0 0 0 0 0 0 75 0 0 0 0 0 0 0 0 50 68 0 
81 0 0 0 62 0 0 49 0 0 0 0 0 0 0 0 0 0 17 0 0 0 0 0 0 0 0 0 0 41 96 0 13 0 0 0 0 0 0 0 0 0 0 0 0 0 0 0 0 0 0 0 0 0 0 0 0 0 0 0 0 0 0 0 0 0 63 61 81 0 0 0 0 35 98 0 0 0 0 0 0 0 0 0 0 0 0 0 0 33 0 0 0 0 0 0 0 0 0 0 
0 0 0 0 0 0 0 0 0 0 0 0 0 0 0 5 0 0 0 0 0 0 0 0 0 79 0 0 0 22 0 0 0 0 0 0 0 92 0 0 69 93 5 0 0 0 0 0 0 0 0 0 0 0 0 0 0 0 0 0 0 5 0 0 0 0 0 74 0 0 0 42 0 0 0 0 0 0 0 0 0 0 0 0 0 0 0 0 0 0 0 0 0 0 0 0 0 0 0 0 
0 0 0 0 0 0 0 0 0 0 0 0 0 0 0 0 0 78 0 0 0 13 0 0 0 0 0 0 86 1 0 0 0 0 0 0 78 0 0 0 0 0 17 0 0 0 0 0 0 64 0 0 0 0 0 0 0 0 0 0 0 21 39 0 84 30 0 0 0 0 35 0 0 0 0 0 0 0 0 0 0 49 0 0 0 0 0 0 0 0 0 0 0 0 82 0 0 0 0 0 
0 0 0 0 0 0 0 0 0 0 0 0 28 0 0 0 0 0 0 0 0 0 0 0 0 0 0 0 0 0 0 0 0 0 0 78 0 0 0 0 32 0 0 0 0 0 1 71 0 0 0 0 0 77 0 0 0 0 0 0 0 0 0 0 0 0 0 0 0 0 0 0 41 0 0 0 0 0 0 0 0 0 0 0 0 0 0 9 0 25 0 0 0 0 0 79 0 0 0 0 
0 0 0 0 0 79 0 0 32 0 0 0 0 0 0 0 0 0 0 0 0 0 0 0 0 100 0 0 0 15 0 0 23 0 92 0 0 0 0 0 0 0 62 0 0 0 5 0 0 0 0 0 0 0 0 0 0 0 0 0 0 0 0 0 0 0 0 0 0 0 0 0 0 0 0 0 0 0 0 0 0 7 0 0 0 0 0 0 0 87 0 0 0 0 0 0 0 0 62 0 
0 0 86 0 0 0 0 0 0 64 0 0 0 0 0 0 69 0 0 0 0 0 0 0 0 0 0 0 0 0 0 0 0 0 0 0 0 0 0 0 0 0 0 0 0 0 0 0 76 69 0 0 0 0 0 0 0 0 0 0 0 0 0 0 0 0 0 0 64 0 0 0 0 96 0 0 0 0 0 0 0 0 0 0 0 0 0 0 0 0 0 0 71 0 0 0 0 0 0 0 
0 0 0 0 0 85 0 0 0 0 0 0 0 0 0 0 0 0 0 0 0 0 0 0 0 0 0 0 0 0 0 0 0 0 0 0 0 0 0 0 22 0 0 0 0 0 12 0 0 0 0 0 0 0 0 0 0 0 0 0 0 0 0 0 0 0 0 0 0 0 0 0 43 0 0 0 0 0 0 0 0 0 0 0 0 0 0 17 0 0 89 0 0 0 0 0 0 0 0 0 
0 0 0 0 0 0 0 38 12 0 0 0 0 0 0 0 0 0 0 0 0 0 79 0 0 60 36 0 85 0 0 0 0 0 69 0 32 0 0 22 0 0 0 0 0 91 0 0 0 0 0 0 0 0 0 0 0 0 0 0 0 0 0 7 0 0 0 0 0 64 0 0 0 0 0 0 0 0 0 0 0 0 0 0 0 0 0 0 0 0 0 0 0 0 6 0 0 0 0 0 
0 0 0 0 0 0 0 0 0 0 0 0 0 0 0 71 0 0 83 0 0 0 79 0 0 0 0 0 0 65 42 0 0 0 93 0 0 0 0 0 0 0 0 0 0 0 0 0 0 23 0 0 0 0 0 0 0 0 0 0 0 0 0 2 0 0 0 0 67 0 0 0 27 0 0 0 0 0 0 0 0 0 0 0 0 65 0 0 0 0 73 8 57 0 0 0 0 0 0 39 
0 0 0 0 0 0 0 0 0 0 0 10 0 0 0 0 0 0 0 0 0 0 0 0 0 0 0 0 13 0 91 0 0 0 5 17 0 62 0 0 0 0 0 9 0 0 0 0 0 0 0 0 0 0 0 0 0 0 0 0 0 0 0 0 0 0 0 0 0 0 0 0 0 0 0 0 0 0 0 61 0 0 97 0 66 0 0 0 0 0 0 0 33 0 49 0 0 0 0 0 
0 0 0 0 0 0 0 0 20 79 38 0 0 0 0 0 0 0 0 0 0 0 0 0 0 0 0 0 0 0 0 14 0 0 0 0 0 0 0 0 0 0 9 0 0 0 0 0 51 0 0 0 39 16 0 0 0 0 0 0 0 68 0 0 0 0 96 0 0 0 0 95 0 0 0 0 0 70 0 0 0 0 0 0 0 0 0 0 0 0 0 0 0 0 0 0 0 32 0 0 
0 0 0 0 0 0 0 0 69 0 0 0 0 0 0 88 0 0 0 0 0 0 0 0 35 87 0 0 52 0 0 0 0 0 0 0 0 0 0 0 0 0 0 0 0 0 0 34 0 0 19 0 0 0 0 0 0 0 91 0 0 46 0 0 0 0 0 44 0 0 68 0 0 0 0 0 0 0 44 0 84 0 0 0 0 0 0 0 0 0 0 0 0 0 0 0 0 0 0 0 
0 0 0 0 0 0 32 0 26 91 6 0 0 0 0 0 0 0 0 0 0 0 0 0 0 0 0 0 0 0 0 0 0 0 0 0 0 0 0 0 91 0 0 0 0 0 0 0 74 0 0 0 0 0 0 0 88 0 0 0 0 0 0 0 0 0 0 0 0 0 0 0 0 0 0 0 0 0 0 7 0 0 0 0 0 0 0 0 0 0 0 0 75 66 0 0 0 0 0 0 
0 0 0 0 0 0 0 0 0 0 0 0 0 0 0 0 0 0 24 0 0 80 0 0 0 0 0 0 0 0 0 0 0 0 0 0 1 5 0 12 0 0 0 0 0 0 0 0 0 82 0 0 0 0 0 0 0 0 0 74 0 0 0 47 0 0 0 13 0 0 0 0 50 0 0 0 52 0 0 0 0 0 0 25 64 0 0 0 0 0 0 0 0 0 0 52 44 0 0 0 
0 0 0 0 0 0 0 0 0 0 0 0 0 0 0 0 0 0 74 0 0 0 0 0 0 0 67 0 0 0 80 0 0 0 0 0 71 0 0 0 0 0 0 0 34 0 0 0 0 0 52 0 0 0 0 0 0 0 0 55 0 0 23 0 0 0 0 0 0 0 0 0 0 0 44 0 0 0 0 11 0 0 0 0 0 0 87 0 0 0 0 0 0 0 0 18 0 0 0 0 
0 85 0 0 0 0 0 0 0 0 0 0 0 0 0 0 0 0 0 0 0 0 4 0 0 0 0 0 0 0 40 4 0 0 0 0 0 0 76 0 0 0 0 51 0 74 0 0 0 0 0 0 0 0 0 0 0 0 0 0 0 0 0 0 0 0 0 0 0 71 0 0 0 0 0 0 21 0 0 0 0 0 32 0 0 0 0 0 0 0 25 35 0 0 0 0 53 0 0 0 
0 0 0 0 0 0 0 0 91 0 0 0 0 0 0 0 79 0 0 0 0 0 0 0 0 0 0 0 0 0 0 0 0 0 0 64 0 0 69 0 0 23 0 0 0 0 82 0 0 0 0 0 0 0 0 0 0 0 0 0 0 0 0 0 0 0 74 0 0 0 0 0 0 25 0 0 0 0 0 0 0 0 0 0 0 59 0 0 0 0 0 0 0 0 0 0 0 0 0 0 
18 0 0 0 0 0 80 0 0 0 0 0 0 21 0 84 0 0 0 21 46 0 0 0 0 0 0 0 0 0 0 0 0 0 0 0 0 0 0 0 0 0 0 0 19 0 0 52 0 0 0 0 0 0 0 16 0 0 0 0 0 0 0 0 0 0 0 0 0 0 81 0 0 0 0 0 0 0 83 0 0 67 100 0 3 0 0 0 0 88 0 0 0 0 0 0 0 0 0 0 
0 0 37 0 88 0 0 0 0 0 0 0 0 0 0 0 0 0 0 45 0 0 0 0 0 0 0 0 0 0 0 0 0 0 0 0 0 0 0 0 0 0 0 0 0 0 0 0 0 0 0 0 0 0 58 0 51 0 0 0 0 0 0 0 0 0 0 0 0 0 0 0 0 0 0 0 0 0 0 0 0 0 0 0 0 0 0 72 0 0 0 0 32 0 0 0 0 0 0 0 
0 46 0 0 0 0 0 0 0 0 0 0 0 0 0 0 0 0 0 0 0 4 0 70 0 0 0 0 0 0 0 0 0 0 0 0 0 0 0 0 0 0 0 39 0 0 0 0 0 0 0 0 0 0 0 0 0 0 0 0 0 0 0 97 0 0 0 0 0 0 0 0 0 0 0 0 0 0 0 0 0 0 0 0 0 0 0 0 0 0 13 0 0 0 0 0 28 0 0 0 
0 0 0 0 0 0 0 0 0 0 0 0 0 73 0 0 0 0 0 0 0 0 0 0 0 97 0 0 0 0 0 0 0 0 0 0 77 0 0 0 0 0 0 16 0 0 0 0 0 0 0 0 0 0 0 0 0 0 0 0 82 0 0 0 0 0 0 0 0 0 0 0 0 0 0 0 0 0 86 0 0 0 0 0 0 0 10 0 0 1 0 0 0 0 0 0 0 0 0 0 
0 0 0 0 0 0 0 0 0 0 0 0 0 0 0 0 0 0 0 0 0 85 0 0 0 0 0 20 0 0 0 66 0 0 0 0 0 0 0 0 0 0 0 0 0 0 0 0 0 0 0 58 0 0 0 0 0 0 0 0 0 0 0 0 0 0 27 0 0 0 44 0 0 0 0 0 0 0 0 0 0 73 0 0 0 0 0 0 0 0 0 0 0 0 52 0 0 0 0 0 
0 0 0 0 0 0 0 0 0 89 0 0 0 0 0 0 0 0 0 0 0 0 0 0 50 76 0 0 0 0 0 0 0 0 0 0 0 0 0 0 0 0 0 0 0 0 0 0 0 0 16 0 0 0 0 0 0 0 0 0 0 0 0 0 0 0 0 0 2 97 0 0 92 0 0 0 0 0 0 30 0 0 0 15 0 44 0 62 0 0 0 0 0 0 0 0 0 0 0 0 
0 22 0 0 0 0 0 0 0 0 0 0 82 0 0 0 0 0 0 0 0 0 0 0 0 86 0 32 0 80 0 0 0 0 0 0 0 0 0 0 0 0 0 0 0 88 0 0 0 0 0 51 0 0 0 0 0 0 0 0 0 0 0 0 0 27 0 0 21 21 0 0 0 0 0 0 12 0 0 0 0 0 0 0 0 0 0 0 61 0 0 0 0 43 0 60 0 0 0 20 
0 0 0 0 0 49 0 0 0 0 0 0 0 0 0 0 0 0 0 70 54 0 0 0 0 0 0 0 0 0 0 0 0 0 0 0 0 0 0 0 0 0 0 0 0 0 0 0 0 0 0 0 0 0 0 0 0 0 0 0 28 0 0 0 0 0 0 0 0 0 0 0 0 0 0 0 34 0 0 0 0 0 0 0 0 0 0 31 0 0 0 0 92 0 0 0 0 0 0 0 
0 0 0 0 0 0 0 0 0 0 0 0 0 87 0 0 0 11 0 0 0 0 0 0 0 0 0 0 0 0 0 0 0 0 0 0 0 0 0 0 0 0 0 0 91 0 0 0 0 0 0 0 0 0 0 0 0 0 0 0 0 0 65 0 0 0 0 0 0 0 0 0 0 0 0 0 0 0 0 0 0 0 0 0 0 0 0 0 0 0 0 11 0 0 0 0 0 0 0 0 
0 0 0 0 0 0 53 0 0 0 0 0 0 43 0 0 0 0 0 0 0 0 0 0 0 0 0 0 0 0 0 0 0 0 0 0 0 0 0 0 0 0 0 0 0 0 74 55 0 0 0 0 0 0 0 0 0 0 0 0 0 0 0 0 0 0 0 0 0 0 0 0 0 0 0 15 0 0 0 0 12 0 0 0 0 0 0 0 0 0 0 0 0 0 0 0 0 0 0 0 
0 0 0 0 0 0 0 0 0 0 0 47 0 81 0 0 0 100 0 0 0 0 0 0 0 0 0 0 0 64 0 78 0 0 0 0 0 0 0 0 0 0 0 0 0 0 0 0 0 0 0 0 0 82 0 0 0 28 0 0 0 0 0 0 0 0 0 0 45 0 0 0 0 0 5 0 0 0 0 0 0 0 0 0 0 0 0 0 0 0 0 0 0 0 0 0 0 0 0 0 
0 0 0 35 0 0 0 0 96 92 0 32 0 0 0 28 0 49 0 0 0 0 0 0 0 0 0 0 0 0 100 0 0 0 5 21 0 0 0 0 0 0 0 68 46 0 0 0 0 0 0 0 0 0 0 0 0 0 0 0 0 0 0 0 0 0 0 0 0 0 0 0 0 0 50 0 0 0 0 29 0 0 0 0 0 0 0 0 0 0 0 0 0 0 0 0 0 0 0 0 
0 0 0 0 0 0 0 0 0 0 0 0 0 0 0 0 0 0 0 80 0 0 0 0 0 0 92 0 0 0 0 0 0 0 0 39 0 0 0 0 0 0 0 0 0 0 0 23 0 0 0 0 0 0 0 0 0 0 65 0 0 0 0 0 0 0 0 0 52 0 0 34 0 0 0 0 0 0 0 0 0 0 0 0 0 0 0 0 0 0 0 10 0 0 0 0 0 95 0 12 
0 0 58 91 0 0 0 0 0 0 0 0 0 22 99 0 0 0 0 0 0 0 0 0 0 0 0 0 79 0 0 0 0 0 0 0 0 0 0 0 7 2 0 0 0 0 47 0 0 0 0 0 97 0 0 0 0 0 0 0 0 0 0 0 0 59 0 0 0 0 0 0 0 0 0 0 0 0 0 0 72 0 0 0 0 0 0 0 0 0 0 0 0 0 0 0 45 0 0 0 
0 0 0 0 0 0 0 49 32 100 0 0 0 0 0 0 0 0 0 0 0 0 0 0 0 0 0 100 0 88 0 0 0 0 0 84 0 0 0 0 0 0 0 0 0 0 0 0 0 0 0 0 0 0 0 0 0 0 0 0 0 0 0 0 0 0 0 7 0 0 0 0 83 0 0 0 0 0 0 0 0 0 0 0 0 0 0 0 0 0 52 0 0 0 0 0 0 0 0 0 
0 0 0 0 0 0 0 79 0 0 0 0 0 0 0 0 0 0 0 0 0 15 0 0 0 0 0 0 0 0 0 0 0 0 0 30 0 0 0 0 0 0 0 0 0 0 0 0 0 0 0 0 0 0 0 0 27 0 0 0 0 0 0 59 0 0 0 67 0 0 0 0 0 0 0 0 0 0 0 0 54 0 0 0 0 0 0 0 0 0 0 0 0 74 0 0 0 0 0 0 
0 0 0 0 0 0 0 0 0 0 0 0 29 0 23 0 65 0 0 0 0 0 0 0 0 17 0 0 0 0 0 0 0 63 0 0 0 0 0 0 0 0 0 96 0 0 0 0 0 74 0 0 0 0 27 0 0 0 0 0 0 0 0 0 0 0 0 0 0 0 0 0 0 0 81 0 0 0 0 0 0 0 0 0 0 0 0 0 0 0 0 0 0 0 0 0 0 0 0 0 
0 0 0 0 0 0 0 0 0 0 0 0 0 0 0 0 0 0 0 0 0 0 0 0 0 0 0 0 0 0 5 0 0 61 74 0 0 0 0 0 0 0 0 0 44 0 13 0 0 0 0 0 0 0 0 0 0 0 0 0 0 0 0 0 7 67 0 0 37 0 0 54 0 0 0 0 0 0 0 0 0 0 0 0 0 0 0 0 0 0 0 0 0 0 0 0 0 0 0 0 
0 0 0 0 0 0 0 0 0 58 0 0 0 0 0 0 0 38 0 0 0 0 0 0 0 58 0 0 0 0 0 0 0 81 0 0 0 0 64 0 0 67 0 0 0 0 0 0 0 0 0 0 0 0 0 2 21 0 0 0 45 0 52 0 0 0 0 37 0 0 0 0 0 0 0 0 0 0 0 0 0 6 0 93 0 0 0 0 0 0 91 0 0 0 0 0 11 0 0 0 
0 0 0 0 0 0 0 0 0 0 0 0 0 0 0 12 0 0 0 79 0 0 0 0 5 0 0 0 0 41 0 0 0 0 0 0 0 0 0 0 64 0 0 0 0 0 0 0 71 0 0 0 0 0 0 97 21 0 0 0 0 0 0 0 0 0 0 0 0 0 0 0 0 12 0 0 0 0 0 87 0 0 32 0 0 0 0 0 0 0 22 0 57 0 0 0 0 0 6 0 
0 0 61 0 0 0 0 0 0 0 0 71 0 0 0 0 0 0 0 0 0 0 0 0 0 0 0 0 0 18 0 0 0 0 0 35 0 0 0 0 0 0 0 0 68 0 0 0 0 0 81 0 0 0 44 0 0 0 0 0 0 0 0 0 0 0 0 0 0 0 0 0 0 52 5 63 0 0 0 0 0 18 0 0 0 0 0 0 0 0 0 0 0 55 0 0 0 0 0 0 
56 0 0 0 21 0 0 0 0 0 66 0 0 0 0 0 0 0 0 70 0 0 0 0 0 0 0 4 0 0 0 0 0 0 42 0 0 0 0 0 0 0 0 95 0 0 0 0 0 0 0 0 0 0 0 0 0 0 0 0 0 0 34 0 0 0 0 54 0 0 0 0 0 0 0 70 0 0 0 0 0 0 0 0 0 0 28 0 42 0 0 0 0 0 0 0 0 0 0 0 
0 0 0 0 0 0 0 0 0 0 0 0 0 0 0 0 0 37 0 0 0 0 0 0 0 0 0 0 0 0 0 0 0 0 0 0 41 0 0 43 0 27 0 0 0 0 50 0 0 0 0 0 0 0 0 92 0 0 0 0 0 0 0 0 83 0 0 0 0 0 0 0 0 0 0 95 22 0 0 0 0 0 0 0 33 56 0 0 0 0 0 58 0 0 0 0 0 0 0 0 
0 0 0 0 52 0 0 0 0 0 0 0 0 0 0 35 0 0 0 0 0 0 0 0 0 0 0 0 0 2 0 0 0 35 0 0 0 0 96 0 0 0 0 0 0 0 0 0 0 25 0 0 0 0 0 0 0 0 0 0 0 0 0 0 0 0 0 0 0 12 52 0 0 0 0 0 0 0 0 0 0 0 0 45 0 0 0 0 0 0 0 0 0 0 0 0 0 0 0 0 
0 0 0 0 0 0 0 0 0 0 0 0 0 0 0 0 0 0 51 0 0 0 0 0 0 0 0 0 0 0 4 0 12 98 0 0 0 0 0 0 0 0 0 0 0 0 0 44 0 0 0 0 0 0 0 0 0 0 0 0 5 50 0 0 0 0 81 0 0 0 5 0 0 0 0 0 0 0 0 0 0 0 0 26 0 0 0 0 0 0 58 0 0 0 0 0 0 0 0 0 
0 0 0 0 46 57 0 0 0 0 0 0 0 0 0 0 0 0 63 0 0 0 0 0 1 4 0 0 0 0 0 0 0 0 0 0 0 0 0 0 0 0 0 0 0 0 0 0 0 0 0 0 0 0 0 0 0 0 0 15 0 0 0 0 0 0 0 0 0 0 63 70 95 0 0 0 0 0 0 0 0 0 0 0 0 0 0 0 0 86 0 0 0 0 97 0 42 0 57 0 
0 0 0 0 0 0 0 30 0 0 99 0 44 95 75 0 0 0 0 0 0 44 0 0 0 0 0 0 0 0 0 0 0 0 0 0 0 0 0 0 0 0 0 0 0 0 52 0 21 0 0 0 0 0 0 0 12 34 0 0 0 0 0 0 0 0 0 0 0 0 0 0 22 0 0 0 0 0 0 0 0 0 0 0 0 0 0 0 0 0 0 0 16 0 0 51 0 0 0 0 
0 0 0 0 0 0 0 0 0 0 0 0 0 0 0 0 0 0 0 0 0 0 0 0 0 0 0 55 0 0 0 11 0 0 0 0 0 0 0 0 0 0 0 70 0 0 0 0 0 0 0 0 0 0 0 0 0 0 0 0 0 0 0 0 0 0 0 0 0 0 0 0 0 0 0 0 0 0 0 0 0 0 0 0 0 0 0 0 0 0 0 0 0 0 0 0 0 0 0 46 
0 0 0 0 0 0 0 0 0 0 0 25 0 0 93 0 0 0 0 0 0 29 0 0 0 0 0 0 0 0 0 0 0 0 0 0 0 0 0 0 0 0 0 0 44 0 0 0 0 0 83 0 0 86 0 0 0 0 0 0 0 0 0 0 0 0 0 0 0 0 0 0 0 0 0 0 0 0 0 0 42 0 0 0 18 5 23 0 0 0 0 0 0 0 0 0 0 0 0 0 
0 87 0 0 0 0 0 54 0 0 0 0 0 0 0 0 0 0 0 0 89 0 0 0 0 74 0 0 0 0 0 0 0 0 0 0 0 0 0 0 0 0 61 0 0 7 0 11 0 0 0 0 0 0 0 30 0 0 0 0 0 29 0 0 0 0 0 0 0 87 0 0 0 0 0 0 0 0 0 0 0 0 0 0 0 0 0 0 0 0 0 0 0 0 0 0 0 20 0 0 
0 0 0 0 0 0 0 0 62 0 0 0 0 0 0 0 0 0 0 0 0 0 0 0 0 0 0 0 0 0 0 0 0 0 0 0 0 0 0 0 0 0 0 0 84 0 0 0 0 0 0 0 0 0 0 0 0 0 0 12 0 0 0 72 0 54 0 0 0 0 0 0 0 0 0 0 0 0 42 0 0 0 96 0 0 0 0 0 0 0 0 0 0 0 0 0 0 0 98 0 
0 39 0 0 0 0 0 0 50 0 0 0 0 16 6 0 0 0 0 0 38 0 27 0 0 0 0 0 0 0 0 95 0 0 0 49 0 7 0 0 0 0 0 0 0 0 0 0 0 0 67 0 0 0 73 0 0 0 0 0 0 0 0 0 0 0 0 0 6 0 18 0 0 0 0 0 0 0 0 0 0 0 0 31 0 0 0 0 0 0 0 0 23 0 0 0 0 0 0 0 
0 0 0 0 0 0 0 0 0 0 0 0 0 0 0 0 0 0 0 0 0 0 0 0 0 0 78 0 0 0 0 0 0 0 0 0 0 0 0 0 0 0 97 0 0 0 0 0 32 0 100 0 0 0 0 0 0 0 0 0 0 0 0 0 0 0 0 0 0 32 0 0 0 0 0 0 0 0 0 0 96 0 0 0 0 0 65 0 0 0 0 0 46 0 0 0 0 0 0 0 
40 0 0 0 0 0 0 0 0 0 0 67 0 0 0 0 0 0 0 0 0 0 0 20 0 0 0 0 0 0 0 0 0 0 0 0 0 0 0 0 0 0 0 0 0 0 25 0 0 0 0 0 0 0 0 15 0 0 0 0 0 0 0 0 0 0 0 0 93 0 0 0 0 45 26 0 0 0 0 0 0 31 0 0 0 0 4 0 0 62 0 0 0 0 0 0 0 0 0 0 
63 0 0 0 0 0 0 0 0 0 0 0 0 0 0 0 0 0 1 0 0 0 0 0 0 0 0 0 0 0 0 0 0 0 0 0 0 0 0 0 0 0 66 0 0 0 64 0 0 0 3 0 0 0 0 0 0 0 0 0 0 0 0 0 0 0 0 0 0 0 0 0 33 0 0 0 0 0 18 0 0 0 0 0 0 0 0 0 0 0 0 0 0 0 38 0 23 0 0 0 
0 0 0 0 41 0 75 0 0 0 0 0 0 0 0 0 0 0 0 54 0 0 0 0 0 0 94 0 0 0 0 0 0 0 0 0 0 0 0 0 0 65 0 0 0 0 0 0 0 59 0 0 0 0 0 44 0 0 0 0 0 0 0 0 0 0 0 0 0 0 0 0 56 0 0 0 0 0 5 0 0 0 0 0 0 0 0 0 0 0 0 35 0 0 0 46 0 0 0 0 
0 0 0 0 0 0 0 0 0 0 0 0 0 0 0 0 0 0 0 0 0 94 70 0 0 0 0 0 0 0 0 0 0 0 0 0 0 0 0 0 0 0 0 0 0 0 0 87 0 0 0 0 0 10 0 0 0 0 0 0 0 0 0 0 0 0 0 0 0 0 0 28 0 0 0 0 0 0 23 0 0 0 65 4 0 0 0 0 0 0 0 0 42 0 0 0 0 0 0 0 
0 0 0 0 0 0 0 0 11 0 0 36 0 20 0 0 0 21 0 0 0 0 55 0 0 0 0 0 0 0 0 0 0 0 0 0 9 0 0 17 0 0 0 0 0 0 0 0 0 0 0 72 0 0 0 62 0 31 0 0 0 0 0 0 0 0 0 0 0 0 0 0 0 0 0 0 0 0 0 0 0 0 0 0 0 0 0 0 0 0 0 0 0 0 0 0 0 0 0 0 
90 0 0 0 0 0 0 0 0 0 0 0 0 0 0 0 49 0 0 0 0 0 0 0 0 0 0 0 0 0 0 12 75 0 0 0 0 0 0 0 0 0 0 0 0 0 0 0 0 0 0 0 0 0 0 0 61 0 0 0 0 0 0 0 0 0 0 0 0 0 0 42 0 0 0 0 0 0 0 0 0 0 0 0 0 0 0 0 0 0 0 0 0 0 0 0 0 0 0 0 
0 0 67 0 0 0 79 0 0 0 0 0 0 0 0 0 0 59 0 0 0 36 0 0 0 0 0 0 0 0 0 0 0 33 0 0 25 87 0 0 0 0 0 0 0 0 0 0 0 0 88 0 0 1 0 0 0 0 0 0 0 0 0 0 0 0 0 0 0 0 0 0 0 0 0 86 0 0 0 0 0 0 0 62 0 0 0 0 0 0 0 0 0 0 0 0 0 22 0 0 
0 0 0 0 7 0 0 0 0 0 0 52 77 0 0 0 0 0 0 0 0 0 0 0 0 0 0 0 0 0 18 0 0 0 0 0 0 0 0 89 0 73 0 0 0 0 0 0 25 0 0 0 13 0 0 0 0 0 0 0 0 0 0 0 52 0 0 0 91 22 0 0 0 0 58 0 0 0 0 0 0 0 0 0 0 0 0 0 0 0 0 0 47 0 0 17 69 0 0 0 
0 0 0 0 0 0 0 94 0 0 0 0 0 0 0 0 0 0 0 0 0 0 0 0 0 0 0 0 0 0 0 0 0 0 0 0 0 0 0 0 0 8 0 0 0 0 0 0 35 0 0 0 0 0 0 0 0 0 11 0 0 0 10 0 0 0 0 0 0 0 0 0 58 0 0 0 0 0 0 0 0 0 0 0 0 35 0 0 0 0 0 0 0 0 0 0 0 0 0 0 
75 0 0 0 27 0 0 0 0 0 0 0 0 0 0 0 0 0 0 0 0 0 0 0 0 50 0 0 0 0 0 0 0 0 0 0 0 0 71 0 0 57 33 0 0 75 0 0 0 0 0 32 0 0 0 0 0 92 0 0 0 0 0 0 0 0 0 0 0 57 0 0 0 0 0 0 16 0 0 0 0 23 46 0 0 0 42 0 0 0 47 0 0 0 0 0 0 0 0 0 
0 0 0 0 0 0 0 0 0 0 0 0 0 0 0 64 0 0 0 0 38 0 37 0 0 0 0 0 0 0 0 0 0 0 0 0 0 0 0 0 0 0 0 0 0 66 0 0 0 0 0 0 0 0 0 0 43 0 0 0 0 0 0 0 0 74 0 0 0 0 55 0 0 0 0 0 0 0 0 0 0 0 0 0 0 0 0 0 0 0 0 0 0 0 0 0 0 0 0 0 
0 0 0 0 0 0 0 0 0 0 0 0 55 0 0 0 0 0 0 0 0 0 0 0 0 0 0 0 0 0 0 47 0 0 0 82 0 0 0 0 6 0 49 0 0 0 0 0 0 0 0 0 0 0 52 0 0 0 0 0 0 0 0 0 0 0 0 0 0 0 0 0 0 0 0 97 0 0 0 0 0 0 0 0 38 0 0 0 0 0 0 0 0 0 0 0 0 0 0 0 
0 0 0 0 0 0 92 0 0 0 0 0 0 0 0 0 0 0 0 0 0 0 0 0 0 0 0 77 0 0 0 0 0 0 0 0 79 0 0 0 0 0 0 0 0 0 52 18 0 0 0 0 0 0 0 0 60 0 0 0 0 0 0 0 0 0 0 0 0 0 0 0 0 0 0 0 51 0 0 0 0 0 0 0 0 46 0 0 0 0 17 0 0 0 0 0 0 0 0 0 
0 0 0 0 0 0 0 0 58 33 0 0 0 0 0 0 0 0 0 0 0 0 77 0 0 0 0 0 0 0 0 0 0 0 0 0 0 0 0 0 0 0 0 0 0 0 44 0 53 0 0 0 28 0 0 0 0 0 0 0 0 0 0 45 0 0 0 0 11 0 0 0 0 0 0 42 0 0 0 0 0 0 0 0 23 0 0 0 0 0 69 0 0 0 0 0 0 0 0 0 
0 0 0 55 0 0 0 0 0 0 0 0 0 2 0 18 0 0 0 0 0 98 0 0 0 31 0 61 0 0 0 0 50 0 0 0 0 0 0 0 0 0 0 32 0 0 0 0 0 0 0 0 0 0 0 0 0 0 0 0 0 0 95 0 0 0 0 0 0 0 0 0 0 0 0 0 0 0 0 20 0 0 0 0 0 0 0 0 0 22 0 0 0 0 0 0 0 0 0 0 
0 0 0 0 0 0 0 0 0 4 2 0 0 0 0 0 0 0 0 0 0 0 0 0 0 0 0 0 0 0 0 0 68 0 0 0 0 62 0 0 0 0 0 0 0 0 0 0 0 0 0 0 0 0 0 0 0 0 0 0 0 0 0 0 0 0 0 0 0 6 0 0 0 0 0 57 0 0 0 0 98 0 0 0 0 0 0 0 0 0 0 0 0 0 0 0 0 0 0 0 
0 0 0 0 0 0 17 0 0 0 0 0 0 0 0 0 0 19 0 0 0 0 0 6 0 0 0 0 0 0 0 0 0 0 0 0 0 0 0 0 0 39 0 0 0 0 0 0 0 0 0 0 0 0 0 0 20 0 0 0 0 0 12 0 0 0 0 0 0 0 0 0 0 0 0 0 0 46 0 0 0 0 0 0 0 0 0 0 0 0 0 0 0 0 0 0 0 0 0 0 
