0 53 9 24 0 0 50 52 44 0 61 85 13 68 91 84 2 12 51 40 51 0 0 50 92 46 63 50 12 44 19 2 22 33 61 0 34 70 66 61 32 20 35 13 0 0 71 0 0 10 37 94 0 56 68 9 65 91 94 0 29 68 28 48 57 0 70 80 74 63 0 0 0 88 62 76 0 24 94 57 95 75 7 36 78 1 3 39 24 63 0 0 94 87 63 0 19 87 92 8 
53 0 0 2 87 6 53 100 0 69 24 67 0 28 0 65 38 0 7 0 0 75 25 32 59 100 76 36 42 0 62 0 31 24 13 98 30 56 0 68 64 0 99 0 65 0 21 59 36 18 24 0 30 100 25 0 0 46 0 86 92 0 33 10 0 56 68 37 78 70 0 27 0 19 0 97 28 91 19 93 94 16 0 25 0 13 10 0 66 65 0 38 61 44 0 0 0 0 14 0 
9 0 0 15 26 51 20 1 26 8 21 0 62 26 61 47 51 53 16 0 6 50 30 0 76 14 51 0 100 56 56 77 9 42 13 28 79 2 69 15 58 21 52 84 66 99 53 83 65 0 31 61 25 0 53 2 72 90 0 57 83 55 42 40 37 14 89 89 55 74 66 71 3 54 89 0 92 0 28 0 8 56 65 96 42 74 9 77 41 6 91 32 7 17 0 0 0 97 76 22 
24 2 15 0 0 60 67 54 78 93 56 29 72 6 6 85 80 0 98 64 54 0 23 57 14 1 19 26 38 76 78 3 58 70 64 28 58 42 36 10 55 45 10 57 0 12 64 81 73 21 98 79 84 62 3 92 9 30 88 0 68 44 61 88 3 71 2 44 8 0 31 70 68 0 100 8 60 71 98 38 4 49 40 21 0 0 14 22 27 67 26 28 69 4 44 52 100 91 34 65 
0 87 26 0 0 0 38 0 17 0 20 34 34 44 57 97 36 90 19 46 52 94 90 68 5 39 13 30 11 97 0 56 48 41 91 100 63 37 10 34 95 78 20 54 43 32 0 41 0 69 0 1 9 15 30 94 0 54 92 54 0 7 0 63 85 4 22 67 0 0 99 87 0 26 14 40 0 0 45 44 0 49 0 11 0 76 18 49 56 95 39 58 39 69 1 85 45 52 26 51 
0 6 51 60 0 0 12 0 28 4 29 84 92 16 88 67 61 91 0 0 54 31 74 95 49 54 87 87 42 44 37 23 73 25 17 82 60 66 67 19 32 65 2 73 13 69 93 12 98 97 68 31 61 28 0 30 0 31 69 14 75 63 0 70 68 23 89 26 77 23 87 9 0 16 73 92 17 87 91 37 93 39 1 78 83 11 44 56 89 79 0 12 96 53 73 13 70 5 35 56 
50 53 20 67 38 12 0 0 0 0 100 20 12 10 7 0 0 0 31 0 87 0 44 36 64 27 82 71 0 0 12 86 84 0 59 26 0 0 67 16 1 93 0 83 71 78 63 73 61 50 11 37 0 42 35 90 2 0 87 85 0 48 33 0 68 89 14 97 62 0 30 0 0 0 0 66 83 43 54 13 73 51 0 81 9 41 92 0 0 96 33 0 0 31 40 35 19 22 12 76 
52 100 1 54 0 0 0 0 62 93 45 11 17 16 30 76 93 96 82 81 91 79 0 0 73 92 67 0 0 0 34 15 62 0 0 0 0 36 51 77 91 48 0 21 0 20 42 89 2 0 95 89 18 0 90 12 64 17 5 69 97 82 90 75 14 97 88 0 24 35 24 85 30 45 0 95 59 63 91 0 37 28 0 100 0 26 8 53 9 82 7 0 10 55 61 50 58 79 35 39 
44 0 26 78 17 28 0 62 0 96 72 31 0 12 29 24 0 87 29 26 0 35 4 0 24 58 59 0 35 0 19 81 0 54 0 10 68 0 0 58 52 57 0 31 0 98 41 0 49 0 89 65 29 58 48 65 76 0 11 72 2 45 46 0 72 10 13 0 55 8 52 0 57 14 48 13 0 63 88 0 87 17 79 0 76 14 65 79 33 0 0 0 45 80 23 0 0 87 8 0 
0 69 8 93 0 4 0 93 96 0 65 1 34 0 67 1 29 61 37 27 22 0 31 10 91 66 83 75 36 34 5 88 24 49 0 66 78 94 63 33 26 0 0 0 79 37 66 97 0 84 100 59 73 4 49 94 10 30 33 32 0 37 97 92 14 0 0 0 87 0 89 69 15 88 0 91 69 98 36 24 37 33 76 99 44 0 55 0 65 21 81 0 67 24 12 82 9 29 0 11 
61 24 21 56 20 29 100 45 72 65 0 15 17 27 12 78 82 59 43 0 58 90 10 99 5 60 68 41 26 95 17 94 0 54 59 8 0 11 62 72 16 0 7 77 1 34 48 11 0 6 53 12 96 0 92 50 0 100 20 53 12 26 7 6 76 59 54 71 65 82 10 0 27 87 75 57 83 58 3 0 60 53 85 3 20 0 35 57 34 19 36 78 42 99 94 97 80 0 56 45 
85 67 0 29 34 84 20 11 31 1 15 0 38 51 39 8 1 0 0 5 88 52 5 58 47 78 57 24 61 25 63 5 0 83 33 84 0 26 66 50 5 16 96 0 91 22 68 63 33 91 56 78 36 37 4 51 40 76 20 70 88 67 92 38 4 75 98 15 14 42 64 38 76 2 38 76 33 91 2 47 28 0 24 58 25 0 0 97 73 83 26 82 49 36 95 49 23 97 85 66 
13 0 62 72 34 92 12 17 0 34 17 38 0 55 0 92 76 70 74 71 83 20 69 85 26 18 10 56 0 79 84 0 52 12 39 57 51 93 59 64 89 65 36 9 25 50 63 1 19 100 63 75 19 33 64 32 0 34 84 63 21 0 0 46 35 24 2 0 73 57 38 24 37 36 21 49 22 85 24 0 7 15 0 40 24 15 79 59 47 41 0 54 60 78 0 14 62 0 61 50 
68 28 26 6 44 16 10 16 12 0 27 51 55 0 11 64 18 9 0 5 10 81 28 11 88 4 0 92 84 96 25 0 23 18 0 67 18 78 0 15 90 67 25 0 15 37 97 96 13 73 15 53 17 59 31 31 0 76 44 0 35 0 15 95 83 0 15 14 0 78 31 2 12 78 93 61 17 47 99 0 6 88 60 78 84 93 87 0 87 44 98 0 6 0 56 28 38 31 81 31 
91 0 61 6 57 88 7 30 29 67 12 39 0 11 0 74 0 0 20 98 34 36 90 5 35 63 81 75 2 77 96 63 18 88 80 42 86 24 61 13 24 0 84 0 88 20 19 83 32 0 78 98 70 11 66 53 67 0 0 28 0 30 35 87 93 45 16 65 0 18 12 77 0 66 42 98 46 22 0 57 8 31 54 85 77 93 72 36 8 48 0 27 27 48 45 0 43 72 43 19 
84 65 47 85 97 67 0 76 24 1 78 8 92 64 74 0 89 0 5 0 0 0 37 0 0 0 13 4 16 53 22 89 48 0 51 0 13 12 86 69 67 21 0 12 47 47 68 21 22 36 25 4 43 80 10 72 71 23 0 67 0 0 0 46 31 92 10 24 26 0 99 94 0 18 0 6 94 84 1 75 0 62 50 93 68 99 35 60 98 97 0 81 0 71 91 3 59 0 96 41 
2 38 51 80 36 61 0 93 0 29 82 1 76 18 0 89 0 70 15 0 76 83 36 12 4 77 46 9 85 95 74 41 10 23 23 99 56 0 10 0 26 1 64 72 0 66 4 84 69 75 4 3 14 35 50 88 0 98 21 54 2 64 80 66 0 96 0 55 53 69 39 41 35 71 16 45 78 53 43 81 55 77 30 55 30 14 93 42 40 65 14 63 77 58 69 47 48 42 22 4 
12 0 53 0 90 91 0 96 87 61 59 0 70 9 0 0 70 0 71 0 0 0 45 68 1 0 38 0 0 65 83 47 0 0 100 33 0 0 0 77 70 8 0 0 0 0 92 46 37 13 89 44 55 97 17 23 34 94 66 41 79 47 56 44 0 81 48 77 51 43 72 50 26 39 93 98 0 17 95 67 7 33 83 79 42 2 0 53 25 62 58 90 96 54 86 0 25 36 71 93 
51 7 16 98 19 0 31 82 29 37 43 0 74 0 20 5 15 71 0 24 73 29 31 0 7 30 0 0 0 96 28 82 49 0 5 3 8 32 47 39 99 0 69 0 64 0 2 48 48 21 54 47 41 75 24 50 54 52 8 0 90 71 37 98 41 30 75 98 81 4 54 62 40 35 0 47 91 56 73 18 0 68 50 98 36 0 27 27 67 0 93 83 0 0 56 89 51 22 5 16 
40 0 0 64 46 0 0 81 26 27 0 5 71 5 98 0 0 0 24 0 0 0 88 0 1 25 0 0 68 8 86 20 76 45 29 100 0 15 94 35 0 0 0 50 48 0 0 86 0 22 14 0 20 72 25 82 21 55 37 85 0 69 93 16 0 9 34 55 82 0 73 94 12 68 40 0 65 88 94 25 1 31 25 0 18 0 45 37 0 82 86 34 2 58 21 55 10 9 42 29 
51 0 6 54 52 54 87 91 0 22 58 88 83 10 34 0 76 0 73 0 0 6 3 0 55 40 94 60 3 76 17 0 0 2 64 40 41 31 85 54 13 99 99 47 70 30 0 22 68 100 77 85 0 42 54 24 53 83 0 16 0 80 58 60 36 17 52 72 36 14 40 77 51 70 0 20 80 48 85 1 39 53 27 18 66 20 0 54 94 21 0 84 40 77 57 35 80 0 97 90 
0 75 50 0 94 31 0 79 35 0 90 52 20 81 36 0 83 0 29 0 6 0 0 60 23 72 48 0 83 0 54 66 90 0 37 58 47 0 92 64 0 73 65 25 0 13 71 69 0 22 38 77 3 65 97 0 0 0 51 0 0 61 0 80 78 0 68 52 37 28 85 0 10 71 0 0 0 56 84 42 88 0 16 17 0 15 7 71 72 0 0 17 0 0 0 0 34 41 78 0 
0 25 30 23 90 74 44 0 4 31 10 5 69 28 90 37 36 45 31 88 3 0 0 61 56 61 33 52 27 81 35 9 81 22 0 54 32 36 92 91 31 37 0 0 0 69 6 0 97 8 40 83 0 60 0 0 65 15 0 21 91 54 39 28 24 88 80 6 80 39 76 36 60 11 4 27 0 0 71 59 0 81 78 91 39 98 49 33 92 0 0 50 12 0 96 2 0 0 16 71 
50 32 0 57 68 95 36 0 0 10 99 58 85 11 5 0 12 68 0 0 0 60 61 0 85 63 28 0 91 44 9 26 45 62 93 24 66 69 98 0 65 0 84 7 45 5 69 0 8 80 36 21 19 47 63 4 0 49 76 64 0 98 7 72 40 93 1 79 9 14 73 0 25 56 22 0 65 75 0 82 0 85 28 89 95 25 38 91 46 80 90 3 0 8 0 38 74 15 46 0 
92 59 76 14 5 49 64 73 24 91 5 47 26 88 35 0 4 1 7 1 55 23 56 85 0 6 54 0 41 0 89 4 51 56 17 72 0 0 43 62 60 0 12 18 6 64 0 13 0 68 4 97 28 85 19 1 78 100 0 89 60 51 0 100 56 54 74 0 1 97 49 55 70 12 100 50 46 49 72 0 23 82 59 80 91 76 36 35 41 54 74 0 18 0 16 3 0 14 5 96 
46 100 14 1 39 54 27 92 58 66 60 78 18 4 63 0 77 0 30 25 40 72 61 63 6 0 85 0 94 33 3 60 48 0 52 12 36 49 81 59 83 19 29 18 64 16 31 27 65 0 67 51 47 94 0 29 63 90 99 0 87 73 58 0 6 14 93 69 67 79 41 27 27 0 92 0 61 26 10 85 76 43 92 95 0 26 51 83 27 45 18 54 0 61 81 89 47 68 6 16 
63 76 51 19 13 87 82 67 59 83 68 57 10 0 81 13 46 38 0 0 94 48 33 28 54 85 0 53 0 46 98 90 84 89 94 86 36 20 0 0 70 11 3 47 44 10 92 57 62 11 77 38 85 89 47 0 82 50 32 3 42 42 64 85 73 73 8 4 74 0 0 28 20 26 56 29 33 0 92 86 48 56 82 22 86 4 8 0 0 91 68 69 36 86 0 5 11 37 93 26 
50 36 0 26 30 87 71 0 0 75 41 24 56 92 75 4 9 0 0 0 60 0 52 0 0 0 53 0 7 0 5 93 68 0 34 0 47 66 71 99 20 66 34 0 0 97 83 23 4 58 0 25 79 100 3 29 41 0 53 27 66 83 0 0 44 48 0 12 0 64 71 0 0 0 37 36 0 98 94 69 37 100 49 40 16 15 43 49 74 94 7 0 11 81 0 69 0 37 93 3 
12 42 100 38 11 42 0 0 35 36 26 61 0 84 2 16 85 0 0 68 3 83 27 91 41 94 0 7 0 53 12 67 74 55 10 0 53 76 57 88 54 10 26 80 96 68 84 34 47 9 83 22 0 68 86 95 47 92 90 63 36 0 0 65 27 76 16 0 15 54 0 86 54 9 57 31 6 100 58 78 8 0 63 47 0 17 42 54 53 72 34 50 47 84 17 71 0 41 99 34 
44 0 56 76 97 44 0 0 0 34 95 25 79 96 77 53 95 65 96 8 76 0 81 44 0 33 46 0 53 0 0 54 53 5 50 52 0 0 90 54 17 0 0 68 68 0 75 67 57 6 0 50 59 88 15 25 53 24 19 0 0 61 0 30 50 0 20 18 0 13 1 50 54 35 37 71 23 46 0 12 67 97 38 60 89 17 0 98 32 20 0 27 13 52 8 70 6 33 0 90 
19 62 56 78 0 37 12 34 19 5 17 63 84 25 96 22 74 83 28 86 17 54 35 9 89 3 98 5 12 0 0 16 87 21 0 62 14 25 0 33 14 0 53 14 0 62 35 42 8 37 78 27 11 19 40 65 83 19 82 70 62 62 74 23 76 67 0 13 13 58 33 96 79 87 37 51 55 60 84 81 9 46 1 43 93 38 30 95 58 53 3 42 100 31 100 94 38 0 0 0 
2 0 77 3 56 23 86 15 81 88 94 5 0 0 63 89 41 47 82 20 0 66 9 26 4 60 90 93 67 54 16 0 23 10 13 73 54 90 75 24 17 0 40 0 73 22 38 75 28 84 70 0 94 23 51 4 57 21 88 47 36 6 77 9 7 68 77 21 11 0 0 35 6 57 48 90 30 23 28 72 33 90 45 26 100 36 26 42 62 80 12 6 78 39 77 76 92 0 75 23 
22 31 9 58 48 73 84 62 0 24 0 0 52 23 18 48 10 0 49 76 0 90 81 45 51 48 84 68 74 53 87 23 0 1 32 76 79 0 98 0 14 0 2 67 41 0 29 0 59 99 48 0 32 24 56 68 12 0 86 18 0 0 0 29 11 24 12 1 57 18 59 0 54 39 77 97 99 64 78 31 89 38 0 8 71 70 78 77 92 26 66 0 0 21 26 0 5 9 16 48 
33 24 42 70 41 25 0 0 54 49 54 83 12 18 88 0 23 0 0 45 2 0 22 62 56 0 89 0 55 5 21 10 1 0 32 0 42 45 73 41 0 91 65 80 0 0 62 65 36 94 0 94 35 68 64 0 0 91 33 100 10 0 57 10 44 57 92 19 23 0 37 23 99 9 9 76 98 21 79 16 0 20 0 75 20 65 88 53 84 3 16 62 4 92 86 0 68 9 70 98 
61 13 13 64 91 17 59 0 0 0 59 33 39 0 80 51 23 100 5 29 64 37 0 93 17 52 94 34 10 50 0 13 32 32 0 34 63 69 64 98 29 31 59 74 92 54 14 0 51 15 2 13 0 81 38 86 27 18 29 84 0 0 0 24 20 2 52 91 63 13 0 90 13 0 24 59 12 77 2 56 91 94 75 77 18 0 22 57 90 8 58 25 94 5 50 40 0 56 82 0 
0 98 28 28 100 82 26 0 10 66 8 84 57 67 42 0 99 33 3 100 40 58 54 24 72 12 86 0 0 52 62 73 76 0 34 0 26 0 62 0 100 0 15 0 26 95 32 92 1 0 95 22 0 13 23 19 66 62 15 23 63 85 81 71 24 27 68 76 15 10 80 74 59 61 23 97 35 17 87 68 24 80 25 5 70 96 96 27 84 11 38 21 82 7 0 71 35 72 10 0 
34 30 79 58 63 60 0 0 68 78 0 0 51 18 86 13 56 0 8 0 41 47 32 66 0 36 36 47 53 0 14 54 79 42 63 26 0 28 30 95 41 45 6 54 59 0 72 97 39 0 71 29 46 27 0 24 76 98 0 0 21 95 26 76 99 33 45 30 27 0 26 44 10 88 69 63 86 0 30 15 45 82 62 81 15 87 13 8 52 47 32 62 0 41 42 22 13 38 0 65 
70 56 2 42 37 66 0 36 0 94 11 26 93 78 24 12 0 0 32 15 31 0 36 69 0 49 20 66 76 0 25 90 0 45 69 0 28 0 22 42 99 68 83 67 0 0 8 95 94 37 92 58 100 63 0 57 11 64 83 68 70 52 36 47 32 40 50 64 0 75 41 82 5 29 0 94 40 38 16 96 17 98 57 0 15 80 33 42 98 81 7 25 0 17 77 74 37 0 0 28 
66 0 69 36 10 67 67 51 0 63 62 66 59 0 61 86 10 0 47 94 85 92 92 98 43 81 0 71 57 90 0 75 98 73 64 62 30 22 0 0 66 28 89 24 2 0 28 11 66 65 33 50 51 90 98 0 84 0 4 81 27 95 0 0 0 41 74 0 21 48 23 12 86 36 88 88 46 0 0 48 70 0 41 81 95 93 0 29 79 51 25 9 31 0 99 90 57 18 94 0 
61 68 15 10 34 19 16 77 58 33 72 50 64 15 13 69 0 77 39 35 54 64 91 0 62 59 0 99 88 54 33 24 0 41 98 0 95 42 0 0 98 55 100 0 78 23 87 0 40 85 51 90 70 23 59 26 14 53 82 69 5 45 19 32 20 68 7 66 44 0 77 94 88 9 17 81 68 67 26 98 0 58 50 22 64 98 31 0 69 68 91 20 4 98 0 63 81 33 0 40 
32 64 58 55 95 32 1 91 52 26 16 5 89 90 24 67 26 70 99 0 13 0 31 65 60 83 70 20 54 17 14 17 14 0 29 100 41 99 66 98 0 0 29 0 34 69 29 0 81 72 7 98 0 60 41 0 50 10 62 25 38 16 0 58 74 98 0 68 29 35 9 97 10 19 48 31 55 50 57 39 6 53 96 86 25 67 8 91 90 1 60 42 69 0 24 20 8 0 65 80 
20 0 21 45 78 65 93 48 57 0 0 16 65 67 0 21 1 8 0 0 99 73 37 0 0 19 11 66 10 0 0 0 0 91 31 0 45 68 28 55 0 0 36 12 61 0 81 5 31 65 90 75 0 0 54 0 19 2 99 77 82 8 98 71 63 51 0 34 5 88 70 2 58 0 2 23 33 65 55 0 61 0 31 21 30 33 12 21 22 39 0 49 83 32 0 0 0 0 1 0 
35 99 52 10 20 2 0 0 0 0 7 96 36 25 84 0 64 0 69 0 99 65 0 84 12 29 3 34 26 0 53 40 2 65 59 15 6 83 89 100 29 36 0 99 0 41 98 71 73 89 55 0 58 69 79 67 55 22 3 0 65 1 94 0 40 94 62 17 9 0 95 90 100 68 53 0 0 72 26 7 2 54 34 76 0 0 93 68 0 6 16 0 0 0 0 68 37 48 47 13 
13 0 84 57 54 73 83 21 31 0 77 0 9 0 0 12 72 0 0 50 47 25 0 7 18 18 47 0 80 68 14 0 67 80 74 0 54 67 24 0 0 12 99 0 37 39 40 94 89 42 29 0 0 64 48 3 42 0 29 0 0 49 9 69 88 46 2 16 0 96 43 31 0 26 36 51 70 30 34 0 6 6 0 64 84 41 99 85 44 1 94 37 62 75 16 7 82 0 58 44 
0 65 66 0 43 13 71 0 0 79 1 91 25 15 88 47 0 0 64 48 70 0 0 45 6 64 44 0 96 68 0 73 41 0 92 26 59 0 2 78 34 61 0 37 0 99 0 65 50 38 73 79 90 43 2 72 92 0 55 99 0 19 0 8 8 62 82 39 87 1 79 58 59 47 0 0 0 77 42 98 91 51 0 58 85 81 7 62 48 0 0 65 1 27 3 0 78 54 4 43 
0 0 99 12 32 69 78 20 98 37 34 22 50 37 20 47 66 0 0 0 30 13 69 5 64 16 10 97 68 0 62 22 0 0 54 95 0 0 0 23 69 0 41 39 99 0 98 74 83 86 6 82 40 86 8 94 67 0 9 94 87 51 0 97 0 36 0 92 85 28 90 91 13 0 98 0 54 29 52 0 27 40 0 72 2 91 85 92 41 86 43 27 85 4 66 30 81 86 75 49 
71 21 53 64 0 93 63 42 41 66 48 68 63 97 19 68 4 92 2 0 0 71 6 69 0 31 92 83 84 75 35 38 29 62 14 32 72 8 28 87 29 81 98 40 0 98 0 90 73 5 51 87 34 0 33 94 27 71 7 0 33 0 0 85 35 50 14 35 59 1 0 0 5 40 19 0 0 92 29 31 51 42 79 6 25 8 89 64 67 86 76 91 80 23 97 94 81 24 9 6 
0 59 83 81 41 12 73 89 0 97 11 63 1 96 83 21 84 46 48 86 22 69 0 0 13 27 57 23 34 67 42 75 0 65 0 92 97 95 11 0 0 5 71 94 65 74 90 0 58 90 0 69 8 0 0 63 18 88 15 13 68 26 49 21 79 56 0 65 75 50 0 100 16 0 76 15 36 76 63 60 21 0 17 0 55 86 69 95 54 0 0 0 50 64 29 0 85 17 22 16 
0 36 65 73 0 98 61 2 49 0 0 33 19 13 32 22 69 37 48 0 68 0 97 8 0 65 62 4 47 57 8 28 59 36 51 1 39 94 66 40 81 31 73 89 50 83 73 58 0 3 18 30 93 83 39 86 96 87 57 58 78 43 91 84 30 0 34 9 70 85 0 0 1 78 36 97 0 83 26 75 3 63 29 31 24 95 50 55 40 92 34 77 57 49 71 97 33 0 62 62 
10 18 0 21 69 97 50 0 0 84 6 91 100 73 0 36 75 13 21 22 100 22 8 80 68 0 11 58 9 6 37 84 99 94 15 0 0 37 65 85 72 65 89 42 38 86 5 90 3 0 73 4 12 0 0 0 56 32 0 24 0 73 0 0 31 87 60 68 24 93 60 0 42 35 68 82 97 0 70 0 74 81 0 67 2 67 97 52 38 88 69 67 72 68 0 39 2 0 91 33 
37 24 31 98 0 68 11 95 89 100 53 56 63 15 78 25 4 89 54 14 77 38 40 36 4 67 77 0 83 0 78 70 48 0 2 95 71 92 33 51 7 90 55 29 73 6 51 0 18 73 0 79 81 52 6 61 79 15 58 40 97 99 17 58 52 88 100 51 0 42 41 74 12 71 4 23 0 67 73 3 0 22 29 48 25 26 21 25 31 81 75 17 40 23 50 98 100 0 43 17 
94 0 61 79 1 31 37 89 65 59 12 78 75 53 98 4 3 44 47 0 85 77 83 21 97 51 38 25 22 50 27 0 0 94 13 22 29 58 50 90 98 75 0 0 79 82 87 69 30 4 79 0 69 91 39 62 0 100 21 81 94 0 12 0 16 5 43 45 20 49 23 19 78 6 7 49 26 66 50 94 55 84 62 10 73 77 26 11 95 0 28 53 79 0 66 80 0 70 54 95 
0 30 25 84 9 61 0 18 29 73 96 36 19 17 70 43 14 55 41 20 0 3 0 19 28 47 85 79 0 59 11 94 32 35 0 0 46 100 51 70 0 0 58 0 90 40 34 8 93 12 81 69 0 0 46 86 36 59 0 62 11 28 24 13 42 0 34 14 2 16 93 38 74 0 99 3 3 51 69 90 73 99 12 20 71 67 46 0 8 10 0 39 78 13 55 54 0 0 0 92 
56 100 0 62 15 28 42 0 58 4 0 37 33 59 11 80 35 97 75 72 42 65 60 47 85 94 89 100 68 88 19 23 24 68 81 13 27 63 90 23 60 0 69 64 43 86 0 0 83 0 52 91 0 0 0 28 54 0 77 0 54 16 3 41 99 44 0 38 36 89 72 0 52 40 0 49 43 0 91 66 5 16 20 49 38 91 0 87 22 78 0 74 83 85 10 0 48 0 87 77 
68 25 53 3 30 0 35 90 48 49 92 4 64 31 66 10 50 17 24 25 54 97 0 63 19 0 47 3 86 15 40 51 56 64 38 23 0 0 98 59 41 54 79 48 2 8 33 0 39 0 6 39 46 0 0 34 10 0 92 0 19 0 1 12 37 0 12 0 58 85 42 65 52 43 24 57 14 5 0 19 69 61 12 34 29 1 0 0 0 0 62 0 1 8 1 6 74 0 0 93 
9 0 2 92 94 30 90 12 65 94 50 51 32 31 53 72 88 23 50 82 24 0 0 4 1 29 0 29 95 25 65 4 68 0 86 19 24 57 0 26 0 0 67 3 72 94 94 63 86 0 61 62 86 28 34 0 63 12 51 20 0 0 84 88 66 10 47 81 81 39 60 18 90 95 95 0 0 97 69 0 97 0 0 13 46 25 25 19 47 28 89 62 0 0 57 37 28 57 46 86 
65 0 72 9 0 0 2 64 76 10 0 40 0 0 67 71 0 34 54 21 53 0 65 0 78 63 82 41 47 53 83 57 12 0 27 66 76 11 84 14 50 19 55 42 92 67 27 18 96 56 79 0 36 54 10 63 0 66 68 43 30 61 66 59 4 82 16 0 49 0 78 0 93 82 0 46 31 0 0 1 20 19 8 11 57 5 0 17 5 46 4 57 0 0 34 10 2 0 0 70 
91 46 90 30 54 31 0 17 0 30 100 76 34 76 0 23 98 94 52 55 83 0 15 49 100 90 50 0 92 24 19 21 0 91 18 62 98 64 0 53 10 2 22 0 0 0 71 88 87 32 15 100 59 0 0 12 66 0 78 38 80 11 8 9 7 86 62 46 1 5 0 0 99 11 52 42 29 35 0 82 0 72 0 23 26 71 68 0 94 35 25 89 80 64 33 15 17 42 8 93 
94 0 0 88 92 69 87 5 11 33 20 20 84 44 0 0 21 66 8 37 0 51 0 76 0 99 32 53 90 19 82 88 86 33 29 15 0 83 4 82 62 99 3 29 55 9 7 15 57 0 58 21 0 77 92 51 68 78 0 72 37 16 22 2 60 94 65 7 0 53 42 32 0 90 90 69 0 35 82 57 92 34 83 2 60 94 72 0 0 61 0 0 28 45 58 87 87 98 24 37 
0 86 57 0 54 14 85 69 72 32 53 70 63 0 28 67 54 41 0 85 16 0 21 64 89 0 3 27 63 0 70 47 18 100 84 23 0 68 81 69 25 77 0 0 99 94 0 13 58 24 40 81 62 0 0 20 43 38 72 0 46 0 75 1 0 9 58 9 3 0 52 87 23 19 62 44 85 9 9 0 0 0 38 83 100 53 47 21 77 97 59 47 67 0 70 75 25 89 26 91 
29 92 83 68 0 75 0 97 2 0 12 88 21 35 0 0 2 79 90 0 0 0 91 0 60 87 42 66 36 0 62 36 0 10 0 63 21 70 27 5 38 82 65 0 0 87 33 68 78 0 97 94 11 54 19 0 30 80 37 46 0 63 97 13 0 88 61 0 96 83 29 59 35 46 0 73 9 63 35 80 54 67 13 0 29 90 0 39 0 0 69 75 78 61 98 0 48 36 62 100 
68 0 55 44 7 63 48 82 45 37 26 67 0 0 30 0 64 47 71 69 80 61 54 98 51 73 42 83 0 61 62 6 0 0 0 85 95 52 95 45 16 8 1 49 19 51 0 26 43 73 99 0 28 16 0 0 61 11 16 0 63 0 66 91 48 46 71 8 0 21 38 81 80 77 3 36 0 0 1 78 74 91 52 16 56 30 14 5 20 35 9 0 12 10 56 51 0 91 48 82 
28 33 42 61 0 0 33 90 46 97 7 92 0 15 35 0 80 56 37 93 58 0 39 7 0 58 64 0 0 0 74 77 0 57 0 81 26 36 0 19 0 98 94 9 0 0 0 49 91 0 17 12 24 3 1 84 66 8 22 75 97 66 0 83 42 63 66 83 95 77 67 0 45 88 55 62 86 80 51 6 60 5 0 49 31 0 0 30 0 83 0 21 22 0 84 19 5 100 45 74 
48 10 40 88 63 70 0 75 0 92 6 38 46 95 87 46 66 44 98 16 60 80 28 72 100 0 85 0 65 30 23 9 29 10 24 71 76 47 0 32 58 71 0 69 8 97 85 21 84 0 58 0 13 41 12 88 59 9 2 1 13 91 83 0 74 19 100 35 59 29 81 77 59 22 65 72 13 49 28 6 57 23 97 12 53 50 96 74 1 0 63 41 0 61 94 13 28 8 84 53 
57 0 37 3 85 68 68 14 72 14 76 4 35 83 93 31 0 0 41 0 36 78 24 40 56 6 73 44 27 50 76 7 11 44 20 24 99 32 0 20 74 63 40 88 8 0 35 79 30 31 52 16 42 99 37 66 4 7 60 0 0 48 42 74 0 44 97 0 86 98 11 93 51 79 81 55 62 41 62 91 80 63 13 12 21 48 0 96 25 25 91 16 26 47 89 62 54 5 31 37 
0 56 14 71 4 23 89 97 10 0 59 75 24 0 45 92 96 81 30 9 17 0 88 93 54 14 73 48 76 0 67 68 24 57 2 27 33 40 41 68 98 51 94 46 62 36 50 56 0 87 88 5 0 44 0 10 82 86 94 9 88 46 63 19 44 0 79 0 42 65 60 5 85 19 59 69 26 62 48 9 100 41 0 88 79 84 86 87 9 73 4 38 48 9 96 31 26 33 24 9 
70 68 89 2 22 89 14 88 13 0 54 98 2 15 16 10 0 48 75 34 52 68 80 1 74 93 8 0 16 20 0 77 12 92 52 68 45 50 74 7 0 0 62 2 82 0 14 0 34 60 100 43 34 0 12 47 16 62 65 58 61 71 66 100 97 79 0 93 70 79 20 28 0 79 17 74 7 0 68 79 0 68 52 42 70 0 96 48 1 1 0 20 7 0 13 97 76 15 11 30 
80 37 89 44 67 26 97 0 0 0 71 15 0 14 65 24 55 77 98 55 72 52 6 79 0 69 4 12 0 18 13 21 1 19 91 76 30 64 0 66 68 34 17 16 39 92 35 65 9 68 51 45 14 38 0 81 0 46 7 9 0 8 83 35 0 0 93 0 37 77 87 68 16 0 0 1 53 56 37 37 44 57 0 37 93 91 52 3 18 55 81 68 58 0 62 55 42 6 87 62 
74 78 55 8 0 77 62 24 55 87 65 14 73 0 0 26 53 51 81 82 36 37 80 9 1 67 74 0 15 0 13 11 57 23 63 15 27 0 21 44 29 5 9 0 87 85 59 75 70 24 0 20 2 36 58 81 49 1 0 3 96 0 95 59 86 42 70 37 0 22 65 54 0 50 84 87 0 0 0 0 43 45 87 26 68 71 27 48 47 89 0 41 2 57 0 51 1 0 0 73 
63 70 74 0 0 23 0 35 8 0 82 42 57 78 18 0 69 43 4 0 14 28 39 14 97 79 0 64 54 13 58 0 18 0 13 10 0 75 48 0 35 88 0 96 1 28 1 50 85 93 42 49 16 89 85 39 0 5 53 0 83 21 77 29 98 65 79 77 22 0 61 70 51 100 7 70 0 36 74 49 94 82 82 13 3 59 0 0 62 45 0 55 0 0 47 46 15 2 7 24 
0 0 66 31 99 87 30 24 52 89 10 64 38 31 12 99 39 72 54 73 40 85 76 73 49 41 0 71 0 1 33 0 59 37 0 80 26 41 23 77 9 70 95 43 79 90 0 0 0 60 41 23 93 72 42 60 78 0 42 52 29 38 67 81 11 60 20 87 65 61 0 25 50 23 59 67 0 0 33 41 43 91 45 61 83 44 78 42 88 0 0 11 0 23 47 0 0 63 71 23 
0 27 71 70 87 9 0 85 0 69 0 38 24 2 77 94 41 50 62 94 77 0 36 0 55 27 28 0 86 50 96 35 0 23 90 74 44 82 12 94 97 2 90 31 58 91 0 100 0 0 74 19 38 0 65 18 0 0 32 87 59 81 0 77 93 5 28 68 54 70 25 0 15 28 38 37 63 75 64 56 0 45 3 50 47 87 14 54 0 0 100 46 13 36 20 34 29 2 40 62 
0 0 3 68 0 0 0 30 57 15 27 76 37 12 0 0 35 26 40 12 51 10 60 25 70 27 20 0 54 54 79 6 54 99 13 59 10 5 86 88 10 58 100 0 59 13 5 16 1 42 12 78 74 52 52 90 93 99 0 23 35 80 45 59 51 85 0 16 0 51 50 15 0 42 63 10 32 13 88 41 64 62 37 85 33 29 0 11 0 99 0 21 98 17 0 0 55 17 49 34 
88 19 54 0 26 16 0 45 14 88 87 2 36 78 66 18 71 39 35 68 70 71 11 56 12 0 26 0 9 35 87 57 39 9 0 61 88 29 36 9 19 0 68 26 47 0 40 0 78 35 71 6 0 40 43 95 82 11 90 19 46 77 88 22 79 19 79 0 50 100 23 28 42 0 75 21 0 0 65 32 88 0 93 0 7 0 12 72 10 19 97 13 95 0 0 22 9 0 4 85 
62 0 89 100 14 73 0 0 48 0 75 38 21 93 42 0 16 93 0 40 0 0 4 22 100 92 56 37 57 37 37 48 77 9 24 23 69 0 88 17 48 2 53 36 0 98 19 76 36 68 4 7 99 0 24 95 0 52 90 62 0 3 55 65 81 59 17 0 84 7 59 38 63 75 0 40 84 92 31 0 66 91 40 51 54 38 0 99 80 83 38 85 85 84 0 87 96 54 66 44 
76 97 0 8 40 92 66 95 13 91 57 76 49 61 98 6 45 98 47 0 20 0 27 0 50 0 29 36 31 71 51 90 97 76 59 97 63 94 88 81 31 23 0 51 0 0 0 15 97 82 23 49 3 49 57 0 46 42 69 44 73 36 62 72 55 69 74 1 87 70 67 37 10 21 40 0 4 83 94 98 53 71 32 52 0 81 17 9 43 91 52 59 39 0 0 43 0 26 0 47 
0 28 92 60 0 17 83 59 0 69 83 33 22 17 46 94 78 0 91 65 80 0 0 65 46 61 33 0 6 23 55 30 99 98 12 35 86 40 46 68 55 33 0 70 0 54 0 36 0 97 0 26 3 43 14 0 31 29 0 85 9 0 86 13 62 26 7 53 0 0 0 63 32 0 84 4 0 31 61 0 0 93 99 69 45 25 0 0 83 68 0 5 0 19 98 98 71 0 21 47 
24 91 0 71 0 87 43 63 63 98 58 91 85 47 22 84 53 17 56 88 48 56 0 75 49 26 0 98 100 46 60 23 64 21 77 17 0 38 0 67 50 65 72 30 77 29 92 76 83 0 67 66 51 0 5 97 0 35 35 9 63 0 80 49 41 62 0 56 0 36 0 75 13 0 92 83 31 0 81 92 57 38 64 0 38 62 53 38 55 0 76 0 92 0 18 0 52 42 41 78 
94 19 28 98 45 91 54 91 88 36 3 2 24 99 0 1 43 95 73 94 85 84 71 0 72 10 92 94 58 0 84 28 78 79 2 87 30 16 0 26 57 55 26 34 42 52 29 63 26 70 73 50 69 91 0 69 0 0 82 9 35 1 51 28 62 48 68 37 0 74 33 64 88 65 31 94 61 81 0 22 56 58 12 41 38 98 69 86 23 91 65 44 90 83 56 77 91 22 0 48 
57 93 0 38 44 37 13 0 0 24 0 47 0 0 57 75 81 67 18 25 1 42 59 82 0 85 86 69 78 12 81 72 31 16 56 68 15 96 48 98 39 0 7 0 98 0 31 60 75 0 3 94 90 66 19 0 1 82 57 0 80 78 6 6 91 9 79 37 0 49 41 56 41 32 0 98 0 92 22 0 85 40 0 20 63 20 77 19 12 23 75 37 98 13 27 90 40 12 0 58 
95 94 8 4 0 93 73 37 87 37 60 28 7 6 8 0 55 7 0 1 39 88 0 0 23 76 48 37 8 67 9 33 89 0 91 24 45 17 70 0 6 61 2 6 91 27 51 21 3 74 0 55 73 5 69 97 20 0 92 0 54 74 60 57 80 100 0 44 43 94 43 0 64 88 66 53 0 57 56 85 0 29 3 59 73 60 20 81 17 91 0 70 4 0 93 83 32 31 81 55 
75 16 56 49 49 39 51 28 17 33 53 0 15 88 31 62 77 33 68 31 53 0 81 85 82 43 56 100 0 97 46 90 38 20 94 80 82 98 0 58 53 0 54 6 51 40 42 0 63 81 22 84 99 16 61 0 19 72 34 0 67 91 5 23 63 41 68 57 45 82 91 45 62 0 91 71 93 38 58 40 29 0 74 94 57 0 95 40 86 17 40 8 1 0 0 2 81 80 0 25 
7 0 65 40 0 1 0 0 79 76 85 24 0 60 54 50 30 83 50 25 27 16 78 28 59 92 82 49 63 38 1 45 0 0 75 25 62 57 41 50 96 31 34 0 0 0 79 17 29 0 29 62 12 20 12 0 8 0 83 38 13 52 0 97 13 0 52 0 87 82 45 3 37 93 40 32 99 64 12 0 3 74 0 0 44 76 68 54 4 15 0 89 20 0 11 78 85 39 29 93 
36 25 96 21 11 78 81 100 0 99 3 58 40 78 85 93 55 79 98 0 18 17 91 89 80 95 22 40 47 60 43 26 8 75 77 5 81 0 81 22 86 21 76 64 58 72 6 0 31 67 48 10 20 49 34 13 11 23 2 83 0 16 49 12 12 88 42 37 26 13 61 50 85 0 51 52 69 0 41 20 59 94 0 0 87 68 0 39 93 80 33 94 85 40 42 34 4 56 70 56 
78 0 42 0 0 83 9 0 76 44 20 25 24 84 77 68 30 42 36 18 66 0 39 95 91 0 86 16 0 89 93 100 71 20 18 70 15 15 95 64 25 30 0 84 85 2 25 55 24 2 25 73 71 38 29 46 57 26 60 100 29 56 31 53 21 79 70 93 68 3 83 47 33 7 54 0 45 38 38 63 73 57 44 87 0 54 9 66 16 42 0 30 59 70 84 78 3 37 75 0 
1 13 74 0 76 11 41 26 14 0 0 0 15 93 93 99 14 2 0 0 20 15 98 25 76 26 4 15 17 17 38 36 70 65 0 96 87 80 93 98 67 33 0 41 81 91 8 86 95 67 26 77 67 91 1 25 5 71 94 53 90 30 0 50 48 84 0 91 71 59 44 87 29 0 38 81 25 62 98 20 60 0 76 68 54 0 0 78 0 58 71 58 33 50 0 37 74 38 13 46 
3 10 9 14 18 44 92 8 65 55 35 0 79 87 72 35 93 0 27 45 0 7 49 38 36 51 8 43 42 0 30 26 78 88 22 96 13 33 0 31 8 12 93 99 7 85 89 69 50 97 21 26 46 0 0 25 0 68 72 47 0 14 0 96 0 86 96 52 27 0 78 14 0 12 0 17 0 53 69 77 20 95 68 0 9 0 0 0 0 15 0 65 0 99 39 0 95 0 91 93 
39 0 77 22 49 56 0 53 79 0 57 97 59 0 36 60 42 53 27 37 54 71 33 91 35 83 0 49 54 98 95 42 77 53 57 27 8 42 29 0 91 21 68 85 62 92 64 95 55 52 25 11 0 87 0 19 17 0 0 21 39 5 30 74 96 87 48 3 48 0 42 54 11 72 99 9 0 38 86 19 81 40 54 39 66 78 0 0 42 48 43 53 0 57 84 45 0 62 17 39 
24 66 41 27 56 89 0 9 33 65 34 73 47 87 8 98 40 25 67 0 94 72 92 46 41 27 0 74 53 32 58 62 92 84 90 84 52 98 79 69 90 22 0 44 48 41 67 54 40 38 31 95 8 22 0 47 5 94 0 77 0 20 0 1 25 9 1 18 47 62 88 0 0 10 80 43 83 55 23 12 17 86 4 93 16 0 0 42 0 97 38 7 81 0 0 51 97 40 76 27 
63 65 6 67 95 79 96 82 0 21 19 83 41 44 48 97 65 62 0 82 21 0 0 80 54 45 91 94 72 20 53 80 26 3 8 11 47 81 51 68 1 39 6 1 0 86 86 0 92 88 81 0 10 78 0 28 46 35 61 97 0 35 83 0 25 73 1 55 89 45 0 0 99 19 83 91 68 0 91 23 91 17 15 80 42 58 15 48 97 0 0 72 93 47 42 83 34 0 0 56 
0 0 91 26 39 0 33 7 0 81 36 26 0 98 0 0 14 58 93 86 0 0 0 90 74 18 68 7 34 0 3 12 66 16 58 38 32 7 25 91 60 0 16 94 0 43 76 0 34 69 75 28 0 0 62 89 4 25 0 59 69 9 0 63 91 4 0 81 0 0 0 100 0 97 38 52 0 76 65 75 0 40 0 33 0 71 0 43 38 0 0 0 100 0 72 71 75 51 50 0 
0 38 32 28 58 12 0 0 0 0 78 82 54 0 27 81 63 90 83 34 84 17 50 3 0 54 69 0 50 27 42 6 0 62 25 21 62 25 9 20 42 49 0 37 65 27 91 0 77 67 17 53 39 74 0 62 57 89 0 47 75 0 21 41 16 38 20 68 41 55 11 46 21 13 85 59 5 0 44 37 70 8 89 94 30 58 65 53 7 72 0 0 24 11 0 59 65 0 52 80 
94 61 7 69 39 96 0 10 45 67 42 49 60 6 27 0 77 96 0 2 40 0 12 0 18 0 36 11 47 13 100 78 0 4 94 82 0 0 31 4 69 83 0 62 1 85 80 50 57 72 40 79 78 83 1 0 0 80 28 67 78 12 22 0 26 48 7 58 2 0 0 13 98 95 85 39 0 92 90 98 4 1 20 85 59 33 0 0 81 93 100 24 0 11 0 2 57 43 59 96 
87 44 17 4 69 53 31 55 80 24 99 36 78 0 48 71 58 54 0 58 77 0 0 8 0 61 86 81 84 52 31 39 21 92 5 7 41 17 0 98 0 32 0 75 27 4 23 64 49 68 23 0 13 85 8 0 0 64 45 0 61 10 0 61 47 9 0 0 57 0 23 36 17 0 84 0 19 0 83 13 0 0 0 40 70 50 99 57 0 47 0 11 11 0 0 38 74 79 18 0 
63 0 0 44 1 73 40 61 23 12 94 95 0 56 45 91 69 86 56 21 57 0 96 0 16 81 0 0 17 8 100 77 26 86 50 0 42 77 99 0 24 0 0 16 3 66 97 29 71 0 50 66 55 10 1 57 34 33 58 70 98 56 84 94 89 96 13 62 0 47 47 20 0 0 0 0 98 18 56 27 93 0 11 42 84 0 39 84 0 42 72 0 0 0 0 34 0 0 3 19 
0 0 0 52 85 13 35 50 0 82 97 49 14 28 0 3 47 0 89 55 35 0 2 38 3 89 5 69 71 70 94 76 0 0 40 71 22 74 90 63 20 0 68 7 0 30 94 0 97 39 98 80 54 0 6 37 10 15 87 75 0 51 19 13 62 31 97 55 51 46 0 34 0 22 87 43 98 0 77 90 83 2 78 34 78 37 0 45 51 83 71 59 2 38 34 0 0 52 65 45 
19 0 0 100 45 70 19 58 0 9 80 23 62 38 43 59 48 25 51 10 80 34 0 74 0 47 11 0 0 6 38 92 5 68 0 35 13 37 57 81 8 0 37 82 78 81 81 85 33 2 100 0 0 48 74 28 2 17 87 25 48 0 5 28 54 26 76 42 1 15 0 29 55 9 96 0 71 52 91 40 32 81 85 4 3 74 95 0 97 34 75 65 57 74 0 0 0 0 16 70 
87 0 97 91 52 5 22 79 87 29 0 97 0 31 72 0 42 36 22 9 0 41 0 15 14 68 37 37 41 33 0 0 9 9 56 72 38 0 18 33 0 0 48 0 54 86 24 17 0 0 0 70 0 0 0 57 0 42 98 89 36 91 100 8 5 33 15 6 0 2 63 2 17 0 54 26 0 42 22 12 31 80 39 56 37 38 0 62 40 0 51 0 43 79 0 52 0 0 52 0 
92 14 76 34 26 35 12 35 8 0 56 85 61 81 43 96 22 71 5 42 97 78 16 46 5 6 93 93 99 0 0 75 16 70 82 10 0 0 94 0 65 1 47 58 4 75 9 22 62 91 43 54 0 87 0 46 0 8 24 26 62 48 45 84 31 24 11 87 0 7 71 40 49 4 66 0 21 41 0 0 81 0 29 70 75 13 91 17 76 0 50 52 59 18 3 65 16 52 0 7 
8 0 22 65 51 56 76 39 0 11 45 66 50 31 19 41 4 93 16 29 90 0 71 0 96 16 26 3 34 90 0 23 48 98 0 0 65 28 0 40 80 0 13 44 43 49 6 16 62 33 17 95 92 77 93 86 70 93 37 91 100 82 74 53 37 9 30 62 73 24 23 62 34 85 44 47 47 78 48 58 55 25 93 56 0 46 93 39 27 56 0 80 96 0 19 45 70 0 7 0 
