0 0 56 0 0 0 0 0 0 0 55 0 0 0 0 0 0 0 9 0 0 0 0 0 0 0 0 60 71 0 0 0 0 0 0 0 0 0 0 0 0 0 0 0 0 0 0 0 0 0 0 0 0 0 0 0 0 0 0 0 0 0 0 0 0 0 0 0 0 0 0 0 0 76 0 0 0 66 0 0 0 0 0 0 0 0 0 0 0 33 0 87 0 0 0 0 0 0 63 0 
0 0 37 0 0 26 0 0 44 0 0 30 0 0 0 0 0 0 22 73 0 0 0 0 0 0 0 0 0 10 0 0 0 0 0 0 0 0 0 0 0 0 0 0 0 0 0 0 0 59 0 0 0 0 0 0 0 0 0 0 0 0 0 0 98 0 0 0 0 0 0 0 0 0 0 0 0 0 0 60 0 0 20 46 0 0 0 0 0 0 0 0 0 0 0 0 0 87 0 0 
56 37 0 0 0 0 48 0 0 0 0 0 0 0 0 0 0 0 44 0 0 0 0 0 0 37 0 0 0 0 0 15 0 0 0 0 0 0 0 0 0 0 0 91 0 0 0 93 0 0 0 0 0 0 0 0 0 0 0 0 0 0 0 76 0 0 0 25 0 0 0 0 0 0 0 0 0 0 0 37 0 0 0 0 0 0 0 0 0 0 0 0 0 0 0 0 77 0 2 0 
0 0 0 0 0 31 46 0 0 0 0 0 0 0 46 0 0 0 0 0 0 0 65 0 91 0 0 0 0 12 0 0 0 0 0 0 0 20 0 0 0 0 0 0 0 86 0 0 0 0 0 0 14 0 0 0 0 33 0 0 31 0 0 0 0 0 0 0 0 0 0 0 45 0 0 0 0 0 0 0 0 42 0 0 0 0 56 0 0 0 0 0 0 0 0 94 0 0 0 0 
0 0 0 0 0 39 0 0 0 0 0 0 0 0 0 45 0 0 0 97 0 0 0 0 0 0 0 0 0 0 0 0 0 0 0 33 0 0 0 0 0 70 0 0 0 0 0 0 0 0 0 0 14 6 0 26 94 0 0 0 0 0 0 0 0 0 0 0 0 0 47 0 0 0 0 0 8 0 0 0 0 0 0 0 0 20 0 0 0 0 44 0 0 0 60 0 0 79 0 0 
0 26 0 31 39 0 0 0 0 0 0 0 0 0 0 0 80 0 0 0 0 0 0 0 0 32 37 0 0 0 0 0 0 0 0 0 0 0 0 34 0 89 0 66 0 0 46 0 0 0 0 0 0 0 0 0 0 0 0 81 0 0 0 0 55 0 0 0 0 0 0 0 0 79 0 0 0 0 0 0 0 0 0 0 0 0 0 0 0 0 0 0 0 0 0 0 91 0 5 0 
0 0 48 46 0 0 0 0 0 0 0 0 0 20 0 0 0 0 0 0 0 98 0 0 0 0 0 0 0 0 0 0 0 0 0 0 0 0 0 0 0 0 0 48 0 0 0 0 0 0 0 35 0 0 0 0 0 0 0 0 0 0 0 0 0 0 0 0 0 0 0 84 96 0 0 0 0 0 0 0 0 0 0 64 26 0 0 0 0 0 16 0 0 0 65 0 0 0 0 0 
0 0 0 0 0 0 0 0 0 0 67 0 0 0 0 0 0 0 0 0 0 0 0 28 55 0 30 39 51 0 0 0 0 0 0 0 0 0 0 0 0 0 83 39 0 0 0 0 0 0 0 0 0 0 90 0 0 0 0 0 0 0 0 0 0 0 0 0 0 0 0 0 0 0 0 0 0 0 0 0 0 0 58 0 0 0 0 0 0 61 0 0 0 0 0 99 0 0 0 0 
0 44 0 0 0 0 0 0 0 0 0 0 96 0 0 66 0 0 0 0 0 0 37 0 0 0 0 0 0 41 0 0 0 0 0 0 0 0 28 50 0 0 0 0 0 0 0 0 0 0 0 0 0 0 0 0 0 0 0 0 0 0 0 44 0 0 0 0 0 0 0 0 0 0 0 0 0 0 0 0 0 0 54 61 0 0 0 0 0 0 90 0 0 50 0 0 0 0 33 0 
0 0 0 0 0 0 0 0 0 0 38 0 0 27 0 0 0 0 0 0 0 0 0 0 69 0 0 0 0 0 29 0 0 0 72 0 49 0 0 0 0 0 0 78 0 0 0 0 0 0 0 0 0 0 0 58 0 0 0 0 0 0 0 0 0 0 0 0 61 0 71 85 0 0 0 0 0 0 0 0 0 0 0 0 0 0 0 0 10 24 0 0 0 0 0 0 0 80 99 0 
55 0 0 0 0 0 0 67 0 38 0 0 0 0 0 0 0 0 0 0 0 0 0 3 0 20 0 0 0 0 0 0 0 0 0 0 34 0 0 0 41 0 0 0 0 0 0 0 0 0 94 0 56 0 0 0 0 0 0 0 0 0 0 0 0 0 57 0 0 0 0 0 0 96 0 0 0 0 0 0 0 0 0 0 0 0 0 0 0 0 0 0 0 0 0 0 0 0 19 0 
0 30 0 0 0 0 0 0 0 0 0 0 63 0 0 0 0 0 0 0 0 0 0 36 0 0 57 0 0 0 0 0 0 0 0 0 0 0 0 0 0 0 0 0 0 0 0 0 0 0 0 0 0 0 35 0 0 0 0 0 0 0 0 0 0 86 0 0 0 0 0 0 0 12 63 0 64 0 0 0 84 68 0 0 0 0 1 0 0 0 0 0 0 0 0 0 0 0 0 0 
0 0 0 0 0 0 0 0 96 0 0 63 0 0 0 0 0 84 0 0 0 10 0 0 0 0 0 0 0 90 0 31 0 0 22 74 0 0 0 47 0 0 0 0 0 0 0 0 0 2 0 0 0 0 0 0 10 0 0 0 0 0 0 0 0 0 0 54 42 0 0 0 0 0 0 0 0 0 0 0 0 0 0 0 0 0 0 0 0 46 0 77 0 0 0 0 0 0 0 0 
0 0 0 0 0 0 20 0 0 27 0 0 0 0 91 70 0 0 0 0 0 0 0 0 67 0 0 0 0 0 0 0 0 0 0 0 0 0 0 0 0 0 0 0 0 0 0 0 0 0 0 70 0 0 0 0 75 0 0 0 0 40 0 0 0 8 7 0 0 0 64 0 0 0 0 0 0 0 0 0 0 0 0 0 0 34 0 0 0 0 46 73 0 0 36 0 0 0 0 0 
0 0 0 46 0 0 0 0 0 0 0 0 0 91 0 0 0 26 0 0 0 0 21 0 0 0 49 0 0 0 90 0 0 0 90 0 0 0 16 74 0 0 0 0 0 0 0 0 0 0 0 86 0 0 18 0 0 0 0 0 0 0 0 0 29 0 0 0 6 0 0 0 0 0 0 0 0 0 0 0 0 0 0 0 0 0 0 0 0 0 0 0 54 0 0 0 0 0 2 0 
0 0 0 0 45 0 0 0 66 0 0 0 0 70 0 0 0 0 0 0 0 0 0 0 58 0 0 0 0 0 0 0 0 0 0 19 0 8 0 0 0 0 0 0 0 0 0 0 0 0 0 53 0 0 88 0 0 0 0 0 0 0 0 0 0 0 44 48 0 0 0 0 0 0 0 0 0 0 0 0 0 0 39 0 0 0 0 92 0 0 0 0 93 60 1 0 0 0 0 0 
0 0 0 0 0 80 0 0 0 0 0 0 0 0 0 0 0 0 0 0 0 0 0 74 0 0 44 0 0 0 0 0 0 0 0 0 0 0 0 0 0 18 37 0 0 0 0 0 0 0 0 0 0 64 0 0 71 37 0 7 0 0 100 0 61 0 0 0 0 0 0 0 99 0 0 0 0 0 0 0 0 0 45 42 0 0 0 0 0 0 0 0 60 0 0 0 0 0 0 0 
0 0 0 0 0 0 0 0 0 0 0 0 84 0 26 0 0 0 0 12 0 8 0 0 44 0 0 0 51 0 23 0 0 0 0 0 0 0 30 0 0 0 0 0 0 0 0 0 62 0 0 34 0 0 0 6 0 0 0 42 0 0 0 90 0 0 0 0 0 0 0 0 0 0 0 0 0 0 0 0 96 0 0 0 0 0 0 0 0 0 0 0 87 0 0 0 0 0 0 0 
9 22 44 0 0 0 0 0 0 0 0 0 0 0 0 0 0 0 0 0 98 44 0 0 0 0 0 0 13 90 0 0 0 78 28 0 0 0 0 0 0 0 0 0 0 0 0 0 0 0 0 0 0 0 0 5 0 0 0 0 0 0 0 0 0 0 88 0 0 0 0 0 0 0 0 0 0 0 0 0 0 0 0 0 0 0 0 0 0 33 0 0 19 0 0 0 0 0 38 89 
0 73 0 0 97 0 0 0 0 0 0 0 0 0 0 0 0 12 0 0 0 0 0 0 0 1 0 17 0 0 0 0 0 0 0 0 0 6 0 0 43 0 0 0 0 0 0 0 0 0 0 0 0 0 0 0 0 0 95 0 0 0 0 0 0 0 0 0 0 0 0 0 0 0 0 0 0 0 0 0 99 0 0 0 0 0 0 0 85 0 0 91 0 17 0 0 75 0 0 0 
0 0 0 0 0 0 0 0 0 0 0 0 0 0 0 0 0 0 98 0 0 0 0 72 91 0 0 0 0 0 0 0 0 0 0 0 24 0 0 0 0 46 0 0 50 0 92 0 0 0 0 0 0 0 0 0 0 0 0 25 0 0 41 0 0 0 0 0 49 0 0 0 15 0 0 0 0 0 0 0 0 0 43 0 0 0 0 0 0 0 54 0 50 0 0 0 0 0 0 0 
0 0 0 0 0 0 98 0 0 0 0 0 10 0 0 0 0 8 44 0 0 0 0 0 0 0 0 0 0 0 91 0 0 0 0 0 0 86 0 0 0 0 0 0 0 0 0 29 0 0 0 0 32 0 0 0 0 85 0 0 52 0 0 0 0 0 0 0 0 0 0 0 0 0 0 0 0 0 0 0 53 0 0 0 0 0 0 0 0 0 0 0 0 0 12 0 0 0 0 0 
0 0 0 65 0 0 0 0 37 0 0 0 0 0 21 0 0 0 0 0 0 0 0 0 0 0 0 0 0 0 0 0 72 0 55 0 0 0 0 0 57 0 0 0 0 0 59 0 60 68 0 0 0 0 0 0 0 0 0 0 0 0 0 0 32 0 0 0 0 0 0 0 0 0 88 0 0 0 0 51 0 0 0 32 0 0 0 36 0 0 56 0 0 0 0 0 0 0 0 0 
0 0 0 0 0 0 0 28 0 0 3 36 0 0 0 0 74 0 0 0 72 0 0 0 0 0 52 58 0 0 0 0 0 0 20 0 64 0 0 0 0 0 0 0 0 52 0 0 0 0 0 0 0 0 44 0 0 0 86 0 0 0 0 0 0 0 49 0 0 0 0 0 0 0 0 0 0 0 0 0 0 5 0 0 0 0 28 0 0 0 0 0 0 0 0 0 0 0 0 0 
0 0 0 91 0 0 0 55 0 69 0 0 0 67 0 58 0 44 0 0 91 0 0 0 0 0 0 0 0 0 83 0 0 0 0 0 0 0 0 0 0 0 0 0 0 0 0 0 0 0 53 0 0 0 0 0 79 52 60 0 0 0 0 0 0 94 0 0 0 0 0 0 19 0 0 0 0 0 0 0 0 0 0 0 0 0 14 0 0 0 0 0 0 0 0 0 0 0 0 0 
0 0 37 0 0 32 0 0 0 0 20 0 0 0 0 0 0 0 0 1 0 0 0 0 0 0 0 0 0 0 0 0 0 0 0 0 0 0 37 57 52 0 0 0 0 0 0 13 0 0 0 0 0 0 0 0 0 0 66 0 0 0 0 0 92 88 0 0 0 0 0 0 0 0 0 0 0 0 0 0 19 0 0 0 0 0 0 0 0 0 0 0 78 0 56 0 69 0 0 0 
0 0 0 0 0 37 0 30 0 0 0 57 0 0 49 0 44 0 0 0 0 0 0 52 0 0 0 0 0 0 0 0 0 0 0 0 0 0 0 0 0 0 0 6 0 0 0 0 0 0 0 0 0 0 0 0 0 0 0 0 0 0 0 0 0 0 23 0 0 0 0 0 0 0 0 60 0 0 0 0 0 67 0 0 0 0 0 0 0 0 0 0 0 0 0 0 0 0 0 0 
60 0 0 0 0 0 0 39 0 0 0 0 0 0 0 0 0 0 0 17 0 0 0 58 0 0 0 0 0 0 0 0 0 0 0 0 10 0 0 0 56 26 0 0 0 0 0 0 0 0 0 0 0 0 0 0 0 0 15 0 0 0 0 0 0 0 0 0 51 0 0 33 0 0 73 0 0 91 0 0 0 0 0 71 0 0 0 0 0 0 0 0 0 0 0 93 0 0 67 0 
71 0 0 0 0 0 0 51 0 0 0 0 0 0 0 0 0 51 13 0 0 0 0 0 0 0 0 0 0 0 0 0 0 0 94 35 0 68 0 0 0 0 0 0 0 0 0 0 0 0 29 0 0 0 0 0 0 0 0 0 0 0 0 0 97 0 97 0 0 0 0 0 0 25 0 0 0 0 0 0 0 0 0 0 0 0 0 0 0 0 0 0 0 0 0 0 0 0 0 0 
0 10 0 12 0 0 0 0 41 0 0 0 90 0 0 0 0 0 90 0 0 0 0 0 0 0 0 0 0 0 0 46 0 0 0 0 0 0 0 0 0 0 0 0 0 0 0 0 0 15 0 0 55 0 0 0 30 0 0 0 0 19 0 94 0 0 0 0 6 0 0 0 0 14 0 0 0 0 0 0 40 0 0 0 0 0 0 0 0 0 0 0 0 0 0 0 0 51 0 0 
0 0 0 0 0 0 0 0 0 29 0 0 0 0 90 0 0 23 0 0 0 91 0 0 83 0 0 0 0 0 0 0 99 0 0 0 0 0 0 0 0 0 0 0 0 0 0 0 0 0 0 0 16 0 0 0 0 0 0 0 0 0 0 0 0 0 0 0 33 98 0 0 71 0 0 0 0 0 0 0 99 22 0 0 82 0 0 0 0 0 0 19 0 0 0 0 31 0 0 0 
0 0 15 0 0 0 0 0 0 0 0 0 31 0 0 0 0 0 0 0 0 0 0 0 0 0 0 0 0 46 0 0 0 0 0 0 0 0 66 0 0 90 0 0 0 0 0 0 0 92 7 0 0 0 0 0 0 0 4 0 0 0 0 0 0 0 0 0 0 0 0 0 0 0 0 0 0 16 68 54 0 0 0 0 0 11 0 0 0 55 5 0 0 0 0 0 0 0 0 0 
0 0 0 0 0 0 0 0 0 0 0 0 0 0 0 0 0 0 0 0 0 0 72 0 0 0 0 0 0 0 99 0 0 58 0 0 43 0 0 0 0 0 0 0 0 0 0 0 0 0 17 66 0 0 0 0 0 20 0 0 0 32 0 0 0 0 0 0 0 0 0 0 0 0 0 0 7 0 0 0 0 0 0 0 42 0 0 32 0 0 0 0 0 0 0 0 86 0 0 0 
0 0 0 0 0 0 0 0 0 0 0 0 0 0 0 0 0 0 78 0 0 0 0 0 0 0 0 0 0 0 0 0 58 0 0 0 0 0 0 0 0 0 0 0 61 0 0 0 25 0 0 0 0 0 0 0 0 0 0 0 0 0 10 0 0 0 0 0 0 60 0 0 81 0 0 0 0 0 17 0 0 0 0 0 0 0 4 79 0 41 0 0 0 42 0 85 95 89 0 0 
0 0 0 0 0 0 0 0 0 72 0 0 22 0 90 0 0 0 28 0 0 0 55 20 0 0 0 0 94 0 0 0 0 0 0 0 0 0 0 0 0 24 0 0 0 0 0 0 47 0 0 0 0 0 91 0 0 0 0 0 0 0 0 0 39 0 0 0 0 0 0 0 0 0 0 0 62 0 0 39 0 0 0 0 0 0 66 0 0 0 72 0 0 0 0 0 0 0 0 0 
0 0 0 0 33 0 0 0 0 0 0 0 74 0 0 19 0 0 0 0 0 0 0 0 0 0 0 0 35 0 0 0 0 0 0 0 0 26 41 60 0 70 0 0 0 0 0 95 0 0 0 0 0 0 0 45 0 0 0 0 0 0 94 0 0 0 0 0 14 0 0 0 0 0 0 0 0 0 0 0 0 5 0 0 0 0 0 0 0 0 0 0 0 72 0 0 0 74 0 0 
0 0 0 0 0 0 0 0 0 49 34 0 0 0 0 0 0 0 0 0 24 0 0 64 0 0 0 10 0 0 0 0 43 0 0 0 0 96 0 0 0 0 0 0 0 0 0 0 0 0 0 0 65 0 0 0 0 0 0 0 72 16 0 0 69 0 0 0 0 39 0 0 0 0 0 0 0 0 79 0 0 0 0 0 0 0 0 17 0 0 0 0 0 0 0 0 0 0 0 10 
0 0 0 20 0 0 0 0 0 0 0 0 0 0 0 8 0 0 0 6 0 86 0 0 0 0 0 0 68 0 0 0 0 0 0 26 96 0 0 0 0 0 0 0 0 0 0 0 0 0 0 2 0 0 0 0 0 0 0 65 0 0 0 0 0 0 0 0 0 0 0 0 0 43 0 0 0 0 0 0 81 64 0 0 0 0 0 0 0 0 0 0 0 0 1 74 0 0 0 9 
0 0 0 0 0 0 0 0 28 0 0 0 0 0 16 0 0 30 0 0 0 0 0 0 0 37 0 0 0 0 0 66 0 0 0 41 0 0 0 0 0 0 0 0 0 0 0 0 0 0 0 0 0 6 0 0 0 56 0 0 0 0 0 0 0 0 0 0 0 0 0 0 0 0 0 0 0 0 87 0 0 0 0 0 0 0 0 0 0 0 59 0 0 0 0 0 0 18 0 0 
0 0 0 0 0 34 0 0 50 0 0 0 47 0 74 0 0 0 0 0 0 0 0 0 0 57 0 0 0 0 0 0 0 0 0 60 0 0 0 0 0 0 0 57 0 0 0 0 0 0 0 0 0 0 0 3 0 0 0 0 0 0 7 0 0 0 0 9 0 57 0 0 0 0 0 0 0 0 0 0 0 0 0 0 0 0 29 0 67 0 0 0 0 48 0 0 0 0 0 2 
0 0 0 0 0 0 0 0 0 0 41 0 0 0 0 0 0 0 0 43 0 0 57 0 0 52 0 56 0 0 0 0 0 0 0 0 0 0 0 0 0 0 0 0 0 0 96 0 0 0 93 0 0 39 0 0 49 0 32 21 0 0 0 0 0 0 0 0 0 0 0 0 0 0 2 0 0 0 0 0 0 0 0 0 0 0 0 0 0 0 0 0 0 0 0 0 0 0 0 0 
0 0 0 0 70 89 0 0 0 0 0 0 0 0 0 0 18 0 0 0 46 0 0 0 0 0 0 26 0 0 0 90 0 0 24 70 0 0 0 0 0 0 0 0 0 0 0 0 0 0 36 0 0 0 0 0 0 0 0 94 0 0 0 0 0 0 0 0 98 0 0 0 0 88 0 20 0 0 0 0 0 0 0 38 0 0 0 0 0 0 0 0 0 0 0 0 0 0 0 34 
0 0 0 0 0 0 0 83 0 0 0 0 0 0 0 0 37 0 0 0 0 0 0 0 0 0 0 0 0 0 0 0 0 0 0 0 0 0 0 0 0 0 0 0 0 0 0 68 0 0 0 0 0 0 0 23 0 0 0 0 47 0 0 0 0 46 0 9 0 0 0 6 0 0 0 0 0 0 0 0 0 0 0 0 0 0 0 0 0 0 0 0 0 0 0 19 0 0 0 4 
0 0 91 0 0 66 48 39 0 78 0 0 0 0 0 0 0 0 0 0 0 0 0 0 0 0 6 0 0 0 0 0 0 0 0 0 0 0 0 57 0 0 0 0 0 0 0 3 0 31 0 60 0 0 0 0 0 9 0 0 0 0 0 0 0 0 0 0 76 0 0 0 0 98 0 0 0 0 0 6 0 0 0 0 0 0 0 0 0 0 0 0 0 0 0 82 0 0 0 0 
0 0 0 0 0 0 0 0 0 0 0 0 0 0 0 0 0 0 0 0 50 0 0 0 0 0 0 0 0 0 0 0 0 61 0 0 0 0 0 0 0 0 0 0 0 0 0 0 0 0 32 0 71 0 0 0 0 0 0 96 80 0 0 0 0 0 0 0 0 0 0 0 0 0 0 19 0 0 0 0 0 0 0 64 0 0 0 0 0 0 0 0 0 0 94 0 0 0 20 32 
0 0 0 86 0 0 0 0 0 0 0 0 0 0 0 0 0 0 0 0 0 0 0 52 0 0 0 0 0 0 0 0 0 0 0 0 0 0 0 0 0 0 0 0 0 0 0 0 0 44 0 0 51 0 0 49 0 0 0 84 0 0 0 0 0 0 0 83 0 0 0 0 0 0 0 0 0 0 0 0 0 16 34 43 0 63 78 0 0 0 0 0 0 0 0 96 59 0 0 17 
0 0 0 0 0 46 0 0 0 0 0 0 0 0 0 0 0 0 0 0 92 0 59 0 0 0 0 0 0 0 0 0 0 0 0 0 0 0 0 0 96 0 0 0 0 0 0 66 0 0 0 0 82 0 0 0 0 0 72 0 0 82 0 0 0 40 0 10 0 0 84 24 0 0 0 0 0 0 0 0 20 0 0 38 0 0 0 0 0 0 0 0 63 0 0 0 0 0 0 0 
0 0 93 0 0 0 0 0 0 0 0 0 0 0 0 0 0 0 0 0 0 29 0 0 0 13 0 0 0 0 0 0 0 0 0 95 0 0 0 0 0 0 68 3 0 0 66 0 0 0 0 0 0 0 0 0 0 0 0 0 0 0 0 0 0 0 0 0 0 0 0 67 0 0 20 0 2 0 0 0 8 0 0 52 0 0 66 0 0 0 0 0 0 0 0 6 29 0 0 0 
0 0 0 0 0 0 0 0 0 0 0 0 0 0 0 0 0 62 0 0 0 0 60 0 0 0 0 0 0 0 0 0 0 25 47 0 0 0 0 0 0 0 0 0 0 0 0 0 0 0 0 0 0 0 85 0 0 0 0 0 0 0 0 0 0 0 0 0 0 56 20 0 57 0 0 0 0 0 0 0 0 0 0 0 70 24 0 0 0 0 0 17 0 0 0 0 0 0 0 0 
0 59 0 0 0 0 0 0 0 0 0 0 2 0 0 0 0 0 0 0 0 0 68 0 0 0 0 0 0 15 0 92 0 0 0 0 0 0 0 0 0 0 0 31 0 44 0 0 0 0 0 0 0 0 0 0 21 0 0 0 0 0 0 21 0 0 0 0 0 0 0 0 0 0 0 81 50 0 33 0 0 0 0 0 0 0 0 0 0 0 29 0 62 0 0 94 0 0 0 0 
0 0 0 0 0 0 0 0 0 0 94 0 0 0 0 0 0 0 0 0 0 0 0 0 53 0 0 0 29 0 0 7 17 0 0 0 0 0 0 0 93 36 0 0 32 0 0 0 0 0 0 0 0 69 0 23 0 0 0 0 67 84 0 0 0 0 0 0 0 0 66 0 0 0 70 0 0 0 0 0 0 0 0 0 0 0 0 0 0 0 0 0 0 31 0 0 0 0 0 0 
0 0 0 0 0 0 35 0 0 0 0 0 0 70 86 53 0 34 0 0 0 0 0 0 0 0 0 0 0 0 0 0 66 0 0 0 0 2 0 0 0 0 0 60 0 0 0 0 0 0 0 0 0 0 0 0 0 0 27 0 0 52 0 0 0 55 0 0 0 26 0 0 0 0 0 0 0 0 0 89 0 19 0 0 0 0 0 23 0 0 0 0 0 0 0 0 0 0 0 0 
0 0 0 14 14 0 0 0 0 0 56 0 0 0 0 0 0 0 0 0 0 32 0 0 0 0 0 0 0 55 16 0 0 0 0 0 65 0 0 0 0 0 0 0 71 51 82 0 0 0 0 0 0 0 0 0 0 0 0 0 0 22 0 0 0 0 0 86 0 0 0 0 0 0 0 0 0 0 58 0 0 0 0 0 56 0 0 86 0 0 0 0 0 0 0 0 0 0 0 0 
0 0 0 0 6 0 0 0 0 0 0 0 0 0 0 0 64 0 0 0 0 0 0 0 0 0 0 0 0 0 0 0 0 0 0 0 0 0 6 0 39 0 0 0 0 0 0 0 0 0 69 0 0 0 0 0 0 0 0 0 0 0 0 0 0 0 0 0 0 0 0 0 5 67 0 0 0 0 0 0 0 0 0 78 0 0 0 0 0 0 0 0 0 53 0 0 0 0 0 0 
0 0 0 0 0 0 0 90 0 0 0 35 0 0 18 88 0 0 0 0 0 0 0 44 0 0 0 0 0 0 0 0 0 0 91 0 0 0 0 0 0 0 0 0 0 0 0 0 85 0 0 0 0 0 0 0 0 0 0 0 68 0 0 12 0 0 0 0 0 0 0 91 69 0 0 0 18 0 0 0 0 0 0 0 0 0 41 0 100 0 0 0 0 0 0 29 0 0 0 0 
0 0 0 0 26 0 0 0 0 58 0 0 0 0 0 0 0 6 5 0 0 0 0 0 0 0 0 0 0 0 0 0 0 0 0 45 0 0 0 3 0 0 23 0 0 49 0 0 0 0 23 0 0 0 0 0 61 0 0 0 0 97 0 0 0 33 0 0 0 0 0 71 0 0 0 0 0 0 0 0 0 0 0 91 0 0 0 0 0 0 94 0 0 0 0 0 0 0 0 0 
0 0 0 0 94 0 0 0 0 0 0 0 10 75 0 0 71 0 0 0 0 0 0 0 79 0 0 0 0 30 0 0 0 0 0 0 0 0 0 0 49 0 0 0 0 0 0 0 0 21 0 0 0 0 0 61 0 0 0 20 0 0 0 0 0 0 0 0 0 0 68 0 97 0 0 0 0 6 23 0 0 0 0 0 0 0 0 0 25 0 0 0 0 0 0 0 0 0 0 0 
0 0 0 33 0 0 0 0 0 0 0 0 0 0 0 0 37 0 0 0 0 85 0 0 52 0 0 0 0 0 0 0 20 0 0 0 0 0 56 0 0 0 0 9 0 0 0 0 0 0 0 0 0 0 0 0 0 0 0 0 0 0 0 0 0 97 0 0 0 0 75 0 0 0 0 91 0 0 0 0 0 0 0 0 0 0 0 0 0 0 0 60 0 74 0 0 0 0 0 0 
0 0 0 0 0 0 0 0 0 0 0 0 0 0 0 0 0 0 0 95 0 0 0 86 60 66 0 15 0 0 0 4 0 0 0 0 0 0 0 0 32 0 0 0 0 0 72 0 0 0 0 27 0 0 0 0 0 0 0 18 0 0 0 0 77 0 0 0 0 0 0 0 0 0 35 53 0 0 0 98 0 0 0 0 0 0 0 0 0 0 0 0 0 0 0 0 0 0 0 0 
0 0 0 0 0 81 0 0 0 0 0 0 0 0 0 0 7 42 0 0 25 0 0 0 0 0 0 0 0 0 0 0 0 0 0 0 0 65 0 0 21 94 0 0 96 84 0 0 0 0 0 0 0 0 0 0 20 0 18 0 0 0 0 0 0 0 0 0 0 0 0 0 0 0 0 0 0 22 0 0 0 0 0 0 0 0 0 0 0 0 0 0 0 33 0 0 0 81 0 0 
0 0 0 31 0 0 0 0 0 0 0 0 0 0 0 0 0 0 0 0 0 52 0 0 0 0 0 0 0 0 0 0 0 0 0 0 72 0 0 0 0 0 47 0 80 0 0 0 0 0 67 0 0 0 68 0 0 0 0 0 0 0 0 0 0 0 0 0 0 0 0 0 0 22 0 0 40 0 64 0 0 0 0 6 0 0 0 0 0 0 0 0 0 0 0 0 0 0 0 0 
0 0 0 0 0 0 0 0 0 0 0 0 0 40 0 0 0 0 0 0 0 0 0 0 0 0 0 0 0 19 0 0 32 0 0 0 16 0 0 0 0 0 0 0 0 0 82 0 0 0 84 52 22 0 0 97 0 0 0 0 0 0 0 0 85 85 0 0 0 0 0 10 0 0 0 0 0 66 0 0 0 0 0 0 0 0 0 0 0 0 6 0 0 0 0 0 0 0 17 0 
0 0 0 0 0 0 0 0 0 0 0 0 0 0 0 0 100 0 0 0 41 0 0 0 0 0 0 0 0 0 0 0 0 10 0 94 0 0 0 7 0 0 0 0 0 0 0 0 0 0 0 0 0 0 0 0 0 0 0 0 0 0 0 0 0 6 0 0 0 0 0 0 0 0 0 0 0 0 0 0 0 15 0 0 70 0 0 0 0 84 0 0 88 0 0 0 0 0 0 0 
0 0 76 0 0 0 0 0 44 0 0 0 0 0 0 0 0 90 0 0 0 0 0 0 0 0 0 0 0 94 0 0 0 0 0 0 0 0 0 0 0 0 0 0 0 0 0 0 0 21 0 0 0 0 12 0 0 0 0 0 0 0 0 0 0 0 0 0 0 19 0 0 15 0 0 0 0 0 46 52 70 0 0 0 0 0 0 0 0 0 0 0 0 0 0 0 0 0 0 0 
0 98 0 0 0 55 0 0 0 0 0 0 0 0 29 0 61 0 0 0 0 0 32 0 0 92 0 0 97 0 0 0 0 0 39 0 69 0 0 0 0 0 0 0 0 0 0 0 0 0 0 0 0 0 0 0 0 0 77 0 0 85 0 0 0 0 0 0 0 0 0 0 0 0 0 0 0 25 74 0 0 0 0 0 0 0 0 0 0 0 0 0 0 0 0 52 0 0 24 0 
0 0 0 0 0 0 0 0 0 0 0 86 0 8 0 0 0 0 0 0 0 0 0 0 94 88 0 0 0 0 0 0 0 0 0 0 0 0 0 0 0 0 46 0 0 0 40 0 0 0 0 55 0 0 0 33 0 97 0 0 0 85 6 0 0 0 96 0 0 0 0 0 0 0 0 13 0 0 0 0 0 0 0 0 62 0 0 0 0 0 0 0 0 0 0 0 0 0 0 25 
0 0 0 0 0 0 0 0 0 0 57 0 0 7 0 44 0 0 88 0 0 0 0 49 0 0 23 0 97 0 0 0 0 0 0 0 0 0 0 0 0 0 0 0 0 0 0 0 0 0 0 0 0 0 0 0 0 0 0 0 0 0 0 0 0 96 0 0 0 0 0 0 0 0 0 0 0 57 0 0 0 0 28 0 0 0 0 0 0 0 0 0 0 0 0 94 0 0 26 52 
0 0 25 0 0 0 0 0 0 0 0 0 54 0 0 48 0 0 0 0 0 0 0 0 0 0 0 0 0 0 0 0 0 0 0 0 0 0 0 9 0 0 9 0 0 83 10 0 0 0 0 0 86 0 0 0 0 0 0 0 0 0 0 0 0 0 0 0 0 0 0 0 0 0 0 0 0 0 0 0 0 0 0 0 0 0 0 0 0 0 0 0 0 0 0 0 0 98 0 0 
0 0 0 0 0 0 0 0 0 61 0 0 42 0 6 0 0 0 0 0 49 0 0 0 0 0 0 51 0 6 33 0 0 0 0 14 0 0 0 0 0 98 0 76 0 0 0 0 0 0 0 0 0 0 0 0 0 0 0 0 0 0 0 0 0 0 0 0 0 0 0 0 0 11 0 66 0 0 0 0 0 0 0 0 0 0 0 0 0 0 0 84 0 0 0 0 0 0 0 0 
0 0 0 0 0 0 0 0 0 0 0 0 0 0 0 0 0 0 0 0 0 0 0 0 0 0 0 0 0 0 98 0 0 60 0 0 39 0 0 57 0 0 0 0 0 0 0 0 56 0 0 26 0 0 0 0 0 0 0 0 0 0 0 19 0 0 0 0 0 0 0 0 0 0 0 0 0 0 0 0 14 0 0 0 0 0 0 36 98 0 0 0 0 0 0 0 52 0 0 0 
0 0 0 0 47 0 0 0 0 71 0 0 0 64 0 0 0 0 0 0 0 0 0 0 0 0 0 0 0 0 0 0 0 0 0 0 0 0 0 0 0 0 0 0 0 0 84 0 20 0 66 0 0 0 0 0 68 75 0 0 0 0 0 0 0 0 0 0 0 0 0 0 0 23 0 0 0 0 0 0 0 0 80 0 0 3 25 4 0 33 0 34 0 0 0 0 0 0 0 0 
0 0 0 0 0 0 84 0 0 85 0 0 0 0 0 0 0 0 0 0 0 0 0 0 0 0 0 33 0 0 0 0 0 0 0 0 0 0 0 0 0 0 6 0 0 0 24 67 0 0 0 0 0 0 91 71 0 0 0 0 0 10 0 0 0 0 0 0 0 0 0 0 0 0 0 0 0 0 0 0 0 39 0 0 0 0 71 0 0 0 0 0 38 0 96 0 0 0 0 0 
0 0 0 45 0 0 96 0 0 0 0 0 0 0 0 0 99 0 0 0 15 0 0 0 19 0 0 0 0 0 71 0 0 81 0 0 0 0 0 0 0 0 0 0 0 0 0 0 57 0 0 0 0 5 69 0 97 0 0 0 0 0 0 15 0 0 0 0 0 0 0 0 0 0 0 0 0 0 0 6 0 0 0 0 0 0 0 0 0 0 0 36 0 0 0 0 0 0 0 0 
76 0 0 0 0 79 0 0 0 0 96 12 0 0 0 0 0 0 0 0 0 0 0 0 0 0 0 0 25 14 0 0 0 0 0 0 0 43 0 0 0 88 0 98 0 0 0 0 0 0 0 0 0 67 0 0 0 0 0 0 22 0 0 0 0 0 0 0 11 0 23 0 0 0 0 0 0 0 0 0 0 0 17 0 0 0 0 0 0 0 0 0 0 0 0 0 0 0 0 0 
0 0 0 0 0 0 0 0 0 0 0 63 0 0 0 0 0 0 0 0 0 0 88 0 0 0 0 73 0 0 0 0 0 0 0 0 0 0 0 0 2 0 0 0 0 0 0 20 0 0 70 0 0 0 0 0 0 0 35 0 0 0 0 0 0 0 0 0 0 0 0 0 0 0 0 13 0 0 0 0 0 0 0 0 0 10 76 0 0 0 0 0 11 0 0 0 0 0 0 0 
0 0 0 0 0 0 0 0 0 0 0 0 0 0 0 0 0 0 0 0 0 0 0 0 0 0 60 0 0 0 0 0 0 0 0 0 0 0 0 0 0 20 0 0 19 0 0 0 0 81 0 0 0 0 0 0 0 91 53 0 0 0 0 0 0 13 0 0 66 0 0 0 0 0 13 0 0 0 0 0 0 0 17 0 0 0 59 0 18 0 0 0 0 0 0 0 0 0 0 0 
0 0 0 0 8 0 0 0 0 0 0 64 0 0 0 0 0 0 0 0 0 0 0 0 0 0 0 0 0 0 0 0 7 0 62 0 0 0 0 0 0 0 0 0 0 0 0 2 0 50 0 0 0 0 18 0 0 0 0 0 40 0 0 0 0 0 0 0 0 0 0 0 0 0 0 0 0 0 79 0 17 0 0 0 60 0 0 0 0 0 24 0 0 0 0 95 0 74 0 0 
66 0 0 0 0 0 0 0 0 0 0 0 0 0 0 0 0 0 0 0 0 0 0 0 0 0 0 91 0 0 0 16 0 0 0 0 0 0 0 0 0 0 0 0 0 0 0 0 0 0 0 0 0 0 0 0 6 0 0 22 0 66 0 0 25 0 57 0 0 0 0 0 0 0 0 0 0 0 99 0 0 0 0 0 2 0 0 0 0 0 0 0 0 0 0 0 0 0 0 0 
0 0 0 0 0 0 0 0 0 0 0 0 0 0 0 0 0 0 0 0 0 0 0 0 0 0 0 0 0 0 0 68 0 17 0 0 79 0 87 0 0 0 0 0 0 0 0 0 0 33 0 0 58 0 0 0 23 0 0 0 64 0 0 46 74 0 0 0 0 0 0 0 0 0 0 0 79 99 0 0 0 98 0 18 0 0 0 0 0 0 0 0 0 0 0 0 0 0 0 26 
0 60 37 0 0 0 0 0 0 0 0 0 0 0 0 0 0 0 0 0 0 0 51 0 0 0 0 0 0 0 0 54 0 0 39 0 0 0 0 0 0 0 0 6 0 0 0 0 0 0 0 89 0 0 0 0 0 0 98 0 0 0 0 52 0 0 0 0 0 0 0 0 6 0 0 0 0 0 0 0 0 16 0 0 0 82 0 72 0 0 34 0 0 0 0 0 51 0 0 0 
0 0 0 0 0 0 0 0 0 0 0 84 0 0 0 0 0 96 0 99 0 53 0 0 0 19 0 0 0 40 99 0 0 0 0 0 0 81 0 0 0 0 0 0 0 0 20 8 0 0 0 0 0 0 0 0 0 0 0 0 0 0 0 70 0 0 0 0 0 14 0 0 0 0 0 0 17 0 0 0 0 20 0 0 0 0 0 0 0 0 0 0 16 0 0 0 0 0 0 0 
0 0 0 42 0 0 0 0 0 0 0 68 0 0 0 0 0 0 0 0 0 0 0 5 0 0 67 0 0 0 22 0 0 0 0 5 0 64 0 0 0 0 0 0 0 16 0 0 0 0 0 19 0 0 0 0 0 0 0 0 0 0 15 0 0 0 0 0 0 0 0 39 0 0 0 0 0 0 98 16 20 0 0 0 0 0 0 0 0 0 0 0 0 0 49 0 0 0 0 0 
0 20 0 0 0 0 0 58 54 0 0 0 0 0 0 39 45 0 0 0 43 0 0 0 0 0 0 0 0 0 0 0 0 0 0 0 0 0 0 0 0 0 0 0 0 34 0 0 0 0 0 0 0 0 0 0 0 0 0 0 0 0 0 0 0 0 28 0 0 0 80 0 0 17 0 17 0 0 0 0 0 0 0 0 0 3 0 0 22 0 0 36 0 0 0 0 0 0 7 0 
0 46 0 0 0 0 64 0 61 0 0 0 0 0 0 0 42 0 0 0 0 0 32 0 0 0 0 71 0 0 0 0 0 0 0 0 0 0 0 0 0 38 0 0 64 43 38 52 0 0 0 0 0 78 0 91 0 0 0 0 6 0 0 0 0 0 0 0 0 0 0 0 0 0 0 0 0 0 18 0 0 0 0 0 0 0 0 0 0 0 0 0 0 0 0 0 0 0 0 0 
0 0 0 0 0 0 26 0 0 0 0 0 0 0 0 0 0 0 0 0 0 0 0 0 0 0 0 0 0 0 82 0 42 0 0 0 0 0 0 0 0 0 0 0 0 0 0 0 70 0 0 0 56 0 0 0 0 0 0 0 0 0 70 0 0 62 0 0 0 0 0 0 0 0 0 0 60 2 0 0 0 0 0 0 0 0 45 0 0 0 0 78 33 35 0 0 0 0 97 0 
0 0 0 0 20 0 0 0 0 0 0 0 0 34 0 0 0 0 0 0 0 0 0 0 0 0 0 0 0 0 0 11 0 0 0 0 0 0 0 0 0 0 0 0 0 63 0 0 24 0 0 0 0 0 0 0 0 0 0 0 0 0 0 0 0 0 0 0 0 0 3 0 0 0 10 0 0 0 0 82 0 0 3 0 0 0 0 0 0 0 0 0 85 90 0 0 0 0 0 0 
0 0 0 56 0 0 0 0 0 0 0 1 0 0 0 0 0 0 0 0 0 0 0 28 14 0 0 0 0 0 0 0 0 4 66 0 0 0 0 29 0 0 0 0 0 78 0 66 0 0 0 0 0 0 41 0 0 0 0 0 0 0 0 0 0 0 0 0 0 0 25 71 0 0 76 59 0 0 0 0 0 0 0 0 45 0 0 0 0 0 0 0 0 0 0 0 0 0 0 0 
0 0 0 0 0 0 0 0 0 0 0 0 0 0 0 92 0 0 0 0 0 0 36 0 0 0 0 0 0 0 0 0 32 79 0 0 17 0 0 0 0 0 0 0 0 0 0 0 0 0 0 23 86 0 0 0 0 0 0 0 0 0 0 0 0 0 0 0 0 36 4 0 0 0 0 0 0 0 0 72 0 0 0 0 0 0 0 0 0 0 0 0 0 0 0 0 0 0 0 0 
0 0 0 0 0 0 0 0 0 10 0 0 0 0 0 0 0 0 0 85 0 0 0 0 0 0 0 0 0 0 0 0 0 0 0 0 0 0 0 67 0 0 0 0 0 0 0 0 0 0 0 0 0 0 100 0 25 0 0 0 0 0 0 0 0 0 0 0 0 98 0 0 0 0 0 18 0 0 0 0 0 0 22 0 0 0 0 0 0 0 5 0 0 0 0 0 0 0 0 0 
33 0 0 0 0 0 0 61 0 24 0 0 46 0 0 0 0 0 33 0 0 0 0 0 0 0 0 0 0 0 0 55 0 41 0 0 0 0 0 0 0 0 0 0 0 0 0 0 0 0 0 0 0 0 0 0 0 0 0 0 0 0 84 0 0 0 0 0 0 0 33 0 0 0 0 0 0 0 0 0 0 0 0 0 0 0 0 0 0 0 0 0 0 93 0 0 0 0 0 0 
0 0 0 0 44 0 16 0 90 0 0 0 0 46 0 0 0 0 0 0 54 0 56 0 0 0 0 0 0 0 0 5 0 0 72 0 0 0 59 0 0 0 0 0 0 0 0 0 0 29 0 0 0 0 0 94 0 0 0 0 0 6 0 0 0 0 0 0 0 0 0 0 0 0 0 0 24 0 0 34 0 0 0 0 0 0 0 0 5 0 0 0 0 0 0 0 0 0 0 0 
87 0 0 0 0 0 0 0 0 0 0 0 77 73 0 0 0 0 0 91 0 0 0 0 0 0 0 0 0 0 19 0 0 0 0 0 0 0 0 0 0 0 0 0 0 0 0 0 17 0 0 0 0 0 0 0 0 60 0 0 0 0 0 0 0 0 0 0 84 0 34 0 36 0 0 0 0 0 0 0 0 0 36 0 78 0 0 0 0 0 0 0 0 59 0 0 0 0 0 30 
0 0 0 0 0 0 0 0 0 0 0 0 0 0 54 93 60 87 19 0 50 0 0 0 0 78 0 0 0 0 0 0 0 0 0 0 0 0 0 0 0 0 0 0 0 0 63 0 0 62 0 0 0 0 0 0 0 0 0 0 0 0 88 0 0 0 0 0 0 0 0 38 0 0 11 0 0 0 0 0 16 0 0 0 33 85 0 0 0 0 0 0 0 0 0 0 0 0 0 0 
0 0 0 0 0 0 0 0 50 0 0 0 0 0 0 60 0 0 0 17 0 0 0 0 0 0 0 0 0 0 0 0 0 42 0 72 0 0 0 48 0 0 0 0 0 0 0 0 0 0 31 0 0 53 0 0 0 74 0 33 0 0 0 0 0 0 0 0 0 0 0 0 0 0 0 0 0 0 0 0 0 0 0 0 35 90 0 0 0 93 0 59 0 0 0 0 27 0 0 0 
0 0 0 0 60 0 65 0 0 0 0 0 0 36 0 1 0 0 0 0 0 12 0 0 0 56 0 0 0 0 0 0 0 0 0 0 0 1 0 0 0 0 0 0 94 0 0 0 0 0 0 0 0 0 0 0 0 0 0 0 0 0 0 0 0 0 0 0 0 0 0 96 0 0 0 0 0 0 0 0 0 49 0 0 0 0 0 0 0 0 0 0 0 0 0 0 83 0 0 0 
0 0 0 94 0 0 0 99 0 0 0 0 0 0 0 0 0 0 0 0 0 0 0 0 0 0 0 93 0 0 0 0 0 85 0 0 0 74 0 0 0 0 19 82 0 96 0 6 0 94 0 0 0 0 29 0 0 0 0 0 0 0 0 0 52 0 94 0 0 0 0 0 0 0 0 0 95 0 0 0 0 0 0 0 0 0 0 0 0 0 0 0 0 0 0 0 0 0 0 8 
0 0 77 0 0 91 0 0 0 0 0 0 0 0 0 0 0 0 0 75 0 0 0 0 0 69 0 0 0 0 31 0 86 95 0 0 0 0 0 0 0 0 0 0 0 59 0 29 0 0 0 0 0 0 0 0 0 0 0 0 0 0 0 0 0 0 0 0 0 52 0 0 0 0 0 0 0 0 0 51 0 0 0 0 0 0 0 0 0 0 0 0 0 27 83 0 0 11 0 0 
0 87 0 0 79 0 0 0 0 80 0 0 0 0 0 0 0 0 0 0 0 0 0 0 0 0 0 0 0 51 0 0 0 89 0 74 0 0 18 0 0 0 0 0 0 0 0 0 0 0 0 0 0 0 0 0 0 0 0 81 0 0 0 0 0 0 0 98 0 0 0 0 0 0 0 0 74 0 0 0 0 0 0 0 0 0 0 0 0 0 0 0 0 0 0 0 11 0 0 0 
63 0 2 0 0 5 0 0 33 99 19 0 0 0 2 0 0 0 38 0 0 0 0 0 0 0 0 67 0 0 0 0 0 0 0 0 0 0 0 0 0 0 0 0 20 0 0 0 0 0 0 0 0 0 0 0 0 0 0 0 0 17 0 0 24 0 26 0 0 0 0 0 0 0 0 0 0 0 0 0 0 0 7 0 97 0 0 0 0 0 0 0 0 0 0 0 0 0 0 0 
0 0 0 0 0 0 0 0 0 0 0 0 0 0 0 0 0 0 89 0 0 0 0 0 0 0 0 0 0 0 0 0 0 0 0 0 10 9 0 2 0 34 4 0 32 17 0 0 0 0 0 0 0 0 0 0 0 0 0 0 0 0 0 0 0 25 52 0 0 0 0 0 0 0 0 0 0 0 26 0 0 0 0 0 0 0 0 0 0 0 0 30 0 0 0 8 0 0 0 0 
