0 57 2 0 57 0 13 18 0 71 77 34 78 14 75 36 24 17 26 0 65 72 89 0 20 0 81 91 81 54 43 0 86 54 76 57 44 24 0 67 43 10 22 6 88 0 26 67 11 0 12 78 99 96 90 86 61 78 46 0 40 0 0 0 0 99 0 81 0 98 0 92 20 4 84 0 0 48 92 16 12 54 26 0 10 42 14 80 91 27 76 25 99 38 50 99 56 4 94 66 
57 0 98 23 48 6 67 32 95 24 14 37 14 11 88 100 17 37 90 20 15 0 81 0 59 22 47 48 34 91 29 68 7 0 29 0 23 26 95 21 77 87 89 30 34 24 97 11 0 31 0 20 69 50 33 93 6 52 0 0 9 49 89 75 71 0 71 79 92 84 80 53 5 100 72 14 74 2 35 0 76 36 34 66 65 49 15 29 0 0 43 72 85 39 0 41 5 1 3 18 
2 98 0 51 51 77 16 63 0 14 41 38 23 28 50 53 0 65 18 80 93 0 0 10 96 13 88 0 0 42 47 19 0 13 82 65 86 78 96 45 75 80 7 34 59 36 7 27 100 75 51 15 13 20 0 84 83 23 0 57 53 44 72 0 81 59 13 59 33 56 56 0 44 31 6 83 0 10 70 20 0 84 95 0 44 43 78 80 0 71 39 40 76 0 100 48 45 22 50 30 
0 23 51 0 0 41 64 93 46 9 0 57 33 0 39 65 2 70 93 14 70 68 23 49 14 41 57 70 69 6 73 0 74 28 39 12 0 95 6 16 0 70 0 0 54 0 46 35 22 0 96 23 36 41 0 64 3 48 16 0 9 0 44 100 0 61 57 10 66 82 75 21 28 0 0 44 0 100 54 0 20 17 26 19 9 77 0 90 84 35 0 69 30 0 41 3 4 71 17 85 
57 48 51 0 0 83 31 0 85 85 0 11 12 100 0 33 7 24 37 23 0 10 19 2 44 10 2 0 57 31 22 95 38 0 78 13 27 74 30 2 17 46 48 34 65 28 0 14 13 0 59 0 80 17 49 67 0 17 96 0 44 82 19 19 27 89 0 8 0 88 55 6 0 38 35 40 49 54 84 78 28 79 0 48 0 0 37 33 71 0 79 30 95 7 42 14 90 42 0 44 
0 6 77 41 83 0 36 100 79 0 27 69 17 44 0 0 78 0 88 34 98 10 0 1 37 81 48 10 85 0 16 12 38 29 49 95 46 10 0 96 0 30 49 89 75 26 64 99 34 4 76 16 43 18 7 58 67 71 12 0 17 0 60 100 34 73 43 98 94 0 64 34 0 17 5 13 23 54 48 12 85 75 33 17 0 0 60 94 35 59 39 61 99 75 80 0 63 52 37 19 
13 67 16 64 31 36 0 77 48 90 31 59 1 9 51 55 0 5 0 69 38 59 17 66 70 24 19 14 31 51 0 0 10 22 64 91 47 56 24 89 0 1 19 39 49 0 50 79 7 36 0 84 78 8 3 93 20 0 92 66 39 77 54 66 99 79 0 53 23 26 1 65 0 58 36 55 12 62 0 86 25 20 90 0 17 26 78 11 77 70 72 0 5 60 0 85 41 86 0 31 
18 32 63 93 0 100 77 0 0 40 42 7 70 9 14 79 66 76 56 0 100 73 46 38 16 0 77 69 96 76 52 59 54 22 0 43 0 65 67 48 86 72 92 50 1 0 0 89 19 66 33 0 13 0 69 91 67 21 61 81 81 0 66 0 80 96 91 30 64 28 36 66 11 1 80 0 77 84 0 57 15 60 91 0 12 76 2 46 71 32 100 48 79 74 0 71 81 90 93 84 
0 95 0 46 85 79 48 0 0 29 76 7 41 0 64 12 28 59 14 67 69 94 21 28 61 0 0 12 66 66 35 48 46 66 100 39 23 41 59 34 89 34 0 35 65 89 76 58 6 92 6 84 0 0 90 42 17 78 79 7 11 0 33 0 16 97 6 0 4 39 25 0 97 90 65 4 85 0 19 27 37 0 9 46 0 1 21 13 21 56 11 71 26 84 35 0 0 74 41 34 
71 24 14 9 85 0 90 40 29 0 0 78 92 5 34 90 79 95 69 13 4 0 99 0 65 2 54 2 24 25 94 10 70 53 0 5 30 76 8 0 71 0 86 61 0 75 8 49 64 56 0 35 70 45 99 64 4 84 35 39 8 97 46 21 53 17 92 27 76 68 64 79 94 60 70 52 91 0 9 75 0 36 0 80 18 61 49 19 63 0 83 36 95 3 82 62 8 58 93 0 
77 14 41 0 0 27 31 42 76 0 0 0 37 80 0 48 78 0 69 0 0 6 35 49 29 0 41 0 0 35 24 0 63 78 84 97 83 18 78 35 32 0 3 0 60 81 39 40 54 0 87 0 13 64 39 1 100 54 0 34 46 1 74 19 92 24 83 11 39 39 7 66 0 56 2 0 28 62 57 27 0 92 47 0 57 78 86 87 67 34 22 73 21 31 24 0 56 77 48 55 
34 37 38 57 11 69 59 7 7 78 0 0 96 30 0 87 40 46 51 62 60 21 20 26 41 41 51 0 80 0 49 22 9 20 88 11 47 0 55 98 72 0 19 66 98 59 17 81 77 91 64 0 77 2 54 0 38 3 27 91 23 52 65 100 86 71 57 50 90 11 0 58 35 0 31 55 42 0 72 8 39 73 17 72 25 0 74 74 38 0 73 0 13 60 14 37 57 22 24 12 
78 14 23 33 12 17 1 70 41 92 37 96 0 20 25 54 56 0 67 0 49 10 0 8 32 98 0 87 83 28 84 68 43 67 83 96 8 59 58 0 0 43 37 0 0 29 85 77 90 63 35 45 9 62 0 15 26 80 37 12 61 94 87 93 32 52 0 58 29 79 0 68 26 52 70 86 0 67 20 51 63 23 95 0 0 68 43 14 4 47 67 10 0 6 0 45 30 8 79 33 
14 11 28 0 100 44 9 9 0 5 80 30 20 0 35 32 55 22 82 15 63 80 0 21 0 48 3 0 39 0 42 50 8 56 91 0 65 26 44 80 57 75 29 0 87 84 60 50 16 0 0 41 33 82 87 46 16 97 94 0 0 45 85 0 63 24 54 43 0 47 83 43 0 66 60 62 72 36 33 91 0 44 58 75 0 95 36 66 56 0 31 83 87 93 74 32 0 66 0 41 
75 88 50 39 0 0 51 14 64 34 0 0 25 35 0 43 100 0 68 30 57 22 0 64 72 43 43 51 56 6 9 66 86 0 0 0 0 43 0 0 8 49 0 91 57 81 97 77 0 61 38 88 77 78 89 51 73 20 40 32 87 42 23 0 94 34 85 70 59 84 20 5 32 78 98 0 31 90 81 0 35 94 55 63 95 27 0 30 0 0 0 0 53 21 0 68 89 18 33 19 
36 100 53 65 33 0 55 79 12 90 48 87 54 32 43 0 19 0 44 100 0 0 45 28 46 77 41 9 21 10 65 71 28 52 67 26 84 2 63 11 65 43 14 10 0 79 72 75 70 84 65 50 0 88 19 79 99 51 18 0 48 0 7 95 45 8 2 40 42 93 71 73 25 90 11 93 75 91 93 86 45 30 19 41 49 52 0 78 27 19 66 25 0 46 49 14 87 79 54 0 
24 17 0 2 7 78 0 66 28 79 78 40 56 55 100 19 0 87 62 64 53 46 57 62 0 55 0 71 70 34 40 47 49 66 33 56 2 12 0 52 0 5 39 54 51 19 35 5 20 26 12 11 90 0 10 0 65 62 69 53 64 96 34 69 43 40 75 32 74 0 27 36 62 28 0 47 0 90 91 0 65 49 96 0 88 57 47 0 0 21 26 46 19 27 0 62 86 87 68 96 
17 37 65 70 24 0 5 76 59 95 0 46 0 22 0 0 87 0 0 0 0 0 0 54 36 32 0 5 99 11 78 25 97 2 22 38 3 14 27 90 78 0 41 0 46 81 0 49 82 27 17 98 0 95 55 0 60 0 73 0 45 0 73 27 89 0 0 85 87 0 61 87 82 0 0 71 54 97 46 88 0 23 78 26 41 93 0 66 43 92 0 85 43 0 18 97 0 24 0 46 
26 90 18 93 37 88 0 56 14 69 69 51 67 82 68 44 62 0 0 50 14 38 94 95 19 80 88 56 83 89 0 40 18 46 23 81 12 68 99 69 74 33 0 34 9 49 73 11 50 4 0 89 31 85 0 32 7 21 20 60 30 8 56 94 91 91 0 83 73 0 100 27 28 93 0 0 64 91 14 30 26 21 50 73 4 15 8 48 0 62 19 41 0 62 68 91 4 86 80 67 
0 20 80 14 23 34 69 0 67 13 0 62 0 15 30 100 64 0 50 0 94 11 8 93 59 69 62 0 0 44 0 12 0 65 52 26 0 43 92 71 68 0 61 92 0 17 33 11 31 77 0 91 47 85 0 20 75 25 41 0 98 51 33 6 87 57 0 77 7 47 71 63 0 60 20 81 11 72 0 64 44 53 31 0 0 17 16 21 0 79 14 0 62 22 18 0 47 19 64 60 
65 15 93 70 0 98 38 100 69 4 0 60 49 63 57 0 53 0 14 94 0 32 80 25 24 3 36 39 17 2 88 61 27 0 37 89 57 73 95 91 0 3 71 99 57 47 64 97 76 23 75 32 0 26 46 0 82 42 4 0 57 77 23 80 13 13 26 22 98 77 29 51 70 82 87 73 84 87 47 37 78 81 78 70 66 10 63 0 73 2 0 53 33 4 33 0 14 80 91 0 
72 0 0 68 10 10 59 73 94 0 6 21 10 80 22 0 46 0 38 11 32 0 99 48 79 60 0 64 79 33 36 50 76 88 74 72 32 60 91 15 6 41 5 68 2 0 19 63 14 86 59 25 81 0 0 0 18 49 87 86 89 57 49 66 0 0 62 100 0 0 16 15 5 71 21 34 12 61 28 99 62 0 92 47 46 95 0 22 25 53 31 41 38 78 0 57 45 91 49 0 
89 81 0 23 19 0 17 46 21 99 35 20 0 0 0 45 57 0 94 8 80 99 0 30 9 69 0 92 24 42 51 70 34 18 3 91 64 59 22 58 17 0 88 21 51 4 6 59 0 100 38 21 45 33 78 41 40 90 79 26 57 29 92 15 52 66 0 51 100 45 29 97 4 65 5 12 55 59 82 66 0 25 38 89 40 9 7 42 4 98 32 51 60 35 81 62 35 76 96 21 
0 0 10 49 2 1 66 38 28 0 49 26 8 21 64 28 62 54 95 93 25 48 30 0 67 89 5 6 36 0 0 11 0 13 94 59 80 1 13 32 0 25 56 33 0 12 72 52 0 22 22 17 74 98 0 26 69 0 18 0 92 0 55 88 94 100 0 0 0 64 99 73 50 74 61 0 55 57 9 68 0 98 64 26 34 92 95 5 1 1 22 45 61 0 83 41 84 0 21 0 
20 59 96 14 44 37 70 16 61 65 29 41 32 0 72 46 0 36 19 59 24 79 9 67 0 52 95 0 73 13 78 24 53 13 12 33 41 5 63 90 0 24 0 89 54 98 15 10 67 34 27 34 69 84 86 47 49 6 3 25 0 0 55 89 14 100 20 15 43 26 5 67 78 59 6 92 63 0 57 29 0 99 0 62 0 17 0 47 79 0 76 64 40 31 9 0 12 0 62 2 
0 22 13 41 10 81 24 0 0 2 0 41 98 48 43 77 55 32 80 69 3 60 69 89 52 0 87 26 68 18 40 82 91 17 10 36 10 17 7 0 37 54 20 4 95 6 68 83 87 8 61 34 52 31 0 95 94 47 85 78 45 4 94 46 15 62 43 53 68 0 14 86 0 50 0 22 54 67 96 100 26 34 66 86 28 70 18 0 0 0 0 21 92 0 38 0 7 61 31 68 
81 47 88 57 2 48 19 77 0 54 41 51 0 3 43 41 0 0 88 62 36 0 0 5 95 87 0 49 33 98 0 30 71 25 45 20 55 32 71 65 97 57 60 15 2 0 29 65 84 29 32 0 92 55 0 64 0 14 28 0 24 60 80 0 73 26 100 15 59 40 21 18 30 59 76 46 54 94 26 38 11 89 72 73 0 65 96 5 0 71 48 52 76 52 3 60 4 99 69 0 
91 48 0 70 0 10 14 69 12 2 0 0 87 0 51 9 71 5 56 0 39 64 92 6 0 26 49 0 53 84 50 90 52 64 25 81 0 0 88 0 6 74 95 11 39 93 85 56 66 9 23 13 14 60 30 21 40 42 71 0 26 98 90 84 17 48 2 57 0 62 56 49 56 59 19 39 38 0 47 0 64 9 47 81 0 0 1 65 16 95 27 10 100 0 31 95 48 66 35 45 
81 34 0 69 57 85 31 96 66 24 0 80 83 39 56 21 70 99 83 0 17 79 24 36 73 68 33 53 0 71 37 0 11 0 0 76 61 96 24 16 87 99 16 34 2 67 47 71 36 47 12 31 48 4 17 3 53 24 88 96 24 56 0 36 70 82 44 96 59 100 12 12 36 33 75 0 36 77 64 0 32 0 18 5 0 99 75 99 41 6 90 81 77 87 50 47 29 0 24 7 
54 91 42 6 31 0 51 76 66 25 35 0 28 0 6 10 34 11 89 44 2 33 42 0 13 18 98 84 71 0 13 63 93 44 73 3 0 74 97 65 0 13 0 0 63 0 53 19 54 0 61 19 14 0 3 34 98 25 84 92 28 23 94 82 85 48 15 52 34 34 92 33 0 14 91 67 56 45 87 28 49 0 77 76 13 76 63 65 88 59 38 59 18 66 0 0 0 0 75 17 
43 29 47 73 22 16 0 52 35 94 24 49 84 42 9 65 40 78 0 0 88 36 51 0 78 40 0 50 37 13 0 0 22 54 84 16 49 25 5 29 82 78 0 32 0 49 34 0 29 57 26 0 10 0 65 0 0 32 44 43 83 0 62 27 30 41 10 3 43 0 6 41 72 2 5 88 52 28 65 52 54 77 93 86 34 69 95 76 13 48 1 86 85 18 0 100 25 88 0 70 
0 68 19 0 95 12 0 59 48 10 0 22 68 50 66 71 47 25 40 12 61 50 70 11 24 82 30 90 0 63 0 0 0 24 16 64 9 93 70 45 0 80 0 11 16 36 43 37 0 22 76 23 55 0 1 87 1 89 71 99 47 22 83 0 52 44 99 30 53 92 76 0 34 32 38 74 43 69 0 22 18 80 73 11 69 2 0 50 0 33 18 79 8 5 57 42 27 79 0 49 
86 7 0 74 38 38 10 54 46 70 63 9 43 8 86 28 49 97 18 0 27 76 34 0 53 91 71 52 11 93 22 0 0 76 23 0 8 39 56 11 83 74 36 0 24 98 41 60 55 22 73 43 27 60 33 36 6 65 56 39 16 62 45 38 68 0 31 0 53 100 73 38 6 52 7 95 4 26 5 45 25 64 17 0 38 2 64 42 71 7 0 27 35 67 12 83 0 0 88 0 
54 0 13 28 0 29 22 22 66 53 78 20 67 56 0 52 66 2 46 65 0 88 18 13 13 17 25 64 0 44 54 24 76 0 53 0 0 19 14 87 69 56 23 0 0 5 76 22 85 0 60 73 0 0 93 98 6 79 26 0 68 0 0 86 56 9 0 37 8 61 97 33 0 95 81 77 21 6 72 75 22 89 48 3 11 12 5 63 93 50 31 27 0 0 0 0 0 99 42 55 
76 29 82 39 78 49 64 0 100 0 84 88 83 91 0 67 33 22 23 52 37 74 3 94 12 10 45 25 0 73 84 16 23 53 0 22 0 80 6 0 0 3 55 3 1 78 98 14 81 0 30 0 92 3 35 96 73 60 27 5 0 0 69 74 94 0 0 59 29 88 78 23 44 89 30 0 4 44 50 0 45 0 26 44 97 7 0 0 83 0 76 98 42 66 8 45 2 92 87 0 
57 0 65 12 13 95 91 43 39 5 97 11 96 0 0 26 56 38 81 26 89 72 91 59 33 36 20 81 76 3 16 64 0 0 22 0 45 3 24 74 19 0 0 4 85 90 95 0 33 49 30 27 0 53 86 30 13 47 99 81 22 16 76 0 12 78 0 97 0 61 33 47 0 38 98 13 0 25 49 14 0 22 21 24 43 17 62 0 34 77 33 74 37 42 85 100 55 37 93 44 
44 23 86 0 27 46 47 0 23 30 83 47 8 65 0 84 2 3 12 0 57 32 64 80 41 10 55 0 61 0 49 9 8 0 0 45 0 0 0 36 60 51 45 8 61 0 47 76 0 0 0 68 5 14 46 90 0 0 0 32 0 0 19 45 1 63 75 14 38 0 28 100 85 0 74 88 1 57 0 0 0 0 90 5 57 0 0 97 92 81 79 64 0 0 87 41 52 89 67 0 
24 26 78 95 74 10 56 65 41 76 18 0 59 26 43 2 12 14 68 43 73 60 59 1 5 17 32 0 96 74 25 93 39 19 80 3 0 0 47 83 0 55 0 30 14 1 14 0 41 27 0 0 0 48 75 0 45 86 0 86 84 42 81 85 32 55 0 100 71 100 9 4 26 0 58 15 61 0 0 74 0 53 95 100 65 93 8 24 69 46 90 78 30 0 98 4 97 99 93 60 
0 95 96 6 30 0 24 67 59 8 78 55 58 44 0 63 0 27 99 92 95 91 22 13 63 7 71 88 24 97 5 70 56 14 6 24 0 47 0 87 99 82 0 32 82 22 56 49 81 21 65 9 24 25 29 14 99 80 81 16 58 74 0 33 12 89 40 92 44 23 60 0 81 0 38 0 92 54 24 75 32 81 43 91 59 92 6 68 50 100 34 74 13 34 95 79 7 98 69 63 
67 21 45 16 2 96 89 48 34 0 35 98 0 80 0 11 52 90 69 71 91 15 58 32 90 0 65 0 16 65 29 45 11 87 0 74 36 83 87 0 3 98 77 59 42 64 0 72 25 31 81 0 91 0 22 0 45 76 11 57 48 9 27 56 29 99 0 0 19 95 90 48 0 38 11 52 0 60 69 38 39 15 42 0 30 0 61 54 29 47 5 52 64 12 94 41 45 52 82 0 
43 77 75 0 17 0 0 86 89 71 32 72 0 57 8 65 0 78 74 68 0 6 17 0 0 37 97 6 87 0 82 0 83 69 0 19 60 0 99 3 0 84 0 24 1 80 0 0 0 0 62 0 0 97 88 80 0 0 68 29 17 0 32 66 53 93 98 21 52 28 60 76 58 98 83 0 9 16 84 34 82 69 61 12 8 97 64 88 0 65 5 100 7 0 67 22 46 74 52 45 
10 87 80 70 46 30 1 72 34 0 0 0 43 75 49 43 5 0 33 0 3 41 0 25 24 54 57 74 99 13 78 80 74 56 3 0 51 55 82 98 84 0 23 53 65 42 42 34 1 0 28 0 98 0 69 0 42 91 0 8 0 19 0 37 36 27 61 48 69 0 67 0 37 65 27 0 12 63 12 0 82 0 62 83 88 65 83 46 0 68 38 2 45 35 64 73 0 50 67 24 
22 89 7 0 48 49 19 92 0 86 3 19 37 29 0 14 39 41 0 61 71 5 88 56 0 20 60 95 16 0 0 0 36 23 55 0 45 0 0 77 0 23 0 14 0 0 30 26 74 56 97 0 99 78 87 69 87 20 0 22 99 45 92 48 79 45 99 97 21 63 0 14 61 20 17 24 0 20 62 43 53 14 68 94 0 84 68 0 58 88 0 0 27 35 3 0 67 75 21 10 
6 30 34 0 34 89 39 50 35 61 0 66 0 0 91 10 54 0 34 92 99 68 21 33 89 4 15 11 34 0 32 11 0 0 3 4 8 30 32 59 24 53 14 0 32 16 75 70 63 58 52 42 80 84 0 59 15 47 0 38 0 0 33 0 30 2 4 2 88 15 27 2 0 61 100 40 94 68 96 67 53 78 38 84 58 22 46 21 2 61 49 46 0 54 7 52 66 78 73 95 
88 34 59 54 65 75 49 1 65 0 60 98 0 87 57 0 51 46 9 0 57 2 51 0 54 95 2 39 2 63 0 16 24 0 1 85 61 14 82 42 1 65 0 32 0 91 0 66 0 68 17 2 57 28 59 91 12 49 5 27 92 0 94 0 90 2 18 0 81 90 0 27 50 55 0 0 0 23 86 18 35 0 27 69 0 84 10 83 0 0 22 97 85 19 89 61 34 13 75 27 
0 24 36 0 28 26 0 0 89 75 81 59 29 84 81 79 19 81 49 17 47 0 4 12 98 6 0 93 67 0 49 36 98 5 78 90 0 1 22 64 80 42 0 16 91 0 4 66 30 69 66 74 9 43 71 70 47 24 0 40 0 76 74 33 64 94 50 64 1 78 63 0 27 6 91 7 45 0 0 0 94 32 25 0 48 67 5 58 43 0 43 23 39 60 33 20 11 82 36 91 
26 97 7 46 0 64 50 0 76 8 39 17 85 60 97 72 35 0 73 33 64 19 6 72 15 68 29 85 47 53 34 43 41 76 98 95 47 14 56 0 0 42 30 75 0 4 0 76 0 40 16 75 0 61 66 0 50 97 0 33 58 94 35 83 46 90 0 62 54 60 28 6 41 40 16 85 1 73 0 82 45 93 11 70 20 67 16 0 90 92 100 42 51 29 74 64 58 0 56 12 
67 11 27 35 14 99 79 89 58 49 40 81 77 50 77 75 5 49 11 11 97 63 59 52 10 83 65 56 71 19 0 37 60 22 14 0 76 0 49 72 0 34 26 70 66 66 76 0 0 0 35 1 78 49 56 0 97 14 53 81 57 25 22 63 0 0 46 38 88 41 23 33 37 49 2 8 47 55 18 22 56 0 52 73 0 13 6 35 50 15 22 16 30 84 55 69 57 40 77 52 
11 0 100 22 13 34 7 19 6 64 54 77 90 16 0 70 20 82 50 31 76 14 0 0 67 87 84 66 36 54 29 0 55 85 81 33 0 41 81 25 0 1 74 63 0 30 0 0 0 31 56 0 88 53 0 73 0 43 98 66 72 10 49 17 68 86 14 34 55 44 74 90 0 5 1 0 92 0 1 85 0 0 85 8 0 25 70 52 48 3 48 0 15 0 26 0 63 0 37 84 
0 31 75 0 0 4 36 66 92 56 0 91 63 0 61 84 26 27 4 77 23 86 100 22 34 8 29 9 47 0 57 22 22 0 0 49 0 27 21 31 0 0 56 58 68 69 40 0 31 0 31 74 17 48 54 0 0 59 27 31 0 0 77 0 85 68 18 29 33 57 0 85 48 78 82 41 67 15 0 56 50 51 76 74 0 0 86 16 35 93 41 25 15 97 42 67 74 0 54 71 
12 0 51 96 59 76 0 33 6 0 87 64 35 0 38 65 12 17 0 0 75 59 38 22 27 61 32 23 12 61 26 76 73 60 30 30 0 0 65 81 62 28 97 52 17 66 16 35 56 31 0 75 0 96 28 68 39 56 4 7 83 3 93 0 10 86 0 24 97 48 3 96 80 60 76 34 30 35 54 86 17 65 0 0 17 72 66 49 0 24 74 20 24 27 11 44 2 25 74 97 
78 20 15 23 0 16 84 0 84 35 0 0 45 41 88 50 11 98 89 91 32 25 21 17 34 34 0 13 31 19 0 23 43 73 0 27 68 0 9 0 0 0 0 42 2 74 75 1 0 74 75 0 0 0 0 0 37 3 0 0 54 12 0 66 0 86 0 0 83 0 62 37 88 93 6 68 77 55 30 4 18 98 91 81 96 72 38 36 46 0 75 29 1 78 33 10 76 55 47 96 
99 69 13 36 80 43 78 13 0 70 13 77 9 33 77 0 90 0 31 47 0 81 45 74 69 52 92 14 48 14 10 55 27 0 92 0 5 0 24 91 0 98 99 80 57 9 0 78 88 17 0 0 0 82 0 64 95 61 32 0 0 44 77 46 59 49 25 32 79 24 47 0 21 13 73 100 1 34 6 14 1 47 43 0 18 0 87 22 0 0 8 95 45 84 64 0 1 69 0 65 
96 50 20 41 17 18 8 0 0 45 64 2 62 82 78 88 0 95 85 85 26 0 33 98 84 31 55 60 4 0 0 0 60 0 3 53 14 48 25 0 97 0 78 84 28 43 61 49 53 48 96 0 82 0 34 4 50 96 0 85 71 55 58 0 26 10 0 11 95 66 38 0 18 100 81 81 20 0 65 94 42 88 77 20 0 97 0 40 15 42 67 6 49 7 38 65 56 72 70 68 
90 33 0 0 49 7 3 69 90 99 39 54 0 87 89 19 10 55 0 0 46 0 78 0 86 0 0 30 17 3 65 1 33 93 35 86 46 75 29 22 88 69 87 0 59 71 66 56 0 54 28 0 0 34 0 9 66 25 86 40 58 18 8 71 5 82 78 6 76 0 0 0 21 0 70 0 46 2 82 20 0 0 0 0 53 80 95 88 0 7 80 61 0 3 78 55 33 0 0 34 
86 93 84 64 67 58 93 91 42 64 1 0 15 46 51 79 0 0 32 20 0 0 41 26 47 95 64 21 3 34 0 87 36 98 96 30 90 0 14 0 80 0 69 59 91 70 0 0 73 0 68 0 64 4 9 0 56 31 1 57 27 0 32 46 69 19 35 98 22 83 72 16 23 40 6 51 19 100 16 15 39 0 0 0 0 77 43 48 100 0 54 63 54 18 51 58 9 52 35 6 
61 6 83 3 0 67 20 67 17 4 100 38 26 16 73 99 65 60 7 75 82 18 40 69 49 94 0 40 53 98 0 1 6 6 73 13 0 45 99 45 0 42 87 15 12 47 50 97 0 0 39 37 95 50 66 56 0 86 23 73 51 12 0 0 58 41 28 65 28 88 50 37 26 97 39 39 72 48 16 2 0 92 67 0 18 93 0 53 25 1 41 32 0 52 94 76 14 16 76 0 
78 52 23 48 17 71 0 21 78 84 54 3 80 97 20 51 62 0 21 25 42 49 90 0 6 47 14 42 24 25 32 89 65 79 60 47 0 86 80 76 0 91 20 47 49 24 97 14 43 59 56 3 61 96 25 31 86 0 0 0 74 70 23 62 10 2 70 33 37 38 47 88 0 92 53 49 16 30 62 95 44 45 73 0 0 36 90 56 0 14 91 27 44 93 30 20 70 0 30 31 
46 0 0 16 96 12 92 61 79 35 0 27 37 94 40 18 69 73 20 41 4 87 79 18 3 85 28 71 88 84 44 71 56 26 27 99 0 0 81 11 68 0 0 0 5 0 0 53 98 27 4 0 32 0 86 1 23 0 0 0 4 0 37 0 95 0 53 27 0 78 75 0 53 0 22 70 41 96 51 0 0 62 0 19 74 0 66 91 32 86 59 31 1 0 71 16 29 92 69 43 
0 0 57 0 0 0 66 81 7 39 34 91 12 0 32 0 53 0 60 0 0 86 26 0 25 78 0 0 96 92 43 99 39 0 5 81 32 86 16 57 29 8 22 38 27 40 33 81 66 31 7 0 0 85 40 57 73 0 0 0 60 63 97 0 93 40 82 14 49 67 98 19 0 79 48 65 0 71 84 64 19 0 68 38 53 80 0 8 6 5 79 42 64 75 0 55 44 0 86 24 
40 9 53 9 44 17 39 81 11 8 46 23 61 0 87 48 64 45 30 98 57 89 57 92 0 45 24 26 24 28 83 47 16 68 0 22 0 84 58 48 17 0 99 0 92 0 58 57 72 0 83 54 0 71 58 27 51 74 4 60 0 16 21 56 55 36 0 63 49 1 36 0 43 78 14 11 37 2 79 0 13 75 60 4 75 10 57 0 44 37 27 93 9 70 51 87 78 26 56 0 
0 49 44 0 82 0 77 0 0 97 1 52 94 45 42 0 96 0 8 51 77 57 29 0 0 4 60 98 56 23 0 22 62 0 0 16 0 42 74 9 0 19 45 0 0 76 94 25 10 0 3 12 44 55 18 0 12 70 0 63 16 0 0 76 0 81 30 0 15 18 79 28 80 0 1 34 26 70 35 1 73 54 35 73 0 59 41 85 80 2 0 4 96 19 20 79 11 0 86 0 
0 89 72 44 19 60 54 66 33 46 74 65 87 85 23 7 34 73 56 33 23 49 92 55 55 94 80 90 0 94 62 83 45 0 69 76 19 81 0 27 32 0 92 33 94 74 35 22 49 77 93 0 77 58 8 32 0 23 37 97 21 0 0 93 94 0 0 61 64 18 36 41 0 30 67 0 52 6 0 98 0 68 0 81 66 47 78 91 86 36 85 0 0 50 55 75 67 17 37 74 
0 75 0 100 19 100 66 0 0 21 19 100 93 0 0 95 69 27 94 6 80 66 15 88 89 46 0 84 36 82 27 0 38 86 74 0 45 85 33 56 66 37 48 0 0 33 83 63 17 0 0 66 46 0 71 46 0 62 0 0 56 76 93 0 26 43 0 11 17 6 0 67 2 45 37 0 6 17 14 0 91 86 0 37 52 72 0 30 46 64 65 8 10 0 98 0 12 2 28 0 
0 71 81 0 27 34 99 80 16 53 92 86 32 63 94 45 43 89 91 87 13 0 52 94 14 15 73 17 70 85 30 52 68 56 94 12 1 32 12 29 53 36 79 30 90 64 46 0 68 85 10 0 59 26 5 69 58 10 95 93 55 0 94 26 0 85 0 7 57 58 97 0 55 65 71 29 46 96 39 34 77 26 44 43 0 43 45 34 0 63 44 87 0 22 18 98 76 32 8 75 
99 0 59 61 89 73 79 96 97 17 24 71 52 24 34 8 40 0 91 57 13 0 66 100 100 62 26 48 82 48 41 44 0 9 0 78 63 55 89 99 93 27 45 2 2 94 90 0 86 68 86 86 49 10 82 19 41 2 0 40 36 81 0 43 85 0 59 63 68 53 66 0 53 38 71 60 75 0 55 29 15 2 93 51 97 58 0 81 28 60 78 97 2 49 13 29 0 46 12 25 
0 71 13 57 0 43 0 91 6 92 83 57 0 54 85 2 75 0 0 0 26 62 0 0 20 43 100 2 44 15 10 99 31 0 0 0 75 0 40 0 98 61 99 4 18 50 0 46 14 18 0 0 25 0 78 35 28 70 53 82 0 30 0 0 0 59 0 28 100 94 77 6 58 23 69 40 0 94 95 5 11 87 0 75 78 62 82 0 27 56 7 18 1 37 7 73 63 65 81 0 
81 79 59 10 8 98 53 30 0 27 11 50 58 43 70 40 32 85 83 77 22 100 51 0 15 53 15 57 96 52 3 30 0 37 59 97 14 100 92 0 21 48 97 2 0 64 62 38 34 29 24 0 32 11 6 98 65 33 27 14 63 0 61 11 7 63 28 0 63 1 53 82 85 67 79 90 48 5 0 69 0 24 25 47 70 29 66 69 27 21 99 13 15 34 99 36 73 66 72 45 
0 92 33 66 0 94 23 64 4 76 39 90 29 0 59 42 74 87 73 7 98 0 100 0 43 68 59 0 59 34 43 53 53 8 29 0 38 71 44 19 52 69 21 88 81 1 54 88 55 33 97 83 79 95 76 22 28 37 0 49 49 15 64 17 57 68 100 63 0 37 45 12 52 22 66 2 87 80 5 16 65 75 14 29 41 65 12 8 70 10 1 89 70 6 70 0 58 56 93 24 
98 84 56 82 88 0 26 28 39 68 39 11 79 47 84 93 0 0 0 47 77 0 45 64 26 0 40 62 100 34 0 92 100 61 88 61 0 100 23 95 28 0 63 15 90 78 60 41 44 57 48 0 24 66 0 83 88 38 78 67 1 18 18 6 58 53 94 1 37 0 72 97 0 81 86 0 58 83 39 0 0 0 0 61 0 0 57 38 83 0 14 43 0 36 91 76 16 91 29 62 
0 80 56 75 55 64 1 36 25 64 7 0 0 83 20 71 27 61 100 71 29 16 29 99 5 14 21 56 12 92 6 76 73 97 78 33 28 9 60 90 60 67 0 27 0 63 28 23 74 0 3 62 47 38 0 72 50 47 75 98 36 79 36 0 97 66 77 53 45 72 0 95 13 0 36 50 0 95 39 64 73 51 0 72 34 7 57 88 0 0 27 49 95 17 16 0 33 0 0 37 
92 53 0 21 6 34 65 66 0 79 66 58 68 43 5 73 36 87 27 63 51 15 97 73 67 86 18 49 12 33 41 0 38 33 23 47 100 4 0 48 76 0 14 2 27 0 6 33 90 85 96 37 0 0 0 16 37 88 0 19 0 28 41 67 0 0 6 82 12 97 95 0 26 34 88 41 73 32 17 85 29 84 80 37 22 94 74 77 18 7 77 54 0 0 59 30 19 96 47 4 
20 5 44 28 0 0 0 11 97 94 0 35 26 0 32 25 62 82 28 0 70 5 4 50 78 0 30 56 36 0 72 34 6 0 44 0 85 26 81 0 58 37 61 0 50 27 41 37 0 48 80 88 21 18 21 23 26 0 53 0 43 80 0 2 55 53 58 85 52 0 13 26 0 80 96 91 18 0 35 16 55 0 0 58 72 24 0 0 41 47 0 83 57 0 75 68 42 0 47 17 
4 100 31 0 38 17 58 1 90 60 56 0 52 66 78 90 28 0 93 60 82 71 65 74 59 50 59 59 33 14 2 32 52 95 89 38 0 0 0 38 98 65 20 61 55 6 40 49 5 78 60 93 13 100 0 40 97 92 0 79 78 0 30 45 65 38 23 67 22 81 0 34 80 0 52 62 0 18 80 90 39 29 47 0 90 27 82 63 79 75 85 81 11 57 0 100 84 49 11 0 
84 72 6 0 35 5 36 80 65 70 2 31 70 60 98 11 0 0 0 20 87 21 5 61 6 0 76 19 75 91 5 38 7 81 30 98 74 58 38 11 83 27 17 100 0 91 16 2 1 82 76 6 73 81 70 6 39 53 22 48 14 1 67 37 71 71 69 79 66 86 36 88 96 52 0 31 35 29 99 51 8 35 76 84 71 100 55 58 0 91 9 54 0 32 15 0 58 89 95 39 
0 14 83 44 40 13 55 0 4 52 0 55 86 62 0 93 47 71 0 81 73 34 12 0 92 22 46 39 0 67 88 74 95 77 0 13 88 15 0 52 0 0 24 40 0 7 85 8 0 41 34 68 100 81 0 51 39 49 70 65 11 34 0 0 29 60 40 90 2 0 50 41 91 62 31 0 0 42 25 87 90 7 75 0 11 0 0 68 0 73 87 50 0 97 3 0 82 87 36 0 
0 74 0 0 49 23 12 77 85 91 28 42 0 72 31 75 0 54 64 11 84 12 55 55 63 54 54 38 36 56 52 43 4 21 4 0 1 61 92 0 9 12 0 94 0 45 1 47 92 67 30 77 1 20 46 19 72 16 41 0 37 26 52 6 46 75 0 48 87 58 0 73 18 0 35 0 0 49 58 0 97 64 60 94 12 86 1 28 89 53 45 8 95 0 0 96 41 19 57 39 
48 2 10 100 54 54 62 84 0 0 62 0 67 36 90 91 90 97 91 72 87 61 59 57 0 67 94 0 77 45 28 69 26 6 44 25 57 0 54 60 16 63 20 68 23 0 73 55 0 15 35 55 34 0 2 100 48 30 96 71 2 70 6 17 96 0 94 5 80 83 95 32 0 18 29 42 49 0 37 27 35 55 98 46 25 89 47 0 30 84 0 100 0 28 90 38 40 57 90 59 
92 35 70 54 84 48 0 0 19 9 57 72 20 33 81 93 91 46 14 0 47 28 82 9 57 96 26 47 64 87 65 0 5 72 50 49 0 0 24 69 84 12 62 96 86 0 0 18 1 0 54 30 6 65 82 16 16 62 51 84 79 35 0 14 39 55 95 0 5 39 39 17 35 80 99 25 58 37 0 96 28 0 23 93 18 61 28 32 31 70 52 50 79 32 33 0 16 20 24 86 
16 0 20 0 78 12 86 57 27 75 27 8 51 91 0 86 0 88 30 64 37 99 66 68 29 100 38 0 0 28 52 22 45 75 0 14 0 74 75 38 34 0 43 67 18 0 82 22 85 56 86 4 14 94 20 15 2 95 0 64 0 1 98 0 34 29 5 69 16 0 64 85 16 90 51 87 0 27 96 0 82 40 49 69 5 80 0 90 83 0 13 15 47 71 38 42 35 89 53 0 
12 76 0 20 28 85 25 15 37 0 0 39 63 0 35 45 65 0 26 44 78 62 0 0 0 26 11 64 32 49 54 18 25 22 45 0 0 0 32 39 82 82 53 53 35 94 45 56 0 50 17 18 1 42 0 39 0 44 0 19 13 73 0 91 77 15 11 0 65 0 73 29 55 39 8 90 97 35 28 82 0 5 0 14 95 67 73 53 0 0 0 2 0 71 0 74 0 21 9 28 
54 36 84 17 79 75 20 60 0 36 92 73 23 44 94 30 49 23 21 53 81 0 25 98 99 34 89 9 0 0 77 80 64 89 0 22 0 53 81 15 69 0 14 78 0 32 93 0 0 51 65 98 47 88 0 0 92 45 62 0 75 54 68 86 26 2 87 24 75 0 51 84 0 29 35 7 64 55 0 40 5 0 16 31 74 76 99 3 7 37 0 81 83 6 82 82 94 75 4 17 
26 34 95 26 0 33 90 91 9 0 47 17 95 58 55 19 96 78 50 31 78 92 38 64 0 66 72 47 18 77 93 73 17 48 26 21 90 95 43 42 61 62 68 38 27 25 11 52 85 76 0 91 43 77 0 0 67 73 0 68 60 35 0 0 44 93 0 25 14 0 0 80 0 47 76 75 60 98 23 49 0 16 0 98 75 25 75 75 86 83 21 50 64 53 65 14 0 0 76 0 
0 66 0 19 48 17 0 0 46 80 0 72 0 75 63 41 0 26 73 0 70 47 89 26 62 86 73 81 5 76 86 11 0 3 44 24 5 100 91 0 12 83 94 84 69 0 70 73 8 74 0 81 0 20 0 0 0 0 19 38 4 73 81 37 43 51 75 47 29 61 72 37 58 0 84 0 94 46 93 69 14 31 98 0 36 10 0 24 87 46 62 99 0 72 48 81 11 0 62 0 
10 65 44 9 0 0 17 12 0 18 57 25 0 0 95 49 88 41 4 0 66 46 40 34 0 28 0 0 0 13 34 69 38 11 97 43 57 65 59 30 8 88 0 58 0 48 20 0 0 0 17 96 18 0 53 0 18 0 74 53 75 0 66 52 0 97 78 70 41 0 34 22 72 90 71 11 12 25 18 5 95 74 75 36 0 39 38 1 99 0 85 43 6 83 3 53 0 0 76 0 
42 49 43 77 0 0 26 76 1 61 78 0 68 95 27 52 57 93 15 17 10 95 9 92 17 70 65 0 99 76 69 2 2 12 7 17 0 93 92 0 97 65 84 22 84 67 67 13 25 0 72 72 0 97 80 77 93 36 0 80 10 59 47 72 43 58 62 29 65 0 7 94 24 27 100 0 86 89 61 80 67 76 25 10 39 0 58 50 75 61 0 82 33 41 93 83 46 0 54 1 
14 15 78 0 37 60 78 2 21 49 86 74 43 36 0 0 47 0 8 16 63 0 7 95 0 18 96 1 75 63 95 0 64 5 0 62 0 8 6 61 64 83 68 46 10 5 16 6 70 86 66 38 87 0 95 43 0 90 66 0 57 41 78 0 45 0 82 66 12 57 57 74 0 82 55 0 1 47 28 0 73 99 75 0 38 58 0 47 54 0 0 83 0 18 13 35 36 0 0 82 
80 29 80 90 33 94 11 46 13 19 87 74 14 66 30 78 0 66 48 21 0 22 42 5 47 0 5 65 99 65 76 50 42 63 0 0 97 24 68 54 88 46 0 21 83 58 0 35 52 16 49 36 22 40 88 48 53 56 91 8 0 85 91 30 34 81 0 69 8 38 88 77 0 63 58 68 28 0 32 90 53 3 75 24 1 50 47 0 62 84 67 15 57 34 74 0 60 47 40 75 
91 0 0 84 71 35 77 71 21 63 67 38 4 56 0 27 0 43 0 0 73 25 4 1 79 0 0 16 41 88 13 0 71 93 83 34 92 69 50 29 0 0 58 2 0 43 90 50 48 35 0 46 0 15 0 100 25 0 32 6 44 80 86 46 0 28 27 27 70 83 0 18 41 79 0 0 89 30 31 83 0 7 86 87 99 75 54 62 0 0 79 0 39 64 46 25 0 76 74 6 
27 0 71 35 0 59 70 32 56 0 34 0 47 0 0 19 21 92 62 79 2 53 98 1 0 0 71 95 6 59 48 33 7 50 0 77 81 46 100 47 65 68 88 61 0 0 92 15 3 93 24 0 0 42 7 0 1 14 86 5 37 2 36 64 63 60 56 21 10 0 0 7 47 75 91 73 53 84 70 0 0 37 83 46 0 61 0 84 0 0 80 10 4 30 66 43 75 0 5 92 
76 43 39 0 79 39 72 100 11 83 22 73 67 31 0 66 26 0 19 14 0 31 32 22 76 0 48 27 90 38 1 18 0 31 76 33 79 90 34 5 5 38 0 49 22 43 100 22 48 41 74 75 8 67 80 54 41 91 59 79 27 0 85 65 44 78 7 99 1 14 27 77 0 85 9 87 45 0 52 13 0 0 21 62 85 0 0 67 79 80 0 86 0 0 0 8 75 0 0 30 
25 72 40 69 30 61 0 48 71 36 73 0 10 83 0 25 46 85 41 0 53 41 51 45 64 21 52 10 81 59 86 79 27 27 98 74 64 78 74 52 100 2 0 46 97 23 42 16 0 25 20 29 95 6 61 63 32 27 31 42 93 4 0 8 87 97 18 13 89 43 49 54 83 81 54 50 8 100 50 15 2 81 50 99 43 82 83 15 0 10 86 0 48 3 50 27 30 0 29 32 
99 85 76 30 95 99 5 79 26 95 21 13 0 87 53 0 19 43 0 62 33 38 60 61 40 92 76 100 77 18 85 8 35 0 42 37 0 30 13 64 7 45 27 0 85 39 51 30 15 15 24 1 45 49 0 54 0 44 1 64 9 96 0 10 0 2 1 15 70 0 95 0 57 11 0 0 95 0 79 47 0 83 64 0 6 33 0 57 39 4 0 48 0 0 5 68 68 77 69 0 
38 39 0 0 7 75 60 74 84 3 31 60 6 93 21 46 27 0 62 22 4 78 35 0 31 0 52 0 87 66 18 5 67 0 66 42 0 0 34 12 0 35 35 54 19 60 29 84 0 97 27 78 84 7 3 18 52 93 0 75 70 19 50 0 22 49 37 34 6 36 17 0 0 57 32 97 0 28 32 71 71 6 53 72 83 41 18 34 64 30 0 3 0 0 89 40 0 15 27 0 
50 0 100 41 42 80 0 0 35 82 24 14 0 74 0 49 0 18 68 18 33 0 81 83 9 38 3 31 50 0 0 57 12 0 8 85 87 98 95 94 67 64 3 7 89 33 74 55 26 42 11 33 64 38 78 51 94 30 71 0 51 20 55 98 18 13 7 99 70 91 16 59 75 0 15 3 0 90 33 38 0 82 65 48 3 93 13 74 46 66 0 50 5 89 0 22 16 64 74 61 
99 41 48 3 14 0 85 71 0 62 0 37 45 32 68 14 62 97 91 0 0 57 62 41 0 0 60 95 47 0 100 42 83 0 45 100 41 4 79 41 22 73 0 52 61 20 64 69 0 67 44 10 0 65 55 58 76 20 16 55 87 79 75 0 98 29 73 36 0 76 0 30 68 100 0 0 96 38 0 42 74 82 14 81 53 83 35 0 25 43 8 27 68 40 22 0 34 0 84 0 
56 5 45 4 90 63 41 81 0 8 56 57 30 0 89 87 86 0 4 47 14 45 35 84 12 7 4 48 29 0 25 27 0 0 2 55 52 97 7 45 46 0 67 66 34 11 58 57 63 74 2 76 1 56 33 9 14 70 29 44 78 11 67 12 76 0 63 73 58 16 33 19 42 84 58 82 41 40 16 35 0 94 0 11 0 46 36 60 0 75 75 30 68 0 16 34 0 70 41 60 
4 1 22 71 42 52 86 90 74 58 77 22 8 66 18 79 87 24 86 19 80 91 76 0 0 61 99 66 0 0 88 79 0 99 92 37 89 99 98 52 74 50 75 78 13 82 0 40 0 0 25 55 69 72 0 52 16 0 92 0 26 0 17 2 32 46 65 66 56 91 0 96 0 49 89 87 19 57 20 89 21 75 0 0 0 0 0 47 76 0 0 0 77 15 64 0 70 0 90 28 
94 3 50 17 0 37 0 93 41 93 48 24 79 0 33 54 68 0 80 64 91 49 96 21 62 31 69 35 24 75 0 0 88 42 87 93 67 93 69 82 52 67 21 73 75 36 56 77 37 54 74 47 0 70 0 35 76 30 69 86 56 86 37 28 8 12 81 72 93 29 0 47 47 11 95 36 57 90 24 53 9 4 76 62 76 54 0 40 74 5 0 29 69 27 74 84 41 90 0 0 
66 18 30 85 44 19 31 84 34 0 55 12 33 41 19 0 96 46 67 60 0 0 21 0 2 68 0 45 7 17 70 49 0 55 0 44 0 60 63 0 45 24 10 95 27 91 12 52 84 71 97 96 65 68 34 6 0 31 43 24 0 0 74 0 75 25 0 45 24 62 37 4 17 0 39 0 39 59 86 0 28 17 0 0 0 1 82 75 6 92 30 32 0 0 61 0 60 28 0 0 
