0 0 178 0 0 0 2 0 0 0 0 0 0 0 6 0 0 0 0 0 0 0 0 0 0 0 97 0 136 0 0 0 0 0 0 170 0 0 0 0 0 63 0 0 0 0 0 0 0 8 0 0 0 0 0 58 197 32 0 0 87 0 0 0 0 0 0 0 0 0 0 0 0 0 0 83 198 0 0 0 0 0 0 0 0 0 0 167 0 0 0 0 0 0 0 0 0 0 0 0 
0 0 0 0 0 0 0 0 0 0 0 0 0 0 0 0 0 0 0 0 0 0 188 0 0 0 0 0 0 0 0 0 0 115 0 0 0 0 23 0 0 0 0 0 0 0 0 155 0 0 0 0 0 0 0 0 0 60 0 0 0 104 0 0 0 0 0 0 0 96 0 0 0 0 0 0 0 0 0 0 0 0 0 190 126 0 144 0 121 195 0 193 0 0 0 0 0 0 0 0 
178 0 0 0 0 0 0 0 0 0 0 0 0 0 0 0 0 0 0 0 154 0 0 0 0 45 0 0 0 104 10 0 0 0 0 0 21 0 0 26 0 168 0 0 0 0 0 0 0 0 0 0 0 0 0 0 0 0 0 0 0 0 0 0 0 0 0 0 0 0 120 0 0 0 0 0 0 0 0 0 0 160 0 0 0 0 132 139 0 86 0 0 0 0 0 87 0 0 0 90 
0 0 0 0 0 0 0 0 0 0 61 153 104 0 0 0 0 0 0 0 173 0 0 0 0 0 0 0 0 0 0 0 0 0 0 0 0 0 0 0 0 0 0 163 0 0 146 112 0 138 0 0 0 0 0 0 0 0 0 1 0 0 116 0 0 0 0 0 0 0 0 0 0 178 0 0 0 0 119 0 0 88 0 0 0 0 0 0 0 0 0 0 0 60 0 0 0 0 126 0 
0 0 0 0 0 0 0 0 0 0 0 0 0 0 0 0 0 0 0 0 163 0 0 0 0 0 0 163 0 0 0 0 0 159 0 0 0 0 0 0 155 0 143 0 0 0 0 0 0 73 0 0 0 0 0 0 0 132 0 0 0 0 0 138 0 0 0 0 0 0 135 0 0 0 0 82 0 0 0 0 0 0 0 0 124 0 0 0 146 0 0 0 144 0 0 0 0 0 151 0 
0 0 0 0 0 0 0 0 0 198 0 0 0 0 0 0 0 0 183 0 2 0 0 0 0 0 0 0 0 159 0 0 0 0 0 63 0 0 0 0 0 0 94 0 0 0 0 8 0 0 0 0 110 0 0 38 0 193 0 0 0 0 122 0 0 0 0 0 0 0 65 0 0 0 152 0 0 0 0 0 0 121 0 0 0 0 0 0 0 0 0 0 0 0 150 0 0 0 0 0 
2 0 0 0 0 0 0 0 0 0 0 0 0 0 0 119 0 0 0 0 0 0 64 0 0 0 0 0 0 0 0 0 0 0 101 0 75 0 0 0 0 0 0 0 0 143 0 0 0 0 0 0 0 0 0 125 0 0 0 0 0 0 0 0 0 0 0 0 0 0 0 0 0 0 0 0 0 0 0 0 0 0 0 0 0 173 0 0 0 0 0 0 0 0 0 0 0 0 37 0 
0 0 0 0 0 0 0 0 0 0 71 0 0 0 0 0 0 0 0 0 0 0 0 91 0 0 147 0 0 0 178 0 0 0 60 0 0 0 0 0 111 0 0 149 0 0 122 0 0 0 0 0 0 0 2 0 164 0 0 0 0 0 0 0 0 0 0 0 0 36 0 0 0 0 0 0 0 0 0 0 0 34 0 0 0 0 0 0 0 194 0 35 0 0 0 0 0 0 126 0 
0 0 0 0 0 0 0 0 0 41 138 0 0 0 0 0 0 111 0 0 191 0 0 51 0 0 0 0 0 0 0 0 0 0 0 0 0 0 0 0 0 18 0 0 13 0 113 0 0 0 0 0 93 74 0 0 0 0 119 0 0 0 0 0 0 0 0 0 0 0 0 0 144 0 68 0 0 0 0 97 0 0 0 28 0 0 0 0 0 0 0 0 0 0 0 0 0 0 0 0 
0 0 0 0 0 198 0 0 41 0 0 0 0 123 191 0 0 0 94 0 0 0 0 0 0 0 0 0 0 0 0 0 0 0 0 0 0 0 0 0 0 0 0 0 102 0 0 0 0 0 0 0 0 0 0 0 0 0 0 153 0 0 0 0 0 0 0 0 0 68 0 0 0 0 0 0 0 0 0 0 0 0 0 0 0 23 0 0 0 0 0 0 5 0 0 0 0 21 0 12 
0 0 0 61 0 0 0 71 138 0 0 0 0 149 0 0 0 0 0 0 0 0 0 0 145 0 0 0 0 0 0 0 0 0 0 0 0 194 0 0 0 0 0 0 0 0 0 0 109 0 0 0 0 0 0 0 0 0 0 0 0 0 0 0 0 0 0 0 73 0 0 0 0 0 0 0 0 0 0 0 0 0 0 0 0 0 86 35 0 0 0 0 0 0 0 0 0 0 0 0 
0 0 0 153 0 0 0 0 0 0 0 0 0 0 0 0 152 0 0 185 0 0 0 0 0 0 0 145 0 0 0 0 0 183 0 88 0 0 0 0 0 0 0 0 0 0 0 35 0 0 0 0 0 0 149 0 0 178 0 0 0 0 0 0 0 0 49 0 0 41 0 0 144 0 0 0 0 0 0 0 0 0 0 0 0 0 0 0 0 0 20 0 0 0 0 0 0 0 0 0 
0 0 0 104 0 0 0 0 0 0 0 0 0 0 129 0 0 0 0 0 0 0 95 0 0 0 0 0 0 0 0 0 0 0 0 0 0 0 0 0 0 0 0 0 0 0 0 153 8 0 0 0 0 0 0 0 84 0 0 0 0 0 128 0 0 0 0 162 0 0 0 0 0 0 0 0 13 0 28 0 0 0 0 0 0 0 0 0 0 0 27 108 0 173 0 0 189 32 0 0 
0 0 0 0 0 0 0 0 0 123 149 0 0 0 0 0 0 0 0 0 0 0 0 0 0 0 0 0 0 0 0 42 0 0 0 0 0 0 150 0 94 0 0 0 0 0 0 0 0 0 0 0 0 0 0 0 0 160 0 0 0 0 0 0 0 0 0 0 0 0 0 0 0 0 0 0 4 0 0 0 0 62 0 0 0 0 0 0 0 0 0 0 0 0 0 0 0 0 0 0 
6 0 0 0 0 0 0 0 0 191 0 0 129 0 0 0 0 0 0 0 0 0 0 0 0 0 0 0 0 0 0 0 0 0 0 165 0 0 0 0 27 108 0 0 0 0 0 0 0 0 0 0 0 183 0 161 0 0 102 0 0 0 0 0 0 0 0 0 50 0 0 0 174 0 0 0 0 126 0 0 0 137 0 0 0 0 0 0 166 0 0 0 0 0 84 0 0 0 0 0 
0 0 0 0 0 0 119 0 0 0 0 0 0 0 0 0 128 0 0 0 0 9 0 0 0 0 0 0 0 0 0 0 0 0 0 0 131 0 0 0 193 0 0 0 0 0 0 0 0 0 0 0 183 89 0 0 0 0 0 0 0 0 0 0 157 177 0 0 0 0 20 0 0 58 0 0 0 73 0 0 0 0 0 0 0 141 0 0 0 0 0 0 0 0 0 0 179 200 0 0 
0 0 0 0 0 0 0 0 0 0 0 152 0 0 0 128 0 0 0 90 196 115 0 0 0 0 0 0 0 0 0 0 0 0 0 0 0 0 0 0 0 0 0 0 0 0 0 0 180 0 0 0 0 0 0 0 0 0 0 0 0 0 0 39 0 0 0 0 0 0 0 105 0 52 0 176 0 0 0 0 0 0 0 0 0 0 0 0 0 0 0 0 0 0 0 0 0 0 0 0 
0 0 0 0 0 0 0 0 111 0 0 0 0 0 0 0 0 0 0 182 0 59 0 0 70 0 0 0 0 0 0 0 0 91 0 0 0 96 0 0 0 0 0 0 0 0 65 0 0 0 0 0 0 0 0 99 0 110 11 0 0 148 0 0 122 47 0 0 0 0 0 0 0 0 0 0 0 0 0 0 0 0 0 0 0 0 0 0 0 0 0 0 0 0 0 0 0 81 0 33 
0 0 0 0 0 183 0 0 0 94 0 0 0 0 0 0 0 0 0 36 0 0 0 0 0 0 0 124 0 141 0 0 151 0 0 0 0 99 0 0 0 0 0 0 0 0 0 0 0 0 0 0 0 0 0 0 0 0 0 0 0 0 0 0 0 0 103 0 0 0 0 0 0 0 0 0 0 0 0 0 0 0 0 0 0 0 0 0 0 0 181 0 0 0 0 0 139 0 0 44 
0 0 0 0 0 0 0 0 0 0 0 185 0 0 0 0 90 182 36 0 0 0 0 0 0 0 0 0 0 0 0 0 0 113 0 0 0 0 0 0 0 0 0 0 0 10 0 0 0 0 0 123 0 0 0 0 0 0 0 0 0 197 0 0 0 0 0 20 0 0 0 0 0 0 0 34 0 0 0 125 0 0 0 0 0 0 0 0 0 0 0 0 0 0 0 0 0 0 89 0 
0 0 154 173 163 2 0 0 191 0 0 0 0 0 0 0 196 0 0 0 0 0 0 155 0 0 0 0 0 0 0 14 0 0 0 0 0 0 0 8 0 0 156 0 0 0 0 0 151 0 0 0 0 0 4 0 0 0 0 46 0 0 0 0 0 0 0 0 0 0 0 0 0 0 0 0 0 0 0 0 188 0 0 0 0 0 0 0 0 72 0 0 0 0 0 0 0 0 0 0 
0 0 0 0 0 0 0 0 0 0 0 0 0 0 0 9 115 59 0 0 0 0 0 0 0 91 0 0 0 0 0 0 0 0 20 0 0 0 0 0 0 0 0 0 0 196 0 0 0 0 0 154 0 0 0 0 0 0 103 0 0 0 0 0 0 0 0 0 138 0 0 0 17 54 0 7 0 0 160 0 0 0 0 0 0 0 0 20 0 0 0 197 0 0 0 0 0 0 0 0 
0 188 0 0 0 0 64 0 0 0 0 0 95 0 0 0 0 0 0 0 0 0 0 0 0 0 0 0 173 0 0 0 0 0 0 0 0 0 0 0 0 0 0 107 0 0 0 0 0 0 0 0 0 0 14 0 0 0 0 0 0 0 0 0 199 170 0 0 0 0 0 0 78 0 0 51 0 0 0 0 0 0 0 0 0 92 0 0 0 0 0 0 0 0 0 195 0 0 0 0 
0 0 0 0 0 0 0 91 51 0 0 0 0 0 0 0 0 0 0 0 155 0 0 0 52 0 44 0 150 0 0 0 0 0 0 0 52 12 0 0 0 0 120 0 0 0 0 0 181 0 0 0 0 0 0 0 0 0 0 0 0 0 0 0 57 0 0 0 0 1 0 0 0 0 139 0 0 0 0 0 76 0 0 0 0 0 0 0 0 0 47 0 0 0 0 0 0 0 0 0 
0 0 0 0 0 0 0 0 0 0 145 0 0 0 0 0 0 70 0 0 0 0 0 52 0 0 0 0 0 115 0 0 0 0 40 71 0 0 0 0 0 0 0 32 0 0 0 0 0 0 0 0 0 0 0 0 0 0 0 0 90 0 0 0 0 0 0 0 0 0 0 192 0 148 0 0 0 0 0 0 0 0 0 0 0 0 0 0 0 77 0 0 0 0 0 164 0 0 0 0 
0 0 45 0 0 0 0 0 0 0 0 0 0 0 0 0 0 0 0 0 0 91 0 0 0 0 0 0 0 0 103 23 0 0 0 0 0 0 183 0 0 0 0 0 0 189 0 0 0 0 0 0 138 0 0 183 0 0 0 0 0 0 0 0 0 0 192 0 0 0 0 0 105 195 0 0 0 0 0 0 0 0 0 0 0 0 34 0 0 0 0 0 0 0 0 0 0 0 0 0 
97 0 0 0 0 0 0 147 0 0 0 0 0 0 0 0 0 0 0 0 0 0 0 44 0 0 0 0 0 0 0 0 0 0 0 0 0 0 0 68 0 0 0 0 0 0 0 0 111 0 0 0 0 0 0 0 52 0 0 0 0 0 131 58 74 0 150 45 0 0 115 0 0 0 0 0 0 0 0 0 0 0 92 0 0 0 0 0 0 0 0 0 0 0 0 0 0 0 0 0 
0 0 0 0 163 0 0 0 0 0 0 145 0 0 0 0 0 0 124 0 0 0 0 0 0 0 0 0 78 0 0 0 0 0 0 0 0 0 191 0 0 0 0 194 0 0 0 0 0 56 0 0 0 0 0 22 0 0 87 2 0 0 0 0 0 0 0 0 0 0 124 0 0 0 0 0 0 0 0 0 0 0 0 0 0 0 0 0 0 0 0 0 0 0 0 0 122 0 0 0 
136 0 0 0 0 0 0 0 0 0 0 0 0 0 0 0 0 0 0 0 0 0 173 150 0 0 0 78 0 0 0 0 0 0 0 0 0 0 0 0 0 0 141 76 0 61 0 0 0 0 0 0 0 0 0 0 90 0 0 0 0 0 0 98 0 30 98 150 0 0 0 0 0 0 0 0 0 0 0 0 0 0 0 0 0 0 36 0 0 0 0 0 125 0 0 0 0 0 0 0 
0 0 104 0 0 159 0 0 0 0 0 0 0 0 0 0 0 0 141 0 0 0 0 0 115 0 0 0 0 0 124 0 0 71 0 0 0 0 118 0 0 0 0 0 0 0 0 0 0 0 177 0 0 0 73 0 0 0 0 0 0 0 0 157 57 0 0 0 0 0 86 150 0 0 0 161 0 0 0 0 0 0 0 0 0 0 0 186 0 0 0 0 0 0 0 0 0 0 0 0 
0 0 10 0 0 0 0 178 0 0 0 0 0 0 0 0 0 0 0 0 0 0 0 0 0 103 0 0 0 124 0 0 0 0 194 0 0 179 0 0 0 0 0 0 0 0 0 0 0 0 0 0 0 0 102 24 0 0 0 74 59 0 0 0 0 0 0 0 0 0 0 0 0 0 0 0 0 0 0 0 0 0 0 134 0 0 63 103 0 152 0 0 0 0 0 0 0 53 0 0 
0 0 0 0 0 0 0 0 0 0 0 0 0 42 0 0 0 0 0 0 14 0 0 0 0 23 0 0 0 0 0 0 0 0 0 0 76 0 0 0 0 0 0 0 0 0 0 0 0 11 0 0 0 0 0 0 0 0 0 0 19 0 0 0 0 0 0 135 0 63 110 0 0 3 0 0 0 0 0 185 0 0 0 0 69 119 0 0 0 55 191 0 0 0 0 0 0 0 0 0 
0 0 0 0 0 0 0 0 0 0 0 0 0 0 0 0 0 0 151 0 0 0 0 0 0 0 0 0 0 0 0 0 0 0 0 190 0 0 0 21 12 0 0 0 0 0 0 0 0 0 0 0 0 0 115 0 0 0 0 0 0 0 0 0 0 0 0 0 0 5 0 107 0 0 0 0 199 146 0 0 0 0 0 0 0 0 88 0 0 178 0 0 0 0 67 0 56 78 0 0 
0 115 0 0 159 0 0 0 0 0 0 183 0 0 0 0 0 91 0 113 0 0 0 0 0 0 0 0 0 71 0 0 0 0 0 0 135 139 0 109 0 0 0 0 0 0 0 0 0 0 0 0 0 0 0 0 0 0 0 0 0 0 155 0 0 0 39 0 0 0 0 0 0 0 0 0 0 0 0 0 0 0 0 138 0 0 0 0 0 0 0 0 0 115 115 0 0 0 0 0 
0 0 0 0 0 0 101 60 0 0 0 0 0 0 0 0 0 0 0 0 0 20 0 0 40 0 0 0 0 0 194 0 0 0 0 0 42 0 0 0 0 95 0 0 0 0 0 0 0 0 0 0 0 0 0 0 0 0 0 42 0 0 0 0 0 146 0 0 0 146 0 166 0 0 0 0 0 0 0 0 0 0 0 0 0 0 0 0 0 0 182 0 0 0 0 0 0 0 195 87 
170 0 0 0 0 63 0 0 0 0 0 88 0 0 165 0 0 0 0 0 0 0 0 0 71 0 0 0 0 0 0 0 190 0 0 0 0 103 0 0 0 0 91 0 0 0 0 162 0 0 0 0 0 0 0 0 0 0 0 0 0 99 0 73 0 0 0 0 0 0 0 0 0 0 0 0 0 0 0 0 0 0 0 0 0 0 0 140 0 0 0 0 32 0 0 0 84 0 0 0 
0 0 21 0 0 0 75 0 0 0 0 0 0 0 0 131 0 0 0 0 0 0 0 52 0 0 0 0 0 0 0 76 0 135 42 0 0 0 0 0 0 0 0 52 0 0 0 0 0 0 51 0 0 0 0 0 0 0 0 0 0 0 0 0 0 0 0 0 0 0 0 138 0 0 0 0 96 0 0 66 147 0 0 0 0 0 0 0 0 0 0 0 0 99 0 0 0 0 0 98 
0 0 0 0 0 0 0 0 0 0 194 0 0 0 0 0 0 96 99 0 0 0 0 12 0 0 0 0 0 0 179 0 0 139 0 103 0 0 0 106 63 0 0 0 0 0 0 139 0 0 0 0 0 0 0 0 0 0 0 0 0 0 0 0 0 147 0 0 89 0 0 0 0 0 0 0 0 0 0 0 0 0 0 0 74 0 125 0 0 0 0 0 0 0 0 0 0 0 0 4 
0 23 0 0 0 0 0 0 0 0 0 0 0 150 0 0 0 0 0 0 0 0 0 0 0 183 0 191 0 118 0 0 0 0 0 0 0 0 0 0 0 0 0 0 0 0 0 0 141 84 0 118 0 0 11 0 0 0 0 0 129 0 0 0 0 0 116 0 0 0 0 0 0 0 0 0 0 0 0 0 0 0 102 0 0 0 0 0 0 0 0 0 0 168 0 0 0 0 0 169 
0 0 26 0 0 0 0 0 0 0 0 0 0 0 0 0 0 0 0 0 8 0 0 0 0 0 68 0 0 0 0 0 21 109 0 0 0 106 0 0 0 0 0 0 0 0 0 0 0 0 0 0 143 173 0 50 0 70 0 0 0 93 0 0 0 0 0 0 0 0 44 0 0 0 0 0 0 0 0 0 56 198 0 0 0 0 0 0 0 0 0 0 0 0 0 0 0 126 0 0 
0 0 0 0 155 0 0 111 0 0 0 0 0 94 27 193 0 0 0 0 0 0 0 0 0 0 0 0 0 0 0 0 12 0 0 0 0 63 0 0 0 24 0 0 0 0 0 0 0 96 27 0 0 0 0 0 0 0 0 0 0 0 0 0 92 0 0 0 0 0 0 0 0 0 123 0 0 0 0 0 81 0 0 51 0 0 0 0 24 0 0 0 0 0 0 0 0 0 0 0 
63 0 168 0 0 0 0 0 18 0 0 0 0 0 108 0 0 0 0 0 0 0 0 0 0 0 0 0 0 0 0 0 0 0 95 0 0 0 0 0 24 0 0 162 0 0 0 41 76 0 0 0 0 0 0 0 0 0 37 0 0 0 0 0 0 85 0 0 0 0 0 0 0 0 0 0 56 0 0 0 0 0 0 0 0 0 42 0 0 0 0 0 0 0 0 0 19 0 186 0 
0 0 0 0 143 94 0 0 0 0 0 0 0 0 0 0 0 0 0 0 156 0 0 120 0 0 0 0 141 0 0 0 0 0 0 91 0 0 0 0 0 0 0 0 0 0 0 0 0 0 0 0 5 30 0 189 112 0 0 0 0 145 0 0 0 0 0 0 0 0 0 0 0 0 0 0 0 0 0 0 0 0 0 0 161 0 0 68 0 0 0 0 0 144 0 0 0 58 0 0 
0 0 0 163 0 0 0 149 0 0 0 0 0 0 0 0 0 0 0 0 0 0 107 0 32 0 0 194 76 0 0 0 0 0 0 0 52 0 0 0 0 162 0 0 0 0 0 0 0 0 0 0 0 0 0 0 0 0 0 0 47 0 0 0 0 0 0 0 37 0 0 0 0 0 0 0 0 0 65 0 155 0 0 0 0 0 0 0 0 0 0 0 0 0 0 0 0 0 0 0 
0 0 0 0 0 0 0 0 13 102 0 0 0 0 0 0 0 0 0 0 0 0 0 0 0 0 0 0 0 0 0 0 0 0 0 0 0 0 0 0 0 0 0 0 0 0 0 0 161 49 0 0 0 106 0 0 0 0 0 0 0 0 0 0 0 0 184 0 0 0 0 141 0 0 0 0 0 80 0 0 146 0 0 0 0 0 0 0 0 0 0 155 0 0 0 0 27 0 0 11 
0 0 0 0 0 0 143 0 0 0 0 0 0 0 0 0 0 0 0 10 0 196 0 0 0 189 0 0 61 0 0 0 0 0 0 0 0 0 0 0 0 0 0 0 0 0 0 143 0 0 97 0 0 0 52 0 0 0 0 0 89 0 0 0 0 0 0 0 0 0 0 0 36 0 0 0 0 0 0 0 0 149 0 0 0 20 0 0 0 0 148 0 114 0 0 0 0 0 0 0 
0 0 0 146 0 0 0 122 113 0 0 0 0 0 0 0 0 65 0 0 0 0 0 0 0 0 0 0 0 0 0 0 0 0 0 0 0 0 0 0 0 0 0 0 0 0 0 0 49 0 0 0 0 74 0 0 0 0 0 73 0 0 0 0 0 113 0 0 10 0 0 0 0 0 0 0 186 0 0 0 148 0 0 0 0 0 0 142 0 0 0 0 0 0 0 187 0 0 0 0 
0 155 0 112 0 8 0 0 0 0 0 35 153 0 0 0 0 0 0 0 0 0 0 0 0 0 0 0 0 0 0 0 0 0 0 162 0 139 0 0 0 41 0 0 0 143 0 0 0 0 0 0 0 0 0 91 0 0 0 0 0 0 0 0 0 0 0 0 0 0 0 0 0 0 0 0 0 0 133 0 41 0 0 0 124 46 0 0 0 0 0 0 0 0 0 0 0 0 0 0 
0 0 0 0 0 0 0 0 0 0 109 0 8 0 0 0 180 0 0 0 151 0 0 181 0 0 111 0 0 0 0 0 0 0 0 0 0 0 141 0 0 76 0 0 161 0 49 0 0 0 0 0 0 0 0 0 0 0 0 0 122 0 0 0 0 0 0 126 0 0 0 0 0 0 0 0 0 106 158 0 0 0 21 0 0 0 0 0 0 0 0 0 0 0 0 0 0 0 0 0 
8 0 0 138 73 0 0 0 0 0 0 0 0 0 0 0 0 0 0 0 0 0 0 0 0 0 0 56 0 0 0 11 0 0 0 0 0 0 84 0 96 0 0 0 49 0 0 0 0 0 0 0 0 0 0 0 0 8 0 0 0 0 0 0 0 0 0 39 0 0 0 0 0 0 0 0 0 0 0 191 0 0 0 120 0 0 0 0 194 0 111 0 0 0 0 0 191 0 0 0 
0 0 0 0 0 0 0 0 0 0 0 0 0 0 0 0 0 0 0 0 0 0 0 0 0 0 0 0 0 177 0 0 0 0 0 0 51 0 0 0 27 0 0 0 0 97 0 0 0 0 0 0 0 130 0 0 0 0 0 0 0 0 0 0 0 0 0 0 198 0 200 154 0 0 0 0 48 0 0 0 0 0 0 0 0 0 0 0 0 0 0 0 0 0 0 0 0 0 0 0 
0 0 0 0 0 0 0 0 0 0 0 0 0 0 0 0 0 0 0 123 0 154 0 0 0 0 0 0 0 0 0 0 0 0 0 0 0 0 118 0 0 0 0 0 0 0 0 0 0 0 0 0 0 0 0 0 0 183 64 0 0 0 0 0 0 0 0 0 0 0 0 0 0 0 0 197 0 151 162 0 0 0 0 183 0 0 0 173 0 0 0 0 0 0 0 55 0 0 75 0 
0 0 0 0 0 110 0 0 93 0 0 0 0 0 0 183 0 0 0 0 0 0 0 0 0 138 0 0 0 0 0 0 0 0 0 0 0 0 0 143 0 0 5 0 0 0 0 0 0 0 0 0 0 0 0 0 0 0 0 0 0 0 0 0 0 0 0 0 0 0 0 0 0 0 176 0 0 0 0 0 0 179 0 0 192 183 0 0 0 112 0 0 0 0 0 0 0 0 198 0 
0 0 0 0 0 0 0 0 74 0 0 0 0 0 183 89 0 0 0 0 0 0 0 0 0 0 0 0 0 0 0 0 0 0 0 0 0 0 0 173 0 0 30 0 106 0 74 0 0 0 130 0 0 0 0 0 0 0 113 0 0 0 152 0 0 0 0 0 0 78 0 0 0 0 0 0 0 27 0 0 0 0 0 0 0 146 49 0 0 0 0 0 0 0 0 0 0 0 0 0 
0 0 0 0 0 0 0 2 0 0 0 149 0 0 0 0 0 0 0 0 4 0 14 0 0 0 0 0 0 73 102 0 115 0 0 0 0 0 11 0 0 0 0 0 0 52 0 0 0 0 0 0 0 0 0 0 0 0 0 0 0 138 0 0 0 0 0 0 0 0 0 0 0 0 0 0 0 0 0 111 0 65 0 0 0 0 0 0 58 0 0 0 0 110 0 0 0 0 0 0 
58 0 0 0 0 38 125 0 0 0 0 0 0 0 161 0 0 99 0 0 0 0 0 0 0 183 0 22 0 0 24 0 0 0 0 0 0 0 0 50 0 0 189 0 0 0 0 91 0 0 0 0 0 0 0 0 0 0 0 0 0 0 0 0 0 0 0 0 0 0 0 0 0 0 0 0 0 97 118 0 0 24 0 0 0 0 0 0 0 0 0 0 0 0 0 0 0 53 0 0 
197 0 0 0 0 0 0 164 0 0 0 0 84 0 0 0 0 0 0 0 0 0 0 0 0 0 52 0 90 0 0 0 0 0 0 0 0 0 0 0 0 0 112 0 0 0 0 0 0 0 0 0 0 0 0 0 0 0 0 0 0 0 0 0 0 0 0 0 0 0 0 0 0 122 0 25 0 0 157 0 0 0 99 0 0 0 145 0 39 0 0 0 0 0 15 177 60 0 0 0 
32 60 0 0 132 193 0 0 0 0 0 178 0 160 0 0 0 110 0 0 0 0 0 0 0 0 0 0 0 0 0 0 0 0 0 0 0 0 0 70 0 0 0 0 0 0 0 0 0 8 0 183 0 0 0 0 0 0 0 0 0 0 0 0 0 0 0 0 0 0 0 0 0 0 0 0 0 65 0 0 0 102 0 173 0 0 0 0 186 0 0 0 0 37 0 0 0 0 0 0 
0 0 0 0 0 0 0 0 119 0 0 0 0 0 102 0 0 11 0 0 0 103 0 0 0 0 0 87 0 0 0 0 0 0 0 0 0 0 0 0 0 37 0 0 0 0 0 0 0 0 0 64 0 113 0 0 0 0 0 0 0 0 0 0 0 0 0 0 24 0 0 0 0 0 0 0 0 0 0 0 0 0 0 0 0 64 162 160 79 195 0 0 0 0 0 0 0 0 0 0 
0 0 0 1 0 0 0 0 0 153 0 0 0 0 0 0 0 0 0 0 46 0 0 0 0 0 0 2 0 0 74 0 0 0 42 0 0 0 0 0 0 0 0 0 0 0 73 0 0 0 0 0 0 0 0 0 0 0 0 0 0 0 120 178 0 0 0 0 0 0 0 113 0 0 0 0 0 0 0 0 0 0 0 98 0 0 0 0 0 0 6 0 122 0 110 0 0 81 0 0 
87 0 0 0 0 0 0 0 0 0 0 0 0 0 0 0 0 0 0 0 0 0 0 0 90 0 0 0 0 0 59 19 0 0 0 0 0 0 129 0 0 0 0 47 0 89 0 0 122 0 0 0 0 0 0 0 0 0 0 0 0 0 0 58 0 40 0 0 0 0 0 55 4 0 0 0 0 0 0 0 0 0 0 0 0 6 0 0 0 186 3 0 0 0 0 0 0 0 0 0 
0 104 0 0 0 0 0 0 0 0 0 0 0 0 0 0 0 148 0 197 0 0 0 0 0 0 0 0 0 0 0 0 0 0 0 99 0 0 0 93 0 0 145 0 0 0 0 0 0 0 0 0 0 0 138 0 0 0 0 0 0 0 0 194 0 0 149 0 0 0 0 0 0 0 0 0 59 0 0 172 0 0 0 0 0 0 0 0 0 0 0 0 0 122 0 0 0 0 0 0 
0 0 0 116 0 122 0 0 0 0 0 0 128 0 0 0 0 0 0 0 0 0 0 0 0 0 131 0 0 0 0 0 0 155 0 0 0 0 0 0 0 0 0 0 0 0 0 0 0 0 0 0 0 152 0 0 0 0 0 120 0 0 0 0 0 0 0 0 0 0 0 0 0 0 118 0 0 0 0 0 0 0 0 0 0 0 0 0 0 0 45 0 49 0 0 125 0 0 0 0 
0 0 0 0 138 0 0 0 0 0 0 0 0 0 0 0 39 0 0 0 0 0 0 0 0 0 58 0 98 157 0 0 0 0 0 73 0 0 0 0 0 0 0 0 0 0 0 0 0 0 0 0 0 0 0 0 0 0 0 178 58 194 0 0 0 0 0 0 0 0 0 113 118 0 0 0 0 0 0 0 0 0 0 0 0 0 0 0 0 0 0 183 0 0 0 0 0 0 0 0 
0 0 0 0 0 0 0 0 0 0 0 0 0 0 0 157 0 122 0 0 0 0 199 57 0 0 74 0 0 57 0 0 0 0 0 0 0 0 0 0 92 0 0 0 0 0 0 0 0 0 0 0 0 0 0 0 0 0 0 0 0 0 0 0 0 0 0 0 0 0 0 0 171 0 0 0 0 0 112 0 0 0 0 0 0 0 0 0 0 0 0 0 0 0 0 0 0 0 0 0 
0 0 0 0 0 0 0 0 0 0 0 0 0 0 0 177 0 47 0 0 0 0 170 0 0 0 0 0 30 0 0 0 0 0 146 0 0 147 0 0 0 85 0 0 0 0 113 0 0 0 0 0 0 0 0 0 0 0 0 0 40 0 0 0 0 0 0 31 0 0 0 0 0 0 0 0 0 0 0 41 0 0 90 0 0 0 0 0 0 0 0 124 0 0 0 0 0 0 158 0 
0 0 0 0 0 0 0 0 0 0 0 49 0 0 0 0 0 0 103 0 0 0 0 0 0 192 150 0 98 0 0 0 0 39 0 0 0 0 116 0 0 0 0 0 184 0 0 0 0 0 0 0 0 0 0 0 0 0 0 0 0 149 0 0 0 0 0 0 0 0 0 0 0 0 12 0 0 0 0 0 0 0 21 0 0 0 112 0 0 0 0 0 0 75 0 0 0 0 0 200 
0 0 0 0 0 0 0 0 0 0 0 0 162 0 0 0 0 0 0 20 0 0 0 0 0 0 45 0 150 0 0 135 0 0 0 0 0 0 0 0 0 0 0 0 0 0 0 0 126 39 0 0 0 0 0 0 0 0 0 0 0 0 0 0 0 31 0 0 0 0 0 0 0 0 160 183 0 0 0 0 0 0 0 0 0 0 0 0 0 0 0 0 0 0 0 0 0 0 0 0 
0 0 0 0 0 0 0 0 0 0 73 0 0 0 50 0 0 0 0 0 0 138 0 0 0 0 0 0 0 0 0 0 0 0 0 0 0 89 0 0 0 0 0 37 0 0 10 0 0 0 198 0 0 0 0 0 0 0 24 0 0 0 0 0 0 0 0 0 0 141 0 0 0 146 0 0 0 0 0 0 0 0 0 0 0 0 0 0 0 82 0 0 0 0 0 0 0 165 0 0 
0 96 0 0 0 0 0 36 0 68 0 41 0 0 0 0 0 0 0 0 0 0 0 1 0 0 0 0 0 0 0 63 5 0 146 0 0 0 0 0 0 0 0 0 0 0 0 0 0 0 0 0 0 78 0 0 0 0 0 0 0 0 0 0 0 0 0 0 141 0 0 0 0 0 0 10 0 157 191 0 0 0 0 0 0 0 0 0 0 0 0 0 0 47 0 0 0 0 157 0 
0 0 120 0 135 65 0 0 0 0 0 0 0 0 0 20 0 0 0 0 0 0 0 0 0 0 115 124 0 86 0 110 0 0 0 0 0 0 0 44 0 0 0 0 0 0 0 0 0 0 200 0 0 0 0 0 0 0 0 0 0 0 0 0 0 0 0 0 0 0 0 0 0 0 0 0 0 0 0 0 0 0 112 0 0 0 0 0 178 0 0 0 0 102 0 200 80 0 0 0 
0 0 0 0 0 0 0 0 0 0 0 0 0 0 0 0 105 0 0 0 0 0 0 0 192 0 0 0 0 150 0 0 107 0 166 0 138 0 0 0 0 0 0 0 141 0 0 0 0 0 154 0 0 0 0 0 0 0 0 113 55 0 0 113 0 0 0 0 0 0 0 0 0 0 0 0 0 0 153 0 0 0 100 0 0 0 0 0 0 0 166 0 0 0 0 0 0 57 0 0 
0 0 0 0 0 0 0 0 144 0 0 144 0 0 174 0 0 0 0 0 0 17 78 0 0 105 0 0 0 0 0 0 0 0 0 0 0 0 0 0 0 0 0 0 0 36 0 0 0 0 0 0 0 0 0 0 0 0 0 0 4 0 0 118 171 0 0 0 0 0 0 0 0 0 0 79 0 0 0 0 0 0 0 0 10 0 0 0 0 0 96 0 96 0 0 0 0 0 148 0 
0 0 0 178 0 0 0 0 0 0 0 0 0 0 0 58 52 0 0 0 0 54 0 0 148 195 0 0 0 0 0 3 0 0 0 0 0 0 0 0 0 0 0 0 0 0 0 0 0 0 0 0 0 0 0 0 122 0 0 0 0 0 0 0 0 0 0 0 146 0 0 0 0 0 7 0 0 0 0 0 111 198 0 0 0 0 0 0 0 0 166 135 0 0 0 0 0 0 0 151 
0 0 0 0 0 152 0 0 68 0 0 0 0 0 0 0 0 0 0 0 0 0 0 139 0 0 0 0 0 0 0 0 0 0 0 0 0 0 0 0 123 0 0 0 0 0 0 0 0 0 0 0 176 0 0 0 0 0 0 0 0 0 118 0 0 0 12 160 0 0 0 0 0 7 0 0 4 0 0 74 0 92 11 0 0 165 0 0 0 0 0 0 0 0 0 0 0 0 0 29 
83 0 0 0 82 0 0 0 0 0 0 0 0 0 0 0 176 0 0 34 0 7 51 0 0 0 0 0 0 161 0 0 0 0 0 0 0 0 0 0 0 0 0 0 0 0 0 0 0 0 0 197 0 0 0 0 25 0 0 0 0 0 0 0 0 0 0 183 0 10 0 0 79 0 0 0 0 0 72 0 0 0 0 0 0 0 0 0 0 0 0 0 96 0 102 0 0 0 0 0 
198 0 0 0 0 0 0 0 0 0 0 0 13 4 0 0 0 0 0 0 0 0 0 0 0 0 0 0 0 0 0 0 199 0 0 0 96 0 0 0 0 56 0 0 0 0 186 0 0 0 48 0 0 0 0 0 0 0 0 0 0 59 0 0 0 0 0 0 0 0 0 0 0 0 4 0 0 0 0 0 0 0 0 0 0 0 145 0 0 0 0 35 0 0 0 118 50 0 0 3 
0 0 0 0 0 0 0 0 0 0 0 0 0 0 126 73 0 0 0 0 0 0 0 0 0 0 0 0 0 0 0 0 146 0 0 0 0 0 0 0 0 0 0 0 80 0 0 0 106 0 0 151 0 27 0 97 0 65 0 0 0 0 0 0 0 0 0 0 0 157 0 0 0 0 0 0 0 0 0 0 100 0 0 6 196 0 0 0 152 0 0 46 0 0 0 0 0 0 0 0 
0 0 0 119 0 0 0 0 0 0 0 0 28 0 0 0 0 0 0 0 0 160 0 0 0 0 0 0 0 0 0 0 0 0 0 0 0 0 0 0 0 0 0 65 0 0 0 133 158 0 0 162 0 0 0 118 157 0 0 0 0 0 0 0 112 0 0 0 0 191 0 153 0 0 0 72 0 0 0 0 142 133 0 0 0 0 0 0 0 0 0 0 0 0 0 0 0 0 0 0 
0 0 0 0 0 0 0 0 97 0 0 0 0 0 0 0 0 0 0 125 0 0 0 0 0 0 0 0 0 0 0 185 0 0 0 0 66 0 0 0 0 0 0 0 0 0 0 0 0 191 0 0 0 0 111 0 0 0 0 0 0 172 0 0 0 41 0 0 0 0 0 0 0 0 74 0 0 0 0 0 0 0 0 0 0 0 0 0 0 0 0 0 0 0 0 0 0 0 0 0 
0 0 0 0 0 0 0 0 0 0 0 0 0 0 0 0 0 0 0 0 188 0 0 76 0 0 0 0 0 0 0 0 0 0 0 0 147 0 0 56 81 0 0 155 146 0 148 41 0 0 0 0 0 0 0 0 0 0 0 0 0 0 0 0 0 0 0 0 0 0 0 0 0 111 0 0 0 100 142 0 0 0 0 0 0 0 0 0 0 111 0 0 0 0 0 0 0 0 0 0 
0 0 160 88 0 121 0 34 0 0 0 0 0 62 137 0 0 0 0 0 0 0 0 0 0 0 0 0 0 0 0 0 0 0 0 0 0 0 0 198 0 0 0 0 0 149 0 0 0 0 0 0 179 0 65 24 0 102 0 0 0 0 0 0 0 0 0 0 0 0 0 0 0 198 92 0 0 0 133 0 0 0 0 0 0 0 0 0 0 0 0 0 0 0 0 0 0 0 0 0 
0 0 0 0 0 0 0 0 0 0 0 0 0 0 0 0 0 0 0 0 0 0 0 0 0 0 92 0 0 0 0 0 0 0 0 0 0 0 102 0 0 0 0 0 0 0 0 0 21 0 0 0 0 0 0 0 99 0 0 0 0 0 0 0 0 90 21 0 0 0 112 100 0 0 11 0 0 0 0 0 0 0 0 0 0 26 0 0 0 0 0 0 0 0 0 0 0 0 142 0 
0 190 0 0 0 0 0 0 28 0 0 0 0 0 0 0 0 0 0 0 0 0 0 0 0 0 0 0 0 0 134 0 0 138 0 0 0 0 0 0 51 0 0 0 0 0 0 0 0 120 0 183 0 0 0 0 0 173 0 98 0 0 0 0 0 0 0 0 0 0 0 0 0 0 0 0 0 6 0 0 0 0 0 0 0 0 0 0 0 0 0 0 0 0 0 0 87 0 0 0 
0 126 0 0 124 0 0 0 0 0 0 0 0 0 0 0 0 0 0 0 0 0 0 0 0 0 0 0 0 0 0 69 0 0 0 0 0 74 0 0 0 0 161 0 0 0 0 124 0 0 0 0 192 0 0 0 0 0 0 0 0 0 0 0 0 0 0 0 0 0 0 0 10 0 0 0 0 196 0 0 0 0 0 0 0 0 0 0 0 0 0 0 0 0 104 0 0 0 0 0 
0 0 0 0 0 0 173 0 0 23 0 0 0 0 0 141 0 0 0 0 0 0 92 0 0 0 0 0 0 0 0 119 0 0 0 0 0 0 0 0 0 0 0 0 0 20 0 46 0 0 0 0 183 146 0 0 0 0 64 0 6 0 0 0 0 0 0 0 0 0 0 0 0 0 165 0 0 0 0 0 0 0 26 0 0 0 0 0 0 117 0 0 0 0 0 0 0 190 0 0 
0 144 132 0 0 0 0 0 0 0 86 0 0 0 0 0 0 0 0 0 0 0 0 0 0 34 0 0 36 0 63 0 88 0 0 0 0 125 0 0 0 42 0 0 0 0 0 0 0 0 0 0 0 49 0 0 145 0 162 0 0 0 0 0 0 0 112 0 0 0 0 0 0 0 0 0 145 0 0 0 0 0 0 0 0 0 0 0 0 0 0 0 0 0 68 0 0 0 0 0 
167 0 139 0 0 0 0 0 0 0 35 0 0 0 0 0 0 0 0 0 0 20 0 0 0 0 0 0 0 186 103 0 0 0 0 140 0 0 0 0 0 0 68 0 0 0 142 0 0 0 0 173 0 0 0 0 0 0 160 0 0 0 0 0 0 0 0 0 0 0 0 0 0 0 0 0 0 0 0 0 0 0 0 0 0 0 0 0 0 0 0 0 0 0 0 0 0 0 0 141 
0 121 0 0 146 0 0 0 0 0 0 0 0 0 166 0 0 0 0 0 0 0 0 0 0 0 0 0 0 0 0 0 0 0 0 0 0 0 0 0 24 0 0 0 0 0 0 0 0 194 0 0 0 0 58 0 39 186 79 0 0 0 0 0 0 0 0 0 0 0 178 0 0 0 0 0 0 152 0 0 0 0 0 0 0 0 0 0 0 0 0 0 100 35 0 0 0 0 0 0 
0 195 86 0 0 0 0 194 0 0 0 0 0 0 0 0 0 0 0 0 72 0 0 0 77 0 0 0 0 0 152 55 178 0 0 0 0 0 0 0 0 0 0 0 0 0 0 0 0 0 0 0 112 0 0 0 0 0 195 0 186 0 0 0 0 0 0 0 82 0 0 0 0 0 0 0 0 0 0 0 111 0 0 0 0 117 0 0 0 0 0 0 139 0 0 0 0 0 0 0 
0 0 0 0 0 0 0 0 0 0 0 20 27 0 0 0 0 0 181 0 0 0 0 47 0 0 0 0 0 0 0 191 0 0 182 0 0 0 0 0 0 0 0 0 0 148 0 0 0 111 0 0 0 0 0 0 0 0 0 6 3 0 45 0 0 0 0 0 0 0 0 166 96 166 0 0 0 0 0 0 0 0 0 0 0 0 0 0 0 0 0 0 195 0 0 0 0 0 0 0 
0 193 0 0 0 0 0 35 0 0 0 0 108 0 0 0 0 0 0 0 0 197 0 0 0 0 0 0 0 0 0 0 0 0 0 0 0 0 0 0 0 0 0 0 155 0 0 0 0 0 0 0 0 0 0 0 0 0 0 0 0 0 0 183 0 124 0 0 0 0 0 0 0 135 0 0 35 46 0 0 0 0 0 0 0 0 0 0 0 0 0 0 0 47 0 0 0 0 0 0 
0 0 0 0 144 0 0 0 0 5 0 0 0 0 0 0 0 0 0 0 0 0 0 0 0 0 0 0 125 0 0 0 0 0 0 32 0 0 0 0 0 0 0 0 0 114 0 0 0 0 0 0 0 0 0 0 0 0 0 122 0 0 49 0 0 0 0 0 0 0 0 0 96 0 0 96 0 0 0 0 0 0 0 0 0 0 0 0 100 139 195 0 0 0 0 0 0 130 0 0 
0 0 0 60 0 0 0 0 0 0 0 0 173 0 0 0 0 0 0 0 0 0 0 0 0 0 0 0 0 0 0 0 0 115 0 0 99 0 168 0 0 0 144 0 0 0 0 0 0 0 0 0 0 0 110 0 0 37 0 0 0 122 0 0 0 0 75 0 0 47 102 0 0 0 0 0 0 0 0 0 0 0 0 0 0 0 0 0 35 0 0 47 0 0 0 0 0 48 0 0 
0 0 0 0 0 150 0 0 0 0 0 0 0 0 84 0 0 0 0 0 0 0 0 0 0 0 0 0 0 0 0 0 67 115 0 0 0 0 0 0 0 0 0 0 0 0 0 0 0 0 0 0 0 0 0 0 15 0 0 110 0 0 0 0 0 0 0 0 0 0 0 0 0 0 0 102 0 0 0 0 0 0 0 0 104 0 68 0 0 0 0 0 0 0 0 105 0 0 0 0 
0 0 87 0 0 0 0 0 0 0 0 0 0 0 0 0 0 0 0 0 0 0 195 0 164 0 0 0 0 0 0 0 0 0 0 0 0 0 0 0 0 0 0 0 0 0 187 0 0 0 0 55 0 0 0 0 177 0 0 0 0 0 125 0 0 0 0 0 0 0 200 0 0 0 0 0 118 0 0 0 0 0 0 0 0 0 0 0 0 0 0 0 0 0 105 0 53 0 5 32 
0 0 0 0 0 0 0 0 0 0 0 0 189 0 0 179 0 0 139 0 0 0 0 0 0 0 0 122 0 0 0 0 56 0 0 84 0 0 0 0 0 19 0 0 27 0 0 0 0 191 0 0 0 0 0 0 60 0 0 0 0 0 0 0 0 0 0 0 0 0 80 0 0 0 0 0 50 0 0 0 0 0 0 87 0 0 0 0 0 0 0 0 0 0 0 53 0 0 0 0 
0 0 0 0 0 0 0 0 0 21 0 0 32 0 0 200 0 81 0 0 0 0 0 0 0 0 0 0 0 0 53 0 78 0 0 0 0 0 0 126 0 0 58 0 0 0 0 0 0 0 0 0 0 0 0 53 0 0 0 81 0 0 0 0 0 0 0 0 165 0 0 57 0 0 0 0 0 0 0 0 0 0 0 0 0 190 0 0 0 0 0 0 130 48 0 0 0 0 0 0 
0 0 0 126 151 0 37 126 0 0 0 0 0 0 0 0 0 0 0 89 0 0 0 0 0 0 0 0 0 0 0 0 0 0 195 0 0 0 0 0 0 186 0 0 0 0 0 0 0 0 0 75 198 0 0 0 0 0 0 0 0 0 0 0 0 158 0 0 0 157 0 0 148 0 0 0 0 0 0 0 0 0 142 0 0 0 0 0 0 0 0 0 0 0 0 5 0 0 0 0 
0 0 90 0 0 0 0 0 0 12 0 0 0 0 0 0 0 33 44 0 0 0 0 0 0 0 0 0 0 0 0 0 0 0 87 0 98 4 169 0 0 0 0 0 11 0 0 0 0 0 0 0 0 0 0 0 0 0 0 0 0 0 0 0 0 0 200 0 0 0 0 0 0 151 29 0 3 0 0 0 0 0 0 0 0 0 0 141 0 0 0 0 0 0 0 32 0 0 0 0 
