0 0 0 0 0 0 117 95 0 0 0 179 145 175 0 0 0 0 0 0 0 0 0 0 90 0 0 0 0 0 0 0 0 0 0 0 0 140 0 103 0 0 22 0 0 32 0 0 0 0 0 0 0 0 0 0 134 0 0 0 0 0 135 0 0 0 0 0 0 0 0 0 0 0 0 0 0 0 0 0 0 0 116 0 0 0 0 157 0 0 0 19 0 0 0 0 0 0 0 0 
0 0 162 0 28 0 0 0 0 0 0 0 0 0 73 0 0 0 0 0 0 0 0 0 0 0 0 0 0 0 0 0 0 0 0 0 0 0 0 0 71 0 0 0 0 0 0 0 171 0 0 0 32 18 0 0 0 0 27 0 0 62 0 0 0 0 0 0 0 0 0 0 0 0 123 0 0 0 112 0 107 0 0 0 0 0 0 82 0 0 0 0 60 0 0 0 33 0 0 0 
0 162 0 0 46 0 0 0 0 0 196 0 0 0 0 0 0 0 0 0 85 0 0 91 0 112 0 0 112 0 0 0 49 0 0 0 0 147 0 0 0 0 0 0 0 144 0 0 0 0 0 0 0 182 0 0 0 0 0 0 66 0 0 0 0 0 0 0 21 0 0 0 0 0 0 0 0 0 0 0 0 0 151 0 0 0 0 58 0 0 0 0 0 0 0 0 0 0 0 0 
0 0 0 0 0 0 168 0 0 0 0 55 28 0 0 0 0 27 0 0 0 0 0 0 50 0 0 0 0 0 0 24 0 0 0 0 0 0 0 0 0 128 0 0 0 0 0 0 0 0 0 0 0 0 0 0 0 0 0 0 0 53 0 0 0 0 113 0 0 1 0 143 0 48 92 0 0 0 0 0 0 0 0 0 0 0 0 0 0 17 0 0 0 0 0 0 0 0 0 0 
0 28 46 0 0 0 0 34 0 115 0 0 0 179 0 140 0 0 0 0 0 0 0 0 0 0 0 188 0 0 0 0 0 80 0 0 0 0 0 0 0 0 0 0 0 0 76 0 0 0 0 0 0 0 0 0 0 0 0 0 0 0 0 0 0 0 111 0 0 0 0 0 0 0 0 0 0 0 0 0 0 0 0 0 0 0 0 0 0 0 79 0 0 0 0 0 0 0 0 0 
0 0 0 0 0 0 68 0 0 0 0 0 146 0 0 0 0 0 0 0 0 0 0 0 0 0 0 0 0 16 0 109 107 0 0 0 0 0 0 0 67 0 0 181 0 0 125 0 0 0 0 179 0 0 0 0 0 0 0 0 0 0 0 0 0 0 0 0 0 0 0 0 0 0 0 0 0 0 0 0 0 0 0 0 0 0 0 192 29 0 0 0 0 0 0 0 0 0 0 0 
117 0 0 168 0 68 0 0 0 0 0 0 89 0 0 0 0 19 0 0 0 0 67 0 0 0 0 0 0 0 135 0 0 0 0 0 25 176 0 0 137 0 0 0 0 0 0 0 0 0 0 0 0 0 68 0 0 0 0 171 0 0 0 0 0 0 0 0 0 0 0 0 0 0 0 0 0 0 0 0 0 0 60 0 0 0 0 0 0 181 0 0 0 0 0 0 0 0 0 14 
95 0 0 0 34 0 0 0 0 145 0 0 0 152 0 0 80 0 80 0 0 0 0 0 0 0 0 0 0 0 0 0 17 0 0 0 0 0 0 0 0 0 0 0 0 136 0 0 0 0 0 0 0 0 0 0 0 0 0 0 0 0 0 0 0 0 137 156 0 0 0 0 0 0 0 0 116 0 0 106 0 154 0 180 0 0 0 0 0 0 0 0 0 0 0 0 0 0 0 0 
0 0 0 0 0 0 0 0 0 0 0 0 0 0 0 0 0 0 136 0 0 0 0 0 171 0 0 0 0 75 0 0 0 0 0 0 0 0 0 0 0 0 32 0 0 0 0 122 0 0 0 0 0 174 148 0 0 0 0 0 174 0 0 0 0 47 0 0 0 28 0 0 170 0 0 0 146 0 0 0 0 0 0 141 0 0 0 0 0 0 0 0 0 0 154 0 90 0 0 0 
0 0 0 0 115 0 0 145 0 0 0 0 173 0 0 0 0 0 0 0 0 112 0 0 0 128 0 103 128 0 0 0 0 0 0 0 0 0 36 0 0 109 0 0 0 0 0 0 0 0 0 0 0 0 0 0 0 33 0 0 0 0 0 0 0 0 0 103 0 0 0 0 192 0 0 122 0 0 0 0 0 0 0 0 0 0 0 0 0 0 0 0 0 0 0 0 0 9 117 0 
0 0 196 0 0 0 0 0 0 0 0 0 76 0 200 0 0 0 0 0 0 0 0 32 0 0 0 0 0 0 0 0 0 0 0 0 0 0 0 0 0 0 0 0 0 0 0 0 0 0 0 0 32 0 0 0 0 0 34 0 0 0 0 0 0 0 0 0 0 0 0 0 0 0 0 0 0 0 0 115 0 0 0 0 0 0 0 0 0 0 30 0 114 0 0 131 0 0 0 0 
179 0 0 55 0 0 0 0 0 0 0 0 0 0 0 0 0 0 0 0 0 0 0 0 0 0 0 0 0 0 0 0 0 154 0 0 0 0 0 0 0 178 0 0 0 63 0 0 41 0 0 0 0 0 118 0 0 172 0 0 0 0 0 0 0 0 0 0 0 0 0 167 0 0 0 0 0 137 191 0 0 67 0 0 41 0 0 0 0 0 0 0 89 0 0 0 0 0 0 0 
145 0 0 28 0 146 89 0 0 173 76 0 0 0 137 0 0 0 0 0 0 169 0 17 0 0 0 0 0 0 0 0 7 0 0 0 0 0 0 0 0 0 0 0 0 0 0 0 0 0 0 24 0 0 0 0 0 0 0 0 0 0 0 0 0 0 0 0 0 0 0 0 45 0 120 0 0 195 0 0 0 0 0 0 0 2 0 0 0 0 0 0 0 0 0 0 0 0 0 0 
175 0 0 0 179 0 0 152 0 0 0 0 0 0 0 0 0 0 0 0 0 0 0 0 0 0 138 0 0 0 0 183 0 81 0 0 0 39 0 0 0 0 0 0 0 199 0 0 0 0 0 0 0 0 0 0 0 0 0 0 187 0 0 0 0 0 0 119 0 0 0 0 0 0 0 0 117 0 0 0 0 0 0 0 0 0 0 0 0 0 47 0 0 0 0 0 0 0 148 0 
0 73 0 0 0 0 0 0 0 0 200 0 137 0 0 0 0 0 0 0 0 0 0 0 0 115 0 0 0 0 0 0 0 0 20 0 0 0 0 0 196 0 0 0 0 37 0 0 0 0 0 0 0 0 0 8 0 0 0 0 0 0 0 79 0 0 0 0 0 0 99 0 152 0 0 0 0 138 7 0 0 104 0 0 0 0 0 0 0 0 0 0 0 0 0 0 0 0 0 0 
0 0 0 0 140 0 0 0 0 0 0 0 0 0 0 0 0 0 75 53 0 0 48 0 0 0 0 0 0 197 0 0 0 0 0 0 0 17 0 0 0 0 0 0 0 0 0 0 0 0 0 0 0 0 0 0 0 0 0 0 0 0 0 0 92 0 0 0 0 0 0 0 0 0 0 0 0 0 0 0 108 0 0 0 0 96 0 0 156 0 0 0 0 144 0 0 0 113 0 0 
0 0 0 0 0 0 0 80 0 0 0 0 0 0 0 0 0 0 0 0 0 0 0 115 0 0 0 106 0 0 0 0 0 0 0 0 0 0 0 0 0 125 0 0 0 0 178 0 0 0 0 0 0 0 0 0 0 0 0 0 0 142 0 0 0 0 0 0 0 0 0 0 0 0 0 14 0 0 0 0 0 0 0 0 0 0 0 0 88 0 0 0 0 0 0 0 0 175 0 199 
0 0 0 27 0 0 19 0 0 0 0 0 0 0 0 0 0 0 0 0 0 145 122 0 0 0 0 0 0 0 0 0 0 0 0 0 0 0 0 124 0 53 0 0 19 0 0 0 0 0 0 111 0 0 0 0 0 0 77 0 0 0 0 0 0 0 0 0 0 0 0 129 0 0 0 0 0 0 143 0 0 93 169 0 0 0 0 0 153 0 0 0 0 127 0 0 0 0 0 0 
0 0 0 0 0 0 0 80 136 0 0 0 0 0 0 75 0 0 0 0 22 149 0 0 0 0 0 0 0 0 0 0 0 169 0 0 0 0 0 0 0 0 0 0 0 138 0 0 0 0 0 0 0 0 0 0 0 0 0 0 0 0 0 0 0 0 0 0 0 58 0 0 0 0 0 0 98 0 0 0 0 0 0 94 0 0 188 0 0 0 0 0 0 0 0 0 0 0 0 0 
0 0 0 0 0 0 0 0 0 0 0 0 0 0 0 53 0 0 0 0 0 0 200 0 56 0 0 0 0 4 0 0 0 0 56 0 0 0 0 127 0 0 0 0 0 0 0 2 0 48 0 0 0 75 0 0 0 0 0 0 0 0 0 0 0 0 0 0 0 0 187 0 0 0 0 0 0 0 0 0 0 0 0 0 0 0 0 0 0 0 0 0 0 0 0 0 0 0 128 0 
0 0 85 0 0 0 0 0 0 0 0 0 0 0 0 0 0 0 22 0 0 0 0 0 3 0 170 0 0 0 0 0 0 0 0 0 0 0 17 0 0 0 0 0 108 0 0 0 57 0 0 0 0 0 101 200 0 0 0 0 9 0 0 0 106 146 0 0 0 0 0 0 0 0 0 0 0 0 0 0 0 0 0 0 0 0 0 0 0 2 0 129 0 0 0 0 0 0 0 20 
0 0 0 0 0 0 0 0 0 112 0 0 169 0 0 0 0 145 149 0 0 0 0 0 0 174 0 0 0 0 0 141 43 0 0 0 0 0 0 0 0 0 0 0 0 0 136 139 0 0 0 0 139 0 0 0 0 0 0 0 0 0 0 0 0 0 0 0 0 0 97 0 0 0 0 0 0 0 0 81 0 0 0 0 0 0 148 29 0 0 0 0 0 0 0 0 0 0 0 192 
0 0 0 0 0 0 67 0 0 0 0 0 0 0 0 48 0 122 0 200 0 0 0 0 0 0 104 0 0 0 0 0 0 0 0 0 77 0 0 89 0 0 0 0 0 0 0 0 0 0 0 0 0 27 0 0 0 94 0 0 0 0 0 0 0 0 0 0 117 0 0 0 0 0 0 178 0 123 0 0 0 0 0 0 0 0 0 0 0 0 75 94 0 0 0 0 0 0 0 0 
0 0 91 0 0 0 0 0 0 0 32 0 17 0 0 0 115 0 0 0 0 0 0 0 0 0 0 0 0 0 157 90 0 0 0 0 0 0 0 0 0 0 0 0 0 0 0 0 0 75 116 0 0 0 0 0 0 82 0 0 162 0 0 0 158 0 0 0 18 0 0 0 0 0 0 0 0 0 0 0 191 0 0 0 0 0 0 0 0 0 0 133 0 160 0 0 0 0 0 0 
90 0 0 50 0 0 0 0 171 0 0 0 0 0 0 0 0 0 0 56 3 0 0 0 0 0 13 0 80 0 0 0 0 0 0 0 0 0 0 0 0 0 123 0 0 0 0 0 0 0 0 0 130 0 0 0 191 0 0 0 61 0 0 189 0 0 0 38 0 0 0 0 0 0 0 0 0 0 0 0 0 0 0 0 0 0 0 172 0 28 0 0 0 0 0 0 0 0 0 0 
0 0 112 0 0 0 0 0 0 128 0 0 0 0 115 0 0 0 0 0 0 174 0 0 0 0 0 0 0 0 0 0 0 0 30 0 37 92 0 0 0 0 0 172 0 0 47 0 0 0 0 0 0 0 0 94 0 0 0 197 45 0 0 0 127 0 0 0 0 0 0 0 0 0 0 0 0 189 0 0 0 0 0 0 0 0 0 0 0 0 0 0 0 0 0 72 0 0 0 0 
0 0 0 0 0 0 0 0 0 0 0 0 0 138 0 0 0 0 0 0 170 0 104 0 13 0 0 0 46 0 71 0 0 0 0 0 0 0 0 0 0 0 0 0 63 0 0 0 0 191 59 0 0 0 0 0 0 0 0 0 0 0 0 0 0 0 101 0 0 0 0 0 0 0 0 0 0 0 195 0 0 156 0 0 23 0 0 0 0 0 0 0 150 0 0 0 30 0 0 0 
0 0 0 0 188 0 0 0 0 103 0 0 0 0 0 0 106 0 0 0 0 0 0 0 0 0 0 0 0 0 0 0 0 0 0 0 0 160 0 0 0 0 0 0 0 0 0 72 0 0 0 0 0 0 0 0 0 0 0 165 0 0 0 0 109 0 0 0 15 0 0 0 0 0 85 15 0 67 0 155 0 0 0 0 0 0 0 0 0 100 0 0 0 0 0 0 0 0 0 0 
0 0 112 0 0 0 0 0 0 128 0 0 0 0 0 0 0 0 0 0 0 0 0 0 80 0 46 0 0 0 0 0 0 0 2 0 0 0 0 0 0 0 0 0 0 111 199 200 147 0 0 142 0 0 0 0 0 0 0 0 0 0 0 111 0 0 0 0 0 2 0 0 0 44 0 0 0 0 0 0 0 0 0 0 0 0 0 82 0 0 0 0 0 0 0 98 0 0 0 0 
0 0 0 0 0 16 0 0 75 0 0 0 0 0 0 197 0 0 0 4 0 0 0 0 0 0 0 0 0 0 0 0 0 0 0 0 158 0 0 0 0 0 0 0 0 0 64 0 0 0 0 0 157 0 0 0 0 32 0 0 0 61 0 0 0 0 0 0 0 0 0 0 0 0 177 0 140 0 69 0 0 199 0 0 0 0 0 0 0 0 0 122 0 106 0 0 0 0 0 0 
0 0 0 0 0 0 135 0 0 0 0 0 0 0 0 0 0 0 0 0 0 0 0 157 0 0 71 0 0 0 0 0 0 0 0 0 0 0 0 0 0 0 0 0 101 0 0 0 0 0 0 0 0 57 0 0 0 189 0 0 0 0 123 0 0 97 0 0 189 0 0 58 0 0 128 0 0 0 0 0 0 0 0 153 0 0 0 0 0 142 0 0 83 0 0 0 0 0 191 0 
0 0 0 24 0 109 0 0 0 0 0 0 0 183 0 0 0 0 0 0 0 141 0 90 0 0 0 0 0 0 0 0 0 0 0 0 0 0 0 0 0 51 0 0 0 0 0 129 0 0 0 0 0 0 0 0 0 0 0 0 0 0 0 62 181 0 0 158 0 0 0 0 0 0 165 0 122 0 71 0 0 0 0 0 0 0 0 0 4 0 92 0 0 0 0 0 0 0 0 0 
0 0 49 0 0 107 0 17 0 0 0 0 7 0 0 0 0 0 0 0 0 43 0 0 0 0 0 0 0 0 0 0 0 30 0 0 14 90 0 0 0 0 0 0 0 0 0 0 0 0 0 0 0 77 0 0 0 0 0 0 84 0 145 0 0 0 112 0 0 0 0 0 0 0 0 0 0 0 0 0 0 0 170 0 0 0 0 0 0 133 0 0 122 0 0 0 0 0 0 0 
0 0 0 0 80 0 0 0 0 0 0 154 0 81 0 0 0 0 169 0 0 0 0 0 0 0 0 0 0 0 0 0 30 0 0 0 0 0 140 0 0 0 0 0 0 0 151 0 0 0 0 0 0 0 0 144 0 141 0 0 159 0 0 0 0 0 0 0 81 185 0 0 0 0 0 0 0 0 0 0 0 0 0 0 0 0 0 0 0 32 0 0 0 74 0 0 123 0 0 0 
0 0 0 0 0 0 0 0 0 0 0 0 0 0 20 0 0 0 0 56 0 0 0 0 0 30 0 0 2 0 0 0 0 0 0 0 151 0 131 0 0 0 120 44 0 0 0 0 0 0 0 0 0 0 0 0 0 0 0 0 0 0 0 0 0 21 0 26 0 134 0 0 0 0 0 0 0 0 0 0 0 0 0 0 0 0 0 0 47 41 0 0 0 0 0 0 69 0 0 0 
0 0 0 0 0 0 0 0 0 0 0 0 0 0 0 0 0 0 0 0 0 0 0 0 0 0 0 0 0 0 0 0 0 0 0 0 182 0 0 165 0 0 0 108 0 0 0 0 0 0 77 0 0 0 0 0 0 0 0 0 0 0 0 67 0 0 0 0 0 0 0 0 0 0 145 111 0 0 0 0 0 0 0 134 0 0 0 0 197 0 197 0 0 143 0 0 0 0 0 0 
0 0 0 0 0 0 25 0 0 0 0 0 0 0 0 0 0 0 0 0 0 0 77 0 0 37 0 0 0 158 0 0 14 0 151 182 0 0 0 0 0 0 0 0 61 46 0 0 0 0 0 172 0 0 0 0 0 0 0 0 0 0 0 0 0 0 0 0 0 0 0 0 0 0 0 0 0 4 0 0 0 31 0 0 0 0 0 0 0 67 0 0 132 0 0 0 0 0 0 0 
140 0 147 0 0 0 176 0 0 0 0 0 0 39 0 17 0 0 0 0 0 0 0 0 0 92 0 160 0 0 0 0 90 0 0 0 0 0 0 0 0 0 0 0 91 0 0 0 0 0 0 0 0 50 0 0 0 0 140 0 0 171 0 0 0 0 0 0 0 0 0 0 0 0 0 24 0 0 0 0 0 0 0 0 0 0 0 0 0 0 0 0 0 0 0 0 0 0 184 0 
0 0 0 0 0 0 0 0 0 36 0 0 0 0 0 0 0 0 0 0 17 0 0 0 0 0 0 0 0 0 0 0 0 140 131 0 0 0 0 0 113 61 0 0 0 0 0 13 0 0 0 0 0 0 134 0 0 0 0 0 0 0 0 0 0 0 0 0 0 0 0 0 0 0 0 0 0 0 0 0 0 0 0 0 0 0 0 64 0 43 0 0 0 0 0 0 0 129 0 48 
103 0 0 0 0 0 0 0 0 0 0 0 0 0 0 0 0 124 0 127 0 0 89 0 0 0 0 0 0 0 0 0 0 0 0 165 0 0 0 0 0 0 0 42 0 0 0 0 175 0 0 0 0 91 0 0 0 42 0 0 0 0 0 0 0 0 0 15 0 0 0 0 0 0 0 0 0 0 0 62 0 0 0 0 0 0 0 0 0 16 0 58 100 0 0 0 141 0 0 0 
0 71 0 0 0 67 137 0 0 0 0 0 0 0 196 0 0 0 0 0 0 0 0 0 0 0 0 0 0 0 0 0 0 0 0 0 0 0 113 0 0 0 0 0 0 0 0 0 0 0 0 0 58 0 0 90 0 0 148 0 0 0 0 174 0 0 114 0 0 0 0 0 0 0 0 0 0 0 0 0 0 0 0 0 0 49 0 0 0 0 0 145 0 0 0 0 0 0 0 0 
0 0 0 128 0 0 0 0 0 109 0 178 0 0 0 0 125 53 0 0 0 0 0 0 0 0 0 0 0 0 0 51 0 0 0 0 0 0 61 0 0 0 23 0 0 0 0 0 0 0 0 38 0 0 0 0 109 0 0 0 0 0 0 0 0 164 172 0 0 0 0 0 0 171 0 0 0 0 0 0 0 0 0 0 0 0 0 16 0 0 0 0 0 0 160 0 0 0 0 0 
22 0 0 0 0 0 0 0 32 0 0 0 0 0 0 0 0 0 0 0 0 0 0 0 123 0 0 0 0 0 0 0 0 0 120 0 0 0 0 0 0 23 0 0 0 195 0 0 0 0 61 23 0 0 0 0 0 157 0 200 0 0 0 0 0 0 0 0 0 0 0 0 0 0 0 0 105 0 0 0 178 92 0 0 0 0 0 0 0 0 0 0 0 0 0 0 164 0 0 0 
0 0 0 0 0 181 0 0 0 0 0 0 0 0 0 0 0 0 0 0 0 0 0 0 0 172 0 0 0 0 0 0 0 0 44 108 0 0 0 42 0 0 0 0 0 0 0 0 0 0 0 0 0 0 0 0 0 0 0 0 0 0 0 0 4 0 0 0 0 0 50 0 0 81 0 0 0 0 0 0 119 0 197 107 0 195 0 0 99 0 117 0 0 91 0 0 0 0 0 0 
0 0 0 0 0 0 0 0 0 0 0 0 0 0 0 0 0 19 0 0 108 0 0 0 0 0 63 0 0 0 101 0 0 0 0 0 61 91 0 0 0 0 0 0 0 0 0 114 19 0 197 0 0 0 0 0 142 0 0 0 0 0 0 0 0 0 0 117 0 0 0 0 0 0 0 0 0 0 0 0 0 0 0 106 0 0 0 0 0 0 0 0 0 107 0 105 0 0 0 0 
32 0 144 0 0 0 0 136 0 0 0 63 0 199 37 0 0 0 138 0 0 0 0 0 0 0 0 0 111 0 0 0 0 0 0 0 46 0 0 0 0 0 195 0 0 0 0 0 0 0 0 0 0 0 0 0 0 0 120 0 0 0 90 0 0 0 0 164 0 0 0 0 172 0 0 0 0 0 0 0 0 0 0 0 0 0 0 0 0 0 0 0 0 0 0 0 0 0 0 193 
0 0 0 0 76 125 0 0 0 0 0 0 0 0 0 0 178 0 0 0 0 136 0 0 0 47 0 0 199 64 0 0 0 151 0 0 0 0 0 0 0 0 0 0 0 0 0 0 0 0 0 0 0 0 0 0 0 0 0 0 0 0 0 0 0 0 0 0 197 0 0 0 0 0 0 0 0 0 0 0 0 166 0 129 176 0 0 61 0 0 0 0 0 0 0 0 0 34 0 160 
0 0 0 0 0 0 0 0 122 0 0 0 0 0 0 0 0 0 0 2 0 139 0 0 0 0 0 72 200 0 0 129 0 0 0 0 0 0 13 0 0 0 0 0 114 0 0 0 0 0 0 0 0 0 0 0 0 200 0 0 0 0 0 0 0 0 0 0 0 0 0 79 0 145 0 0 0 0 0 0 0 0 149 0 0 0 0 0 0 0 0 0 0 0 0 0 171 0 23 0 
0 171 0 0 0 0 0 0 0 0 0 41 0 0 0 0 0 0 0 0 57 0 0 0 0 0 0 0 147 0 0 0 0 0 0 0 0 0 0 175 0 0 0 0 19 0 0 0 0 0 65 0 0 0 0 0 0 0 4 0 0 0 0 0 0 0 0 0 0 0 0 0 0 0 0 0 0 153 0 0 0 41 0 0 0 0 0 0 0 0 0 0 0 0 0 12 0 0 0 0 
0 0 0 0 0 0 0 0 0 0 0 0 0 0 0 0 0 0 0 48 0 0 0 75 0 0 191 0 0 0 0 0 0 0 0 0 0 0 0 0 0 0 0 0 0 0 0 0 0 0 130 0 0 0 0 0 0 0 0 0 0 0 0 0 0 0 0 0 0 0 0 0 0 0 0 115 0 0 0 0 0 0 0 0 0 0 28 0 0 0 0 183 116 0 0 143 0 144 0 0 
0 0 0 0 0 0 0 0 0 0 0 0 0 0 0 0 0 0 0 0 0 0 0 116 0 0 59 0 0 0 0 0 0 0 0 77 0 0 0 0 0 0 61 0 197 0 0 0 65 130 0 0 0 27 0 0 0 0 0 0 0 86 0 58 0 0 0 0 0 0 0 0 0 0 0 0 134 0 12 0 145 0 0 0 0 163 0 0 0 0 0 0 0 0 0 0 0 0 161 0 
0 0 0 0 0 179 0 0 0 0 0 0 24 0 0 0 0 111 0 0 0 0 0 0 0 0 0 0 142 0 0 0 0 0 0 0 172 0 0 0 0 38 23 0 0 0 0 0 0 0 0 0 0 0 0 0 0 0 0 0 0 144 0 177 0 37 0 0 0 0 152 0 0 0 0 0 0 0 0 0 0 0 0 0 0 0 0 0 0 0 180 8 0 170 38 0 0 0 0 0 
0 32 0 0 0 0 0 0 0 0 32 0 0 0 0 0 0 0 0 0 0 139 0 0 130 0 0 0 0 157 0 0 0 0 0 0 0 0 0 0 58 0 0 0 0 0 0 0 0 0 0 0 0 0 0 0 187 0 0 0 0 0 0 64 0 0 0 0 107 0 0 0 0 0 0 0 0 0 54 0 0 0 0 0 0 0 0 0 15 0 0 0 0 0 0 0 142 0 0 0 
0 18 182 0 0 0 0 0 174 0 0 0 0 0 0 0 0 0 0 75 0 0 27 0 0 0 0 0 0 0 57 0 77 0 0 0 0 50 0 91 0 0 0 0 0 0 0 0 0 0 27 0 0 0 0 0 0 0 0 0 0 0 0 0 0 0 0 0 0 0 0 77 0 0 0 0 0 0 0 0 27 0 2 0 0 63 0 76 0 0 0 0 0 0 0 0 0 0 0 0 
0 0 0 0 0 0 68 0 148 0 0 118 0 0 0 0 0 0 0 0 101 0 0 0 0 0 0 0 0 0 0 0 0 0 0 0 0 0 134 0 0 0 0 0 0 0 0 0 0 0 0 0 0 0 0 0 0 0 0 0 133 0 0 159 0 4 42 0 0 170 117 0 185 0 0 126 0 0 0 0 0 0 0 0 0 0 0 0 0 0 0 0 0 0 10 0 0 0 0 184 
0 0 0 0 0 0 0 0 0 0 0 0 0 0 8 0 0 0 0 0 200 0 0 0 0 94 0 0 0 0 0 0 0 144 0 0 0 0 0 0 90 0 0 0 0 0 0 0 0 0 0 0 0 0 0 0 0 0 0 40 0 154 146 0 9 0 16 191 0 0 0 116 125 0 0 0 0 0 0 0 0 0 0 0 0 0 0 128 0 0 0 123 0 0 0 0 0 0 0 0 
134 0 0 0 0 0 0 0 0 0 0 0 0 0 0 0 0 0 0 0 0 0 0 0 191 0 0 0 0 0 0 0 0 0 0 0 0 0 0 0 0 109 0 0 142 0 0 0 0 0 0 0 187 0 0 0 0 0 57 0 0 121 0 0 0 0 0 0 0 134 0 148 0 0 0 52 0 0 27 0 0 0 0 1 0 0 0 0 0 0 188 0 0 0 0 35 136 0 0 0 
0 0 0 0 0 0 0 0 0 33 0 172 0 0 0 0 0 0 0 0 0 0 94 82 0 0 0 0 0 32 189 0 0 141 0 0 0 0 0 42 0 0 157 0 0 0 0 200 0 0 0 0 0 0 0 0 0 0 0 0 0 0 0 0 0 0 0 0 0 0 79 64 0 0 127 0 0 0 0 0 0 0 0 0 0 0 0 0 0 0 113 0 0 0 0 0 0 0 0 0 
0 27 0 0 0 0 0 0 0 0 34 0 0 0 0 0 0 77 0 0 0 0 0 0 0 0 0 0 0 0 0 0 0 0 0 0 0 140 0 0 148 0 0 0 0 120 0 0 4 0 0 0 0 0 0 0 57 0 0 0 0 0 0 68 0 0 0 0 0 0 121 0 0 0 0 0 0 0 0 27 0 0 0 0 0 16 0 0 0 0 0 0 79 0 0 0 0 88 0 0 
0 0 0 0 0 0 171 0 0 0 0 0 0 0 0 0 0 0 0 0 0 0 0 0 0 197 0 165 0 0 0 0 0 0 0 0 0 0 0 0 0 0 200 0 0 0 0 0 0 0 0 0 0 0 0 40 0 0 0 0 0 0 0 0 0 0 0 0 0 0 0 158 115 0 97 72 24 0 0 141 0 0 171 0 0 0 0 121 0 0 39 0 0 0 0 0 0 163 0 0 
0 0 66 0 0 0 0 0 174 0 0 0 0 187 0 0 0 0 0 0 9 0 0 162 61 45 0 0 0 0 0 0 84 159 0 0 0 0 0 0 0 0 0 0 0 0 0 0 0 0 0 0 0 0 133 0 0 0 0 0 0 0 0 0 0 0 0 0 0 0 0 0 0 0 0 0 0 130 0 0 5 0 0 0 0 0 0 0 0 0 0 0 0 0 78 0 32 0 0 0 
0 62 0 53 0 0 0 0 0 0 0 0 0 0 0 0 142 0 0 0 0 0 0 0 0 0 0 0 0 61 0 0 0 0 0 0 0 171 0 0 0 0 0 0 0 0 0 0 0 0 86 144 0 0 0 154 121 0 0 0 0 0 0 0 107 0 0 0 0 137 0 0 91 0 0 0 180 0 0 0 0 0 48 0 0 0 0 0 0 0 0 0 0 0 0 11 0 0 0 0 
135 0 0 0 0 0 0 0 0 0 0 0 0 0 0 0 0 0 0 0 0 0 0 0 0 0 0 0 0 0 123 0 145 0 0 0 0 0 0 0 0 0 0 0 0 90 0 0 0 0 0 0 0 0 0 146 0 0 0 0 0 0 0 0 0 0 0 0 0 128 0 0 0 0 0 0 99 0 0 0 0 0 8 0 0 0 0 0 100 0 0 136 0 95 0 0 0 0 72 0 
0 0 0 0 0 0 0 0 0 0 0 0 0 0 79 0 0 0 0 0 0 0 0 0 189 0 0 0 111 0 0 62 0 0 0 67 0 0 0 0 174 0 0 0 0 0 0 0 0 0 58 177 64 0 159 0 0 0 68 0 0 0 0 0 0 0 0 0 0 0 0 57 96 0 0 0 0 0 0 0 191 0 0 0 0 0 0 0 0 0 0 0 0 0 0 0 0 5 0 0 
0 0 0 0 0 0 0 0 0 0 0 0 0 0 0 92 0 0 0 0 106 0 0 158 0 127 0 109 0 0 0 181 0 0 0 0 0 0 0 0 0 0 0 4 0 0 0 0 0 0 0 0 0 0 0 9 0 0 0 0 0 107 0 0 0 0 0 174 0 190 0 0 0 0 0 0 0 0 0 0 0 0 0 0 0 0 0 0 0 168 0 0 0 0 0 0 0 96 0 91 
0 0 0 0 0 0 0 0 47 0 0 0 0 0 0 0 0 0 0 0 146 0 0 0 0 0 0 0 0 0 97 0 0 0 21 0 0 0 0 0 0 164 0 0 0 0 0 0 0 0 0 37 0 0 4 0 0 0 0 0 0 0 0 0 0 0 0 87 95 0 0 0 0 0 0 0 0 0 0 0 0 31 0 0 0 0 0 0 0 0 168 0 0 0 0 0 0 0 0 0 
0 0 0 113 111 0 0 137 0 0 0 0 0 0 0 0 0 0 0 0 0 0 0 0 0 0 101 0 0 0 0 0 112 0 0 0 0 0 0 0 114 172 0 0 0 0 0 0 0 0 0 0 0 0 42 16 0 0 0 0 0 0 0 0 0 0 0 0 0 0 0 0 0 0 0 0 0 0 0 0 0 0 53 0 0 32 0 0 0 58 0 0 0 0 0 0 0 0 0 0 
0 0 0 0 0 0 0 156 0 103 0 0 0 119 0 0 0 0 0 0 0 0 0 0 38 0 0 0 0 0 0 158 0 0 26 0 0 0 0 15 0 0 0 0 117 164 0 0 0 0 0 0 0 0 0 191 0 0 0 0 0 0 0 0 174 87 0 0 0 0 0 0 0 0 0 0 0 20 0 0 0 0 0 0 136 0 0 0 0 0 196 0 0 0 0 0 0 0 0 0 
0 0 21 0 0 0 0 0 0 0 0 0 0 0 0 0 0 0 0 0 0 0 117 18 0 0 0 15 0 0 189 0 0 81 0 0 0 0 0 0 0 0 0 0 0 0 197 0 0 0 0 0 107 0 0 0 0 0 0 0 0 0 0 0 0 95 0 0 0 0 75 0 0 0 0 0 0 0 0 0 0 0 0 0 0 0 0 0 0 0 0 0 0 0 0 75 0 21 0 0 
0 0 0 1 0 0 0 0 28 0 0 0 0 0 0 0 0 0 58 0 0 0 0 0 0 0 0 0 2 0 0 0 0 185 134 0 0 0 0 0 0 0 0 0 0 0 0 0 0 0 0 0 0 0 170 0 134 0 0 0 0 137 128 0 190 0 0 0 0 0 0 0 0 0 0 0 0 0 0 0 0 0 0 0 0 0 0 0 0 0 0 0 0 0 0 0 0 0 0 0 
0 0 0 0 0 0 0 0 0 0 0 0 0 0 99 0 0 0 0 187 0 97 0 0 0 0 0 0 0 0 0 0 0 0 0 0 0 0 0 0 0 0 0 50 0 0 0 0 0 0 0 152 0 0 117 0 0 79 121 0 0 0 0 0 0 0 0 0 75 0 0 0 0 0 0 0 0 0 7 0 0 0 0 0 58 0 0 0 0 0 0 0 6 0 0 0 0 0 0 0 
0 0 0 143 0 0 0 0 0 0 0 167 0 0 0 0 0 129 0 0 0 0 0 0 0 0 0 0 0 0 58 0 0 0 0 0 0 0 0 0 0 0 0 0 0 0 0 79 0 0 0 0 0 77 0 116 148 64 0 158 0 0 0 57 0 0 0 0 0 0 0 0 0 0 50 0 28 0 0 0 0 0 0 0 0 151 0 0 0 0 0 0 0 0 0 110 0 0 0 0 
0 0 0 0 0 0 0 0 170 192 0 0 45 0 152 0 0 0 0 0 0 0 0 0 0 0 0 0 0 0 0 0 0 0 0 0 0 0 0 0 0 0 0 0 0 172 0 0 0 0 0 0 0 0 185 125 0 0 0 115 0 91 0 96 0 0 0 0 0 0 0 0 0 0 0 0 0 0 105 0 0 0 0 0 0 0 0 0 0 6 0 108 0 0 124 0 0 0 67 0 
0 0 0 48 0 0 0 0 0 0 0 0 0 0 0 0 0 0 0 0 0 0 0 0 0 0 0 0 44 0 0 0 0 0 0 0 0 0 0 0 0 171 0 81 0 0 0 145 0 0 0 0 0 0 0 0 0 0 0 0 0 0 0 0 0 0 0 0 0 0 0 0 0 0 0 0 0 0 0 0 0 0 0 0 167 0 0 38 0 0 0 7 0 0 197 0 0 0 0 154 
0 123 0 92 0 0 0 0 0 0 0 0 120 0 0 0 0 0 0 0 0 0 0 0 0 0 0 85 0 177 128 165 0 0 0 145 0 0 0 0 0 0 0 0 0 0 0 0 0 0 0 0 0 0 0 0 0 127 0 97 0 0 0 0 0 0 0 0 0 0 0 50 0 0 0 0 0 0 0 187 0 0 0 0 0 0 0 0 0 0 0 0 0 0 12 0 0 0 0 0 
0 0 0 0 0 0 0 0 0 122 0 0 0 0 0 0 14 0 0 0 0 0 178 0 0 0 0 15 0 0 0 0 0 0 0 111 0 24 0 0 0 0 0 0 0 0 0 0 0 115 0 0 0 0 126 0 52 0 0 72 0 0 0 0 0 0 0 0 0 0 0 0 0 0 0 0 0 122 63 0 170 0 0 0 0 0 0 0 141 0 0 0 0 0 0 0 0 0 0 0 
0 0 0 0 0 0 0 116 146 0 0 0 0 117 0 0 0 0 98 0 0 0 0 0 0 0 0 0 0 140 0 122 0 0 0 0 0 0 0 0 0 0 105 0 0 0 0 0 0 0 134 0 0 0 0 0 0 0 0 24 0 180 99 0 0 0 0 0 0 0 0 28 0 0 0 0 0 0 0 0 0 181 0 0 0 0 0 0 0 0 0 0 0 0 0 0 0 0 0 0 
0 0 0 0 0 0 0 0 0 0 0 137 195 0 138 0 0 0 0 0 0 0 123 0 0 189 0 67 0 0 0 0 0 0 0 0 4 0 0 0 0 0 0 0 0 0 0 0 153 0 0 0 0 0 0 0 0 0 0 0 130 0 0 0 0 0 0 20 0 0 0 0 0 0 0 122 0 0 0 0 0 0 0 0 0 0 0 0 0 0 0 0 0 0 0 0 0 0 0 0 
0 112 0 0 0 0 0 0 0 0 0 191 0 0 7 0 0 143 0 0 0 0 0 0 0 0 195 0 0 69 0 71 0 0 0 0 0 0 0 0 0 0 0 0 0 0 0 0 0 0 12 0 54 0 0 0 27 0 0 0 0 0 0 0 0 0 0 0 0 0 7 0 105 0 0 63 0 0 0 0 0 0 0 158 0 0 0 0 0 0 0 0 0 0 0 0 0 0 4 0 
0 0 0 0 0 0 0 106 0 0 115 0 0 0 0 0 0 0 0 0 0 81 0 0 0 0 0 155 0 0 0 0 0 0 0 0 0 0 0 62 0 0 0 0 0 0 0 0 0 0 0 0 0 0 0 0 0 0 27 141 0 0 0 0 0 0 0 0 0 0 0 0 0 0 187 0 0 0 0 0 0 37 0 0 0 0 113 0 171 0 0 0 0 0 0 0 0 0 0 27 
0 107 0 0 0 0 0 0 0 0 0 0 0 0 0 108 0 0 0 0 0 0 0 191 0 0 0 0 0 0 0 0 0 0 0 0 0 0 0 0 0 0 178 119 0 0 0 0 0 0 145 0 0 27 0 0 0 0 0 0 5 0 0 191 0 0 0 0 0 0 0 0 0 0 0 170 0 0 0 0 0 0 0 0 0 0 179 0 0 0 0 0 0 0 0 0 0 0 0 0 
0 0 0 0 0 0 0 154 0 0 0 67 0 0 104 0 0 93 0 0 0 0 0 0 0 0 156 0 0 199 0 0 0 0 0 0 31 0 0 0 0 0 92 0 0 0 166 0 41 0 0 0 0 0 0 0 0 0 0 0 0 0 0 0 0 31 0 0 0 0 0 0 0 0 0 0 181 0 0 37 0 0 0 0 0 0 0 0 0 0 0 0 65 0 0 0 0 0 107 0 
116 0 151 0 0 0 60 0 0 0 0 0 0 0 0 0 0 169 0 0 0 0 0 0 0 0 0 0 0 0 0 0 170 0 0 0 0 0 0 0 0 0 0 197 0 0 0 149 0 0 0 0 0 2 0 0 0 0 0 171 0 48 8 0 0 0 53 0 0 0 0 0 0 0 0 0 0 0 0 0 0 0 0 88 0 0 0 0 0 0 0 0 0 0 0 0 0 151 160 0 
0 0 0 0 0 0 0 180 141 0 0 0 0 0 0 0 0 0 94 0 0 0 0 0 0 0 0 0 0 0 153 0 0 0 0 134 0 0 0 0 0 0 0 107 106 0 129 0 0 0 0 0 0 0 0 0 1 0 0 0 0 0 0 0 0 0 0 0 0 0 0 0 0 0 0 0 0 0 158 0 0 0 88 0 35 0 0 0 95 0 27 0 0 0 0 181 0 0 0 0 
0 0 0 0 0 0 0 0 0 0 0 41 0 0 0 0 0 0 0 0 0 0 0 0 0 0 23 0 0 0 0 0 0 0 0 0 0 0 0 0 0 0 0 0 0 0 176 0 0 0 0 0 0 0 0 0 0 0 0 0 0 0 0 0 0 0 0 136 0 0 58 0 0 167 0 0 0 0 0 0 0 0 0 35 0 0 0 0 0 0 0 0 0 0 0 0 0 0 0 0 
0 0 0 0 0 0 0 0 0 0 0 0 2 0 0 96 0 0 0 0 0 0 0 0 0 0 0 0 0 0 0 0 0 0 0 0 0 0 0 0 49 0 0 195 0 0 0 0 0 0 163 0 0 63 0 0 0 0 16 0 0 0 0 0 0 0 32 0 0 0 0 151 0 0 0 0 0 0 0 0 0 0 0 0 0 0 0 101 172 0 0 0 0 0 0 0 0 0 0 0 
0 0 0 0 0 0 0 0 0 0 0 0 0 0 0 0 0 0 188 0 0 148 0 0 0 0 0 0 0 0 0 0 0 0 0 0 0 0 0 0 0 0 0 0 0 0 0 0 0 28 0 0 0 0 0 0 0 0 0 0 0 0 0 0 0 0 0 0 0 0 0 0 0 0 0 0 0 0 0 113 179 0 0 0 0 0 0 0 0 0 0 0 0 0 119 0 0 0 0 0 
157 82 58 0 0 192 0 0 0 0 0 0 0 0 0 0 0 0 0 0 0 29 0 0 172 0 0 0 82 0 0 0 0 0 0 0 0 0 64 0 0 16 0 0 0 0 61 0 0 0 0 0 0 76 0 128 0 0 0 121 0 0 0 0 0 0 0 0 0 0 0 0 0 38 0 0 0 0 0 0 0 0 0 0 0 101 0 0 0 0 0 0 0 0 0 0 0 0 0 0 
0 0 0 0 0 29 0 0 0 0 0 0 0 0 0 156 88 153 0 0 0 0 0 0 0 0 0 0 0 0 0 4 0 0 47 197 0 0 0 0 0 0 0 99 0 0 0 0 0 0 0 0 15 0 0 0 0 0 0 0 0 0 100 0 0 0 0 0 0 0 0 0 0 0 0 141 0 0 0 171 0 0 0 95 0 172 0 0 0 0 145 0 0 0 0 0 0 0 0 0 
0 0 0 17 0 0 181 0 0 0 0 0 0 0 0 0 0 0 0 0 2 0 0 0 28 0 0 100 0 0 142 0 133 32 41 0 67 0 43 16 0 0 0 0 0 0 0 0 0 0 0 0 0 0 0 0 0 0 0 0 0 0 0 0 168 0 58 0 0 0 0 0 6 0 0 0 0 0 0 0 0 0 0 0 0 0 0 0 0 0 0 0 0 0 0 0 0 0 0 0 
0 0 0 0 79 0 0 0 0 0 30 0 0 47 0 0 0 0 0 0 0 0 75 0 0 0 0 0 0 0 0 92 0 0 0 197 0 0 0 0 0 0 0 117 0 0 0 0 0 0 0 180 0 0 0 0 188 113 0 39 0 0 0 0 0 168 0 196 0 0 0 0 0 0 0 0 0 0 0 0 0 0 0 27 0 0 0 0 145 0 0 0 0 0 0 0 0 0 0 0 
19 0 0 0 0 0 0 0 0 0 0 0 0 0 0 0 0 0 0 0 129 0 94 133 0 0 0 0 0 122 0 0 0 0 0 0 0 0 0 58 145 0 0 0 0 0 0 0 0 183 0 8 0 0 0 123 0 0 0 0 0 0 136 0 0 0 0 0 0 0 0 0 108 7 0 0 0 0 0 0 0 0 0 0 0 0 0 0 0 0 0 0 0 0 0 0 0 105 0 0 
0 60 0 0 0 0 0 0 0 0 114 89 0 0 0 0 0 0 0 0 0 0 0 0 0 0 150 0 0 0 83 0 122 0 0 0 132 0 0 100 0 0 0 0 0 0 0 0 0 116 0 0 0 0 0 0 0 0 79 0 0 0 0 0 0 0 0 0 0 0 6 0 0 0 0 0 0 0 0 0 0 65 0 0 0 0 0 0 0 0 0 0 0 0 0 172 0 78 0 126 
0 0 0 0 0 0 0 0 0 0 0 0 0 0 0 144 0 127 0 0 0 0 0 160 0 0 0 0 0 106 0 0 0 74 0 143 0 0 0 0 0 0 0 91 107 0 0 0 0 0 0 170 0 0 0 0 0 0 0 0 0 0 95 0 0 0 0 0 0 0 0 0 0 0 0 0 0 0 0 0 0 0 0 0 0 0 0 0 0 0 0 0 0 0 0 0 0 0 0 0 
0 0 0 0 0 0 0 0 154 0 0 0 0 0 0 0 0 0 0 0 0 0 0 0 0 0 0 0 0 0 0 0 0 0 0 0 0 0 0 0 0 160 0 0 0 0 0 0 0 0 0 38 0 0 10 0 0 0 0 0 78 0 0 0 0 0 0 0 0 0 0 0 124 197 12 0 0 0 0 0 0 0 0 0 0 0 119 0 0 0 0 0 0 0 0 77 0 0 0 47 
0 0 0 0 0 0 0 0 0 0 131 0 0 0 0 0 0 0 0 0 0 0 0 0 0 72 0 0 98 0 0 0 0 0 0 0 0 0 0 0 0 0 0 0 105 0 0 0 12 143 0 0 0 0 0 0 35 0 0 0 0 11 0 0 0 0 0 0 75 0 0 110 0 0 0 0 0 0 0 0 0 0 0 181 0 0 0 0 0 0 0 0 172 0 77 0 0 42 0 0 
0 33 0 0 0 0 0 0 90 0 0 0 0 0 0 0 0 0 0 0 0 0 0 0 0 0 30 0 0 0 0 0 0 123 69 0 0 0 0 141 0 0 164 0 0 0 0 171 0 0 0 0 142 0 0 0 136 0 0 0 32 0 0 0 0 0 0 0 0 0 0 0 0 0 0 0 0 0 0 0 0 0 0 0 0 0 0 0 0 0 0 0 0 0 0 0 0 0 0 0 
0 0 0 0 0 0 0 0 0 9 0 0 0 0 0 113 175 0 0 0 0 0 0 0 0 0 0 0 0 0 0 0 0 0 0 0 0 0 129 0 0 0 0 0 0 0 34 0 0 144 0 0 0 0 0 0 0 0 88 163 0 0 0 5 96 0 0 0 21 0 0 0 0 0 0 0 0 0 0 0 0 0 151 0 0 0 0 0 0 0 0 105 78 0 0 42 0 0 0 0 
0 0 0 0 0 0 0 0 0 117 0 0 0 148 0 0 0 0 0 128 0 0 0 0 0 0 0 0 0 0 191 0 0 0 0 0 0 184 0 0 0 0 0 0 0 0 0 23 0 0 161 0 0 0 0 0 0 0 0 0 0 0 72 0 0 0 0 0 0 0 0 0 67 0 0 0 0 0 4 0 0 107 160 0 0 0 0 0 0 0 0 0 0 0 0 0 0 0 0 25 
0 0 0 0 0 0 14 0 0 0 0 0 0 0 0 0 199 0 0 0 20 192 0 0 0 0 0 0 0 0 0 0 0 0 0 0 0 0 48 0 0 0 0 0 0 193 160 0 0 0 0 0 0 0 184 0 0 0 0 0 0 0 0 0 91 0 0 0 0 0 0 0 0 154 0 0 0 0 0 27 0 0 0 0 0 0 0 0 0 0 0 0 126 0 47 0 0 0 25 0 
