0 0 0 0 0 0 0 0 0 75 0 0 0 0 39 0 0 0 0 0 0 0 2 0 0 0 0 0 0 0 0 0 0 0 0 0 0 0 6 36 0 0 0 0 0 0 28 0 0 0 0 0 0 0 0 0 0 0 0 0 0 0 0 39 0 13 0 77 0 0 0 0 0 0 0 0 0 0 19 0 0 0 0 0 0 0 89 0 0 0 0 0 69 0 0 0 0 24 24 0 
0 0 13 0 0 0 0 0 0 0 0 0 0 0 0 61 0 0 0 0 0 57 0 76 0 0 0 0 0 0 0 0 0 0 0 87 0 0 0 0 78 0 0 0 0 0 0 0 30 0 66 13 0 0 0 0 0 0 0 0 0 0 0 0 0 0 0 0 0 0 0 0 0 0 0 0 0 0 0 0 0 0 0 0 0 0 0 0 0 0 0 0 0 0 52 0 39 0 0 4 
0 13 0 0 0 0 1 0 0 0 0 0 0 0 0 0 0 0 0 0 0 0 0 0 0 0 0 0 0 0 0 0 81 43 0 0 0 0 0 0 0 0 0 0 0 0 0 0 0 0 0 0 0 74 0 0 0 0 0 0 0 0 0 0 0 0 0 0 14 0 10 0 0 0 0 0 0 0 0 0 29 0 0 89 0 0 0 0 0 0 0 0 0 0 0 78 0 0 0 0 
0 0 0 0 0 0 0 0 0 0 0 0 0 0 0 0 0 0 0 0 0 0 0 0 0 0 0 99 0 0 0 0 0 38 0 80 0 0 0 18 0 0 74 0 0 0 0 0 0 0 0 0 11 3 0 0 0 0 63 0 66 0 0 0 0 0 0 0 0 0 80 0 79 0 15 0 0 0 0 0 0 0 0 0 0 52 0 0 0 0 5 0 0 0 0 0 0 0 0 3 
0 0 0 0 0 0 0 0 80 0 0 0 0 0 0 0 0 0 0 0 0 0 0 0 0 0 0 0 0 0 0 0 0 85 0 0 0 0 0 0 0 0 0 0 0 0 0 0 0 0 0 0 0 0 16 0 0 0 0 0 90 0 0 0 0 0 0 0 0 5 0 78 0 0 0 0 0 0 0 0 0 84 0 0 0 0 0 26 85 0 0 0 0 0 0 0 0 0 0 0 
0 0 0 0 0 0 0 83 0 0 0 33 0 0 0 0 0 0 4 0 0 0 0 0 0 0 0 0 0 0 0 0 0 0 7 0 70 0 0 0 0 0 0 0 0 0 0 0 0 0 0 0 0 0 0 0 0 0 0 0 0 0 0 0 85 0 0 0 0 0 0 0 0 0 0 0 0 62 0 0 0 0 0 0 0 0 0 0 0 0 0 0 0 0 0 0 0 0 0 0 
0 0 1 0 0 0 0 0 0 0 0 0 0 0 0 0 0 0 0 0 0 33 0 72 0 0 0 82 0 0 0 0 0 0 0 0 0 0 0 0 0 0 0 0 0 0 68 0 0 0 0 0 0 0 0 0 0 0 0 0 0 0 0 0 0 0 0 52 0 0 0 0 0 0 0 0 0 0 0 0 0 0 0 0 63 0 0 0 0 0 0 0 0 0 0 0 0 0 0 0 
0 0 0 0 0 83 0 0 0 0 0 87 0 0 0 0 32 0 0 0 0 0 40 0 0 0 0 0 0 0 0 0 85 0 76 0 0 0 0 0 17 26 0 16 0 0 0 0 83 0 0 0 0 0 0 0 0 0 0 0 0 0 0 0 0 0 30 0 0 0 0 0 0 0 0 0 0 0 0 0 0 9 0 0 0 0 0 0 0 0 0 0 0 0 0 0 0 0 0 0 
0 0 0 0 80 0 0 0 0 0 0 0 0 0 0 0 0 0 0 0 52 0 0 0 0 0 0 0 0 0 80 0 0 0 0 0 0 37 0 0 0 0 95 0 0 0 0 0 0 0 0 0 0 0 76 0 0 42 82 0 0 0 0 0 0 0 0 0 0 0 0 0 0 0 0 0 0 0 0 0 80 0 0 0 0 0 0 0 0 0 0 0 6 0 10 0 0 0 0 0 
75 0 0 0 0 0 0 0 0 0 0 2 39 0 0 0 0 90 0 0 0 0 20 0 0 0 0 0 0 0 0 0 0 0 0 0 0 0 0 0 0 0 0 0 0 86 0 61 0 0 44 0 0 0 0 0 0 0 0 0 0 0 0 0 0 0 0 0 0 59 0 0 0 0 0 0 0 0 0 0 0 0 0 0 0 0 41 0 0 0 0 57 0 0 0 0 0 0 0 0 
0 0 0 0 0 0 0 0 0 0 0 0 0 0 0 0 0 0 34 0 0 0 0 79 0 0 65 0 0 0 0 0 0 0 0 0 96 0 0 0 0 0 0 0 0 0 0 61 0 0 0 0 0 0 0 0 0 0 0 0 0 0 0 63 0 0 0 0 82 0 0 0 0 0 0 0 0 0 53 0 0 0 0 0 0 0 0 0 0 52 0 0 98 0 0 10 0 0 0 86 
0 0 0 0 0 33 0 87 0 2 0 0 0 0 0 0 0 0 0 0 0 0 74 0 0 0 0 0 0 0 0 42 0 0 0 0 0 0 0 0 0 0 0 0 0 0 0 0 0 35 0 0 0 0 0 0 0 0 0 45 0 0 0 0 0 0 0 0 0 0 0 0 0 0 0 0 0 36 0 0 0 0 0 0 0 0 0 0 0 0 0 0 0 31 0 0 0 0 0 0 
0 0 0 0 0 0 0 0 0 39 0 0 0 35 0 56 0 0 0 0 0 0 0 0 42 0 89 0 0 0 0 0 0 0 0 0 0 0 0 0 26 0 0 0 0 0 0 0 0 0 93 52 0 0 0 0 0 0 0 0 0 0 0 0 0 0 0 0 0 0 53 0 0 0 0 0 13 0 99 0 0 0 0 11 0 0 0 0 0 0 0 0 0 0 0 0 0 0 0 0 
0 0 0 0 0 0 0 0 0 0 0 0 35 0 0 0 0 0 0 0 0 0 0 0 0 0 0 0 0 0 0 0 0 0 0 0 0 17 0 0 0 0 0 0 90 0 51 72 0 0 0 0 0 57 0 0 0 0 0 0 0 0 0 0 0 0 0 0 0 0 0 0 0 55 0 0 0 0 0 0 0 0 0 0 0 0 0 0 0 0 78 0 0 0 0 58 0 0 0 0 
39 0 0 0 0 0 0 0 0 0 0 0 0 0 0 0 0 0 0 0 0 0 0 0 0 0 0 0 0 0 0 0 0 0 0 0 0 0 0 0 0 0 0 0 0 0 0 89 0 27 0 0 0 0 0 0 0 0 0 0 0 0 0 0 0 0 0 0 0 0 0 0 0 0 0 0 0 0 0 0 0 0 98 0 72 0 30 0 0 0 0 75 0 0 0 0 0 32 0 0 
0 61 0 0 0 0 0 0 0 0 0 0 56 0 0 0 0 0 0 0 0 0 0 0 0 0 0 0 0 0 0 20 0 0 98 51 0 0 0 18 0 84 0 0 0 0 0 0 0 0 0 0 0 92 0 0 0 0 0 0 0 0 0 0 0 0 0 0 0 0 0 0 0 0 0 0 29 79 0 0 0 0 0 50 66 0 15 0 0 0 0 0 0 0 0 0 0 0 0 0 
0 0 0 0 0 0 0 32 0 0 0 0 0 0 0 0 0 0 0 0 0 0 0 85 0 0 0 0 35 0 0 0 0 0 0 0 0 0 0 72 0 0 0 0 0 55 0 0 0 0 0 0 0 0 0 0 0 0 0 55 0 75 0 34 0 51 91 0 0 0 6 0 2 0 49 0 0 63 0 0 0 0 0 0 0 0 0 0 83 0 0 0 0 0 0 0 0 0 0 0 
0 0 0 0 0 0 0 0 0 90 0 0 0 0 0 0 0 0 0 0 0 0 0 0 0 0 0 73 0 0 0 0 0 0 0 0 0 0 0 0 0 0 0 0 0 0 0 0 0 0 0 0 0 0 0 0 0 0 38 0 0 0 0 82 0 0 64 0 0 0 0 40 0 0 0 0 0 0 0 0 0 0 70 0 0 0 0 0 0 0 0 0 0 50 0 0 0 0 0 0 
0 0 0 0 0 4 0 0 0 0 34 0 0 0 0 0 0 0 0 0 0 0 0 0 0 0 0 0 12 0 0 0 58 0 0 0 0 0 0 0 16 0 0 0 0 27 0 0 24 0 0 0 0 0 0 58 0 0 0 0 0 0 43 0 0 0 0 0 12 0 0 0 73 0 0 0 0 0 0 0 0 0 0 0 0 66 0 0 0 0 10 0 67 0 0 0 50 0 0 0 
0 0 0 0 0 0 0 0 0 0 0 0 0 0 0 0 0 0 0 0 0 0 0 0 0 0 0 0 0 0 0 0 37 0 0 0 0 0 0 0 0 0 0 0 0 0 29 0 0 0 83 0 0 0 0 0 0 0 0 0 0 0 0 0 8 0 0 0 0 0 0 0 0 0 84 61 0 0 0 50 0 0 0 0 0 0 0 0 0 0 0 0 0 0 0 0 0 0 0 0 
0 0 0 0 0 0 0 0 52 0 0 0 0 0 0 0 0 0 0 0 0 0 0 0 0 0 0 0 0 25 0 0 0 0 0 0 0 0 0 0 0 0 0 0 0 0 0 0 17 0 0 90 0 0 0 0 0 0 0 0 0 0 0 0 0 0 0 0 0 0 0 0 0 0 0 94 0 0 0 0 0 0 0 0 0 0 0 0 0 0 0 0 0 0 0 46 0 98 0 0 
0 57 0 0 0 0 33 0 0 0 0 0 0 0 0 0 0 0 0 0 0 0 0 0 0 0 0 0 0 0 0 0 0 0 78 0 0 0 0 0 0 0 0 0 0 0 0 0 0 0 0 0 0 0 0 0 1 72 0 0 0 0 0 0 0 0 0 0 0 0 0 0 0 0 0 0 0 0 0 0 0 0 0 0 0 50 0 0 0 0 0 0 0 0 0 0 0 0 0 0 
2 0 0 0 0 0 0 40 0 20 0 74 0 0 0 0 0 0 0 0 0 0 0 0 0 0 0 77 0 0 0 0 0 0 0 0 0 0 0 14 0 7 0 0 0 0 0 0 0 0 0 0 0 0 0 0 0 80 0 0 0 0 0 0 14 0 0 0 0 0 0 0 0 0 0 0 0 0 0 0 0 88 0 0 0 0 0 0 0 0 0 0 0 0 0 0 0 0 0 0 
0 76 0 0 0 0 72 0 0 0 79 0 0 0 0 0 85 0 0 0 0 0 0 0 0 0 0 0 0 47 0 0 36 0 0 0 0 0 0 0 0 0 0 0 0 0 0 0 0 0 0 17 0 0 0 0 0 0 0 0 0 0 0 0 0 0 18 40 0 98 0 0 0 0 0 0 76 0 0 0 40 0 0 24 0 0 0 0 22 0 56 0 0 0 0 0 0 0 0 0 
0 0 0 0 0 0 0 0 0 0 0 0 42 0 0 0 0 0 0 0 0 0 0 0 0 21 0 0 13 0 0 0 0 0 0 0 96 0 74 0 0 2 0 0 0 0 0 15 0 0 0 0 0 0 0 0 0 0 0 0 0 0 0 0 0 0 0 0 0 0 0 0 0 19 0 0 0 0 0 0 0 0 23 0 0 66 0 0 0 0 0 0 0 0 0 0 0 0 0 73 
0 0 0 0 0 0 0 0 0 0 0 0 0 0 0 0 0 0 0 0 0 0 0 0 21 0 0 0 0 0 0 0 0 0 0 0 0 0 0 0 0 0 0 0 0 99 0 0 2 0 0 0 0 0 0 0 0 0 0 0 0 53 0 0 0 0 0 0 0 0 30 0 0 0 0 0 0 16 0 0 0 0 0 0 58 0 0 0 12 0 0 0 0 0 16 0 0 0 56 0 
0 0 0 0 0 0 0 0 0 0 65 0 89 0 0 0 0 0 0 0 0 0 0 0 0 0 0 0 0 0 0 0 0 0 0 0 0 0 0 0 0 0 0 0 0 0 0 0 0 0 41 0 0 0 0 0 0 0 0 0 100 90 0 0 0 0 0 0 0 0 0 0 0 0 0 0 11 0 0 0 0 0 0 0 0 0 0 0 0 0 0 0 0 0 0 0 0 0 0 58 
0 0 0 99 0 0 82 0 0 0 0 0 0 0 0 0 0 73 0 0 0 0 77 0 0 0 0 0 0 0 0 0 0 0 0 73 0 0 42 0 82 0 0 0 0 0 0 0 0 0 0 0 0 0 0 0 0 0 0 0 0 0 0 0 0 0 0 0 0 0 0 0 0 0 0 0 0 0 0 0 0 46 0 43 0 0 0 0 0 0 0 0 6 0 0 0 0 0 0 0 
0 0 0 0 0 0 0 0 0 0 0 0 0 0 0 0 35 0 12 0 0 0 0 0 13 0 0 0 0 0 0 0 0 0 0 41 0 0 0 53 0 0 0 0 0 0 0 0 0 0 72 0 0 0 0 0 0 0 0 0 0 0 0 0 0 0 57 0 0 0 0 0 0 0 0 0 0 68 0 0 16 0 0 0 0 0 0 0 0 0 0 0 0 0 0 0 0 0 0 0 
0 0 0 0 0 0 0 0 0 0 0 0 0 0 0 0 0 0 0 0 25 0 0 47 0 0 0 0 0 0 0 75 0 61 0 0 0 0 0 0 0 0 0 0 0 0 0 0 0 0 0 0 44 0 0 0 0 0 0 0 0 0 83 0 0 0 0 0 0 0 0 65 0 0 0 0 0 0 0 0 12 0 0 0 0 0 0 0 70 0 0 0 0 0 0 0 0 0 0 0 
0 0 0 0 0 0 0 0 80 0 0 0 0 0 0 0 0 0 0 0 0 0 0 0 0 0 0 0 0 0 0 0 0 0 0 0 0 0 0 0 0 0 0 85 0 0 0 0 0 0 0 0 0 0 0 39 0 0 18 0 0 0 0 0 0 0 0 0 0 0 0 0 0 87 0 0 0 0 0 0 88 0 0 0 0 0 0 22 0 0 0 0 29 0 0 0 0 0 0 0 
0 0 0 0 0 0 0 0 0 0 0 42 0 0 0 20 0 0 0 0 0 0 0 0 0 0 0 0 0 75 0 0 0 0 0 0 0 0 0 84 0 0 0 0 0 24 0 0 0 0 0 0 83 0 0 27 0 0 0 0 0 0 0 0 0 0 0 0 0 0 0 0 0 0 36 18 40 0 69 0 0 0 0 0 100 0 0 93 0 0 37 0 0 71 0 0 0 0 0 0 
0 0 81 0 0 0 0 85 0 0 0 0 0 0 0 0 0 0 58 37 0 0 0 36 0 0 0 0 0 0 0 0 0 0 0 0 83 0 0 0 0 0 0 0 0 0 0 0 0 0 0 0 0 0 0 69 0 0 0 0 63 0 0 90 42 0 0 0 0 0 0 0 0 0 69 0 0 0 0 0 92 0 0 0 0 0 0 0 0 0 0 0 0 0 0 0 0 47 0 0 
0 0 43 38 85 0 0 0 0 0 0 0 0 0 0 0 0 0 0 0 0 0 0 0 0 0 0 0 0 61 0 0 0 0 0 0 0 0 0 0 0 0 0 0 0 0 0 0 60 0 0 0 0 0 0 0 0 0 0 0 69 0 0 0 0 0 0 0 0 0 0 0 0 0 0 0 0 0 35 0 0 0 0 0 0 0 0 0 0 0 0 0 0 0 0 0 0 0 38 0 
0 0 0 0 0 7 0 76 0 0 0 0 0 0 0 98 0 0 0 0 0 78 0 0 0 0 0 0 0 0 0 0 0 0 0 0 0 35 66 0 0 0 96 0 0 25 0 0 0 0 92 0 0 0 28 0 0 0 0 0 0 0 0 0 0 0 0 0 0 0 13 0 0 0 0 0 0 0 0 0 0 0 0 96 0 0 0 0 0 0 0 0 0 0 0 0 0 4 0 0 
0 87 0 80 0 0 0 0 0 0 0 0 0 0 0 51 0 0 0 0 0 0 0 0 0 0 0 73 41 0 0 0 0 0 0 0 0 0 0 0 0 0 0 0 0 0 0 0 0 0 0 0 72 0 0 0 0 0 0 0 0 0 0 0 0 0 0 39 8 0 0 0 0 0 0 0 60 0 0 0 0 0 0 8 0 10 0 45 0 0 0 63 84 0 0 0 0 0 27 0 
0 0 0 0 0 70 0 0 0 0 96 0 0 0 0 0 0 0 0 0 0 0 0 0 96 0 0 0 0 0 0 0 83 0 0 0 0 0 73 0 0 0 0 0 0 0 0 0 0 0 99 0 0 0 0 0 0 0 0 0 0 0 0 0 0 0 0 0 0 1 0 0 0 0 34 0 0 54 0 0 0 0 0 0 0 0 0 0 0 0 0 0 0 0 0 0 72 0 2 0 
0 0 0 0 0 0 0 0 37 0 0 0 0 17 0 0 0 0 0 0 0 0 0 0 0 0 0 0 0 0 0 0 0 0 35 0 0 0 0 0 0 0 0 0 0 0 0 0 0 0 0 0 0 0 0 0 0 0 0 0 0 0 0 42 0 0 0 0 0 0 0 7 0 0 0 0 0 0 0 0 0 0 0 0 0 0 0 0 0 0 79 0 0 0 0 0 71 0 0 0 
6 0 0 0 0 0 0 0 0 0 0 0 0 0 0 0 0 0 0 0 0 0 0 0 74 0 0 42 0 0 0 0 0 0 66 0 73 0 0 0 0 0 0 0 0 0 0 51 0 0 0 0 0 0 15 0 0 0 0 0 0 0 0 0 85 0 0 0 0 17 0 0 0 0 56 0 30 0 0 0 0 0 0 31 0 0 0 15 0 0 0 56 0 0 0 0 77 0 0 0 
36 0 0 18 0 0 0 0 0 0 0 0 0 0 0 18 72 0 0 0 0 0 14 0 0 0 0 0 53 0 0 84 0 0 0 0 0 0 0 0 0 0 0 0 0 0 0 0 0 0 27 0 0 0 0 0 0 0 0 62 0 0 43 0 0 0 0 0 0 0 0 0 0 0 0 0 58 0 0 0 0 0 0 0 18 0 0 0 0 0 0 0 0 0 0 0 9 0 0 0 
0 78 0 0 0 0 0 17 0 0 0 0 26 0 0 0 0 0 16 0 0 0 0 0 0 0 0 82 0 0 0 0 0 0 0 0 0 0 0 0 0 0 0 0 0 0 0 0 28 0 0 0 0 0 0 0 0 0 0 0 0 0 0 0 0 0 0 0 0 71 0 0 66 0 60 0 0 0 0 0 0 0 0 0 0 0 0 18 0 0 0 0 0 0 0 0 0 0 0 0 
0 0 0 0 0 0 0 26 0 0 0 0 0 0 0 84 0 0 0 0 0 0 7 0 2 0 0 0 0 0 0 0 0 0 0 0 0 0 0 0 0 0 0 0 0 0 0 0 0 0 0 0 0 0 0 36 0 0 0 0 0 4 0 0 30 0 0 0 0 0 0 0 29 94 0 0 0 0 0 0 0 0 0 0 0 0 0 0 0 0 0 0 0 0 0 0 0 0 0 1 
0 0 0 74 0 0 0 0 95 0 0 0 0 0 0 0 0 0 0 0 0 0 0 0 0 0 0 0 0 0 0 0 0 0 96 0 0 0 0 0 0 0 0 0 0 0 0 24 0 0 0 0 0 0 0 0 0 76 0 0 0 99 0 0 0 0 0 0 0 60 0 0 0 0 0 0 0 0 0 0 0 0 0 0 0 0 0 0 0 0 0 0 0 0 0 0 0 0 0 0 
0 0 0 0 0 0 0 16 0 0 0 0 0 0 0 0 0 0 0 0 0 0 0 0 0 0 0 0 0 0 85 0 0 0 0 0 0 0 0 0 0 0 0 0 0 0 0 0 6 0 0 30 95 0 0 0 0 0 0 0 0 0 0 0 0 0 0 0 0 0 59 0 26 0 0 0 0 0 0 0 0 0 0 0 0 0 0 0 0 0 0 0 0 0 0 0 0 28 0 0 
0 0 0 0 0 0 0 0 0 0 0 0 0 90 0 0 0 0 0 0 0 0 0 0 0 0 0 0 0 0 0 0 0 0 0 0 0 0 0 0 0 0 0 0 0 0 0 0 0 0 0 0 0 0 0 0 0 0 0 0 0 0 0 0 0 0 0 0 0 0 0 0 0 0 0 0 0 0 0 0 0 0 0 0 0 0 0 0 0 89 0 0 0 0 0 0 0 0 0 0 
0 0 0 0 0 0 0 0 0 86 0 0 0 0 0 0 55 0 27 0 0 0 0 0 0 99 0 0 0 0 0 24 0 0 25 0 0 0 0 0 0 0 0 0 0 0 0 0 0 0 0 37 0 0 37 0 0 0 0 14 0 0 0 67 0 0 0 0 0 0 0 0 0 0 0 0 0 0 0 68 98 0 0 0 0 0 0 0 0 0 78 0 0 0 0 0 0 0 0 0 
28 0 0 0 0 0 68 0 0 0 0 0 0 51 0 0 0 0 0 29 0 0 0 0 0 0 0 0 0 0 0 0 0 0 0 0 0 0 0 0 0 0 0 0 0 0 0 0 0 0 0 0 0 38 0 0 0 0 0 14 0 0 42 0 0 0 0 0 0 0 0 0 0 0 0 3 0 0 0 0 3 0 0 0 0 0 0 0 0 0 0 0 0 32 0 0 0 0 0 0 
0 0 0 0 0 0 0 0 0 61 61 0 0 72 89 0 0 0 0 0 0 0 0 0 15 0 0 0 0 0 0 0 0 0 0 0 0 0 51 0 0 0 24 0 0 0 0 0 0 41 0 0 0 0 0 0 0 0 0 0 0 0 0 0 0 0 0 0 0 0 0 0 0 0 0 0 0 0 0 0 0 0 0 0 0 0 0 0 0 0 0 0 0 0 0 0 0 0 0 0 
0 30 0 0 0 0 0 83 0 0 0 0 0 0 0 0 0 0 24 0 17 0 0 0 0 2 0 0 0 0 0 0 0 60 0 0 0 0 0 0 28 0 0 6 0 0 0 0 0 0 0 0 0 0 0 0 0 16 0 0 0 0 0 0 0 2 0 0 0 0 0 0 0 0 0 0 0 0 0 0 0 0 0 0 0 81 0 0 0 0 0 0 82 0 0 0 0 0 0 0 
0 0 0 0 0 0 0 0 0 0 0 35 0 0 27 0 0 0 0 0 0 0 0 0 0 0 0 0 0 0 0 0 0 0 0 0 0 0 0 0 0 0 0 0 0 0 0 41 0 0 0 0 0 0 0 83 0 0 0 0 0 0 0 0 0 0 0 0 0 0 0 0 0 0 0 0 0 0 0 0 13 0 0 0 0 57 0 0 0 0 0 0 0 79 0 0 0 0 0 0 
0 66 0 0 0 0 0 0 0 44 0 0 93 0 0 0 0 0 0 83 0 0 0 0 0 0 41 0 72 0 0 0 0 0 92 0 99 0 0 27 0 0 0 0 0 0 0 0 0 0 0 16 0 0 0 0 0 0 0 0 0 0 0 0 0 0 0 0 0 0 0 0 14 0 0 0 28 0 0 41 0 82 0 48 0 0 0 0 0 0 0 0 0 0 0 0 0 0 0 0 
0 13 0 0 0 0 0 0 0 0 0 0 52 0 0 0 0 0 0 0 90 0 0 17 0 0 0 0 0 0 0 0 0 0 0 0 0 0 0 0 0 0 0 30 0 37 0 0 0 0 16 0 25 0 0 0 0 0 0 0 0 64 0 0 0 0 0 32 0 0 0 0 0 0 0 0 68 0 0 100 0 0 0 0 0 0 0 0 0 0 0 0 0 0 0 0 96 0 0 0 
0 0 0 11 0 0 0 0 0 0 0 0 0 0 0 0 0 0 0 0 0 0 0 0 0 0 0 0 0 44 0 83 0 0 0 72 0 0 0 0 0 0 0 95 0 0 0 0 0 0 0 25 0 94 27 0 58 0 0 0 0 0 0 0 0 0 0 0 0 0 0 0 57 90 0 0 30 0 40 0 0 0 0 0 0 70 0 0 0 0 0 0 0 0 0 0 0 38 0 0 
0 0 74 3 0 0 0 0 0 0 0 0 0 57 0 92 0 0 0 0 0 0 0 0 0 0 0 0 0 0 0 0 0 0 0 0 0 0 0 0 0 0 0 0 0 0 38 0 0 0 0 0 94 0 0 0 0 0 0 0 0 0 0 52 0 0 0 0 14 0 0 0 0 0 0 0 0 0 0 0 0 0 0 46 33 0 0 0 0 0 0 0 0 0 0 0 0 53 0 0 
0 0 0 0 16 0 0 0 76 0 0 0 0 0 0 0 0 0 0 0 0 0 0 0 0 0 0 0 0 0 0 0 0 0 28 0 0 0 15 0 0 0 0 0 0 37 0 0 0 0 0 0 27 0 0 0 0 66 0 0 0 0 0 96 0 0 0 0 0 0 0 0 0 0 0 7 0 0 0 0 0 0 2 0 54 0 0 0 0 100 0 79 0 0 0 0 0 0 0 0 
0 0 0 0 0 0 0 0 0 0 0 0 0 0 0 0 0 0 58 0 0 0 0 0 0 0 0 0 0 0 39 27 69 0 0 0 0 0 0 0 0 36 0 0 0 0 0 0 0 83 0 0 0 0 0 0 0 0 0 13 0 0 9 0 0 0 84 0 0 0 0 0 0 0 0 0 0 0 0 0 0 0 27 0 0 0 0 0 0 0 0 0 0 0 0 0 0 0 79 0 
0 0 0 0 0 0 0 0 0 0 0 0 0 0 0 0 0 0 0 0 0 1 0 0 0 0 0 0 0 0 0 0 0 0 0 0 0 0 0 0 0 0 0 0 0 0 0 0 0 0 0 0 58 0 0 0 0 67 0 0 0 0 0 0 0 0 55 0 0 0 0 0 0 0 0 0 0 79 0 0 0 0 36 0 0 0 0 0 0 0 0 0 0 0 0 0 0 0 0 0 
0 0 0 0 0 0 0 0 42 0 0 0 0 0 0 0 0 0 0 0 0 72 80 0 0 0 0 0 0 0 0 0 0 0 0 0 0 0 0 0 0 0 76 0 0 0 0 0 16 0 0 0 0 0 66 0 67 0 0 0 0 0 0 0 0 0 0 0 0 0 0 0 0 0 82 0 0 10 17 0 0 0 0 0 0 0 36 0 0 0 0 0 0 0 0 0 0 0 0 0 
0 0 0 63 0 0 0 0 82 0 0 0 0 0 0 0 0 38 0 0 0 0 0 0 0 0 0 0 0 0 18 0 0 0 0 0 0 0 0 0 0 0 0 0 0 0 0 0 0 0 0 0 0 0 0 0 0 0 0 0 5 55 0 77 0 0 0 0 0 0 0 0 0 0 0 0 0 55 0 0 0 0 0 0 0 0 0 0 0 0 0 0 0 0 0 0 0 0 0 0 
0 0 0 0 0 0 0 0 0 0 0 45 0 0 0 0 55 0 0 0 0 0 0 0 0 0 0 0 0 0 0 0 0 0 0 0 0 0 0 62 0 0 0 0 0 14 14 0 0 0 0 0 0 0 0 13 0 0 0 0 0 0 94 0 0 0 0 3 0 62 80 0 0 0 0 0 0 0 0 0 0 0 0 0 0 0 0 0 0 0 0 0 0 0 0 59 0 0 0 0 
0 0 0 66 90 0 0 0 0 0 0 0 0 0 0 0 0 0 0 0 0 0 0 0 0 0 100 0 0 0 0 0 63 69 0 0 0 0 0 0 0 0 0 0 0 0 0 0 0 0 0 0 0 0 0 0 0 0 5 0 0 0 0 0 0 0 0 0 0 0 0 0 0 0 0 0 0 0 0 0 0 37 0 0 17 0 0 0 0 0 0 3 0 0 0 0 0 0 0 0 
0 0 0 0 0 0 0 0 0 0 0 0 0 0 0 0 75 0 0 0 0 0 0 0 0 53 90 0 0 0 0 0 0 0 0 0 0 0 0 0 0 4 99 0 0 0 0 0 0 0 0 64 0 0 0 0 0 0 55 0 0 0 0 0 0 0 60 0 0 0 0 0 0 0 0 0 58 0 0 0 26 0 4 0 0 0 0 0 0 82 23 0 97 39 0 0 0 0 0 0 
0 0 0 0 0 0 0 0 0 0 0 0 0 0 0 0 0 0 43 0 0 0 0 0 0 0 0 0 0 83 0 0 0 0 0 0 0 0 0 43 0 0 0 0 0 0 42 0 0 0 0 0 0 0 0 9 0 0 0 94 0 0 0 0 0 0 32 0 0 0 0 0 0 0 0 0 0 0 0 0 0 0 78 0 0 0 0 0 0 0 0 0 0 0 0 0 0 0 0 53 
39 0 0 0 0 0 0 0 0 0 63 0 0 0 0 0 34 82 0 0 0 0 0 0 0 0 0 0 0 0 0 0 90 0 0 0 0 42 0 0 0 0 0 0 0 67 0 0 0 0 0 0 0 52 96 0 0 0 77 0 0 0 0 0 0 0 0 0 0 0 0 0 0 0 0 83 0 0 0 0 0 0 0 0 0 0 0 0 0 0 0 0 0 0 0 0 0 0 0 0 
0 0 0 0 0 85 0 0 0 0 0 0 0 0 0 0 0 0 0 8 0 0 14 0 0 0 0 0 0 0 0 0 42 0 0 0 0 0 85 0 0 30 0 0 0 0 0 0 0 0 0 0 0 0 0 0 0 0 0 0 0 0 0 0 0 0 0 100 0 0 0 5 0 0 0 0 0 92 0 0 0 0 0 0 0 0 0 0 0 0 0 0 0 0 0 0 0 0 0 0 
13 0 0 0 0 0 0 0 0 0 0 0 0 0 0 0 51 0 0 0 0 0 0 0 0 0 0 0 0 0 0 0 0 0 0 0 0 0 0 0 0 0 0 0 0 0 0 0 2 0 0 0 0 0 0 0 0 0 0 0 0 0 0 0 0 0 0 0 0 0 0 0 71 0 33 0 0 0 0 0 0 0 0 0 44 0 0 0 0 0 0 0 0 0 0 0 18 0 0 0 
0 0 0 0 0 0 0 30 0 0 0 0 0 0 0 0 91 64 0 0 0 0 0 18 0 0 0 0 57 0 0 0 0 0 0 0 0 0 0 0 0 0 0 0 0 0 0 0 0 0 0 0 0 0 0 84 55 0 0 0 0 60 32 0 0 0 0 0 0 0 0 0 0 0 0 0 0 0 0 0 0 0 0 0 61 0 0 0 0 43 0 0 65 0 0 3 0 0 0 0 
77 0 0 0 0 0 52 0 0 0 0 0 0 0 0 0 0 0 0 0 0 0 0 40 0 0 0 0 0 0 0 0 0 0 0 39 0 0 0 0 0 0 0 0 0 0 0 0 0 0 0 32 0 0 0 0 0 0 0 3 0 0 0 0 100 0 0 0 0 0 0 0 0 0 0 87 0 0 0 0 0 0 25 51 0 96 0 0 0 0 0 0 0 0 0 0 0 0 0 0 
0 0 14 0 0 0 0 0 0 0 82 0 0 0 0 0 0 0 12 0 0 0 0 0 0 0 0 0 0 0 0 0 0 0 0 8 0 0 0 0 0 0 0 0 0 0 0 0 0 0 0 0 0 14 0 0 0 0 0 0 0 0 0 0 0 0 0 0 0 0 49 0 0 0 0 0 0 9 0 34 0 0 0 0 0 0 0 0 0 54 0 0 0 2 0 0 0 0 0 0 
0 0 0 0 5 0 0 0 0 59 0 0 0 0 0 0 0 0 0 0 0 0 0 98 0 0 0 0 0 0 0 0 0 0 0 0 1 0 17 0 71 0 60 0 0 0 0 0 0 0 0 0 0 0 0 0 0 0 0 62 0 0 0 0 0 0 0 0 0 0 0 0 0 0 0 0 0 0 0 0 0 0 40 62 0 11 27 0 0 0 0 0 0 0 41 20 0 0 0 0 
0 0 10 80 0 0 0 0 0 0 0 0 53 0 0 0 6 0 0 0 0 0 0 0 0 30 0 0 0 0 0 0 0 0 13 0 0 0 0 0 0 0 0 59 0 0 0 0 0 0 0 0 0 0 0 0 0 0 0 80 0 0 0 0 0 0 0 0 49 0 0 0 0 0 0 0 0 86 0 0 0 0 0 32 0 0 0 11 0 0 0 0 0 0 0 0 0 0 0 0 
0 0 0 0 78 0 0 0 0 0 0 0 0 0 0 0 0 40 0 0 0 0 0 0 0 0 0 0 0 65 0 0 0 0 0 0 0 7 0 0 0 0 0 0 0 0 0 0 0 0 0 0 0 0 0 0 0 0 0 0 0 0 0 0 5 0 0 0 0 0 0 0 0 0 0 0 0 0 0 0 0 0 0 0 0 0 0 0 10 0 0 0 0 0 0 0 0 0 0 0 
0 0 0 79 0 0 0 0 0 0 0 0 0 0 0 0 2 0 73 0 0 0 0 0 0 0 0 0 0 0 0 0 0 0 0 0 0 0 0 0 66 29 0 26 0 0 0 0 0 0 14 0 57 0 0 0 0 0 0 0 0 0 0 0 0 71 0 0 0 0 0 0 0 0 0 0 0 56 0 0 0 0 0 0 0 47 0 0 0 0 0 0 0 0 0 0 0 0 0 0 
0 0 0 0 0 0 0 0 0 0 0 0 0 55 0 0 0 0 0 0 0 0 0 0 19 0 0 0 0 0 87 0 0 0 0 0 0 0 0 0 0 94 0 0 0 0 0 0 0 0 0 0 90 0 0 0 0 0 0 0 0 0 0 0 0 0 0 0 0 0 0 0 0 0 0 8 0 0 18 0 0 0 0 0 0 0 0 0 0 41 0 0 0 0 0 0 0 0 0 0 
0 0 0 15 0 0 0 0 0 0 0 0 0 0 0 0 49 0 0 84 0 0 0 0 0 0 0 0 0 0 0 36 69 0 0 0 34 0 56 0 60 0 0 0 0 0 0 0 0 0 0 0 0 0 0 0 0 82 0 0 0 0 0 0 0 33 0 0 0 0 0 0 0 0 0 0 0 0 0 0 0 0 0 0 0 0 0 0 0 0 0 0 0 0 0 0 40 0 0 0 
0 0 0 0 0 0 0 0 0 0 0 0 0 0 0 0 0 0 0 61 94 0 0 0 0 0 0 0 0 0 0 18 0 0 0 0 0 0 0 0 0 0 0 0 0 0 3 0 0 0 0 0 0 0 7 0 0 0 0 0 0 0 0 83 0 0 0 87 0 0 0 0 0 8 0 0 0 0 41 0 0 41 0 0 0 0 0 0 0 0 0 0 0 0 0 0 0 0 99 0 
0 0 0 0 0 0 0 0 0 0 0 0 13 0 0 29 0 0 0 0 0 0 0 76 0 0 11 0 0 0 0 40 0 0 0 60 0 0 30 58 0 0 0 0 0 0 0 0 0 0 28 68 30 0 0 0 0 0 0 0 0 58 0 0 0 0 0 0 0 0 0 0 0 0 0 0 0 0 0 0 0 30 0 0 0 0 0 0 0 0 70 0 0 0 0 0 0 0 0 0 
0 0 0 0 0 62 0 0 0 0 0 36 0 0 0 79 63 0 0 0 0 0 0 0 0 16 0 0 68 0 0 0 0 0 0 0 54 0 0 0 0 0 0 0 0 0 0 0 0 0 0 0 0 0 0 0 79 10 55 0 0 0 0 0 92 0 0 0 9 0 86 0 56 0 0 0 0 0 0 0 0 0 0 0 0 0 0 0 0 0 0 0 83 0 0 0 0 0 0 0 
19 0 0 0 0 0 0 0 0 0 53 0 99 0 0 0 0 0 0 0 0 0 0 0 0 0 0 0 0 0 0 69 0 35 0 0 0 0 0 0 0 0 0 0 0 0 0 0 0 0 0 0 40 0 0 0 0 17 0 0 0 0 0 0 0 0 0 0 0 0 0 0 0 18 0 41 0 0 0 0 0 0 0 70 0 0 0 70 0 66 0 0 0 0 0 67 0 0 0 0 
0 0 0 0 0 0 0 0 0 0 0 0 0 0 0 0 0 0 0 50 0 0 0 0 0 0 0 0 0 0 0 0 0 0 0 0 0 0 0 0 0 0 0 0 0 68 0 0 0 0 41 100 0 0 0 0 0 0 0 0 0 0 0 0 0 0 0 0 34 0 0 0 0 0 0 0 0 0 0 0 0 0 63 79 0 0 0 0 94 0 0 0 0 0 0 0 0 81 0 0 
0 0 29 0 0 0 0 0 80 0 0 0 0 0 0 0 0 0 0 0 0 0 0 40 0 0 0 0 16 12 88 0 92 0 0 0 0 0 0 0 0 0 0 0 0 98 3 0 0 13 0 0 0 0 0 0 0 0 0 0 0 26 0 0 0 0 0 0 0 0 0 0 0 0 0 0 0 0 0 0 0 95 0 0 0 0 0 0 0 0 0 0 0 0 0 0 0 0 0 0 
0 0 0 0 84 0 0 9 0 0 0 0 0 0 0 0 0 0 0 0 0 0 88 0 0 0 0 46 0 0 0 0 0 0 0 0 0 0 0 0 0 0 0 0 0 0 0 0 0 0 82 0 0 0 0 0 0 0 0 0 37 0 0 0 0 0 0 0 0 0 0 0 0 0 0 41 30 0 0 0 95 0 98 0 0 58 0 0 0 0 0 0 0 73 0 0 0 0 0 99 
0 0 0 0 0 0 0 0 0 0 0 0 0 0 98 0 0 70 0 0 0 0 0 0 23 0 0 0 0 0 0 0 0 0 0 0 0 0 0 0 0 0 0 0 0 0 0 0 0 0 0 0 0 0 2 27 36 0 0 0 0 4 78 0 0 0 0 25 0 40 0 0 0 0 0 0 0 0 0 63 0 98 0 0 0 81 0 77 0 0 0 0 0 0 0 0 0 0 0 0 
0 0 89 0 0 0 0 0 0 0 0 0 11 0 0 50 0 0 0 0 0 0 0 24 0 0 0 43 0 0 0 0 0 0 96 8 0 0 31 0 0 0 0 0 0 0 0 0 0 0 48 0 0 46 0 0 0 0 0 0 0 0 0 0 0 0 0 51 0 62 32 0 0 0 0 0 0 0 70 79 0 0 0 0 0 0 0 0 0 0 0 0 0 0 0 0 0 0 0 0 
0 0 0 0 0 0 63 0 0 0 0 0 0 0 72 66 0 0 0 0 0 0 0 0 0 58 0 0 0 0 0 100 0 0 0 0 0 0 0 18 0 0 0 0 0 0 0 0 0 0 0 0 0 33 54 0 0 0 0 0 17 0 0 0 0 44 61 0 0 0 0 0 0 0 0 0 0 0 0 0 0 0 0 0 0 0 0 0 0 0 0 0 0 0 0 0 0 0 0 0 
0 0 0 52 0 0 0 0 0 0 0 0 0 0 0 0 0 0 66 0 0 50 0 0 66 0 0 0 0 0 0 0 0 0 0 10 0 0 0 0 0 0 0 0 0 0 0 0 81 57 0 0 70 0 0 0 0 0 0 0 0 0 0 0 0 0 0 96 0 11 0 0 47 0 0 0 0 0 0 0 0 58 81 0 0 0 39 0 0 0 0 66 0 0 0 0 0 0 0 0 
89 0 0 0 0 0 0 0 0 41 0 0 0 0 30 15 0 0 0 0 0 0 0 0 0 0 0 0 0 0 0 0 0 0 0 0 0 0 0 0 0 0 0 0 0 0 0 0 0 0 0 0 0 0 0 0 0 36 0 0 0 0 0 0 0 0 0 0 0 27 0 0 0 0 0 0 0 0 0 0 0 0 0 0 0 39 0 0 0 0 0 0 0 0 0 0 0 0 0 0 
0 0 0 0 26 0 0 0 0 0 0 0 0 0 0 0 0 0 0 0 0 0 0 0 0 0 0 0 0 0 22 93 0 0 0 45 0 0 15 0 18 0 0 0 0 0 0 0 0 0 0 0 0 0 0 0 0 0 0 0 0 0 0 0 0 0 0 0 0 0 11 0 0 0 0 0 0 0 70 0 0 0 77 0 0 0 0 0 0 0 0 0 0 0 0 0 0 0 0 0 
0 0 0 0 85 0 0 0 0 0 0 0 0 0 0 0 83 0 0 0 0 0 0 22 0 12 0 0 0 70 0 0 0 0 0 0 0 0 0 0 0 0 0 0 0 0 0 0 0 0 0 0 0 0 0 0 0 0 0 0 0 0 0 0 0 0 0 0 0 0 0 10 0 0 0 0 0 0 0 94 0 0 0 0 0 0 0 0 0 0 0 0 26 0 0 0 0 0 0 0 
0 0 0 0 0 0 0 0 0 0 52 0 0 0 0 0 0 0 0 0 0 0 0 0 0 0 0 0 0 0 0 0 0 0 0 0 0 0 0 0 0 0 0 0 89 0 0 0 0 0 0 0 0 0 100 0 0 0 0 0 0 82 0 0 0 0 43 0 54 0 0 0 0 41 0 0 0 0 66 0 0 0 0 0 0 0 0 0 0 0 0 0 0 0 0 0 0 0 0 0 
0 0 0 5 0 0 0 0 0 0 0 0 0 78 0 0 0 0 10 0 0 0 0 56 0 0 0 0 0 0 0 37 0 0 0 0 0 79 0 0 0 0 0 0 0 78 0 0 0 0 0 0 0 0 0 0 0 0 0 0 0 23 0 0 0 0 0 0 0 0 0 0 0 0 0 0 70 0 0 0 0 0 0 0 0 0 0 0 0 0 0 0 0 0 0 0 0 0 0 0 
0 0 0 0 0 0 0 0 0 57 0 0 0 0 75 0 0 0 0 0 0 0 0 0 0 0 0 0 0 0 0 0 0 0 0 63 0 0 56 0 0 0 0 0 0 0 0 0 0 0 0 0 0 0 79 0 0 0 0 0 3 0 0 0 0 0 0 0 0 0 0 0 0 0 0 0 0 0 0 0 0 0 0 0 0 66 0 0 0 0 0 0 0 0 0 0 0 37 0 0 
69 0 0 0 0 0 0 0 6 0 98 0 0 0 0 0 0 0 67 0 0 0 0 0 0 0 0 6 0 0 29 0 0 0 0 84 0 0 0 0 0 0 0 0 0 0 0 0 82 0 0 0 0 0 0 0 0 0 0 0 0 97 0 0 0 0 65 0 0 0 0 0 0 0 0 0 0 83 0 0 0 0 0 0 0 0 0 0 26 0 0 0 0 0 0 0 0 0 0 0 
0 0 0 0 0 0 0 0 0 0 0 31 0 0 0 0 0 50 0 0 0 0 0 0 0 0 0 0 0 0 0 71 0 0 0 0 0 0 0 0 0 0 0 0 0 0 32 0 0 79 0 0 0 0 0 0 0 0 0 0 0 39 0 0 0 0 0 0 2 0 0 0 0 0 0 0 0 0 0 0 0 73 0 0 0 0 0 0 0 0 0 0 0 0 0 0 0 15 0 0 
0 52 0 0 0 0 0 0 10 0 0 0 0 0 0 0 0 0 0 0 0 0 0 0 0 16 0 0 0 0 0 0 0 0 0 0 0 0 0 0 0 0 0 0 0 0 0 0 0 0 0 0 0 0 0 0 0 0 0 0 0 0 0 0 0 0 0 0 0 41 0 0 0 0 0 0 0 0 0 0 0 0 0 0 0 0 0 0 0 0 0 0 0 0 0 0 0 60 0 0 
0 0 78 0 0 0 0 0 0 0 10 0 0 58 0 0 0 0 0 0 46 0 0 0 0 0 0 0 0 0 0 0 0 0 0 0 0 0 0 0 0 0 0 0 0 0 0 0 0 0 0 0 0 0 0 0 0 0 0 59 0 0 0 0 0 0 3 0 0 20 0 0 0 0 0 0 0 0 67 0 0 0 0 0 0 0 0 0 0 0 0 0 0 0 0 0 0 0 0 60 
0 39 0 0 0 0 0 0 0 0 0 0 0 0 0 0 0 0 50 0 0 0 0 0 0 0 0 0 0 0 0 0 0 0 0 0 72 71 77 9 0 0 0 0 0 0 0 0 0 0 0 96 0 0 0 0 0 0 0 0 0 0 0 0 0 18 0 0 0 0 0 0 0 0 40 0 0 0 0 0 0 0 0 0 0 0 0 0 0 0 0 0 0 0 0 0 0 0 0 0 
24 0 0 0 0 0 0 0 0 0 0 0 0 0 32 0 0 0 0 0 98 0 0 0 0 0 0 0 0 0 0 0 47 0 4 0 0 0 0 0 0 0 0 28 0 0 0 0 0 0 0 0 38 53 0 0 0 0 0 0 0 0 0 0 0 0 0 0 0 0 0 0 0 0 0 0 0 0 0 81 0 0 0 0 0 0 0 0 0 0 0 37 0 15 60 0 0 0 76 0 
24 0 0 0 0 0 0 0 0 0 0 0 0 0 0 0 0 0 0 0 0 0 0 0 0 56 0 0 0 0 0 0 0 38 0 27 2 0 0 0 0 0 0 0 0 0 0 0 0 0 0 0 0 0 0 79 0 0 0 0 0 0 0 0 0 0 0 0 0 0 0 0 0 0 0 99 0 0 0 0 0 0 0 0 0 0 0 0 0 0 0 0 0 0 0 0 0 76 0 0 
0 4 0 3 0 0 0 0 0 0 86 0 0 0 0 0 0 0 0 0 0 0 0 0 73 0 58 0 0 0 0 0 0 0 0 0 0 0 0 0 0 1 0 0 0 0 0 0 0 0 0 0 0 0 0 0 0 0 0 0 0 0 53 0 0 0 0 0 0 0 0 0 0 0 0 0 0 0 0 0 0 99 0 0 0 0 0 0 0 0 0 0 0 0 0 60 0 0 0 0 
