0 0 0 4 0 0 0 0 0 0 0 62 0 0 0 0 0 0 0 0 0 0 0 0 0 0 0 0 0 0 0 0 0 0 0 0 0 0 0 0 0 0 0 0 10 0 0 0 0 0 0 0 0 0 0 92 0 0 0 0 0 0 0 0 42 0 0 0 0 0 0 0 41 0 80 0 0 0 0 0 0 0 0 0 0 0 0 0 0 0 0 0 0 33 0 0 0 0 0 0 
0 0 0 0 0 0 0 0 0 0 0 0 0 0 0 0 0 0 0 0 40 50 0 0 0 0 0 0 0 0 0 0 0 0 0 92 0 0 0 0 92 0 0 0 0 0 0 0 40 0 0 27 0 0 0 0 0 97 0 0 0 0 0 0 0 0 0 0 0 0 28 0 0 62 0 30 91 0 0 0 0 0 0 0 0 0 0 0 0 0 70 0 0 0 23 0 0 12 0 57 
0 0 0 46 0 88 0 0 0 0 0 0 0 0 72 0 0 0 0 0 46 0 0 0 14 0 41 0 0 0 61 88 0 0 0 0 0 0 0 0 0 0 0 0 0 0 0 0 0 0 23 0 0 100 0 0 0 0 0 0 0 0 0 0 0 87 0 0 0 0 46 0 0 0 0 0 0 0 0 0 0 0 0 0 0 0 0 0 0 0 0 0 11 0 2 0 0 0 0 69 
4 0 46 0 0 0 0 0 0 0 0 0 0 0 0 20 0 0 0 0 0 0 0 0 55 0 0 0 0 0 0 0 0 0 0 0 0 0 0 0 0 47 0 68 0 0 0 0 0 0 0 0 0 0 0 0 0 0 0 0 0 0 0 0 0 49 0 0 0 0 0 0 0 29 0 0 44 0 0 0 98 0 0 0 11 0 0 0 0 48 0 0 0 47 0 0 0 0 0 0 
0 0 0 0 0 0 0 0 0 0 0 12 0 0 0 0 0 59 0 0 0 0 0 0 82 83 0 98 0 0 0 0 0 0 0 0 0 0 0 0 0 0 0 0 0 0 0 0 0 0 65 0 33 0 0 0 84 94 0 0 0 0 30 0 0 0 0 0 0 0 15 0 0 0 0 0 0 89 0 0 0 0 0 0 0 0 44 0 0 0 0 0 0 0 0 0 36 0 0 23 
0 0 88 0 0 0 0 0 0 0 0 0 0 0 76 0 0 0 0 84 0 0 0 0 0 0 0 0 0 0 34 0 0 0 0 54 51 0 53 71 31 0 0 0 0 39 0 0 0 0 96 0 0 0 0 0 0 0 0 0 0 0 0 0 0 0 0 0 0 0 0 0 0 0 0 0 0 0 0 0 0 0 19 0 0 0 0 0 0 0 0 0 71 0 0 0 0 0 0 76 
0 0 0 0 0 0 0 0 0 0 0 0 62 0 0 0 44 0 74 0 0 0 0 0 0 0 0 0 0 0 0 0 0 13 0 0 0 0 0 62 0 0 0 0 0 0 0 0 0 0 0 0 47 0 0 0 0 0 0 33 0 15 0 0 26 0 0 0 0 0 0 0 91 0 0 47 0 0 0 0 0 0 0 0 0 0 0 0 40 0 50 0 0 12 8 0 0 0 0 0 
0 0 0 0 0 0 0 0 0 10 0 0 0 0 0 0 81 0 0 0 0 0 0 0 0 0 0 52 0 0 17 0 0 0 0 0 0 0 0 0 93 13 0 0 0 0 0 0 0 0 0 0 0 0 0 8 0 0 0 0 0 0 0 0 0 0 0 0 0 0 0 0 0 0 68 0 0 0 0 0 0 0 0 0 0 36 0 83 0 0 0 0 0 0 0 0 0 0 0 100 
0 0 0 0 0 0 0 0 0 0 0 0 98 0 0 0 0 0 0 0 0 0 0 0 0 0 0 0 0 0 0 0 0 0 0 0 0 0 0 0 0 53 0 0 0 0 0 0 34 0 0 0 35 0 0 0 43 0 0 0 0 11 22 0 0 0 0 0 0 0 0 33 0 0 0 0 0 0 0 0 0 0 0 0 0 0 0 0 0 0 68 0 0 0 0 0 0 56 0 0 
0 0 0 0 0 0 0 10 0 0 0 0 0 63 0 0 0 0 0 0 0 0 0 0 0 0 16 52 0 35 0 0 0 36 0 0 0 84 40 0 0 0 0 0 0 0 0 0 0 92 0 0 0 0 0 0 33 0 0 0 0 0 0 0 0 14 0 0 0 0 0 0 0 0 0 69 0 0 0 68 0 0 0 81 0 0 0 0 0 63 0 0 0 0 0 0 0 0 0 0 
0 0 0 0 0 0 0 0 0 0 0 0 0 0 0 0 0 0 0 0 0 0 0 0 0 45 0 0 0 0 0 0 98 0 0 75 0 27 0 0 0 0 0 0 0 95 0 0 80 38 0 0 0 62 0 0 0 0 0 0 0 0 0 0 0 0 47 0 0 0 0 15 0 0 21 0 0 0 0 1 0 7 0 0 0 85 0 0 0 0 0 0 0 0 0 0 0 0 0 57 
62 0 0 0 12 0 0 0 0 0 0 0 42 78 0 0 0 0 0 45 0 0 0 0 0 0 0 0 0 0 0 0 0 0 0 0 0 0 0 0 91 0 0 0 0 0 0 75 0 0 0 0 0 0 0 0 0 0 0 0 86 0 45 0 0 0 0 0 0 0 0 0 0 0 0 0 0 0 0 0 0 0 0 62 0 0 0 0 0 0 31 0 0 0 0 0 0 0 0 0 
0 0 0 0 0 0 62 0 98 0 0 42 0 0 0 0 0 0 0 0 44 0 0 0 0 0 0 0 0 0 0 0 0 0 17 0 0 17 0 83 0 0 0 78 0 0 0 0 0 0 0 91 0 0 0 0 0 0 58 0 0 0 0 0 38 0 0 0 0 0 0 0 0 0 0 0 0 0 68 0 0 0 0 0 0 0 50 64 0 0 0 0 0 0 51 0 0 0 0 0 
0 0 0 0 0 0 0 0 0 63 0 78 0 0 0 34 0 0 0 0 0 0 0 0 0 0 0 0 0 0 0 0 0 25 0 0 0 0 0 0 0 0 87 0 0 95 0 0 0 0 0 84 0 0 0 0 0 0 0 0 0 0 0 0 0 0 0 0 0 0 67 80 0 38 0 0 0 0 36 50 0 0 0 0 0 0 0 0 0 0 32 0 0 0 0 0 50 34 0 0 
0 0 72 0 0 76 0 0 0 0 0 0 0 0 0 0 10 0 0 0 0 0 0 0 0 0 0 0 0 0 54 0 0 0 0 96 0 51 0 0 0 25 0 0 0 0 0 0 0 0 0 0 0 7 0 0 0 0 0 28 0 0 0 0 62 34 0 0 0 0 0 98 0 46 0 0 0 0 0 0 0 0 0 0 56 0 22 0 0 0 0 0 0 0 0 0 0 0 0 0 
0 0 0 20 0 0 0 0 0 0 0 0 0 34 0 0 0 0 0 33 0 0 0 0 0 65 0 0 40 0 0 0 95 0 60 0 0 64 0 0 0 0 0 0 0 0 0 0 0 27 0 60 0 0 0 0 0 0 0 66 0 30 0 0 0 0 0 0 0 0 0 0 0 0 0 0 0 0 0 0 3 0 0 0 43 0 0 0 0 0 0 0 0 0 0 0 0 0 0 0 
0 0 0 0 0 0 44 81 0 0 0 0 0 0 10 0 0 22 62 9 0 30 0 0 0 0 0 0 0 0 0 0 0 81 0 0 0 0 0 0 0 49 0 0 0 0 0 0 0 0 0 0 0 41 10 0 0 0 0 0 0 0 0 0 0 0 0 0 0 49 0 0 0 0 0 0 0 0 0 0 0 85 0 0 0 14 0 0 0 0 0 0 0 0 97 0 0 0 0 0 
0 0 0 0 59 0 0 0 0 0 0 0 0 0 0 0 22 0 16 0 31 0 0 93 0 0 0 0 0 0 0 0 0 0 0 0 0 0 0 0 80 75 0 0 0 0 0 0 82 0 0 0 0 0 0 0 61 0 0 0 100 48 0 0 0 0 0 0 0 0 0 0 0 58 0 0 0 9 33 0 0 0 0 0 0 0 0 0 0 0 0 0 0 0 0 0 0 0 11 0 
0 0 0 0 0 0 74 0 0 0 0 0 0 0 0 0 62 16 0 0 0 0 0 62 0 0 83 0 0 0 0 0 92 0 0 0 0 0 0 0 0 0 0 81 96 0 79 0 0 0 0 0 0 86 0 0 0 0 0 0 0 0 78 0 0 0 0 0 0 0 0 63 0 30 0 0 0 0 0 0 0 0 0 0 0 0 0 0 0 0 0 0 37 26 0 0 0 0 0 0 
0 0 0 0 0 84 0 0 0 0 0 45 0 0 0 33 9 0 0 0 0 0 0 0 0 0 67 0 13 0 71 0 0 0 0 0 0 0 0 0 0 45 0 0 0 0 0 0 0 0 0 0 64 0 0 0 0 0 0 0 0 0 0 0 0 0 67 0 0 0 0 0 0 0 0 0 0 0 0 0 0 0 0 0 0 23 0 72 0 0 0 0 0 62 0 10 0 0 60 0 
0 40 46 0 0 0 0 0 0 0 0 0 44 0 0 0 0 31 0 0 0 0 0 0 0 60 0 0 0 44 0 0 28 0 0 0 0 0 0 0 0 0 0 0 6 0 0 0 0 0 0 0 0 0 0 0 0 0 0 0 0 0 0 0 0 0 0 0 0 80 0 0 59 0 0 0 0 0 0 0 0 0 0 0 0 0 0 0 100 0 33 0 0 0 0 0 0 0 48 0 
0 50 0 0 0 0 0 0 0 0 0 0 0 0 0 0 30 0 0 0 0 0 0 65 0 0 0 0 0 0 0 0 0 0 0 0 4 26 0 0 0 0 0 0 0 0 0 0 0 0 0 0 85 0 0 0 0 0 25 0 0 0 0 0 0 0 0 97 74 0 0 0 0 50 0 0 0 41 0 12 0 0 0 0 0 0 0 0 0 0 0 0 0 0 70 0 42 0 38 0 
0 0 0 0 0 0 0 0 0 0 0 0 0 0 0 0 0 0 0 0 0 0 0 31 0 0 0 0 0 0 0 0 0 0 79 0 0 0 0 48 0 0 0 0 0 82 0 0 0 0 0 0 0 41 0 0 0 0 0 0 0 3 0 0 0 97 54 0 0 0 0 0 0 0 0 0 0 0 0 0 0 0 0 0 0 0 0 0 0 0 0 0 0 0 0 25 0 0 0 0 
0 0 0 0 0 0 0 0 0 0 0 0 0 0 0 0 0 93 62 0 0 65 31 0 0 0 0 0 0 0 0 0 0 0 0 0 0 0 0 0 0 0 0 0 0 0 0 0 0 0 0 0 0 0 0 0 0 0 48 0 0 0 0 0 0 0 0 0 0 0 0 0 0 0 0 0 31 0 0 0 0 0 0 0 0 0 0 0 0 0 0 58 0 0 0 0 0 79 96 0 
0 0 14 55 82 0 0 0 0 0 0 0 0 0 0 0 0 0 0 0 0 0 0 0 0 0 0 0 0 0 0 95 0 0 0 0 0 87 0 0 0 0 0 0 0 0 0 0 10 0 0 0 0 44 0 0 0 0 0 66 33 77 0 0 0 6 0 0 0 0 0 0 0 0 57 0 46 0 67 0 0 0 0 0 0 0 0 0 0 0 0 0 0 0 0 0 0 0 0 0 
0 0 0 0 83 0 0 0 0 0 45 0 0 0 0 65 0 0 0 0 60 0 0 0 0 0 22 0 0 0 0 0 0 0 0 0 0 0 0 0 0 0 0 47 0 0 0 0 0 0 0 0 0 0 0 0 0 0 0 0 87 0 0 0 0 0 0 0 76 0 1 0 0 0 0 0 0 0 0 0 0 0 7 0 0 0 0 0 0 0 0 0 0 0 0 0 95 0 0 0 
0 0 41 0 0 0 0 0 0 16 0 0 0 0 0 0 0 0 83 67 0 0 0 0 0 22 0 0 0 0 0 0 0 0 0 0 0 94 0 0 0 0 0 0 0 58 0 8 0 0 0 0 0 0 0 81 0 0 0 0 49 0 0 0 0 0 0 0 0 0 0 0 0 20 0 0 0 0 0 0 14 0 0 9 0 0 0 0 0 0 0 0 0 0 0 0 0 0 0 0 
0 0 0 0 98 0 0 52 0 52 0 0 0 0 0 0 0 0 0 0 0 0 0 0 0 0 0 0 0 0 60 0 0 0 0 0 0 0 0 0 0 0 0 0 0 0 0 0 0 0 0 4 0 0 0 0 0 0 97 0 0 0 0 0 76 0 92 0 0 0 0 0 0 0 0 65 91 0 0 0 0 0 76 0 0 0 0 0 0 0 0 0 100 0 78 0 0 0 0 0 
0 0 0 0 0 0 0 0 0 0 0 0 0 0 0 40 0 0 0 13 0 0 0 0 0 0 0 0 0 0 0 0 0 0 0 0 0 0 0 0 62 0 0 0 78 0 0 98 0 0 8 0 0 0 87 0 0 0 0 0 0 0 0 89 0 0 0 45 0 0 0 0 0 0 0 0 28 0 0 0 0 77 0 94 0 0 11 0 0 0 0 0 34 0 54 0 0 0 0 0 
0 0 0 0 0 0 0 0 0 35 0 0 0 0 0 0 0 0 0 0 44 0 0 0 0 0 0 0 0 0 0 0 0 1 80 0 0 0 0 0 0 0 0 70 0 0 0 0 0 34 0 0 0 0 67 0 0 0 44 0 0 0 38 0 0 0 0 0 44 0 0 0 0 0 72 0 0 0 0 0 0 39 0 0 0 0 0 0 4 0 7 0 0 0 98 0 0 0 0 0 
0 0 61 0 0 34 0 17 0 0 0 0 0 0 54 0 0 0 0 71 0 0 0 0 0 0 0 60 0 0 0 0 0 0 0 41 60 0 0 0 0 0 0 0 0 0 0 0 0 0 0 0 0 0 0 86 0 0 0 0 0 0 23 0 0 0 0 40 0 0 0 0 42 0 0 0 0 0 0 0 0 0 0 0 0 0 0 0 0 0 0 0 0 0 0 0 0 0 0 0 
0 0 88 0 0 0 0 0 0 0 0 0 0 0 0 0 0 0 0 0 0 0 0 0 95 0 0 0 0 0 0 0 0 0 39 0 0 0 0 60 50 0 0 0 0 0 0 0 0 0 0 0 0 0 0 74 0 0 0 0 0 0 90 39 0 0 97 0 0 0 0 0 0 56 0 0 0 0 0 0 0 0 73 0 39 86 0 0 0 0 0 0 0 0 0 0 0 6 45 0 
0 0 0 0 0 0 0 0 0 0 98 0 0 0 0 95 0 0 92 0 28 0 0 0 0 0 0 0 0 0 0 0 0 61 0 0 0 0 0 0 0 0 0 0 0 0 34 64 0 0 0 0 0 0 0 0 0 24 0 0 0 0 0 0 95 0 0 0 0 0 40 0 0 0 0 0 0 29 13 0 0 0 0 0 82 0 0 80 0 0 0 0 0 0 0 0 0 0 8 0 
0 0 0 0 0 0 13 0 0 36 0 0 0 25 0 0 81 0 0 0 0 0 0 0 0 0 0 0 0 1 0 0 61 0 0 0 59 0 0 0 0 0 0 0 0 0 0 0 61 0 0 0 0 0 0 0 0 0 0 0 0 0 32 0 0 0 0 0 0 0 0 0 0 0 15 0 0 83 0 0 0 36 0 0 0 8 0 0 0 0 0 56 0 58 0 0 0 0 0 0 
0 0 0 0 0 0 0 0 0 0 0 0 17 0 0 60 0 0 0 0 0 0 79 0 0 0 0 0 0 80 0 39 0 0 0 0 0 0 0 24 0 0 0 0 0 0 0 0 4 8 0 0 0 0 0 0 0 0 26 0 0 0 0 0 0 0 0 0 0 0 0 0 89 0 32 0 0 0 0 0 0 0 52 0 0 0 0 74 0 67 0 0 91 0 0 0 0 0 0 0 
0 92 0 0 0 54 0 0 0 0 75 0 0 0 96 0 0 0 0 0 0 0 0 0 0 0 0 0 0 0 41 0 0 0 0 0 0 40 0 0 0 0 0 0 0 0 0 0 0 0 0 0 0 32 0 0 0 0 0 0 0 0 0 0 0 0 0 0 0 0 0 0 0 0 0 0 60 1 0 0 2 0 0 0 0 0 0 0 0 22 0 0 0 0 0 0 0 0 40 0 
0 0 0 0 0 51 0 0 0 0 0 0 0 0 0 0 0 0 0 0 0 4 0 0 0 0 0 0 0 0 60 0 0 59 0 0 0 0 71 0 0 0 0 0 0 0 0 0 0 0 0 0 0 0 0 88 0 0 0 0 0 0 0 0 91 0 0 0 41 98 0 0 28 0 92 64 0 0 0 0 0 0 9 0 95 0 0 0 0 0 0 0 0 20 0 0 0 0 0 0 
0 0 0 0 0 0 0 0 0 84 27 0 17 0 51 64 0 0 0 0 0 26 0 0 87 0 94 0 0 0 0 0 0 0 0 40 0 0 0 60 0 0 0 0 0 0 0 0 0 0 0 0 0 0 0 0 93 0 81 0 0 0 0 0 0 0 0 0 0 75 0 0 0 0 0 0 0 0 0 0 0 0 0 0 0 0 0 0 0 0 3 0 0 0 0 0 0 0 0 0 
0 0 0 0 0 53 0 0 0 40 0 0 0 0 0 0 0 0 0 0 0 0 0 0 0 0 0 0 0 0 0 0 0 0 0 0 71 0 0 83 73 64 0 0 0 0 0 0 84 0 0 0 0 0 0 0 0 0 0 89 0 0 0 0 55 0 0 0 0 0 0 0 35 0 0 0 0 0 0 0 0 0 0 76 86 42 17 0 0 0 0 0 4 0 0 0 0 0 0 0 
0 0 0 0 0 71 62 0 0 0 0 0 83 0 0 0 0 0 0 0 0 0 48 0 0 0 0 0 0 0 0 60 0 0 24 0 0 60 83 0 0 0 0 0 0 0 0 0 12 0 0 0 0 0 44 95 0 0 0 0 0 0 0 0 0 0 0 0 0 0 0 0 0 0 0 0 18 0 0 0 0 0 0 0 0 0 0 0 0 0 0 0 0 0 0 0 0 0 0 0 
0 92 0 0 0 31 0 93 0 0 0 91 0 0 0 0 0 80 0 0 0 0 0 0 0 0 0 0 62 0 0 50 0 0 0 0 0 0 73 0 0 0 0 0 0 2 0 0 0 0 0 21 0 0 0 0 0 27 0 0 0 0 0 0 83 0 0 0 0 0 0 0 0 0 0 0 23 0 93 0 0 0 0 77 0 0 0 0 0 0 0 0 0 0 0 0 0 0 0 0 
0 0 0 47 0 0 0 13 53 0 0 0 0 0 25 0 49 75 0 45 0 0 0 0 0 0 0 0 0 0 0 0 0 0 0 0 0 0 64 0 0 0 0 0 0 0 0 0 0 0 0 0 0 0 0 0 0 0 0 0 0 0 0 0 63 0 0 0 0 0 0 0 61 0 0 0 0 0 0 0 0 0 65 0 68 0 0 0 19 0 0 0 0 41 23 0 0 0 0 0 
0 0 0 0 0 0 0 0 0 0 0 0 0 87 0 0 0 0 0 0 0 0 0 0 0 0 0 0 0 0 0 0 0 0 0 0 0 0 0 0 0 0 0 0 0 0 0 0 0 0 0 0 0 0 40 0 0 0 0 0 0 0 0 0 0 0 0 0 0 0 15 0 0 14 0 0 0 0 0 0 0 0 0 0 0 0 0 0 0 6 0 0 0 0 0 0 0 0 0 0 
0 0 0 68 0 0 0 0 0 0 0 0 78 0 0 0 0 0 81 0 0 0 0 0 0 47 0 0 0 70 0 0 0 0 0 0 0 0 0 0 0 0 0 0 0 0 0 90 0 71 11 0 0 0 0 0 0 0 0 0 0 0 0 0 0 0 0 52 0 0 0 0 0 0 0 89 0 90 0 0 0 0 0 0 0 0 98 0 0 93 0 0 6 0 0 0 99 0 0 0 
10 0 0 0 0 0 0 0 0 0 0 0 0 0 0 0 0 0 96 0 6 0 0 0 0 0 0 0 78 0 0 0 0 0 0 0 0 0 0 0 0 0 0 0 0 81 0 0 0 0 0 0 0 39 79 0 51 0 0 0 0 0 0 97 0 0 0 0 47 0 0 0 0 0 0 0 0 0 0 0 0 0 0 0 0 0 83 0 0 0 0 98 0 91 0 0 0 0 0 0 
0 0 0 0 0 39 0 0 0 0 95 0 0 95 0 0 0 0 0 0 0 0 82 0 0 0 58 0 0 0 0 0 0 0 0 0 0 0 0 0 2 0 0 0 81 0 0 0 0 0 0 0 0 0 0 0 0 0 0 0 0 0 0 0 0 0 0 0 0 0 0 0 0 0 0 0 0 0 0 0 0 0 0 0 0 0 54 33 0 0 0 0 0 0 0 0 0 0 0 0 
0 0 0 0 0 0 0 0 0 0 0 0 0 0 0 0 0 0 79 0 0 0 0 0 0 0 0 0 0 0 0 0 34 0 0 0 0 0 0 0 0 0 0 0 0 0 0 0 0 0 0 0 0 0 0 0 0 0 0 50 0 0 0 0 23 0 0 0 0 0 0 0 0 0 0 0 0 0 0 0 20 54 0 0 26 0 95 0 0 0 0 74 0 0 0 0 39 70 0 0 
0 0 0 0 0 0 0 0 0 0 0 75 0 0 0 0 0 0 0 0 0 0 0 0 0 0 8 0 98 0 0 0 64 0 0 0 0 0 0 0 0 0 0 90 0 0 0 0 0 0 0 47 0 0 0 0 0 32 44 0 0 0 0 38 0 0 0 0 0 43 0 0 0 0 0 0 17 0 0 0 0 0 0 0 0 0 0 0 0 0 0 0 0 0 0 0 80 57 0 0 
0 40 0 0 0 0 0 0 34 0 80 0 0 0 0 0 0 82 0 0 0 0 0 0 10 0 0 0 0 0 0 0 0 61 4 0 0 0 84 12 0 0 0 0 0 0 0 0 0 0 0 0 0 0 0 0 0 0 0 0 0 0 75 0 0 0 0 0 91 0 0 0 0 0 0 93 0 68 0 0 63 0 0 0 0 11 0 0 0 0 0 0 0 0 0 0 0 0 0 0 
0 0 0 0 0 0 0 0 0 92 38 0 0 0 0 27 0 0 0 0 0 0 0 0 0 0 0 0 0 34 0 0 0 0 8 0 0 0 0 0 0 0 0 71 0 0 0 0 0 0 0 0 0 0 0 0 0 0 0 0 0 0 0 0 0 56 0 0 0 0 0 0 0 0 0 11 0 0 0 0 0 0 0 0 55 0 0 0 0 0 0 0 0 0 0 0 0 0 0 72 
0 0 23 0 65 96 0 0 0 0 0 0 0 0 0 0 0 0 0 0 0 0 0 0 0 0 0 0 8 0 0 0 0 0 0 0 0 0 0 0 0 0 0 11 0 0 0 0 0 0 0 0 0 0 0 0 0 0 0 0 0 0 0 0 0 0 0 63 0 0 0 0 0 26 0 79 0 0 0 0 0 84 0 0 0 0 0 0 0 0 0 0 0 0 0 0 81 61 0 0 
0 27 0 0 0 0 0 0 0 0 0 0 91 84 0 60 0 0 0 0 0 0 0 0 0 0 0 4 0 0 0 0 0 0 0 0 0 0 0 0 21 0 0 0 0 0 0 47 0 0 0 0 8 86 0 0 56 0 0 0 0 0 0 0 0 0 0 0 0 0 5 94 0 0 0 0 0 0 0 0 0 0 7 0 0 0 0 0 0 0 0 0 0 0 45 0 0 0 0 46 
0 0 0 0 33 0 47 0 35 0 0 0 0 0 0 0 0 0 0 64 0 85 0 0 0 0 0 0 0 0 0 0 0 0 0 0 0 0 0 0 0 0 0 0 0 0 0 0 0 0 0 8 0 0 39 0 0 0 0 37 0 15 0 0 0 0 0 0 0 53 4 0 0 0 0 0 0 0 0 0 0 0 0 0 86 0 0 0 0 0 0 0 0 0 0 73 0 0 0 0 
0 0 100 0 0 0 0 0 0 0 62 0 0 0 7 0 41 0 86 0 0 0 41 0 44 0 0 0 0 0 0 0 0 0 0 32 0 0 0 0 0 0 0 0 39 0 0 0 0 0 0 86 0 0 0 0 0 0 0 0 0 0 0 9 0 0 0 0 0 0 0 0 0 0 0 0 0 0 0 0 0 0 0 0 32 0 0 0 0 0 0 0 90 0 37 0 0 0 2 0 
0 0 0 0 0 0 0 0 0 0 0 0 0 0 0 0 10 0 0 0 0 0 0 0 0 0 0 0 87 67 0 0 0 0 0 0 0 0 0 44 0 0 40 0 79 0 0 0 0 0 0 0 39 0 0 0 0 14 0 0 0 0 0 0 74 0 0 37 0 64 0 0 0 0 0 0 8 0 0 0 0 0 0 0 0 0 7 0 73 0 0 0 0 0 0 0 26 0 0 0 
92 0 0 0 0 0 0 8 0 0 0 0 0 0 0 0 0 0 0 0 0 0 0 0 0 0 81 0 0 0 86 74 0 0 0 0 88 0 0 95 0 0 0 0 0 0 0 0 0 0 0 0 0 0 0 0 0 0 0 0 0 0 0 0 0 0 0 0 0 0 24 0 0 62 39 0 0 53 0 0 0 0 0 2 0 0 0 0 0 0 33 0 0 0 0 0 0 0 0 0 
0 0 0 0 84 0 0 0 43 33 0 0 0 0 0 0 0 61 0 0 0 0 0 0 0 0 0 0 0 0 0 0 0 0 0 0 0 93 0 0 0 0 0 0 51 0 0 0 0 0 0 56 0 0 0 0 0 0 0 0 0 0 0 0 0 0 0 0 45 0 0 31 0 0 0 0 0 0 0 0 0 0 0 0 0 0 0 92 0 88 47 69 0 0 60 36 0 0 0 0 
0 97 0 0 94 0 0 0 0 0 0 0 0 0 0 0 0 0 0 0 0 0 0 0 0 0 0 0 0 0 0 0 24 0 0 0 0 0 0 0 27 0 0 0 0 0 0 32 0 0 0 0 0 0 14 0 0 0 0 0 0 30 0 15 80 0 0 0 0 62 0 0 0 0 0 0 0 0 0 0 0 0 0 0 0 0 0 94 0 0 0 0 0 0 0 0 0 0 0 0 
0 0 0 0 0 0 0 0 0 0 0 0 58 0 0 0 0 0 0 0 0 25 0 48 0 0 0 97 0 44 0 0 0 0 26 0 0 81 0 0 0 0 0 0 0 0 0 44 0 0 0 0 0 0 0 0 0 0 0 0 0 0 0 0 0 34 0 0 0 0 74 32 0 0 0 0 0 0 0 0 0 0 80 0 0 35 0 0 72 0 0 7 0 0 0 0 0 0 0 0 
0 0 0 0 0 0 33 0 0 0 0 0 0 0 28 66 0 0 0 0 0 0 0 0 66 0 0 0 0 0 0 0 0 0 0 0 0 0 89 0 0 0 0 0 0 0 50 0 0 0 0 0 37 0 0 0 0 0 0 0 0 0 0 0 0 0 65 0 0 0 0 0 0 0 88 55 0 0 0 0 61 0 0 0 0 0 18 81 0 0 86 0 0 0 0 70 0 0 0 0 
0 0 0 0 0 0 0 0 0 0 0 86 0 0 0 0 0 100 0 0 0 0 0 0 33 87 49 0 0 0 0 0 0 0 0 0 0 0 0 0 0 0 0 0 0 0 0 0 0 0 0 0 0 0 0 0 0 0 0 0 0 0 0 0 0 0 0 0 0 0 9 0 0 62 0 0 0 99 0 0 0 0 0 0 0 28 0 0 0 85 0 0 0 0 0 0 0 0 0 2 
0 0 0 0 0 0 15 0 11 0 0 0 0 0 0 30 0 48 0 0 0 0 3 0 77 0 0 0 0 0 0 0 0 0 0 0 0 0 0 0 0 0 0 0 0 0 0 0 0 0 0 0 15 0 0 0 0 30 0 0 0 0 0 0 0 0 0 0 0 76 0 0 0 0 0 0 0 0 0 0 51 3 0 0 0 0 0 54 0 0 0 83 0 0 0 12 93 0 0 0 
0 0 0 0 30 0 0 0 22 0 0 45 0 0 0 0 0 0 78 0 0 0 0 0 0 0 0 0 0 38 23 90 0 32 0 0 0 0 0 0 0 0 0 0 0 0 0 0 75 0 0 0 0 0 0 0 0 0 0 0 0 0 0 0 0 0 0 3 0 0 0 0 0 0 0 0 0 0 10 0 0 57 0 0 0 0 0 73 36 0 0 0 0 0 0 0 0 13 0 0 
0 0 0 0 0 0 0 0 0 0 0 0 0 0 0 0 0 0 0 0 0 0 0 0 0 0 0 0 89 0 0 39 0 0 0 0 0 0 0 0 0 0 0 0 97 0 0 38 0 0 0 0 0 9 0 0 0 15 0 0 0 0 0 0 0 0 0 23 0 0 0 0 0 0 0 0 0 0 0 0 65 0 0 0 0 0 0 0 0 0 0 17 0 30 31 10 0 67 59 29 
42 0 0 0 0 0 26 0 0 0 0 0 38 0 62 0 0 0 0 0 0 0 0 0 0 0 0 76 0 0 0 0 95 0 0 0 91 0 55 0 83 63 0 0 0 0 23 0 0 0 0 0 0 0 74 0 0 80 0 0 0 0 0 0 0 0 0 39 0 0 0 50 0 0 0 0 0 0 0 0 0 0 0 0 0 0 0 0 0 0 0 0 0 0 0 0 0 0 0 0 
0 0 87 49 0 0 0 0 0 14 0 0 0 0 34 0 0 0 0 0 0 0 97 0 6 0 0 0 0 0 0 0 0 0 0 0 0 0 0 0 0 0 0 0 0 0 0 0 0 56 0 0 0 0 0 0 0 0 34 0 0 0 0 0 0 0 44 0 0 0 0 25 0 0 0 0 0 0 0 0 0 0 0 0 0 0 0 0 0 0 0 0 0 0 0 42 0 13 0 0 
0 0 0 0 0 0 0 0 0 0 47 0 0 0 0 0 0 0 0 67 0 0 54 0 0 0 0 92 0 0 0 97 0 0 0 0 0 0 0 0 0 0 0 0 0 0 0 0 0 0 0 0 0 0 0 0 0 0 0 65 0 0 0 0 0 44 0 0 0 0 0 68 0 13 0 0 0 0 9 14 0 0 0 67 0 0 0 1 0 0 0 3 0 0 0 0 0 6 0 0 
0 0 0 0 0 0 0 0 0 0 0 0 0 0 0 0 0 0 0 0 0 97 0 0 0 0 0 0 45 0 40 0 0 0 0 0 0 0 0 0 0 0 0 52 0 0 0 0 0 0 63 0 0 0 37 0 0 0 0 0 0 0 3 23 39 0 0 0 0 0 0 0 0 0 0 0 0 0 33 0 5 0 0 0 0 0 0 0 0 0 0 0 67 0 0 0 99 0 0 0 
0 0 0 0 0 0 0 0 0 0 0 0 0 0 0 0 0 0 0 0 0 74 0 0 0 76 0 0 0 44 0 0 0 0 0 0 41 0 0 0 0 0 0 0 47 0 0 0 91 0 0 0 0 0 0 0 45 0 0 0 0 0 0 0 0 0 0 0 0 0 0 0 0 0 0 59 0 0 0 15 0 0 0 0 9 0 0 0 0 0 0 0 0 0 0 0 0 0 0 0 
0 0 0 0 0 0 0 0 0 0 0 0 0 0 0 0 49 0 0 0 80 0 0 0 0 0 0 0 0 0 0 0 0 0 0 0 98 75 0 0 0 0 0 0 0 0 0 43 0 0 0 0 53 0 64 0 0 62 0 0 0 76 0 0 0 0 0 0 0 0 88 48 0 0 0 0 0 0 0 0 0 0 90 0 0 0 0 61 0 0 89 0 0 0 0 0 0 0 12 0 
0 28 46 0 15 0 0 0 0 0 0 0 0 67 0 0 0 0 0 0 0 0 0 0 0 1 0 0 0 0 0 0 40 0 0 0 0 0 0 0 0 0 15 0 0 0 0 0 0 0 0 5 4 0 0 24 0 0 74 0 9 0 0 0 0 0 0 0 0 88 0 0 0 0 0 0 0 0 0 0 0 72 0 0 0 0 83 0 0 0 0 0 0 0 0 0 0 0 0 0 
0 0 0 0 0 0 0 0 33 0 15 0 0 80 98 0 0 0 63 0 0 0 0 0 0 0 0 0 0 0 0 0 0 0 0 0 0 0 0 0 0 0 0 0 0 0 0 0 0 0 0 94 0 0 0 0 31 0 32 0 0 0 0 0 50 25 68 0 0 48 0 0 0 0 0 0 0 0 0 0 62 0 0 0 0 38 0 0 0 0 0 0 0 0 0 83 0 0 0 0 
41 0 0 0 0 0 91 0 0 0 0 0 0 0 0 0 0 0 0 0 59 0 0 0 0 0 0 0 0 0 42 0 0 0 89 0 28 0 35 0 0 61 0 0 0 0 0 0 0 0 0 0 0 0 0 0 0 0 0 0 0 0 0 0 0 0 0 0 0 0 0 0 0 0 0 0 0 0 0 42 0 0 45 0 0 0 0 0 52 0 0 55 2 0 0 56 94 0 0 0 
0 62 0 29 0 0 0 0 0 0 0 0 0 38 46 0 0 58 30 0 0 50 0 0 0 0 20 0 0 0 0 56 0 0 0 0 0 0 0 0 0 0 14 0 0 0 0 0 0 0 26 0 0 0 0 62 0 0 0 0 62 0 0 0 0 0 13 0 0 0 0 0 0 0 0 0 0 0 0 94 0 0 0 0 0 0 0 0 0 0 0 0 0 0 0 0 0 0 0 0 
80 0 0 0 0 0 0 68 0 0 21 0 0 0 0 0 0 0 0 0 0 0 0 0 57 0 0 0 0 72 0 0 0 15 32 0 92 0 0 0 0 0 0 0 0 0 0 0 0 0 0 0 0 0 0 39 0 0 0 88 0 0 0 0 0 0 0 0 0 0 0 0 0 0 0 0 0 0 0 0 0 0 0 0 0 0 0 0 0 51 0 0 0 0 0 0 0 98 28 0 
0 30 0 0 0 0 47 0 0 69 0 0 0 0 0 0 0 0 0 0 0 0 0 0 0 0 0 65 0 0 0 0 0 0 0 0 64 0 0 0 0 0 0 89 0 0 0 0 93 11 79 0 0 0 0 0 0 0 0 55 0 0 0 0 0 0 0 0 59 0 0 0 0 0 0 0 0 0 45 0 94 0 7 0 0 0 0 0 0 0 53 0 0 0 0 0 0 0 0 0 
0 91 0 44 0 0 0 0 0 0 0 0 0 0 0 0 0 0 0 0 0 0 0 31 46 0 0 91 28 0 0 0 0 0 0 60 0 0 0 18 23 0 0 0 0 0 0 17 0 0 0 0 0 0 8 0 0 0 0 0 0 0 0 0 0 0 0 0 0 0 0 0 0 0 0 0 0 0 0 0 0 0 31 0 0 0 0 0 0 0 0 0 0 0 0 0 0 52 0 0 
0 0 0 0 89 0 0 0 0 0 0 0 0 0 0 0 0 9 0 0 0 41 0 0 0 0 0 0 0 0 0 0 29 83 0 1 0 0 0 0 0 0 0 90 0 0 0 0 68 0 0 0 0 0 0 53 0 0 0 0 99 0 0 0 0 0 0 0 0 0 0 0 0 0 0 0 0 0 0 0 79 0 0 0 45 0 0 76 0 59 0 0 0 0 0 0 0 0 0 26 
0 0 0 0 0 0 0 0 0 0 0 0 68 36 0 0 0 33 0 0 0 0 0 0 67 0 0 0 0 0 0 0 13 0 0 0 0 0 0 0 93 0 0 0 0 0 0 0 0 0 0 0 0 0 0 0 0 0 0 0 0 0 10 0 0 0 9 33 0 0 0 0 0 0 0 45 0 0 0 0 0 0 0 42 20 83 0 0 6 0 0 0 0 0 0 0 21 0 0 0 
0 0 0 0 0 0 0 0 0 68 1 0 0 50 0 0 0 0 0 0 0 12 0 0 0 0 0 0 0 0 0 0 0 0 0 0 0 0 0 0 0 0 0 0 0 0 0 0 0 0 0 0 0 0 0 0 0 0 0 0 0 0 0 0 0 0 14 0 15 0 0 0 42 94 0 0 0 0 0 0 67 0 0 0 0 0 0 0 0 0 0 66 0 0 0 0 0 0 0 0 
0 0 0 98 0 0 0 0 0 0 0 0 0 0 0 3 0 0 0 0 0 0 0 0 0 0 14 0 0 0 0 0 0 0 0 2 0 0 0 0 0 0 0 0 0 0 20 0 63 0 0 0 0 0 0 0 0 0 0 61 0 51 0 65 0 0 0 5 0 0 0 62 0 0 0 94 0 79 0 67 0 0 0 0 0 0 87 0 0 0 0 0 0 0 0 0 0 0 0 0 
0 0 0 0 0 0 0 0 0 0 7 0 0 0 0 0 85 0 0 0 0 0 0 0 0 0 0 0 77 39 0 0 0 36 0 0 0 0 0 0 0 0 0 0 0 0 54 0 0 0 84 0 0 0 0 0 0 0 0 0 0 3 57 0 0 0 0 0 0 0 72 0 0 0 0 0 0 0 0 0 0 0 0 29 0 0 0 0 0 0 0 0 0 0 0 0 0 0 0 0 
0 0 0 0 0 19 0 0 0 0 0 0 0 0 0 0 0 0 0 0 0 0 0 0 0 7 0 76 0 0 0 73 0 0 52 0 9 0 0 0 0 65 0 0 0 0 0 0 0 0 0 7 0 0 0 0 0 0 80 0 0 0 0 0 0 0 0 0 0 90 0 0 45 0 0 7 31 0 0 0 0 0 0 0 0 0 0 0 0 0 0 0 0 15 0 0 0 0 18 0 
0 0 0 0 0 0 0 0 0 81 0 62 0 0 0 0 0 0 0 0 0 0 0 0 0 0 9 0 94 0 0 0 0 0 0 0 0 0 76 0 77 0 0 0 0 0 0 0 0 0 0 0 0 0 0 2 0 0 0 0 0 0 0 0 0 0 67 0 0 0 0 0 0 0 0 0 0 0 42 0 0 29 0 0 0 0 0 0 0 0 0 0 26 0 0 81 0 0 0 0 
0 0 0 11 0 0 0 0 0 0 0 0 0 0 56 43 0 0 0 0 0 0 0 0 0 0 0 0 0 0 0 39 82 0 0 0 95 0 86 0 0 68 0 0 0 0 26 0 0 55 0 0 86 32 0 0 0 0 0 0 0 0 0 0 0 0 0 0 9 0 0 0 0 0 0 0 0 45 20 0 0 0 0 0 0 0 0 0 0 0 0 0 0 0 0 0 0 0 0 0 
0 0 0 0 0 0 0 36 0 0 85 0 0 0 0 0 14 0 0 23 0 0 0 0 0 0 0 0 0 0 0 86 0 8 0 0 0 0 42 0 0 0 0 0 0 0 0 0 11 0 0 0 0 0 0 0 0 0 35 0 28 0 0 0 0 0 0 0 0 0 0 38 0 0 0 0 0 0 83 0 0 0 0 0 0 0 0 0 77 0 0 0 0 0 0 66 0 0 0 0 
0 0 0 0 44 0 0 0 0 0 0 0 50 0 22 0 0 0 0 0 0 0 0 0 0 0 0 0 11 0 0 0 0 0 0 0 0 0 17 0 0 0 0 98 83 54 95 0 0 0 0 0 0 0 7 0 0 0 0 18 0 0 0 0 0 0 0 0 0 0 83 0 0 0 0 0 0 0 0 0 87 0 0 0 0 0 0 0 0 0 0 0 0 0 0 0 0 0 0 0 
0 0 0 0 0 0 0 83 0 0 0 0 64 0 0 0 0 0 0 72 0 0 0 0 0 0 0 0 0 0 0 0 80 0 74 0 0 0 0 0 0 0 0 0 0 33 0 0 0 0 0 0 0 0 0 0 92 94 0 81 0 54 73 0 0 0 1 0 0 61 0 0 0 0 0 0 0 76 0 0 0 0 0 0 0 0 0 0 0 0 0 0 0 37 0 0 0 0 0 0 
0 0 0 0 0 0 40 0 0 0 0 0 0 0 0 0 0 0 0 0 100 0 0 0 0 0 0 0 0 4 0 0 0 0 0 0 0 0 0 0 0 19 0 0 0 0 0 0 0 0 0 0 0 0 73 0 0 0 72 0 0 0 36 0 0 0 0 0 0 0 0 0 52 0 0 0 0 0 6 0 0 0 0 0 0 77 0 0 0 0 0 47 99 49 0 0 0 0 0 0 
0 0 0 48 0 0 0 0 0 63 0 0 0 0 0 0 0 0 0 0 0 0 0 0 0 0 0 0 0 0 0 0 0 0 67 22 0 0 0 0 0 0 6 93 0 0 0 0 0 0 0 0 0 0 0 0 88 0 0 0 85 0 0 0 0 0 0 0 0 0 0 0 0 0 51 0 0 59 0 0 0 0 0 0 0 0 0 0 0 0 0 0 0 0 0 0 0 0 0 0 
0 70 0 0 0 0 50 0 68 0 0 31 0 32 0 0 0 0 0 0 33 0 0 0 0 0 0 0 0 7 0 0 0 0 0 0 0 3 0 0 0 0 0 0 0 0 0 0 0 0 0 0 0 0 0 33 47 0 0 86 0 0 0 0 0 0 0 0 0 89 0 0 0 0 0 53 0 0 0 0 0 0 0 0 0 0 0 0 0 0 0 3 0 0 30 0 0 0 0 0 
0 0 0 0 0 0 0 0 0 0 0 0 0 0 0 0 0 0 0 0 0 0 0 58 0 0 0 0 0 0 0 0 0 56 0 0 0 0 0 0 0 0 0 0 98 0 74 0 0 0 0 0 0 0 0 0 69 0 7 0 0 83 0 17 0 0 3 0 0 0 0 0 55 0 0 0 0 0 0 66 0 0 0 0 0 0 0 0 47 0 3 0 32 0 0 0 0 0 0 0 
0 0 11 0 0 71 0 0 0 0 0 0 0 0 0 0 0 0 37 0 0 0 0 0 0 0 0 100 34 0 0 0 0 0 91 0 0 0 4 0 0 0 0 6 0 0 0 0 0 0 0 0 0 90 0 0 0 0 0 0 0 0 0 0 0 0 0 67 0 0 0 0 2 0 0 0 0 0 0 0 0 0 0 26 0 0 0 0 99 0 0 32 0 1 0 0 0 0 0 0 
33 0 0 47 0 0 12 0 0 0 0 0 0 0 0 0 0 0 26 62 0 0 0 0 0 0 0 0 0 0 0 0 0 58 0 0 20 0 0 0 0 41 0 0 91 0 0 0 0 0 0 0 0 0 0 0 0 0 0 0 0 0 0 30 0 0 0 0 0 0 0 0 0 0 0 0 0 0 0 0 0 0 15 0 0 0 0 37 49 0 0 0 1 0 0 78 0 0 0 0 
0 23 2 0 0 0 8 0 0 0 0 0 51 0 0 0 97 0 0 0 0 70 0 0 0 0 0 78 54 98 0 0 0 0 0 0 0 0 0 0 0 23 0 0 0 0 0 0 0 0 0 45 0 37 0 0 60 0 0 0 0 0 0 31 0 0 0 0 0 0 0 0 0 0 0 0 0 0 0 0 0 0 0 0 0 0 0 0 0 0 30 0 0 0 0 0 0 0 0 0 
0 0 0 0 0 0 0 0 0 0 0 0 0 0 0 0 0 0 0 10 0 0 25 0 0 0 0 0 0 0 0 0 0 0 0 0 0 0 0 0 0 0 0 0 0 0 0 0 0 0 0 0 73 0 0 0 36 0 0 70 0 12 0 10 0 42 0 0 0 0 0 83 56 0 0 0 0 0 0 0 0 0 0 81 0 66 0 0 0 0 0 0 0 78 0 0 0 0 0 0 
0 0 0 0 36 0 0 0 0 0 0 0 0 50 0 0 0 0 0 0 0 42 0 0 0 95 0 0 0 0 0 0 0 0 0 0 0 0 0 0 0 0 0 99 0 0 39 80 0 0 81 0 0 0 26 0 0 0 0 0 0 93 0 0 0 0 0 99 0 0 0 0 94 0 0 0 0 0 21 0 0 0 0 0 0 0 0 0 0 0 0 0 0 0 0 0 0 0 0 0 
0 12 0 0 0 0 0 0 56 0 0 0 0 34 0 0 0 0 0 0 0 0 0 79 0 0 0 0 0 0 0 6 0 0 0 0 0 0 0 0 0 0 0 0 0 0 70 57 0 0 61 0 0 0 0 0 0 0 0 0 0 0 13 67 0 13 6 0 0 0 0 0 0 0 98 0 52 0 0 0 0 0 0 0 0 0 0 0 0 0 0 0 0 0 0 0 0 0 0 0 
0 0 0 0 0 0 0 0 0 0 0 0 0 0 0 0 0 11 0 60 48 38 0 96 0 0 0 0 0 0 0 45 8 0 0 40 0 0 0 0 0 0 0 0 0 0 0 0 0 0 0 0 0 2 0 0 0 0 0 0 0 0 0 59 0 0 0 0 0 12 0 0 0 0 28 0 0 0 0 0 0 0 18 0 0 0 0 0 0 0 0 0 0 0 0 0 0 0 0 0 
0 57 69 0 23 76 0 100 0 0 57 0 0 0 0 0 0 0 0 0 0 0 0 0 0 0 0 0 0 0 0 0 0 0 0 0 0 0 0 0 0 0 0 0 0 0 0 0 0 72 0 46 0 0 0 0 0 0 0 0 2 0 0 29 0 0 0 0 0 0 0 0 0 0 0 0 0 26 0 0 0 0 0 0 0 0 0 0 0 0 0 0 0 0 0 0 0 0 0 0 
