0 0 0 0 0 0 0 0 0 0 0 50 0 0 0 58 0 0 0 0 0 0 0 0 0 0 0 0 0 0 0 0 0 0 0 0 0 0 0 0 0 0 0 0 0 0 0 0 0 0 0 0 0 0 0 0 0 0 0 0 0 0 0 0 0 39 0 0 0 60 0 0 0 0 0 30 0 0 0 75 89 0 0 56 73 0 0 0 0 98 0 0 0 0 0 0 0 0 0 0 
0 0 45 0 24 0 0 0 0 0 0 0 0 0 0 0 0 24 0 0 0 0 0 68 0 0 0 0 0 0 45 0 0 0 0 75 0 37 0 0 0 0 0 0 0 0 0 0 54 0 0 46 0 0 0 0 0 0 0 36 0 0 0 0 0 0 0 96 0 0 0 0 0 0 0 0 0 92 0 0 0 0 0 0 0 0 0 0 0 0 0 94 0 0 0 51 53 0 0 0 
0 45 0 0 0 81 0 0 0 0 0 0 0 0 59 0 0 0 0 0 0 0 0 0 53 0 0 0 26 0 0 0 0 0 0 0 0 0 0 0 0 0 0 0 0 0 0 0 0 0 11 0 0 0 0 0 0 0 0 0 0 0 0 32 0 0 0 0 0 0 0 0 0 0 0 0 0 0 0 0 0 0 0 0 46 0 0 0 0 0 0 9 0 0 0 0 0 0 0 0 
0 0 0 0 0 0 57 0 0 0 0 0 0 0 0 0 0 0 52 0 0 0 0 0 0 0 0 0 0 0 0 0 0 25 0 6 0 37 0 0 0 0 0 20 0 0 0 0 0 0 0 0 0 0 0 0 0 0 11 0 0 0 0 0 0 0 0 0 0 0 0 0 0 0 0 0 0 0 0 0 0 0 0 0 0 0 0 0 0 0 3 0 0 0 0 0 0 0 0 0 
0 24 0 0 0 0 0 0 0 42 0 15 0 0 27 0 0 0 0 0 0 69 0 0 0 0 0 0 0 0 33 0 0 0 100 0 0 0 0 0 93 0 0 0 0 0 0 0 0 5 0 0 53 0 62 0 0 0 0 57 0 0 0 0 0 0 0 0 0 0 0 0 0 0 77 0 0 27 0 0 0 0 0 0 0 0 0 79 0 0 0 0 0 0 0 0 0 0 0 0 
0 0 81 0 0 0 22 0 33 0 0 0 0 0 0 87 0 0 0 0 16 0 94 0 0 0 90 0 69 0 56 0 0 0 0 0 0 0 0 0 58 0 0 35 0 0 0 0 64 0 0 0 0 68 54 0 0 0 0 0 0 0 0 0 0 0 0 0 0 0 0 0 0 87 0 0 0 0 0 0 0 0 0 0 0 0 0 0 0 0 0 0 0 0 0 0 0 0 0 0 
0 0 0 57 0 22 0 0 0 0 0 0 0 0 0 0 0 0 92 0 0 0 0 0 0 0 0 0 0 0 0 0 0 0 0 0 0 0 0 0 0 0 0 22 0 0 16 0 0 0 0 0 0 0 99 0 0 91 0 0 0 0 0 0 0 0 0 32 0 0 0 0 0 0 0 0 0 0 0 0 34 0 0 0 0 0 0 0 0 0 0 0 0 0 0 0 0 74 0 37 
0 0 0 0 0 0 0 0 0 0 0 0 0 0 0 0 0 0 0 0 0 0 0 0 0 34 0 0 19 69 0 0 0 0 0 0 1 0 0 0 0 0 23 0 0 0 0 60 0 0 0 0 0 0 0 0 0 39 0 0 0 5 55 0 0 0 0 72 0 0 0 0 0 0 0 0 0 0 0 0 0 0 0 0 0 0 0 0 0 0 0 0 0 0 54 0 0 0 0 0 
0 0 0 0 0 33 0 0 0 0 0 0 83 92 0 0 0 0 0 0 0 0 0 55 0 0 0 0 0 0 0 0 0 0 0 0 0 86 0 0 67 0 0 0 0 76 0 0 89 0 0 0 0 0 0 0 0 0 0 0 0 0 0 0 0 0 0 0 0 0 0 0 0 0 0 0 0 0 0 0 0 0 0 0 38 91 0 0 0 49 0 0 0 0 0 0 0 0 0 0 
0 0 0 0 42 0 0 0 0 0 0 0 0 0 0 0 0 0 0 0 0 72 0 0 0 0 0 0 0 12 0 0 0 0 0 0 0 0 0 0 0 0 0 0 0 39 0 0 23 0 0 0 0 73 0 0 0 0 14 0 0 0 19 0 39 0 0 0 0 0 0 8 0 26 0 0 0 0 0 0 27 0 8 0 0 0 0 0 22 0 0 0 0 83 0 0 0 0 0 0 
0 0 0 0 0 0 0 0 0 0 0 0 0 0 0 0 0 0 0 0 0 0 0 0 87 60 0 0 0 0 0 0 28 0 0 76 0 0 0 0 0 0 0 93 0 0 30 0 0 0 0 0 0 0 0 0 0 0 0 0 0 0 0 0 0 0 0 0 0 0 0 0 96 0 0 0 0 0 84 53 96 0 0 0 0 0 46 0 81 0 18 0 0 0 0 0 0 0 0 0 
50 0 0 0 15 0 0 0 0 0 0 0 0 0 0 0 0 0 0 39 91 0 0 0 0 74 0 0 14 0 0 95 0 58 84 0 0 0 0 0 0 0 0 0 0 0 5 0 0 0 0 0 0 0 0 0 0 0 0 0 0 0 0 0 38 0 0 98 0 0 0 38 0 0 0 0 55 0 0 0 0 0 0 0 0 0 0 0 0 0 0 0 0 68 0 0 0 0 0 0 
0 0 0 0 0 0 0 0 83 0 0 0 0 0 0 0 0 0 0 0 0 81 0 0 0 0 0 0 0 0 0 92 0 0 0 0 0 0 8 94 0 0 17 0 0 29 0 0 0 0 0 0 0 61 0 0 0 0 0 76 0 0 0 0 0 0 0 0 0 44 0 0 88 0 0 0 0 0 0 0 0 0 0 0 0 0 0 0 0 0 0 23 0 0 0 10 0 0 0 4 
0 0 0 0 0 0 0 0 92 0 0 0 0 0 0 93 0 28 0 0 0 0 0 0 0 0 0 0 0 0 0 0 0 0 0 0 0 0 0 0 0 0 0 0 39 0 0 0 0 0 0 0 50 0 0 0 4 0 48 94 0 0 83 0 31 53 0 78 0 0 0 0 0 86 0 34 0 0 0 0 0 0 0 0 0 0 0 0 0 0 0 0 0 48 0 0 0 0 0 0 
0 0 59 0 27 0 0 0 0 0 0 0 0 0 0 0 0 0 12 0 0 0 0 0 0 0 49 0 0 0 0 0 0 0 0 0 0 0 0 0 0 0 0 0 0 82 0 0 80 0 0 0 0 0 0 39 0 0 0 0 0 0 0 0 98 0 0 0 0 12 71 0 0 0 0 0 0 0 0 24 0 0 0 0 0 0 0 0 0 0 60 0 3 0 0 0 0 3 0 36 
58 0 0 0 0 87 0 0 0 0 0 0 0 93 0 0 0 0 42 79 0 0 0 39 0 0 0 0 0 0 0 69 0 27 0 0 14 0 59 0 0 0 0 0 0 0 0 0 0 0 0 0 0 0 0 0 0 0 0 0 0 0 0 42 0 0 0 0 0 0 0 13 0 0 0 14 0 0 0 0 0 59 0 0 0 0 0 0 0 69 0 0 0 0 0 0 0 0 0 0 
0 0 0 0 0 0 0 0 0 0 0 0 0 0 0 0 0 0 0 0 0 0 0 0 93 100 0 3 33 7 0 0 94 28 0 0 0 0 74 0 26 0 0 0 0 0 0 0 0 0 0 0 0 0 0 0 0 0 0 0 48 0 0 0 0 0 0 0 0 0 0 0 46 0 0 0 0 0 0 8 0 0 0 0 0 0 0 0 0 0 0 0 85 0 0 0 0 0 0 0 
0 24 0 0 0 0 0 0 0 0 0 0 0 28 0 0 0 0 0 0 0 0 0 0 0 0 0 0 0 0 32 0 0 30 0 0 0 0 0 0 0 0 0 0 0 0 0 0 0 0 0 0 0 0 0 0 0 24 0 0 0 0 0 100 0 0 0 0 0 0 0 0 0 43 58 0 3 40 10 0 0 0 36 0 0 0 0 93 0 0 0 0 29 0 0 0 47 0 0 0 
0 0 0 52 0 0 92 0 0 0 0 0 0 0 12 42 0 0 0 0 0 0 0 0 0 0 0 0 0 0 0 0 0 0 0 0 0 62 0 0 0 0 0 0 0 4 0 92 0 0 0 0 0 0 60 0 0 0 0 5 0 0 0 0 0 0 0 0 0 0 0 0 0 0 0 0 0 0 0 0 0 0 0 1 0 96 81 0 33 84 0 0 0 0 0 0 0 0 0 31 
0 0 0 0 0 0 0 0 0 0 0 39 0 0 0 79 0 0 0 0 0 0 0 0 0 0 0 52 0 49 0 0 0 0 94 0 0 0 0 0 0 0 0 0 0 0 0 0 0 0 0 0 0 0 0 0 0 0 0 0 55 0 0 52 0 0 0 0 0 0 0 84 0 0 0 0 0 100 0 0 0 0 0 0 91 0 0 0 0 82 0 0 0 0 64 91 0 0 0 0 
0 0 0 0 0 16 0 0 0 0 0 91 0 0 0 0 0 0 0 0 0 0 0 0 0 0 0 0 0 0 57 0 0 0 0 0 0 0 41 28 0 0 0 0 72 0 0 0 0 0 0 0 0 0 0 90 0 0 0 0 0 0 0 0 0 0 0 0 0 0 0 0 0 0 0 1 0 0 0 0 0 50 0 0 0 0 0 0 0 0 0 0 0 0 0 0 0 93 0 0 
0 0 0 0 69 0 0 0 0 72 0 0 81 0 0 0 0 0 0 0 0 0 0 0 0 0 0 99 0 0 60 0 76 0 0 0 0 0 0 78 0 0 0 0 0 0 0 0 0 0 0 0 0 0 0 0 0 0 0 0 14 19 0 50 48 0 0 0 0 0 0 85 0 0 0 92 60 0 36 0 0 0 0 0 0 0 0 0 0 0 0 0 0 0 0 0 0 0 0 0 
0 0 0 0 0 94 0 0 0 0 0 0 0 0 0 0 0 0 0 0 0 0 0 0 0 0 0 0 0 0 28 0 0 0 0 83 0 0 0 0 0 0 87 0 0 0 0 0 0 0 0 37 0 0 91 0 0 85 0 0 0 0 0 0 0 0 56 0 50 0 0 21 0 0 0 0 0 42 0 2 0 0 0 0 0 0 0 0 0 0 72 0 0 48 0 0 0 0 42 0 
0 68 0 0 0 0 0 0 55 0 0 0 0 0 0 39 0 0 0 0 0 0 0 0 0 0 0 0 59 0 0 0 0 0 0 0 0 0 0 0 0 0 0 0 0 0 0 0 0 0 0 0 0 0 0 0 0 0 0 20 0 0 0 0 0 0 17 0 0 62 0 0 76 0 0 0 2 0 0 0 0 0 0 0 66 0 0 0 0 0 0 0 0 0 0 0 0 0 0 0 
0 0 53 0 0 0 0 0 0 0 87 0 0 0 0 0 93 0 0 0 0 0 0 0 0 0 0 0 0 0 0 66 0 0 0 79 90 0 0 0 0 0 0 57 0 0 0 0 0 70 0 0 0 0 89 0 0 11 0 0 0 0 0 0 0 0 0 0 0 0 0 0 0 0 0 0 0 0 0 0 56 0 0 0 83 0 8 0 0 0 0 0 0 0 0 83 0 85 0 0 
0 0 0 0 0 0 0 34 0 0 60 74 0 0 0 0 100 0 0 0 0 0 0 0 0 0 0 0 0 100 0 0 92 0 0 0 30 0 0 0 0 0 0 0 0 0 0 0 0 0 0 0 0 0 0 0 0 0 0 0 0 0 0 0 0 0 0 0 96 0 0 93 29 64 0 0 0 0 0 0 0 27 0 18 0 0 0 0 85 0 34 0 0 0 0 0 0 0 0 0 
0 0 0 0 0 90 0 0 0 0 0 0 0 0 49 0 0 0 0 0 0 0 0 0 0 0 0 0 0 0 0 0 0 0 0 0 0 0 0 0 0 0 0 0 0 0 0 43 0 0 43 0 0 0 0 0 0 0 0 0 0 0 0 0 0 25 0 0 0 0 0 0 0 0 0 89 0 0 0 92 0 0 26 0 0 0 0 19 0 0 0 0 50 0 0 0 0 0 0 0 
0 0 0 0 0 0 0 0 0 0 0 0 0 0 0 0 3 0 0 52 0 99 0 0 0 0 0 0 0 0 0 0 0 0 0 0 0 28 0 0 0 0 0 0 0 36 0 0 0 55 28 34 0 0 0 0 60 40 0 0 0 0 0 0 0 0 0 0 0 59 0 0 0 0 0 0 0 0 0 0 0 5 0 0 0 0 0 0 0 0 0 0 0 0 0 0 20 40 0 0 
0 0 26 0 0 69 0 19 0 0 0 14 0 0 0 0 33 0 0 0 0 0 0 59 0 0 0 0 0 0 0 0 0 92 0 0 0 0 38 0 0 0 0 0 0 0 60 0 0 0 0 0 0 0 0 0 0 0 0 0 0 0 0 0 0 0 80 0 0 0 0 0 0 0 0 0 0 0 0 0 0 0 0 0 0 0 0 0 90 86 53 0 42 94 0 0 0 0 0 0 
0 0 0 0 0 0 0 69 0 12 0 0 0 0 0 0 7 0 0 49 0 0 0 0 0 100 0 0 0 0 0 0 0 0 0 0 0 0 0 0 0 9 0 0 0 0 0 0 0 0 0 0 0 0 0 20 0 59 0 0 0 0 28 0 0 0 0 0 0 0 0 0 0 0 0 68 0 96 0 0 0 90 0 6 0 0 0 0 0 0 0 10 0 0 0 0 0 0 0 0 
0 45 0 0 33 56 0 0 0 0 0 0 0 0 0 0 0 32 0 0 57 60 28 0 0 0 0 0 0 0 0 0 34 0 0 0 2 0 0 0 0 75 0 0 50 0 0 0 49 0 0 0 0 27 0 0 0 0 0 30 0 0 0 0 0 0 0 0 0 0 0 0 0 0 0 0 0 0 0 0 0 0 0 0 0 0 0 34 0 0 0 0 0 0 0 0 0 0 0 0 
0 0 0 0 0 0 0 0 0 0 0 95 92 0 0 69 0 0 0 0 0 0 0 0 66 0 0 0 0 0 0 0 0 0 0 0 0 0 0 0 0 0 76 0 0 0 0 0 0 0 0 86 0 0 0 14 0 76 0 0 0 0 0 0 0 0 0 0 0 76 0 0 0 0 70 0 0 0 0 0 0 0 0 0 0 46 44 0 0 0 0 70 0 0 0 0 0 0 0 0 
0 0 0 0 0 0 0 0 0 0 28 0 0 0 0 0 94 0 0 0 0 76 0 0 0 92 0 0 0 0 34 0 0 0 0 88 0 0 0 0 0 0 0 0 0 0 0 0 0 0 0 0 0 0 0 81 19 0 0 0 87 0 0 0 0 4 0 0 85 0 0 0 0 0 0 0 0 65 0 0 0 0 31 0 17 0 95 0 0 0 0 0 0 0 0 0 0 0 0 0 
0 0 0 25 0 0 0 0 0 0 0 58 0 0 0 27 28 30 0 0 0 0 0 0 0 0 0 0 92 0 0 0 0 0 0 0 0 0 0 44 0 0 0 0 0 0 0 0 0 0 0 0 0 0 0 0 0 0 0 0 0 0 30 74 0 61 0 0 0 0 0 63 0 0 0 0 0 0 0 0 0 0 0 0 0 0 0 62 0 0 0 0 0 0 0 0 0 0 0 52 
0 0 0 0 100 0 0 0 0 0 0 84 0 0 0 0 0 0 0 94 0 0 0 0 0 0 0 0 0 0 0 0 0 0 0 0 0 0 0 17 0 0 59 0 0 0 0 0 0 0 0 0 0 0 0 7 0 0 0 0 0 0 0 0 0 0 0 0 0 0 0 0 0 0 0 35 0 0 17 0 0 0 0 0 0 0 34 0 0 0 0 0 0 0 0 0 46 0 0 0 
0 75 0 6 0 0 0 0 0 0 76 0 0 0 0 0 0 0 0 0 0 0 83 0 79 0 0 0 0 0 0 0 88 0 0 0 0 0 0 0 0 0 0 0 0 0 0 0 0 0 0 0 0 65 0 87 0 0 0 0 0 0 0 0 0 0 0 0 0 0 0 0 100 0 0 0 0 0 0 0 0 0 34 0 0 0 87 60 0 13 0 0 0 67 0 0 0 0 0 0 
0 0 0 0 0 0 0 1 0 0 0 0 0 0 0 14 0 0 0 0 0 0 0 0 90 30 0 0 0 0 2 0 0 0 0 0 0 0 0 0 0 0 97 0 0 0 0 0 0 0 0 0 0 0 0 0 0 0 0 56 0 0 99 0 29 0 0 0 0 0 0 0 0 0 64 1 0 0 0 0 0 0 0 0 0 38 0 0 0 0 37 0 0 0 0 0 0 0 0 0 
0 37 0 37 0 0 0 0 86 0 0 0 0 0 0 0 0 0 62 0 0 0 0 0 0 0 0 28 0 0 0 0 0 0 0 0 0 0 0 0 0 51 0 0 0 0 0 0 0 0 0 0 9 64 0 0 85 0 0 0 0 68 0 0 0 0 0 0 0 0 0 0 0 82 0 0 0 0 0 0 51 0 0 0 0 0 36 0 0 0 0 5 0 0 0 41 0 0 0 0 
0 0 0 0 0 0 0 0 0 0 0 0 8 0 0 59 74 0 0 0 41 0 0 0 0 0 0 0 38 0 0 0 0 0 0 0 0 0 0 63 0 0 0 0 0 0 0 0 77 0 0 12 0 0 0 0 0 0 67 0 0 0 0 0 0 0 0 0 38 0 0 80 0 0 0 0 0 0 0 0 69 0 0 0 80 0 0 0 0 0 0 0 0 0 0 0 0 19 88 0 
0 0 0 0 0 0 0 0 0 0 0 0 94 0 0 0 0 0 0 0 28 78 0 0 0 0 0 0 0 0 0 0 0 44 17 0 0 0 63 0 0 0 0 0 0 0 43 0 0 81 58 0 0 0 0 48 0 0 0 0 0 0 0 0 0 0 0 0 0 0 0 0 0 0 0 0 0 0 38 0 0 0 0 12 0 11 0 0 0 0 0 0 0 26 0 0 0 0 0 66 
0 0 0 0 93 58 0 0 67 0 0 0 0 0 0 0 26 0 0 0 0 0 0 0 0 0 0 0 0 0 0 0 0 0 0 0 0 0 0 0 0 0 0 0 42 0 0 0 0 0 0 0 0 0 0 0 90 0 0 0 0 0 68 0 0 0 0 0 0 0 0 0 0 0 0 0 0 0 0 0 0 83 0 0 0 0 0 0 0 0 0 0 0 0 0 0 0 63 0 0 
0 0 0 0 0 0 0 0 0 0 0 0 0 0 0 0 0 0 0 0 0 0 0 0 0 0 0 0 0 9 75 0 0 0 0 0 0 51 0 0 0 0 0 0 0 0 0 0 0 0 0 3 0 0 0 0 45 0 0 0 0 69 0 0 0 0 0 0 0 0 0 0 0 0 0 0 0 0 0 0 0 25 0 0 0 0 0 0 0 0 0 0 82 0 0 0 0 0 0 0 
0 0 0 0 0 0 0 23 0 0 0 0 17 0 0 0 0 0 0 0 0 0 87 0 0 0 0 0 0 0 0 76 0 0 59 0 97 0 0 0 0 0 0 0 0 33 0 0 0 0 0 0 53 0 79 0 0 0 0 0 76 2 0 0 0 0 0 0 0 0 0 0 0 24 0 0 0 0 0 0 0 0 0 0 0 0 0 0 0 0 0 0 68 0 0 0 0 0 0 0 
0 0 0 20 0 35 22 0 0 0 93 0 0 0 0 0 0 0 0 0 0 0 0 0 57 0 0 0 0 0 0 0 0 0 0 0 0 0 0 0 0 0 0 0 0 0 26 0 0 6 0 0 0 38 0 93 9 0 0 0 72 0 0 0 0 0 0 0 0 0 0 0 0 79 0 0 0 0 0 0 0 0 0 0 0 0 0 0 0 40 0 97 0 0 0 0 0 0 2 0 
0 0 0 0 0 0 0 0 0 0 0 0 0 39 0 0 0 0 0 0 72 0 0 0 0 0 0 0 0 0 50 0 0 0 0 0 0 0 0 0 42 0 0 0 0 0 0 0 0 0 0 0 0 5 29 0 0 0 0 0 0 0 0 0 0 0 0 0 0 0 0 0 0 0 0 0 55 0 74 0 0 0 58 0 0 0 0 0 0 88 0 0 0 0 0 0 72 0 0 0 
0 0 0 0 0 0 0 0 76 39 0 0 29 0 82 0 0 0 4 0 0 0 0 0 0 0 0 36 0 0 0 0 0 0 0 0 0 0 0 0 0 0 33 0 0 0 0 0 0 0 1 0 66 0 0 0 0 0 0 0 0 0 0 0 0 0 0 0 0 0 0 0 0 0 0 83 0 88 0 0 0 0 68 45 0 0 0 92 0 0 0 40 0 0 0 0 0 0 0 0 
0 0 0 0 0 0 16 0 0 0 30 5 0 0 0 0 0 0 0 0 0 0 0 0 0 0 0 0 60 0 0 0 0 0 0 0 0 0 0 43 0 0 0 26 0 0 0 96 0 0 0 0 0 0 0 0 0 0 0 0 0 0 0 0 72 0 0 0 0 0 0 0 0 0 0 0 93 0 0 0 0 0 0 0 0 75 66 0 0 0 0 0 0 0 78 87 0 24 97 0 
0 0 0 0 0 0 0 60 0 0 0 0 0 0 0 0 0 0 92 0 0 0 0 0 0 0 43 0 0 0 0 0 0 0 0 0 0 0 0 0 0 0 0 0 0 0 96 0 0 0 0 0 0 37 0 0 0 0 0 0 0 0 0 0 0 89 0 0 78 0 0 0 0 0 0 0 70 0 0 95 79 0 0 20 0 0 0 0 0 0 0 0 73 0 59 0 53 0 0 75 
0 54 0 0 0 64 0 0 89 23 0 0 0 0 80 0 0 0 0 0 0 0 0 0 0 0 0 0 0 0 49 0 0 0 0 0 0 0 77 0 0 0 0 0 0 0 0 0 0 0 60 0 0 0 0 0 0 0 0 34 0 0 0 0 0 0 0 0 4 55 0 0 0 0 0 0 0 0 0 0 55 0 41 0 0 0 0 0 0 0 0 0 0 0 0 0 0 0 0 21 
0 0 0 0 5 0 0 0 0 0 0 0 0 0 0 0 0 0 0 0 0 0 0 0 70 0 0 55 0 0 0 0 0 0 0 0 0 0 0 81 0 0 0 6 0 0 0 0 0 0 0 0 0 35 0 0 0 0 0 35 0 0 0 0 0 0 0 0 0 0 0 0 0 80 38 0 0 0 0 0 0 0 9 0 0 0 0 0 0 0 0 0 0 0 0 0 0 0 0 0 
0 0 11 0 0 0 0 0 0 0 0 0 0 0 0 0 0 0 0 0 0 0 0 0 0 0 43 28 0 0 0 0 0 0 0 0 0 0 0 58 0 0 0 0 0 1 0 0 60 0 0 0 0 0 0 0 0 0 0 0 0 60 0 0 0 0 0 0 0 0 0 82 0 0 0 0 0 0 0 28 0 0 39 0 0 0 80 0 0 0 0 0 93 0 0 0 0 0 89 0 
0 46 0 0 0 0 0 0 0 0 0 0 0 0 0 0 0 0 0 0 0 0 37 0 0 0 0 34 0 0 0 86 0 0 0 0 0 0 12 0 0 3 0 0 0 0 0 0 0 0 0 0 0 0 0 0 0 0 0 0 0 52 0 41 0 0 0 0 82 0 0 28 37 0 0 0 44 0 0 0 0 0 0 95 0 0 0 0 0 0 89 0 0 0 0 0 0 0 1 0 
0 0 0 0 53 0 0 0 0 0 0 0 0 50 0 0 0 0 0 0 0 0 0 0 0 0 0 0 0 0 0 0 0 0 0 0 0 9 0 0 0 0 53 0 0 66 0 0 0 0 0 0 0 0 84 0 0 0 0 0 0 19 99 0 0 0 0 0 0 0 0 0 84 0 43 0 14 0 0 59 97 0 0 11 0 0 0 0 35 0 0 0 0 0 0 0 0 0 0 0 
0 0 0 0 0 68 0 0 0 73 0 0 61 0 0 0 0 0 0 0 0 0 0 0 0 0 0 0 0 0 27 0 0 0 0 65 0 64 0 0 0 0 0 38 5 0 0 37 0 35 0 0 0 0 0 0 0 0 0 0 0 0 41 0 0 0 0 0 0 0 0 0 73 0 0 0 0 0 0 0 0 0 0 0 0 0 0 43 0 0 0 86 0 0 0 0 0 0 0 0 
0 0 0 0 62 54 99 0 0 0 0 0 0 0 0 0 0 0 60 0 0 0 91 0 89 0 0 0 0 0 0 0 0 0 0 0 0 0 0 0 0 0 79 0 29 0 0 0 0 0 0 0 84 0 0 0 0 66 0 0 70 0 0 42 0 0 0 0 0 0 0 0 0 0 6 0 0 0 0 0 0 0 0 0 0 0 7 0 0 0 0 0 0 0 0 42 0 0 0 0 
0 0 0 0 0 0 0 0 0 0 0 0 0 0 39 0 0 0 0 0 90 0 0 0 0 0 0 0 0 20 0 14 81 0 7 87 0 0 0 48 0 0 0 93 0 0 0 0 0 0 0 0 0 0 0 0 0 0 0 0 0 0 0 6 0 0 0 0 0 95 0 0 0 0 0 0 0 0 0 64 0 0 0 0 0 0 0 0 0 0 0 0 0 76 0 0 6 0 25 0 
0 0 0 0 0 0 0 0 0 0 0 0 0 4 0 0 0 0 0 0 0 0 0 0 0 0 0 60 0 0 0 0 19 0 0 0 0 85 0 0 90 45 0 9 0 0 0 0 0 0 0 0 0 0 0 0 0 0 0 0 0 0 0 15 0 0 0 0 0 0 0 2 0 0 0 0 0 0 0 0 0 0 0 0 97 0 0 0 0 0 30 0 0 0 0 0 0 0 0 0 
0 0 0 0 0 0 91 39 0 0 0 0 0 0 0 0 0 24 0 0 0 0 85 0 11 0 0 40 0 59 0 76 0 0 0 0 0 0 0 0 0 0 0 0 0 0 0 0 0 0 0 0 0 0 66 0 0 0 0 0 0 8 0 0 0 46 77 0 0 7 0 0 0 0 0 0 0 0 0 0 0 0 0 0 0 0 83 0 0 17 0 0 0 0 0 0 0 0 0 0 
0 0 0 11 0 0 0 0 0 14 0 0 0 48 0 0 0 0 0 0 0 0 0 0 0 0 0 0 0 0 0 0 0 0 0 0 0 0 67 0 0 0 0 0 0 0 0 0 0 0 0 0 0 0 0 0 0 0 0 0 0 0 0 0 0 0 13 0 0 0 0 38 88 45 0 0 0 0 0 0 0 0 0 0 0 0 0 0 0 0 0 0 66 0 0 0 0 61 0 0 
0 36 0 0 57 0 0 0 0 0 0 0 76 94 0 0 0 0 5 0 0 0 0 20 0 0 0 0 0 0 30 0 0 0 0 0 56 0 0 0 0 0 0 0 0 0 0 0 34 35 0 0 0 0 0 0 0 0 0 0 0 0 0 0 0 0 0 0 0 0 0 0 0 36 0 1 0 27 0 0 0 0 0 31 0 43 0 0 0 0 0 0 0 0 0 0 0 0 0 0 
0 0 0 0 0 0 0 0 0 0 0 0 0 0 0 0 48 0 0 55 0 14 0 0 0 0 0 0 0 0 0 0 87 0 0 0 0 0 0 0 0 0 76 72 0 0 0 0 0 0 0 0 0 0 70 0 0 0 0 0 0 0 91 0 0 0 0 0 0 0 0 0 0 0 34 0 0 0 0 41 0 50 0 0 0 0 0 12 19 0 0 95 0 0 55 0 0 0 0 0 
0 0 0 0 0 0 0 5 0 0 0 0 0 0 0 0 0 0 0 0 0 19 0 0 0 0 0 0 0 0 0 0 0 0 0 0 0 68 0 0 0 69 2 0 0 0 0 0 0 0 60 52 19 0 0 0 0 8 0 0 0 0 0 0 0 0 0 0 0 0 0 0 0 0 0 0 0 0 0 0 0 0 0 0 0 0 0 0 0 0 81 0 0 0 45 0 0 0 0 0 
0 0 0 0 0 0 0 55 0 19 0 0 0 83 0 0 0 0 0 0 0 0 0 0 0 0 0 0 0 28 0 0 0 30 0 0 99 0 0 0 68 0 0 0 0 0 0 0 0 0 0 0 99 41 0 0 0 0 0 0 91 0 0 0 0 0 0 0 79 0 0 0 32 0 0 0 0 46 0 0 0 0 0 0 0 0 0 0 0 0 0 0 0 0 0 0 4 0 0 62 
0 0 32 0 0 0 0 0 0 0 0 0 0 0 0 42 0 100 0 52 0 50 0 0 0 0 0 0 0 0 0 0 0 74 0 0 0 0 0 0 0 0 0 0 0 0 0 0 0 0 0 41 0 0 42 6 15 0 0 0 0 0 0 0 0 0 0 0 0 88 0 0 0 0 0 0 0 26 0 0 0 0 0 50 0 0 0 68 0 0 0 0 0 0 0 0 0 0 69 0 
0 0 0 0 0 0 0 0 0 39 0 38 0 31 98 0 0 0 0 0 0 48 0 0 0 0 0 0 0 0 0 0 0 0 0 0 29 0 0 0 0 0 0 0 0 0 72 0 0 0 0 0 0 0 0 0 0 0 0 0 0 0 0 0 0 0 0 0 96 0 84 0 0 0 0 0 0 0 0 0 0 0 0 0 56 15 0 0 0 56 0 0 0 0 0 0 0 75 44 5 
39 0 0 0 0 0 0 0 0 0 0 0 0 53 0 0 0 0 0 0 0 0 0 0 0 0 25 0 0 0 0 0 4 61 0 0 0 0 0 0 0 0 0 0 0 0 0 89 0 0 0 0 0 0 0 0 0 46 0 0 0 0 0 0 0 0 0 0 0 0 0 0 0 0 0 52 0 0 0 0 0 99 77 0 0 0 38 36 0 0 82 0 0 0 26 21 0 0 0 0 
0 0 0 0 0 0 0 0 0 0 0 0 0 0 0 0 0 0 0 0 0 0 56 17 0 0 0 0 80 0 0 0 0 0 0 0 0 0 0 0 0 0 0 0 0 0 0 0 0 0 0 0 0 0 0 0 0 77 13 0 0 0 0 0 0 0 0 0 0 34 0 0 0 0 0 0 0 0 0 99 45 0 0 0 0 0 0 0 0 82 0 0 0 0 49 0 0 0 48 0 
0 96 0 0 0 0 32 72 0 0 0 98 0 78 0 0 0 0 0 0 0 0 0 0 0 0 0 0 0 0 0 0 0 0 0 0 0 0 0 0 0 0 0 0 0 0 0 0 0 0 0 0 0 0 0 0 0 0 0 0 0 0 0 0 0 0 0 0 0 0 0 0 0 0 0 0 0 0 64 0 0 0 33 0 66 0 0 0 48 0 0 0 0 39 3 0 0 0 0 77 
0 0 0 0 0 0 0 0 0 0 0 0 0 0 0 0 0 0 0 0 0 0 50 0 0 96 0 0 0 0 0 0 85 0 0 0 0 0 38 0 0 0 0 0 0 0 0 78 4 0 0 82 0 0 0 0 0 0 0 0 0 0 79 0 96 0 0 0 0 0 43 0 94 0 0 0 0 0 0 0 0 73 0 0 0 0 0 0 0 0 0 39 0 27 91 0 0 0 0 0 
60 0 0 0 0 0 0 0 0 0 0 0 44 0 12 0 0 0 0 0 0 0 0 62 0 0 0 59 0 0 0 76 0 0 0 0 0 0 0 0 0 0 0 0 0 0 0 0 55 0 0 0 0 0 0 95 0 7 0 0 0 0 0 88 0 0 34 0 0 0 0 0 0 0 0 0 0 0 0 0 0 0 0 0 0 0 0 0 0 0 0 0 0 0 0 0 0 0 0 99 
0 0 0 0 0 0 0 0 0 0 0 0 0 0 71 0 0 0 0 0 0 0 0 0 0 0 0 0 0 0 0 0 0 0 0 0 0 0 0 0 0 0 0 0 0 0 0 0 0 0 0 0 0 0 0 0 0 0 0 0 0 0 0 0 84 0 0 0 43 0 0 0 0 0 0 0 0 0 0 0 0 0 0 0 0 0 0 0 23 0 38 0 4 0 0 0 14 0 0 0 
0 0 0 0 0 0 0 0 0 8 0 38 0 0 0 13 0 0 0 84 0 85 21 0 0 93 0 0 0 0 0 0 0 63 0 0 0 0 80 0 0 0 0 0 0 0 0 0 0 0 82 28 0 0 0 0 2 0 38 0 0 0 0 0 0 0 0 0 0 0 0 0 0 0 0 0 100 0 51 0 0 0 0 0 0 0 0 0 0 0 0 0 0 0 0 0 0 0 0 0 
0 0 0 0 0 0 0 0 0 0 96 0 88 0 0 0 46 0 0 0 0 0 0 76 0 29 0 0 0 0 0 0 0 0 0 100 0 0 0 0 0 0 0 0 0 0 0 0 0 0 0 37 84 73 0 0 0 0 88 0 0 0 32 0 0 0 0 0 94 0 0 0 0 0 0 0 0 0 0 0 0 5 0 0 96 0 0 54 0 0 0 0 0 0 0 0 0 0 0 0 
0 0 0 0 0 87 0 0 0 26 0 0 0 86 0 0 0 43 0 0 0 0 0 0 0 64 0 0 0 0 0 0 0 0 0 0 0 82 0 0 0 0 24 79 0 0 0 0 0 80 0 0 0 0 0 0 0 0 45 36 0 0 0 0 0 0 0 0 0 0 0 0 0 0 0 24 0 0 0 0 0 0 0 0 0 0 0 0 0 0 0 0 0 0 0 32 0 53 0 0 
0 0 0 0 77 0 0 0 0 0 0 0 0 0 0 0 0 58 0 0 0 0 0 0 0 0 0 0 0 0 0 70 0 0 0 0 64 0 0 0 0 0 0 0 0 0 0 0 0 38 0 0 43 0 6 0 0 0 0 0 34 0 0 0 0 0 0 0 0 0 0 0 0 0 0 0 0 0 0 0 0 0 0 72 0 0 0 0 53 0 0 77 0 0 0 0 0 0 0 0 
30 0 0 0 0 0 0 0 0 0 0 0 0 34 0 14 0 0 0 0 1 92 0 0 0 0 89 0 0 68 0 0 0 0 35 0 1 0 0 0 0 0 0 0 0 83 0 0 0 0 0 0 0 0 0 0 0 0 0 1 0 0 0 0 0 52 0 0 0 0 0 0 0 24 0 0 0 0 0 0 0 0 0 0 0 21 0 0 0 0 0 0 0 0 3 0 0 0 0 0 
0 0 0 0 0 0 0 0 0 0 0 55 0 0 0 0 0 3 0 0 0 60 0 2 0 0 0 0 0 0 0 0 0 0 0 0 0 0 0 0 0 0 0 0 55 0 93 70 0 0 0 44 14 0 0 0 0 0 0 0 0 0 0 0 0 0 0 0 0 0 0 100 0 0 0 0 0 74 0 0 0 99 0 0 0 34 0 0 0 0 0 0 0 0 71 0 0 0 0 0 
0 92 0 0 27 0 0 0 0 0 0 0 0 0 0 0 0 40 0 100 0 0 42 0 0 0 0 0 0 96 0 0 65 0 0 0 0 0 0 0 0 0 0 0 0 88 0 0 0 0 0 0 0 0 0 0 0 0 0 27 0 0 46 26 0 0 0 0 0 0 0 0 0 0 0 0 74 0 0 0 0 0 0 0 0 0 0 0 0 5 0 0 0 0 0 0 1 0 47 0 
0 0 0 0 0 0 0 0 0 0 84 0 0 0 0 0 0 10 0 0 0 36 0 0 0 0 0 0 0 0 0 0 0 0 17 0 0 0 0 38 0 0 0 0 74 0 0 0 0 0 0 0 0 0 0 0 0 0 0 0 0 0 0 0 0 0 0 64 0 0 0 51 0 0 0 0 0 0 0 0 0 0 0 0 0 0 0 0 25 0 0 0 0 0 0 0 0 0 0 0 
75 0 0 0 0 0 0 0 0 0 53 0 0 0 24 0 8 0 0 0 0 0 2 0 0 0 92 0 0 0 0 0 0 0 0 0 0 0 0 0 0 0 0 0 0 0 0 95 0 0 28 0 59 0 0 64 0 0 0 0 41 0 0 0 0 0 99 0 0 0 0 0 0 0 0 0 0 0 0 0 0 0 0 0 0 0 63 32 0 0 0 0 0 0 0 0 0 0 0 15 
89 0 0 0 0 0 34 0 0 27 96 0 0 0 0 0 0 0 0 0 0 0 0 0 56 0 0 0 0 0 0 0 0 0 0 0 0 51 69 0 0 0 0 0 0 0 0 79 55 0 0 0 97 0 0 0 0 0 0 0 0 0 0 0 0 0 45 0 0 0 0 0 0 0 0 0 0 0 0 0 0 0 0 0 0 83 0 0 0 0 0 58 0 0 0 0 0 65 0 36 
0 0 0 0 0 0 0 0 0 0 0 0 0 0 0 59 0 0 0 0 50 0 0 0 0 27 0 5 0 90 0 0 0 0 0 0 0 0 0 0 83 25 0 0 0 0 0 0 0 0 0 0 0 0 0 0 0 0 0 0 50 0 0 0 0 99 0 0 73 0 0 0 5 0 0 0 99 0 0 0 0 0 0 0 0 0 0 0 0 0 0 31 0 0 0 0 0 0 0 0 
0 0 0 0 0 0 0 0 0 8 0 0 0 0 0 0 0 36 0 0 0 0 0 0 0 0 26 0 0 0 0 0 31 0 0 34 0 0 0 0 0 0 0 0 58 68 0 0 41 9 39 0 0 0 0 0 0 0 0 0 0 0 0 0 0 77 0 33 0 0 0 0 0 0 0 0 0 0 0 0 0 0 0 0 0 0 89 0 0 0 19 0 0 0 0 0 0 0 0 0 
56 0 0 0 0 0 0 0 0 0 0 0 0 0 0 0 0 0 1 0 0 0 0 0 0 18 0 0 0 6 0 0 0 0 0 0 0 0 0 12 0 0 0 0 0 45 0 20 0 0 0 95 11 0 0 0 0 0 0 31 0 0 0 50 0 0 0 0 0 0 0 0 0 0 72 0 0 0 0 0 0 0 0 0 0 0 0 0 0 0 0 60 0 8 0 0 0 0 0 97 
73 0 46 0 0 0 0 0 38 0 0 0 0 0 0 0 0 0 0 91 0 0 0 66 83 0 0 0 0 0 0 0 17 0 0 0 0 0 80 0 0 0 0 0 0 0 0 0 0 0 0 0 0 0 0 0 97 0 0 0 0 0 0 0 56 0 0 66 0 0 0 0 96 0 0 0 0 0 0 0 0 0 0 0 0 0 0 0 0 68 0 0 96 0 72 0 0 0 0 0 
0 0 0 0 0 0 0 0 91 0 0 0 0 0 0 0 0 0 96 0 0 0 0 0 0 0 0 0 0 0 0 46 0 0 0 0 38 0 0 11 0 0 0 0 0 0 75 0 0 0 0 0 0 0 0 0 0 0 0 43 0 0 0 0 15 0 0 0 0 0 0 0 0 0 0 21 34 0 0 0 83 0 0 0 0 0 0 0 0 75 0 0 0 0 0 56 0 0 0 0 
0 0 0 0 0 0 0 0 0 0 46 0 0 0 0 0 0 0 81 0 0 0 0 0 8 0 0 0 0 0 0 44 95 0 34 87 0 36 0 0 0 0 0 0 0 0 66 0 0 0 80 0 0 0 7 0 0 83 0 0 0 0 0 0 0 38 0 0 0 0 0 0 0 0 0 0 0 0 0 63 0 0 89 0 0 0 0 0 0 0 0 0 0 0 0 0 0 0 0 0 
0 0 0 0 79 0 0 0 0 0 0 0 0 0 0 0 0 93 0 0 0 0 0 0 0 0 19 0 0 0 34 0 0 62 0 60 0 0 0 0 0 0 0 0 0 92 0 0 0 0 0 0 0 43 0 0 0 0 0 0 12 0 0 68 0 36 0 0 0 0 0 0 54 0 0 0 0 0 0 32 0 0 0 0 0 0 0 0 0 0 0 0 37 0 0 0 0 0 13 0 
0 0 0 0 0 0 0 0 0 22 81 0 0 0 0 0 0 0 33 0 0 0 0 0 0 85 0 0 90 0 0 0 0 0 0 0 0 0 0 0 0 0 0 0 0 0 0 0 0 0 0 0 35 0 0 0 0 0 0 0 19 0 0 0 0 0 0 48 0 0 23 0 0 0 53 0 0 0 25 0 0 0 0 0 0 0 0 0 0 0 0 0 94 97 0 0 0 0 0 0 
98 0 0 0 0 0 0 0 49 0 0 0 0 0 0 69 0 0 84 82 0 0 0 0 0 0 0 0 86 0 0 0 0 0 0 13 0 0 0 0 0 0 0 40 88 0 0 0 0 0 0 0 0 0 0 0 0 17 0 0 0 0 0 0 56 0 82 0 0 0 0 0 0 0 0 0 0 5 0 0 0 0 0 0 68 75 0 0 0 0 0 0 0 0 0 0 0 0 0 0 
0 0 0 3 0 0 0 0 0 0 18 0 0 0 60 0 0 0 0 0 0 0 72 0 0 34 0 0 53 0 0 0 0 0 0 0 37 0 0 0 0 0 0 0 0 0 0 0 0 0 0 89 0 0 0 0 30 0 0 0 0 81 0 0 0 82 0 0 0 0 38 0 0 0 0 0 0 0 0 0 0 0 19 0 0 0 0 0 0 0 0 0 0 14 0 0 16 0 0 0 
0 94 9 0 0 0 0 0 0 0 0 0 23 0 0 0 0 0 0 0 0 0 0 0 0 0 0 0 0 10 0 70 0 0 0 0 0 5 0 0 0 0 0 97 0 40 0 0 0 0 0 0 0 86 0 0 0 0 0 0 95 0 0 0 0 0 0 0 39 0 0 0 0 0 77 0 0 0 0 0 58 31 0 60 0 0 0 0 0 0 0 0 0 0 0 0 0 0 0 0 
0 0 0 0 0 0 0 0 0 0 0 0 0 0 3 0 85 29 0 0 0 0 0 0 0 0 50 0 42 0 0 0 0 0 0 0 0 0 0 0 0 82 68 0 0 0 0 73 0 0 93 0 0 0 0 0 0 0 66 0 0 0 0 0 0 0 0 0 0 0 4 0 0 0 0 0 0 0 0 0 0 0 0 0 96 0 0 37 94 0 0 0 0 0 0 0 60 0 0 0 
0 0 0 0 0 0 0 0 0 83 0 68 0 48 0 0 0 0 0 0 0 0 48 0 0 0 0 0 94 0 0 0 0 0 0 67 0 0 0 26 0 0 0 0 0 0 0 0 0 0 0 0 0 0 0 76 0 0 0 0 0 0 0 0 0 0 0 39 27 0 0 0 0 0 0 0 0 0 0 0 0 0 0 8 0 0 0 0 97 0 14 0 0 0 0 0 0 19 39 0 
0 0 0 0 0 0 0 54 0 0 0 0 0 0 0 0 0 0 0 64 0 0 0 0 0 0 0 0 0 0 0 0 0 0 0 0 0 0 0 0 0 0 0 0 0 0 78 59 0 0 0 0 0 0 0 0 0 0 0 0 55 45 0 0 0 26 49 3 91 0 0 0 0 0 0 3 71 0 0 0 0 0 0 0 72 0 0 0 0 0 0 0 0 0 0 0 16 0 44 0 
0 51 0 0 0 0 0 0 0 0 0 0 10 0 0 0 0 0 0 91 0 0 0 0 83 0 0 0 0 0 0 0 0 0 0 0 0 41 0 0 0 0 0 0 0 0 87 0 0 0 0 0 0 0 42 0 0 0 0 0 0 0 0 0 0 21 0 0 0 0 0 0 0 32 0 0 0 0 0 0 0 0 0 0 0 56 0 0 0 0 0 0 0 0 0 0 84 0 0 0 
0 53 0 0 0 0 0 0 0 0 0 0 0 0 0 0 0 47 0 0 0 0 0 0 0 0 0 20 0 0 0 0 0 0 46 0 0 0 0 0 0 0 0 0 72 0 0 53 0 0 0 0 0 0 0 6 0 0 0 0 0 0 4 0 0 0 0 0 0 0 14 0 0 0 0 0 0 1 0 0 0 0 0 0 0 0 0 0 0 0 16 0 60 0 16 84 0 0 24 0 
0 0 0 0 0 0 74 0 0 0 0 0 0 0 3 0 0 0 0 0 93 0 0 0 85 0 0 40 0 0 0 0 0 0 0 0 0 0 19 0 63 0 0 0 0 0 24 0 0 0 0 0 0 0 0 0 0 0 61 0 0 0 0 0 75 0 0 0 0 0 0 0 0 53 0 0 0 0 0 0 65 0 0 0 0 0 0 0 0 0 0 0 0 19 0 0 0 0 0 0 
0 0 0 0 0 0 0 0 0 0 0 0 0 0 0 0 0 0 0 0 0 0 42 0 0 0 0 0 0 0 0 0 0 0 0 0 0 0 88 0 0 0 0 2 0 0 97 0 0 0 89 1 0 0 0 25 0 0 0 0 0 0 0 69 44 0 48 0 0 0 0 0 0 0 0 0 0 47 0 0 0 0 0 0 0 0 0 13 0 0 0 0 0 39 44 0 24 0 0 0 
0 0 0 0 0 0 37 0 0 0 0 0 4 0 36 0 0 0 31 0 0 0 0 0 0 0 0 0 0 0 0 0 0 52 0 0 0 0 0 66 0 0 0 0 0 0 0 75 21 0 0 0 0 0 0 0 0 0 0 0 0 0 62 0 5 0 0 77 0 99 0 0 0 0 0 0 0 0 0 15 36 0 0 97 0 0 0 0 0 0 0 0 0 0 0 0 0 0 0 0 
