0 47 0 0 0 0 91 79 0 0 0 0 0 0 0 0 0 0 64 0 0 36 98 0 0 0 0 0 0 0 0 0 0 0 0 0 0 0 0 0 0 0 0 0 0 0 0 0 81 0 0 0 0 65 0 0 0 0 0 0 0 0 0 67 0 0 0 0 0 0 0 0 0 0 0 0 0 0 0 16 0 0 0 0 0 0 0 72 33 0 0 0 0 0 16 0 0 50 0 0 
47 0 0 0 0 0 0 0 0 0 0 17 0 0 44 0 0 94 0 0 12 0 0 0 0 0 73 0 15 0 0 0 0 0 0 0 0 0 0 0 0 0 0 0 50 32 0 7 0 0 0 0 0 0 0 0 0 0 0 0 0 0 0 0 0 0 0 0 0 0 0 0 0 0 64 0 24 0 0 0 0 0 15 0 0 0 16 98 0 0 0 0 0 0 0 0 0 0 0 0 
0 0 0 0 0 0 0 0 0 0 0 0 0 0 0 0 0 27 0 0 2 0 0 56 0 0 0 0 0 0 0 0 21 0 0 36 0 0 0 0 0 0 0 0 0 0 0 0 0 41 0 0 70 0 0 0 0 0 0 0 0 0 0 0 0 0 0 0 0 0 0 0 0 0 0 0 29 0 0 0 0 0 0 0 51 0 0 0 0 0 0 0 0 0 0 65 0 78 38 0 
0 0 0 0 0 0 0 0 0 0 0 0 0 0 0 0 0 0 0 0 0 0 0 0 0 0 0 0 0 0 0 0 0 0 0 0 0 0 0 0 0 0 0 0 0 0 0 0 84 0 0 0 0 0 0 0 22 0 0 70 0 52 0 0 0 0 0 0 0 0 0 0 0 0 0 0 0 14 0 42 0 97 0 0 0 0 0 0 0 0 29 0 78 0 0 0 0 0 14 0 
0 0 0 0 0 58 0 31 0 0 0 10 0 0 0 0 0 10 0 0 0 0 0 2 0 0 0 0 0 0 40 18 0 0 0 0 24 0 0 0 4 0 0 0 0 0 0 0 0 0 0 0 0 0 60 0 0 0 0 0 0 0 0 92 0 0 0 0 0 0 0 0 0 0 0 0 20 0 0 0 0 0 0 0 26 0 38 0 0 0 0 0 0 0 0 0 0 0 69 0 
0 0 0 0 58 0 0 0 0 0 0 0 65 0 0 19 0 0 0 0 0 57 0 0 0 0 0 0 0 0 0 0 0 0 0 0 0 0 0 0 89 0 0 0 88 0 0 0 0 0 0 12 0 0 0 0 0 0 0 0 0 0 0 0 0 0 0 0 0 0 0 0 0 0 0 0 0 0 0 0 0 0 0 0 30 0 90 0 0 0 0 0 0 0 0 0 0 0 0 48 
91 0 0 0 0 0 0 0 0 38 0 0 0 0 0 0 0 69 0 0 0 0 0 0 66 0 0 0 27 0 0 0 0 0 0 0 0 0 0 0 71 0 0 67 0 0 25 0 0 0 45 0 0 0 0 0 0 0 0 0 0 0 0 0 0 0 0 0 0 0 0 0 0 0 0 0 64 0 0 0 0 0 59 0 0 0 0 0 79 0 0 0 63 0 0 0 0 0 0 0 
79 0 0 0 31 0 0 0 0 0 0 0 0 0 0 0 0 0 0 0 0 0 0 0 0 0 0 0 0 0 0 49 0 0 0 0 91 0 0 46 0 0 0 35 0 0 0 0 0 0 0 0 0 85 36 0 0 0 0 0 14 0 0 0 0 0 0 0 0 0 0 0 0 0 0 99 0 0 0 0 0 0 59 0 34 0 0 0 0 0 0 89 0 0 0 0 0 0 0 0 
0 0 0 0 0 0 0 0 0 0 0 0 32 0 0 0 0 0 0 39 0 0 82 0 0 0 0 0 0 0 0 0 0 23 0 0 0 0 0 12 0 20 0 0 0 92 0 0 0 11 0 63 19 0 0 0 0 0 0 0 0 0 0 63 0 0 0 0 0 0 0 0 0 0 0 0 0 0 0 0 0 0 0 0 0 38 0 0 28 47 0 0 0 0 0 48 0 0 0 0 
0 0 0 0 0 0 38 0 0 0 0 0 0 93 0 0 0 0 0 0 0 0 0 0 0 0 5 0 0 0 0 31 0 0 0 0 0 0 0 22 0 0 0 0 0 0 0 14 0 0 0 29 0 0 0 0 0 0 0 64 0 0 0 0 0 12 58 0 50 0 0 0 0 0 0 0 0 13 0 0 0 0 0 41 49 91 0 0 0 0 0 0 0 0 0 0 0 0 0 0 
0 0 0 0 0 0 0 0 0 0 0 0 0 0 49 0 0 40 88 0 0 22 0 0 0 0 0 0 58 7 0 16 0 0 0 0 0 0 0 0 74 0 0 0 0 0 0 0 0 0 0 0 0 0 0 0 20 0 0 0 0 0 0 0 0 0 65 0 0 0 0 0 82 0 0 0 0 0 0 0 60 0 0 0 0 0 0 0 0 0 0 0 0 0 53 0 0 0 96 0 
0 17 0 0 10 0 0 0 0 0 0 0 0 49 0 0 0 0 0 0 0 0 0 0 61 0 0 0 0 0 0 0 0 0 0 0 0 0 0 0 0 0 0 0 0 0 0 0 0 8 0 0 0 0 0 0 32 0 0 0 0 0 92 37 0 0 0 0 0 0 66 0 0 0 0 0 0 0 20 0 0 13 0 0 0 99 90 82 0 36 0 0 0 0 0 0 0 0 0 0 
0 0 0 0 0 65 0 0 32 0 0 0 0 0 0 0 0 0 0 0 0 0 0 36 0 0 0 0 0 0 0 0 0 83 0 0 0 0 0 26 0 0 0 0 0 0 0 0 0 0 94 0 0 0 35 0 0 28 0 0 90 0 94 0 0 59 77 0 0 0 0 0 0 0 0 0 0 0 0 0 0 0 0 0 0 0 0 0 0 0 0 15 0 0 0 0 0 0 0 8 
0 0 0 0 0 0 0 0 0 93 0 49 0 0 0 0 83 0 0 0 92 0 0 0 0 0 40 0 0 0 3 0 0 0 0 0 0 28 0 0 0 54 0 0 74 0 0 0 0 0 0 0 0 0 0 0 0 0 0 0 0 0 0 0 0 0 0 0 0 0 0 0 80 0 0 0 0 0 64 0 0 30 0 0 0 0 0 0 0 0 0 0 0 0 0 0 0 0 0 3 
0 44 0 0 0 0 0 0 0 0 49 0 0 0 0 0 0 0 0 0 0 80 0 0 0 56 0 0 0 0 0 0 0 0 0 0 0 0 0 0 0 0 0 0 0 0 0 86 30 0 0 4 0 0 0 0 0 0 0 76 0 80 0 0 0 26 0 0 0 0 0 0 0 0 0 0 0 0 0 0 0 0 0 66 0 0 0 0 14 0 0 0 0 0 0 0 18 0 97 0 
0 0 0 0 0 19 0 0 0 0 0 0 0 0 0 0 0 0 0 0 0 0 0 0 78 0 0 96 0 0 0 0 0 0 0 96 0 0 0 0 0 28 0 0 4 0 0 0 0 0 0 0 0 34 0 95 0 0 25 0 0 0 0 0 0 0 22 3 0 0 0 0 0 0 0 0 0 0 0 20 0 0 0 0 0 0 83 0 0 0 0 0 0 0 0 0 0 0 0 0 
0 0 0 0 0 0 0 0 0 0 0 0 0 83 0 0 0 88 0 0 54 0 0 24 0 0 0 57 0 0 0 0 0 0 0 66 0 0 0 0 0 0 0 0 0 0 0 0 0 52 0 0 0 0 0 0 54 0 0 0 0 0 0 0 0 0 0 0 0 38 0 0 0 0 64 0 0 0 99 0 0 0 0 0 0 0 0 49 0 19 0 48 49 0 0 0 0 0 0 0 
0 94 27 0 10 0 69 0 0 0 40 0 0 0 0 0 88 0 0 0 91 0 0 0 47 0 0 0 0 0 0 0 0 0 0 0 0 0 45 0 0 0 0 0 0 0 0 0 0 0 0 0 0 0 69 0 0 45 0 0 0 0 0 0 0 0 0 0 0 0 0 0 0 0 0 0 0 0 0 89 0 0 0 15 0 0 16 0 77 0 0 0 0 0 0 0 0 0 0 0 
64 0 0 0 0 0 0 0 0 0 88 0 0 0 0 0 0 0 0 0 0 97 0 0 0 50 0 0 0 0 0 13 0 0 0 0 0 0 0 0 0 0 0 0 0 28 0 0 0 0 99 0 0 54 0 76 0 0 0 0 79 0 0 0 0 0 0 0 68 0 0 0 0 0 0 0 0 0 0 0 0 10 0 0 0 0 0 0 0 0 0 0 0 0 29 0 0 41 42 0 
0 0 0 0 0 0 0 0 39 0 0 0 0 0 0 0 0 0 0 0 0 0 0 0 0 0 0 0 0 0 0 0 41 0 0 0 93 0 0 0 0 0 86 0 0 0 0 0 0 0 0 0 20 0 0 0 0 41 0 0 0 0 0 0 0 0 0 0 0 0 27 0 0 30 0 0 0 0 0 35 0 77 0 0 0 0 0 0 0 0 0 0 0 81 0 0 0 30 0 0 
0 12 2 0 0 0 0 0 0 0 0 0 0 92 0 0 54 91 0 0 0 0 0 0 0 0 77 0 0 85 0 27 11 0 0 0 0 0 0 0 0 0 0 0 0 0 0 0 0 17 77 0 0 0 0 0 0 0 0 0 0 0 0 0 44 0 0 0 0 0 37 0 0 14 0 0 0 0 0 0 0 0 0 0 0 0 0 0 79 0 0 0 0 0 0 0 0 0 0 0 
36 0 0 0 0 57 0 0 0 0 22 0 0 0 80 0 0 0 97 0 0 0 84 0 0 0 0 0 56 0 0 0 0 0 80 0 0 0 0 0 0 0 0 0 0 0 0 0 0 0 0 12 0 0 0 19 0 0 0 0 0 0 0 0 0 0 51 0 0 0 0 0 42 0 0 0 0 0 0 0 0 0 0 0 0 0 0 0 0 0 0 21 0 0 0 0 0 0 0 0 
98 0 0 0 0 0 0 0 82 0 0 0 0 0 0 0 0 0 0 0 0 84 0 54 68 20 0 0 0 0 0 0 0 0 0 0 0 0 0 0 0 0 65 0 0 0 40 0 0 0 0 0 0 5 0 0 0 0 0 0 0 0 0 43 0 0 0 0 0 0 0 0 0 0 0 0 1 0 0 0 0 0 0 0 0 0 0 93 0 0 0 0 0 0 0 47 0 0 0 0 
0 0 56 0 2 0 0 0 0 0 0 0 36 0 0 0 24 0 0 0 0 0 54 0 90 0 80 0 0 0 48 5 0 62 0 0 0 0 0 0 0 0 0 0 0 0 0 0 0 0 0 0 0 47 39 0 0 0 0 0 0 0 0 0 0 96 0 0 0 0 0 0 0 0 0 0 0 0 0 0 0 0 0 0 0 0 0 0 0 47 0 0 0 43 0 0 0 0 0 0 
0 0 0 0 0 0 66 0 0 0 0 61 0 0 0 78 0 47 0 0 0 0 68 90 0 0 0 0 0 0 24 0 0 0 0 0 0 0 0 24 0 0 21 0 0 0 0 0 0 0 0 0 0 0 0 0 0 0 0 0 0 0 0 0 44 0 0 8 0 0 0 0 0 0 0 0 0 0 0 0 0 0 0 0 0 0 0 0 0 0 0 0 0 0 0 0 0 89 0 0 
0 0 0 0 0 0 0 0 0 0 0 0 0 0 56 0 0 0 50 0 0 0 20 0 0 0 0 0 0 0 56 0 0 0 14 0 3 0 0 0 0 0 9 0 0 0 0 0 0 0 0 39 0 0 0 0 0 0 0 0 0 0 0 0 0 87 0 0 91 0 0 39 0 0 0 0 0 61 0 75 0 0 0 56 0 0 0 0 0 86 0 0 0 0 0 0 0 0 0 0 
0 73 0 0 0 0 0 0 0 5 0 0 0 40 0 0 0 0 0 0 77 0 0 80 0 0 0 0 0 0 0 0 0 0 0 0 0 0 0 27 0 0 0 0 0 0 61 0 0 0 52 0 0 0 28 0 0 0 0 0 40 39 0 0 0 0 0 0 1 0 0 0 0 0 0 0 0 15 0 0 0 0 0 80 0 0 34 0 0 0 0 0 0 0 0 0 0 0 0 0 
0 0 0 0 0 0 0 0 0 0 0 0 0 0 0 96 57 0 0 0 0 0 0 0 0 0 0 0 49 0 0 0 0 0 0 0 0 0 0 0 0 7 0 0 0 0 0 0 0 0 38 0 0 0 0 0 0 0 0 0 0 0 0 0 53 0 0 0 70 34 0 72 0 0 0 0 0 0 0 0 0 0 0 0 0 0 26 0 0 0 0 0 0 0 0 0 0 0 0 0 
0 15 0 0 0 0 27 0 0 0 58 0 0 0 0 0 0 0 0 0 0 56 0 0 0 0 0 49 0 0 0 0 0 0 0 0 7 0 0 0 0 0 0 0 0 0 0 0 0 0 0 0 50 0 0 0 0 0 70 0 0 0 0 58 0 0 0 43 0 0 0 0 0 23 79 0 0 13 0 0 0 0 0 0 0 0 0 0 0 0 13 0 0 0 74 0 0 0 0 0 
0 0 0 0 0 0 0 0 0 0 7 0 0 0 0 0 0 0 0 0 85 0 0 0 0 0 0 0 0 0 0 0 0 0 0 0 0 0 94 67 0 0 0 0 0 0 0 74 0 0 60 0 0 0 0 0 0 0 0 0 0 31 0 0 84 0 0 0 0 98 0 0 0 0 69 0 0 0 0 38 0 0 0 23 0 0 44 0 0 0 0 55 0 43 0 0 0 0 0 0 
0 0 0 0 40 0 0 0 0 0 0 0 0 3 0 0 0 0 0 0 0 0 0 48 24 56 0 0 0 0 0 0 0 0 0 0 0 0 0 0 0 0 0 0 0 28 0 0 0 0 0 0 0 0 54 0 0 0 0 22 0 0 0 0 0 0 0 0 0 0 0 0 53 0 46 0 0 0 0 0 0 0 0 0 0 0 0 14 0 0 0 0 0 0 0 0 0 0 0 0 
0 0 0 0 18 0 0 49 0 31 16 0 0 0 0 0 0 0 13 0 27 0 0 5 0 0 0 0 0 0 0 0 0 0 43 0 0 0 0 0 0 0 0 0 72 0 0 0 0 0 0 0 0 0 0 0 0 0 0 0 0 0 0 0 0 0 0 0 0 0 0 0 0 0 0 33 0 3 26 0 0 17 0 0 0 0 0 0 0 0 0 0 0 0 0 0 97 0 0 65 
0 0 21 0 0 0 0 0 0 0 0 0 0 0 0 0 0 0 0 41 11 0 0 0 0 0 0 0 0 0 0 0 0 0 0 0 0 19 0 0 0 0 0 0 0 16 0 0 0 0 0 3 0 0 0 0 0 0 0 0 0 33 0 0 0 0 0 3 0 0 0 0 0 23 0 0 0 0 0 85 0 26 0 0 15 0 0 0 0 48 0 0 90 0 0 0 0 78 0 0 
0 0 0 0 0 0 0 0 23 0 0 0 83 0 0 0 0 0 0 0 0 0 0 62 0 0 0 0 0 0 0 0 0 0 0 0 0 0 0 0 0 0 0 41 0 0 0 0 0 0 0 0 0 0 73 0 0 0 0 0 0 0 0 0 0 4 0 0 0 0 0 0 58 0 86 0 0 0 0 0 74 0 0 0 0 0 0 0 0 0 0 0 73 0 0 0 0 0 0 33 
0 0 0 0 0 0 0 0 0 0 0 0 0 0 0 0 0 0 0 0 0 80 0 0 0 14 0 0 0 0 0 43 0 0 0 0 0 0 0 0 0 0 0 0 0 9 0 0 0 35 0 0 7 0 0 0 0 0 0 51 0 0 0 0 0 0 0 85 0 0 0 0 0 0 0 0 0 0 0 0 0 0 31 0 0 0 0 0 0 0 0 27 77 0 0 0 0 0 0 0 
0 0 36 0 0 0 0 0 0 0 0 0 0 0 0 96 66 0 0 0 0 0 0 0 0 0 0 0 0 0 0 0 0 0 0 0 0 0 0 0 0 0 0 0 0 0 0 0 0 0 0 0 0 0 0 0 0 0 56 0 0 0 0 0 0 0 0 0 0 19 0 0 0 0 0 0 38 0 66 0 0 0 0 0 0 0 0 0 0 0 0 3 0 0 0 25 0 0 0 0 
0 0 0 0 24 0 0 91 0 0 0 0 0 0 0 0 0 0 0 93 0 0 0 0 0 3 0 0 7 0 0 0 0 0 0 0 0 0 0 0 0 41 0 78 0 0 58 0 0 0 0 0 0 0 0 0 0 0 61 0 80 0 0 0 0 0 0 40 0 0 0 0 0 0 0 0 0 0 0 0 0 0 0 0 0 0 0 0 0 0 34 0 0 0 0 5 0 0 98 96 
0 0 0 0 0 0 0 0 0 0 0 0 0 28 0 0 0 0 0 0 0 0 0 0 0 0 0 0 0 0 0 0 19 0 0 0 0 0 0 0 0 0 0 0 16 0 0 0 0 58 0 0 0 0 0 0 0 0 0 0 0 0 9 9 0 0 37 0 0 0 93 0 0 0 99 0 0 0 0 0 0 0 0 0 0 0 56 0 0 83 0 0 0 0 75 0 0 0 0 0 
0 0 0 0 0 0 0 0 0 0 0 0 0 0 0 0 0 45 0 0 0 0 0 0 0 0 0 0 0 94 0 0 0 0 0 0 0 0 0 0 0 0 0 0 89 0 0 0 0 0 0 0 0 0 0 0 0 0 37 98 0 0 0 0 0 0 65 0 0 0 0 0 0 36 67 0 58 0 0 0 0 0 0 96 51 2 0 0 0 0 0 0 94 0 0 0 0 0 77 0 
0 0 0 0 0 0 0 46 12 22 0 0 26 0 0 0 0 0 0 0 0 0 0 0 24 0 27 0 0 67 0 0 0 0 0 0 0 0 0 0 83 0 0 0 0 0 0 0 0 0 0 0 80 0 0 0 0 0 0 0 0 0 0 0 0 0 0 0 0 0 0 0 0 0 0 0 5 0 0 0 0 0 0 0 0 9 0 21 1 0 0 0 0 0 18 0 0 0 0 0 
0 0 0 0 4 89 71 0 0 0 74 0 0 0 0 0 0 0 0 0 0 0 0 0 0 0 0 0 0 0 0 0 0 0 0 0 0 0 0 83 0 0 0 0 0 0 0 23 0 0 0 0 0 0 0 0 0 67 0 38 0 0 0 16 37 0 70 0 0 0 0 41 0 0 0 0 0 0 0 0 0 0 0 62 0 0 78 0 0 0 0 0 0 0 0 0 0 0 82 0 
0 0 0 0 0 0 0 0 20 0 0 0 0 54 0 28 0 0 0 0 0 0 0 0 0 0 0 7 0 0 0 0 0 0 0 0 41 0 0 0 0 0 0 0 0 0 31 0 71 0 0 0 0 0 0 0 0 0 0 0 0 0 0 0 0 0 0 0 0 17 0 35 0 0 0 0 0 0 0 0 0 0 0 0 0 0 0 0 0 0 0 0 51 0 0 0 0 0 0 0 
0 0 0 0 0 0 0 0 0 0 0 0 0 0 0 0 0 0 0 86 0 0 65 0 21 9 0 0 0 0 0 0 0 0 0 0 0 0 0 0 0 0 0 0 29 0 0 0 0 0 0 0 0 0 0 0 0 0 0 0 0 0 0 0 5 0 0 0 0 0 98 0 0 0 0 19 0 0 0 0 0 0 0 0 0 13 0 0 0 0 0 0 0 0 0 29 0 0 0 85 
0 0 0 0 0 0 67 35 0 0 0 0 0 0 0 0 0 0 0 0 0 0 0 0 0 0 0 0 0 0 0 0 0 41 0 0 78 0 0 0 0 0 0 0 0 0 0 0 0 0 0 0 0 0 61 0 0 0 0 0 0 99 0 0 0 0 0 0 0 0 0 83 0 45 0 0 0 0 0 0 0 0 71 0 0 0 60 0 0 33 0 11 0 0 0 0 0 0 0 0 
0 50 0 0 0 88 0 0 0 0 0 0 0 74 0 4 0 0 0 0 0 0 0 0 0 0 0 0 0 0 0 72 0 0 0 0 0 16 89 0 0 0 29 0 0 79 86 0 0 32 0 0 0 0 0 0 0 0 0 0 0 0 0 0 0 0 0 0 0 0 0 0 0 0 0 0 0 0 30 0 0 50 0 0 0 0 0 0 0 0 0 0 29 0 78 0 0 0 0 0 
0 32 0 0 0 0 0 0 92 0 0 0 0 0 0 0 0 0 28 0 0 0 0 0 0 0 0 0 0 0 28 0 16 0 9 0 0 0 0 0 0 0 0 0 79 0 0 0 0 0 4 0 28 0 0 0 0 0 0 75 0 0 0 0 64 0 0 0 0 79 0 0 0 0 0 15 0 0 42 0 0 0 0 0 0 77 0 0 0 0 0 0 0 0 0 0 0 0 0 0 
0 0 0 0 0 0 25 0 0 0 0 0 0 0 0 0 0 0 0 0 0 0 40 0 0 0 61 0 0 0 0 0 0 0 0 0 58 0 0 0 0 31 0 0 86 0 0 0 0 26 86 0 0 0 0 0 0 1 0 0 54 0 18 0 0 0 0 0 0 0 0 0 0 0 0 0 0 2 0 0 0 0 0 0 83 0 0 0 27 0 0 0 0 0 0 0 0 34 0 0 
0 7 0 0 0 0 0 0 0 14 0 0 0 0 86 0 0 0 0 0 0 0 0 0 0 0 0 0 0 74 0 0 0 0 0 0 0 0 0 0 23 0 0 0 0 0 0 0 0 0 0 27 0 0 0 0 0 12 0 0 0 0 0 0 0 0 0 0 11 0 89 0 0 29 0 0 0 0 0 0 0 0 0 0 21 0 0 0 85 0 26 0 0 91 75 0 0 0 0 0 
81 0 0 84 0 0 0 0 0 0 0 0 0 0 30 0 0 0 0 0 0 0 0 0 0 0 0 0 0 0 0 0 0 0 0 0 0 0 0 0 0 71 0 0 0 0 0 0 0 0 0 0 63 0 0 0 9 0 50 39 0 0 0 0 0 0 0 0 0 50 0 0 0 0 0 0 0 62 0 0 0 0 0 0 0 0 0 0 0 0 0 0 0 0 0 0 0 0 0 0 
0 0 41 0 0 0 0 0 11 0 0 8 0 0 0 0 52 0 0 0 17 0 0 0 0 0 0 0 0 0 0 0 0 0 35 0 0 58 0 0 0 0 0 0 32 0 26 0 0 0 0 90 0 0 0 0 0 0 0 0 0 57 0 0 0 0 0 0 0 0 0 0 0 0 0 0 0 0 0 0 0 0 0 0 0 0 0 0 0 0 0 0 0 0 0 0 0 0 0 0 
0 0 0 0 0 0 45 0 0 0 0 0 94 0 0 0 0 0 99 0 77 0 0 0 0 0 52 38 0 60 0 0 0 0 0 0 0 0 0 0 0 0 0 0 0 4 86 0 0 0 0 0 0 0 87 0 0 0 31 65 0 0 0 0 0 0 0 0 0 0 0 0 90 0 0 0 0 0 0 0 0 0 0 4 0 0 0 0 0 0 0 0 0 11 0 0 0 0 0 0 
0 0 0 0 0 12 0 0 63 29 0 0 0 0 4 0 0 0 0 0 0 12 0 0 0 39 0 0 0 0 0 0 3 0 0 0 0 0 0 0 0 0 0 0 0 0 0 27 0 90 0 0 0 0 0 0 0 0 0 0 0 0 14 0 0 78 98 0 0 0 0 0 0 0 0 0 0 0 54 0 0 81 0 0 0 0 0 0 0 0 0 0 0 0 0 0 89 0 0 0 
0 0 70 0 0 0 0 0 19 0 0 0 0 0 0 0 0 0 0 20 0 0 0 0 0 0 0 0 50 0 0 0 0 0 7 0 0 0 0 80 0 0 0 0 0 28 0 0 63 0 0 0 0 25 0 0 14 0 0 0 0 0 0 0 0 0 0 0 0 0 0 0 0 0 0 0 0 0 0 62 0 31 0 0 0 0 0 0 0 0 0 0 0 0 0 0 75 0 36 0 
65 0 0 0 0 0 0 85 0 0 0 0 0 0 0 34 0 0 54 0 0 0 5 47 0 0 0 0 0 0 0 0 0 0 0 0 0 0 0 0 0 0 0 0 0 0 0 0 0 0 0 0 25 0 0 89 0 0 0 0 0 0 0 0 0 0 0 0 0 0 0 0 0 0 0 41 0 0 0 0 0 0 0 0 0 0 0 0 0 0 0 0 0 7 79 0 0 0 0 88 
0 0 0 0 60 0 0 36 0 0 0 0 35 0 0 0 0 69 0 0 0 0 0 39 0 0 28 0 0 0 54 0 0 73 0 0 0 0 0 0 0 0 0 61 0 0 0 0 0 0 87 0 0 0 0 0 81 0 0 0 0 0 0 0 0 0 0 0 0 0 0 0 0 0 0 0 0 0 17 0 0 0 0 56 0 0 0 0 0 0 0 0 0 0 0 0 5 0 0 0 
0 0 0 0 0 0 0 0 0 0 0 0 0 0 0 95 0 0 76 0 0 19 0 0 0 0 0 0 0 0 0 0 0 0 0 0 0 0 0 0 0 0 0 0 0 0 0 0 0 0 0 0 0 89 0 0 0 50 0 0 90 0 18 0 72 0 6 0 0 0 0 0 0 0 30 0 0 0 0 0 0 0 0 0 0 0 0 54 0 0 23 0 0 0 0 0 0 0 2 0 
0 0 0 22 0 0 0 0 0 0 20 32 0 0 0 0 54 0 0 0 0 0 0 0 0 0 0 0 0 0 0 0 0 0 0 0 0 0 0 0 0 0 0 0 0 0 0 0 9 0 0 0 14 0 81 0 0 31 0 0 0 0 0 0 0 0 0 0 0 0 0 0 0 0 0 0 0 0 0 0 0 0 0 0 0 0 0 0 0 0 0 0 0 0 0 50 0 0 0 0 
0 0 0 0 0 0 0 0 0 0 0 0 28 0 0 0 0 45 0 41 0 0 0 0 0 0 0 0 0 0 0 0 0 0 0 0 0 0 0 0 67 0 0 0 0 0 1 12 0 0 0 0 0 0 0 50 31 0 0 0 0 0 0 0 0 0 0 0 56 0 0 31 0 0 0 33 0 0 0 0 0 0 0 0 0 0 0 0 0 0 85 89 0 0 0 100 89 0 0 0 
0 0 0 0 0 0 0 0 0 0 0 0 0 0 0 25 0 0 0 0 0 0 0 0 0 0 0 0 70 0 0 0 0 0 0 56 61 0 37 0 0 0 0 0 0 0 0 0 50 0 31 0 0 0 0 0 0 0 0 0 63 0 0 26 0 0 0 0 0 84 0 0 0 0 90 71 0 57 0 0 41 0 0 0 0 0 0 0 0 0 0 0 0 0 0 0 0 0 0 82 
0 0 0 70 0 0 0 0 0 64 0 0 0 0 76 0 0 0 0 0 0 0 0 0 0 0 0 0 0 0 22 0 0 0 51 0 0 0 98 0 38 0 0 0 0 75 0 0 39 0 65 0 0 0 0 0 0 0 0 0 0 0 0 0 0 0 0 0 0 0 94 0 0 0 0 0 98 3 0 0 0 0 0 0 0 0 0 0 0 17 0 0 0 0 0 0 0 0 0 0 
0 0 0 0 0 0 0 14 0 0 0 0 90 0 0 0 0 0 79 0 0 0 0 0 0 0 40 0 0 0 0 0 0 0 0 0 80 0 0 0 0 0 0 0 0 0 54 0 0 0 0 0 0 0 0 90 0 0 63 0 0 0 0 0 0 0 49 0 0 0 0 96 0 93 77 0 0 0 0 0 0 0 47 0 0 0 0 0 0 0 0 0 0 0 0 0 0 0 0 0 
0 0 0 52 0 0 0 0 0 0 0 0 0 0 80 0 0 0 0 0 0 0 0 0 0 0 39 0 0 31 0 0 33 0 0 0 0 0 0 0 0 0 0 99 0 0 0 0 0 57 0 0 0 0 0 0 0 0 0 0 0 0 0 0 0 18 0 0 69 0 0 0 0 54 0 0 0 96 0 0 0 0 0 0 0 0 0 6 0 0 28 0 0 0 0 0 0 0 2 0 
0 0 0 0 0 0 0 0 0 0 0 92 94 0 0 0 0 0 0 0 0 0 0 0 0 0 0 0 0 0 0 0 0 0 0 0 0 9 0 0 0 0 0 0 0 0 18 0 0 0 0 14 0 0 0 18 0 0 0 0 0 0 0 0 0 0 0 0 0 0 0 0 99 0 0 0 0 0 0 0 0 0 0 0 0 0 0 0 0 10 0 0 35 25 0 66 52 0 0 0 
67 0 0 0 92 0 0 0 63 0 0 37 0 0 0 0 0 0 0 0 0 0 43 0 0 0 0 0 58 0 0 0 0 0 0 0 0 9 0 0 16 0 0 0 0 0 0 0 0 0 0 0 0 0 0 0 0 0 26 0 0 0 0 0 0 0 0 0 0 85 0 0 0 0 0 99 0 0 0 0 0 0 0 0 0 0 0 0 0 0 0 95 0 0 0 40 89 0 89 0 
0 0 0 0 0 0 0 0 0 0 0 0 0 0 0 0 0 0 0 0 44 0 0 0 44 0 0 53 0 84 0 0 0 0 0 0 0 0 0 0 37 0 5 0 0 64 0 0 0 0 0 0 0 0 0 72 0 0 0 0 0 0 0 0 0 0 0 0 0 91 4 0 0 0 0 0 26 0 0 0 38 0 0 53 0 0 75 0 0 3 0 0 0 0 0 0 0 0 0 0 
0 0 0 0 0 0 0 0 0 12 0 0 59 0 26 0 0 0 0 0 0 0 0 96 0 87 0 0 0 0 0 0 0 4 0 0 0 0 0 0 0 0 0 0 0 0 0 0 0 0 0 78 0 0 0 0 0 0 0 0 0 18 0 0 0 0 0 0 0 98 0 59 0 0 0 0 0 0 0 0 0 0 4 0 0 50 0 77 12 0 0 0 0 0 29 0 0 0 0 0 
0 0 0 0 0 0 0 0 0 58 65 0 77 0 0 22 0 0 0 0 0 51 0 0 0 0 0 0 0 0 0 0 0 0 0 0 0 37 65 0 70 0 0 0 0 0 0 0 0 0 0 98 0 0 0 6 0 0 0 0 49 0 0 0 0 0 0 0 0 0 0 0 0 0 0 0 4 0 0 0 0 0 0 0 0 0 0 0 0 14 0 0 77 0 0 0 0 0 0 33 
0 0 0 0 0 0 0 0 0 0 0 0 0 0 0 3 0 0 0 0 0 0 0 0 8 0 0 0 43 0 0 0 3 0 85 0 40 0 0 0 0 0 0 0 0 0 0 0 0 0 0 0 0 0 0 0 0 0 0 0 0 0 0 0 0 0 0 0 0 0 4 0 0 0 0 0 29 0 0 29 0 0 0 0 0 0 0 0 0 0 0 0 0 0 0 0 47 91 0 0 
0 0 0 0 0 0 0 0 0 50 0 0 0 0 0 0 0 0 68 0 0 0 0 0 0 91 1 70 0 0 0 0 0 0 0 0 0 0 0 0 0 0 0 0 0 0 0 11 0 0 0 0 0 0 0 0 0 56 0 0 0 69 0 0 0 0 0 0 0 0 0 51 0 0 0 0 0 0 0 0 0 79 0 0 0 0 0 0 0 0 0 0 0 0 0 0 0 0 0 0 
0 0 0 0 0 0 0 0 0 0 0 0 0 0 0 0 38 0 0 0 0 0 0 0 0 0 0 34 0 98 0 0 0 0 0 19 0 0 0 0 0 17 0 0 0 79 0 0 50 0 0 0 0 0 0 0 0 0 84 0 0 0 0 85 91 98 0 0 0 0 0 0 83 0 0 0 0 0 0 0 0 0 0 0 59 86 0 0 0 0 0 0 0 0 0 0 0 0 0 20 
0 0 0 0 0 0 0 0 0 0 0 66 0 0 0 0 0 0 0 27 37 0 0 0 0 0 0 0 0 0 0 0 0 0 0 0 0 93 0 0 0 0 98 0 0 0 0 89 0 0 0 0 0 0 0 0 0 0 0 94 0 0 0 0 4 0 0 4 0 0 0 0 0 0 61 0 0 0 0 0 0 0 0 0 0 0 0 0 0 67 0 0 0 0 50 0 0 0 0 0 
0 0 0 0 0 0 0 0 0 0 0 0 0 0 0 0 0 0 0 0 0 0 0 0 0 39 0 72 0 0 0 0 0 0 0 0 0 0 0 0 41 35 0 83 0 0 0 0 0 0 0 0 0 0 0 0 0 31 0 0 96 0 0 0 0 59 0 0 51 0 0 0 0 0 75 26 0 0 0 52 0 0 80 0 0 0 0 4 0 0 0 0 0 0 0 0 0 0 0 0 
0 0 0 0 0 0 0 0 0 0 82 0 0 80 0 0 0 0 0 0 0 42 0 0 0 0 0 0 0 0 53 0 0 58 0 0 0 0 0 0 0 0 0 0 0 0 0 0 0 0 90 0 0 0 0 0 0 0 0 0 0 0 99 0 0 0 0 0 0 83 0 0 0 71 0 0 0 0 94 0 0 0 0 0 0 69 0 0 47 0 0 0 0 52 0 0 0 0 0 0 
0 0 0 0 0 0 0 0 0 0 0 0 0 0 0 0 0 0 0 30 14 0 0 0 0 0 0 0 23 0 0 0 23 0 0 0 0 0 36 0 0 0 0 45 0 0 0 29 0 0 0 0 0 0 0 0 0 0 0 0 93 54 0 0 0 0 0 0 0 0 0 0 71 0 0 0 0 0 0 0 0 0 0 0 0 0 0 0 0 0 0 0 62 0 0 21 0 0 0 0 
0 64 0 0 0 0 0 0 0 0 0 0 0 0 0 0 64 0 0 0 0 0 0 0 0 0 0 0 79 69 46 0 0 86 0 0 0 99 67 0 0 0 0 0 0 0 0 0 0 0 0 0 0 0 0 30 0 0 90 0 77 0 0 0 0 0 0 0 0 0 61 75 0 0 0 0 0 0 0 0 0 0 0 0 0 0 0 0 0 0 0 0 0 49 0 0 0 0 0 11 
0 0 0 0 0 0 0 99 0 0 0 0 0 0 0 0 0 0 0 0 0 0 0 0 0 0 0 0 0 0 0 33 0 0 0 0 0 0 0 0 0 0 19 0 0 15 0 0 0 0 0 0 0 41 0 0 0 33 71 0 0 0 0 99 0 0 0 0 0 0 0 26 0 0 0 0 0 0 0 99 0 0 0 0 0 66 0 0 0 0 73 0 0 0 73 0 0 0 0 0 
0 24 29 0 20 0 64 0 0 0 0 0 0 0 0 0 0 0 0 0 0 0 1 0 0 0 0 0 0 0 0 0 0 0 0 38 0 0 58 5 0 0 0 0 0 0 0 0 0 0 0 0 0 0 0 0 0 0 0 98 0 0 0 0 26 0 4 29 0 0 0 0 0 0 0 0 0 0 0 0 0 96 0 0 0 0 0 0 0 0 0 0 0 5 0 0 0 0 0 89 
0 0 0 14 0 0 0 0 0 13 0 0 0 0 0 0 0 0 0 0 0 0 0 0 0 61 15 0 13 0 0 3 0 0 0 0 0 0 0 0 0 0 0 0 0 0 2 0 62 0 0 0 0 0 0 0 0 0 57 3 0 96 0 0 0 0 0 0 0 0 0 0 0 0 0 0 0 0 50 70 0 0 0 27 0 0 0 0 0 0 0 0 0 0 0 0 0 0 0 80 
0 0 0 0 0 0 0 0 0 0 0 20 0 64 0 0 99 0 0 0 0 0 0 0 0 0 0 0 0 0 0 26 0 0 0 66 0 0 0 0 0 0 0 0 30 42 0 0 0 0 0 54 0 0 17 0 0 0 0 0 0 0 0 0 0 0 0 0 0 0 0 0 94 0 0 0 0 50 0 0 0 0 0 91 0 0 0 0 0 0 0 0 0 0 0 72 30 6 0 0 
16 0 0 42 0 0 0 0 0 0 0 0 0 0 0 20 0 89 0 35 0 0 0 0 0 75 0 0 0 38 0 0 85 0 0 0 0 0 0 0 0 0 0 0 0 0 0 0 0 0 0 0 62 0 0 0 0 0 0 0 0 0 0 0 0 0 0 29 0 0 0 52 0 0 0 99 0 70 0 0 0 0 0 0 0 0 0 0 0 0 12 1 0 0 0 0 0 0 0 0 
0 0 0 0 0 0 0 0 0 0 60 0 0 0 0 0 0 0 0 0 0 0 0 0 0 0 0 0 0 0 0 0 0 74 0 0 0 0 0 0 0 0 0 0 0 0 0 0 0 0 0 0 0 0 0 0 0 0 41 0 0 0 0 0 38 0 0 0 0 0 0 0 0 0 0 0 0 0 0 0 0 0 0 0 18 0 0 0 0 0 0 0 77 0 0 0 16 0 0 0 
0 0 0 97 0 0 0 0 0 0 0 13 0 30 0 0 0 0 10 77 0 0 0 0 0 0 0 0 0 0 0 17 26 0 0 0 0 0 0 0 0 0 0 0 50 0 0 0 0 0 0 81 31 0 0 0 0 0 0 0 0 0 0 0 0 0 0 0 79 0 0 0 0 0 0 0 96 0 0 0 0 0 0 0 0 0 0 0 0 0 0 8 0 38 54 0 0 0 0 0 
0 15 0 0 0 0 59 59 0 0 0 0 0 0 0 0 0 0 0 0 0 0 0 0 0 0 0 0 0 0 0 0 0 0 31 0 0 0 0 0 0 0 0 71 0 0 0 0 0 0 0 0 0 0 0 0 0 0 0 0 47 0 0 0 0 4 0 0 0 0 0 80 0 0 0 0 0 0 0 0 0 0 0 0 54 0 0 0 76 0 0 0 0 0 0 5 44 0 0 61 
0 0 0 0 0 0 0 0 0 41 0 0 0 0 66 0 0 15 0 0 0 0 0 0 0 56 80 0 0 23 0 0 0 0 0 0 0 0 96 0 62 0 0 0 0 0 0 0 0 0 4 0 0 0 56 0 0 0 0 0 0 0 0 0 53 0 0 0 0 0 0 0 0 0 0 0 0 27 91 0 0 0 0 0 56 0 0 0 0 0 0 0 0 29 0 0 0 0 0 0 
0 0 51 0 26 30 0 34 0 49 0 0 0 0 0 0 0 0 0 0 0 0 0 0 0 0 0 0 0 0 0 0 15 0 0 0 0 0 51 0 0 0 0 0 0 0 83 21 0 0 0 0 0 0 0 0 0 0 0 0 0 0 0 0 0 0 0 0 0 59 0 0 0 0 0 0 0 0 0 0 18 0 54 56 0 0 0 0 0 0 0 0 0 26 0 0 0 39 0 0 
0 0 0 0 0 0 0 0 38 91 0 99 0 0 0 0 0 0 0 0 0 0 0 0 0 0 0 0 0 0 0 0 0 0 0 0 0 0 2 9 0 0 13 0 0 77 0 0 0 0 0 0 0 0 0 0 0 0 0 0 0 0 0 0 0 50 0 0 0 86 0 0 69 0 0 66 0 0 0 0 0 0 0 0 0 0 0 0 0 44 0 5 0 0 0 0 0 0 0 0 
0 16 0 0 38 90 0 0 0 0 0 90 0 0 0 83 0 16 0 0 0 0 0 0 0 0 34 26 0 44 0 0 0 0 0 0 0 56 0 0 78 0 0 60 0 0 0 0 0 0 0 0 0 0 0 0 0 0 0 0 0 0 0 0 75 0 0 0 0 0 0 0 0 0 0 0 0 0 0 0 0 0 0 0 0 0 0 0 7 0 0 0 0 0 0 0 0 48 0 0 
72 98 0 0 0 0 0 0 0 0 0 82 0 0 0 0 49 0 0 0 0 0 93 0 0 0 0 0 0 0 14 0 0 0 0 0 0 0 0 21 0 0 0 0 0 0 0 0 0 0 0 0 0 0 0 54 0 0 0 0 0 6 0 0 0 77 0 0 0 0 0 4 0 0 0 0 0 0 0 0 0 0 0 0 0 0 0 0 0 0 85 0 0 0 0 0 23 0 0 0 
33 0 0 0 0 0 79 0 28 0 0 0 0 0 14 0 0 77 0 0 79 0 0 0 0 0 0 0 0 0 0 0 0 0 0 0 0 0 0 1 0 0 0 0 0 0 27 85 0 0 0 0 0 0 0 0 0 0 0 0 0 0 0 0 0 12 0 0 0 0 0 0 47 0 0 0 0 0 0 0 0 0 76 0 0 0 7 0 0 0 44 0 54 0 0 0 0 0 0 0 
0 0 0 0 0 0 0 0 47 0 0 36 0 0 0 0 19 0 0 0 0 0 0 47 0 86 0 0 0 0 0 0 48 0 0 0 0 83 0 0 0 0 0 33 0 0 0 0 0 0 0 0 0 0 0 0 0 0 0 17 0 0 10 0 3 0 14 0 0 0 67 0 0 0 0 0 0 0 0 0 0 0 0 0 0 44 0 0 0 0 0 0 0 0 0 43 0 0 0 0 
0 0 0 29 0 0 0 0 0 0 0 0 0 0 0 0 0 0 0 0 0 0 0 0 0 0 0 0 13 0 0 0 0 0 0 0 34 0 0 0 0 0 0 0 0 0 0 26 0 0 0 0 0 0 0 23 0 85 0 0 0 28 0 0 0 0 0 0 0 0 0 0 0 0 0 73 0 0 0 12 0 0 0 0 0 0 0 85 44 0 0 0 0 0 0 0 0 0 0 0 
0 0 0 0 0 0 0 89 0 0 0 0 15 0 0 0 48 0 0 0 0 21 0 0 0 0 0 0 0 55 0 0 0 0 27 3 0 0 0 0 0 0 0 11 0 0 0 0 0 0 0 0 0 0 0 0 0 89 0 0 0 0 0 95 0 0 0 0 0 0 0 0 0 0 0 0 0 0 0 1 0 8 0 0 0 5 0 0 0 0 0 0 0 0 56 0 0 0 0 0 
0 0 0 78 0 0 63 0 0 0 0 0 0 0 0 0 49 0 0 0 0 0 0 0 0 0 0 0 0 0 0 0 90 73 77 0 0 0 94 0 0 51 0 0 29 0 0 0 0 0 0 0 0 0 0 0 0 0 0 0 0 0 35 0 0 0 77 0 0 0 0 0 0 62 0 0 0 0 0 0 77 0 0 0 0 0 0 0 54 0 0 0 0 45 0 0 0 0 0 0 
0 0 0 0 0 0 0 0 0 0 0 0 0 0 0 0 0 0 0 81 0 0 0 43 0 0 0 0 0 43 0 0 0 0 0 0 0 0 0 0 0 0 0 0 0 0 0 91 0 0 11 0 0 7 0 0 0 0 0 0 0 0 25 0 0 0 0 0 0 0 0 0 52 0 49 0 5 0 0 0 0 38 0 29 26 0 0 0 0 0 0 0 45 0 0 0 0 45 0 0 
16 0 0 0 0 0 0 0 0 0 53 0 0 0 0 0 0 0 29 0 0 0 0 0 0 0 0 0 74 0 0 0 0 0 0 0 0 75 0 18 0 0 0 0 78 0 0 75 0 0 0 0 0 79 0 0 0 0 0 0 0 0 0 0 0 29 0 0 0 0 50 0 0 0 0 73 0 0 0 0 0 54 0 0 0 0 0 0 0 0 0 56 0 0 0 43 0 0 0 0 
0 0 65 0 0 0 0 0 48 0 0 0 0 0 0 0 0 0 0 0 0 0 47 0 0 0 0 0 0 0 0 0 0 0 0 25 5 0 0 0 0 0 29 0 0 0 0 0 0 0 0 0 0 0 0 0 50 100 0 0 0 0 66 40 0 0 0 0 0 0 0 0 0 21 0 0 0 0 72 0 0 0 5 0 0 0 0 0 0 43 0 0 0 0 43 0 0 0 0 0 
0 0 0 0 0 0 0 0 0 0 0 0 0 0 18 0 0 0 0 0 0 0 0 0 0 0 0 0 0 0 0 97 0 0 0 0 0 0 0 0 0 0 0 0 0 0 0 0 0 0 0 89 75 0 5 0 0 89 0 0 0 0 52 89 0 0 0 47 0 0 0 0 0 0 0 0 0 0 30 0 16 0 44 0 0 0 0 23 0 0 0 0 0 0 0 0 0 0 0 0 
50 0 78 0 0 0 0 0 0 0 0 0 0 0 0 0 0 0 41 30 0 0 0 0 89 0 0 0 0 0 0 0 78 0 0 0 0 0 0 0 0 0 0 0 0 0 34 0 0 0 0 0 0 0 0 0 0 0 0 0 0 0 0 0 0 0 0 91 0 0 0 0 0 0 0 0 0 0 6 0 0 0 0 0 39 0 48 0 0 0 0 0 0 45 0 0 0 0 0 0 
0 0 38 14 69 0 0 0 0 0 96 0 0 0 97 0 0 0 42 0 0 0 0 0 0 0 0 0 0 0 0 0 0 0 0 0 98 0 77 0 82 0 0 0 0 0 0 0 0 0 0 0 36 0 0 2 0 0 0 0 0 2 0 89 0 0 0 0 0 0 0 0 0 0 0 0 0 0 0 0 0 0 0 0 0 0 0 0 0 0 0 0 0 0 0 0 0 0 0 0 
0 0 0 0 0 48 0 0 0 0 0 0 8 3 0 0 0 0 0 0 0 0 0 0 0 0 0 0 0 0 0 65 0 33 0 0 96 0 0 0 0 0 85 0 0 0 0 0 0 0 0 0 0 88 0 0 0 0 82 0 0 0 0 0 0 0 33 0 0 20 0 0 0 0 11 0 89 80 0 0 0 0 61 0 0 0 0 0 0 0 0 0 0 0 0 0 0 0 0 0 
