0 0 69 0 0 0 0 0 94 0 0 0 0 0 0 0 0 73 85 0 0 0 0 0 67 0 0 0 0 4 0 0 11 0 0 0 0 0 0 0 0 0 0 83 54 0 0 0 0 0 0 0 0 0 85 0 0 0 0 0 0 0 0 0 0 0 0 23 0 0 0 0 23 0 0 0 0 0 0 0 0 0 0 0 0 0 71 0 0 0 0 0 0 0 51 0 25 0 0 0 
0 0 0 0 0 0 4 0 0 0 49 0 0 0 0 99 0 0 0 0 0 0 0 0 0 0 0 0 0 0 0 0 0 0 0 0 0 0 0 0 0 69 0 0 0 0 0 0 0 0 74 0 0 0 0 15 0 0 87 0 0 86 0 0 1 8 0 0 0 0 0 0 0 0 0 0 0 0 0 0 65 0 0 95 0 0 0 0 25 0 0 0 0 0 32 0 34 0 0 0 
69 0 0 0 0 0 36 0 0 0 0 0 0 81 0 0 0 0 0 0 0 0 0 0 0 0 0 0 0 14 9 0 0 0 0 0 0 0 0 0 0 0 0 0 27 58 0 0 0 0 0 0 0 0 0 49 0 0 0 0 47 0 5 7 0 0 0 0 0 0 0 0 0 0 0 0 0 0 68 0 0 0 0 100 0 0 0 0 0 0 0 0 0 13 0 0 0 0 42 0 
0 0 0 0 0 0 0 0 0 0 76 0 0 0 0 0 0 0 0 0 93 0 12 0 31 0 0 0 0 0 0 50 0 0 0 0 0 0 0 100 0 0 0 0 0 0 0 0 0 0 0 0 0 48 0 0 0 0 0 0 0 3 0 53 0 0 0 0 0 0 0 97 0 0 0 0 0 0 78 0 0 57 0 0 0 0 0 0 0 2 0 0 0 0 0 0 0 0 28 0 
0 0 0 0 0 66 0 0 0 0 0 0 0 0 0 0 0 31 23 0 0 92 0 0 92 0 0 0 0 0 0 0 0 0 0 0 0 0 0 0 27 0 0 0 0 0 0 34 0 0 0 0 0 0 61 0 0 0 0 0 0 0 0 0 0 0 0 0 0 0 48 0 0 71 38 7 0 0 0 0 0 0 0 0 0 0 0 0 0 0 0 22 0 0 0 0 0 0 0 21 
0 0 0 0 66 0 0 0 0 0 0 92 72 0 0 75 0 0 0 0 0 0 74 0 0 0 0 0 59 0 0 0 0 0 0 0 0 0 0 0 0 0 19 0 0 0 0 0 0 0 0 0 96 0 66 37 99 0 0 0 0 0 0 20 0 0 0 62 0 0 0 0 0 0 19 0 0 0 0 0 0 0 0 0 0 0 0 0 0 0 0 0 88 0 0 0 0 0 0 0 
0 4 36 0 0 0 0 0 0 0 0 0 0 0 0 0 0 0 0 0 0 0 0 0 0 0 0 0 0 0 0 0 0 0 0 41 37 0 0 0 43 0 0 0 19 0 0 0 0 0 0 0 54 60 0 0 0 0 85 0 0 23 0 0 0 0 0 91 0 0 0 0 0 0 75 0 0 0 0 0 0 0 0 0 43 0 0 0 21 0 0 0 0 0 0 0 0 48 0 0 
0 0 0 0 0 0 0 0 0 0 0 0 0 32 0 45 0 0 0 0 0 0 0 0 0 0 0 0 0 58 0 0 0 32 0 0 0 100 0 0 0 18 0 0 0 0 0 0 0 0 0 0 0 0 0 0 0 0 0 0 0 0 0 0 24 0 0 0 0 0 0 0 0 60 0 0 0 0 0 0 0 0 0 0 0 48 0 0 0 0 4 0 25 0 0 0 0 0 0 0 
94 0 0 0 0 0 0 0 0 0 0 0 0 0 0 0 0 0 0 8 0 0 0 0 0 0 0 0 0 0 0 0 0 0 0 72 0 0 0 0 0 0 0 100 0 0 0 0 0 0 0 0 0 0 0 0 73 0 55 0 0 0 0 0 0 0 0 0 0 0 71 0 0 0 0 0 0 0 17 0 0 0 0 0 0 0 79 0 41 0 0 0 0 84 3 75 0 0 0 0 
0 0 0 0 0 0 0 0 0 0 0 37 85 0 17 0 0 0 0 0 33 0 0 0 0 0 27 0 0 63 0 0 6 0 27 0 0 52 0 0 0 0 0 0 0 0 0 0 0 0 0 0 0 0 0 0 0 0 0 97 0 0 0 0 0 0 0 0 0 0 0 0 0 72 0 0 0 23 0 0 0 0 0 97 0 88 0 0 0 6 0 0 0 0 0 0 0 0 0 0 
0 49 0 76 0 0 0 0 0 0 0 0 0 0 0 0 0 3 0 0 48 0 0 0 0 0 51 80 0 0 0 0 0 0 0 0 0 0 0 0 0 0 0 0 0 0 0 0 0 0 0 0 0 0 0 37 0 0 0 0 0 0 0 0 0 0 0 0 0 0 0 0 15 0 0 0 0 0 0 56 0 0 0 95 0 0 0 0 0 0 0 0 39 0 0 50 0 0 0 0 
0 0 0 0 0 92 0 0 0 37 0 0 0 0 0 0 0 0 25 0 49 0 0 0 0 0 0 0 0 0 0 68 0 0 0 0 0 0 0 0 0 5 0 0 0 0 1 0 0 0 0 0 0 0 0 0 0 0 0 0 0 0 0 0 0 0 0 0 0 0 0 0 0 84 0 0 0 0 0 97 0 0 0 10 0 0 0 70 0 0 0 0 0 0 0 0 0 0 0 0 
0 0 0 0 0 72 0 0 0 85 0 0 0 0 0 0 0 0 0 0 0 0 0 0 18 0 0 63 0 0 0 0 0 0 0 0 57 0 31 0 0 0 0 0 0 0 0 0 0 0 0 0 0 0 0 0 0 0 0 0 0 0 50 0 0 0 0 14 0 0 0 0 0 0 0 0 0 97 0 0 0 0 15 0 0 0 0 0 0 0 0 0 0 6 0 0 0 0 0 0 
0 0 81 0 0 0 0 32 0 0 0 0 0 0 0 0 0 29 0 8 0 52 0 10 0 0 0 0 0 0 0 35 0 0 0 75 0 0 0 0 0 0 0 0 15 61 0 0 0 0 0 0 0 0 0 0 0 0 0 0 24 4 0 0 0 0 0 0 0 0 36 0 0 0 0 0 0 0 0 0 0 0 0 0 0 0 0 0 0 0 0 0 0 0 0 0 0 0 0 0 
0 0 0 0 0 0 0 0 0 17 0 0 0 0 0 0 0 0 82 0 54 0 0 0 0 0 13 0 0 0 0 16 0 0 0 0 0 0 0 0 12 0 6 0 0 40 0 0 0 0 0 0 84 12 69 0 0 0 0 0 0 0 0 0 0 0 0 0 0 0 0 13 0 0 0 0 0 0 59 0 0 0 0 0 0 0 0 0 8 0 0 0 0 0 0 0 0 0 0 98 
0 99 0 0 0 75 0 45 0 0 0 0 0 0 0 0 0 0 0 0 0 0 0 0 0 99 0 0 0 0 33 0 0 0 0 0 0 0 0 0 0 50 0 0 0 0 0 0 92 65 43 0 0 0 0 0 0 0 0 0 0 0 0 0 30 0 0 0 0 0 0 0 0 0 0 0 0 0 0 0 0 73 0 0 0 0 0 0 0 0 0 0 0 0 0 0 0 0 0 0 
0 0 0 0 0 0 0 0 0 0 0 0 0 0 0 0 0 0 0 0 88 0 0 0 0 0 0 0 0 30 2 0 0 0 0 0 0 0 0 0 0 88 0 0 0 81 0 0 0 24 0 0 0 0 0 0 0 0 0 0 0 0 0 0 63 0 0 0 0 0 0 0 0 0 74 8 31 5 21 0 0 52 0 0 0 0 0 0 0 0 0 0 0 39 0 0 0 0 71 0 
73 0 0 0 31 0 0 0 0 0 3 0 0 29 0 0 0 0 0 0 0 0 0 0 0 0 0 0 0 0 39 0 14 0 0 0 0 0 0 0 0 71 0 0 0 45 0 91 0 0 0 0 0 0 0 0 0 0 0 0 0 0 0 0 0 0 0 0 0 0 0 0 57 0 0 0 0 0 0 0 0 0 0 0 0 0 0 0 0 0 0 0 0 0 0 8 0 94 0 0 
85 0 0 0 23 0 0 0 0 0 0 25 0 0 82 0 0 0 0 97 0 0 0 0 0 0 0 18 0 0 0 0 42 0 0 0 0 50 0 0 0 0 0 0 0 0 0 0 0 0 17 0 0 0 0 0 0 0 0 0 0 0 0 0 0 0 93 0 0 0 0 0 0 0 0 100 0 0 0 0 0 0 0 0 0 0 0 0 43 0 14 0 0 0 0 0 0 0 0 0 
0 0 0 0 0 0 0 0 8 0 0 0 0 8 0 0 0 0 97 0 0 0 0 46 0 0 0 0 0 0 0 0 61 0 0 0 0 0 0 0 0 0 0 0 19 13 0 0 92 0 0 0 0 0 0 0 0 0 16 0 0 0 0 0 0 46 0 0 0 0 0 71 96 0 0 0 0 0 0 0 0 0 0 55 0 0 23 94 0 0 0 0 0 0 0 0 0 0 0 0 
0 0 0 93 0 0 0 0 0 33 48 49 0 0 54 0 88 0 0 0 0 0 0 0 0 55 4 0 0 0 0 0 0 0 0 0 0 0 0 98 6 0 0 0 0 0 0 0 0 0 0 0 0 0 0 57 0 58 0 0 0 0 0 0 0 30 0 0 0 0 0 0 0 0 0 0 11 0 0 0 0 0 0 0 7 0 0 0 0 0 0 0 0 0 0 0 0 0 0 0 
0 0 0 0 92 0 0 0 0 0 0 0 0 52 0 0 0 0 0 0 0 0 0 40 13 80 0 0 0 0 0 82 0 0 0 0 0 90 0 34 0 0 0 0 0 0 0 0 0 0 0 0 0 0 0 0 0 6 70 0 0 0 0 0 0 0 0 0 0 87 0 0 0 0 0 81 0 0 0 0 0 36 31 0 0 0 0 0 0 0 0 0 0 0 0 0 0 45 0 0 
0 0 0 12 0 74 0 0 0 0 0 0 0 0 0 0 0 0 0 0 0 0 0 0 0 42 0 0 0 0 0 99 0 9 0 0 0 0 0 0 0 0 0 0 0 0 0 60 0 12 0 37 0 0 61 0 0 0 1 0 0 0 53 0 0 0 0 0 0 0 0 0 18 0 0 0 0 0 0 64 0 0 0 0 0 51 0 0 0 0 0 0 92 0 0 0 0 0 0 0 
0 0 0 0 0 0 0 0 0 0 0 0 0 10 0 0 0 0 0 46 0 40 0 0 7 0 0 0 0 0 0 0 0 0 0 0 16 0 0 0 8 0 64 0 0 0 0 15 0 0 0 0 0 7 0 56 0 0 0 0 0 58 0 0 0 12 0 0 0 0 0 0 0 0 0 8 0 75 0 98 0 0 0 0 0 0 0 0 0 0 0 0 0 0 0 0 0 0 0 0 
67 0 0 31 92 0 0 0 0 0 0 0 18 0 0 0 0 0 0 0 0 13 0 7 0 0 0 0 0 0 0 0 0 0 0 0 0 0 0 0 27 0 0 0 0 0 0 0 0 0 0 31 0 0 0 0 0 0 0 0 0 0 0 0 0 93 0 0 0 0 0 0 0 0 0 0 0 1 63 0 0 0 0 0 53 0 57 0 0 0 0 32 0 0 0 0 0 0 0 50 
0 0 0 0 0 0 0 0 0 0 0 0 0 0 0 99 0 0 0 0 55 80 42 0 0 0 0 0 0 0 0 0 0 0 0 0 0 0 0 0 0 0 49 0 0 63 0 0 0 0 0 0 0 0 47 0 0 0 0 0 0 0 0 0 0 0 86 0 0 0 0 0 0 0 0 0 10 47 39 0 0 0 0 7 0 0 0 0 0 0 0 0 0 85 0 0 0 0 0 31 
0 0 0 0 0 0 0 0 0 27 51 0 0 0 13 0 0 0 0 0 4 0 0 0 0 0 0 0 0 0 0 0 0 0 0 0 0 0 0 0 86 0 0 0 0 0 100 0 0 0 0 47 67 0 0 0 0 0 85 0 0 33 48 0 0 76 62 0 0 0 63 0 0 0 0 0 0 0 0 0 0 0 0 0 0 0 0 0 0 0 0 0 0 0 0 0 0 29 0 0 
0 0 0 0 0 0 0 0 0 0 80 0 63 0 0 0 0 0 18 0 0 0 0 0 0 0 0 0 0 0 0 0 0 0 0 0 0 0 0 0 0 0 42 0 0 0 0 0 0 58 0 0 37 0 0 0 91 0 61 0 68 0 0 0 0 0 0 0 0 0 0 0 0 0 0 75 0 0 0 40 0 0 96 0 0 0 0 0 0 0 0 16 0 85 0 0 0 0 24 0 
0 0 0 0 0 59 0 0 0 0 0 0 0 0 0 0 0 0 0 0 0 0 0 0 0 0 0 0 0 0 0 0 92 0 65 39 90 0 0 84 0 0 0 0 0 0 0 0 0 0 0 0 0 0 0 0 0 24 0 0 66 0 0 0 0 0 0 0 0 0 0 54 0 0 0 0 0 0 27 0 0 0 0 0 0 0 82 0 35 0 0 49 58 0 0 0 0 0 0 83 
4 0 14 0 0 0 0 58 0 63 0 0 0 0 0 0 30 0 0 0 0 0 0 0 0 0 0 0 0 0 0 0 0 0 0 0 0 0 0 37 0 0 0 0 0 0 0 0 18 0 0 0 0 0 0 0 0 0 0 0 0 0 0 0 0 0 0 0 0 0 0 0 0 0 89 0 0 57 25 95 0 0 0 74 0 0 0 0 10 0 0 0 0 18 0 0 0 0 36 0 
0 0 9 0 0 0 0 0 0 0 0 0 0 0 0 33 2 39 0 0 0 0 0 0 0 0 0 0 0 0 0 0 0 0 0 0 0 0 29 0 0 0 0 0 0 0 0 0 58 0 46 57 0 0 0 37 0 0 0 0 79 0 0 0 0 0 0 0 0 0 95 0 0 0 0 3 0 0 0 0 0 0 0 0 0 0 0 0 0 18 0 0 0 0 73 0 0 0 0 0 
0 0 0 50 0 0 0 0 0 0 0 68 0 35 16 0 0 0 0 0 0 82 99 0 0 0 0 0 0 0 0 0 0 29 0 18 38 0 0 0 0 0 0 0 0 0 0 0 0 0 0 0 0 84 0 0 0 0 0 66 0 0 0 0 84 0 0 0 0 0 0 0 0 0 45 0 0 0 0 0 0 45 0 0 0 0 0 0 0 0 0 0 0 0 0 0 0 79 0 0 
11 0 0 0 0 0 0 0 0 6 0 0 0 0 0 0 0 14 42 61 0 0 0 0 0 0 0 0 92 0 0 0 0 0 0 0 0 0 0 0 91 0 0 0 0 0 0 0 0 0 0 0 0 0 67 0 0 0 0 0 0 35 0 0 0 0 59 0 0 0 0 0 0 0 0 0 0 30 0 0 0 0 0 0 32 0 0 0 0 0 28 0 0 0 0 0 0 0 0 0 
0 0 0 0 0 0 0 32 0 0 0 0 0 0 0 0 0 0 0 0 0 0 9 0 0 0 0 0 0 0 0 29 0 0 0 50 0 0 0 0 0 0 0 0 0 72 0 0 0 0 0 70 0 0 0 30 0 0 0 0 0 0 0 0 0 0 0 0 0 9 0 0 0 62 0 0 0 0 0 0 0 0 0 0 60 85 100 0 0 0 0 0 0 0 0 0 35 0 0 0 
0 0 0 0 0 0 0 0 0 27 0 0 0 0 0 0 0 0 0 0 0 0 0 0 0 0 0 0 65 0 0 0 0 0 0 0 0 0 0 0 0 0 0 68 0 0 49 59 0 0 0 0 0 35 0 0 0 0 0 0 0 0 0 0 0 0 0 78 0 0 0 0 0 0 0 0 0 0 0 0 0 0 0 0 0 0 0 0 0 0 0 89 0 38 0 0 64 13 0 0 
0 0 0 0 0 0 41 0 72 0 0 0 0 75 0 0 0 0 0 0 0 0 0 0 0 0 0 0 39 0 0 18 0 50 0 0 0 0 0 0 0 0 60 76 0 0 0 0 0 0 19 0 0 0 77 0 0 0 0 0 0 0 0 0 0 0 0 0 0 0 0 0 0 25 0 0 0 0 0 0 13 0 0 0 0 0 0 0 0 0 0 31 66 0 0 0 0 0 0 0 
0 0 0 0 0 0 37 0 0 0 0 0 57 0 0 0 0 0 0 0 0 0 0 16 0 0 0 0 90 0 0 38 0 0 0 0 0 0 92 0 0 0 0 4 0 0 0 0 0 0 0 0 37 0 0 0 0 0 12 20 0 23 54 0 0 0 0 0 41 0 0 0 11 0 0 0 0 0 0 0 0 0 31 0 0 0 0 0 0 0 0 0 0 0 0 0 0 0 0 0 
0 0 0 0 0 0 0 100 0 52 0 0 0 0 0 0 0 0 50 0 0 90 0 0 0 0 0 0 0 0 0 0 0 0 0 0 0 0 20 0 0 0 49 30 0 0 0 0 0 0 0 0 0 0 0 0 0 0 0 0 0 31 0 0 75 0 0 0 0 0 0 0 0 0 0 0 0 87 0 0 0 0 0 0 0 0 0 22 0 0 20 0 0 93 86 0 0 31 0 0 
0 0 0 0 0 0 0 0 0 0 0 0 31 0 0 0 0 0 0 0 0 0 0 0 0 0 0 0 0 0 29 0 0 0 0 0 92 20 0 0 0 0 0 0 0 0 0 0 0 0 0 0 0 0 0 0 18 0 0 29 0 0 0 0 0 0 26 0 0 7 41 89 0 94 0 0 0 23 0 0 0 76 98 0 0 0 0 0 0 0 0 0 0 0 0 0 0 0 0 0 
0 0 0 100 0 0 0 0 0 0 0 0 0 0 0 0 0 0 0 0 98 34 0 0 0 0 0 0 84 37 0 0 0 0 0 0 0 0 0 0 0 0 0 0 47 0 0 0 0 0 0 0 0 0 0 0 0 76 0 0 0 0 0 0 0 0 11 0 0 0 0 0 0 0 0 0 0 31 54 0 0 0 47 0 73 0 0 0 0 0 0 0 73 0 0 0 0 0 73 0 
0 0 0 0 27 0 43 0 0 0 0 0 0 0 12 0 0 0 0 0 6 0 0 8 27 0 86 0 0 0 0 0 91 0 0 0 0 0 0 0 0 0 0 11 0 0 0 0 62 0 0 0 0 0 0 47 0 0 9 0 0 0 0 23 0 0 0 0 31 0 0 0 0 0 0 0 0 0 0 0 0 0 0 0 0 0 0 0 0 0 0 0 74 0 0 0 0 0 0 0 
0 69 0 0 0 0 0 18 0 0 0 5 0 0 0 50 88 71 0 0 0 0 0 0 0 0 0 0 0 0 0 0 0 0 0 0 0 0 0 0 0 0 0 0 0 0 0 100 0 0 0 0 0 0 0 0 0 0 0 0 0 0 0 33 1 0 0 0 0 25 0 0 0 43 0 0 0 0 0 0 41 0 0 0 0 0 71 79 0 0 0 0 0 0 0 0 0 0 0 27 
0 0 0 0 0 19 0 0 0 0 0 0 0 0 6 0 0 0 0 0 0 0 0 64 0 49 0 42 0 0 0 0 0 0 0 60 0 49 0 0 0 0 0 0 0 0 0 0 0 0 0 0 0 0 87 0 0 0 75 0 0 0 0 51 0 0 0 0 0 0 0 0 0 0 3 0 0 0 0 0 0 0 0 0 0 77 0 0 0 0 0 0 0 0 0 0 0 0 0 0 
83 0 0 0 0 0 0 0 100 0 0 0 0 0 0 0 0 0 0 0 0 0 0 0 0 0 0 0 0 0 0 0 0 0 68 76 4 30 0 0 11 0 0 0 0 0 0 0 0 0 0 50 0 0 0 0 0 0 0 15 0 0 0 0 0 0 0 0 0 0 74 0 0 0 0 0 0 0 0 32 0 46 0 0 0 23 0 0 0 0 61 0 46 0 0 0 0 0 0 0 
54 0 27 0 0 0 19 0 0 0 0 0 0 15 0 0 0 0 0 19 0 0 0 0 0 0 0 0 0 0 0 0 0 0 0 0 0 0 0 47 0 0 0 0 0 44 0 0 0 0 21 0 0 0 0 0 0 0 0 0 0 0 0 0 0 27 0 0 92 50 0 86 0 0 0 0 0 0 0 0 0 0 0 0 0 0 0 0 0 0 0 0 0 0 69 49 99 0 0 0 
0 0 58 0 0 0 0 0 0 0 0 0 0 61 40 0 81 45 0 13 0 0 0 0 0 63 0 0 0 0 0 0 0 72 0 0 0 0 0 0 0 0 0 0 44 0 0 0 0 0 0 0 0 0 0 0 0 0 0 61 0 0 0 0 0 0 0 0 0 0 98 0 0 0 0 0 0 0 0 0 0 0 31 0 0 0 0 64 0 0 0 0 0 0 0 0 0 0 0 0 
0 0 0 0 0 0 0 0 0 0 0 1 0 0 0 0 0 0 0 0 0 0 0 0 0 0 100 0 0 0 0 0 0 0 49 0 0 0 0 0 0 0 0 0 0 0 0 0 0 0 0 0 0 0 29 81 0 45 0 0 0 89 70 0 0 0 16 18 0 0 0 0 0 0 0 0 0 0 0 0 63 0 0 0 0 0 0 0 0 0 0 0 0 0 0 0 0 0 0 0 
0 0 0 0 34 0 0 0 0 0 0 0 0 0 0 0 0 91 0 0 0 0 60 15 0 0 0 0 0 0 0 0 0 0 59 0 0 0 0 0 0 100 0 0 0 0 0 0 0 0 0 0 43 0 0 0 8 0 0 0 0 0 0 0 0 0 88 0 0 0 0 0 75 0 0 0 0 0 0 0 0 68 0 0 0 12 0 0 0 75 75 0 0 0 0 90 0 0 0 0 
0 0 0 0 0 0 0 0 0 0 0 0 0 0 0 92 0 0 0 92 0 0 0 0 0 0 0 0 0 18 58 0 0 0 0 0 0 0 0 0 62 0 0 0 0 0 0 0 0 0 0 0 44 0 0 0 0 0 0 0 0 84 0 46 74 0 0 1 0 0 0 0 0 9 0 0 0 0 0 0 59 0 36 0 0 0 0 0 0 0 0 0 0 84 0 0 0 0 0 10 
0 0 0 0 0 0 0 0 0 0 0 0 0 0 0 65 24 0 0 0 0 0 12 0 0 0 0 58 0 0 0 0 0 0 0 0 0 0 0 0 0 0 0 0 0 0 0 0 0 0 0 0 0 0 91 100 0 0 0 0 0 0 0 83 0 0 0 0 0 0 42 0 0 0 0 0 0 0 0 0 0 0 14 0 0 0 0 0 88 0 0 0 0 0 0 0 0 0 47 0 
0 74 0 0 0 0 0 0 0 0 0 0 0 0 0 43 0 0 17 0 0 0 0 0 0 0 0 0 0 0 46 0 0 0 0 19 0 0 0 0 0 0 0 0 21 0 0 0 0 0 0 0 51 0 59 0 92 95 0 0 0 0 0 97 0 0 0 82 0 0 0 0 0 0 0 0 0 0 0 0 0 0 0 0 0 0 0 0 0 76 0 0 0 79 0 0 0 0 0 0 
0 0 0 0 0 0 0 0 0 0 0 0 0 0 0 0 0 0 0 0 0 0 37 0 31 0 47 0 0 0 57 0 0 70 0 0 0 0 0 0 0 0 0 50 0 0 0 0 0 0 0 0 0 0 0 0 0 0 0 0 0 0 88 0 0 66 0 15 0 0 0 0 0 0 0 0 0 0 0 0 0 0 0 81 0 0 0 35 0 0 0 0 0 0 0 0 39 0 0 0 
0 0 0 0 0 96 54 0 0 0 0 0 0 0 84 0 0 0 0 0 0 0 0 0 0 0 67 37 0 0 0 0 0 0 0 0 37 0 0 0 0 0 0 0 0 0 0 43 44 0 51 0 0 0 0 0 0 0 0 0 0 0 0 0 0 0 0 0 0 0 0 0 61 63 0 0 0 0 0 0 0 0 0 0 0 0 16 0 0 0 0 0 9 0 0 0 0 0 0 0 
0 0 0 48 0 0 60 0 0 0 0 0 0 0 12 0 0 0 0 0 0 0 0 7 0 0 0 0 0 0 0 84 0 0 35 0 0 0 0 0 0 0 0 0 0 0 0 0 0 0 0 0 0 0 43 0 0 0 0 0 42 0 0 0 0 0 93 0 0 0 94 0 30 0 0 0 0 0 0 0 0 0 4 0 19 0 0 6 0 0 0 33 0 0 0 0 0 0 0 0 
85 0 0 0 61 66 0 0 0 0 0 0 0 0 69 0 0 0 0 0 0 0 61 0 0 47 0 0 0 0 0 0 67 0 0 77 0 0 0 0 0 0 87 0 0 0 29 0 0 91 59 0 0 43 0 0 0 0 0 0 0 0 0 0 0 0 0 0 0 0 0 0 0 0 0 0 0 0 0 0 0 9 0 0 0 0 0 0 0 0 0 0 72 0 0 0 0 0 0 0 
0 15 49 0 0 37 0 0 0 0 37 0 0 0 0 0 0 0 0 0 57 0 0 56 0 0 0 0 0 0 37 0 0 30 0 0 0 0 0 0 47 0 0 0 0 0 81 0 0 100 0 0 0 0 0 0 0 0 0 99 0 0 0 0 0 94 0 0 0 0 0 97 0 0 0 0 0 0 0 0 83 0 0 0 0 0 0 0 0 0 0 0 0 0 0 0 0 0 0 0 
0 0 0 0 0 99 0 0 73 0 0 0 0 0 0 0 0 0 0 0 0 0 0 0 0 0 0 91 0 0 0 0 0 0 0 0 0 0 18 0 0 0 0 0 0 0 0 8 0 0 92 0 0 0 0 0 0 20 16 0 0 0 2 0 0 0 0 0 0 0 0 0 0 38 0 0 0 0 0 0 0 0 0 0 0 0 0 0 0 42 0 0 0 0 0 0 0 0 44 0 
0 0 0 0 0 0 0 0 0 0 0 0 0 0 0 0 0 0 0 0 58 6 0 0 0 0 0 0 24 0 0 0 0 0 0 0 0 0 0 76 0 0 0 0 0 0 45 0 0 0 95 0 0 0 0 0 20 0 0 71 0 0 0 0 0 0 28 0 0 0 0 0 0 0 0 0 34 0 0 0 0 0 0 0 0 0 0 86 0 0 0 13 0 53 56 0 0 0 42 0 
0 87 0 0 0 0 85 0 55 0 0 0 0 0 0 0 0 0 0 16 0 70 1 0 0 0 85 61 0 0 0 0 0 0 0 0 12 0 0 0 9 0 75 0 0 0 0 0 0 0 0 0 0 0 0 0 16 0 0 0 0 0 0 0 0 0 0 0 0 98 0 0 0 0 0 0 0 0 0 0 0 0 0 72 49 0 0 0 0 0 0 0 0 0 0 0 0 0 0 0 
0 0 0 0 0 0 0 0 0 97 0 0 0 0 0 0 0 0 0 0 0 0 0 0 0 0 0 0 0 0 0 66 0 0 0 0 20 0 29 0 0 0 0 15 0 61 0 0 0 0 0 0 0 0 0 99 0 71 0 0 0 0 28 0 24 0 0 0 0 0 0 0 0 0 0 0 0 0 31 0 0 0 0 93 0 0 0 0 0 0 0 0 0 0 0 29 28 56 0 0 
0 0 47 0 0 0 0 0 0 0 0 0 0 24 0 0 0 0 0 0 0 0 0 0 0 0 0 68 66 0 79 0 0 0 0 0 0 0 0 0 0 0 0 0 0 0 0 0 0 0 0 0 0 42 0 0 0 0 0 0 0 0 0 0 0 0 0 0 0 0 0 0 0 0 0 0 0 0 0 0 50 0 0 0 35 0 0 0 0 0 0 49 0 0 0 0 0 0 0 45 
0 86 0 3 0 0 23 0 0 0 0 0 0 4 0 0 0 0 0 0 0 0 0 58 0 0 33 0 0 0 0 0 35 0 0 0 23 31 0 0 0 0 0 0 0 0 89 0 84 0 0 0 0 0 0 0 0 0 0 0 0 0 0 0 0 0 0 0 0 0 92 0 0 0 0 0 10 45 0 0 0 0 0 0 0 0 0 0 0 0 0 0 0 0 0 0 6 0 0 0 
0 0 5 0 0 0 0 0 0 0 0 0 50 0 0 0 0 0 0 0 0 0 53 0 0 0 48 0 0 0 0 0 0 0 0 0 54 0 0 0 0 0 0 0 0 0 70 0 0 0 0 88 0 0 0 0 2 0 0 28 0 0 0 0 0 42 0 0 0 0 0 0 0 0 0 0 0 58 11 0 0 0 0 0 0 48 0 71 0 0 0 0 0 0 0 0 0 0 0 0 
0 0 7 53 0 20 0 0 0 0 0 0 0 0 0 0 0 0 0 0 0 0 0 0 0 0 0 0 0 0 0 0 0 0 0 0 0 0 0 0 23 33 51 0 0 0 0 0 46 83 97 0 0 0 0 0 0 0 0 0 0 0 0 0 0 0 97 0 0 0 0 84 0 0 0 0 0 0 0 0 0 0 21 27 0 0 0 7 0 0 0 0 0 0 0 0 0 18 0 0 
0 1 0 0 0 0 0 24 0 0 0 0 0 0 0 30 63 0 0 0 0 0 0 0 0 0 0 0 0 0 0 84 0 0 0 0 0 75 0 0 0 1 0 0 0 0 0 0 74 0 0 0 0 0 0 0 0 0 0 24 0 0 0 0 0 0 0 0 92 0 0 0 4 0 0 0 0 0 0 0 0 6 0 0 0 0 0 0 0 96 0 0 0 0 0 0 0 0 0 0 
0 8 0 0 0 0 0 0 0 0 0 0 0 0 0 0 0 0 0 46 30 0 0 12 93 0 76 0 0 0 0 0 0 0 0 0 0 0 0 0 0 0 0 0 27 0 0 0 0 0 0 66 0 0 0 94 0 0 0 0 0 0 42 0 0 0 0 0 24 0 0 0 0 0 92 0 0 0 0 0 0 0 0 0 0 45 0 0 50 0 0 0 0 0 0 85 0 0 0 0 
0 0 0 0 0 0 0 0 0 0 0 0 0 0 0 0 0 0 93 0 0 0 0 0 0 86 62 0 0 0 0 0 59 0 0 0 0 0 26 11 0 0 0 0 0 0 16 88 0 0 0 0 0 93 0 0 0 28 0 0 0 0 0 97 0 0 0 0 0 0 0 0 0 0 0 0 0 0 0 0 0 52 0 0 0 0 0 0 0 0 0 23 0 0 0 0 0 0 0 0 
23 0 0 0 0 62 91 0 0 0 0 0 14 0 0 0 0 0 0 0 0 0 0 0 0 0 0 0 0 0 0 0 0 0 78 0 0 0 0 0 0 0 0 0 0 0 18 0 1 0 82 15 0 0 0 0 0 0 0 0 0 0 0 0 0 0 0 0 0 0 38 0 0 0 0 0 48 0 0 0 0 0 0 0 0 0 0 0 0 30 0 0 0 0 0 0 0 0 62 0 
0 0 0 0 0 0 0 0 0 0 0 0 0 0 0 0 0 0 0 0 0 0 0 0 0 0 0 0 0 0 0 0 0 0 0 0 41 0 0 0 31 0 0 0 92 0 0 0 0 0 0 0 0 0 0 0 0 0 0 0 0 0 0 0 92 24 0 0 0 0 0 0 0 29 0 0 0 0 0 0 78 0 0 0 0 0 0 0 0 25 0 0 0 0 54 0 0 0 0 34 
0 0 0 0 0 0 0 0 0 0 0 0 0 0 0 0 0 0 0 0 0 87 0 0 0 0 0 0 0 0 0 0 0 9 0 0 0 0 7 0 0 25 0 0 50 0 0 0 0 0 0 0 0 0 0 0 0 0 98 0 0 0 0 0 0 0 0 0 0 0 0 0 47 0 11 0 8 0 0 0 28 0 0 0 0 19 0 0 0 0 0 0 0 0 0 0 0 0 0 0 
0 0 0 0 48 0 0 0 71 0 0 0 0 36 0 0 0 0 0 0 0 0 0 0 0 0 63 0 0 0 95 0 0 0 0 0 0 0 41 0 0 0 0 74 0 98 0 0 0 42 0 0 0 94 0 0 0 0 0 0 0 92 0 0 0 0 0 38 0 0 0 0 0 0 0 0 0 0 0 0 0 0 0 0 0 0 0 0 0 0 0 0 0 0 0 0 0 0 0 0 
0 0 0 97 0 0 0 0 0 0 0 0 0 0 13 0 0 0 0 71 0 0 0 0 0 0 0 0 54 0 0 0 0 0 0 0 0 0 89 0 0 0 0 0 86 0 0 0 0 0 0 0 0 0 0 97 0 0 0 0 0 0 0 84 0 0 0 0 0 0 0 0 0 49 76 0 0 0 0 0 0 83 17 0 18 0 0 0 0 0 0 7 0 0 0 0 41 0 0 0 
23 0 0 0 0 0 0 0 0 0 15 0 0 0 0 0 0 57 0 96 0 0 18 0 0 0 0 0 0 0 0 0 0 0 0 0 11 0 0 0 0 0 0 0 0 0 0 75 0 0 0 0 61 30 0 0 0 0 0 0 0 0 0 0 4 0 0 0 0 47 0 0 0 0 0 0 0 0 0 0 0 0 0 0 67 0 0 0 0 0 0 0 0 0 0 0 0 0 42 0 
0 0 0 0 71 0 0 60 0 72 0 84 0 0 0 0 0 0 0 0 0 0 0 0 0 0 0 0 0 0 0 0 0 62 0 25 0 0 94 0 0 43 0 0 0 0 0 0 9 0 0 0 63 0 0 0 38 0 0 0 0 0 0 0 0 0 0 0 29 0 0 49 0 0 0 0 0 0 0 0 43 0 0 0 0 13 0 0 0 0 0 0 0 0 0 0 0 0 0 0 
0 0 0 0 38 19 75 0 0 0 0 0 0 0 0 0 74 0 0 0 0 0 0 0 0 0 0 0 0 89 0 45 0 0 0 0 0 0 0 0 0 0 3 0 0 0 0 0 0 0 0 0 0 0 0 0 0 0 0 0 0 0 0 0 0 92 0 0 0 11 0 76 0 0 0 0 68 0 0 0 0 0 0 0 0 0 0 0 26 0 0 0 0 0 20 8 0 0 0 0 
0 0 0 0 7 0 0 0 0 0 0 0 0 0 0 0 8 0 100 0 0 81 0 8 0 0 0 75 0 0 3 0 0 0 0 0 0 0 0 0 0 0 0 0 0 0 0 0 0 0 0 0 0 0 0 0 0 0 0 0 0 0 0 0 0 0 0 0 0 0 0 0 0 0 0 0 0 0 0 0 0 0 36 0 0 0 0 0 0 0 0 0 0 59 0 0 0 0 72 0 
0 0 0 0 0 0 0 0 0 0 0 0 0 0 0 0 31 0 0 0 11 0 0 0 0 10 0 0 0 0 0 0 0 0 0 0 0 0 0 0 0 0 0 0 0 0 0 0 0 0 0 0 0 0 0 0 0 34 0 0 0 10 0 0 0 0 0 48 0 8 0 0 0 0 68 0 0 0 0 0 0 0 0 0 0 0 0 0 0 0 0 0 0 84 0 0 0 0 0 0 
0 0 0 0 0 0 0 0 0 23 0 0 97 0 0 0 5 0 0 0 0 0 0 75 1 47 0 0 0 57 0 0 30 0 0 0 0 87 23 31 0 0 0 0 0 0 0 0 0 0 0 0 0 0 0 0 0 0 0 0 0 45 58 0 0 0 0 0 0 0 0 0 0 0 0 0 0 0 0 0 0 0 0 0 0 0 0 0 0 0 0 0 0 0 0 0 0 0 0 0 
0 0 68 78 0 0 0 0 17 0 0 0 0 0 59 0 21 0 0 0 0 0 0 0 63 39 0 0 27 25 0 0 0 0 0 0 0 0 0 54 0 0 0 0 0 0 0 0 0 0 0 0 0 0 0 0 0 0 0 31 0 0 11 0 0 0 0 0 0 0 0 0 0 0 0 0 0 0 0 0 0 0 0 0 0 0 10 0 0 0 0 37 30 0 0 0 0 0 0 0 
0 0 0 0 0 0 0 0 0 0 56 97 0 0 0 0 0 0 0 0 0 0 64 98 0 0 0 40 0 95 0 0 0 0 0 0 0 0 0 0 0 0 0 32 0 0 0 0 0 0 0 0 0 0 0 0 0 0 0 0 0 0 0 0 0 0 0 0 0 0 0 0 0 0 0 0 0 0 0 0 0 0 0 0 0 0 0 0 0 26 0 0 36 75 0 0 0 0 0 0 
0 65 0 0 0 0 0 0 0 0 0 0 0 0 0 0 0 0 0 0 0 0 0 0 0 0 0 0 0 0 0 0 0 0 0 13 0 0 0 0 0 41 0 0 0 0 63 0 59 0 0 0 0 0 0 83 0 0 0 0 50 0 0 0 0 0 0 0 78 28 0 0 0 43 0 0 0 0 0 0 0 0 0 0 0 0 0 0 0 0 0 0 0 0 0 0 0 0 86 0 
0 0 0 57 0 0 0 0 0 0 0 0 0 0 0 73 52 0 0 0 0 36 0 0 0 0 0 0 0 0 0 45 0 0 0 0 0 0 76 0 0 0 0 46 0 0 0 68 0 0 0 0 0 0 9 0 0 0 0 0 0 0 0 0 6 0 52 0 0 0 0 83 0 0 0 0 0 0 0 0 0 0 0 0 72 0 0 0 0 0 49 0 0 0 0 39 0 0 0 0 
0 0 0 0 0 0 0 0 0 0 0 0 15 0 0 0 0 0 0 0 0 31 0 0 0 0 0 96 0 0 0 0 0 0 0 0 31 0 98 47 0 0 0 0 0 31 0 0 36 14 0 0 0 4 0 0 0 0 0 0 0 0 0 21 0 0 0 0 0 0 0 17 0 0 0 36 0 0 0 0 0 0 0 0 99 0 0 0 0 0 0 0 0 0 0 22 0 0 0 0 
0 95 100 0 0 0 0 0 0 97 95 10 0 0 0 0 0 0 0 55 0 0 0 0 0 7 0 0 0 74 0 0 0 0 0 0 0 0 0 0 0 0 0 0 0 0 0 0 0 0 0 81 0 0 0 0 0 0 72 93 0 0 0 27 0 0 0 0 0 0 0 0 0 0 0 0 0 0 0 0 0 0 0 0 0 61 0 0 0 0 0 0 0 0 0 0 0 25 0 0 
0 0 0 0 0 0 43 0 0 0 0 0 0 0 0 0 0 0 0 0 7 0 0 0 53 0 0 0 0 0 0 0 32 60 0 0 0 0 0 73 0 0 0 0 0 0 0 0 0 0 0 0 0 19 0 0 0 0 49 0 35 0 0 0 0 0 0 0 0 0 0 18 67 0 0 0 0 0 0 0 0 72 99 0 0 63 0 0 0 0 0 0 0 0 0 0 0 58 0 0 
0 0 0 0 0 0 0 48 0 88 0 0 0 0 0 0 0 0 0 0 0 0 51 0 0 0 0 0 0 0 0 0 0 85 0 0 0 0 0 0 0 0 77 23 0 0 0 12 0 0 0 0 0 0 0 0 0 0 0 0 0 0 48 0 0 45 0 0 0 19 0 0 0 13 0 0 0 0 0 0 0 0 0 61 63 0 0 0 0 32 0 0 0 0 0 94 0 0 0 0 
71 0 0 0 0 0 0 0 79 0 0 0 0 0 0 0 0 0 0 23 0 0 0 0 57 0 0 0 82 0 0 0 0 100 0 0 0 0 0 0 0 71 0 0 0 0 0 0 0 0 0 0 16 0 0 0 0 0 0 0 0 0 0 0 0 0 0 0 0 0 0 0 0 0 0 0 0 0 10 0 0 0 0 0 0 0 0 45 0 0 100 0 0 0 0 0 0 0 0 0 
0 0 0 0 0 0 0 0 0 0 0 70 0 0 0 0 0 0 0 94 0 0 0 0 0 0 0 0 0 0 0 0 0 0 0 0 0 22 0 0 0 79 0 0 0 64 0 0 0 0 0 35 0 6 0 0 0 86 0 0 0 0 71 7 0 0 0 0 0 0 0 0 0 0 0 0 0 0 0 0 0 0 0 0 0 0 45 0 0 0 0 0 0 0 0 83 0 0 0 0 
0 25 0 0 0 0 21 0 41 0 0 0 0 0 8 0 0 0 43 0 0 0 0 0 0 0 0 0 35 10 0 0 0 0 0 0 0 0 0 0 0 0 0 0 0 0 0 0 0 88 0 0 0 0 0 0 0 0 0 0 0 0 0 0 0 50 0 0 0 0 0 0 0 0 26 0 0 0 0 0 0 0 0 0 0 0 0 0 0 39 60 98 0 0 0 0 91 0 0 78 
0 0 0 2 0 0 0 0 0 6 0 0 0 0 0 0 0 0 0 0 0 0 0 0 0 0 0 0 0 0 18 0 0 0 0 0 0 0 0 0 0 0 0 0 0 0 0 75 0 0 76 0 0 0 0 0 42 0 0 0 0 0 0 0 96 0 0 30 25 0 0 0 0 0 0 0 0 0 0 26 0 0 0 0 0 32 0 0 39 0 0 0 0 0 0 97 0 0 0 0 
0 0 0 0 0 0 0 4 0 0 0 0 0 0 0 0 0 0 14 0 0 0 0 0 0 0 0 0 0 0 0 0 28 0 0 0 0 20 0 0 0 0 0 61 0 0 0 75 0 0 0 0 0 0 0 0 0 0 0 0 0 0 0 0 0 0 0 0 0 0 0 0 0 0 0 0 0 0 0 0 0 49 0 0 0 0 100 0 60 0 0 0 0 0 0 0 0 0 0 85 
0 0 0 0 22 0 0 0 0 0 0 0 0 0 0 0 0 0 0 0 0 0 0 0 32 0 0 16 49 0 0 0 0 0 89 31 0 0 0 0 0 0 0 0 0 0 0 0 0 0 0 0 0 33 0 0 0 13 0 0 49 0 0 0 0 0 23 0 0 0 0 7 0 0 0 0 0 0 37 0 0 0 0 0 0 0 0 0 98 0 0 0 0 0 0 0 0 0 0 0 
0 0 0 0 0 88 0 25 0 0 39 0 0 0 0 0 0 0 0 0 0 0 92 0 0 0 0 0 58 0 0 0 0 0 0 66 0 0 0 73 74 0 0 46 0 0 0 0 0 0 0 0 9 0 72 0 0 0 0 0 0 0 0 0 0 0 0 0 0 0 0 0 0 0 0 0 0 0 30 36 0 0 0 0 0 0 0 0 0 0 0 0 0 0 0 0 0 0 0 0 
0 0 13 0 0 0 0 0 84 0 0 0 6 0 0 0 39 0 0 0 0 0 0 0 0 85 0 85 0 18 0 0 0 0 38 0 0 93 0 0 0 0 0 0 0 0 0 0 84 0 79 0 0 0 0 0 0 53 0 0 0 0 0 0 0 0 0 0 0 0 0 0 0 0 0 59 84 0 0 75 0 0 0 0 0 0 0 0 0 0 0 0 0 0 0 0 0 0 0 0 
51 32 0 0 0 0 0 0 3 0 0 0 0 0 0 0 0 0 0 0 0 0 0 0 0 0 0 0 0 0 73 0 0 0 0 0 0 86 0 0 0 0 0 0 69 0 0 0 0 0 0 0 0 0 0 0 0 56 0 0 0 0 0 0 0 0 0 0 54 0 0 0 0 0 20 0 0 0 0 0 0 0 0 0 0 0 0 0 0 0 0 0 0 0 0 0 38 0 0 0 
0 0 0 0 0 0 0 0 75 0 50 0 0 0 0 0 0 8 0 0 0 0 0 0 0 0 0 0 0 0 0 0 0 0 0 0 0 0 0 0 0 0 0 0 49 0 0 90 0 0 0 0 0 0 0 0 0 0 0 29 0 0 0 0 0 85 0 0 0 0 0 0 0 0 8 0 0 0 0 0 0 39 22 0 0 94 0 83 0 97 0 0 0 0 0 0 0 0 0 19 
25 34 0 0 0 0 0 0 0 0 0 0 0 0 0 0 0 0 0 0 0 0 0 0 0 0 0 0 0 0 0 0 0 35 64 0 0 0 0 0 0 0 0 0 99 0 0 0 0 0 0 39 0 0 0 0 0 0 0 28 0 6 0 0 0 0 0 0 0 0 0 41 0 0 0 0 0 0 0 0 0 0 0 0 0 0 0 0 91 0 0 0 0 0 38 0 0 0 83 0 
0 0 0 0 0 0 48 0 0 0 0 0 0 0 0 0 0 94 0 0 0 45 0 0 0 0 29 0 0 0 0 79 0 0 13 0 0 31 0 0 0 0 0 0 0 0 0 0 0 0 0 0 0 0 0 0 0 0 0 56 0 0 0 18 0 0 0 0 0 0 0 0 0 0 0 0 0 0 0 0 0 0 0 25 58 0 0 0 0 0 0 0 0 0 0 0 0 0 0 0 
0 0 42 28 0 0 0 0 0 0 0 0 0 0 0 0 71 0 0 0 0 0 0 0 0 0 0 24 0 36 0 0 0 0 0 0 0 0 0 73 0 0 0 0 0 0 0 0 0 47 0 0 0 0 0 0 44 42 0 0 0 0 0 0 0 0 0 62 0 0 0 0 42 0 0 72 0 0 0 0 86 0 0 0 0 0 0 0 0 0 0 0 0 0 0 0 83 0 0 0 
0 0 0 0 21 0 0 0 0 0 0 0 0 0 98 0 0 0 0 0 0 0 0 0 50 31 0 0 83 0 0 0 0 0 0 0 0 0 0 0 0 27 0 0 0 0 0 0 10 0 0 0 0 0 0 0 0 0 0 0 45 0 0 0 0 0 0 0 34 0 0 0 0 0 0 0 0 0 0 0 0 0 0 0 0 0 0 0 78 0 85 0 0 0 0 19 0 0 0 0 
