0 0 0 94 0 0 0 188 0 0 0 0 0 0 0 0 47 0 0 0 0 0 0 127 149 0 0 0 0 0 181 0 0 0 0 36 0 135 0 0 0 0 0 0 0 0 0 0 0 0 0 0 0 0 0 0 0 0 20 0 0 0 0 0 0 0 0 144 0 0 0 32 0 0 0 0 106 122 0 0 0 0 55 0 0 0 0 0 0 0 0 0 0 0 0 0 0 0 31 0 
0 0 54 0 0 0 0 0 0 0 0 0 0 0 122 0 159 140 0 0 0 85 0 0 0 0 0 0 0 0 0 0 0 0 0 0 0 0 0 0 0 12 0 0 0 0 147 11 142 0 0 0 0 0 0 0 0 112 0 0 0 0 0 0 0 0 0 0 7 0 0 0 0 0 0 0 0 0 0 0 13 0 0 0 0 0 0 0 0 0 0 0 0 0 0 68 0 0 50 0 
0 54 0 127 0 0 0 0 0 0 0 0 0 78 0 0 0 0 0 0 0 0 0 0 0 0 0 0 0 0 0 0 0 0 0 0 0 0 0 134 183 0 1 0 0 0 0 0 184 0 0 0 0 0 0 0 0 0 0 33 0 0 0 0 0 0 0 0 27 0 0 87 0 0 0 0 0 0 0 0 0 147 0 0 0 0 106 0 0 0 0 0 125 0 0 0 0 0 0 0 
94 0 127 0 0 0 171 0 0 0 0 0 0 0 114 0 0 0 0 0 97 0 0 0 0 0 0 0 90 0 0 0 0 0 0 0 0 0 0 0 0 0 0 0 0 0 0 0 112 0 0 146 0 0 0 0 0 0 0 0 0 0 0 0 0 0 0 0 0 0 0 0 0 0 0 0 0 0 0 0 0 0 0 0 192 0 0 0 0 0 0 0 0 0 137 0 0 0 0 0 
0 0 0 0 0 0 0 0 103 0 0 0 0 0 0 0 0 140 0 0 0 0 0 92 0 0 0 0 0 0 0 0 0 0 14 0 0 117 0 47 0 0 36 0 0 0 131 0 0 0 0 0 0 0 0 0 0 0 74 0 0 0 0 76 0 0 0 0 0 0 0 0 0 0 0 190 0 0 0 0 0 0 0 0 0 0 0 0 72 50 0 0 182 0 0 0 0 0 0 167 
0 0 0 0 0 0 27 0 0 0 0 0 0 0 81 0 0 32 0 95 0 0 0 0 0 0 0 0 0 0 200 0 0 0 0 0 0 0 1 0 0 0 0 27 0 0 0 0 0 0 0 0 0 0 0 0 0 0 0 0 0 0 0 72 0 0 0 0 0 0 0 0 0 0 0 0 156 0 0 0 0 133 0 0 0 0 128 0 0 43 26 0 0 147 0 0 0 88 0 0 
0 0 0 171 0 27 0 0 0 0 0 0 0 77 0 0 0 0 0 0 0 0 0 0 0 0 145 0 0 0 0 0 0 0 27 0 0 47 0 0 0 0 0 0 0 0 0 166 0 0 0 0 0 0 192 0 0 0 0 0 0 65 0 0 0 0 0 0 0 0 0 0 0 0 0 136 137 0 0 0 0 159 0 0 0 0 0 138 0 0 0 0 0 0 0 0 0 0 0 0 
188 0 0 0 0 0 0 0 0 0 8 0 0 0 0 0 0 47 0 0 0 0 0 0 0 0 0 0 0 0 0 0 0 0 0 64 0 0 84 0 0 84 0 0 0 0 0 0 0 0 0 0 0 0 0 0 0 0 0 95 53 0 0 0 0 0 0 0 80 0 0 0 0 0 0 0 0 0 0 0 0 0 0 0 0 0 0 0 0 0 0 0 0 0 0 0 0 43 113 0 
0 0 0 0 103 0 0 0 0 115 0 0 0 106 0 0 0 0 0 0 0 0 71 0 0 77 0 0 0 0 186 0 0 0 0 0 0 0 0 0 0 0 0 0 50 0 0 0 0 0 0 0 0 158 0 120 0 0 0 0 0 0 0 0 44 0 0 0 56 0 0 8 0 0 0 0 141 0 0 0 0 0 0 0 0 0 0 0 192 0 0 0 0 104 0 0 0 0 0 0 
0 0 0 0 0 0 0 0 115 0 0 0 167 20 0 0 0 123 0 0 0 0 0 0 0 0 0 12 0 0 0 0 0 148 0 0 65 0 0 0 0 0 0 0 0 0 0 49 0 0 0 187 0 0 0 0 0 0 40 0 95 0 0 0 0 0 0 32 0 0 0 0 0 0 0 0 0 147 153 0 0 0 0 0 0 0 70 0 0 0 0 0 0 0 0 0 0 0 0 0 
0 0 0 0 0 0 0 8 0 0 0 0 0 98 0 0 0 0 0 0 0 0 0 0 0 0 0 0 0 0 0 39 0 0 0 0 69 0 0 180 0 0 0 0 0 0 0 0 134 0 0 0 146 0 0 0 0 0 0 0 0 0 0 0 0 176 0 0 77 0 3 0 0 0 0 0 0 118 0 0 0 0 0 0 14 0 0 0 0 145 0 0 0 0 96 0 0 0 0 0 
0 0 0 0 0 0 0 0 0 0 0 0 0 0 0 0 0 0 85 0 0 0 0 0 0 0 0 0 0 0 0 0 0 0 0 78 0 0 0 0 0 0 0 8 25 0 0 0 0 0 0 0 0 0 0 0 0 0 154 0 0 26 0 0 172 169 0 0 0 0 0 0 0 0 0 0 57 0 0 0 0 0 0 105 0 28 0 0 0 0 0 0 144 0 0 0 140 0 0 105 
0 0 0 0 0 0 0 0 0 167 0 0 0 12 0 0 0 0 0 0 0 0 0 0 0 0 24 0 0 0 0 0 0 0 0 0 44 0 0 0 156 0 190 0 0 0 0 0 0 0 64 0 0 0 0 0 0 0 0 0 0 198 24 0 0 0 0 0 0 0 59 0 36 0 0 0 0 0 0 177 0 0 0 0 0 0 0 0 42 0 0 0 0 0 0 0 0 0 0 0 
0 0 78 0 0 0 77 0 106 20 98 0 12 0 0 70 0 0 0 0 0 148 0 0 0 0 0 0 0 0 0 0 0 0 0 0 0 0 0 0 0 0 0 21 0 36 0 0 48 0 0 0 0 0 0 86 0 0 0 0 0 0 0 0 0 0 0 0 0 0 0 0 0 0 0 0 0 0 0 52 0 0 0 0 0 0 0 0 76 0 0 0 0 0 0 0 0 0 0 34 
0 122 0 114 0 81 0 0 0 0 0 0 0 0 0 60 0 0 0 0 0 0 0 0 0 0 97 116 0 30 0 0 0 0 0 0 89 0 0 180 0 0 0 167 75 0 0 0 0 0 0 0 173 0 0 0 0 0 0 0 0 0 0 0 0 0 0 2 0 117 0 0 0 0 0 0 0 0 0 0 0 0 0 0 0 0 128 0 0 0 0 0 0 0 0 0 0 0 0 0 
0 0 0 0 0 0 0 0 0 0 0 0 0 70 60 0 0 0 0 0 0 0 0 0 0 55 0 0 0 92 0 0 0 0 0 0 0 0 0 0 0 0 0 0 0 0 0 0 0 0 87 0 140 47 41 0 0 0 0 0 0 0 0 75 0 0 0 0 0 0 0 0 0 0 0 113 0 0 0 0 0 0 53 0 0 0 111 0 0 0 0 87 0 0 0 172 0 70 0 0 
47 159 0 0 0 0 0 0 0 0 0 0 0 0 0 0 0 0 0 0 0 0 0 0 0 0 0 84 0 0 0 0 0 0 0 0 0 0 0 0 0 0 0 0 0 164 185 0 0 0 0 0 0 0 0 199 0 0 0 0 23 0 0 0 0 0 0 0 0 0 0 0 0 0 0 0 0 0 0 0 0 0 88 107 14 0 65 0 183 0 0 0 0 82 0 0 37 0 31 0 
0 140 0 0 140 32 0 47 0 123 0 0 0 0 0 0 0 0 92 0 150 0 0 0 0 0 0 0 0 0 0 8 0 0 158 0 0 0 0 198 0 0 0 0 0 0 61 0 0 0 0 0 0 0 0 0 0 0 0 0 0 0 0 0 0 0 0 0 0 0 0 0 0 0 0 0 0 0 0 0 0 7 0 0 0 0 181 0 137 0 0 0 0 0 0 0 0 104 0 0 
0 0 0 0 0 0 0 0 0 0 0 85 0 0 0 0 0 92 0 0 0 0 0 138 0 0 0 110 0 0 0 0 119 142 0 0 0 0 0 0 0 0 0 0 0 0 0 0 0 0 0 0 0 0 0 0 0 0 0 0 0 0 0 0 141 0 46 0 0 167 0 0 0 0 0 0 0 190 196 0 166 105 0 4 0 0 0 0 0 0 0 0 0 0 58 0 0 0 0 0 
0 0 0 0 0 95 0 0 0 0 0 0 0 0 0 0 0 0 0 0 0 0 0 0 0 0 0 0 0 0 0 0 0 0 0 0 0 194 0 50 0 199 0 0 0 0 0 0 0 0 72 0 0 0 0 0 0 0 0 0 0 0 0 0 0 0 0 0 0 0 0 0 0 0 77 0 31 0 0 0 0 0 0 0 0 0 0 0 0 0 0 0 0 0 0 0 0 0 0 0 
0 0 0 97 0 0 0 0 0 0 0 0 0 0 0 0 0 150 0 0 0 0 0 0 0 0 0 0 0 0 0 0 0 0 0 0 0 0 0 0 0 0 0 0 0 0 0 70 0 100 0 0 0 157 52 0 0 0 0 0 193 0 0 0 0 0 0 0 123 0 0 0 10 0 0 0 0 0 0 73 144 0 0 0 0 0 0 0 0 88 0 0 0 0 0 0 0 0 0 0 
0 85 0 0 0 0 0 0 0 0 0 0 0 148 0 0 0 0 0 0 0 0 25 0 169 0 0 0 171 0 0 0 0 0 0 0 56 0 0 0 0 0 172 0 94 0 0 0 97 0 0 0 135 0 0 0 0 199 0 0 0 0 0 0 70 0 0 0 0 0 0 0 98 0 0 0 0 0 0 95 0 0 0 0 0 51 0 0 0 0 0 0 0 0 0 0 0 0 0 0 
0 0 0 0 0 0 0 0 71 0 0 0 0 0 0 0 0 0 0 0 0 25 0 0 0 0 0 0 0 0 0 0 0 0 0 191 0 0 0 0 0 0 53 70 0 0 0 0 0 0 0 107 0 0 147 0 0 0 0 0 0 0 22 0 0 0 0 0 8 2 0 0 0 0 0 115 0 0 0 0 0 0 72 0 0 0 0 0 0 0 0 0 0 0 0 0 0 0 0 0 
127 0 0 0 92 0 0 0 0 0 0 0 0 0 0 0 0 0 138 0 0 0 0 0 0 0 0 0 0 0 0 0 0 0 0 0 0 0 0 0 0 0 0 0 0 0 0 54 0 0 0 0 0 163 0 49 0 94 0 0 0 0 0 0 0 0 0 0 0 0 0 0 65 0 0 0 0 0 0 0 0 0 0 0 22 0 0 0 105 0 0 0 0 0 0 0 0 0 0 52 
149 0 0 0 0 0 0 0 0 0 0 0 0 0 0 0 0 0 0 0 0 169 0 0 0 0 0 0 0 0 167 0 0 0 0 0 99 0 0 0 0 0 0 122 0 0 0 0 0 0 0 0 0 0 0 0 0 0 0 0 0 0 0 0 0 0 188 0 70 11 0 0 0 0 0 0 0 0 0 0 0 0 0 0 0 0 0 0 0 0 0 0 0 0 0 0 0 42 0 0 
0 0 0 0 0 0 0 0 77 0 0 0 0 0 0 55 0 0 0 0 0 0 0 0 0 0 162 83 0 0 80 0 11 0 0 0 0 0 0 0 0 43 0 0 0 0 0 0 0 0 0 0 0 0 0 0 0 0 0 163 0 47 0 0 0 0 0 89 128 0 0 0 0 0 0 0 0 0 0 0 0 0 0 0 0 0 13 0 0 0 0 0 0 0 0 0 0 0 93 0 
0 0 0 0 0 0 145 0 0 0 0 0 24 0 97 0 0 0 0 0 0 0 0 0 0 162 0 149 28 0 52 0 0 46 0 0 0 0 0 0 0 0 0 0 0 0 0 0 0 0 0 0 151 0 0 146 0 0 0 0 0 0 0 0 193 0 0 0 0 0 0 0 0 0 34 0 0 0 0 0 0 0 0 0 0 0 21 0 0 0 0 0 120 0 0 0 0 0 180 0 
0 0 0 0 0 0 0 0 0 12 0 0 0 0 116 0 84 0 110 0 0 0 0 0 0 83 149 0 0 0 0 0 47 0 0 0 0 0 0 95 0 0 0 0 0 0 0 172 0 0 0 76 0 0 0 0 0 0 0 0 0 0 0 0 0 0 0 0 0 11 0 0 0 0 0 0 0 75 0 89 0 0 0 0 0 0 0 189 0 0 167 0 0 0 0 0 0 0 0 0 
0 0 0 90 0 0 0 0 0 0 0 0 0 0 0 0 0 0 0 0 0 171 0 0 0 0 28 0 0 0 0 80 59 0 0 0 0 165 0 0 0 0 0 0 0 0 143 0 0 0 0 0 0 0 0 0 0 0 101 0 115 0 0 20 0 0 0 0 0 0 0 0 0 0 0 0 0 20 0 0 171 0 0 64 32 0 0 0 0 0 0 0 0 0 0 0 0 0 0 73 
0 0 0 0 0 0 0 0 0 0 0 0 0 0 30 92 0 0 0 0 0 0 0 0 0 0 0 0 0 0 0 0 0 0 0 172 0 0 0 0 0 0 0 0 0 177 178 0 0 82 39 0 0 0 0 133 0 0 0 0 0 69 129 0 174 0 0 90 0 0 0 0 0 0 0 194 0 0 0 0 0 0 0 0 0 0 0 0 158 0 0 0 0 0 96 0 0 0 0 0 
181 0 0 0 0 200 0 0 186 0 0 0 0 0 0 0 0 0 0 0 0 0 0 0 167 80 52 0 0 0 0 0 0 0 0 0 0 0 0 0 0 0 0 0 0 0 0 0 0 170 0 0 0 0 0 0 0 0 0 0 0 0 0 0 115 0 0 0 167 0 42 0 0 0 4 0 0 0 133 116 0 0 0 0 134 0 0 0 0 0 0 0 0 0 0 0 0 0 0 0 
0 0 0 0 0 0 0 0 0 0 39 0 0 0 0 0 0 8 0 0 0 0 0 0 0 0 0 0 80 0 0 0 0 113 0 0 0 0 0 0 6 0 0 0 0 0 0 0 0 0 0 0 0 0 0 0 0 0 179 0 0 0 0 73 0 0 84 0 0 0 0 0 0 0 0 0 0 0 169 0 70 0 0 0 0 0 0 0 0 0 0 0 0 0 87 0 0 0 0 0 
0 0 0 0 0 0 0 0 0 0 0 0 0 0 0 0 0 0 119 0 0 0 0 0 0 11 0 47 59 0 0 0 0 0 0 0 73 0 0 0 0 0 0 0 168 0 0 1 0 0 0 0 0 0 0 0 0 0 0 0 0 0 0 0 0 133 6 0 0 0 0 0 0 0 0 0 0 0 0 0 0 0 0 0 8 0 0 163 0 0 0 67 164 0 0 0 0 0 0 164 
0 0 0 0 0 0 0 0 0 148 0 0 0 0 0 0 0 0 142 0 0 0 0 0 0 0 46 0 0 0 0 113 0 0 73 0 0 0 157 0 0 0 0 0 0 0 0 0 0 0 0 9 0 0 0 150 66 0 0 0 0 0 0 0 0 0 0 0 0 0 0 60 0 121 0 0 0 0 0 0 0 110 0 0 0 0 0 0 0 6 0 0 0 0 122 0 0 0 0 0 
0 0 0 0 14 0 27 0 0 0 0 0 0 0 0 0 0 158 0 0 0 0 0 0 0 0 0 0 0 0 0 0 0 73 0 194 0 0 0 0 0 0 0 0 0 0 0 0 0 0 0 0 0 8 0 0 0 0 183 0 0 2 0 0 0 0 0 0 0 165 0 0 0 0 0 0 0 0 0 0 0 0 0 0 0 0 0 0 0 0 0 0 0 0 0 92 0 0 0 0 
36 0 0 0 0 0 0 64 0 0 0 78 0 0 0 0 0 0 0 0 0 0 191 0 0 0 0 0 0 172 0 0 0 0 194 0 0 0 0 0 0 0 0 0 0 0 0 0 0 0 35 0 0 0 0 0 0 0 0 33 100 0 0 0 154 0 0 0 0 75 0 0 0 0 0 0 0 0 0 0 0 0 0 0 0 0 0 0 0 0 0 0 0 0 0 0 0 0 0 0 
0 0 0 0 0 0 0 0 0 65 69 0 44 0 89 0 0 0 0 0 0 56 0 0 99 0 0 0 0 0 0 0 73 0 0 0 0 0 0 0 0 0 0 0 0 0 0 0 0 0 0 0 0 0 122 29 0 22 0 0 0 0 9 0 0 0 0 0 0 0 0 0 0 0 0 0 0 0 0 130 0 0 0 110 0 0 0 0 108 0 0 0 0 0 0 0 173 0 0 0 
135 0 0 0 117 0 47 0 0 0 0 0 0 0 0 0 0 0 0 194 0 0 0 0 0 0 0 0 165 0 0 0 0 0 0 0 0 0 0 161 0 0 0 0 0 0 0 0 13 0 0 0 0 0 0 0 0 0 0 0 0 0 0 0 0 133 0 0 0 0 0 0 0 0 0 0 0 0 0 0 188 0 0 0 110 0 0 0 0 0 0 93 137 110 0 0 110 0 0 142 
0 0 0 0 0 1 0 84 0 0 0 0 0 0 0 0 0 0 0 0 0 0 0 0 0 0 0 0 0 0 0 0 0 157 0 0 0 0 0 164 0 0 0 0 0 0 43 184 0 0 0 12 0 0 0 0 0 0 0 0 0 148 0 0 0 16 0 0 0 0 0 0 0 0 0 0 144 45 30 0 0 45 0 0 93 0 0 0 0 0 0 0 0 0 0 175 0 0 0 0 
0 0 134 0 47 0 0 0 0 0 180 0 0 0 180 0 0 198 0 50 0 0 0 0 0 0 0 95 0 0 0 0 0 0 0 0 0 161 164 0 0 0 0 0 132 0 171 0 0 0 0 0 0 0 0 0 0 0 80 0 0 0 0 0 0 0 23 0 0 0 121 0 0 0 0 0 0 0 0 0 0 0 0 0 0 8 0 0 0 0 0 0 0 0 0 0 0 0 0 0 
0 0 183 0 0 0 0 0 0 0 0 0 156 0 0 0 0 0 0 0 0 0 0 0 0 0 0 0 0 0 0 6 0 0 0 0 0 0 0 0 0 0 0 0 0 0 0 0 0 0 107 0 0 0 0 0 179 89 0 0 0 198 103 0 0 0 0 0 0 0 73 179 0 0 0 0 0 0 0 0 0 0 0 0 0 0 0 0 0 0 0 189 0 0 0 0 0 0 0 0 
0 12 0 0 0 0 0 84 0 0 0 0 0 0 0 0 0 0 0 199 0 0 0 0 0 43 0 0 0 0 0 0 0 0 0 0 0 0 0 0 0 0 189 0 0 0 0 0 0 0 0 0 0 0 0 0 23 117 0 0 0 0 171 0 0 0 0 0 0 0 0 0 0 0 0 0 0 148 84 0 0 0 0 0 0 0 0 76 0 0 0 196 0 0 0 0 0 0 0 0 
0 0 1 0 36 0 0 0 0 0 0 0 190 0 0 0 0 0 0 0 0 172 53 0 0 0 0 0 0 0 0 0 0 0 0 0 0 0 0 0 0 189 0 0 0 0 0 0 0 119 0 0 0 0 0 0 0 25 0 130 0 0 0 0 88 0 0 0 0 0 0 0 0 181 0 0 0 0 0 0 0 0 0 0 0 0 0 152 0 0 0 98 0 30 0 0 0 0 0 0 
0 0 0 0 0 27 0 0 0 0 0 8 0 21 167 0 0 0 0 0 0 0 70 0 122 0 0 0 0 0 0 0 0 0 0 0 0 0 0 0 0 0 0 0 0 69 0 0 0 0 0 0 0 0 0 0 0 0 0 0 0 0 0 0 12 0 0 0 0 0 173 0 0 0 0 0 107 0 0 0 0 200 0 0 83 176 0 0 0 0 0 0 0 0 0 0 106 26 0 0 
0 0 0 0 0 0 0 0 50 0 0 25 0 0 75 0 0 0 0 0 0 94 0 0 0 0 0 0 0 0 0 0 168 0 0 0 0 0 0 132 0 0 0 0 0 0 186 0 0 0 0 90 0 0 0 90 0 0 153 32 0 0 111 0 0 0 0 0 0 0 0 0 0 0 0 130 0 0 0 0 46 0 0 0 0 0 0 183 0 0 0 0 0 0 0 0 0 0 0 0 
0 0 0 0 0 0 0 0 0 0 0 0 0 36 0 0 164 0 0 0 0 0 0 0 0 0 0 0 0 177 0 0 0 0 0 0 0 0 0 0 0 0 0 69 0 0 91 0 0 0 160 0 0 0 89 0 0 23 0 0 112 0 0 0 0 50 162 0 26 0 0 0 0 46 0 0 0 0 54 59 0 0 0 0 0 0 0 0 0 0 0 0 0 0 0 0 0 0 0 0 
0 147 0 0 131 0 0 0 0 0 0 0 0 0 0 0 185 61 0 0 0 0 0 0 0 0 0 0 143 178 0 0 0 0 0 0 0 0 43 171 0 0 0 0 186 91 0 0 0 0 86 0 0 136 0 0 0 0 0 0 0 0 0 0 0 0 0 0 0 0 0 0 135 0 0 0 0 0 0 0 0 0 198 0 0 0 0 0 0 0 0 0 167 0 0 0 0 0 0 0 
0 11 0 0 0 0 166 0 0 49 0 0 0 0 0 0 0 0 0 0 70 0 0 54 0 0 0 172 0 0 0 0 1 0 0 0 0 0 184 0 0 0 0 0 0 0 0 0 0 0 85 0 0 0 37 0 0 0 0 0 0 0 0 12 0 0 0 157 0 0 0 0 0 0 0 44 0 0 0 48 0 0 0 0 0 0 0 0 0 0 0 0 0 0 0 33 0 0 0 0 
0 142 184 112 0 0 0 0 0 0 134 0 0 48 0 0 0 0 0 0 0 97 0 0 0 0 0 0 0 0 0 0 0 0 0 0 0 13 0 0 0 0 0 0 0 0 0 0 0 0 39 0 0 139 199 0 0 0 0 0 71 0 0 0 0 0 0 0 0 0 48 0 0 0 0 0 0 0 196 0 0 0 127 0 0 179 0 0 0 0 0 0 0 0 0 0 0 0 0 0 
0 0 0 0 0 0 0 0 0 0 0 0 0 0 0 0 0 0 0 0 100 0 0 0 0 0 0 0 0 82 170 0 0 0 0 0 0 0 0 0 0 0 119 0 0 0 0 0 0 0 0 0 0 0 0 0 0 0 0 0 49 0 122 0 107 0 0 0 0 103 0 25 156 0 0 151 0 0 0 0 0 0 0 0 0 0 0 0 0 0 0 0 0 0 0 0 0 0 0 0 
0 0 0 0 0 0 0 0 0 0 0 0 64 0 0 87 0 0 0 72 0 0 0 0 0 0 0 0 0 39 0 0 0 0 0 35 0 0 0 0 107 0 0 0 0 160 86 85 39 0 0 0 0 0 0 0 0 0 102 0 0 0 0 0 0 0 0 0 0 0 0 0 0 0 0 0 0 175 0 0 0 0 0 0 42 0 0 0 0 92 0 0 0 0 0 0 105 0 0 0 
0 0 0 146 0 0 0 0 0 187 0 0 0 0 0 0 0 0 0 0 0 0 107 0 0 0 0 76 0 0 0 0 0 9 0 0 0 0 12 0 0 0 0 0 90 0 0 0 0 0 0 0 0 0 194 0 0 169 164 0 0 0 0 0 0 0 0 0 0 110 0 167 0 0 189 0 0 0 0 0 0 0 0 0 0 0 0 0 0 0 108 0 0 0 0 196 0 0 0 0 
0 0 0 0 0 0 0 0 0 0 146 0 0 0 173 140 0 0 0 0 0 135 0 0 0 0 151 0 0 0 0 0 0 0 0 0 0 0 0 0 0 0 0 0 0 0 0 0 0 0 0 0 0 0 180 0 0 0 0 0 0 0 115 0 0 0 0 0 0 0 0 0 0 0 0 0 0 0 0 186 44 0 0 0 0 0 0 0 0 0 0 0 0 0 0 0 0 0 0 113 
0 0 0 0 0 0 0 0 158 0 0 0 0 0 0 47 0 0 0 0 157 0 0 163 0 0 0 0 0 0 0 0 0 0 8 0 0 0 0 0 0 0 0 0 0 0 136 0 139 0 0 0 0 0 0 0 0 0 0 0 0 0 0 0 0 0 91 0 0 0 0 0 0 0 0 0 136 0 0 0 0 193 0 0 0 0 0 0 0 0 199 0 0 0 0 0 0 0 0 0 
0 0 0 0 0 0 192 0 0 0 0 0 0 0 0 41 0 0 0 0 52 0 147 0 0 0 0 0 0 0 0 0 0 0 0 0 122 0 0 0 0 0 0 0 0 89 0 37 199 0 0 194 180 0 0 0 0 0 0 0 0 80 0 0 0 0 59 0 0 0 0 0 0 0 0 0 0 0 0 131 0 0 0 0 123 0 0 0 0 0 0 0 0 181 0 0 0 0 0 0 
0 0 0 0 0 0 0 0 120 0 0 0 0 86 0 0 199 0 0 0 0 0 0 49 0 0 146 0 0 133 0 0 0 150 0 0 29 0 0 0 0 0 0 0 90 0 0 0 0 0 0 0 0 0 0 0 0 170 0 0 0 0 0 0 0 69 0 0 0 0 102 0 0 181 0 0 0 0 0 0 0 0 0 0 0 0 162 0 0 67 0 0 0 0 0 0 0 0 0 0 
0 0 0 0 0 0 0 0 0 0 0 0 0 0 0 0 0 0 0 0 0 0 0 0 0 0 0 0 0 0 0 0 0 66 0 0 0 0 0 0 179 23 0 0 0 0 0 0 0 0 0 0 0 0 0 0 0 0 0 0 0 0 0 0 0 0 0 0 0 0 121 0 121 99 0 0 0 0 0 0 85 0 0 94 0 0 0 0 7 0 0 0 0 0 0 0 0 57 0 0 
0 112 0 0 0 0 0 0 0 0 0 0 0 0 0 0 0 0 0 0 0 199 0 94 0 0 0 0 0 0 0 0 0 0 0 0 22 0 0 0 89 117 25 0 0 23 0 0 0 0 0 169 0 0 0 170 0 0 191 0 0 0 0 0 0 0 0 0 0 0 0 0 0 0 0 0 0 0 0 0 0 0 0 0 0 0 0 0 0 0 0 0 0 0 0 39 0 1 0 0 
20 0 0 0 74 0 0 0 0 40 0 154 0 0 0 0 0 0 0 0 0 0 0 0 0 0 0 0 101 0 0 179 0 0 183 0 0 0 0 80 0 0 0 0 153 0 0 0 0 0 102 164 0 0 0 0 0 191 0 0 0 0 0 0 0 0 0 0 0 0 0 0 33 0 0 0 0 0 161 0 0 0 0 0 0 20 0 0 0 0 0 0 0 0 0 0 0 0 0 0 
0 0 33 0 0 0 0 95 0 0 0 0 0 0 0 0 0 0 0 0 0 0 0 0 0 163 0 0 0 0 0 0 0 0 0 33 0 0 0 0 0 0 130 0 32 0 0 0 0 0 0 0 0 0 0 0 0 0 0 0 0 0 0 0 0 0 0 0 0 0 0 0 0 0 63 38 0 140 0 0 0 0 0 0 0 1 0 0 0 0 0 0 0 25 0 0 0 0 0 0 
0 0 0 0 0 0 0 53 0 95 0 0 0 0 0 0 23 0 0 0 193 0 0 0 0 0 0 0 115 0 0 0 0 0 0 100 0 0 0 0 0 0 0 0 0 112 0 0 71 49 0 0 0 0 0 0 0 0 0 0 0 0 0 0 54 0 0 0 0 0 0 0 0 0 0 0 0 0 0 0 0 0 0 62 0 0 0 4 0 0 14 0 0 75 0 0 0 0 0 128 
0 0 0 0 0 0 65 0 0 0 0 26 198 0 0 0 0 0 0 0 0 0 0 0 0 47 0 0 0 69 0 0 0 0 2 0 0 0 148 0 198 0 0 0 0 0 0 0 0 0 0 0 0 0 80 0 0 0 0 0 0 0 0 0 0 0 164 68 0 0 0 0 0 0 58 0 133 0 0 0 0 0 0 0 0 0 0 0 0 0 157 0 93 0 0 0 0 0 0 0 
0 0 0 0 0 0 0 0 0 0 0 0 24 0 0 0 0 0 0 0 0 0 22 0 0 0 0 0 0 129 0 0 0 0 0 0 9 0 0 0 103 171 0 0 111 0 0 0 0 122 0 0 115 0 0 0 0 0 0 0 0 0 0 0 0 0 0 0 0 0 0 0 0 146 0 0 0 0 0 0 70 191 0 0 0 0 0 0 0 0 0 0 0 52 0 0 0 0 0 0 
0 0 0 0 76 72 0 0 0 0 0 0 0 0 0 75 0 0 0 0 0 0 0 0 0 0 0 0 20 0 0 73 0 0 0 0 0 0 0 0 0 0 0 0 0 0 0 12 0 0 0 0 0 0 0 0 0 0 0 0 0 0 0 0 124 0 0 0 0 0 0 0 0 41 35 0 0 0 0 0 0 0 0 0 0 0 0 0 0 46 0 0 0 0 120 74 0 0 52 0 
0 0 0 0 0 0 0 0 44 0 0 172 0 0 0 0 0 0 141 0 0 70 0 0 0 0 193 0 0 174 115 0 0 0 0 154 0 0 0 0 0 0 88 12 0 0 0 0 0 107 0 0 0 0 0 0 0 0 0 0 54 0 0 124 0 0 0 0 0 0 0 0 0 0 0 0 0 0 0 0 0 0 0 0 0 0 0 0 0 0 0 0 0 0 19 0 0 0 26 0 
0 0 0 0 0 0 0 0 0 0 176 169 0 0 0 0 0 0 0 0 0 0 0 0 0 0 0 0 0 0 0 0 133 0 0 0 0 133 16 0 0 0 0 0 0 50 0 0 0 0 0 0 0 0 0 69 0 0 0 0 0 0 0 0 0 0 0 0 0 0 0 0 0 0 0 0 0 0 0 0 0 0 0 0 0 0 0 0 0 0 0 0 0 0 0 0 0 0 0 121 
0 0 0 0 0 0 0 0 0 0 0 0 0 0 0 0 0 0 46 0 0 0 0 0 188 0 0 0 0 0 0 84 6 0 0 0 0 0 0 23 0 0 0 0 0 162 0 0 0 0 0 0 0 91 59 0 0 0 0 0 0 164 0 0 0 0 0 57 0 0 0 0 0 0 0 186 0 0 35 0 1 0 0 0 0 0 0 0 0 0 104 0 0 0 0 0 165 0 0 0 
144 0 0 0 0 0 0 0 0 32 0 0 0 0 2 0 0 0 0 0 0 0 0 0 0 89 0 0 0 90 0 0 0 0 0 0 0 0 0 0 0 0 0 0 0 0 0 157 0 0 0 0 0 0 0 0 0 0 0 0 0 68 0 0 0 0 57 0 0 71 0 0 0 115 0 0 0 0 0 0 0 0 0 0 0 0 8 0 0 0 138 0 0 0 0 0 0 0 0 0 
0 7 27 0 0 0 0 80 56 0 77 0 0 0 0 0 0 0 0 0 123 0 8 0 70 128 0 0 0 0 167 0 0 0 0 0 0 0 0 0 0 0 0 0 0 26 0 0 0 0 0 0 0 0 0 0 0 0 0 0 0 0 0 0 0 0 0 0 0 35 0 0 0 0 0 0 0 0 0 0 0 0 0 0 0 63 0 0 0 0 0 0 140 54 0 0 0 0 0 0 
0 0 0 0 0 0 0 0 0 0 0 0 0 0 117 0 0 0 167 0 0 0 2 0 11 0 0 11 0 0 0 0 0 0 165 75 0 0 0 0 0 0 0 0 0 0 0 0 0 103 0 110 0 0 0 0 0 0 0 0 0 0 0 0 0 0 0 71 35 0 0 132 0 0 0 0 0 0 20 0 0 0 0 0 0 0 6 0 0 0 0 0 0 0 0 0 0 0 23 0 
0 0 0 0 0 0 0 0 0 0 3 0 59 0 0 0 0 0 0 0 0 0 0 0 0 0 0 0 0 0 42 0 0 0 0 0 0 0 0 121 73 0 0 173 0 0 0 0 48 0 0 0 0 0 0 102 121 0 0 0 0 0 0 0 0 0 0 0 0 0 0 0 0 0 0 0 0 0 0 0 0 0 63 0 0 0 0 0 0 0 146 0 182 0 0 0 0 0 11 0 
32 0 87 0 0 0 0 0 8 0 0 0 0 0 0 0 0 0 0 0 0 0 0 0 0 0 0 0 0 0 0 0 0 60 0 0 0 0 0 0 179 0 0 0 0 0 0 0 0 25 0 167 0 0 0 0 0 0 0 0 0 0 0 0 0 0 0 0 0 132 0 0 0 0 0 0 0 0 0 0 0 76 0 0 0 0 0 0 0 0 0 0 90 0 0 0 0 0 0 39 
0 0 0 0 0 0 0 0 0 0 0 0 36 0 0 0 0 0 0 0 10 98 0 65 0 0 0 0 0 0 0 0 0 0 0 0 0 0 0 0 0 0 0 0 0 0 135 0 0 156 0 0 0 0 0 0 121 0 33 0 0 0 0 0 0 0 0 0 0 0 0 0 0 0 0 0 162 0 0 0 133 0 0 0 0 0 0 0 0 145 64 0 0 0 85 0 0 197 0 0 
0 0 0 0 0 0 0 0 0 0 0 0 0 0 0 0 0 0 0 0 0 0 0 0 0 0 0 0 0 0 0 0 0 121 0 0 0 0 0 0 0 0 181 0 0 46 0 0 0 0 0 0 0 0 0 181 99 0 0 0 0 0 146 41 0 0 0 115 0 0 0 0 0 0 143 13 0 0 0 0 0 0 33 0 15 0 0 0 0 182 0 0 0 0 0 0 0 0 0 0 
0 0 0 0 0 0 0 0 0 0 0 0 0 0 0 0 0 0 0 77 0 0 0 0 0 0 34 0 0 0 4 0 0 0 0 0 0 0 0 0 0 0 0 0 0 0 0 0 0 0 0 189 0 0 0 0 0 0 0 63 0 58 0 35 0 0 0 0 0 0 0 0 0 143 0 0 0 0 0 0 0 0 0 0 0 0 0 0 0 148 0 149 0 0 0 0 0 105 0 0 
0 0 0 0 190 0 136 0 0 0 0 0 0 0 0 113 0 0 0 0 0 0 115 0 0 0 0 0 0 194 0 0 0 0 0 0 0 0 0 0 0 0 0 0 130 0 0 44 0 151 0 0 0 0 0 0 0 0 0 38 0 0 0 0 0 0 186 0 0 0 0 0 0 13 0 0 0 165 0 0 0 0 0 0 0 0 0 31 0 0 0 0 0 0 0 0 0 0 0 0 
106 0 0 0 0 156 137 0 141 0 0 57 0 0 0 0 0 0 0 31 0 0 0 0 0 0 0 0 0 0 0 0 0 0 0 0 0 0 144 0 0 0 0 107 0 0 0 0 0 0 0 0 0 136 0 0 0 0 0 0 0 133 0 0 0 0 0 0 0 0 0 0 162 0 0 0 0 0 0 0 0 0 45 0 0 0 0 0 110 141 0 0 0 0 0 0 0 0 21 0 
122 0 0 0 0 0 0 0 0 147 118 0 0 0 0 0 0 0 190 0 0 0 0 0 0 0 0 75 20 0 0 0 0 0 0 0 0 0 45 0 0 148 0 0 0 0 0 0 0 0 175 0 0 0 0 0 0 0 0 140 0 0 0 0 0 0 0 0 0 0 0 0 0 0 0 165 0 0 0 0 0 0 0 0 0 175 16 0 0 0 0 0 0 141 0 0 195 0 0 0 
0 0 0 0 0 0 0 0 0 153 0 0 0 0 0 0 0 0 196 0 0 0 0 0 0 0 0 0 0 0 133 169 0 0 0 0 0 0 30 0 0 84 0 0 0 54 0 0 196 0 0 0 0 0 0 0 0 0 161 0 0 0 0 0 0 0 35 0 0 20 0 0 0 0 0 0 0 0 0 0 0 0 0 0 0 0 0 0 118 0 0 0 0 0 0 0 7 75 124 0 
0 0 0 0 0 0 0 0 0 0 0 0 177 52 0 0 0 0 0 0 73 95 0 0 0 0 0 89 0 0 116 0 0 0 0 0 130 0 0 0 0 0 0 0 0 59 0 48 0 0 0 0 186 0 131 0 0 0 0 0 0 0 0 0 0 0 0 0 0 0 0 0 0 0 0 0 0 0 0 0 0 0 0 0 0 186 0 181 0 0 0 0 0 0 0 0 0 0 0 0 
0 13 0 0 0 0 0 0 0 0 0 0 0 0 0 0 0 0 166 0 144 0 0 0 0 0 0 0 171 0 0 70 0 0 0 0 0 188 0 0 0 0 0 0 46 0 0 0 0 0 0 0 44 0 0 0 85 0 0 0 0 0 70 0 0 0 1 0 0 0 0 0 133 0 0 0 0 0 0 0 0 0 0 0 0 0 0 0 0 108 29 0 0 0 0 0 0 0 0 0 
0 0 147 0 0 133 159 0 0 0 0 0 0 0 0 0 0 7 105 0 0 0 0 0 0 0 0 0 0 0 0 0 0 110 0 0 0 0 45 0 0 0 0 200 0 0 0 0 0 0 0 0 0 193 0 0 0 0 0 0 0 0 191 0 0 0 0 0 0 0 0 76 0 0 0 0 0 0 0 0 0 0 0 0 0 0 75 8 0 0 0 6 0 8 0 0 0 0 0 0 
55 0 0 0 0 0 0 0 0 0 0 0 0 0 0 53 88 0 0 0 0 0 72 0 0 0 0 0 0 0 0 0 0 0 0 0 0 0 0 0 0 0 0 0 0 0 198 0 127 0 0 0 0 0 0 0 0 0 0 0 0 0 0 0 0 0 0 0 0 0 63 0 0 33 0 0 45 0 0 0 0 0 0 120 0 0 0 3 0 59 0 0 123 0 0 0 0 0 0 0 
0 0 0 0 0 0 0 0 0 0 0 105 0 0 0 0 107 0 4 0 0 0 0 0 0 0 0 0 64 0 0 0 0 0 0 0 110 0 0 0 0 0 0 0 0 0 0 0 0 0 0 0 0 0 0 0 94 0 0 0 62 0 0 0 0 0 0 0 0 0 0 0 0 0 0 0 0 0 0 0 0 0 120 0 0 0 0 0 0 0 0 0 158 0 0 0 0 0 0 0 
0 0 0 192 0 0 0 0 0 0 14 0 0 0 0 0 14 0 0 0 0 0 0 22 0 0 0 0 32 0 134 0 8 0 0 0 0 110 93 0 0 0 0 83 0 0 0 0 0 0 42 0 0 0 123 0 0 0 0 0 0 0 0 0 0 0 0 0 0 0 0 0 0 15 0 0 0 0 0 0 0 0 0 0 0 0 0 111 0 156 0 0 0 0 0 0 0 0 0 0 
0 0 0 0 0 0 0 0 0 0 0 28 0 0 0 0 0 0 0 0 0 51 0 0 0 0 0 0 0 0 0 0 0 0 0 0 0 0 0 8 0 0 0 176 0 0 0 0 179 0 0 0 0 0 0 0 0 0 20 1 0 0 0 0 0 0 0 0 63 0 0 0 0 0 0 0 0 175 0 186 0 0 0 0 0 0 0 0 0 0 93 0 0 0 0 5 0 94 0 0 
0 0 106 0 0 128 0 0 0 70 0 0 0 0 128 111 65 181 0 0 0 0 0 0 0 13 21 0 0 0 0 0 0 0 0 0 0 0 0 0 0 0 0 0 0 0 0 0 0 0 0 0 0 0 0 162 0 0 0 0 0 0 0 0 0 0 0 8 0 6 0 0 0 0 0 0 0 16 0 0 0 75 0 0 0 0 0 0 0 0 25 0 0 0 0 0 0 0 0 0 
0 0 0 0 0 0 138 0 0 0 0 0 0 0 0 0 0 0 0 0 0 0 0 0 0 0 0 189 0 0 0 0 163 0 0 0 0 0 0 0 0 76 152 0 183 0 0 0 0 0 0 0 0 0 0 0 0 0 0 0 4 0 0 0 0 0 0 0 0 0 0 0 0 0 0 31 0 0 0 181 0 8 3 0 111 0 0 0 57 0 0 186 0 0 0 0 0 0 80 0 
0 0 0 0 72 0 0 0 192 0 0 0 42 76 0 0 183 137 0 0 0 0 0 105 0 0 0 0 0 158 0 0 0 0 0 0 108 0 0 0 0 0 0 0 0 0 0 0 0 0 0 0 0 0 0 0 7 0 0 0 0 0 0 0 0 0 0 0 0 0 0 0 0 0 0 0 110 0 118 0 0 0 0 0 0 0 0 57 0 0 0 0 0 0 0 17 0 67 0 0 
0 0 0 0 50 43 0 0 0 0 145 0 0 0 0 0 0 0 0 0 88 0 0 0 0 0 0 0 0 0 0 0 0 6 0 0 0 0 0 0 0 0 0 0 0 0 0 0 0 0 92 0 0 0 0 67 0 0 0 0 0 0 0 46 0 0 0 0 0 0 0 0 145 182 148 0 141 0 0 0 108 0 59 0 156 0 0 0 0 0 0 0 0 0 0 0 0 0 0 0 
0 0 0 0 0 26 0 0 0 0 0 0 0 0 0 0 0 0 0 0 0 0 0 0 0 0 0 167 0 0 0 0 0 0 0 0 0 0 0 0 0 0 0 0 0 0 0 0 0 0 0 108 0 199 0 0 0 0 0 0 14 157 0 0 0 0 104 138 0 0 146 0 64 0 0 0 0 0 0 0 29 0 0 0 0 93 25 0 0 0 0 0 0 110 0 0 133 0 0 0 
0 0 0 0 0 0 0 0 0 0 0 0 0 0 0 87 0 0 0 0 0 0 0 0 0 0 0 0 0 0 0 0 67 0 0 0 0 93 0 0 189 196 98 0 0 0 0 0 0 0 0 0 0 0 0 0 0 0 0 0 0 0 0 0 0 0 0 0 0 0 0 0 0 0 149 0 0 0 0 0 0 6 0 0 0 0 0 186 0 0 0 0 15 160 0 0 188 146 0 0 
0 0 125 0 182 0 0 0 0 0 0 144 0 0 0 0 0 0 0 0 0 0 0 0 0 0 120 0 0 0 0 0 164 0 0 0 0 137 0 0 0 0 0 0 0 0 167 0 0 0 0 0 0 0 0 0 0 0 0 0 0 93 0 0 0 0 0 0 140 0 182 90 0 0 0 0 0 0 0 0 0 0 123 158 0 0 0 0 0 0 0 15 0 0 125 0 0 0 0 0 
0 0 0 0 0 147 0 0 104 0 0 0 0 0 0 0 82 0 0 0 0 0 0 0 0 0 0 0 0 0 0 0 0 0 0 0 0 110 0 0 0 0 30 0 0 0 0 0 0 0 0 0 0 0 181 0 0 0 0 25 75 0 52 0 0 0 0 0 54 0 0 0 0 0 0 0 0 141 0 0 0 8 0 0 0 0 0 0 0 0 110 160 0 0 0 0 35 0 0 0 
0 0 0 137 0 0 0 0 0 0 96 0 0 0 0 0 0 0 58 0 0 0 0 0 0 0 0 0 0 96 0 87 0 122 0 0 0 0 0 0 0 0 0 0 0 0 0 0 0 0 0 0 0 0 0 0 0 0 0 0 0 0 0 120 19 0 0 0 0 0 0 0 85 0 0 0 0 0 0 0 0 0 0 0 0 0 0 0 0 0 0 0 125 0 0 0 0 0 0 0 
0 68 0 0 0 0 0 0 0 0 0 0 0 0 0 172 0 0 0 0 0 0 0 0 0 0 0 0 0 0 0 0 0 0 92 0 0 0 175 0 0 0 0 0 0 0 0 33 0 0 0 196 0 0 0 0 0 39 0 0 0 0 0 74 0 0 0 0 0 0 0 0 0 0 0 0 0 0 0 0 0 0 0 0 0 5 0 0 17 0 0 0 0 0 0 0 69 0 0 0 
0 0 0 0 0 0 0 0 0 0 0 140 0 0 0 0 37 0 0 0 0 0 0 0 0 0 0 0 0 0 0 0 0 0 0 0 173 110 0 0 0 0 0 106 0 0 0 0 0 0 105 0 0 0 0 0 0 0 0 0 0 0 0 0 0 0 165 0 0 0 0 0 0 0 0 0 0 195 7 0 0 0 0 0 0 0 0 0 0 0 133 188 0 35 0 69 0 0 0 140 
0 0 0 0 0 88 0 43 0 0 0 0 0 0 0 70 0 104 0 0 0 0 0 0 42 0 0 0 0 0 0 0 0 0 0 0 0 0 0 0 0 0 0 26 0 0 0 0 0 0 0 0 0 0 0 0 57 1 0 0 0 0 0 0 0 0 0 0 0 0 0 0 197 0 105 0 0 0 75 0 0 0 0 0 0 94 0 0 67 0 0 146 0 0 0 0 0 0 83 0 
31 50 0 0 0 0 0 113 0 0 0 0 0 0 0 0 31 0 0 0 0 0 0 0 0 93 180 0 0 0 0 0 0 0 0 0 0 0 0 0 0 0 0 0 0 0 0 0 0 0 0 0 0 0 0 0 0 0 0 0 0 0 0 52 26 0 0 0 0 23 11 0 0 0 0 0 21 0 124 0 0 0 0 0 0 0 0 80 0 0 0 0 0 0 0 0 0 83 0 0 
0 0 0 0 167 0 0 0 0 0 0 105 0 34 0 0 0 0 0 0 0 0 0 52 0 0 0 0 73 0 0 0 164 0 0 0 0 142 0 0 0 0 0 0 0 0 0 0 0 0 0 0 113 0 0 0 0 0 0 0 128 0 0 0 0 121 0 0 0 0 0 39 0 0 0 0 0 0 0 0 0 0 0 0 0 0 0 0 0 0 0 0 0 0 0 0 140 0 0 0 
