0 0 84 63 0 36 91 62 42 16 97 67 23 29 0 87 0 91 0 31 69 26 11 41 7 0 0 40 0 95 37 40 81 53 83 88 50 95 0 0 80 0 0 15 0 77 0 0 0 67 27 6 20 47 53 33 0 72 30 67 77 6 36 33 63 51 0 0 25 87 0 67 63 66 60 32 24 74 80 0 34 41 0 21 0 0 95 0 11 52 19 18 0 0 0 16 15 56 0 47 
0 0 74 0 81 39 34 20 66 0 43 44 52 89 0 87 0 67 85 67 54 26 38 99 45 0 85 9 0 0 0 66 97 0 79 32 41 18 88 0 0 6 0 0 45 0 8 0 65 52 0 56 70 85 35 0 76 78 0 13 15 0 98 75 92 34 0 0 38 0 6 21 0 12 72 0 95 0 0 72 47 0 4 0 0 55 0 45 33 0 96 10 94 83 0 69 3 40 95 0 
84 74 0 0 86 0 85 83 56 0 43 0 0 0 26 29 0 0 15 86 2 20 89 92 100 0 0 0 0 0 0 0 11 0 7 99 0 0 0 5 37 1 69 0 0 24 0 0 27 41 0 0 0 0 92 0 0 67 46 81 0 16 0 85 0 71 2 0 0 26 48 27 77 38 48 1 9 96 0 0 0 7 37 0 0 60 44 16 0 0 99 0 0 0 0 47 0 0 78 0 
63 0 0 0 0 0 66 89 53 0 0 0 0 36 0 83 12 70 53 65 4 30 0 24 92 0 0 43 73 42 71 37 33 0 0 0 36 0 0 79 0 0 19 65 14 0 45 75 6 58 61 0 69 2 100 0 56 0 52 21 0 89 0 65 0 87 0 85 96 0 12 0 42 67 0 48 0 0 80 75 22 61 83 95 80 24 0 0 15 73 92 0 81 33 0 20 0 8 23 57 
0 81 86 0 0 0 0 24 3 0 0 40 42 2 83 0 9 0 15 0 14 82 0 53 0 0 0 29 78 32 0 40 0 69 10 0 0 22 0 93 0 39 64 56 99 21 0 97 21 64 0 4 88 60 0 7 0 55 0 0 56 14 26 57 0 86 0 0 0 41 58 0 77 31 47 33 21 48 6 32 80 0 0 54 0 57 83 34 0 28 0 0 61 51 0 60 24 0 64 0 
36 39 0 0 0 0 0 0 0 95 0 0 0 0 0 54 0 14 24 85 0 83 1 57 3 42 0 0 32 91 10 30 63 30 0 99 0 92 0 0 25 4 0 2 43 53 29 0 28 91 97 49 0 89 79 0 0 0 0 37 0 22 52 34 0 85 8 0 6 14 0 65 55 0 0 0 43 0 80 0 66 81 0 50 0 0 11 0 86 0 14 6 76 47 89 70 0 84 3 0 
91 34 85 66 0 0 0 76 54 64 0 94 28 62 0 51 0 82 30 89 0 95 100 0 0 37 15 0 0 0 73 92 52 0 0 0 0 62 0 0 59 51 0 0 83 70 0 0 73 71 43 31 39 0 0 0 78 0 0 67 39 51 5 0 0 39 50 0 88 0 75 70 0 0 0 0 6 52 85 4 53 75 2 50 69 0 23 0 95 62 15 31 0 0 86 75 19 0 0 0 
62 20 83 89 24 0 76 0 0 0 0 0 0 0 32 11 0 2 10 0 0 79 72 66 42 65 82 0 83 0 0 1 0 0 100 70 1 0 72 0 0 42 27 0 88 33 76 81 0 26 21 46 23 0 0 0 0 54 53 0 84 23 0 0 24 77 0 1 0 36 0 0 0 69 93 7 93 22 9 94 0 48 32 26 0 0 78 13 23 15 8 0 0 40 0 76 65 22 0 89 
42 66 56 53 3 0 54 0 0 17 0 61 24 33 41 0 0 24 0 0 64 0 0 48 78 0 45 97 91 97 97 34 47 0 9 69 59 0 0 51 76 0 17 87 98 0 26 9 12 59 53 61 41 0 10 10 50 0 0 29 83 70 0 65 25 31 0 26 13 6 41 0 0 21 0 15 0 0 84 69 38 8 97 27 94 39 69 42 24 0 28 26 69 0 56 0 0 36 0 27 
16 0 0 0 0 95 64 0 17 0 30 0 35 5 0 32 60 0 22 27 87 1 0 20 53 27 22 0 46 19 31 78 97 26 0 0 21 63 91 0 0 0 35 75 6 64 0 37 75 0 0 89 9 65 55 90 97 0 0 0 0 82 0 10 0 0 64 73 89 0 0 12 0 34 7 61 0 0 0 0 56 35 57 93 47 0 89 91 0 90 0 23 23 0 27 50 0 68 0 96 
97 43 43 0 0 0 0 0 0 30 0 0 0 79 0 15 38 34 92 10 0 0 0 93 49 41 83 0 0 72 0 40 0 0 1 0 40 71 0 60 17 0 75 42 2 0 99 0 63 0 0 65 45 74 95 0 75 77 0 74 0 0 56 70 15 10 6 64 29 76 0 4 79 73 0 95 19 0 51 59 85 27 0 0 7 75 57 0 0 92 71 28 60 0 46 48 70 47 23 64 
67 44 0 0 40 0 94 0 61 0 0 0 90 38 30 81 40 0 49 0 30 0 95 60 21 71 64 0 80 85 4 58 92 6 79 79 0 96 0 52 28 0 14 0 0 97 0 0 100 74 52 47 81 73 0 78 0 0 53 81 62 0 0 0 99 83 22 68 0 0 77 0 37 61 12 68 55 79 1 52 44 0 18 55 0 0 21 0 31 0 0 27 81 0 34 49 65 26 64 41 
23 52 0 0 42 0 28 0 24 35 0 90 0 17 17 54 72 0 23 43 6 42 84 91 96 0 67 0 30 67 0 0 80 43 13 67 0 95 52 62 25 0 8 1 69 52 0 50 0 83 0 36 32 47 81 72 0 5 0 91 99 74 0 89 0 57 49 23 35 5 0 48 86 38 0 31 0 25 0 0 77 17 77 0 51 69 83 14 33 45 52 41 77 0 0 80 0 95 0 24 
29 89 0 36 2 0 62 0 33 5 79 38 17 0 40 18 85 0 71 84 69 73 0 39 50 30 0 0 0 52 21 72 78 93 0 79 0 0 0 89 0 0 52 91 78 97 76 94 0 17 58 96 50 17 0 0 54 58 0 89 0 81 0 73 73 80 73 50 91 57 25 88 0 77 48 0 0 0 0 91 0 31 95 31 16 62 0 56 21 82 0 91 59 0 81 65 12 77 90 3 
0 0 26 0 83 0 0 32 41 0 0 30 17 40 0 13 0 0 26 4 0 43 0 0 0 47 0 46 90 15 58 0 3 0 0 34 0 0 0 88 0 0 1 76 0 0 94 76 56 0 0 0 30 80 12 29 0 46 0 68 26 45 79 0 0 0 2 57 8 36 54 81 0 0 100 55 0 1 78 21 0 0 77 10 0 0 11 82 85 0 0 0 27 23 5 9 0 0 94 15 
87 87 29 83 0 54 51 11 0 32 15 81 54 18 13 0 18 60 71 71 90 0 86 71 41 24 19 80 91 94 0 0 35 82 9 34 31 11 0 0 20 0 76 81 0 40 40 100 36 0 33 89 4 97 0 5 0 45 0 59 0 0 78 20 8 53 47 0 0 0 0 64 0 0 44 0 75 16 56 55 98 29 75 47 0 0 35 62 0 70 0 0 89 26 18 0 83 19 0 0 
0 0 0 12 9 0 0 0 0 60 38 40 72 85 0 18 0 27 38 0 0 9 37 56 24 0 25 0 95 48 0 8 78 52 33 98 78 76 51 71 2 0 0 0 61 27 0 0 54 88 58 0 64 92 43 79 52 7 16 68 0 84 0 1 0 16 59 0 7 99 0 30 0 0 4 97 87 58 0 51 12 0 93 0 43 0 58 44 0 9 0 90 89 84 75 97 30 71 19 83 
91 67 0 70 0 14 82 2 24 0 34 0 0 0 0 60 27 0 91 81 0 93 61 0 0 0 63 0 11 85 51 12 0 0 21 6 0 0 0 40 0 0 0 97 46 85 0 0 0 37 54 76 75 15 41 14 95 98 0 70 67 65 55 99 0 75 0 0 0 21 68 55 60 0 0 0 0 43 17 0 2 53 0 48 41 37 0 0 36 0 96 63 0 76 0 0 0 0 92 33 
0 85 15 53 15 24 30 10 0 22 92 49 23 71 26 71 38 91 0 0 12 79 98 38 0 70 0 0 23 0 49 35 10 55 60 75 0 43 17 0 41 83 69 0 0 6 72 51 60 0 0 19 0 0 0 0 85 66 0 82 96 37 0 51 90 97 0 0 0 95 35 0 67 66 67 0 0 0 84 0 0 0 34 0 28 89 1 79 0 0 51 99 97 0 34 0 0 20 69 53 
31 67 86 65 0 85 89 0 0 27 10 0 43 84 4 71 0 81 0 0 53 0 29 29 64 71 0 93 21 0 45 53 21 23 78 78 95 4 30 23 26 60 0 96 0 5 40 31 35 49 0 0 26 0 62 90 71 66 18 2 43 99 90 0 0 1 24 40 0 0 36 0 42 0 72 34 0 0 18 8 0 27 96 23 90 45 0 37 84 100 8 50 0 0 79 0 22 0 0 39 
69 54 2 4 14 0 0 0 64 87 0 30 6 69 0 90 0 0 12 53 0 0 0 15 54 100 0 26 72 33 100 30 0 10 31 93 90 28 35 99 74 7 0 0 0 0 41 99 0 0 89 48 0 54 31 60 11 39 61 86 0 51 55 68 37 11 41 0 6 16 60 65 14 0 51 72 77 58 58 0 26 90 17 0 0 3 42 77 11 0 0 99 0 68 70 71 54 86 0 0 
26 26 20 30 82 83 95 79 0 1 0 0 42 73 43 0 9 93 79 0 0 0 16 67 0 74 2 0 84 87 0 0 38 73 11 3 0 33 46 0 0 0 27 0 92 0 35 0 1 92 88 0 0 0 34 67 0 7 0 0 53 60 79 0 0 43 84 28 49 77 42 0 2 1 20 90 0 0 12 74 54 67 70 1 0 29 27 42 55 0 20 0 0 74 27 88 77 41 0 0 
11 38 89 0 0 1 100 72 0 0 0 95 84 0 0 86 37 61 98 29 0 16 0 6 1 0 55 40 58 1 74 22 0 0 100 88 98 0 0 4 85 89 0 0 34 9 0 0 79 48 41 25 17 0 12 58 0 94 29 0 83 89 0 30 42 14 12 0 0 68 0 79 0 30 0 2 56 0 64 0 48 0 55 41 0 81 0 88 100 4 0 90 72 58 3 0 52 71 0 21 
41 99 92 24 53 57 0 66 48 20 93 60 91 39 0 71 56 0 38 29 15 67 6 0 54 34 39 88 82 0 84 57 0 15 75 0 22 26 0 0 71 96 0 99 49 84 0 0 0 0 46 0 53 97 21 55 18 73 97 70 0 24 35 0 0 89 0 0 0 0 0 32 0 0 45 68 21 0 24 19 61 0 0 46 0 75 0 49 0 51 45 31 0 54 0 69 0 62 0 46 
7 45 100 92 0 3 0 42 78 53 49 21 96 50 0 41 24 0 0 64 54 0 1 54 0 0 40 0 27 0 65 70 0 89 0 36 59 61 64 28 75 45 63 53 18 99 39 35 0 0 27 96 62 0 96 7 20 63 53 0 0 0 67 80 49 87 55 92 39 0 0 0 0 0 0 83 27 86 7 0 50 0 67 64 92 63 45 0 23 0 14 0 61 0 0 90 89 32 49 0 
0 0 0 0 0 42 37 65 0 27 41 71 0 30 47 24 0 0 70 71 100 74 0 34 0 0 46 68 99 57 41 8 0 56 42 0 0 0 73 0 27 0 65 71 40 15 13 0 0 42 0 88 52 89 0 32 2 82 22 0 0 29 24 0 27 0 85 84 41 50 4 38 82 11 21 0 13 0 9 73 64 7 79 0 85 0 0 31 0 16 0 0 0 37 0 59 0 0 44 0 
0 85 0 0 0 0 15 82 45 22 83 64 67 0 0 19 25 63 0 0 0 2 55 39 40 46 0 36 60 74 80 0 55 0 74 0 38 30 17 51 93 86 73 58 64 5 0 79 6 98 0 0 21 71 0 16 98 79 91 0 24 12 8 29 0 32 0 74 66 39 92 3 0 0 43 0 0 16 19 0 0 57 47 51 79 85 15 0 59 0 78 61 32 18 0 94 51 70 0 0 
40 9 0 43 29 0 0 0 97 0 0 0 0 0 46 80 0 0 0 93 26 0 40 88 0 68 36 0 85 20 0 0 54 6 0 0 10 0 0 12 86 0 95 61 0 100 25 70 10 0 48 0 24 20 77 0 0 28 28 0 0 59 0 0 0 14 47 98 78 0 23 86 89 51 0 8 0 0 50 0 0 0 64 26 55 0 85 76 71 51 0 0 15 0 57 0 0 0 65 0 
0 0 0 73 78 32 0 83 91 46 0 80 30 0 90 91 95 11 23 21 72 84 58 82 27 99 60 85 0 10 72 16 58 3 67 56 38 63 65 0 0 0 0 59 98 0 0 78 16 3 95 98 11 40 35 70 0 7 13 41 81 0 0 0 0 0 0 44 31 0 32 7 0 0 43 76 0 83 0 39 55 87 0 22 2 17 22 0 19 35 0 55 56 81 97 0 0 64 29 65 
95 0 0 42 32 91 0 0 97 19 72 85 67 52 15 94 48 85 0 0 33 87 1 0 0 57 74 20 10 0 49 20 0 59 0 58 38 96 28 0 0 92 42 8 4 0 18 0 75 19 93 85 0 64 35 79 70 61 53 0 68 80 59 0 0 0 97 91 0 0 37 77 0 55 84 59 0 28 91 67 47 84 98 48 0 100 32 0 0 65 0 0 50 24 12 71 98 12 0 90 
37 0 0 71 0 10 73 0 97 31 0 4 0 21 58 0 0 51 49 45 100 0 74 84 65 41 80 0 72 49 0 6 40 49 0 0 52 0 39 42 47 0 0 1 0 0 0 0 10 0 17 7 30 87 86 0 0 87 44 75 0 73 0 48 0 79 0 4 11 8 58 10 0 37 0 74 69 0 26 87 73 0 17 39 2 32 9 0 91 0 0 74 37 38 0 46 0 0 23 0 
40 66 0 37 40 30 92 1 34 78 40 58 0 72 0 0 8 12 35 53 30 0 22 57 70 8 0 0 16 20 6 0 74 70 0 21 73 68 6 6 0 61 0 16 0 58 36 8 21 0 28 0 89 0 0 0 75 0 24 27 64 99 82 0 89 65 40 41 97 54 0 0 26 0 30 91 0 76 23 0 0 41 88 84 0 0 0 85 45 77 89 0 0 36 76 32 50 71 38 15 
81 97 11 33 0 63 52 0 47 97 0 92 80 78 3 35 78 0 10 21 0 38 0 0 0 0 55 54 58 0 40 74 0 44 0 75 0 0 51 0 26 22 66 5 0 94 0 40 0 41 0 54 0 0 0 4 77 62 14 0 0 0 39 62 0 0 46 52 26 0 85 6 43 0 0 77 64 12 0 79 60 18 71 0 97 97 0 0 76 38 50 3 48 88 62 0 38 100 79 0 
53 0 0 0 69 30 0 0 0 26 0 6 43 93 0 82 52 0 55 23 10 73 0 15 89 56 0 6 3 59 49 70 44 0 0 0 30 0 57 0 0 0 6 67 60 49 0 0 73 44 20 71 0 0 0 0 40 66 59 62 0 52 3 54 0 29 53 47 92 0 80 54 0 63 32 25 0 85 93 87 30 0 83 97 0 96 87 32 37 86 0 13 71 65 80 64 4 71 20 0 
83 79 7 0 10 0 0 100 9 0 1 79 13 0 0 9 33 21 60 78 31 11 100 75 0 42 74 0 67 0 0 0 0 0 0 65 84 0 0 0 0 56 41 0 0 0 25 0 51 73 55 0 28 0 43 0 42 63 6 0 24 0 23 9 3 0 0 81 17 33 83 17 0 71 86 93 0 37 0 40 0 26 87 37 0 23 21 0 0 49 9 0 19 42 35 38 0 31 5 94 
88 32 99 0 0 99 0 70 69 0 0 79 67 79 34 34 98 6 75 78 93 3 88 0 36 0 0 0 56 58 0 21 75 0 65 0 88 29 19 100 84 0 0 70 31 54 33 10 58 16 50 0 0 26 70 50 92 0 0 30 82 60 5 33 58 0 66 39 96 0 91 21 86 21 4 0 75 75 30 0 71 0 53 69 54 0 88 59 0 14 9 0 0 0 0 31 0 0 31 56 
50 41 0 36 0 0 0 1 59 21 40 0 0 0 0 31 78 0 0 95 90 0 98 22 59 0 38 10 38 38 52 73 0 30 84 88 0 48 37 24 47 22 0 0 0 87 36 0 18 0 7 61 28 0 98 0 0 12 0 41 3 0 0 71 0 0 0 0 37 52 77 87 74 13 96 90 36 0 0 0 65 0 85 43 73 21 0 96 68 15 45 86 67 67 5 86 0 84 0 0 
95 18 0 0 22 92 62 0 0 63 71 96 95 0 0 11 76 0 43 4 28 33 0 26 61 0 30 0 63 96 0 68 0 0 0 29 48 0 75 0 92 0 54 0 52 71 28 100 0 95 0 30 56 4 71 15 68 45 0 55 56 95 0 73 0 0 8 69 96 0 38 50 76 74 0 98 21 74 14 29 0 0 29 93 73 9 0 58 0 56 58 40 6 71 84 0 30 22 42 0 
0 88 0 0 0 0 0 72 0 91 0 0 52 0 0 0 51 0 17 30 35 46 0 0 64 73 17 0 65 28 39 6 51 57 0 19 37 75 0 39 96 0 0 29 33 0 0 0 23 8 97 0 87 0 0 49 63 53 66 55 26 0 0 61 0 67 0 26 95 50 100 11 0 91 78 63 83 44 72 0 32 79 23 39 46 17 0 0 78 0 0 37 100 95 92 0 0 93 0 24 
0 0 5 79 93 0 0 0 51 0 60 52 62 89 88 0 71 40 0 23 99 0 4 0 28 0 51 12 0 0 42 6 0 0 0 100 24 0 39 0 3 0 0 69 0 0 65 0 70 6 0 0 62 54 0 0 43 0 60 9 0 0 73 0 6 65 0 21 21 25 23 0 85 30 29 58 9 60 78 87 1 0 0 57 0 0 95 13 20 0 100 0 0 44 54 0 51 0 2 28 
80 0 37 0 0 25 59 0 76 0 17 28 25 0 0 20 2 0 41 26 74 0 85 71 75 27 93 86 0 0 47 0 26 0 0 84 47 92 96 3 0 0 51 0 64 0 67 13 0 44 89 42 0 0 7 49 78 41 85 22 31 0 75 0 0 65 27 0 96 92 45 49 53 0 0 75 0 0 48 0 39 5 9 61 0 24 0 0 35 91 19 91 0 52 0 12 0 72 0 14 
0 6 1 0 39 4 51 42 0 0 0 0 0 0 0 0 0 0 83 60 7 0 89 96 45 0 86 0 0 92 0 61 22 0 56 0 22 0 0 0 0 0 0 0 0 23 34 42 91 88 9 0 61 61 93 24 41 0 93 0 0 75 4 0 79 0 0 0 83 13 0 66 0 63 44 51 0 0 48 0 99 0 75 98 0 0 35 12 77 0 0 28 43 100 0 0 86 10 18 0 
0 0 69 19 64 0 0 27 17 35 75 14 8 52 1 76 0 0 69 0 0 27 0 0 63 65 73 95 0 42 0 0 66 6 41 0 0 54 0 0 51 0 0 94 64 0 0 0 0 25 0 0 0 0 28 20 3 69 1 64 0 95 0 0 0 64 0 57 0 31 0 71 14 62 72 0 49 0 50 3 0 0 0 0 75 8 85 35 0 0 82 0 99 56 64 69 90 0 21 83 
15 0 0 65 56 2 0 0 87 75 42 0 1 91 76 81 0 97 0 96 0 0 0 99 53 71 58 61 59 8 1 16 5 67 0 70 0 0 29 69 0 0 94 0 93 59 81 84 58 0 10 97 54 87 0 0 53 9 0 0 11 14 0 0 58 46 31 0 0 77 68 100 0 0 0 25 58 32 0 62 76 0 0 0 96 1 0 23 18 0 0 0 74 65 0 3 4 3 6 9 
0 45 0 14 99 43 83 88 98 6 2 0 69 78 0 0 61 46 0 0 0 92 34 49 18 40 64 0 98 4 0 0 0 60 0 31 0 52 33 0 64 0 64 93 0 0 27 0 70 23 99 51 0 0 0 71 30 26 17 0 30 0 0 0 62 93 0 0 0 0 28 3 0 24 70 77 52 79 97 0 45 40 78 60 0 23 88 40 0 95 0 0 59 0 94 49 0 69 8 0 
77 0 24 0 21 53 70 33 0 64 0 97 52 97 0 40 27 85 6 5 0 0 9 84 99 15 5 100 0 0 0 58 94 49 0 54 87 71 0 0 0 23 0 59 0 0 0 40 41 27 0 0 87 5 5 7 71 0 51 85 0 19 0 0 7 74 68 0 96 96 20 39 0 0 11 9 22 19 0 0 66 71 0 0 48 0 32 85 74 0 30 90 16 21 0 7 0 0 68 91 
0 8 0 45 0 29 0 76 26 0 99 0 0 76 94 40 0 0 72 40 41 35 0 0 39 13 0 25 0 18 0 36 0 0 25 33 36 28 0 65 67 34 0 81 27 0 0 19 0 36 0 26 0 0 77 13 0 0 73 0 0 44 28 47 31 23 12 19 0 92 50 0 24 0 98 0 84 94 65 87 0 62 64 1 47 0 0 32 18 26 89 0 0 44 1 0 0 0 36 6 
0 0 0 75 97 0 0 81 9 37 0 0 50 94 76 100 0 0 51 31 99 0 0 0 35 0 79 70 78 0 0 8 40 0 0 10 0 100 0 0 13 42 0 84 0 40 19 0 62 38 22 21 95 73 19 0 27 50 3 22 0 95 0 0 89 53 28 0 23 80 35 0 10 61 0 0 45 93 72 38 37 0 79 98 0 2 0 0 0 0 89 0 37 0 0 77 0 0 83 40 
0 65 27 6 21 28 73 0 12 75 63 100 0 0 56 36 54 0 60 35 0 1 79 0 0 0 6 10 16 75 10 21 0 73 51 58 18 0 23 70 0 91 0 58 70 41 0 62 0 0 0 51 26 50 96 0 35 0 0 0 64 89 72 21 68 74 0 0 72 0 0 74 43 69 83 72 18 52 0 37 71 48 86 92 0 0 0 38 0 45 68 0 2 33 28 17 50 42 33 0 
67 52 41 58 64 91 71 26 59 0 0 74 83 17 0 0 88 37 0 49 0 92 48 0 0 42 98 0 3 19 0 0 41 44 73 16 0 95 8 6 44 88 25 0 23 27 36 38 0 0 24 5 28 0 0 88 56 82 0 97 4 67 81 0 0 64 73 0 55 85 27 0 78 44 94 0 40 0 70 36 100 71 0 76 66 97 0 49 3 97 0 77 57 0 0 81 0 1 74 8 
27 0 0 61 0 97 43 21 53 0 0 52 0 58 0 33 58 54 0 0 89 88 41 46 27 0 0 48 95 93 17 28 0 20 55 50 7 0 97 0 89 9 0 10 99 0 0 22 0 24 0 0 33 0 26 0 0 0 0 17 0 0 0 0 0 97 46 29 3 0 48 15 96 37 20 0 12 93 47 40 73 99 0 77 34 8 100 30 54 0 0 0 0 0 24 60 54 0 18 68 
6 56 0 0 4 49 31 46 61 89 65 47 36 96 0 89 0 76 19 0 48 0 25 0 96 88 0 0 98 85 7 0 54 71 0 0 61 30 0 0 42 0 0 97 51 0 26 21 51 5 0 0 0 60 4 37 17 6 10 0 0 90 3 0 68 41 96 67 0 35 66 94 3 75 35 0 22 0 0 23 22 7 48 18 91 0 0 19 46 82 17 68 0 28 30 0 49 18 29 0 
20 70 0 69 88 0 39 23 41 9 45 81 32 50 30 4 64 75 0 26 0 0 17 53 62 52 21 24 11 0 30 89 0 0 28 0 28 56 87 62 0 61 0 54 0 87 0 95 26 28 33 0 0 70 15 0 40 42 65 59 6 0 16 48 0 0 17 95 1 0 0 0 33 51 16 40 99 0 36 11 82 0 4 71 32 47 0 92 29 0 0 48 76 94 0 0 11 0 96 90 
47 85 0 2 60 89 0 0 0 65 74 73 47 17 80 97 92 15 0 0 54 0 0 97 0 89 71 20 40 64 87 0 0 0 0 26 0 4 0 54 0 61 0 87 0 5 0 73 50 0 0 60 70 0 36 0 36 83 70 90 54 40 0 0 38 0 0 45 0 0 76 0 75 0 0 0 0 99 0 91 25 0 95 0 50 50 34 68 93 0 0 80 55 33 0 72 0 74 89 0 
53 35 92 100 0 79 0 0 10 55 95 0 81 0 12 0 43 41 0 62 31 34 12 21 96 0 0 77 35 35 86 0 0 0 43 70 98 71 0 0 7 93 28 0 0 5 77 19 96 0 26 4 15 36 0 0 10 0 86 0 65 92 0 0 60 98 47 0 81 9 14 0 6 0 96 0 73 39 0 0 40 0 34 0 87 1 60 26 36 80 82 57 0 46 14 0 0 0 10 0 
33 0 0 0 7 0 0 0 10 90 0 78 72 0 29 5 79 14 0 90 60 67 58 55 7 32 16 0 70 79 0 0 4 0 0 50 0 15 49 0 49 24 20 0 71 7 13 0 0 88 0 37 0 0 0 0 0 0 93 0 71 0 0 0 0 0 0 0 0 0 67 0 0 0 81 0 27 33 45 0 2 0 0 0 38 0 36 62 45 0 56 0 19 0 0 25 0 74 36 0 
0 76 0 56 0 0 78 0 50 97 75 0 0 54 0 0 52 95 85 71 11 0 0 18 20 2 98 0 0 70 0 75 77 40 42 92 0 68 63 43 78 41 3 53 30 71 0 27 35 56 0 17 40 36 10 0 0 31 100 40 12 0 0 29 6 0 46 0 11 34 32 0 43 12 0 59 60 8 0 96 88 2 0 55 0 79 13 38 61 0 70 22 0 12 0 56 0 66 0 0 
72 78 67 0 55 0 0 54 0 0 77 0 5 58 46 45 7 98 66 66 39 7 94 73 63 82 79 28 7 61 87 0 62 66 63 0 12 45 53 0 41 0 69 9 26 0 0 50 0 82 0 6 42 83 0 0 31 0 0 7 0 60 30 58 34 59 96 78 53 52 0 0 77 0 91 29 0 26 0 0 94 47 0 19 78 75 0 97 23 0 0 85 88 41 20 16 71 44 0 48 
30 0 46 52 0 0 0 53 0 0 0 53 0 0 0 0 16 0 0 18 61 0 29 97 53 22 91 28 13 53 44 24 14 59 6 0 0 0 66 60 85 93 1 0 17 51 73 3 0 0 0 10 65 70 86 93 100 0 0 26 0 0 76 0 16 13 68 37 47 24 14 67 0 11 0 88 49 0 44 0 86 64 69 19 0 0 0 21 0 0 74 0 0 13 77 0 82 95 5 0 
67 13 81 21 0 37 67 0 29 0 74 81 91 89 68 59 68 70 82 2 86 0 0 70 0 0 0 0 41 0 75 27 0 62 0 30 41 55 55 9 22 0 64 0 0 85 0 22 0 97 17 0 59 90 0 0 40 7 26 0 26 0 89 0 0 0 0 57 72 0 0 0 0 0 50 72 94 63 79 21 50 9 75 0 0 93 16 0 65 0 0 0 73 50 0 38 0 77 71 12 
77 15 0 0 56 0 39 84 83 0 0 62 99 0 26 0 0 67 96 43 0 53 83 0 0 0 24 0 81 68 0 64 0 0 24 82 3 56 26 0 31 0 0 11 30 0 0 0 64 4 0 0 6 54 65 71 12 0 0 26 0 95 32 16 59 79 0 0 0 0 91 0 0 0 0 0 23 74 0 18 0 81 0 0 93 0 34 57 79 73 3 2 71 18 0 0 29 89 53 4 
6 0 16 89 14 22 51 23 70 82 0 0 74 81 45 0 84 65 37 99 51 60 89 24 0 29 12 59 0 80 73 99 0 52 0 60 0 95 0 0 0 75 95 14 0 19 44 95 89 67 0 90 0 40 92 0 0 60 0 0 95 0 0 30 53 2 9 45 0 0 0 28 0 21 5 43 0 0 69 46 0 0 43 2 0 65 66 78 68 35 0 0 87 76 0 51 0 98 27 0 
36 98 0 0 26 52 5 0 0 0 56 0 0 0 79 78 0 55 0 90 55 79 0 35 67 24 8 0 0 59 0 82 39 3 23 5 0 0 0 73 75 4 0 0 0 0 28 0 72 81 0 3 16 0 0 0 0 30 76 89 32 0 0 0 37 3 16 47 0 0 14 37 0 0 48 0 46 0 0 0 2 88 42 0 36 0 0 0 1 0 76 12 0 0 14 0 2 96 0 76 
33 75 85 65 57 34 0 0 65 10 70 0 89 73 0 20 1 99 51 0 68 0 30 0 80 0 29 0 0 0 48 0 62 54 9 33 71 73 61 0 0 0 0 0 0 0 47 0 21 0 0 0 48 0 0 0 29 58 0 0 16 30 0 0 69 37 0 97 20 0 83 0 76 0 35 87 1 33 28 0 0 0 0 34 0 40 87 53 99 13 0 70 0 48 0 87 74 0 0 30 
63 92 0 0 0 0 0 24 25 0 15 99 0 73 0 8 0 0 90 0 37 0 42 0 49 27 0 0 0 0 0 89 0 0 3 58 0 0 0 6 0 79 0 58 62 7 31 89 68 0 0 68 0 38 60 0 6 34 16 0 59 53 37 69 0 29 84 46 49 0 58 0 0 0 0 50 0 54 0 0 99 48 4 0 19 33 42 0 0 0 67 76 0 19 0 34 0 0 28 19 
51 34 71 87 86 85 39 77 31 0 10 83 57 80 0 53 16 75 97 1 11 43 14 89 87 0 32 14 0 0 79 65 0 29 0 0 0 0 67 65 65 0 64 46 93 74 23 53 74 64 97 41 0 0 98 0 0 59 13 0 79 2 3 37 29 0 0 74 0 0 0 23 17 28 40 0 94 0 43 20 0 0 49 0 38 76 0 52 0 0 1 50 38 32 17 62 14 40 2 0 
0 0 2 0 0 8 50 0 0 64 6 22 49 73 2 47 59 0 0 24 41 84 12 0 55 85 0 47 0 97 0 40 46 53 0 66 0 8 0 0 27 0 0 31 0 68 12 28 0 73 46 96 17 0 47 0 46 96 68 0 0 9 16 0 84 0 0 4 0 82 35 82 0 0 78 15 25 0 42 96 19 0 33 41 0 47 83 0 0 0 48 0 0 68 0 9 0 22 0 88 
0 0 0 85 0 0 0 1 26 73 64 68 23 50 57 0 0 0 0 40 0 28 0 0 92 84 74 98 44 91 4 41 52 47 81 39 0 69 26 21 0 0 57 0 0 0 19 0 0 0 29 67 95 45 0 0 0 78 37 57 0 45 47 97 46 74 4 0 0 30 5 66 57 21 0 0 0 55 58 0 17 0 39 0 0 0 0 2 69 0 9 74 10 45 46 2 38 0 99 0 
25 38 0 96 0 6 88 0 13 89 29 0 35 91 8 0 7 0 0 0 6 49 0 0 39 41 66 78 31 0 11 97 26 92 17 96 37 96 95 21 96 83 0 0 0 96 0 23 72 55 3 0 1 0 81 0 11 53 47 72 0 0 0 20 49 0 0 0 0 44 80 97 41 0 29 54 25 31 0 61 60 46 75 85 45 55 17 84 16 0 0 19 79 95 26 53 74 64 19 0 
87 0 26 0 41 14 0 36 6 0 76 0 5 57 36 0 99 21 95 0 16 77 68 0 0 50 39 0 0 0 8 54 0 0 33 0 52 0 50 25 92 13 31 77 0 96 92 80 0 85 0 35 0 0 9 0 34 52 24 0 0 0 0 0 0 0 82 30 44 0 0 51 0 47 0 0 0 67 92 0 0 0 14 69 0 29 3 79 99 71 0 18 0 0 0 16 72 0 0 71 
0 6 48 12 58 0 75 0 41 0 0 77 0 25 54 0 0 68 35 36 60 42 0 0 0 4 92 23 32 37 58 0 85 80 83 91 77 38 100 23 45 0 0 68 28 20 50 35 0 27 48 66 0 76 14 67 32 0 14 0 91 0 14 83 58 0 35 5 80 0 0 0 0 66 0 59 86 0 54 0 0 0 39 0 45 65 0 0 45 0 39 90 38 40 0 44 64 45 39 0 
67 21 27 0 0 65 70 0 0 12 4 0 48 88 81 64 30 55 0 0 65 0 79 32 0 38 3 86 7 77 10 0 6 54 17 21 87 50 11 0 49 66 71 100 3 39 0 0 74 0 15 94 0 0 0 0 0 0 67 0 0 28 37 0 0 23 82 66 97 51 0 0 0 76 61 0 84 81 0 22 0 82 69 76 0 83 65 0 0 0 0 12 0 39 38 71 0 46 86 67 
63 0 77 42 77 55 0 0 0 0 79 37 86 0 0 0 0 60 67 42 14 2 0 0 0 82 0 89 0 0 0 26 43 0 0 86 74 76 0 85 53 0 14 0 0 0 24 10 43 78 96 3 33 75 6 0 43 77 0 0 0 0 0 76 0 17 0 57 41 0 0 0 0 89 88 94 30 0 0 0 62 0 0 98 0 51 0 84 0 0 68 0 0 0 39 97 0 51 78 53 
66 12 38 67 31 0 0 69 21 34 73 61 38 77 0 0 0 0 66 0 0 1 30 0 0 11 0 51 0 55 37 0 0 63 71 21 13 74 91 30 0 63 62 0 24 0 0 61 69 44 37 75 51 0 0 0 12 0 11 0 0 21 0 0 0 28 0 21 0 47 66 76 89 0 56 45 27 0 0 0 0 0 7 0 0 0 0 47 63 95 6 96 6 46 1 55 5 49 14 89 
60 72 48 0 47 0 0 93 0 7 0 12 0 48 100 44 4 0 67 72 51 20 0 45 0 21 43 0 43 84 0 30 0 32 86 4 96 0 78 29 0 44 72 0 70 11 98 0 83 94 20 35 16 0 96 81 0 91 0 50 0 5 48 35 0 40 78 0 29 0 0 61 88 56 0 81 57 19 0 47 30 63 17 0 32 62 82 19 99 29 81 0 84 23 70 0 0 87 89 43 
32 0 1 48 33 0 0 7 15 61 95 68 31 0 55 0 97 0 0 34 72 90 2 68 83 0 0 8 76 59 74 91 77 25 93 0 90 98 63 58 75 51 0 25 77 9 0 0 72 0 0 0 40 0 0 0 59 29 88 72 0 43 0 87 50 0 15 0 54 0 59 0 94 45 81 0 0 9 37 23 0 23 0 0 19 91 0 96 0 2 58 9 0 25 68 0 85 89 92 67 
24 95 9 0 21 43 6 93 0 0 19 55 0 0 0 75 87 0 0 0 77 0 56 21 27 13 0 0 0 0 69 0 64 0 0 75 36 21 83 9 0 0 49 58 52 22 84 45 18 40 12 22 99 0 73 27 60 0 49 94 23 0 46 1 0 94 25 0 25 0 86 84 30 27 57 0 0 20 49 0 0 91 82 0 44 25 55 41 23 30 22 40 41 55 0 14 94 16 8 0 
74 0 96 0 48 0 52 22 0 0 0 79 25 0 1 16 58 43 0 0 58 0 0 0 86 0 16 0 83 28 0 76 12 85 37 75 0 74 44 60 0 0 0 32 79 19 94 93 52 0 93 0 0 99 39 33 8 26 0 63 74 0 0 33 54 0 0 55 31 67 0 81 0 0 19 9 20 0 17 76 15 22 0 78 18 0 84 65 81 0 45 0 0 0 15 61 23 0 31 84 
80 0 0 80 6 80 85 9 84 0 51 1 0 0 78 56 0 17 84 18 58 12 64 24 7 9 19 50 0 91 26 23 0 93 0 30 0 14 72 78 48 48 50 0 97 0 65 72 0 70 47 0 36 0 0 45 0 0 44 79 0 69 0 28 0 43 42 58 0 92 54 0 0 0 0 37 49 17 0 32 78 0 77 14 13 0 0 0 93 85 33 66 0 70 67 0 0 0 44 89 
0 72 0 75 32 0 4 94 69 0 59 52 0 91 21 55 51 0 0 8 0 74 0 19 0 73 0 0 39 67 87 0 79 87 40 0 0 29 0 87 0 0 3 62 0 0 87 38 37 36 40 23 11 91 0 0 96 0 0 21 18 46 0 0 0 20 96 0 61 0 0 22 0 0 47 23 0 76 32 0 0 0 0 0 26 0 65 12 0 0 0 22 4 29 25 71 27 0 57 0 
34 47 0 22 80 66 53 0 38 56 85 44 77 0 0 98 12 2 0 0 26 54 48 61 50 64 0 0 55 47 73 0 60 30 0 71 65 0 32 1 39 99 0 76 45 66 0 37 71 100 73 22 82 25 40 2 88 94 86 50 0 0 2 0 99 0 19 17 60 0 0 0 62 0 30 0 0 15 78 0 0 100 47 0 65 62 41 0 0 72 99 0 52 70 71 0 50 0 0 2 
41 0 7 61 0 81 75 48 8 35 27 0 17 31 0 29 0 53 0 27 90 67 0 0 0 7 57 0 87 84 0 41 18 0 26 0 0 0 79 0 5 0 0 0 40 71 62 0 48 71 99 7 0 0 0 0 2 47 64 9 81 0 88 0 48 0 0 0 46 0 0 82 0 0 63 23 91 22 0 0 100 0 0 38 100 17 61 51 87 0 68 69 27 88 57 48 82 25 59 73 
0 4 37 83 0 0 2 32 97 57 0 18 77 95 77 75 93 0 34 96 17 70 55 0 67 79 47 64 0 98 17 88 71 83 87 53 85 29 23 0 9 75 0 0 78 0 64 79 86 0 0 48 4 95 34 0 0 0 69 75 0 43 42 0 4 49 33 39 75 14 39 69 0 7 17 0 82 0 77 0 47 0 0 46 44 0 48 27 0 87 22 94 21 56 0 50 99 0 0 0 
21 0 0 95 54 50 50 26 27 93 0 55 0 31 10 47 0 48 0 23 0 1 41 46 64 0 51 26 22 48 39 84 0 97 37 69 43 93 39 57 61 98 0 0 60 0 1 98 92 76 77 18 71 0 0 0 55 19 19 0 0 2 0 34 0 0 41 0 85 69 0 76 98 0 0 0 0 78 14 0 0 38 46 0 0 2 47 0 0 0 34 0 84 0 48 0 67 81 0 0 
0 0 0 80 0 0 69 0 94 47 7 0 51 16 0 0 43 41 28 90 0 0 0 0 92 85 79 55 2 0 2 0 97 0 0 54 73 73 46 0 0 0 75 96 0 48 47 0 0 66 34 91 32 50 87 38 0 78 0 0 93 0 36 0 19 38 0 0 45 0 45 0 0 0 32 19 44 18 13 26 65 100 44 0 0 41 0 52 0 0 0 47 0 61 0 0 0 79 88 0 
0 55 60 24 57 0 0 0 39 0 75 0 69 62 0 0 0 37 89 45 3 29 81 75 63 0 85 0 17 100 32 0 97 96 23 0 21 9 17 0 24 0 8 1 23 0 0 2 0 97 8 0 47 50 1 0 79 75 0 93 0 65 0 40 33 76 47 0 55 29 65 83 51 0 62 91 25 0 0 0 62 17 0 2 41 0 8 0 0 56 91 0 0 16 100 0 75 73 60 96 
95 0 44 0 83 11 23 78 69 89 57 21 83 0 11 35 58 0 1 0 42 27 0 0 45 0 15 85 22 32 9 0 0 87 21 88 0 0 0 95 0 35 85 0 88 32 0 0 0 0 100 0 0 34 60 36 13 0 0 16 34 66 0 87 42 0 83 0 17 3 0 65 0 0 82 0 55 84 0 65 41 61 48 47 0 8 0 85 0 0 37 0 75 92 66 98 54 15 59 34 
0 45 16 0 34 0 0 13 42 91 0 0 14 56 82 62 44 0 79 37 77 42 88 49 0 31 0 76 0 0 0 85 0 32 0 59 96 58 0 13 0 12 35 23 40 85 32 0 38 49 30 19 92 68 26 62 38 97 21 0 57 78 0 53 0 52 0 2 84 79 0 0 84 47 19 96 41 65 0 12 0 51 27 0 52 0 85 0 88 0 77 0 0 0 12 3 51 0 0 9 
11 33 0 15 0 86 95 23 24 0 0 31 33 21 85 0 0 36 0 84 11 55 100 0 23 0 59 71 19 0 91 45 76 37 0 0 68 0 78 20 35 77 0 18 0 74 18 0 0 3 54 46 29 93 36 45 61 23 0 65 79 68 1 99 0 0 0 69 16 99 45 0 0 63 99 0 23 81 93 0 0 87 0 0 0 0 0 88 0 0 0 39 0 74 48 61 0 6 0 85 
52 0 0 73 28 0 62 15 0 90 92 0 45 82 0 70 9 0 0 100 0 0 4 51 0 16 0 51 35 65 0 77 38 86 49 14 15 56 0 0 91 0 0 0 95 0 26 0 45 97 0 82 0 0 80 0 0 0 0 0 73 35 0 13 0 0 0 0 0 71 0 0 0 95 29 2 30 0 85 0 72 0 87 0 0 56 0 0 0 0 0 0 9 0 2 50 0 0 87 48 
19 96 99 92 0 14 15 8 28 0 71 0 52 0 0 0 0 96 51 8 0 20 0 45 14 0 78 0 0 0 0 89 50 0 9 9 45 58 0 100 19 0 82 0 0 30 89 89 68 0 0 17 0 0 82 56 70 0 74 0 3 0 76 0 67 1 48 9 0 0 39 0 68 6 81 58 22 45 33 0 99 68 22 34 0 91 37 77 0 0 0 0 32 39 71 80 0 0 0 57 
18 10 0 0 0 6 31 0 26 23 28 27 41 91 0 0 90 63 99 50 99 0 90 31 0 0 61 0 55 0 74 0 3 13 0 0 86 40 37 0 91 28 0 0 0 90 0 0 0 77 0 68 48 80 57 0 22 85 0 0 2 0 12 70 76 50 0 74 19 18 90 12 0 96 0 9 40 0 66 22 0 69 94 0 47 0 0 0 39 0 0 0 33 23 91 0 100 98 60 86 
0 94 0 81 61 76 0 0 69 23 60 81 77 59 27 89 89 0 97 0 0 0 72 0 61 0 32 15 56 50 37 0 48 71 19 0 67 6 100 0 0 43 99 74 59 16 0 37 2 57 0 0 76 55 0 19 0 88 0 73 71 87 0 0 0 38 0 10 79 0 38 0 0 6 84 0 41 0 0 4 52 27 21 84 0 0 75 0 0 9 32 33 0 0 100 53 78 12 0 63 
0 83 0 33 51 47 0 40 0 0 0 0 0 0 23 26 84 76 0 0 68 74 58 54 0 37 18 0 81 24 38 36 88 65 42 0 67 71 95 44 52 100 56 65 0 21 44 0 33 0 0 28 94 33 46 0 12 41 13 50 18 76 0 48 19 32 68 45 95 0 40 39 0 46 23 25 55 0 70 29 70 88 56 0 61 16 92 0 74 0 39 23 0 0 90 31 5 48 0 0 
0 0 0 0 0 89 86 0 56 27 46 34 0 81 5 18 75 0 34 79 70 27 3 0 0 0 0 57 97 12 0 76 62 80 35 0 5 84 92 54 0 0 64 0 94 0 1 0 28 0 24 30 0 0 14 0 0 20 77 0 0 0 14 0 0 17 0 46 26 0 0 38 39 1 70 68 0 15 67 25 71 57 0 48 0 100 66 12 48 2 71 91 100 90 0 46 12 65 65 0 
16 69 47 20 60 70 75 76 0 50 48 49 80 65 9 0 97 0 0 0 71 88 0 69 90 59 94 0 0 71 46 32 0 64 38 31 86 0 0 0 12 0 69 3 49 7 0 77 17 81 60 0 0 72 0 25 56 16 0 38 0 51 0 87 34 62 9 2 53 16 44 71 97 55 0 0 14 61 0 71 0 48 50 0 0 0 98 3 61 50 80 0 53 31 46 0 0 11 29 52 
15 3 0 0 24 0 19 65 0 0 70 65 0 12 0 83 30 0 0 22 54 77 52 0 89 0 51 0 0 98 0 50 38 4 0 0 0 30 0 51 0 86 90 4 0 0 0 0 50 0 54 49 11 0 0 0 0 71 82 0 29 0 2 74 0 14 0 38 74 72 64 0 0 5 0 85 94 23 0 27 50 82 99 67 0 75 54 51 0 0 0 100 78 5 12 0 0 91 66 81 
56 40 0 8 0 84 0 22 36 68 47 26 95 77 0 19 71 0 20 0 86 41 71 62 32 0 70 0 64 12 0 71 100 71 31 0 84 22 93 0 72 10 0 3 69 0 0 0 42 1 0 18 0 74 0 74 66 44 95 77 89 98 96 0 0 40 22 0 64 0 45 46 51 49 87 89 16 0 0 0 0 25 0 81 79 73 15 0 6 0 0 98 12 48 65 11 91 0 81 48 
0 95 78 23 64 3 0 0 0 0 23 64 0 90 94 0 19 92 69 0 0 0 0 0 49 44 0 65 29 0 23 38 79 20 5 31 0 42 0 2 0 18 21 6 8 68 36 83 33 74 18 29 96 89 10 36 0 0 5 71 53 27 0 0 28 2 0 99 19 0 39 86 78 14 89 92 8 31 44 57 0 59 0 0 88 60 59 0 0 87 0 60 0 0 65 29 66 81 0 59 
47 0 0 57 0 0 0 89 27 96 64 41 24 3 15 0 83 33 53 39 0 0 21 46 0 0 0 0 65 90 0 15 0 0 94 56 0 0 24 28 14 0 83 9 0 91 6 40 0 8 68 0 90 0 0 0 0 48 0 12 4 0 76 30 19 0 88 0 0 71 0 67 53 89 43 67 0 84 89 0 2 73 0 0 0 96 34 9 85 48 57 86 63 0 0 52 81 48 59 0 
