0 0 97 0 0 0 94 0 0 0 49 0 51 0 0 0 0 0 0 0 71 0 0 42 0 0 0 82 10 0 0 0 0 0 0 10 0 0 0 0 0 0 0 87 0 0 0 0 0 0 75 28 0 0 0 0 0 0 0 0 0 0 94 0 0 81 0 0 0 0 0 0 0 62 0 0 0 0 0 64 0 54 44 87 0 0 0 0 0 0 0 0 0 0 0 28 0 0 61 0 
0 0 0 0 0 57 0 20 0 0 0 0 0 0 0 0 94 0 0 97 0 0 0 0 74 0 0 44 7 19 0 7 62 41 0 97 0 0 0 54 0 0 0 0 0 0 0 0 47 0 0 0 1 0 0 76 0 0 0 0 39 47 0 0 0 59 0 0 60 0 14 0 0 0 32 66 92 0 0 0 0 0 0 0 0 40 41 0 0 25 21 0 0 0 25 0 0 0 3 0 
97 0 0 0 0 0 0 0 28 6 0 43 0 0 0 0 0 0 0 0 0 0 0 0 96 0 62 59 0 0 73 0 7 31 0 35 0 0 0 0 98 24 0 0 0 0 0 0 0 0 38 0 71 26 35 0 0 0 0 0 0 0 0 82 30 0 0 76 0 0 0 0 0 12 0 70 4 0 63 0 53 0 0 38 0 0 38 0 0 0 0 0 0 17 0 0 0 72 0 58 
0 0 0 0 0 38 0 28 0 0 0 57 0 67 0 42 0 0 77 86 0 0 0 6 0 0 0 0 0 0 0 96 0 36 0 0 0 77 83 0 78 0 0 0 81 0 83 94 88 36 0 65 0 77 5 0 0 0 0 83 0 0 91 0 0 0 0 0 0 41 0 0 0 0 0 0 0 0 0 0 0 0 0 78 0 0 0 0 0 76 0 0 0 0 26 24 57 0 0 0 
0 0 0 0 0 0 0 23 0 0 33 0 0 53 35 0 0 18 0 0 0 0 37 0 0 0 0 0 0 0 0 0 0 0 0 0 0 0 31 0 0 64 0 92 0 36 0 83 0 0 89 0 0 0 93 0 0 0 86 0 0 0 24 4 0 0 29 0 0 0 0 0 18 0 0 0 0 0 0 0 0 42 0 0 0 0 0 0 0 2 0 0 92 0 14 1 0 50 0 81 
0 57 0 38 0 0 52 76 0 0 0 96 0 33 0 23 0 0 25 0 0 0 0 0 0 0 98 0 74 52 0 0 0 0 0 0 0 0 0 0 0 0 0 0 56 93 0 0 88 0 0 0 0 0 0 0 21 0 0 56 0 0 11 0 0 0 0 0 0 0 98 0 0 0 0 0 0 0 89 0 38 65 0 0 68 0 1 27 0 31 0 0 0 0 0 0 99 19 0 50 
94 0 0 0 0 52 0 83 0 0 0 0 0 55 54 0 0 71 0 0 0 64 75 0 0 20 0 32 0 0 0 0 0 0 0 0 0 0 0 0 2 0 0 95 0 52 0 80 0 0 0 0 90 0 0 58 0 0 83 0 27 0 0 0 0 0 0 0 34 0 0 0 22 0 28 0 43 87 0 76 0 78 0 0 0 0 44 0 0 0 0 0 0 32 0 0 0 88 0 0 
0 20 0 28 23 76 83 0 0 0 0 0 0 0 3 39 0 0 0 0 0 0 0 1 0 0 0 0 18 0 35 82 0 0 55 0 100 0 0 0 0 0 91 0 0 75 55 3 0 61 0 0 0 2 0 0 0 97 74 69 0 0 0 0 0 0 0 0 0 0 0 96 0 0 27 0 0 0 0 0 0 0 23 0 0 50 0 57 0 31 0 0 0 58 0 0 38 0 0 0 
0 0 28 0 0 0 0 0 0 0 0 0 0 0 0 0 0 0 35 0 0 0 0 0 3 0 0 0 83 0 11 0 0 0 0 0 69 0 46 37 0 0 94 0 0 25 86 0 0 0 0 0 0 0 41 56 0 0 0 0 80 0 0 44 26 0 9 0 61 73 0 0 0 0 0 0 0 56 0 0 0 38 0 0 0 0 82 7 0 0 5 0 0 16 30 0 0 59 0 0 
0 0 6 0 0 0 0 0 0 0 93 0 2 0 0 0 0 0 0 0 64 0 64 23 0 0 0 39 33 0 99 24 53 0 0 10 0 0 54 0 59 94 0 0 0 0 0 0 0 0 0 100 0 0 0 0 0 0 0 0 0 0 68 0 64 0 0 18 0 66 68 0 59 0 0 0 0 8 0 0 0 0 91 0 0 34 0 0 63 0 11 0 82 12 0 0 0 0 0 0 
49 0 0 0 33 0 0 0 0 93 0 0 0 99 0 0 17 0 0 0 0 7 0 89 0 25 62 0 0 0 14 0 0 0 0 0 13 80 0 0 0 90 0 0 0 0 0 0 0 0 48 63 0 49 0 0 0 0 66 14 0 15 0 65 0 0 98 0 0 0 0 0 0 0 0 0 39 86 0 0 0 0 0 0 38 0 0 55 41 0 0 0 0 0 45 26 0 76 68 0 
0 0 43 57 0 96 0 0 0 0 0 0 92 0 46 0 0 59 0 0 0 0 0 0 53 0 0 0 0 90 14 52 0 0 0 32 83 0 62 0 23 0 11 31 56 28 0 0 0 0 0 0 0 33 0 0 0 0 14 0 0 54 0 0 16 39 0 0 0 86 0 0 0 27 0 0 0 0 0 0 0 0 0 0 0 0 0 42 0 0 0 0 25 0 0 53 13 0 14 0 
51 0 0 0 0 0 0 0 0 2 0 92 0 87 1 26 0 0 0 0 0 0 0 0 0 27 0 0 0 0 60 0 0 0 0 0 0 85 0 0 0 0 98 0 0 73 0 0 0 86 0 0 84 0 72 0 0 0 0 29 11 0 4 0 0 0 0 0 0 0 0 0 0 0 16 4 0 10 0 0 0 0 19 0 0 58 0 0 0 45 0 0 0 0 0 0 0 7 0 0 
0 0 0 67 53 33 55 0 0 0 99 0 87 0 27 0 0 0 76 42 0 0 0 0 0 0 33 0 0 0 77 66 0 0 0 0 0 0 0 0 0 0 0 47 0 44 0 0 0 0 0 42 0 7 0 94 81 87 0 0 76 0 0 0 0 96 0 0 0 0 34 0 0 72 69 31 93 0 0 0 0 0 0 9 0 53 0 0 0 0 0 0 99 0 0 0 0 0 80 0 
0 0 0 0 35 0 54 3 0 0 0 46 1 27 0 0 16 0 0 69 18 0 0 0 0 0 0 0 0 92 0 0 8 0 0 0 0 0 0 0 0 0 0 2 0 51 0 70 27 62 0 0 0 0 0 0 0 0 0 0 0 0 0 0 0 0 55 76 0 0 0 0 0 12 0 54 0 0 0 0 0 0 0 0 0 0 0 0 92 0 0 97 0 0 0 71 0 0 0 0 
0 0 0 42 0 23 0 39 0 0 0 0 26 0 0 0 0 0 17 0 54 0 92 0 0 0 0 27 0 0 0 0 0 0 0 78 0 0 0 0 0 0 0 67 0 0 0 91 3 0 0 0 79 0 0 0 94 0 0 38 24 2 0 0 9 19 5 59 0 42 20 0 0 0 0 0 0 41 0 0 10 0 0 23 86 0 0 0 0 0 0 0 0 51 0 10 0 0 57 0 
0 94 0 0 0 0 0 0 0 0 17 0 0 0 16 0 0 62 0 0 0 0 0 94 0 0 0 2 0 64 0 0 0 0 53 0 0 0 10 1 0 0 0 42 70 0 0 0 0 0 0 49 0 0 0 0 0 0 0 0 0 65 30 0 0 19 0 0 54 96 11 89 0 0 0 0 0 0 65 0 0 0 0 0 0 0 0 0 1 86 0 49 0 0 0 76 28 0 0 0 
0 0 0 0 18 0 71 0 0 0 0 59 0 0 0 0 62 0 50 32 0 30 0 78 88 0 0 0 0 0 0 0 0 0 51 0 0 0 55 61 36 0 75 0 86 0 0 43 0 0 0 52 0 0 0 0 0 89 0 0 29 0 0 0 0 0 0 63 0 0 0 0 0 72 0 94 0 0 84 0 71 0 0 0 0 0 7 0 0 0 0 55 0 0 0 0 0 80 0 0 
0 0 0 77 0 25 0 0 35 0 0 0 0 76 0 17 0 50 0 0 0 32 0 0 93 0 0 0 0 0 0 74 0 11 0 4 0 0 93 58 0 70 0 0 0 0 0 16 0 100 0 49 0 0 13 0 0 0 0 0 100 0 0 79 0 92 0 0 0 0 0 0 92 0 92 0 4 0 0 0 0 0 0 0 30 0 0 0 0 100 35 0 30 0 0 0 92 0 0 11 
0 97 0 86 0 0 0 0 0 0 0 0 0 42 69 0 0 32 0 0 0 0 16 0 77 0 0 53 0 0 0 0 53 0 60 0 56 0 0 0 79 77 0 0 0 0 0 43 47 0 0 29 0 0 0 0 0 0 0 37 0 0 0 89 3 0 0 0 0 0 0 0 0 0 0 0 0 0 0 0 41 97 52 0 0 4 0 4 0 25 0 38 0 0 0 0 68 0 31 0 
71 0 0 0 0 0 0 0 0 64 0 0 0 0 18 54 0 0 0 0 0 0 0 0 19 0 0 77 8 0 64 58 0 88 0 0 75 0 0 39 29 0 79 53 0 0 0 0 0 71 0 0 0 71 0 0 0 0 0 0 0 0 0 41 0 0 16 0 0 22 0 87 33 0 0 0 0 0 0 0 0 0 0 0 57 59 51 0 4 0 67 0 0 30 0 0 7 0 55 0 
0 0 0 0 0 0 64 0 0 0 7 0 0 0 0 0 0 30 32 0 0 0 0 0 0 0 0 0 0 54 49 70 0 40 0 0 0 0 0 0 0 36 0 0 0 0 0 60 0 0 19 41 0 18 0 0 52 0 31 0 23 0 0 99 0 0 28 0 0 0 0 0 0 0 0 0 68 0 55 0 0 0 50 96 0 97 52 0 0 0 51 0 28 65 0 0 12 0 0 0 
0 0 0 0 37 0 75 0 0 64 0 0 0 0 0 92 0 0 0 16 0 0 0 44 0 0 99 51 0 11 0 0 48 0 5 0 0 0 8 20 0 0 0 0 71 0 0 96 0 0 0 22 57 94 0 19 0 0 0 0 0 0 33 0 0 0 0 0 0 0 44 0 0 90 0 0 0 51 0 0 0 0 68 24 14 0 0 0 0 0 0 88 0 0 0 97 0 63 0 0 
42 0 0 6 0 0 0 1 0 23 89 0 0 0 0 0 94 78 0 0 0 0 44 0 0 0 0 0 23 42 0 0 0 0 0 0 63 25 0 0 0 21 0 0 45 0 0 0 17 0 0 0 29 0 0 49 0 59 0 52 0 0 0 7 0 0 0 0 0 0 67 0 35 0 0 0 0 63 24 0 0 0 79 0 72 0 0 0 0 0 0 0 0 42 0 0 0 38 0 93 
0 74 96 0 0 0 0 0 3 0 0 53 0 0 0 0 0 88 93 77 19 0 0 0 0 0 0 0 0 0 99 0 16 61 47 70 87 0 49 0 0 0 0 0 7 0 74 0 12 0 0 0 0 0 0 0 0 0 0 0 0 0 51 0 0 0 0 0 0 0 0 0 0 10 0 0 0 0 57 11 22 51 77 0 0 0 0 0 0 28 0 0 69 0 0 0 0 0 0 0 
0 0 0 0 0 0 20 0 0 0 25 0 27 0 0 0 0 0 0 0 0 0 0 0 0 0 95 0 0 0 0 0 0 53 58 0 77 0 0 0 13 0 0 0 67 0 32 0 0 75 0 30 0 41 0 0 0 0 0 8 0 0 0 0 0 2 92 28 0 0 0 0 0 18 0 0 39 55 0 25 0 0 18 94 0 82 0 0 0 0 0 0 0 0 39 59 42 0 0 0 
0 0 62 0 0 98 0 0 0 0 62 0 0 33 0 0 0 0 0 0 0 0 99 0 0 95 0 0 0 19 0 5 0 0 0 0 0 0 0 0 24 0 0 0 0 0 0 44 57 0 51 0 0 0 0 0 0 0 0 0 0 0 55 0 96 36 0 0 0 0 0 0 0 39 0 0 0 0 0 0 0 0 0 0 29 0 0 49 0 0 0 0 0 40 19 0 70 0 0 0 
82 44 59 0 0 0 32 0 0 39 0 0 0 0 0 27 2 0 0 53 77 0 51 0 0 0 0 0 39 0 44 0 0 0 0 0 0 0 38 0 0 0 0 28 0 0 0 0 0 0 0 0 0 0 89 99 0 0 0 0 0 0 0 28 0 0 34 0 74 76 0 0 0 0 0 0 0 0 0 35 0 0 0 0 14 0 22 19 0 89 70 0 0 0 0 0 0 0 0 0 
10 7 0 0 0 74 0 18 83 33 0 0 0 0 0 0 0 0 0 0 8 0 0 23 0 0 0 39 0 0 0 41 0 53 0 0 0 0 2 0 74 0 80 0 56 0 0 0 0 0 95 42 0 0 0 0 12 17 0 77 0 0 85 49 0 0 0 0 0 0 0 15 0 0 0 23 0 0 0 0 0 93 0 95 0 0 4 0 0 0 0 0 0 52 0 90 0 0 0 13 
0 19 0 0 0 52 0 0 0 0 0 90 0 0 92 0 64 0 0 0 0 54 11 42 0 0 19 0 0 0 0 0 0 0 76 0 56 66 0 0 100 0 0 0 0 0 6 0 0 0 0 65 20 53 0 0 0 0 0 9 72 76 81 0 0 0 0 0 0 96 0 0 0 7 0 52 27 0 0 0 83 27 0 39 0 0 0 0 0 0 0 0 0 0 0 0 0 19 0 9 
0 0 73 0 0 0 0 35 11 99 14 14 60 77 0 0 0 0 0 0 64 49 0 0 99 0 0 44 0 0 0 17 0 59 0 0 0 71 78 0 0 0 0 0 0 95 0 90 0 0 0 0 0 65 86 0 0 0 0 0 0 0 0 77 49 0 0 0 0 0 0 0 0 0 0 0 0 80 0 89 0 0 0 0 0 0 84 0 0 0 79 97 0 0 0 0 0 0 49 7 
0 7 0 96 0 0 0 82 0 24 0 52 0 66 0 0 0 0 74 0 58 70 0 0 0 0 5 0 41 0 17 0 30 35 0 44 36 0 44 4 0 0 27 0 0 0 0 0 99 0 0 0 0 0 22 0 69 0 0 0 0 37 21 0 0 0 75 0 0 0 0 0 0 39 0 0 0 0 99 0 0 0 0 75 0 0 0 0 0 0 0 57 0 26 0 0 0 0 0 0 
0 62 7 0 0 0 0 0 0 53 0 0 0 0 8 0 0 0 0 53 0 0 48 0 16 0 0 0 0 0 0 30 0 58 0 0 68 0 0 0 0 0 4 34 0 27 0 66 0 0 0 0 12 0 34 0 0 0 0 0 0 72 0 0 0 0 58 0 0 0 0 0 0 87 96 0 0 0 0 9 38 0 0 0 0 0 0 0 100 0 0 44 0 0 0 78 0 0 41 53 
0 41 31 36 0 0 0 0 0 0 0 0 0 0 0 0 0 0 11 0 88 40 0 0 61 53 0 0 53 0 59 35 58 0 0 17 0 91 0 0 0 0 0 0 0 0 0 0 20 29 34 84 0 0 0 0 0 0 52 0 63 31 0 37 73 0 0 0 0 8 37 0 0 0 0 71 0 0 23 0 0 0 0 0 0 0 0 9 0 0 0 38 0 0 0 0 89 0 0 0 
0 0 0 0 0 0 0 55 0 0 0 0 0 0 0 0 53 51 0 60 0 0 5 0 47 58 0 0 0 76 0 0 0 0 0 0 0 61 0 0 0 35 0 0 0 17 59 0 64 42 0 0 0 0 0 0 0 95 0 0 0 0 0 0 12 21 22 77 0 0 0 0 0 0 99 0 41 63 0 0 0 0 65 0 0 69 71 0 0 0 90 98 0 82 0 0 0 31 84 0 
10 97 35 0 0 0 0 0 0 10 0 32 0 0 0 78 0 0 4 0 0 0 0 0 70 0 0 0 0 0 0 44 0 17 0 0 0 0 32 0 71 0 57 0 86 0 0 0 0 0 0 0 0 0 0 12 0 0 0 0 0 99 31 55 44 0 0 0 0 0 56 0 0 0 0 0 0 0 0 0 0 0 0 0 0 0 0 42 0 31 0 0 0 0 79 0 0 0 0 0 
0 0 0 0 0 0 0 100 69 0 13 83 0 0 0 0 0 0 0 56 75 0 0 63 87 77 0 0 0 56 0 36 68 0 0 0 0 0 0 78 0 0 71 8 43 42 0 0 0 0 0 7 0 0 0 0 0 0 0 0 36 0 0 60 0 33 67 0 0 0 99 0 0 0 0 51 0 59 39 0 89 0 0 0 0 0 0 15 0 0 0 0 67 0 0 82 0 0 0 0 
0 0 0 77 0 0 0 0 0 0 80 0 85 0 0 0 0 0 0 0 0 0 0 25 0 0 0 0 0 66 71 0 0 91 61 0 0 0 96 82 0 0 0 0 0 56 0 63 0 55 0 0 0 0 84 0 71 0 0 14 75 0 0 24 0 0 41 0 0 0 18 85 0 0 27 79 29 0 58 0 0 0 82 0 0 80 0 0 0 0 55 0 0 0 0 0 0 0 0 36 
0 0 0 83 31 0 0 0 46 54 0 62 0 0 0 0 10 55 93 0 0 0 8 0 49 0 0 38 2 0 78 44 0 0 0 32 0 96 0 0 0 0 0 0 0 0 0 0 31 0 0 74 44 60 0 0 0 95 0 0 0 0 0 69 55 0 0 0 0 0 0 0 0 0 0 0 7 0 0 53 0 0 0 0 0 0 0 17 68 0 0 0 32 0 0 69 0 0 0 75 
0 54 0 0 0 0 0 0 37 0 0 0 0 0 0 0 1 61 58 0 39 0 20 0 0 0 0 0 0 0 0 4 0 0 0 0 78 82 0 0 35 0 0 0 49 0 0 0 0 0 0 0 0 0 0 81 0 0 0 0 0 38 0 0 0 0 0 0 0 0 33 16 70 0 0 0 75 0 0 83 90 0 0 0 55 0 0 0 0 0 28 26 0 0 0 0 69 0 0 66 
0 0 98 78 0 0 2 0 0 59 0 23 0 0 0 0 0 36 0 79 29 0 0 0 0 13 24 0 74 100 0 0 0 0 0 71 0 0 0 35 0 0 23 0 33 0 0 0 0 0 0 0 59 0 0 0 0 0 0 0 0 0 31 28 0 0 0 0 5 0 0 0 62 0 85 0 0 0 0 0 87 0 13 0 0 0 0 0 0 0 0 0 0 36 27 0 0 0 0 0 
0 0 24 0 64 0 0 0 0 94 90 0 0 0 0 0 0 0 70 77 0 36 0 21 0 0 0 0 0 0 0 0 0 0 35 0 0 0 0 0 0 0 0 15 0 0 36 0 0 0 0 0 0 13 0 0 46 0 0 0 0 0 25 0 0 0 93 21 0 75 0 0 0 0 0 0 0 0 0 0 0 0 0 0 0 0 0 0 0 4 0 99 62 0 38 0 0 68 0 0 
0 0 0 0 0 0 0 91 94 0 0 11 98 0 0 0 0 75 0 0 79 0 0 0 0 0 0 0 80 0 0 27 4 0 0 57 71 0 0 0 23 0 0 0 100 0 0 0 0 27 0 0 44 0 0 0 0 0 0 0 15 5 44 97 0 96 0 0 35 0 3 0 0 0 58 0 9 0 0 0 0 0 87 20 0 0 0 5 75 0 8 0 0 0 0 0 0 49 0 0 
87 0 0 0 92 0 95 0 0 0 0 31 0 47 2 67 42 0 0 0 53 0 0 0 0 0 0 28 0 0 0 0 34 0 0 0 8 0 0 0 0 15 0 0 0 58 0 0 23 10 0 0 0 0 0 0 0 0 0 0 15 0 0 0 69 92 74 35 0 0 0 64 0 23 0 18 0 0 42 0 0 81 0 63 0 0 0 0 0 0 0 7 0 0 0 0 0 0 82 47 
0 0 0 81 0 56 0 0 0 0 0 56 0 0 0 0 70 86 0 0 0 0 71 45 7 67 0 0 56 0 0 0 0 0 0 86 43 0 0 49 33 0 100 0 0 0 0 0 0 0 0 0 0 0 0 0 0 84 57 0 71 85 0 0 7 39 0 24 0 0 0 0 19 0 0 0 0 55 0 63 82 0 0 0 0 0 0 38 0 0 8 0 49 0 0 0 0 0 98 0 
0 0 0 0 36 93 52 75 25 0 0 28 73 44 51 0 0 0 0 0 0 0 0 0 0 0 0 0 0 0 95 0 27 0 17 0 42 56 0 0 0 0 0 58 0 0 0 54 0 0 0 0 0 0 0 61 0 0 0 0 6 0 0 0 0 0 0 0 46 4 0 0 57 24 0 0 2 99 0 27 0 55 0 0 0 69 0 81 0 0 0 0 0 0 0 0 0 41 0 0 
0 0 0 83 0 0 0 55 86 0 0 0 0 0 0 0 0 0 0 0 0 0 0 0 74 32 0 0 0 6 0 0 0 0 59 0 0 0 0 0 0 36 0 0 0 0 0 0 99 0 0 79 0 0 0 0 0 0 80 0 0 0 0 0 0 0 6 0 0 4 0 0 0 0 0 0 0 90 38 0 0 0 0 0 0 0 80 0 0 11 0 0 0 0 0 90 0 0 0 0 
0 0 0 94 83 0 80 3 0 0 0 0 0 0 70 91 0 43 16 43 0 60 96 0 0 0 44 0 0 0 90 0 66 0 0 0 0 63 0 0 0 0 0 0 0 54 0 0 0 0 0 7 0 0 14 0 0 0 0 0 0 0 0 0 0 0 0 84 0 0 91 0 0 0 0 0 0 88 0 0 8 0 24 30 0 0 0 0 0 0 34 57 30 0 0 84 83 0 0 10 
0 47 0 88 0 88 0 0 0 0 0 0 0 0 27 3 0 0 0 47 0 0 0 17 12 0 57 0 0 0 0 99 0 20 64 0 0 0 31 0 0 0 0 23 0 0 99 0 0 0 0 0 3 0 0 0 0 19 28 0 0 0 0 0 0 0 0 0 0 0 0 0 82 51 0 34 89 0 0 0 0 99 0 5 0 0 0 83 68 0 0 0 0 0 0 0 0 73 58 56 
0 0 0 36 0 0 0 61 0 0 0 0 86 0 62 0 0 0 100 0 71 0 0 0 0 75 0 0 0 0 0 0 0 29 42 0 0 55 0 0 0 0 27 10 0 0 0 0 0 0 0 0 0 0 0 0 7 0 0 86 0 49 0 0 40 94 17 12 2 0 4 52 0 0 0 20 0 0 54 0 0 0 0 0 0 84 0 0 0 67 0 0 0 0 0 0 0 0 0 0 
75 0 38 0 89 0 0 0 0 0 48 0 0 0 0 0 0 0 0 0 0 19 0 0 0 0 51 0 95 0 0 0 0 34 0 0 0 0 0 0 0 0 0 0 0 0 0 0 0 0 0 0 0 0 0 73 89 35 0 0 0 0 82 33 66 57 0 0 0 0 77 0 0 0 0 0 0 0 12 0 0 0 1 0 0 0 0 0 0 0 0 0 0 0 0 0 0 0 0 64 
28 0 0 65 0 0 0 0 0 100 63 0 0 42 0 0 49 52 49 29 0 41 22 0 0 30 0 0 42 65 0 0 0 84 0 0 7 0 74 0 0 0 0 0 0 0 79 7 0 0 0 0 0 0 0 70 0 0 35 0 0 0 0 0 0 0 75 95 0 0 0 0 0 30 74 0 0 1 51 0 25 0 0 0 0 0 42 0 0 0 0 0 0 0 0 0 0 0 79 0 
0 1 71 0 0 0 90 0 0 0 0 0 84 0 0 79 0 0 0 0 0 0 57 29 0 0 0 0 0 20 0 0 12 0 0 0 0 0 44 0 59 0 44 0 0 0 0 0 3 0 0 0 0 0 25 5 4 0 0 0 0 72 0 0 0 59 21 27 8 0 0 0 0 0 18 57 0 34 0 0 0 0 72 61 61 0 5 0 0 0 0 0 0 44 0 0 0 0 22 0 
0 0 26 77 0 0 0 2 0 0 49 33 0 7 0 0 0 0 0 0 71 18 94 0 0 41 0 0 0 53 65 0 0 0 0 0 0 0 60 0 0 13 0 0 0 0 0 0 0 0 0 0 0 0 0 0 0 0 0 15 0 0 0 0 0 0 0 97 50 0 72 0 98 7 56 0 0 46 0 0 14 0 11 0 99 0 0 3 0 0 94 33 0 26 0 0 0 0 62 0 
0 0 35 5 93 0 0 0 41 0 0 0 72 0 0 0 0 0 13 0 0 0 0 0 0 0 0 89 0 0 86 22 34 0 0 0 0 84 0 0 0 0 0 0 0 0 0 14 0 0 0 0 25 0 0 72 100 0 0 0 0 0 0 0 0 0 0 0 0 0 0 0 0 52 0 0 0 0 0 0 86 0 0 32 0 65 0 25 0 0 0 0 76 4 0 0 0 0 0 0 
0 76 0 0 0 0 58 0 56 0 0 0 0 94 0 0 0 0 0 0 0 0 19 49 0 0 0 99 0 0 0 0 0 0 0 12 0 0 0 81 0 0 0 0 0 61 0 0 0 0 73 70 5 0 72 0 55 0 0 33 13 0 48 0 0 44 0 47 0 0 0 0 0 0 55 0 99 0 0 0 6 0 11 0 0 0 0 92 0 0 0 52 0 0 53 0 80 35 19 0 
0 0 0 0 0 21 0 0 0 0 0 0 0 81 0 94 0 0 0 0 0 52 0 0 0 0 0 0 12 0 0 69 0 0 0 0 0 71 0 0 0 46 0 0 0 0 0 0 0 7 89 0 4 0 100 55 0 47 0 0 48 3 0 0 100 11 0 20 0 0 0 0 74 16 49 0 28 0 0 0 81 0 17 0 0 0 0 39 0 63 61 0 0 0 0 62 0 0 0 3 
0 0 0 0 0 0 0 97 0 0 0 0 0 87 0 0 0 89 0 0 0 0 0 59 0 0 0 0 17 0 0 0 0 0 95 0 0 0 95 0 0 0 0 0 84 0 0 0 19 0 35 0 0 0 0 0 47 0 0 0 53 0 23 0 0 0 0 1 18 0 0 0 19 56 0 0 0 0 12 0 95 0 0 0 0 0 0 0 0 0 0 0 45 0 79 0 66 97 0 0 
0 0 0 0 86 0 83 74 0 0 66 14 0 0 0 0 0 0 0 0 0 31 0 0 0 0 0 0 0 0 0 0 0 52 0 0 0 0 0 0 0 0 0 0 57 0 80 0 28 0 0 35 0 0 0 0 0 0 0 0 27 0 0 0 51 0 0 0 0 0 0 0 45 0 0 0 0 0 0 0 0 0 0 0 90 0 0 0 0 0 0 46 0 41 0 0 62 68 72 0 
0 0 0 83 0 56 0 69 0 0 14 0 29 0 0 38 0 0 0 37 0 0 0 52 0 8 0 0 77 9 0 0 0 0 0 0 0 14 0 0 0 0 0 0 0 0 0 0 0 86 0 0 0 15 0 33 0 0 0 0 0 79 23 0 0 0 0 87 56 0 0 71 0 0 38 0 40 0 0 0 0 0 0 47 0 0 0 0 0 0 55 0 9 0 0 0 10 0 28 0 
0 39 0 0 0 0 27 0 80 0 0 0 11 76 0 24 0 29 100 0 0 23 0 0 0 0 0 0 0 72 0 0 0 63 0 0 36 75 0 0 0 0 15 15 71 6 0 0 0 0 0 0 0 0 0 13 48 53 27 0 0 0 63 11 0 0 0 0 0 88 0 0 0 42 0 0 0 1 0 0 71 93 0 0 0 0 0 70 0 0 0 0 0 0 0 0 10 0 0 0 
0 47 0 0 0 0 0 0 0 0 15 54 0 0 0 2 65 0 0 0 0 0 0 0 0 0 0 0 0 76 0 37 72 31 0 99 0 0 0 38 0 0 5 0 85 0 0 0 0 49 0 0 72 0 0 0 3 0 0 79 0 0 0 6 0 83 34 0 0 0 0 0 0 0 0 0 0 0 51 0 0 0 76 62 0 0 11 0 0 0 0 0 59 0 79 0 0 0 0 43 
94 0 0 91 24 11 0 0 0 68 0 0 4 0 0 0 30 0 0 0 0 0 33 0 51 0 55 0 85 81 0 21 0 0 0 31 0 0 0 0 31 25 44 0 0 0 0 0 0 0 82 0 0 0 0 48 0 23 0 23 63 0 0 0 0 0 0 75 0 0 0 56 98 80 0 36 0 0 0 0 0 0 0 56 0 0 0 0 0 0 0 0 0 0 0 73 0 88 0 0 
0 0 82 0 4 0 0 0 44 0 65 0 0 0 0 0 0 0 79 89 41 99 0 7 0 0 0 28 49 0 77 0 0 37 0 55 60 24 69 0 28 0 97 0 0 0 0 0 0 0 33 0 0 0 0 0 0 0 0 0 11 6 0 0 0 0 0 0 0 0 0 0 0 0 0 97 90 70 0 0 0 0 0 0 62 0 0 85 0 0 53 0 62 0 0 0 0 76 0 0 
0 0 30 0 0 0 0 0 26 64 0 16 0 0 0 9 0 0 0 3 0 0 0 0 0 0 96 0 0 0 49 0 0 73 12 44 0 0 55 0 0 0 0 69 7 0 0 0 0 40 66 0 0 0 0 0 100 0 51 0 0 0 0 0 0 0 0 0 0 0 0 0 0 0 0 0 0 76 75 45 0 37 98 0 0 0 66 0 0 25 0 52 0 93 0 0 0 0 0 42 
81 59 0 0 0 0 0 0 0 0 0 39 0 96 0 19 19 0 92 0 0 0 0 0 0 2 36 0 0 0 0 0 0 0 21 0 33 0 0 0 0 0 96 92 39 0 0 0 0 94 57 0 59 0 0 44 11 0 0 0 0 83 0 0 0 0 0 0 0 0 0 0 0 0 80 0 0 0 11 1 0 43 0 0 0 0 0 0 12 0 0 0 81 0 0 82 0 0 0 0 
0 0 0 0 29 0 0 0 9 0 98 0 0 0 55 5 0 0 0 0 16 28 0 0 0 92 0 34 0 0 0 75 58 0 22 0 67 41 0 0 0 93 0 74 0 0 6 0 0 17 0 75 21 0 0 0 0 0 0 0 0 34 0 0 0 0 0 2 0 81 0 0 0 0 0 0 0 0 0 0 0 0 0 0 0 0 0 5 0 0 0 0 0 0 0 0 0 0 0 80 
0 0 76 0 0 0 0 0 0 18 0 0 0 0 76 59 0 63 0 0 0 0 0 0 0 28 0 0 0 0 0 0 0 0 77 0 0 0 0 0 0 21 0 35 24 0 0 84 0 12 0 95 27 97 0 47 20 1 0 87 0 0 75 0 0 0 2 0 0 0 95 0 0 26 0 0 84 0 0 39 0 34 0 0 71 0 25 0 0 0 0 8 0 0 0 0 0 0 0 6 
0 60 0 0 0 0 34 0 61 0 0 0 0 0 0 0 54 0 0 0 0 0 0 0 0 0 0 74 0 0 0 0 0 0 0 0 0 0 0 0 5 0 35 0 0 46 0 0 0 2 0 0 8 50 0 0 0 18 0 56 0 0 0 0 0 0 0 0 0 0 79 42 0 0 0 0 0 0 0 0 26 56 0 0 0 0 0 0 4 41 0 0 6 0 0 0 85 0 0 34 
0 0 0 41 0 0 0 0 73 66 0 86 0 0 0 42 96 0 0 0 22 0 0 0 0 0 0 76 0 96 0 0 0 8 0 0 0 0 0 0 0 75 0 0 0 4 4 0 0 0 0 0 0 0 0 0 0 0 0 0 88 0 0 0 0 0 81 0 0 0 0 0 0 0 75 96 4 0 0 0 0 0 28 0 0 0 0 0 0 0 33 0 0 45 0 66 0 18 85 0 
0 14 0 0 0 98 0 0 0 68 0 0 0 34 0 20 11 0 0 0 0 0 44 67 0 0 0 0 0 0 0 0 0 37 0 56 99 18 0 33 0 0 3 0 0 0 0 91 0 4 77 0 0 72 0 0 0 0 0 0 0 0 0 0 0 0 0 95 79 0 0 0 0 0 0 0 0 34 46 0 97 4 0 0 0 0 0 0 0 0 81 0 0 0 0 0 0 0 0 85 
0 0 0 0 0 0 0 96 0 0 0 0 0 0 0 0 89 0 0 0 87 0 0 0 0 0 0 0 15 0 0 0 0 0 0 0 0 85 0 16 0 0 0 64 0 0 0 0 0 52 0 0 0 0 0 0 0 0 0 71 0 0 56 0 0 0 0 0 42 0 0 0 62 0 0 0 0 0 0 73 0 0 0 0 0 32 0 0 0 69 20 0 0 0 0 0 0 0 93 0 
0 0 0 0 18 0 22 0 0 59 0 0 0 0 0 0 0 0 92 0 33 0 0 35 0 0 0 0 0 0 0 0 0 0 0 0 0 0 0 70 62 0 0 0 19 57 0 0 82 0 0 0 0 98 0 0 74 19 45 0 0 0 98 0 0 0 0 0 0 0 0 62 0 0 7 0 0 26 0 0 90 0 0 0 27 0 0 0 0 0 0 0 0 0 0 0 0 0 0 15 
62 0 12 0 0 0 0 0 0 0 0 27 0 72 12 0 0 72 0 0 0 0 90 0 10 18 39 0 0 7 0 39 87 0 0 0 0 0 0 0 0 0 0 23 0 24 0 0 51 0 0 30 0 7 52 0 16 56 0 0 42 0 80 0 0 0 0 26 0 0 0 0 0 0 0 36 0 0 0 0 26 0 93 17 0 0 0 10 0 41 0 0 0 0 0 0 0 0 0 0 
0 32 0 0 0 0 28 27 0 0 0 0 16 69 0 0 0 0 92 0 0 0 0 0 0 0 0 0 0 0 0 0 96 0 99 0 0 27 0 0 85 0 58 0 0 0 0 0 0 0 0 74 18 56 0 55 49 0 0 38 0 0 0 0 0 80 0 0 0 75 0 0 7 0 0 0 0 40 0 0 0 0 0 0 0 0 0 0 62 0 0 0 0 0 12 0 0 0 0 0 
0 66 70 0 0 0 0 0 0 0 0 0 4 31 54 0 0 94 0 0 0 0 0 0 0 0 0 0 23 52 0 0 0 71 0 0 51 79 0 0 0 0 0 18 0 0 0 0 34 20 0 0 57 0 0 0 0 0 0 0 0 0 36 97 0 0 0 0 0 96 0 0 0 36 0 0 0 0 0 0 0 0 0 0 0 36 0 0 0 0 0 16 0 0 0 0 43 0 48 55 
0 92 4 0 0 0 43 0 0 0 39 0 0 93 0 0 0 0 4 0 0 68 0 0 0 39 0 0 0 27 0 0 0 0 41 0 0 29 7 75 0 0 9 0 0 2 0 0 89 0 0 0 0 0 0 99 28 0 0 40 0 0 0 90 0 0 0 84 0 4 0 0 0 0 0 0 0 86 0 0 13 0 0 0 0 0 0 0 90 0 16 0 0 45 0 49 0 0 0 0 
0 0 0 0 0 0 87 0 56 8 86 0 10 0 0 41 0 0 0 0 0 0 51 63 0 55 0 0 0 0 80 0 0 0 63 0 59 0 0 0 0 0 0 0 55 99 90 88 0 0 0 1 34 46 0 0 0 0 0 0 1 0 0 70 76 0 0 0 0 0 34 0 26 0 40 0 86 0 0 32 0 0 0 0 0 8 0 88 0 0 0 0 0 0 0 0 0 0 0 0 
0 0 63 0 0 89 0 0 0 0 0 0 0 0 0 0 65 84 0 0 0 55 0 24 57 0 0 0 0 0 0 99 0 23 0 0 39 58 0 0 0 0 0 42 0 0 38 0 0 54 12 51 0 0 0 0 0 12 0 0 0 51 0 0 75 11 0 0 0 0 46 0 0 0 0 0 0 0 0 0 0 1 0 16 12 87 0 0 0 58 0 63 0 99 0 0 0 56 26 0 
64 0 0 0 0 0 76 0 0 0 0 0 0 0 0 0 0 0 0 0 0 0 0 0 11 25 0 35 0 0 89 0 9 0 0 0 0 0 53 83 0 0 0 0 63 27 0 0 0 0 0 0 0 0 0 0 0 0 0 0 0 0 0 0 45 1 0 39 0 0 0 73 0 0 0 0 0 32 0 0 0 0 19 0 0 0 66 0 77 0 4 69 0 30 0 0 0 0 61 0 
0 0 53 0 0 38 0 0 0 0 0 0 0 0 0 10 0 71 0 41 0 0 0 0 22 0 0 0 0 83 0 0 38 0 0 0 89 0 0 90 87 0 0 0 82 0 0 8 0 0 0 25 0 14 86 6 81 95 0 0 71 0 0 0 0 0 0 0 26 0 97 0 90 26 0 0 13 0 0 0 0 0 0 0 0 24 0 0 0 0 0 11 0 0 0 0 0 82 73 0 
54 0 0 0 42 65 78 0 38 0 0 0 0 0 0 0 0 0 0 97 0 0 0 0 51 0 0 0 93 27 0 0 0 0 0 0 0 0 0 0 0 0 0 81 0 55 0 0 99 0 0 0 0 0 0 0 0 0 0 0 93 0 0 0 37 43 0 34 56 0 4 0 0 0 0 0 0 0 1 0 0 0 0 47 0 0 69 0 0 0 60 0 59 0 30 95 0 0 0 2 
44 0 0 0 0 0 0 23 0 91 0 0 19 0 0 0 0 0 0 52 0 50 68 79 77 18 0 0 0 0 0 0 0 0 65 0 0 82 0 0 13 0 87 0 0 0 0 24 0 0 1 0 72 11 0 11 17 0 0 0 0 76 0 0 98 0 0 0 0 28 0 0 0 93 0 0 0 0 0 19 0 0 0 0 0 0 0 56 0 42 0 13 0 0 0 13 0 0 65 0 
87 0 38 78 0 0 0 0 0 0 0 0 0 9 0 23 0 0 0 0 0 96 24 0 0 94 0 0 95 39 0 75 0 0 0 0 0 0 0 0 0 0 20 63 0 0 0 30 5 0 0 0 61 0 32 0 0 0 0 47 0 62 56 0 0 0 0 0 0 0 0 0 0 17 0 0 0 0 16 0 0 47 0 0 0 0 0 0 0 0 40 19 0 0 0 0 0 0 0 0 
0 0 0 0 0 68 0 0 0 0 38 0 0 0 0 86 0 0 30 0 57 0 14 72 0 0 29 14 0 0 0 0 0 0 0 0 0 0 0 55 0 0 0 0 0 0 0 0 0 0 0 0 61 99 0 0 0 0 90 0 0 0 0 62 0 0 0 71 0 0 0 0 27 0 0 0 0 0 12 0 0 0 0 0 0 0 37 0 27 0 31 0 0 0 94 2 0 0 0 0 
0 40 0 0 0 0 0 50 0 34 0 0 58 53 0 0 0 0 0 4 59 97 0 0 0 82 0 0 0 0 0 0 0 0 69 0 0 80 0 0 0 0 0 0 0 69 0 0 0 84 0 0 0 0 65 0 0 0 0 0 0 0 0 0 0 0 0 0 0 0 0 32 0 0 0 36 0 8 87 0 24 0 0 0 0 0 0 0 0 0 0 0 35 0 0 0 12 0 0 74 
0 41 38 0 0 1 44 0 82 0 0 0 0 0 0 0 0 7 0 0 51 52 0 0 0 0 0 22 4 0 84 0 0 0 71 0 0 0 0 0 0 0 0 0 0 0 80 0 0 0 0 42 5 0 0 0 0 0 0 0 0 11 0 0 66 0 0 25 0 0 0 0 0 0 0 0 0 0 0 66 0 69 0 0 37 0 0 37 84 0 0 34 0 0 0 0 0 89 49 0 
0 0 0 0 0 27 0 57 7 0 55 42 0 0 0 0 0 0 0 4 0 0 0 0 0 0 49 19 0 0 0 0 0 9 0 42 15 0 17 0 0 0 5 0 38 81 0 0 83 0 0 0 0 3 25 92 39 0 0 0 70 0 0 85 0 0 5 0 0 0 0 0 0 10 0 0 0 88 0 0 0 0 56 0 0 0 37 0 0 8 0 0 0 0 75 0 0 0 99 0 
0 0 0 0 0 0 0 0 0 63 41 0 0 0 92 0 1 0 0 0 4 0 0 0 0 0 0 0 0 0 0 0 100 0 0 0 0 0 68 0 0 0 75 0 0 0 0 0 68 0 0 0 0 0 0 0 0 0 0 0 0 0 0 0 0 12 0 0 4 0 0 0 0 0 62 0 90 0 0 77 0 0 0 0 27 0 84 0 0 91 86 20 50 0 0 0 29 0 0 0 
0 25 0 76 2 31 0 31 0 0 0 0 45 0 0 0 86 0 100 25 0 0 0 0 28 0 0 89 0 0 0 0 0 0 0 31 0 0 0 0 0 4 0 0 0 0 11 0 0 67 0 0 0 0 0 0 63 0 0 0 0 0 0 0 25 0 0 0 41 0 0 69 0 41 0 0 0 0 58 0 0 0 42 0 0 0 0 8 91 0 24 0 90 0 11 35 0 91 0 58 
0 21 0 0 0 0 0 0 5 11 0 0 0 0 0 0 0 0 35 0 67 51 0 0 0 0 0 70 0 0 79 0 0 0 90 0 0 55 0 28 0 0 8 0 8 0 0 34 0 0 0 0 0 94 0 0 61 0 0 55 0 0 0 53 0 0 0 0 0 33 81 20 0 0 0 0 16 0 0 4 0 60 0 40 31 0 0 0 86 24 0 0 0 0 0 0 94 0 0 0 
0 0 0 0 0 0 0 0 0 0 0 0 0 0 97 0 49 55 0 38 0 0 88 0 0 0 0 0 0 0 97 57 44 38 98 0 0 0 0 26 0 99 0 7 0 0 0 57 0 0 0 0 0 33 0 52 0 0 46 0 0 0 0 0 52 0 0 8 0 0 0 0 0 0 0 16 0 0 63 69 11 0 13 19 0 0 34 0 20 0 0 0 0 0 0 0 0 45 37 67 
0 0 0 0 92 0 0 0 0 82 0 25 0 99 0 0 0 0 30 0 0 28 0 0 69 0 0 0 0 0 0 0 0 0 0 0 67 0 32 0 0 62 0 0 49 0 0 30 0 0 0 0 0 0 76 0 0 45 0 9 0 59 0 62 0 81 0 0 6 0 0 0 0 0 0 0 0 0 0 0 0 59 0 0 0 35 0 0 50 90 0 0 0 0 32 55 0 0 0 0 
0 0 17 0 0 0 32 58 16 12 0 0 0 0 0 51 0 0 0 0 30 65 0 42 0 0 40 0 52 0 0 26 0 0 82 0 0 0 0 0 36 0 0 0 0 0 0 0 0 0 0 0 44 26 4 0 0 0 41 0 0 0 0 0 93 0 0 0 0 45 0 0 0 0 0 0 45 0 99 30 0 0 0 0 0 0 0 0 0 0 0 0 0 0 0 0 0 0 0 0 
0 25 0 26 14 0 0 0 30 0 45 0 0 0 0 0 0 0 0 0 0 0 0 0 0 39 19 0 0 0 0 0 0 0 0 79 0 0 0 0 27 38 0 0 0 0 0 0 0 0 0 0 0 0 0 53 0 79 0 0 0 79 0 0 0 0 0 0 0 0 0 0 0 0 12 0 0 0 0 0 0 30 0 0 94 0 0 75 0 11 0 0 32 0 0 43 0 0 0 0 
28 0 0 24 1 0 0 0 0 0 26 53 0 0 71 10 76 0 0 0 0 0 97 0 0 59 0 0 90 0 0 0 78 0 0 0 82 0 69 0 0 0 0 0 0 0 90 84 0 0 0 0 0 0 0 0 62 0 0 0 0 0 73 0 0 82 0 0 0 66 0 0 0 0 0 0 49 0 0 0 0 95 13 0 2 0 0 0 0 35 0 0 55 0 43 0 30 0 0 67 
0 0 0 57 0 99 0 38 0 0 0 13 0 0 0 0 28 0 92 68 7 12 0 0 0 42 70 0 0 0 0 0 0 89 0 0 0 0 0 69 0 0 0 0 0 0 0 83 0 0 0 0 0 0 0 80 0 66 62 10 10 0 0 0 0 0 0 0 85 0 0 0 0 0 0 43 0 0 0 0 0 0 0 0 0 12 0 0 29 0 94 0 0 0 0 30 0 0 0 0 
0 0 72 0 50 19 88 0 59 0 76 0 7 0 0 0 0 80 0 0 0 0 63 38 0 0 0 0 0 19 0 0 0 0 31 0 0 0 0 0 0 68 49 0 0 41 0 0 73 0 0 0 0 0 0 35 0 97 68 0 0 0 88 76 0 0 0 0 0 18 0 0 0 0 0 0 0 0 56 0 82 0 0 0 0 0 89 0 0 91 0 45 0 0 0 0 0 0 0 0 
61 3 0 0 0 0 0 0 0 0 68 14 0 80 0 57 0 0 0 31 55 0 0 0 0 0 0 0 0 0 49 0 41 0 84 0 0 0 0 0 0 0 0 82 98 0 0 0 58 0 0 79 22 62 0 19 0 0 72 28 0 0 0 0 0 0 0 0 0 85 0 93 0 0 0 48 0 0 26 61 73 0 65 0 0 0 49 99 0 0 0 37 0 0 0 0 0 0 0 0 
0 0 58 0 81 50 0 0 0 0 0 0 0 0 0 0 0 0 11 0 0 0 0 93 0 0 0 0 13 9 7 0 53 0 0 0 0 36 75 66 0 0 0 47 0 0 0 10 56 0 64 0 0 0 0 0 3 0 0 0 0 43 0 0 42 0 80 6 34 0 85 0 15 0 0 55 0 0 0 0 0 2 0 0 0 74 0 0 0 58 0 67 0 0 0 67 0 0 0 0 
