0 0 0 0 0 0 0 0 0 0 0 202 0 0 133 76 0 0 0 0 0 0 0 0 0 0 0 0 0 0 0 0 0 0 0 0 0 0 0 0 0 0 273 132 0 0 0 364 0 0 0 0 141 0 0 0 0 0 0 0 0 345 0 0 0 103 0 0 9 195 0 0 0 0 0 63 0 0 0 0 0 0 0 0 0 0 0 0 0 0 0 0 0 0 0 0 0 0 0 0 
0 0 0 0 0 186 0 390 0 0 0 0 0 0 60 0 0 0 0 0 0 0 0 0 0 0 0 0 0 0 208 0 0 0 0 228 0 0 0 0 0 0 0 0 0 0 0 354 0 0 0 37 0 0 0 0 0 397 0 0 0 0 0 314 95 0 0 0 0 0 0 0 0 0 0 0 0 0 0 0 0 0 0 0 0 0 45 0 0 0 125 461 0 0 0 0 0 320 0 440 
0 0 0 252 0 429 80 0 0 0 0 0 0 0 0 0 0 0 0 0 0 500 0 0 0 0 16 0 0 0 0 0 0 0 0 0 427 0 0 299 0 0 0 0 215 0 0 0 0 0 0 0 0 327 439 0 0 0 0 0 0 0 0 0 354 0 0 0 0 0 0 0 154 0 0 0 0 0 0 0 0 0 0 0 488 0 0 0 374 0 0 0 0 0 0 0 0 0 335 0 
0 0 252 0 0 0 0 0 219 312 0 0 0 0 0 0 0 0 0 0 0 0 0 0 273 0 0 0 0 0 0 0 497 0 0 0 0 176 371 0 0 0 0 0 63 0 0 0 278 0 141 0 0 0 0 0 0 0 0 0 0 0 0 85 344 0 0 0 0 0 0 0 0 0 0 0 0 0 0 0 0 0 0 59 0 0 0 0 0 0 0 0 0 0 0 0 0 0 0 0 
0 0 0 0 0 0 0 0 0 0 0 0 0 0 0 0 0 0 0 27 0 427 0 0 318 0 0 0 0 0 249 0 0 0 0 0 0 0 0 0 86 0 0 0 0 0 0 0 360 0 0 59 0 0 0 0 161 490 126 0 0 0 0 0 0 0 0 0 0 0 0 468 0 0 0 7 0 0 0 0 0 0 344 0 0 80 0 0 0 0 0 0 0 0 0 0 0 0 0 194 
0 186 429 0 0 0 0 0 0 0 0 0 0 0 0 3 0 0 0 0 0 0 0 0 0 0 0 0 0 283 0 0 0 0 0 0 61 0 0 0 0 0 0 0 0 0 0 0 0 0 0 0 0 0 0 0 0 415 0 0 0 0 0 0 0 0 97 0 0 0 482 0 0 0 0 0 0 288 369 0 0 0 0 0 36 331 0 0 0 0 0 0 0 237 0 171 0 0 498 0 
0 0 80 0 0 0 0 0 0 0 0 0 0 0 0 0 0 0 0 0 0 0 0 0 0 0 0 478 0 0 0 0 0 0 0 0 0 0 0 0 0 0 320 0 435 146 0 286 0 0 0 0 0 0 0 82 0 0 0 327 0 0 0 0 0 0 215 0 0 413 0 0 0 0 0 0 0 0 0 0 0 0 0 0 0 0 0 0 0 0 0 0 0 0 0 0 0 0 0 0 
0 390 0 0 0 0 0 0 0 332 0 293 0 0 0 0 0 0 0 0 0 0 0 361 0 0 0 0 0 0 399 0 0 0 0 0 0 0 0 267 404 323 0 0 0 0 0 0 0 0 0 0 465 0 0 0 0 0 0 482 0 0 0 0 0 0 46 314 0 0 0 0 0 0 245 0 0 0 0 0 0 468 0 0 0 0 0 0 0 0 463 0 0 0 0 0 0 0 0 0 
0 0 0 219 0 0 0 0 0 0 0 0 0 0 0 0 0 0 0 0 0 0 0 0 0 0 0 0 423 0 0 0 25 0 0 0 0 0 259 0 264 0 0 0 0 0 0 0 0 346 0 0 0 0 0 0 0 0 0 0 0 0 0 340 0 0 0 0 448 0 0 0 0 0 0 0 0 0 0 249 0 305 500 0 0 0 0 0 0 0 0 0 51 0 107 427 0 0 0 0 
0 0 0 312 0 0 0 332 0 0 0 0 195 133 0 0 0 0 0 0 0 0 0 0 0 281 0 0 0 0 36 0 0 0 0 0 0 0 0 0 279 0 0 0 0 0 0 0 0 0 0 0 0 0 0 0 0 0 0 0 0 263 61 0 0 315 0 0 0 61 0 0 0 0 0 0 0 0 0 0 446 375 0 0 0 0 0 0 0 174 0 0 0 0 0 0 0 0 0 237 
0 0 0 0 0 0 0 0 0 0 0 0 0 0 0 0 0 0 0 340 485 0 0 0 0 0 201 0 0 0 0 0 0 0 171 0 0 0 0 0 142 0 0 0 0 0 0 0 0 0 0 0 0 0 0 0 0 0 0 0 0 0 0 0 63 0 0 0 0 0 0 0 0 0 0 0 0 412 0 0 0 0 141 0 0 0 0 0 0 0 0 0 51 0 415 0 0 0 0 298 
202 0 0 0 0 0 0 293 0 0 0 0 78 0 0 203 0 0 0 0 0 0 0 0 0 0 0 0 0 0 0 251 0 484 0 0 497 0 0 20 0 0 0 0 0 0 0 0 220 447 0 0 0 0 93 0 0 0 0 0 0 0 0 0 0 0 0 0 0 0 0 0 0 0 0 474 0 0 0 480 0 0 0 0 0 0 0 0 0 0 0 375 0 0 0 0 26 0 0 0 
0 0 0 0 0 0 0 0 0 195 0 78 0 0 0 0 0 0 0 0 452 0 0 0 0 0 0 0 210 0 0 0 0 0 0 0 0 0 0 0 0 419 0 274 0 0 0 319 0 0 0 373 0 0 19 0 0 0 0 0 0 0 0 0 0 0 0 0 0 0 0 0 0 0 0 0 0 0 230 0 0 0 0 216 371 0 0 0 451 0 0 0 0 0 24 0 0 467 0 0 
0 0 0 0 0 0 0 0 0 133 0 0 0 0 0 0 0 0 0 0 246 0 0 0 0 0 0 0 0 275 0 0 0 0 0 0 0 0 0 0 282 0 0 0 0 0 432 0 0 0 0 0 0 0 0 0 0 0 0 0 0 0 0 0 0 132 0 0 0 334 0 0 0 0 0 0 0 0 0 411 0 0 0 0 289 0 0 0 0 0 0 0 0 0 0 0 0 0 0 0 
133 60 0 0 0 0 0 0 0 0 0 0 0 0 0 0 0 0 389 0 0 222 0 0 0 0 0 0 0 0 0 314 0 57 0 0 167 0 222 0 0 121 0 0 0 0 0 0 0 0 0 0 0 489 0 0 0 0 0 0 429 0 0 0 0 45 0 0 0 0 0 0 201 0 0 0 0 0 79 0 0 0 0 0 0 0 0 0 0 0 0 0 0 0 0 0 0 0 102 0 
76 0 0 0 0 3 0 0 0 0 0 203 0 0 0 0 0 0 0 0 184 0 0 0 0 0 0 0 0 0 160 0 0 0 0 0 0 0 0 0 0 0 0 0 0 0 427 0 0 0 0 0 0 35 0 0 0 0 0 0 0 445 0 0 0 0 0 155 0 0 0 0 0 0 0 0 0 248 0 0 0 0 0 0 0 0 4 0 0 0 0 0 0 89 0 500 0 364 94 0 
0 0 0 0 0 0 0 0 0 0 0 0 0 0 0 0 0 0 500 0 0 0 0 0 384 0 0 204 0 0 0 0 0 0 0 0 0 0 0 0 0 0 390 0 0 0 108 0 0 0 0 0 0 0 0 0 0 53 0 0 0 0 0 500 29 0 5 0 0 0 0 270 0 0 0 0 339 0 0 0 343 0 0 0 0 161 0 0 0 0 0 0 0 0 0 0 0 0 0 0 
0 0 0 0 0 0 0 0 0 0 0 0 0 0 0 0 0 0 0 0 0 0 0 0 0 0 319 0 0 0 0 0 0 0 0 0 0 351 367 0 0 0 0 0 0 0 0 0 0 0 0 0 0 0 0 0 0 0 289 0 0 0 0 0 309 0 65 0 0 0 0 0 179 0 0 0 36 0 359 0 0 0 269 0 0 415 0 0 0 298 0 0 0 0 0 0 0 0 0 0 
0 0 0 0 0 0 0 0 0 0 0 0 0 0 389 0 500 0 0 0 46 101 0 0 35 0 0 0 0 0 0 0 0 0 0 0 0 0 0 0 120 0 0 0 269 0 0 0 0 242 0 0 394 0 0 0 112 0 353 0 0 0 0 0 0 0 0 306 0 0 427 0 0 0 0 0 0 0 0 0 0 445 0 0 0 0 0 0 0 0 0 0 0 0 0 0 0 237 0 0 
0 0 0 0 27 0 0 0 0 0 340 0 0 0 0 0 0 0 0 0 0 0 0 0 275 0 0 0 0 0 0 0 0 0 0 0 0 0 0 0 0 0 0 0 80 28 0 0 166 0 0 0 0 0 0 0 0 0 0 0 0 0 0 0 0 0 0 0 0 0 0 454 0 0 0 0 0 0 0 0 20 412 0 0 0 0 0 0 0 0 0 0 0 0 0 465 0 0 0 0 
0 0 0 0 0 0 0 0 0 0 485 0 452 246 0 184 0 0 46 0 0 0 0 0 0 0 0 0 0 0 0 371 0 0 0 0 0 0 0 0 0 0 383 0 234 0 0 0 0 0 0 0 0 0 0 0 17 214 0 0 0 0 0 0 0 0 0 0 0 0 302 140 0 0 0 0 0 0 0 307 0 0 0 0 0 0 0 0 0 0 0 0 0 0 0 0 0 0 0 0 
0 0 500 0 427 0 0 0 0 0 0 0 0 0 222 0 0 0 101 0 0 0 0 0 0 0 0 0 0 0 0 0 0 0 0 0 0 0 0 0 0 0 0 88 0 289 0 0 0 0 0 0 0 0 0 0 0 0 0 359 294 0 0 0 0 0 0 343 0 0 427 0 0 0 0 0 0 0 94 0 0 343 0 0 0 0 0 0 51 0 0 0 0 0 0 139 0 0 0 443 
0 0 0 0 0 0 0 0 0 0 0 0 0 0 0 0 0 0 0 0 0 0 0 193 0 214 0 0 0 0 0 440 0 0 0 0 307 0 0 0 0 0 0 0 0 8 0 0 0 0 350 0 0 0 0 0 0 0 0 0 0 0 0 0 0 75 0 0 0 0 158 0 0 0 0 0 0 0 0 0 0 0 0 0 258 0 215 238 427 0 0 0 0 254 237 86 0 0 0 0 
0 0 0 0 0 0 0 361 0 0 0 0 0 0 0 0 0 0 0 0 0 0 193 0 0 0 0 0 0 0 0 0 0 0 0 0 0 0 0 0 0 0 0 0 0 0 0 0 84 0 0 0 0 0 0 0 108 0 0 0 0 122 0 0 0 0 0 0 0 0 0 0 0 0 387 0 0 0 0 207 148 0 0 0 0 65 206 0 0 0 0 0 0 0 0 0 0 0 0 0 
0 0 0 273 318 0 0 0 0 0 0 0 0 0 0 0 384 0 35 275 0 0 0 0 0 0 0 0 0 0 0 0 166 0 0 0 0 0 0 0 0 74 0 0 0 0 0 0 0 500 0 0 0 0 0 0 101 0 0 0 0 0 0 0 0 0 0 254 0 396 0 0 0 0 0 212 0 0 0 0 0 113 0 0 0 0 401 0 0 339 0 0 0 0 0 0 0 0 0 0 
0 0 0 0 0 0 0 0 0 281 0 0 0 0 0 0 0 0 0 0 0 0 214 0 0 0 0 0 0 0 261 0 0 0 8 8 111 0 0 0 0 140 233 0 0 0 24 403 0 0 0 0 0 0 0 0 0 0 0 0 0 459 0 0 0 0 462 390 0 0 0 0 0 16 0 0 0 0 0 0 0 0 0 0 0 0 0 0 0 0 0 0 0 0 0 0 0 10 0 0 
0 0 16 0 0 0 0 0 0 0 201 0 0 0 0 0 0 319 0 0 0 0 0 0 0 0 0 0 0 0 20 0 0 0 0 0 0 0 0 0 63 0 0 0 0 0 0 0 0 0 89 0 0 0 55 394 0 273 0 0 0 0 0 0 0 0 0 0 0 453 0 0 434 0 0 0 493 0 0 0 0 0 0 336 0 0 248 0 0 0 0 0 0 0 240 0 0 0 0 0 
0 0 0 0 0 0 478 0 0 0 0 0 0 0 0 0 204 0 0 0 0 0 0 0 0 0 0 0 0 0 0 0 0 176 0 0 0 0 0 0 332 482 473 0 0 0 0 0 0 0 0 0 0 0 0 0 0 0 0 0 325 0 0 0 64 0 0 0 124 212 0 0 0 0 0 0 334 0 67 0 0 0 0 0 0 0 0 0 0 0 0 0 373 0 435 0 0 402 0 0 
0 0 0 0 0 0 0 0 423 0 0 0 210 0 0 0 0 0 0 0 0 0 0 0 0 0 0 0 0 0 0 0 0 0 0 0 357 0 0 0 144 0 0 0 0 0 222 0 0 0 196 0 0 0 0 287 0 441 200 0 0 0 0 0 488 0 466 0 116 0 0 23 0 0 0 0 0 0 0 0 0 0 0 0 119 0 0 0 0 0 0 495 0 0 0 0 0 0 0 0 
0 0 0 0 0 283 0 0 0 0 0 0 0 275 0 0 0 0 0 0 0 0 0 0 0 0 0 0 0 0 0 0 0 0 0 304 0 0 0 0 0 0 0 0 30 391 0 0 0 0 0 0 397 0 0 0 0 0 0 0 0 0 0 0 0 0 0 66 0 0 409 0 0 0 47 0 0 0 0 5 0 0 0 0 26 0 0 0 0 0 0 0 0 0 0 170 0 0 0 0 
0 208 0 0 249 0 0 399 0 36 0 0 0 0 0 160 0 0 0 0 0 0 0 0 0 261 20 0 0 0 0 0 0 0 0 0 0 0 0 0 0 0 73 0 0 0 0 0 0 0 120 0 0 416 0 0 0 0 0 0 0 0 0 0 0 0 0 0 0 0 0 0 0 0 0 0 0 0 0 0 72 0 109 0 0 0 0 446 0 0 0 0 119 0 0 0 0 0 0 0 
0 0 0 0 0 0 0 0 0 0 0 251 0 0 314 0 0 0 0 0 371 0 440 0 0 0 0 0 0 0 0 0 0 0 0 0 0 0 0 0 0 0 0 0 0 0 0 0 0 0 0 0 0 0 0 0 0 0 0 0 0 0 0 0 0 0 0 0 0 220 0 0 0 443 0 0 0 0 0 47 0 0 330 0 0 417 0 0 0 314 56 0 0 0 0 0 132 165 0 0 
0 0 0 497 0 0 0 0 25 0 0 0 0 0 0 0 0 0 0 0 0 0 0 0 166 0 0 0 0 0 0 0 0 130 0 0 0 0 0 0 0 0 234 0 0 0 0 0 0 0 232 0 0 242 0 123 0 0 0 0 0 0 0 497 0 0 0 0 0 0 0 0 0 0 0 0 0 0 0 0 0 0 0 0 0 0 0 0 0 0 0 0 0 0 375 0 162 0 279 0 
0 0 0 0 0 0 0 0 0 0 0 484 0 0 57 0 0 0 0 0 0 0 0 0 0 0 0 176 0 0 0 0 130 0 0 0 0 0 0 0 0 0 196 0 0 0 0 0 0 0 0 0 0 0 0 0 0 0 0 0 0 0 0 0 0 0 0 0 0 0 340 0 0 0 0 0 0 0 0 0 160 0 0 0 0 308 0 0 0 0 0 0 352 0 0 0 431 0 0 0 
0 0 0 0 0 0 0 0 0 0 171 0 0 0 0 0 0 0 0 0 0 0 0 0 0 8 0 0 0 0 0 0 0 0 0 0 0 326 0 0 0 0 87 0 0 0 0 132 0 0 0 0 0 0 0 0 0 0 0 0 0 0 0 0 0 0 0 0 0 0 0 0 0 0 0 420 7 0 0 0 0 0 0 419 0 0 0 378 0 0 0 0 0 0 0 0 0 0 0 0 
0 228 0 0 0 0 0 0 0 0 0 0 0 0 0 0 0 0 0 0 0 0 0 0 0 8 0 0 0 304 0 0 0 0 0 0 0 0 0 0 0 61 0 0 0 0 0 0 0 0 0 0 0 0 0 0 0 0 0 0 0 0 0 0 0 0 0 0 0 481 0 0 0 0 0 0 0 0 0 316 0 0 0 218 0 0 0 0 0 336 0 0 0 0 0 0 35 0 0 0 
0 0 427 0 0 61 0 0 0 0 0 497 0 0 167 0 0 0 0 0 0 0 307 0 0 111 0 0 357 0 0 0 0 0 0 0 0 0 0 0 0 459 0 0 0 0 0 0 0 0 0 0 0 0 0 484 0 86 0 0 0 0 0 0 0 0 0 0 0 0 0 0 0 0 0 0 0 0 0 362 283 0 0 0 19 0 0 0 0 146 0 0 0 0 456 0 0 0 0 0 
0 0 0 176 0 0 0 0 0 0 0 0 0 0 0 0 0 351 0 0 0 0 0 0 0 0 0 0 0 0 0 0 0 0 326 0 0 0 0 485 0 0 0 0 0 0 0 0 68 0 0 0 0 34 9 0 354 0 0 0 0 0 0 0 0 0 0 0 71 0 0 0 0 0 0 0 0 0 0 0 0 0 0 0 0 393 0 352 479 401 192 0 0 0 0 68 0 0 0 0 
0 0 0 371 0 0 0 0 259 0 0 0 0 0 222 0 0 367 0 0 0 0 0 0 0 0 0 0 0 0 0 0 0 0 0 0 0 0 0 485 0 0 0 0 0 0 74 189 0 0 0 0 0 0 0 0 0 0 0 0 0 0 0 0 139 493 0 0 0 238 0 0 0 0 0 0 0 0 0 0 0 0 0 0 0 0 0 0 0 0 0 0 444 430 0 0 0 0 0 0 
0 0 299 0 0 0 0 267 0 0 0 20 0 0 0 0 0 0 0 0 0 0 0 0 0 0 0 0 0 0 0 0 0 0 0 0 0 485 485 0 0 0 0 0 0 0 0 0 0 0 0 0 326 0 0 0 0 0 0 0 0 0 0 0 20 0 0 0 0 0 0 0 0 0 0 0 0 0 0 0 326 0 0 0 0 0 0 0 312 0 128 0 137 0 0 0 0 0 0 0 
0 0 0 0 86 0 0 404 264 279 142 0 0 282 0 0 0 0 120 0 0 0 0 0 0 0 63 332 144 0 0 0 0 0 0 0 0 0 0 0 0 0 0 0 0 0 0 0 0 0 0 304 0 0 0 0 0 0 0 346 0 0 0 0 203 0 0 0 0 0 0 0 0 0 0 0 0 0 0 0 0 0 0 0 0 207 0 0 0 0 0 0 0 0 0 0 477 0 0 0 
0 0 0 0 0 0 0 323 0 0 0 0 419 0 121 0 0 0 0 0 0 0 0 0 74 140 0 482 0 0 0 0 0 0 0 61 459 0 0 0 0 0 0 0 0 0 0 0 0 0 0 0 0 353 0 273 0 0 0 0 0 0 0 0 0 0 0 0 0 0 101 0 0 245 0 0 0 371 456 0 77 0 0 0 0 0 0 0 0 0 0 0 0 0 0 0 0 0 0 0 
273 0 0 0 0 0 320 0 0 0 0 0 0 0 0 0 390 0 0 0 383 0 0 0 0 233 0 473 0 0 73 0 234 196 87 0 0 0 0 0 0 0 0 0 0 0 226 0 165 0 0 0 0 0 0 0 0 0 0 0 0 265 0 0 0 0 0 0 0 0 0 0 0 0 0 0 0 0 0 0 0 0 0 364 0 0 0 0 0 0 0 0 0 0 0 0 276 0 0 0 
132 0 0 0 0 0 0 0 0 0 0 0 274 0 0 0 0 0 0 0 0 88 0 0 0 0 0 0 0 0 0 0 0 0 0 0 0 0 0 0 0 0 0 0 0 0 0 194 0 0 0 0 0 467 0 0 0 0 0 0 0 0 0 0 136 166 170 0 0 0 0 0 0 0 497 0 0 0 0 203 0 0 0 219 0 0 0 0 0 0 0 346 0 0 0 0 0 0 0 0 
0 0 215 63 0 0 435 0 0 0 0 0 0 0 0 0 0 0 269 80 234 0 0 0 0 0 0 0 0 30 0 0 0 0 0 0 0 0 0 0 0 0 0 0 0 0 0 103 0 471 0 0 0 311 0 0 0 0 80 0 0 0 0 0 0 0 0 0 114 0 0 0 0 0 0 0 0 0 0 0 0 0 312 0 0 0 367 0 0 0 0 0 0 0 0 0 0 0 0 0 
0 0 0 0 0 0 146 0 0 0 0 0 0 0 0 0 0 0 0 28 0 289 8 0 0 0 0 0 0 391 0 0 0 0 0 0 0 0 0 0 0 0 0 0 0 0 80 0 271 18 0 0 0 0 0 0 0 0 0 44 0 0 410 0 0 0 0 0 246 143 0 0 0 121 239 0 0 0 468 0 0 0 0 0 0 0 0 0 0 0 0 0 0 0 0 0 0 0 0 0 
0 0 0 0 0 0 0 0 0 0 0 0 0 432 0 427 108 0 0 0 0 0 0 0 0 24 0 0 222 0 0 0 0 0 0 0 0 0 74 0 0 0 226 0 0 80 0 0 0 0 0 394 0 0 0 0 0 0 0 0 0 0 0 0 0 0 0 0 309 0 251 0 0 0 0 0 0 0 0 0 95 0 0 0 0 124 0 0 0 0 444 0 0 0 466 0 0 0 0 0 
364 354 0 0 0 0 286 0 0 0 0 0 319 0 0 0 0 0 0 0 0 0 0 0 0 403 0 0 0 0 0 0 0 0 132 0 0 0 189 0 0 0 0 194 103 0 0 0 0 0 0 0 0 0 381 0 0 0 0 0 0 0 0 0 0 0 0 0 0 0 0 0 0 0 0 0 0 0 57 0 0 0 0 0 0 0 389 0 0 0 395 0 0 163 0 108 0 0 0 0 
0 0 0 278 360 0 0 0 0 0 0 220 0 0 0 0 0 0 0 166 0 0 0 84 0 0 0 0 0 0 0 0 0 0 0 0 0 68 0 0 0 0 165 0 0 271 0 0 0 0 0 0 0 0 219 0 0 0 0 0 0 0 0 75 2 0 363 0 0 0 0 0 0 0 0 0 0 0 0 0 0 0 0 0 0 0 0 0 0 426 0 103 0 0 0 0 422 0 0 0 
0 0 0 0 0 0 0 0 346 0 0 447 0 0 0 0 0 0 242 0 0 0 0 0 500 0 0 0 0 0 0 0 0 0 0 0 0 0 0 0 0 0 0 0 471 18 0 0 0 0 0 192 0 0 0 428 0 0 253 0 0 0 0 0 0 0 0 0 0 0 86 0 0 0 468 0 72 0 0 0 0 0 0 0 0 0 0 0 0 0 238 0 0 143 0 0 0 145 0 0 
0 0 0 141 0 0 0 0 0 0 0 0 0 0 0 0 0 0 0 0 0 0 350 0 0 0 89 0 196 0 120 0 232 0 0 0 0 0 0 0 0 0 0 0 0 0 0 0 0 0 0 358 0 0 0 0 306 0 0 376 0 0 0 0 0 0 0 0 0 0 0 0 0 0 0 318 0 0 0 0 0 0 214 0 0 74 0 0 0 431 0 0 0 0 0 0 108 0 0 314 
0 37 0 0 59 0 0 0 0 0 0 0 373 0 0 0 0 0 0 0 0 0 0 0 0 0 0 0 0 0 0 0 0 0 0 0 0 0 0 0 304 0 0 0 0 0 394 0 0 192 358 0 0 0 229 0 0 0 0 0 0 0 0 0 0 0 0 0 149 0 0 332 0 0 0 0 80 0 0 0 0 0 0 32 0 0 200 0 0 0 0 431 0 0 0 0 0 114 0 0 
141 0 0 0 0 0 0 465 0 0 0 0 0 0 0 0 0 0 394 0 0 0 0 0 0 0 0 0 0 397 0 0 0 0 0 0 0 0 0 326 0 0 0 0 0 0 0 0 0 0 0 0 0 0 0 0 368 0 0 0 0 0 450 0 0 0 0 472 0 0 0 312 0 0 0 0 233 0 0 0 87 0 0 0 0 126 0 0 0 0 0 0 0 0 0 0 0 0 357 0 
0 0 327 0 0 0 0 0 0 0 0 0 0 0 489 35 0 0 0 0 0 0 0 0 0 0 0 0 0 0 416 0 242 0 0 0 0 34 0 0 0 353 0 467 311 0 0 0 0 0 0 0 0 0 254 0 0 0 0 0 0 0 492 0 400 0 0 0 0 0 0 0 0 0 0 0 0 0 0 0 0 361 0 0 0 0 0 0 0 0 0 0 0 0 0 0 0 0 197 0 
0 0 439 0 0 0 0 0 0 0 0 93 19 0 0 0 0 0 0 0 0 0 0 0 0 0 55 0 0 0 0 0 0 0 0 0 0 9 0 0 0 0 0 0 0 0 0 381 219 0 0 229 0 254 0 0 179 0 224 0 0 422 0 0 0 0 0 0 0 0 0 0 0 0 0 241 0 0 0 0 0 0 398 0 0 0 0 0 0 0 0 0 0 0 0 0 0 51 0 0 
0 0 0 0 0 0 82 0 0 0 0 0 0 0 0 0 0 0 0 0 0 0 0 0 0 0 394 0 287 0 0 0 123 0 0 0 484 0 0 0 0 273 0 0 0 0 0 0 0 428 0 0 0 0 0 0 0 155 0 0 0 0 0 0 0 0 0 0 0 0 0 0 0 263 101 0 0 0 0 0 0 0 0 0 0 0 0 0 101 0 0 0 0 0 0 0 0 0 87 0 
0 0 0 0 161 0 0 0 0 0 0 0 0 0 0 0 0 0 112 0 17 0 0 108 101 0 0 0 0 0 0 0 0 0 0 0 0 354 0 0 0 0 0 0 0 0 0 0 0 0 306 0 368 0 179 0 0 0 0 436 0 0 0 0 0 0 0 0 486 0 0 0 0 0 0 386 0 335 0 178 0 0 0 0 0 0 0 0 0 0 0 0 0 0 0 148 0 0 0 0 
0 397 0 0 490 415 0 0 0 0 0 0 0 0 0 0 53 0 0 0 214 0 0 0 0 0 273 0 441 0 0 0 0 0 0 0 86 0 0 0 0 0 0 0 0 0 0 0 0 0 0 0 0 0 0 155 0 0 0 0 290 31 0 0 0 0 0 0 0 0 0 0 0 55 0 0 214 0 0 0 0 0 0 0 0 0 0 0 0 26 187 0 0 0 0 0 0 0 0 0 
0 0 0 0 126 0 0 0 0 0 0 0 0 0 0 0 0 289 353 0 0 0 0 0 0 0 0 0 200 0 0 0 0 0 0 0 0 0 0 0 0 0 0 0 80 0 0 0 0 253 0 0 0 0 224 0 0 0 0 0 447 0 0 0 0 0 0 0 0 0 0 0 0 483 0 436 0 0 0 0 0 109 0 221 0 0 0 0 0 0 0 0 0 0 0 0 0 235 0 0 
0 0 0 0 0 0 327 482 0 0 0 0 0 0 0 0 0 0 0 0 0 359 0 0 0 0 0 0 0 0 0 0 0 0 0 0 0 0 0 0 346 0 0 0 0 44 0 0 0 0 376 0 0 0 0 0 436 0 0 0 143 0 0 0 0 0 0 0 0 0 0 0 0 145 208 0 0 0 0 458 0 0 0 0 0 0 165 0 0 0 0 0 0 0 0 0 0 0 121 0 
0 0 0 0 0 0 0 0 0 0 0 0 0 0 429 0 0 0 0 0 0 294 0 0 0 0 0 325 0 0 0 0 0 0 0 0 0 0 0 0 0 0 0 0 0 0 0 0 0 0 0 0 0 0 0 0 0 290 447 143 0 109 0 99 0 0 0 0 0 0 0 0 0 0 0 302 0 0 0 0 0 0 0 81 0 0 0 0 134 0 113 0 0 358 207 0 32 0 0 0 
345 0 0 0 0 0 0 0 0 263 0 0 0 0 0 445 0 0 0 0 0 0 0 122 0 459 0 0 0 0 0 0 0 0 0 0 0 0 0 0 0 0 265 0 0 0 0 0 0 0 0 0 0 0 422 0 0 31 0 0 109 0 0 38 0 0 0 0 0 0 0 0 0 374 0 0 0 0 0 0 0 0 0 0 0 0 0 0 0 0 190 0 491 0 0 0 0 0 333 464 
0 0 0 0 0 0 0 0 0 61 0 0 0 0 0 0 0 0 0 0 0 0 0 0 0 0 0 0 0 0 0 0 0 0 0 0 0 0 0 0 0 0 0 0 0 410 0 0 0 0 0 0 450 492 0 0 0 0 0 0 0 0 0 106 0 0 37 0 0 0 0 0 0 0 134 0 0 0 0 0 0 0 0 0 0 0 0 0 0 0 0 0 0 84 0 0 0 0 0 0 
0 314 0 85 0 0 0 0 340 0 0 0 0 0 0 0 500 0 0 0 0 0 0 0 0 0 0 0 0 0 0 0 497 0 0 0 0 0 0 0 0 0 0 0 0 0 0 0 75 0 0 0 0 0 0 0 0 0 0 0 99 38 106 0 0 34 0 0 0 0 0 0 73 0 0 0 0 481 0 0 0 0 142 0 0 13 0 166 0 0 0 0 0 0 0 0 0 0 0 0 
0 95 354 344 0 0 0 0 0 0 63 0 0 0 0 0 29 309 0 0 0 0 0 0 0 0 0 64 488 0 0 0 0 0 0 0 0 0 139 20 203 0 0 136 0 0 0 0 2 0 0 0 0 400 0 0 0 0 0 0 0 0 0 0 0 0 0 0 385 0 0 0 0 0 0 0 0 0 0 0 0 0 0 0 0 0 0 0 0 0 0 0 0 0 0 0 0 0 0 0 
103 0 0 0 0 0 0 0 0 315 0 0 0 132 45 0 0 0 0 0 0 0 75 0 0 0 0 0 0 0 0 0 0 0 0 0 0 0 493 0 0 0 0 166 0 0 0 0 0 0 0 0 0 0 0 0 0 0 0 0 0 0 0 34 0 0 0 0 0 0 0 0 0 0 0 20 0 0 0 0 286 42 0 0 355 0 0 0 0 149 0 0 0 0 0 0 372 192 0 0 
0 0 0 0 0 97 215 46 0 0 0 0 0 0 0 0 5 65 0 0 0 0 0 0 0 462 0 0 466 0 0 0 0 0 0 0 0 0 0 0 0 0 0 170 0 0 0 0 363 0 0 0 0 0 0 0 0 0 0 0 0 0 37 0 0 0 0 0 77 0 0 0 191 0 0 0 0 0 0 0 0 0 445 0 0 0 0 403 336 0 0 0 0 0 0 0 0 0 0 0 
0 0 0 0 0 0 0 314 0 0 0 0 0 0 0 155 0 0 306 0 0 343 0 0 254 390 0 0 0 66 0 0 0 0 0 0 0 0 0 0 0 0 0 0 0 0 0 0 0 0 0 0 472 0 0 0 0 0 0 0 0 0 0 0 0 0 0 0 0 0 0 0 0 0 0 0 0 0 0 0 0 483 0 0 0 0 0 0 0 0 0 0 0 0 0 0 0 26 0 0 
9 0 0 0 0 0 0 0 448 0 0 0 0 0 0 0 0 0 0 0 0 0 0 0 0 0 0 124 116 0 0 0 0 0 0 0 0 71 0 0 0 0 0 0 114 246 309 0 0 0 0 149 0 0 0 0 486 0 0 0 0 0 0 0 385 0 77 0 0 0 317 232 0 0 0 0 0 0 0 472 0 0 0 0 0 0 0 0 0 0 0 0 0 0 0 0 0 0 0 0 
195 0 0 0 0 0 413 0 0 61 0 0 0 334 0 0 0 0 0 0 0 0 0 0 396 0 453 212 0 0 0 220 0 0 0 481 0 0 238 0 0 0 0 0 0 143 0 0 0 0 0 0 0 0 0 0 0 0 0 0 0 0 0 0 0 0 0 0 0 0 0 0 250 0 0 0 0 478 0 0 0 0 0 0 0 0 0 0 0 0 0 0 0 0 0 338 0 0 0 0 
0 0 0 0 0 482 0 0 0 0 0 0 0 0 0 0 0 0 427 0 302 427 158 0 0 0 0 0 0 409 0 0 0 340 0 0 0 0 0 0 0 101 0 0 0 0 251 0 0 86 0 0 0 0 0 0 0 0 0 0 0 0 0 0 0 0 0 0 317 0 0 0 486 0 0 485 0 0 0 0 0 0 381 425 0 0 0 0 0 0 0 0 0 0 0 0 0 0 0 0 
0 0 0 0 468 0 0 0 0 0 0 0 0 0 0 0 270 0 0 454 140 0 0 0 0 0 0 0 23 0 0 0 0 0 0 0 0 0 0 0 0 0 0 0 0 0 0 0 0 0 0 332 312 0 0 0 0 0 0 0 0 0 0 0 0 0 0 0 232 0 0 0 0 0 0 0 0 239 0 0 0 0 425 206 0 0 0 233 330 0 0 0 0 0 0 0 0 0 242 0 
0 0 154 0 0 0 0 0 0 0 0 0 0 0 201 0 0 179 0 0 0 0 0 0 0 0 434 0 0 0 0 0 0 0 0 0 0 0 0 0 0 0 0 0 0 0 0 0 0 0 0 0 0 0 0 0 0 0 0 0 0 0 0 73 0 0 191 0 0 250 486 0 0 0 0 0 0 0 0 0 0 88 0 0 0 456 0 0 0 0 0 0 411 0 0 140 0 0 0 79 
0 0 0 0 0 0 0 0 0 0 0 0 0 0 0 0 0 0 0 0 0 0 0 0 0 16 0 0 0 0 0 443 0 0 0 0 0 0 0 0 0 245 0 0 0 121 0 0 0 0 0 0 0 0 0 263 0 55 483 145 0 374 0 0 0 0 0 0 0 0 0 0 0 0 0 0 0 0 0 0 0 281 0 0 0 0 148 352 0 0 0 0 205 0 0 0 0 0 0 0 
0 0 0 0 0 0 0 245 0 0 0 0 0 0 0 0 0 0 0 0 0 0 0 387 0 0 0 0 0 47 0 0 0 0 0 0 0 0 0 0 0 0 0 497 0 239 0 0 0 468 0 0 0 0 0 101 0 0 0 208 0 0 134 0 0 0 0 0 0 0 0 0 0 0 0 0 0 0 0 0 0 0 0 0 438 0 0 0 308 0 0 0 0 0 0 0 0 0 0 0 
63 0 0 0 7 0 0 0 0 0 0 474 0 0 0 0 0 0 0 0 0 0 0 0 212 0 0 0 0 0 0 0 0 0 420 0 0 0 0 0 0 0 0 0 0 0 0 0 0 0 318 0 0 0 241 0 386 0 436 0 302 0 0 0 0 20 0 0 0 0 485 0 0 0 0 0 0 0 0 0 0 0 0 0 0 0 0 0 0 0 0 0 199 0 0 0 0 0 0 0 
0 0 0 0 0 0 0 0 0 0 0 0 0 0 0 0 339 36 0 0 0 0 0 0 0 0 493 334 0 0 0 0 0 0 7 0 0 0 0 0 0 0 0 0 0 0 0 0 0 72 0 80 233 0 0 0 0 214 0 0 0 0 0 0 0 0 0 0 0 0 0 0 0 0 0 0 0 0 0 0 0 0 0 0 0 0 0 0 413 0 435 0 298 187 0 406 0 0 0 450 
0 0 0 0 0 288 0 0 0 0 412 0 0 0 0 248 0 0 0 0 0 0 0 0 0 0 0 0 0 0 0 0 0 0 0 0 0 0 0 0 0 371 0 0 0 0 0 0 0 0 0 0 0 0 0 0 335 0 0 0 0 0 0 481 0 0 0 0 0 478 0 239 0 0 0 0 0 0 0 0 0 0 0 0 153 0 0 0 0 0 0 0 0 0 274 0 29 0 0 0 
0 0 0 0 0 369 0 0 0 0 0 0 230 0 79 0 0 359 0 0 0 94 0 0 0 0 0 67 0 0 0 0 0 0 0 0 0 0 0 0 0 456 0 0 0 468 0 57 0 0 0 0 0 0 0 0 0 0 0 0 0 0 0 0 0 0 0 0 0 0 0 0 0 0 0 0 0 0 0 0 0 0 0 0 0 0 0 0 0 0 0 0 0 0 0 0 0 0 0 0 
0 0 0 0 0 0 0 0 249 0 0 480 0 411 0 0 0 0 0 0 307 0 0 207 0 0 0 0 0 5 0 47 0 0 0 316 362 0 0 0 0 0 0 203 0 0 0 0 0 0 0 0 0 0 0 0 178 0 0 458 0 0 0 0 0 0 0 0 472 0 0 0 0 0 0 0 0 0 0 0 0 0 0 0 0 0 0 422 0 0 0 0 0 0 0 0 0 160 0 0 
0 0 0 0 0 0 0 0 0 446 0 0 0 0 0 0 343 0 0 20 0 0 0 148 0 0 0 0 0 0 72 0 0 160 0 0 283 0 0 326 0 77 0 0 0 0 95 0 0 0 0 0 87 0 0 0 0 0 0 0 0 0 0 0 0 286 0 0 0 0 0 0 0 0 0 0 0 0 0 0 0 0 0 0 0 0 0 0 59 0 0 397 0 0 0 234 0 0 0 0 
0 0 0 0 0 0 0 468 305 375 0 0 0 0 0 0 0 0 445 412 0 343 0 0 113 0 0 0 0 0 0 0 0 0 0 0 0 0 0 0 0 0 0 0 0 0 0 0 0 0 0 0 0 361 0 0 0 0 109 0 0 0 0 0 0 42 0 483 0 0 0 0 88 281 0 0 0 0 0 0 0 0 0 0 0 0 0 0 0 0 0 0 0 0 0 0 0 0 0 0 
0 0 0 0 344 0 0 0 500 0 141 0 0 0 0 0 0 269 0 0 0 0 0 0 0 0 0 0 0 0 109 330 0 0 0 0 0 0 0 0 0 0 0 0 312 0 0 0 0 0 214 0 0 0 398 0 0 0 0 0 0 0 0 142 0 0 445 0 0 0 381 425 0 0 0 0 0 0 0 0 0 0 0 0 0 0 0 285 0 0 0 0 0 0 0 0 0 0 0 0 
0 0 0 59 0 0 0 0 0 0 0 0 216 0 0 0 0 0 0 0 0 0 0 0 0 0 336 0 0 0 0 0 0 0 419 218 0 0 0 0 0 0 364 219 0 0 0 0 0 0 0 32 0 0 0 0 0 0 221 0 81 0 0 0 0 0 0 0 0 0 425 206 0 0 0 0 0 0 0 0 0 0 0 0 0 0 0 0 0 0 50 0 0 0 0 0 0 283 72 0 
0 0 488 0 0 36 0 0 0 0 0 0 371 289 0 0 0 0 0 0 0 0 258 0 0 0 0 0 119 26 0 0 0 0 0 0 19 0 0 0 0 0 0 0 0 0 0 0 0 0 0 0 0 0 0 0 0 0 0 0 0 0 0 0 0 355 0 0 0 0 0 0 0 0 438 0 0 153 0 0 0 0 0 0 0 0 0 0 0 0 0 0 0 109 0 0 0 0 0 0 
0 0 0 0 80 331 0 0 0 0 0 0 0 0 0 0 161 415 0 0 0 0 0 65 0 0 0 0 0 0 0 417 0 308 0 0 0 393 0 0 207 0 0 0 0 0 124 0 0 0 74 0 126 0 0 0 0 0 0 0 0 0 0 13 0 0 0 0 0 0 0 0 456 0 0 0 0 0 0 0 0 0 0 0 0 0 0 0 0 0 0 0 0 0 0 0 0 0 0 96 
0 45 0 0 0 0 0 0 0 0 0 0 0 0 0 4 0 0 0 0 0 0 215 206 401 0 248 0 0 0 0 0 0 0 0 0 0 0 0 0 0 0 0 0 367 0 0 389 0 0 0 200 0 0 0 0 0 0 0 165 0 0 0 0 0 0 0 0 0 0 0 0 0 148 0 0 0 0 0 0 0 0 0 0 0 0 0 0 0 452 0 0 0 0 0 0 0 0 0 0 
0 0 0 0 0 0 0 0 0 0 0 0 0 0 0 0 0 0 0 0 0 0 238 0 0 0 0 0 0 0 446 0 0 0 378 0 0 352 0 0 0 0 0 0 0 0 0 0 0 0 0 0 0 0 0 0 0 0 0 0 0 0 0 166 0 0 403 0 0 0 0 233 0 352 0 0 0 0 0 422 0 0 285 0 0 0 0 0 0 0 0 0 0 0 0 0 321 0 0 0 
0 0 374 0 0 0 0 0 0 0 0 0 451 0 0 0 0 0 0 0 0 51 427 0 0 0 0 0 0 0 0 0 0 0 0 0 0 479 0 312 0 0 0 0 0 0 0 0 0 0 0 0 0 0 0 101 0 0 0 0 134 0 0 0 0 0 336 0 0 0 0 330 0 0 308 0 413 0 0 0 59 0 0 0 0 0 0 0 0 0 0 373 0 0 0 0 0 0 0 298 
0 0 0 0 0 0 0 0 0 174 0 0 0 0 0 0 0 298 0 0 0 0 0 0 339 0 0 0 0 0 0 314 0 0 0 336 146 401 0 0 0 0 0 0 0 0 0 0 426 0 431 0 0 0 0 0 0 26 0 0 0 0 0 0 0 149 0 0 0 0 0 0 0 0 0 0 0 0 0 0 0 0 0 0 0 0 452 0 0 0 0 0 0 0 153 0 379 0 212 0 
0 125 0 0 0 0 0 463 0 0 0 0 0 0 0 0 0 0 0 0 0 0 0 0 0 0 0 0 0 0 0 56 0 0 0 0 0 192 0 128 0 0 0 0 0 0 444 395 0 238 0 0 0 0 0 0 0 187 0 0 113 190 0 0 0 0 0 0 0 0 0 0 0 0 0 0 435 0 0 0 0 0 0 50 0 0 0 0 0 0 0 314 0 0 0 0 299 0 0 0 
0 461 0 0 0 0 0 0 0 0 0 375 0 0 0 0 0 0 0 0 0 0 0 0 0 0 0 0 495 0 0 0 0 0 0 0 0 0 0 0 0 0 0 346 0 0 0 0 103 0 0 431 0 0 0 0 0 0 0 0 0 0 0 0 0 0 0 0 0 0 0 0 0 0 0 0 0 0 0 0 397 0 0 0 0 0 0 0 373 0 314 0 0 0 0 0 0 0 0 0 
0 0 0 0 0 0 0 0 51 0 51 0 0 0 0 0 0 0 0 0 0 0 0 0 0 0 0 373 0 0 119 0 0 352 0 0 0 0 444 137 0 0 0 0 0 0 0 0 0 0 0 0 0 0 0 0 0 0 0 0 0 491 0 0 0 0 0 0 0 0 0 0 411 205 0 199 298 0 0 0 0 0 0 0 0 0 0 0 0 0 0 0 0 0 0 0 0 0 352 0 
0 0 0 0 0 237 0 0 0 0 0 0 0 0 0 89 0 0 0 0 0 0 254 0 0 0 0 0 0 0 0 0 0 0 0 0 0 0 430 0 0 0 0 0 0 0 0 163 0 143 0 0 0 0 0 0 0 0 0 0 358 0 84 0 0 0 0 0 0 0 0 0 0 0 0 0 187 0 0 0 0 0 0 0 109 0 0 0 0 0 0 0 0 0 233 0 0 0 0 0 
0 0 0 0 0 0 0 0 107 0 415 0 24 0 0 0 0 0 0 0 0 0 237 0 0 0 240 435 0 0 0 0 375 0 0 0 456 0 0 0 0 0 0 0 0 0 466 0 0 0 0 0 0 0 0 0 0 0 0 0 207 0 0 0 0 0 0 0 0 0 0 0 0 0 0 0 0 274 0 0 0 0 0 0 0 0 0 0 0 153 0 0 0 233 0 0 0 0 0 0 
0 0 0 0 0 171 0 0 427 0 0 0 0 0 0 500 0 0 0 465 0 139 86 0 0 0 0 0 0 170 0 0 0 0 0 0 0 68 0 0 0 0 0 0 0 0 0 108 0 0 0 0 0 0 0 0 148 0 0 0 0 0 0 0 0 0 0 0 0 338 0 0 140 0 0 0 406 0 0 0 234 0 0 0 0 0 0 0 0 0 0 0 0 0 0 0 0 0 0 396 
0 0 0 0 0 0 0 0 0 0 0 26 0 0 0 0 0 0 0 0 0 0 0 0 0 0 0 0 0 0 0 132 162 431 0 35 0 0 0 0 477 0 276 0 0 0 0 0 422 0 108 0 0 0 0 0 0 0 0 0 32 0 0 0 0 372 0 0 0 0 0 0 0 0 0 0 0 29 0 0 0 0 0 0 0 0 0 321 0 379 299 0 0 0 0 0 0 0 0 0 
0 320 0 0 0 0 0 0 0 0 0 0 467 0 0 364 0 0 237 0 0 0 0 0 0 10 0 402 0 0 0 165 0 0 0 0 0 0 0 0 0 0 0 0 0 0 0 0 0 145 0 114 0 0 51 0 0 0 235 0 0 0 0 0 0 192 0 26 0 0 0 0 0 0 0 0 0 0 0 160 0 0 0 283 0 0 0 0 0 0 0 0 0 0 0 0 0 0 0 0 
0 0 335 0 0 498 0 0 0 0 0 0 0 0 102 94 0 0 0 0 0 0 0 0 0 0 0 0 0 0 0 0 279 0 0 0 0 0 0 0 0 0 0 0 0 0 0 0 0 0 0 0 357 197 0 87 0 0 0 121 0 333 0 0 0 0 0 0 0 0 0 242 0 0 0 0 0 0 0 0 0 0 0 72 0 0 0 0 0 212 0 0 352 0 0 0 0 0 0 0 
0 440 0 0 194 0 0 0 0 237 298 0 0 0 0 0 0 0 0 0 0 443 0 0 0 0 0 0 0 0 0 0 0 0 0 0 0 0 0 0 0 0 0 0 0 0 0 0 0 0 314 0 0 0 0 0 0 0 0 0 0 464 0 0 0 0 0 0 0 0 0 0 79 0 0 0 450 0 0 0 0 0 0 0 0 96 0 0 298 0 0 0 0 0 0 396 0 0 0 0 
