0 0 21 0 69 99 0 70 9 65 35 14 78 10 96 12 46 34 0 0 44 71 36 0 92 81 0 0 88 14 15 14 92 11 0 13 68 0 76 50 73 33 0 81 48 0 86 100 0 0 20 100 28 92 0 23 44 16 3 91 0 0 95 67 0 0 7 0 2 40 29 71 27 64 0 0 74 76 9 0 28 46 49 59 48 0 25 71 6 11 52 94 57 19 69 0 48 73 0 5 
0 0 79 64 13 36 71 45 0 0 23 0 0 99 13 0 3 57 80 91 98 64 73 15 0 93 31 76 13 0 73 96 23 97 12 83 36 0 80 14 56 0 96 43 91 0 57 92 27 34 76 58 26 22 12 0 78 39 3 100 58 41 0 3 43 0 95 81 12 0 62 37 0 52 97 50 67 10 93 66 98 67 79 71 35 46 64 0 29 41 15 0 0 53 0 0 28 77 33 84 
21 79 0 36 18 0 47 0 22 92 100 44 78 34 15 46 29 81 0 29 76 74 0 33 17 64 46 14 52 0 56 86 48 60 41 90 75 50 0 0 73 44 75 0 35 99 83 56 47 43 71 39 0 0 92 17 36 0 99 0 0 16 47 87 7 0 24 72 77 80 84 0 0 52 77 17 39 63 40 0 62 78 72 2 35 79 0 93 29 77 67 9 92 0 40 17 81 77 11 80 
0 64 36 0 33 76 40 31 64 48 1 22 0 51 45 71 46 81 57 55 80 0 28 25 3 95 17 92 85 32 4 85 22 11 56 31 51 62 12 18 34 88 62 31 16 88 61 55 0 84 0 21 52 0 0 4 13 4 39 90 55 53 100 97 0 9 47 61 81 17 69 97 92 33 97 98 56 43 38 65 70 72 11 81 57 29 49 9 7 94 80 28 33 0 24 55 33 39 52 79 
69 13 18 33 0 100 46 38 95 0 0 47 24 74 63 0 1 21 22 0 71 0 17 45 27 15 28 11 21 99 0 43 93 100 20 99 98 4 89 66 71 0 0 83 21 36 27 83 38 77 8 3 3 86 0 92 68 77 0 72 24 25 74 67 76 59 77 77 0 80 0 76 8 90 11 62 32 84 81 3 48 38 96 71 0 0 32 30 0 57 36 66 34 18 34 88 46 0 80 55 
99 36 0 76 100 0 0 86 0 70 33 41 91 96 98 28 43 29 82 51 24 32 99 18 42 0 13 54 99 48 94 46 92 44 5 0 2 22 78 14 34 40 92 0 54 47 36 24 15 14 0 95 0 36 5 70 12 14 64 16 34 0 57 0 97 53 18 0 49 78 35 0 82 13 90 0 2 66 29 26 66 14 92 16 80 34 77 66 91 0 6 83 43 40 14 81 97 0 0 85 
0 71 47 40 46 0 0 46 0 4 94 32 18 0 36 0 69 24 74 0 0 0 13 79 94 92 27 65 44 45 16 64 0 88 0 1 82 17 0 67 0 85 0 2 3 5 0 0 63 0 9 94 11 40 73 24 76 83 15 61 12 34 45 56 96 99 21 27 70 71 0 0 0 0 48 64 10 63 0 0 57 0 79 38 97 97 46 81 0 2 68 92 63 0 80 81 72 27 49 82 
70 45 0 31 38 86 46 0 0 89 0 0 0 86 47 74 15 54 96 34 0 0 73 39 4 45 21 0 91 96 0 0 0 23 0 78 2 20 84 0 1 46 71 76 0 21 83 21 5 35 82 97 27 0 73 0 21 30 0 74 39 2 0 59 3 0 35 0 44 0 0 14 0 41 60 0 96 67 74 92 89 84 0 25 0 0 54 0 0 10 82 40 61 33 50 27 23 0 0 15 
9 0 22 64 95 0 0 0 0 32 54 3 22 94 40 17 67 49 69 54 33 47 90 89 24 7 13 55 3 40 20 91 4 5 71 56 50 22 35 79 0 65 100 50 53 82 20 30 1 33 53 11 47 98 52 30 0 63 20 98 36 0 28 70 23 5 43 59 95 85 30 0 26 81 11 0 85 35 67 32 91 8 0 34 0 0 12 50 81 2 27 65 93 90 51 10 7 70 0 85 
65 0 92 48 0 70 4 89 32 0 0 28 60 76 48 72 0 51 73 92 48 7 0 24 63 0 15 22 6 0 80 3 0 27 78 63 74 0 86 66 12 81 86 89 65 2 27 39 47 39 42 69 23 49 59 53 62 5 0 0 88 90 67 29 30 29 0 68 26 0 16 60 25 73 0 86 29 59 22 1 98 95 0 5 77 0 51 31 0 60 77 0 57 66 0 14 39 62 0 85 
35 23 100 1 0 33 94 0 54 0 0 0 100 37 18 97 0 82 0 94 25 32 3 81 44 18 25 36 98 51 46 33 34 18 82 84 92 93 42 91 62 53 61 64 32 7 56 63 67 9 78 47 22 0 13 50 63 96 70 22 24 0 0 60 37 6 89 0 70 54 42 0 1 37 37 7 30 0 44 33 5 39 83 60 81 59 67 0 80 26 0 0 0 0 68 31 43 23 0 3 
14 0 44 22 47 41 32 0 3 28 0 0 9 9 34 72 85 70 54 35 0 95 43 58 20 0 70 70 80 76 55 59 78 54 7 48 5 70 29 75 42 49 85 23 82 76 8 1 76 62 33 83 54 75 56 40 94 93 62 60 0 0 64 98 57 95 0 76 100 32 13 4 26 0 65 22 38 56 21 4 68 27 79 80 0 73 87 25 30 20 40 49 27 8 14 85 98 82 35 23 
78 0 78 0 24 91 18 0 22 60 100 9 0 92 63 12 89 51 0 60 73 84 84 0 98 38 0 24 42 72 61 28 0 84 8 25 12 14 0 52 1 96 0 0 75 78 83 8 50 49 46 0 15 58 0 47 98 29 39 37 88 64 66 65 5 31 57 57 0 0 92 44 18 85 27 22 29 47 0 97 71 0 19 85 0 0 77 12 97 100 0 22 4 36 0 0 7 0 54 78 
10 99 34 51 74 96 0 86 94 76 37 9 92 0 13 0 6 35 2 44 0 82 40 70 48 93 0 0 0 76 29 27 69 76 56 0 79 0 28 64 46 0 72 71 3 13 23 29 73 32 81 69 80 29 8 49 46 77 13 0 0 73 22 90 57 60 67 34 87 26 31 71 10 68 42 46 75 25 66 76 69 30 7 33 32 0 31 47 13 89 18 100 0 53 86 1 20 93 0 89 
96 13 15 45 63 98 36 47 40 48 18 34 63 13 0 59 36 88 41 37 0 79 0 60 26 0 81 4 58 55 54 7 65 4 89 92 64 21 69 38 16 2 57 0 45 99 83 80 63 49 41 2 0 89 5 0 90 9 26 6 73 18 1 38 43 22 0 45 80 89 0 48 39 7 0 48 9 90 63 46 15 30 70 56 0 94 38 47 12 48 77 90 20 2 11 82 0 60 97 90 
12 0 46 71 0 28 0 74 17 72 97 72 12 0 59 0 75 24 8 37 4 63 79 21 7 49 100 19 65 77 38 54 22 58 20 38 64 82 21 35 18 45 0 0 99 37 50 65 36 0 47 89 6 40 52 96 76 32 19 63 70 0 74 15 11 19 70 0 52 29 49 0 20 0 10 8 70 55 70 87 45 0 87 15 61 97 88 14 4 51 77 18 22 75 24 61 65 85 24 6 
46 3 29 46 1 43 69 15 67 0 0 85 89 6 36 75 0 37 5 0 31 84 65 0 91 74 0 86 60 0 0 55 38 11 44 0 0 0 3 12 54 0 3 59 51 62 10 30 36 78 56 39 24 48 22 62 0 97 39 46 50 5 44 0 0 11 5 64 46 0 4 37 5 58 0 12 0 21 0 0 99 61 0 67 71 3 70 10 84 1 0 0 33 0 77 0 58 91 0 77 
34 57 81 81 21 29 24 54 49 51 82 70 51 35 88 24 37 0 98 86 58 92 1 1 23 13 74 91 34 71 88 15 51 45 0 34 47 28 94 24 0 0 25 11 37 24 16 7 0 6 0 75 39 52 8 97 19 22 0 100 23 27 6 24 8 41 72 0 58 0 23 45 52 49 44 42 4 28 66 24 24 91 67 49 66 14 11 44 0 45 71 41 83 75 22 72 48 34 61 36 
0 80 0 57 22 82 74 96 69 73 0 54 0 2 41 8 5 98 0 86 11 53 22 95 46 47 94 0 76 91 53 0 50 7 40 87 55 30 40 0 34 0 0 55 47 48 52 35 37 41 78 32 82 50 44 9 0 12 16 11 93 99 71 4 0 0 54 13 11 64 21 75 0 0 33 37 55 24 0 16 82 94 27 0 0 7 54 4 0 11 0 0 28 53 58 82 6 24 22 78 
0 91 29 55 0 51 0 34 54 92 94 35 60 44 37 37 0 86 86 0 61 83 64 89 10 36 0 49 10 64 9 80 15 72 30 96 99 77 66 45 0 68 32 0 45 100 25 0 0 94 84 37 64 57 11 0 85 20 61 58 56 52 75 97 54 29 65 49 33 0 29 0 0 0 13 13 53 98 36 92 60 0 81 96 0 71 14 42 16 0 71 0 15 0 0 6 34 0 65 43 
44 98 76 80 71 24 0 0 33 48 25 0 73 0 0 4 31 58 11 61 0 94 78 88 34 0 90 0 41 14 10 30 32 28 16 67 15 97 82 42 37 91 55 18 0 60 35 76 5 7 18 30 50 57 0 48 0 56 46 47 39 10 4 61 86 41 4 53 70 100 23 49 0 0 68 0 64 0 24 5 70 49 60 54 63 89 23 47 30 65 5 81 65 0 43 99 58 22 37 46 
71 64 74 0 0 32 0 0 47 7 32 95 84 82 79 63 84 92 53 83 94 0 58 87 55 5 90 47 94 77 94 5 37 33 42 77 16 81 18 0 20 96 20 68 85 59 14 29 15 96 80 82 84 86 26 96 27 59 62 0 28 83 26 69 17 27 92 30 90 17 16 0 29 18 64 0 20 7 29 85 12 74 7 48 5 59 64 87 45 69 1 0 54 12 91 35 20 54 90 35 
36 73 0 28 17 99 13 73 90 0 3 43 84 40 0 79 65 1 22 64 78 58 0 22 32 33 59 65 44 40 72 0 81 53 29 52 82 33 52 52 40 47 47 0 29 16 93 67 35 33 28 79 26 36 85 0 40 26 83 98 87 60 88 0 57 0 74 61 64 81 78 58 0 45 0 52 33 0 50 0 26 30 83 84 38 78 56 72 61 82 59 86 90 97 42 50 13 87 66 51 
0 15 33 25 45 18 79 39 89 24 81 58 0 70 60 21 0 1 95 89 88 87 22 0 39 79 45 66 84 71 0 42 26 41 8 24 8 0 90 0 19 84 12 68 72 37 0 80 98 9 42 34 24 4 68 30 21 31 31 7 11 95 24 0 58 81 24 22 100 27 34 7 73 88 55 70 55 0 60 76 46 100 3 5 96 10 17 0 0 64 100 95 99 6 94 67 0 20 7 91 
92 0 17 3 27 42 94 4 24 63 44 20 98 48 26 7 91 23 46 10 34 55 32 39 0 55 65 50 71 75 22 4 4 19 26 3 49 61 17 56 55 91 0 25 83 14 45 73 59 90 49 25 26 72 42 19 9 26 69 56 0 3 4 0 62 28 7 27 4 68 91 75 0 70 0 65 57 80 45 17 24 2 63 59 31 100 97 39 22 24 67 0 23 0 0 0 39 43 93 45 
81 93 64 95 15 0 92 45 7 0 18 0 38 93 0 49 74 13 47 36 0 5 33 79 55 0 98 2 86 0 0 20 0 12 0 0 0 95 51 16 36 0 75 5 41 8 45 38 19 50 0 78 78 0 13 0 0 31 0 0 54 0 0 95 0 55 0 99 49 90 98 0 74 11 10 8 34 29 11 91 0 19 100 94 72 65 66 34 0 17 0 29 97 0 0 0 20 95 20 79 
0 31 46 17 28 13 27 21 13 15 25 70 0 0 81 100 0 74 94 0 90 90 59 45 65 98 0 83 0 81 31 6 12 10 0 78 50 57 56 86 51 30 13 0 29 13 20 30 61 12 80 78 58 0 43 89 95 99 0 14 76 34 35 73 53 22 19 22 65 23 10 79 43 60 40 4 83 16 64 69 75 0 61 75 0 62 35 65 57 3 35 28 92 38 40 55 68 100 0 10 
0 76 14 92 11 54 65 0 55 22 36 70 24 0 4 19 86 91 0 49 0 47 65 66 50 2 83 0 39 25 75 97 53 87 0 0 56 86 76 0 0 35 88 0 49 77 39 0 0 4 45 14 0 6 79 79 79 57 35 72 98 27 32 18 2 48 54 26 98 87 54 72 1 72 52 27 8 65 18 0 22 74 100 0 87 64 54 0 1 81 50 71 32 31 26 0 63 0 25 86 
88 13 52 85 21 99 44 91 3 6 98 80 42 0 58 65 60 34 76 10 41 94 44 84 71 86 0 39 0 5 36 0 2 95 76 55 97 36 59 0 87 80 10 40 0 72 71 7 31 60 5 37 88 50 61 100 95 14 49 94 47 28 56 0 82 65 71 54 60 15 89 43 5 0 52 81 0 25 83 0 0 75 75 29 5 0 61 61 32 7 71 92 44 88 51 0 91 33 77 27 
14 0 0 32 99 48 45 96 40 0 51 76 72 76 55 77 0 71 91 64 14 77 40 71 75 0 81 25 5 0 7 0 0 3 41 67 84 10 98 77 98 0 40 0 2 27 92 50 24 76 68 0 0 37 64 0 72 56 0 54 66 0 73 58 0 8 89 15 28 42 63 2 0 99 83 0 44 0 0 0 92 5 84 69 3 45 94 59 0 22 45 46 5 36 31 36 31 82 62 28 
15 73 56 4 0 94 16 0 20 80 46 55 61 29 54 38 0 88 53 9 10 94 72 0 22 0 31 75 36 7 0 79 75 98 14 49 0 15 0 89 19 0 77 21 51 74 20 3 35 0 5 20 0 63 0 27 0 0 0 34 14 22 0 12 94 86 19 81 16 77 34 0 4 1 41 79 99 0 94 55 50 86 0 0 0 58 13 85 60 73 97 48 65 0 14 0 71 66 80 45 
14 96 86 85 43 46 64 0 91 3 33 59 28 27 7 54 55 15 0 80 30 5 0 42 4 20 6 97 0 0 79 0 20 84 84 97 85 48 16 12 7 0 74 78 25 31 0 19 88 36 27 28 58 77 32 67 42 100 70 75 3 16 0 0 38 0 39 27 11 94 24 59 55 45 0 0 73 16 0 0 81 82 78 45 54 84 70 99 0 0 0 30 36 69 0 97 0 0 91 51 
92 23 48 22 93 92 0 0 4 0 34 78 0 69 65 22 38 51 50 15 32 37 81 26 4 0 12 53 2 0 75 20 0 36 40 15 47 0 67 0 35 77 57 46 47 29 47 15 87 9 46 13 0 85 0 10 0 31 76 49 5 0 43 41 78 0 0 33 32 33 99 27 66 33 92 69 21 44 42 37 45 94 59 56 0 21 0 20 55 23 18 18 0 58 0 24 44 83 17 11 
11 97 60 11 100 44 88 23 5 27 18 54 84 76 4 58 11 45 7 72 28 33 53 41 19 12 10 87 95 3 98 84 36 0 39 3 3 2 96 0 55 38 58 16 21 1 0 37 13 21 67 80 62 57 65 2 59 75 65 84 97 37 91 0 0 2 28 29 60 51 26 100 51 68 4 76 0 87 7 18 90 81 20 0 26 73 36 70 87 34 8 0 81 0 56 46 3 98 0 2 
0 12 41 56 20 5 0 0 71 78 82 7 8 56 89 20 44 0 40 30 16 42 29 8 26 0 0 0 76 41 14 84 40 39 0 80 63 28 3 93 9 56 23 0 39 0 13 48 45 18 0 14 100 23 91 0 60 93 38 62 3 0 64 0 64 11 28 7 20 100 58 0 85 56 94 90 62 0 51 0 14 78 80 56 8 2 62 17 31 72 9 0 76 62 57 68 67 34 95 64 
13 83 90 31 99 0 1 78 56 63 84 48 25 0 92 38 0 34 87 96 67 77 52 24 3 0 78 0 55 67 49 97 15 3 80 0 18 0 48 0 76 0 96 12 87 61 0 19 12 0 48 64 5 81 86 35 84 0 81 46 80 0 66 96 20 28 39 26 0 66 16 0 80 72 31 68 52 40 22 25 78 77 14 92 0 21 0 0 86 5 66 59 23 34 0 43 59 18 19 39 
68 36 75 51 98 2 82 2 50 74 92 5 12 79 64 64 0 47 55 99 15 16 82 8 49 0 50 56 97 84 0 85 47 3 63 18 0 11 0 0 91 70 67 88 47 97 61 75 95 45 92 74 47 78 58 84 0 48 67 77 6 82 66 40 92 83 29 0 25 42 39 3 44 7 85 91 57 90 50 0 28 56 24 0 76 35 46 15 0 22 4 32 47 0 57 0 41 22 72 10 
0 0 50 62 4 22 17 20 22 0 93 70 14 0 21 82 0 28 30 77 97 81 33 0 61 95 57 86 36 10 15 48 0 2 28 0 11 0 0 94 83 49 14 52 21 73 92 36 0 14 21 0 72 54 16 57 15 0 0 39 60 67 30 31 49 11 44 0 88 72 79 80 18 56 0 53 17 8 50 69 34 90 18 92 96 7 59 55 66 62 8 3 73 2 38 82 0 21 21 0 
76 80 0 12 89 78 0 84 35 86 42 29 0 28 69 21 3 94 40 66 82 18 52 90 17 51 56 76 59 98 0 16 67 96 3 48 0 0 0 82 28 0 78 53 98 6 47 61 78 27 24 12 38 2 24 100 79 0 21 96 0 21 46 16 51 0 82 36 58 83 30 65 55 82 0 42 72 57 0 93 0 59 26 16 39 17 65 26 58 41 60 37 0 0 71 15 28 0 0 100 
50 14 0 18 66 14 67 0 79 66 91 75 52 64 38 35 12 24 0 45 42 0 52 0 56 16 86 0 0 77 89 12 0 0 93 0 0 94 82 0 97 39 0 98 56 93 15 61 0 53 14 7 89 68 90 3 91 84 0 98 8 6 62 34 0 17 25 67 81 97 90 0 12 85 6 0 48 63 43 0 14 37 29 60 99 98 51 98 65 57 43 5 37 23 0 39 10 35 8 4 
73 56 73 34 71 34 0 1 0 12 62 42 1 46 16 18 54 0 34 0 37 20 40 19 55 36 51 0 87 98 19 7 35 55 9 76 91 83 28 97 0 73 66 24 36 33 60 93 56 52 1 20 0 18 13 0 47 44 12 71 46 63 22 0 12 14 9 64 40 25 0 0 38 0 56 6 3 59 1 73 18 69 97 95 42 31 7 11 14 40 97 69 0 0 0 49 42 0 53 0 
33 0 44 88 0 40 85 46 65 81 53 49 96 0 2 45 0 0 0 68 91 96 47 84 91 0 30 35 80 0 0 0 77 38 56 0 70 49 0 39 73 0 87 37 0 10 0 96 34 93 95 47 7 47 44 98 96 94 87 5 95 79 61 0 41 0 0 2 89 93 9 64 59 73 0 78 74 97 75 0 0 0 38 47 45 68 0 82 83 51 56 0 93 38 0 0 28 0 0 31 
0 96 75 62 0 92 0 71 100 86 61 85 0 72 57 0 3 25 0 32 55 20 47 12 0 75 13 88 10 40 77 74 57 58 23 96 67 14 78 0 66 87 0 0 0 27 0 9 63 0 47 0 0 0 14 36 65 29 27 18 24 43 84 47 5 0 56 63 25 58 46 0 0 0 0 23 59 0 50 71 27 77 0 0 2 55 90 57 39 29 88 16 8 99 2 74 36 59 4 26 
81 43 0 31 83 0 2 76 50 89 64 23 0 71 0 0 59 11 55 0 18 68 0 68 25 5 0 0 40 0 21 78 46 16 0 12 88 52 53 98 24 37 0 0 0 0 0 95 84 31 78 96 11 47 0 82 0 32 71 9 76 82 13 46 70 83 29 21 8 66 61 24 55 0 0 50 70 31 0 0 38 3 0 0 0 26 81 0 32 30 0 8 0 25 80 37 28 46 89 0 
48 91 35 16 21 54 3 0 53 65 32 82 75 3 45 99 51 37 47 45 0 85 29 72 83 41 29 49 0 2 51 25 47 21 39 87 47 21 98 56 36 0 0 0 0 82 0 0 85 69 27 78 88 37 74 34 52 45 0 38 77 0 7 0 66 16 67 54 36 73 28 0 94 66 0 56 5 30 95 45 91 0 34 51 27 28 1 27 0 0 69 13 25 25 0 0 0 69 23 14 
0 0 99 88 36 47 5 21 82 2 7 76 78 13 99 37 62 24 48 100 60 59 16 37 14 8 13 77 72 27 74 31 29 1 0 61 97 73 6 93 33 10 27 0 82 0 16 34 9 57 6 10 98 19 19 10 92 54 62 10 98 5 40 0 60 0 12 92 10 0 55 0 0 67 69 95 96 14 88 91 30 92 0 2 0 0 29 60 34 42 0 0 83 0 63 61 70 13 0 58 
86 57 83 61 27 36 0 83 20 27 56 8 83 23 83 50 10 16 52 25 35 14 93 0 45 45 20 39 71 92 20 0 47 0 13 0 61 92 47 15 60 0 0 0 0 16 0 35 86 39 15 60 18 77 59 89 31 55 97 29 90 0 33 100 6 37 98 7 0 65 33 50 0 0 0 99 30 83 42 66 80 39 11 86 85 21 64 57 14 37 99 62 20 24 90 19 82 77 82 45 
100 92 56 55 83 24 0 21 30 39 63 1 8 29 80 65 30 7 35 0 76 29 67 80 73 38 30 0 7 50 3 19 15 37 48 19 75 36 61 61 93 96 9 95 0 34 35 0 70 15 19 1 19 99 46 13 31 45 62 0 39 0 0 0 96 34 95 56 23 89 88 43 68 56 70 57 11 0 64 27 0 84 67 92 2 96 34 99 97 0 78 14 92 73 43 18 53 0 0 96 
0 27 47 0 38 15 63 5 1 47 67 76 50 73 63 36 36 0 37 0 5 15 35 98 59 19 61 0 31 24 35 88 87 13 45 12 95 0 78 0 56 34 63 84 85 9 86 70 0 0 92 99 27 75 91 44 0 55 77 24 6 0 0 6 57 0 72 26 13 10 51 0 50 16 0 57 0 18 41 0 0 0 57 14 71 0 7 0 30 0 17 67 86 33 23 39 90 0 63 10 
0 34 43 84 77 14 0 35 33 39 9 62 49 32 49 0 78 6 41 94 7 96 33 9 90 50 12 4 60 76 0 36 9 21 18 0 45 14 27 53 52 93 0 31 69 57 39 15 0 0 23 82 98 0 65 0 0 0 37 30 10 17 86 10 85 78 57 0 32 0 0 70 47 66 72 58 100 3 77 0 0 70 43 98 31 6 95 62 22 61 81 0 0 18 0 79 77 60 0 0 
20 76 71 0 8 0 9 82 53 42 78 33 46 81 41 47 56 0 78 84 18 80 28 42 49 0 80 45 5 68 5 27 46 67 0 48 92 21 24 14 1 95 47 78 27 6 15 19 92 23 0 22 16 81 70 94 0 6 0 32 69 47 92 47 0 96 29 0 0 5 17 96 99 2 84 0 81 45 0 90 76 80 97 0 0 18 71 39 24 4 41 0 8 49 37 0 24 57 0 70 
100 58 39 21 3 95 94 97 11 69 47 83 0 69 2 89 39 75 32 37 30 82 79 34 25 78 78 14 37 0 20 28 13 80 14 64 74 0 12 7 20 47 0 96 78 10 60 1 99 82 22 0 74 0 18 74 0 12 71 1 7 0 78 8 0 7 69 85 33 84 0 89 28 75 10 89 77 74 79 15 93 90 15 39 56 84 67 19 91 38 0 38 79 15 87 12 16 68 53 0 
28 26 0 52 3 0 11 27 47 23 22 54 15 80 0 6 24 39 82 64 50 84 26 24 26 78 58 0 88 0 0 58 0 62 100 5 47 72 38 89 0 7 0 11 88 98 18 19 27 98 16 74 0 55 0 10 84 51 27 84 55 18 95 41 34 0 0 17 80 84 95 0 0 35 32 57 57 30 34 90 37 97 54 0 5 74 66 95 72 25 0 19 23 0 75 21 52 84 69 74 
92 22 0 0 86 36 40 0 98 49 0 75 58 29 89 40 48 52 50 57 57 86 36 4 72 0 0 6 50 37 63 77 85 57 23 81 78 54 2 68 18 47 0 47 37 19 77 99 75 0 81 0 55 0 17 0 0 47 21 50 37 0 41 9 47 0 21 0 29 0 27 0 0 66 0 37 96 61 69 66 47 37 84 20 31 71 36 22 0 75 17 8 77 99 55 0 0 0 63 53 
0 12 92 0 0 5 73 73 52 59 13 56 0 8 5 52 22 8 44 11 0 26 85 68 42 13 43 79 61 64 0 32 0 65 91 86 58 16 24 90 13 44 14 0 74 19 59 46 91 65 70 18 0 17 0 68 44 70 56 95 0 96 64 84 79 77 84 51 49 7 96 10 92 51 36 7 0 59 0 54 83 94 21 54 51 49 65 28 0 7 52 65 78 0 0 25 0 91 0 94 
23 0 17 4 92 70 24 0 30 53 50 40 47 49 0 96 62 97 9 0 48 96 0 30 19 0 89 79 100 0 27 67 10 2 0 35 84 57 100 3 0 98 36 82 34 10 89 13 44 0 94 74 10 0 68 0 0 15 31 0 6 19 24 0 85 88 78 73 6 0 0 27 64 2 86 0 76 54 64 33 0 45 52 89 16 90 14 30 0 2 88 0 32 23 3 52 77 0 34 10 
44 78 36 13 68 12 76 21 0 62 63 94 98 46 90 76 0 19 0 85 0 27 40 21 9 0 95 79 95 72 0 42 0 59 60 84 0 15 79 91 47 96 65 0 52 92 31 31 0 0 0 0 84 0 44 0 0 51 62 96 89 0 33 52 59 55 40 26 13 0 46 48 98 88 10 43 0 52 0 0 32 2 38 8 58 18 6 44 55 0 1 67 44 63 24 3 92 84 0 91 
16 39 0 4 77 14 83 30 63 5 96 93 29 77 9 32 97 22 12 20 56 59 26 31 26 31 99 57 14 56 0 100 31 75 93 0 48 0 0 84 44 94 29 32 45 54 55 45 55 0 6 12 51 47 70 15 51 0 83 90 0 54 41 32 53 54 49 46 82 28 87 87 5 44 20 43 3 63 71 0 90 16 22 90 0 24 41 87 94 1 19 51 62 14 60 8 76 6 24 49 
3 3 99 39 0 64 15 0 20 0 70 62 39 13 26 19 39 0 16 61 46 62 83 31 69 0 0 35 49 0 0 70 76 65 38 81 67 0 21 0 12 87 27 71 0 62 97 62 77 37 0 71 27 21 56 31 62 83 0 6 0 34 77 23 25 11 4 90 17 24 0 39 71 0 44 96 0 95 0 80 72 17 78 18 0 60 0 63 63 54 32 65 78 0 18 35 0 10 98 15 
91 100 0 90 72 16 61 74 98 0 22 60 37 0 6 63 46 100 11 58 47 0 98 7 56 0 14 72 94 54 34 75 49 84 62 46 77 39 96 98 71 5 18 9 38 10 29 0 24 30 32 1 84 50 95 0 96 90 6 0 68 0 24 11 29 46 49 65 86 91 42 96 0 81 27 21 85 95 22 100 20 36 72 9 76 75 64 83 99 44 29 97 27 0 0 16 83 81 62 0 
0 58 0 55 24 34 12 39 36 88 24 0 88 0 73 70 50 23 93 56 39 28 87 11 0 54 76 98 47 66 14 3 5 97 3 80 6 60 0 8 46 95 24 76 77 98 90 39 6 10 69 7 55 37 0 6 89 0 0 68 0 72 44 1 77 9 0 36 0 0 4 8 62 3 45 55 66 8 73 98 51 84 37 6 71 69 0 98 0 0 56 70 97 3 0 80 75 65 3 47 
0 41 16 53 25 0 34 2 0 90 0 0 64 73 18 0 5 27 99 52 10 83 60 95 3 0 34 27 28 0 22 16 0 37 0 0 82 67 21 6 63 79 43 82 0 5 0 0 0 17 47 0 18 0 96 19 0 54 34 0 72 0 47 78 77 22 60 23 17 99 61 99 15 11 92 99 0 67 62 32 0 0 26 21 0 18 86 81 0 40 99 0 33 89 67 12 87 27 0 88 
95 0 47 100 74 57 45 0 28 67 0 64 66 22 1 74 44 6 71 75 4 26 88 24 4 0 35 32 56 73 0 0 43 91 64 66 66 30 46 62 22 61 84 13 7 40 33 0 0 86 92 78 95 41 64 24 33 41 77 24 44 47 0 26 2 25 38 76 27 9 0 43 79 30 30 67 18 0 29 0 12 0 0 84 46 76 66 62 77 21 63 78 0 49 47 58 66 89 62 97 
67 3 87 97 67 0 56 59 70 29 60 98 65 90 38 15 0 24 4 97 61 69 0 0 0 95 73 18 0 58 12 0 41 0 0 96 40 31 16 34 0 0 47 46 0 0 100 0 6 10 47 8 41 9 84 0 52 32 23 11 1 78 26 0 42 0 12 80 17 5 10 90 72 67 53 22 18 81 0 0 62 0 44 87 0 0 0 71 25 0 0 92 17 95 0 10 80 9 1 33 
0 43 7 0 76 97 96 3 23 30 37 57 5 57 43 11 0 8 0 54 86 17 57 58 62 0 53 2 82 0 94 38 78 0 64 20 92 49 51 0 12 41 5 70 66 60 6 96 57 85 0 0 34 47 79 85 59 53 25 29 77 77 2 42 0 78 12 85 97 12 97 44 10 13 28 15 97 0 11 1 19 0 46 16 15 80 100 75 49 48 63 45 17 18 60 8 85 43 93 93 
0 0 0 9 59 53 99 0 5 29 6 95 31 60 22 19 11 41 0 29 41 27 0 81 28 55 22 48 65 8 86 0 0 2 11 28 83 11 0 17 14 0 0 83 16 0 37 34 0 78 96 7 0 0 77 88 55 54 11 46 9 22 25 0 78 0 0 0 86 94 93 2 98 66 61 37 90 0 91 85 13 68 34 1 87 64 10 28 43 0 93 77 35 59 0 80 0 25 98 97 
7 95 24 47 77 18 21 35 43 0 89 0 57 67 0 70 5 72 54 65 4 92 74 24 7 0 19 54 71 89 19 39 0 28 28 39 29 44 82 25 9 0 56 29 67 12 98 95 72 57 29 69 0 21 84 78 40 49 4 49 0 60 38 12 12 0 0 34 0 54 0 0 46 47 62 0 93 58 69 37 21 18 0 4 1 59 47 20 92 0 94 51 0 63 90 28 0 0 59 61 
0 81 72 61 77 0 27 0 59 68 0 76 57 34 45 0 64 0 13 49 53 30 61 22 27 99 22 26 54 15 81 27 33 29 7 26 0 0 36 67 64 2 63 21 54 92 7 56 26 0 0 85 17 0 51 73 26 46 90 65 36 23 76 80 85 0 34 0 97 0 9 73 0 0 8 99 82 25 19 21 67 6 45 0 82 34 59 56 97 31 70 0 3 95 15 69 26 80 86 0 
2 12 77 81 0 49 70 44 95 26 70 100 0 87 80 52 46 58 11 33 70 90 64 100 4 49 65 98 60 28 16 11 32 60 20 0 25 88 58 81 40 89 25 8 36 10 0 23 13 32 0 33 80 29 49 6 13 82 17 86 0 17 27 17 97 86 0 97 0 41 21 33 97 47 99 0 71 0 10 87 45 22 70 38 0 26 49 46 88 0 52 39 100 95 0 49 75 39 84 16 
40 0 80 17 80 78 71 0 85 0 54 32 0 26 89 29 0 0 64 0 100 17 81 27 68 90 23 87 15 42 77 94 33 51 100 66 42 72 83 97 25 93 58 66 73 0 65 89 10 0 5 84 84 0 7 0 0 28 24 91 0 99 9 5 12 94 54 0 41 0 100 73 17 95 10 70 68 25 0 80 0 81 0 96 22 21 94 92 8 15 71 18 87 9 15 85 71 60 42 61 
29 62 84 69 0 35 0 0 30 16 42 13 92 31 0 49 4 23 21 29 23 16 78 34 91 98 10 54 89 63 34 24 99 26 58 16 39 79 30 90 0 9 46 61 28 55 33 88 51 0 17 0 95 27 96 0 46 87 0 42 4 61 0 10 97 93 0 9 21 100 0 19 69 20 0 69 0 39 67 0 65 4 55 71 47 82 70 37 35 49 54 0 84 0 10 66 73 8 61 80 
71 37 0 97 76 0 0 14 0 60 0 4 44 71 48 0 37 45 75 0 49 0 58 7 75 0 79 72 43 2 0 59 27 100 0 0 3 80 65 0 0 64 0 24 0 0 50 43 0 70 96 89 0 0 10 27 48 87 39 96 8 99 43 90 44 2 0 73 33 73 19 0 0 43 30 10 81 54 51 13 72 35 54 45 95 43 84 9 69 48 78 61 0 19 19 47 0 85 26 89 
27 0 0 92 8 82 0 0 26 25 1 26 18 10 39 20 5 52 0 0 0 29 0 73 0 74 43 1 5 0 4 55 66 51 85 80 44 18 55 12 38 59 0 55 94 0 0 68 50 47 99 28 0 0 92 64 98 5 71 0 62 15 79 72 10 98 46 0 97 17 69 0 0 69 31 31 99 89 0 0 47 86 67 85 0 10 97 22 12 26 53 50 50 7 54 0 36 91 57 43 
64 52 52 33 90 13 0 41 81 73 37 0 85 68 7 0 58 49 0 0 0 18 45 88 70 11 60 72 0 99 1 45 33 68 56 72 7 56 82 85 0 73 0 0 66 67 0 56 16 66 2 75 35 66 51 2 88 44 0 81 3 11 30 67 13 66 47 0 47 95 20 43 69 0 47 5 43 37 84 0 91 75 68 90 50 46 34 73 59 14 16 80 0 74 69 14 84 26 66 32 
0 97 77 97 11 90 48 60 11 0 37 65 27 42 0 10 0 44 33 13 68 64 0 55 0 10 40 52 52 83 41 0 92 4 94 31 85 0 0 6 56 0 0 0 0 69 0 70 0 72 84 10 32 0 36 86 10 20 44 27 45 92 30 53 28 61 62 8 99 10 0 30 31 47 0 0 25 4 15 0 0 0 30 0 0 0 88 59 26 89 0 29 1 47 8 29 0 62 0 100 
0 50 17 98 62 0 64 0 0 86 7 22 22 46 48 8 12 42 37 13 0 0 52 70 65 8 4 27 81 0 79 0 69 76 90 68 91 53 42 0 6 78 23 50 56 95 99 57 57 58 0 89 57 37 7 0 43 43 96 21 55 99 67 22 15 37 0 99 0 70 69 10 31 5 0 0 0 65 30 90 88 72 36 0 0 9 70 39 63 35 8 82 9 0 10 6 98 0 15 23 
74 67 39 56 32 2 10 96 85 29 30 38 29 75 9 70 0 4 55 53 64 20 33 55 57 34 83 8 0 44 99 73 21 0 62 52 57 17 72 48 3 74 59 70 5 96 30 11 0 100 81 77 57 96 0 76 0 3 0 85 66 0 18 18 97 90 93 82 71 68 0 81 99 43 25 0 0 0 71 0 25 46 22 45 34 3 0 100 35 85 0 17 31 38 8 28 78 23 81 17 
76 10 63 43 84 66 63 67 35 59 0 56 47 25 90 55 21 28 24 98 0 7 0 0 80 29 16 65 25 0 0 16 44 87 0 40 90 8 57 63 59 97 0 31 30 14 83 0 18 3 45 74 30 61 59 54 52 63 95 95 8 67 0 81 0 0 58 25 0 25 39 54 89 37 4 65 0 0 62 57 0 57 64 58 5 0 31 4 0 71 0 53 82 71 0 45 84 0 49 40 
9 93 40 38 81 29 0 74 67 22 44 21 0 66 63 70 0 66 0 36 24 29 50 60 45 11 64 18 83 0 94 0 42 7 51 22 50 50 0 43 1 75 50 0 95 88 42 64 41 77 0 79 34 69 0 64 0 71 0 22 73 62 29 0 11 91 69 19 10 0 67 51 0 84 15 30 71 62 0 59 35 3 31 70 93 32 97 17 26 62 90 9 23 0 92 47 39 54 5 75 
0 66 0 65 3 26 0 92 32 1 33 4 97 76 46 87 0 24 16 92 5 85 0 76 17 91 69 0 0 0 55 0 37 18 0 25 0 69 93 0 73 0 71 0 45 91 66 27 0 0 90 15 90 66 54 33 0 0 80 100 98 32 0 0 1 85 37 21 87 80 0 13 0 0 0 90 0 57 59 0 33 78 20 0 94 0 15 26 24 0 0 40 38 82 43 1 13 96 23 6 
28 98 62 70 48 66 57 89 91 98 5 68 71 69 15 45 99 24 82 60 70 12 26 46 24 0 75 22 0 92 50 81 45 90 14 78 28 34 0 14 18 0 27 38 91 30 80 0 0 0 76 93 37 47 83 0 32 90 72 20 51 0 12 62 19 13 21 67 45 0 65 72 47 91 0 88 25 0 35 33 0 0 0 18 0 0 69 60 86 18 0 0 67 35 26 71 89 89 0 8 
46 67 78 72 38 14 0 84 8 95 39 27 0 30 30 0 61 91 94 0 49 74 30 100 2 19 0 74 75 5 86 82 94 81 78 77 56 90 59 37 69 0 77 3 0 92 39 84 0 70 80 90 97 37 94 45 2 16 17 36 84 0 0 0 0 68 18 6 22 81 4 35 86 75 0 72 46 57 3 78 0 0 56 0 55 98 19 46 65 76 26 40 60 0 70 4 53 0 14 32 
49 79 72 11 96 92 79 0 0 0 83 79 19 7 70 87 0 67 27 81 60 7 83 3 63 100 61 100 75 84 0 78 59 20 80 14 24 18 26 29 97 38 0 0 34 0 11 67 57 43 97 15 54 84 21 52 38 22 78 72 37 26 0 44 46 34 0 45 70 0 55 54 67 68 30 36 22 64 31 20 0 56 0 96 89 100 0 2 38 88 74 22 6 89 6 91 0 50 73 77 
59 71 2 81 71 16 38 25 34 5 60 80 85 33 56 15 67 49 0 96 54 48 84 5 59 94 75 0 29 69 0 45 56 0 56 92 0 92 16 60 95 47 0 0 51 2 86 92 14 98 0 39 0 20 54 89 8 90 18 9 6 21 84 87 16 1 4 0 38 96 71 45 85 90 0 0 45 58 70 0 18 0 96 0 93 81 0 80 14 37 1 85 35 64 0 0 49 0 60 13 
48 35 35 57 0 80 97 0 0 77 81 0 0 32 0 61 71 66 0 0 63 5 38 96 31 72 0 87 5 3 0 54 0 26 8 0 76 96 39 99 42 45 2 0 27 0 85 2 71 31 0 56 5 31 51 16 58 0 0 76 71 0 46 0 15 87 1 82 0 22 47 95 0 50 0 0 34 5 93 94 0 55 89 93 0 46 9 89 92 53 0 58 0 0 49 46 94 91 7 56 
0 46 79 29 0 34 97 0 0 0 59 73 0 0 94 97 3 14 7 71 89 59 78 10 100 65 62 64 0 45 58 84 21 73 2 21 35 7 17 98 31 68 55 26 28 0 21 96 0 6 18 84 74 71 49 90 18 24 60 75 69 18 76 0 80 64 59 34 26 21 82 43 10 46 0 9 3 0 32 0 0 98 100 81 46 0 3 6 61 17 39 3 95 40 16 31 0 52 0 90 
25 64 0 49 32 77 46 54 12 51 67 87 77 31 38 88 70 11 54 14 23 64 56 17 97 66 35 54 61 94 13 70 0 36 62 0 46 59 65 51 7 0 90 81 1 29 64 34 7 95 71 67 66 36 65 14 6 41 0 64 0 86 66 0 100 10 47 59 49 94 70 84 97 34 88 70 0 31 97 15 69 19 0 0 9 3 0 0 79 52 95 13 37 0 11 54 42 0 54 37 
71 0 93 9 30 66 81 0 50 31 0 25 12 47 47 14 10 44 4 42 47 87 72 0 39 34 65 0 61 59 85 99 20 70 17 0 15 55 26 98 11 82 57 0 27 60 57 99 0 62 39 19 95 22 28 30 44 87 63 83 98 81 62 71 75 28 20 56 46 92 37 9 22 73 59 39 100 4 17 26 60 46 2 80 89 6 0 0 68 91 65 83 24 15 36 43 37 48 26 26 
6 29 29 7 0 91 0 0 81 0 80 30 97 13 12 4 84 0 0 16 30 45 61 0 22 0 57 1 32 0 60 0 55 87 31 86 0 66 58 65 14 83 39 32 0 34 14 97 30 22 24 91 72 0 0 0 55 94 63 99 0 0 77 25 49 43 92 97 88 8 35 69 12 59 26 63 35 0 26 24 86 65 38 14 92 61 79 68 0 4 94 0 91 0 0 1 9 84 37 13 
11 41 77 94 57 0 2 10 2 60 26 20 100 89 48 51 1 45 11 0 65 69 82 64 24 17 3 81 7 22 73 0 23 34 72 5 22 62 41 57 40 51 29 30 0 42 37 0 0 61 4 38 25 75 7 2 0 1 54 44 0 40 21 0 48 0 0 31 0 15 49 48 26 14 89 35 85 71 62 0 18 76 88 37 53 17 52 91 4 0 1 52 13 86 69 26 58 0 0 64 
52 15 67 80 36 6 68 82 27 77 0 40 0 18 77 77 0 71 0 71 5 1 59 100 67 0 35 50 71 45 97 0 18 8 9 66 4 8 60 43 97 56 88 0 69 0 99 78 17 81 41 0 0 17 52 88 1 19 32 29 56 99 63 0 63 93 94 70 52 71 54 78 53 16 0 8 0 0 90 0 0 26 74 1 0 39 95 65 94 1 0 0 100 44 36 37 24 73 0 18 
94 0 9 28 66 83 92 40 65 0 0 49 22 100 90 18 0 41 0 0 81 0 86 95 0 29 28 71 92 46 48 30 18 0 0 59 32 3 37 5 69 0 16 8 13 0 62 14 67 0 0 38 19 8 65 0 67 51 65 97 70 0 78 92 45 77 51 0 39 18 0 61 50 80 29 82 17 53 9 40 0 40 22 85 58 3 13 83 0 52 0 0 0 72 0 0 14 6 74 0 
57 0 92 33 34 43 63 61 93 57 0 27 4 0 20 22 33 83 28 15 65 54 90 99 23 97 92 32 44 5 65 36 0 81 76 23 47 73 0 37 0 93 8 0 25 83 20 92 86 0 8 79 23 77 78 32 44 62 78 27 97 33 0 17 17 35 0 3 100 87 84 0 50 0 1 9 31 82 23 38 67 60 6 35 0 95 37 24 91 13 100 0 0 100 94 58 5 69 66 69 
19 53 0 0 18 40 0 33 90 66 0 8 36 53 2 75 0 75 53 0 0 12 97 6 0 0 38 31 88 36 0 69 58 0 62 34 0 2 0 23 0 38 99 25 25 0 24 73 33 18 49 15 0 99 0 23 63 14 0 0 3 89 49 95 18 59 63 95 95 9 0 19 7 74 47 0 38 71 0 82 35 0 89 64 0 40 0 15 0 86 44 72 100 0 44 47 0 0 0 21 
69 0 40 24 34 14 80 50 51 0 68 14 0 86 11 24 77 22 58 0 43 91 42 94 0 0 40 26 51 31 14 0 0 56 57 0 57 38 71 0 0 0 2 80 0 63 90 43 23 0 37 87 75 55 0 3 24 60 18 0 0 67 47 0 60 0 90 15 0 15 10 19 54 69 8 10 8 0 92 43 26 70 6 0 49 16 11 36 0 69 36 0 94 44 0 73 40 89 98 1 
0 0 17 55 88 81 81 27 10 14 31 85 0 1 82 61 0 72 82 6 99 35 50 67 0 0 55 0 0 36 0 97 24 46 68 43 0 82 15 39 49 0 74 37 0 61 19 18 39 79 0 12 21 0 25 52 3 8 35 16 80 12 58 10 8 80 28 69 49 85 66 47 0 14 29 6 28 45 47 1 71 4 91 0 46 31 54 43 1 26 37 0 58 47 73 0 55 30 0 0 
48 28 81 33 46 97 72 23 7 39 43 98 7 20 0 65 58 48 6 34 58 20 13 0 39 20 68 63 91 31 71 0 44 3 67 59 41 0 28 10 42 28 36 28 0 70 82 53 90 77 24 16 52 0 0 77 92 76 0 83 75 87 66 80 85 0 0 26 75 71 73 0 36 84 0 98 78 84 39 13 89 53 0 49 94 0 42 37 9 58 24 14 5 0 40 55 0 94 77 38 
73 77 77 39 0 0 27 0 70 62 23 82 0 93 60 85 91 34 24 0 22 54 87 20 43 95 100 0 33 82 66 0 83 98 34 18 22 21 0 35 0 0 59 46 69 13 77 0 0 60 57 68 84 0 91 0 84 6 10 81 65 27 89 9 43 25 0 80 39 60 8 85 91 26 62 0 23 0 54 96 89 0 50 0 91 52 0 48 84 0 73 6 69 0 89 30 94 0 92 82 
0 33 11 52 80 0 49 0 0 0 0 35 54 0 97 24 0 61 22 65 37 90 66 7 93 20 0 25 77 62 80 91 17 0 95 19 72 21 0 8 53 0 4 89 23 0 82 0 63 0 0 53 69 63 0 34 0 24 98 62 3 0 62 1 93 98 59 86 84 42 61 26 57 66 0 15 81 49 5 23 0 14 73 60 7 0 54 26 37 0 0 74 66 0 98 0 77 92 0 75 
5 84 80 79 55 85 82 15 85 85 3 23 78 89 90 6 77 36 78 43 46 35 51 91 45 79 10 86 27 28 45 51 11 2 64 39 10 0 100 4 0 31 26 0 14 58 45 96 10 0 70 0 74 53 94 10 91 49 15 0 47 88 97 33 93 97 61 0 16 61 80 89 43 32 100 23 17 40 75 6 8 32 77 13 56 90 37 26 13 64 18 0 69 21 1 0 38 82 75 0 
