0 0 0 0 0 0 0 0 0 0 0 0 7 0 0 0 0 0 0 40 0 0 0 0 0 0 0 0 0 0 0 80 0 0 0 0 0 0 0 0 0 37 0 85 0 0 0 0 0 0 0 0 9 5 17 72 0 11 0 37 0 0 0 0 0 0 0 0 0 0 0 22 0 0 0 69 0 0 0 81 0 0 0 0 0 0 0 0 0 0 0 0 0 0 0 0 22 0 0 0 
0 0 0 0 0 0 0 3 0 0 0 0 0 0 0 0 0 0 0 0 0 63 0 0 89 0 0 0 0 0 43 0 0 0 0 69 0 0 0 0 0 0 20 0 0 0 0 0 0 0 0 0 95 55 0 0 68 0 0 0 0 0 0 0 58 0 0 0 0 0 0 0 68 0 0 0 0 0 0 0 0 39 0 0 0 64 0 0 0 0 0 0 7 0 0 0 0 0 0 0 
0 0 0 0 0 0 0 58 0 0 18 0 0 0 0 0 0 0 0 0 0 0 49 0 0 0 0 0 0 58 0 0 0 0 0 0 0 0 0 0 0 0 0 0 0 0 70 0 0 0 0 0 0 0 0 0 97 0 0 11 0 60 0 0 0 0 0 0 0 26 44 0 0 0 0 0 0 0 0 0 0 44 0 0 0 0 0 0 0 0 0 0 0 0 0 0 95 85 0 0 
0 0 0 0 0 57 0 0 0 23 0 95 0 0 0 0 0 74 0 0 93 0 71 0 0 0 0 0 0 0 0 0 0 0 0 0 0 92 0 0 0 0 0 0 69 0 0 0 0 89 0 4 0 0 0 0 0 0 0 0 0 0 0 0 0 0 0 0 0 0 0 0 0 0 0 0 0 0 0 44 0 0 0 0 0 32 0 0 0 0 0 82 0 0 0 0 0 0 0 0 
0 0 0 0 0 0 0 0 0 0 0 0 0 0 0 0 0 0 0 0 0 0 0 0 0 0 0 0 0 0 73 0 0 0 3 63 0 77 0 0 0 0 0 0 0 0 0 35 0 0 0 0 0 0 98 0 94 0 0 0 7 0 87 0 27 0 0 0 0 0 0 0 0 0 0 0 0 0 0 0 17 0 87 0 0 0 0 0 80 0 0 70 0 0 0 0 0 0 89 0 
0 0 0 57 0 0 0 0 0 0 0 0 2 0 0 0 0 59 0 0 0 0 0 0 0 21 0 0 0 0 0 99 0 0 4 0 0 0 0 0 0 4 0 74 0 0 0 46 0 0 0 0 0 0 0 0 0 0 0 0 0 84 77 0 0 0 0 0 0 0 0 0 0 0 0 0 0 0 31 0 0 0 0 0 0 0 0 0 0 0 0 0 0 0 0 0 0 0 0 0 
0 0 0 0 0 0 0 0 0 0 0 13 50 84 0 0 0 0 89 0 0 16 0 0 0 0 0 0 20 0 0 0 0 25 25 0 0 13 0 0 0 0 10 0 0 0 0 43 0 0 0 0 0 0 0 0 0 0 43 48 0 0 0 0 0 0 0 0 0 0 0 0 43 0 0 0 0 0 0 0 0 0 0 48 0 0 0 0 0 0 0 0 0 0 0 0 0 0 0 0 
0 3 58 0 0 0 0 0 90 0 0 5 0 0 85 0 67 0 0 0 0 0 0 2 0 0 0 0 0 0 0 0 0 0 0 0 0 0 3 0 9 0 0 0 0 70 57 0 0 0 30 0 0 0 0 0 0 60 0 0 0 0 0 0 0 0 0 0 0 0 0 0 0 0 0 0 0 0 0 0 0 0 18 0 0 0 0 0 0 0 0 0 0 0 0 0 0 0 14 0 
0 0 0 0 0 0 0 90 0 0 0 0 0 0 0 0 0 41 0 0 0 0 0 0 0 0 0 0 0 0 0 0 0 6 0 0 0 0 0 0 0 0 0 0 0 0 0 0 30 96 0 0 28 0 0 0 0 0 0 0 0 0 0 0 0 0 0 0 0 52 0 0 77 0 0 0 0 0 0 0 0 0 0 0 0 0 19 0 77 31 0 49 0 0 0 0 0 0 0 0 
0 0 0 23 0 0 0 0 0 0 0 0 0 0 0 0 0 0 0 0 66 0 100 0 44 0 0 0 0 0 0 0 0 70 0 0 0 0 29 0 0 0 0 0 79 0 0 0 0 0 0 0 0 0 56 41 0 0 0 0 0 53 0 0 0 0 0 0 30 0 0 0 0 0 0 0 0 0 0 0 0 0 0 0 0 0 0 0 90 0 0 0 0 74 0 0 0 0 0 83 
0 0 18 0 0 0 0 0 0 0 0 0 0 0 0 0 0 0 19 3 0 0 0 13 0 0 0 0 91 0 0 0 0 0 0 0 0 0 0 35 0 0 0 0 0 0 0 0 0 93 0 0 0 0 0 94 0 0 0 0 0 0 0 75 0 0 0 0 54 0 0 0 0 54 0 0 41 0 0 0 0 0 0 0 0 0 0 0 0 0 0 0 58 0 0 0 43 0 0 0 
0 0 0 95 0 0 13 5 0 0 0 0 0 86 38 0 0 0 0 0 0 0 0 0 0 0 0 83 0 0 0 0 0 0 0 0 0 0 90 0 0 0 0 0 0 0 0 0 0 0 0 0 0 72 0 0 0 0 0 0 0 4 0 0 0 0 0 0 0 93 55 88 0 0 0 0 68 0 0 0 0 0 0 33 0 0 0 0 0 0 0 0 0 0 0 60 0 0 0 0 
7 0 0 0 0 2 50 0 0 0 0 0 0 0 82 0 15 0 0 0 0 0 0 52 0 0 0 0 0 0 0 0 65 0 24 0 0 100 0 67 0 0 0 0 0 0 0 0 0 0 0 0 0 0 0 0 0 0 0 0 0 0 0 0 0 0 0 0 0 0 0 0 0 0 0 0 0 0 0 0 0 0 39 0 0 0 0 0 0 0 16 0 0 18 0 0 40 86 0 0 
0 0 0 0 0 0 84 0 0 0 0 86 0 0 0 0 14 0 10 0 75 0 0 0 0 0 0 0 0 0 0 36 3 0 90 0 0 0 29 0 0 0 0 0 0 60 0 0 0 0 0 86 66 0 0 0 78 0 0 0 0 0 0 0 0 0 0 0 0 0 0 0 0 0 0 0 0 0 0 0 0 0 0 0 0 0 0 0 0 89 0 0 55 0 0 0 0 0 0 0 
0 0 0 0 0 0 0 85 0 0 0 38 82 0 0 0 0 0 0 0 0 0 0 0 0 0 0 0 0 0 0 0 40 0 0 0 0 0 0 0 0 0 0 0 72 0 0 0 0 6 0 91 0 96 0 0 0 0 0 0 0 26 18 0 69 0 0 84 0 0 0 0 0 10 0 0 0 0 0 0 0 0 10 0 0 0 0 0 0 0 0 0 0 0 14 0 0 0 0 0 
0 0 0 0 0 0 0 0 0 0 0 0 0 0 0 0 0 0 0 3 0 52 0 0 0 83 0 0 0 0 0 0 0 0 0 0 0 0 0 0 0 0 9 46 30 0 0 0 8 0 0 0 17 0 0 0 0 0 0 0 0 0 0 81 0 0 16 0 0 64 0 0 0 0 0 0 0 0 0 0 0 0 0 0 27 0 0 0 0 0 0 63 0 0 0 0 0 0 66 77 
0 0 0 0 0 0 0 67 0 0 0 0 15 14 0 0 0 0 0 28 0 28 0 0 80 0 0 0 0 0 26 0 0 74 0 0 0 0 0 0 0 0 0 0 36 0 0 0 0 0 0 0 0 0 0 91 0 0 0 0 0 0 0 0 0 0 90 0 0 42 0 0 0 0 0 0 0 0 0 0 0 0 2 0 0 0 0 0 0 0 0 0 0 0 14 55 0 0 0 0 
0 0 0 74 0 59 0 0 41 0 0 0 0 0 0 0 0 0 0 0 43 0 0 0 0 0 0 53 0 0 0 0 0 60 0 0 32 0 0 0 0 0 0 0 0 0 0 0 0 0 0 0 0 0 0 0 0 0 0 0 0 0 0 0 0 0 0 43 0 0 0 0 0 0 0 0 0 0 0 0 0 0 0 0 0 0 2 0 0 0 0 0 60 0 0 0 0 0 0 76 
0 0 0 0 0 0 89 0 0 0 19 0 0 10 0 0 0 0 0 0 21 0 0 0 0 0 0 0 0 0 45 0 0 0 0 0 0 0 0 0 0 0 0 0 0 0 0 0 0 0 63 0 0 0 0 0 0 0 0 100 0 0 0 0 0 0 0 95 0 0 0 0 0 0 0 0 0 0 0 0 0 2 0 0 0 0 0 0 0 0 0 4 0 0 0 0 0 0 0 0 
40 0 0 0 0 0 0 0 0 0 3 0 0 0 0 3 28 0 0 0 0 0 0 0 0 0 0 0 0 0 0 0 0 0 0 0 0 13 0 0 0 0 0 0 0 0 0 0 0 45 0 0 0 0 0 0 0 75 0 0 0 0 0 0 0 0 79 0 0 0 0 0 0 0 0 0 0 0 84 0 0 0 0 0 0 0 0 36 0 0 0 0 0 0 0 30 0 0 0 0 
0 0 0 93 0 0 0 0 0 66 0 0 0 75 0 0 0 43 21 0 0 0 0 0 67 0 0 0 0 0 0 0 0 0 0 0 0 0 0 97 0 0 0 0 13 0 0 0 0 0 0 0 0 0 0 0 0 0 49 0 0 0 0 0 0 0 0 0 0 77 0 0 0 0 0 0 0 0 0 0 87 0 0 0 0 46 0 0 0 0 0 0 0 0 0 3 0 0 0 0 
0 63 0 0 0 0 16 0 0 0 0 0 0 0 0 52 28 0 0 0 0 0 0 0 0 0 0 0 0 0 40 0 0 0 0 0 0 0 0 0 0 0 0 0 0 0 66 62 0 0 0 0 0 0 0 0 57 0 0 0 0 0 0 0 0 0 0 0 0 0 0 0 0 0 6 0 0 30 0 0 0 0 0 0 0 0 0 0 0 89 0 52 0 0 0 0 0 94 0 0 
0 0 49 71 0 0 0 0 0 100 0 0 0 0 0 0 0 0 0 0 0 0 0 79 0 0 0 47 0 0 0 0 0 0 0 95 0 44 0 0 0 0 36 0 0 0 0 0 0 0 36 0 0 0 0 0 0 66 0 0 0 0 0 0 0 0 0 0 0 0 0 0 0 0 0 0 0 14 0 0 67 0 0 0 0 0 0 0 0 0 0 0 0 0 0 12 0 0 0 0 
0 0 0 0 0 0 0 2 0 0 13 0 52 0 0 0 0 0 0 0 0 0 79 0 0 0 66 0 0 0 0 89 0 32 0 0 0 0 0 19 0 48 0 0 0 0 0 0 0 0 0 0 0 0 0 0 0 0 0 0 0 100 59 0 0 0 0 0 0 0 0 0 0 59 0 0 0 0 0 0 0 0 56 0 0 95 0 0 0 0 0 0 0 0 0 0 0 0 0 0 
0 89 0 0 0 0 0 0 0 44 0 0 0 0 0 0 80 0 0 0 67 0 0 0 0 0 0 0 0 98 0 0 0 0 0 0 0 0 0 0 0 0 0 0 0 0 0 0 0 0 0 0 0 4 0 0 0 0 0 65 0 0 0 0 0 0 0 0 0 0 0 0 0 0 67 0 0 0 82 0 0 0 0 0 0 0 0 0 0 97 0 0 0 0 68 0 0 0 0 0 
0 0 0 0 0 21 0 0 0 0 0 0 0 0 0 83 0 0 0 0 0 0 0 0 0 0 0 0 0 0 0 0 0 0 0 35 0 0 67 0 0 0 72 0 0 0 0 0 0 43 0 0 0 0 0 0 0 0 0 0 0 0 0 0 0 0 0 16 0 0 68 0 0 0 0 92 0 0 0 0 0 0 0 20 0 0 0 0 0 0 0 0 0 0 0 0 0 40 0 0 
0 0 0 0 0 0 0 0 0 0 0 0 0 0 0 0 0 0 0 0 0 0 0 66 0 0 0 0 7 0 0 0 0 0 0 0 0 91 0 0 0 0 0 0 0 3 37 0 0 0 0 0 0 0 0 0 0 0 90 0 0 0 0 0 0 0 0 0 0 80 0 0 0 0 0 26 0 0 0 0 0 0 74 0 0 0 66 0 0 0 0 0 0 0 0 42 0 0 0 44 
0 0 0 0 0 0 0 0 0 0 0 83 0 0 0 0 0 53 0 0 0 0 47 0 0 0 0 0 0 0 0 0 63 0 0 0 0 0 0 0 0 0 0 0 0 0 0 0 13 0 0 0 0 0 0 0 0 0 0 0 0 83 0 27 0 0 0 73 0 0 0 0 0 0 0 0 0 0 0 0 0 0 0 55 0 0 0 0 0 86 0 0 0 0 84 0 0 0 0 0 
0 0 0 0 0 0 20 0 0 0 91 0 0 0 0 0 0 0 0 0 0 0 0 0 0 0 7 0 0 0 0 0 0 0 0 0 0 0 0 0 13 91 0 0 0 0 0 0 0 53 0 0 0 68 0 0 0 0 0 43 91 0 0 0 0 0 32 0 0 0 0 0 0 86 0 0 13 0 0 38 0 0 0 0 0 0 0 0 0 0 0 0 0 0 0 0 0 9 0 0 
0 0 58 0 0 0 0 0 0 0 0 0 0 0 0 0 0 0 0 0 0 0 0 0 98 0 0 0 0 0 0 0 0 0 0 0 0 0 0 0 0 0 0 0 0 88 0 0 0 15 0 0 0 0 0 0 0 0 0 0 0 81 0 24 0 0 0 0 0 0 0 0 10 0 0 70 0 29 56 0 0 0 0 0 0 0 0 0 0 53 0 0 0 0 0 74 0 0 0 0 
0 43 0 0 73 0 0 0 0 0 0 0 0 0 0 0 26 0 45 0 0 40 0 0 0 0 0 0 0 0 0 0 0 0 0 0 0 0 0 0 0 46 0 0 0 0 0 23 0 0 0 0 0 0 0 0 0 29 0 0 0 0 0 0 0 0 56 0 0 0 0 0 0 0 0 0 0 0 82 39 0 0 0 0 0 0 95 0 45 0 0 0 0 0 0 0 0 0 0 0 
80 0 0 0 0 99 0 0 0 0 0 0 0 36 0 0 0 0 0 0 0 0 0 89 0 0 0 0 0 0 0 0 0 0 96 0 0 0 0 0 0 0 0 70 0 0 78 15 0 0 0 0 28 0 0 0 0 0 0 0 0 0 58 0 0 0 0 0 0 0 18 0 0 0 0 0 0 29 0 0 0 0 0 0 0 0 0 0 0 20 0 0 0 0 39 0 0 72 0 0 
0 0 0 0 0 0 0 0 0 0 0 0 65 3 40 0 0 0 0 0 0 0 0 0 0 0 0 63 0 0 0 0 0 0 0 0 0 80 0 87 0 0 0 53 0 0 0 0 0 0 0 0 0 0 81 0 0 0 6 0 0 0 0 8 74 0 0 0 0 0 0 59 49 0 0 0 0 0 0 0 0 0 0 0 0 0 86 0 0 0 0 73 0 0 0 0 0 0 0 0 
0 0 0 0 0 0 25 0 6 70 0 0 0 0 0 0 74 60 0 0 0 0 0 32 0 0 0 0 0 0 0 0 0 0 0 0 0 0 0 0 0 0 0 0 0 2 0 0 0 0 0 0 0 0 0 56 0 100 0 0 0 0 0 0 0 0 0 0 0 0 0 0 0 0 0 0 0 0 28 0 0 0 0 0 0 0 0 0 0 15 54 0 0 0 0 29 0 0 0 15 
0 0 0 0 3 4 25 0 0 0 0 0 24 90 0 0 0 0 0 0 0 0 0 0 0 0 0 0 0 0 0 96 0 0 0 0 0 0 0 0 71 0 0 0 0 0 0 0 0 0 14 17 0 0 0 0 0 0 0 0 0 0 0 0 0 0 9 0 0 0 0 0 0 0 0 0 0 0 0 0 0 0 0 0 0 97 0 0 0 0 64 0 0 0 0 0 0 0 0 0 
0 69 0 0 63 0 0 0 0 0 0 0 0 0 0 0 0 0 0 0 0 0 95 0 0 35 0 0 0 0 0 0 0 0 0 0 0 0 0 50 0 0 0 0 0 0 0 0 0 0 0 94 0 0 0 0 0 0 47 0 0 0 0 0 99 0 11 0 0 0 1 0 0 0 0 0 61 0 0 0 11 0 0 0 0 0 0 0 60 0 0 4 0 27 0 0 0 0 0 0 
0 0 0 0 0 0 0 0 0 0 0 0 0 0 0 0 0 32 0 0 0 0 0 0 0 0 0 0 0 0 0 0 0 0 0 0 0 0 92 0 0 0 0 0 0 0 0 0 0 0 0 0 16 0 74 0 75 0 0 30 0 75 0 0 0 48 0 0 0 0 86 0 85 0 0 0 0 0 0 0 0 0 0 0 0 0 24 78 0 71 0 0 14 0 0 0 0 0 3 0 
0 0 0 92 77 0 13 0 0 0 0 0 100 0 0 0 0 0 0 13 0 0 44 0 0 0 91 0 0 0 0 0 80 0 0 0 0 0 0 0 0 0 0 0 0 0 0 0 0 0 0 0 71 0 0 0 0 0 0 0 0 12 0 0 0 0 0 0 0 0 0 0 0 53 0 0 0 0 1 0 0 0 0 0 0 66 0 0 0 0 0 0 0 0 0 0 0 0 0 0 
0 0 0 0 0 0 0 3 0 29 0 90 0 29 0 0 0 0 0 0 0 0 0 0 0 67 0 0 0 0 0 0 0 0 0 0 92 0 0 0 0 0 0 0 20 0 0 0 0 57 0 0 0 0 0 0 0 0 0 0 7 0 0 0 0 56 0 0 0 0 0 94 0 0 0 0 0 0 0 0 0 0 0 0 0 0 0 74 6 0 0 0 0 0 53 5 0 0 0 0 
0 0 0 0 0 0 0 0 0 0 35 0 67 0 0 0 0 0 0 0 97 0 0 19 0 0 0 0 0 0 0 0 87 0 0 50 0 0 0 0 6 0 0 43 0 0 12 0 0 0 0 0 0 0 0 0 0 0 57 0 0 0 0 0 0 0 0 68 64 73 0 0 0 0 52 0 0 0 0 0 0 0 0 0 0 0 0 0 0 0 0 0 0 0 0 0 45 0 0 0 
0 0 0 0 0 0 0 9 0 0 0 0 0 0 0 0 0 0 0 0 0 0 0 0 0 0 0 0 13 0 0 0 0 0 71 0 0 0 0 6 0 0 85 66 0 0 0 0 0 0 0 0 0 0 0 0 0 0 0 0 0 0 0 0 0 0 0 43 59 0 0 0 0 0 0 0 0 0 0 0 21 0 62 0 0 93 0 0 0 0 53 0 0 0 0 0 0 98 0 0 
37 0 0 0 0 4 0 0 0 0 0 0 0 0 0 0 0 0 0 0 0 0 0 48 0 0 0 0 91 0 46 0 0 0 0 0 0 0 0 0 0 0 0 0 0 0 0 0 89 0 0 51 0 0 0 0 49 0 0 0 0 0 60 0 0 47 0 0 6 0 4 0 0 0 0 0 0 0 0 0 0 0 0 0 72 24 0 0 0 0 0 0 0 0 0 0 0 0 0 46 
0 20 0 0 0 0 10 0 0 0 0 0 0 0 0 9 0 0 0 0 0 0 36 0 0 72 0 0 0 0 0 0 0 0 0 0 0 0 0 0 85 0 0 0 0 0 0 0 0 0 61 0 0 25 0 57 0 0 92 0 0 0 0 0 0 0 0 0 0 0 0 48 0 0 0 0 0 0 0 0 0 0 0 0 0 0 12 74 18 0 0 0 0 0 0 0 0 0 71 0 
85 0 0 0 0 74 0 0 0 0 0 0 0 0 0 46 0 0 0 0 0 0 0 0 0 0 0 0 0 0 0 70 53 0 0 0 0 0 0 43 66 0 0 0 0 0 0 16 0 0 0 0 0 0 0 0 0 0 40 0 0 0 0 49 0 0 0 0 0 0 0 21 0 0 0 0 0 0 0 0 0 0 0 0 0 0 93 0 0 0 0 80 0 0 0 0 0 0 0 0 
0 0 0 69 0 0 0 0 0 79 0 0 0 0 72 30 36 0 0 0 13 0 0 0 0 0 0 0 0 0 0 0 0 0 0 0 0 0 20 0 0 0 0 0 0 0 0 0 0 63 0 0 0 0 0 0 89 0 0 0 0 0 0 0 0 0 0 13 0 0 0 12 0 0 0 0 0 0 8 0 0 0 0 0 18 0 0 0 7 0 0 8 0 0 0 0 0 0 0 0 
0 0 0 0 0 0 0 70 0 0 0 0 0 60 0 0 0 0 0 0 0 0 0 0 0 0 3 0 0 88 0 0 0 2 0 0 0 0 0 0 0 0 0 0 0 0 7 0 0 0 80 0 0 0 60 0 0 0 11 0 0 0 0 61 45 27 0 0 0 0 0 0 67 0 0 0 0 0 0 0 0 0 0 0 0 0 65 0 81 0 0 0 0 0 0 0 0 0 0 0 
0 0 70 0 0 0 0 57 0 0 0 0 0 0 0 0 0 0 0 0 0 66 0 0 0 0 37 0 0 0 0 78 0 0 0 0 0 0 0 12 0 0 0 0 0 7 0 58 0 0 57 0 0 0 0 0 0 0 0 0 0 0 0 0 0 0 62 0 0 0 0 0 0 61 0 0 0 0 0 0 0 0 0 0 0 5 0 0 0 0 0 0 0 0 0 0 0 0 0 0 
0 0 0 0 35 46 43 0 0 0 0 0 0 0 0 0 0 0 0 0 0 62 0 0 0 0 0 0 0 0 23 15 0 0 0 0 0 0 0 0 0 0 0 16 0 0 58 0 0 0 0 0 0 0 0 0 0 0 0 0 44 0 0 0 0 0 0 0 0 0 0 0 76 0 0 0 0 12 0 0 0 47 0 55 0 0 0 0 60 0 22 0 0 0 0 0 0 0 0 0 
0 0 0 0 0 0 0 0 30 0 0 0 0 0 0 8 0 0 0 0 0 0 0 0 0 0 0 13 0 0 0 0 0 0 0 0 0 0 0 0 0 89 0 0 0 0 0 0 0 0 0 0 0 0 0 0 0 0 0 53 6 4 0 0 0 0 0 0 0 0 0 0 0 2 35 0 0 0 14 0 0 14 0 0 0 0 0 0 0 77 0 0 0 0 0 0 81 0 0 0 
0 0 0 89 0 0 0 0 96 0 93 0 0 0 6 0 0 0 0 45 0 0 0 0 0 43 0 0 53 15 0 0 0 0 0 0 0 0 57 0 0 0 0 0 63 0 0 0 0 0 0 0 0 0 33 0 0 0 0 0 0 0 0 0 0 0 0 43 0 0 0 17 0 0 0 0 0 0 0 0 0 0 0 0 0 0 5 0 0 9 0 0 0 0 0 0 0 0 0 0 
0 0 0 0 0 0 0 30 0 0 0 0 0 0 0 0 0 0 63 0 0 0 36 0 0 0 0 0 0 0 0 0 0 0 14 0 0 0 0 0 0 0 61 0 0 80 57 0 0 0 0 0 0 0 0 34 0 0 0 0 0 0 0 11 0 48 0 0 0 0 0 0 0 10 0 0 0 0 0 0 0 0 0 0 0 0 0 0 0 0 17 0 0 0 0 15 0 43 0 0 
0 0 0 4 0 0 0 0 0 0 0 0 0 86 91 0 0 0 0 0 0 0 0 0 0 0 0 0 0 0 0 0 0 0 17 94 0 0 0 0 0 51 0 0 0 0 0 0 0 0 0 0 0 0 17 0 0 0 0 0 0 54 36 0 0 0 0 0 71 0 7 0 0 87 0 0 0 0 0 72 0 0 0 6 0 0 0 0 96 0 0 0 0 0 0 0 0 0 0 0 
9 95 0 0 0 0 0 0 28 0 0 0 0 66 0 17 0 0 0 0 0 0 0 0 0 0 0 0 0 0 0 28 0 0 0 0 16 71 0 0 0 0 0 0 0 0 0 0 0 0 0 0 0 0 0 0 0 79 0 0 0 0 41 0 0 0 51 0 0 0 0 60 0 0 0 0 0 0 0 0 0 0 0 0 0 0 0 0 0 0 0 0 0 0 0 0 0 0 0 41 
5 55 0 0 0 0 0 0 0 0 0 72 0 0 96 0 0 0 0 0 0 0 0 0 4 0 0 0 68 0 0 0 0 0 0 0 0 0 0 0 0 0 25 0 0 0 0 0 0 0 0 0 0 0 0 0 0 0 0 0 0 0 0 0 0 0 0 0 0 0 86 0 27 0 0 0 0 0 0 0 0 0 0 0 0 0 0 0 0 0 0 0 0 0 0 0 0 0 0 0 
17 0 0 0 98 0 0 0 0 56 0 0 0 0 0 0 0 0 0 0 0 0 0 0 0 0 0 0 0 0 0 0 81 0 0 0 74 0 0 0 0 0 0 0 0 60 0 0 0 33 0 17 0 0 0 5 0 0 0 0 0 84 23 75 0 0 0 0 0 0 0 0 0 0 0 0 0 0 0 0 0 0 0 0 53 0 5 0 0 0 0 0 0 0 0 0 0 0 0 0 
72 0 0 0 0 0 0 0 0 41 94 0 0 0 0 0 91 0 0 0 0 0 0 0 0 0 0 0 0 0 0 0 0 56 0 0 0 0 0 0 0 0 57 0 0 0 0 0 0 0 34 0 0 0 5 0 0 0 0 0 0 0 0 0 0 0 0 0 56 0 30 2 0 0 0 47 0 0 0 0 82 0 0 0 0 0 0 0 0 0 0 53 0 0 0 0 66 0 0 0 
0 68 97 0 94 0 0 0 0 0 0 0 0 78 0 0 0 0 0 0 0 57 0 0 0 0 0 0 0 0 0 0 0 0 0 0 75 0 0 0 0 49 0 0 89 0 0 0 0 0 0 0 0 0 0 0 0 0 0 0 0 0 0 0 58 0 8 0 0 0 0 74 0 0 0 0 59 0 0 0 0 90 46 0 0 0 0 0 0 0 34 0 0 0 0 0 0 0 0 0 
11 0 0 0 0 0 0 60 0 0 0 0 0 0 0 0 0 0 0 75 0 0 66 0 0 0 0 0 0 0 29 0 0 100 0 0 0 0 0 0 0 0 0 0 0 0 0 0 0 0 0 0 79 0 0 0 0 0 40 44 0 0 0 0 0 56 0 0 0 0 0 0 0 0 50 0 0 0 0 0 0 44 0 50 0 0 0 0 0 0 0 0 0 0 0 0 75 23 0 0 
0 0 0 0 0 0 43 0 0 0 0 0 0 0 0 0 0 0 0 0 49 0 0 0 0 0 90 0 0 0 0 0 6 0 0 47 0 0 0 57 0 0 92 40 0 11 0 0 0 0 0 0 0 0 0 0 0 40 0 0 0 0 0 0 0 0 0 0 0 0 0 0 0 0 78 66 0 0 0 0 90 0 0 0 48 0 0 0 0 0 0 0 0 0 0 0 0 0 0 84 
37 0 11 0 0 0 48 0 0 0 0 0 0 0 0 0 0 0 100 0 0 0 0 0 65 0 0 0 43 0 0 0 0 0 0 0 30 0 0 0 0 0 0 0 0 0 0 0 53 0 0 0 0 0 0 0 0 44 0 0 0 33 0 0 0 0 0 0 0 0 15 75 0 0 0 0 0 0 0 0 0 0 0 0 0 0 0 0 0 0 0 0 5 0 77 0 0 0 53 0 
0 0 0 0 7 0 0 0 0 0 0 0 0 0 0 0 0 0 0 0 0 0 0 0 0 0 0 0 91 0 0 0 0 0 0 0 0 0 7 0 0 0 0 0 0 0 0 44 6 0 0 0 0 0 0 0 0 0 0 0 0 0 0 0 0 21 0 62 0 0 0 0 0 89 0 0 0 0 0 0 0 0 0 0 0 0 0 0 21 93 0 0 0 0 0 52 0 0 0 0 
0 0 60 0 0 84 0 0 0 53 0 4 0 0 26 0 0 0 0 0 0 0 0 100 0 0 0 83 0 81 0 0 0 0 0 0 75 12 0 0 0 0 0 0 0 0 0 0 4 0 0 54 0 0 84 0 0 0 0 33 0 0 0 0 0 0 0 0 0 0 0 0 0 0 0 6 0 0 0 0 0 0 0 0 0 0 0 0 0 0 0 0 0 0 0 0 0 0 0 0 
0 0 0 0 87 77 0 0 0 0 0 0 0 0 18 0 0 0 0 0 0 0 0 59 0 0 0 0 0 0 0 58 0 0 0 0 0 0 0 0 0 60 0 0 0 0 0 0 0 0 0 36 41 0 23 0 0 0 0 0 0 0 0 0 0 0 0 0 0 0 0 0 56 51 15 0 67 34 0 0 0 0 0 0 0 0 0 0 0 0 0 0 0 0 0 0 0 53 0 0 
0 0 0 0 0 0 0 0 0 0 75 0 0 0 0 81 0 0 0 0 0 0 0 0 0 0 0 27 0 24 0 0 8 0 0 0 0 0 0 0 0 0 0 49 0 61 0 0 0 0 11 0 0 0 75 0 0 0 0 0 0 0 0 0 0 0 0 0 74 0 0 0 0 0 0 0 0 0 90 0 71 0 0 0 98 0 0 0 0 0 0 0 0 0 0 0 0 0 0 5 
0 58 0 0 27 0 0 0 0 0 0 0 0 0 69 0 0 0 0 0 0 0 0 0 0 0 0 0 0 0 0 0 74 0 0 99 0 0 0 0 0 0 0 0 0 45 0 0 0 0 0 0 0 0 0 0 58 0 0 0 0 0 0 0 0 0 0 0 0 39 0 0 0 0 0 0 0 0 0 0 0 21 0 0 0 0 0 0 0 0 0 0 0 0 0 0 0 33 0 0 
0 0 0 0 0 0 0 0 0 0 0 0 0 0 0 0 0 0 0 0 0 0 0 0 0 0 0 0 0 0 0 0 0 0 0 0 48 0 56 0 0 47 0 0 0 27 0 0 0 0 48 0 0 0 0 0 0 56 0 0 21 0 0 0 0 0 0 0 0 0 61 0 6 0 0 0 0 0 0 0 0 12 0 0 0 0 0 80 0 0 26 0 0 0 68 4 0 0 0 38 
0 0 0 0 0 0 0 0 0 0 0 0 0 0 0 16 90 0 0 79 0 0 0 0 0 0 0 0 32 0 56 0 0 0 9 11 0 0 0 0 0 0 0 0 0 0 62 0 0 0 0 0 51 0 0 0 8 0 0 0 0 0 0 0 0 0 0 0 0 71 0 0 0 0 0 0 0 0 0 0 0 0 0 0 0 0 0 0 0 0 43 0 0 0 0 0 66 0 31 0 
0 0 0 0 0 0 0 0 0 0 0 0 0 0 84 0 0 43 95 0 0 0 0 0 0 16 0 73 0 0 0 0 0 0 0 0 0 0 0 68 43 0 0 0 13 0 0 0 0 43 0 0 0 0 0 0 0 0 0 0 62 0 0 0 0 0 0 0 0 0 0 0 0 0 0 0 0 99 0 0 42 0 0 0 0 0 0 0 0 0 0 0 0 3 0 0 0 0 0 62 
0 0 0 0 0 0 0 0 0 30 54 0 0 0 0 0 0 0 0 0 0 0 0 0 0 0 0 0 0 0 0 0 0 0 0 0 0 0 0 64 59 6 0 0 0 0 0 0 0 0 0 71 0 0 0 56 0 0 0 0 0 0 0 74 0 0 0 0 0 0 0 0 0 0 0 0 0 0 0 0 0 0 0 0 0 0 0 0 0 0 0 0 0 0 0 0 0 0 0 0 
0 0 26 0 0 0 0 0 52 0 0 93 0 0 0 64 42 0 0 0 77 0 0 0 0 0 80 0 0 0 0 0 0 0 0 0 0 0 0 73 0 0 0 0 0 0 0 0 0 0 0 0 0 0 0 0 0 0 0 0 0 0 0 0 39 0 71 0 0 0 0 0 69 0 16 74 0 0 0 45 49 0 0 0 0 0 0 0 0 0 0 0 0 0 0 0 0 0 0 0 
0 0 44 0 0 0 0 0 0 0 0 55 0 0 0 0 0 0 0 0 0 0 0 0 0 68 0 0 0 0 0 18 0 0 0 1 86 0 0 0 0 4 0 0 0 0 0 0 0 0 0 7 0 86 0 30 0 0 0 15 0 0 0 0 0 61 0 0 0 0 0 3 0 0 13 0 0 0 0 0 0 0 0 59 0 0 0 0 0 0 0 0 0 0 0 0 0 0 0 0 
22 0 0 0 0 0 0 0 0 0 0 88 0 0 0 0 0 0 0 0 0 0 0 0 0 0 0 0 0 0 0 0 59 0 0 0 0 0 94 0 0 0 48 21 12 0 0 0 0 17 0 0 60 0 0 2 74 0 0 75 0 0 0 0 0 0 0 0 0 0 3 0 0 0 89 0 0 0 0 0 0 0 0 0 0 0 0 0 0 0 0 0 0 0 0 0 0 0 0 0 
0 68 0 0 0 0 43 0 77 0 0 0 0 0 0 0 0 0 0 0 0 0 0 0 0 0 0 0 0 10 0 0 49 0 0 0 85 0 0 0 0 0 0 0 0 67 0 76 0 0 0 0 0 27 0 0 0 0 0 0 0 0 56 0 0 6 0 0 0 69 0 0 0 0 0 0 0 0 0 83 0 0 0 0 0 53 0 0 0 0 0 0 0 0 0 0 0 0 0 0 
0 0 0 0 0 0 0 0 0 0 54 0 0 0 10 0 0 0 0 0 0 0 0 59 0 0 0 0 86 0 0 0 0 0 0 0 0 53 0 0 0 0 0 0 0 0 61 0 2 0 10 87 0 0 0 0 0 0 0 0 89 0 51 0 0 0 0 0 0 0 0 0 0 0 92 0 0 0 0 0 0 0 0 2 0 35 0 0 92 0 0 0 0 0 0 0 0 0 0 0 
0 0 0 0 0 0 0 0 0 0 0 0 0 0 0 0 0 0 0 0 0 6 0 0 67 0 0 0 0 0 0 0 0 0 0 0 0 0 0 52 0 0 0 0 0 0 0 0 35 0 0 0 0 0 0 0 0 50 78 0 0 0 15 0 0 0 0 0 0 16 13 89 0 92 0 0 0 0 65 2 0 0 31 0 63 0 0 0 0 0 0 0 0 0 0 0 0 0 0 0 
69 0 0 0 0 0 0 0 0 0 0 0 0 0 0 0 0 0 0 0 0 0 0 0 0 92 26 0 0 70 0 0 0 0 0 0 0 0 0 0 0 0 0 0 0 0 0 0 0 0 0 0 0 0 0 47 0 0 66 0 0 6 0 0 0 0 0 0 0 74 0 0 0 0 0 0 0 0 79 80 0 85 79 0 49 42 0 0 0 0 0 0 0 0 0 0 0 0 0 0 
0 0 0 0 0 0 0 0 0 0 41 68 0 0 0 0 0 0 0 0 0 0 0 0 0 0 0 0 13 0 0 0 0 0 0 61 0 0 0 0 0 0 0 0 0 0 0 0 0 0 0 0 0 0 0 0 59 0 0 0 0 0 67 0 0 0 0 0 0 0 0 0 0 0 0 0 0 0 0 0 0 21 0 0 0 0 0 62 0 0 0 43 38 0 0 0 0 0 26 0 
0 0 0 0 0 0 0 0 0 0 0 0 0 0 0 0 0 0 0 0 0 30 14 0 0 0 0 0 0 29 0 29 0 0 0 0 0 0 0 0 0 0 0 0 0 0 0 12 0 0 0 0 0 0 0 0 0 0 0 0 0 0 34 0 0 0 0 99 0 0 0 0 0 0 0 0 0 0 0 0 0 35 0 0 0 81 27 0 95 0 30 49 0 0 0 0 0 0 0 0 
0 0 0 0 0 31 0 0 0 0 0 0 0 0 0 0 0 0 0 84 0 0 0 0 82 0 0 0 0 56 82 0 0 28 0 0 0 1 0 0 0 0 0 0 8 0 0 0 14 0 0 0 0 0 0 0 0 0 0 0 0 0 0 90 0 0 0 0 0 0 0 0 0 0 65 79 0 0 0 0 0 0 0 0 0 0 0 0 0 0 55 0 0 0 0 0 11 0 0 0 
81 0 0 44 0 0 0 0 0 0 0 0 0 0 0 0 0 0 0 0 0 0 0 0 0 0 0 0 38 0 39 0 0 0 0 0 0 0 0 0 0 0 0 0 0 0 0 0 0 0 0 72 0 0 0 0 0 0 0 0 0 0 0 0 0 0 0 0 0 45 0 0 83 0 2 80 0 0 0 0 0 0 0 39 0 0 0 0 0 0 0 0 0 0 0 0 0 0 8 0 
0 0 0 0 17 0 0 0 0 0 0 0 0 0 0 0 0 0 0 0 87 0 67 0 0 0 0 0 0 0 0 0 0 0 0 11 0 0 0 0 21 0 0 0 0 0 0 0 0 0 0 0 0 0 0 82 0 0 90 0 0 0 0 71 0 0 0 42 0 49 0 0 0 0 0 0 0 0 0 0 0 11 0 65 0 0 0 0 0 0 0 0 0 20 9 0 0 0 0 0 
0 39 44 0 0 0 0 0 0 0 0 0 0 0 0 0 0 0 2 0 0 0 0 0 0 0 0 0 0 0 0 0 0 0 0 0 0 0 0 0 0 0 0 0 0 0 0 47 14 0 0 0 0 0 0 0 90 44 0 0 0 0 0 0 21 12 0 0 0 0 0 0 0 0 0 85 21 35 0 0 11 0 0 0 0 0 0 11 0 0 0 0 56 0 0 0 0 0 0 0 
0 0 0 0 87 0 0 18 0 0 0 0 39 0 10 0 2 0 0 0 0 0 0 56 0 0 74 0 0 0 0 0 0 0 0 0 0 0 0 0 62 0 0 0 0 0 0 0 0 0 0 0 0 0 0 0 46 0 0 0 0 0 0 0 0 0 0 0 0 0 0 0 0 0 31 79 0 0 0 0 0 0 0 0 0 0 0 0 0 7 0 0 0 0 0 0 0 0 0 0 
0 0 0 0 0 0 48 0 0 0 0 33 0 0 0 0 0 0 0 0 0 0 0 0 0 20 0 55 0 0 0 0 0 0 0 0 0 0 0 0 0 0 0 0 0 0 0 55 0 0 0 6 0 0 0 0 0 50 0 0 0 0 0 0 0 0 0 0 0 0 59 0 0 2 0 0 0 0 0 39 65 0 0 0 0 0 0 0 0 0 38 39 12 0 0 8 0 0 0 0 
0 0 0 0 0 0 0 0 0 0 0 0 0 0 0 27 0 0 0 0 0 0 0 0 0 0 0 0 0 0 0 0 0 0 0 0 0 0 0 0 0 72 0 0 18 0 0 0 0 0 0 0 0 0 53 0 0 0 48 0 0 0 0 98 0 0 0 0 0 0 0 0 0 0 63 49 0 0 0 0 0 0 0 0 0 0 0 0 0 0 0 0 51 0 0 0 0 22 0 0 
0 64 0 32 0 0 0 0 0 0 0 0 0 0 0 0 0 0 0 0 46 0 0 95 0 0 0 0 0 0 0 0 0 0 97 0 0 66 0 0 93 24 0 0 0 0 5 0 0 0 0 0 0 0 0 0 0 0 0 0 0 0 0 0 0 0 0 0 0 0 0 0 53 35 0 42 0 81 0 0 0 0 0 0 0 0 0 36 0 0 56 0 0 0 0 0 0 0 0 0 
0 0 0 0 0 0 0 0 19 0 0 0 0 0 0 0 0 2 0 0 0 0 0 0 0 0 66 0 0 0 95 0 86 0 0 0 24 0 0 0 0 0 12 93 0 65 0 0 0 5 0 0 0 0 5 0 0 0 0 0 0 0 0 0 0 0 0 0 0 0 0 0 0 0 0 0 0 27 0 0 0 0 0 0 0 0 0 0 74 0 0 0 0 0 0 34 0 0 33 0 
0 0 0 0 0 0 0 0 0 0 0 0 0 0 0 0 0 0 0 36 0 0 0 0 0 0 0 0 0 0 0 0 0 0 0 0 78 0 74 0 0 0 74 0 0 0 0 0 0 0 0 0 0 0 0 0 0 0 0 0 0 0 0 0 0 80 0 0 0 0 0 0 0 0 0 0 62 0 0 0 0 11 0 0 0 36 0 0 0 0 0 0 0 0 0 0 68 0 0 0 
0 0 0 0 80 0 0 0 77 90 0 0 0 0 0 0 0 0 0 0 0 0 0 0 0 0 0 0 0 0 45 0 0 0 0 60 0 0 6 0 0 0 18 0 7 81 0 60 0 0 0 96 0 0 0 0 0 0 0 0 21 0 0 0 0 0 0 0 0 0 0 0 0 92 0 0 0 95 0 0 0 0 0 0 0 0 74 0 0 0 0 0 0 0 0 0 0 0 0 0 
0 0 0 0 0 0 0 0 31 0 0 0 0 89 0 0 0 0 0 0 0 89 0 0 97 0 0 86 0 53 0 20 0 15 0 0 71 0 0 0 0 0 0 0 0 0 0 0 77 9 0 0 0 0 0 0 0 0 0 0 93 0 0 0 0 0 0 0 0 0 0 0 0 0 0 0 0 0 0 0 0 0 7 0 0 0 0 0 0 0 0 0 0 74 0 0 0 0 13 0 
0 0 0 0 0 0 0 0 0 0 0 0 16 0 0 0 0 0 0 0 0 0 0 0 0 0 0 0 0 0 0 0 0 54 64 0 0 0 0 0 53 0 0 0 0 0 0 22 0 0 17 0 0 0 0 0 34 0 0 0 0 0 0 0 0 26 43 0 0 0 0 0 0 0 0 0 0 30 55 0 0 0 0 38 0 56 0 0 0 0 0 0 0 0 0 61 0 0 98 0 
0 0 0 82 70 0 0 0 49 0 0 0 0 0 0 63 0 0 4 0 0 52 0 0 0 0 0 0 0 0 0 0 73 0 0 4 0 0 0 0 0 0 0 80 8 0 0 0 0 0 0 0 0 0 0 53 0 0 0 0 0 0 0 0 0 0 0 0 0 0 0 0 0 0 0 0 43 49 0 0 0 0 0 39 0 0 0 0 0 0 0 0 0 0 0 0 0 0 21 0 
0 7 0 0 0 0 0 0 0 0 58 0 0 55 0 0 0 60 0 0 0 0 0 0 0 0 0 0 0 0 0 0 0 0 0 0 14 0 0 0 0 0 0 0 0 0 0 0 0 0 0 0 0 0 0 0 0 0 0 5 0 0 0 0 0 0 0 0 0 0 0 0 0 0 0 0 38 0 0 0 0 56 0 12 51 0 0 0 0 0 0 0 0 29 0 0 0 32 0 0 
0 0 0 0 0 0 0 0 0 74 0 0 18 0 0 0 0 0 0 0 0 0 0 0 0 0 0 0 0 0 0 0 0 0 0 27 0 0 0 0 0 0 0 0 0 0 0 0 0 0 0 0 0 0 0 0 0 0 0 0 0 0 0 0 0 0 0 3 0 0 0 0 0 0 0 0 0 0 0 0 20 0 0 0 0 0 0 0 0 74 0 0 29 0 0 0 0 0 0 0 
0 0 0 0 0 0 0 0 0 0 0 0 0 0 14 0 14 0 0 0 0 0 0 0 68 0 0 84 0 0 0 39 0 0 0 0 0 0 53 0 0 0 0 0 0 0 0 0 0 0 0 0 0 0 0 0 0 0 0 77 0 0 0 0 0 68 0 0 0 0 0 0 0 0 0 0 0 0 0 0 9 0 0 0 0 0 0 0 0 0 0 0 0 0 0 0 78 0 0 0 
0 0 0 0 0 0 0 0 0 0 0 60 0 0 0 0 55 0 0 30 3 0 12 0 0 0 42 0 0 74 0 0 0 29 0 0 0 0 5 0 0 0 0 0 0 0 0 0 0 0 15 0 0 0 0 0 0 0 0 0 52 0 0 0 0 4 0 0 0 0 0 0 0 0 0 0 0 0 0 0 0 0 0 8 0 0 34 0 0 0 61 0 0 0 0 0 0 0 0 0 
22 0 95 0 0 0 0 0 0 0 43 0 40 0 0 0 0 0 0 0 0 0 0 0 0 0 0 0 0 0 0 0 0 0 0 0 0 0 0 45 0 0 0 0 0 0 0 0 81 0 0 0 0 0 0 66 0 75 0 0 0 0 0 0 0 0 66 0 0 0 0 0 0 0 0 0 0 0 11 0 0 0 0 0 0 0 0 68 0 0 0 0 0 0 78 0 0 20 0 0 
0 0 85 0 0 0 0 0 0 0 0 0 86 0 0 0 0 0 0 0 0 94 0 0 0 40 0 0 9 0 0 72 0 0 0 0 0 0 0 0 98 0 0 0 0 0 0 0 0 0 43 0 0 0 0 0 0 23 0 0 0 0 53 0 33 0 0 0 0 0 0 0 0 0 0 0 0 0 0 0 0 0 0 0 22 0 0 0 0 0 0 0 32 0 0 0 20 0 0 26 
0 0 0 0 89 0 0 14 0 0 0 0 0 0 0 66 0 0 0 0 0 0 0 0 0 0 0 0 0 0 0 0 0 0 0 0 3 0 0 0 0 0 71 0 0 0 0 0 0 0 0 0 0 0 0 0 0 0 0 53 0 0 0 0 0 0 31 0 0 0 0 0 0 0 0 0 26 0 0 8 0 0 0 0 0 0 33 0 0 13 98 21 0 0 0 0 0 0 0 0 
0 0 0 0 0 0 0 0 0 83 0 0 0 0 0 77 0 76 0 0 0 0 0 0 0 0 44 0 0 0 0 0 0 15 0 0 0 0 0 0 0 46 0 0 0 0 0 0 0 0 0 0 41 0 0 0 0 0 84 0 0 0 0 5 0 38 0 62 0 0 0 0 0 0 0 0 0 0 0 0 0 0 0 0 0 0 0 0 0 0 0 0 0 0 0 0 0 26 0 0 
