0 43 29 0 99 83 84 91 49 0 0 69 61 69 81 80 100 89 8 31 83 70 0 0 33 6 0 84 55 43 33 97 60 41 6 11 75 22 0 13 0 0 42 54 67 87 95 24 64 8 43 40 35 69 57 0 0 34 0 31 0 23 0 0 0 40 0 0 69 22 89 69 74 0 73 37 0 60 0 92 59 34 25 87 84 73 13 70 5 67 0 7 18 78 42 37 3 18 78 86 
43 0 27 76 0 32 58 0 36 73 54 17 84 9 20 29 97 12 0 46 64 0 71 52 0 78 17 46 16 0 90 58 0 73 76 32 28 22 0 6 0 48 49 35 67 40 78 61 19 97 96 84 56 49 0 89 0 48 55 66 16 88 39 88 78 15 0 48 15 21 0 35 0 35 0 46 0 50 54 48 86 87 20 60 0 0 83 79 55 68 81 18 73 31 19 72 61 85 0 63 
29 27 0 91 85 78 36 74 0 0 97 0 27 63 48 37 58 0 18 62 73 12 0 0 0 17 34 75 20 31 35 58 37 89 83 73 35 66 0 5 23 2 32 0 100 13 33 0 68 62 74 90 32 77 59 11 0 0 58 38 0 42 33 84 3 0 31 25 42 12 0 21 5 95 87 0 99 10 28 97 40 74 85 87 14 0 5 36 0 53 63 0 34 15 71 98 50 79 87 0 
0 76 91 0 7 21 15 25 60 94 81 35 75 0 69 73 91 39 1 74 8 53 27 56 90 97 94 98 80 0 31 55 100 91 50 63 0 40 51 21 54 45 81 45 7 74 82 68 63 52 0 97 95 91 33 17 0 44 44 48 50 0 63 81 52 71 94 1 42 80 17 16 58 97 0 12 89 30 91 31 84 97 0 47 22 74 48 0 0 44 38 25 38 91 39 81 87 76 10 49 
99 0 85 7 0 30 53 0 2 31 14 82 66 43 64 68 16 70 77 25 25 53 36 85 84 40 0 91 0 8 31 99 0 95 35 69 42 0 29 23 10 0 4 63 53 23 73 30 35 98 0 35 71 29 0 43 18 82 0 70 0 97 67 64 93 98 20 88 71 0 54 8 74 1 71 68 22 79 13 23 73 2 62 89 26 0 99 0 92 1 49 23 0 59 67 73 95 1 17 0 
83 32 78 21 30 0 68 32 66 9 41 0 0 0 12 59 54 42 97 0 2 94 45 1 26 70 78 13 9 51 56 55 0 99 44 66 68 14 0 30 52 38 27 81 66 20 73 0 64 0 42 11 75 33 52 0 0 62 0 0 0 35 0 4 56 58 75 0 17 41 10 50 53 5 0 0 18 0 66 56 0 10 62 69 69 79 31 96 10 75 37 97 18 94 19 87 56 77 62 83 
84 58 36 15 53 68 0 31 43 14 88 87 84 70 0 71 18 90 76 10 84 20 52 23 42 96 89 39 23 43 83 0 63 76 0 94 32 12 24 47 48 0 33 38 44 46 34 69 8 2 100 30 0 92 0 95 60 24 68 0 17 79 19 11 19 39 52 64 0 88 10 0 8 90 51 77 21 66 71 0 28 85 0 74 0 64 71 28 42 0 41 0 29 62 58 51 71 0 33 88 
91 0 74 25 0 32 31 0 65 50 39 6 65 37 50 33 63 53 49 0 3 82 99 24 0 72 0 94 82 0 25 78 9 2 0 15 37 30 40 10 5 63 73 86 62 82 0 5 11 97 0 35 72 82 9 0 62 27 94 58 35 17 7 37 0 25 82 78 55 29 72 90 63 96 94 55 39 41 44 48 0 84 68 37 91 87 0 78 10 89 34 70 17 99 41 62 5 24 61 52 
49 36 0 60 2 66 43 65 0 91 24 0 95 74 80 41 25 9 61 30 45 67 87 78 0 21 71 84 42 93 9 10 60 35 0 62 33 46 68 17 65 52 6 42 26 56 1 96 76 6 44 0 79 5 27 96 10 0 69 41 100 0 97 64 18 40 32 62 84 26 13 24 0 89 46 29 10 80 38 37 65 29 56 58 49 68 8 51 29 61 27 95 1 79 77 42 26 7 9 0 
0 73 0 94 31 9 14 50 91 0 35 25 21 0 0 49 28 40 0 2 4 18 31 27 7 0 77 1 96 1 39 15 37 35 63 70 0 98 14 0 69 10 19 68 79 62 39 80 0 92 29 0 33 0 37 64 0 35 48 68 23 26 0 3 5 27 27 52 97 0 57 0 81 72 51 86 67 81 93 22 0 28 42 0 17 93 0 15 10 87 0 84 0 1 19 25 17 87 0 48 
0 54 97 81 14 41 88 39 24 35 0 19 60 95 0 8 11 33 5 82 98 23 20 13 79 0 82 41 16 37 32 51 19 14 59 86 12 0 0 0 63 93 92 100 0 42 25 27 44 92 95 37 79 7 38 32 25 71 0 0 90 86 8 37 13 87 22 89 98 70 71 80 74 30 98 49 85 18 10 55 75 46 1 58 10 63 47 0 95 31 0 0 75 94 57 48 0 24 66 77 
69 17 0 35 82 0 87 6 0 25 19 0 0 83 40 24 40 19 83 0 55 23 60 55 75 18 0 61 0 55 11 74 38 86 0 16 79 0 99 0 22 38 45 0 55 0 5 0 62 0 35 26 28 72 91 33 0 0 98 0 77 37 43 0 94 0 78 13 74 84 0 6 71 35 12 49 0 0 61 0 0 41 88 0 36 35 0 29 89 38 0 26 0 13 15 76 97 72 61 46 
61 84 27 75 66 0 84 65 95 21 60 0 0 0 20 35 84 25 29 71 0 61 0 36 8 66 43 0 32 31 97 0 5 44 77 56 25 36 47 72 59 50 0 0 89 0 76 46 43 0 33 95 100 19 83 1 28 67 0 84 0 54 7 29 0 50 71 56 44 38 10 86 14 23 98 65 26 95 69 0 33 33 9 13 18 38 92 0 0 13 0 0 10 0 36 19 26 67 0 0 
69 9 63 0 43 0 70 37 74 0 95 83 0 0 38 51 43 45 11 48 89 58 0 87 26 3 41 8 0 31 3 86 98 10 93 79 0 0 7 10 28 0 88 65 28 37 55 27 68 16 0 91 0 50 51 28 24 18 85 86 22 67 28 38 16 72 48 0 0 59 52 70 49 56 12 2 0 0 19 37 17 5 81 54 98 57 31 36 65 25 30 90 0 52 2 20 31 0 0 0 
81 20 48 69 64 12 0 50 80 0 0 40 20 38 0 65 71 66 48 0 12 40 0 45 21 3 8 38 0 97 0 32 0 0 77 57 73 84 87 0 0 25 3 43 0 43 13 60 18 62 14 0 14 42 94 95 0 85 0 0 41 94 58 0 79 45 96 26 50 9 85 16 38 86 16 33 96 33 49 59 6 64 10 24 61 70 67 0 91 89 0 0 22 26 60 20 8 36 97 87 
80 29 37 73 68 59 71 33 41 49 8 24 35 51 65 0 0 43 19 41 75 71 48 0 96 36 25 39 30 38 94 0 50 56 81 57 5 73 0 80 7 0 59 9 28 0 49 81 61 12 47 74 14 15 99 54 100 23 0 0 26 89 0 48 68 77 90 24 60 29 64 14 4 0 89 16 0 78 9 13 47 57 37 73 63 65 66 86 71 0 88 82 61 93 25 87 0 0 75 0 
100 97 58 91 16 54 18 63 25 28 11 40 84 43 71 0 0 78 0 42 39 73 29 30 38 96 9 100 84 64 36 59 35 0 0 95 0 54 79 10 24 4 0 87 89 37 96 77 49 32 50 18 33 15 81 1 0 72 13 54 0 6 36 92 0 95 30 68 88 11 9 15 0 33 95 95 13 85 46 78 65 63 6 27 3 99 98 3 86 22 34 63 2 0 0 47 31 33 62 58 
89 12 0 39 70 42 90 53 9 40 33 19 25 45 66 43 78 0 0 0 19 23 52 0 55 0 18 3 75 69 0 68 0 60 24 12 99 61 21 79 4 0 80 37 0 100 99 62 2 24 34 59 73 34 0 24 92 53 87 55 0 0 53 62 99 33 51 52 4 22 0 59 68 11 48 76 77 47 57 94 71 0 59 92 0 27 98 0 89 0 0 24 44 58 85 70 98 92 0 0 
8 0 18 1 77 97 76 49 61 0 5 83 29 11 48 19 0 0 0 3 0 71 54 0 0 76 27 15 0 10 37 49 5 38 55 2 0 59 65 36 16 99 45 0 0 44 79 11 0 56 5 73 85 58 96 52 0 31 71 28 82 90 92 73 33 44 99 90 34 41 13 33 52 81 68 55 58 27 93 50 55 61 0 80 67 0 0 0 0 36 40 76 0 11 15 0 7 7 74 86 
31 46 62 74 25 0 10 0 30 2 82 0 71 48 0 41 42 0 3 0 16 34 8 0 28 51 56 66 50 3 13 35 60 7 40 28 33 70 3 49 82 78 78 22 47 55 75 69 89 44 0 0 29 37 54 72 78 0 62 0 51 98 0 47 73 3 82 65 47 59 0 78 43 42 66 49 39 62 38 16 48 0 77 36 58 0 3 43 83 81 71 94 0 0 33 55 1 18 0 53 
83 64 73 8 25 2 84 3 45 4 98 55 0 89 12 75 39 19 0 16 0 43 20 63 54 37 25 0 22 13 61 48 12 47 23 0 13 0 64 67 97 92 20 93 72 33 93 87 62 43 0 6 0 9 0 4 78 0 51 85 32 30 61 62 28 100 1 88 59 39 38 0 58 13 0 39 76 6 16 34 24 50 96 77 93 42 85 0 88 68 15 6 52 100 76 88 52 0 6 0 
70 0 12 53 53 94 20 82 67 18 23 23 61 58 40 71 73 23 71 34 43 0 70 95 98 0 27 60 8 7 48 62 39 57 14 83 16 66 100 91 79 39 0 39 72 50 22 77 0 93 0 37 71 28 17 75 17 71 61 13 0 55 8 96 16 81 72 91 0 12 0 3 13 38 97 89 73 10 0 9 96 85 87 60 81 9 0 52 0 10 39 0 19 0 100 0 47 64 73 27 
0 71 0 27 36 45 52 99 87 31 20 60 0 0 0 48 29 52 54 8 20 70 0 0 68 19 50 92 0 19 0 3 0 0 47 35 0 37 34 22 87 71 96 91 4 0 83 0 34 73 0 48 0 96 21 58 28 0 100 70 84 11 46 88 25 0 6 0 91 75 61 61 83 0 0 0 14 97 2 61 0 98 0 80 78 65 31 0 64 76 90 0 78 27 13 0 97 0 30 0 
0 52 0 56 85 1 23 24 78 27 13 55 36 87 45 0 30 0 0 0 63 95 0 0 43 9 89 64 28 77 88 75 70 31 39 1 0 89 9 0 25 78 91 0 16 43 45 84 81 68 5 85 84 42 46 0 75 58 27 9 0 35 6 39 65 35 56 25 39 0 90 89 67 75 0 6 66 11 15 0 93 68 17 33 0 80 58 32 91 0 42 14 18 90 83 0 73 44 83 21 
33 0 0 90 84 26 42 0 0 7 79 75 8 26 21 96 38 55 0 28 54 98 68 43 0 0 0 29 81 94 41 7 61 23 0 88 3 30 88 52 0 50 83 16 27 87 69 63 0 6 33 37 50 0 95 80 75 77 31 65 0 83 0 20 4 91 0 40 0 88 0 46 88 66 0 27 86 0 0 9 21 57 4 1 82 37 91 63 4 0 31 0 91 99 68 63 63 0 23 76 
6 78 17 97 40 70 96 72 21 0 0 18 66 3 3 36 96 0 76 51 37 0 19 9 0 0 16 13 23 64 48 0 47 20 66 45 78 64 22 49 66 90 0 38 0 5 3 74 19 90 23 76 98 26 0 0 28 13 95 80 19 65 76 42 8 42 5 55 0 13 0 24 11 8 45 0 90 80 64 45 0 82 25 0 50 6 16 90 17 66 36 23 83 0 90 69 0 94 23 99 
0 17 34 94 0 78 89 0 71 77 82 0 43 41 8 25 9 18 27 56 25 27 50 89 0 16 0 0 0 87 57 40 0 33 21 0 52 10 86 82 68 53 31 12 28 0 45 0 90 24 93 3 89 0 0 14 65 59 59 0 99 98 0 92 17 0 8 89 0 0 99 74 72 18 23 33 83 84 42 58 8 22 52 59 73 42 59 0 74 99 91 5 8 79 56 50 49 71 55 45 
84 46 75 98 91 13 39 94 84 1 41 61 0 8 38 39 100 3 15 66 0 60 92 64 29 13 0 0 26 0 38 0 98 59 0 3 0 43 18 100 10 58 74 52 50 77 80 15 0 0 53 14 80 7 0 56 33 0 39 30 0 35 0 87 65 41 74 51 60 35 75 60 40 44 6 66 46 92 11 30 60 94 51 54 46 38 39 0 0 48 77 74 39 25 66 87 42 78 79 0 
55 16 20 80 0 9 23 82 42 96 16 0 32 0 0 30 84 75 0 50 22 8 0 28 81 23 0 26 0 96 6 38 85 100 4 82 15 65 18 33 83 14 61 54 35 43 65 84 96 95 42 58 35 59 61 70 0 8 0 15 0 17 74 16 51 28 42 45 69 68 0 63 49 54 47 14 0 81 59 47 91 62 3 13 46 47 89 36 97 67 79 0 79 66 0 81 0 5 23 45 
43 0 31 0 8 51 43 0 93 1 37 55 31 31 97 38 64 69 10 3 13 7 19 77 94 64 87 0 96 0 13 23 0 19 97 31 6 22 56 31 0 57 81 58 44 0 0 87 0 20 32 14 92 20 0 82 2 0 20 5 5 91 100 29 15 0 0 9 50 0 81 51 40 90 47 24 70 95 80 28 57 38 19 0 96 75 72 12 100 68 46 72 96 74 9 59 95 85 9 62 
33 90 35 31 31 56 83 25 9 39 32 11 97 3 0 94 36 0 37 13 61 48 0 88 41 48 57 38 6 13 0 16 28 51 47 49 45 25 40 82 12 98 0 18 86 44 7 43 90 70 7 18 29 24 14 0 48 71 14 23 69 52 20 0 15 88 43 65 81 92 66 37 54 72 81 73 61 16 56 77 28 56 42 10 35 55 29 60 9 0 44 0 26 44 8 32 0 41 36 0 
97 58 58 55 99 55 0 78 10 15 51 74 0 86 32 0 59 68 49 35 48 62 3 75 7 0 40 0 38 23 16 0 57 47 28 0 63 31 0 80 80 52 0 92 96 70 45 97 0 63 0 77 29 0 0 100 41 87 53 15 1 37 26 22 27 24 0 93 98 52 0 7 38 27 29 7 90 82 29 76 65 59 51 26 69 0 3 17 0 0 11 8 42 39 89 0 9 0 99 27 
60 0 37 100 0 0 63 9 60 37 19 38 5 98 0 50 35 0 5 60 12 39 0 70 61 47 0 98 85 0 28 57 0 95 73 83 16 61 35 40 0 49 17 0 78 5 63 0 0 0 0 0 0 5 85 66 97 64 0 70 53 86 0 46 50 0 38 81 97 84 0 21 46 94 0 61 51 97 0 92 94 23 73 97 18 6 0 41 4 0 76 36 0 74 91 33 74 84 54 0 
41 73 89 91 95 99 76 2 35 35 14 86 44 10 0 56 0 60 38 7 47 57 0 31 23 20 33 59 100 19 51 47 95 0 49 30 0 0 3 25 39 45 72 100 38 1 14 79 54 50 100 0 0 12 86 85 54 96 100 87 22 75 0 33 0 74 0 45 76 40 79 66 0 13 39 6 0 26 46 75 64 46 0 0 97 0 0 55 78 51 40 82 38 31 75 15 0 78 35 31 
6 76 83 50 35 44 0 0 0 63 59 0 77 93 77 81 0 24 55 40 23 14 47 39 0 66 21 0 4 97 47 28 73 49 0 95 90 6 19 0 74 77 14 0 0 94 15 19 0 57 0 0 56 90 42 49 11 91 0 0 0 96 25 0 0 16 88 37 5 18 3 0 93 10 0 17 3 4 53 0 43 39 14 69 81 97 42 67 42 23 52 73 55 15 94 47 6 79 94 82 
11 32 73 63 69 66 94 15 62 70 86 16 56 79 57 57 95 12 2 28 0 83 35 1 88 45 0 3 82 31 49 0 83 30 95 0 6 60 85 37 32 32 34 51 19 0 93 99 27 86 95 59 71 75 28 74 51 95 4 56 48 15 29 79 87 71 67 70 0 80 14 5 24 53 85 89 13 8 15 9 57 0 14 43 89 3 88 0 82 75 35 99 70 0 19 48 97 37 0 37 
75 28 35 0 42 68 32 37 33 0 12 79 25 0 73 5 0 99 0 33 13 16 0 0 3 78 52 0 15 6 45 63 16 0 90 6 0 91 48 74 23 49 38 56 65 23 0 71 6 37 89 6 10 63 0 97 20 4 94 42 88 95 26 85 85 0 0 52 45 24 75 84 0 68 88 32 51 71 0 62 37 53 49 22 0 76 34 69 0 23 60 14 58 100 52 97 4 74 45 0 
22 22 66 40 0 14 12 30 46 98 0 0 36 0 84 73 54 61 59 70 0 66 37 89 30 64 10 43 65 22 25 31 61 0 6 60 91 0 0 0 0 84 69 1 28 0 70 44 0 99 78 91 58 52 41 0 53 16 23 80 57 56 95 67 42 0 99 100 15 77 49 76 0 17 96 4 9 38 83 21 0 39 100 58 76 24 58 92 87 95 22 54 24 88 37 31 43 77 54 45 
0 0 0 51 29 0 24 40 68 14 0 99 47 7 87 0 79 21 65 3 64 100 34 9 88 22 86 18 18 56 40 0 35 3 19 85 48 0 0 76 47 43 25 29 0 29 63 49 81 64 6 0 8 61 10 3 42 0 63 0 62 1 14 9 85 24 60 85 65 77 52 76 70 87 22 87 24 25 69 83 0 38 32 68 63 0 0 0 0 75 0 70 99 49 14 10 30 42 98 0 
13 6 5 21 23 30 47 10 17 0 0 0 72 10 0 80 10 79 36 49 67 91 22 0 52 49 82 100 33 31 82 80 40 25 0 37 74 0 76 0 0 27 61 82 94 0 51 0 46 32 47 55 88 90 38 27 72 64 0 41 0 0 0 14 0 2 12 49 57 0 0 93 69 8 1 46 3 18 59 46 14 98 89 35 0 82 14 24 0 0 99 54 0 0 87 61 39 32 75 72 
0 0 23 54 10 52 48 5 65 69 63 22 59 28 0 7 24 4 16 82 97 79 87 25 0 66 68 10 83 0 12 80 0 39 74 32 23 0 47 0 0 3 0 0 35 47 25 61 50 87 21 63 27 55 0 64 44 1 75 0 0 0 0 0 57 21 24 72 0 64 62 87 0 21 15 50 10 32 52 25 91 0 37 0 34 82 0 67 10 27 0 0 34 53 83 24 20 0 98 0 
0 48 2 45 0 38 0 63 52 10 93 38 50 0 25 0 4 0 99 78 92 39 71 78 50 90 53 58 14 57 98 52 49 45 77 32 49 84 43 27 3 0 18 84 66 15 26 62 40 32 89 0 16 78 65 38 36 18 42 57 0 71 12 0 0 0 7 98 87 54 72 41 74 89 73 19 53 13 78 77 77 66 93 0 84 1 0 37 0 98 40 0 5 65 42 78 80 77 95 66 
42 49 32 81 4 27 33 73 6 19 92 45 0 88 3 59 0 80 45 78 20 0 96 91 83 0 31 74 61 81 0 0 17 72 14 34 38 69 25 61 0 18 0 80 53 12 55 77 85 25 0 73 49 53 18 56 67 38 0 84 23 81 100 15 50 77 4 0 0 93 0 24 76 62 26 81 100 0 21 57 56 60 18 0 70 19 0 0 0 14 0 57 74 43 54 10 25 51 91 81 
54 35 0 45 63 81 38 86 42 68 100 0 0 65 43 9 87 37 0 22 93 39 91 0 16 38 12 52 54 58 18 92 0 100 0 51 56 1 29 82 0 84 80 0 9 0 77 1 90 76 0 14 0 48 0 8 54 0 70 65 25 46 2 12 100 0 0 5 66 0 27 50 0 72 83 98 35 0 83 55 0 54 80 22 0 96 18 24 26 89 5 71 62 66 71 100 1 52 13 0 
67 67 100 7 53 66 44 62 26 79 0 55 89 28 0 28 89 0 0 47 72 72 4 16 27 0 28 50 35 44 86 96 78 38 0 19 65 28 0 94 35 66 53 9 0 63 16 0 45 72 19 74 22 14 50 42 0 38 79 62 84 83 30 0 87 0 24 47 2 7 59 35 0 91 68 3 43 29 98 0 68 70 62 4 0 94 72 50 0 79 36 0 52 72 50 46 85 61 5 67 
87 40 13 74 23 20 46 82 56 62 42 0 0 37 43 0 37 100 44 55 33 50 0 43 87 5 0 77 43 0 44 70 5 1 94 0 23 0 29 0 47 15 12 0 63 0 65 0 98 60 14 0 40 0 6 97 0 0 3 0 41 57 77 42 0 8 0 12 0 0 16 85 0 8 0 56 0 52 17 89 25 68 59 60 61 0 11 9 0 54 5 90 4 59 64 9 64 0 54 0 
95 78 33 82 73 73 34 0 1 39 25 5 76 55 13 49 96 99 79 75 93 22 83 45 69 3 45 80 65 0 7 45 63 14 15 93 0 70 63 51 25 26 55 77 16 65 0 33 11 69 41 0 62 55 47 100 52 0 1 0 85 6 49 0 37 48 37 91 44 89 70 86 24 0 82 41 0 59 35 0 39 83 46 10 66 81 15 97 0 51 18 21 30 81 28 54 41 29 39 53 
24 61 0 68 30 0 69 5 96 80 27 0 46 27 60 81 77 62 11 69 87 77 0 84 63 74 0 15 84 87 43 97 0 79 19 99 71 44 49 0 61 62 77 1 0 0 33 0 14 4 0 86 68 73 73 63 84 89 0 61 60 41 97 54 0 79 87 11 97 61 89 5 63 98 81 96 66 47 39 77 8 44 90 95 81 93 96 28 0 67 91 0 22 78 19 17 30 62 0 0 
64 19 68 63 35 64 8 11 76 0 44 62 43 68 18 61 49 2 0 89 62 0 34 81 0 19 90 0 96 0 90 0 0 54 0 27 6 0 81 46 50 40 85 90 45 98 11 14 0 69 31 39 99 64 66 0 8 39 5 2 0 72 87 26 84 12 66 37 60 71 18 2 0 0 33 0 0 9 6 8 5 90 92 0 78 40 43 70 63 51 7 0 0 49 0 0 30 0 53 57 
8 97 62 52 98 0 2 97 6 92 92 0 0 16 62 12 32 24 56 44 43 93 73 68 6 90 24 0 95 20 70 63 0 50 57 86 37 99 64 32 87 32 25 76 72 60 69 4 69 0 1 84 15 55 23 0 96 74 71 62 13 54 22 16 80 29 28 87 35 96 21 75 48 24 77 100 62 31 84 27 9 97 97 0 22 31 23 100 72 17 24 5 2 0 67 0 97 98 84 65 
43 96 74 0 0 42 100 0 44 29 95 35 33 0 14 47 50 34 5 0 0 0 0 5 33 23 93 53 42 32 7 0 0 100 0 95 89 78 6 47 21 89 0 0 19 14 41 0 31 1 0 86 89 42 88 15 75 56 52 2 70 66 0 99 5 60 84 82 0 34 81 0 33 68 49 14 22 57 0 69 60 96 38 98 91 0 23 59 63 22 85 82 54 61 70 76 11 18 0 88 
40 84 90 97 35 11 30 35 0 0 37 26 95 91 0 74 18 59 73 0 6 37 48 85 37 76 3 14 58 14 18 77 0 0 0 59 6 91 0 55 63 0 73 14 74 0 0 86 39 84 86 0 37 5 82 0 17 50 89 1 26 68 84 22 99 0 81 43 38 71 90 54 23 91 48 33 76 67 0 72 34 100 33 0 68 0 55 70 64 70 0 20 0 17 2 60 2 0 97 0 
35 56 32 95 71 75 0 72 79 33 79 28 100 0 14 14 33 73 85 29 0 71 0 84 50 98 89 80 35 92 29 29 0 0 56 71 10 58 8 88 27 16 49 0 22 40 62 68 99 15 89 37 0 86 0 22 94 82 55 76 57 45 81 83 5 9 81 20 60 66 58 25 0 12 0 59 86 85 0 42 11 0 38 0 54 0 0 46 0 31 0 25 0 0 47 16 53 0 28 52 
69 49 77 91 29 33 92 82 5 0 7 72 19 50 42 15 15 34 58 37 9 28 96 42 0 26 0 7 59 20 24 0 5 12 90 75 63 52 61 90 55 78 53 48 14 0 55 73 64 55 42 5 86 0 21 11 8 64 95 0 56 7 94 0 0 96 98 64 48 15 82 99 39 90 5 36 74 0 9 61 37 60 53 30 65 97 92 0 40 60 7 100 47 35 79 40 18 65 100 0 
57 0 59 33 0 52 0 9 27 37 38 91 83 51 94 99 81 0 96 54 0 17 21 46 95 0 0 0 61 0 14 0 85 86 42 28 0 41 10 38 0 65 18 0 50 6 47 73 66 23 88 82 0 21 0 71 28 10 87 94 38 0 0 0 0 36 0 34 98 43 17 100 81 0 72 45 38 44 24 66 45 80 21 90 0 20 92 0 18 12 69 1 86 50 22 0 8 50 87 27 
0 89 11 17 43 0 95 0 96 64 32 33 1 28 95 54 1 24 52 72 4 75 58 0 80 0 14 56 70 82 0 100 66 85 49 74 97 0 3 27 64 38 56 8 42 97 100 63 0 0 15 0 22 11 71 0 8 0 0 0 37 32 0 36 0 0 61 0 2 49 48 77 48 0 0 37 44 23 0 91 17 91 82 75 1 67 40 7 0 54 30 0 0 17 28 29 42 0 80 73 
0 0 0 0 18 0 60 62 10 0 25 0 28 24 0 100 0 92 0 78 78 17 28 75 75 28 65 33 0 2 48 41 97 54 11 51 20 53 42 72 44 36 67 54 0 0 52 84 8 96 75 17 94 8 28 8 0 95 0 68 98 10 17 57 0 60 0 0 96 7 0 8 58 40 89 0 88 73 30 90 13 27 23 96 48 18 99 34 36 61 19 38 41 25 28 34 54 30 2 70 
34 48 0 44 82 62 24 27 0 35 71 0 67 18 85 23 72 53 31 0 0 71 0 58 77 13 59 0 8 0 71 87 64 96 91 95 4 16 0 64 1 18 38 0 38 0 0 89 39 74 56 50 82 64 10 0 95 0 4 17 98 17 0 93 83 39 64 8 11 87 0 19 37 76 36 4 21 0 92 100 63 0 2 63 54 99 0 0 0 23 0 23 53 99 42 50 0 95 0 60 
0 55 58 44 0 0 68 94 69 48 0 98 0 85 0 0 13 87 71 62 51 61 100 27 31 95 59 39 0 20 14 53 0 100 0 4 94 23 63 0 75 42 0 70 79 3 1 0 5 71 52 89 55 95 87 0 0 4 0 0 72 79 5 56 34 94 81 51 18 0 0 0 64 77 43 86 63 61 4 92 0 0 83 17 0 77 0 7 35 0 64 18 93 62 58 0 45 72 19 28 
31 66 38 48 70 0 0 58 41 68 0 0 84 86 0 0 54 55 28 0 85 13 70 9 65 80 0 30 15 5 23 15 70 87 0 56 42 80 0 41 0 57 84 65 62 0 0 61 2 62 2 1 76 0 94 0 68 17 0 0 0 72 44 27 56 0 18 72 40 33 0 88 0 2 0 51 92 27 0 98 94 99 89 0 6 51 44 47 94 0 63 61 98 76 25 14 75 0 51 51 
0 16 0 50 0 0 17 35 100 23 90 77 0 22 41 26 0 0 82 51 32 0 84 0 0 19 99 0 0 5 69 1 53 22 0 48 88 57 62 0 0 0 23 25 84 41 85 60 0 13 70 26 57 56 38 37 98 98 72 0 0 65 26 88 5 76 49 43 98 18 58 100 94 57 18 20 93 37 7 73 27 23 26 0 72 0 55 35 0 0 57 7 85 96 87 37 0 0 96 0 
23 88 42 0 97 35 79 17 0 26 86 37 54 67 94 89 6 0 90 98 30 55 11 35 83 65 98 35 17 91 52 37 86 75 96 15 95 56 1 0 0 71 81 46 83 57 6 41 72 54 66 68 45 7 0 32 10 17 79 72 65 0 16 26 19 17 0 37 0 5 56 42 14 8 5 98 9 77 0 98 0 0 15 40 0 0 80 74 70 12 87 55 61 75 60 50 28 0 26 81 
0 39 33 63 67 0 19 7 97 0 8 43 7 28 58 0 36 53 92 0 61 8 46 6 0 76 0 0 74 100 20 26 0 0 25 29 26 95 14 0 0 12 100 2 30 77 49 97 87 22 0 84 81 94 0 0 17 0 5 44 26 16 0 79 9 0 0 0 0 55 82 12 87 36 29 36 10 0 35 27 18 0 0 0 66 0 3 49 69 55 0 0 51 10 0 19 62 90 0 47 
0 88 84 81 64 4 11 37 64 3 37 0 29 38 0 48 92 62 73 47 62 96 88 39 20 42 92 87 16 29 0 22 46 33 0 79 85 67 9 14 0 0 15 12 0 42 0 54 26 16 99 22 83 0 0 36 57 93 56 27 88 26 79 0 96 0 11 18 51 32 64 97 94 29 94 75 27 87 13 69 53 52 37 66 0 0 66 35 38 85 24 0 3 0 71 0 36 0 84 92 
0 78 3 52 93 56 19 0 18 5 13 94 0 16 79 68 0 99 33 73 28 16 25 65 4 8 17 65 51 15 15 27 50 0 0 87 85 42 85 0 57 0 50 100 87 0 37 0 84 80 5 99 5 0 0 0 0 83 34 56 5 19 9 96 0 19 80 40 1 11 75 18 60 14 27 78 93 43 72 97 59 0 85 10 91 79 0 12 54 0 19 58 0 73 34 38 85 37 34 37 
40 15 0 71 98 58 39 25 40 27 87 0 50 72 45 77 95 33 44 3 100 81 0 35 91 42 0 41 28 0 88 24 0 74 16 71 0 0 24 2 21 0 77 0 0 8 48 79 12 29 60 0 9 96 36 0 60 39 94 0 76 17 0 0 19 0 2 0 16 67 8 36 97 53 53 38 0 90 2 98 0 0 77 20 57 84 80 63 73 36 71 0 67 70 29 61 87 87 0 2 
0 0 31 94 20 75 52 82 32 27 22 78 71 48 96 90 30 51 99 82 1 72 6 56 0 5 8 74 42 0 43 0 38 0 88 67 0 99 60 12 24 7 4 0 24 0 37 87 66 28 84 81 81 98 0 61 0 64 81 18 49 0 0 11 80 2 0 0 0 92 82 66 0 67 25 14 43 0 77 62 4 0 29 34 80 0 0 93 34 9 23 26 9 98 12 58 20 31 77 10 
0 48 25 1 88 0 64 78 62 52 89 13 56 0 26 24 68 52 90 65 88 91 0 25 40 55 89 51 45 9 65 93 81 45 37 70 52 100 85 49 72 98 0 5 47 12 91 11 37 87 82 43 20 64 34 0 0 8 51 72 43 37 0 18 40 0 0 0 93 0 0 93 11 2 9 57 65 77 23 1 17 41 52 0 10 61 21 0 63 58 29 34 81 62 21 51 3 0 76 0 
69 15 42 42 71 17 0 55 84 97 98 74 44 0 50 60 88 4 34 47 59 0 91 39 0 0 0 60 69 50 81 98 97 76 5 0 45 15 65 57 0 87 0 66 2 0 44 97 60 35 0 38 60 48 98 2 96 11 18 40 98 0 0 51 1 16 0 93 0 77 86 95 0 53 10 51 76 48 64 0 91 9 94 44 58 17 10 41 0 95 93 93 39 66 58 56 97 34 33 0 
22 21 12 80 0 41 88 29 26 0 70 84 38 59 9 29 11 22 41 59 39 12 75 0 88 13 0 35 68 0 92 52 84 40 18 80 24 77 77 0 64 54 93 0 7 0 89 61 71 96 34 71 66 15 43 49 7 87 0 33 18 5 55 32 11 67 92 0 77 0 79 100 35 55 89 22 53 78 27 9 86 1 21 0 67 70 14 33 94 6 78 34 71 61 21 41 13 87 71 0 
89 0 0 17 54 10 10 72 13 57 71 0 10 52 85 64 9 0 13 0 38 0 61 90 0 0 99 75 0 81 66 0 0 79 3 14 75 49 52 0 62 72 0 27 59 16 70 89 18 21 81 90 58 82 17 48 0 0 0 0 58 56 82 64 75 8 82 0 86 79 0 0 51 6 6 89 68 0 0 0 6 57 52 79 2 38 13 63 44 76 21 29 0 52 0 36 39 0 22 8 
69 35 21 16 8 50 0 90 24 0 80 6 86 70 16 14 15 59 33 78 0 3 61 89 46 24 74 60 63 51 37 7 21 66 0 5 84 76 76 93 87 41 24 50 35 85 86 5 2 75 0 54 25 99 100 77 8 19 0 88 100 42 12 97 18 36 66 93 95 100 0 0 48 65 12 36 27 11 12 73 35 77 0 14 54 46 16 63 95 70 85 78 0 95 62 38 97 4 27 65 
74 0 5 58 74 53 8 63 0 81 74 71 14 49 38 4 0 68 52 43 58 13 83 67 88 11 72 40 49 40 54 38 46 0 93 24 0 0 70 69 0 74 76 0 0 0 24 63 0 48 33 23 0 39 81 48 58 37 64 0 94 14 87 94 60 97 0 11 0 35 51 48 0 93 96 44 23 84 15 42 34 18 0 54 9 0 6 25 32 17 0 0 28 60 47 66 85 93 51 66 
0 35 95 97 1 5 90 96 89 72 30 35 23 56 86 0 33 11 81 42 13 38 0 75 66 8 18 44 54 90 72 27 94 13 10 53 68 17 87 8 21 89 62 72 91 8 0 98 0 24 68 91 12 90 0 0 40 76 77 2 57 8 36 29 14 53 67 2 53 55 6 65 93 0 47 37 77 47 98 75 1 82 60 27 42 69 51 50 94 28 45 62 50 48 24 46 48 0 0 1 
73 0 87 0 71 0 51 94 46 51 98 12 98 12 16 89 95 48 68 66 0 97 0 0 0 45 23 6 47 47 81 29 0 39 0 85 88 96 22 1 15 73 26 83 68 0 82 81 33 77 49 48 0 5 72 0 89 36 43 0 18 5 29 94 27 53 25 9 10 89 6 12 96 47 0 72 37 55 18 85 0 2 35 38 7 53 74 52 0 85 70 4 28 50 86 0 0 0 51 85 
37 46 0 12 68 0 77 55 29 86 49 49 65 2 33 16 95 76 55 49 39 89 0 6 27 0 33 66 14 24 73 7 61 6 17 89 32 4 87 46 50 19 81 98 3 56 41 96 0 100 14 33 59 36 45 37 0 4 86 51 20 98 36 75 78 38 14 57 51 22 89 36 44 37 72 0 89 0 78 33 69 78 77 85 0 70 94 32 21 0 22 82 42 74 64 78 86 23 94 32 
0 0 99 89 22 18 21 39 10 67 85 0 26 0 96 0 13 77 58 39 76 73 14 66 86 90 83 46 0 70 61 90 51 0 3 13 51 9 24 3 10 53 100 35 43 0 0 66 0 62 22 76 86 74 38 44 88 21 63 92 93 9 10 27 93 0 43 65 76 53 68 27 23 77 37 89 0 95 43 12 87 79 100 25 60 99 31 96 21 30 74 87 64 78 69 77 75 31 36 10 
60 50 10 30 79 0 66 41 80 81 18 0 95 0 33 78 85 47 27 62 6 10 97 11 0 80 84 92 81 95 16 82 97 26 4 8 71 38 25 18 32 13 0 0 29 52 59 47 9 31 57 67 85 0 44 23 73 0 61 27 37 77 0 87 43 90 0 77 48 78 0 11 84 47 55 0 95 0 0 86 5 85 90 47 33 0 25 0 0 80 100 50 0 32 78 59 99 39 95 19 
0 54 28 91 13 66 71 44 38 93 10 61 69 19 49 9 46 57 93 38 16 0 2 15 0 64 42 11 59 80 56 29 0 46 53 15 0 83 69 59 52 78 21 83 98 17 35 39 6 84 0 0 0 9 24 0 30 92 4 0 7 0 35 13 72 2 77 23 64 27 0 12 15 98 18 78 43 0 0 27 68 88 95 11 41 98 28 98 58 44 5 60 9 88 90 77 88 49 91 66 
92 48 97 31 23 56 0 48 37 22 55 0 0 37 59 13 78 94 50 16 34 9 61 0 9 45 58 30 47 28 77 76 92 75 0 9 62 21 83 46 25 77 57 55 0 89 0 77 8 27 69 72 42 61 66 91 90 100 92 98 73 98 27 69 97 98 62 1 0 9 0 73 42 75 85 33 12 86 27 0 61 58 64 4 0 58 19 76 85 0 88 96 19 67 0 63 0 48 77 46 
59 86 40 84 73 0 28 0 65 0 75 0 33 17 6 47 65 71 55 48 24 96 0 93 21 0 8 60 91 57 28 65 94 64 43 57 37 0 0 14 91 77 56 0 68 25 39 8 5 9 60 34 11 37 45 17 13 63 0 94 27 0 18 53 59 0 4 17 91 86 6 35 34 1 0 69 87 5 68 61 0 79 1 0 18 15 63 60 65 4 36 45 53 6 72 23 73 44 40 0 
34 87 74 97 2 10 85 84 29 28 46 41 33 5 64 57 63 0 61 0 50 85 98 68 57 82 22 94 62 38 56 59 23 46 39 0 53 39 38 98 0 66 60 54 70 68 83 44 90 97 96 100 0 60 80 91 27 0 0 99 23 0 0 52 0 0 0 41 9 1 57 77 18 82 2 78 79 85 88 58 79 0 6 46 8 0 96 46 60 86 98 57 0 51 3 90 52 11 14 27 
25 20 85 0 62 62 0 68 56 42 1 88 9 81 10 37 6 59 0 77 96 87 0 17 4 25 52 51 3 19 42 51 73 0 14 14 49 100 32 89 37 93 18 80 62 59 46 90 92 97 38 33 38 53 21 82 23 2 83 89 26 15 0 37 85 77 29 52 94 21 52 0 0 60 35 77 100 90 95 64 1 6 0 0 80 8 98 12 65 68 4 6 0 14 18 25 62 0 76 85 
87 60 87 47 89 69 74 37 58 0 58 0 13 54 24 73 27 92 80 36 77 60 80 33 1 0 59 54 13 0 10 26 97 0 69 43 22 58 68 35 0 0 0 22 4 60 10 95 0 0 98 0 0 30 90 75 96 63 17 0 0 40 0 66 10 20 34 0 44 0 79 14 54 27 38 85 25 47 11 4 0 46 0 0 31 45 14 36 19 14 34 71 68 1 90 6 93 35 59 2 
84 0 14 22 26 69 0 91 49 17 10 36 18 98 61 63 3 0 67 58 93 81 78 0 82 50 73 46 46 96 35 69 18 97 81 89 0 76 63 0 34 84 70 0 0 61 66 81 78 22 91 68 54 65 0 1 48 54 0 6 72 0 66 0 91 57 80 10 58 67 2 54 9 42 7 0 60 33 41 0 18 8 80 31 0 0 92 7 37 0 71 29 22 71 4 89 46 61 26 78 
73 0 0 74 0 79 64 87 68 93 63 35 38 57 70 65 99 27 0 0 42 9 65 80 37 6 42 38 47 75 55 0 6 0 97 3 76 24 0 82 82 1 19 96 94 0 81 93 40 31 0 0 0 97 20 67 18 99 77 51 0 0 0 0 79 84 0 61 17 70 38 46 0 69 53 70 99 0 98 58 15 0 8 45 0 0 8 0 0 0 1 0 80 25 87 51 21 0 73 86 
13 83 5 48 99 31 71 0 8 0 47 0 92 31 67 66 98 98 0 3 85 0 31 58 91 16 59 39 89 72 29 3 0 0 42 88 34 58 0 14 0 0 0 18 72 11 15 96 43 23 23 55 0 92 92 40 99 0 0 44 55 80 3 66 0 80 0 21 10 14 13 16 6 51 74 94 31 25 28 19 63 96 98 14 92 8 0 6 52 0 30 24 96 78 0 97 21 7 30 59 
70 79 36 0 0 96 28 78 51 15 0 29 0 36 0 86 3 0 0 43 0 52 0 32 63 90 0 0 36 12 60 17 41 55 67 0 69 92 0 24 67 37 0 24 50 9 97 28 70 100 59 70 46 0 0 7 34 0 7 47 35 74 49 35 12 63 93 0 41 33 63 63 25 50 52 32 96 0 98 76 60 46 12 36 7 0 6 0 99 18 30 70 0 0 54 70 60 13 0 60 
5 55 0 0 92 10 42 10 29 10 95 89 0 65 91 71 86 89 0 83 88 0 64 91 4 17 74 0 97 100 9 0 4 78 42 82 0 87 0 0 10 0 0 26 0 0 0 0 63 72 63 64 0 40 18 0 36 0 35 94 0 70 69 38 54 73 34 63 0 94 44 95 32 94 0 21 21 0 58 85 65 60 65 19 37 0 52 99 0 99 51 1 98 51 1 24 77 0 0 40 
67 68 53 44 1 75 0 89 61 87 31 38 13 25 89 0 22 0 36 81 68 10 76 0 0 66 99 48 67 68 0 0 0 51 23 75 23 95 75 0 27 98 14 89 79 54 51 67 51 17 22 70 31 60 12 54 61 23 0 0 0 12 55 85 0 36 9 58 95 6 76 70 17 28 85 0 30 80 44 0 4 86 68 14 0 0 0 18 99 0 8 88 0 6 88 88 3 0 0 49 
0 81 63 38 49 37 41 34 27 0 0 0 0 30 0 88 34 0 40 71 15 39 90 42 31 36 91 77 79 46 44 11 76 40 52 35 60 22 0 99 0 40 0 5 36 5 18 91 7 24 85 0 0 7 69 30 19 0 64 63 57 87 0 24 19 71 23 29 93 78 21 85 0 45 70 22 74 100 5 88 36 98 4 34 71 1 30 30 51 8 0 0 36 28 0 80 89 33 55 43 
7 18 0 25 23 97 0 70 95 84 0 26 0 90 0 82 63 24 76 94 6 0 0 14 0 23 5 74 0 72 0 8 36 82 73 99 14 54 70 54 0 0 57 71 0 90 21 0 0 5 82 20 25 100 1 0 38 23 18 61 7 55 0 0 58 0 26 34 93 34 29 78 0 62 4 82 87 50 60 96 45 57 6 71 29 0 24 70 1 88 0 0 96 45 0 84 64 57 0 0 
18 73 34 38 0 18 29 17 1 0 75 0 10 0 22 61 2 44 0 0 52 19 78 18 91 83 8 39 79 96 26 42 0 38 55 70 58 24 99 0 34 5 74 62 52 4 30 22 0 2 54 0 0 47 86 0 41 53 93 98 85 61 51 3 0 67 9 81 39 71 0 0 28 50 28 42 64 0 9 19 53 0 0 68 22 80 96 0 98 0 36 96 0 0 34 22 0 56 50 67 
78 31 15 91 59 94 62 99 79 1 94 13 0 52 26 93 0 58 11 0 100 0 27 90 99 0 79 25 66 74 44 39 74 31 15 0 100 88 49 0 53 65 43 66 72 59 81 78 49 0 61 17 0 35 50 17 25 99 62 76 96 75 10 0 73 70 98 62 66 61 52 95 60 48 50 74 78 32 88 67 6 51 14 1 71 25 78 0 51 6 28 45 0 0 26 77 85 61 45 61 
42 19 71 39 67 19 58 41 77 19 57 15 36 2 60 25 0 85 15 33 76 100 13 83 68 90 56 66 0 9 8 89 91 75 94 19 52 37 14 87 83 42 54 71 50 64 28 19 0 67 70 2 47 79 22 28 28 42 58 25 87 60 0 71 34 29 12 21 58 21 0 62 47 24 86 64 69 78 90 0 72 3 18 90 4 87 0 54 1 88 0 0 34 26 0 35 3 3 62 54 
37 72 98 81 73 87 51 62 42 25 48 76 19 20 20 87 47 70 0 55 88 0 0 0 63 69 50 87 81 59 32 0 33 15 47 48 97 31 10 61 24 78 10 100 46 9 54 17 0 0 76 60 16 40 0 29 34 50 0 14 37 50 19 0 38 61 58 51 56 41 36 38 66 46 0 78 77 59 77 63 23 90 25 6 89 51 97 70 24 88 80 84 22 77 35 0 25 17 58 18 
3 61 50 87 95 56 71 5 26 17 0 97 26 31 8 0 31 98 7 1 52 47 97 73 63 0 49 42 0 95 0 9 74 0 6 97 4 43 30 39 20 80 25 1 85 64 41 30 30 97 11 2 53 18 8 42 54 0 45 75 0 28 62 36 85 87 20 3 97 13 39 97 85 48 0 86 75 99 88 0 73 52 62 93 46 21 21 60 77 3 89 64 0 85 3 25 0 56 0 21 
18 85 79 76 1 77 0 24 7 87 24 72 67 0 36 0 33 92 7 18 0 64 0 44 0 94 71 78 5 85 41 0 84 78 79 37 74 77 42 32 0 77 51 52 61 0 29 62 0 98 18 0 0 65 50 0 30 95 72 0 0 0 90 0 37 87 31 0 34 87 0 4 93 0 0 23 31 39 49 48 44 11 0 35 61 0 7 13 0 0 33 57 56 61 3 17 56 0 6 0 
78 0 87 10 17 62 33 61 9 0 66 61 0 0 97 75 62 0 74 0 6 73 30 83 23 23 55 79 23 9 36 99 54 35 94 0 45 54 98 75 98 95 91 13 5 54 39 0 53 84 0 97 28 100 87 80 2 0 19 51 96 26 0 84 34 0 77 76 33 71 22 27 51 0 51 94 36 95 91 77 40 14 76 59 26 73 30 0 0 0 55 0 50 45 62 58 0 6 0 0 
86 63 0 49 0 83 88 52 0 48 77 46 0 0 87 0 58 0 86 53 0 27 0 21 76 99 45 0 45 62 0 27 0 31 82 37 0 45 0 72 0 66 81 0 67 0 53 0 57 65 88 0 52 0 27 73 70 60 28 51 0 81 47 92 37 2 10 0 0 0 8 65 66 1 85 32 10 19 66 46 0 27 85 2 78 86 59 60 40 49 43 0 67 61 54 18 21 0 0 0 
