0 35 57 13 58 43 0 0 35 0 1 63 0 0 0 0 0 0 0 86 82 3 0 30 0 92 37 46 59 0 0 0 79 0 0 97 16 0 10 91 0 53 0 0 49 65 32 37 28 0 0 0 92 22 8 5 0 0 0 0 0 0 0 0 0 0 23 0 84 37 77 44 0 0 0 34 49 0 86 0 65 0 17 0 0 89 0 28 62 0 14 0 87 0 0 14 82 0 0 25 
35 0 61 30 0 0 0 48 0 9 0 0 0 9 71 82 0 0 0 0 89 47 0 0 0 0 0 97 86 0 0 0 30 38 0 0 57 0 89 0 0 0 0 52 88 3 0 54 47 0 71 0 0 0 0 0 41 0 82 0 0 12 92 0 33 8 100 39 32 43 0 0 0 0 63 0 5 0 8 17 18 0 48 0 0 0 0 0 91 21 0 40 35 0 0 0 56 0 27 0 
57 61 0 59 99 0 82 0 71 0 15 0 4 59 0 0 75 0 0 0 0 4 0 86 9 0 0 0 21 81 0 0 0 18 0 93 0 0 36 70 0 0 18 0 95 20 23 83 52 24 0 54 58 0 83 11 0 0 87 0 0 0 0 51 95 73 0 17 0 40 0 30 0 33 0 0 24 0 0 21 57 6 41 0 40 64 0 92 39 0 0 0 0 0 0 0 4 9 0 89 
13 30 59 0 55 0 7 0 0 70 0 25 0 0 11 0 67 0 0 100 0 0 0 0 0 0 78 59 0 0 51 18 0 0 41 30 0 79 0 0 0 20 0 0 11 0 21 41 0 0 0 87 0 72 77 23 98 87 44 42 0 0 89 0 18 22 0 0 0 0 0 81 57 0 0 90 0 0 31 0 48 0 0 94 0 0 0 85 0 89 90 0 0 0 5 0 28 0 10 23 
58 0 99 55 0 0 0 0 0 93 0 18 83 0 0 0 0 0 0 63 0 66 0 0 80 0 47 0 16 0 0 73 0 0 0 0 0 0 0 39 0 0 0 0 85 0 93 76 19 31 0 77 58 0 61 0 49 88 18 29 21 17 0 17 22 22 9 32 31 89 0 47 77 0 16 39 0 98 57 27 30 91 0 20 87 0 87 91 0 0 0 0 0 0 88 62 0 0 15 0 
43 0 0 0 0 0 0 0 95 71 35 0 0 0 58 76 0 83 0 0 21 56 0 72 0 88 21 0 0 0 39 71 0 0 33 0 0 81 82 76 16 93 4 0 0 0 0 0 0 0 2 0 0 0 0 61 0 0 0 0 48 0 68 77 43 0 0 0 0 0 0 0 0 0 0 0 92 42 0 0 0 30 19 0 42 31 52 6 71 0 0 0 0 0 0 0 0 0 0 0 
0 0 82 7 0 0 0 0 0 0 0 0 0 0 0 0 0 68 33 0 0 0 0 35 69 0 0 9 0 0 28 0 14 20 62 76 0 0 10 23 19 0 0 0 1 0 0 0 0 0 0 0 39 28 10 0 88 0 19 46 0 48 0 0 8 0 0 73 60 0 0 0 0 24 0 97 0 12 0 9 33 0 42 0 0 0 0 78 33 33 0 98 92 0 91 100 0 0 26 0 
0 48 0 0 0 0 0 0 6 0 18 0 0 0 0 18 0 0 0 4 100 0 0 0 39 0 12 0 0 0 0 7 0 0 0 0 46 0 91 5 89 0 96 100 0 0 0 24 68 0 0 0 0 0 0 0 0 0 62 11 0 98 92 0 63 85 0 0 15 0 0 0 0 82 0 43 0 0 98 33 0 0 53 0 79 0 0 35 0 0 35 0 28 0 0 0 13 55 0 0 
35 0 71 0 0 95 0 6 0 0 0 0 81 31 25 83 68 74 0 0 0 80 0 0 31 0 43 79 33 0 0 0 0 10 0 0 0 6 72 29 68 0 0 59 0 0 0 0 72 0 0 7 19 91 0 16 0 11 54 8 73 45 0 50 0 0 0 0 0 45 0 0 66 77 44 18 48 0 0 59 0 85 96 28 0 0 37 40 84 56 0 71 61 0 25 0 0 0 63 0 
0 9 0 70 93 71 0 0 0 0 0 0 37 0 100 0 0 17 6 0 83 12 0 41 0 0 0 0 0 0 10 74 8 54 0 65 0 0 42 91 60 72 0 82 13 97 0 0 0 0 4 93 0 90 30 43 44 65 7 14 41 82 0 25 0 29 0 0 90 30 58 0 0 77 93 35 0 0 0 0 0 0 52 49 0 0 66 0 0 0 84 0 0 0 0 35 0 0 0 91 
1 0 15 0 0 35 0 18 0 0 0 24 72 0 0 63 49 0 0 43 0 40 72 75 0 0 82 89 0 0 32 89 32 0 72 36 0 0 1 50 25 0 79 0 92 0 0 0 12 17 0 0 26 0 0 0 20 0 80 16 0 0 0 50 92 52 89 0 12 28 71 55 77 0 0 40 0 0 87 0 0 28 0 20 85 0 48 0 0 1 0 0 39 94 33 0 0 0 0 59 
63 0 0 25 18 0 0 0 0 0 24 0 42 0 14 73 0 72 6 19 70 0 4 0 86 19 52 58 78 2 36 27 0 54 0 0 0 57 0 0 88 3 42 0 92 16 93 86 0 28 0 92 0 0 0 0 40 69 0 0 96 0 70 0 98 37 0 0 0 0 0 35 14 78 1 0 0 0 0 70 0 71 0 0 0 0 27 87 5 11 0 0 65 2 0 7 0 0 0 0 
0 0 4 0 83 0 0 0 81 37 72 42 0 42 0 51 0 27 0 65 29 30 0 0 0 0 75 0 0 0 0 0 45 0 0 32 0 0 76 72 87 0 67 0 0 0 56 69 22 0 0 0 0 20 0 0 0 37 100 0 12 20 0 72 98 0 0 0 0 0 84 70 0 0 0 94 30 0 0 0 0 0 0 92 0 88 73 0 0 83 57 0 0 0 34 0 37 59 0 45 
0 9 59 0 0 0 0 0 31 0 0 0 42 0 0 0 0 48 0 20 66 0 0 0 0 78 21 0 0 2 43 96 0 76 56 0 31 30 0 0 75 55 30 10 41 69 0 0 8 0 84 0 0 0 55 0 0 0 0 0 19 0 1 0 0 34 0 0 0 0 0 0 0 0 0 0 70 0 0 0 83 87 0 0 0 91 0 0 49 0 28 88 0 81 0 65 9 83 53 0 
0 71 0 11 0 58 0 0 25 100 0 14 0 0 0 0 15 64 41 61 0 0 0 0 0 0 42 77 18 0 90 0 0 68 70 0 0 0 69 13 82 94 22 52 0 0 0 38 0 0 67 8 38 0 21 13 0 0 0 0 23 15 0 0 0 53 92 79 0 22 67 10 23 0 0 0 0 0 84 22 0 43 46 0 0 7 77 29 0 42 0 66 42 0 0 48 42 0 66 0 
0 82 0 0 0 76 0 18 83 0 63 73 51 0 0 0 17 5 21 7 64 0 6 0 0 79 0 0 0 44 44 94 0 40 31 87 0 90 0 0 0 14 0 0 0 36 0 0 0 0 0 16 48 0 0 0 0 0 0 5 46 43 0 25 0 0 0 48 0 0 7 99 45 73 0 0 0 0 0 0 44 37 36 75 50 28 0 12 82 0 0 0 30 0 9 60 66 1 0 0 
0 0 75 67 0 0 0 0 68 0 49 0 0 0 15 17 0 0 47 0 29 0 0 11 100 61 0 53 100 0 0 0 14 0 0 79 0 0 0 0 77 45 80 0 0 99 49 0 0 0 25 0 0 0 0 40 0 30 0 10 40 0 16 0 37 26 46 0 87 81 61 0 6 0 0 0 73 0 0 94 0 47 0 72 47 0 88 0 0 83 74 0 4 0 70 48 44 0 52 0 
0 0 0 0 0 83 68 0 74 17 0 72 27 48 64 5 0 0 0 20 41 91 99 53 57 0 0 42 0 0 65 0 0 0 0 82 46 83 15 0 0 0 63 30 0 42 0 0 99 80 0 0 66 71 99 19 24 76 30 2 0 18 66 0 0 37 27 42 89 85 0 0 0 0 0 0 47 0 0 0 97 80 0 0 77 0 0 41 0 50 0 0 0 0 0 0 0 24 53 84 
0 0 0 0 0 0 33 0 0 6 0 6 0 0 41 21 47 0 0 0 81 0 0 0 0 34 8 48 0 71 35 0 0 0 0 68 0 0 29 0 83 12 37 36 0 97 0 0 0 96 96 0 47 0 0 87 0 0 99 0 0 0 15 0 0 0 0 79 0 75 0 26 0 0 0 78 93 70 0 0 20 0 0 0 89 59 12 0 66 49 36 0 0 15 0 53 0 31 76 38 
86 0 0 100 63 0 0 4 0 0 43 19 65 20 61 7 0 20 0 0 0 33 0 0 0 91 0 0 10 9 53 0 0 0 7 56 0 0 50 62 0 0 21 0 0 57 0 81 54 0 0 14 0 65 1 49 51 24 42 66 0 3 21 0 38 0 0 0 0 0 100 0 85 0 43 0 0 0 0 39 0 83 11 97 0 87 0 59 0 0 33 0 1 18 0 0 0 82 55 51 
82 89 0 0 0 21 0 100 0 83 0 70 29 66 0 64 29 41 81 0 0 0 0 72 0 0 0 0 0 28 0 0 0 0 0 18 0 81 0 0 0 67 0 56 0 0 87 47 0 81 0 0 0 0 0 0 0 0 70 0 0 38 1 0 0 76 91 0 0 0 56 0 53 0 0 0 0 94 0 91 38 53 14 20 0 0 94 70 0 0 0 0 31 1 82 21 0 0 2 0 
3 47 4 0 66 56 0 0 80 12 40 0 30 0 0 0 0 91 0 33 0 0 24 98 84 0 92 16 84 0 0 99 0 0 0 0 3 89 0 0 0 0 0 0 0 0 11 0 0 0 60 0 80 9 17 0 0 0 0 39 0 0 0 0 71 0 35 0 0 23 57 0 0 25 0 0 65 0 0 9 34 0 87 34 0 7 65 26 66 0 0 75 37 76 0 63 0 15 0 0 
0 0 0 0 0 0 0 0 0 0 72 4 0 0 0 6 0 99 0 0 0 24 0 0 13 19 0 0 41 0 0 0 0 56 44 6 21 73 0 93 0 100 39 0 0 0 13 0 0 11 0 38 0 0 0 0 0 8 0 42 0 91 78 19 86 10 61 0 0 39 0 0 12 0 0 0 0 0 0 0 15 58 49 0 0 79 47 0 89 0 0 0 0 0 33 58 0 0 0 53 
30 0 86 0 0 72 35 0 0 41 75 0 0 0 0 0 11 53 0 0 72 98 0 0 0 0 0 0 0 0 0 50 0 10 0 7 0 0 91 0 0 0 0 32 0 0 55 89 0 30 0 0 25 0 0 46 0 0 0 84 45 31 64 0 0 99 0 29 73 0 0 0 0 0 93 49 0 0 0 57 0 0 69 0 0 0 32 0 83 0 88 47 98 76 0 77 93 77 0 8 
0 0 9 0 80 0 69 39 31 0 0 86 0 0 0 0 100 57 0 0 0 84 13 0 0 0 0 69 0 4 96 0 86 78 48 0 0 42 99 0 0 0 29 0 90 0 0 0 74 0 0 39 99 0 38 9 0 0 0 0 100 0 46 71 12 0 79 43 22 54 57 0 0 69 39 55 46 3 0 0 14 0 1 0 0 90 0 0 0 0 0 0 0 73 63 98 71 0 0 79 
92 0 0 0 0 88 0 0 0 0 0 19 0 78 0 79 61 0 34 91 0 0 19 0 0 0 51 0 39 0 92 0 39 20 0 0 0 0 48 0 0 0 0 0 0 29 0 38 78 0 0 73 24 0 26 0 40 32 0 0 80 24 0 94 60 0 0 0 0 84 0 0 62 21 0 0 42 0 70 0 73 78 0 0 85 47 0 32 18 0 41 0 1 0 0 42 90 53 0 9 
37 0 0 78 47 21 0 12 43 0 82 52 75 21 42 0 0 0 8 0 0 92 0 0 0 51 0 17 95 47 88 0 0 35 0 31 6 0 96 0 0 0 0 0 5 40 36 100 0 40 68 0 0 82 4 0 0 0 0 0 0 0 45 75 35 39 0 0 0 40 45 6 0 25 0 0 61 62 0 34 0 0 0 9 23 61 35 34 0 0 0 6 31 79 0 0 0 0 0 81 
46 97 0 59 0 0 9 0 79 0 89 58 0 0 77 0 53 42 48 0 0 16 0 0 69 0 17 0 0 0 63 33 30 90 0 41 0 13 36 52 13 0 62 14 98 20 0 0 0 79 0 2 25 0 0 45 20 0 0 0 0 0 13 5 93 33 25 0 0 0 0 0 0 11 0 0 0 82 72 0 0 55 47 0 0 55 6 38 92 11 0 42 0 5 0 0 0 0 0 0 
59 86 21 0 16 0 0 0 33 0 0 78 0 0 18 0 100 0 0 10 0 84 41 0 0 39 95 0 0 25 58 0 0 0 0 0 93 0 98 47 78 4 0 0 1 7 0 0 0 0 0 0 35 71 47 38 70 0 0 0 80 0 2 0 0 0 0 0 43 0 0 40 39 72 0 0 0 0 0 92 0 0 0 0 0 0 0 41 0 0 0 23 0 44 19 34 0 0 0 0 
0 0 81 0 0 0 0 0 0 0 0 2 0 2 0 44 0 0 71 9 28 0 0 0 4 0 47 0 25 0 0 69 17 0 0 0 22 0 87 31 42 10 4 0 0 0 18 0 72 48 73 73 53 46 17 20 95 67 0 0 34 0 70 0 88 0 29 93 0 4 3 1 32 0 0 65 42 53 0 0 73 0 0 0 0 26 64 0 0 70 11 0 0 0 93 20 0 92 20 0 
0 0 0 51 0 39 28 0 0 10 32 36 0 43 90 44 0 65 35 53 0 0 0 0 96 92 88 63 58 0 0 0 53 0 62 0 0 0 0 0 66 37 0 29 0 16 67 8 17 0 0 14 98 0 0 0 0 0 0 0 0 78 0 40 76 25 20 0 65 0 42 58 0 59 0 19 0 0 43 58 61 46 49 0 1 0 0 0 90 0 65 0 0 85 90 0 0 0 63 8 
0 0 0 18 73 71 0 7 0 74 89 27 0 96 0 94 0 0 0 0 0 99 0 50 0 0 0 33 0 69 0 0 93 0 0 75 0 0 0 0 84 0 0 68 0 7 0 54 0 0 39 0 0 0 0 0 32 0 0 0 0 0 0 0 22 0 6 0 0 56 0 0 0 14 59 0 73 0 86 0 0 0 21 0 0 0 53 0 0 0 55 27 0 0 55 69 38 47 0 0 
79 30 0 0 0 0 14 0 0 8 32 0 45 0 0 0 14 0 0 0 0 0 0 0 86 39 0 30 0 17 53 93 0 67 0 86 0 12 0 62 0 86 0 0 0 76 80 13 49 0 51 0 4 0 47 0 47 0 62 42 2 0 0 15 0 0 0 49 12 0 54 0 0 0 56 34 0 0 73 97 0 71 0 15 79 0 0 0 0 0 0 0 0 0 30 52 0 67 0 0 
0 38 18 0 0 0 20 0 10 54 0 54 0 76 68 40 0 0 0 0 0 0 56 10 78 20 35 90 0 0 0 0 67 0 81 0 0 0 0 0 0 0 94 49 76 38 20 87 0 6 34 68 61 0 46 25 32 0 0 0 31 0 0 0 66 37 82 80 0 87 0 0 0 0 0 45 0 0 0 0 0 0 65 0 0 18 42 14 81 0 0 0 2 0 34 60 0 50 0 34 
0 0 0 41 0 33 62 0 0 0 72 0 0 56 70 31 0 0 0 7 0 0 44 0 48 0 0 0 0 0 62 0 0 81 0 0 15 91 0 66 98 70 0 0 0 0 50 8 74 57 67 0 45 0 0 0 0 0 0 0 75 0 53 0 96 0 0 0 41 0 0 99 0 0 72 0 2 0 82 9 0 0 0 39 0 94 0 60 19 0 0 45 93 18 9 64 0 0 0 48 
97 0 93 30 0 0 76 0 0 65 36 0 32 0 0 87 79 82 68 56 18 0 6 7 0 0 31 41 0 0 0 75 86 0 0 0 0 0 97 86 0 68 78 0 0 57 0 70 0 79 0 27 0 22 95 0 68 0 13 77 0 26 16 0 0 75 0 88 0 74 56 0 0 0 53 33 24 0 41 0 0 0 0 0 0 71 0 0 0 5 0 0 56 0 44 79 29 0 69 0 
16 57 0 0 0 0 0 46 0 0 0 0 0 31 0 0 0 46 0 0 0 3 21 0 0 0 6 0 93 22 0 0 0 0 15 0 0 47 0 86 0 0 80 0 18 35 98 0 33 0 0 99 0 36 0 0 0 21 68 0 10 0 0 0 0 60 0 9 0 9 0 0 0 0 0 92 73 0 0 0 0 0 0 0 0 0 0 0 0 0 0 13 0 0 0 0 0 0 0 43 
0 0 0 79 0 81 0 0 6 0 0 57 0 30 0 90 0 83 0 0 81 89 73 0 42 0 0 13 0 0 0 0 12 0 91 0 47 0 0 75 0 0 0 100 84 31 3 0 100 18 0 0 36 0 11 0 0 0 0 9 48 0 0 0 49 3 0 0 79 62 87 0 23 97 100 0 44 0 8 0 59 66 0 0 0 45 24 0 0 20 0 0 0 0 23 56 6 66 0 51 
10 89 36 0 0 82 10 91 72 42 1 0 76 0 69 0 0 15 29 50 0 0 0 91 99 48 96 36 98 87 0 0 0 0 0 97 0 0 0 0 46 0 68 0 0 19 44 0 33 0 3 82 40 0 0 0 0 90 27 0 0 58 0 0 29 0 50 0 67 0 82 0 0 0 0 0 3 39 0 0 0 69 41 0 0 13 46 93 0 67 0 29 49 14 0 73 28 0 0 0 
91 0 70 0 39 76 23 5 29 91 50 0 72 0 13 0 0 0 0 62 0 0 93 0 0 0 0 52 47 31 0 0 62 0 66 86 86 75 0 0 4 4 60 0 0 0 0 0 0 4 89 0 45 16 69 44 2 88 66 100 20 90 0 0 0 6 42 0 2 57 0 0 0 0 13 0 35 0 7 0 0 64 0 0 24 0 43 0 0 0 0 88 0 58 0 0 55 0 0 0 
0 0 0 0 0 16 19 89 68 60 25 88 87 75 82 0 77 0 83 0 0 0 0 0 0 0 0 13 78 42 66 84 0 0 98 0 0 0 46 4 0 0 36 0 0 36 32 0 38 0 0 0 0 0 43 70 44 0 0 96 0 88 3 27 0 25 68 0 0 0 0 0 0 0 0 43 16 0 9 34 61 45 0 41 8 0 0 92 0 92 50 0 0 5 0 0 0 81 0 88 
53 0 0 20 0 93 0 0 0 72 0 3 0 55 94 14 45 0 12 0 67 0 100 0 0 0 0 0 4 10 37 0 86 0 70 68 0 0 0 4 0 0 32 50 0 4 0 0 88 0 0 4 0 0 10 31 21 42 87 0 56 0 44 0 50 86 21 48 0 0 29 0 0 0 85 0 0 0 86 52 0 98 40 44 0 0 29 26 0 0 0 48 16 77 83 0 0 66 0 0 
0 0 18 0 0 4 0 96 0 0 79 42 67 30 22 0 80 63 37 21 0 0 39 0 29 0 0 62 0 4 0 0 0 94 0 78 80 0 68 60 36 32 0 40 17 0 0 0 0 0 0 0 0 20 40 66 50 94 51 0 0 0 0 19 0 0 86 0 5 99 0 0 4 13 0 0 77 25 29 34 18 97 0 98 0 3 44 85 0 69 0 0 0 0 0 0 7 0 84 0 
0 52 0 0 0 0 0 100 59 82 0 0 0 10 52 0 0 30 36 0 56 0 0 32 0 0 0 14 0 0 29 68 0 49 0 0 0 100 0 0 0 50 40 0 0 0 0 0 75 0 0 0 37 0 44 67 87 67 61 0 69 0 33 0 0 0 0 2 18 0 0 0 11 0 0 0 0 0 0 5 0 9 89 0 0 25 0 0 68 71 0 53 0 19 0 0 88 0 46 0 
49 88 95 11 85 0 1 0 0 13 92 92 0 41 0 0 0 0 0 0 0 0 0 0 90 0 5 98 1 0 0 0 0 76 0 0 18 84 0 0 0 0 17 0 0 97 0 0 27 0 0 14 0 0 84 16 72 20 0 0 37 13 0 14 53 0 0 0 0 76 0 0 13 12 0 4 0 49 0 0 0 0 0 0 0 46 0 0 25 0 98 54 30 0 81 20 0 15 100 23 
65 3 20 0 0 0 0 0 0 97 0 16 0 69 0 36 99 42 97 57 0 0 0 0 0 29 40 20 7 0 16 7 76 38 0 57 35 31 19 0 36 4 0 0 97 0 85 0 0 0 88 0 0 55 82 0 0 2 31 0 0 0 0 76 22 0 0 83 0 72 0 0 40 0 0 0 11 29 58 0 0 0 0 33 12 0 0 0 58 0 0 78 15 0 34 0 0 12 0 0 
32 0 23 21 93 0 0 0 0 0 0 93 56 0 0 0 49 0 0 0 87 11 13 55 0 0 36 0 0 18 67 0 80 20 50 0 98 3 44 0 32 0 0 0 0 85 0 0 0 0 0 17 0 3 71 7 0 63 72 0 0 70 0 0 44 43 0 0 0 40 0 4 0 30 33 93 12 0 0 20 0 0 0 62 0 0 83 15 98 99 16 24 29 0 0 0 67 47 76 0 
37 54 83 41 76 0 0 24 0 0 0 86 69 0 38 0 0 0 0 81 47 0 0 89 0 38 100 0 0 0 8 54 13 87 8 70 0 0 0 0 0 0 0 0 0 0 0 0 0 0 82 28 0 0 0 0 6 0 99 0 0 0 43 0 0 0 14 0 0 96 63 72 0 100 0 0 0 76 0 0 0 58 77 66 19 0 53 0 88 100 91 0 0 74 0 0 56 15 0 0 
28 47 52 0 19 0 0 68 72 0 12 0 22 8 0 0 0 99 0 54 0 0 0 0 74 78 0 0 0 72 17 0 49 0 74 0 33 100 33 0 38 88 0 75 27 0 0 0 0 0 0 0 35 58 0 0 0 0 89 62 38 0 0 51 57 0 10 71 65 0 0 0 76 0 0 52 10 15 91 0 0 81 0 88 13 0 0 0 76 44 0 81 30 2 33 60 60 0 0 0 
0 0 24 0 31 0 0 0 0 0 17 28 0 0 0 0 0 80 96 0 81 0 11 30 0 0 40 79 0 48 0 0 0 6 57 79 0 18 0 4 0 0 0 0 0 0 0 0 0 0 0 0 31 0 0 0 0 37 3 79 32 0 0 8 14 63 25 0 10 43 77 0 0 0 50 65 0 38 49 50 0 99 0 0 0 99 0 0 0 70 0 0 0 0 83 0 47 0 0 0 
0 71 0 0 0 2 0 0 0 4 0 0 0 84 67 0 25 0 96 0 0 60 0 0 0 0 68 0 0 73 0 39 51 34 67 0 0 0 3 89 0 0 0 0 0 88 0 82 0 0 0 59 57 99 0 38 0 0 34 0 0 25 0 0 0 90 0 0 30 41 72 16 80 0 10 0 0 0 55 0 0 5 96 0 0 63 0 0 0 36 0 0 0 0 0 0 0 0 74 54 
0 0 54 87 77 0 0 0 7 93 0 92 0 0 8 16 0 0 0 14 0 0 38 0 39 73 0 2 0 73 14 0 0 68 0 27 99 0 82 0 0 4 0 0 14 0 17 28 0 0 59 0 0 0 61 83 0 22 0 69 43 0 33 5 25 11 0 0 84 0 80 0 0 2 0 0 51 0 0 0 0 0 0 0 0 29 0 0 63 0 26 0 0 89 6 0 77 20 34 73 
92 0 58 0 58 0 39 0 19 0 26 0 0 0 38 48 0 66 47 0 0 80 0 25 99 24 0 25 35 53 98 0 4 61 45 0 0 36 40 45 0 0 0 37 0 0 0 0 35 31 57 0 0 0 0 64 0 93 0 0 0 0 70 0 0 0 0 18 0 0 83 0 47 0 0 0 0 0 7 42 94 76 0 0 83 56 22 69 0 43 68 0 0 90 8 0 42 87 38 86 
22 0 0 72 0 0 28 0 91 90 0 0 20 0 0 0 0 71 0 65 0 9 0 0 0 0 82 0 71 46 0 0 0 0 0 22 36 0 0 16 0 0 20 0 0 55 3 0 58 0 99 0 0 0 0 66 36 0 72 0 0 88 0 62 86 0 39 0 0 0 97 72 0 0 0 60 0 0 0 0 41 0 0 0 46 0 0 55 0 0 0 17 0 81 11 1 86 0 0 75 
8 0 83 77 61 0 10 0 0 30 0 0 0 55 21 0 0 99 0 1 0 17 0 0 38 26 4 0 47 17 0 0 47 46 0 95 0 11 0 69 43 10 40 44 84 82 71 0 0 0 0 61 0 0 0 66 0 0 0 0 0 0 0 0 0 0 0 33 55 20 0 72 0 0 0 0 0 0 91 97 0 16 0 92 0 0 0 0 89 79 0 49 12 0 0 56 0 0 54 0 
5 0 11 23 0 61 0 0 16 43 0 0 0 0 13 0 40 19 87 49 0 0 0 46 9 0 0 45 38 20 0 0 0 25 0 0 0 0 0 44 70 31 66 67 16 0 7 0 0 0 38 83 64 66 66 0 0 20 58 0 68 0 63 0 0 0 53 81 30 40 0 60 0 27 0 46 0 0 0 0 7 50 0 40 85 0 0 72 0 36 0 24 13 0 0 0 0 0 45 0 
0 41 0 98 49 0 88 0 0 44 20 40 0 0 0 0 0 24 0 51 0 0 0 0 0 40 0 20 70 95 0 32 47 32 0 68 0 0 0 2 44 21 50 87 72 0 0 6 0 0 0 0 0 36 0 0 0 0 0 0 0 84 86 0 0 0 19 0 0 95 31 79 0 0 0 65 36 12 0 54 0 87 13 3 0 0 17 0 0 0 0 81 0 75 0 0 0 0 0 0 
0 0 0 87 88 0 0 0 11 65 0 69 37 0 0 0 30 76 0 24 0 0 8 0 0 32 0 0 0 67 0 0 0 0 0 0 21 0 90 88 0 42 94 67 20 2 63 0 0 37 0 22 93 0 0 20 0 0 34 0 0 95 67 53 72 17 0 11 0 0 47 29 68 0 0 0 0 68 62 59 0 0 85 17 35 99 15 0 0 0 0 0 20 98 0 0 3 79 11 95 
0 82 87 44 18 0 19 62 54 7 80 0 100 0 0 0 0 30 99 42 70 0 0 0 0 0 0 0 0 0 0 0 62 0 0 13 68 0 27 66 0 87 51 61 0 31 72 99 89 3 34 0 0 72 0 58 0 34 0 67 0 0 0 0 24 48 70 74 0 0 0 0 84 0 13 98 68 0 100 76 0 0 62 0 8 76 0 0 78 0 0 0 85 48 0 0 0 66 0 86 
0 0 0 42 29 0 46 11 8 14 16 0 0 0 0 5 10 2 0 66 0 39 42 84 0 0 0 0 0 0 0 0 42 0 0 77 0 9 0 100 96 0 0 0 0 0 0 0 62 79 0 69 0 0 0 0 0 0 67 0 39 67 97 76 0 2 0 0 0 0 0 0 0 0 0 99 0 96 0 0 18 72 2 3 0 36 0 0 31 0 87 54 0 64 0 31 92 52 18 0 
0 0 0 0 21 48 0 0 73 41 0 96 12 19 23 46 40 0 0 0 0 0 0 45 100 80 0 0 80 34 0 0 2 31 75 0 10 48 0 20 0 56 0 69 37 0 0 0 38 32 0 43 0 0 0 68 0 0 0 39 0 0 0 0 0 28 0 0 0 27 0 92 0 34 0 0 0 15 64 31 0 0 0 4 34 0 29 0 5 19 0 0 56 0 0 0 41 7 0 52 
0 12 0 0 17 0 48 98 45 82 0 0 20 0 15 43 0 18 0 3 38 0 91 31 0 24 0 0 0 0 78 0 0 0 0 26 0 0 58 90 88 0 0 0 13 0 70 0 0 0 25 0 0 88 0 0 84 95 0 67 0 0 60 0 0 0 0 0 61 0 0 0 0 0 84 32 85 0 56 0 90 0 0 0 54 6 4 0 0 0 32 0 12 79 94 53 0 0 0 5 
0 92 0 89 0 68 0 92 0 0 0 70 0 1 0 0 16 66 15 21 1 0 78 64 46 0 45 13 2 70 0 0 0 0 53 16 0 0 0 0 3 44 0 33 0 0 0 43 0 0 0 33 70 0 0 63 86 67 0 97 0 60 0 0 0 0 93 92 0 0 47 44 0 0 0 98 38 42 18 1 0 0 50 0 0 0 0 0 82 0 57 0 42 0 0 14 0 76 0 50 
0 0 51 0 17 77 0 0 50 25 50 0 72 0 0 25 0 0 0 0 0 0 19 0 71 94 75 5 0 0 40 0 15 0 0 0 0 0 0 0 27 0 19 0 14 76 0 0 51 8 0 5 0 62 0 0 0 53 0 76 0 0 0 0 63 0 0 0 0 59 0 48 0 18 0 0 44 0 71 13 0 0 43 0 0 0 0 0 41 79 65 64 2 0 0 0 0 11 0 0 
0 33 95 18 22 43 8 63 0 0 92 98 98 0 0 0 37 0 0 38 0 71 86 0 12 60 35 93 0 88 76 22 0 66 96 0 0 49 29 0 0 50 0 0 53 22 44 0 57 14 0 25 0 86 0 0 0 72 24 0 0 0 0 63 0 96 0 0 0 21 16 0 6 0 0 0 0 0 0 40 38 2 75 0 0 16 0 22 0 85 84 0 0 97 0 0 0 0 8 0 
0 8 73 22 22 0 0 85 0 29 52 37 0 34 53 0 26 37 0 0 76 0 10 99 0 0 39 33 0 0 25 0 0 37 0 75 60 3 0 6 25 86 0 0 0 0 43 0 0 63 90 11 0 0 0 0 0 17 48 2 28 0 0 0 96 0 0 0 0 0 0 19 0 0 0 51 0 0 0 94 63 0 8 0 55 0 0 0 11 0 52 63 0 0 58 19 17 86 14 0 
23 100 0 0 9 0 0 0 0 0 89 0 0 0 92 0 46 27 0 0 91 35 61 0 79 0 0 25 0 29 20 6 0 82 0 0 0 0 50 42 68 21 86 0 0 0 0 14 10 25 0 0 0 39 0 53 19 0 70 0 0 0 93 0 0 0 0 49 6 0 0 0 0 10 88 0 25 2 0 45 0 0 0 0 56 0 0 13 0 0 0 49 0 20 98 31 0 53 0 50 
0 39 17 0 32 0 73 0 0 0 0 0 0 0 79 48 0 42 79 0 0 0 0 29 43 0 0 0 0 93 0 0 49 80 0 88 9 0 0 0 0 48 0 2 0 83 0 0 71 0 0 0 18 0 33 81 0 11 74 0 0 0 92 0 0 0 49 0 1 0 90 0 0 0 0 72 0 99 58 0 0 82 93 25 43 0 0 83 0 52 36 79 0 26 0 27 0 0 0 0 
84 32 0 0 31 0 60 15 0 90 12 0 0 0 0 0 87 89 0 0 0 0 0 73 22 0 0 0 43 0 65 0 12 0 41 0 0 79 67 2 0 0 5 18 0 0 0 0 65 10 30 84 0 0 55 30 0 0 0 0 0 61 0 0 0 0 6 1 0 0 0 45 75 0 80 85 0 0 0 59 16 15 22 6 93 34 8 18 0 0 0 1 87 0 7 0 0 0 57 16 
37 43 40 0 89 0 0 0 45 30 28 0 0 0 22 0 81 85 75 0 0 23 39 0 54 84 40 0 0 4 0 56 0 87 0 74 9 62 0 57 0 0 99 0 76 72 40 96 0 43 41 0 0 0 20 40 95 0 0 0 27 0 0 59 21 0 0 0 0 0 0 0 66 0 0 40 0 0 82 0 93 0 96 19 53 93 0 0 0 71 0 0 0 70 0 18 97 68 0 0 
77 0 0 0 0 0 0 0 0 58 71 0 84 0 67 7 61 0 0 100 56 57 0 0 57 0 45 0 0 3 42 0 54 0 0 56 0 87 82 0 0 29 0 0 0 0 0 63 0 77 72 80 83 97 0 0 31 47 0 0 0 0 47 0 16 0 0 90 0 0 0 0 0 0 54 34 10 47 0 25 9 0 32 0 0 50 39 0 0 22 0 0 55 80 42 0 0 0 0 0 
44 0 30 81 47 0 0 0 0 0 55 35 70 0 10 99 0 0 26 0 0 0 0 0 0 0 6 0 40 1 58 0 0 0 99 0 0 0 0 0 0 0 0 0 0 0 4 72 0 0 16 0 0 72 72 60 79 29 0 0 92 0 44 48 0 19 0 0 45 0 0 0 0 0 0 0 32 90 0 0 21 0 0 17 44 3 0 1 9 0 31 97 0 44 88 0 82 79 0 0 
0 0 0 57 77 0 0 0 66 0 77 14 0 0 23 45 6 0 0 85 53 0 12 0 0 62 0 0 39 32 0 0 0 0 0 0 0 23 0 0 0 0 4 11 13 40 0 0 76 0 80 0 47 0 0 0 0 68 84 0 0 0 0 0 6 0 0 0 75 66 0 0 0 0 86 0 0 0 0 27 47 39 0 0 0 0 0 0 0 0 0 0 6 0 0 77 55 26 0 0 
0 0 33 0 0 0 24 82 77 77 0 78 0 0 0 73 0 0 0 0 0 25 0 0 69 21 25 11 72 0 59 14 0 0 0 0 0 97 0 0 0 0 13 0 12 0 30 100 0 0 0 2 0 0 0 27 0 0 0 0 34 0 0 18 0 0 10 0 0 0 0 0 0 0 0 0 62 54 0 0 0 0 0 73 64 0 0 72 0 0 0 95 98 49 0 0 0 0 0 0 
0 63 0 0 16 0 0 0 44 93 0 1 0 0 0 0 0 0 0 43 0 0 0 93 39 0 0 0 0 0 0 59 56 0 72 53 0 100 0 13 0 85 0 0 0 0 33 0 0 50 10 0 0 0 0 0 0 0 13 0 0 84 0 0 0 0 88 0 80 0 54 0 86 0 0 59 0 0 0 50 0 0 0 7 0 8 0 17 74 72 13 53 0 0 93 0 0 0 0 0 
34 0 0 90 39 0 97 43 18 35 40 0 94 0 0 0 0 0 78 0 0 0 0 49 55 0 0 0 0 65 19 0 34 45 0 33 92 0 0 0 43 0 0 0 4 0 93 0 52 65 0 0 0 60 0 46 65 0 98 99 0 32 98 0 0 51 0 72 85 40 34 0 0 0 59 0 0 20 0 47 0 86 70 88 0 88 0 19 52 0 0 32 0 87 63 0 63 8 63 0 
49 5 24 0 0 92 0 0 48 0 0 0 30 70 0 0 73 47 93 0 0 65 0 0 46 42 61 0 0 42 0 73 0 0 2 24 73 44 3 35 16 0 77 0 0 11 12 0 10 0 0 51 0 0 0 0 36 0 68 0 0 85 38 44 0 0 25 0 0 0 10 32 0 62 0 0 0 2 5 90 19 0 0 0 65 0 86 76 0 42 0 0 0 16 33 60 0 82 0 55 
0 0 0 0 98 42 12 0 0 0 0 0 0 0 0 0 0 0 70 0 94 0 0 0 3 0 62 82 0 53 0 0 0 0 0 0 0 0 39 0 0 0 25 0 49 29 0 76 15 38 0 0 0 0 0 0 12 68 0 96 15 0 42 0 0 0 2 99 0 0 47 90 0 54 0 20 2 0 10 37 0 0 0 0 0 0 48 0 1 0 21 44 35 0 91 67 97 0 0 0 
86 8 0 31 57 0 0 98 0 0 87 0 0 0 84 0 0 0 0 0 0 0 0 0 0 70 0 72 0 0 43 86 73 0 82 41 0 8 0 7 9 86 29 0 0 58 0 0 91 49 55 0 7 0 91 0 0 62 100 0 64 56 18 71 0 0 0 58 0 82 0 0 0 0 0 0 5 10 0 0 96 0 59 0 0 0 27 0 0 0 0 0 54 0 0 0 0 0 6 0 
0 17 21 0 27 0 9 33 59 0 0 70 0 0 22 0 94 0 0 39 91 9 0 57 0 0 34 0 92 0 58 0 97 0 9 0 0 0 0 0 34 52 34 5 0 0 20 0 0 50 0 0 42 0 97 0 54 59 76 0 31 0 1 13 40 94 45 0 59 0 25 0 27 0 50 47 90 37 0 0 0 96 0 0 0 0 29 0 0 0 0 15 91 76 0 0 0 62 42 75 
65 18 57 48 30 0 33 0 0 0 0 0 0 83 0 44 0 97 20 0 38 34 15 0 14 73 0 0 0 73 61 0 0 0 0 0 0 59 0 0 61 0 18 0 0 0 0 0 0 0 0 0 94 41 0 7 0 0 0 18 0 90 0 0 38 63 0 0 16 93 9 21 47 0 0 0 19 0 96 0 0 0 51 60 10 0 0 0 79 38 14 0 0 95 27 11 0 32 0 0 
0 0 6 0 91 30 0 0 85 0 28 71 0 87 43 37 47 80 0 83 53 0 58 0 0 78 0 55 0 0 46 0 71 0 0 0 0 66 69 64 45 98 97 9 0 0 0 58 81 99 5 0 76 0 16 50 87 0 0 72 0 0 0 0 2 0 0 82 15 0 0 0 39 0 0 86 0 0 0 96 0 0 70 41 0 0 30 0 69 0 6 83 0 95 0 42 0 0 100 16 
17 48 41 0 0 19 42 53 96 52 0 0 0 0 46 36 0 0 0 11 14 87 49 69 1 0 0 47 0 0 49 21 0 65 0 0 0 0 41 0 0 40 0 89 0 0 0 77 0 0 96 0 0 0 0 0 13 85 62 2 0 0 50 43 75 8 0 93 22 96 32 0 0 0 0 70 0 0 59 0 51 70 0 87 18 0 34 0 0 65 0 0 56 0 0 0 0 0 83 0 
0 0 0 94 20 0 0 0 28 49 20 0 92 0 0 75 72 0 0 97 20 34 0 0 0 0 9 0 0 0 0 0 15 0 39 0 0 0 0 0 41 44 98 0 0 33 62 66 88 0 0 0 0 0 92 40 3 17 0 3 4 0 0 0 0 0 0 25 6 19 0 17 0 73 7 88 0 0 0 0 60 41 87 0 0 0 0 72 32 24 38 6 65 0 0 91 83 20 0 0 
0 0 40 0 87 42 0 79 0 0 85 0 0 0 0 50 47 77 89 0 0 0 0 0 0 85 23 0 0 0 1 0 79 0 0 0 0 0 0 24 8 0 0 0 0 12 0 19 13 0 0 0 83 46 0 85 0 35 8 0 34 54 0 0 0 55 56 43 93 53 0 44 0 64 0 0 65 0 0 0 10 0 18 0 0 0 0 0 80 41 0 0 12 0 0 0 0 2 0 79 
89 0 64 0 0 31 0 0 0 0 0 0 88 91 7 28 0 0 59 87 0 7 79 0 90 47 61 55 0 26 0 0 0 18 94 71 0 45 13 0 0 0 3 25 46 0 0 0 0 99 63 29 56 0 0 0 0 99 76 36 0 6 0 0 16 0 0 0 34 93 50 3 0 0 8 88 0 0 0 0 0 0 0 0 0 0 95 69 0 0 0 6 0 37 0 29 91 41 0 14 
0 0 0 0 87 52 0 0 37 66 48 27 73 0 77 0 88 0 12 0 94 65 47 32 0 0 35 6 0 64 0 53 0 42 0 0 0 24 46 43 0 29 44 0 0 0 83 53 0 0 0 0 22 0 0 0 17 15 0 0 29 4 0 0 0 0 0 0 8 0 39 0 0 0 0 0 86 48 27 29 0 30 34 0 0 95 0 65 0 43 0 74 76 0 75 0 24 73 0 0 
28 0 92 85 91 6 78 35 40 0 0 87 0 0 29 12 0 41 0 59 70 26 0 0 0 32 34 38 41 0 0 0 0 14 60 0 0 0 93 0 92 26 85 0 0 0 15 0 0 0 0 0 69 55 0 72 0 0 0 0 0 0 0 0 22 0 13 83 18 0 0 1 0 72 17 19 76 0 0 0 0 0 0 72 0 69 65 0 0 30 28 0 71 7 0 0 71 0 0 0 
62 91 39 0 0 71 33 0 84 0 0 5 0 49 0 82 0 0 66 0 0 66 89 83 0 18 0 92 0 0 90 0 0 81 19 0 0 0 0 0 0 0 0 68 25 58 98 88 76 0 0 63 0 0 89 0 0 0 78 31 5 0 82 41 0 11 0 0 0 0 0 9 0 0 74 52 0 1 0 0 79 69 0 32 80 0 0 0 0 44 0 15 0 0 16 0 0 8 76 0 
0 21 0 89 0 0 33 0 56 0 1 11 83 0 42 0 83 50 49 0 0 0 0 0 0 0 0 11 0 70 0 0 0 0 0 5 0 20 67 0 92 0 69 71 0 0 99 100 44 70 36 0 43 0 79 36 0 0 0 0 19 0 0 79 85 0 0 52 0 71 22 0 0 0 72 0 42 0 0 0 38 0 65 24 41 0 43 30 44 0 0 0 70 19 14 4 100 51 88 42 
14 0 0 90 0 0 0 35 0 84 0 0 57 28 0 0 74 0 36 33 0 0 0 88 0 41 0 0 0 11 65 55 0 0 0 0 0 0 0 0 50 0 0 0 98 0 16 91 0 0 0 26 68 0 0 0 0 0 0 87 0 32 57 65 84 52 0 36 0 0 0 31 0 0 13 0 0 21 0 0 14 6 0 38 0 0 0 28 0 0 0 0 42 18 31 0 83 46 69 11 
0 40 0 0 0 0 98 0 71 0 0 0 0 88 66 0 0 0 0 0 0 75 0 47 0 0 6 42 23 0 0 27 0 0 45 0 13 0 29 88 0 48 0 53 54 78 24 0 81 0 0 0 0 17 49 24 81 0 0 54 0 0 0 64 0 63 49 79 1 0 0 97 0 95 53 32 0 44 0 15 0 83 0 6 0 6 74 0 15 0 0 0 95 0 69 7 29 85 15 0 
87 35 0 0 0 0 92 28 61 0 39 65 0 0 42 30 4 0 0 1 31 37 0 98 0 1 31 0 0 0 0 0 0 2 93 56 0 0 49 0 0 16 0 0 30 15 29 0 30 0 0 0 0 0 12 13 0 20 85 0 56 12 42 2 0 0 0 0 87 0 55 0 6 98 0 0 0 35 54 91 0 0 56 65 12 0 76 71 0 70 42 95 0 53 43 0 0 0 0 0 
0 0 0 0 0 0 0 0 0 0 94 2 0 81 0 0 0 0 15 18 1 76 0 76 73 0 79 5 44 0 85 0 0 0 18 0 0 0 14 58 5 77 0 19 0 0 0 74 2 0 0 89 90 81 0 0 75 98 48 64 0 79 0 0 97 0 20 26 0 70 80 44 0 49 0 87 16 0 0 76 95 95 0 0 0 37 0 7 0 19 18 0 53 0 29 0 0 24 62 62 
0 0 0 5 88 0 91 0 25 0 33 0 34 0 0 9 70 0 0 0 82 0 33 0 63 0 0 0 19 93 90 55 30 34 9 44 0 23 0 0 0 83 0 0 81 34 0 0 33 83 0 6 8 11 0 0 0 0 0 0 0 94 0 0 0 58 98 0 7 0 42 88 0 0 93 63 33 91 0 0 27 0 0 0 0 0 75 0 16 14 31 69 43 29 0 56 9 76 0 3 
14 0 0 0 62 0 100 0 0 35 0 7 0 65 48 60 48 0 53 0 21 63 58 77 98 42 0 0 34 20 0 69 52 60 64 79 0 56 73 0 0 0 0 0 20 0 0 0 60 0 0 0 0 1 56 0 0 0 0 31 0 53 14 0 0 19 31 27 0 18 0 0 77 0 0 0 60 67 0 0 11 42 0 91 0 29 0 0 0 4 0 7 0 0 56 0 37 36 0 66 
82 56 4 28 0 0 0 13 0 0 0 0 37 9 42 66 44 0 0 0 0 0 0 93 71 90 0 0 0 0 0 38 0 0 0 29 0 6 28 55 0 0 7 88 0 0 67 56 60 47 0 77 42 86 0 0 0 3 0 92 41 0 0 0 0 17 0 0 0 97 0 82 55 0 0 63 0 97 0 0 0 0 0 83 0 91 24 71 0 100 83 29 0 0 9 37 0 0 0 0 
0 0 9 0 0 0 0 55 0 0 0 0 59 83 0 1 0 24 31 82 0 15 0 77 0 53 0 0 0 92 0 47 67 50 0 0 0 66 0 0 81 66 0 0 15 12 47 15 0 0 0 20 87 0 0 0 0 79 66 52 7 0 76 11 0 86 53 0 0 68 0 79 26 0 0 8 82 0 0 62 32 0 0 20 2 41 73 0 8 51 46 85 0 24 76 36 0 0 0 0 
0 27 0 10 15 0 26 0 63 0 0 0 0 53 66 0 52 53 76 55 2 0 0 0 0 0 0 0 0 20 63 0 0 0 0 69 0 0 0 0 0 0 84 46 100 0 76 0 0 0 74 34 38 0 54 45 0 11 0 18 0 0 0 0 8 14 0 0 57 0 0 0 0 0 0 63 0 0 6 42 0 100 83 0 0 0 0 0 76 88 69 15 0 62 0 0 0 0 0 0 
25 0 89 23 0 0 0 0 0 91 59 0 45 0 0 0 0 84 38 51 0 0 53 8 79 9 81 0 0 0 8 0 0 34 48 0 43 51 0 0 88 0 0 0 23 0 0 0 0 0 54 73 86 75 0 0 0 95 86 0 52 5 50 0 0 0 50 0 16 0 0 0 0 0 0 0 55 0 0 75 0 16 0 0 79 14 0 0 0 42 11 0 0 62 3 66 0 0 0 0 
