0 76 0 2 76 96 0 0 0 0 53 43 0 40 37 0 22 47 0 0 0 13 0 7 0 0 93 14 0 71 0 32 80 22 82 0 0 15 52 0 0 0 0 61 0 15 0 0 0 0 0 0 58 84 83 0 51 0 0 0 0 0 80 0 55 63 68 56 10 0 95 0 28 0 73 0 0 63 67 0 0 0 0 0 64 0 64 16 0 57 0 90 0 53 0 36 0 0 0 0 
76 0 56 0 0 0 0 65 3 15 46 0 90 61 12 75 0 0 88 33 56 0 0 94 0 0 0 0 0 87 45 27 70 27 88 0 0 0 0 0 0 0 27 0 95 24 0 80 0 0 10 2 42 0 0 53 0 0 35 0 99 22 85 41 0 0 25 0 8 87 41 41 0 0 0 0 0 53 0 97 0 21 30 0 0 0 14 0 0 0 0 0 0 0 0 0 15 31 0 0 
0 56 0 15 32 9 0 67 74 0 38 73 10 46 0 73 63 0 0 81 24 85 0 92 0 0 0 0 9 43 0 0 0 31 20 76 0 51 9 0 15 0 0 0 0 31 0 79 66 11 0 0 100 0 90 79 7 0 17 49 0 0 0 7 0 29 18 0 0 0 0 61 31 0 0 0 34 0 0 14 0 0 0 0 9 0 0 32 53 67 0 0 88 0 0 0 23 98 0 0 
2 0 15 0 0 0 0 76 38 62 0 37 0 43 4 97 73 2 66 0 32 0 74 32 46 73 0 0 63 0 0 0 62 54 66 0 0 0 68 0 0 3 0 0 0 0 42 1 87 0 31 0 0 38 0 0 0 0 42 0 4 0 0 49 0 65 32 4 0 0 0 0 0 6 31 57 0 87 76 0 0 89 4 28 0 0 1 0 0 0 0 78 0 0 91 0 70 72 0 0 
76 0 32 0 0 57 17 40 73 0 79 0 0 84 0 0 0 0 67 0 60 0 0 0 29 30 56 0 68 0 75 26 47 0 0 81 60 0 0 19 0 0 0 85 0 0 39 0 34 96 0 0 0 0 0 85 0 0 94 0 0 25 0 0 0 64 0 0 0 59 8 0 0 0 97 0 3 0 0 0 79 26 56 57 0 65 0 0 0 0 9 0 24 79 0 0 17 0 85 54 
96 0 9 0 57 0 0 0 87 35 0 33 0 0 0 0 0 43 39 33 49 78 34 0 44 0 25 47 0 20 0 0 33 99 0 72 0 0 51 0 0 0 0 18 74 22 0 24 0 0 24 0 0 0 0 0 0 0 0 37 0 39 0 0 0 1 41 24 0 26 37 0 60 0 25 0 45 0 40 74 0 0 0 0 81 42 0 0 0 0 68 0 0 36 0 0 46 15 0 89 
0 0 0 0 17 0 0 62 39 80 0 34 0 86 41 0 0 18 40 6 0 64 14 83 0 93 73 0 0 0 0 60 0 0 0 0 4 0 0 0 0 0 0 65 0 0 0 89 0 0 0 73 98 0 48 62 0 5 69 0 39 0 0 5 21 0 36 0 53 53 0 0 0 42 0 0 81 76 48 0 7 0 59 0 90 91 0 0 0 16 0 0 79 0 0 0 0 0 0 69 
0 65 67 76 40 0 62 0 72 0 40 0 15 90 0 0 0 0 0 41 0 60 0 94 15 93 89 0 0 0 0 0 83 0 0 51 0 0 0 0 37 0 0 0 0 32 36 0 97 80 0 26 65 0 0 0 0 78 0 65 49 0 2 71 0 0 0 36 0 0 0 0 69 21 61 0 77 0 75 89 86 47 0 80 0 0 16 89 0 15 0 0 0 89 30 0 51 88 0 82 
0 3 74 38 73 87 39 72 0 0 82 87 0 14 0 70 81 0 0 0 74 0 19 0 56 45 14 30 78 93 62 70 0 0 0 76 71 0 78 70 68 0 0 22 0 60 94 0 78 90 0 0 52 0 0 0 2 96 0 100 83 0 0 0 0 0 10 76 0 0 0 0 2 0 98 0 23 0 57 0 11 0 0 0 90 0 0 0 0 88 0 56 0 33 0 0 0 73 24 0 
0 15 0 62 0 35 80 0 0 0 86 95 46 0 40 51 0 0 0 0 0 0 0 93 0 22 0 83 10 59 0 0 0 96 0 38 0 0 26 73 0 0 0 43 85 44 0 0 0 0 0 0 0 0 0 2 56 0 2 66 0 65 0 0 24 0 17 0 0 91 81 77 8 0 53 62 0 0 0 59 43 85 58 0 0 0 0 89 21 51 0 61 61 68 33 0 15 82 0 8 
53 46 38 0 79 0 0 40 82 86 0 84 0 0 96 0 57 0 81 23 0 0 87 89 0 38 27 0 0 13 0 65 82 33 0 44 28 0 0 66 79 100 9 0 0 96 12 80 21 0 0 59 0 0 91 92 0 19 0 0 82 57 0 0 0 0 53 5 0 6 0 0 0 0 0 0 0 12 0 72 0 52 87 20 0 0 12 84 0 0 0 12 93 0 0 67 0 0 27 0 
43 0 73 37 0 33 34 0 87 95 84 0 0 25 0 0 16 50 22 72 0 99 7 0 0 0 0 27 0 0 0 0 53 0 79 0 85 83 0 87 0 87 0 0 69 32 62 0 0 14 28 33 0 51 0 7 0 0 0 0 1 73 41 12 0 71 0 26 35 53 26 23 12 0 26 0 0 0 0 96 0 0 5 51 0 0 33 100 0 0 0 0 0 0 32 0 25 0 0 21 
0 90 10 0 0 0 0 15 0 46 0 0 0 22 0 20 91 0 0 0 0 0 0 0 0 41 6 0 0 0 53 0 5 0 0 96 0 0 83 58 0 52 0 9 4 61 49 0 0 21 16 78 0 82 57 95 41 28 61 70 0 34 84 0 45 0 40 0 8 0 0 85 0 86 23 0 0 0 0 87 44 53 0 0 46 0 8 0 49 24 0 0 75 0 0 0 62 0 87 6 
40 61 46 43 84 0 86 90 14 0 0 25 22 0 4 0 0 0 0 51 0 0 35 0 65 86 0 82 0 0 75 0 46 49 90 0 13 82 0 9 0 0 0 45 10 0 0 72 0 0 0 49 41 74 46 0 10 0 0 16 0 0 0 0 0 0 0 95 56 0 0 0 0 92 19 0 11 79 90 32 35 0 15 34 0 14 0 0 32 0 17 0 0 0 0 69 0 85 98 99 
37 12 0 4 0 0 41 0 0 40 96 0 0 4 0 0 99 78 0 77 58 0 6 10 0 81 0 0 6 0 0 0 14 0 58 0 0 0 0 0 99 0 86 79 0 0 63 0 0 97 55 13 12 60 87 44 9 0 98 62 22 0 0 0 66 97 79 85 88 53 0 84 0 0 0 69 57 36 11 0 0 0 0 0 9 0 97 0 0 7 0 0 0 0 87 0 93 0 41 0 
0 75 73 97 0 0 0 0 70 51 0 0 20 0 0 0 0 0 42 62 0 77 88 33 47 0 43 51 49 0 71 0 0 0 38 21 2 0 23 0 0 10 78 87 8 0 0 0 0 0 0 32 0 35 23 0 3 87 0 0 46 24 0 61 29 35 0 42 0 0 0 88 0 2 56 0 0 50 73 64 0 0 0 0 0 0 55 43 0 28 24 0 0 69 0 4 32 3 77 0 
22 0 63 73 0 0 0 0 81 0 57 16 91 0 99 0 0 50 0 23 0 22 0 0 0 0 60 0 0 0 39 30 17 0 62 0 40 0 0 0 0 0 0 0 0 0 58 0 0 67 2 0 52 24 0 0 0 65 36 0 34 65 0 0 0 0 0 7 0 0 59 66 0 0 43 29 0 0 37 6 0 34 0 0 0 0 0 0 100 0 0 0 56 0 0 0 0 0 63 94 
47 0 0 2 0 43 18 0 0 0 0 50 0 0 78 0 50 0 0 87 0 0 86 0 0 0 67 0 0 83 63 66 79 16 25 0 84 0 7 87 77 40 0 0 75 77 9 38 0 0 8 99 91 0 99 0 0 0 23 0 0 18 0 76 0 53 0 60 60 0 97 0 12 87 0 0 56 34 0 69 21 0 19 0 0 11 39 0 0 0 0 6 71 66 0 0 50 0 0 7 
0 88 0 66 67 39 40 0 0 0 81 22 0 0 0 42 0 0 0 0 0 13 58 0 0 0 56 78 0 67 31 10 81 62 0 8 76 0 78 23 0 33 0 3 0 0 82 0 0 0 100 0 0 0 0 35 0 58 67 0 0 0 0 0 71 0 94 48 24 0 51 26 11 0 33 52 58 0 48 0 0 0 0 5 9 4 0 0 0 0 0 70 10 0 88 63 0 24 85 0 
0 33 81 0 0 33 6 41 0 0 23 72 0 51 77 62 23 87 0 0 57 0 90 32 0 0 79 0 0 82 0 0 49 0 66 75 0 27 0 83 84 0 65 0 0 31 0 36 0 14 0 0 0 69 0 0 0 0 0 81 55 0 0 28 68 0 75 0 70 89 35 95 14 74 0 66 88 14 0 0 0 0 85 0 39 43 0 0 67 0 0 0 0 0 0 56 62 96 45 0 
0 56 24 32 60 49 0 0 74 0 0 0 0 0 58 0 0 0 0 57 0 0 65 0 0 45 50 0 0 0 0 0 40 26 38 76 0 0 91 16 0 58 37 0 0 0 0 0 0 0 4 0 0 0 35 36 50 99 0 0 0 14 46 0 0 97 73 0 0 58 0 0 64 68 57 52 0 0 56 0 79 19 0 0 16 66 0 7 0 0 0 0 0 0 0 0 88 56 0 23 
13 0 85 0 0 78 64 60 0 0 0 99 0 0 0 77 22 0 13 0 0 0 17 0 34 78 12 78 21 54 0 0 41 0 52 0 0 20 0 0 0 17 4 0 58 0 0 18 0 36 39 78 0 0 76 0 0 66 0 60 0 0 28 98 2 74 0 0 99 0 56 0 84 0 0 0 38 0 0 0 0 0 0 16 0 77 0 0 18 0 76 0 0 6 87 0 0 0 75 50 
0 0 0 74 0 34 14 0 19 0 87 7 0 35 6 88 0 86 58 90 65 17 0 0 0 0 0 0 0 80 69 0 0 0 0 0 0 0 99 86 0 90 0 0 18 49 11 0 0 0 12 0 0 7 0 0 67 0 21 11 0 0 0 46 0 91 0 0 0 73 0 48 0 87 43 97 0 0 91 0 0 0 0 0 4 26 88 0 63 63 0 49 75 27 0 3 88 0 0 73 
7 94 92 32 0 0 83 94 0 93 89 0 0 0 10 33 0 0 0 32 0 0 0 0 68 0 0 47 76 0 93 0 0 53 44 42 0 58 0 0 31 59 74 0 27 0 59 4 0 83 85 82 73 79 0 13 34 61 0 26 0 58 68 0 0 0 76 0 60 0 0 0 17 0 0 0 39 66 0 53 0 97 0 0 0 0 91 0 0 0 64 0 57 77 0 19 0 69 0 52 
0 0 0 46 29 44 0 15 56 0 0 0 0 65 0 47 0 0 0 0 0 34 0 68 0 0 0 0 98 0 0 0 75 0 16 0 0 11 0 0 0 0 0 29 21 0 22 0 24 0 34 0 0 3 0 0 0 98 0 0 0 0 0 73 0 0 0 81 0 0 0 14 0 0 0 0 0 0 0 66 0 0 0 83 0 0 0 12 13 85 0 0 0 0 0 16 4 0 77 0 
0 0 0 73 30 0 93 93 45 22 38 0 41 86 81 0 0 0 0 0 45 78 0 0 0 0 0 32 7 96 84 34 0 0 0 75 0 0 0 0 9 0 79 0 13 6 0 0 0 76 47 93 21 0 0 0 39 8 70 0 0 0 0 30 0 67 0 36 89 84 11 0 43 27 0 0 20 65 61 0 0 28 0 94 0 0 57 0 86 40 0 77 0 0 0 11 14 0 0 6 
93 0 0 0 56 25 73 89 14 0 27 0 6 0 0 43 60 67 56 79 50 12 0 0 0 0 0 34 63 50 38 0 0 84 0 71 0 24 0 0 9 0 0 0 61 0 63 0 27 60 86 29 0 0 23 11 35 54 29 81 72 14 0 79 19 12 0 3 8 88 0 41 0 0 0 44 60 0 0 0 0 0 0 0 100 0 0 7 0 0 0 52 0 10 0 0 0 0 0 0 
14 0 0 0 0 47 0 0 30 83 0 27 0 82 0 51 0 0 78 0 0 78 0 47 0 32 34 0 0 0 74 0 0 0 37 32 50 0 56 75 5 0 81 25 0 95 0 0 82 2 32 95 0 89 0 0 20 78 0 0 94 0 0 58 0 22 0 68 0 23 67 23 0 0 51 0 80 48 0 5 0 10 92 12 0 0 0 93 0 32 14 94 24 0 0 90 0 0 41 0 
0 0 9 63 68 0 0 0 78 10 0 0 0 0 6 49 0 0 0 0 0 21 0 76 98 7 63 0 0 38 0 72 63 83 0 0 0 0 26 0 0 0 18 0 31 0 0 0 0 16 0 0 0 81 13 10 39 0 0 0 0 72 0 40 66 82 0 98 46 46 0 91 0 56 83 0 97 54 0 4 0 59 82 0 60 43 37 99 0 44 44 0 0 0 28 0 0 0 0 0 
71 87 43 0 0 20 0 0 93 59 13 0 0 0 0 0 0 83 67 82 0 54 80 0 0 96 50 0 38 0 0 76 72 74 24 0 0 54 0 0 0 13 5 0 0 45 0 0 73 76 17 0 0 73 87 0 0 0 0 0 0 0 0 0 0 99 0 0 0 35 0 52 0 0 0 94 0 0 91 77 68 0 87 4 0 0 58 0 0 0 0 73 63 33 0 29 94 0 11 14 
0 45 0 0 75 0 0 0 62 0 0 0 53 75 0 71 39 63 31 0 0 0 69 93 0 84 38 74 0 0 0 0 0 0 0 0 0 60 44 0 0 21 91 0 13 0 0 46 26 0 0 57 0 1 95 0 56 47 62 0 0 0 0 75 97 0 40 0 27 36 24 47 25 0 84 89 89 57 0 0 83 0 0 78 30 82 0 0 0 66 0 0 76 66 4 0 0 0 79 25 
32 27 0 0 26 0 60 0 70 0 65 0 0 0 0 0 30 66 10 0 0 0 0 0 0 34 0 0 72 76 0 0 0 86 0 41 0 0 71 0 0 0 33 46 49 100 32 0 39 77 41 0 55 0 76 0 16 0 0 0 0 78 0 0 0 100 28 0 32 84 0 0 37 7 0 0 0 0 0 0 0 60 0 0 0 0 0 0 27 75 94 86 0 97 0 11 32 28 0 73 
80 70 0 62 47 33 0 83 0 0 82 53 5 46 14 0 17 79 81 49 40 41 0 0 75 0 0 0 63 72 0 0 0 51 79 0 0 54 2 0 0 33 0 0 74 0 72 77 53 0 0 0 0 0 0 90 20 0 0 0 0 0 0 0 69 77 0 0 90 93 73 24 0 0 0 42 0 82 0 0 61 71 0 0 26 0 0 0 0 78 91 0 45 0 55 0 0 97 0 98 
22 27 31 54 0 99 0 0 0 96 33 0 0 49 0 0 0 16 62 0 26 0 0 53 0 0 84 0 83 74 0 86 51 0 0 11 98 93 93 44 0 0 10 7 0 80 62 0 0 0 0 0 0 18 0 0 0 0 0 84 26 0 71 0 64 0 18 100 61 0 0 0 0 80 98 0 0 0 73 0 0 30 0 55 53 0 71 77 34 90 0 0 0 0 81 0 98 0 0 0 
82 88 20 66 0 0 0 0 0 0 0 79 0 90 58 38 62 25 0 66 38 52 0 44 16 0 0 37 0 24 0 0 79 0 0 0 0 0 0 0 90 0 83 0 0 97 55 0 0 0 10 55 0 0 31 0 46 84 0 65 0 0 24 87 0 65 0 0 0 0 0 0 52 0 51 0 0 37 70 0 0 45 49 37 96 0 84 0 0 0 0 0 10 0 90 92 72 0 6 0 
0 0 76 0 81 72 0 51 76 38 44 0 96 0 0 21 0 0 8 75 76 0 0 42 0 75 71 32 0 0 0 41 0 11 0 0 78 38 0 0 0 64 0 0 35 0 0 0 9 97 0 68 34 0 59 59 31 0 0 0 0 0 0 44 0 69 0 12 0 0 0 0 99 34 80 0 0 38 0 0 76 0 95 92 0 2 82 20 46 0 75 0 37 0 0 16 31 0 88 0 
0 0 0 0 60 0 4 0 71 0 28 85 0 13 0 2 40 84 76 0 0 0 0 0 0 0 0 50 0 0 0 0 0 98 0 78 0 69 0 0 0 13 0 34 84 12 0 0 34 0 81 61 0 50 0 0 35 77 38 0 0 6 37 0 0 65 99 0 0 75 93 0 0 48 8 0 0 0 29 0 58 0 0 0 62 51 0 0 12 0 0 59 83 1 66 0 2 12 57 33 
15 0 51 0 0 0 0 0 0 0 0 83 0 82 0 0 0 0 0 27 0 20 0 58 11 0 24 0 0 54 60 0 54 93 0 38 69 0 4 62 0 66 0 0 23 60 0 0 95 33 0 0 37 0 5 0 0 0 0 0 0 0 24 0 57 0 3 8 0 0 0 35 21 78 14 72 0 0 0 0 0 0 0 48 0 94 0 43 29 0 7 24 93 0 77 0 36 0 0 9 
52 0 9 68 0 51 0 0 78 26 0 0 83 0 0 23 0 7 78 0 91 0 99 0 0 0 0 56 26 0 44 71 2 93 0 0 0 4 0 0 0 0 78 50 0 0 0 38 0 96 17 61 0 0 0 0 92 9 29 0 48 89 0 0 83 2 0 80 0 90 0 0 0 39 0 0 44 0 39 0 0 52 0 0 27 0 0 0 84 0 0 0 0 0 0 0 25 0 0 10 
0 0 0 0 19 0 0 0 70 73 66 87 58 9 0 0 0 87 23 83 16 0 86 0 0 0 0 75 0 0 0 0 0 44 0 0 0 62 0 0 0 48 0 77 62 0 87 0 0 0 51 69 0 59 0 11 0 0 0 0 0 42 45 92 18 92 12 51 44 0 97 0 0 66 20 93 12 0 0 8 0 23 0 1 30 99 11 0 0 0 0 0 0 0 57 0 95 0 98 0 
0 0 15 0 0 0 0 37 68 0 79 0 0 0 99 0 0 77 0 84 0 0 0 31 0 9 9 5 0 0 0 0 0 0 90 0 0 0 0 0 0 0 0 15 0 38 0 0 36 56 26 67 0 0 68 69 31 0 29 0 0 0 0 0 0 0 0 24 0 23 0 23 26 65 81 0 0 43 73 0 21 0 91 9 0 0 0 44 99 0 35 84 84 0 0 0 0 0 87 67 
0 0 0 3 0 0 0 0 0 0 100 87 52 0 0 10 0 40 33 0 58 17 90 59 0 0 0 0 0 13 21 0 33 0 0 64 13 66 0 48 0 0 0 61 15 94 0 55 39 25 52 0 57 0 38 0 79 0 0 0 16 0 44 96 0 60 0 0 0 0 0 0 21 0 0 0 0 72 0 16 0 0 0 0 0 0 0 0 0 0 46 0 0 79 0 0 52 0 0 0 
0 27 0 0 0 0 0 0 0 0 9 0 0 0 86 78 0 0 0 65 37 4 0 74 0 79 0 81 18 5 91 33 0 10 83 0 0 0 78 0 0 0 0 37 0 0 22 96 19 70 90 0 30 28 7 37 26 0 0 0 0 23 44 0 0 0 0 35 0 80 98 0 0 0 46 20 0 47 0 7 18 0 0 58 25 4 57 55 0 0 19 60 13 0 0 37 0 87 0 79 
61 0 0 0 85 18 65 0 22 43 0 0 9 45 79 87 0 0 3 0 0 0 0 0 29 0 0 25 0 0 0 46 0 7 0 0 34 0 50 77 15 61 37 0 34 0 34 0 59 75 0 24 11 30 84 52 0 68 0 0 0 32 20 0 0 0 0 0 99 87 0 0 88 0 79 0 0 60 38 32 49 0 49 0 0 0 0 0 0 18 0 0 13 0 0 19 39 92 4 0 
0 95 0 0 0 74 0 0 0 85 0 69 4 10 0 8 0 75 0 0 0 58 18 27 21 13 61 0 31 0 13 49 74 0 0 35 84 23 0 62 0 15 0 34 0 34 56 0 0 47 0 64 64 8 70 64 27 24 74 0 0 0 99 0 0 0 0 0 0 0 0 0 57 0 0 0 0 0 0 28 27 89 10 73 0 0 26 66 0 13 0 0 2 82 0 0 0 0 0 0 
15 24 31 0 0 22 0 32 60 44 96 32 61 0 0 0 0 77 0 31 0 0 49 0 0 6 0 95 0 45 0 100 0 80 97 0 12 60 0 0 38 94 0 0 34 0 14 0 0 0 0 95 0 0 0 28 0 73 0 0 0 0 7 0 0 23 0 0 0 0 42 76 0 0 61 0 0 90 0 93 0 39 0 0 0 72 1 51 0 0 0 0 20 0 0 7 4 0 0 54 
0 0 0 42 39 0 0 36 94 0 12 62 49 0 63 0 58 9 82 0 0 0 11 59 22 0 63 0 0 0 0 32 72 62 55 0 0 0 0 87 0 0 22 34 56 14 0 0 83 0 81 64 28 0 0 0 0 0 0 0 0 0 0 68 58 67 0 0 0 83 69 0 90 59 76 0 21 10 23 0 59 17 0 88 84 0 0 0 24 0 41 0 28 29 0 93 0 0 0 0 
0 80 79 1 0 24 89 0 0 0 80 0 0 72 0 0 0 38 0 36 0 18 0 4 0 0 0 0 0 0 46 0 77 0 0 0 0 0 38 0 0 55 96 0 0 0 0 0 0 16 0 0 0 0 0 0 0 2 91 0 0 0 0 68 34 0 0 0 0 0 49 44 0 0 61 0 0 0 35 0 0 79 0 95 81 0 48 44 0 0 0 75 49 71 0 0 0 0 0 20 
0 0 66 87 34 0 0 97 78 0 21 0 0 0 0 0 0 0 0 0 0 0 0 0 24 0 27 82 0 73 26 39 53 0 0 9 34 95 0 0 36 39 19 59 0 0 83 0 0 80 0 38 0 82 47 0 57 0 55 0 0 51 14 0 0 0 55 100 43 98 0 2 0 0 0 0 0 0 0 34 0 0 0 48 0 0 0 31 0 0 0 0 0 53 72 0 3 46 0 0 
0 0 11 0 96 0 0 80 90 0 0 14 21 0 97 0 67 0 0 14 0 36 0 83 0 76 60 2 16 76 0 77 0 0 0 97 0 33 96 0 56 25 70 75 47 0 0 16 80 0 0 12 5 0 0 0 85 49 9 0 61 20 0 0 14 0 56 0 0 0 0 2 59 96 0 0 0 0 0 0 14 1 78 30 0 21 0 0 52 0 0 0 0 73 0 0 26 32 8 0 
0 10 0 31 0 24 0 0 0 0 0 28 16 0 55 0 2 8 100 0 4 39 12 85 34 47 86 32 0 17 0 41 0 0 10 0 81 0 17 51 26 52 90 0 0 0 81 0 0 0 0 0 19 0 100 55 44 0 19 59 0 0 0 0 0 19 0 0 0 68 9 0 70 12 65 0 0 21 77 30 0 98 0 0 35 18 33 0 0 63 42 0 0 0 0 0 0 46 0 3 
0 2 0 0 0 0 73 26 0 0 59 33 78 49 13 32 0 99 0 0 0 78 0 82 0 93 29 95 0 0 57 0 0 0 55 68 61 0 61 69 67 0 0 24 64 95 64 0 38 12 0 0 91 63 39 92 0 0 0 0 0 0 89 31 100 0 0 0 0 0 1 23 0 0 15 34 0 91 0 27 0 0 0 52 85 0 0 87 59 100 0 81 0 82 0 21 0 0 0 83 
58 42 100 0 0 0 98 65 52 0 0 0 0 41 12 0 52 91 0 0 0 0 0 73 0 21 0 0 0 0 0 55 0 0 0 34 0 37 0 0 0 57 30 11 64 0 28 0 0 5 19 91 0 0 69 0 0 0 0 48 99 0 48 39 0 0 0 0 0 35 7 0 0 82 0 0 0 17 2 0 54 0 0 0 36 66 0 0 2 97 0 0 97 0 0 3 99 54 91 70 
84 0 0 38 0 0 0 0 0 0 0 51 82 74 60 35 24 0 0 69 0 0 7 79 3 0 0 89 81 73 1 0 0 18 0 0 50 0 0 59 0 0 28 30 8 0 0 0 82 0 0 63 0 0 79 17 88 15 0 4 51 0 0 0 0 52 0 0 40 49 74 5 0 93 0 69 0 0 0 17 2 0 0 0 93 10 0 0 81 64 70 0 0 61 36 78 0 4 0 0 
83 0 90 0 0 0 48 0 0 0 91 0 57 46 87 23 0 99 0 0 35 76 0 0 0 0 23 0 13 87 95 76 0 0 31 59 0 5 0 0 68 38 7 84 70 0 0 0 47 0 100 39 69 79 0 31 0 54 0 0 0 0 30 0 0 71 7 0 0 0 82 24 11 0 4 3 0 0 0 73 21 0 100 0 0 34 0 0 0 0 0 0 82 0 0 68 0 77 0 39 
0 53 79 0 85 0 62 0 0 2 92 7 95 0 44 0 0 0 35 0 36 0 0 13 0 0 11 0 10 0 0 0 90 0 0 59 0 0 0 11 69 0 37 52 64 28 0 0 0 0 55 92 0 17 31 0 87 43 0 0 0 0 0 0 91 0 0 53 0 72 0 0 0 0 0 95 0 92 0 68 85 4 0 0 25 0 52 0 38 47 0 90 0 0 38 33 57 60 74 0 
51 0 7 0 0 0 0 0 2 56 0 0 41 10 9 3 0 0 0 0 50 0 67 34 0 39 35 20 39 0 56 16 20 0 46 31 35 0 92 0 31 79 26 0 27 0 0 0 57 85 44 0 0 88 0 87 0 0 0 0 0 0 65 21 50 0 6 0 0 0 0 0 87 80 0 94 0 43 0 0 0 0 0 0 0 0 49 0 0 0 24 0 35 0 0 0 83 53 27 0 
0 0 0 0 0 0 5 78 96 0 19 0 28 0 0 87 65 0 58 0 99 66 0 61 98 8 54 78 0 0 47 0 0 0 84 0 77 0 9 0 0 0 0 68 24 73 0 2 0 49 0 0 0 15 54 43 0 0 54 0 0 49 0 25 36 0 0 34 21 14 0 77 14 0 0 0 0 10 0 0 67 0 76 62 0 30 1 0 0 22 76 6 64 0 5 0 32 89 44 0 
0 35 17 42 94 0 69 0 0 2 0 0 61 0 98 0 36 23 67 0 0 0 21 0 0 70 29 0 0 0 62 0 0 0 0 0 38 0 29 0 29 0 0 0 74 0 0 91 55 9 19 0 0 0 0 0 0 54 0 0 0 0 0 0 0 7 63 0 0 0 0 80 0 0 40 25 0 0 0 57 0 21 24 99 13 0 37 0 94 23 14 0 0 0 77 0 0 0 54 85 
0 0 49 0 0 37 0 65 100 66 0 0 70 16 62 0 0 0 0 81 0 60 11 26 0 0 81 0 0 0 0 0 0 84 65 0 0 0 0 0 0 0 0 0 0 0 0 0 0 0 59 0 48 4 0 0 0 0 0 0 76 13 7 11 34 76 0 0 0 74 0 24 10 0 0 80 0 0 0 0 0 91 0 0 0 4 100 49 0 0 70 0 68 0 0 53 0 14 0 0 
0 99 0 4 0 0 39 49 83 0 82 1 0 0 22 46 34 0 0 55 0 0 0 0 0 0 72 94 0 0 0 0 0 26 0 0 0 0 48 0 0 16 0 0 0 0 0 0 0 61 0 0 99 51 0 0 0 0 0 76 0 73 56 0 12 71 30 0 0 6 0 34 0 0 0 0 0 0 0 0 0 19 5 0 23 0 9 0 42 0 55 0 0 0 0 0 3 0 0 0 
0 22 0 0 25 39 0 0 0 65 57 73 34 0 0 24 65 18 0 0 14 0 0 58 0 0 14 0 72 0 0 78 0 0 0 0 6 0 89 42 0 0 23 32 0 0 0 0 51 20 0 0 0 0 0 0 0 49 0 13 73 0 100 90 0 89 0 0 0 44 97 90 65 0 0 0 0 28 0 31 0 0 0 0 0 0 58 0 0 85 97 32 57 0 0 29 0 72 0 25 
80 85 0 0 0 0 0 2 0 0 0 41 84 0 0 0 0 0 0 0 46 28 0 68 0 0 0 0 0 0 0 0 0 71 24 0 37 24 0 45 0 44 44 20 99 7 0 0 14 0 0 89 48 0 30 0 65 0 0 7 56 100 0 0 0 0 96 99 0 0 5 15 0 22 0 4 14 47 15 0 0 14 91 47 0 0 0 66 59 0 0 0 0 61 0 0 0 36 19 12 
0 41 7 49 0 0 5 71 0 0 0 12 0 0 0 61 0 76 0 28 0 98 46 0 73 30 79 58 40 0 75 0 0 0 87 44 0 0 0 92 0 96 0 0 0 0 68 68 0 0 0 31 39 0 0 0 21 25 0 11 0 90 0 0 0 91 75 0 0 0 0 0 31 66 0 60 0 37 22 0 78 0 14 0 0 0 0 4 7 30 90 0 0 53 0 15 2 45 38 21 
55 0 0 0 0 0 21 0 0 24 0 0 45 0 66 29 0 0 71 68 0 2 0 0 0 0 19 0 66 0 97 0 69 64 0 0 0 57 83 18 0 0 0 0 0 0 58 34 0 14 0 100 0 0 0 91 50 36 0 34 12 0 0 0 0 0 18 0 0 60 0 0 85 33 12 76 0 0 0 63 97 0 0 0 0 0 71 0 0 85 0 0 15 21 98 0 54 0 0 60 
63 0 29 65 64 1 0 0 0 0 0 71 0 0 97 35 0 53 0 0 97 74 91 0 0 67 12 22 82 99 0 100 77 0 65 69 65 0 2 92 0 60 0 0 0 23 67 0 0 0 19 0 0 52 71 0 0 0 7 76 71 89 0 91 0 0 0 0 0 0 49 0 0 69 70 0 0 33 0 0 46 0 37 84 0 83 0 27 55 83 70 0 0 0 0 0 0 2 0 63 
68 25 18 32 0 41 36 0 10 17 53 0 40 0 79 0 0 0 94 75 73 0 0 76 0 0 0 0 0 0 40 28 0 18 0 0 99 3 0 12 0 0 0 0 0 0 0 0 55 56 0 0 0 0 7 0 6 0 63 0 30 0 96 75 18 0 0 0 0 0 0 0 0 0 14 0 0 92 0 0 21 14 5 0 0 68 98 0 65 0 0 66 0 0 64 58 0 82 87 0 
56 0 0 4 0 24 0 36 76 0 5 26 0 95 85 42 7 60 48 0 0 0 0 0 81 36 3 68 98 0 0 0 0 100 0 12 0 8 80 51 24 0 35 0 0 0 0 0 100 0 0 0 0 0 0 53 0 34 0 0 0 0 99 0 0 0 0 0 0 0 0 0 0 0 75 0 0 67 80 0 0 0 0 0 0 0 0 0 0 0 17 37 0 0 24 0 0 80 40 0 
10 8 0 0 0 0 53 0 0 0 0 35 8 56 88 0 0 60 24 70 0 99 0 60 0 89 8 0 46 0 27 32 90 61 0 0 0 0 0 44 0 0 0 99 0 0 0 0 43 0 0 0 0 40 0 0 0 21 0 0 0 0 0 0 0 0 0 0 0 0 0 40 0 0 0 0 0 51 0 39 0 0 0 16 0 0 0 0 37 0 0 86 1 0 0 0 40 20 0 70 
0 87 0 0 59 26 53 0 0 91 6 53 0 0 53 0 0 0 0 89 58 0 73 0 0 84 88 23 46 35 36 84 93 0 0 0 75 0 90 0 23 0 80 87 0 0 83 0 98 0 68 0 35 49 0 72 0 14 0 74 6 44 0 0 60 0 0 0 0 0 99 0 61 55 15 0 0 0 21 0 72 0 0 0 0 0 0 0 96 40 70 0 0 0 38 0 0 0 0 0 
95 41 0 0 8 37 0 0 0 81 0 26 0 0 0 0 59 97 51 35 0 56 0 0 0 11 0 67 0 0 24 0 73 0 0 0 93 0 0 97 0 0 98 0 0 42 69 49 0 0 9 1 7 74 82 0 0 0 0 0 0 97 5 0 0 49 0 0 0 99 0 39 28 19 73 6 2 65 0 19 0 57 69 0 35 91 0 31 95 71 0 0 0 36 0 0 0 10 0 10 
0 41 61 0 0 0 0 0 0 77 0 23 85 0 84 88 66 0 26 95 0 0 48 0 14 0 41 23 91 52 47 0 24 0 0 0 0 35 0 0 23 0 0 0 0 76 0 44 2 2 0 23 0 5 24 0 0 77 80 24 34 90 15 0 0 0 0 0 40 0 39 0 0 42 0 91 36 12 1 0 0 87 0 35 5 0 0 0 93 0 0 45 61 0 0 19 33 96 77 0 
28 0 31 0 0 60 0 69 2 8 0 12 0 0 0 0 0 12 11 14 64 84 0 17 0 43 0 0 0 0 25 37 0 0 52 99 0 21 0 0 26 21 0 88 57 0 90 0 0 59 70 0 0 0 11 0 87 14 0 10 0 65 0 31 85 0 0 0 0 61 28 0 0 0 33 0 0 13 0 0 0 0 0 0 0 0 0 68 0 0 0 45 0 94 0 0 0 0 3 0 
0 0 0 6 0 0 42 21 0 0 0 0 86 92 0 2 0 87 0 74 68 0 87 0 0 27 0 0 56 0 0 7 0 80 0 34 48 78 39 66 65 0 0 0 0 0 59 0 0 96 12 0 82 93 0 0 80 0 0 0 0 0 22 66 33 69 0 0 0 55 19 42 0 0 0 26 64 33 37 0 0 0 0 0 0 0 87 19 48 0 0 41 1 78 0 43 8 57 38 0 
73 0 0 31 97 25 0 61 98 53 0 26 23 19 0 56 43 0 33 0 57 0 43 0 0 0 0 51 83 0 84 0 0 98 51 80 8 14 0 20 81 0 46 79 0 61 76 61 0 0 65 15 0 0 4 0 0 0 40 0 0 0 0 0 12 70 14 75 0 15 73 0 33 0 0 0 62 0 0 0 0 0 0 91 44 62 55 0 0 0 0 6 0 0 21 0 0 90 0 28 
0 0 0 57 0 0 0 0 0 62 0 0 0 0 69 0 29 0 52 66 52 0 97 0 0 0 44 0 0 94 89 0 42 0 0 0 0 72 0 93 0 0 20 0 0 0 0 0 0 0 0 34 0 69 3 95 94 0 25 80 0 0 4 60 76 0 0 0 0 0 6 91 0 26 0 0 0 3 94 91 49 40 16 0 93 0 64 0 70 31 45 86 12 88 5 15 0 37 0 0 
0 0 34 0 3 45 81 77 23 0 0 0 0 11 57 0 0 56 58 88 0 38 0 39 0 20 60 80 97 0 89 0 0 0 0 0 0 0 44 12 0 0 0 0 0 0 21 0 0 0 0 0 0 0 0 0 0 0 0 0 0 0 14 0 0 0 0 0 0 0 2 36 0 64 62 0 0 0 0 0 65 0 0 0 89 5 0 0 79 0 93 0 0 0 44 57 0 61 2 0 
63 53 0 87 0 0 76 0 0 0 12 0 0 79 36 50 0 34 0 14 0 0 0 66 0 65 0 48 54 0 57 0 82 0 37 38 0 0 0 0 43 72 47 60 0 90 10 0 0 0 21 91 17 0 0 92 43 10 0 0 0 28 47 37 0 33 92 67 51 0 65 12 13 33 0 3 0 0 0 0 0 0 0 46 86 54 0 30 16 70 0 0 0 0 0 34 0 0 58 0 
67 0 0 76 0 40 48 75 57 0 0 0 0 90 11 73 37 0 48 0 56 0 91 0 0 61 0 0 0 91 0 0 0 73 70 0 29 0 39 0 73 0 0 38 0 0 23 35 0 0 77 0 2 0 0 0 0 0 0 0 0 0 15 22 0 0 0 80 0 21 0 1 0 37 0 94 0 0 0 0 0 0 0 62 11 0 0 70 0 0 94 0 29 0 58 0 0 0 0 0 
0 97 14 0 0 74 0 89 0 59 72 96 87 32 0 64 6 69 0 0 0 0 0 53 66 0 0 5 4 77 0 0 0 0 0 0 0 0 0 8 0 16 7 32 28 93 0 0 34 0 30 27 0 17 73 68 0 0 57 0 0 31 0 0 63 0 0 0 39 0 19 0 0 0 0 91 0 0 0 0 8 0 0 0 0 0 0 0 0 0 0 0 0 92 0 0 48 70 0 75 
0 0 0 0 79 0 7 86 11 43 0 0 44 35 0 0 0 21 0 0 79 0 0 0 0 0 0 0 0 68 83 0 61 0 0 76 58 0 0 0 21 0 18 49 27 0 59 0 0 14 0 0 54 2 21 85 0 67 0 0 0 0 0 78 97 46 21 0 0 72 0 0 0 0 0 49 65 0 0 8 0 0 0 0 23 73 0 76 85 94 57 0 42 0 31 0 0 14 0 22 
0 21 0 89 26 0 0 47 0 85 52 0 53 0 0 0 34 0 0 0 19 0 0 97 0 28 0 10 59 0 0 60 71 30 45 0 0 0 52 23 0 0 0 0 89 39 17 79 0 1 98 0 0 0 0 4 0 0 21 91 19 0 14 0 0 0 14 0 0 0 57 87 0 0 0 40 0 0 0 0 0 0 17 87 0 0 20 9 18 6 1 0 82 62 30 85 13 30 76 0 
0 30 0 4 56 0 59 0 0 58 87 5 0 15 0 0 0 19 0 85 0 0 0 0 0 0 0 92 82 87 0 0 0 0 49 95 0 0 0 0 91 0 0 49 10 0 0 0 0 78 0 0 0 0 100 0 0 76 24 0 5 0 91 14 0 37 5 0 0 0 69 0 0 0 0 16 0 0 0 0 0 17 0 0 0 0 25 39 0 2 0 0 0 0 0 56 0 0 61 0 
0 0 0 28 57 0 0 80 0 0 20 51 0 34 0 0 0 0 5 0 0 16 0 0 83 94 0 12 0 4 78 0 0 55 37 92 0 48 0 1 9 0 58 0 73 0 88 95 48 30 0 52 0 0 0 0 0 62 99 0 0 0 47 0 0 84 0 0 16 0 0 35 0 0 91 0 0 46 62 0 0 87 0 0 52 0 0 0 71 62 24 0 8 0 0 0 0 67 18 95 
64 0 9 0 0 81 90 0 90 0 0 0 46 0 9 0 0 0 9 39 16 0 4 0 0 0 100 0 60 0 30 0 26 53 96 0 62 0 27 30 0 0 25 0 0 0 84 81 0 0 35 85 36 93 0 25 0 0 13 0 23 0 0 0 0 0 0 0 0 0 35 5 0 0 44 93 89 86 11 0 23 0 0 52 0 85 96 86 81 97 81 22 87 45 37 0 0 0 0 28 
0 0 0 0 65 42 91 0 0 0 0 0 0 14 0 0 0 11 4 43 66 77 26 0 0 0 0 0 43 0 82 0 0 0 0 2 51 94 0 99 0 0 4 0 0 72 0 0 0 21 18 0 66 10 34 0 0 30 0 4 0 0 0 0 0 83 68 0 0 0 91 0 0 0 62 0 5 54 0 0 73 0 0 0 85 0 0 15 94 85 95 0 0 0 0 6 0 35 65 0 
64 14 0 1 0 0 0 16 0 0 12 33 8 0 97 55 0 39 0 0 0 0 88 91 0 57 0 0 37 58 0 0 0 71 84 82 0 0 0 11 0 0 57 0 26 1 0 48 0 0 33 0 0 0 0 52 49 1 37 100 9 58 0 0 71 0 98 0 0 0 0 0 0 87 55 64 0 0 0 0 0 20 25 0 96 0 0 0 0 33 96 21 0 40 54 59 0 80 6 9 
16 0 32 0 0 0 0 89 0 89 84 100 0 0 0 43 0 0 0 0 7 0 0 0 12 0 7 93 99 0 0 0 0 77 0 20 0 43 0 0 44 0 55 0 66 51 0 44 31 0 0 87 0 0 0 0 0 0 0 49 0 0 66 4 0 27 0 0 0 0 31 0 68 19 0 0 0 30 70 0 76 9 39 0 86 15 0 0 0 0 30 1 0 73 0 10 86 0 52 0 
0 0 53 0 0 0 0 0 0 21 0 0 49 32 0 0 100 0 0 67 0 18 63 0 13 86 0 0 0 0 0 27 0 34 0 46 12 29 84 0 99 0 0 0 0 0 24 0 0 52 0 59 2 81 0 38 0 0 94 0 42 0 59 7 0 55 65 0 37 96 95 93 0 48 0 70 79 16 0 0 85 18 0 71 81 94 0 0 0 100 52 0 27 0 18 0 55 89 0 0 
57 0 67 0 0 0 16 15 88 51 0 0 24 0 7 28 0 0 0 0 0 0 63 0 85 40 0 32 44 0 66 75 78 90 0 0 0 0 0 0 0 0 0 18 13 0 0 0 0 0 63 100 97 64 0 47 0 22 23 0 0 85 0 30 85 83 0 0 0 40 71 0 0 0 0 31 0 70 0 0 94 6 2 62 97 85 33 0 100 0 0 0 0 22 0 90 0 0 53 0 
0 0 0 0 9 68 0 0 0 0 0 0 0 17 0 24 0 0 0 0 0 76 0 64 0 0 0 14 44 0 0 94 91 0 0 75 0 7 0 0 35 46 19 0 0 0 41 0 0 0 42 0 0 70 0 0 24 76 14 70 55 97 0 90 0 70 0 17 0 70 0 0 0 0 0 45 93 0 94 0 57 1 0 24 81 95 96 30 52 0 0 31 0 6 100 0 33 0 0 18 
90 0 0 78 0 0 0 0 56 61 12 0 0 0 0 0 0 6 70 0 0 0 49 0 0 77 52 94 0 73 0 86 0 0 0 0 59 24 0 0 84 0 60 0 0 0 0 75 0 0 0 81 0 0 0 90 0 6 0 0 0 32 0 0 0 0 66 37 86 0 0 45 45 41 6 86 0 0 0 0 0 0 0 0 22 0 21 1 0 0 31 0 35 18 0 38 24 42 0 27 
0 0 88 0 24 0 79 0 0 61 93 0 75 0 0 0 56 71 10 0 0 0 75 57 0 0 0 24 0 63 76 0 45 0 10 37 83 93 0 0 84 0 13 13 2 20 28 49 0 0 0 0 97 0 82 0 35 64 0 68 0 57 0 0 15 0 0 0 1 0 0 61 0 1 0 12 0 0 29 0 42 82 0 8 87 0 0 0 27 0 0 35 0 60 0 10 51 0 38 5 
53 0 0 0 79 36 0 89 33 68 0 0 0 0 0 69 0 66 0 0 0 6 27 77 0 0 10 0 0 33 66 97 0 0 0 0 1 0 0 0 0 79 0 0 82 0 29 71 53 73 0 82 0 61 0 0 0 0 0 0 0 0 61 53 21 0 0 0 0 0 36 0 94 78 0 88 0 0 0 92 0 62 0 0 45 0 40 73 0 22 6 18 60 0 0 3 53 0 0 0 
0 0 0 91 0 0 0 30 0 33 0 32 0 0 87 0 0 0 88 0 0 87 0 0 0 0 0 0 28 0 4 0 55 81 90 0 66 77 0 57 0 0 0 0 0 0 0 0 72 0 0 0 0 36 0 38 0 5 77 0 0 0 0 0 98 0 64 24 0 38 0 0 0 0 21 5 44 0 58 0 31 30 0 0 37 0 54 0 18 0 100 0 0 0 0 64 0 0 85 0 
36 0 0 0 0 0 0 0 0 0 67 0 0 69 0 4 0 0 63 56 0 0 3 19 16 11 0 90 0 29 0 11 0 0 92 16 0 0 0 0 0 0 37 19 0 7 93 0 0 0 0 21 3 78 68 33 0 0 0 53 0 29 0 15 0 0 58 0 0 0 0 19 0 43 0 15 57 34 0 0 0 85 56 0 0 6 59 10 0 90 0 38 10 3 64 0 73 0 18 0 
0 15 23 70 17 46 0 51 0 15 0 25 62 0 93 32 0 50 0 62 88 0 88 0 4 14 0 0 0 94 0 32 0 98 72 31 2 36 25 95 0 52 0 39 0 4 0 0 3 26 0 0 99 0 0 57 83 32 0 0 3 0 0 2 54 0 0 0 40 0 0 33 0 8 0 0 0 0 0 48 0 13 0 0 0 0 0 86 55 0 33 24 51 53 0 73 0 0 0 0 
0 31 98 72 0 15 0 88 73 82 0 0 0 85 0 3 0 0 24 96 56 0 0 69 0 0 0 0 0 0 0 28 97 0 0 0 12 0 0 0 0 0 87 92 0 0 0 0 46 32 46 0 54 4 77 60 53 89 0 14 0 72 36 45 0 2 82 80 20 0 10 96 0 57 90 37 61 0 0 70 14 30 0 67 0 35 80 0 89 0 0 42 0 0 0 0 0 0 74 0 
0 0 0 0 85 0 0 0 24 0 27 0 87 98 41 77 63 0 85 45 0 75 0 0 77 0 0 41 0 11 79 0 0 0 6 88 57 0 0 98 87 0 0 4 0 0 0 0 0 8 0 0 91 0 0 74 27 44 54 0 0 0 19 38 0 0 87 40 0 0 0 77 3 38 0 0 2 58 0 0 0 76 61 18 0 65 6 52 0 53 0 0 38 0 85 18 0 74 0 0 
0 0 0 0 54 89 69 82 0 8 0 21 6 99 0 0 94 7 0 0 23 50 73 52 0 6 0 0 0 14 25 73 98 0 0 0 33 9 10 0 67 0 79 0 0 54 0 20 0 0 3 83 70 0 39 0 0 0 85 0 0 25 12 21 60 63 0 0 70 0 10 0 0 0 28 0 0 0 0 75 22 0 0 95 28 0 9 0 0 0 18 27 5 0 0 0 0 0 0 0 
