0 163 0 0 0 0 0 0 0 0 0 0 0 39 0 0 160 0 0 0 0 0 44 0 0 0 0 0 0 0 0 0 47 0 0 0 0 0 0 0 0 0 197 0 0 0 0 0 74 0 0 0 0 0 72 0 0 0 30 0 0 0 0 0 81 0 0 0 0 0 0 0 0 11 0 0 0 0 0 124 0 0 0 0 146 119 0 182 0 0 0 0 0 0 0 0 0 0 0 0 
163 0 0 0 147 0 0 0 0 0 0 0 0 0 8 0 0 0 0 0 0 46 39 0 0 0 0 0 0 0 151 0 0 155 0 0 0 0 0 0 0 0 0 0 0 105 0 0 151 0 0 0 0 0 0 0 0 194 0 0 0 0 0 0 0 0 0 145 0 0 0 0 0 0 0 89 32 0 0 0 0 0 0 0 0 0 0 173 0 0 0 0 141 0 0 0 0 0 0 0 
0 0 0 0 0 0 0 0 0 0 0 0 0 0 0 0 0 0 0 0 0 0 0 0 161 0 0 0 0 38 0 0 158 0 0 0 0 0 0 0 0 0 0 0 0 0 0 0 200 0 0 0 0 0 0 0 0 0 0 0 191 0 0 0 0 0 0 0 184 0 105 0 0 0 0 0 0 0 88 189 0 0 0 0 0 0 0 93 0 0 0 0 0 0 0 110 0 0 0 0 
0 0 0 0 0 0 0 189 0 0 0 0 0 0 0 0 0 0 37 0 0 0 0 0 0 0 131 0 0 0 0 0 173 0 0 0 140 0 0 0 71 0 0 0 0 0 0 0 0 0 0 0 0 0 0 2 0 0 0 0 0 0 0 0 0 0 0 0 0 0 0 0 0 175 0 121 0 0 0 0 0 0 0 0 136 0 0 0 0 0 194 0 0 0 0 0 0 0 0 0 
0 147 0 0 0 0 115 40 0 185 0 0 0 0 0 102 0 0 0 0 109 0 0 0 0 0 0 0 0 0 0 0 0 0 0 98 0 0 0 107 0 0 0 0 0 0 0 0 0 0 0 0 0 0 0 0 0 0 0 190 116 0 0 0 0 0 0 0 0 0 0 0 0 0 0 0 0 0 0 0 38 0 12 0 0 0 0 0 0 0 0 112 0 139 0 0 0 0 130 0 
0 0 0 0 0 0 22 41 0 0 0 0 0 0 0 91 0 0 0 0 0 0 0 0 0 0 0 0 0 0 0 0 0 0 0 163 0 0 0 0 0 168 0 0 0 0 0 0 0 143 0 0 0 0 0 0 0 0 15 0 157 0 0 0 0 0 0 0 0 0 0 0 0 0 0 0 0 0 167 0 149 174 0 0 153 0 0 164 115 0 0 0 0 0 0 0 54 0 0 0 
0 0 0 0 115 22 0 0 67 0 0 0 136 0 0 0 0 0 0 0 0 0 0 0 0 0 0 0 0 0 0 0 0 40 0 0 0 0 0 0 0 0 0 0 79 0 0 0 0 0 0 27 73 0 90 0 0 0 0 0 0 0 108 0 0 0 0 0 0 0 0 0 0 0 0 0 0 0 0 0 0 0 0 0 0 0 0 0 0 198 0 0 0 45 0 0 0 0 0 0 
0 0 0 189 40 41 0 0 0 0 0 0 0 0 0 0 0 0 0 0 133 0 0 0 0 0 0 0 0 0 0 0 0 0 0 34 0 0 93 155 0 0 36 0 0 0 0 0 0 0 0 99 128 0 0 0 0 0 56 0 0 0 0 0 0 0 0 0 0 0 0 0 0 0 0 0 0 164 0 0 0 0 0 0 0 0 0 0 0 0 0 0 200 0 48 0 62 0 0 0 
0 0 0 0 0 0 67 0 0 0 0 0 0 0 0 0 0 0 0 0 0 0 0 0 0 0 0 0 103 0 0 0 0 0 0 0 0 0 0 0 0 66 0 0 0 178 84 0 0 198 0 0 0 0 0 0 0 0 0 0 0 0 100 0 0 0 0 0 0 0 0 109 0 0 0 0 0 0 0 0 0 0 0 36 0 168 0 0 0 0 111 132 0 163 0 0 77 0 168 0 
0 0 0 0 185 0 0 0 0 0 0 0 0 0 0 0 119 0 0 0 0 0 0 0 0 128 0 167 0 0 0 0 0 0 0 0 0 0 0 0 0 0 0 0 0 0 0 0 0 0 0 131 0 0 0 0 0 0 0 0 0 0 0 0 0 0 0 0 0 0 0 0 0 0 0 0 0 0 0 0 110 0 0 0 0 0 0 0 182 0 0 0 0 0 0 0 0 0 0 89 
0 0 0 0 0 0 0 0 0 0 0 0 0 0 0 0 0 0 0 0 0 0 0 42 0 0 0 0 147 0 0 0 0 0 0 0 0 0 0 123 0 0 0 0 0 0 0 0 120 0 79 0 0 40 0 0 0 0 0 0 0 0 0 0 191 0 0 0 0 0 174 0 0 0 0 0 193 0 0 0 0 9 135 0 0 0 0 0 98 0 0 0 0 0 0 0 0 0 0 0 
0 0 0 0 0 0 0 0 0 0 0 0 0 0 0 69 0 0 0 0 0 127 0 0 95 0 0 0 0 0 0 0 0 0 0 94 154 0 0 0 60 0 0 0 0 0 0 0 0 0 0 0 0 0 0 0 0 0 0 0 0 0 0 0 175 71 0 0 0 0 72 0 13 0 0 0 80 0 0 0 156 0 0 0 0 0 0 0 0 129 0 0 0 0 0 127 140 0 0 0 
0 0 0 0 0 0 136 0 0 0 0 0 0 0 0 0 0 0 186 0 0 0 82 0 0 0 0 0 0 0 0 0 68 0 0 0 0 0 0 0 0 0 0 0 0 146 0 0 0 0 0 0 0 0 0 0 0 0 0 0 0 0 0 0 0 0 0 0 0 0 0 75 0 0 0 160 0 0 0 0 0 0 0 111 0 19 0 0 0 53 0 0 0 0 134 0 0 0 0 0 
39 0 0 0 0 0 0 0 0 0 0 0 0 0 0 0 0 0 0 0 0 0 0 0 0 0 0 0 0 0 152 0 0 0 17 0 0 0 0 0 122 122 16 0 0 0 0 0 0 0 0 0 0 0 0 0 0 0 0 0 0 0 0 189 0 0 0 0 0 0 0 0 0 0 0 90 0 0 21 0 0 0 0 133 0 0 0 0 0 0 0 0 45 0 0 0 0 0 0 187 
0 8 0 0 0 0 0 0 0 0 0 0 0 0 0 0 0 23 0 0 0 0 0 0 0 0 0 0 0 0 0 0 0 0 0 0 0 0 11 0 0 195 0 0 0 0 0 0 0 0 0 0 0 0 0 141 0 0 0 149 0 0 51 0 0 0 131 0 0 0 0 0 0 0 0 0 0 0 131 0 0 0 0 107 0 0 0 0 0 0 0 0 0 0 0 0 0 0 0 0 
0 0 0 0 102 91 0 0 0 0 0 69 0 0 0 0 0 0 90 0 5 0 0 106 0 0 0 0 0 0 0 67 0 0 0 0 0 0 0 0 0 0 0 0 0 0 0 57 0 0 87 0 0 0 0 0 77 0 0 0 0 0 0 80 0 0 0 194 0 0 108 0 0 0 0 0 0 0 0 0 0 0 0 0 0 0 0 0 166 55 0 0 0 0 0 0 0 0 0 0 
160 0 0 0 0 0 0 0 0 119 0 0 0 0 0 0 0 0 0 151 0 0 192 0 0 0 0 0 0 0 0 0 0 0 0 0 0 0 0 0 0 0 0 0 0 53 0 0 151 0 0 0 0 0 0 0 0 0 52 0 0 0 0 61 106 0 0 0 111 0 0 0 0 0 171 0 0 126 0 0 0 0 0 0 100 0 0 61 0 41 0 0 0 0 0 0 0 0 0 0 
0 0 0 0 0 0 0 0 0 0 0 0 0 0 23 0 0 0 0 49 0 50 147 0 0 152 0 0 0 0 0 187 0 0 0 0 0 0 0 0 0 0 0 104 0 0 194 0 0 0 0 0 0 113 0 128 0 0 0 0 0 0 158 0 0 0 0 0 0 0 106 0 0 0 0 0 0 0 0 0 0 0 0 0 33 0 0 144 0 0 0 0 0 99 0 0 0 0 0 0 
0 0 0 37 0 0 0 0 0 0 0 0 186 0 0 90 0 0 0 0 41 0 38 23 0 0 0 0 0 0 0 0 0 0 167 0 0 0 0 78 0 0 0 0 0 0 0 0 0 0 0 0 0 0 0 0 0 0 0 0 0 0 0 0 59 0 39 0 0 145 0 149 0 0 0 0 0 0 0 124 0 0 0 143 0 135 0 0 0 0 0 0 0 0 0 0 0 0 0 0 
0 0 0 0 0 0 0 0 0 0 0 0 0 0 0 0 151 49 0 0 0 0 0 0 0 0 132 87 0 0 0 0 0 40 0 0 0 0 0 0 0 0 0 0 0 0 0 0 0 0 118 0 0 157 0 0 0 0 188 0 0 0 77 0 0 0 0 78 0 116 0 0 0 0 0 0 0 91 0 0 0 0 0 0 0 92 0 0 0 0 0 0 0 0 0 0 0 0 139 0 
0 0 0 0 109 0 0 133 0 0 0 0 0 0 0 5 0 0 41 0 0 0 0 0 0 0 0 0 0 0 0 0 0 74 0 96 0 0 0 52 0 0 74 0 0 0 0 0 0 0 15 0 0 0 167 0 0 0 192 0 0 0 0 0 0 0 0 0 0 0 0 0 0 18 0 0 0 0 0 0 0 0 0 0 0 0 0 0 73 0 182 0 0 0 178 0 0 0 0 0 
0 46 0 0 0 0 0 0 0 0 0 127 0 0 0 0 0 50 0 0 0 0 0 0 0 0 170 0 0 0 0 0 0 74 0 0 0 194 0 0 44 0 0 0 0 0 0 0 0 0 0 0 0 0 0 0 17 0 0 0 0 0 0 0 102 0 0 0 0 0 0 0 0 35 91 0 0 28 0 0 0 0 0 0 0 0 0 0 0 0 0 11 0 0 0 0 0 0 156 199 
44 39 0 0 0 0 0 0 0 0 0 0 82 0 0 0 192 147 38 0 0 0 0 0 0 0 0 0 0 0 93 0 140 0 0 0 0 0 0 0 188 0 185 0 0 0 0 0 0 0 0 0 0 0 0 0 0 0 0 0 0 0 0 0 0 0 126 0 0 0 0 0 152 0 0 0 0 0 10 0 0 0 0 0 0 0 0 0 0 0 0 0 0 0 0 75 0 0 0 0 
0 0 0 0 0 0 0 0 0 0 42 0 0 0 0 106 0 0 23 0 0 0 0 0 0 0 0 0 0 0 0 0 0 0 0 0 0 0 0 139 0 0 0 0 0 0 0 0 0 67 0 20 0 0 0 0 0 84 35 0 0 0 0 120 0 0 0 0 40 0 0 0 0 0 0 0 0 36 0 0 0 0 0 0 0 0 0 0 0 0 0 0 0 183 0 0 0 118 0 0 
0 0 161 0 0 0 0 0 0 0 0 95 0 0 0 0 0 0 0 0 0 0 0 0 0 0 0 0 0 0 0 156 0 0 0 0 0 0 0 0 0 68 0 162 0 0 0 0 0 0 0 0 69 0 63 0 0 0 0 0 0 0 0 0 0 0 0 0 0 0 0 0 178 0 0 0 0 0 0 0 0 0 0 0 0 0 60 0 0 0 0 0 0 0 0 0 0 0 0 0 
0 0 0 0 0 0 0 0 0 128 0 0 0 0 0 0 0 152 0 0 0 0 0 0 0 0 0 0 0 0 71 0 0 0 181 0 0 0 0 110 18 0 0 4 9 0 0 0 0 0 18 0 0 0 0 0 0 0 0 0 0 0 0 0 0 0 0 0 0 0 0 0 0 0 0 0 0 0 0 0 110 0 0 0 0 0 0 0 0 0 0 47 110 0 0 79 112 0 0 152 
0 0 0 131 0 0 0 0 0 0 0 0 0 0 0 0 0 0 0 132 0 170 0 0 0 0 0 0 0 0 0 0 0 0 0 0 51 2 0 0 0 0 0 0 0 0 0 0 0 0 0 0 0 0 0 0 0 0 0 92 142 0 0 0 0 0 0 0 80 0 0 0 0 0 0 0 176 181 0 0 8 0 137 0 0 0 0 0 0 0 0 0 0 0 0 0 0 0 0 77 
0 0 0 0 0 0 0 0 0 167 0 0 0 0 0 0 0 0 0 87 0 0 0 0 0 0 0 0 0 0 183 0 80 0 0 0 0 0 5 62 0 0 40 0 0 0 0 0 0 0 0 0 0 0 0 131 0 196 0 0 0 0 0 0 0 0 119 0 0 0 114 0 0 14 0 0 0 0 0 72 0 107 182 0 0 0 0 0 0 0 0 0 0 0 0 0 0 0 0 0 
0 0 0 0 0 0 0 0 103 0 147 0 0 0 0 0 0 0 0 0 0 0 0 0 0 0 0 0 0 64 0 0 0 0 0 0 0 0 0 0 0 0 0 186 0 66 0 0 0 0 100 0 0 0 0 0 0 0 126 0 182 0 0 0 0 0 0 0 0 0 36 0 0 0 0 0 77 0 0 0 0 0 0 0 174 0 0 38 0 0 0 0 0 0 0 0 0 88 0 0 
0 0 38 0 0 0 0 0 0 0 0 0 0 0 0 0 0 0 0 0 0 0 0 0 0 0 0 0 64 0 61 0 0 0 0 0 0 0 0 0 0 0 84 0 113 0 171 0 21 0 0 0 0 179 0 0 0 0 0 0 0 0 0 0 0 0 0 0 0 0 0 0 0 0 0 0 0 0 0 0 0 0 22 0 5 0 0 0 0 0 11 0 0 0 0 0 0 0 24 0 
0 151 0 0 0 0 0 0 0 0 0 0 0 152 0 0 0 0 0 0 0 0 93 0 0 71 0 183 0 61 0 0 0 0 0 0 0 0 0 0 0 0 0 174 0 0 0 0 0 24 0 0 0 0 0 0 0 0 0 0 0 0 0 0 0 136 0 0 0 0 0 0 5 0 0 0 0 0 0 12 0 137 0 0 0 0 0 165 0 0 0 0 0 0 0 0 0 0 0 0 
0 0 0 0 0 0 0 0 0 0 0 0 0 0 0 67 0 187 0 0 0 0 0 0 156 0 0 0 0 0 0 0 0 0 0 0 0 0 0 0 148 35 0 0 0 0 197 0 0 0 0 0 0 97 0 0 0 0 0 0 0 0 0 0 0 0 0 131 0 54 0 0 0 0 0 0 0 0 0 0 0 0 118 0 0 165 56 0 118 0 0 0 0 169 0 0 0 0 0 0 
47 0 158 173 0 0 0 0 0 0 0 0 68 0 0 0 0 0 0 0 0 0 140 0 0 0 0 80 0 0 0 0 0 0 0 0 0 0 0 0 31 0 0 0 0 0 164 0 0 0 0 28 0 106 0 0 0 0 0 111 0 87 0 0 0 0 0 0 0 0 139 0 0 0 0 0 0 0 0 0 0 0 0 0 35 0 0 0 0 0 0 0 0 0 0 173 0 0 0 0 
0 155 0 0 0 0 40 0 0 0 0 0 0 0 0 0 0 0 0 40 74 74 0 0 0 0 0 0 0 0 0 0 0 0 0 4 0 0 53 0 0 0 0 193 0 0 0 0 0 0 0 0 0 0 0 0 0 0 0 0 0 0 0 0 0 0 0 0 0 115 0 0 0 0 0 0 0 0 0 0 0 0 95 0 105 0 0 0 0 0 88 0 0 0 0 69 0 65 0 0 
0 0 0 0 0 0 0 0 0 0 0 0 0 17 0 0 0 0 167 0 0 0 0 0 0 181 0 0 0 0 0 0 0 0 0 0 0 0 0 0 0 0 0 62 0 0 0 0 0 179 0 0 0 0 0 0 0 0 0 0 0 186 0 0 0 64 2 0 0 0 0 0 0 0 0 0 131 0 0 0 116 0 0 0 0 0 0 0 0 0 0 0 0 0 0 0 0 0 0 0 
0 0 0 0 98 163 0 34 0 0 0 94 0 0 0 0 0 0 0 0 96 0 0 0 0 0 0 0 0 0 0 0 0 4 0 0 0 0 0 0 0 0 0 0 0 0 0 0 0 0 122 0 0 0 0 0 154 0 0 180 0 0 0 0 0 0 0 0 0 0 0 0 0 0 54 0 0 0 0 42 0 90 0 0 0 0 0 0 0 0 0 0 0 0 182 0 102 0 0 0 
0 0 0 140 0 0 0 0 0 0 0 154 0 0 0 0 0 0 0 0 0 0 0 0 0 0 51 0 0 0 0 0 0 0 0 0 0 198 70 0 0 84 0 0 0 0 0 0 0 0 0 0 0 0 0 0 0 0 0 0 148 0 100 0 0 0 0 0 0 0 0 0 0 0 118 0 0 0 0 0 0 95 141 0 174 0 0 0 0 0 0 105 160 0 0 0 0 0 0 31 
0 0 0 0 0 0 0 0 0 0 0 0 0 0 0 0 0 0 0 0 0 194 0 0 0 0 2 0 0 0 0 0 0 0 0 0 198 0 95 0 0 0 0 0 0 0 0 0 0 0 0 0 25 0 0 0 39 0 76 0 0 0 0 0 0 0 0 0 34 38 0 0 0 113 0 0 0 14 0 0 0 0 0 0 0 0 0 0 0 0 0 0 0 0 0 0 0 0 0 0 
0 0 0 0 0 0 0 93 0 0 0 0 0 0 11 0 0 0 0 0 0 0 0 0 0 0 0 5 0 0 0 0 0 53 0 0 70 95 0 0 0 120 0 0 0 0 0 0 0 0 0 0 0 0 0 152 0 0 0 0 0 0 0 0 0 0 0 61 0 109 0 0 0 0 0 0 0 0 0 0 3 0 0 0 0 0 0 0 110 0 0 0 0 0 169 0 0 183 0 143 
0 0 0 0 107 0 0 155 0 0 123 0 0 0 0 0 0 0 78 0 52 0 0 139 0 110 0 62 0 0 0 0 0 0 0 0 0 0 0 0 0 116 0 0 117 0 0 0 0 0 154 0 0 0 0 0 0 0 0 0 0 0 0 0 0 0 0 0 0 0 0 0 0 0 0 0 0 0 94 0 0 0 0 0 0 0 135 0 0 0 0 0 40 0 0 0 0 0 117 0 
0 0 0 71 0 0 0 0 0 0 0 60 0 122 0 0 0 0 0 0 0 44 188 0 0 18 0 0 0 0 0 148 31 0 0 0 0 0 0 0 0 0 0 0 0 0 0 0 0 0 0 0 0 0 0 0 0 0 0 0 0 0 0 0 87 0 0 0 0 0 0 0 0 0 0 31 0 0 0 157 0 108 0 0 0 0 1 0 0 0 197 0 0 0 0 82 0 0 0 0 
0 0 0 0 0 168 0 0 66 0 0 0 0 122 195 0 0 0 0 0 0 0 0 0 68 0 0 0 0 0 0 35 0 0 0 0 84 0 120 116 0 0 0 0 0 0 0 0 0 139 0 0 0 0 0 0 0 0 0 0 103 0 0 0 0 78 0 0 120 0 0 0 0 0 0 0 0 0 0 0 0 0 0 194 0 0 0 0 0 0 0 0 0 0 0 0 0 28 0 0 
197 0 0 0 0 0 0 36 0 0 0 0 0 16 0 0 0 0 0 0 74 0 185 0 0 0 0 40 0 84 0 0 0 0 0 0 0 0 0 0 0 0 0 0 0 0 0 0 0 0 0 10 200 0 0 0 70 0 0 0 0 0 0 181 20 0 0 0 0 0 0 0 0 0 0 0 13 0 0 63 0 0 0 0 0 0 0 0 0 0 0 0 0 0 0 15 0 0 0 0 
0 0 0 0 0 0 0 0 0 0 0 0 0 0 0 0 0 104 0 0 0 0 0 0 162 4 0 0 186 0 174 0 0 193 62 0 0 0 0 0 0 0 0 0 180 0 0 0 104 0 0 0 0 0 0 0 0 0 0 0 136 0 0 144 183 0 0 163 0 0 0 0 0 0 0 0 0 0 0 0 0 0 0 0 0 0 0 0 0 0 0 0 0 71 0 0 0 0 0 180 
0 0 0 0 0 0 79 0 0 0 0 0 0 0 0 0 0 0 0 0 0 0 0 0 0 9 0 0 0 113 0 0 0 0 0 0 0 0 0 117 0 0 0 180 0 0 0 0 0 0 0 0 0 0 0 0 0 0 0 0 0 0 0 0 72 0 10 0 0 0 0 0 0 0 0 0 0 0 0 0 0 0 0 0 0 0 0 150 0 0 0 190 0 0 145 0 0 0 0 0 
0 105 0 0 0 0 0 0 178 0 0 0 146 0 0 0 53 0 0 0 0 0 0 0 0 0 0 0 66 0 0 0 0 0 0 0 0 0 0 0 0 0 0 0 0 0 105 0 0 0 0 0 0 0 0 0 0 154 61 0 0 0 52 0 0 0 0 0 0 0 0 0 130 122 0 24 0 0 0 0 0 0 0 0 0 186 0 0 0 0 0 0 0 112 0 0 74 0 0 0 
0 0 0 0 0 0 0 0 84 0 0 0 0 0 0 0 0 194 0 0 0 0 0 0 0 0 0 0 0 171 0 197 164 0 0 0 0 0 0 0 0 0 0 0 0 105 0 0 0 0 0 0 0 186 0 0 0 0 0 190 0 152 0 40 0 0 0 0 0 0 0 122 177 0 0 0 0 0 0 0 0 0 0 0 0 0 140 0 0 0 0 0 138 0 144 0 0 0 0 0 
0 0 0 0 0 0 0 0 0 0 0 0 0 0 0 57 0 0 0 0 0 0 0 0 0 0 0 0 0 0 0 0 0 0 0 0 0 0 0 0 0 0 0 0 0 0 0 0 0 0 0 184 0 0 0 0 0 0 0 0 0 0 0 60 0 0 0 86 0 0 0 0 106 0 0 0 0 25 0 74 0 0 0 110 0 0 0 0 0 136 0 0 0 0 0 174 0 0 53 0 
74 151 200 0 0 0 0 0 0 0 120 0 0 0 0 0 151 0 0 0 0 0 0 0 0 0 0 0 0 21 0 0 0 0 0 0 0 0 0 0 0 0 0 104 0 0 0 0 0 0 0 0 0 0 0 0 0 0 0 0 0 169 0 0 0 3 0 0 86 0 0 45 0 0 0 0 0 0 0 0 0 180 6 0 0 0 0 0 0 0 0 0 0 0 46 0 0 0 154 0 
0 0 0 0 0 143 0 0 198 0 0 0 0 0 0 0 0 0 0 0 0 0 0 67 0 0 0 0 0 0 24 0 0 0 179 0 0 0 0 0 0 139 0 0 0 0 0 0 0 0 0 0 0 0 0 0 124 0 170 0 197 0 0 0 0 0 0 194 0 0 0 0 0 96 193 0 0 0 20 0 0 0 61 0 0 0 29 0 0 0 0 0 0 0 0 0 0 0 0 0 
0 0 0 0 0 0 0 0 0 0 79 0 0 0 0 87 0 0 0 118 15 0 0 0 0 18 0 0 100 0 0 0 0 0 0 122 0 0 0 154 0 0 0 0 0 0 0 0 0 0 0 50 196 0 0 0 131 0 72 0 0 0 109 0 0 0 0 0 0 0 0 0 0 0 0 0 0 0 0 0 0 0 94 0 61 0 0 0 0 0 0 0 0 0 0 0 0 0 0 0 
0 0 0 0 0 0 27 99 0 131 0 0 0 0 0 0 0 0 0 0 0 0 0 20 0 0 0 0 0 0 0 0 28 0 0 0 0 0 0 0 0 0 10 0 0 0 0 184 0 0 50 0 0 0 0 0 0 0 0 0 0 0 0 0 167 0 184 0 13 0 0 0 0 0 0 179 0 173 0 0 0 0 0 0 0 0 0 0 0 0 0 0 0 0 0 0 0 0 0 0 
0 0 0 0 0 0 73 128 0 0 0 0 0 0 0 0 0 0 0 0 0 0 0 0 69 0 0 0 0 0 0 0 0 0 0 0 0 25 0 0 0 0 200 0 0 0 0 0 0 0 196 0 0 0 160 0 0 0 0 0 0 0 0 0 0 0 103 0 0 0 0 0 0 0 0 0 0 0 0 0 90 0 0 0 0 0 0 0 145 0 0 0 0 44 0 0 0 0 0 0 
0 0 0 0 0 0 0 0 0 0 40 0 0 0 0 0 0 113 0 157 0 0 0 0 0 0 0 0 0 179 0 97 106 0 0 0 0 0 0 0 0 0 0 0 0 0 186 0 0 0 0 0 0 0 0 0 120 37 0 0 51 0 0 0 0 41 0 0 0 0 0 0 0 0 0 0 0 0 0 0 0 0 0 153 0 0 0 0 0 0 0 132 0 0 81 0 0 0 0 86 
72 0 0 0 0 0 90 0 0 0 0 0 0 0 0 0 0 0 0 0 167 0 0 0 63 0 0 0 0 0 0 0 0 0 0 0 0 0 0 0 0 0 0 0 0 0 0 0 0 0 0 0 160 0 0 0 123 0 0 0 0 26 0 0 0 41 0 0 0 0 0 0 0 0 0 125 175 0 0 0 0 0 0 0 0 0 0 0 0 0 0 0 0 0 27 0 0 0 11 0 
0 0 0 2 0 0 0 0 0 0 0 0 0 0 141 0 0 128 0 0 0 0 0 0 0 0 0 131 0 0 0 0 0 0 0 0 0 0 152 0 0 0 0 0 0 0 0 0 0 0 0 0 0 0 0 0 103 0 0 0 0 0 0 0 0 0 0 0 0 0 0 0 104 0 0 191 0 5 0 0 0 0 0 0 0 0 0 0 0 0 0 0 6 0 122 0 0 0 0 0 
0 0 0 0 0 0 0 0 0 0 0 0 0 0 0 77 0 0 0 0 0 17 0 0 0 0 0 0 0 0 0 0 0 0 0 154 0 39 0 0 0 0 70 0 0 0 0 0 0 124 131 0 0 120 123 103 0 0 0 0 0 0 14 0 0 0 0 0 0 0 0 0 0 0 0 0 0 0 0 0 0 0 40 0 0 0 0 0 69 0 0 0 127 0 0 58 0 0 0 0 
0 194 0 0 0 0 0 0 0 0 0 0 0 0 0 0 0 0 0 0 0 0 0 84 0 0 0 196 0 0 0 0 0 0 0 0 0 0 0 0 0 0 0 0 0 154 0 0 0 0 0 0 0 37 0 0 0 0 110 0 0 0 163 0 0 83 0 0 37 0 0 181 0 0 0 156 0 0 0 0 25 0 0 0 54 0 13 0 0 0 0 0 0 0 156 0 0 0 0 0 
30 0 0 0 0 15 0 56 0 0 0 0 0 0 0 0 52 0 0 188 192 0 0 35 0 0 0 0 126 0 0 0 0 0 0 0 0 76 0 0 0 0 0 0 0 61 0 0 0 170 72 0 0 0 0 0 0 110 0 0 0 0 0 0 0 0 0 74 0 0 0 0 0 0 0 0 0 0 0 0 0 0 0 0 0 0 0 0 0 0 0 0 0 16 0 0 0 0 0 0 
0 0 0 0 190 0 0 0 0 0 0 0 0 0 149 0 0 0 0 0 0 0 0 0 0 0 92 0 0 0 0 0 111 0 0 180 0 0 0 0 0 0 0 0 0 0 190 0 0 0 0 0 0 0 0 0 0 0 0 0 0 26 0 0 0 0 0 0 0 0 0 34 0 0 11 0 0 0 0 0 0 0 0 0 0 0 0 0 0 0 0 0 0 0 0 0 0 0 0 0 
0 0 191 0 116 157 0 0 0 0 0 0 0 0 0 0 0 0 0 0 0 0 0 0 0 0 142 0 182 0 0 0 0 0 0 0 148 0 0 0 0 103 0 136 0 0 0 0 0 197 0 0 0 51 0 0 0 0 0 0 0 0 0 0 0 0 0 0 0 0 0 0 0 0 0 0 0 0 0 0 0 196 0 0 0 0 0 0 0 0 123 9 0 0 0 0 0 0 0 131 
0 0 0 0 0 0 0 0 0 0 0 0 0 0 0 0 0 0 0 0 0 0 0 0 0 0 0 0 0 0 0 0 87 0 186 0 0 0 0 0 0 0 0 0 0 0 152 0 169 0 0 0 0 0 26 0 0 0 0 26 0 0 0 45 0 0 0 0 0 0 0 0 0 186 0 0 0 0 0 0 0 0 0 0 0 0 0 119 0 0 0 0 0 0 0 0 0 0 130 144 
0 0 0 0 0 0 108 0 100 0 0 0 0 0 51 0 0 158 0 77 0 0 0 0 0 0 0 0 0 0 0 0 0 0 0 0 100 0 0 0 0 0 0 0 0 52 0 0 0 0 109 0 0 0 0 0 14 163 0 0 0 0 0 148 0 0 0 132 0 0 0 0 0 0 0 179 0 0 0 0 0 0 0 0 0 0 0 0 0 0 93 0 0 0 0 0 0 0 0 0 
0 0 0 0 0 0 0 0 0 0 0 0 0 189 0 80 61 0 0 0 0 0 0 120 0 0 0 0 0 0 0 0 0 0 0 0 0 0 0 0 0 0 181 144 0 0 40 60 0 0 0 0 0 0 0 0 0 0 0 0 0 45 148 0 0 0 0 130 0 0 0 0 0 0 182 0 0 42 0 0 0 0 0 0 0 0 131 0 0 146 0 0 0 0 0 0 0 0 0 0 
81 0 0 0 0 0 0 0 0 0 191 175 0 0 0 0 106 0 59 0 0 102 0 0 0 0 0 0 0 0 0 0 0 0 0 0 0 0 0 0 87 0 20 183 72 0 0 0 0 0 0 167 0 0 0 0 0 0 0 0 0 0 0 0 0 0 0 0 0 0 0 0 116 0 0 0 0 87 0 0 0 189 0 0 0 0 0 0 0 0 0 0 0 0 0 0 0 0 165 0 
0 0 0 0 0 0 0 0 0 0 0 71 0 0 0 0 0 0 0 0 0 0 0 0 0 0 0 0 0 0 136 0 0 0 64 0 0 0 0 0 0 78 0 0 0 0 0 0 3 0 0 0 0 41 41 0 0 83 0 0 0 0 0 0 0 0 0 0 0 0 0 48 0 0 0 0 0 0 0 0 0 0 0 142 0 0 30 0 0 0 0 0 0 0 0 0 0 0 0 0 
0 0 0 0 0 0 0 0 0 0 0 0 0 0 131 0 0 0 39 0 0 0 126 0 0 0 0 119 0 0 0 0 0 0 2 0 0 0 0 0 0 0 0 0 10 0 0 0 0 0 0 184 103 0 0 0 0 0 0 0 0 0 0 0 0 0 0 0 0 28 0 0 0 27 0 0 0 0 0 0 98 0 0 0 0 0 0 121 0 0 0 163 0 0 0 72 30 0 0 0 
0 145 0 0 0 0 0 0 0 0 0 0 0 0 0 194 0 0 0 78 0 0 0 0 0 0 0 0 0 0 0 131 0 0 0 0 0 0 61 0 0 0 0 163 0 0 0 86 0 194 0 0 0 0 0 0 0 0 74 0 0 0 132 130 0 0 0 0 0 0 0 0 0 0 0 0 0 0 143 91 0 0 0 0 0 0 0 0 0 0 0 0 32 0 0 0 0 0 0 0 
0 0 184 0 0 0 0 0 0 0 0 0 0 0 0 0 111 0 0 0 0 0 0 40 0 0 80 0 0 0 0 0 0 0 0 0 0 34 0 0 0 120 0 0 0 0 0 0 86 0 0 13 0 0 0 0 0 37 0 0 0 0 0 0 0 0 0 0 0 0 0 0 47 0 0 0 0 0 0 0 0 0 102 0 0 200 0 0 0 0 0 0 0 0 100 0 42 173 0 0 
0 0 0 0 0 0 0 0 0 0 0 0 0 0 0 0 0 0 145 116 0 0 0 0 0 0 0 0 0 0 0 54 0 115 0 0 0 38 109 0 0 0 0 0 0 0 0 0 0 0 0 0 0 0 0 0 0 0 0 0 0 0 0 0 0 0 28 0 0 0 0 0 0 0 74 0 0 0 131 137 0 0 0 37 0 0 0 0 0 0 0 0 0 69 135 155 64 0 0 0 
0 0 105 0 0 0 0 0 0 0 174 72 0 0 0 108 0 106 0 0 0 0 0 0 0 0 0 114 36 0 0 0 139 0 0 0 0 0 0 0 0 0 0 0 0 0 0 0 0 0 0 0 0 0 0 0 0 0 0 0 0 0 0 0 0 0 0 0 0 0 0 0 0 0 0 0 163 0 0 0 0 0 0 0 0 0 0 0 0 0 0 118 0 0 0 0 0 0 0 0 
0 0 0 0 0 0 0 0 109 0 0 0 75 0 0 0 0 0 149 0 0 0 0 0 0 0 0 0 0 0 0 0 0 0 0 0 0 0 0 0 0 0 0 0 0 0 122 0 45 0 0 0 0 0 0 0 0 181 0 34 0 0 0 0 0 48 0 0 0 0 0 0 0 166 0 0 0 0 0 133 0 11 0 0 0 23 0 0 0 0 0 0 0 166 0 0 0 0 69 0 
0 0 0 0 0 0 0 0 0 0 0 13 0 0 0 0 0 0 0 0 0 0 152 0 178 0 0 0 0 0 5 0 0 0 0 0 0 0 0 0 0 0 0 0 0 130 177 106 0 0 0 0 0 0 0 104 0 0 0 0 0 0 0 0 116 0 0 0 47 0 0 0 0 0 0 0 0 0 0 132 0 0 0 0 103 187 0 0 0 0 0 0 0 0 0 0 169 0 0 194 
11 0 0 175 0 0 0 0 0 0 0 0 0 0 0 0 0 0 0 0 18 35 0 0 0 0 0 14 0 0 0 0 0 0 0 0 0 113 0 0 0 0 0 0 0 122 0 0 0 96 0 0 0 0 0 0 0 0 0 0 0 186 0 0 0 0 27 0 0 0 0 166 0 0 0 0 0 0 0 0 114 0 0 0 0 0 0 1 0 0 63 0 0 0 0 0 0 66 0 0 
0 0 0 0 0 0 0 0 0 0 0 0 0 0 0 0 171 0 0 0 0 91 0 0 0 0 0 0 0 0 0 0 0 0 0 54 118 0 0 0 0 0 0 0 0 0 0 0 0 193 0 0 0 0 0 0 0 0 0 11 0 0 0 182 0 0 0 0 0 74 0 0 0 0 0 0 0 0 0 0 0 0 0 0 0 0 0 0 0 0 0 185 0 0 0 0 0 0 0 0 
0 89 0 121 0 0 0 0 0 0 0 0 160 90 0 0 0 0 0 0 0 0 0 0 0 0 0 0 0 0 0 0 0 0 0 0 0 0 0 0 31 0 0 0 0 24 0 0 0 0 0 179 0 0 125 191 0 156 0 0 0 0 179 0 0 0 0 0 0 0 0 0 0 0 0 0 0 0 0 0 105 0 0 0 0 0 0 0 0 104 0 0 0 34 0 0 0 0 0 0 
0 32 0 0 0 0 0 0 0 0 193 80 0 0 0 0 0 0 0 0 0 0 0 0 0 0 176 0 77 0 0 0 0 0 131 0 0 0 0 0 0 0 13 0 0 0 0 0 0 0 0 0 0 0 175 0 0 0 0 0 0 0 0 0 0 0 0 0 0 0 163 0 0 0 0 0 0 0 0 0 0 0 0 0 0 0 0 0 69 0 0 0 0 0 0 0 0 0 0 0 
0 0 0 0 0 0 0 164 0 0 0 0 0 0 0 0 126 0 0 91 0 28 0 36 0 0 181 0 0 0 0 0 0 0 0 0 0 14 0 0 0 0 0 0 0 0 0 25 0 0 0 173 0 0 0 5 0 0 0 0 0 0 0 42 87 0 0 0 0 0 0 0 0 0 0 0 0 0 0 0 143 0 0 0 0 0 0 0 0 132 0 148 0 0 0 0 0 0 0 0 
0 0 88 0 0 167 0 0 0 0 0 0 0 21 131 0 0 0 0 0 0 0 10 0 0 0 0 0 0 0 0 0 0 0 0 0 0 0 0 94 0 0 0 0 0 0 0 0 0 20 0 0 0 0 0 0 0 0 0 0 0 0 0 0 0 0 0 143 0 131 0 0 0 0 0 0 0 0 0 0 0 0 0 169 0 0 0 0 0 0 0 0 0 0 0 0 36 0 0 0 
124 0 189 0 0 0 0 0 0 0 0 0 0 0 0 0 0 0 124 0 0 0 0 0 0 0 0 72 0 0 12 0 0 0 0 42 0 0 0 0 157 0 63 0 0 0 0 74 0 0 0 0 0 0 0 0 0 0 0 0 0 0 0 0 0 0 0 91 0 137 0 133 132 0 0 0 0 0 0 0 0 0 0 0 0 0 0 0 0 0 0 0 0 0 0 0 0 0 52 197 
0 0 0 0 38 149 0 0 0 110 0 156 0 0 0 0 0 0 0 0 0 0 0 0 0 110 8 0 0 0 0 0 0 0 116 0 0 0 3 0 0 0 0 0 0 0 0 0 0 0 0 0 90 0 0 0 0 25 0 0 0 0 0 0 0 0 98 0 0 0 0 0 0 114 0 105 0 143 0 0 0 0 0 0 0 0 0 0 0 190 0 0 0 0 0 0 0 0 0 0 
0 0 0 0 0 174 0 0 0 0 9 0 0 0 0 0 0 0 0 0 0 0 0 0 0 0 0 107 0 0 137 0 0 0 0 90 95 0 0 0 108 0 0 0 0 0 0 0 180 0 0 0 0 0 0 0 0 0 0 0 196 0 0 0 189 0 0 0 0 0 0 11 0 0 0 0 0 0 0 0 0 0 0 157 0 0 49 0 0 0 0 0 0 0 0 0 0 56 0 0 
0 0 0 0 12 0 0 0 0 0 135 0 0 0 0 0 0 0 0 0 0 0 0 0 0 0 137 182 0 22 0 118 0 95 0 0 141 0 0 0 0 0 0 0 0 0 0 0 6 61 94 0 0 0 0 0 40 0 0 0 0 0 0 0 0 0 0 0 102 0 0 0 0 0 0 0 0 0 0 0 0 0 0 0 0 0 182 0 125 0 0 0 0 0 0 0 0 0 0 0 
0 0 0 0 0 0 0 0 36 0 0 0 111 133 107 0 0 0 143 0 0 0 0 0 0 0 0 0 0 0 0 0 0 0 0 0 0 0 0 0 0 194 0 0 0 0 0 110 0 0 0 0 0 153 0 0 0 0 0 0 0 0 0 0 0 142 0 0 0 37 0 0 0 0 0 0 0 0 169 0 0 157 0 0 0 0 0 0 80 0 0 0 0 26 0 121 0 0 0 0 
146 0 0 136 0 153 0 0 0 0 0 0 0 0 0 0 100 33 0 0 0 0 0 0 0 0 0 0 174 5 0 0 35 105 0 0 174 0 0 0 0 0 0 0 0 0 0 0 0 0 61 0 0 0 0 0 0 54 0 0 0 0 0 0 0 0 0 0 0 0 0 0 103 0 0 0 0 0 0 0 0 0 0 0 0 0 0 0 54 159 0 0 0 0 0 0 0 0 0 0 
119 0 0 0 0 0 0 0 168 0 0 0 19 0 0 0 0 0 135 92 0 0 0 0 0 0 0 0 0 0 0 165 0 0 0 0 0 0 0 0 0 0 0 0 0 186 0 0 0 0 0 0 0 0 0 0 0 0 0 0 0 0 0 0 0 0 0 0 200 0 0 23 187 0 0 0 0 0 0 0 0 0 0 0 0 0 0 106 0 0 0 0 0 0 0 0 0 0 0 0 
0 0 0 0 0 0 0 0 0 0 0 0 0 0 0 0 0 0 0 0 0 0 0 0 60 0 0 0 0 0 0 56 0 0 0 0 0 0 0 135 1 0 0 0 0 0 140 0 0 29 0 0 0 0 0 0 0 13 0 0 0 0 0 131 0 30 0 0 0 0 0 0 0 0 0 0 0 0 0 0 0 49 182 0 0 0 0 0 0 0 0 0 0 76 0 0 0 0 0 0 
182 173 93 0 0 164 0 0 0 0 0 0 0 0 0 0 61 144 0 0 0 0 0 0 0 0 0 0 38 0 165 0 0 0 0 0 0 0 0 0 0 0 0 0 150 0 0 0 0 0 0 0 0 0 0 0 0 0 0 0 0 119 0 0 0 0 121 0 0 0 0 0 0 1 0 0 0 0 0 0 0 0 0 0 0 106 0 0 0 0 195 0 0 0 0 0 0 71 0 0 
0 0 0 0 0 115 0 0 0 182 98 0 0 0 0 166 0 0 0 0 73 0 0 0 0 0 0 0 0 0 0 118 0 0 0 0 0 0 110 0 0 0 0 0 0 0 0 0 0 0 0 0 145 0 0 0 69 0 0 0 0 0 0 0 0 0 0 0 0 0 0 0 0 0 0 0 69 0 0 0 0 0 125 80 54 0 0 0 0 0 0 0 0 0 0 0 0 0 0 0 
0 0 0 0 0 0 198 0 0 0 0 129 53 0 0 55 41 0 0 0 0 0 0 0 0 0 0 0 0 0 0 0 0 0 0 0 0 0 0 0 0 0 0 0 0 0 0 136 0 0 0 0 0 0 0 0 0 0 0 0 0 0 0 146 0 0 0 0 0 0 0 0 0 0 0 104 0 132 0 0 190 0 0 0 159 0 0 0 0 0 0 0 0 0 0 0 0 190 13 0 
0 0 0 194 0 0 0 0 111 0 0 0 0 0 0 0 0 0 0 0 182 0 0 0 0 0 0 0 0 11 0 0 0 88 0 0 0 0 0 0 197 0 0 0 0 0 0 0 0 0 0 0 0 0 0 0 0 0 0 0 123 0 93 0 0 0 0 0 0 0 0 0 0 63 0 0 0 0 0 0 0 0 0 0 0 0 0 195 0 0 0 0 127 0 0 0 0 0 175 0 
0 0 0 0 112 0 0 0 132 0 0 0 0 0 0 0 0 0 0 0 0 11 0 0 0 47 0 0 0 0 0 0 0 0 0 0 105 0 0 0 0 0 0 0 190 0 0 0 0 0 0 0 0 132 0 0 0 0 0 0 9 0 0 0 0 0 163 0 0 0 118 0 0 0 185 0 0 148 0 0 0 0 0 0 0 0 0 0 0 0 0 0 23 0 0 0 0 0 0 0 
0 141 0 0 0 0 0 200 0 0 0 0 0 45 0 0 0 0 0 0 0 0 0 0 0 110 0 0 0 0 0 0 0 0 0 0 160 0 0 40 0 0 0 0 0 0 138 0 0 0 0 0 0 0 0 6 127 0 0 0 0 0 0 0 0 0 0 32 0 0 0 0 0 0 0 0 0 0 0 0 0 0 0 0 0 0 0 0 0 0 127 23 0 0 0 0 169 0 0 0 
0 0 0 0 139 0 45 0 163 0 0 0 0 0 0 0 0 99 0 0 0 0 0 183 0 0 0 0 0 0 0 169 0 0 0 0 0 0 0 0 0 0 0 71 0 112 0 0 0 0 0 0 44 0 0 0 0 0 16 0 0 0 0 0 0 0 0 0 0 69 0 166 0 0 0 34 0 0 0 0 0 0 0 26 0 0 76 0 0 0 0 0 0 0 0 0 0 0 0 0 
0 0 0 0 0 0 0 48 0 0 0 0 134 0 0 0 0 0 0 0 178 0 0 0 0 0 0 0 0 0 0 0 0 0 0 182 0 0 169 0 0 0 0 0 145 0 144 0 46 0 0 0 0 81 27 122 0 156 0 0 0 0 0 0 0 0 0 0 100 135 0 0 0 0 0 0 0 0 0 0 0 0 0 0 0 0 0 0 0 0 0 0 0 0 0 0 0 0 0 0 
0 0 110 0 0 0 0 0 0 0 0 127 0 0 0 0 0 0 0 0 0 0 75 0 0 79 0 0 0 0 0 0 173 69 0 0 0 0 0 0 82 0 15 0 0 0 0 174 0 0 0 0 0 0 0 0 58 0 0 0 0 0 0 0 0 0 72 0 0 155 0 0 0 0 0 0 0 0 0 0 0 0 0 121 0 0 0 0 0 0 0 0 0 0 0 0 22 0 0 157 
0 0 0 0 0 54 0 62 77 0 0 140 0 0 0 0 0 0 0 0 0 0 0 0 0 112 0 0 0 0 0 0 0 0 0 102 0 0 0 0 0 0 0 0 0 74 0 0 0 0 0 0 0 0 0 0 0 0 0 0 0 0 0 0 0 0 30 0 42 64 0 0 169 0 0 0 0 0 36 0 0 0 0 0 0 0 0 0 0 0 0 0 169 0 0 22 0 0 0 191 
0 0 0 0 0 0 0 0 0 0 0 0 0 0 0 0 0 0 0 0 0 0 0 118 0 0 0 0 88 0 0 0 0 65 0 0 0 0 183 0 0 28 0 0 0 0 0 0 0 0 0 0 0 0 0 0 0 0 0 0 0 0 0 0 0 0 0 0 173 0 0 0 0 66 0 0 0 0 0 0 0 56 0 0 0 0 0 71 0 190 0 0 0 0 0 0 0 0 0 0 
0 0 0 0 130 0 0 0 168 0 0 0 0 0 0 0 0 0 0 139 0 156 0 0 0 0 0 0 0 24 0 0 0 0 0 0 0 0 0 117 0 0 0 0 0 0 0 53 154 0 0 0 0 0 11 0 0 0 0 0 0 130 0 0 165 0 0 0 0 0 0 69 0 0 0 0 0 0 0 52 0 0 0 0 0 0 0 0 0 13 175 0 0 0 0 0 0 0 0 0 
0 0 0 0 0 0 0 0 0 89 0 0 0 187 0 0 0 0 0 0 0 199 0 0 0 152 77 0 0 0 0 0 0 0 0 0 31 0 143 0 0 0 0 180 0 0 0 0 0 0 0 0 0 86 0 0 0 0 0 0 131 144 0 0 0 0 0 0 0 0 0 0 194 0 0 0 0 0 0 197 0 0 0 0 0 0 0 0 0 0 0 0 0 0 0 157 191 0 0 0 
