0 33 0 40 41 46 39 36 94 72 0 19 92 49 70 29 27 30 57 89 6 44 71 0 0 37 83 93 52 0 92 27 95 31 11 49 29 0 0 0 74 71 2 52 0 36 100 0 69 14 0 24 48 32 20 60 0 73 55 19 27 28 0 63 46 18 8 0 77 47 13 0 56 55 0 95 72 0 0 1 64 32 30 65 84 0 30 71 0 0 26 0 83 70 40 0 67 38 0 52 
33 0 87 89 71 76 31 87 38 29 4 0 5 59 67 8 89 33 16 39 32 92 8 7 7 0 47 98 55 82 98 80 10 31 0 60 75 48 78 35 47 52 0 31 38 26 37 0 23 23 41 96 92 83 50 100 31 59 73 96 0 21 7 31 48 44 0 51 85 94 16 50 59 90 61 28 31 90 45 0 6 49 32 61 75 84 40 78 62 64 32 83 18 71 47 0 76 4 65 45 
0 87 0 92 15 16 0 38 10 3 3 64 12 97 81 85 40 0 33 4 70 0 16 49 40 21 80 43 82 12 0 66 0 27 19 50 0 0 58 63 0 14 83 26 64 0 40 0 0 46 71 13 78 76 76 0 85 21 61 58 97 52 0 100 84 48 70 30 43 92 74 80 66 10 33 81 61 90 0 0 0 0 0 13 67 56 79 16 7 11 99 0 3 41 60 14 0 30 60 24 
40 89 92 0 0 0 0 0 73 64 45 54 0 62 0 95 35 98 53 19 80 83 72 80 79 84 0 31 0 55 58 0 0 0 0 16 99 11 0 6 89 21 78 70 0 0 8 76 0 87 68 60 38 81 68 0 0 54 43 19 75 50 38 51 15 73 11 54 82 30 0 74 8 71 0 34 6 91 13 17 0 34 41 90 2 0 99 43 11 36 3 0 70 0 17 20 32 81 0 35 
41 71 15 0 0 36 61 100 58 69 0 44 84 41 0 49 68 98 68 84 27 0 3 0 0 76 48 0 22 4 72 0 46 0 2 26 4 11 0 65 35 91 87 31 0 30 9 0 85 9 32 10 0 60 84 10 0 44 98 0 26 50 0 75 26 61 96 18 97 91 42 0 0 18 0 3 31 75 89 1 0 0 0 13 0 59 17 77 5 37 38 16 69 28 18 48 0 17 73 41 
46 76 16 0 36 0 47 77 62 57 73 9 92 73 83 30 20 76 94 0 0 23 61 65 4 83 56 73 77 7 80 70 0 23 52 84 86 52 6 60 61 72 85 79 78 74 40 6 22 0 51 29 22 98 68 97 0 100 38 40 16 38 71 21 76 90 91 27 0 0 0 50 95 94 17 0 37 34 26 0 38 0 7 73 22 62 72 87 0 77 9 9 93 95 43 55 54 48 11 37 
39 31 0 0 61 47 0 9 0 51 64 14 34 25 41 63 61 63 96 0 28 28 53 90 32 50 51 15 55 60 52 85 0 21 0 72 89 74 30 1 0 50 0 54 95 12 12 0 93 57 15 0 25 24 69 56 35 33 25 80 0 17 0 84 0 75 100 0 33 50 0 9 64 80 47 7 2 78 33 56 21 37 66 34 0 57 22 73 0 0 29 78 15 0 45 0 0 35 88 52 
36 87 38 0 100 77 9 0 10 91 64 42 19 32 0 70 77 62 0 94 7 26 16 0 52 67 0 0 61 52 91 17 27 0 19 0 79 35 28 0 83 34 75 98 0 44 45 0 76 99 20 0 3 90 4 0 15 56 3 77 22 0 61 100 2 35 11 55 54 0 49 60 4 74 16 0 4 91 54 23 58 98 91 88 72 9 55 0 55 28 28 68 0 96 52 0 9 5 17 0 
94 38 10 73 58 62 0 10 0 11 84 84 97 97 96 37 93 0 49 95 56 90 5 0 0 40 0 0 97 45 55 43 87 63 29 0 90 44 68 57 17 32 81 32 24 74 72 0 11 47 19 0 35 5 96 18 57 30 34 43 0 56 63 0 0 83 90 68 0 66 16 0 0 70 0 91 34 33 86 54 0 0 72 0 45 11 14 3 9 40 0 18 59 75 61 0 0 59 62 51 
72 29 3 64 69 57 51 91 11 0 0 85 76 11 84 69 12 22 91 39 35 48 74 81 0 0 33 80 34 40 82 29 0 60 95 74 0 99 42 44 41 38 58 41 83 61 96 61 83 67 88 18 3 22 75 37 95 84 21 31 22 44 13 54 81 32 6 18 95 0 52 0 92 79 0 9 46 83 82 96 25 85 56 84 79 97 47 83 0 8 0 4 81 82 0 65 85 76 60 74 
0 4 3 45 0 73 64 64 84 0 0 24 0 48 41 30 57 30 64 79 58 43 35 51 41 64 88 0 77 50 95 49 58 32 0 66 53 36 0 19 57 0 0 0 86 54 18 25 27 1 0 27 100 33 11 0 41 0 83 16 95 75 23 45 0 34 0 14 38 69 85 67 0 28 0 0 76 73 48 17 6 43 0 28 17 48 0 0 16 23 71 6 38 98 68 64 38 25 90 0 
19 0 64 54 44 9 14 42 84 85 24 0 3 98 49 0 0 40 60 90 16 50 17 73 92 0 19 51 0 38 74 0 37 0 12 0 67 62 98 45 5 2 63 95 83 80 2 64 59 0 28 100 51 12 25 6 13 42 100 0 0 64 64 93 54 0 5 99 94 0 0 75 0 60 10 79 0 0 76 0 99 11 94 82 32 61 0 0 0 19 74 24 0 4 56 93 19 18 83 66 
92 5 12 0 84 92 34 19 97 76 0 3 0 0 95 0 52 0 88 95 0 80 65 72 20 0 83 14 61 0 79 37 61 87 5 46 66 35 44 0 28 7 18 38 52 79 41 0 35 12 85 24 53 53 84 49 42 58 0 0 0 9 97 91 10 32 91 1 92 83 45 58 53 0 0 29 39 29 4 61 81 0 80 42 32 21 12 0 13 0 3 35 0 60 58 61 36 0 39 0 
49 59 97 62 41 73 25 32 97 11 48 98 0 0 0 60 30 46 5 66 53 45 74 40 15 7 0 44 52 58 0 23 53 28 39 79 34 26 89 88 53 99 6 0 39 6 79 34 79 25 23 93 43 0 27 25 80 43 1 49 18 92 62 37 35 0 26 36 85 11 69 73 89 83 96 98 47 8 74 28 18 44 76 11 0 34 9 10 0 96 71 0 63 31 0 91 63 52 95 0 
70 67 81 0 0 83 41 0 96 84 41 49 95 0 0 6 13 98 22 13 35 100 0 0 74 0 40 14 89 1 9 12 41 0 0 64 51 2 0 69 76 57 27 62 77 0 0 21 0 0 48 54 4 42 16 0 3 71 0 11 59 78 29 0 0 100 20 2 0 34 40 69 91 41 35 0 0 49 68 0 38 82 8 69 81 74 53 66 30 21 44 21 65 57 40 100 0 0 12 81 
29 8 85 95 49 30 63 70 37 69 30 0 0 60 6 0 94 20 23 38 84 71 0 53 8 23 89 0 37 58 58 49 53 92 68 70 4 1 9 28 76 36 82 0 0 91 97 29 12 1 0 17 48 61 30 23 0 36 69 100 0 41 57 49 24 62 58 15 91 37 89 78 27 33 0 43 0 71 37 87 31 36 29 0 65 95 83 66 86 0 0 0 74 35 60 43 0 70 59 89 
27 89 40 35 68 20 61 77 93 12 57 0 52 30 13 94 0 91 91 23 82 42 4 85 10 56 82 69 0 91 33 79 88 0 0 50 41 0 38 94 0 0 53 35 21 8 26 0 84 65 95 95 45 77 90 0 50 11 87 18 67 39 0 33 0 40 89 0 53 29 63 0 0 59 47 41 53 84 71 48 0 0 44 67 26 1 44 92 39 9 11 37 11 55 0 12 51 13 37 36 
30 33 0 98 98 76 63 62 0 22 30 40 0 46 98 20 91 0 65 84 66 88 73 35 51 65 73 0 0 0 43 78 93 49 94 0 0 76 18 95 55 80 5 3 14 39 0 94 83 79 2 20 77 11 41 91 47 64 0 87 76 0 82 28 0 13 93 98 64 5 61 89 65 56 0 18 64 29 80 12 98 1 0 52 0 0 26 99 98 89 89 30 79 97 0 0 29 9 60 76 
57 16 33 53 68 94 96 0 49 91 64 60 88 5 22 23 91 65 0 5 0 16 19 26 80 39 95 97 0 14 40 53 100 25 30 0 88 83 57 43 6 44 3 73 28 91 20 63 91 36 13 25 6 64 47 54 100 80 40 96 0 73 9 60 71 29 29 77 6 49 100 0 61 90 12 25 93 41 62 77 51 12 84 86 32 0 43 5 70 42 63 12 22 20 59 57 95 0 24 0 
89 39 4 19 84 0 0 94 95 39 79 90 95 66 13 38 23 84 5 0 77 0 46 19 61 56 81 80 24 1 17 0 66 71 96 0 81 39 59 62 12 53 36 46 87 90 74 52 1 3 0 75 71 27 0 8 58 0 0 32 48 35 57 55 40 7 56 21 9 0 77 23 27 5 0 29 76 0 48 64 0 0 5 76 49 70 71 2 28 48 36 87 53 39 79 90 77 65 67 0 
6 32 70 80 27 0 28 7 56 35 58 16 0 53 35 84 82 66 0 77 0 47 58 9 8 47 7 0 26 40 0 54 63 94 76 32 3 71 13 5 0 44 49 68 0 49 0 34 34 75 88 51 16 26 74 0 78 31 61 81 0 77 35 0 0 36 68 72 67 100 14 59 4 78 10 29 0 22 56 95 45 12 63 69 0 74 91 20 7 91 12 20 51 77 38 41 0 45 69 78 
44 92 0 83 0 23 28 26 90 48 43 50 80 45 100 71 42 88 16 0 47 0 63 0 72 73 42 0 12 6 98 27 38 5 0 33 0 4 50 0 0 1 0 60 30 7 45 47 7 66 13 0 29 0 76 33 56 88 62 63 0 79 0 63 4 0 0 54 58 19 3 82 81 45 39 0 41 0 0 77 21 63 99 8 0 100 1 66 0 31 12 0 80 50 13 55 67 0 0 97 
71 8 16 72 3 61 53 16 5 74 35 17 65 74 0 0 4 73 19 46 58 63 0 43 75 52 68 0 30 32 67 12 71 26 52 18 58 0 22 30 27 0 59 100 3 26 99 12 84 0 37 72 86 77 67 57 12 82 20 0 69 66 34 13 89 0 66 89 1 0 67 80 35 0 73 56 43 92 41 75 5 95 18 90 39 26 0 67 0 0 63 42 55 2 98 0 94 1 0 54 
0 7 49 80 0 65 90 0 0 81 51 73 72 40 0 53 85 35 26 19 9 0 43 0 27 0 25 0 0 0 12 47 27 0 0 16 27 0 56 11 68 55 37 76 10 79 79 0 3 73 1 17 39 18 19 20 0 0 78 0 34 15 0 0 1 0 65 0 30 82 6 0 2 73 69 22 99 0 0 0 38 0 10 16 69 0 30 39 79 80 15 58 60 0 9 85 12 73 74 12 
0 7 40 79 0 4 32 52 0 0 41 92 20 15 74 8 10 51 80 61 8 72 75 27 0 46 54 95 0 49 24 34 13 0 62 73 46 45 2 0 81 43 0 27 76 27 67 0 30 84 56 0 2 0 9 84 0 0 31 0 10 0 50 37 39 87 37 54 68 39 39 0 74 77 79 58 61 0 81 87 87 0 71 0 0 91 26 0 79 89 50 0 96 69 3 60 65 85 3 29 
37 0 21 84 76 83 50 67 40 0 64 0 0 7 0 23 56 65 39 56 47 73 52 0 46 0 80 53 26 90 10 48 70 65 58 78 44 56 98 32 51 75 12 3 26 63 31 0 55 82 39 33 85 5 52 43 86 33 51 58 77 35 51 90 91 0 2 58 28 0 64 79 6 98 10 0 69 54 0 3 79 16 5 46 39 34 82 67 11 31 82 86 70 47 55 34 0 36 99 13 
83 47 80 0 48 56 51 0 0 33 88 19 83 0 40 89 82 73 95 81 7 42 68 25 54 80 0 0 71 92 26 91 0 81 7 32 2 0 23 38 0 0 13 21 41 57 0 89 66 33 0 38 37 83 0 86 24 0 54 76 97 81 36 30 84 32 93 41 33 72 34 93 0 0 21 72 98 2 86 47 2 30 93 84 10 96 24 75 100 0 43 76 38 43 41 72 0 0 0 0 
93 98 43 31 0 73 15 0 0 80 0 51 14 44 14 0 69 0 97 80 0 0 0 0 95 53 0 0 0 100 52 4 71 81 73 35 49 22 81 36 78 58 83 54 47 0 63 0 68 79 49 11 42 4 19 37 20 67 0 92 0 13 6 5 64 85 15 7 44 0 42 99 33 52 77 0 38 87 93 17 82 46 54 70 20 62 0 0 58 43 17 50 43 0 35 97 94 12 97 0 
52 55 82 0 22 77 55 61 97 34 77 0 61 52 89 37 0 0 0 24 26 12 30 0 0 26 71 0 0 73 74 91 78 0 87 40 0 13 15 46 97 80 27 34 91 65 92 0 50 15 31 34 42 23 29 10 16 0 0 85 46 41 3 0 76 81 41 55 0 0 71 2 0 16 0 0 23 0 12 83 52 3 65 14 26 0 70 31 66 32 82 0 62 17 99 36 54 71 33 86 
0 82 12 55 4 7 60 52 45 40 50 38 0 58 1 58 91 0 14 1 40 6 32 0 49 90 92 100 73 0 37 32 61 6 84 22 69 24 59 13 56 35 84 1 82 29 24 55 54 56 65 82 81 44 52 10 86 1 0 0 27 99 56 60 0 98 13 29 0 84 84 3 91 26 12 49 82 64 70 0 68 75 43 37 69 0 53 73 57 79 29 16 91 43 79 85 46 92 35 97 
92 98 0 58 72 80 52 91 55 82 95 74 79 0 9 58 33 43 40 17 0 98 67 12 24 10 26 52 74 37 0 95 84 6 10 11 58 57 60 64 15 28 33 41 0 10 8 0 66 24 19 13 56 41 42 0 94 70 7 0 0 47 57 62 78 0 72 51 96 85 61 20 89 66 67 43 95 60 35 0 0 24 91 0 60 82 47 9 16 80 61 69 83 0 29 56 0 45 7 92 
27 80 66 0 0 70 85 17 43 29 49 0 37 23 12 49 79 78 53 0 54 27 12 47 34 48 91 4 91 32 95 0 8 96 23 36 0 87 17 0 0 52 59 29 50 44 55 84 51 64 27 80 55 90 99 69 37 61 99 61 90 16 43 84 8 66 71 2 70 58 73 37 52 25 61 37 11 20 37 72 34 42 92 0 36 49 71 27 37 84 73 65 0 37 88 36 44 73 92 72 
95 10 0 0 46 0 0 27 87 0 58 37 61 53 41 53 88 93 100 66 63 38 71 27 13 70 0 71 78 61 84 8 0 50 46 58 14 15 86 0 60 63 33 69 18 93 67 81 71 84 39 0 54 15 45 98 12 61 28 8 0 52 78 96 0 59 12 6 79 44 3 18 0 42 18 83 83 17 64 64 33 42 41 7 57 32 0 39 42 8 69 6 0 59 89 87 37 93 30 30 
31 31 27 0 0 23 21 0 63 60 32 0 87 28 0 92 0 49 25 71 94 5 26 0 0 65 81 81 0 6 6 96 50 0 28 97 28 27 85 75 62 93 92 0 66 5 26 71 27 50 44 65 75 32 79 31 0 0 82 15 0 53 66 26 50 0 11 54 0 0 0 0 75 0 21 0 68 34 0 0 25 11 0 49 29 0 57 0 0 25 0 16 41 50 0 4 19 0 25 45 
11 0 19 0 2 52 0 19 29 95 0 12 5 39 0 68 0 94 30 96 76 0 52 0 62 58 7 73 87 84 10 23 46 28 0 0 10 65 83 9 67 72 13 45 43 75 30 90 58 61 22 68 77 36 63 31 33 27 19 64 47 95 45 87 83 6 0 0 0 59 54 6 100 29 27 52 100 34 37 0 100 15 23 44 14 100 91 0 57 43 75 12 82 75 45 0 0 2 93 90 
49 60 50 16 26 84 72 0 0 74 66 0 46 79 64 70 50 0 0 0 32 33 18 16 73 78 32 35 40 22 11 36 58 97 0 0 15 50 98 81 48 85 0 0 0 100 21 0 89 42 75 0 94 42 52 39 82 47 90 34 89 61 0 88 34 0 1 0 0 0 9 25 12 84 72 96 39 7 44 0 19 88 0 0 63 48 66 8 16 98 7 22 89 13 0 68 47 10 48 69 
29 75 0 99 4 86 89 79 90 0 53 67 66 34 51 4 41 0 88 81 3 0 58 27 46 44 2 49 0 69 58 0 14 28 10 15 0 51 27 7 44 89 0 43 37 39 13 0 60 7 0 91 54 40 96 2 74 45 90 17 21 100 54 11 56 84 4 100 47 0 24 43 67 15 82 4 42 29 0 52 0 14 43 0 1 51 18 2 38 34 58 71 52 28 63 24 26 12 88 17 
0 48 0 11 11 52 74 35 44 99 36 62 35 26 2 1 0 76 83 39 71 4 0 0 45 56 0 22 13 24 57 87 15 27 65 50 51 0 11 3 7 58 33 0 20 9 46 83 32 7 27 0 0 0 57 0 61 65 0 0 0 0 90 0 94 97 35 91 98 1 61 40 55 94 44 64 0 90 51 72 15 3 0 29 79 71 59 10 0 9 43 67 68 65 8 0 77 12 25 0 
0 78 58 0 0 6 30 28 68 42 0 98 44 89 0 9 38 18 57 59 13 50 22 56 2 98 23 81 15 59 60 17 86 85 83 98 27 11 0 7 11 12 0 96 0 3 63 83 0 2 74 63 8 57 81 0 83 0 20 1 67 10 40 1 75 38 74 24 46 49 0 42 9 11 92 90 88 75 42 71 10 26 33 88 3 0 42 21 0 44 0 32 0 88 0 27 78 56 80 35 
0 35 63 6 65 60 1 0 57 44 19 45 0 88 69 28 94 95 43 62 5 0 30 11 0 32 38 36 46 13 64 0 0 75 9 81 7 3 7 0 71 32 0 40 55 17 0 75 0 18 33 51 87 2 33 71 32 4 82 19 0 69 28 31 31 0 45 81 52 15 49 32 60 34 0 37 49 53 88 40 87 15 34 0 23 46 35 0 20 82 0 0 82 97 70 38 26 0 0 10 
74 47 0 89 35 61 0 83 17 41 57 5 28 53 76 76 0 55 6 12 0 0 27 68 81 51 0 78 97 56 15 0 60 62 67 48 44 7 11 71 0 87 68 0 8 0 53 61 92 21 53 0 55 38 65 59 33 52 89 61 24 25 40 99 69 46 0 98 18 50 23 91 27 0 97 55 43 36 49 87 0 41 46 59 72 7 41 58 0 0 3 24 1 12 0 54 72 48 0 84 
71 52 14 21 91 72 50 34 32 38 0 2 7 99 57 36 0 80 44 53 44 1 0 55 43 75 0 58 80 35 28 52 63 93 72 85 89 58 12 32 87 0 73 0 62 83 42 48 0 44 35 27 87 52 4 88 58 19 59 65 7 85 82 42 46 96 49 18 66 68 0 15 38 95 59 6 77 71 86 68 0 100 8 0 16 63 88 46 10 33 50 64 10 7 20 95 30 89 6 13 
2 0 83 78 87 85 0 75 81 58 0 63 18 6 27 82 53 5 3 36 49 0 59 37 0 12 13 83 27 84 33 59 33 92 13 0 0 33 0 0 68 73 0 5 62 32 91 25 21 76 3 81 21 41 4 72 58 17 0 42 38 0 46 90 63 61 19 0 97 52 0 94 51 45 21 94 0 41 47 56 70 27 16 33 44 0 47 0 27 0 47 12 76 91 90 6 97 100 60 0 
52 31 26 70 31 79 54 98 32 41 0 95 38 0 62 0 35 3 73 46 68 60 100 76 27 3 21 54 34 1 41 29 69 0 45 0 43 0 96 40 0 0 5 0 85 70 0 0 16 61 74 0 84 2 30 65 15 0 77 53 64 35 66 0 91 12 68 43 80 60 85 89 25 60 97 0 38 0 51 74 95 47 12 0 8 43 87 88 100 75 35 1 43 14 59 33 53 14 51 54 
0 38 64 0 0 78 95 0 24 83 86 83 52 39 77 0 21 14 28 87 0 30 3 10 76 26 41 47 91 82 0 50 18 66 43 0 37 20 0 55 8 62 62 85 0 99 77 0 87 56 81 9 0 2 67 0 0 48 74 59 20 49 49 26 0 57 13 15 100 63 86 0 0 88 98 56 28 85 48 85 94 71 13 0 8 37 90 0 49 0 91 0 2 4 95 14 75 6 54 90 
36 26 0 0 30 74 12 44 74 61 54 80 79 6 0 91 8 39 91 90 49 7 26 79 27 63 57 0 65 29 10 44 93 5 75 100 39 9 3 17 0 83 32 70 99 0 75 34 90 96 71 0 53 23 8 20 82 32 56 71 63 92 0 44 92 82 39 67 0 49 58 20 38 0 0 39 52 12 81 0 26 4 98 0 80 84 46 36 58 55 0 2 34 0 68 89 80 48 0 71 
100 37 40 8 9 40 12 45 72 96 18 2 41 79 0 97 26 0 20 74 0 45 99 79 67 31 0 63 92 24 8 55 67 26 30 21 13 46 63 0 53 42 91 0 77 75 0 8 57 79 13 33 57 51 0 74 43 77 0 27 31 85 52 62 75 59 45 51 59 67 50 27 63 11 58 52 31 34 67 44 29 33 34 51 61 8 10 98 0 52 30 84 93 49 92 68 91 31 84 47 
0 0 0 76 0 6 0 0 0 61 25 64 0 34 21 29 0 94 63 52 34 47 12 0 0 0 89 0 0 55 0 84 81 71 90 0 0 83 83 75 61 48 25 0 0 34 8 0 8 0 35 88 53 57 0 85 0 4 90 41 0 0 40 60 0 87 74 0 41 66 100 66 47 0 31 91 21 0 77 63 9 76 42 50 73 50 85 0 62 19 0 62 0 0 98 94 90 33 0 6 
69 23 0 0 85 22 93 76 11 83 27 59 35 79 0 12 84 83 91 1 34 7 84 3 30 55 66 68 50 54 66 51 71 27 58 89 60 32 0 0 92 0 21 16 87 90 57 8 0 47 2 13 84 77 77 0 30 87 57 97 66 1 4 58 40 0 10 0 47 46 56 68 0 18 70 85 35 24 73 1 79 65 13 7 68 6 24 55 0 27 37 34 72 91 25 13 34 0 72 90 
14 23 46 87 9 0 57 99 47 67 1 0 12 25 0 1 65 79 36 3 75 66 0 73 84 82 33 79 15 56 24 64 84 50 61 42 7 7 2 18 21 44 76 61 56 96 79 0 47 0 44 97 65 0 91 74 68 91 83 89 0 31 0 67 91 0 73 47 0 33 3 83 2 28 91 9 46 0 16 48 78 15 0 65 23 83 45 65 0 58 0 23 0 33 34 43 0 13 98 27 
0 41 71 68 32 51 15 20 19 88 0 28 85 23 48 0 95 2 13 0 88 13 37 1 56 39 0 49 31 65 19 27 39 44 22 75 0 27 74 33 53 35 3 74 81 71 13 35 2 44 0 54 75 48 40 50 37 89 3 59 82 83 0 6 9 7 17 78 0 0 53 16 73 97 92 96 80 0 74 20 51 30 0 25 54 0 70 0 16 26 29 61 0 0 78 17 0 44 39 41 
24 96 13 60 10 29 0 0 0 18 27 100 24 93 54 17 95 20 25 75 51 0 72 17 0 33 38 11 34 82 13 80 0 65 68 0 91 0 63 51 0 27 81 0 9 0 33 88 13 97 54 0 12 11 25 17 84 43 38 63 70 53 55 0 51 100 66 87 92 14 10 15 81 64 49 0 0 0 21 92 89 65 21 0 43 5 48 48 45 45 0 41 75 60 49 14 57 100 24 87 
48 92 78 38 0 22 25 3 35 3 100 51 53 43 4 48 45 77 6 71 16 29 86 39 2 85 37 42 42 81 56 55 54 75 77 94 54 0 8 87 55 87 21 84 0 53 57 53 84 65 75 12 0 7 3 46 20 22 38 97 58 76 47 88 41 0 63 46 77 40 12 97 93 91 0 40 94 5 54 11 27 95 5 21 94 29 54 95 71 91 28 0 91 0 26 1 35 0 0 15 
32 83 76 81 60 98 24 90 5 22 33 12 53 0 42 61 77 11 64 27 26 0 77 18 0 5 83 4 23 44 41 90 15 32 36 42 40 0 57 2 38 52 41 2 2 23 51 57 77 0 48 11 7 0 38 0 74 0 87 20 73 94 9 84 68 2 0 17 11 76 97 61 32 0 94 73 97 30 58 51 47 31 12 98 41 50 0 14 87 6 65 16 0 1 42 23 70 0 2 36 
20 50 76 68 84 68 69 4 96 75 11 25 84 27 16 30 90 41 47 0 74 76 67 19 9 52 0 19 29 52 42 99 45 79 63 52 96 57 81 33 65 4 4 30 67 8 0 0 77 91 40 25 3 38 0 6 62 42 0 8 7 0 96 75 0 0 58 74 67 40 67 4 92 96 68 0 1 90 35 0 0 23 44 97 58 43 45 0 83 52 0 0 55 86 33 20 3 62 43 0 
60 100 0 0 10 97 56 0 18 37 0 6 49 25 0 23 0 91 54 8 0 33 57 20 84 43 86 37 10 10 0 69 98 31 31 39 2 0 0 71 59 88 72 65 0 20 74 85 0 74 50 17 46 0 6 0 61 54 9 10 76 49 90 41 34 69 89 36 0 100 41 96 25 91 8 11 17 95 77 78 9 81 68 93 8 95 1 60 31 92 5 32 35 67 17 73 29 26 30 29 
0 31 85 0 0 0 35 15 57 95 41 13 42 80 3 0 50 47 100 58 78 56 12 0 0 86 24 20 16 86 94 37 12 0 33 82 74 61 83 32 33 58 58 15 0 82 43 0 30 68 37 84 20 74 62 61 0 96 67 53 94 50 82 0 0 0 22 0 57 28 86 41 47 19 44 89 49 81 20 27 53 84 97 54 5 8 23 95 6 50 91 78 77 91 69 0 28 81 24 0 
73 59 21 54 44 100 33 56 30 84 0 42 58 43 71 36 11 64 80 0 31 88 82 0 0 33 0 67 0 1 70 61 61 0 27 47 45 65 0 4 52 19 17 0 48 32 77 4 87 91 89 43 22 0 42 54 96 0 0 51 41 26 88 87 1 0 31 33 11 75 24 21 68 68 0 12 76 65 32 56 0 81 49 49 97 88 26 0 31 64 29 4 83 38 30 0 84 31 0 70 
55 73 61 43 98 38 25 3 34 21 83 100 0 1 0 69 87 0 40 0 61 62 20 78 31 51 54 0 0 0 7 99 28 82 19 90 90 0 20 82 89 59 0 77 74 56 0 90 57 83 3 38 38 87 0 9 67 0 0 41 76 67 44 0 69 33 27 94 77 0 89 25 69 76 0 74 73 92 41 10 37 15 13 69 2 67 0 49 92 55 79 69 0 0 59 33 0 24 41 81 
19 96 58 19 0 40 80 77 43 31 16 0 0 49 11 100 18 87 96 32 81 63 0 0 0 58 76 92 85 0 0 61 8 15 64 34 17 0 1 19 61 65 42 53 59 71 27 41 97 89 59 63 97 20 8 10 53 51 41 0 36 71 73 33 25 19 23 41 40 21 27 58 3 3 24 63 24 0 52 0 0 41 9 90 26 82 13 86 8 56 12 0 2 10 23 26 87 20 0 57 
27 0 97 75 26 16 0 22 0 22 95 0 0 18 59 0 67 76 0 48 0 0 69 34 10 77 97 0 46 27 0 90 0 0 47 89 21 0 67 0 24 7 38 64 20 63 31 0 66 0 82 70 58 73 7 76 94 41 76 36 0 97 0 43 42 8 19 91 48 63 76 97 34 23 0 20 86 13 67 6 72 75 50 39 30 18 14 0 0 49 22 90 22 4 90 42 61 66 38 0 
28 21 52 50 50 38 17 0 56 44 75 64 9 92 78 41 39 0 73 35 77 79 66 15 0 35 81 13 41 99 47 16 52 53 95 61 100 0 10 69 25 85 0 35 49 92 85 0 1 31 83 53 76 94 0 49 50 26 67 71 97 0 38 0 69 86 74 93 23 15 0 69 0 75 15 56 18 1 77 15 57 46 54 27 16 90 65 93 32 0 78 38 75 20 79 55 0 0 98 20 
0 7 0 38 0 71 0 61 63 13 23 64 97 62 29 57 0 82 9 57 35 0 34 0 50 51 36 6 3 56 57 43 78 66 45 0 54 90 40 28 40 82 46 66 49 0 52 40 4 0 0 55 47 9 96 90 82 88 44 73 0 38 0 38 0 32 26 75 98 32 18 2 0 0 46 96 94 0 16 41 0 0 52 7 67 79 25 23 99 0 0 54 56 50 57 77 27 0 46 49 
63 31 100 51 75 21 84 100 0 54 45 93 91 37 0 49 33 28 60 55 0 63 13 0 37 90 30 5 0 60 62 84 96 26 87 88 11 0 1 31 99 42 90 0 26 44 62 60 58 67 6 0 88 84 75 41 0 87 0 33 43 0 38 0 0 61 0 81 70 66 9 71 100 54 0 16 45 0 54 64 48 39 77 97 51 99 53 61 60 20 24 87 55 94 77 4 0 71 11 0 
46 48 84 15 26 76 0 2 0 81 0 54 10 35 0 24 0 0 71 40 0 4 89 1 39 91 84 64 76 0 78 8 0 50 83 34 56 94 75 31 69 46 63 91 0 92 75 0 40 91 9 51 41 68 0 34 0 1 69 25 42 69 0 0 0 19 37 37 0 3 0 0 15 60 42 2 33 48 15 87 0 0 42 0 88 42 67 89 54 82 29 36 58 100 0 0 81 28 96 97 
18 44 48 73 61 90 75 35 83 32 34 0 32 0 100 62 40 13 29 7 36 0 0 0 87 0 32 85 81 98 0 66 59 0 6 0 84 97 38 0 46 96 61 12 57 82 59 87 0 0 7 100 0 2 0 69 0 0 33 19 8 86 32 61 19 0 20 53 69 84 48 0 10 0 78 32 14 76 66 0 73 8 63 0 96 14 0 33 37 87 0 79 0 84 99 0 0 47 72 55 
8 0 70 11 96 91 100 11 90 6 0 5 91 26 20 58 89 93 29 56 68 0 66 65 37 2 93 15 41 13 72 71 12 11 0 1 4 35 74 45 0 49 19 68 13 39 45 74 10 73 17 66 63 0 58 89 22 31 27 23 19 74 26 0 37 20 0 85 0 96 32 72 88 41 99 55 71 35 43 79 65 39 0 76 23 19 63 51 89 49 98 27 73 0 25 34 0 45 39 11 
0 51 30 54 18 27 0 55 68 18 14 99 1 36 2 15 0 98 77 21 72 54 89 0 54 58 41 7 55 29 51 2 6 54 0 0 100 91 24 81 98 18 0 43 15 67 51 0 0 47 78 87 46 17 74 36 0 33 94 41 91 93 75 81 37 53 85 0 0 25 89 27 69 0 41 0 82 73 67 0 78 83 0 100 71 25 64 0 61 0 74 98 90 49 75 26 92 3 0 20 
77 85 43 82 97 0 33 54 0 95 38 94 92 85 0 91 53 64 6 9 67 58 1 30 68 28 33 44 0 0 96 70 79 0 0 0 47 98 46 52 18 66 97 80 100 0 59 41 47 0 0 92 77 11 67 0 57 11 77 40 48 23 98 70 0 69 0 0 0 59 89 58 67 0 74 34 79 25 42 31 11 0 0 78 89 0 55 82 59 77 0 0 57 0 0 0 0 46 0 0 
47 94 92 30 91 0 50 0 66 0 69 0 83 11 34 37 29 5 49 0 100 19 0 82 39 0 72 0 0 84 85 58 44 0 59 0 0 1 49 15 50 68 52 60 63 49 67 66 46 33 0 14 40 76 40 100 28 75 0 21 63 15 32 66 3 84 96 25 59 0 0 19 13 71 85 38 0 42 73 13 0 4 27 33 65 85 41 0 65 54 0 0 62 0 100 71 0 27 76 18 
13 16 74 0 42 0 0 49 16 52 85 0 45 69 40 89 63 61 100 77 14 3 67 6 39 64 34 42 71 84 61 73 3 0 54 9 24 61 0 49 23 0 0 85 86 58 50 100 56 3 53 10 12 97 67 41 86 24 89 27 76 0 18 9 0 48 32 89 89 0 0 24 2 97 74 0 26 83 50 0 97 49 12 56 6 80 86 36 44 0 43 39 97 9 0 25 94 27 92 44 
0 50 80 74 0 50 9 60 0 0 67 75 58 73 69 78 0 89 0 23 59 82 80 0 0 79 93 99 2 3 20 37 18 0 6 25 43 40 42 32 91 15 94 89 0 20 27 66 68 83 16 15 97 61 4 96 41 21 25 58 97 69 2 71 0 0 72 27 58 19 24 0 18 51 94 0 51 0 56 0 54 26 81 44 78 77 0 50 87 9 0 79 0 33 37 0 44 48 89 76 
56 59 66 8 0 95 64 4 0 92 0 0 53 89 91 27 0 65 61 27 4 81 35 2 74 6 0 33 0 91 89 52 0 75 100 12 67 55 9 60 27 38 51 25 0 38 63 47 0 2 73 81 93 32 92 25 47 68 69 3 34 0 0 100 15 10 88 69 67 13 2 18 0 73 0 92 0 99 38 40 18 62 19 0 0 9 9 0 34 29 0 32 67 51 58 96 0 55 27 68 
55 90 10 71 18 94 80 74 70 79 28 60 0 83 41 33 59 56 90 5 78 45 0 73 77 98 0 52 16 26 66 25 42 0 29 84 15 94 11 34 0 95 45 60 88 0 11 0 18 28 97 64 91 0 96 91 19 68 76 3 23 75 0 54 60 0 41 0 0 71 97 51 73 0 51 83 57 26 32 0 0 0 30 74 49 0 44 58 11 26 25 99 9 89 70 25 100 49 66 43 
0 61 33 0 0 17 47 16 0 0 0 10 0 96 35 0 47 0 12 0 10 39 73 69 79 10 21 77 0 12 67 61 18 21 27 72 82 44 92 0 97 59 21 97 98 0 58 31 70 91 92 49 0 94 68 8 44 0 0 24 0 15 46 0 42 78 99 41 74 85 74 94 0 51 0 0 43 65 94 91 76 33 46 82 0 15 3 57 0 99 98 90 85 0 0 11 0 75 35 7 
95 28 81 34 3 0 7 0 91 9 0 79 29 98 0 43 41 18 25 29 29 0 56 22 58 0 72 0 0 49 43 37 83 0 52 96 4 64 90 37 55 6 94 0 56 39 52 91 85 9 96 0 40 73 0 11 89 12 74 63 20 56 96 16 2 32 55 0 34 38 0 0 92 83 0 0 0 7 21 76 26 0 54 42 19 59 47 11 0 39 0 0 0 64 7 12 74 0 9 0 
72 31 61 6 31 37 2 4 34 46 76 0 39 47 0 0 53 64 93 76 0 41 43 99 61 69 98 38 23 82 95 11 83 68 100 39 42 0 88 49 43 77 0 38 28 52 31 21 35 46 80 0 94 97 1 17 49 76 73 24 86 18 94 45 33 14 71 82 79 0 26 51 0 57 43 0 0 33 57 73 70 90 62 82 91 66 81 94 0 0 12 35 24 78 0 7 64 46 66 70 
0 90 90 91 75 34 78 91 33 83 73 0 29 8 49 71 84 29 41 0 22 0 92 0 0 54 2 87 0 64 60 20 17 34 34 7 29 90 75 53 36 71 41 0 85 12 34 0 24 0 0 0 5 30 90 95 81 65 92 0 13 1 0 0 48 76 35 73 25 42 83 0 99 26 65 7 33 0 0 64 75 18 83 0 13 13 33 41 0 51 34 36 50 74 0 12 0 47 34 26 
0 45 0 13 89 26 33 54 86 82 48 76 4 74 68 37 71 80 62 48 56 0 41 0 81 0 86 93 12 70 35 37 64 0 37 44 0 51 42 88 49 86 47 51 48 81 67 77 73 16 74 21 54 58 35 77 20 32 41 52 67 77 16 54 15 66 43 67 42 73 50 56 38 32 94 21 57 0 0 5 100 55 21 10 71 99 50 75 0 0 47 99 12 12 9 98 0 55 0 42 
1 0 0 17 1 0 56 23 54 96 17 0 61 28 0 87 48 12 77 64 95 77 75 0 87 3 47 17 83 0 0 72 64 0 0 0 52 72 71 40 87 68 56 74 85 0 44 63 1 48 20 92 11 51 0 78 27 56 10 0 6 15 41 64 87 0 79 0 31 13 0 0 40 0 91 76 73 64 5 0 6 48 93 0 0 30 0 21 57 58 36 82 33 88 50 38 54 68 0 0 
64 6 0 0 0 38 21 58 0 25 6 99 81 18 38 31 0 98 51 0 45 21 5 38 87 79 2 82 52 68 0 34 33 25 100 19 0 15 10 87 0 0 70 95 94 26 29 9 79 78 51 89 27 47 0 9 53 0 37 0 72 57 0 48 0 73 65 78 11 0 97 54 18 0 76 26 70 75 100 6 0 63 78 53 47 34 40 15 6 59 3 28 5 3 72 57 59 89 85 42 
32 49 0 34 0 0 37 98 0 85 43 11 0 44 82 36 0 1 12 0 12 63 95 0 0 16 30 46 3 75 24 42 42 11 15 88 14 3 26 15 41 100 27 47 71 4 33 76 65 15 30 65 95 31 23 81 84 81 15 41 75 46 0 39 0 8 39 83 0 4 49 26 62 0 33 0 90 18 55 48 63 0 54 0 56 54 3 50 16 70 0 52 0 57 17 18 87 72 11 69 
30 32 0 41 0 7 66 91 72 56 0 94 80 76 8 29 44 0 84 5 63 99 18 10 71 5 93 54 65 43 91 92 41 0 23 0 43 0 33 34 46 8 16 12 13 98 34 42 13 0 0 21 5 12 44 68 97 49 13 9 50 54 52 77 42 63 0 0 0 27 12 81 19 30 46 54 62 83 21 93 78 54 0 52 37 30 49 31 72 22 80 58 87 0 47 95 0 100 95 53 
65 61 13 90 13 73 34 88 0 84 28 82 42 11 69 0 67 52 86 76 69 8 90 16 0 46 84 70 14 37 0 0 7 49 44 0 0 29 88 0 59 0 33 0 0 0 51 50 7 65 25 0 21 98 97 93 54 49 69 90 39 27 7 97 0 0 76 100 78 33 56 44 0 74 82 42 82 0 10 0 53 0 52 0 89 0 39 79 50 0 34 93 53 92 60 33 0 86 72 23 
84 75 67 2 0 22 0 72 45 79 17 32 32 0 81 65 26 0 32 49 0 0 39 69 0 39 10 20 26 69 60 36 57 29 14 63 1 79 3 23 72 16 44 8 8 80 61 73 68 23 54 43 94 41 58 8 5 97 2 26 30 16 67 51 88 96 23 71 89 65 6 78 0 49 0 19 91 13 71 0 47 56 37 89 0 34 0 28 38 69 57 58 61 1 68 0 95 40 3 54 
0 84 56 0 59 62 57 9 11 97 48 61 21 34 74 95 1 0 0 70 74 100 26 0 91 34 96 62 0 0 82 49 32 0 100 48 51 71 0 46 7 63 0 43 37 84 8 50 6 83 0 5 29 50 43 95 8 88 67 82 18 90 79 99 42 14 19 25 0 85 80 77 9 0 15 59 66 13 99 30 34 54 30 0 34 0 8 56 94 0 45 0 51 96 23 0 99 53 0 0 
30 40 79 99 17 72 22 55 14 47 0 0 12 9 53 83 44 26 43 71 91 1 0 30 26 82 24 0 70 53 47 71 0 57 91 66 18 59 42 35 41 88 47 87 90 46 10 85 24 45 70 48 54 0 45 1 23 26 0 13 14 65 25 53 67 0 63 64 55 41 86 0 9 44 3 47 81 33 50 0 40 3 49 39 0 8 0 40 0 3 29 4 37 2 75 68 0 97 86 40 
71 78 16 43 77 87 73 0 3 83 0 0 0 10 66 66 92 99 5 2 20 66 67 39 0 67 75 0 31 73 9 27 39 0 0 8 2 10 21 0 58 46 0 88 0 36 98 0 55 65 0 48 95 14 0 60 95 0 49 86 0 93 23 61 89 33 51 0 82 0 36 50 0 58 57 11 94 41 75 21 15 50 31 79 28 56 40 0 24 32 20 0 52 8 13 0 0 64 48 27 
0 62 7 11 5 0 0 55 9 0 16 0 13 0 30 86 39 98 70 28 7 0 0 79 79 11 100 58 66 57 16 37 42 0 57 16 38 0 0 20 0 10 27 100 49 58 0 62 0 0 16 45 71 87 83 31 6 31 92 8 0 32 99 60 54 37 89 61 59 65 44 87 34 11 0 0 0 0 0 57 6 16 72 50 38 94 0 24 0 25 24 13 52 0 6 48 27 0 9 0 
0 64 11 36 37 77 0 28 40 8 23 19 0 96 21 0 9 89 42 48 91 31 0 80 89 31 0 43 32 79 80 84 8 25 43 98 34 9 44 82 0 33 0 75 0 55 52 19 27 58 26 45 91 6 52 92 50 64 55 56 49 0 0 20 82 87 49 0 77 54 0 9 29 26 99 39 0 51 0 58 59 70 22 0 69 0 3 32 25 0 94 66 40 38 27 65 20 21 38 37 
26 32 99 3 38 9 29 28 0 0 71 74 3 71 44 0 11 89 63 36 12 12 63 15 50 82 43 17 82 29 61 73 69 0 75 7 58 43 0 0 3 50 47 35 91 0 30 0 37 0 29 0 28 65 0 5 91 29 79 12 22 78 0 24 29 0 98 74 0 0 43 0 0 25 98 0 12 34 47 36 3 0 80 34 57 45 29 20 24 94 0 7 0 67 4 14 20 32 97 56 
0 83 0 0 16 9 78 68 18 4 6 24 35 0 21 0 37 30 12 87 20 0 42 58 0 86 76 50 0 16 69 65 6 16 12 22 71 67 32 0 24 64 12 1 0 2 84 62 34 23 61 41 0 16 0 32 78 4 69 0 90 38 54 87 36 79 27 98 0 0 39 79 32 99 90 0 35 36 99 82 28 52 58 93 58 0 4 0 13 66 7 0 0 24 29 0 22 40 96 60 
83 18 3 70 69 93 15 0 59 81 38 0 0 63 65 74 11 79 22 53 51 80 55 60 96 70 38 43 62 91 83 0 0 41 82 89 52 68 0 82 1 10 76 43 2 34 93 0 72 0 0 75 91 0 55 35 77 83 0 2 22 75 56 55 58 0 73 90 57 62 97 0 67 9 85 0 24 50 12 33 5 0 87 53 61 51 37 52 52 40 0 0 0 0 78 40 40 51 75 0 
70 71 41 0 28 95 0 96 75 82 98 4 60 31 57 35 55 97 20 39 77 50 2 0 69 47 43 0 17 43 0 37 59 50 75 13 28 65 88 97 12 7 91 14 4 0 49 0 91 33 0 60 0 1 86 67 91 38 0 10 4 20 50 94 100 84 0 49 0 0 9 33 51 89 0 64 78 74 12 88 3 57 0 92 1 96 2 8 0 38 67 24 0 0 58 45 67 57 44 73 
40 47 60 17 18 43 45 52 61 0 68 56 58 0 40 60 0 0 59 79 38 13 98 9 3 55 41 35 99 79 29 88 89 0 45 0 63 8 0 70 0 20 90 59 95 68 92 98 25 34 78 49 26 42 33 17 69 30 59 23 90 79 57 77 0 99 25 75 0 100 0 37 58 70 0 7 0 0 9 50 72 17 47 60 68 23 75 13 6 27 4 29 78 58 0 25 0 73 0 48 
0 0 14 20 48 55 0 0 0 65 64 93 61 91 100 43 12 0 57 90 41 55 0 85 60 34 72 97 36 85 56 36 87 4 0 68 24 0 27 38 54 95 6 33 14 89 68 94 13 43 17 14 1 23 20 73 0 0 33 26 42 55 77 4 0 0 34 26 0 71 25 0 96 25 11 12 7 12 98 38 57 18 95 33 0 0 68 0 48 65 14 0 40 45 25 0 53 78 0 57 
67 76 0 32 0 54 0 9 0 85 38 19 36 63 0 0 51 29 95 77 0 67 94 12 65 0 0 94 54 46 0 44 37 19 0 47 26 77 78 26 72 30 97 53 75 80 91 90 34 0 0 57 35 70 3 29 28 84 0 87 61 0 27 0 81 0 0 92 0 0 94 44 0 100 0 74 64 0 0 54 59 87 0 0 95 99 0 0 27 20 20 22 40 67 0 53 0 43 33 91 
38 4 30 81 17 48 35 5 59 76 25 18 0 52 0 70 13 9 0 65 45 0 1 73 85 36 0 12 71 92 45 73 93 0 2 10 12 12 56 0 48 89 100 14 6 48 31 33 0 13 44 100 0 0 62 26 81 31 24 20 66 0 0 71 28 47 45 3 46 27 27 48 55 49 75 0 46 47 55 68 89 72 100 86 40 53 97 64 0 21 32 40 51 57 73 78 43 0 9 76 
0 65 60 0 73 11 88 17 62 60 90 83 39 95 12 59 37 60 24 67 69 0 0 74 3 99 0 97 33 35 7 92 30 25 93 48 88 25 80 0 0 6 60 51 54 0 84 0 72 98 39 24 0 2 43 30 24 0 41 0 38 98 46 11 96 72 39 0 0 76 92 89 27 66 35 9 66 34 0 0 85 11 95 72 3 0 86 48 9 38 97 96 75 44 0 0 33 9 0 69 
52 45 24 35 41 37 52 0 51 74 0 66 0 0 81 89 36 76 0 0 78 97 54 12 29 13 0 0 86 97 92 72 30 45 90 69 17 0 35 10 84 13 0 54 90 71 47 6 90 27 41 87 15 36 0 29 0 70 81 57 0 20 49 0 97 55 11 20 0 18 44 76 68 43 7 0 70 26 42 0 42 69 53 23 54 0 40 27 0 37 56 60 0 73 48 57 91 76 69 0 
