0 19 25 35 24 34 78 90 46 13 0 83 52 0 73 17 51 36 16 42 98 94 7 94 72 28 90 15 69 73 26 75 84 92 55 75 50 0 87 36 5 30 0 63 94 59 23 0 33 14 90 67 85 80 61 1 22 15 1 17 37 51 93 0 0 58 0 24 97 67 69 59 3 88 59 14 75 62 59 24 45 60 77 4 67 92 42 12 54 60 46 35 33 12 3 56 51 60 0 75 
19 0 41 70 0 3 10 80 35 87 0 71 0 74 0 70 0 0 68 4 73 36 11 29 41 41 74 39 20 54 76 82 98 4 77 19 0 41 59 0 28 76 82 0 75 80 30 9 12 42 31 79 37 0 15 0 33 66 0 0 62 51 84 79 52 28 65 16 5 13 73 100 25 92 0 93 66 0 30 0 45 55 10 92 0 0 0 95 52 78 0 73 12 39 7 0 16 0 34 0 
25 41 0 0 75 64 94 79 12 74 23 25 26 0 58 41 97 0 15 70 65 35 37 79 12 0 54 23 0 0 94 44 97 100 19 75 4 0 6 98 80 17 7 99 22 0 88 0 2 58 54 0 16 63 78 61 9 87 28 76 46 0 0 24 23 0 96 18 98 31 15 67 0 0 35 0 80 61 58 33 85 89 40 74 0 78 46 49 0 10 98 84 57 96 0 64 26 0 51 52 
35 70 0 0 72 18 89 0 37 43 0 0 10 48 42 5 62 62 0 90 3 0 42 0 30 28 90 0 69 36 94 74 25 76 82 96 5 39 85 21 0 18 17 97 48 21 79 75 10 72 96 61 10 58 89 63 73 82 0 28 69 0 21 32 89 0 50 5 54 52 49 5 34 3 63 96 55 38 57 70 0 84 25 76 90 37 26 93 26 71 91 37 67 48 73 23 56 79 33 5 
24 0 75 72 0 53 89 18 88 0 0 47 47 23 86 15 87 38 20 77 65 39 14 11 8 0 0 90 0 0 33 17 43 0 61 59 63 66 0 53 38 67 32 0 24 0 18 0 100 0 100 60 77 13 99 13 48 79 73 0 79 0 23 84 61 21 0 96 29 0 42 17 68 0 82 99 49 8 27 65 0 63 26 86 19 16 37 72 21 2 27 80 52 29 97 10 75 42 36 76 
34 3 64 18 53 0 63 2 92 0 87 22 19 60 88 70 85 80 9 12 55 71 5 90 29 40 0 41 26 74 17 100 20 0 58 99 0 0 0 38 29 53 0 89 84 0 15 0 54 36 60 50 49 78 41 3 39 80 77 74 0 22 30 52 18 18 80 57 85 4 14 90 0 49 39 68 0 56 16 94 40 22 61 46 36 0 84 25 55 48 98 78 85 81 51 0 49 80 36 97 
78 10 94 89 89 63 0 12 89 26 62 100 22 75 55 80 41 45 94 42 0 51 96 0 38 0 29 0 0 27 66 63 75 88 76 42 0 58 0 0 82 81 0 96 23 0 27 0 58 46 32 26 10 0 0 12 59 57 57 60 15 86 9 38 95 14 39 100 0 0 53 9 23 99 7 60 0 81 0 14 2 0 51 70 0 5 0 16 0 29 52 0 0 61 62 0 68 57 82 0 
90 80 79 0 18 2 12 0 0 9 0 10 82 94 78 31 10 59 75 53 7 92 0 0 45 0 0 79 8 32 43 83 34 1 43 63 0 98 0 0 60 92 54 81 100 0 36 11 0 68 0 72 61 8 69 14 0 13 63 42 59 31 38 1 25 66 98 0 26 0 0 8 95 76 91 41 21 58 25 89 81 96 19 40 25 68 0 29 58 0 84 69 0 0 10 55 71 79 24 41 
46 35 12 37 88 92 89 0 0 94 95 10 79 36 87 34 15 46 66 90 97 7 44 45 31 60 68 86 30 62 10 12 68 10 76 84 88 9 26 98 93 95 47 69 80 60 64 95 7 61 90 35 0 75 87 40 4 42 0 0 0 11 47 0 77 93 95 65 54 92 24 39 32 55 71 50 92 11 31 28 94 73 39 86 29 80 54 0 71 95 89 77 3 98 0 16 4 73 88 0 
13 87 74 43 0 0 26 9 94 0 98 0 43 43 82 28 26 66 12 0 40 5 65 90 63 45 74 14 0 61 21 98 28 64 0 21 0 87 0 35 83 25 80 53 70 47 2 5 0 92 57 0 94 7 16 3 91 14 45 99 27 0 75 54 42 46 43 27 70 9 74 11 70 48 87 93 31 90 0 6 2 84 32 93 0 40 0 0 60 86 0 43 0 73 0 52 52 0 37 5 
0 0 23 0 0 87 62 0 95 98 0 96 0 78 42 75 37 50 14 0 0 30 95 87 68 31 78 47 42 0 79 60 99 78 71 99 46 79 63 0 0 33 7 0 64 45 14 85 50 36 24 59 99 34 4 0 17 57 26 43 51 12 0 33 79 73 38 59 51 18 15 82 84 0 17 0 52 27 17 59 35 5 84 37 63 37 33 99 16 67 47 28 6 80 87 67 0 73 0 40 
83 71 25 0 47 22 100 10 10 0 96 0 81 35 75 37 55 0 36 71 22 13 8 25 70 18 0 0 10 44 0 58 70 35 53 97 2 87 17 54 0 95 86 41 56 0 70 60 41 10 79 41 82 22 53 66 0 41 19 86 64 78 0 30 71 22 0 0 64 45 90 71 18 58 0 76 28 0 78 51 0 87 41 43 38 43 19 95 74 37 77 0 28 0 11 44 47 17 80 74 
52 0 26 10 47 19 22 82 79 43 0 81 0 46 0 56 25 30 33 58 10 73 0 42 70 64 0 0 0 20 50 67 0 53 20 24 0 0 72 0 53 0 49 58 64 66 0 0 97 12 0 0 55 18 97 96 7 38 47 25 0 46 93 0 0 65 79 97 36 22 0 45 5 24 7 71 69 16 0 36 99 63 90 66 41 52 0 62 3 0 89 0 85 0 64 0 58 30 33 88 
0 74 0 48 23 60 75 94 36 43 78 35 46 0 15 20 68 75 3 14 18 40 46 42 2 47 91 9 32 28 46 87 54 60 63 39 89 79 0 0 89 77 80 94 0 50 13 61 59 84 70 14 93 22 84 52 83 36 93 98 43 38 34 76 72 65 75 0 19 70 61 58 15 54 14 43 3 89 27 76 20 59 2 81 13 100 0 42 1 30 12 0 52 42 24 0 95 31 63 36 
73 0 58 42 86 88 55 78 87 82 42 75 0 15 0 23 1 41 37 0 55 76 52 9 91 78 75 24 21 96 34 51 6 81 32 0 84 36 0 23 21 53 3 16 56 11 71 62 91 33 0 74 19 96 60 5 59 38 34 56 8 48 58 0 56 66 84 45 73 42 86 69 23 23 17 71 57 9 92 19 94 0 51 18 16 46 1 10 44 96 15 0 58 45 69 65 58 84 5 2 
17 70 41 5 15 70 80 31 34 28 75 37 56 20 23 0 28 7 0 69 66 0 51 21 80 41 15 4 0 64 0 5 66 0 48 100 0 44 77 86 83 25 15 100 0 0 79 2 27 99 98 44 52 59 1 78 21 48 51 69 7 0 90 59 3 15 42 60 44 7 0 7 70 88 2 13 99 0 23 31 55 67 33 44 28 16 0 20 42 0 12 0 98 90 64 0 98 25 56 64 
51 0 97 62 87 85 41 10 15 26 37 55 25 68 1 28 0 0 49 90 45 8 85 0 73 27 51 64 0 56 81 75 48 18 19 11 56 62 41 100 8 0 21 59 0 26 68 53 56 10 0 0 43 79 91 91 0 0 22 25 84 78 84 94 54 44 0 45 65 43 46 74 91 65 0 79 0 62 5 24 17 0 0 54 57 35 89 80 52 10 0 30 74 12 69 23 66 100 57 0 
36 0 0 62 38 80 45 59 46 66 50 0 30 75 41 7 0 0 75 55 16 10 41 78 72 27 38 0 91 53 52 2 97 40 38 28 49 93 0 62 11 17 36 45 27 39 92 0 46 60 57 22 0 77 52 72 81 12 29 13 80 69 14 57 9 36 59 13 0 13 48 98 0 18 7 49 25 74 60 0 54 42 41 39 35 0 52 43 93 0 0 65 49 64 0 50 100 11 22 28 
16 68 15 0 20 9 94 75 66 12 14 36 33 3 37 0 49 75 0 13 19 64 11 20 25 52 0 4 90 93 46 20 86 86 4 66 0 52 46 93 15 54 34 21 0 98 70 0 42 92 57 1 0 57 45 73 2 51 37 0 77 10 88 68 67 18 95 69 88 0 74 16 49 2 67 26 14 47 0 22 32 48 16 44 0 63 9 35 0 26 18 67 28 91 64 75 46 11 44 0 
42 4 70 90 77 12 42 53 90 0 0 71 58 14 0 69 90 55 13 0 0 0 56 41 92 87 68 73 1 18 0 75 51 54 10 53 80 48 31 90 75 42 15 54 0 87 80 48 7 80 41 95 43 76 84 88 19 0 11 0 94 2 0 2 93 73 71 44 88 14 48 100 15 50 0 19 33 42 23 47 90 47 77 22 27 27 10 24 81 22 87 100 67 40 78 61 83 17 0 17 
98 73 65 3 65 55 0 7 97 40 0 22 10 18 55 66 45 16 19 0 0 31 78 76 53 98 39 55 84 41 26 18 94 68 39 73 0 0 0 83 28 70 77 90 27 23 30 59 0 17 39 12 33 24 3 96 75 32 73 56 0 85 87 53 32 57 0 43 0 98 0 23 91 83 6 14 56 64 0 29 0 53 41 58 0 0 0 80 50 66 83 0 46 28 12 6 0 66 56 32 
94 36 35 0 39 71 51 92 7 5 30 13 73 40 76 0 8 10 64 0 31 0 10 0 0 0 1 0 20 0 49 43 12 86 91 36 19 55 78 0 75 4 0 78 0 7 15 50 0 79 1 42 95 58 12 53 0 75 26 0 46 63 1 0 87 31 83 6 30 0 77 97 0 66 11 84 88 0 73 69 1 51 82 31 68 30 10 30 71 34 0 71 68 21 27 22 70 72 50 44 
7 11 37 42 14 5 96 0 44 65 95 8 0 46 52 51 85 41 11 56 78 10 0 33 22 50 92 56 73 82 16 61 92 53 53 23 49 26 20 68 75 49 81 8 78 94 76 80 33 0 59 28 28 23 43 56 70 34 0 0 19 40 7 95 49 43 4 23 4 85 41 40 56 0 22 35 97 31 0 0 27 90 20 83 85 15 47 82 27 88 36 38 10 9 4 56 0 82 48 87 
94 29 79 0 11 90 0 0 45 90 87 25 42 42 9 21 0 78 20 41 76 0 33 0 63 0 18 60 24 68 57 85 33 58 49 21 35 0 76 0 5 44 49 88 1 79 14 57 0 0 69 0 16 0 35 46 46 25 0 0 14 28 11 0 70 6 19 0 21 86 80 0 0 24 71 58 20 93 0 56 57 60 0 88 100 41 12 54 0 45 0 0 0 0 2 0 60 24 36 48 
72 41 12 30 8 29 38 45 31 63 68 70 70 2 91 80 73 72 25 92 53 0 22 63 0 67 12 2 68 88 0 22 77 0 2 60 14 9 38 0 14 84 0 0 0 5 14 31 99 95 23 91 70 8 0 52 78 24 82 85 85 24 3 19 56 92 10 70 0 4 0 83 42 0 27 17 4 0 31 14 21 55 30 0 0 80 50 30 4 48 0 19 91 32 54 47 0 94 0 0 
28 41 0 28 0 40 0 0 60 45 31 18 64 47 78 41 27 27 52 87 98 0 50 0 67 0 21 74 60 71 74 6 1 26 34 0 100 0 97 77 49 74 74 57 27 89 72 62 11 1 58 24 73 69 10 5 40 14 0 29 0 0 0 38 39 78 91 85 65 0 33 71 88 46 22 88 90 91 60 37 25 98 76 9 59 38 4 92 71 31 75 23 30 72 55 81 63 74 0 2 
90 74 54 90 0 0 29 0 68 74 78 0 0 91 75 15 51 38 0 68 39 1 92 18 12 21 0 9 79 1 93 57 48 69 98 46 9 0 74 0 92 80 56 0 0 54 37 4 65 26 2 57 61 0 6 29 53 63 17 63 15 99 55 30 0 66 0 25 67 0 45 62 12 91 37 0 57 86 61 26 81 0 67 39 0 88 0 92 99 72 97 93 89 64 0 0 31 0 64 79 
15 39 23 0 90 41 0 79 86 14 47 0 0 9 24 4 64 0 4 73 55 0 56 60 2 74 9 0 88 30 78 1 94 0 25 23 82 73 82 67 42 43 64 0 98 45 27 41 74 0 78 98 40 0 99 90 0 0 42 62 0 0 15 97 82 97 0 12 18 80 17 23 100 1 13 27 0 2 18 88 72 33 0 1 90 91 91 90 2 0 99 49 0 16 0 82 0 0 88 24 
69 20 0 69 0 26 0 8 30 0 42 10 0 32 21 0 0 91 90 1 84 20 73 24 68 60 79 88 0 2 70 72 18 0 27 65 2 72 33 0 57 28 80 0 84 0 8 22 72 54 9 88 26 65 44 0 40 0 46 0 11 1 41 65 66 11 34 16 44 80 65 0 31 33 57 6 86 92 32 74 0 41 18 11 13 63 27 68 65 0 23 35 12 6 46 0 62 55 90 71 
73 54 0 36 0 74 27 32 62 61 0 44 20 28 96 64 56 53 93 18 41 0 82 68 88 71 1 30 2 0 83 18 97 40 27 36 98 0 15 38 73 33 87 37 83 1 0 52 77 93 0 81 78 0 8 31 0 36 3 56 89 81 64 51 20 29 37 97 0 0 12 52 12 33 61 35 0 42 0 8 30 36 0 0 0 0 0 0 0 23 42 90 47 44 61 51 0 68 11 0 
26 76 94 94 33 17 66 43 10 21 79 0 50 46 34 0 81 52 46 0 26 49 16 57 0 74 93 78 70 83 0 90 89 95 60 16 0 44 24 16 78 68 29 71 58 100 99 100 49 8 31 27 12 96 77 0 13 0 68 45 63 92 0 21 21 68 26 71 29 10 0 73 17 59 83 0 0 47 46 59 52 55 17 0 0 58 79 37 54 92 41 56 98 98 33 87 88 69 82 0 
75 82 44 74 17 100 63 83 12 98 60 58 67 87 51 5 75 2 20 75 18 43 61 85 22 6 57 1 72 18 90 0 62 81 1 0 91 39 57 42 61 51 51 55 51 40 61 45 17 55 53 0 21 91 15 73 0 30 55 51 76 77 0 0 23 17 0 27 62 74 16 0 0 12 15 19 65 20 9 27 81 53 24 38 78 92 88 0 20 69 81 0 24 65 100 22 36 76 12 87 
84 98 97 25 43 20 75 34 68 28 99 70 0 54 6 66 48 97 86 51 94 12 92 33 77 1 48 94 18 97 89 62 0 65 1 73 14 9 19 14 87 46 0 14 59 42 76 8 38 4 70 15 59 9 51 27 57 0 90 0 25 42 30 5 63 27 51 0 76 5 0 99 100 16 45 70 38 26 8 60 88 52 35 2 0 20 86 83 0 43 0 59 44 54 17 37 78 93 65 96 
92 4 100 76 0 0 88 1 10 64 78 35 53 60 81 0 18 40 86 54 68 86 53 58 0 26 69 0 0 40 95 81 65 0 26 46 0 29 0 19 5 52 36 11 77 0 88 0 17 17 31 77 47 60 99 82 0 81 17 42 11 0 24 29 26 34 0 15 33 91 70 48 19 31 96 36 31 0 78 58 0 85 0 18 31 38 0 36 34 87 40 70 86 11 20 40 81 9 63 0 
55 77 19 82 61 58 76 43 76 0 71 53 20 63 32 48 19 38 4 10 39 91 53 49 2 34 98 25 27 27 60 1 1 26 0 0 30 29 3 38 0 78 0 57 64 65 0 0 57 49 70 100 100 82 34 8 81 93 23 32 92 0 47 90 56 0 90 2 12 80 75 0 30 31 81 56 47 72 26 92 92 17 0 42 54 47 44 90 62 65 0 1 2 80 72 38 13 19 78 0 
75 19 75 96 59 99 42 63 84 21 99 97 24 39 0 100 11 28 66 53 73 36 23 21 60 0 46 23 65 36 16 0 73 46 0 0 28 89 33 51 63 15 49 0 73 96 49 31 63 35 53 76 74 53 6 35 29 35 82 0 34 0 3 27 96 65 33 0 0 24 54 91 0 79 32 31 32 81 84 0 37 69 88 7 30 0 37 18 12 0 0 38 61 18 0 49 19 98 12 7 
50 0 4 5 63 0 0 0 88 0 46 2 0 89 84 0 56 49 0 80 0 19 49 35 14 100 9 82 2 98 0 91 14 0 30 28 0 20 0 56 62 62 5 71 63 0 54 0 98 83 0 92 79 100 75 85 33 87 0 71 22 0 0 15 0 16 0 0 71 86 72 0 0 33 0 44 1 6 28 17 0 45 71 50 0 40 10 76 42 34 13 0 8 48 50 93 0 0 83 17 
0 41 0 39 66 0 58 98 9 87 79 87 0 79 36 44 62 93 52 48 0 55 26 0 9 0 0 73 72 0 44 39 9 29 29 89 20 0 33 0 97 65 0 3 47 0 17 76 15 35 0 0 0 92 1 0 93 33 81 20 61 72 0 0 0 39 0 26 55 98 0 50 58 83 20 0 69 85 53 65 0 14 85 7 70 31 7 46 75 0 73 0 78 0 0 0 30 93 67 29 
87 59 6 85 0 0 0 0 26 0 63 17 72 0 0 77 41 0 46 31 0 78 20 76 38 97 74 82 33 15 24 57 19 0 3 33 0 33 0 79 47 19 0 0 59 97 93 0 6 21 45 71 11 5 54 82 27 79 54 63 62 65 59 32 67 47 0 79 29 66 0 0 3 69 37 54 0 61 57 58 60 88 96 81 18 45 2 0 0 58 84 92 86 0 0 86 70 83 0 3 
36 0 98 21 53 38 0 0 98 35 0 54 0 0 23 86 100 62 93 90 83 0 68 0 0 77 0 67 0 38 16 42 14 19 38 51 56 0 79 0 99 69 84 99 0 69 0 0 60 4 52 66 0 0 7 13 0 51 90 0 10 93 0 99 0 24 0 14 52 89 28 91 38 82 9 0 49 0 0 0 56 46 25 94 93 69 76 27 78 38 0 9 0 73 83 89 44 53 7 7 
5 28 80 0 38 29 82 60 93 83 0 0 53 89 21 83 8 11 15 75 28 75 75 5 14 49 92 42 57 73 78 61 87 5 0 63 62 97 47 99 0 0 94 34 0 15 25 67 96 78 0 63 67 3 90 35 83 23 5 0 10 0 11 17 42 64 86 28 16 37 79 60 37 96 90 45 28 76 14 69 65 49 96 63 85 75 61 54 0 36 52 32 78 91 0 6 37 67 11 39 
30 76 17 18 67 53 81 92 95 25 33 95 0 77 53 25 0 17 54 42 70 4 49 44 84 74 80 43 28 33 68 51 46 52 78 15 62 65 19 69 0 0 69 86 0 77 2 47 46 45 68 79 97 90 15 53 30 53 90 100 41 44 13 36 93 90 10 82 0 81 53 50 0 30 83 0 16 70 54 63 11 42 92 26 0 27 54 15 93 79 61 32 0 81 8 92 23 46 83 15 
0 82 7 17 32 0 0 54 47 80 7 86 49 80 3 15 21 36 34 15 77 0 81 49 0 74 56 64 80 87 29 51 0 36 0 49 5 0 0 84 94 69 0 0 0 0 29 83 14 91 0 0 17 0 0 65 8 50 2 75 9 45 89 0 0 0 0 0 72 74 92 44 61 38 91 95 57 81 73 60 1 3 21 61 0 22 0 2 10 45 96 69 88 24 62 7 44 0 93 52 
63 0 99 97 0 89 96 81 69 53 0 41 58 94 16 100 59 45 21 54 90 78 8 88 0 57 0 0 0 37 71 55 14 11 57 0 71 3 0 99 34 86 0 0 0 57 53 0 0 79 10 0 63 58 76 0 51 95 0 54 48 0 9 66 0 55 35 0 54 0 90 0 0 19 0 11 0 15 31 0 61 31 75 91 69 93 39 55 0 0 0 61 66 57 0 0 51 0 80 87 
94 75 22 48 24 84 23 100 80 70 64 56 64 0 56 0 0 27 0 0 27 0 78 1 0 27 0 98 84 83 58 51 59 77 64 73 63 47 59 0 0 0 0 0 0 44 21 0 10 20 87 57 68 0 0 72 52 0 53 86 59 37 33 61 21 0 5 0 35 96 0 13 56 0 52 36 8 24 96 0 44 16 44 17 16 24 0 21 92 0 0 41 68 47 42 55 74 0 87 0 
59 80 0 21 0 0 0 0 60 47 45 0 66 50 11 0 26 39 98 87 23 7 94 79 5 89 54 45 0 1 100 40 42 0 65 96 0 0 97 69 15 77 0 57 44 0 3 0 54 13 11 0 75 21 21 19 56 100 0 23 57 33 48 75 82 100 31 71 98 0 0 69 0 51 0 87 82 29 0 92 48 0 15 92 0 84 0 0 17 92 11 100 31 1 66 56 100 2 0 2 
23 30 88 79 18 15 27 36 64 2 14 70 0 13 71 79 68 92 70 80 30 15 76 14 14 72 37 27 8 0 99 61 76 88 0 49 54 17 93 0 25 2 29 53 21 3 0 21 91 100 23 95 16 0 44 0 83 37 21 91 53 76 48 36 1 31 0 0 36 0 71 0 0 90 20 18 59 42 83 80 94 0 66 6 52 23 37 61 79 73 0 68 72 84 2 0 82 0 62 0 
0 9 0 75 0 0 0 11 95 5 85 60 0 61 62 2 53 0 0 48 59 50 80 57 31 62 4 41 22 52 100 45 8 0 0 31 0 76 0 0 67 47 83 0 0 0 21 0 55 0 69 77 8 98 22 85 91 86 99 37 52 23 56 24 83 81 12 6 49 17 69 93 0 76 0 0 66 69 43 81 3 0 29 2 31 90 0 71 0 56 8 85 81 0 53 38 39 67 60 87 
33 12 2 10 100 54 58 0 7 0 50 41 97 59 91 27 56 46 42 7 0 0 33 0 99 11 65 74 72 77 49 17 38 17 57 63 98 15 6 60 96 46 14 0 10 54 91 55 0 0 3 31 9 65 44 29 51 47 53 81 68 67 20 51 83 90 92 17 78 0 74 7 0 22 50 49 21 4 9 21 30 3 78 38 8 24 3 89 29 0 41 76 97 79 3 9 83 22 0 0 
14 42 58 72 0 36 46 68 61 92 36 10 12 84 33 99 10 60 92 80 17 79 0 0 95 1 26 0 54 93 8 55 4 17 49 35 83 35 21 4 78 45 91 79 20 13 100 0 0 0 83 6 72 7 55 61 95 95 88 71 78 12 36 29 25 0 32 92 88 63 61 95 50 53 57 2 10 42 72 60 92 60 0 54 43 41 0 36 37 86 0 41 53 95 36 75 11 97 84 0 
90 31 54 96 100 60 32 0 90 57 24 79 0 70 0 98 0 57 57 41 39 1 59 69 23 58 2 78 9 0 31 53 70 31 70 53 0 0 45 52 0 68 0 10 87 11 23 69 3 83 0 97 59 72 0 80 0 3 25 2 13 0 21 67 27 69 13 32 0 91 0 39 0 10 76 2 0 0 0 0 77 24 9 0 83 86 34 0 77 0 0 65 3 0 49 0 0 4 3 100 
67 79 0 61 60 50 26 72 35 0 59 41 0 14 74 44 0 22 1 95 12 42 28 0 91 24 57 98 88 81 27 0 15 77 100 76 92 0 71 66 63 79 0 0 57 0 95 77 31 6 97 0 39 69 17 57 56 54 4 15 92 94 33 4 0 40 97 79 86 54 59 87 37 61 30 0 24 47 6 0 86 74 91 80 0 8 88 95 2 0 92 0 10 56 100 92 70 36 80 78 
85 37 16 10 77 49 10 61 0 94 99 82 55 93 19 52 43 0 0 43 33 95 28 16 70 73 61 40 26 78 12 21 59 47 100 74 79 0 11 0 67 97 17 63 68 75 16 8 9 72 59 39 0 0 1 16 0 93 15 11 11 15 14 0 78 0 0 74 20 14 7 96 0 51 78 99 44 0 88 32 68 27 0 83 46 49 3 62 17 71 58 93 7 16 12 58 0 44 5 35 
80 0 63 58 13 78 0 8 75 7 34 22 18 22 96 59 79 77 57 76 24 58 23 0 8 69 0 0 65 0 96 91 9 60 82 53 100 92 5 0 3 90 0 58 0 21 0 98 65 7 72 69 0 0 99 45 31 7 1 28 95 89 76 0 49 33 81 0 35 0 37 4 43 43 89 51 40 0 52 16 1 81 58 43 0 15 81 9 71 52 46 41 41 95 17 92 0 0 0 20 
61 15 78 89 99 41 0 69 87 16 4 53 97 84 60 1 91 52 45 84 3 12 43 35 0 10 6 99 44 8 77 15 51 99 34 6 75 1 54 7 90 15 0 76 0 21 44 22 44 55 0 17 1 99 0 0 80 38 31 0 17 0 0 9 0 66 25 50 29 59 15 47 0 11 71 0 99 70 61 22 36 50 55 0 86 44 71 69 18 0 21 0 45 76 50 23 92 0 2 85 
1 0 61 63 13 3 12 14 40 3 0 66 96 52 5 78 91 72 73 88 96 53 56 46 52 5 29 90 0 31 0 73 27 82 8 35 85 0 82 13 35 53 65 0 72 19 0 85 29 61 80 57 16 45 0 0 30 55 1 34 22 100 21 0 40 79 76 65 0 1 0 5 61 29 0 0 1 54 17 15 37 54 0 61 5 35 49 95 18 72 54 35 0 95 0 0 78 7 7 6 
22 33 9 73 48 39 59 0 4 91 17 0 7 83 59 21 0 81 2 19 75 0 70 46 78 40 53 0 40 0 13 0 57 0 81 29 33 93 27 0 83 30 8 51 52 56 83 91 51 95 0 56 0 31 80 30 0 51 79 0 31 76 64 70 0 0 81 0 43 82 42 62 69 50 3 52 0 16 51 44 83 49 52 24 62 47 76 90 43 2 37 87 23 0 41 41 3 87 50 32 
15 66 87 82 79 80 57 13 42 14 57 41 38 36 38 48 0 12 51 0 32 75 34 25 24 14 63 0 0 36 0 30 0 81 93 35 87 33 79 51 23 53 50 95 0 100 37 86 47 95 3 54 93 7 38 55 51 0 0 67 0 15 32 50 73 11 52 66 48 18 0 40 0 60 26 33 0 0 49 88 0 11 14 23 38 0 3 62 91 17 9 26 58 48 20 98 44 58 48 40 
1 0 28 0 73 77 57 63 0 45 26 19 47 93 34 51 22 29 37 11 73 26 0 0 82 0 17 42 46 3 68 55 90 17 23 82 0 81 54 90 5 90 2 0 53 0 21 99 53 88 25 4 15 1 31 1 79 0 0 0 18 0 0 94 1 14 6 67 0 43 0 10 96 0 64 22 5 54 17 63 54 95 72 56 75 70 6 38 52 67 94 97 69 80 0 79 0 0 50 2 
17 0 76 28 0 74 60 42 0 99 43 86 25 98 56 69 25 13 0 0 56 0 0 0 85 29 63 62 0 56 45 51 0 42 32 0 71 20 63 0 0 100 75 54 86 23 91 37 81 71 2 15 11 28 0 34 0 67 0 0 28 46 58 87 0 71 27 14 47 39 40 81 0 58 60 2 88 86 18 72 58 22 97 4 37 53 17 63 100 73 81 59 94 48 26 20 86 7 75 32 
37 62 46 69 79 0 15 59 0 27 51 64 0 43 8 7 84 80 77 94 0 46 19 14 85 0 15 0 11 89 63 76 25 11 92 34 22 61 62 10 10 41 9 48 59 57 53 52 68 78 13 92 11 95 17 22 31 0 18 28 0 96 55 2 29 98 80 0 50 47 44 44 39 38 99 20 25 0 73 58 100 60 97 50 86 49 0 11 59 37 40 85 16 96 50 0 19 0 28 58 
51 51 0 0 0 22 86 31 11 0 12 78 46 38 48 0 78 69 10 2 85 63 40 28 24 0 99 0 1 81 92 77 42 0 0 0 0 72 65 93 0 44 45 0 37 33 76 23 67 12 0 94 15 89 0 100 76 15 0 46 96 0 20 0 19 86 57 50 91 48 18 56 47 65 56 24 14 49 0 6 0 67 44 75 99 49 30 22 83 0 57 63 0 0 87 82 24 0 93 81 
93 84 0 21 23 30 9 38 47 75 0 0 93 34 58 90 84 14 88 0 87 1 7 11 3 0 55 15 41 64 0 0 30 24 47 3 0 0 59 0 11 13 89 9 33 48 48 56 20 36 21 33 14 76 0 21 64 32 0 58 55 20 0 0 17 55 33 99 100 44 81 75 78 11 26 7 1 96 0 82 0 70 38 86 82 0 34 42 63 2 31 77 40 50 0 44 97 44 0 30 
0 79 24 32 84 52 38 1 0 54 33 30 0 76 0 59 94 57 68 2 53 0 95 0 19 38 30 97 65 51 21 0 5 29 90 27 15 0 32 99 17 36 0 66 61 75 36 24 51 29 67 4 0 0 9 0 70 50 94 87 2 0 0 0 0 71 43 49 10 61 94 20 48 0 0 0 8 60 99 69 27 0 97 24 62 33 45 72 0 46 18 3 19 86 21 75 0 36 71 2 
0 52 23 89 61 18 95 25 77 42 79 71 0 72 56 3 54 9 67 93 32 87 49 70 56 39 0 82 66 20 21 23 63 26 56 96 0 0 67 0 42 93 0 0 21 82 1 83 83 25 27 0 78 49 0 40 0 73 1 0 29 19 17 0 0 36 20 39 13 0 0 58 16 27 81 94 90 66 98 10 85 56 25 70 0 26 36 76 0 35 58 68 49 18 78 63 0 80 72 56 
58 28 0 0 21 18 14 66 93 46 73 22 65 65 66 15 44 36 18 73 57 31 43 6 92 78 66 97 11 29 68 17 27 34 0 65 16 39 47 24 64 90 0 55 0 100 31 81 90 0 69 40 0 33 66 79 0 11 14 71 98 86 55 71 36 0 26 0 56 9 43 65 60 42 59 19 57 81 59 72 40 0 56 74 68 35 35 0 64 20 55 9 0 0 47 68 0 86 0 0 
0 65 96 50 0 80 39 98 95 43 38 0 79 75 84 42 0 59 95 71 0 83 4 19 10 91 0 0 34 37 26 0 51 0 90 33 0 0 0 0 86 10 0 35 5 31 0 12 92 32 13 97 0 81 25 76 81 52 6 27 80 57 33 43 20 26 0 0 98 37 0 83 69 88 48 0 53 63 88 95 0 68 0 95 19 11 11 80 24 20 0 58 70 84 54 71 0 8 81 29 
24 16 18 5 96 57 100 0 65 27 59 0 97 0 45 60 45 13 69 44 43 6 23 0 70 85 25 12 16 97 71 27 0 15 2 0 0 26 79 14 28 82 0 0 0 71 0 6 17 92 32 79 74 0 50 65 0 66 67 14 0 50 99 49 39 0 0 0 5 0 48 3 80 72 88 21 3 32 83 6 93 11 75 24 16 35 86 0 63 25 83 55 41 49 0 64 0 45 0 33 
97 5 98 54 29 85 0 26 54 70 51 64 36 19 73 44 65 0 88 88 0 30 4 21 0 65 67 18 44 0 29 62 76 33 12 0 71 55 29 52 16 0 72 54 35 98 36 49 78 88 0 86 20 35 29 0 43 48 0 47 50 91 100 10 13 56 98 5 0 26 11 0 44 84 51 46 80 68 0 50 81 0 76 89 79 0 18 65 89 0 10 41 52 31 83 26 29 39 91 87 
67 13 31 52 0 4 0 0 92 9 18 45 22 70 42 7 43 13 0 14 98 0 85 86 4 0 0 80 80 0 10 74 5 91 80 24 86 98 66 89 37 81 74 0 96 0 0 17 0 63 91 54 14 0 59 1 82 18 43 39 47 48 44 61 0 9 37 0 26 0 26 80 8 86 78 0 73 36 55 94 25 25 73 0 61 96 24 57 40 48 47 83 0 62 60 73 13 33 0 0 
69 73 15 49 42 14 53 0 24 74 15 90 0 61 86 0 46 48 74 48 0 77 41 80 0 33 45 17 65 12 0 16 0 70 75 54 72 0 0 28 79 53 92 90 0 0 71 69 74 61 0 59 7 37 15 0 42 0 0 40 44 18 81 94 0 43 0 48 11 26 0 0 9 89 8 32 17 45 92 45 47 40 13 9 4 45 0 71 96 53 15 35 86 51 71 11 0 48 96 0 
59 100 67 5 17 90 9 8 39 11 82 71 45 58 69 7 74 98 16 100 23 97 40 0 83 71 62 23 0 52 73 0 99 48 0 91 0 50 0 91 60 50 44 0 13 69 0 93 7 95 39 87 96 4 47 5 62 40 10 81 44 56 75 20 58 65 83 3 0 80 0 0 30 86 87 42 86 0 73 28 0 32 56 36 21 56 0 2 41 11 80 72 48 47 35 34 50 69 87 75 
3 25 0 34 68 0 23 95 32 70 84 18 5 15 23 70 91 0 49 15 91 0 56 0 42 88 12 100 31 12 17 0 100 19 30 0 0 58 3 38 37 0 61 0 56 0 0 0 0 50 0 37 0 43 0 61 69 0 96 0 39 47 78 48 16 60 69 80 44 8 9 30 0 40 49 58 0 95 0 62 50 39 76 50 46 51 0 0 83 42 25 72 73 87 30 0 76 70 12 31 
88 92 0 3 0 49 99 76 55 48 0 58 24 54 23 88 65 18 2 50 83 66 0 24 0 46 91 1 33 33 59 12 16 31 31 79 33 83 69 82 96 30 38 19 0 51 90 76 22 53 10 61 51 43 11 29 50 60 0 58 38 65 11 0 27 42 88 72 84 86 89 86 40 0 22 9 30 2 23 72 27 98 13 95 58 76 52 87 27 64 54 82 53 9 86 39 0 95 42 70 
59 0 35 63 82 39 7 91 71 87 17 0 7 14 17 2 0 7 67 0 6 11 22 71 27 22 37 13 57 61 83 15 45 96 81 32 0 20 37 9 90 83 91 0 52 0 20 0 50 57 76 30 78 89 71 0 3 26 64 60 99 56 26 0 81 59 48 88 51 78 8 87 49 22 0 60 37 88 47 41 0 15 73 0 46 80 0 32 21 0 51 67 52 44 27 34 17 12 50 83 
14 93 0 96 99 68 60 41 50 93 0 76 71 43 71 13 79 49 26 19 14 84 35 58 17 88 0 27 6 35 0 19 70 36 56 31 44 0 54 0 45 0 95 11 36 87 18 0 49 2 2 0 99 51 0 0 52 33 22 2 20 24 7 0 94 19 0 21 46 0 32 42 58 9 60 0 87 0 10 94 4 0 96 0 74 21 50 37 82 58 0 82 82 48 0 25 14 25 0 0 
75 66 80 55 49 0 0 21 92 31 52 28 69 3 57 99 0 25 14 33 56 88 97 20 4 90 57 0 86 0 0 65 38 31 47 32 1 69 0 49 28 16 57 0 8 82 59 66 21 10 0 24 44 40 99 1 0 0 5 88 25 14 1 8 90 57 53 3 80 73 17 86 0 30 37 87 0 47 55 95 0 0 41 37 58 12 89 96 0 69 41 45 0 20 3 0 0 60 91 40 
62 0 61 38 8 56 81 58 11 90 27 0 16 89 9 0 62 74 47 42 64 0 31 93 0 91 86 2 92 42 47 20 26 0 72 81 6 85 61 0 76 70 81 15 24 29 42 69 4 42 0 47 0 0 70 54 16 0 54 86 0 49 96 60 66 81 63 32 68 36 45 0 95 2 88 0 47 0 88 70 71 73 56 0 13 0 28 0 0 68 47 0 30 82 77 88 30 36 99 54 
59 30 58 57 27 16 0 25 31 0 17 78 0 27 92 23 5 60 0 23 0 73 0 0 31 60 61 18 32 0 46 9 8 78 26 84 28 53 57 0 14 54 73 31 96 0 83 43 9 72 0 6 88 52 61 17 51 49 17 18 73 0 0 99 98 59 88 83 0 55 92 73 0 23 47 10 55 88 0 60 0 0 75 0 21 62 76 20 9 99 77 0 38 44 70 58 0 77 16 8 
24 0 33 70 65 94 14 89 28 6 59 51 36 76 19 31 24 0 22 47 29 69 0 56 14 37 26 88 74 8 59 27 60 58 92 0 17 65 58 0 69 63 60 0 0 92 80 81 21 60 0 0 32 16 22 15 44 88 63 72 58 6 82 69 10 72 95 6 50 94 45 28 62 72 41 94 95 70 60 0 27 13 0 13 0 54 0 8 0 0 54 50 36 0 41 27 0 0 64 48 
45 45 85 0 0 40 2 81 94 2 35 0 99 20 94 55 17 54 32 90 0 1 27 57 21 25 81 72 0 30 52 81 88 0 92 37 0 0 60 56 65 11 1 61 44 48 94 3 30 92 77 86 68 1 36 37 83 0 54 58 100 0 0 27 85 40 0 93 81 25 47 0 50 27 0 4 0 71 0 27 0 0 86 79 9 0 59 83 56 50 31 8 0 41 0 25 38 88 76 57 
60 55 89 84 63 22 0 96 73 84 5 87 63 59 0 67 0 42 48 47 53 51 90 60 55 98 0 33 41 36 55 53 52 85 17 69 45 14 88 46 49 42 3 31 16 0 0 0 3 60 24 74 27 81 50 54 49 11 95 22 60 67 70 0 56 0 68 11 0 25 40 32 39 98 15 0 0 73 0 13 0 0 1 2 52 49 52 41 0 99 14 68 15 66 97 97 34 94 0 82 
77 10 40 25 26 61 51 19 39 32 84 41 90 2 51 33 0 41 16 77 41 82 20 0 30 76 67 0 18 0 17 24 35 0 0 88 71 85 96 25 96 92 21 75 44 15 66 29 78 0 9 91 0 58 55 0 52 14 72 97 97 44 38 97 25 56 0 75 76 73 13 56 76 13 73 96 41 56 75 0 86 1 0 96 70 42 85 26 17 32 0 34 34 24 100 77 0 29 75 36 
4 92 74 76 86 46 70 40 86 93 37 43 66 81 18 44 54 39 44 22 58 31 83 88 0 9 39 1 11 0 0 38 2 18 42 7 50 7 81 94 63 26 61 91 17 92 6 2 38 54 0 80 83 43 0 61 24 23 56 4 50 75 86 24 70 74 95 24 89 0 9 36 50 95 0 0 37 0 0 13 79 2 96 0 4 6 21 23 0 45 47 68 85 43 77 0 1 35 97 2 
67 0 0 90 19 36 0 25 29 0 63 38 41 13 16 28 57 35 0 27 0 68 85 100 0 59 0 90 13 0 0 78 0 31 54 30 0 70 18 93 85 0 0 69 16 0 52 31 8 43 83 0 46 0 86 5 62 38 75 37 86 99 82 62 0 68 19 16 79 61 4 21 46 58 46 74 58 13 21 0 9 52 70 4 0 55 74 69 2 0 79 82 0 31 52 0 75 59 77 0 
92 0 78 37 16 0 5 68 80 40 37 43 52 100 46 16 35 0 63 27 0 30 15 41 80 38 88 91 63 0 58 92 20 38 47 0 40 31 45 69 75 27 22 93 24 84 23 90 24 41 86 8 49 15 44 35 47 0 70 53 49 49 0 33 26 35 11 35 0 96 45 56 51 76 80 21 12 0 62 54 0 49 42 6 55 0 57 45 83 54 15 50 0 11 54 29 70 20 29 96 
42 0 46 26 37 84 0 0 54 0 33 19 0 0 1 0 89 52 9 10 0 10 47 12 50 4 0 91 27 0 79 88 86 0 44 37 10 7 2 76 61 54 0 39 0 0 37 0 3 0 34 88 3 81 71 49 76 3 6 17 0 30 34 45 36 35 11 86 18 24 0 0 0 52 0 50 89 28 76 0 59 52 85 21 74 57 0 34 0 95 71 15 0 0 0 29 34 32 93 0 
12 95 49 93 72 25 16 29 0 0 99 95 62 42 10 20 80 43 35 24 80 30 82 54 30 92 92 90 68 0 37 0 83 36 90 18 76 46 0 27 54 15 2 55 21 0 61 71 89 36 0 95 62 9 69 95 90 62 38 63 11 22 42 72 76 0 80 0 65 57 71 2 0 87 32 37 96 0 20 8 83 41 26 23 69 45 34 0 61 97 0 91 3 23 0 10 0 84 0 47 
54 52 0 26 21 55 0 58 71 60 16 74 3 1 44 42 52 93 0 81 50 71 27 0 4 71 99 2 65 0 54 20 0 34 62 12 42 75 0 78 0 93 10 0 92 17 79 0 29 37 77 2 17 71 18 18 43 91 52 100 59 83 63 0 0 64 24 63 89 40 96 41 83 27 21 82 0 0 9 0 56 0 17 0 2 83 0 61 0 31 81 27 0 37 87 42 82 0 0 6 
60 78 10 71 2 48 29 0 95 86 67 37 0 30 96 0 10 0 26 22 66 34 88 45 48 31 72 0 0 23 92 69 43 87 65 0 34 0 58 38 36 79 45 0 0 92 73 56 0 86 0 0 71 52 0 72 2 17 67 73 37 0 2 46 35 20 20 25 0 48 53 11 42 64 0 58 69 68 99 0 50 99 32 45 0 54 95 97 31 0 44 1 58 64 0 80 45 80 0 0 
46 0 98 91 27 98 52 84 89 0 47 77 89 12 15 12 0 0 18 87 83 0 36 0 0 75 97 99 23 42 41 81 0 40 0 0 13 73 84 0 52 61 96 0 0 11 0 8 41 0 0 92 58 46 21 54 37 9 94 81 40 57 31 18 58 55 0 83 10 47 15 80 25 54 51 0 41 47 77 54 31 14 0 47 79 15 71 0 81 44 0 35 27 24 22 4 0 47 36 78 
35 73 84 37 80 78 0 69 77 43 28 0 0 0 0 0 30 65 67 100 0 71 38 0 19 23 93 49 35 90 56 0 59 70 1 38 0 0 92 9 32 32 69 61 41 100 68 85 76 41 65 0 93 41 0 35 87 26 97 59 85 63 77 3 68 9 58 55 41 83 35 72 72 82 67 82 45 0 0 50 8 68 34 68 82 50 15 91 27 1 35 0 61 68 60 2 62 74 44 83 
33 12 57 67 52 85 0 0 3 0 6 28 85 52 58 98 74 49 28 67 46 68 10 0 91 30 89 0 12 47 98 24 44 86 2 61 8 78 86 0 78 0 88 66 68 31 72 81 97 53 3 10 7 41 45 0 23 58 69 94 16 0 40 19 49 0 70 41 52 0 86 48 73 53 52 82 0 30 38 36 0 15 34 85 0 0 0 3 0 58 27 61 0 88 95 83 0 49 28 77 
12 39 96 48 29 81 61 0 98 73 80 0 0 42 45 90 12 64 91 40 28 21 9 0 32 72 64 16 6 44 98 65 54 11 80 18 48 0 0 73 91 81 24 57 47 1 84 0 79 95 0 56 16 95 76 95 0 48 80 48 96 0 50 86 18 0 84 49 31 62 51 47 87 9 44 48 20 82 44 0 41 66 24 43 31 11 0 23 37 64 24 68 88 0 63 46 52 75 53 53 
3 7 0 73 97 51 62 10 0 0 87 11 64 24 69 64 69 0 64 78 12 27 4 2 54 55 0 0 46 61 33 100 17 20 72 0 50 0 0 83 0 8 62 0 42 66 2 53 3 36 49 100 12 17 50 0 41 20 0 26 50 87 0 21 78 47 54 0 83 60 71 35 30 86 27 0 3 77 70 41 0 97 100 77 52 54 0 0 87 0 22 60 95 63 0 0 9 90 0 55 
56 0 64 23 10 0 0 55 16 52 67 44 0 0 65 0 23 50 75 61 6 22 56 0 47 81 0 82 0 51 87 22 37 40 38 49 93 0 86 89 6 92 7 0 55 56 0 38 9 75 0 92 58 92 23 0 41 98 79 20 0 82 44 75 63 68 71 64 26 73 11 34 0 39 34 25 0 88 58 27 25 97 77 0 0 29 29 10 42 80 4 2 83 46 0 0 87 79 89 53 
51 16 26 56 75 49 68 71 4 52 0 47 58 95 58 98 66 100 46 83 0 70 0 60 0 63 31 0 62 0 88 36 78 81 13 19 0 30 70 44 37 23 44 51 74 100 82 39 83 11 0 70 0 0 92 78 3 44 0 86 19 24 97 0 0 0 0 0 29 13 0 50 76 0 17 14 0 30 0 0 38 34 0 1 75 70 34 0 82 45 0 62 0 52 9 87 0 5 51 0 
60 0 0 79 42 80 57 79 73 0 73 17 30 31 84 25 100 11 11 17 66 72 82 24 94 74 0 0 55 68 69 76 93 9 19 98 0 93 83 53 67 46 0 0 0 2 0 67 22 97 4 36 44 0 0 7 87 58 0 7 0 0 44 36 80 86 8 45 39 33 48 69 70 95 12 25 60 36 77 0 88 94 29 35 59 20 32 84 0 80 47 74 49 75 90 79 5 0 4 75 
0 34 51 33 36 36 82 24 88 37 0 80 33 63 5 56 57 22 44 0 56 50 48 36 0 0 64 88 90 11 82 12 65 63 78 12 83 67 0 7 11 83 93 80 87 0 62 60 0 84 3 80 5 0 2 7 50 48 50 75 28 93 0 71 72 0 81 0 91 0 96 87 12 42 50 0 91 99 16 64 76 0 75 97 77 29 93 0 0 0 36 44 28 53 0 89 51 4 0 46 
75 0 52 5 76 97 0 41 0 5 40 74 88 36 2 64 0 28 0 17 32 44 87 48 0 2 79 24 71 0 0 87 96 0 0 7 17 29 3 7 39 15 52 87 0 2 0 87 0 0 100 78 35 20 85 6 32 40 2 32 58 81 30 2 56 0 29 33 87 0 0 75 31 70 83 0 40 54 8 48 57 82 36 2 0 96 0 47 6 0 78 83 77 53 55 53 0 75 46 0 
