0 0 0 0 90 0 0 0 0 0 37 0 0 0 0 0 0 0 0 87 0 0 50 0 0 0 0 0 0 0 0 0 0 0 91 0 0 0 0 0 0 66 16 0 0 0 0 0 0 0 0 0 0 0 0 0 22 0 0 0 0 98 0 0 0 0 0 0 55 0 0 0 0 0 0 55 22 82 0 0 0 0 0 0 0 0 0 0 0 36 0 0 0 0 0 0 0 0 0 49 
0 0 0 0 0 0 0 0 0 0 0 0 0 0 0 0 0 0 0 0 0 0 0 0 0 0 0 0 64 0 0 0 0 0 0 0 0 0 0 0 0 0 0 0 0 0 0 8 0 0 0 0 66 0 77 37 0 0 0 0 0 0 0 0 0 0 0 0 0 0 0 0 0 0 0 0 0 0 0 0 0 0 0 0 63 0 0 94 0 0 0 0 0 0 39 0 16 0 0 32 
0 0 0 0 0 0 0 0 0 0 0 0 0 1 0 0 0 0 0 0 36 0 0 0 0 0 0 0 0 0 0 0 0 0 0 0 0 4 0 0 0 0 0 0 0 0 0 0 0 0 0 0 0 51 0 0 0 0 0 48 0 59 0 0 25 36 0 0 54 0 0 0 0 100 0 0 0 0 0 0 0 0 0 31 0 0 0 0 0 0 0 0 0 0 0 0 0 80 0 17 
0 0 0 0 0 0 0 0 0 0 0 0 0 0 0 100 0 0 1 0 0 0 0 33 0 0 0 0 0 31 0 70 0 0 0 81 0 0 0 0 0 100 79 99 0 0 0 0 0 0 0 0 0 0 0 0 0 0 0 0 0 0 78 0 0 0 0 0 0 36 0 0 0 0 0 0 0 0 0 54 0 0 0 0 22 0 0 0 0 0 35 0 0 0 48 0 0 0 0 0 
90 0 0 0 0 0 0 0 0 86 81 0 0 0 0 0 0 0 0 0 0 39 0 0 0 0 0 0 0 0 0 11 0 0 93 0 0 0 0 0 76 0 0 0 0 0 0 0 0 0 0 0 0 0 0 0 0 7 70 0 0 0 0 60 0 0 0 0 0 0 0 0 0 0 0 59 0 0 0 0 0 0 0 0 62 0 0 0 0 0 0 0 38 0 0 0 0 0 67 0 
0 0 0 0 0 0 0 0 52 0 79 0 0 0 0 0 0 0 0 0 0 0 7 0 0 0 0 60 0 0 0 0 0 0 42 0 0 8 0 0 84 0 0 25 39 0 0 0 0 0 0 0 0 35 0 0 0 0 0 0 0 9 0 0 0 0 0 0 0 0 0 0 0 0 23 0 0 0 0 0 0 0 0 0 0 0 0 0 7 0 0 0 44 0 0 0 0 59 0 0 
0 0 0 0 0 0 0 0 0 0 0 0 55 0 0 0 0 46 0 0 0 62 0 36 0 0 0 0 50 0 0 0 0 0 0 0 0 37 0 0 0 0 0 0 20 0 0 0 0 0 0 0 0 87 0 0 0 0 0 0 0 0 0 0 0 0 0 0 0 0 0 0 0 0 0 0 0 69 0 89 0 36 0 0 0 0 0 25 0 0 0 0 66 0 0 39 0 74 0 0 
0 0 0 0 0 0 0 0 0 0 0 0 0 0 27 0 0 20 0 0 0 0 0 0 0 0 0 0 0 0 65 0 0 0 0 0 0 0 89 0 0 0 0 43 0 0 0 0 0 0 0 0 0 0 0 0 0 0 0 0 0 0 0 0 0 0 0 0 0 0 0 0 0 0 0 0 0 47 0 44 0 0 0 0 0 0 0 0 0 0 0 0 0 0 0 0 0 79 0 0 
0 0 0 0 0 52 0 0 0 61 22 0 0 0 0 0 0 0 0 0 0 0 71 0 0 0 0 47 0 98 0 0 0 0 0 0 0 0 0 0 0 0 0 76 0 79 0 0 0 0 0 0 59 0 0 0 0 0 0 0 0 0 19 0 0 0 0 0 0 88 0 0 0 0 48 0 0 0 0 0 0 0 0 0 0 0 0 0 52 0 79 0 0 0 0 0 0 91 0 0 
0 0 0 0 86 0 0 0 61 0 0 69 0 0 0 0 0 0 0 0 0 0 0 0 16 0 0 0 0 0 0 54 56 0 0 0 0 0 0 0 0 0 97 0 0 0 0 0 0 8 0 0 0 0 85 0 0 0 0 0 0 72 0 0 0 0 0 0 0 0 0 0 56 0 97 0 0 98 0 0 0 0 0 0 58 0 0 0 0 60 0 0 0 0 0 0 0 0 0 0 
37 0 0 0 81 79 0 0 22 0 0 0 0 0 0 0 0 0 0 0 0 0 0 0 0 0 0 0 0 0 0 0 0 0 0 28 0 0 0 58 0 0 0 0 2 0 0 0 0 0 0 0 47 0 0 0 0 0 0 0 0 0 0 0 0 0 0 0 0 0 0 0 52 0 0 54 0 0 0 0 0 19 0 0 0 24 0 0 0 0 0 0 0 0 0 0 32 0 0 100 
0 0 0 0 0 0 0 0 0 69 0 0 0 0 0 0 0 0 0 0 54 0 0 0 0 1 0 0 0 0 0 0 95 0 0 100 0 0 0 0 96 0 0 0 78 0 0 0 0 0 0 0 73 0 0 0 0 0 0 0 0 0 0 0 0 0 0 0 36 0 0 0 0 0 0 0 0 0 0 8 0 0 0 0 0 0 0 0 0 0 0 0 0 100 0 0 0 0 0 0 
0 0 0 0 0 0 55 0 0 0 0 0 0 0 0 0 0 21 0 0 0 0 0 0 0 0 0 0 0 0 0 0 0 0 0 49 0 0 0 0 0 75 0 0 64 0 0 0 0 19 0 0 0 0 0 0 0 0 36 0 0 40 0 0 91 34 0 0 0 77 0 0 0 0 0 79 0 0 0 0 0 34 0 0 0 0 0 0 0 0 0 0 0 0 0 0 0 42 0 0 
0 0 1 0 0 0 0 0 0 0 0 0 0 0 13 0 0 0 0 100 0 45 0 0 0 0 0 0 0 29 99 0 0 0 0 0 0 0 44 0 0 0 0 0 0 0 0 0 0 0 0 0 0 0 0 0 0 0 0 0 0 90 0 0 0 0 65 52 0 0 59 0 0 0 46 0 24 0 0 0 0 0 0 0 0 0 0 0 0 0 0 0 0 0 25 0 0 0 0 76 
0 0 0 0 0 0 0 27 0 0 0 0 0 13 0 53 0 0 0 0 0 0 0 0 0 75 60 0 0 0 0 0 0 0 0 42 0 0 0 0 0 0 0 0 0 0 0 6 54 36 0 0 0 0 0 0 0 0 0 0 0 0 0 0 0 0 0 0 0 0 0 0 0 0 96 0 0 0 0 0 0 0 10 0 0 37 0 61 0 0 21 0 63 0 0 0 0 0 0 0 
0 0 0 100 0 0 0 0 0 0 0 0 0 0 53 0 79 0 32 0 55 0 0 77 0 64 0 0 0 0 0 0 0 0 0 0 0 0 0 0 0 0 0 0 0 0 0 0 0 0 0 0 77 0 0 0 83 0 0 0 0 0 0 82 72 0 0 0 0 0 0 0 0 0 0 0 85 0 0 17 0 0 0 0 0 0 0 0 0 0 0 0 0 0 0 0 0 0 0 0 
0 0 0 0 0 0 0 0 0 0 0 0 0 0 0 79 0 14 0 78 0 0 0 0 56 0 0 0 0 0 0 0 43 0 55 0 81 0 0 0 0 0 0 0 0 0 0 0 0 0 0 0 29 0 0 0 0 0 0 0 85 0 0 0 0 0 0 0 0 78 0 21 49 0 0 0 0 0 0 0 0 0 0 0 71 95 0 0 61 0 0 0 0 0 0 0 0 0 0 0 
0 0 0 0 0 0 46 20 0 0 0 0 21 0 0 0 14 0 0 0 7 0 0 81 24 0 0 0 0 0 0 0 0 0 0 0 0 0 68 0 0 0 0 0 0 0 0 0 0 0 0 86 0 0 97 0 0 20 0 0 55 0 0 0 0 0 0 0 0 0 0 0 0 39 0 22 92 0 0 0 0 0 0 0 0 0 0 0 0 0 0 0 0 0 0 0 0 0 0 0 
0 0 0 1 0 0 0 0 0 0 0 0 0 0 0 32 0 0 0 0 0 0 0 0 0 0 0 0 0 0 0 0 0 0 0 0 0 0 0 0 0 0 0 0 0 0 0 0 0 0 0 0 0 0 0 0 0 5 65 0 0 0 0 88 0 0 0 43 0 0 15 0 39 100 0 86 88 0 0 0 0 0 0 0 0 0 34 0 80 0 0 0 0 0 0 0 54 36 0 0 
87 0 0 0 0 0 0 0 0 0 0 0 0 100 0 0 78 0 0 0 61 0 0 0 0 69 0 0 0 99 58 0 70 0 0 0 0 0 88 67 0 0 0 0 0 87 0 0 0 0 0 0 0 50 0 0 0 0 0 0 0 0 0 0 10 0 38 0 0 0 0 0 0 0 0 0 0 0 0 0 0 0 0 0 0 0 0 0 0 0 0 0 0 0 0 0 0 0 0 0 
0 0 36 0 0 0 0 0 0 0 0 54 0 0 0 55 0 7 0 61 0 0 0 0 0 0 92 0 68 68 0 39 0 0 0 0 0 0 0 0 0 0 0 0 0 0 0 0 92 0 0 0 11 0 0 0 0 0 29 0 0 0 0 0 0 0 0 23 0 0 0 0 84 0 0 0 0 0 0 0 0 0 0 0 0 0 0 0 0 0 0 0 0 0 0 0 0 0 35 0 
0 0 0 0 39 0 62 0 0 0 0 0 0 45 0 0 0 0 0 0 0 0 0 0 0 0 4 0 0 3 0 0 0 0 0 0 0 0 29 58 0 0 0 0 0 0 0 66 0 0 0 0 0 0 0 0 0 0 0 0 0 0 0 0 0 0 0 0 0 0 0 0 0 0 0 0 8 0 78 0 0 0 0 46 0 0 0 75 0 0 0 0 0 78 0 0 0 0 0 0 
50 0 0 0 0 7 0 0 71 0 0 0 0 0 0 0 0 0 0 0 0 0 0 0 6 0 75 60 0 0 65 0 0 0 0 74 0 0 0 0 0 0 0 0 0 0 0 0 37 0 48 0 0 85 0 0 0 0 0 0 0 0 0 25 0 0 0 0 0 0 0 0 0 0 0 0 0 0 0 0 27 0 98 0 0 81 0 0 0 0 0 0 0 0 0 0 0 0 0 0 
0 0 0 33 0 0 36 0 0 0 0 0 0 0 0 77 0 81 0 0 0 0 0 0 0 0 0 73 0 0 0 0 0 0 0 0 0 0 0 0 0 71 0 0 0 0 0 0 0 0 0 0 0 0 99 0 0 0 0 0 0 0 0 0 0 79 0 0 0 0 0 23 0 0 0 0 0 77 0 0 85 0 0 0 0 0 0 0 0 0 0 0 0 79 0 0 94 80 0 0 
0 0 0 0 0 0 0 0 0 16 0 0 0 0 0 0 56 24 0 0 0 0 6 0 0 0 0 69 0 27 51 0 0 0 0 0 0 0 0 58 0 0 0 39 41 0 0 0 0 0 0 0 0 0 0 0 0 0 0 0 0 0 0 0 53 0 0 0 0 0 0 0 0 0 0 47 0 0 0 0 0 54 0 0 0 0 0 0 0 0 9 0 0 0 0 0 0 0 0 21 
0 0 0 0 0 0 0 0 0 0 0 1 0 0 75 64 0 0 0 69 0 0 0 0 0 0 0 0 0 0 0 0 0 0 0 0 100 0 0 0 0 0 73 84 0 0 0 0 91 0 0 0 0 0 9 83 0 0 0 0 0 0 0 0 47 0 0 0 0 0 0 0 0 0 0 0 0 0 0 0 25 0 0 0 0 81 0 0 35 0 0 0 0 92 0 0 0 0 0 0 
0 0 0 0 0 0 0 0 0 0 0 0 0 0 60 0 0 0 0 0 92 4 75 0 0 0 0 0 0 0 0 0 0 0 0 23 0 0 0 0 0 0 0 0 0 0 0 0 0 84 0 0 0 0 0 0 93 0 0 90 0 0 58 0 0 0 0 0 70 96 0 0 0 0 0 43 0 0 0 0 0 0 0 0 32 0 0 0 0 90 0 7 0 0 0 0 0 0 0 0 
0 0 0 0 0 60 0 0 47 0 0 0 0 0 0 0 0 0 0 0 0 0 60 73 69 0 0 0 0 0 81 0 0 0 0 0 0 42 63 0 0 0 0 0 0 0 0 0 0 0 0 0 63 0 22 0 53 0 0 42 0 0 0 0 50 0 0 0 0 0 0 0 0 0 0 0 0 0 0 0 12 0 0 0 22 0 0 0 0 0 0 0 0 0 0 0 0 0 0 0 
0 64 0 0 0 0 50 0 0 0 0 0 0 0 0 0 0 0 0 0 68 0 0 0 0 0 0 0 0 0 0 85 0 0 50 0 79 0 0 0 0 0 0 0 0 0 0 68 0 0 0 0 0 0 0 0 0 0 0 0 0 0 0 0 0 21 0 0 0 0 0 58 68 0 15 0 0 0 0 67 0 0 0 0 0 0 0 0 0 67 0 0 0 0 30 0 0 0 0 0 
0 0 0 31 0 0 0 0 98 0 0 0 0 29 0 0 0 0 0 99 68 3 0 0 27 0 0 0 0 0 0 0 0 0 0 0 30 0 0 0 0 0 0 87 0 0 0 63 0 0 59 0 0 0 0 0 0 0 0 0 18 0 0 0 0 0 0 0 0 0 0 0 0 0 0 0 0 0 0 0 3 0 6 0 0 0 0 0 0 0 0 0 0 0 96 0 0 0 0 0 
0 0 0 0 0 0 0 65 0 0 0 0 0 99 0 0 0 0 0 58 0 0 65 0 51 0 0 81 0 0 0 0 0 0 0 0 0 100 0 0 0 0 2 0 0 0 0 0 0 0 0 49 0 0 0 0 0 75 0 0 0 0 0 0 0 0 39 0 63 0 0 0 0 0 0 0 31 0 0 0 87 0 0 0 0 0 0 0 0 11 0 0 0 0 0 0 0 0 0 0 
0 0 0 70 11 0 0 0 0 54 0 0 0 0 0 0 0 0 0 0 39 0 0 0 0 0 0 0 85 0 0 0 0 0 0 27 0 0 0 0 0 0 0 0 0 86 0 0 0 0 0 0 0 0 0 20 0 17 0 0 0 0 89 0 0 0 0 0 0 64 0 99 0 0 0 0 0 98 62 0 0 0 0 0 0 0 0 0 0 0 0 0 0 0 0 0 0 0 0 0 
0 0 0 0 0 0 0 0 0 56 0 95 0 0 0 0 43 0 0 70 0 0 0 0 0 0 0 0 0 0 0 0 0 0 0 0 0 0 0 0 0 0 0 0 0 0 0 0 0 0 0 0 0 0 0 0 0 0 0 25 0 71 6 0 0 77 0 0 0 0 0 0 0 0 0 0 0 0 90 0 0 0 0 0 0 0 0 0 31 90 0 0 0 0 0 0 0 0 0 0 
0 0 0 0 0 0 0 0 0 0 0 0 0 0 0 0 0 0 0 0 0 0 0 0 0 0 0 0 0 0 0 0 0 0 0 0 8 0 0 0 0 0 0 0 0 0 0 0 0 49 0 45 0 0 0 0 0 0 0 0 0 0 0 0 0 0 0 0 0 0 0 0 0 0 0 0 99 0 0 0 0 0 78 0 0 90 0 0 0 0 0 40 0 0 0 0 0 0 0 0 
91 0 0 0 93 42 0 0 0 0 0 0 0 0 0 0 55 0 0 0 0 0 0 0 0 0 0 0 50 0 0 0 0 0 0 5 0 0 0 0 0 0 0 0 85 0 0 0 0 0 0 0 0 0 0 0 0 0 60 0 0 0 0 0 0 71 0 0 0 0 0 0 0 40 0 17 0 0 0 0 0 0 0 0 0 0 70 0 13 0 0 0 0 0 0 0 0 0 8 25 
0 0 0 81 0 0 0 0 0 0 28 100 49 0 42 0 0 0 0 0 0 0 74 0 0 0 23 0 0 0 0 27 0 0 5 0 0 0 0 0 0 98 0 0 0 0 0 0 0 94 0 0 0 0 0 0 0 10 0 0 0 0 0 0 0 0 0 0 0 0 0 0 0 98 0 0 0 0 0 0 0 0 0 0 0 0 0 0 0 0 0 0 0 30 0 0 96 0 0 0 
0 0 0 0 0 0 0 0 0 0 0 0 0 0 0 0 81 0 0 0 0 0 0 0 0 100 0 0 79 30 0 0 0 8 0 0 0 0 0 0 0 0 0 83 0 0 0 0 0 0 0 0 89 0 0 0 0 0 0 0 0 27 0 0 0 0 0 0 0 0 28 0 0 0 24 0 91 0 0 0 0 56 0 0 0 79 0 0 0 0 0 38 0 0 0 0 0 0 95 0 
0 0 4 0 0 8 37 0 0 0 0 0 0 0 0 0 0 0 0 0 0 0 0 0 0 0 0 42 0 0 100 0 0 0 0 0 0 0 28 0 0 0 87 0 0 0 0 0 0 19 0 0 0 0 0 0 0 0 0 0 0 0 0 0 0 0 0 0 0 0 0 0 0 0 0 17 0 0 0 0 0 96 0 0 0 0 0 0 51 0 0 0 39 0 0 0 0 0 0 70 
0 0 0 0 0 0 0 89 0 0 0 0 0 44 0 0 0 68 0 88 0 29 0 0 0 0 0 63 0 0 0 0 0 0 0 0 0 28 0 0 0 0 0 0 0 0 0 0 0 0 0 0 55 20 0 4 0 0 47 0 0 0 0 0 0 0 0 0 0 0 0 0 65 0 21 0 0 0 0 0 0 42 0 20 0 0 0 0 0 0 0 0 0 0 0 0 0 0 0 0 
0 0 0 0 0 0 0 0 0 0 58 0 0 0 0 0 0 0 0 67 0 58 0 0 58 0 0 0 0 0 0 0 0 0 0 0 0 0 0 0 0 91 0 0 0 0 0 42 54 0 0 0 0 0 0 0 0 96 0 0 0 57 0 0 0 0 0 0 0 0 0 0 0 0 1 0 0 70 0 0 0 0 0 0 0 0 0 0 0 0 0 45 0 0 0 22 0 0 26 31 
0 0 0 0 76 84 0 0 0 0 0 96 0 0 0 0 0 0 0 0 0 0 0 0 0 0 0 0 0 0 0 0 0 0 0 0 0 0 0 0 0 20 0 0 0 0 0 27 0 0 0 0 0 0 0 0 92 0 0 0 9 0 0 0 0 0 0 0 0 31 0 0 0 0 0 0 0 0 0 18 0 0 12 0 0 0 4 0 0 0 0 6 0 0 0 52 0 0 0 0 
66 0 0 100 0 0 0 0 0 0 0 0 75 0 0 0 0 0 0 0 0 0 0 71 0 0 0 0 0 0 0 0 0 0 0 98 0 0 0 91 20 0 0 0 0 0 0 100 0 0 0 0 0 0 0 0 0 0 0 0 0 0 46 0 0 0 0 0 0 0 0 0 0 48 0 0 0 0 0 0 0 0 0 0 0 0 0 0 0 78 0 0 67 0 3 0 84 0 77 0 
16 0 0 79 0 0 0 0 0 97 0 0 0 0 0 0 0 0 0 0 0 0 0 0 0 73 0 0 0 0 2 0 0 0 0 0 0 87 0 0 0 0 0 0 0 0 0 0 0 48 53 16 96 0 0 0 0 0 0 0 0 0 0 0 0 0 0 0 0 0 0 0 47 0 0 0 0 0 58 0 0 0 0 0 15 0 0 0 0 0 0 0 95 0 0 0 0 19 0 0 
0 0 0 99 0 25 0 43 76 0 0 0 0 0 0 0 0 0 0 0 0 0 0 0 39 84 0 0 0 87 0 0 0 0 0 0 83 0 0 0 0 0 0 0 0 0 0 0 0 0 0 0 0 25 0 0 0 0 0 0 36 0 34 0 79 0 0 0 0 0 0 94 0 0 0 0 0 0 0 0 0 0 0 10 0 0 0 0 0 0 0 0 0 94 0 0 0 0 0 0 
0 0 0 0 0 39 20 0 0 0 2 78 64 0 0 0 0 0 0 0 0 0 0 0 41 0 0 0 0 0 0 0 0 0 85 0 0 0 0 0 0 0 0 0 0 0 0 0 0 0 0 0 91 0 0 0 61 0 0 0 0 0 0 0 0 83 6 0 0 0 0 0 0 0 0 0 0 0 0 0 0 0 0 0 0 0 0 88 65 0 0 25 0 0 0 0 0 0 39 0 
0 0 0 0 0 0 0 0 79 0 0 0 0 0 0 0 0 0 0 87 0 0 0 0 0 0 0 0 0 0 0 86 0 0 0 0 0 0 0 0 0 0 0 0 0 0 13 0 0 50 0 0 0 0 0 0 0 0 0 0 0 70 0 0 0 45 0 0 0 0 0 52 0 0 0 0 0 0 0 0 0 0 0 0 0 0 0 91 0 0 0 0 0 0 0 88 0 0 0 0 
0 0 0 0 0 0 0 0 0 0 0 0 0 0 0 0 0 0 0 0 0 0 0 0 0 0 0 0 0 0 0 0 0 0 0 0 0 0 0 0 0 0 0 0 0 13 0 0 0 0 0 0 0 71 0 100 0 0 0 0 0 0 0 0 0 74 0 0 0 86 0 0 0 0 0 0 0 0 0 0 0 0 0 0 0 0 0 0 0 0 0 0 0 0 34 0 0 0 0 0 
0 8 0 0 0 0 0 0 0 0 0 0 0 0 6 0 0 0 0 0 0 66 0 0 0 0 0 0 68 63 0 0 0 0 0 0 0 0 0 42 27 100 0 0 0 0 0 0 0 0 0 0 0 0 66 0 0 0 0 22 0 0 0 0 0 0 0 0 0 0 0 24 0 0 0 0 0 0 0 0 0 0 0 0 0 20 0 0 0 0 0 0 0 0 0 0 0 0 0 0 
0 0 0 0 0 0 0 0 0 0 0 0 0 0 54 0 0 0 0 0 92 0 37 0 0 91 0 0 0 0 0 0 0 0 0 0 0 0 0 54 0 0 0 0 0 0 0 0 0 0 0 0 0 0 0 0 0 0 0 21 0 0 0 0 0 0 0 0 0 0 0 0 0 0 32 0 29 0 31 0 0 0 26 0 0 0 0 0 0 0 73 20 28 0 0 0 0 0 73 0 
0 0 0 0 0 0 0 0 0 8 0 0 19 0 36 0 0 0 0 0 0 0 0 0 0 0 84 0 0 0 0 0 0 49 0 94 0 19 0 0 0 0 48 0 0 50 0 0 0 0 0 0 0 0 0 0 0 0 0 0 0 0 0 94 0 0 0 0 0 0 77 0 0 0 0 0 0 0 0 0 0 0 0 0 0 0 0 0 0 0 0 0 0 35 0 0 0 0 0 0 
0 0 0 0 0 0 0 0 0 0 0 0 0 0 0 0 0 0 0 0 0 0 48 0 0 0 0 0 0 59 0 0 0 0 0 0 0 0 0 0 0 0 53 0 0 0 0 0 0 0 0 0 0 91 0 0 0 0 0 0 0 0 0 0 0 0 43 0 0 0 0 0 0 42 0 0 73 0 0 0 6 0 0 0 0 0 0 0 0 9 0 0 0 0 0 0 0 0 0 0 
0 0 0 0 0 0 0 0 0 0 0 0 0 0 0 0 0 86 0 0 0 0 0 0 0 0 0 0 0 0 49 0 0 45 0 0 0 0 0 0 0 0 16 0 0 0 0 0 0 0 0 0 0 0 0 91 99 0 0 0 0 0 0 0 0 89 0 0 0 0 8 0 0 0 0 72 0 26 0 0 0 45 0 0 0 0 0 98 0 0 0 0 0 0 0 0 0 0 0 32 
0 66 0 0 0 0 0 0 59 0 47 73 0 0 0 77 29 0 0 0 11 0 0 0 0 0 0 63 0 0 0 0 0 0 0 0 89 0 55 0 0 0 96 0 91 0 0 0 0 0 0 0 0 0 0 0 0 0 0 75 0 0 0 0 0 0 0 0 0 0 0 0 0 0 0 0 0 0 0 0 0 0 0 0 0 0 0 0 0 0 0 0 0 0 0 0 0 0 29 0 
0 0 51 0 0 35 87 0 0 0 0 0 0 0 0 0 0 0 0 50 0 0 85 0 0 0 0 0 0 0 0 0 0 0 0 0 0 0 20 0 0 0 0 25 0 0 71 0 0 0 91 0 0 0 0 0 11 0 0 0 0 0 42 0 0 0 87 0 0 0 0 0 0 0 0 0 0 0 0 0 0 0 0 21 0 0 0 68 0 0 0 99 0 0 0 0 0 0 0 0 
0 77 0 0 0 0 0 0 0 85 0 0 0 0 0 0 0 97 0 0 0 0 0 99 0 9 0 22 0 0 0 0 0 0 0 0 0 0 0 0 0 0 0 0 0 0 0 66 0 0 0 0 0 0 0 0 20 45 0 0 0 0 0 0 0 0 0 0 58 0 0 0 0 0 19 0 0 0 54 0 0 0 0 0 0 30 0 0 0 0 0 0 0 89 0 0 0 0 0 59 
0 37 0 0 0 0 0 0 0 0 0 0 0 0 0 0 0 0 0 0 0 0 0 0 0 83 0 0 0 0 0 20 0 0 0 0 0 0 4 0 0 0 0 0 0 0 100 0 0 0 0 91 0 0 0 0 0 0 0 0 0 0 0 80 59 0 0 0 0 0 0 0 0 14 0 0 0 0 0 0 46 0 0 0 0 0 36 0 25 79 45 0 0 0 0 0 0 0 97 0 
22 0 0 0 0 0 0 0 0 0 0 0 0 0 0 83 0 0 0 0 0 0 0 0 0 0 93 53 0 0 0 0 0 0 0 0 0 0 0 0 92 0 0 0 61 0 0 0 0 0 0 99 0 11 20 0 0 0 0 0 0 0 0 0 0 0 0 0 0 0 0 0 0 0 0 9 0 27 50 0 0 0 0 0 0 0 35 0 0 0 0 28 0 46 0 0 0 0 0 0 
0 0 0 0 7 0 0 0 0 0 0 0 0 0 0 0 0 20 5 0 0 0 0 0 0 0 0 0 0 0 75 17 0 0 0 10 0 0 0 96 0 0 0 0 0 0 0 0 0 0 0 0 0 0 45 0 0 0 0 0 0 0 0 10 0 0 0 0 77 0 0 0 0 0 0 0 93 0 0 0 0 0 0 0 8 0 0 0 3 0 100 0 0 0 0 68 0 0 0 0 
0 0 0 0 70 0 0 0 0 0 0 0 36 0 0 0 0 0 65 0 29 0 0 0 0 0 0 0 0 0 0 0 0 0 60 0 0 0 47 0 0 0 0 0 0 0 0 0 0 0 0 0 0 0 0 0 0 0 0 0 75 9 0 0 0 97 55 0 0 0 36 0 0 0 26 0 0 0 0 0 0 0 0 0 0 0 0 0 0 0 21 0 0 86 0 0 0 0 0 0 
0 0 48 0 0 0 0 0 0 0 0 0 0 0 0 0 0 0 0 0 0 0 0 0 0 0 90 42 0 0 0 0 25 0 0 0 0 0 0 0 0 0 0 0 0 0 0 22 21 0 0 0 75 0 0 0 0 0 0 0 0 0 0 0 0 0 62 0 0 0 0 0 0 0 0 0 0 95 0 0 0 0 0 0 0 0 0 0 0 0 0 0 0 0 0 0 0 0 59 0 
0 0 0 0 0 0 0 0 0 0 0 0 0 0 0 0 85 55 0 0 0 0 0 0 0 0 0 0 0 18 0 0 0 0 0 0 0 0 0 0 9 0 0 36 0 0 0 0 0 0 0 0 0 0 0 0 0 0 75 0 0 0 0 100 0 0 0 0 0 0 0 0 0 0 0 0 0 0 0 0 0 0 87 81 0 59 0 63 0 0 0 0 36 0 0 0 17 0 92 0 
98 0 59 0 0 9 0 0 0 72 0 0 40 90 0 0 0 0 0 0 0 0 0 0 0 0 0 0 0 0 0 0 71 0 0 0 27 0 0 57 0 0 0 0 0 70 0 0 0 0 0 0 0 0 0 0 0 0 9 0 0 0 0 60 0 0 0 0 0 0 0 0 18 0 0 0 61 0 0 0 0 0 78 0 0 0 0 0 0 0 0 0 0 0 0 0 0 0 0 0 
0 0 0 78 0 0 0 0 19 0 0 0 0 0 0 0 0 0 0 0 0 0 0 0 0 0 58 0 0 0 0 89 6 0 0 0 0 0 0 0 0 46 0 34 0 0 0 0 0 0 0 0 0 42 0 0 0 0 0 0 0 0 0 41 0 0 0 0 0 0 84 0 0 26 0 0 0 17 0 0 84 0 0 11 0 0 0 0 0 0 0 39 0 0 0 0 0 0 0 0 
0 0 0 0 60 0 0 0 0 0 0 0 0 0 0 82 0 0 88 0 0 0 25 0 0 0 0 0 0 0 0 0 0 0 0 0 0 0 0 0 0 0 0 0 0 0 0 0 0 94 0 0 0 0 0 80 0 10 0 0 100 60 41 0 0 0 0 0 0 0 61 42 0 0 0 0 0 0 0 0 0 0 0 67 0 27 0 0 0 46 0 0 0 0 0 0 0 0 0 0 
0 0 25 0 0 0 0 0 0 0 0 0 91 0 0 72 0 0 0 10 0 0 0 0 53 47 0 50 0 0 0 0 0 0 0 0 0 0 0 0 0 0 0 79 0 0 0 0 0 0 0 0 0 0 0 59 0 0 0 0 0 0 0 0 0 86 0 0 0 11 0 0 0 0 0 47 0 0 0 0 0 0 0 44 0 0 0 0 0 0 0 0 0 95 38 0 0 0 0 0 
0 0 36 0 0 0 0 0 0 0 0 0 34 0 0 0 0 0 0 0 0 0 0 79 0 0 0 0 21 0 0 0 77 0 71 0 0 0 0 0 0 0 0 0 83 45 74 0 0 0 0 89 0 0 0 0 0 0 97 0 0 0 0 0 86 0 0 0 0 0 0 0 70 0 0 0 0 0 0 23 0 0 0 0 0 0 0 0 0 0 15 0 0 0 0 0 0 0 0 0 
0 0 0 0 0 0 0 0 0 0 0 0 0 65 0 0 0 0 0 38 0 0 0 0 0 0 0 0 0 0 39 0 0 0 0 0 0 0 0 0 0 0 0 0 6 0 0 0 0 0 43 0 0 87 0 0 0 0 55 62 0 0 0 0 0 0 0 0 0 0 0 0 0 0 0 0 0 0 0 0 0 0 0 0 0 0 0 0 0 0 0 0 0 0 0 0 0 0 0 0 
0 0 0 0 0 0 0 0 0 0 0 0 0 52 0 0 0 0 43 0 23 0 0 0 0 0 0 0 0 0 0 0 0 0 0 0 0 0 0 0 0 0 0 0 0 0 0 0 0 0 0 0 0 0 0 0 0 0 0 0 0 0 0 0 0 0 0 0 0 0 0 0 0 0 0 0 0 0 60 0 0 0 0 0 0 0 0 0 0 0 0 0 0 76 0 0 0 0 0 0 
55 0 54 0 0 0 0 0 0 0 0 36 0 0 0 0 0 0 0 0 0 0 0 0 0 0 70 0 0 0 63 0 0 0 0 0 0 0 0 0 0 0 0 0 0 0 0 0 0 0 0 0 0 0 58 0 0 77 0 0 0 0 0 0 0 0 0 0 0 0 0 0 0 0 0 0 0 50 0 0 0 20 0 0 36 83 0 50 0 0 0 96 63 0 0 0 0 8 0 0 
0 0 0 36 0 0 0 0 88 0 0 0 77 0 0 0 78 0 0 0 0 0 0 0 0 0 96 0 0 0 0 64 0 0 0 0 0 0 0 0 31 0 0 0 0 0 86 0 0 0 0 0 0 0 0 0 0 0 0 0 0 0 0 0 11 0 0 0 0 0 0 0 0 0 32 0 76 0 0 0 0 0 0 83 0 73 0 0 0 0 0 0 0 0 0 0 0 0 0 65 
0 0 0 0 0 0 0 0 0 0 0 0 0 59 0 0 0 0 15 0 0 0 0 0 0 0 0 0 0 0 0 0 0 0 0 0 28 0 0 0 0 0 0 0 0 0 0 0 0 77 0 8 0 0 0 0 0 0 36 0 0 0 84 61 0 0 0 0 0 0 0 0 0 0 0 0 0 0 0 0 0 76 17 0 0 0 0 0 0 0 94 0 0 0 66 0 0 0 0 0 
0 0 0 0 0 0 0 0 0 0 0 0 0 0 0 0 21 0 0 0 0 0 0 23 0 0 0 0 58 0 0 99 0 0 0 0 0 0 0 0 0 0 0 94 0 52 0 24 0 0 0 0 0 0 0 0 0 0 0 0 0 0 0 42 0 0 0 0 0 0 0 0 0 0 0 0 32 0 0 0 0 76 0 0 0 0 0 39 0 0 0 0 0 0 0 0 0 0 0 19 
0 0 0 0 0 0 0 0 0 56 52 0 0 0 0 0 49 0 39 0 84 0 0 0 0 0 0 0 68 0 0 0 0 0 0 0 0 0 65 0 0 0 47 0 0 0 0 0 0 0 0 0 0 0 0 0 0 0 0 0 0 18 0 0 0 70 0 0 0 0 0 0 0 0 16 0 0 0 7 0 17 0 0 82 0 0 0 0 0 0 0 0 0 0 0 0 33 0 0 0 
0 0 100 0 0 0 0 0 0 0 0 0 0 0 0 0 0 39 100 0 0 0 0 0 0 0 0 0 0 0 0 0 0 0 40 98 0 0 0 0 0 48 0 0 0 0 0 0 0 0 42 0 0 0 0 14 0 0 0 0 0 0 26 0 0 0 0 0 0 0 0 0 0 0 0 0 0 0 0 47 0 0 0 0 92 0 0 0 0 0 0 0 0 0 0 0 0 68 29 0 
0 0 0 0 0 23 0 0 48 97 0 0 0 46 96 0 0 0 0 0 0 0 0 0 0 0 0 0 15 0 0 0 0 0 0 0 24 0 21 1 0 0 0 0 0 0 0 0 32 0 0 0 0 0 19 0 0 0 26 0 0 0 0 0 0 0 0 0 0 32 0 0 16 0 0 0 0 0 0 0 79 0 0 0 0 0 0 0 0 0 0 0 0 0 0 0 0 0 0 0 
55 0 0 0 59 0 0 0 0 0 54 0 79 0 0 0 0 22 86 0 0 0 0 0 47 0 43 0 0 0 0 0 0 0 17 0 0 17 0 0 0 0 0 0 0 0 0 0 0 0 0 72 0 0 0 0 9 0 0 0 0 0 0 0 47 0 0 0 0 0 0 0 0 0 0 0 0 0 0 41 0 0 0 80 0 0 0 0 0 0 0 0 0 0 0 0 0 0 0 0 
22 0 0 0 0 0 0 0 0 0 0 0 0 24 0 85 0 92 88 0 0 8 0 0 0 0 0 0 0 0 31 0 0 99 0 0 91 0 0 0 0 0 0 0 0 0 0 0 29 0 73 0 0 0 0 0 0 93 0 0 0 61 0 0 0 0 0 0 0 76 0 32 0 0 0 0 0 0 0 0 0 0 0 0 0 0 0 0 0 0 0 0 0 0 0 0 0 0 0 0 
82 0 0 0 0 0 69 47 0 98 0 0 0 0 0 0 0 0 0 0 0 0 0 77 0 0 0 0 0 0 0 98 0 0 0 0 0 0 0 70 0 0 0 0 0 0 0 0 0 0 0 26 0 0 0 0 27 0 0 95 0 0 17 0 0 0 0 0 50 0 0 0 0 0 0 0 0 0 0 0 0 94 0 0 0 0 0 0 0 0 0 0 0 38 0 0 0 91 0 0 
0 0 0 0 0 0 0 0 0 0 0 0 0 0 0 0 0 0 0 0 0 78 0 0 0 0 0 0 0 0 0 62 90 0 0 0 0 0 0 0 0 0 58 0 0 0 0 0 31 0 0 0 0 0 54 0 50 0 0 0 0 0 0 0 0 0 0 60 0 0 0 0 7 0 0 0 0 0 0 0 0 0 0 0 0 80 0 50 36 86 0 0 0 0 35 0 0 0 0 0 
0 0 0 54 0 0 89 44 0 0 0 8 0 0 0 17 0 0 0 0 0 0 0 0 0 0 0 0 67 0 0 0 0 0 0 0 0 0 0 0 18 0 0 0 0 0 0 0 0 0 0 0 0 0 0 0 0 0 0 0 0 0 0 0 0 23 0 0 0 0 0 0 0 47 0 41 0 0 0 0 0 0 47 0 0 0 0 0 0 0 0 78 0 0 0 44 0 0 0 43 
0 0 0 0 0 0 0 0 0 0 0 0 0 0 0 0 0 0 0 0 0 0 27 85 0 25 0 12 0 3 87 0 0 0 0 0 0 0 0 0 0 0 0 0 0 0 0 0 0 0 6 0 0 0 0 46 0 0 0 0 0 0 84 0 0 0 0 0 0 0 0 0 17 0 79 0 0 0 0 0 0 0 0 0 0 0 0 0 0 0 0 0 0 0 0 0 0 47 0 0 
0 0 0 0 0 0 36 0 0 0 19 0 34 0 0 0 0 0 0 0 0 0 0 0 54 0 0 0 0 0 0 0 0 0 0 0 56 96 42 0 0 0 0 0 0 0 0 0 0 0 0 45 0 0 0 0 0 0 0 0 0 0 0 0 0 0 0 0 20 0 76 76 0 0 0 0 0 94 0 0 0 0 0 0 0 0 11 0 0 0 0 0 0 97 0 78 0 0 0 0 
0 0 0 0 0 0 0 0 0 0 0 0 0 0 10 0 0 0 0 0 0 0 98 0 0 0 0 0 0 6 0 0 0 78 0 0 0 0 0 0 12 0 0 0 0 0 0 0 26 0 0 0 0 0 0 0 0 0 0 0 87 78 0 0 0 0 0 0 0 0 17 0 0 0 0 0 0 0 0 47 0 0 0 0 0 0 0 0 0 0 0 0 0 0 0 0 0 0 0 2 
0 0 31 0 0 0 0 0 0 0 0 0 0 0 0 0 0 0 0 0 0 46 0 0 0 0 0 0 0 0 0 0 0 0 0 0 0 0 20 0 0 0 0 10 0 0 0 0 0 0 0 0 0 21 0 0 0 0 0 0 81 0 11 67 44 0 0 0 0 83 0 0 82 0 0 80 0 0 0 0 0 0 0 0 0 0 0 0 0 0 0 46 67 0 66 0 0 0 0 0 
0 63 0 22 62 0 0 0 0 58 0 0 0 0 0 0 71 0 0 0 0 0 0 0 0 0 32 22 0 0 0 0 0 0 0 0 0 0 0 0 0 0 15 0 0 0 0 0 0 0 0 0 0 0 0 0 0 8 0 0 0 0 0 0 0 0 0 0 36 0 0 0 0 92 0 0 0 0 0 0 0 0 0 0 0 0 69 0 0 1 0 31 0 0 0 0 0 0 83 0 
0 0 0 0 0 0 0 0 0 0 24 0 0 0 37 0 95 0 0 0 0 0 81 0 0 81 0 0 0 0 0 0 0 90 0 0 79 0 0 0 0 0 0 0 0 0 0 20 0 0 0 0 0 0 30 0 0 0 0 0 59 0 0 27 0 0 0 0 83 73 0 0 0 0 0 0 0 0 80 0 0 0 0 0 0 0 0 0 0 0 0 0 16 0 0 0 0 0 0 0 
0 0 0 0 0 0 0 0 0 0 0 0 0 0 0 0 0 0 34 0 0 0 0 0 0 0 0 0 0 0 0 0 0 0 70 0 0 0 0 0 4 0 0 0 0 0 0 0 0 0 0 0 0 0 0 36 35 0 0 0 0 0 0 0 0 0 0 0 0 0 0 0 0 0 0 0 0 0 0 0 0 11 0 0 69 0 0 0 0 0 0 0 0 0 0 20 0 99 0 0 
0 94 0 0 0 0 25 0 0 0 0 0 0 0 61 0 0 0 0 0 0 75 0 0 0 0 0 0 0 0 0 0 0 0 0 0 0 0 0 0 0 0 0 0 88 91 0 0 0 0 0 98 0 68 0 0 0 0 0 0 63 0 0 0 0 0 0 0 50 0 0 39 0 0 0 0 0 0 50 0 0 0 0 0 0 0 0 0 0 0 0 0 0 51 0 0 0 0 0 0 
0 0 0 0 0 7 0 0 52 0 0 0 0 0 0 0 61 0 80 0 0 0 0 0 0 35 0 0 0 0 0 0 31 0 13 0 0 51 0 0 0 0 0 0 65 0 0 0 0 0 0 0 0 0 0 25 0 3 0 0 0 0 0 0 0 0 0 0 0 0 0 0 0 0 0 0 0 0 36 0 0 0 0 0 0 0 0 0 0 0 0 0 0 0 0 0 0 0 0 0 
36 0 0 0 0 0 0 0 0 60 0 0 0 0 0 0 0 0 0 0 0 0 0 0 0 0 90 0 67 0 11 0 90 0 0 0 0 0 0 0 0 78 0 0 0 0 0 0 0 0 9 0 0 0 0 79 0 0 0 0 0 0 0 46 0 0 0 0 0 0 0 0 0 0 0 0 0 0 86 0 0 0 0 0 1 0 0 0 0 0 0 20 0 0 0 0 0 0 0 0 
0 0 0 35 0 0 0 0 79 0 0 0 0 0 21 0 0 0 0 0 0 0 0 0 9 0 0 0 0 0 0 0 0 0 0 0 0 0 0 0 0 0 0 0 0 0 0 0 73 0 0 0 0 0 0 45 0 100 21 0 0 0 0 0 0 15 0 0 0 0 94 0 0 0 0 0 0 0 0 0 0 0 0 0 0 0 0 0 0 0 0 0 92 0 0 0 0 0 0 0 
0 0 0 0 0 0 0 0 0 0 0 0 0 0 0 0 0 0 0 0 0 0 0 0 0 0 7 0 0 0 0 0 0 40 0 0 38 0 0 45 6 0 0 0 25 0 0 0 20 0 0 0 0 99 0 0 28 0 0 0 0 0 39 0 0 0 0 0 96 0 0 0 0 0 0 0 0 0 0 78 0 0 0 46 31 0 0 0 0 20 0 0 0 0 0 0 0 0 0 0 
0 0 0 0 38 44 66 0 0 0 0 0 0 0 63 0 0 0 0 0 0 0 0 0 0 0 0 0 0 0 0 0 0 0 0 0 0 39 0 0 0 67 95 0 0 0 0 0 28 0 0 0 0 0 0 0 0 0 0 0 36 0 0 0 0 0 0 0 63 0 0 0 0 0 0 0 0 0 0 0 0 0 0 67 0 16 0 0 0 0 92 0 0 0 0 0 0 0 0 0 
0 0 0 0 0 0 0 0 0 0 0 100 0 0 0 0 0 0 0 0 0 78 0 79 0 92 0 0 0 0 0 0 0 0 0 30 0 0 0 0 0 0 0 94 0 0 0 0 0 35 0 0 0 0 89 0 46 0 86 0 0 0 0 0 95 0 0 76 0 0 0 0 0 0 0 0 0 38 0 0 0 97 0 0 0 0 0 51 0 0 0 0 0 0 0 0 0 0 0 0 
0 39 0 48 0 0 0 0 0 0 0 0 0 25 0 0 0 0 0 0 0 0 0 0 0 0 0 0 30 96 0 0 0 0 0 0 0 0 0 0 0 3 0 0 0 0 34 0 0 0 0 0 0 0 0 0 0 0 0 0 0 0 0 0 38 0 0 0 0 0 66 0 0 0 0 0 0 0 35 0 0 0 0 66 0 0 0 0 0 0 0 0 0 0 0 0 75 0 43 0 
0 0 0 0 0 0 39 0 0 0 0 0 0 0 0 0 0 0 0 0 0 0 0 0 0 0 0 0 0 0 0 0 0 0 0 0 0 0 0 22 52 0 0 0 0 88 0 0 0 0 0 0 0 0 0 0 0 68 0 0 0 0 0 0 0 0 0 0 0 0 0 0 0 0 0 0 0 0 0 44 0 78 0 0 0 0 20 0 0 0 0 0 0 0 0 0 0 0 0 0 
0 16 0 0 0 0 0 0 0 0 32 0 0 0 0 0 0 0 54 0 0 0 0 94 0 0 0 0 0 0 0 0 0 0 0 96 0 0 0 0 0 84 0 0 0 0 0 0 0 0 0 0 0 0 0 0 0 0 0 0 17 0 0 0 0 0 0 0 0 0 0 0 33 0 0 0 0 0 0 0 0 0 0 0 0 0 0 0 0 0 0 0 0 0 75 0 0 96 0 0 
0 0 80 0 0 59 74 79 91 0 0 0 42 0 0 0 0 0 36 0 0 0 0 80 0 0 0 0 0 0 0 0 0 0 0 0 0 0 0 0 0 0 19 0 0 0 0 0 0 0 0 0 0 0 0 0 0 0 0 0 0 0 0 0 0 0 0 0 8 0 0 0 0 68 0 0 0 91 0 0 47 0 0 0 0 0 99 0 0 0 0 0 0 0 0 0 96 0 0 0 
0 0 0 0 67 0 0 0 0 0 0 0 0 0 0 0 0 0 0 0 35 0 0 0 0 0 0 0 0 0 0 0 0 0 8 0 95 0 0 26 0 77 0 0 39 0 0 0 73 0 0 0 29 0 0 97 0 0 0 59 92 0 0 0 0 0 0 0 0 0 0 0 0 29 0 0 0 0 0 0 0 0 0 0 83 0 0 0 0 0 0 0 0 0 43 0 0 0 0 0 
49 32 17 0 0 0 0 0 0 0 100 0 0 76 0 0 0 0 0 0 0 0 0 0 21 0 0 0 0 0 0 0 0 0 25 0 0 70 0 31 0 0 0 0 0 0 0 0 0 0 0 32 0 0 59 0 0 0 0 0 0 0 0 0 0 0 0 0 0 65 0 19 0 0 0 0 0 0 0 43 0 0 2 0 0 0 0 0 0 0 0 0 0 0 0 0 0 0 0 0 
