0 0 0 72 0 0 0 0 0 0 0 0 0 0 0 0 0 0 0 0 5 0 0 97 0 0 0 0 0 0 0 0 0 90 0 0 0 84 0 0 0 88 0 0 0 1 0 0 0 0 0 28 0 0 100 0 0 0 0 0 0 0 0 0 0 0 0 0 72 21 0 0 0 22 0 0 0 0 0 0 0 0 0 0 4 0 0 0 0 0 0 0 0 53 0 0 61 0 0 0 
0 0 0 0 78 0 0 0 87 0 0 5 0 0 0 0 46 0 0 0 0 0 0 0 36 0 0 0 0 47 0 0 0 0 0 0 0 0 17 0 40 0 0 0 53 0 5 60 0 0 0 0 0 0 0 0 0 0 0 77 69 0 0 0 0 20 0 0 0 0 0 80 0 0 0 0 0 0 0 0 0 0 0 0 0 0 0 0 0 0 0 0 0 0 0 0 0 0 0 0 
0 0 0 0 0 0 0 0 0 0 0 0 6 0 0 0 46 0 0 91 90 0 4 0 0 63 0 27 0 0 0 0 0 0 0 0 0 0 0 0 0 0 0 0 0 79 0 0 0 0 0 0 0 0 0 0 0 0 21 0 0 38 0 0 0 0 75 0 0 0 0 0 0 0 0 0 0 0 0 2 0 94 0 0 0 0 0 7 0 0 0 0 0 0 0 7 0 0 0 0 
72 0 0 0 0 0 95 0 0 0 0 24 0 21 0 0 0 0 0 0 0 0 0 0 0 0 17 0 95 0 0 0 8 0 0 0 0 0 25 0 0 0 0 0 0 0 0 0 0 0 0 0 0 0 91 0 0 0 0 0 0 0 88 0 0 0 0 0 0 0 0 0 0 0 0 0 0 0 0 0 52 0 0 40 0 0 0 0 85 0 0 0 0 44 0 0 0 0 13 0 
0 78 0 0 0 0 0 0 0 0 0 0 0 28 0 0 21 0 23 75 0 0 0 0 0 0 0 0 0 0 0 0 0 0 0 0 0 0 0 0 0 0 52 0 0 0 0 0 0 0 0 0 41 0 0 2 0 0 0 0 0 0 0 0 0 0 0 99 54 0 0 0 2 0 0 0 0 0 0 0 0 0 0 0 0 0 0 0 0 71 63 0 0 22 0 0 0 0 0 44 
0 0 0 0 0 0 0 0 0 66 0 0 0 0 0 0 56 0 0 0 0 0 0 0 0 22 78 35 0 0 0 0 0 0 0 0 0 62 0 0 0 0 83 0 0 0 0 0 0 0 0 96 0 0 0 0 0 0 0 0 15 0 0 0 42 0 0 0 68 0 26 0 0 0 0 0 0 0 0 0 0 0 0 0 0 0 0 0 0 0 19 0 0 0 0 0 0 0 0 0 
0 0 0 95 0 0 0 0 0 0 0 0 0 0 0 0 0 0 0 0 0 0 0 0 0 0 12 0 0 0 61 0 0 0 0 21 0 0 0 0 0 83 0 0 0 0 5 0 0 0 0 0 2 0 0 0 0 0 19 0 0 0 0 87 75 0 0 0 0 0 0 0 0 0 56 35 96 0 0 0 0 0 0 0 0 7 0 0 0 0 0 0 0 0 0 0 0 0 0 0 
0 0 0 0 0 0 0 0 0 0 0 0 66 0 0 89 0 0 0 0 0 0 0 0 0 83 0 0 75 0 0 53 0 0 0 0 0 35 0 0 0 0 0 59 0 0 0 0 0 0 0 0 0 20 99 0 0 0 0 0 40 0 24 0 0 0 0 0 0 0 0 86 0 0 0 0 0 0 44 0 0 0 0 0 0 0 0 0 0 0 0 0 0 0 0 0 0 0 0 0 
0 87 0 0 0 0 0 0 0 0 0 0 0 0 0 0 0 0 0 0 0 0 0 0 0 0 0 0 0 0 0 0 0 13 0 0 0 0 0 22 79 0 0 0 0 2 0 0 0 38 0 0 0 0 0 22 31 0 0 0 0 0 0 0 0 0 0 0 0 0 99 58 0 0 0 0 0 0 0 0 0 0 0 0 0 0 0 0 0 0 0 0 0 0 78 0 0 61 0 0 
0 0 0 0 0 66 0 0 0 0 0 3 0 0 0 0 0 0 0 3 0 53 0 0 0 32 0 0 0 0 0 0 88 47 0 0 0 0 0 0 0 0 0 0 0 0 0 0 0 0 0 0 94 17 45 10 0 0 0 0 0 0 0 0 0 95 0 0 0 59 0 0 0 0 0 0 0 0 0 0 0 0 0 0 0 18 0 18 0 0 0 0 0 0 0 0 0 0 0 0 
0 0 0 0 0 0 0 0 0 0 0 0 25 0 0 0 0 0 89 0 0 0 0 53 0 0 0 0 0 0 0 0 0 0 0 0 0 0 0 31 70 0 0 0 0 89 0 0 88 67 24 0 0 0 0 0 0 0 0 0 49 0 0 0 0 0 0 0 0 32 0 0 0 0 15 0 0 0 20 0 96 0 0 0 0 0 0 0 0 0 0 0 0 0 0 0 0 0 0 0 
0 5 0 24 0 0 0 0 0 3 0 0 0 70 0 0 0 0 0 0 0 0 0 0 0 0 0 0 0 0 0 66 0 0 69 74 0 0 0 0 0 0 0 0 52 0 0 0 0 0 4 0 0 0 0 0 0 0 0 0 0 0 0 0 0 0 0 0 0 0 0 0 13 77 0 0 0 0 0 0 65 0 0 0 0 0 0 0 0 26 0 0 0 0 0 22 85 0 0 0 
0 0 6 0 0 0 0 66 0 0 25 0 0 0 0 0 0 43 0 0 0 0 0 0 0 0 0 0 0 0 0 0 0 0 0 0 0 0 0 0 0 0 0 0 0 19 0 0 0 4 0 0 0 0 0 0 0 0 0 0 0 0 0 0 0 0 0 0 0 0 84 0 0 0 0 0 0 0 0 0 0 0 0 0 0 0 0 0 0 0 0 60 0 0 61 0 0 0 67 0 
0 0 0 21 28 0 0 0 0 0 0 70 0 0 0 0 0 0 0 0 74 0 21 0 0 0 0 0 0 0 0 0 0 0 0 0 0 41 0 0 0 0 9 0 0 0 0 0 70 0 0 0 0 10 0 0 29 0 68 0 57 0 0 0 0 0 0 0 0 0 0 0 0 0 0 0 0 0 0 0 91 0 0 0 0 0 0 0 0 0 50 48 0 0 0 0 0 0 0 0 
0 0 0 0 0 0 0 0 0 0 0 0 0 0 0 0 0 0 90 0 56 19 0 0 0 0 0 0 0 55 0 66 0 0 0 0 0 0 0 0 0 0 0 0 0 0 0 0 0 0 0 0 0 0 0 0 0 0 0 66 0 59 0 56 0 0 64 0 0 0 0 0 0 0 0 39 0 0 0 0 0 83 0 0 0 0 0 0 44 0 0 0 0 0 0 0 0 8 0 0 
0 0 0 0 0 0 0 89 0 0 0 0 0 0 0 0 0 0 0 0 0 0 0 0 0 0 0 0 0 0 0 0 0 0 0 0 0 0 17 0 0 50 0 0 0 0 55 0 0 0 0 60 0 0 0 0 0 0 0 0 0 0 0 26 0 0 0 72 0 0 81 0 0 0 80 0 0 0 0 0 0 0 0 0 0 97 0 0 0 0 0 0 28 22 0 0 0 0 0 0 
0 46 46 0 21 56 0 0 0 0 0 0 0 0 0 0 0 0 0 8 0 0 0 0 0 87 0 0 0 0 0 0 0 0 0 0 82 0 0 99 0 44 0 44 35 0 0 0 0 0 0 0 72 0 0 0 0 0 0 0 0 0 0 0 0 0 82 0 0 0 0 0 0 0 0 0 0 0 0 0 0 0 0 0 0 0 26 0 0 0 0 0 0 0 0 0 0 0 0 0 
0 0 0 0 0 0 0 0 0 0 0 0 43 0 0 0 0 0 0 0 66 61 0 1 98 0 0 0 0 0 0 0 0 0 79 0 0 0 0 0 0 76 0 0 0 0 0 0 0 0 0 0 0 3 0 0 0 0 0 0 0 0 0 0 8 0 0 0 0 0 0 0 0 0 0 0 0 0 0 0 0 0 0 0 0 3 19 0 0 62 0 0 0 0 0 0 0 0 0 0 
0 0 0 0 23 0 0 0 0 0 89 0 0 0 90 0 0 0 0 0 0 0 0 0 0 51 0 0 0 0 0 0 66 0 0 0 0 0 0 0 0 0 0 0 0 0 0 56 0 0 82 0 94 0 0 0 77 0 1 0 0 0 0 8 0 16 0 0 0 0 0 0 0 0 0 0 0 0 0 0 0 0 0 56 0 0 0 0 0 0 0 0 48 44 0 0 0 0 0 0 
0 0 91 0 75 0 0 0 0 3 0 0 0 0 0 0 8 0 0 0 0 0 0 0 0 0 0 0 0 44 0 0 0 0 0 53 0 0 0 0 0 0 0 0 0 0 0 29 3 0 0 0 0 0 0 0 0 0 0 0 0 0 0 0 0 0 0 0 0 0 0 0 0 0 0 0 0 0 0 0 92 0 0 0 0 0 0 0 0 0 0 0 0 0 0 0 27 0 80 64 
5 0 90 0 0 0 0 0 0 0 0 0 0 74 56 0 0 66 0 0 0 0 0 0 0 0 0 19 0 0 0 0 0 0 0 0 0 0 0 0 0 0 0 0 0 16 17 86 0 0 0 26 0 0 0 0 0 0 0 0 0 0 0 0 0 0 0 0 0 0 0 87 0 0 0 0 0 0 29 0 0 0 0 0 18 0 0 0 0 0 0 0 0 0 3 75 0 0 0 0 
0 0 0 0 0 0 0 0 0 53 0 0 0 0 19 0 0 61 0 0 0 0 0 0 0 0 0 0 0 0 1 0 0 0 0 0 0 31 0 0 0 0 0 0 0 0 0 60 0 0 0 0 0 0 39 0 0 0 0 0 0 19 0 0 0 87 0 79 0 0 0 0 38 0 73 0 0 0 0 0 0 0 0 0 0 0 0 0 100 0 0 0 90 0 55 0 0 0 0 0 
0 0 4 0 0 0 0 0 0 0 0 0 0 21 0 0 0 0 0 0 0 0 0 0 0 0 0 0 0 0 0 0 0 0 0 79 0 0 95 0 0 0 0 0 78 0 0 70 0 0 0 0 0 84 0 0 0 0 0 0 0 0 0 0 0 0 61 0 0 0 0 0 0 0 0 0 0 0 43 0 74 0 0 0 0 0 0 0 54 0 0 0 82 80 0 0 0 0 0 0 
97 0 0 0 0 0 0 0 0 0 53 0 0 0 0 0 0 1 0 0 0 0 0 0 0 0 0 0 0 0 0 0 0 0 0 0 0 0 0 0 0 44 0 0 0 0 0 0 0 0 0 0 0 0 0 0 0 0 0 0 0 0 0 0 0 0 0 0 0 0 0 88 0 0 0 30 0 0 0 91 0 0 0 0 11 0 0 69 0 0 0 0 0 86 0 0 0 0 0 7 
0 36 0 0 0 0 0 0 0 0 0 0 0 0 0 0 0 98 0 0 0 0 0 0 0 0 0 0 0 0 0 0 0 0 0 0 95 0 0 0 0 0 0 0 45 0 0 0 40 0 72 0 4 0 0 0 0 2 0 48 0 0 0 0 0 14 0 0 0 0 0 0 0 0 0 0 0 0 64 35 0 0 0 0 0 0 0 0 0 0 0 86 0 0 0 0 0 54 0 0 
0 0 63 0 0 22 0 83 0 32 0 0 0 0 0 0 87 0 51 0 0 0 0 0 0 0 0 0 56 93 0 0 0 0 55 76 0 0 0 0 0 0 0 0 0 0 0 91 0 0 0 0 0 0 0 0 0 0 5 0 0 0 0 0 0 0 0 0 72 0 0 0 0 0 0 0 0 0 0 0 0 0 0 0 0 0 0 0 0 0 86 0 0 0 0 0 0 0 0 0 
0 0 0 17 0 78 12 0 0 0 0 0 0 0 0 0 0 0 0 0 0 0 0 0 0 0 0 0 0 0 0 0 0 0 0 0 0 0 0 0 0 0 0 0 0 0 0 0 0 0 0 0 0 0 0 0 0 0 0 0 0 3 0 0 24 0 0 0 55 0 0 0 0 8 0 61 0 0 0 0 0 0 0 38 0 0 0 43 0 0 0 0 0 0 0 0 0 0 0 4 
0 0 27 0 0 35 0 0 0 0 0 0 0 0 0 0 0 0 0 0 19 0 0 0 0 0 0 0 0 0 0 0 0 0 0 0 0 0 0 0 0 0 0 0 0 0 20 0 0 0 0 80 0 94 0 28 30 28 0 0 0 0 0 0 0 0 0 3 0 0 0 0 0 23 0 0 0 0 0 0 0 0 84 0 4 0 70 0 48 0 0 0 0 0 0 0 0 0 0 0 
0 0 0 95 0 0 0 75 0 0 0 0 0 0 0 0 0 0 0 0 0 0 0 0 0 56 0 0 0 0 0 0 0 88 0 72 0 0 0 0 0 0 0 0 74 0 0 0 0 0 0 0 0 0 0 0 0 0 0 0 0 0 20 0 45 0 0 0 0 84 0 0 0 22 46 0 0 0 0 0 0 0 0 0 0 0 0 0 0 0 0 0 0 0 0 0 0 0 0 0 
0 47 0 0 0 0 0 0 0 0 0 0 0 0 55 0 0 0 0 44 0 0 0 0 0 93 0 0 0 0 0 46 63 0 0 24 0 0 0 0 0 0 13 0 0 0 0 0 0 0 81 0 0 0 0 0 0 0 0 0 0 0 90 6 0 0 0 0 0 0 0 0 0 0 96 0 63 0 0 0 7 0 0 0 0 0 0 0 0 0 0 31 0 0 0 0 0 0 0 0 
0 0 0 0 0 0 61 0 0 0 0 0 0 0 0 0 0 0 0 0 0 1 0 0 0 0 0 0 0 0 0 95 0 0 74 0 0 0 0 0 0 0 0 0 22 0 0 0 0 0 0 0 0 0 0 0 22 0 6 0 0 0 0 0 0 0 0 0 50 0 0 0 0 0 0 0 0 0 0 0 0 0 0 0 0 37 0 0 0 0 0 4 68 0 0 0 0 0 0 0 
0 0 0 0 0 0 0 53 0 0 0 66 0 0 66 0 0 0 0 0 0 0 0 0 0 0 0 0 0 46 95 0 0 0 68 0 0 0 0 0 0 0 0 0 0 0 0 0 0 0 0 8 0 0 0 0 30 0 0 0 0 0 38 31 50 0 0 0 0 0 0 0 0 0 0 0 40 0 0 0 0 0 0 0 0 0 89 0 0 0 0 0 0 0 0 0 46 0 0 46 
0 0 0 8 0 0 0 0 0 88 0 0 0 0 0 0 0 0 66 0 0 0 0 0 0 0 0 0 0 63 0 0 0 0 0 0 0 0 0 0 40 0 0 0 0 0 0 0 0 0 0 0 0 18 0 0 0 0 0 0 0 0 0 0 0 0 0 0 0 0 82 0 0 0 53 0 88 0 0 0 0 0 78 0 0 0 0 0 0 71 0 0 0 0 0 0 0 0 0 0 
90 0 0 0 0 0 0 0 13 47 0 0 0 0 0 0 0 0 0 0 0 0 0 0 0 0 0 0 88 0 0 0 0 0 0 0 0 0 61 0 1 0 4 92 0 0 9 18 0 0 60 0 0 0 0 0 0 0 0 0 0 0 14 0 0 0 0 0 0 0 0 0 0 0 0 0 0 0 0 75 0 0 0 0 0 0 0 0 0 0 0 0 63 0 0 0 46 0 0 0 
0 0 0 0 0 0 0 0 0 0 0 69 0 0 0 0 0 79 0 0 0 0 0 0 0 55 0 0 0 0 74 68 0 0 0 0 0 0 0 0 32 0 0 0 0 0 0 0 0 0 0 0 0 0 0 0 0 98 63 0 0 0 0 0 0 0 0 0 0 0 69 0 0 0 0 16 0 0 0 0 0 0 27 0 0 0 0 61 0 0 0 0 0 0 0 0 0 0 0 0 
0 0 0 0 0 0 21 0 0 0 0 74 0 0 0 0 0 0 0 53 0 0 79 0 0 76 0 0 72 24 0 0 0 0 0 0 0 0 0 0 0 0 0 0 0 0 0 0 0 0 0 0 0 0 58 0 0 0 0 0 0 0 0 4 0 0 18 0 0 0 0 0 0 0 0 0 0 0 0 0 0 0 0 22 0 0 0 0 0 61 0 0 0 0 0 0 0 0 0 0 
0 0 0 0 0 0 0 0 0 0 0 0 0 0 0 0 82 0 0 0 0 0 0 0 95 0 0 0 0 0 0 0 0 0 0 0 0 0 0 0 0 72 100 0 0 0 0 0 0 0 0 0 0 0 0 57 0 0 0 35 0 0 0 0 0 0 0 0 0 0 0 0 0 0 0 0 0 0 41 0 0 0 72 0 0 0 0 52 0 0 0 24 0 0 0 0 0 0 0 53 
84 0 0 0 0 62 0 35 0 0 0 0 0 41 0 0 0 0 0 0 0 31 0 0 0 0 0 0 0 0 0 0 0 0 0 0 0 0 0 0 0 0 0 0 0 0 0 0 0 0 0 0 0 0 0 0 0 41 0 0 0 0 0 0 0 0 0 0 0 0 80 0 0 0 0 0 0 0 0 0 0 0 0 92 0 0 0 0 0 0 0 7 0 24 0 87 0 20 0 0 
0 17 0 25 0 0 0 0 0 0 0 0 0 0 0 17 0 0 0 0 0 0 95 0 0 0 0 0 0 0 0 0 0 61 0 0 0 0 0 0 0 0 0 0 78 0 0 0 0 0 0 0 0 0 0 0 0 0 0 0 0 0 0 0 57 0 0 0 0 0 0 0 0 0 81 0 0 0 0 0 0 0 0 0 0 0 79 0 0 0 0 13 0 75 0 74 80 17 98 0 
0 0 0 0 0 0 0 0 22 0 31 0 0 0 0 0 99 0 0 0 0 0 0 0 0 0 0 0 0 0 0 0 0 0 0 0 0 0 0 0 0 0 0 0 0 0 0 0 0 0 55 0 0 0 0 0 0 0 0 59 0 0 0 0 0 0 0 0 0 0 9 34 0 0 0 0 0 0 0 0 33 0 0 0 0 0 0 0 0 0 0 0 0 0 0 0 0 0 0 0 
0 40 0 0 0 0 0 0 79 0 70 0 0 0 0 0 0 0 0 0 0 0 0 0 0 0 0 0 0 0 0 0 40 1 32 0 0 0 0 0 0 0 0 0 0 0 0 0 0 0 0 0 0 0 0 0 0 0 50 0 0 0 0 0 0 78 96 0 0 71 27 0 0 0 0 0 0 0 0 0 0 13 0 0 0 0 0 0 0 0 0 0 0 0 0 0 0 0 74 0 
88 0 0 0 0 0 83 0 0 0 0 0 0 0 0 50 44 76 0 0 0 0 0 44 0 0 0 0 0 0 0 0 0 0 0 0 72 0 0 0 0 0 0 7 0 0 0 0 15 0 0 0 0 0 0 0 0 0 0 0 0 0 0 0 0 0 0 91 0 0 0 0 0 0 0 46 0 0 0 0 56 0 0 0 94 0 0 0 0 0 0 0 0 0 0 0 0 0 0 0 
0 0 0 0 52 83 0 0 0 0 0 0 0 9 0 0 0 0 0 0 0 0 0 0 0 0 0 0 0 13 0 0 0 4 0 0 100 0 0 0 0 0 0 0 0 0 0 0 0 0 80 0 0 0 59 4 0 0 0 0 0 0 0 0 0 0 0 0 0 0 79 0 0 64 0 0 0 0 0 0 0 0 0 0 0 0 0 0 0 0 0 40 0 0 0 0 0 0 41 0 
0 0 0 0 0 0 0 59 0 0 0 0 0 0 0 0 44 0 0 0 0 0 0 0 0 0 0 0 0 0 0 0 0 92 0 0 0 0 0 0 0 7 0 0 0 0 0 0 0 30 38 78 0 0 81 0 38 0 0 0 0 0 0 0 0 0 0 0 0 0 0 0 12 53 0 0 0 0 0 0 0 0 0 0 0 0 0 0 0 0 0 0 0 0 88 0 0 0 0 0 
0 53 0 0 0 0 0 0 0 0 0 52 0 0 0 0 35 0 0 0 0 0 78 0 45 0 0 0 74 0 22 0 0 0 0 0 0 0 78 0 0 0 0 0 0 0 0 0 0 0 0 0 0 0 0 0 0 0 0 33 0 99 0 0 0 0 0 0 0 0 0 0 0 0 0 0 0 55 0 0 0 0 0 0 6 0 0 0 0 0 0 0 0 82 0 0 0 0 0 0 
1 0 79 0 0 0 0 0 2 0 89 0 19 0 0 0 0 0 0 0 16 0 0 0 0 0 0 0 0 0 0 0 0 0 0 0 0 0 0 0 0 0 0 0 0 0 0 0 0 0 0 0 0 0 0 0 0 0 0 16 0 0 34 0 0 55 50 0 0 0 0 0 0 0 0 0 0 0 0 0 0 0 36 0 0 100 0 84 0 0 0 0 0 0 59 0 0 0 0 25 
0 5 0 0 0 0 5 0 0 0 0 0 0 0 0 55 0 0 0 0 17 0 0 0 0 0 0 20 0 0 0 0 0 9 0 0 0 0 0 0 0 0 0 0 0 0 0 0 0 0 0 0 0 0 0 0 0 0 67 49 0 0 0 0 50 0 0 82 0 74 0 0 0 0 0 0 0 13 0 0 0 0 56 0 0 0 0 0 0 0 3 0 0 0 0 0 16 0 0 0 
0 60 0 0 0 0 0 0 0 0 0 0 0 0 0 0 0 0 56 29 86 60 70 0 0 91 0 0 0 0 0 0 0 18 0 0 0 0 0 0 0 0 0 0 0 0 0 0 0 0 0 0 0 0 0 0 0 0 0 0 0 0 0 54 0 0 0 0 0 0 0 0 0 0 0 0 0 0 0 0 0 0 0 0 47 0 0 33 3 95 52 0 0 0 0 37 0 0 0 0 
0 0 0 0 0 0 0 0 0 0 88 0 0 70 0 0 0 0 0 3 0 0 0 0 40 0 0 0 0 0 0 0 0 0 0 0 0 0 0 0 0 15 0 0 0 0 0 0 0 63 0 0 0 82 0 0 0 0 0 0 0 0 0 0 0 0 0 0 0 0 0 0 0 19 0 0 0 4 0 0 0 0 0 0 20 0 0 0 0 0 0 0 0 0 0 37 0 0 0 49 
0 0 0 0 0 0 0 0 38 0 67 0 4 0 0 0 0 0 0 0 0 0 0 0 0 0 0 0 0 0 0 0 0 0 0 0 0 0 0 0 0 0 0 30 0 0 0 0 63 0 0 0 0 0 0 0 0 0 0 4 0 0 93 0 0 0 0 0 0 0 0 0 0 0 0 0 0 0 0 0 26 0 70 0 0 0 71 0 60 9 0 0 0 0 95 0 0 96 0 0 
0 0 0 0 0 0 0 0 0 0 24 4 0 0 0 0 0 0 82 0 0 0 0 0 72 0 0 0 0 81 0 0 0 60 0 0 0 0 0 55 0 0 80 38 0 0 0 0 0 0 0 0 0 0 0 0 0 0 0 0 0 0 0 0 58 0 0 91 0 26 58 0 0 0 0 86 0 0 15 0 0 0 0 0 0 0 0 0 0 0 0 0 0 0 0 0 0 0 0 0 
28 0 0 0 0 96 0 0 0 0 0 0 0 0 0 60 0 0 0 0 26 0 0 0 0 0 0 80 0 0 0 8 0 0 0 0 0 0 0 0 0 0 0 78 0 0 0 0 0 0 0 0 0 0 0 18 40 0 0 0 63 0 47 0 0 0 0 85 31 0 0 0 0 0 0 0 0 0 0 0 0 0 0 0 0 0 0 0 0 0 0 0 0 0 0 0 0 0 47 16 
0 0 0 0 41 0 2 0 0 94 0 0 0 0 0 0 72 0 94 0 0 0 0 0 4 0 0 0 0 0 0 0 0 0 0 0 0 0 0 0 0 0 0 0 0 0 0 0 0 0 0 0 0 0 0 55 0 0 0 0 0 0 0 28 0 0 78 0 0 0 0 0 67 0 0 0 14 0 0 0 0 0 79 0 0 0 0 0 0 0 0 0 0 0 30 83 83 0 0 0 
0 0 0 0 0 0 0 20 0 17 0 0 0 10 0 0 0 3 0 0 0 0 84 0 0 0 0 94 0 0 0 0 18 0 0 0 0 0 0 0 0 0 0 0 0 0 0 0 82 0 0 0 0 0 0 0 0 0 0 0 0 0 0 0 0 0 0 0 0 0 0 0 0 26 0 12 0 90 0 0 0 0 0 0 0 0 0 0 0 0 0 0 0 0 0 0 0 0 0 0 
100 0 0 91 0 0 0 99 0 45 0 0 0 0 0 0 0 0 0 0 0 39 0 0 0 0 0 0 0 0 0 0 0 0 0 58 0 0 0 0 0 0 59 81 0 0 0 0 0 0 0 0 0 0 0 28 0 0 0 0 0 0 13 0 0 0 0 0 0 0 0 0 0 0 0 0 0 8 0 0 0 0 0 0 0 0 0 12 0 0 0 0 0 0 0 0 0 0 0 42 
0 0 0 0 2 0 0 0 22 10 0 0 0 0 0 0 0 0 0 0 0 0 0 0 0 0 0 28 0 0 0 0 0 0 0 0 57 0 0 0 0 0 4 0 0 0 0 0 0 0 0 18 55 0 28 0 0 0 0 0 0 0 0 0 0 0 0 0 0 0 0 0 0 0 0 0 0 0 0 0 0 0 0 0 0 27 0 0 77 0 0 52 0 0 0 0 0 0 0 0 
0 0 0 0 0 0 0 0 31 0 0 0 0 29 0 0 0 0 77 0 0 0 0 0 0 0 0 30 0 0 22 30 0 0 0 0 0 0 0 0 0 0 0 38 0 0 0 0 0 0 0 40 0 0 0 0 0 0 0 10 0 0 0 0 0 0 0 38 0 0 0 0 0 0 46 0 0 0 74 0 0 0 0 54 0 0 0 91 0 0 0 0 0 0 0 68 0 0 0 0 
0 0 0 0 0 0 0 0 0 0 0 0 0 0 0 0 0 0 0 0 0 0 0 0 2 0 0 28 0 0 0 0 0 0 98 0 0 41 0 0 0 0 0 0 0 0 0 0 0 0 0 0 0 0 0 0 0 0 0 0 0 0 0 0 0 64 0 0 0 0 0 0 0 0 0 0 0 0 0 0 0 0 0 0 0 70 0 0 0 0 0 0 0 0 0 0 0 0 0 0 
0 0 21 0 0 0 19 0 0 0 0 0 0 68 0 0 0 0 1 0 0 0 0 0 0 5 0 0 0 0 6 0 0 0 63 0 0 0 0 0 50 0 0 0 0 0 67 0 0 0 0 0 0 0 0 0 0 0 0 0 0 0 0 0 5 0 71 0 0 0 0 0 69 0 0 0 0 22 0 0 0 0 0 0 0 0 0 0 0 0 90 0 25 0 0 0 0 0 0 0 
0 77 0 0 0 0 0 0 0 0 0 0 0 0 66 0 0 0 0 0 0 0 0 0 48 0 0 0 0 0 0 0 0 0 0 0 35 0 0 59 0 0 0 0 33 16 49 0 0 4 0 0 0 0 0 0 10 0 0 0 0 0 0 53 0 0 0 0 0 0 0 0 0 0 0 0 0 49 0 0 0 33 85 0 0 0 0 0 0 0 0 24 0 0 0 0 0 0 0 0 
0 69 0 0 0 15 0 40 0 0 49 0 0 57 0 0 0 0 0 0 0 0 0 0 0 0 0 0 0 0 0 0 0 0 0 0 0 0 0 0 0 0 0 0 0 0 0 0 0 0 0 63 0 0 0 0 0 0 0 0 0 0 0 1 0 0 84 0 0 0 0 0 0 22 0 0 0 0 0 0 0 65 0 0 0 22 0 0 26 0 0 0 0 0 79 0 0 0 73 45 
0 0 38 0 0 0 0 0 0 0 0 0 0 0 59 0 0 0 0 0 0 19 0 0 0 0 3 0 0 0 0 0 0 0 0 0 0 0 0 0 0 0 0 0 99 0 0 0 0 0 0 0 0 0 0 0 0 0 0 0 0 0 0 0 0 0 0 0 0 0 0 0 0 44 0 0 61 0 7 33 0 0 0 0 79 0 0 0 0 0 0 0 0 0 91 0 71 0 0 0 
0 0 0 88 0 0 0 24 0 0 0 0 0 0 0 0 0 0 0 0 0 0 0 0 0 0 0 0 20 90 0 38 0 14 0 0 0 0 0 0 0 0 0 0 0 34 0 0 0 93 0 47 0 0 13 0 0 0 0 0 0 0 0 0 0 0 66 0 0 0 0 0 0 0 0 0 81 0 0 0 0 0 0 0 0 0 0 0 0 97 0 0 0 0 28 0 0 0 87 0 
0 0 0 0 0 0 87 0 0 0 0 0 0 0 56 26 0 0 8 0 0 0 0 0 0 0 0 0 0 6 0 31 0 0 0 4 0 0 0 0 0 0 0 0 0 0 0 54 0 0 0 0 28 0 0 0 0 0 0 53 1 0 0 0 0 0 0 45 0 82 0 0 0 0 0 0 0 0 0 0 0 0 0 0 0 0 0 83 0 0 0 0 0 0 0 0 0 17 0 0 
0 0 0 0 0 42 75 0 0 0 0 0 0 0 0 0 0 8 0 0 0 0 0 0 0 0 24 0 45 0 0 50 0 0 0 0 0 0 57 0 0 0 0 0 0 0 50 0 0 0 58 0 0 0 0 0 0 0 5 0 0 0 0 0 0 0 0 0 0 0 0 0 0 0 0 19 98 0 0 0 0 35 0 64 0 0 0 0 0 0 0 0 7 0 0 0 0 0 0 0 
0 20 0 0 0 0 0 0 0 95 0 0 0 0 0 0 0 0 16 0 0 87 0 0 14 0 0 0 0 0 0 0 0 0 0 0 0 0 0 0 78 0 0 0 0 55 0 0 0 0 0 0 0 0 0 0 0 64 0 0 0 0 0 0 0 0 0 0 0 73 0 0 0 91 0 0 0 20 0 0 0 0 10 0 0 87 0 0 0 0 0 0 0 0 0 0 0 22 0 0 
0 0 75 0 0 0 0 0 0 0 0 0 0 0 64 0 82 0 0 0 0 0 61 0 0 0 0 0 0 0 0 0 0 0 0 18 0 0 0 0 96 0 0 0 0 50 0 0 0 0 0 0 78 0 0 0 0 0 71 0 84 0 66 0 0 0 0 0 0 80 0 0 0 0 0 0 0 0 3 0 0 78 0 0 0 0 0 0 0 0 97 0 0 0 0 0 0 0 0 0 
0 0 0 0 99 0 0 0 0 0 0 0 0 0 0 72 0 0 0 0 0 79 0 0 0 0 0 3 0 0 0 0 0 0 0 0 0 0 0 0 0 91 0 0 0 0 82 0 0 0 91 85 0 0 0 0 38 0 0 0 0 0 0 45 0 0 0 0 0 0 0 0 0 0 0 0 80 0 0 0 0 94 0 0 0 0 0 0 0 0 0 0 0 0 0 0 0 16 0 0 
72 0 0 0 54 68 0 0 0 0 0 0 0 0 0 0 0 0 0 0 0 0 0 0 0 72 55 0 0 0 50 0 0 0 0 0 0 0 0 0 0 0 0 0 0 0 0 0 0 0 0 31 0 0 0 0 0 0 0 0 0 0 0 0 0 0 0 0 0 0 0 0 0 0 100 67 0 21 9 0 0 0 0 87 0 0 0 49 0 0 0 0 41 0 0 0 0 0 71 0 
21 0 0 0 0 0 0 0 0 59 32 0 0 0 0 0 0 0 0 0 0 0 0 0 0 0 0 0 84 0 0 0 0 0 0 0 0 0 0 0 71 0 0 0 0 0 74 0 0 0 26 0 0 0 0 0 0 0 0 0 0 0 0 82 0 73 80 0 0 0 0 0 0 0 0 0 15 0 0 0 0 0 62 0 0 0 0 0 0 0 0 0 0 0 0 0 0 0 84 0 
0 0 0 0 0 26 0 0 99 0 0 0 84 0 0 81 0 0 0 0 0 0 0 0 0 0 0 0 0 0 0 0 82 0 69 0 0 80 0 9 27 0 79 0 0 0 0 0 0 0 58 0 0 0 0 0 0 0 0 0 0 0 0 0 0 0 0 0 0 0 0 0 0 0 0 0 0 0 0 0 89 0 0 0 0 0 0 0 0 62 0 0 0 0 0 0 0 0 0 0 
0 80 0 0 0 0 0 86 58 0 0 0 0 0 0 0 0 0 0 0 87 0 0 88 0 0 0 0 0 0 0 0 0 0 0 0 0 0 0 34 0 0 0 0 0 0 0 0 0 0 0 0 0 0 0 0 0 0 0 0 0 0 0 0 0 0 0 0 0 0 0 0 0 0 0 0 0 70 0 0 0 0 0 0 58 0 0 0 0 0 13 0 0 0 0 0 30 0 0 0 
0 0 0 0 2 0 0 0 0 0 0 13 0 0 0 0 0 0 0 0 0 38 0 0 0 0 0 0 0 0 0 0 0 0 0 0 0 0 0 0 0 0 0 12 0 0 0 0 0 0 0 0 67 0 0 0 0 0 69 0 0 0 0 0 0 0 0 0 0 0 0 0 0 0 0 0 42 0 0 0 0 0 0 25 0 0 0 0 0 14 73 82 0 0 0 0 0 0 1 0 
22 0 0 0 0 0 0 0 0 0 0 77 0 0 0 0 0 0 0 0 0 0 0 0 0 0 8 23 22 0 0 0 0 0 0 0 0 0 0 0 0 0 64 53 0 0 0 0 19 0 0 0 0 26 0 0 0 0 0 0 22 44 0 0 0 91 0 0 0 0 0 0 0 0 0 0 0 0 0 94 0 0 0 0 0 1 0 0 0 0 0 0 0 0 0 0 0 0 0 0 
0 0 0 0 0 0 56 0 0 0 15 0 0 0 0 80 0 0 0 0 0 73 0 0 0 0 0 0 46 96 0 0 53 0 0 0 0 0 81 0 0 0 0 0 0 0 0 0 0 0 0 0 0 0 0 0 46 0 0 0 0 0 0 0 0 0 0 0 100 0 0 0 0 0 0 0 0 0 0 0 0 0 0 80 75 0 0 0 0 0 0 74 0 0 0 0 0 0 0 45 
0 0 0 0 0 0 35 0 0 0 0 0 0 0 39 0 0 0 0 0 0 0 0 30 0 0 61 0 0 0 0 0 0 0 16 0 0 0 0 0 0 46 0 0 0 0 0 0 0 0 86 0 0 12 0 0 0 0 0 0 0 0 0 0 19 0 0 0 67 0 0 0 0 0 0 0 0 0 0 34 0 0 17 0 0 0 53 0 0 0 0 33 0 84 0 0 0 0 0 0 
0 0 0 0 0 0 96 0 0 0 0 0 0 0 0 0 0 0 0 0 0 0 0 0 0 0 0 0 0 63 0 40 88 0 0 0 0 0 0 0 0 0 0 0 0 0 0 0 0 0 0 0 14 0 0 0 0 0 0 0 0 61 81 0 98 0 0 80 0 15 0 0 42 0 0 0 0 0 0 0 0 0 30 0 0 0 0 0 61 0 0 0 0 0 0 0 0 0 67 98 
0 0 0 0 0 0 0 0 0 0 0 0 0 0 0 0 0 0 0 0 0 0 0 0 0 0 0 0 0 0 0 0 0 0 0 0 0 0 0 0 0 0 0 0 55 0 13 0 4 0 0 0 0 90 8 0 0 0 22 49 0 0 0 0 0 20 0 0 21 0 0 70 0 0 0 0 0 0 64 0 0 0 0 0 0 0 0 0 0 0 0 0 0 0 0 47 0 0 0 81 
0 0 0 0 0 0 0 44 0 0 20 0 0 0 0 0 0 0 0 0 29 0 43 0 64 0 0 0 0 0 0 0 0 0 0 0 41 0 0 0 0 0 0 0 0 0 0 0 0 0 15 0 0 0 0 0 74 0 0 0 0 7 0 0 0 0 3 0 9 0 0 0 0 0 0 0 0 64 0 0 0 0 0 0 0 48 0 0 0 0 0 0 0 0 0 0 0 61 0 32 
0 0 2 0 0 0 0 0 0 0 0 0 0 0 0 0 0 0 0 0 0 0 0 91 35 0 0 0 0 0 0 0 0 75 0 0 0 0 0 0 0 0 0 0 0 0 0 0 0 0 0 0 0 0 0 0 0 0 0 0 0 33 0 0 0 0 0 0 0 0 0 0 0 94 0 34 0 0 0 0 0 0 0 0 0 0 0 0 84 53 0 0 0 0 0 76 86 9 0 0 
0 0 0 52 0 0 0 0 0 0 96 65 0 91 0 0 0 0 0 92 0 0 74 0 0 0 0 0 0 7 0 0 0 0 0 0 0 0 0 33 0 56 0 0 0 0 0 0 0 26 0 0 0 0 0 0 0 0 0 0 0 0 0 0 0 0 0 0 0 0 89 0 0 0 0 0 0 0 0 0 0 0 0 0 0 0 0 0 35 37 0 0 0 80 0 34 0 0 0 0 
0 0 94 0 0 0 0 0 0 0 0 0 0 0 83 0 0 0 0 0 0 0 0 0 0 0 0 0 0 0 0 0 0 0 0 0 0 0 0 0 13 0 0 0 0 0 0 0 0 0 0 0 0 0 0 0 0 0 0 33 65 0 0 0 35 0 78 94 0 0 0 0 0 0 0 0 0 0 0 0 0 0 0 57 84 0 93 0 0 0 0 0 0 0 0 0 0 0 0 0 
0 0 0 0 0 0 0 0 0 0 0 0 0 0 0 0 0 0 0 0 0 0 0 0 0 0 0 84 0 0 0 0 78 0 27 0 72 0 0 0 0 0 0 0 0 36 56 0 0 70 0 0 79 0 0 0 0 0 0 85 0 0 0 0 0 10 0 0 0 62 0 0 0 0 0 17 30 0 0 0 0 0 0 0 99 0 0 0 0 0 0 0 0 0 20 0 0 0 0 0 
0 0 0 40 0 0 0 0 0 0 0 0 0 0 0 0 0 0 56 0 0 0 0 0 0 0 38 0 0 0 0 0 0 0 0 22 0 92 0 0 0 0 0 0 0 0 0 0 0 0 0 0 0 0 0 0 54 0 0 0 0 0 0 0 64 0 0 0 87 0 0 0 25 0 80 0 0 0 0 0 0 57 0 0 0 52 75 0 0 0 36 0 0 58 0 0 0 0 0 0 
4 0 0 0 0 0 0 0 0 0 0 0 0 0 0 0 0 0 0 0 18 0 0 11 0 0 0 4 0 0 0 0 0 0 0 0 0 0 0 0 0 94 0 0 6 0 0 47 20 0 0 0 0 0 0 0 0 0 0 0 0 79 0 0 0 0 0 0 0 0 0 58 0 0 75 0 0 0 0 0 0 84 99 0 0 0 0 0 0 0 0 0 0 0 0 0 0 0 0 0 
0 0 0 0 0 0 7 0 0 18 0 0 0 0 0 97 0 3 0 0 0 0 0 0 0 0 0 0 0 0 37 0 0 0 0 0 0 0 0 0 0 0 0 0 0 100 0 0 0 0 0 0 0 0 0 27 0 70 0 0 22 0 0 0 0 87 0 0 0 0 0 0 0 1 0 0 0 0 48 0 0 0 0 52 0 0 0 0 0 0 0 0 0 0 0 0 0 0 85 0 
0 0 0 0 0 0 0 0 0 0 0 0 0 0 0 0 26 19 0 0 0 0 0 0 0 0 0 70 0 0 0 89 0 0 0 0 0 0 79 0 0 0 0 0 0 0 0 0 0 71 0 0 0 0 0 0 0 0 0 0 0 0 0 0 0 0 0 0 0 0 0 0 0 0 0 53 0 0 0 0 0 93 0 75 0 0 0 0 0 0 0 0 0 1 0 0 0 42 0 0 
0 0 7 0 0 0 0 0 0 18 0 0 0 0 0 0 0 0 0 0 0 0 0 69 0 0 43 0 0 0 0 0 0 0 61 0 52 0 0 0 0 0 0 0 0 84 0 33 0 0 0 0 0 0 12 0 91 0 0 0 0 0 0 83 0 0 0 0 49 0 0 0 0 0 0 0 0 0 0 0 0 0 0 0 0 0 0 0 0 0 0 0 0 0 0 36 0 0 0 0 
0 0 0 85 0 0 0 0 0 0 0 0 0 0 44 0 0 0 0 0 0 100 54 0 0 0 0 48 0 0 0 0 0 0 0 0 0 0 0 0 0 0 0 0 0 0 0 3 0 60 0 0 0 0 0 77 0 0 0 0 26 0 0 0 0 0 0 0 0 0 0 0 0 0 0 0 61 0 0 84 35 0 0 0 0 0 0 0 0 0 0 70 0 0 0 3 0 0 0 0 
0 0 0 0 71 0 0 0 0 0 0 26 0 0 0 0 0 62 0 0 0 0 0 0 0 0 0 0 0 0 0 0 71 0 0 61 0 0 0 0 0 0 0 0 0 0 0 95 0 9 0 0 0 0 0 0 0 0 0 0 0 0 97 0 0 0 0 0 0 0 62 0 14 0 0 0 0 0 0 53 37 0 0 0 0 0 0 0 0 0 0 0 29 0 0 0 0 0 0 0 
0 0 0 0 63 19 0 0 0 0 0 0 0 50 0 0 0 0 0 0 0 0 0 0 0 86 0 0 0 0 0 0 0 0 0 0 0 0 0 0 0 0 0 0 0 0 3 52 0 0 0 0 0 0 0 0 0 0 90 0 0 0 0 0 0 0 97 0 0 0 0 13 73 0 0 0 0 0 0 0 0 0 0 36 0 0 0 0 0 0 0 0 0 0 0 80 25 0 0 0 
0 0 0 0 0 0 0 0 0 0 0 0 60 48 0 0 0 0 0 0 0 0 0 0 86 0 0 0 0 31 4 0 0 0 0 0 24 7 13 0 0 0 40 0 0 0 0 0 0 0 0 0 0 0 0 52 0 0 0 24 0 0 0 0 0 0 0 0 0 0 0 0 82 0 74 33 0 0 0 0 0 0 0 0 0 0 0 0 70 0 0 0 0 0 0 0 0 0 0 0 
0 0 0 0 0 0 0 0 0 0 0 0 0 0 0 28 0 0 48 0 0 90 82 0 0 0 0 0 0 0 68 0 0 63 0 0 0 0 0 0 0 0 0 0 0 0 0 0 0 0 0 0 0 0 0 0 0 0 25 0 0 0 0 0 7 0 0 0 41 0 0 0 0 0 0 0 0 0 0 0 0 0 0 0 0 0 0 0 0 29 0 0 0 0 58 0 0 72 0 0 
53 0 0 44 22 0 0 0 0 0 0 0 0 0 0 22 0 0 44 0 0 0 80 86 0 0 0 0 0 0 0 0 0 0 0 0 0 24 75 0 0 0 0 0 82 0 0 0 0 0 0 0 0 0 0 0 0 0 0 0 0 0 0 0 0 0 0 0 0 0 0 0 0 0 0 84 0 0 0 0 80 0 0 58 0 0 1 0 0 0 0 0 0 0 68 0 0 0 0 0 
0 0 0 0 0 0 0 0 78 0 0 0 61 0 0 0 0 0 0 0 3 55 0 0 0 0 0 0 0 0 0 0 0 0 0 0 0 0 0 0 0 0 0 88 0 59 0 0 0 95 0 0 30 0 0 0 0 0 0 0 79 91 28 0 0 0 0 0 0 0 0 0 0 0 0 0 0 0 0 0 0 0 20 0 0 0 0 0 0 0 0 0 58 68 0 0 34 0 0 0 
0 0 7 0 0 0 0 0 0 0 0 22 0 0 0 0 0 0 0 0 75 0 0 0 0 0 0 0 0 0 0 0 0 0 0 0 0 87 74 0 0 0 0 0 0 0 0 37 37 0 0 0 83 0 0 0 68 0 0 0 0 0 0 0 0 0 0 0 0 0 0 0 0 0 0 0 0 47 0 76 34 0 0 0 0 0 0 36 3 0 80 0 0 0 0 0 0 0 0 0 
61 0 0 0 0 0 0 0 0 0 0 85 0 0 0 0 0 0 0 27 0 0 0 0 0 0 0 0 0 0 0 46 0 46 0 0 0 0 80 0 0 0 0 0 0 0 16 0 0 0 0 0 83 0 0 0 0 0 0 0 0 71 0 0 0 0 0 0 0 0 0 30 0 0 0 0 0 0 0 86 0 0 0 0 0 0 0 0 0 0 25 0 0 0 34 0 0 3 99 0 
0 0 0 0 0 0 0 0 61 0 0 0 0 0 8 0 0 0 0 0 0 0 0 0 54 0 0 0 0 0 0 0 0 0 0 0 0 20 17 0 0 0 0 0 0 0 0 0 0 96 0 0 0 0 0 0 0 0 0 0 0 0 0 17 0 22 0 16 0 0 0 0 0 0 0 0 0 0 61 9 0 0 0 0 0 0 42 0 0 0 0 0 72 0 0 0 3 0 0 0 
0 0 0 13 0 0 0 0 0 0 0 0 67 0 0 0 0 0 0 80 0 0 0 0 0 0 0 0 0 0 0 0 0 0 0 0 0 0 98 0 74 0 41 0 0 0 0 0 0 0 0 47 0 0 0 0 0 0 0 0 73 0 87 0 0 0 0 0 71 84 0 0 1 0 0 0 67 0 0 0 0 0 0 0 0 85 0 0 0 0 0 0 0 0 0 0 99 0 0 0 
0 0 0 0 44 0 0 0 0 0 0 0 0 0 0 0 0 0 0 64 0 0 0 7 0 0 4 0 0 0 0 46 0 0 0 0 53 0 0 0 0 0 0 0 0 25 0 0 49 0 0 16 0 0 42 0 0 0 0 0 45 0 0 0 0 0 0 0 0 0 0 0 0 0 45 0 98 81 32 0 0 0 0 0 0 0 0 0 0 0 0 0 0 0 0 0 0 0 0 0 
