0 95 72 38 36 8 0 28 79 47 0 12 82 95 36 91 57 57 92 99 77 14 69 42 71 48 51 11 6 93 12 0 64 71 0 10 22 22 96 82 5 86 2 0 80 99 33 96 31 87 0 72 46 0 43 28 16 47 41 85 71 23 36 98 80 30 7 59 13 55 37 54 0 94 62 0 33 0 59 0 99 0 0 80 21 58 33 57 0 90 52 0 23 50 98 41 0 31 80 96 
95 0 21 70 3 22 70 1 39 100 57 0 74 0 97 31 0 9 53 98 17 86 16 86 22 21 0 55 76 0 68 87 64 0 8 77 53 15 29 91 8 0 18 0 84 0 58 67 0 2 51 46 58 0 93 91 54 32 45 68 42 68 49 82 0 50 41 43 54 92 0 60 1 25 73 0 0 0 13 38 61 51 0 81 16 19 31 91 61 0 35 3 59 73 85 53 9 83 90 51 
72 21 0 46 44 0 62 75 97 0 78 85 0 82 0 94 26 2 0 11 38 100 6 0 34 0 87 27 43 0 80 14 91 7 11 43 45 0 48 79 21 48 60 60 22 35 88 54 75 61 99 16 72 100 38 56 16 0 0 0 62 48 65 78 87 44 12 20 0 0 0 83 0 69 78 15 66 16 0 18 13 73 99 4 17 0 0 20 38 18 77 87 0 29 4 20 1 53 7 57 
38 70 46 0 92 78 11 0 10 89 68 38 47 72 0 0 56 76 52 66 89 36 47 54 19 33 94 60 16 22 56 19 41 86 54 37 7 49 59 39 9 15 0 61 60 66 56 55 0 0 82 97 41 0 0 18 67 75 83 83 0 83 24 76 0 99 47 95 26 64 29 19 0 59 62 0 0 30 35 0 30 46 0 0 72 15 9 0 55 74 0 13 89 0 35 32 62 63 73 3 
36 3 44 92 0 99 0 0 49 32 50 19 100 69 73 79 65 79 88 82 86 33 0 0 76 77 11 42 6 0 63 88 90 85 33 88 0 0 78 0 80 72 0 0 69 92 81 0 69 45 22 43 93 57 41 0 5 0 63 0 0 49 20 18 39 46 38 12 4 56 77 28 60 59 75 37 26 32 4 61 28 6 64 28 0 53 68 34 64 79 52 65 39 47 37 57 51 66 0 52 
8 22 0 78 99 0 63 0 28 12 45 44 50 0 66 88 43 0 45 90 39 3 76 13 27 62 68 7 86 68 9 55 23 43 0 73 83 29 45 59 35 41 0 0 15 74 23 69 17 44 0 44 67 16 83 34 77 87 91 63 50 0 0 23 7 23 100 8 14 0 0 8 16 18 59 38 7 38 74 5 37 73 43 68 40 0 66 76 50 0 44 8 0 55 92 45 71 4 67 45 
0 70 62 11 0 63 0 92 0 68 95 13 76 38 45 89 58 79 11 23 0 52 7 0 49 15 34 67 41 93 51 0 48 98 38 95 85 86 31 32 4 70 2 93 15 59 0 77 81 15 93 3 42 26 40 79 28 71 42 8 65 71 79 87 43 14 96 49 23 27 90 0 55 100 0 26 37 39 35 0 68 46 55 0 36 55 59 54 96 43 43 0 6 3 0 0 7 83 0 19 
28 1 75 0 0 0 92 0 70 0 0 43 50 63 79 29 52 65 1 29 25 39 36 74 35 0 89 78 92 72 19 0 81 54 0 56 97 98 0 0 3 95 93 58 87 39 35 49 0 28 91 52 0 0 61 29 47 32 1 36 19 46 75 0 0 95 38 26 49 0 71 50 31 80 9 95 50 70 14 76 45 21 24 79 54 79 41 15 25 18 47 52 61 81 61 2 15 55 0 0 
79 39 97 10 49 28 0 70 0 76 61 39 92 74 0 78 0 58 0 32 59 51 50 0 0 37 92 7 54 0 1 0 0 0 5 6 41 0 68 95 27 20 85 20 97 0 56 28 82 35 82 3 10 55 53 21 70 23 53 67 79 76 16 12 22 30 38 24 76 93 0 84 36 80 14 0 95 40 68 68 91 18 75 69 62 35 77 5 35 71 27 42 13 67 27 56 61 31 1 86 
47 100 0 89 32 12 68 0 76 0 74 73 24 93 53 91 0 59 0 94 46 76 98 44 85 81 0 27 14 0 62 90 14 17 50 0 34 44 57 91 38 56 86 0 7 18 61 67 0 20 0 24 24 4 10 98 76 40 0 46 90 0 40 57 0 61 29 60 26 24 14 0 0 59 99 29 0 64 53 35 72 70 0 0 51 37 67 0 0 49 37 81 99 37 10 0 28 99 79 47 
0 57 78 68 50 45 95 0 61 74 0 71 22 100 0 81 0 26 42 70 62 57 27 25 70 0 2 0 24 33 72 53 45 0 0 44 66 8 52 0 41 0 90 36 72 77 43 83 71 14 65 37 28 35 44 66 5 0 6 88 59 68 68 39 66 70 32 39 79 0 36 14 88 65 21 0 1 63 79 62 33 0 24 0 33 60 21 5 64 72 52 98 68 73 88 28 11 0 0 0 
12 0 85 38 19 44 13 43 39 73 71 0 73 65 68 99 27 11 56 1 93 32 25 13 28 28 75 64 95 0 9 39 31 19 28 0 0 0 38 99 85 0 44 73 54 51 78 48 0 82 97 64 17 80 87 25 61 55 0 85 0 100 35 82 77 47 49 97 61 0 11 0 68 45 100 64 78 41 56 89 33 70 40 5 31 45 0 94 95 44 29 53 63 87 39 85 29 37 75 60 
82 74 0 47 100 50 76 50 92 24 22 73 0 12 84 19 76 36 89 88 36 22 34 92 7 78 18 90 57 0 43 21 19 28 5 73 55 0 3 32 52 53 62 53 76 14 5 0 13 59 23 82 14 27 15 26 0 2 22 26 22 30 63 27 98 11 95 6 0 99 62 0 0 64 9 70 99 33 68 0 79 92 70 79 83 28 51 98 0 55 26 3 8 68 0 0 49 64 6 35 
95 0 82 72 69 0 38 63 74 93 100 65 12 0 39 46 41 67 0 84 0 24 0 84 4 0 88 16 1 92 42 67 63 0 96 25 4 0 27 70 48 87 16 0 0 51 11 0 42 100 85 84 40 5 16 60 0 0 56 29 10 31 89 43 53 83 30 56 0 29 0 8 56 39 0 0 0 31 38 0 5 22 20 20 53 64 36 72 0 30 0 49 0 72 93 85 6 83 41 0 
36 97 0 0 73 66 45 79 0 53 0 68 84 39 0 11 80 86 0 58 100 46 89 28 7 90 68 8 21 0 2 51 13 0 41 0 24 31 0 0 38 58 68 93 90 93 95 10 0 23 26 0 0 56 53 22 21 40 82 83 42 0 52 54 67 31 5 3 99 52 87 0 28 97 20 75 38 12 46 0 99 95 3 44 74 66 53 0 73 81 84 30 70 7 0 0 19 82 39 51 
91 31 94 0 79 88 89 29 78 91 81 99 19 46 11 0 19 80 15 0 44 96 60 98 47 0 50 42 16 0 89 21 77 0 87 0 14 0 50 0 14 0 1 68 15 42 49 54 15 58 0 14 0 51 81 0 45 6 13 7 85 66 82 76 6 0 17 0 0 77 58 97 80 20 34 0 23 93 56 92 54 93 18 0 85 0 17 92 5 60 55 4 58 19 71 1 58 19 4 3 
57 0 26 56 65 43 58 52 0 0 0 27 76 41 80 19 0 21 94 4 23 0 15 80 7 43 32 26 70 79 96 60 10 23 24 87 93 81 0 69 93 66 67 96 5 47 98 33 0 85 17 68 0 66 10 0 22 89 0 0 29 51 0 42 30 52 25 66 12 40 27 78 13 0 16 12 3 8 0 0 98 34 69 15 2 0 1 27 67 24 71 95 88 96 3 95 0 40 75 77 
57 9 2 76 79 0 79 65 58 59 26 11 36 67 86 80 21 0 17 10 15 24 47 98 71 64 9 98 100 0 70 80 24 82 26 8 0 47 0 79 0 30 17 49 38 29 18 100 22 88 55 58 28 0 0 0 71 100 40 87 67 23 0 73 0 24 96 94 100 32 47 80 99 45 40 77 11 92 0 35 56 32 60 37 87 92 56 14 67 22 79 16 68 97 89 74 31 17 33 36 
92 53 0 52 88 45 11 1 0 0 42 56 89 0 0 15 94 17 0 5 44 0 0 0 5 6 49 28 78 24 59 79 47 33 5 41 16 41 62 82 1 0 34 29 33 23 0 48 52 89 0 69 13 0 71 40 57 12 6 31 31 69 6 0 0 93 90 0 2 56 70 78 84 3 0 0 69 10 16 21 14 38 63 14 35 52 0 51 64 0 2 77 75 12 56 79 97 83 26 98 
99 98 11 66 82 90 23 29 32 94 70 1 88 84 58 0 4 10 5 0 14 3 0 19 65 0 66 58 0 49 58 72 0 6 76 13 47 48 46 93 0 72 0 7 0 65 58 0 76 91 0 59 29 35 0 36 81 83 15 94 60 32 39 42 27 56 51 53 54 5 0 81 55 29 24 46 0 99 28 3 77 66 10 0 50 71 0 0 23 51 33 61 27 22 82 54 98 64 25 21 
77 17 38 89 86 39 0 25 59 46 62 93 36 0 100 44 23 15 44 14 0 75 29 92 81 38 5 7 16 22 10 95 5 27 26 52 14 13 36 34 76 0 1 67 11 34 49 18 14 58 0 88 46 30 51 13 100 12 32 95 53 54 58 18 49 41 0 1 98 58 36 79 32 53 21 0 66 14 0 0 41 0 91 8 16 95 94 63 7 5 58 79 24 94 11 34 92 44 99 66 
14 86 100 36 33 3 52 39 51 76 57 32 22 24 46 96 0 24 0 3 75 0 0 61 0 51 0 0 0 1 19 10 8 38 80 39 47 64 15 96 43 41 0 0 79 38 15 0 0 0 29 0 0 1 23 66 0 47 42 71 74 74 28 7 31 46 7 29 0 75 0 80 20 0 90 85 41 0 0 0 46 14 88 40 99 67 7 0 93 16 81 65 6 94 87 37 54 82 44 81 
69 16 6 47 0 76 7 36 50 98 27 25 34 0 89 60 15 47 0 0 29 0 0 49 27 66 32 65 29 99 0 47 64 92 6 20 70 3 0 33 0 14 22 65 35 0 29 5 81 74 37 86 0 89 51 0 22 37 85 0 0 0 19 16 87 1 57 7 63 34 37 35 34 81 20 20 19 43 40 42 67 1 37 97 0 35 31 51 60 77 42 31 75 0 0 10 16 67 8 0 
42 86 0 54 0 13 0 74 0 44 25 13 92 84 28 98 80 98 0 19 92 61 49 0 0 97 89 49 84 41 15 74 19 62 0 28 0 45 0 54 14 80 93 0 19 51 0 0 0 63 65 3 82 86 0 67 36 35 57 93 75 43 0 98 81 0 3 50 64 34 14 0 100 88 62 9 60 23 45 60 3 59 28 50 23 73 59 18 20 98 7 88 60 68 24 28 0 57 64 5 
71 22 34 19 76 27 49 35 0 85 70 28 7 4 7 47 7 71 5 65 81 0 27 0 0 99 0 77 7 0 66 57 49 29 34 0 97 75 0 26 54 63 41 14 0 87 0 59 33 0 8 95 40 73 37 0 0 55 88 95 33 69 18 80 76 88 73 12 86 0 0 0 42 69 25 70 12 0 56 34 32 18 0 1 15 14 0 0 0 21 20 15 0 22 49 90 75 27 42 25 
48 21 0 33 77 62 15 0 37 81 0 28 78 0 90 0 43 64 6 0 38 51 66 97 99 0 76 54 1 100 0 93 0 28 79 64 76 99 0 96 1 96 0 97 89 89 32 37 2 64 0 70 16 19 7 14 53 85 24 0 45 49 0 45 20 21 57 50 75 69 5 93 83 32 0 49 31 29 49 0 41 81 0 18 69 95 41 0 71 6 72 7 12 22 34 0 0 0 37 3 
51 0 87 94 11 68 34 89 92 0 2 75 18 88 68 50 32 9 49 66 5 0 32 89 0 76 0 13 53 0 100 49 52 0 0 0 37 65 3 0 79 52 0 26 0 27 19 33 4 71 34 0 3 3 85 83 8 0 79 97 2 99 92 42 5 88 31 65 0 62 27 44 44 44 89 81 45 50 74 79 0 59 12 99 46 27 0 36 99 39 85 5 10 42 87 89 72 24 33 74 
11 55 27 60 42 7 67 78 7 27 0 64 90 16 8 42 26 98 28 58 7 0 65 49 77 54 13 0 71 96 7 0 73 0 0 62 24 63 55 47 23 0 86 0 64 63 0 41 0 77 61 16 5 100 24 86 0 10 29 63 11 93 89 49 28 64 58 97 53 25 34 55 13 0 44 98 0 92 87 0 82 60 2 11 86 76 70 29 54 58 3 96 90 84 92 97 96 91 72 79 
6 76 43 16 6 86 41 92 54 14 24 95 57 1 21 16 70 100 78 0 16 0 29 84 7 1 53 71 0 13 49 14 95 23 54 80 27 57 94 57 0 0 74 80 0 19 21 91 16 100 4 30 81 22 50 0 8 32 70 0 53 22 75 0 0 10 63 80 66 100 44 87 65 37 86 13 79 74 15 49 62 12 64 0 94 87 99 0 11 47 77 68 49 71 43 72 57 70 34 21 
93 0 0 22 0 68 93 72 0 0 33 0 0 92 0 0 79 0 24 49 22 1 99 41 0 100 0 96 13 0 51 18 70 58 28 51 0 62 28 52 94 89 0 21 86 85 90 11 62 42 0 25 58 40 14 34 45 48 3 56 81 0 0 0 100 76 0 43 6 0 60 6 65 99 73 0 0 82 0 89 85 24 0 16 88 17 80 50 93 74 97 24 68 22 27 0 60 43 63 28 
12 68 80 56 63 9 51 19 1 62 72 9 43 42 2 89 96 70 59 58 10 19 0 15 66 0 100 7 49 51 0 94 95 61 66 24 46 0 97 27 51 0 60 16 66 0 97 22 0 35 36 6 79 68 39 61 36 1 42 86 31 37 0 23 73 86 0 6 0 44 61 30 24 10 14 0 0 84 61 97 22 54 0 0 19 100 0 21 90 73 47 30 96 93 14 0 16 0 20 29 
0 87 14 19 88 55 0 0 0 90 53 39 21 67 51 21 60 80 79 72 95 10 47 74 57 93 49 0 14 18 94 0 48 57 0 39 0 0 0 64 78 0 62 90 0 5 14 0 32 65 29 12 50 0 12 50 45 0 43 0 7 15 26 66 14 35 93 0 69 8 23 0 78 7 31 74 17 68 0 42 3 69 6 39 12 68 0 24 0 71 3 17 0 19 52 53 55 67 72 0 
64 64 91 41 90 23 48 81 0 14 45 31 19 63 13 77 10 24 47 0 5 8 64 19 49 0 52 73 95 70 95 48 0 14 27 38 22 2 59 5 19 72 3 50 7 37 16 17 38 45 18 57 71 93 26 74 40 0 69 36 31 56 65 45 4 11 10 47 69 32 2 4 30 32 20 32 26 80 82 49 34 40 98 0 0 88 0 80 86 32 65 69 0 65 28 0 0 59 96 49 
71 0 7 86 85 43 98 54 0 17 0 19 28 0 0 0 23 82 33 6 27 38 92 62 29 28 0 0 23 58 61 57 14 0 67 65 0 65 74 41 63 57 36 69 81 49 0 40 7 78 40 0 0 0 14 0 85 0 88 98 55 6 0 77 49 63 42 0 4 0 0 12 79 74 71 16 18 26 9 66 38 24 93 39 0 73 0 87 87 56 88 90 75 36 6 72 33 43 0 13 
0 8 11 54 33 0 38 0 5 50 0 28 5 96 41 87 24 26 5 76 26 80 6 0 34 79 0 0 54 28 66 0 27 67 0 79 48 71 12 18 41 24 67 10 48 50 12 74 2 22 65 22 16 21 44 0 56 5 35 86 39 33 69 68 92 69 8 21 57 67 0 100 44 76 25 65 58 88 25 23 6 0 77 36 0 31 63 94 78 62 0 6 82 91 0 74 86 33 63 48 
10 77 43 37 88 73 95 56 6 0 44 0 73 25 0 0 87 8 41 13 52 39 20 28 0 64 0 62 80 51 24 39 38 65 79 0 0 0 99 0 0 38 11 39 10 0 73 71 0 50 75 0 29 54 22 84 30 37 0 66 94 1 19 95 83 20 57 59 41 89 78 0 25 25 0 42 0 12 78 0 94 84 0 12 55 54 0 98 74 80 15 18 8 54 69 49 36 0 46 42 
22 53 45 7 0 83 85 97 41 34 66 0 55 4 24 14 93 0 16 47 14 47 70 0 97 76 37 24 27 0 46 0 22 0 48 0 0 81 14 81 66 18 0 90 19 65 0 69 0 15 73 91 11 21 47 0 11 39 0 66 32 99 91 11 59 95 9 31 63 0 85 12 22 55 21 49 0 37 0 77 81 52 58 58 94 0 0 25 32 7 12 23 0 35 56 9 0 0 31 4 
22 15 0 49 0 29 86 98 0 44 8 0 0 0 31 0 81 47 41 48 13 64 3 45 75 99 65 63 57 62 0 0 2 65 71 0 81 0 98 21 45 0 51 10 78 0 0 94 67 0 90 56 38 80 50 88 96 74 13 37 34 22 70 48 85 73 21 54 98 36 27 24 21 0 77 93 80 85 93 25 48 9 56 0 16 0 8 25 72 73 68 8 28 54 1 3 79 97 56 39 
96 29 48 59 78 45 31 0 68 57 52 38 3 27 0 50 0 0 62 46 36 15 0 0 0 0 3 55 94 28 97 0 59 74 12 99 14 98 0 20 98 0 71 20 39 67 100 0 77 95 93 35 0 19 0 31 53 30 69 0 21 9 30 13 42 95 0 100 0 0 67 65 1 93 0 100 0 0 29 0 0 45 55 92 75 99 27 0 82 91 46 9 0 21 62 68 49 47 78 20 
82 91 79 39 0 59 32 0 95 91 0 99 32 70 0 0 69 79 82 93 34 96 33 54 26 96 0 47 57 52 27 64 5 41 18 0 81 21 20 0 20 59 10 0 0 91 59 81 0 52 38 0 73 58 81 31 50 0 7 83 0 20 65 78 60 0 42 66 77 9 84 0 46 61 0 41 0 3 60 70 9 26 72 7 97 50 72 47 38 91 81 30 30 74 0 80 63 17 83 18 
5 8 21 9 80 35 4 3 27 38 41 85 52 48 38 14 93 0 1 0 76 43 0 14 54 1 79 23 0 94 51 78 19 63 41 0 66 45 98 20 0 10 0 58 52 42 57 0 0 35 0 78 79 0 63 87 0 25 62 0 20 64 94 40 50 0 18 94 0 36 24 33 75 94 0 80 0 63 0 50 0 69 0 11 9 4 31 64 61 0 55 6 36 85 14 98 76 94 69 56 
86 0 48 15 72 41 70 95 20 56 0 0 53 87 58 0 66 30 0 72 0 41 14 80 63 96 52 0 0 89 0 0 72 57 24 38 18 0 0 59 10 0 55 0 49 58 35 3 52 51 0 79 0 45 84 70 0 0 92 88 0 53 0 0 0 42 17 26 83 0 19 75 0 17 13 76 75 0 0 48 25 15 78 74 0 0 9 0 0 73 15 30 96 15 60 0 0 100 75 0 
2 18 60 0 0 0 2 93 85 86 90 44 62 16 68 1 67 17 34 0 1 0 22 93 41 0 0 86 74 0 60 62 3 36 67 11 0 51 71 10 0 55 0 62 0 0 62 58 27 93 0 14 25 0 57 48 10 50 0 0 1 34 32 0 75 0 38 79 69 62 62 20 98 5 91 32 43 93 74 0 7 46 91 21 0 54 70 92 22 72 47 0 44 75 68 21 0 23 32 1 
0 0 60 61 0 0 93 58 20 0 36 73 53 0 93 68 96 49 29 7 67 0 65 0 14 97 26 0 80 21 16 90 50 69 10 39 90 10 20 0 58 0 62 0 0 0 28 84 55 38 55 16 91 90 79 2 0 68 69 0 37 94 7 60 99 3 11 74 44 3 0 37 19 65 72 82 41 0 73 49 73 13 76 0 38 0 20 44 97 77 2 88 0 77 0 42 0 40 28 86 
80 84 22 60 69 15 15 87 97 7 72 54 76 0 90 15 5 38 33 0 11 79 35 19 0 89 0 64 0 86 66 0 7 81 48 10 19 78 39 0 52 49 0 0 0 59 75 14 89 51 54 61 22 85 0 0 10 12 27 16 12 1 67 80 9 13 0 18 85 46 70 16 18 44 20 25 70 53 18 69 90 31 27 64 60 0 0 10 70 97 96 36 31 45 51 0 75 0 96 74 
99 0 35 66 92 74 59 39 0 18 77 51 14 51 93 42 47 29 23 65 34 38 0 51 87 89 27 63 19 85 0 5 37 49 50 0 65 0 67 91 42 58 0 0 59 0 27 95 0 54 25 37 0 53 44 0 79 40 54 29 37 0 35 6 71 82 48 0 42 52 69 94 77 70 0 0 0 96 61 12 14 0 51 53 56 35 33 0 82 0 18 15 68 10 3 72 24 18 15 49 
33 58 88 56 81 23 0 35 56 61 43 78 5 11 95 49 98 18 0 58 49 15 29 0 0 32 19 0 21 90 97 14 16 0 12 73 0 0 100 59 57 35 62 28 75 27 0 15 54 0 91 99 75 87 0 0 80 63 52 59 0 82 1 60 70 59 95 74 0 9 86 51 76 11 1 54 34 13 0 88 56 84 25 82 85 52 87 5 77 25 75 64 54 58 73 55 23 0 0 0 
96 67 54 55 0 69 77 49 28 67 83 48 0 0 10 54 33 100 48 0 18 0 5 0 59 37 33 41 91 11 22 0 17 40 74 71 69 94 0 81 0 3 58 84 14 95 15 0 0 65 76 33 84 89 6 27 20 75 42 0 0 34 0 64 39 7 42 8 35 25 8 0 40 51 31 0 90 57 77 0 7 0 70 84 0 0 8 95 79 61 93 44 75 92 96 63 56 99 0 99 
31 0 75 0 69 17 81 0 82 0 71 0 13 42 0 15 0 22 52 76 14 0 81 0 33 2 4 0 16 62 0 32 38 7 2 0 0 67 77 0 0 52 27 55 89 0 54 0 0 0 60 74 80 6 6 78 75 22 99 64 39 1 0 98 0 5 46 0 36 7 0 85 29 40 6 80 93 0 0 21 1 81 93 2 0 30 0 0 0 0 0 64 5 99 11 91 23 63 33 86 
87 2 61 0 45 44 15 28 35 20 14 82 59 100 23 58 85 88 89 91 58 0 74 63 0 64 71 77 100 42 35 65 45 78 22 50 15 0 95 52 35 51 93 38 51 54 0 65 0 0 34 75 91 77 5 71 67 0 0 61 4 42 0 39 64 29 59 4 42 78 0 57 93 63 87 70 0 49 47 0 16 36 53 73 97 4 83 0 71 19 70 46 13 99 67 1 12 45 42 0 
0 51 99 82 22 0 93 91 82 0 65 97 23 85 26 0 17 55 0 0 0 29 37 65 8 0 34 61 4 0 36 29 18 40 65 75 73 90 93 38 0 0 0 55 54 25 91 76 60 34 0 74 60 20 78 0 26 97 75 59 78 93 0 25 70 24 83 51 100 28 0 0 46 0 30 51 74 69 25 6 54 39 86 44 62 49 7 86 29 64 59 0 5 25 0 56 7 46 68 0 
72 46 16 97 43 44 3 52 3 24 37 64 82 84 0 14 68 58 69 59 88 0 86 3 95 70 0 16 30 25 6 12 57 0 22 0 91 56 35 0 78 79 14 16 61 37 99 33 74 75 74 0 18 52 7 24 69 0 58 9 91 75 0 43 93 57 40 22 0 40 1 77 48 84 29 0 36 86 81 89 98 0 0 0 91 36 18 63 0 72 20 16 0 66 64 66 76 0 49 87 
46 58 72 41 93 67 42 0 10 24 28 17 14 40 0 0 0 28 13 29 46 0 0 82 40 16 3 5 81 58 79 50 71 0 16 29 11 38 0 73 79 0 25 91 22 0 75 84 80 91 60 18 0 38 92 31 98 11 0 0 64 69 38 0 77 32 76 74 24 29 85 41 23 32 40 56 33 29 0 0 60 47 18 0 4 39 82 96 28 47 54 0 90 7 67 69 51 0 0 42 
0 0 100 0 57 16 26 0 55 4 35 80 27 5 56 51 66 0 0 35 30 1 89 86 73 19 3 100 22 40 68 0 93 0 21 54 21 80 19 58 0 45 0 90 85 53 87 89 6 77 20 52 38 0 0 80 47 85 47 0 95 0 38 97 49 26 0 89 84 0 91 78 0 14 39 2 94 12 18 45 15 46 96 13 0 74 48 68 83 0 22 0 0 79 0 0 5 37 87 7 
43 93 38 0 41 83 40 61 53 10 44 87 15 16 53 81 10 0 71 0 51 23 51 0 37 7 85 24 50 14 39 12 26 14 44 22 47 50 0 81 63 84 57 79 0 44 0 6 6 5 78 7 92 0 0 0 38 82 79 16 39 65 47 8 0 67 89 0 63 8 33 0 4 83 72 71 27 80 0 71 38 0 38 87 2 82 57 40 23 0 19 0 34 84 30 12 43 89 66 13 
28 91 56 18 0 34 79 29 21 98 66 25 26 60 22 0 0 0 40 36 13 66 0 67 0 14 83 86 0 34 61 50 74 0 0 84 0 88 31 31 87 70 48 2 0 0 0 27 78 71 0 24 31 80 0 0 33 85 27 27 2 32 2 0 31 94 39 21 74 4 69 47 79 25 48 74 72 0 0 84 38 0 69 0 0 0 56 11 34 27 52 1 0 11 0 41 76 69 85 18 
16 54 16 67 5 77 28 47 70 76 5 61 0 0 21 45 22 71 57 81 100 0 22 36 0 53 8 0 8 45 36 45 40 85 56 30 11 96 53 50 0 0 10 0 10 79 80 20 75 67 26 69 98 47 38 33 0 53 98 0 94 46 0 85 52 0 36 0 63 0 0 74 66 87 0 67 67 75 16 11 47 54 69 41 11 39 0 48 32 86 78 86 43 74 49 42 27 72 65 47 
47 32 0 75 0 87 71 32 23 40 0 55 2 0 40 6 89 100 12 83 12 47 37 35 55 85 0 10 32 48 1 0 0 0 5 37 39 74 30 0 25 0 50 68 12 40 63 75 22 0 97 0 11 85 82 85 53 0 61 87 0 0 27 73 0 15 73 16 0 66 23 23 0 0 8 43 26 59 15 0 59 71 0 94 20 0 4 6 10 18 3 0 99 0 24 72 69 55 2 81 
41 45 0 83 63 91 42 1 53 0 6 0 22 56 82 13 0 40 6 15 32 42 85 57 88 24 79 29 70 3 42 43 69 88 35 0 0 13 69 7 62 92 0 69 27 54 52 42 99 0 75 58 0 47 79 27 98 61 0 29 0 2 6 81 58 42 22 55 26 55 40 32 0 98 10 54 74 61 23 6 3 25 35 0 68 34 64 0 11 84 41 43 0 46 57 0 52 43 0 93 
85 68 0 83 0 63 8 36 67 46 88 85 26 29 83 7 0 87 31 94 95 71 0 93 95 0 97 63 0 56 86 0 36 98 86 66 66 37 0 83 0 88 0 0 16 29 59 0 64 61 59 9 0 0 16 27 0 87 29 0 93 10 38 100 0 93 78 43 65 0 49 68 2 79 0 92 0 18 23 0 0 22 0 0 0 92 0 60 0 33 81 0 0 42 94 0 38 58 0 27 
71 42 62 0 0 50 65 19 79 90 59 0 22 10 42 85 29 67 31 60 53 74 0 75 33 45 2 11 53 81 31 7 31 55 39 94 32 34 21 0 20 0 1 37 12 37 0 0 39 4 78 91 64 95 39 2 94 0 0 93 0 18 28 51 87 21 68 0 99 13 0 0 61 0 90 0 66 40 11 83 44 37 91 56 2 8 71 61 0 37 5 0 51 67 99 14 90 2 71 36 
23 68 48 83 49 0 71 46 76 0 68 100 30 31 0 66 51 23 69 32 54 74 0 43 69 49 99 93 22 0 37 15 56 6 33 1 99 22 9 20 64 53 34 94 1 0 82 34 1 42 93 75 69 0 65 32 46 0 2 10 18 0 32 55 86 61 22 7 24 63 69 36 40 51 21 40 40 98 0 50 0 55 56 51 60 11 15 80 0 40 0 67 83 20 95 73 0 91 9 10 
36 49 65 24 20 0 79 75 16 40 68 35 63 89 52 82 0 0 6 39 58 28 19 0 18 0 92 89 75 0 0 26 65 0 69 19 91 70 30 65 94 0 32 7 67 35 1 0 0 0 0 0 38 38 47 2 0 27 6 38 28 32 0 78 78 36 63 60 37 73 25 0 0 22 21 43 0 82 71 0 0 39 41 98 17 0 60 32 80 2 15 45 81 42 30 13 5 34 64 8 
98 82 78 76 18 23 87 0 12 57 39 82 27 43 54 76 42 73 0 42 18 7 16 98 80 45 42 49 0 0 23 66 45 77 68 95 11 48 13 78 40 0 0 60 80 6 60 64 98 39 25 43 0 97 8 0 85 73 81 100 51 55 78 0 96 65 48 52 63 0 71 79 79 61 19 20 56 17 75 27 35 21 24 80 27 0 73 0 21 83 85 77 54 50 25 27 86 40 83 71 
80 0 87 0 39 7 43 0 22 0 66 77 98 53 67 6 30 0 0 27 49 31 87 81 76 20 5 28 0 100 73 14 4 49 92 83 59 85 42 60 50 0 75 99 9 71 70 39 0 64 70 93 77 49 0 31 52 0 58 0 87 86 78 96 0 47 17 0 76 0 33 0 50 0 3 90 69 39 75 39 67 36 41 16 88 34 46 0 32 55 94 74 44 42 45 8 96 0 0 19 
30 50 44 99 46 23 14 95 30 61 70 47 11 83 31 0 52 24 93 56 41 46 1 0 88 21 88 64 10 76 86 35 11 63 69 20 95 73 95 0 0 42 0 3 13 82 59 7 5 29 24 57 32 26 67 94 0 15 42 93 21 61 36 65 47 0 0 22 47 0 72 41 35 81 17 34 0 85 68 76 97 42 0 48 67 76 49 72 20 55 15 46 86 0 10 38 25 81 92 97 
7 41 12 47 38 100 96 38 38 29 32 49 95 30 5 17 25 96 90 51 0 7 57 3 73 57 31 58 63 0 0 93 10 42 8 57 9 21 0 42 18 17 38 11 0 48 95 42 46 59 83 40 76 0 89 39 36 73 22 78 68 22 63 48 17 0 0 15 0 16 87 34 0 46 64 79 87 72 78 86 36 80 97 32 46 33 72 62 25 34 11 79 8 84 51 89 2 18 90 41 
59 43 20 95 12 8 49 26 24 60 39 97 6 56 3 0 66 94 0 53 1 29 7 50 12 50 65 97 80 43 6 0 47 0 21 59 31 54 100 66 94 26 79 74 18 0 74 8 0 4 51 22 74 89 0 21 0 16 55 43 0 7 60 52 0 22 15 0 5 20 84 75 8 12 60 28 0 71 0 59 89 30 26 17 26 54 56 0 0 42 0 93 1 77 96 63 0 68 85 85 
13 54 0 26 4 14 23 49 76 26 79 61 0 0 99 0 12 100 2 54 98 0 63 64 86 75 0 53 66 6 0 69 69 4 57 41 63 98 0 77 0 83 69 44 85 42 0 35 36 42 100 0 24 84 63 74 63 0 26 65 99 24 37 63 76 47 0 5 0 4 54 52 65 45 9 54 13 53 83 71 0 43 0 9 37 69 0 58 21 82 70 3 21 44 0 69 46 63 61 19 
55 92 0 64 56 0 27 0 93 24 0 0 99 29 52 77 40 32 56 5 58 75 34 34 0 69 62 25 100 0 44 8 32 0 67 89 0 36 0 9 36 0 62 3 46 52 9 25 7 78 28 40 29 0 8 4 0 66 55 0 13 63 73 0 0 0 16 20 4 0 89 89 67 95 0 99 56 58 8 82 19 49 69 0 67 49 69 24 0 8 43 69 46 66 49 72 14 87 41 26 
37 0 0 29 77 0 90 71 0 14 36 11 62 0 87 58 27 47 70 0 36 0 37 14 0 5 27 34 44 60 61 23 2 0 0 78 85 27 67 84 24 19 62 0 70 69 86 8 0 0 0 1 85 91 33 69 0 23 40 49 0 69 25 71 33 72 87 84 54 89 0 41 4 30 20 71 4 12 6 0 24 0 16 63 0 67 0 6 8 24 97 16 36 18 16 0 66 70 71 20 
54 60 83 19 28 8 0 50 84 0 14 0 0 8 0 97 78 80 78 81 79 80 35 0 0 93 44 55 87 6 30 0 4 12 100 0 12 24 65 0 33 75 20 37 16 94 51 0 85 57 0 77 41 78 0 47 74 23 32 68 0 36 0 79 0 41 34 75 52 89 41 0 53 77 4 0 53 69 94 83 10 17 40 5 72 86 70 23 52 88 34 46 47 24 82 27 30 31 1 87 
0 1 0 0 60 16 55 31 36 0 88 68 0 56 28 80 13 99 84 55 32 20 34 100 42 83 44 13 65 65 24 78 30 79 44 25 22 21 1 46 75 0 98 19 18 77 76 40 29 93 46 48 23 0 4 79 66 0 0 2 61 40 0 79 50 35 0 8 65 67 4 53 0 33 0 91 37 34 23 80 28 46 61 25 32 0 96 9 72 45 83 23 62 6 95 95 75 0 0 0 
94 25 69 59 59 18 100 80 80 59 65 45 64 39 97 20 0 45 3 29 53 0 81 88 69 32 44 0 37 99 10 7 32 74 76 25 55 0 93 61 94 17 5 65 44 70 11 51 40 63 0 84 32 14 83 25 87 0 98 79 0 51 22 61 0 81 46 12 45 95 30 77 33 0 16 49 30 55 48 0 80 40 0 69 92 60 28 9 0 0 57 54 0 43 72 0 20 0 42 90 
62 73 78 62 75 59 0 9 14 99 21 100 9 0 20 34 16 40 0 24 21 90 20 62 25 0 89 44 86 73 14 31 20 71 25 0 21 77 0 0 0 13 91 72 20 0 1 31 6 87 30 29 40 39 72 48 0 8 10 0 90 21 21 19 3 17 64 60 9 0 20 4 0 16 0 43 96 87 69 0 50 90 0 13 77 79 70 73 58 42 80 0 0 0 57 66 0 4 87 0 
0 0 15 0 37 38 26 95 0 29 0 64 70 0 75 0 12 77 0 46 0 85 20 9 70 49 81 98 13 0 0 74 32 16 65 42 49 93 100 41 80 76 32 82 25 0 54 0 80 70 51 0 56 2 71 74 67 43 54 92 0 40 43 20 90 34 79 28 54 99 71 0 91 49 43 0 0 0 82 8 0 97 89 96 93 83 76 5 0 67 18 20 5 42 64 32 70 33 0 65 
33 0 66 0 26 7 37 50 95 0 1 78 99 0 38 23 3 11 69 0 66 41 19 60 12 31 45 0 79 0 0 17 26 18 58 0 0 80 0 0 0 75 43 41 70 0 34 90 93 0 74 36 33 94 27 72 67 26 74 0 66 40 0 56 69 0 87 0 13 56 4 53 37 30 96 0 0 39 0 65 49 42 0 6 45 34 13 0 0 58 11 56 77 0 27 59 92 0 63 94 
0 0 16 30 32 38 39 70 40 64 63 41 33 31 12 93 8 92 10 99 14 0 43 23 0 29 50 92 74 82 84 68 80 26 88 12 37 85 0 3 63 0 93 0 53 96 13 57 0 49 69 86 29 12 80 0 75 59 61 18 40 98 82 17 39 85 72 71 53 58 12 69 34 55 87 0 39 0 82 41 12 70 34 46 0 19 34 59 70 77 2 40 42 46 46 0 76 63 39 97 
59 13 0 35 4 74 35 14 68 53 79 56 68 38 46 56 0 0 16 28 0 0 40 45 56 49 74 87 15 0 61 0 82 9 25 78 0 93 29 60 0 0 74 73 18 61 0 77 0 47 25 81 0 18 0 0 16 15 23 23 11 0 71 75 75 68 78 0 83 8 6 94 23 48 69 82 0 82 0 76 34 47 0 7 14 0 0 87 93 78 0 0 94 55 66 0 0 99 64 97 
0 38 18 0 61 5 0 76 68 35 62 89 0 0 0 92 0 35 21 3 0 0 42 60 34 0 79 0 49 89 97 42 49 66 23 0 77 25 0 70 50 48 0 49 69 12 88 0 21 0 6 89 0 45 71 84 11 0 6 0 83 50 0 27 39 76 86 59 71 82 0 83 80 0 0 8 65 41 76 0 97 88 60 32 57 46 92 41 58 61 68 58 64 89 81 90 0 33 79 90 
99 61 13 30 28 37 68 45 91 72 33 33 79 5 99 54 98 56 14 77 41 46 67 3 32 41 0 82 62 85 22 3 34 38 6 94 81 48 0 9 0 25 7 73 90 14 56 7 1 16 54 98 60 15 38 38 47 59 3 0 44 0 0 35 67 97 36 89 0 19 24 10 28 80 50 0 49 12 34 97 0 15 52 77 4 16 8 33 30 37 62 62 46 14 8 80 31 71 0 66 
0 51 73 46 6 73 46 21 18 70 0 70 92 22 95 93 34 32 38 66 0 14 1 59 18 81 59 60 12 24 54 69 40 24 0 84 52 9 45 26 69 15 46 13 31 0 84 0 81 36 39 0 47 46 0 0 54 71 25 22 37 55 39 21 36 42 80 30 43 49 0 17 46 40 90 97 42 70 47 88 15 0 28 17 37 5 0 0 84 48 0 6 15 52 0 36 26 14 68 0 
0 0 99 0 64 43 55 24 75 0 24 40 70 20 3 18 69 60 63 10 91 88 37 28 0 0 12 2 64 0 0 6 98 93 77 0 58 56 55 72 0 78 91 76 27 51 25 70 93 53 86 0 18 96 38 69 69 0 35 0 91 56 41 24 41 0 97 26 0 69 16 40 61 0 0 89 0 34 0 60 52 28 0 40 54 86 61 83 82 48 59 0 41 68 40 53 87 0 4 65 
80 81 4 0 28 68 0 79 69 0 0 5 79 20 44 0 15 37 14 0 8 40 97 50 1 18 99 11 0 16 0 39 0 39 36 12 58 0 92 7 11 74 21 0 64 53 82 84 2 73 44 0 0 13 87 0 41 94 0 0 56 51 98 80 16 48 32 17 9 0 63 5 25 69 13 96 6 46 7 32 77 17 40 0 2 19 18 36 80 0 86 51 0 0 91 0 0 3 99 36 
21 16 17 72 0 40 36 54 62 51 33 31 83 53 74 85 2 87 35 50 16 99 0 23 15 69 46 86 94 88 19 12 0 0 0 55 94 16 75 97 9 0 0 38 60 56 85 0 0 97 62 91 4 0 2 0 11 20 68 0 2 60 17 27 88 67 46 26 37 67 0 72 32 92 77 93 45 0 14 57 4 37 54 2 0 60 0 53 72 43 0 42 50 0 61 0 35 0 0 17 
58 19 0 15 53 0 55 79 35 37 60 45 28 64 66 0 0 92 52 71 95 67 35 73 14 95 27 76 87 17 100 68 88 73 31 54 0 0 99 50 4 0 54 0 0 35 52 0 30 4 49 36 39 74 82 0 39 0 34 92 8 11 0 0 34 76 33 54 69 49 67 86 0 60 79 83 34 19 0 46 16 5 86 19 60 0 72 47 0 69 68 92 20 0 12 23 23 66 66 0 
33 31 0 9 68 66 59 41 77 67 21 0 51 36 53 17 1 56 0 0 94 7 31 59 0 41 0 70 99 80 0 0 0 0 63 0 0 8 27 72 31 9 70 20 0 33 87 8 0 83 7 18 82 48 57 56 0 4 64 0 71 15 60 73 46 49 72 56 0 69 0 70 96 28 70 76 13 34 0 92 8 0 61 18 0 72 0 9 27 75 37 0 67 36 82 0 94 2 0 77 
57 91 20 0 34 76 54 15 5 0 5 94 98 72 0 92 27 14 51 0 63 0 51 18 0 0 36 29 0 50 21 24 80 87 94 98 25 25 0 47 64 0 92 44 10 0 5 95 0 0 86 63 96 68 40 11 48 6 0 60 61 80 32 0 0 72 62 0 58 24 6 23 9 9 73 5 0 59 87 41 33 0 83 36 53 47 9 0 56 30 22 42 82 49 39 8 0 36 4 0 
0 61 38 55 64 50 96 25 35 0 64 95 0 0 73 5 67 67 64 23 7 93 60 20 0 71 99 54 11 93 90 0 86 87 78 74 32 72 82 38 61 0 22 97 70 82 77 79 0 71 29 0 28 83 23 34 32 10 11 0 0 0 80 21 32 20 25 0 21 0 8 52 72 0 58 0 0 70 93 58 30 84 82 80 72 0 27 56 0 56 43 30 0 53 0 47 40 36 0 72 
90 0 18 74 79 0 43 18 71 49 72 44 55 30 81 60 24 22 0 51 5 16 77 98 21 6 39 58 47 74 73 71 32 56 62 80 7 73 91 91 0 73 72 77 97 0 25 61 0 19 64 72 47 0 0 27 86 18 84 33 37 40 2 83 55 55 34 42 82 8 24 88 45 0 42 67 58 77 78 61 37 48 48 0 43 69 75 30 56 0 100 46 97 76 1 36 0 0 96 78 
52 35 77 0 52 44 43 47 27 37 52 29 26 0 84 55 71 79 2 33 58 81 42 7 20 72 85 3 77 97 47 3 65 88 0 15 12 68 46 81 55 15 47 2 96 18 75 93 0 70 59 20 54 22 19 52 78 3 41 81 5 0 15 85 94 15 11 0 70 43 97 34 83 57 80 18 11 2 0 68 62 0 59 86 0 68 37 22 43 100 0 50 55 23 56 84 16 45 97 54 
0 3 87 13 65 8 0 52 42 81 98 53 3 49 30 4 95 16 77 61 79 65 31 88 15 7 5 96 68 24 30 17 69 90 6 18 23 8 9 30 6 30 0 88 36 15 64 44 64 46 0 16 0 0 0 1 86 0 43 0 0 67 45 77 74 46 79 93 3 69 16 46 23 54 0 20 56 40 0 58 62 6 0 51 42 92 0 42 30 46 50 0 55 81 53 25 4 3 20 60 
23 59 0 89 39 0 6 61 13 99 68 63 8 0 70 58 88 68 75 27 24 6 75 60 0 12 10 90 49 68 96 0 0 75 82 8 0 28 0 30 36 96 44 0 31 68 54 75 5 13 5 0 90 0 34 0 43 99 0 0 51 83 81 54 44 86 8 1 21 46 36 47 62 0 0 5 77 42 94 64 46 15 41 0 50 20 67 82 0 97 55 55 0 59 41 7 0 12 5 64 
50 73 29 0 47 55 3 81 67 37 73 87 68 72 7 19 96 97 12 22 94 94 0 68 22 22 42 84 71 22 93 19 65 36 91 54 35 54 21 74 85 15 75 77 45 10 58 92 99 99 25 66 7 79 84 11 74 0 46 42 67 20 42 50 42 0 84 77 44 66 18 24 6 43 0 42 0 46 55 89 14 52 68 0 0 0 36 49 53 76 23 81 59 0 49 14 7 13 82 95 
98 85 4 35 37 92 0 61 27 10 88 39 0 93 0 71 3 89 56 82 11 87 0 24 49 34 87 92 43 27 14 52 28 6 0 69 56 1 62 0 14 60 68 0 51 3 73 96 11 67 0 64 67 0 30 0 49 24 57 94 99 95 30 25 45 10 51 96 0 49 16 82 95 72 57 64 27 46 66 81 8 0 40 91 61 12 82 39 0 1 56 53 41 49 0 0 58 23 21 9 
41 53 20 32 57 45 0 2 56 0 28 85 0 85 0 1 95 74 79 54 34 37 10 28 90 0 89 97 72 0 0 53 0 72 74 49 9 3 68 80 98 0 21 42 0 72 55 63 91 1 56 66 69 0 12 41 42 72 0 0 14 73 13 27 8 38 89 63 69 72 0 27 95 0 66 32 59 0 0 90 80 36 53 0 0 23 0 8 47 36 84 25 7 14 0 0 1 14 89 0 
0 9 1 62 51 71 7 15 61 28 11 29 49 6 19 58 0 31 97 98 92 54 16 0 75 0 72 96 57 60 16 55 0 33 86 36 0 79 49 63 76 0 0 0 75 24 23 56 23 12 7 76 51 5 43 76 27 69 52 38 90 0 5 86 96 25 2 0 46 14 66 30 75 20 0 70 92 76 0 0 31 26 87 0 35 23 94 0 40 0 16 4 0 7 58 1 0 68 59 36 
31 83 53 63 66 4 83 55 31 99 0 37 64 83 82 19 40 17 83 64 44 82 67 57 27 0 24 91 70 43 0 67 59 43 33 0 0 97 47 17 94 100 23 40 0 18 0 99 63 45 46 0 0 37 89 69 72 55 43 58 2 91 34 40 0 81 18 68 63 87 70 31 0 0 4 33 0 63 99 33 71 14 0 3 0 66 2 36 36 0 45 3 12 13 23 14 68 0 26 0 
80 90 7 73 0 67 0 0 1 79 0 75 6 41 39 4 75 33 26 25 99 44 8 64 42 37 33 72 34 63 20 72 96 0 63 46 31 56 78 83 69 75 32 28 96 15 0 0 33 42 68 49 0 87 66 85 65 2 0 0 71 9 64 83 0 92 90 85 61 41 71 1 0 42 87 0 63 39 64 79 0 68 4 99 0 66 0 4 0 96 97 20 5 82 21 89 59 26 0 43 
96 51 57 3 52 45 19 0 86 47 0 60 35 0 51 3 77 36 98 21 66 81 0 5 25 3 74 79 21 28 29 0 49 13 48 42 4 39 20 18 56 0 1 86 74 49 0 99 86 0 0 87 42 7 13 18 47 81 93 27 36 10 8 71 19 97 41 85 19 26 20 87 0 90 0 65 94 97 97 90 66 0 65 36 17 0 77 0 72 78 54 60 64 95 9 0 36 0 43 0 
