0 0 0 0 0 0 0 0 0 0 0 0 0 0 25 33 0 0 0 96 82 0 0 0 0 0 10 0 0 0 0 0 0 87 0 32 0 0 0 0 0 17 0 0 0 0 0 0 0 0 0 0 0 0 0 0 100 100 0 0 29 0 85 0 0 0 0 0 0 0 0 0 0 0 0 0 0 1 0 0 0 0 0 0 0 0 0 0 0 0 0 0 0 0 0 0 0 0 0 0 
0 0 0 0 0 0 0 0 0 0 0 0 0 0 0 0 0 0 0 0 0 0 0 0 0 0 0 0 0 41 18 0 0 83 0 0 0 84 0 0 0 0 0 0 0 0 0 0 0 0 0 0 0 76 0 0 0 0 0 0 0 0 0 0 0 0 0 0 0 0 0 0 0 0 0 0 0 0 0 0 0 22 0 0 0 0 0 0 0 34 16 0 0 42 28 0 0 0 0 0 
0 0 0 0 0 0 0 0 0 0 0 0 0 0 35 0 0 42 0 0 19 58 0 0 0 0 65 54 48 0 0 0 0 0 0 0 24 0 0 0 0 0 0 0 0 0 0 0 0 0 0 0 0 0 0 0 0 0 0 0 0 0 0 0 0 0 0 56 0 0 49 0 0 0 0 0 0 0 0 0 0 0 0 0 0 0 0 0 0 0 79 0 0 0 0 0 0 0 0 0 
0 0 0 0 0 0 0 0 62 0 0 0 0 0 0 0 0 0 0 0 0 0 0 0 0 0 20 0 0 0 0 0 0 11 0 0 0 0 0 0 25 0 0 0 0 74 64 0 0 0 0 0 0 0 0 0 0 0 0 0 0 0 0 0 0 0 0 0 0 0 0 0 1 0 0 0 0 0 0 0 0 0 0 0 0 0 0 0 0 0 0 0 0 0 0 0 0 0 0 0 
0 0 0 0 0 0 0 48 0 0 0 0 0 0 0 0 0 92 0 0 0 64 0 0 13 61 0 54 0 0 0 0 0 100 0 0 0 0 0 0 0 0 0 0 0 0 0 0 0 0 0 12 0 0 0 0 0 0 0 0 0 0 0 0 0 0 100 0 0 0 0 26 0 0 0 0 0 0 0 0 0 0 0 7 0 0 0 0 0 0 0 0 0 0 0 0 0 0 0 0 
0 0 0 0 0 0 0 0 0 0 0 0 0 0 12 0 0 0 0 0 0 0 0 0 0 0 1 0 0 0 0 66 0 0 0 0 0 0 56 0 0 0 0 0 0 0 0 0 0 0 22 0 0 0 0 0 0 0 0 0 0 0 0 0 0 50 0 0 0 0 0 0 0 0 0 0 0 0 0 11 0 0 0 0 0 0 0 23 0 0 0 0 0 0 0 0 0 88 32 0 
0 0 0 0 0 0 0 0 0 0 0 0 35 0 89 0 0 0 0 0 0 0 0 0 70 0 0 0 0 0 0 0 7 0 0 0 0 0 0 0 0 0 0 0 0 0 0 0 0 0 0 0 0 0 5 0 97 0 0 72 0 0 0 0 0 0 0 0 0 0 10 0 0 0 0 0 0 0 0 0 0 0 0 0 0 0 28 80 0 0 0 0 0 0 0 0 0 0 0 0 
0 0 0 0 48 0 0 0 0 0 0 0 0 0 0 0 0 0 0 0 0 0 0 0 0 0 0 0 0 0 0 0 0 0 0 57 0 4 0 0 0 0 36 0 0 57 0 0 0 0 65 9 0 0 0 0 0 0 0 0 0 12 0 0 24 26 0 6 0 0 0 0 0 0 0 0 44 0 0 0 0 0 0 0 0 57 0 0 2 0 0 0 6 0 0 0 0 0 0 0 
0 0 0 62 0 0 0 0 0 0 0 0 80 0 0 75 0 0 0 0 55 0 0 0 0 0 0 0 0 0 52 0 0 0 0 0 0 0 0 0 24 0 0 0 0 0 0 0 0 0 0 0 0 0 0 0 26 0 0 0 0 0 0 0 0 0 0 0 0 0 0 0 0 0 0 0 6 0 0 0 0 0 0 0 0 0 0 0 0 0 100 0 0 0 0 0 25 0 0 0 
0 0 0 0 0 0 0 0 0 0 92 0 0 0 0 0 84 0 60 0 0 0 0 0 0 28 0 0 0 0 0 0 35 0 0 0 0 0 39 0 0 0 0 0 0 0 0 0 0 4 0 0 0 0 0 0 0 0 61 0 0 0 0 95 0 0 0 0 0 0 0 0 0 0 0 0 0 0 0 0 0 51 0 7 0 0 0 0 0 0 0 0 0 0 0 0 0 0 0 0 
0 0 0 0 0 0 0 0 0 92 0 0 0 0 0 0 0 0 0 0 0 0 82 0 0 0 0 0 66 0 0 0 0 0 0 0 0 0 0 0 0 53 0 33 0 0 0 0 62 0 0 0 0 0 91 0 0 0 35 0 0 0 0 0 0 0 0 0 0 0 0 0 0 0 0 0 0 0 0 0 0 37 0 0 0 0 0 53 0 0 0 15 0 0 63 0 0 0 0 0 
0 0 0 0 0 0 0 0 0 0 0 0 50 0 0 0 0 25 0 0 0 0 0 0 0 0 0 0 0 0 0 0 0 0 0 0 0 0 0 0 0 90 0 0 93 0 0 0 0 0 0 0 0 0 0 0 0 0 0 0 0 0 0 0 37 0 32 0 0 0 0 0 0 0 0 0 0 0 0 0 37 0 0 0 0 0 0 0 0 100 0 0 0 0 0 0 0 0 0 0 
0 0 0 0 0 0 35 0 80 0 0 50 0 0 0 0 14 0 0 0 63 0 0 0 0 0 0 0 0 0 0 0 0 0 0 0 0 0 0 0 0 0 8 0 0 0 0 0 0 69 0 0 0 0 70 0 0 0 0 0 0 0 37 0 0 0 0 0 0 0 0 0 0 0 78 0 0 0 0 0 0 0 0 0 0 0 0 0 0 0 0 0 0 0 0 0 0 10 0 0 
0 0 0 0 0 0 0 0 0 0 0 0 0 0 0 0 0 0 0 0 0 0 0 38 0 0 0 0 0 0 0 0 0 0 0 0 0 0 0 0 0 0 0 0 88 0 92 0 0 0 0 0 0 0 0 0 0 0 19 0 0 0 0 0 0 0 18 0 0 0 0 0 0 0 0 0 26 0 0 0 0 0 55 0 0 0 0 0 0 0 0 0 0 0 0 0 0 0 56 0 
25 0 35 0 0 12 89 0 0 0 0 0 0 0 0 0 0 0 0 0 0 0 17 0 0 0 0 0 0 0 0 0 0 0 0 0 0 0 0 0 0 0 0 73 0 0 0 49 0 0 6 0 0 0 70 62 0 0 0 0 88 0 0 0 3 0 0 0 0 0 0 0 43 83 0 0 0 0 0 0 0 0 0 0 0 0 0 0 0 0 0 45 0 0 0 0 0 0 0 0 
33 0 0 0 0 0 0 0 75 0 0 0 0 0 0 0 0 0 0 19 0 0 0 0 0 0 0 0 0 0 0 87 0 0 0 0 0 0 0 0 65 0 0 0 0 55 0 0 89 0 0 0 0 0 0 0 0 0 68 0 87 0 85 0 0 0 0 0 0 0 0 0 0 0 0 0 0 0 0 0 0 0 0 32 0 0 19 0 0 0 0 0 0 0 0 0 0 0 0 0 
0 0 0 0 0 0 0 0 0 84 0 0 14 0 0 0 0 0 0 0 0 0 0 0 0 0 0 0 0 0 0 0 0 0 0 0 0 0 0 0 0 0 0 0 0 0 0 0 0 0 83 0 0 0 0 0 0 0 0 0 0 45 0 0 0 0 0 0 0 0 75 83 0 0 0 0 0 0 0 0 0 0 0 0 0 0 0 0 0 0 0 0 0 0 0 0 0 0 0 0 
0 0 42 0 92 0 0 0 0 0 0 25 0 0 0 0 0 0 0 0 0 0 0 0 0 0 0 0 0 0 0 0 0 0 0 0 0 0 0 0 17 0 0 0 0 0 0 0 0 0 0 0 0 0 0 0 0 0 0 20 0 0 0 0 0 0 0 0 0 0 0 0 0 0 0 0 0 0 0 0 0 0 0 0 0 0 0 0 0 0 0 0 43 0 0 0 0 0 0 0 
0 0 0 0 0 0 0 0 0 60 0 0 0 0 0 0 0 0 0 0 0 0 31 0 0 0 0 0 99 0 0 0 0 0 0 0 0 0 16 97 0 0 0 0 0 0 72 0 0 0 0 0 72 0 0 0 0 29 0 0 0 0 0 0 0 72 73 0 0 0 91 0 0 0 0 0 39 0 0 0 0 0 0 0 0 0 0 0 50 0 0 0 0 0 0 0 0 0 0 0 
96 0 0 0 0 0 0 0 0 0 0 0 0 0 0 19 0 0 0 0 24 0 0 0 0 0 0 0 0 0 0 0 92 0 0 0 3 0 0 0 0 0 0 0 0 0 0 0 0 0 0 55 0 0 0 0 0 0 0 0 0 0 0 58 0 0 49 0 0 95 0 8 0 0 0 0 0 0 0 0 0 0 0 0 0 0 0 0 0 0 0 0 0 0 0 0 0 0 0 0 
82 0 19 0 0 0 0 0 55 0 0 0 63 0 0 0 0 0 0 24 0 28 0 0 0 0 0 0 0 0 0 0 0 0 68 0 0 0 0 0 0 0 0 0 0 0 0 0 0 0 0 0 0 0 0 0 0 0 32 0 0 0 0 56 0 0 0 0 0 0 0 0 0 0 0 0 0 0 0 0 0 0 0 0 0 0 0 0 0 0 0 0 0 0 0 0 35 0 0 0 
0 0 58 0 64 0 0 0 0 0 0 0 0 0 0 0 0 0 0 0 28 0 0 0 0 0 27 0 0 0 0 0 35 0 0 0 0 0 0 0 0 0 14 0 0 0 0 0 0 14 0 0 0 47 0 0 0 0 0 0 0 0 0 0 0 0 37 0 0 0 0 0 0 0 0 0 0 0 0 0 0 0 4 0 0 0 0 0 0 0 0 0 0 0 0 0 0 40 0 0 
0 0 0 0 0 0 0 0 0 0 82 0 0 0 17 0 0 0 31 0 0 0 0 0 0 0 0 0 0 0 0 0 0 0 0 0 0 0 0 0 0 61 0 0 0 0 0 0 0 18 0 0 0 0 0 0 0 20 0 0 0 0 0 0 0 0 0 0 0 80 6 0 0 0 0 0 0 0 0 0 0 0 0 0 0 0 0 0 0 0 0 0 23 0 0 0 0 0 0 0 
0 0 0 0 0 0 0 0 0 0 0 0 0 38 0 0 0 0 0 0 0 0 0 0 0 0 0 0 0 39 0 0 0 0 0 0 0 0 0 0 0 0 0 0 0 0 0 0 0 0 0 0 0 0 0 0 0 81 0 0 0 63 0 0 0 0 0 0 0 0 0 0 0 0 42 0 0 0 0 0 0 0 0 90 0 0 0 0 0 38 0 87 33 0 0 0 0 0 0 0 
0 0 0 0 13 0 70 0 0 0 0 0 0 0 0 0 0 0 0 0 0 0 0 0 0 0 0 0 0 75 0 0 0 0 0 0 0 0 0 0 0 0 0 0 0 0 0 0 0 0 0 0 0 0 0 92 0 0 0 0 0 0 0 0 0 0 0 0 20 0 84 28 0 0 0 0 0 0 0 0 0 0 0 25 0 0 99 0 0 0 0 0 0 0 0 0 0 0 0 0 
0 0 0 0 61 0 0 0 0 28 0 0 0 0 0 0 0 0 0 0 0 0 0 0 0 0 0 0 0 0 0 0 0 0 0 0 0 82 16 0 34 0 47 0 0 0 0 0 0 0 4 0 0 0 32 0 94 0 0 0 0 0 0 21 0 0 0 0 0 0 0 0 0 0 0 0 0 0 30 0 0 0 88 0 84 0 0 0 0 0 0 0 0 0 0 0 0 0 0 0 
10 0 65 20 0 1 0 0 0 0 0 0 0 0 0 0 0 0 0 0 0 27 0 0 0 0 0 0 0 0 0 0 0 0 0 0 0 0 0 0 89 0 0 0 0 0 0 0 0 0 0 0 0 0 0 0 0 0 0 0 0 0 0 0 0 0 98 0 0 0 0 0 0 0 20 0 0 0 0 0 13 0 0 94 0 0 10 0 0 0 0 0 0 0 0 0 0 0 0 0 
0 0 54 0 54 0 0 0 0 0 0 0 0 0 0 0 0 0 0 0 0 0 0 0 0 0 0 0 0 0 0 0 0 0 0 36 0 0 0 54 0 0 0 6 0 0 0 0 0 0 0 0 0 0 0 0 0 0 0 0 0 2 60 0 0 0 0 0 0 0 0 0 29 0 95 0 0 0 66 0 0 0 0 0 0 0 0 0 0 0 0 0 0 0 0 0 0 0 0 0 
0 0 48 0 0 0 0 0 0 0 66 0 0 0 0 0 0 0 99 0 0 0 0 0 0 0 0 0 0 0 0 0 0 0 0 0 0 0 0 0 0 0 0 0 0 0 0 0 0 0 0 0 0 0 0 0 0 0 0 0 0 0 0 23 0 0 0 0 0 0 0 0 0 0 0 0 0 0 0 0 0 0 0 0 100 5 0 0 0 0 0 0 0 0 0 0 0 0 0 0 
0 41 0 0 0 0 0 0 0 0 0 0 0 0 0 0 0 0 0 0 0 0 0 39 75 0 0 0 0 0 0 0 0 0 0 0 0 4 0 0 0 0 0 0 0 0 0 0 0 0 0 0 0 0 0 0 21 0 0 0 0 0 0 0 0 0 0 0 0 0 36 0 0 38 0 0 0 0 0 0 0 0 0 0 0 0 0 0 0 0 0 72 0 0 44 0 64 0 0 0 
0 18 0 0 0 0 0 0 52 0 0 0 0 0 0 0 0 0 0 0 0 0 0 0 0 0 0 0 0 0 0 0 0 0 0 69 0 0 0 0 0 0 0 0 0 65 0 0 0 0 73 0 0 0 0 0 0 0 0 0 0 0 0 0 0 0 0 0 0 0 0 0 0 0 0 0 0 0 0 0 0 0 55 0 0 0 0 0 0 0 0 0 0 0 0 0 0 0 0 56 
0 0 0 0 0 66 0 0 0 0 0 0 0 0 0 87 0 0 0 0 0 0 0 0 0 0 0 0 0 0 0 0 0 0 0 0 0 0 0 0 0 0 0 0 0 0 0 0 0 0 0 0 0 9 0 0 0 83 0 0 0 0 0 0 0 0 0 0 0 0 0 0 97 0 7 0 43 0 0 0 0 0 0 0 0 0 0 0 0 63 0 0 0 0 0 0 0 0 86 0 
0 0 0 0 0 0 7 0 0 35 0 0 0 0 0 0 0 0 0 92 0 35 0 0 0 0 0 0 0 0 0 0 0 0 0 0 0 0 0 0 0 0 0 0 43 0 0 0 0 0 0 0 0 0 0 0 0 0 0 0 0 0 0 0 0 0 0 26 0 0 0 0 0 0 0 64 0 0 0 98 0 0 0 0 0 0 0 0 0 0 0 0 0 0 0 0 0 0 0 0 
87 83 0 11 100 0 0 0 0 0 0 0 0 0 0 0 0 0 0 0 0 0 0 0 0 0 0 0 0 0 0 0 0 0 0 0 0 0 1 0 0 0 0 0 0 0 0 0 3 0 0 0 0 0 0 0 0 0 0 0 0 0 0 0 0 0 0 0 0 77 0 0 0 0 0 0 0 0 0 0 0 0 0 0 0 0 0 0 0 0 0 0 0 0 0 0 0 0 0 0 
0 0 0 0 0 0 0 0 0 0 0 0 0 0 0 0 0 0 0 0 68 0 0 0 0 0 0 0 0 0 0 0 0 0 0 0 0 0 0 0 46 0 0 0 0 0 45 0 0 0 0 0 0 50 0 0 0 0 43 8 0 0 0 0 48 0 0 0 0 0 0 0 0 27 44 0 0 0 0 0 0 0 0 0 0 0 0 0 0 0 0 0 0 0 0 0 10 0 0 0 
32 0 0 0 0 0 0 57 0 0 0 0 0 0 0 0 0 0 0 0 0 0 0 0 0 0 0 36 0 0 69 0 0 0 0 0 0 72 0 0 42 0 52 0 0 67 0 0 0 0 0 0 0 0 0 0 0 0 0 0 0 0 0 85 0 0 46 0 0 0 0 0 0 0 70 0 0 56 0 0 0 0 0 0 0 0 0 0 0 0 0 0 18 0 0 0 0 14 0 0 
0 0 24 0 0 0 0 0 0 0 0 0 0 0 0 0 0 0 0 3 0 0 0 0 0 0 0 0 0 0 0 0 0 0 0 0 0 0 0 91 0 0 0 0 0 0 0 0 0 0 0 0 0 56 0 0 0 0 0 0 0 0 0 0 4 31 0 0 0 31 0 0 57 0 0 0 0 0 0 0 0 0 0 0 0 0 0 0 0 0 0 0 0 0 0 0 0 0 0 0 
0 84 0 0 0 0 0 4 0 0 0 0 0 0 0 0 0 0 0 0 0 0 0 0 0 82 0 0 0 4 0 0 0 0 0 72 0 0 0 0 0 0 0 0 0 0 45 0 0 96 0 0 0 46 0 58 0 0 3 27 0 0 0 0 89 0 0 0 0 0 0 0 0 0 0 0 0 0 0 0 0 0 0 0 0 0 0 0 0 0 0 0 0 10 0 0 0 0 0 0 
0 0 0 0 0 56 0 0 0 39 0 0 0 0 0 0 0 0 16 0 0 0 0 0 0 16 0 0 0 0 0 0 0 1 0 0 0 0 0 0 0 0 87 0 0 0 0 0 50 0 30 0 42 0 0 0 0 0 0 0 0 0 0 0 0 0 0 0 0 0 0 0 0 0 0 0 0 0 82 0 0 0 0 0 0 0 0 0 0 0 0 0 0 0 0 0 0 79 0 0 
0 0 0 0 0 0 0 0 0 0 0 0 0 0 0 0 0 0 97 0 0 0 0 0 0 0 0 54 0 0 0 0 0 0 0 0 91 0 0 0 36 0 49 0 0 0 0 0 0 0 0 0 0 0 0 0 0 0 76 0 0 0 0 0 0 0 0 0 0 0 0 0 0 18 0 0 0 0 20 0 79 0 0 0 0 0 0 0 0 0 0 0 0 0 0 53 0 0 0 0 
0 0 0 25 0 0 0 0 24 0 0 0 0 0 0 65 0 17 0 0 0 0 0 0 0 34 89 0 0 0 0 0 0 0 46 42 0 0 0 36 0 0 0 0 0 0 0 0 0 0 0 0 0 0 0 0 0 0 0 0 0 0 0 57 0 51 0 40 42 0 0 0 0 0 0 0 0 0 0 0 0 0 0 0 0 0 0 0 0 0 0 0 0 0 0 0 0 0 0 0 
17 0 0 0 0 0 0 0 0 0 53 90 0 0 0 0 0 0 0 0 0 0 61 0 0 0 0 0 0 0 0 0 0 0 0 0 0 0 0 0 0 0 0 30 0 54 0 0 0 0 64 0 0 0 0 0 0 0 0 0 0 0 0 0 0 0 0 0 0 0 0 0 0 0 0 0 0 0 98 0 0 0 0 0 0 0 0 36 0 0 0 0 69 0 0 0 0 0 0 0 
0 0 0 0 0 0 0 36 0 0 0 0 8 0 0 0 0 0 0 0 0 14 0 0 0 47 0 0 0 0 0 0 0 0 0 52 0 0 87 49 0 0 0 0 0 0 0 0 0 53 0 21 0 0 0 0 0 0 34 0 0 0 0 0 0 0 0 0 0 0 0 0 0 0 0 0 0 0 0 0 0 0 0 0 0 0 0 75 0 0 0 0 40 0 0 48 58 0 0 0 
0 0 0 0 0 0 0 0 0 0 33 0 0 0 73 0 0 0 0 0 0 0 0 0 0 0 0 6 0 0 0 0 0 0 0 0 0 0 0 0 0 30 0 0 0 0 0 0 42 0 0 0 8 0 0 0 0 0 0 0 0 0 76 0 0 0 0 0 0 31 0 0 0 0 0 0 0 0 0 0 0 0 0 0 0 0 58 0 41 0 0 0 0 0 0 0 0 0 21 0 
0 0 0 0 0 0 0 0 0 0 0 93 0 88 0 0 0 0 0 0 0 0 0 0 0 0 0 0 0 0 0 0 43 0 0 0 0 0 0 0 0 0 0 0 0 0 0 0 66 0 0 0 51 0 0 0 0 0 0 0 44 0 0 0 0 0 0 0 0 0 0 77 0 0 0 51 0 0 0 0 0 0 0 0 0 0 0 0 0 3 0 0 0 0 0 0 0 0 0 0 
0 0 0 74 0 0 0 57 0 0 0 0 0 0 0 55 0 0 0 0 0 0 0 0 0 0 0 0 0 0 65 0 0 0 0 67 0 0 0 0 0 54 0 0 0 0 0 0 0 0 64 0 0 0 0 9 97 0 0 0 0 0 0 0 0 57 0 93 0 0 0 0 0 0 0 0 0 0 0 86 0 75 53 0 0 0 0 0 0 0 0 0 0 0 65 0 0 0 0 0 
0 0 0 64 0 0 0 0 0 0 0 0 0 92 0 0 0 0 72 0 0 0 0 0 0 0 0 0 0 0 0 0 0 0 45 0 0 45 0 0 0 0 0 0 0 0 0 0 0 0 0 0 0 0 0 0 5 0 0 0 0 0 0 0 0 0 22 0 0 0 94 0 0 0 0 0 99 0 0 0 0 0 0 0 0 93 0 0 0 72 0 0 0 0 0 0 0 0 0 0 
0 0 0 0 0 0 0 0 0 0 0 0 0 0 49 0 0 0 0 0 0 0 0 0 0 0 0 0 0 0 0 0 0 0 0 0 0 0 0 0 0 0 0 0 0 0 0 0 0 89 0 0 0 0 0 0 0 0 0 0 0 0 0 0 0 4 96 0 0 0 0 90 94 0 0 0 79 0 0 0 0 0 0 0 0 0 0 0 0 0 0 0 0 0 0 0 0 0 0 0 
0 0 0 0 0 0 0 0 0 0 62 0 0 0 0 89 0 0 0 0 0 0 0 0 0 0 0 0 0 0 0 0 0 3 0 0 0 0 50 0 0 0 0 42 66 0 0 0 0 0 85 0 0 0 0 0 0 0 0 0 0 0 0 77 0 0 0 0 0 0 0 0 0 0 0 0 0 0 0 0 0 0 0 0 0 0 26 87 74 0 0 0 0 0 0 0 0 80 0 0 
0 0 0 0 0 0 0 0 0 4 0 0 69 0 0 0 0 0 0 0 0 14 18 0 0 0 0 0 0 0 0 0 0 0 0 0 0 96 0 0 0 0 53 0 0 0 0 89 0 0 0 0 46 0 0 0 0 0 0 0 0 0 0 0 44 26 0 0 0 0 8 0 0 0 0 0 0 0 0 16 0 0 11 0 0 0 0 0 0 0 0 0 0 0 9 68 0 0 0 0 
0 0 0 0 0 22 0 65 0 0 0 0 0 0 6 0 83 0 0 0 0 0 0 0 0 4 0 0 0 0 73 0 0 0 0 0 0 0 30 0 0 64 0 0 0 64 0 0 85 0 0 0 0 0 0 0 0 0 0 0 0 0 0 0 0 0 0 0 0 0 7 91 0 0 0 0 0 0 0 0 10 0 0 57 0 0 0 0 0 0 0 22 0 0 0 0 0 0 0 0 
0 0 0 0 12 0 0 9 0 0 0 0 0 0 0 0 0 0 0 55 0 0 0 0 0 0 0 0 0 0 0 0 0 0 0 0 0 0 0 0 0 0 21 0 0 0 0 0 0 0 0 0 0 0 0 0 55 0 0 0 0 0 0 0 0 0 40 48 0 0 0 0 0 0 0 0 0 0 0 0 0 0 0 0 58 0 0 0 0 0 0 0 0 92 0 0 0 0 0 0 
0 0 0 0 0 0 0 0 0 0 0 0 0 0 0 0 0 0 72 0 0 0 0 0 0 0 0 0 0 0 0 0 0 0 0 0 0 0 42 0 0 0 0 8 51 0 0 0 0 46 0 0 0 0 92 0 0 0 0 0 0 0 0 0 0 0 0 89 0 0 0 0 46 0 0 54 0 0 0 0 0 0 0 0 0 0 0 6 0 0 0 0 0 11 0 0 0 0 0 0 
0 76 0 0 0 0 0 0 0 0 0 0 0 0 0 0 0 0 0 0 0 47 0 0 0 0 0 0 0 0 0 9 0 0 50 0 56 46 0 0 0 0 0 0 0 0 0 0 0 0 0 0 0 0 0 0 0 0 0 0 0 0 0 63 0 0 0 0 0 0 0 0 43 0 0 0 0 0 38 0 0 0 0 0 0 0 0 0 0 0 0 0 0 0 42 0 0 0 0 0 
0 0 0 0 0 0 5 0 0 0 91 0 70 0 70 0 0 0 0 0 0 0 0 0 0 32 0 0 0 0 0 0 0 0 0 0 0 0 0 0 0 0 0 0 0 0 0 0 0 0 0 0 92 0 0 0 0 0 0 54 0 0 0 0 0 0 0 0 0 0 0 0 0 0 37 0 0 0 0 0 0 0 0 0 0 0 0 0 0 0 0 0 0 0 0 0 0 0 0 0 
0 0 0 0 0 0 0 0 0 0 0 0 0 0 62 0 0 0 0 0 0 0 0 0 92 0 0 0 0 0 0 0 0 0 0 0 0 58 0 0 0 0 0 0 0 9 0 0 0 0 0 0 0 0 0 0 0 0 0 0 0 0 0 0 0 0 0 0 0 0 0 0 0 0 83 0 0 0 0 0 96 97 0 0 0 0 0 0 0 25 0 0 0 0 0 0 0 0 0 0 
100 0 0 0 0 0 97 0 26 0 0 0 0 0 0 0 0 0 0 0 0 0 0 0 0 94 0 0 0 21 0 0 0 0 0 0 0 0 0 0 0 0 0 0 0 97 5 0 0 0 0 55 0 0 0 0 0 0 0 0 0 0 0 0 0 0 0 0 0 0 0 0 0 0 34 0 28 0 68 51 0 0 0 0 0 0 0 0 0 0 0 0 0 42 0 0 0 0 0 0 
100 0 0 0 0 0 0 0 0 0 0 0 0 0 0 0 0 0 29 0 0 0 20 81 0 0 0 0 0 0 0 83 0 0 0 0 0 0 0 0 0 0 0 0 0 0 0 0 0 0 0 0 0 0 0 0 0 0 0 0 0 0 6 0 0 0 0 84 0 0 0 0 0 0 0 0 97 0 0 0 0 0 0 0 0 0 0 0 0 91 0 0 0 0 0 40 0 0 0 0 
0 0 0 0 0 0 0 0 0 61 35 0 0 19 0 68 0 0 0 0 32 0 0 0 0 0 0 0 0 0 0 0 0 0 43 0 0 3 0 76 0 0 34 0 0 0 0 0 0 0 0 0 0 0 0 0 0 0 0 63 0 0 0 0 0 0 0 13 0 7 41 0 0 0 0 0 0 0 0 0 0 0 0 0 0 0 0 0 0 0 0 0 0 19 0 0 0 0 0 0 
0 0 0 0 0 0 72 0 0 0 0 0 0 0 0 0 0 20 0 0 0 0 0 0 0 0 0 0 0 0 0 0 0 0 8 0 0 27 0 0 0 0 0 0 0 0 0 0 0 0 0 0 0 0 54 0 0 0 63 0 4 0 0 0 0 0 0 0 37 0 0 0 26 0 0 0 0 0 0 0 73 0 0 0 0 4 87 0 0 0 0 0 0 89 0 0 0 0 0 0 
29 0 0 0 0 0 0 0 0 0 0 0 0 0 88 87 0 0 0 0 0 0 0 0 0 0 0 0 0 0 0 0 0 0 0 0 0 0 0 0 0 0 0 0 44 0 0 0 0 0 0 0 0 0 0 0 0 0 0 4 0 0 0 0 0 0 0 0 0 0 0 0 0 54 0 49 0 0 69 0 0 0 0 0 0 0 0 0 0 0 0 0 0 0 0 0 0 0 0 0 
0 0 0 0 0 0 0 12 0 0 0 0 0 0 0 0 45 0 0 0 0 0 0 63 0 0 0 2 0 0 0 0 0 0 0 0 0 0 0 0 0 0 0 0 0 0 0 0 0 0 0 0 0 0 0 0 0 0 0 0 0 0 43 0 48 0 0 0 17 18 0 0 0 0 0 0 0 0 0 0 0 0 0 0 0 0 0 0 0 32 26 0 0 0 0 0 0 0 0 0 
85 0 0 0 0 0 0 0 0 0 0 0 37 0 0 85 0 0 0 0 0 0 0 0 0 0 0 60 0 0 0 0 0 0 0 0 0 0 0 0 0 0 0 76 0 0 0 0 0 0 0 0 0 0 0 0 0 6 0 0 0 43 0 57 0 0 0 0 0 0 39 97 0 0 0 0 0 0 0 0 0 0 40 0 0 0 0 0 0 0 0 57 0 0 0 0 0 0 0 0 
0 0 0 0 0 0 0 0 0 95 0 0 0 0 0 0 0 0 0 58 56 0 0 0 0 21 0 0 23 0 0 0 0 0 0 85 0 0 0 0 57 0 0 0 0 0 0 0 77 0 0 0 0 63 0 0 0 0 0 0 0 0 57 0 0 0 0 0 0 11 0 0 0 0 0 0 0 0 0 0 0 0 0 0 0 0 0 0 0 0 0 0 0 0 61 0 0 0 0 0 
0 0 0 0 0 0 0 24 0 0 0 37 0 0 3 0 0 0 0 0 0 0 0 0 0 0 0 0 0 0 0 0 0 0 48 0 4 89 0 0 0 0 0 0 0 0 0 0 0 44 0 0 0 0 0 0 0 0 0 0 0 48 0 0 0 0 0 0 0 0 0 0 0 0 0 0 15 0 0 0 0 0 0 0 0 0 0 0 0 19 0 0 0 0 0 0 0 0 0 0 
0 0 0 0 0 50 0 26 0 0 0 0 0 0 0 0 0 0 72 0 0 0 0 0 0 0 0 0 0 0 0 0 0 0 0 0 31 0 0 0 51 0 0 0 0 57 0 4 0 26 0 0 0 0 0 0 0 0 0 0 0 0 0 0 0 0 0 0 0 0 0 0 0 12 0 0 0 0 0 0 0 0 0 97 0 0 0 0 0 0 0 0 0 0 68 0 0 0 0 0 
0 0 0 0 100 0 0 0 0 0 0 32 0 18 0 0 0 0 73 49 0 37 0 0 0 0 98 0 0 0 0 0 0 0 0 46 0 0 0 0 0 0 0 0 0 0 22 96 0 0 0 40 0 0 0 0 0 0 0 0 0 0 0 0 0 0 0 88 0 0 0 0 0 0 0 0 0 0 0 0 0 0 16 0 0 0 0 0 0 15 0 0 0 0 0 0 0 0 0 88 
0 0 56 0 0 0 0 6 0 0 0 0 0 0 0 0 0 0 0 0 0 0 0 0 0 0 0 0 0 0 0 0 26 0 0 0 0 0 0 0 40 0 0 0 0 93 0 0 0 0 0 48 89 0 0 0 0 84 13 0 0 0 0 0 0 0 88 0 0 0 0 0 0 0 0 55 0 0 0 0 0 0 0 21 0 74 0 0 0 0 0 0 0 0 0 0 0 0 68 6 
0 0 0 0 0 0 0 0 0 0 0 0 0 0 0 0 0 0 0 0 0 0 0 0 20 0 0 0 0 0 0 0 0 0 0 0 0 0 0 0 42 0 0 0 0 0 0 0 0 0 0 0 0 0 0 0 0 0 0 37 0 17 0 0 0 0 0 0 0 0 0 0 0 0 51 0 0 0 0 0 0 0 0 0 0 0 4 85 94 17 0 0 0 0 99 0 0 100 0 0 
0 0 0 0 0 0 0 0 0 0 0 0 0 0 0 0 0 0 0 95 0 0 80 0 0 0 0 0 0 0 0 0 0 77 0 0 31 0 0 0 0 0 0 31 0 0 0 0 0 0 0 0 0 0 0 0 0 0 7 0 0 18 0 11 0 0 0 0 0 0 0 0 0 0 0 0 58 0 0 0 0 0 0 0 0 0 48 0 71 0 0 62 0 0 0 0 0 0 0 0 
0 0 49 0 0 0 10 0 0 0 0 0 0 0 0 0 75 0 91 0 0 0 6 0 84 0 0 0 0 36 0 0 0 0 0 0 0 0 0 0 0 0 0 0 0 0 94 0 0 8 7 0 0 0 0 0 0 0 41 0 0 0 39 0 0 0 0 0 0 0 0 0 0 0 0 0 0 0 0 0 0 0 0 0 0 0 29 0 0 90 0 0 0 10 0 0 0 0 0 0 
0 0 0 0 26 0 0 0 0 0 0 0 0 0 0 0 83 0 0 8 0 0 0 0 28 0 0 0 0 0 0 0 0 0 0 0 0 0 0 0 0 0 0 0 77 0 0 90 0 0 91 0 0 0 0 0 0 0 0 0 0 0 97 0 0 0 0 0 0 0 0 0 0 0 0 0 0 0 0 0 0 0 0 0 0 0 0 98 0 0 0 0 0 36 0 0 0 0 0 0 
0 0 0 1 0 0 0 0 0 0 0 0 0 0 43 0 0 0 0 0 0 0 0 0 0 0 0 29 0 0 0 97 0 0 0 0 57 0 0 0 0 0 0 0 0 0 0 94 0 0 0 0 46 43 0 0 0 0 0 26 0 0 0 0 0 0 0 0 0 0 0 0 0 0 0 0 0 0 0 0 5 0 0 0 0 0 0 0 0 0 0 0 64 0 0 0 0 73 0 85 
0 0 0 0 0 0 0 0 0 0 0 0 0 0 83 0 0 0 0 0 0 0 0 0 0 0 0 0 0 38 0 0 0 0 27 0 0 0 0 18 0 0 0 0 0 0 0 0 0 0 0 0 0 0 0 0 0 0 0 0 54 0 0 0 0 12 0 0 0 0 0 0 0 0 0 87 0 0 0 35 0 0 0 0 0 0 12 0 0 0 0 0 0 0 0 0 0 93 0 0 
0 0 0 0 0 0 0 0 0 0 0 0 78 0 0 0 0 0 0 0 0 0 0 42 0 0 20 95 0 0 0 7 0 0 44 70 0 0 0 0 0 0 0 0 0 0 0 0 0 0 0 0 0 0 37 83 34 0 0 0 0 0 0 0 0 0 0 0 51 0 0 0 0 0 0 0 0 0 0 0 0 0 0 0 0 0 0 0 0 78 0 0 0 16 0 0 0 0 0 0 
0 0 0 0 0 0 0 0 0 0 0 0 0 0 0 0 0 0 0 0 0 0 0 0 0 0 0 0 0 0 0 0 64 0 0 0 0 0 0 0 0 0 0 0 51 0 0 0 0 0 0 0 54 0 0 0 0 0 0 0 49 0 0 0 0 0 0 55 0 0 0 0 0 87 0 0 0 40 0 0 0 0 0 0 0 0 0 0 0 0 0 0 0 0 53 0 0 0 0 0 
0 0 0 0 0 0 0 44 6 0 0 0 0 26 0 0 0 0 39 0 0 0 0 0 0 0 0 0 0 0 0 43 0 0 0 0 0 0 0 0 0 0 0 0 0 0 99 79 0 0 0 0 0 0 0 0 28 97 0 0 0 0 0 0 15 0 0 0 0 58 0 0 0 0 0 0 0 0 0 0 0 0 0 24 0 0 0 0 0 0 0 0 56 0 0 0 0 0 0 0 
1 0 0 0 0 0 0 0 0 0 0 0 0 0 0 0 0 0 0 0 0 0 0 0 0 0 0 0 0 0 0 0 0 0 0 56 0 0 0 0 0 0 0 0 0 0 0 0 0 0 0 0 0 0 0 0 0 0 0 0 0 0 0 0 0 0 0 0 0 0 0 0 0 0 0 40 0 0 0 70 0 23 0 0 61 0 0 0 0 0 61 0 0 0 0 0 0 0 0 0 
0 0 0 0 0 0 0 0 0 0 0 0 0 0 0 0 0 0 0 0 0 0 0 0 0 30 0 66 0 0 0 0 0 0 0 0 0 0 82 20 0 98 0 0 0 0 0 0 0 0 0 0 0 38 0 0 68 0 0 0 69 0 0 0 0 0 0 0 0 0 0 0 0 0 0 0 0 0 0 0 0 0 75 0 0 0 98 0 0 0 0 0 0 0 0 0 0 0 0 0 
0 0 0 0 0 11 0 0 0 0 0 0 0 0 0 0 0 0 0 0 0 0 0 0 0 0 0 0 0 0 0 0 98 0 0 0 0 0 0 0 0 0 0 0 0 86 0 0 0 16 0 0 0 0 0 0 51 0 0 0 0 0 0 0 0 0 0 0 0 0 0 0 0 35 0 0 0 70 0 0 0 0 0 0 0 0 0 0 0 0 0 48 0 0 0 0 0 0 19 0 
0 0 0 0 0 0 0 0 0 0 0 37 0 0 0 0 0 0 0 0 0 0 0 0 0 0 13 0 0 0 0 0 0 0 0 0 0 0 0 79 0 0 0 0 0 0 0 0 0 0 10 0 0 0 0 96 0 0 0 73 0 0 0 0 0 0 0 0 0 0 0 0 5 0 0 0 0 0 0 0 0 0 67 50 0 0 0 0 0 0 0 0 34 0 0 0 0 0 19 0 
0 22 0 0 0 0 0 0 0 51 37 0 0 0 0 0 0 0 0 0 0 0 0 0 0 0 0 0 0 0 0 0 0 0 0 0 0 0 0 0 0 0 0 0 0 75 0 0 0 0 0 0 0 0 0 97 0 0 0 0 0 0 0 0 0 0 0 0 0 0 0 0 0 0 0 0 0 23 0 0 0 0 0 0 0 0 0 25 0 0 0 52 79 0 0 0 0 0 0 0 
0 0 0 0 0 0 0 0 0 0 0 0 0 55 0 0 0 0 0 0 0 4 0 0 0 88 0 0 0 0 55 0 0 0 0 0 0 0 0 0 0 0 0 0 0 53 0 0 0 11 0 0 0 0 0 0 0 0 0 0 0 0 40 0 0 0 16 0 0 0 0 0 0 0 0 0 0 0 75 0 67 0 0 0 0 0 0 0 0 0 0 0 0 0 0 0 0 0 84 0 
0 0 0 0 7 0 0 0 0 7 0 0 0 0 0 32 0 0 0 0 0 0 0 90 25 0 94 0 0 0 0 0 0 0 0 0 0 0 0 0 0 0 0 0 0 0 0 0 0 0 57 0 0 0 0 0 0 0 0 0 0 0 0 0 0 97 0 21 0 0 0 0 0 0 0 0 24 0 0 0 50 0 0 0 0 0 0 23 0 0 0 0 0 0 0 0 0 0 0 0 
0 0 0 0 0 0 0 0 0 0 0 0 0 0 0 0 0 0 0 0 0 0 0 0 0 84 0 0 100 0 0 0 0 0 0 0 0 0 0 0 0 0 0 0 0 0 0 0 0 0 0 58 0 0 0 0 0 0 0 0 0 0 0 0 0 0 0 0 0 0 0 0 0 0 0 0 0 61 0 0 0 0 0 0 0 78 0 43 0 0 0 0 0 0 0 0 0 0 0 0 
0 0 0 0 0 0 0 57 0 0 0 0 0 0 0 0 0 0 0 0 0 0 0 0 0 0 0 0 5 0 0 0 0 0 0 0 0 0 0 0 0 0 0 0 0 0 93 0 0 0 0 0 0 0 0 0 0 0 0 4 0 0 0 0 0 0 0 74 0 0 0 0 0 0 0 0 0 0 0 0 0 0 0 0 78 0 0 0 0 0 0 0 26 0 0 0 3 0 83 0 
0 0 0 0 0 0 28 0 0 0 0 0 0 0 0 19 0 0 0 0 0 0 0 0 99 0 10 0 0 0 0 0 0 0 0 0 0 0 0 0 0 0 0 58 0 0 0 0 26 0 0 0 0 0 0 0 0 0 0 87 0 0 0 0 0 0 0 0 4 48 29 0 0 12 0 0 0 0 98 0 0 0 0 0 0 0 0 0 0 0 0 0 0 0 0 0 0 0 0 0 
0 0 0 0 0 23 80 0 0 0 53 0 0 0 0 0 0 0 0 0 0 0 0 0 0 0 0 0 0 0 0 0 0 0 0 0 0 0 0 0 0 36 75 0 0 0 0 0 87 0 0 0 6 0 0 0 0 0 0 0 0 0 0 0 0 0 0 0 85 0 0 98 0 0 0 0 0 0 0 0 0 25 0 23 43 0 0 0 0 0 0 0 0 0 0 0 0 0 0 0 
0 0 0 0 0 0 0 2 0 0 0 0 0 0 0 0 0 0 50 0 0 0 0 0 0 0 0 0 0 0 0 0 0 0 0 0 0 0 0 0 0 0 0 41 0 0 0 0 74 0 0 0 0 0 0 0 0 0 0 0 0 0 0 0 0 0 0 0 94 71 0 0 0 0 0 0 0 0 0 0 0 0 0 0 0 0 0 0 0 0 0 0 0 0 0 85 0 0 0 0 
0 34 0 0 0 0 0 0 0 0 0 100 0 0 0 0 0 0 0 0 0 0 0 38 0 0 0 0 0 0 0 63 0 0 0 0 0 0 0 0 0 0 0 0 3 0 72 0 0 0 0 0 0 0 0 25 0 91 0 0 0 32 0 0 19 0 15 0 17 0 90 0 0 0 78 0 0 0 0 0 0 0 0 0 0 0 0 0 0 0 0 0 0 0 0 0 0 0 0 0 
0 16 79 0 0 0 0 0 100 0 0 0 0 0 0 0 0 0 0 0 0 0 0 0 0 0 0 0 0 0 0 0 0 0 0 0 0 0 0 0 0 0 0 0 0 0 0 0 0 0 0 0 0 0 0 0 0 0 0 0 0 26 0 0 0 0 0 0 0 0 0 0 0 0 0 0 0 61 0 0 0 0 0 0 0 0 0 0 0 0 0 0 82 0 0 0 0 0 0 69 
0 0 0 0 0 0 0 0 0 0 15 0 0 0 45 0 0 0 0 0 0 0 0 87 0 0 0 0 0 72 0 0 0 0 0 0 0 0 0 0 0 0 0 0 0 0 0 0 0 0 22 0 0 0 0 0 0 0 0 0 0 0 57 0 0 0 0 0 0 62 0 0 0 0 0 0 0 0 0 48 0 52 0 0 0 0 0 0 0 0 0 0 0 0 0 0 0 0 0 78 
0 0 0 0 0 0 0 6 0 0 0 0 0 0 0 0 0 43 0 0 0 0 23 33 0 0 0 0 0 0 0 0 0 0 0 18 0 0 0 0 0 69 40 0 0 0 0 0 0 0 0 0 0 0 0 0 0 0 0 0 0 0 0 0 0 0 0 0 0 0 0 0 64 0 0 0 56 0 0 0 34 79 0 0 0 26 0 0 0 0 82 0 0 0 56 0 0 0 0 0 
0 42 0 0 0 0 0 0 0 0 0 0 0 0 0 0 0 0 0 0 0 0 0 0 0 0 0 0 0 0 0 0 0 0 0 0 0 10 0 0 0 0 0 0 0 0 0 0 0 0 0 92 11 0 0 0 42 0 19 89 0 0 0 0 0 0 0 0 0 0 10 36 0 0 16 0 0 0 0 0 0 0 0 0 0 0 0 0 0 0 0 0 0 0 0 0 0 0 60 0 
0 28 0 0 0 0 0 0 0 0 63 0 0 0 0 0 0 0 0 0 0 0 0 0 0 0 0 0 0 44 0 0 0 0 0 0 0 0 0 0 0 0 0 0 0 65 0 0 0 9 0 0 0 42 0 0 0 0 0 0 0 0 0 61 0 68 0 0 99 0 0 0 0 0 0 53 0 0 0 0 0 0 0 0 0 0 0 0 0 0 0 0 56 0 0 0 0 0 0 0 
0 0 0 0 0 0 0 0 0 0 0 0 0 0 0 0 0 0 0 0 0 0 0 0 0 0 0 0 0 0 0 0 0 0 0 0 0 0 0 53 0 0 48 0 0 0 0 0 0 68 0 0 0 0 0 0 0 40 0 0 0 0 0 0 0 0 0 0 0 0 0 0 0 0 0 0 0 0 0 0 0 0 0 0 0 0 0 0 85 0 0 0 0 0 0 0 0 22 0 0 
0 0 0 0 0 0 0 0 25 0 0 0 0 0 0 0 0 0 0 0 35 0 0 0 0 0 0 0 0 64 0 0 0 0 10 0 0 0 0 0 0 0 58 0 0 0 0 0 0 0 0 0 0 0 0 0 0 0 0 0 0 0 0 0 0 0 0 0 0 0 0 0 0 0 0 0 0 0 0 0 0 0 0 0 0 3 0 0 0 0 0 0 0 0 0 0 0 0 0 0 
0 0 0 0 0 88 0 0 0 0 0 0 10 0 0 0 0 0 0 0 0 40 0 0 0 0 0 0 0 0 0 0 0 0 0 14 0 0 79 0 0 0 0 0 0 0 0 0 80 0 0 0 0 0 0 0 0 0 0 0 0 0 0 0 0 0 0 0 100 0 0 0 73 93 0 0 0 0 0 0 0 0 0 0 0 0 0 0 0 0 0 0 0 0 0 22 0 0 0 0 
0 0 0 0 0 32 0 0 0 0 0 0 0 56 0 0 0 0 0 0 0 0 0 0 0 0 0 0 0 0 0 86 0 0 0 0 0 0 0 0 0 0 0 21 0 0 0 0 0 0 0 0 0 0 0 0 0 0 0 0 0 0 0 0 0 0 0 68 0 0 0 0 0 0 0 0 0 0 0 19 19 0 84 0 0 83 0 0 0 0 0 0 0 60 0 0 0 0 0 0 
0 0 0 0 0 0 0 0 0 0 0 0 0 0 0 0 0 0 0 0 0 0 0 0 0 0 0 0 0 0 56 0 0 0 0 0 0 0 0 0 0 0 0 0 0 0 0 0 0 0 0 0 0 0 0 0 0 0 0 0 0 0 0 0 0 0 88 6 0 0 0 0 85 0 0 0 0 0 0 0 0 0 0 0 0 0 0 0 0 0 69 78 0 0 0 0 0 0 0 0 
