0 0 0 0 0 0 21 0 0 0 0 0 0 0 0 0 0 0 0 151 56 0 0 4 0 0 0 0 119 8 0 171 0 0 0 0 0 0 0 0 0 0 0 0 0 0 0 50 0 0 0 0 0 53 0 0 0 0 0 125 0 0 144 0 0 0 0 0 0 0 0 0 0 0 0 28 160 0 0 0 0 91 0 132 0 0 0 0 0 0 0 0 0 0 0 0 0 0 0 0 
0 0 0 0 0 0 0 0 0 0 0 0 0 0 0 0 76 0 0 59 0 0 0 0 136 0 0 104 0 31 0 0 0 0 0 22 0 0 0 0 0 0 0 0 0 0 83 0 0 0 0 0 0 0 0 0 0 0 0 0 0 34 0 0 0 0 0 0 0 0 0 0 0 0 0 66 0 0 0 51 0 0 0 0 0 0 0 0 0 0 0 0 0 0 0 0 0 0 0 0 
0 0 0 0 0 0 0 0 0 0 0 22 131 0 0 0 0 0 0 198 167 0 53 0 0 0 0 0 0 0 0 190 0 0 0 0 0 0 0 0 0 125 0 0 0 0 193 0 0 0 0 0 0 0 0 0 0 93 0 0 0 0 0 0 0 0 0 0 0 0 0 0 0 0 0 0 0 0 0 91 0 185 0 30 0 0 0 0 176 0 0 0 0 138 0 180 0 0 0 0 
0 0 0 0 0 106 0 0 0 183 0 0 9 0 0 0 0 0 0 0 0 0 0 0 43 0 0 0 0 0 0 0 0 0 0 0 0 102 0 0 0 0 0 163 0 0 127 46 0 162 0 0 158 0 0 0 0 0 0 0 0 0 0 0 0 157 33 0 0 0 0 0 0 0 0 0 160 0 153 0 0 0 88 0 0 0 0 0 0 0 0 0 0 0 0 0 0 0 0 0 
0 0 0 0 0 0 193 0 103 0 0 115 0 0 0 0 0 0 0 0 0 0 0 93 0 0 0 0 0 0 0 0 0 49 0 0 0 0 0 0 27 0 0 0 0 0 0 0 0 0 189 0 0 0 0 139 0 0 0 0 0 0 0 0 0 0 0 0 0 0 25 10 0 47 0 0 0 0 0 0 157 0 0 0 0 0 0 0 0 0 0 0 51 0 0 0 0 104 0 0 
0 0 0 106 0 0 0 0 0 0 0 0 0 0 0 154 0 0 0 0 0 0 0 47 0 0 0 29 0 189 0 0 0 31 0 0 0 0 0 0 0 0 0 0 0 0 0 0 0 65 188 182 0 0 0 79 0 0 0 0 0 0 0 0 0 0 0 18 0 0 0 0 27 0 160 3 0 0 0 0 0 0 0 0 0 0 0 0 0 0 0 100 0 0 0 0 0 0 0 0 
21 0 0 0 193 0 0 0 0 0 0 156 195 0 0 0 0 0 0 0 0 166 0 0 0 0 0 0 0 0 0 0 0 0 0 0 0 0 142 0 135 0 0 0 0 0 0 0 0 0 0 0 0 194 0 0 0 0 0 0 0 0 0 0 0 0 0 0 0 0 0 0 0 0 0 0 0 0 0 0 0 0 0 0 127 0 0 0 0 0 0 47 0 0 0 0 0 194 0 0 
0 0 0 0 0 0 0 0 0 0 29 0 0 0 0 0 0 0 0 0 0 0 0 0 0 133 0 0 157 0 0 192 78 0 0 0 16 126 0 0 0 0 0 0 0 0 54 0 0 0 0 0 0 18 0 0 0 0 0 0 0 0 0 0 0 0 185 198 0 0 132 0 0 0 0 0 0 0 0 0 0 0 0 0 0 0 0 0 0 0 0 0 66 0 0 121 0 0 0 151 
0 0 0 0 103 0 0 0 0 0 0 0 0 0 150 0 0 0 0 0 0 0 0 0 195 0 0 0 0 113 0 0 0 0 0 155 0 0 185 0 0 0 196 0 126 0 0 0 0 0 96 0 0 0 0 0 0 0 0 0 44 0 0 0 0 0 0 0 0 0 0 0 0 0 0 0 0 0 0 0 0 84 146 0 97 0 0 0 0 0 0 0 0 0 102 0 0 0 0 0 
0 0 0 183 0 0 0 0 0 0 0 0 0 0 0 0 0 0 0 0 0 0 0 0 0 0 0 0 0 0 0 61 0 0 0 145 0 0 0 0 122 0 0 0 0 0 0 0 0 0 0 0 0 77 0 121 0 0 90 0 0 0 0 194 0 0 0 0 0 101 0 0 98 0 0 0 0 0 170 124 0 0 0 0 0 0 0 0 0 117 60 0 0 0 0 0 156 0 0 0 
0 0 0 0 0 0 0 29 0 0 0 0 0 0 0 0 0 0 104 126 0 0 0 0 0 0 0 113 0 0 126 0 0 0 0 0 0 0 0 0 0 85 0 0 185 0 103 0 0 75 0 100 0 0 0 0 0 0 0 0 0 0 0 0 0 0 0 0 0 152 0 0 0 0 0 195 0 0 0 0 0 108 0 0 0 0 0 0 0 0 0 0 0 0 0 5 0 79 0 0 
0 0 22 0 115 0 156 0 0 0 0 0 0 0 0 0 0 0 0 0 0 0 0 27 50 0 0 0 0 0 0 0 133 0 0 0 0 0 0 0 0 0 0 0 0 0 0 0 0 0 0 0 0 0 0 0 103 44 166 0 0 0 121 0 0 0 0 23 40 0 0 0 0 0 0 0 0 50 0 0 0 61 0 0 0 0 0 0 49 0 0 0 0 0 0 0 0 0 0 0 
0 0 131 9 0 0 195 0 0 0 0 0 0 0 0 0 0 0 0 0 0 0 0 144 0 0 164 0 0 0 88 0 0 0 0 0 0 0 0 112 0 0 0 0 0 74 127 0 0 0 0 0 0 0 0 0 0 0 0 0 0 0 0 23 0 0 0 0 0 0 39 0 0 193 0 3 0 35 0 0 0 0 0 0 0 0 0 0 142 0 0 0 0 0 0 0 0 0 0 0 
0 0 0 0 0 0 0 0 0 0 0 0 0 0 0 0 187 0 69 0 94 0 0 0 0 0 0 0 0 0 0 0 0 0 0 0 0 0 0 0 0 0 0 0 0 0 0 0 0 0 0 0 0 0 0 0 0 0 0 0 194 0 0 0 0 0 0 0 0 0 0 0 0 0 0 0 0 87 0 0 0 0 138 0 0 0 0 0 0 0 0 0 139 188 0 0 0 0 0 0 
0 0 0 0 0 0 0 0 150 0 0 0 0 0 0 0 0 0 0 0 0 0 0 0 0 0 0 0 0 0 0 17 0 0 143 0 0 0 0 0 0 0 0 0 0 132 0 0 162 0 0 0 0 0 0 0 0 0 44 0 0 0 0 0 0 0 140 0 0 0 0 0 0 0 0 0 0 0 0 0 105 0 0 150 0 8 127 0 140 170 0 169 0 175 0 0 0 0 0 0 
0 0 0 0 0 154 0 0 0 0 0 0 0 0 0 0 166 0 0 0 0 0 0 0 0 0 41 0 0 0 0 0 0 0 0 0 0 0 0 0 0 23 0 68 0 39 0 0 0 0 0 0 0 0 0 0 0 0 0 0 0 0 0 0 0 0 0 0 0 0 0 0 0 0 0 0 0 0 0 0 0 0 0 0 0 0 10 0 0 0 0 0 0 0 95 0 0 0 0 0 
0 76 0 0 0 0 0 0 0 0 0 0 0 187 0 166 0 86 0 0 0 0 48 197 0 0 0 0 0 0 0 0 0 0 161 0 0 177 0 0 0 0 0 0 0 0 0 0 0 0 0 50 0 0 0 0 0 0 0 0 0 0 0 151 0 0 0 0 0 0 0 0 0 0 0 0 0 103 0 0 0 0 0 0 0 0 0 0 0 0 0 0 0 0 175 0 0 0 49 0 
0 0 0 0 0 0 0 0 0 0 0 0 0 0 0 0 86 0 0 176 0 0 0 0 0 0 0 0 0 0 0 0 0 40 0 0 0 0 134 0 0 0 0 0 0 0 0 0 0 0 0 0 0 0 0 0 0 0 0 0 0 0 0 0 0 0 0 0 0 0 0 0 76 0 0 0 0 82 0 0 0 0 0 0 78 0 0 0 0 0 0 0 0 0 0 0 0 0 0 68 
0 0 0 0 0 0 0 0 0 0 104 0 0 69 0 0 0 0 0 0 179 0 0 87 0 0 0 0 0 0 167 0 0 0 16 0 0 0 0 180 0 0 0 0 0 19 0 0 0 0 0 0 0 0 0 0 0 103 0 0 0 0 0 0 0 0 0 0 190 0 0 0 0 0 0 0 0 0 163 0 0 0 104 34 0 0 0 0 0 0 0 0 0 151 0 0 0 0 0 0 
151 59 198 0 0 0 0 0 0 0 126 0 0 0 0 0 0 176 0 0 0 0 0 0 0 0 0 0 82 0 0 0 0 0 0 0 0 0 0 0 0 0 0 0 0 0 0 0 54 0 34 0 0 0 0 0 0 0 102 0 0 184 0 0 0 0 0 0 0 0 0 0 0 0 91 0 0 0 0 0 0 0 181 0 118 0 0 0 13 0 0 0 0 0 0 107 0 0 0 0 
56 0 167 0 0 0 0 0 0 0 0 0 0 94 0 0 0 0 179 0 0 0 0 0 0 0 0 147 0 0 0 0 0 0 0 0 0 0 176 0 103 0 0 0 0 0 0 0 0 0 0 0 0 0 0 0 0 84 0 0 0 0 0 0 0 0 0 0 0 78 0 0 0 0 0 0 0 0 120 0 37 0 0 0 0 0 117 154 0 0 0 34 0 0 0 144 0 0 0 0 
0 0 0 0 0 0 166 0 0 0 0 0 0 0 0 0 0 0 0 0 0 0 0 0 0 32 0 45 0 0 0 0 0 0 0 0 0 0 0 0 0 0 0 0 0 0 0 0 0 0 0 0 0 0 0 0 0 0 0 0 0 0 112 0 194 0 0 0 0 58 0 0 51 0 0 0 0 0 0 47 34 54 0 0 92 151 0 0 0 36 0 0 0 142 0 0 0 33 0 0 
0 0 53 0 0 0 0 0 0 0 0 0 0 0 0 0 48 0 0 0 0 0 0 0 166 0 149 0 0 0 0 0 100 0 0 0 161 0 0 0 0 0 0 0 0 0 0 0 0 195 75 0 117 0 0 0 0 0 0 0 0 1 0 0 0 0 0 0 0 0 0 0 0 17 0 0 0 0 183 0 154 146 0 0 0 0 0 112 0 0 0 0 0 0 0 0 0 0 0 0 
4 0 0 0 93 47 0 0 0 0 0 27 144 0 0 0 197 0 87 0 0 0 0 0 0 0 0 70 0 0 0 139 0 0 0 0 0 0 0 117 0 0 0 0 0 173 0 0 0 0 0 0 0 0 0 15 0 0 0 0 0 0 0 0 0 0 0 0 0 0 0 0 0 0 146 0 0 0 0 0 0 0 0 0 0 0 0 0 0 130 0 0 0 0 0 0 0 0 0 0 
0 136 0 43 0 0 0 0 195 0 0 50 0 0 0 0 0 0 0 0 0 0 166 0 0 80 0 37 0 0 0 0 0 123 0 0 0 0 0 0 0 0 0 0 0 0 0 112 0 0 137 0 0 0 0 85 0 199 0 0 0 0 0 0 0 0 0 0 0 0 0 177 0 0 0 0 0 0 0 0 0 0 0 0 0 20 0 80 0 0 0 0 0 0 0 0 0 0 0 0 
0 0 0 0 0 0 0 133 0 0 0 0 0 0 0 0 0 0 0 0 0 32 0 0 80 0 0 0 93 0 0 200 0 0 0 101 0 0 0 0 34 0 0 0 0 0 0 0 0 0 193 0 0 0 0 194 0 0 52 0 0 0 0 0 0 0 0 0 0 0 0 0 0 0 0 0 0 28 0 0 0 169 0 0 0 0 116 0 0 0 0 34 0 0 0 0 0 163 0 0 
0 0 0 0 0 0 0 0 0 0 0 0 164 0 0 41 0 0 0 0 0 0 149 0 0 0 0 0 190 0 0 0 0 0 0 0 0 0 0 0 0 0 0 41 0 0 0 0 0 0 0 0 0 0 0 0 0 0 0 0 0 63 0 69 0 0 23 0 0 0 0 113 35 0 0 0 0 127 0 0 0 187 0 0 0 0 0 183 0 0 0 0 0 0 136 0 0 0 0 0 
0 104 0 0 0 29 0 0 0 0 113 0 0 0 0 0 0 0 0 0 147 45 0 70 37 0 0 0 0 0 0 0 0 147 0 0 23 0 0 0 0 0 0 0 0 34 0 0 0 0 0 0 0 0 0 0 0 0 0 0 0 0 0 0 0 178 0 60 0 0 0 0 0 0 0 0 0 0 0 0 0 0 0 0 0 0 0 0 121 106 0 0 0 0 155 0 0 0 0 0 
119 0 0 0 0 0 0 157 0 0 0 0 0 0 0 0 0 0 0 82 0 0 0 0 0 93 190 0 0 0 0 0 0 0 0 0 0 0 184 0 0 0 0 0 153 0 41 0 0 0 0 0 0 168 0 0 0 0 0 0 0 0 0 0 0 0 0 0 0 0 0 0 0 0 0 0 0 0 0 0 0 0 0 0 0 0 0 0 0 0 0 0 0 0 98 0 0 0 0 0 
8 31 0 0 0 189 0 0 113 0 0 0 0 0 0 0 0 0 0 0 0 0 0 0 0 0 0 0 0 0 194 0 39 56 0 106 0 0 0 0 0 0 0 0 0 0 0 0 132 140 0 0 0 0 0 0 0 0 0 0 0 0 0 0 0 0 0 0 0 0 0 0 178 112 0 0 0 0 0 0 0 0 0 0 135 0 0 1 26 0 0 0 0 0 0 0 0 0 0 0 
0 0 0 0 0 0 0 0 0 0 126 0 88 0 0 0 0 0 167 0 0 0 0 0 0 0 0 0 0 194 0 0 0 0 0 22 41 101 0 0 0 0 0 0 0 0 0 0 0 0 0 0 0 0 0 0 0 0 0 10 0 0 174 0 0 0 0 0 0 0 0 0 0 34 0 0 0 0 0 0 0 0 0 23 0 0 0 0 0 0 0 0 0 0 0 0 0 0 0 131 
171 0 190 0 0 0 0 192 0 61 0 0 0 0 17 0 0 0 0 0 0 0 0 139 0 200 0 0 0 0 0 0 0 0 0 0 0 0 0 70 0 101 0 0 0 0 0 0 0 0 0 0 0 0 0 116 0 0 0 0 0 156 0 0 0 18 0 0 0 0 0 0 0 0 171 0 0 0 0 0 0 0 0 0 0 0 152 0 0 0 0 0 0 0 0 60 0 0 0 0 
0 0 0 0 0 0 0 78 0 0 0 133 0 0 0 0 0 0 0 0 0 0 100 0 0 0 0 0 0 39 0 0 0 0 0 0 0 12 0 0 0 0 0 0 0 0 0 0 0 25 0 0 121 0 0 0 194 0 0 0 133 0 0 0 0 0 125 0 0 0 0 0 0 0 48 0 0 0 0 0 0 0 0 0 0 0 0 0 0 34 0 0 0 0 0 0 0 0 0 0 
0 0 0 0 49 31 0 0 0 0 0 0 0 0 0 0 0 40 0 0 0 0 0 0 123 0 0 147 0 56 0 0 0 0 0 0 0 63 0 0 0 123 0 0 0 41 0 0 0 0 0 0 0 0 0 0 0 0 0 52 0 0 0 0 0 0 0 0 0 0 0 0 0 0 0 0 0 0 0 0 0 0 86 0 0 0 0 0 0 0 0 0 112 0 0 0 0 156 0 0 
0 0 0 0 0 0 0 0 0 0 0 0 0 0 143 0 161 0 16 0 0 0 0 0 0 0 0 0 0 0 0 0 0 0 0 0 0 0 0 43 0 0 0 0 106 0 0 0 0 0 0 0 0 0 155 0 0 0 0 155 47 0 0 95 186 0 0 0 0 166 0 0 0 17 0 0 0 0 0 0 0 0 0 0 0 0 0 0 0 0 142 0 0 0 0 0 0 0 0 0 
0 22 0 0 0 0 0 0 155 145 0 0 0 0 0 0 0 0 0 0 0 0 0 0 0 101 0 0 0 106 22 0 0 0 0 0 114 195 0 0 169 0 0 0 0 98 0 0 0 0 0 0 0 0 0 0 0 2 91 0 171 0 0 95 0 0 0 0 0 0 0 0 0 0 0 0 0 0 0 0 0 86 0 0 0 0 0 0 0 0 0 0 0 0 0 0 0 0 0 0 
0 0 0 0 0 0 0 16 0 0 0 0 0 0 0 0 0 0 0 0 0 0 161 0 0 0 0 23 0 0 41 0 0 0 0 114 0 0 0 0 132 0 0 0 0 0 0 0 0 0 115 0 153 91 0 0 186 0 0 0 0 0 0 0 0 0 0 0 0 0 96 0 0 0 0 0 0 0 0 104 0 0 170 0 0 0 0 0 0 0 0 0 0 0 0 0 59 0 0 0 
0 0 0 102 0 0 0 126 0 0 0 0 0 0 0 0 177 0 0 0 0 0 0 0 0 0 0 0 0 0 101 0 12 63 0 195 0 0 0 32 38 0 0 0 0 0 0 0 0 0 0 0 0 0 0 0 0 0 0 94 20 0 0 80 0 0 0 0 0 0 0 0 0 0 0 0 0 0 0 0 0 38 0 0 0 0 24 0 0 0 0 0 0 173 0 0 0 0 0 0 
0 0 0 0 0 0 142 0 185 0 0 0 0 0 0 0 0 134 0 0 176 0 0 0 0 0 0 0 184 0 0 0 0 0 0 0 0 0 0 0 0 0 0 0 117 0 0 164 0 0 0 5 0 0 0 0 0 0 0 0 0 0 0 0 0 0 0 90 0 0 0 0 0 0 0 0 0 0 0 59 0 0 106 48 0 0 0 86 0 0 5 0 64 0 0 0 0 0 0 0 
0 0 0 0 0 0 0 0 0 0 0 0 112 0 0 0 0 0 180 0 0 0 0 117 0 0 0 0 0 0 0 70 0 0 43 0 0 32 0 0 0 0 0 0 0 35 0 0 0 0 0 0 0 0 0 0 0 0 165 142 0 0 0 0 0 0 0 0 0 88 0 0 0 0 0 0 75 0 0 0 154 0 0 174 0 0 0 0 0 0 0 0 0 0 93 0 0 151 0 0 
0 0 0 0 27 0 135 0 0 122 0 0 0 0 0 0 0 0 0 0 103 0 0 0 0 34 0 0 0 0 0 0 0 0 0 169 132 38 0 0 0 0 0 0 0 0 0 0 0 0 0 133 112 0 0 0 30 0 0 0 0 0 0 0 0 0 0 0 0 0 0 0 0 0 0 0 0 0 0 0 0 0 0 0 0 160 70 0 0 0 0 0 0 0 42 0 0 0 0 0 
0 0 125 0 0 0 0 0 0 0 85 0 0 0 0 23 0 0 0 0 0 0 0 0 0 0 0 0 0 0 0 101 0 123 0 0 0 0 0 0 0 0 104 0 21 0 0 71 0 0 0 0 0 0 0 0 0 0 177 0 0 0 0 0 0 0 148 0 0 0 0 0 0 0 129 0 0 28 0 0 89 0 0 0 0 0 0 0 0 0 0 0 0 0 0 146 163 0 0 0 
0 0 0 0 0 0 0 0 196 0 0 0 0 0 0 0 0 0 0 0 0 0 0 0 0 0 0 0 0 0 0 0 0 0 0 0 0 0 0 0 0 104 0 109 0 0 0 0 184 0 196 0 0 0 190 0 0 0 0 0 0 148 1 128 165 0 92 0 0 0 0 0 0 0 0 39 0 0 0 0 0 0 0 0 0 0 0 0 0 0 117 0 0 0 0 0 19 64 0 0 
0 0 0 163 0 0 0 0 0 0 0 0 0 0 0 68 0 0 0 0 0 0 0 0 0 0 41 0 0 0 0 0 0 0 0 0 0 0 0 0 0 0 109 0 0 0 0 0 0 112 0 0 0 0 0 0 0 0 0 0 0 0 0 0 6 92 0 88 0 0 0 0 0 0 0 0 0 1 0 0 162 0 0 0 0 0 0 0 0 0 0 0 0 0 0 0 0 0 0 8 
0 0 0 0 0 0 0 0 126 0 185 0 0 0 0 0 0 0 0 0 0 0 0 0 0 0 0 0 153 0 0 0 0 0 106 0 0 0 117 0 0 21 0 0 0 39 0 0 0 0 0 185 0 0 13 0 0 0 150 0 0 181 0 0 0 45 0 0 0 0 0 0 0 0 0 0 0 0 0 0 0 0 0 0 0 0 0 0 0 0 0 0 0 0 0 0 0 0 0 0 
0 0 0 0 0 0 0 0 0 0 0 0 74 0 132 39 0 0 19 0 0 0 0 173 0 0 0 34 0 0 0 0 0 41 0 98 0 0 0 35 0 0 0 0 39 0 0 0 0 0 0 0 0 0 143 0 0 0 166 0 0 0 0 0 0 0 0 0 0 0 0 0 0 0 0 0 0 0 158 0 0 0 0 0 0 32 0 0 0 1 0 0 0 0 0 0 0 0 0 0 
0 83 193 127 0 0 0 54 0 0 103 0 127 0 0 0 0 0 0 0 0 0 0 0 0 0 0 0 41 0 0 0 0 0 0 0 0 0 0 0 0 0 0 0 0 0 0 0 0 0 0 0 0 0 0 0 0 25 0 0 170 0 0 0 81 0 0 0 65 0 0 3 0 0 0 0 0 160 0 0 91 0 0 0 0 0 0 0 0 0 0 0 0 0 0 0 0 0 0 0 
50 0 0 46 0 0 0 0 0 0 0 0 0 0 0 0 0 0 0 0 0 0 0 0 112 0 0 0 0 0 0 0 0 0 0 0 0 0 164 0 0 71 0 0 0 0 0 0 0 0 0 94 3 0 0 0 0 0 0 181 0 0 0 24 87 60 81 0 0 0 0 0 0 0 0 0 189 0 0 0 0 0 0 0 0 0 148 0 0 0 0 0 0 0 0 200 0 0 0 0 
0 0 0 0 0 0 0 0 0 0 0 0 0 0 162 0 0 0 0 54 0 0 0 0 0 0 0 0 0 132 0 0 0 0 0 0 0 0 0 0 0 0 184 0 0 0 0 0 0 0 0 97 0 0 0 0 0 0 0 0 0 0 0 0 0 0 0 0 0 0 0 0 0 0 0 194 0 0 0 0 0 0 0 0 108 0 110 0 0 25 0 0 157 0 0 0 0 0 0 194 
0 0 0 162 0 65 0 0 0 0 75 0 0 0 0 0 0 0 0 0 0 0 195 0 0 0 0 0 0 140 0 0 25 0 0 0 0 0 0 0 0 0 0 112 0 0 0 0 0 0 0 0 0 0 0 0 96 0 0 0 0 0 0 0 0 0 143 0 140 0 0 0 0 0 0 0 0 0 0 0 0 0 0 0 0 0 0 0 0 109 0 0 0 0 0 0 0 0 0 0 
0 0 0 0 189 188 0 0 96 0 0 0 0 0 0 0 0 0 0 34 0 0 75 0 137 193 0 0 0 0 0 0 0 0 0 0 115 0 0 0 0 0 196 0 0 0 0 0 0 0 0 0 0 0 0 0 0 1 0 0 0 119 0 0 0 0 0 0 0 0 0 0 0 0 0 0 0 0 0 0 0 0 0 118 0 0 162 69 0 0 0 0 0 0 0 0 0 0 0 0 
0 0 0 0 0 182 0 0 0 0 100 0 0 0 0 0 50 0 0 0 0 0 0 0 0 0 0 0 0 0 0 0 0 0 0 0 0 0 5 0 133 0 0 0 185 0 0 94 97 0 0 0 0 0 44 0 0 0 0 0 0 0 0 0 0 0 0 0 0 0 0 19 0 0 175 0 0 0 0 0 0 0 0 0 0 0 0 87 0 25 35 64 0 0 0 0 0 0 0 0 
0 0 0 158 0 0 0 0 0 0 0 0 0 0 0 0 0 0 0 0 0 0 117 0 0 0 0 0 0 0 0 0 121 0 0 0 153 0 0 0 112 0 0 0 0 0 0 3 0 0 0 0 0 103 0 0 0 0 0 0 0 0 0 0 0 110 0 0 0 0 0 0 0 0 0 0 0 75 0 0 0 0 0 0 116 0 0 0 0 0 0 0 0 0 0 154 112 0 0 0 
53 0 0 0 0 0 194 18 0 77 0 0 0 0 0 0 0 0 0 0 0 0 0 0 0 0 0 0 168 0 0 0 0 0 0 0 91 0 0 0 0 0 0 0 0 0 0 0 0 0 0 0 103 0 0 0 0 0 0 0 0 176 0 0 0 0 0 0 0 0 0 0 0 0 0 0 0 0 74 0 0 0 0 0 0 0 0 0 0 0 0 49 0 0 0 0 0 0 0 0 
0 0 0 0 0 0 0 0 0 0 0 0 0 0 0 0 0 0 0 0 0 0 0 0 0 0 0 0 0 0 0 0 0 0 155 0 0 0 0 0 0 0 190 0 13 143 0 0 0 0 0 44 0 0 0 0 0 0 0 0 0 0 0 0 36 0 0 0 54 0 0 0 37 0 0 0 0 0 0 0 0 0 0 0 0 0 0 0 22 0 0 0 0 0 0 0 0 0 148 0 
0 0 0 0 139 79 0 0 0 121 0 0 0 0 0 0 0 0 0 0 0 0 0 15 85 194 0 0 0 0 0 116 0 0 0 0 0 0 0 0 0 0 0 0 0 0 0 0 0 0 0 0 0 0 0 0 166 0 0 0 0 0 0 0 0 0 0 0 0 0 19 46 0 0 0 0 0 0 135 23 29 0 0 0 20 0 0 0 0 0 0 0 0 0 0 0 0 0 0 0 
0 0 0 0 0 0 0 0 0 0 0 103 0 0 0 0 0 0 0 0 0 0 0 0 0 0 0 0 0 0 0 0 194 0 0 0 186 0 0 0 30 0 0 0 0 0 0 0 0 96 0 0 0 0 0 166 0 0 0 0 0 127 0 0 0 0 0 0 0 0 0 5 127 0 0 0 0 0 0 0 97 0 0 0 0 0 0 0 0 11 0 0 0 150 0 0 0 0 0 0 
0 0 93 0 0 0 0 0 0 0 0 44 0 0 0 0 0 0 103 0 84 0 0 0 199 0 0 0 0 0 0 0 0 0 0 2 0 0 0 0 0 0 0 0 0 0 25 0 0 0 1 0 0 0 0 0 0 0 0 0 0 0 0 0 0 0 130 127 0 0 104 0 0 0 0 0 0 0 0 0 0 0 0 0 12 0 0 0 0 0 0 0 187 0 94 0 0 73 0 0 
0 0 0 0 0 0 0 0 0 90 0 166 0 0 44 0 0 0 0 102 0 0 0 0 0 52 0 0 0 0 0 0 0 0 0 91 0 0 0 165 0 177 0 0 150 166 0 0 0 0 0 0 0 0 0 0 0 0 0 0 0 0 0 0 0 12 0 0 0 92 0 0 0 0 0 0 0 0 0 0 0 0 0 0 0 0 0 116 0 0 0 0 160 6 0 0 0 0 0 0 
125 0 0 0 0 0 0 0 0 0 0 0 0 0 0 0 0 0 0 0 0 0 0 0 0 0 0 0 0 0 10 0 0 52 155 0 0 94 0 142 0 0 0 0 0 0 0 181 0 0 0 0 0 0 0 0 0 0 0 0 0 0 0 0 0 18 0 0 0 0 59 0 0 0 0 0 0 0 0 0 0 0 0 0 0 0 12 0 0 196 0 0 0 0 0 0 20 0 84 0 
0 0 0 0 0 0 0 0 44 0 0 0 0 194 0 0 0 0 0 0 0 0 0 0 0 0 0 0 0 0 0 0 133 0 47 171 0 20 0 0 0 0 0 0 0 0 170 0 0 0 0 0 0 0 0 0 0 0 0 0 0 0 0 0 0 0 0 188 0 0 0 188 0 11 169 151 0 0 0 0 0 0 80 0 0 0 0 0 0 0 0 112 0 0 12 0 0 0 0 0 
0 34 0 0 0 0 0 0 0 0 0 0 0 0 0 0 0 0 0 184 0 0 1 0 0 0 63 0 0 0 0 156 0 0 0 0 0 0 0 0 0 0 148 0 181 0 0 0 0 0 119 0 0 176 0 0 127 0 0 0 0 0 197 0 0 0 0 0 0 0 120 0 0 0 0 164 0 0 0 0 69 0 0 0 0 0 0 0 0 0 0 0 0 0 0 0 0 0 16 0 
144 0 0 0 0 0 0 0 0 0 0 121 0 0 0 0 0 0 0 0 0 112 0 0 0 0 0 0 0 0 174 0 0 0 0 0 0 0 0 0 0 0 1 0 0 0 0 0 0 0 0 0 0 0 0 0 0 0 0 0 0 197 0 0 0 0 0 0 0 0 0 0 0 0 0 0 0 99 0 0 0 0 0 0 0 0 0 103 0 0 0 0 0 0 0 139 0 0 0 0 
0 0 0 0 0 0 0 0 0 194 0 0 23 0 0 0 151 0 0 0 0 0 0 0 0 0 69 0 0 0 0 0 0 0 95 95 0 80 0 0 0 0 128 0 0 0 0 24 0 0 0 0 0 0 0 0 0 0 0 0 0 0 0 0 0 0 0 0 0 0 0 63 0 0 0 0 0 0 129 0 0 0 161 0 129 0 20 0 0 0 45 0 0 0 0 0 0 0 0 0 
0 0 0 0 0 0 0 0 0 0 0 0 0 0 0 0 0 0 0 0 0 194 0 0 0 0 0 0 0 0 0 0 0 0 186 0 0 0 0 0 0 0 165 6 0 0 81 87 0 0 0 0 0 0 36 0 0 0 0 0 0 0 0 0 0 134 0 0 142 0 0 0 0 0 0 0 18 0 0 0 0 0 0 0 0 0 0 0 0 0 0 0 0 0 0 0 0 0 0 0 
0 0 0 157 0 0 0 0 0 0 0 0 0 0 0 0 0 0 0 0 0 0 0 0 0 0 0 178 0 0 0 18 0 0 0 0 0 0 0 0 0 0 0 92 45 0 0 60 0 0 0 0 110 0 0 0 0 0 12 18 0 0 0 0 134 0 0 38 0 21 0 0 0 0 0 126 0 0 0 0 0 0 27 0 0 0 0 0 0 0 0 0 0 0 0 0 0 0 0 90 
0 0 0 33 0 0 0 185 0 0 0 0 0 0 140 0 0 0 0 0 0 0 0 0 0 0 23 0 0 0 0 0 125 0 0 0 0 0 0 0 0 148 92 0 0 0 0 81 0 143 0 0 0 0 0 0 0 130 0 0 0 0 0 0 0 0 0 0 0 0 24 0 0 0 189 0 0 0 0 0 0 0 0 0 0 11 0 0 0 0 0 0 0 0 0 198 40 0 0 0 
0 0 0 0 0 18 0 198 0 0 0 23 0 0 0 0 0 0 0 0 0 0 0 0 0 0 0 60 0 0 0 0 0 0 0 0 0 0 90 0 0 0 0 88 0 0 0 0 0 0 0 0 0 0 0 0 0 127 0 0 188 0 0 0 0 38 0 0 0 0 0 0 0 187 0 0 0 0 0 0 0 0 0 0 0 0 0 27 79 0 0 0 0 0 0 0 0 175 0 0 
0 0 0 0 0 0 0 0 0 0 0 40 0 0 0 0 0 0 190 0 0 0 0 0 0 0 0 0 0 0 0 0 0 0 0 0 0 0 0 0 0 0 0 0 0 0 65 0 0 140 0 0 0 0 54 0 0 0 0 0 0 0 0 0 142 0 0 0 0 0 16 194 0 0 168 0 0 0 29 0 0 0 0 126 0 34 0 0 0 0 0 0 0 0 113 0 0 0 0 183 
0 0 0 0 0 0 0 0 0 101 152 0 0 0 0 0 0 0 0 0 78 58 0 0 0 0 0 0 0 0 0 0 0 0 166 0 0 0 0 88 0 0 0 0 0 0 0 0 0 0 0 0 0 0 0 0 0 0 92 0 0 0 0 0 0 21 0 0 0 0 87 0 0 0 64 0 0 0 0 0 0 20 0 0 70 0 21 0 0 0 0 0 0 199 0 0 0 0 0 194 
0 0 0 0 25 0 0 132 0 0 0 0 39 0 0 0 0 0 0 0 0 0 0 0 0 0 0 0 0 0 0 0 0 0 0 0 96 0 0 0 0 0 0 0 0 0 0 0 0 0 0 0 0 0 0 19 0 104 0 59 0 120 0 0 0 0 24 0 16 87 0 0 0 0 0 0 0 0 46 0 0 0 0 0 0 0 0 0 0 0 0 0 18 182 0 0 0 27 0 0 
0 0 0 0 10 0 0 0 0 0 0 0 0 0 0 0 0 0 0 0 0 0 0 0 177 0 113 0 0 0 0 0 0 0 0 0 0 0 0 0 0 0 0 0 0 0 3 0 0 0 0 19 0 0 0 46 5 0 0 0 188 0 0 63 0 0 0 0 194 0 0 0 0 6 89 0 0 0 0 0 0 0 0 0 0 0 35 0 0 0 0 0 0 0 0 0 0 103 81 0 
0 0 0 0 0 27 0 0 0 98 0 0 0 0 0 0 0 76 0 0 0 51 0 0 0 0 35 0 0 178 0 0 0 0 0 0 0 0 0 0 0 0 0 0 0 0 0 0 0 0 0 0 0 0 37 0 127 0 0 0 0 0 0 0 0 0 0 0 0 0 0 0 0 0 0 0 0 169 0 59 0 0 52 0 57 0 0 0 149 0 96 0 103 0 0 0 0 0 0 0 
0 0 0 0 47 0 0 0 0 0 0 0 193 0 0 0 0 0 0 0 0 0 17 0 0 0 0 0 0 112 34 0 0 0 17 0 0 0 0 0 0 0 0 0 0 0 0 0 0 0 0 0 0 0 0 0 0 0 0 0 11 0 0 0 0 0 0 187 0 0 0 6 0 0 0 0 0 0 0 161 0 0 195 106 0 13 0 124 0 0 0 0 0 0 0 0 0 0 0 25 
0 0 0 0 0 160 0 0 0 0 0 0 0 0 0 0 0 0 0 91 0 0 0 146 0 0 0 0 0 0 0 171 48 0 0 0 0 0 0 0 0 129 0 0 0 0 0 0 0 0 0 175 0 0 0 0 0 0 0 0 169 0 0 0 0 0 189 0 168 64 0 89 0 0 0 0 0 131 0 0 0 0 0 0 0 0 0 0 0 100 69 0 0 0 0 0 0 0 0 0 
28 66 0 0 0 3 0 0 0 0 195 0 3 0 0 0 0 0 0 0 0 0 0 0 0 0 0 0 0 0 0 0 0 0 0 0 0 0 0 0 0 0 39 0 0 0 0 0 194 0 0 0 0 0 0 0 0 0 0 0 151 164 0 0 0 126 0 0 0 0 0 0 0 0 0 0 0 0 0 0 131 135 0 0 0 0 0 0 30 0 0 0 0 42 0 0 0 0 65 0 
160 0 0 160 0 0 0 0 0 0 0 0 0 0 0 0 0 0 0 0 0 0 0 0 0 0 0 0 0 0 0 0 0 0 0 0 0 0 0 75 0 0 0 0 0 0 0 189 0 0 0 0 0 0 0 0 0 0 0 0 0 0 0 0 18 0 0 0 0 0 0 0 0 0 0 0 0 0 0 21 0 194 0 0 0 0 0 0 86 0 56 103 0 0 0 0 0 0 0 164 
0 0 0 0 0 0 0 0 0 0 0 50 35 87 0 0 103 82 0 0 0 0 0 0 0 28 127 0 0 0 0 0 0 0 0 0 0 0 0 0 0 28 0 1 0 0 160 0 0 0 0 0 75 0 0 0 0 0 0 0 0 0 99 0 0 0 0 0 0 0 0 0 169 0 131 0 0 0 0 0 0 0 0 0 0 0 0 0 0 0 0 0 0 0 0 0 0 0 0 181 
0 0 0 153 0 0 0 0 0 170 0 0 0 0 0 0 0 0 163 0 120 0 183 0 0 0 0 0 0 0 0 0 0 0 0 0 0 0 0 0 0 0 0 0 0 158 0 0 0 0 0 0 0 74 0 135 0 0 0 0 0 0 0 129 0 0 0 0 29 0 46 0 0 0 0 0 0 0 0 0 0 0 0 0 0 0 0 0 0 0 0 0 42 22 7 0 193 0 0 0 
0 51 91 0 0 0 0 0 0 124 0 0 0 0 0 0 0 0 0 0 0 47 0 0 0 0 0 0 0 0 0 0 0 0 0 0 104 0 59 0 0 0 0 0 0 0 0 0 0 0 0 0 0 0 0 23 0 0 0 0 0 0 0 0 0 0 0 0 0 0 0 0 59 161 0 0 21 0 0 0 0 0 0 75 0 116 0 0 0 0 0 0 0 76 0 0 0 0 0 0 
0 0 0 0 157 0 0 0 0 0 0 0 0 0 105 0 0 0 0 0 37 34 154 0 0 0 0 0 0 0 0 0 0 0 0 0 0 0 0 154 0 89 0 162 0 0 91 0 0 0 0 0 0 0 0 29 97 0 0 0 0 69 0 0 0 0 0 0 0 0 0 0 0 0 0 131 0 0 0 0 0 0 0 0 0 0 194 0 0 0 0 0 0 0 0 0 0 0 0 0 
91 0 185 0 0 0 0 0 84 0 108 61 0 0 0 0 0 0 0 0 0 54 146 0 0 169 187 0 0 0 0 0 0 0 0 86 0 38 0 0 0 0 0 0 0 0 0 0 0 0 0 0 0 0 0 0 0 0 0 0 0 0 0 0 0 0 0 0 0 20 0 0 0 0 0 135 194 0 0 0 0 0 0 0 0 0 0 0 0 0 34 0 0 0 0 0 0 0 0 0 
0 0 0 88 0 0 0 0 146 0 0 0 0 138 0 0 0 0 104 181 0 0 0 0 0 0 0 0 0 0 0 0 0 86 0 0 170 0 106 0 0 0 0 0 0 0 0 0 0 0 0 0 0 0 0 0 0 0 0 0 80 0 0 161 0 27 0 0 0 0 0 0 52 195 0 0 0 0 0 0 0 0 0 0 0 0 0 0 172 0 0 0 0 0 83 0 0 0 0 0 
132 0 30 0 0 0 0 0 0 0 0 0 0 0 150 0 0 0 34 0 0 0 0 0 0 0 0 0 0 0 23 0 0 0 0 0 0 0 48 174 0 0 0 0 0 0 0 0 0 0 118 0 0 0 0 0 0 0 0 0 0 0 0 0 0 0 0 0 126 0 0 0 0 106 0 0 0 0 0 75 0 0 0 0 0 0 0 0 0 121 0 0 0 90 0 0 99 0 0 143 
0 0 0 0 0 0 127 0 97 0 0 0 0 0 0 0 0 78 0 118 0 92 0 0 0 0 0 0 0 135 0 0 0 0 0 0 0 0 0 0 0 0 0 0 0 0 0 0 108 0 0 0 116 0 0 20 0 12 0 0 0 0 0 129 0 0 0 0 0 70 0 0 57 0 0 0 0 0 0 0 0 0 0 0 0 0 0 116 0 0 0 0 54 0 0 0 0 0 0 0 
0 0 0 0 0 0 0 0 0 0 0 0 0 0 8 0 0 0 0 0 0 151 0 0 20 0 0 0 0 0 0 0 0 0 0 0 0 0 0 0 160 0 0 0 0 32 0 0 0 0 0 0 0 0 0 0 0 0 0 0 0 0 0 0 0 0 11 0 34 0 0 0 0 13 0 0 0 0 0 116 0 0 0 0 0 0 0 0 0 0 0 168 0 0 0 0 0 0 0 0 
0 0 0 0 0 0 0 0 0 0 0 0 0 0 127 10 0 0 0 0 117 0 0 0 0 116 0 0 0 0 0 152 0 0 0 0 0 24 0 0 70 0 0 0 0 0 0 148 110 0 162 0 0 0 0 0 0 0 0 12 0 0 0 20 0 0 0 0 0 21 0 35 0 0 0 0 0 0 0 0 194 0 0 0 0 0 0 0 0 0 0 0 0 0 0 0 0 0 0 0 
0 0 0 0 0 0 0 0 0 0 0 0 0 0 0 0 0 0 0 0 154 0 112 0 80 0 183 0 0 1 0 0 0 0 0 0 0 0 86 0 0 0 0 0 0 0 0 0 0 0 69 87 0 0 0 0 0 0 116 0 0 0 103 0 0 0 0 27 0 0 0 0 0 124 0 0 0 0 0 0 0 0 0 0 116 0 0 0 0 0 0 0 0 0 0 0 0 0 0 0 
0 0 176 0 0 0 0 0 0 0 0 49 142 0 140 0 0 0 0 13 0 0 0 0 0 0 0 121 0 26 0 0 0 0 0 0 0 0 0 0 0 0 0 0 0 0 0 0 0 0 0 0 0 0 22 0 0 0 0 0 0 0 0 0 0 0 0 79 0 0 0 0 149 0 0 30 86 0 0 0 0 0 172 0 0 0 0 0 0 0 0 0 0 0 0 0 0 0 0 0 
0 0 0 0 0 0 0 0 0 117 0 0 0 0 170 0 0 0 0 0 0 36 0 130 0 0 0 106 0 0 0 0 34 0 0 0 0 0 0 0 0 0 0 0 0 1 0 0 25 109 0 25 0 0 0 0 11 0 0 196 0 0 0 0 0 0 0 0 0 0 0 0 0 0 100 0 0 0 0 0 0 0 0 121 0 0 0 0 0 0 0 0 0 0 0 0 0 0 0 0 
0 0 0 0 0 0 0 0 0 60 0 0 0 0 0 0 0 0 0 0 0 0 0 0 0 0 0 0 0 0 0 0 0 0 142 0 0 0 5 0 0 0 117 0 0 0 0 0 0 0 0 35 0 0 0 0 0 0 0 0 0 0 0 45 0 0 0 0 0 0 0 0 96 0 69 0 56 0 0 0 0 34 0 0 0 0 0 0 0 0 0 0 14 0 132 0 180 0 0 0 
0 0 0 0 0 100 47 0 0 0 0 0 0 0 169 0 0 0 0 0 34 0 0 0 0 34 0 0 0 0 0 0 0 0 0 0 0 0 0 0 0 0 0 0 0 0 0 0 0 0 0 64 0 49 0 0 0 0 0 0 112 0 0 0 0 0 0 0 0 0 0 0 0 0 0 0 103 0 0 0 0 0 0 0 0 168 0 0 0 0 0 0 0 0 0 0 44 0 0 0 
0 0 0 0 51 0 0 66 0 0 0 0 0 139 0 0 0 0 0 0 0 0 0 0 0 0 0 0 0 0 0 0 0 112 0 0 0 0 64 0 0 0 0 0 0 0 0 0 157 0 0 0 0 0 0 0 0 187 160 0 0 0 0 0 0 0 0 0 0 0 18 0 103 0 0 0 0 0 42 0 0 0 0 0 54 0 0 0 0 0 14 0 0 0 150 0 90 0 0 0 
0 0 138 0 0 0 0 0 0 0 0 0 0 188 175 0 0 0 151 0 0 142 0 0 0 0 0 0 0 0 0 0 0 0 0 0 0 173 0 0 0 0 0 0 0 0 0 0 0 0 0 0 0 0 0 0 150 0 6 0 0 0 0 0 0 0 0 0 0 199 182 0 0 0 0 42 0 0 22 76 0 0 0 90 0 0 0 0 0 0 0 0 0 0 0 0 0 0 0 0 
0 0 0 0 0 0 0 0 102 0 0 0 0 0 0 95 175 0 0 0 0 0 0 0 0 0 136 155 98 0 0 0 0 0 0 0 0 0 0 93 42 0 0 0 0 0 0 0 0 0 0 0 0 0 0 0 0 94 0 0 12 0 0 0 0 0 0 0 113 0 0 0 0 0 0 0 0 0 7 0 0 0 83 0 0 0 0 0 0 0 132 0 150 0 0 0 0 0 0 0 
0 0 180 0 0 0 0 121 0 0 5 0 0 0 0 0 0 0 0 107 144 0 0 0 0 0 0 0 0 0 0 60 0 0 0 0 0 0 0 0 0 146 0 0 0 0 0 200 0 0 0 0 154 0 0 0 0 0 0 0 0 0 139 0 0 0 198 0 0 0 0 0 0 0 0 0 0 0 0 0 0 0 0 0 0 0 0 0 0 0 0 0 0 0 0 0 0 0 0 0 
0 0 0 0 0 0 0 0 0 156 0 0 0 0 0 0 0 0 0 0 0 0 0 0 0 0 0 0 0 0 0 0 0 0 0 0 59 0 0 0 0 163 19 0 0 0 0 0 0 0 0 0 112 0 0 0 0 0 0 20 0 0 0 0 0 0 40 0 0 0 0 0 0 0 0 0 0 0 193 0 0 0 0 99 0 0 0 0 0 0 180 44 90 0 0 0 0 0 0 0 
0 0 0 0 104 0 194 0 0 0 79 0 0 0 0 0 0 0 0 0 0 33 0 0 0 163 0 0 0 0 0 0 0 156 0 0 0 0 0 151 0 0 64 0 0 0 0 0 0 0 0 0 0 0 0 0 0 73 0 0 0 0 0 0 0 0 0 175 0 0 27 103 0 0 0 0 0 0 0 0 0 0 0 0 0 0 0 0 0 0 0 0 0 0 0 0 0 0 0 0 
0 0 0 0 0 0 0 0 0 0 0 0 0 0 0 0 49 0 0 0 0 0 0 0 0 0 0 0 0 0 0 0 0 0 0 0 0 0 0 0 0 0 0 0 0 0 0 0 0 0 0 0 0 0 148 0 0 0 0 84 0 16 0 0 0 0 0 0 0 0 0 81 0 0 0 65 0 0 0 0 0 0 0 0 0 0 0 0 0 0 0 0 0 0 0 0 0 0 0 0 
0 0 0 0 0 0 0 151 0 0 0 0 0 0 0 0 0 68 0 0 0 0 0 0 0 0 0 0 0 0 131 0 0 0 0 0 0 0 0 0 0 0 0 8 0 0 0 0 194 0 0 0 0 0 0 0 0 0 0 0 0 0 0 0 0 90 0 0 183 194 0 0 0 25 0 0 164 181 0 0 0 0 0 143 0 0 0 0 0 0 0 0 0 0 0 0 0 0 0 0 
