0 0 0 0 0 0 0 0 0 0 0 0 0 0 316 120 0 0 0 0 0 0 0 0 0 0 0 0 0 0 0 0 0 0 0 0 0 0 0 300 0 0 0 0 0 0 0 442 0 108 0 0 0 0 0 0 0 0 0 281 0 0 0 0 0 388 478 0 0 0 0 0 0 0 0 0 146 0 0 0 449 0 338 0 0 0 0 0 378 0 0 0 0 0 0 0 0 0 0 0 
0 0 481 0 0 0 0 0 0 0 0 0 0 0 0 0 185 0 0 0 0 0 0 0 19 0 0 35 0 0 0 0 0 0 0 0 0 0 0 0 0 0 0 50 0 0 0 0 0 0 0 0 0 0 0 151 0 0 0 0 0 0 0 0 0 0 0 0 0 0 0 0 0 407 0 0 0 0 0 0 0 0 0 497 0 254 0 0 0 0 0 0 0 0 0 0 0 0 0 0 
0 481 0 0 0 0 0 0 0 74 0 0 0 0 0 487 0 147 0 0 0 0 301 0 0 72 0 295 0 0 0 0 0 0 0 0 0 0 0 0 0 0 0 0 0 0 0 0 0 0 0 0 0 0 0 0 0 0 0 0 0 0 0 11 0 0 427 0 0 0 204 0 0 0 0 481 0 50 0 0 0 0 0 0 0 308 0 407 0 0 0 0 0 0 0 0 68 0 0 0 
0 0 0 0 0 0 0 0 0 403 0 0 0 61 0 0 0 0 0 0 0 0 0 0 455 0 0 0 0 0 0 0 0 162 0 166 0 0 454 0 0 0 0 0 0 0 0 0 0 0 0 0 0 0 0 0 0 0 0 0 0 110 0 0 0 0 0 0 24 0 0 60 0 0 0 0 0 0 0 0 0 0 0 0 0 0 325 0 0 0 129 264 0 0 0 0 0 0 0 0 
0 0 0 0 0 0 352 0 0 0 0 0 0 0 76 0 0 0 0 0 0 0 436 0 0 0 0 0 346 0 0 0 0 0 0 0 0 0 0 0 0 0 0 0 0 0 0 0 0 0 0 0 0 0 64 0 0 0 0 0 0 0 0 0 0 0 0 0 0 0 0 0 0 0 0 0 0 0 0 0 0 138 0 0 0 0 0 0 0 0 0 0 0 0 0 434 0 0 0 0 
0 0 0 0 0 0 40 0 0 0 0 0 473 0 0 0 0 0 0 0 0 0 0 124 0 0 0 0 0 0 0 472 0 0 0 0 0 0 0 0 0 183 0 0 0 0 0 76 67 0 0 0 0 0 0 0 0 0 0 0 0 0 0 0 0 0 0 0 355 0 0 0 0 0 0 0 0 0 0 0 0 0 0 376 0 120 0 83 0 0 164 0 0 0 0 0 0 0 219 0 
0 0 0 0 352 40 0 0 0 0 0 0 0 0 0 0 0 0 0 212 423 0 0 273 0 0 0 0 0 0 0 0 0 0 0 0 0 0 0 0 0 0 136 0 0 0 17 0 0 0 0 0 0 0 0 0 0 0 0 0 0 0 85 0 0 354 0 0 0 0 0 353 0 0 0 0 0 0 0 0 0 205 0 0 0 0 0 0 0 0 0 0 0 0 0 169 0 0 0 0 
0 0 0 0 0 0 0 0 0 0 0 0 0 359 0 0 0 0 0 0 0 0 67 0 0 0 430 0 0 0 0 0 0 0 0 0 2 0 0 0 208 0 0 0 0 0 0 0 180 0 0 0 0 0 0 0 0 106 0 0 0 249 392 0 0 388 0 0 60 0 0 80 0 0 0 0 0 0 0 0 0 0 0 0 0 0 0 0 61 0 0 278 290 0 0 0 0 0 0 0 
0 0 0 0 0 0 0 0 0 0 0 0 0 0 0 0 0 0 0 0 0 422 0 0 0 250 0 17 0 0 0 21 0 0 0 0 0 0 0 0 0 289 0 209 0 0 0 147 0 0 0 0 0 0 0 268 0 0 0 0 0 0 458 0 0 381 0 0 0 0 0 0 0 0 0 0 242 0 0 0 0 0 25 0 0 0 0 0 0 0 283 0 0 0 0 0 0 0 0 0 
0 0 74 403 0 0 0 0 0 0 0 0 0 0 0 48 0 0 0 0 0 0 0 0 0 0 0 0 323 0 325 0 0 166 0 0 0 0 0 0 0 0 0 0 0 460 0 0 0 0 0 0 0 0 0 0 317 0 0 0 0 0 0 307 0 0 319 0 0 0 0 298 0 0 479 0 0 166 0 324 0 0 0 0 0 0 0 0 0 0 0 0 0 0 0 254 0 0 0 0 
0 0 0 0 0 0 0 0 0 0 0 0 49 0 0 0 70 0 0 0 0 0 380 0 0 386 0 0 0 0 0 0 391 0 0 0 0 104 0 169 0 0 0 223 0 0 0 0 0 302 25 0 0 0 0 350 0 0 0 0 0 0 0 0 0 0 0 0 0 0 0 0 0 0 0 0 0 0 0 0 0 0 481 0 0 221 0 0 0 0 0 0 0 0 82 0 0 0 0 462 
0 0 0 0 0 0 0 0 0 0 0 0 0 0 0 0 0 0 240 431 0 0 0 0 0 0 0 0 138 0 0 61 0 0 0 288 0 7 0 0 0 0 0 0 0 0 0 0 35 0 0 0 0 0 0 0 0 0 0 0 474 273 0 0 0 0 339 0 0 175 0 0 0 0 0 0 0 0 0 68 0 0 0 0 0 0 330 0 0 0 0 0 0 0 0 0 0 0 129 0 
0 0 0 0 0 473 0 0 0 0 49 0 0 0 0 0 0 0 0 0 0 202 0 0 0 179 0 0 0 0 462 0 0 0 0 0 0 0 0 0 40 0 155 0 0 117 0 0 0 0 0 0 0 0 0 0 0 0 0 0 0 0 0 0 0 0 0 0 310 0 0 0 477 0 329 0 0 0 0 0 20 0 0 0 0 486 0 0 0 0 0 0 0 0 0 0 0 0 0 0 
0 0 0 61 0 0 0 359 0 0 0 0 0 0 0 0 0 0 0 0 7 0 0 0 0 0 0 446 0 383 0 0 0 0 0 0 0 0 125 0 0 82 0 0 0 0 0 139 0 0 0 0 0 253 0 0 428 0 0 0 0 0 0 0 0 0 0 450 0 0 0 0 0 0 0 0 0 0 0 0 0 0 0 0 0 0 0 0 0 0 0 0 0 0 0 0 0 477 0 0 
316 0 0 0 76 0 0 0 0 0 0 0 0 0 0 0 0 0 0 147 0 434 449 0 0 0 0 0 0 0 0 0 0 0 0 0 0 0 189 0 0 0 0 0 0 0 0 0 0 0 0 0 0 0 0 0 0 0 0 0 0 0 0 311 0 0 0 435 0 0 0 0 0 0 0 0 0 289 336 0 0 0 0 0 0 0 0 0 0 0 0 0 0 0 229 0 0 0 0 0 
120 0 487 0 0 0 0 0 0 48 0 0 0 0 0 0 0 0 0 66 0 0 0 224 0 0 0 0 0 0 0 0 198 208 0 0 0 0 0 0 0 0 0 0 0 0 0 0 0 0 260 0 0 0 0 0 0 0 0 0 0 0 0 0 0 0 0 202 0 0 0 0 0 472 0 0 0 0 0 0 0 0 0 0 0 0 0 0 0 0 0 0 0 0 443 0 0 0 62 43 
0 185 0 0 0 0 0 0 0 0 70 0 0 0 0 0 0 0 0 437 0 0 0 0 0 0 489 0 0 0 0 0 0 0 346 0 0 0 0 0 0 0 0 0 386 55 0 0 0 0 0 431 0 0 0 0 0 0 220 0 0 0 0 0 0 0 0 0 0 0 0 378 0 223 0 0 0 0 0 0 0 0 0 0 0 0 0 0 170 0 0 0 214 0 377 0 388 0 0 0 
0 0 147 0 0 0 0 0 0 0 0 0 0 0 0 0 0 0 251 230 0 0 0 0 381 0 419 0 0 0 491 0 0 0 0 0 0 26 0 0 0 0 137 0 360 0 0 0 0 0 0 177 235 0 438 0 0 174 0 0 0 0 0 355 0 0 0 0 0 0 0 0 0 0 0 0 0 0 0 0 0 0 0 0 0 0 0 0 0 0 0 0 0 0 296 0 0 0 0 0 
0 0 0 0 0 0 0 0 0 0 0 240 0 0 0 0 0 251 0 124 0 0 388 0 0 0 0 0 0 0 0 0 0 0 0 0 0 0 0 0 0 0 203 0 0 0 0 393 0 0 0 416 0 6 0 0 0 0 0 0 0 0 0 0 0 0 0 0 0 0 0 0 0 0 0 0 0 0 0 0 0 0 202 287 0 0 0 388 0 401 343 0 0 0 0 0 0 74 0 323 
0 0 0 0 0 0 212 0 0 0 0 431 0 0 147 66 437 230 124 0 0 305 0 0 0 0 0 0 0 0 0 0 251 0 0 0 0 0 0 0 0 0 0 32 0 0 0 0 0 0 0 0 232 0 0 0 0 0 0 0 0 0 0 0 0 0 0 0 0 0 201 0 446 468 0 0 0 0 0 0 0 0 0 0 0 0 0 0 0 0 0 0 0 184 0 0 0 0 0 0 
0 0 0 0 0 0 423 0 0 0 0 0 0 7 0 0 0 0 0 0 0 0 0 399 0 0 401 0 0 108 0 0 0 0 0 0 0 0 0 0 0 0 0 214 0 0 0 0 0 0 0 0 0 0 0 0 0 0 0 0 494 0 0 0 0 0 0 0 0 0 470 0 0 0 0 0 0 0 0 0 0 0 0 447 0 0 338 42 0 0 0 120 0 0 197 414 318 0 0 0 
0 0 0 0 0 0 0 0 422 0 0 0 202 0 434 0 0 0 0 305 0 0 0 0 0 0 0 0 0 0 0 0 309 0 0 0 0 0 0 149 0 0 0 0 0 0 0 0 0 0 0 0 0 0 0 0 343 0 0 0 0 0 0 0 0 0 0 0 0 0 0 0 0 0 0 0 0 0 0 0 0 0 0 0 0 0 0 0 0 17 0 0 0 0 200 0 0 0 45 0 
0 0 301 0 436 0 0 67 0 0 380 0 0 0 449 0 0 0 388 0 0 0 0 0 0 0 0 0 39 95 0 0 0 0 0 0 0 450 0 0 0 0 0 0 0 0 0 0 0 0 0 0 0 231 0 491 0 0 0 0 0 0 0 0 0 0 0 0 0 0 0 0 0 0 0 438 0 0 0 0 0 354 0 0 124 0 0 0 0 0 0 466 0 0 0 0 0 0 0 0 
0 0 0 0 0 124 273 0 0 0 0 0 0 0 0 224 0 0 0 0 399 0 0 0 0 0 0 0 0 0 0 0 0 0 0 0 0 0 0 0 0 478 0 0 0 0 0 0 0 0 0 0 0 0 0 0 0 0 0 187 0 0 0 0 0 370 0 0 0 306 0 0 0 0 0 0 0 0 0 0 0 59 0 0 0 0 0 0 366 440 0 0 432 0 0 0 0 0 0 157 
0 19 0 455 0 0 0 0 0 0 0 0 0 0 0 0 0 381 0 0 0 0 0 0 0 0 0 70 0 0 0 0 0 0 73 0 0 222 0 0 0 0 310 0 0 0 0 0 0 0 0 0 0 0 0 0 0 115 0 0 0 19 0 0 0 0 0 0 122 0 0 0 0 0 0 0 0 0 369 0 0 0 276 0 0 229 0 95 0 0 0 0 0 0 0 0 0 0 495 0 
0 0 72 0 0 0 0 0 250 0 386 0 179 0 0 0 0 0 0 0 0 0 0 0 0 0 0 0 0 0 0 0 0 0 0 0 0 0 0 0 0 0 347 0 0 90 0 0 0 0 0 0 0 0 0 0 0 0 165 0 0 0 0 0 0 337 0 0 0 0 0 0 0 0 0 0 0 0 42 0 126 0 0 0 0 0 0 0 0 0 39 0 0 0 0 192 116 0 0 0 
0 0 0 0 0 0 0 430 0 0 0 0 0 0 0 0 489 419 0 0 401 0 0 0 0 0 0 161 0 336 50 0 0 0 0 0 0 0 0 374 0 0 0 459 0 0 0 0 386 154 0 0 0 0 0 0 0 0 0 0 0 0 0 0 0 0 0 0 0 0 435 0 0 17 0 427 0 0 0 0 0 0 0 0 0 0 0 0 0 0 0 0 0 0 0 0 0 0 0 0 
0 35 295 0 0 0 0 0 17 0 0 0 0 446 0 0 0 0 0 0 0 0 0 0 70 0 161 0 0 348 0 0 0 0 0 0 0 0 433 0 0 0 0 0 0 0 0 0 0 0 0 71 0 0 0 0 0 0 0 0 0 0 0 0 0 0 73 0 0 0 0 0 0 0 0 0 426 0 0 0 0 0 0 0 0 0 0 89 0 0 0 466 0 54 451 0 0 0 0 0 
0 0 0 0 346 0 0 0 0 323 0 138 0 0 0 0 0 0 0 0 0 0 39 0 0 0 0 0 0 0 0 0 0 0 0 0 0 0 163 0 0 0 0 0 0 0 0 0 0 0 0 0 74 0 0 26 0 0 0 0 0 0 0 0 0 0 0 0 0 197 0 0 0 195 0 0 0 0 0 0 0 0 0 0 335 0 0 0 0 0 0 0 0 0 0 0 0 0 0 0 
0 0 0 0 0 0 0 0 0 0 0 0 0 383 0 0 0 0 0 0 108 0 95 0 0 0 336 348 0 0 0 0 0 0 0 132 0 0 487 0 0 0 0 0 0 0 469 0 0 40 0 0 0 0 0 0 0 0 471 0 0 0 0 0 0 0 0 0 161 0 55 0 0 0 0 0 0 0 0 0 0 0 0 0 0 0 0 0 0 0 138 0 0 0 11 0 172 0 0 0 
0 0 0 0 0 0 0 0 0 325 0 0 462 0 0 0 0 491 0 0 0 0 0 0 0 0 50 0 0 0 0 0 0 0 0 0 345 0 0 128 171 0 0 0 0 339 0 0 0 0 0 0 0 0 0 0 0 0 0 60 0 0 0 0 0 0 0 0 0 479 0 0 0 0 0 0 0 226 0 0 0 0 200 0 391 0 0 0 0 0 0 0 326 0 354 0 0 0 0 0 
0 0 0 0 0 472 0 0 21 0 0 61 0 0 0 0 0 0 0 0 0 0 0 0 0 0 0 0 0 0 0 0 0 0 0 0 0 0 0 0 0 0 0 0 0 0 0 114 48 0 0 0 0 450 0 0 0 0 0 0 0 271 0 0 0 0 0 0 0 0 0 375 0 0 0 0 0 0 0 0 0 0 194 0 0 0 0 0 0 263 0 0 0 0 0 0 0 0 0 0 
0 0 0 0 0 0 0 0 0 0 391 0 0 0 0 198 0 0 0 251 0 309 0 0 0 0 0 0 0 0 0 0 0 0 0 456 480 0 95 0 0 306 0 0 0 0 0 0 0 0 0 0 0 0 0 0 0 0 154 0 427 0 25 0 0 0 0 0 85 0 0 0 174 0 0 0 0 0 41 86 0 0 0 0 0 0 0 0 0 0 0 0 0 0 0 0 0 0 0 0 
0 0 0 162 0 0 0 0 0 166 0 0 0 0 0 208 0 0 0 0 0 0 0 0 0 0 0 0 0 0 0 0 0 0 0 0 0 0 0 0 0 0 0 0 0 269 0 0 0 0 0 0 0 0 0 0 0 0 0 0 0 0 0 0 0 0 0 0 0 0 0 150 0 0 0 394 0 321 0 0 178 0 0 0 0 0 0 0 0 0 0 0 0 0 0 0 49 0 0 0 
0 0 0 0 0 0 0 0 0 0 0 0 0 0 0 0 346 0 0 0 0 0 0 0 73 0 0 0 0 0 0 0 0 0 0 0 387 0 0 0 0 238 0 0 0 0 0 0 0 0 0 0 0 161 0 0 0 0 457 0 0 0 0 12 0 0 12 0 138 0 0 0 0 0 177 0 0 0 0 0 0 0 0 0 0 0 0 33 0 234 0 0 0 464 0 0 0 105 115 0 
0 0 0 166 0 0 0 0 0 0 0 288 0 0 0 0 0 0 0 0 0 0 0 0 0 0 0 0 0 132 0 0 456 0 0 0 0 0 0 0 0 0 0 0 0 114 0 0 378 0 0 494 0 0 0 0 0 0 0 0 368 0 0 0 0 0 431 0 158 0 0 0 0 0 0 0 0 0 0 0 0 262 0 0 0 0 0 0 0 0 0 0 0 0 0 0 0 498 137 220 
0 0 0 0 0 0 0 2 0 0 0 0 0 0 0 0 0 0 0 0 0 0 0 0 0 0 0 0 0 0 345 0 480 0 387 0 0 0 0 0 0 0 0 0 0 0 0 0 0 0 0 0 0 265 0 0 178 477 0 414 0 0 0 0 0 0 0 0 0 0 0 0 0 0 0 430 0 0 145 0 0 0 0 0 0 0 0 0 0 0 0 0 0 0 0 420 426 0 0 0 
0 0 0 0 0 0 0 0 0 0 104 7 0 0 0 0 0 26 0 0 0 0 450 0 222 0 0 0 0 0 0 0 0 0 0 0 0 0 0 120 336 0 0 0 0 115 453 0 0 0 0 0 0 0 0 0 231 0 149 206 0 0 0 0 0 0 0 0 0 0 0 0 0 0 0 0 0 0 0 0 0 0 0 295 0 0 0 0 205 0 0 0 0 0 417 0 0 0 0 0 
0 0 0 454 0 0 0 0 0 0 0 0 0 125 189 0 0 0 0 0 0 0 0 0 0 0 0 433 163 487 0 0 95 0 0 0 0 0 0 0 0 0 0 0 0 0 165 0 0 0 0 0 0 0 0 0 0 250 0 0 0 0 0 0 0 0 0 0 0 0 0 0 0 0 0 358 0 0 0 0 0 0 0 0 0 0 0 0 0 0 0 0 0 186 0 0 0 0 0 0 
300 0 0 0 0 0 0 0 0 0 169 0 0 0 0 0 0 0 0 0 0 149 0 0 0 0 374 0 0 0 128 0 0 0 0 0 0 120 0 0 209 0 0 0 0 238 0 0 0 0 0 404 0 0 0 0 0 0 0 0 121 0 0 0 0 370 0 0 0 0 0 0 0 0 0 369 0 0 52 0 289 0 0 0 0 0 0 0 0 0 0 0 0 319 0 0 0 0 0 0 
0 0 0 0 0 0 0 208 0 0 0 0 40 0 0 0 0 0 0 0 0 0 0 0 0 0 0 0 0 0 171 0 0 0 0 0 0 336 0 209 0 0 0 0 0 0 0 0 0 0 1 0 0 318 0 376 0 0 0 0 0 0 0 346 268 0 0 0 0 0 222 0 0 0 0 0 0 0 0 0 286 0 0 0 328 0 0 0 0 0 0 0 0 488 0 0 0 0 0 350 
0 0 0 0 0 183 0 0 289 0 0 0 0 82 0 0 0 0 0 0 0 0 0 478 0 0 0 0 0 0 0 0 306 0 238 0 0 0 0 0 0 0 0 0 0 0 0 0 61 0 33 0 0 0 0 101 0 448 0 0 0 190 0 418 0 0 0 0 0 0 0 0 0 0 0 0 0 0 0 0 342 0 477 0 0 0 0 0 0 243 0 0 0 0 0 0 0 0 0 0 
0 0 0 0 0 0 136 0 0 0 0 0 155 0 0 0 0 137 203 0 0 0 0 0 310 347 0 0 0 0 0 0 0 0 0 0 0 0 0 0 0 0 0 0 0 0 0 0 0 0 454 0 0 226 390 0 0 0 0 0 0 0 0 0 0 0 0 0 0 0 0 0 0 240 0 0 0 0 0 338 0 0 163 0 0 0 307 0 0 0 0 0 0 0 0 0 0 0 0 0 
0 50 0 0 0 0 0 0 209 0 223 0 0 0 0 0 0 0 0 32 214 0 0 0 0 0 459 0 0 0 0 0 0 0 0 0 0 0 0 0 0 0 0 0 0 0 0 0 0 0 0 378 0 0 0 0 0 0 0 0 0 0 0 0 0 0 0 0 0 0 0 0 0 0 0 0 0 0 189 0 0 0 0 0 0 0 0 333 0 0 0 0 0 0 0 0 0 412 0 0 
0 0 0 0 0 0 0 0 0 0 0 0 0 0 0 0 386 360 0 0 0 0 0 0 0 0 0 0 0 0 0 0 0 0 0 0 0 0 0 0 0 0 0 0 0 275 0 0 0 0 0 137 0 0 0 0 0 0 0 0 0 28 0 8 0 0 0 0 0 0 0 0 0 0 0 0 203 0 0 0 0 0 0 0 139 0 0 0 0 0 0 274 0 0 0 0 0 309 369 0 
0 0 0 0 0 0 0 0 0 460 0 0 117 0 0 0 55 0 0 0 0 0 0 0 0 90 0 0 0 0 339 0 0 269 0 114 0 115 0 238 0 0 0 0 275 0 0 0 0 0 0 0 0 0 0 0 0 0 0 0 0 0 0 0 498 0 0 0 0 0 0 0 406 0 0 0 0 0 0 0 0 0 0 0 0 0 184 0 412 0 0 0 0 0 0 0 0 0 0 316 
0 0 0 0 0 0 17 0 0 0 0 0 0 0 0 0 0 0 0 0 0 0 0 0 0 0 0 0 0 469 0 0 0 0 0 0 0 453 165 0 0 0 0 0 0 0 0 0 0 159 164 0 0 0 0 0 0 0 0 0 0 0 0 0 0 0 143 0 0 38 0 0 0 135 339 0 461 338 0 0 0 0 0 0 195 0 0 0 0 0 0 0 0 68 0 0 0 0 0 189 
442 0 0 0 0 76 0 0 147 0 0 0 0 139 0 0 0 0 393 0 0 0 0 0 0 0 0 0 0 0 0 114 0 0 0 0 0 0 0 0 0 0 0 0 0 0 0 0 432 0 0 0 0 0 0 0 0 344 0 0 0 0 0 0 0 0 445 0 0 0 0 0 0 0 0 0 0 34 191 0 0 174 0 0 0 203 0 168 0 0 0 0 0 0 0 0 0 417 0 0 
0 0 0 0 0 67 0 180 0 0 0 35 0 0 0 0 0 0 0 0 0 0 0 0 0 0 386 0 0 0 0 48 0 0 0 378 0 0 0 0 0 61 0 0 0 0 0 432 0 0 0 0 0 0 0 0 0 0 498 0 0 0 44 0 0 0 0 0 0 141 0 0 0 0 0 0 74 0 0 0 0 186 0 0 146 0 0 0 112 0 0 0 0 0 0 0 0 0 0 0 
108 0 0 0 0 0 0 0 0 0 302 0 0 0 0 0 0 0 0 0 0 0 0 0 0 0 154 0 0 40 0 0 0 0 0 0 0 0 0 0 0 0 0 0 0 0 159 0 0 0 0 0 432 0 361 0 0 0 0 0 284 0 296 0 0 0 0 0 0 0 0 0 392 0 0 0 0 0 0 0 0 0 0 0 0 0 0 0 0 0 0 34 0 0 0 0 0 218 0 0 
0 0 0 0 0 0 0 0 0 0 25 0 0 0 0 260 0 0 0 0 0 0 0 0 0 0 0 0 0 0 0 0 0 0 0 0 0 0 0 0 1 33 454 0 0 0 164 0 0 0 0 0 0 0 0 421 0 0 0 0 0 489 0 0 368 0 0 0 0 0 277 0 0 0 0 0 475 0 0 442 0 0 0 0 0 0 355 0 0 0 0 0 0 0 0 0 0 0 0 0 
0 0 0 0 0 0 0 0 0 0 0 0 0 0 0 0 431 177 416 0 0 0 0 0 0 0 0 71 0 0 0 0 0 0 0 494 0 0 0 404 0 0 0 378 137 0 0 0 0 0 0 0 0 0 0 131 0 283 0 0 0 0 0 485 0 0 377 0 0 0 0 0 0 0 0 0 0 0 0 0 0 0 0 462 0 0 0 0 0 104 0 0 0 265 0 0 0 0 0 0 
0 0 0 0 0 0 0 0 0 0 0 0 0 0 0 0 0 235 0 232 0 0 0 0 0 0 0 0 74 0 0 0 0 0 0 0 0 0 0 0 0 0 0 0 0 0 0 0 0 432 0 0 0 353 0 0 0 0 0 0 0 0 100 0 0 0 0 0 0 0 0 0 0 0 350 0 0 0 0 0 0 0 0 0 0 0 0 0 0 0 0 0 0 240 458 0 0 0 0 0 
0 0 0 0 0 0 0 0 0 0 0 0 0 253 0 0 0 0 6 0 0 0 231 0 0 0 0 0 0 0 0 450 0 0 161 0 265 0 0 0 318 0 226 0 0 0 0 0 0 0 0 0 353 0 0 0 0 0 235 0 0 43 0 366 0 63 0 0 254 0 0 0 0 0 0 0 0 0 0 350 0 0 0 0 0 0 0 0 0 0 0 0 0 0 0 0 0 0 0 0 
0 0 0 0 64 0 0 0 0 0 0 0 0 0 0 0 0 438 0 0 0 0 0 0 0 0 0 0 0 0 0 0 0 0 0 0 0 0 0 0 0 0 390 0 0 0 0 0 0 361 0 0 0 0 0 0 0 0 0 0 0 0 0 0 170 0 0 0 313 0 89 0 0 0 0 0 0 0 466 0 0 87 0 0 0 0 0 0 0 38 0 0 0 0 0 0 0 0 0 0 
0 151 0 0 0 0 0 0 268 0 350 0 0 0 0 0 0 0 0 0 0 0 491 0 0 0 0 0 26 0 0 0 0 0 0 0 0 0 0 0 376 101 0 0 0 0 0 0 0 0 421 131 0 0 0 0 0 0 0 0 0 0 0 0 0 0 0 0 0 43 0 0 0 0 0 0 89 0 0 0 0 0 0 192 0 0 0 0 466 0 0 0 0 435 0 0 0 483 0 0 
0 0 0 0 0 0 0 0 0 317 0 0 0 428 0 0 0 0 0 0 0 343 0 0 0 0 0 0 0 0 0 0 0 0 0 0 178 231 0 0 0 0 0 0 0 0 0 0 0 0 0 0 0 0 0 0 0 298 0 401 0 0 0 0 463 433 0 0 0 0 208 0 0 382 0 315 0 0 0 0 0 0 0 0 211 0 0 0 0 0 0 0 0 0 0 0 0 407 0 0 
0 0 0 0 0 0 0 106 0 0 0 0 0 0 0 0 0 174 0 0 0 0 0 0 115 0 0 0 0 0 0 0 0 0 0 0 477 0 250 0 0 448 0 0 0 0 0 344 0 0 0 283 0 0 0 0 298 0 0 0 0 0 0 0 0 0 0 252 0 0 0 0 0 302 256 0 0 0 0 0 0 0 0 0 268 194 0 0 0 0 0 0 0 0 0 0 0 346 0 0 
0 0 0 0 0 0 0 0 0 0 0 0 0 0 0 0 220 0 0 0 0 0 0 0 0 165 0 0 0 471 0 0 154 0 457 0 0 149 0 0 0 0 0 0 0 0 0 0 498 0 0 0 0 235 0 0 0 0 0 0 0 0 246 0 0 0 0 0 0 0 0 0 44 0 0 0 0 0 0 0 420 0 0 0 0 0 0 0 386 0 24 0 0 0 0 0 308 0 0 0 
281 0 0 0 0 0 0 0 0 0 0 0 0 0 0 0 0 0 0 0 0 0 0 187 0 0 0 0 0 0 60 0 0 0 0 0 414 206 0 0 0 0 0 0 0 0 0 0 0 0 0 0 0 0 0 0 401 0 0 0 57 0 0 0 21 0 0 0 0 0 349 0 0 0 0 0 0 0 0 3 0 0 0 0 0 0 0 0 0 0 0 83 36 0 0 0 92 0 0 0 
0 0 0 0 0 0 0 0 0 0 0 474 0 0 0 0 0 0 0 0 494 0 0 0 0 0 0 0 0 0 0 0 427 0 0 368 0 0 0 121 0 0 0 0 0 0 0 0 0 284 0 0 0 0 0 0 0 0 0 57 0 392 0 0 0 0 0 0 0 0 313 0 276 0 0 0 0 0 0 116 0 0 0 0 0 0 0 0 0 285 0 0 0 467 0 410 0 0 0 0 
0 0 0 110 0 0 0 249 0 0 0 273 0 0 0 0 0 0 0 0 0 0 0 0 19 0 0 0 0 0 0 271 0 0 0 0 0 0 0 0 0 190 0 0 28 0 0 0 0 0 489 0 0 43 0 0 0 0 0 0 392 0 0 0 0 0 0 0 0 0 0 0 0 0 0 0 0 0 0 0 0 0 120 375 0 0 0 0 0 96 273 0 0 0 0 0 0 355 0 0 
0 0 0 0 0 0 85 392 458 0 0 0 0 0 0 0 0 0 0 0 0 0 0 0 0 0 0 0 0 0 0 0 25 0 0 0 0 0 0 0 0 0 0 0 0 0 0 0 44 296 0 0 100 0 0 0 0 0 246 0 0 0 0 0 0 0 0 0 0 0 0 349 0 0 0 0 0 0 0 0 0 0 0 0 0 0 0 487 0 0 223 0 22 0 270 0 0 0 0 0 
0 0 11 0 0 0 0 0 0 307 0 0 0 0 311 0 0 355 0 0 0 0 0 0 0 0 0 0 0 0 0 0 0 0 12 0 0 0 0 0 346 418 0 0 8 0 0 0 0 0 0 485 0 366 0 0 0 0 0 0 0 0 0 0 0 51 153 0 0 0 0 0 0 0 0 0 0 0 0 0 0 390 0 0 0 0 0 0 0 0 0 0 0 0 0 202 0 0 0 401 
0 0 0 0 0 0 0 0 0 0 0 0 0 0 0 0 0 0 0 0 0 0 0 0 0 0 0 0 0 0 0 0 0 0 0 0 0 0 0 0 268 0 0 0 0 498 0 0 0 0 368 0 0 0 170 0 463 0 0 21 0 0 0 0 0 0 0 0 0 17 0 0 0 469 0 0 0 0 0 0 0 0 0 0 205 0 147 0 0 0 0 0 0 0 0 443 228 0 0 0 
388 0 0 0 0 0 354 388 381 0 0 0 0 0 0 0 0 0 0 0 0 0 0 370 0 337 0 0 0 0 0 0 0 0 0 0 0 0 0 370 0 0 0 0 0 0 0 0 0 0 0 0 0 63 0 0 433 0 0 0 0 0 0 51 0 0 0 0 255 0 0 0 178 0 0 0 0 0 0 0 0 25 0 0 0 0 0 0 0 0 0 0 0 0 0 0 0 0 0 0 
478 0 427 0 0 0 0 0 0 319 0 339 0 0 0 0 0 0 0 0 0 0 0 0 0 0 0 73 0 0 0 0 0 0 12 431 0 0 0 0 0 0 0 0 0 0 143 445 0 0 0 377 0 0 0 0 0 0 0 0 0 0 0 153 0 0 0 0 0 0 0 0 0 0 0 59 0 0 0 0 0 0 147 0 0 304 165 0 0 0 0 0 0 0 0 0 0 0 0 0 
0 0 0 0 0 0 0 0 0 0 0 0 0 450 435 202 0 0 0 0 0 0 0 0 0 0 0 0 0 0 0 0 0 0 0 0 0 0 0 0 0 0 0 0 0 0 0 0 0 0 0 0 0 0 0 0 0 252 0 0 0 0 0 0 0 0 0 0 0 0 0 0 0 0 0 0 0 0 0 491 0 0 0 0 0 212 0 0 0 0 0 0 0 0 0 0 0 0 0 0 
0 0 0 24 0 355 0 60 0 0 0 0 310 0 0 0 0 0 0 0 0 0 0 0 122 0 0 0 0 161 0 0 85 0 138 158 0 0 0 0 0 0 0 0 0 0 0 0 0 0 0 0 0 254 313 0 0 0 0 0 0 0 0 0 0 255 0 0 0 382 0 0 0 0 0 0 0 0 0 0 0 0 0 0 0 0 0 0 0 0 105 0 0 0 0 0 222 0 0 0 
0 0 0 0 0 0 0 0 0 0 0 175 0 0 0 0 0 0 0 0 0 0 0 306 0 0 0 0 197 0 479 0 0 0 0 0 0 0 0 0 0 0 0 0 0 0 38 0 141 0 0 0 0 0 0 43 0 0 0 0 0 0 0 0 17 0 0 0 382 0 0 0 0 0 0 319 0 0 0 0 0 0 300 0 243 0 0 0 0 0 129 0 0 0 0 0 0 0 414 0 
0 0 204 0 0 0 0 0 0 0 0 0 0 0 0 0 0 0 0 201 470 0 0 0 0 0 435 0 0 55 0 0 0 0 0 0 0 0 0 0 222 0 0 0 0 0 0 0 0 0 277 0 0 0 89 0 208 0 0 349 313 0 0 0 0 0 0 0 0 0 0 0 125 0 0 0 0 0 0 0 0 0 410 0 321 0 0 0 0 0 0 0 0 0 0 120 0 0 0 0 
0 0 0 60 0 0 353 80 0 298 0 0 0 0 0 0 378 0 0 0 0 0 0 0 0 0 0 0 0 0 0 375 0 150 0 0 0 0 0 0 0 0 0 0 0 0 0 0 0 0 0 0 0 0 0 0 0 0 0 0 0 0 349 0 0 0 0 0 0 0 0 0 0 0 210 0 0 0 0 0 0 0 275 0 0 0 0 0 0 0 0 237 0 0 0 0 0 0 193 0 
0 0 0 0 0 0 0 0 0 0 0 0 477 0 0 0 0 0 0 446 0 0 0 0 0 0 0 0 0 0 0 0 174 0 0 0 0 0 0 0 0 0 0 0 0 406 0 0 0 392 0 0 0 0 0 0 0 0 44 0 276 0 0 0 0 178 0 0 0 0 125 0 0 0 362 0 0 0 0 0 0 0 0 493 0 0 165 0 0 73 0 0 0 0 284 0 0 0 0 111 
0 407 0 0 0 0 0 0 0 0 0 0 0 0 0 472 223 0 0 468 0 0 0 0 0 0 17 0 195 0 0 0 0 0 0 0 0 0 0 0 0 0 240 0 0 0 135 0 0 0 0 0 0 0 0 0 382 302 0 0 0 0 0 0 469 0 0 0 0 0 0 0 0 0 0 0 68 0 0 0 0 0 218 0 0 0 0 0 375 0 0 0 0 0 0 0 0 0 0 0 
0 0 0 0 0 0 0 0 0 479 0 0 329 0 0 0 0 0 0 0 0 0 0 0 0 0 0 0 0 0 0 0 0 0 177 0 0 0 0 0 0 0 0 0 0 0 339 0 0 0 0 0 350 0 0 0 0 256 0 0 0 0 0 0 0 0 0 0 0 0 0 210 362 0 0 0 343 0 0 0 187 0 0 172 0 0 353 0 0 0 0 0 0 0 0 416 0 0 459 0 
0 0 481 0 0 0 0 0 0 0 0 0 0 0 0 0 0 0 0 0 0 0 438 0 0 0 427 0 0 0 0 0 0 394 0 0 430 0 358 369 0 0 0 0 0 0 0 0 0 0 0 0 0 0 0 0 315 0 0 0 0 0 0 0 0 0 59 0 0 319 0 0 0 0 0 0 0 0 0 0 0 0 0 0 304 0 0 0 0 0 53 0 74 0 0 0 0 0 308 65 
146 0 0 0 0 0 0 0 242 0 0 0 0 0 0 0 0 0 0 0 0 0 0 0 0 0 0 426 0 0 0 0 0 0 0 0 0 0 0 0 0 0 0 0 203 0 461 0 74 0 475 0 0 0 0 89 0 0 0 0 0 0 0 0 0 0 0 0 0 0 0 0 0 68 343 0 0 0 0 0 423 0 0 348 0 0 0 397 0 0 0 0 0 0 274 61 0 0 0 0 
0 0 50 0 0 0 0 0 0 166 0 0 0 0 289 0 0 0 0 0 0 0 0 0 0 0 0 0 0 0 226 0 0 321 0 0 0 0 0 0 0 0 0 0 0 0 338 34 0 0 0 0 0 0 0 0 0 0 0 0 0 0 0 0 0 0 0 0 0 0 0 0 0 0 0 0 0 0 0 0 0 0 0 0 0 194 0 0 0 0 0 0 0 0 0 0 0 0 0 0 
0 0 0 0 0 0 0 0 0 0 0 0 0 0 336 0 0 0 0 0 0 0 0 0 369 42 0 0 0 0 0 0 41 0 0 0 145 0 0 52 0 0 0 189 0 0 0 191 0 0 0 0 0 0 466 0 0 0 0 0 0 0 0 0 0 0 0 0 0 0 0 0 0 0 0 0 0 0 0 0 0 0 0 0 0 0 126 0 489 0 0 0 0 9 0 0 0 230 310 132 
0 0 0 0 0 0 0 0 0 324 0 68 0 0 0 0 0 0 0 0 0 0 0 0 0 0 0 0 0 0 0 0 86 0 0 0 0 0 0 0 0 0 338 0 0 0 0 0 0 0 442 0 0 350 0 0 0 0 0 3 116 0 0 0 0 0 0 491 0 0 0 0 0 0 0 0 0 0 0 0 364 353 0 0 0 0 0 314 0 0 0 0 35 175 0 0 0 0 0 0 
449 0 0 0 0 0 0 0 0 0 0 0 20 0 0 0 0 0 0 0 0 0 0 0 0 126 0 0 0 0 0 0 0 178 0 0 0 0 0 289 286 342 0 0 0 0 0 0 0 0 0 0 0 0 0 0 0 0 420 0 0 0 0 0 0 0 0 0 0 0 0 0 0 0 187 0 423 0 0 364 0 0 0 0 0 0 0 0 0 0 0 167 0 0 0 187 0 0 0 247 
0 0 0 0 138 0 205 0 0 0 0 0 0 0 0 0 0 0 0 0 0 0 354 59 0 0 0 0 0 0 0 0 0 0 0 262 0 0 0 0 0 0 0 0 0 0 0 174 186 0 0 0 0 0 87 0 0 0 0 0 0 0 0 390 0 25 0 0 0 0 0 0 0 0 0 0 0 0 0 353 0 0 0 0 0 19 0 0 0 0 0 0 0 0 0 0 0 0 0 0 
338 0 0 0 0 0 0 0 25 0 481 0 0 0 0 0 0 0 202 0 0 0 0 0 276 0 0 0 0 0 200 194 0 0 0 0 0 0 0 0 0 477 163 0 0 0 0 0 0 0 0 0 0 0 0 0 0 0 0 0 0 120 0 0 0 0 147 0 0 300 410 275 0 218 0 0 0 0 0 0 0 0 0 0 0 0 0 0 0 0 0 0 0 0 0 0 0 0 0 0 
0 497 0 0 0 376 0 0 0 0 0 0 0 0 0 0 0 0 287 0 447 0 0 0 0 0 0 0 0 0 0 0 0 0 0 0 0 295 0 0 0 0 0 0 0 0 0 0 0 0 0 462 0 0 0 192 0 0 0 0 0 375 0 0 0 0 0 0 0 0 0 0 493 0 172 0 348 0 0 0 0 0 0 0 0 0 0 0 0 0 287 307 0 0 0 0 0 0 0 0 
0 0 0 0 0 0 0 0 0 0 0 0 0 0 0 0 0 0 0 0 0 0 124 0 0 0 0 0 335 0 391 0 0 0 0 0 0 0 0 0 328 0 0 0 139 0 195 0 146 0 0 0 0 0 0 0 211 268 0 0 0 0 0 0 205 0 0 0 0 243 321 0 0 0 0 304 0 0 0 0 0 0 0 0 0 0 0 0 0 258 0 0 0 0 0 0 455 0 0 0 
0 254 308 0 0 120 0 0 0 0 221 0 486 0 0 0 0 0 0 0 0 0 0 0 229 0 0 0 0 0 0 0 0 0 0 0 0 0 0 0 0 0 0 0 0 0 0 203 0 0 0 0 0 0 0 0 0 194 0 0 0 0 0 0 0 0 304 212 0 0 0 0 0 0 0 0 0 194 0 0 0 19 0 0 0 0 0 0 0 0 0 273 498 0 0 0 0 0 70 0 
0 0 0 325 0 0 0 0 0 0 0 330 0 0 0 0 0 0 0 0 338 0 0 0 0 0 0 0 0 0 0 0 0 0 0 0 0 0 0 0 0 0 307 0 0 184 0 0 0 0 355 0 0 0 0 0 0 0 0 0 0 0 0 0 147 0 165 0 0 0 0 0 165 0 353 0 0 0 126 0 0 0 0 0 0 0 0 0 0 0 50 40 0 0 0 0 0 0 171 0 
0 0 407 0 0 83 0 0 0 0 0 0 0 0 0 0 0 0 388 0 42 0 0 0 95 0 0 89 0 0 0 0 0 0 33 0 0 0 0 0 0 0 0 333 0 0 0 168 0 0 0 0 0 0 0 0 0 0 0 0 0 0 487 0 0 0 0 0 0 0 0 0 0 0 0 0 397 0 0 314 0 0 0 0 0 0 0 0 0 0 190 462 0 448 0 0 0 0 0 0 
378 0 0 0 0 0 0 61 0 0 0 0 0 0 0 0 170 0 0 0 0 0 0 366 0 0 0 0 0 0 0 0 0 0 0 0 0 205 0 0 0 0 0 0 0 412 0 0 112 0 0 0 0 0 0 466 0 0 386 0 0 0 0 0 0 0 0 0 0 0 0 0 0 375 0 0 0 0 489 0 0 0 0 0 0 0 0 0 0 0 0 0 320 0 0 0 146 0 0 0 
0 0 0 0 0 0 0 0 0 0 0 0 0 0 0 0 0 0 401 0 0 17 0 440 0 0 0 0 0 0 0 263 0 0 234 0 0 0 0 0 0 243 0 0 0 0 0 0 0 0 0 104 0 0 38 0 0 0 0 0 285 96 0 0 0 0 0 0 0 0 0 0 73 0 0 0 0 0 0 0 0 0 0 0 258 0 0 0 0 0 0 0 0 394 0 309 0 0 0 7 
0 0 0 129 0 164 0 0 283 0 0 0 0 0 0 0 0 0 343 0 0 0 0 0 0 39 0 0 0 138 0 0 0 0 0 0 0 0 0 0 0 0 0 0 0 0 0 0 0 0 0 0 0 0 0 0 0 0 24 0 0 273 223 0 0 0 0 0 105 129 0 0 0 0 0 53 0 0 0 0 0 0 0 287 0 0 50 190 0 0 0 0 0 0 0 0 0 0 0 0 
0 0 0 264 0 0 0 278 0 0 0 0 0 0 0 0 0 0 0 0 120 0 466 0 0 0 0 466 0 0 0 0 0 0 0 0 0 0 0 0 0 0 0 0 274 0 0 0 0 34 0 0 0 0 0 0 0 0 0 83 0 0 0 0 0 0 0 0 0 0 0 237 0 0 0 0 0 0 0 0 167 0 0 307 0 273 40 462 0 0 0 0 0 0 0 0 0 335 0 0 
0 0 0 0 0 0 0 290 0 0 0 0 0 0 0 0 214 0 0 0 0 0 0 432 0 0 0 0 0 0 326 0 0 0 0 0 0 0 0 0 0 0 0 0 0 0 0 0 0 0 0 0 0 0 0 0 0 0 0 36 0 0 22 0 0 0 0 0 0 0 0 0 0 0 0 74 0 0 0 35 0 0 0 0 0 498 0 0 320 0 0 0 0 0 0 0 0 181 0 0 
0 0 0 0 0 0 0 0 0 0 0 0 0 0 0 0 0 0 0 184 0 0 0 0 0 0 0 54 0 0 0 0 0 0 464 0 0 0 186 319 488 0 0 0 0 0 68 0 0 0 0 265 240 0 0 435 0 0 0 0 467 0 0 0 0 0 0 0 0 0 0 0 0 0 0 0 0 0 9 175 0 0 0 0 0 0 0 448 0 394 0 0 0 0 0 0 0 0 0 0 
0 0 0 0 0 0 0 0 0 0 82 0 0 0 229 443 377 296 0 0 197 200 0 0 0 0 0 451 0 11 354 0 0 0 0 0 0 417 0 0 0 0 0 0 0 0 0 0 0 0 0 0 458 0 0 0 0 0 0 0 0 0 270 0 0 0 0 0 0 0 0 0 284 0 0 0 274 0 0 0 0 0 0 0 0 0 0 0 0 0 0 0 0 0 0 0 0 0 0 0 
0 0 0 0 434 0 169 0 0 254 0 0 0 0 0 0 0 0 0 0 414 0 0 0 0 192 0 0 0 0 0 0 0 0 0 0 420 0 0 0 0 0 0 0 0 0 0 0 0 0 0 0 0 0 0 0 0 0 0 0 410 0 0 202 443 0 0 0 0 0 120 0 0 0 416 0 61 0 0 0 187 0 0 0 0 0 0 0 0 309 0 0 0 0 0 0 0 0 0 66 
0 0 68 0 0 0 0 0 0 0 0 0 0 0 0 0 388 0 0 0 318 0 0 0 0 116 0 0 0 172 0 0 0 49 0 0 426 0 0 0 0 0 0 0 0 0 0 0 0 0 0 0 0 0 0 0 0 0 308 92 0 0 0 0 228 0 0 0 222 0 0 0 0 0 0 0 0 0 0 0 0 0 0 0 455 0 0 0 146 0 0 0 0 0 0 0 0 0 0 0 
0 0 0 0 0 0 0 0 0 0 0 0 0 477 0 0 0 0 74 0 0 0 0 0 0 0 0 0 0 0 0 0 0 0 105 498 0 0 0 0 0 0 0 412 309 0 0 417 0 218 0 0 0 0 0 483 407 346 0 0 0 355 0 0 0 0 0 0 0 0 0 0 0 0 0 0 0 0 230 0 0 0 0 0 0 0 0 0 0 0 0 335 181 0 0 0 0 0 0 0 
0 0 0 0 0 219 0 0 0 0 0 129 0 0 0 62 0 0 0 0 0 45 0 0 495 0 0 0 0 0 0 0 0 0 115 137 0 0 0 0 0 0 0 0 369 0 0 0 0 0 0 0 0 0 0 0 0 0 0 0 0 0 0 0 0 0 0 0 0 414 0 193 0 0 459 308 0 0 310 0 0 0 0 0 0 70 171 0 0 0 0 0 0 0 0 0 0 0 0 0 
0 0 0 0 0 0 0 0 0 0 462 0 0 0 0 43 0 0 323 0 0 0 0 157 0 0 0 0 0 0 0 0 0 0 0 220 0 0 0 0 350 0 0 0 0 316 189 0 0 0 0 0 0 0 0 0 0 0 0 0 0 0 0 401 0 0 0 0 0 0 0 0 111 0 0 65 0 0 132 0 247 0 0 0 0 0 0 0 0 7 0 0 0 0 0 66 0 0 0 0 
