0 0 206 0 0 0 0 0 0 0 0 0 3 0 0 195 0 0 0 0 0 0 0 0 0 0 0 321 0 0 381 0 321 0 26 289 0 70 0 0 0 0 0 0 0 0 0 0 0 0 0 0 0 0 0 106 0 0 0 0 0 0 0 0 0 0 0 0 0 0 0 0 0 0 0 0 0 0 0 272 0 0 0 8 481 331 0 0 0 0 113 0 0 0 0 0 0 0 0 0 
0 0 0 101 0 420 0 0 0 0 0 0 0 0 0 0 80 0 0 0 0 0 246 179 0 0 0 0 0 0 0 0 224 0 0 0 0 154 0 0 0 0 0 0 0 0 0 0 18 0 0 0 0 0 0 256 0 302 0 0 0 0 0 0 0 320 0 0 0 0 0 0 0 0 0 280 0 0 0 351 0 0 0 0 0 0 0 317 0 0 0 0 0 0 0 0 0 0 0 0 
206 0 0 0 0 0 0 0 0 0 0 13 0 0 0 0 223 484 0 0 0 0 0 0 0 264 0 0 0 0 0 484 277 0 485 0 0 0 0 0 354 0 0 0 187 0 221 0 0 0 0 0 0 0 0 0 0 0 0 0 0 0 0 0 0 0 0 259 0 0 0 0 0 277 0 0 0 0 0 0 0 0 0 0 0 0 0 0 0 385 0 0 0 0 0 0 0 0 486 0 
0 101 0 0 0 0 0 0 0 0 0 0 0 0 0 0 0 0 0 0 0 0 0 0 397 0 0 0 0 0 0 0 7 0 0 0 415 0 192 0 0 69 0 470 333 0 0 0 0 0 0 0 0 0 0 0 334 0 0 0 0 0 0 0 240 0 0 0 138 0 0 0 0 101 0 0 0 0 0 0 0 0 0 0 0 0 316 0 0 435 256 0 0 0 0 0 0 0 0 0 
0 0 0 0 0 384 115 476 0 0 0 0 0 0 0 0 0 144 0 0 0 489 0 38 0 0 0 0 0 0 217 0 0 0 0 0 0 0 0 0 0 0 0 0 0 0 0 0 0 0 0 0 0 0 0 0 80 0 0 44 0 0 0 151 0 0 0 0 0 0 0 0 0 0 0 0 0 0 0 0 0 0 0 0 0 0 0 0 0 0 0 0 0 0 0 0 231 66 0 0 
0 420 0 0 384 0 0 151 0 0 0 0 0 0 0 0 0 0 0 0 0 363 0 0 0 0 0 0 0 0 18 0 0 0 0 0 0 0 0 491 0 0 0 0 0 0 0 0 0 0 0 0 0 0 0 0 286 118 0 0 0 0 0 0 0 0 0 0 0 313 0 0 0 14 0 0 0 0 0 0 0 0 0 0 0 0 0 0 251 0 0 0 0 0 0 0 433 0 0 0 
0 0 0 0 115 0 0 75 0 131 0 0 71 0 0 0 0 0 0 0 0 0 364 0 0 0 0 0 0 0 0 0 0 0 0 0 0 0 0 0 0 0 0 0 185 0 300 0 0 0 0 0 0 0 0 0 265 0 0 269 0 381 0 0 0 0 0 0 0 0 0 0 0 0 0 0 0 0 0 0 0 0 0 0 0 467 0 0 420 0 0 0 0 0 0 0 0 0 0 0 
0 0 0 0 476 151 75 0 0 0 364 0 0 334 0 0 0 0 0 0 0 0 0 0 0 0 0 0 0 0 0 0 0 0 42 0 0 0 0 0 0 0 0 0 0 0 0 0 145 171 65 0 0 0 0 0 0 0 0 261 0 0 0 0 386 0 0 0 0 0 0 0 0 0 0 0 0 0 258 0 0 0 0 0 0 346 0 0 160 0 0 0 192 0 0 0 0 0 0 0 
0 0 0 0 0 0 0 0 0 309 0 0 0 0 0 0 0 110 0 160 0 0 0 169 0 0 0 0 423 0 0 0 0 0 39 0 0 0 0 0 0 0 0 0 0 0 0 0 0 0 0 0 0 0 0 0 0 0 0 0 0 0 0 182 0 98 0 0 0 0 0 0 0 0 0 0 0 2 458 0 0 0 0 0 0 0 0 0 0 0 0 0 0 486 0 0 0 0 0 0 
0 0 0 0 0 0 131 0 309 0 0 0 298 0 0 0 0 0 0 0 0 0 82 0 0 0 433 0 0 0 0 0 0 0 0 417 0 0 435 0 0 0 0 0 0 0 0 0 0 0 0 0 0 0 0 0 0 335 0 233 0 0 0 0 0 0 0 0 0 0 0 0 0 0 0 0 0 0 0 0 29 0 100 0 287 0 0 0 0 0 0 383 0 0 0 0 0 0 0 0 
0 0 0 0 0 0 0 364 0 0 0 0 0 0 0 0 0 63 0 0 0 0 0 0 0 0 0 0 0 0 0 108 0 0 0 0 180 0 0 0 0 0 63 0 0 0 0 0 0 0 0 0 0 0 0 0 0 0 0 49 0 0 0 163 0 0 0 489 0 0 0 0 0 0 0 104 0 0 0 0 0 0 0 0 0 0 0 0 0 0 0 0 0 334 0 0 0 0 0 0 
0 0 13 0 0 0 0 0 0 0 0 0 0 0 0 0 0 0 0 489 154 0 0 84 0 0 195 197 75 0 0 0 0 0 235 0 0 0 0 0 0 0 0 121 0 0 0 0 0 0 0 0 0 263 352 0 0 0 0 0 0 0 170 0 0 0 0 0 0 0 0 0 0 0 0 0 0 0 0 0 0 0 0 0 0 0 0 0 0 70 0 0 0 484 0 113 0 0 0 0 
3 0 0 0 0 0 71 0 0 298 0 0 0 0 0 0 190 0 0 0 0 0 0 0 0 0 0 0 0 0 0 0 0 266 0 141 0 354 0 0 0 0 0 28 0 0 0 0 0 399 0 0 0 0 0 0 0 0 0 0 347 0 0 0 0 0 0 0 0 0 0 470 0 0 0 499 0 0 0 0 0 0 0 0 0 0 0 0 0 0 0 0 0 332 448 81 0 0 0 0 
0 0 0 0 0 0 0 334 0 0 0 0 0 0 114 311 28 0 0 0 0 0 0 0 69 0 0 0 0 0 0 0 0 0 0 0 0 0 0 0 0 0 0 0 183 334 0 0 0 0 0 0 334 0 0 0 0 7 0 0 0 0 0 8 0 0 0 0 0 0 0 492 0 0 0 0 0 0 0 0 0 0 0 0 0 0 127 0 0 0 0 0 0 0 0 181 0 0 0 186 
0 0 0 0 0 0 0 0 0 0 0 0 0 114 0 0 0 0 0 0 0 0 212 0 0 0 19 0 0 0 0 0 0 0 0 0 0 0 0 0 0 0 0 0 0 0 454 0 0 0 116 0 0 0 265 0 0 0 0 0 71 0 277 295 0 103 398 0 0 0 0 0 0 0 0 0 0 0 0 0 0 0 0 354 480 0 358 67 0 0 0 0 0 0 0 0 0 0 0 0 
195 0 0 0 0 0 0 0 0 0 0 0 0 311 0 0 0 0 0 0 0 0 0 281 0 0 0 0 0 0 0 0 0 0 0 0 0 0 0 0 0 0 0 0 0 0 0 0 0 0 38 0 0 0 0 203 0 0 0 0 0 0 0 31 240 0 104 0 0 0 0 0 0 349 0 0 0 0 0 0 0 0 404 0 0 0 0 310 0 0 259 0 0 0 0 0 0 0 0 0 
0 80 223 0 0 0 0 0 0 0 0 0 190 28 0 0 0 0 0 0 0 0 0 0 306 0 0 0 405 97 0 0 0 104 0 0 0 333 0 5 0 0 0 0 0 0 0 0 0 0 0 0 0 0 0 0 0 15 84 0 0 0 0 0 0 141 0 29 0 61 0 0 0 0 0 0 0 0 0 0 0 0 0 0 0 0 0 0 0 0 0 0 0 0 0 0 0 0 0 0 
0 0 484 0 144 0 0 0 110 0 63 0 0 0 0 0 0 0 0 0 0 0 405 0 0 0 0 0 0 0 0 0 0 0 0 0 0 0 0 0 0 0 0 0 0 117 0 0 0 0 0 0 0 0 0 0 0 0 0 0 206 121 0 0 0 0 0 0 391 0 0 0 0 0 0 0 326 0 0 0 0 0 221 0 25 360 0 0 0 0 0 0 0 0 54 0 301 0 0 0 
0 0 0 0 0 0 0 0 0 0 0 0 0 0 0 0 0 0 0 0 0 0 99 0 0 0 0 0 0 384 0 0 0 0 0 0 0 0 0 131 0 0 0 0 0 0 0 0 0 337 141 0 0 284 0 11 0 0 0 0 423 0 0 0 0 0 0 0 0 0 0 0 481 123 300 0 0 0 0 0 0 0 334 0 0 0 0 0 0 0 348 0 0 0 0 0 0 0 0 0 
0 0 0 0 0 0 0 0 160 0 0 489 0 0 0 0 0 0 0 0 0 0 243 0 0 0 0 21 0 0 0 0 0 0 0 0 0 328 0 0 0 158 0 0 0 0 0 0 77 0 0 437 250 0 0 0 0 0 0 0 0 0 0 0 0 0 0 405 0 0 0 0 0 0 0 0 0 0 0 59 185 0 0 329 0 0 0 0 0 0 0 0 461 0 227 0 0 0 0 0 
0 0 0 0 0 0 0 0 0 0 0 154 0 0 0 0 0 0 0 0 0 0 0 0 0 0 0 0 0 0 310 0 0 0 0 89 0 0 0 0 0 0 0 223 0 419 0 0 0 0 0 0 457 0 0 0 0 0 264 0 0 454 94 0 0 0 0 0 0 0 0 0 433 0 0 0 125 0 0 0 0 0 438 0 0 432 0 0 0 0 0 0 0 0 0 0 0 318 58 0 
0 0 0 0 489 363 0 0 0 0 0 0 0 0 0 0 0 0 0 0 0 0 0 0 307 0 0 0 405 0 0 0 99 0 0 171 0 0 27 0 0 0 99 0 0 0 0 0 0 0 0 224 0 49 0 0 0 0 0 0 0 0 0 0 0 0 0 0 0 187 0 0 0 0 0 271 0 0 250 0 0 0 0 0 117 0 0 0 8 0 0 0 0 0 0 0 0 0 0 0 
0 246 0 0 0 0 364 0 0 82 0 0 0 0 212 0 0 405 99 243 0 0 0 0 0 0 0 0 0 0 0 0 0 0 0 447 0 0 0 0 0 0 0 0 455 0 0 169 0 0 0 0 234 0 0 0 0 0 128 0 0 0 0 0 0 0 0 0 0 0 0 0 0 0 0 205 0 0 0 0 0 0 0 0 0 0 0 0 0 0 0 0 0 0 275 0 0 0 0 0 
0 179 0 0 38 0 0 0 169 0 0 84 0 0 0 281 0 0 0 0 0 0 0 0 0 30 0 221 0 0 307 0 0 0 0 0 0 0 227 0 0 0 0 0 0 0 0 0 0 0 0 0 0 0 0 0 0 0 20 0 0 0 0 0 0 0 0 0 0 0 0 0 0 0 343 0 0 0 0 0 0 0 0 0 0 0 0 109 0 0 196 0 0 50 0 0 0 5 0 0 
0 0 0 397 0 0 0 0 0 0 0 0 0 69 0 0 306 0 0 0 0 307 0 0 0 0 0 0 0 291 0 0 0 0 0 0 0 0 0 0 0 0 0 0 0 0 0 0 0 280 0 0 0 0 0 0 0 0 0 0 0 0 0 0 0 0 183 0 0 0 0 0 0 435 0 0 0 0 471 0 0 420 0 0 63 0 0 0 0 0 0 0 286 0 0 0 0 0 0 0 
0 0 264 0 0 0 0 0 0 0 0 0 0 0 0 0 0 0 0 0 0 0 0 30 0 0 0 0 0 0 0 0 0 0 0 0 241 0 0 0 0 166 0 0 0 0 436 0 0 0 0 0 0 0 0 0 0 0 0 0 0 406 0 0 0 0 0 0 290 0 0 0 0 0 0 0 0 0 0 0 0 0 0 0 0 0 0 0 0 0 0 18 0 0 0 432 0 0 0 0 
0 0 0 0 0 0 0 0 0 433 0 195 0 0 19 0 0 0 0 0 0 0 0 0 0 0 0 0 0 0 0 0 0 0 0 0 0 0 0 126 0 0 0 0 0 0 0 0 22 0 285 353 0 0 0 0 0 0 0 209 0 0 0 0 438 0 0 0 0 0 0 335 0 0 0 0 0 0 0 0 0 256 0 0 0 0 0 0 0 0 370 0 0 0 0 0 0 0 0 0 
321 0 0 0 0 0 0 0 0 0 0 197 0 0 0 0 0 0 0 21 0 0 0 221 0 0 0 0 0 402 62 0 0 0 0 428 366 0 0 0 0 0 427 0 0 0 0 0 411 0 0 8 0 0 0 0 0 0 0 0 0 0 0 0 0 0 0 0 0 0 0 0 284 331 0 0 0 0 0 0 0 0 0 0 0 0 0 0 0 461 0 0 0 96 0 0 0 0 0 0 
0 0 0 0 0 0 0 0 423 0 0 75 0 0 0 0 405 0 0 0 0 405 0 0 0 0 0 0 0 0 0 0 0 0 0 0 0 0 0 0 0 0 0 0 363 0 0 0 0 0 0 0 0 195 396 0 0 0 0 467 31 0 0 0 0 0 0 431 0 0 0 0 0 0 0 0 0 0 0 0 0 0 180 0 0 0 80 0 0 0 0 0 322 0 8 0 447 0 0 0 
0 0 0 0 0 0 0 0 0 0 0 0 0 0 0 0 97 0 384 0 0 0 0 0 291 0 0 402 0 0 106 0 0 322 0 0 0 0 0 0 0 0 0 0 0 0 0 0 0 0 110 0 0 0 0 0 0 0 0 56 264 0 0 0 0 0 0 0 0 0 0 0 0 0 0 0 0 0 0 0 0 0 314 0 0 0 0 0 417 0 0 0 0 0 0 0 0 0 0 0 
381 0 0 0 217 18 0 0 0 0 0 0 0 0 0 0 0 0 0 0 310 0 0 307 0 0 0 62 0 106 0 0 0 0 126 0 0 457 0 0 0 0 0 0 0 0 0 0 0 0 0 0 0 0 0 0 0 0 0 0 0 240 0 0 0 0 0 0 0 0 0 0 0 0 0 0 0 0 0 0 0 0 0 0 0 0 0 0 0 0 0 0 0 0 0 177 0 0 0 0 
0 0 484 0 0 0 0 0 0 0 108 0 0 0 0 0 0 0 0 0 0 0 0 0 0 0 0 0 0 0 0 0 0 0 0 0 0 0 0 0 0 0 0 0 0 0 0 0 0 0 13 0 0 0 0 0 0 0 0 0 0 0 126 0 0 0 372 0 0 46 0 245 0 0 0 0 0 0 0 0 28 0 302 0 76 0 0 0 0 105 0 0 0 0 113 117 205 0 0 0 
321 224 277 7 0 0 0 0 0 0 0 0 0 0 0 0 0 0 0 0 0 99 0 0 0 0 0 0 0 0 0 0 0 0 0 0 0 0 0 0 373 0 0 0 0 0 405 0 0 0 0 0 0 21 0 0 0 179 38 0 0 0 0 0 0 0 0 0 469 0 0 0 0 0 0 0 459 0 0 0 0 0 0 385 0 0 0 0 0 0 0 34 0 0 0 0 0 0 0 0 
0 0 0 0 0 0 0 0 0 0 0 0 266 0 0 0 104 0 0 0 0 0 0 0 0 0 0 0 0 322 0 0 0 0 0 55 0 0 0 0 0 0 0 0 0 0 148 377 0 0 0 0 0 64 0 0 0 0 0 0 47 0 0 0 0 0 155 0 307 0 0 0 0 0 0 32 0 0 0 0 0 0 0 0 0 0 0 0 0 0 0 0 0 0 0 0 0 0 0 0 
26 0 485 0 0 0 0 42 39 0 0 235 0 0 0 0 0 0 0 0 0 0 0 0 0 0 0 0 0 0 126 0 0 0 0 0 0 0 0 0 0 0 0 0 0 0 0 0 0 0 0 0 0 0 0 207 0 0 0 0 440 0 391 0 0 0 0 0 0 0 0 0 0 0 0 0 0 0 0 0 143 0 44 354 0 500 112 0 0 0 0 0 344 0 0 0 0 0 0 0 
289 0 0 0 0 0 0 0 0 417 0 0 141 0 0 0 0 0 0 0 89 171 447 0 0 0 0 428 0 0 0 0 0 55 0 0 0 0 0 0 0 283 0 0 0 0 0 0 0 0 0 0 0 0 0 0 0 196 0 128 0 0 0 0 0 259 0 232 0 0 0 0 0 291 0 0 0 0 0 0 0 0 0 0 0 0 0 0 0 0 0 0 0 0 0 0 0 36 0 0 
0 0 0 415 0 0 0 0 0 0 180 0 0 0 0 0 0 0 0 0 0 0 0 0 0 241 0 366 0 0 0 0 0 0 0 0 0 0 0 0 0 0 0 0 0 192 0 0 59 0 0 0 120 0 0 0 0 155 0 0 0 0 0 0 0 0 0 109 0 0 0 237 371 0 0 0 241 0 0 321 0 421 0 0 0 0 0 0 0 0 0 0 0 0 0 0 0 0 0 0 
70 154 0 0 0 0 0 0 0 0 0 0 354 0 0 0 333 0 0 328 0 0 0 0 0 0 0 0 0 0 457 0 0 0 0 0 0 0 0 0 0 0 0 0 0 0 0 0 0 0 128 0 0 0 75 0 0 135 0 0 0 0 0 0 0 196 0 0 0 0 0 0 0 0 0 0 0 0 0 0 0 0 0 0 0 405 0 86 176 0 0 0 0 0 0 0 0 0 0 0 
0 0 0 192 0 0 0 0 0 435 0 0 0 0 0 0 0 0 0 0 0 27 0 227 0 0 0 0 0 0 0 0 0 0 0 0 0 0 0 0 0 443 0 0 409 0 0 0 0 0 0 0 0 0 36 0 26 0 0 0 0 249 0 0 0 0 327 0 0 0 0 0 491 0 0 0 0 0 0 0 76 0 0 0 0 0 454 0 348 0 0 0 0 0 477 0 0 0 0 0 
0 0 0 0 0 491 0 0 0 0 0 0 0 0 0 0 5 0 131 0 0 0 0 0 0 0 126 0 0 0 0 0 0 0 0 0 0 0 0 0 0 0 0 0 0 0 0 0 0 0 0 0 0 0 0 0 0 97 340 0 270 0 0 0 0 0 0 0 0 0 0 209 0 0 0 0 0 0 0 0 0 0 0 0 346 0 0 221 0 222 0 0 0 0 0 0 0 0 0 272 
0 0 354 0 0 0 0 0 0 0 0 0 0 0 0 0 0 0 0 0 0 0 0 0 0 0 0 0 0 0 0 0 373 0 0 0 0 0 0 0 0 192 0 0 0 197 0 335 0 0 0 57 0 0 0 0 0 283 0 0 0 0 0 0 0 95 0 309 0 0 0 0 0 0 0 0 0 0 0 0 0 0 0 0 0 0 347 299 0 27 0 0 0 0 0 0 0 0 0 0 
0 0 0 69 0 0 0 0 0 0 0 0 0 0 0 0 0 0 0 158 0 0 0 0 0 166 0 0 0 0 0 0 0 0 0 283 0 0 443 0 192 0 0 0 0 0 0 0 0 183 0 0 0 0 0 0 0 0 0 0 0 0 82 0 0 0 0 69 0 144 0 0 0 0 0 0 0 0 0 0 0 0 0 0 0 0 0 0 0 0 0 0 119 469 0 0 0 170 0 0 
0 0 0 0 0 0 0 0 0 0 63 0 0 0 0 0 0 0 0 0 0 99 0 0 0 0 0 427 0 0 0 0 0 0 0 0 0 0 0 0 0 0 0 0 0 0 0 0 0 0 0 0 7 0 0 0 0 0 0 0 0 0 0 0 0 0 0 0 0 0 0 0 338 0 0 0 0 11 0 0 0 249 0 0 0 0 0 0 0 0 200 0 0 0 0 276 0 0 0 0 
0 0 0 470 0 0 0 0 0 0 0 121 28 0 0 0 0 0 0 0 223 0 0 0 0 0 0 0 0 0 0 0 0 0 0 0 0 0 0 0 0 0 0 0 0 0 0 0 0 0 0 0 287 0 0 0 92 0 0 0 0 357 0 0 0 0 0 0 415 0 0 143 0 0 0 0 472 0 85 0 0 0 0 0 0 118 127 0 288 0 0 0 0 0 0 0 0 0 70 0 
0 0 187 333 0 0 185 0 0 0 0 0 0 183 0 0 0 0 0 0 0 0 455 0 0 0 0 0 363 0 0 0 0 0 0 0 0 0 409 0 0 0 0 0 0 0 0 0 118 0 0 0 0 0 0 0 0 0 28 0 0 0 0 0 0 0 0 0 0 0 0 0 0 0 0 0 0 0 0 0 153 0 0 334 0 0 0 0 0 0 0 291 0 0 0 391 0 109 304 0 
0 0 0 0 0 0 0 0 0 0 0 0 0 334 0 0 0 117 0 0 419 0 0 0 0 0 0 0 0 0 0 0 0 0 0 0 192 0 0 0 197 0 0 0 0 0 0 389 110 0 0 0 0 426 0 0 0 0 337 0 0 0 0 0 0 0 0 0 0 19 0 79 0 0 0 435 230 0 0 0 207 215 0 0 0 0 0 0 0 0 0 0 0 0 0 0 0 0 0 0 
0 0 221 0 0 0 300 0 0 0 0 0 0 0 454 0 0 0 0 0 0 0 0 0 0 436 0 0 0 0 0 0 405 148 0 0 0 0 0 0 0 0 0 0 0 0 0 0 0 0 0 0 0 0 0 0 0 0 0 0 0 113 0 0 177 0 0 0 0 0 0 0 0 0 0 0 0 0 0 0 0 0 0 0 94 0 0 0 0 0 416 0 0 0 0 0 0 0 0 0 
0 0 0 0 0 0 0 0 0 0 0 0 0 0 0 0 0 0 0 0 0 0 169 0 0 0 0 0 0 0 0 0 0 377 0 0 0 0 0 0 335 0 0 0 0 389 0 0 0 0 0 0 12 0 0 0 0 0 342 0 0 0 482 0 0 0 149 0 0 203 0 0 0 0 0 0 0 0 339 357 271 0 467 0 0 0 0 0 0 0 0 47 0 0 0 472 0 0 0 0 
0 18 0 0 0 0 0 145 0 0 0 0 0 0 0 0 0 0 0 77 0 0 0 0 0 0 22 411 0 0 0 0 0 0 0 0 59 0 0 0 0 0 0 0 118 110 0 0 0 461 0 0 156 0 0 0 0 0 0 0 0 0 0 0 0 0 217 0 0 303 0 0 0 0 0 0 0 0 0 193 0 0 0 0 0 0 0 0 0 0 0 0 0 412 423 0 0 0 0 0 
0 0 0 0 0 0 0 171 0 0 0 0 399 0 0 0 0 0 337 0 0 0 0 0 280 0 0 0 0 0 0 0 0 0 0 0 0 0 0 0 0 183 0 0 0 0 0 0 461 0 0 0 0 337 0 225 0 0 0 362 0 0 0 0 0 0 0 0 0 0 0 0 421 343 0 0 0 322 161 0 0 0 0 0 0 0 0 74 0 0 0 0 243 0 0 0 0 0 0 0 
0 0 0 0 0 0 0 65 0 0 0 0 0 0 116 38 0 0 141 0 0 0 0 0 0 0 285 0 0 110 0 13 0 0 0 0 0 128 0 0 0 0 0 0 0 0 0 0 0 0 0 0 207 3 0 0 0 0 0 397 0 0 290 0 0 407 0 0 0 0 0 0 0 0 0 0 105 0 0 0 0 0 0 0 0 0 0 0 0 0 0 0 0 0 0 0 0 0 0 165 
0 0 0 0 0 0 0 0 0 0 0 0 0 0 0 0 0 0 0 437 0 224 0 0 0 0 353 8 0 0 0 0 0 0 0 0 0 0 0 0 57 0 0 0 0 0 0 0 0 0 0 0 0 0 0 0 0 367 0 64 0 415 0 430 0 0 0 0 0 0 0 65 357 0 0 0 0 0 0 0 0 0 0 0 0 0 0 0 0 0 0 0 0 0 61 0 375 205 0 0 
0 0 0 0 0 0 0 0 0 0 0 0 0 334 0 0 0 0 0 250 457 0 234 0 0 0 0 0 0 0 0 0 0 0 0 0 120 0 0 0 0 0 7 287 0 0 0 12 156 0 207 0 0 0 0 436 0 0 0 0 210 0 0 0 0 0 0 0 0 0 0 0 0 0 0 0 0 0 0 119 0 0 0 0 0 0 10 0 0 225 0 0 0 0 0 0 0 0 0 0 
0 0 0 0 0 0 0 0 0 0 0 263 0 0 0 0 0 0 284 0 0 49 0 0 0 0 0 0 195 0 0 0 21 64 0 0 0 0 0 0 0 0 0 0 0 426 0 0 0 337 3 0 0 0 0 0 0 0 0 0 0 0 0 0 0 0 0 0 363 424 0 0 0 0 0 0 147 426 0 0 414 0 0 0 0 0 0 0 0 0 0 0 0 0 0 0 0 349 0 0 
0 0 0 0 0 0 0 0 0 0 0 352 0 0 265 0 0 0 0 0 0 0 0 0 0 0 0 0 396 0 0 0 0 0 0 0 0 75 36 0 0 0 0 0 0 0 0 0 0 0 0 0 0 0 0 0 0 338 0 0 0 0 0 456 0 0 0 458 0 0 70 0 0 0 0 451 0 0 0 0 0 0 0 0 0 0 0 0 0 0 0 0 445 0 0 0 141 0 0 0 
106 256 0 0 0 0 0 0 0 0 0 0 0 0 0 203 0 0 11 0 0 0 0 0 0 0 0 0 0 0 0 0 0 0 207 0 0 0 0 0 0 0 0 0 0 0 0 0 0 225 0 0 436 0 0 0 0 0 0 0 0 0 0 0 0 0 9 0 0 0 423 0 0 0 0 0 264 0 0 0 0 241 0 0 62 0 488 0 0 0 0 0 0 0 0 0 0 0 0 488 
0 0 0 334 80 286 265 0 0 0 0 0 0 0 0 0 0 0 0 0 0 0 0 0 0 0 0 0 0 0 0 0 0 0 0 0 0 0 26 0 0 0 0 92 0 0 0 0 0 0 0 0 0 0 0 0 0 0 0 0 0 0 0 0 0 0 0 0 0 0 0 0 0 0 0 0 0 0 0 0 0 0 0 0 0 0 323 0 0 0 223 413 0 0 0 0 0 142 0 288 
0 302 0 0 0 118 0 0 0 335 0 0 0 7 0 0 15 0 0 0 0 0 0 0 0 0 0 0 0 0 0 0 179 0 0 196 155 135 0 97 283 0 0 0 0 0 0 0 0 0 0 367 0 0 338 0 0 0 0 0 0 0 0 0 0 0 0 0 0 0 0 0 0 0 0 0 0 0 0 0 0 0 0 0 0 0 0 0 0 0 0 0 0 0 0 0 0 0 0 0 
0 0 0 0 0 0 0 0 0 0 0 0 0 0 0 0 84 0 0 0 264 0 128 20 0 0 0 0 0 0 0 0 38 0 0 0 0 0 0 340 0 0 0 0 28 337 0 342 0 0 0 0 0 0 0 0 0 0 0 0 0 0 0 0 0 0 490 0 0 0 0 293 0 0 0 0 0 0 0 0 0 0 0 0 0 0 40 0 0 0 0 0 0 0 0 0 0 0 0 0 
0 0 0 0 44 0 269 261 0 233 49 0 0 0 0 0 0 0 0 0 0 0 0 0 0 0 209 0 467 56 0 0 0 0 0 128 0 0 0 0 0 0 0 0 0 0 0 0 0 362 397 64 0 0 0 0 0 0 0 0 0 0 0 0 0 0 0 228 0 0 0 0 0 0 0 0 0 0 0 261 0 0 0 0 0 0 0 0 0 0 0 0 0 0 0 0 0 0 462 0 
0 0 0 0 0 0 0 0 0 0 0 0 347 0 71 0 0 206 423 0 0 0 0 0 0 0 0 0 31 264 0 0 0 47 440 0 0 0 0 270 0 0 0 0 0 0 0 0 0 0 0 0 210 0 0 0 0 0 0 0 0 13 0 0 244 0 0 0 0 0 0 0 0 0 0 0 0 0 0 0 0 0 0 0 0 154 0 0 0 0 483 0 0 0 0 140 0 0 0 0 
0 0 0 0 0 0 381 0 0 0 0 0 0 0 0 0 0 121 0 0 454 0 0 0 0 406 0 0 0 0 240 0 0 0 0 0 0 0 249 0 0 0 0 357 0 0 113 0 0 0 0 415 0 0 0 0 0 0 0 0 13 0 0 205 0 0 0 0 0 0 0 0 83 0 0 0 0 0 72 0 0 0 0 0 0 0 0 0 0 0 0 0 0 0 0 0 441 0 403 0 
0 0 0 0 0 0 0 0 0 0 0 170 0 0 277 0 0 0 0 0 94 0 0 0 0 0 0 0 0 0 0 126 0 0 391 0 0 0 0 0 0 82 0 0 0 0 0 482 0 0 290 0 0 0 0 0 0 0 0 0 0 0 0 0 323 0 0 0 0 0 0 104 0 0 0 0 0 0 0 486 0 0 0 0 379 262 0 481 0 0 436 0 0 0 0 0 0 0 0 0 
0 0 0 0 151 0 0 0 182 0 163 0 0 8 295 31 0 0 0 0 0 0 0 0 0 0 0 0 0 0 0 0 0 0 0 0 0 0 0 0 0 0 0 0 0 0 0 0 0 0 0 430 0 0 456 0 0 0 0 0 0 205 0 0 0 0 0 0 0 0 369 236 0 0 0 0 0 0 0 312 0 0 0 0 0 0 0 0 214 0 0 0 0 0 0 0 0 62 297 0 
0 0 0 240 0 0 0 386 0 0 0 0 0 0 0 240 0 0 0 0 0 0 0 0 0 0 438 0 0 0 0 0 0 0 0 0 0 0 0 0 0 0 0 0 0 0 177 0 0 0 0 0 0 0 0 0 0 0 0 0 244 0 323 0 0 0 0 0 0 0 0 0 0 0 0 0 0 0 0 0 0 0 0 495 0 0 0 0 0 0 0 269 0 307 0 471 468 0 0 0 
0 320 0 0 0 0 0 0 98 0 0 0 0 0 103 0 141 0 0 0 0 0 0 0 0 0 0 0 0 0 0 0 0 0 0 259 0 196 0 0 95 0 0 0 0 0 0 0 0 0 407 0 0 0 0 0 0 0 0 0 0 0 0 0 0 0 0 0 0 0 0 453 0 0 379 0 0 0 0 309 0 0 0 362 0 0 55 0 0 0 38 0 0 0 141 0 0 0 0 0 
0 0 0 0 0 0 0 0 0 0 0 0 0 0 398 104 0 0 0 0 0 0 0 0 183 0 0 0 0 0 0 372 0 155 0 0 0 0 327 0 0 0 0 0 0 0 0 149 217 0 0 0 0 0 0 9 0 0 490 0 0 0 0 0 0 0 0 273 0 0 487 0 0 0 0 0 0 0 0 0 0 0 0 0 0 0 0 390 0 0 0 0 0 0 0 40 0 0 382 0 
0 0 259 0 0 0 0 0 0 0 489 0 0 0 0 0 29 0 0 405 0 0 0 0 0 0 0 0 431 0 0 0 0 0 0 232 109 0 0 0 309 69 0 0 0 0 0 0 0 0 0 0 0 0 458 0 0 0 0 228 0 0 0 0 0 0 273 0 0 0 0 0 0 0 0 0 0 0 15 0 0 0 0 0 0 219 0 0 0 0 0 0 184 0 0 0 0 0 0 0 
0 0 0 138 0 0 0 0 0 0 0 0 0 0 0 0 0 391 0 0 0 0 0 0 0 290 0 0 0 0 0 0 469 307 0 0 0 0 0 0 0 0 0 415 0 0 0 0 0 0 0 0 0 363 0 0 0 0 0 0 0 0 0 0 0 0 0 0 0 0 0 0 0 0 23 160 383 207 0 298 194 0 0 0 0 0 0 0 400 0 0 0 0 0 0 0 0 0 0 491 
0 0 0 0 0 313 0 0 0 0 0 0 0 0 0 0 61 0 0 0 0 187 0 0 0 0 0 0 0 0 0 46 0 0 0 0 0 0 0 0 0 144 0 0 0 19 0 203 303 0 0 0 0 424 0 0 0 0 0 0 0 0 0 0 0 0 0 0 0 0 0 0 0 0 0 0 0 0 0 0 0 0 0 0 0 0 0 0 0 0 0 0 315 362 0 0 0 0 0 0 
0 0 0 0 0 0 0 0 0 0 0 0 0 0 0 0 0 0 0 0 0 0 0 0 0 0 0 0 0 0 0 0 0 0 0 0 0 0 0 0 0 0 0 0 0 0 0 0 0 0 0 0 0 0 70 423 0 0 0 0 0 0 0 369 0 0 487 0 0 0 0 0 0 3 0 338 0 94 78 0 0 0 0 0 0 0 0 197 208 107 0 0 0 0 0 0 0 0 0 0 
0 0 0 0 0 0 0 0 0 0 0 0 470 492 0 0 0 0 0 0 0 0 0 0 0 0 335 0 0 0 0 245 0 0 0 0 237 0 0 209 0 0 0 143 0 79 0 0 0 0 0 65 0 0 0 0 0 0 293 0 0 0 104 236 0 453 0 0 0 0 0 0 0 0 0 0 0 0 0 0 0 0 61 0 0 0 0 0 0 0 0 0 0 0 0 0 0 474 0 0 
0 0 0 0 0 0 0 0 0 0 0 0 0 0 0 0 0 0 481 0 433 0 0 0 0 0 0 284 0 0 0 0 0 0 0 0 371 0 491 0 0 0 338 0 0 0 0 0 0 421 0 357 0 0 0 0 0 0 0 0 0 83 0 0 0 0 0 0 0 0 0 0 0 0 0 0 0 394 375 277 0 0 0 408 0 0 0 0 0 0 0 0 0 0 0 0 0 0 0 0 
0 0 277 101 0 14 0 0 0 0 0 0 0 0 0 349 0 0 123 0 0 0 0 0 435 0 0 331 0 0 0 0 0 0 0 291 0 0 0 0 0 0 0 0 0 0 0 0 0 343 0 0 0 0 0 0 0 0 0 0 0 0 0 0 0 0 0 0 0 0 3 0 0 0 330 0 242 105 0 0 0 0 0 0 0 0 0 0 0 0 0 0 0 0 44 0 0 13 0 0 
0 0 0 0 0 0 0 0 0 0 0 0 0 0 0 0 0 0 300 0 0 0 0 343 0 0 0 0 0 0 0 0 0 0 0 0 0 0 0 0 0 0 0 0 0 0 0 0 0 0 0 0 0 0 0 0 0 0 0 0 0 0 0 0 0 379 0 0 23 0 0 0 0 330 0 0 0 0 293 0 123 0 0 0 0 0 0 0 0 0 0 0 253 0 424 0 0 0 0 0 
0 280 0 0 0 0 0 0 0 0 104 0 499 0 0 0 0 0 0 0 0 271 205 0 0 0 0 0 0 0 0 0 0 32 0 0 0 0 0 0 0 0 0 0 0 435 0 0 0 0 0 0 0 0 451 0 0 0 0 0 0 0 0 0 0 0 0 0 160 0 338 0 0 0 0 0 0 0 0 0 148 0 0 0 0 174 0 0 163 0 0 0 0 0 0 0 0 0 0 0 
0 0 0 0 0 0 0 0 0 0 0 0 0 0 0 0 0 326 0 0 125 0 0 0 0 0 0 0 0 0 0 0 459 0 0 0 241 0 0 0 0 0 0 472 0 230 0 0 0 0 105 0 0 147 0 264 0 0 0 0 0 0 0 0 0 0 0 0 383 0 0 0 0 242 0 0 0 0 0 0 0 230 0 0 0 0 0 0 0 0 0 0 0 0 0 0 0 0 0 83 
0 0 0 0 0 0 0 0 2 0 0 0 0 0 0 0 0 0 0 0 0 0 0 0 0 0 0 0 0 0 0 0 0 0 0 0 0 0 0 0 0 0 11 0 0 0 0 0 0 322 0 0 0 426 0 0 0 0 0 0 0 0 0 0 0 0 0 0 207 0 94 0 394 105 0 0 0 0 0 0 0 0 102 0 0 0 0 0 0 290 91 0 0 0 0 0 283 0 0 452 
0 0 0 0 0 0 0 258 458 0 0 0 0 0 0 0 0 0 0 0 0 250 0 0 471 0 0 0 0 0 0 0 0 0 0 0 0 0 0 0 0 0 0 85 0 0 0 339 0 161 0 0 0 0 0 0 0 0 0 0 0 72 0 0 0 0 0 15 0 0 78 0 375 0 293 0 0 0 0 0 0 0 0 0 0 0 0 0 0 0 0 0 298 0 0 0 18 55 0 0 
272 351 0 0 0 0 0 0 0 0 0 0 0 0 0 0 0 0 0 59 0 0 0 0 0 0 0 0 0 0 0 0 0 0 0 0 321 0 0 0 0 0 0 0 0 0 0 357 193 0 0 0 119 0 0 0 0 0 0 261 0 0 486 312 0 309 0 0 298 0 0 0 277 0 0 0 0 0 0 0 0 0 0 0 0 0 0 0 0 0 0 453 0 0 458 0 0 0 0 0 
0 0 0 0 0 0 0 0 0 29 0 0 0 0 0 0 0 0 0 185 0 0 0 0 0 0 0 0 0 0 0 28 0 0 143 0 0 0 76 0 0 0 0 0 153 207 0 271 0 0 0 0 0 414 0 0 0 0 0 0 0 0 0 0 0 0 0 0 194 0 0 0 0 0 123 148 0 0 0 0 0 0 0 0 7 0 0 0 0 0 443 51 0 0 0 0 0 0 0 0 
0 0 0 0 0 0 0 0 0 0 0 0 0 0 0 0 0 0 0 0 0 0 0 0 420 0 256 0 0 0 0 0 0 0 0 0 421 0 0 0 0 0 249 0 0 215 0 0 0 0 0 0 0 0 0 241 0 0 0 0 0 0 0 0 0 0 0 0 0 0 0 0 0 0 0 0 230 0 0 0 0 0 180 0 0 0 0 0 142 0 0 0 335 0 0 0 485 0 0 0 
0 0 0 0 0 0 0 0 0 100 0 0 0 0 0 404 0 221 334 0 438 0 0 0 0 0 0 0 180 314 0 302 0 0 44 0 0 0 0 0 0 0 0 0 0 0 0 467 0 0 0 0 0 0 0 0 0 0 0 0 0 0 0 0 0 0 0 0 0 0 0 61 0 0 0 0 0 102 0 0 0 180 0 0 0 0 0 0 0 0 0 0 0 0 0 0 0 0 0 275 
8 0 0 0 0 0 0 0 0 0 0 0 0 0 354 0 0 0 0 329 0 0 0 0 0 0 0 0 0 0 0 0 385 0 354 0 0 0 0 0 0 0 0 0 334 0 0 0 0 0 0 0 0 0 0 0 0 0 0 0 0 0 0 0 495 362 0 0 0 0 0 0 408 0 0 0 0 0 0 0 0 0 0 0 0 0 0 0 0 0 0 0 0 0 0 0 0 0 49 0 
481 0 0 0 0 0 0 0 0 287 0 0 0 0 480 0 0 25 0 0 0 117 0 0 63 0 0 0 0 0 0 76 0 0 0 0 0 0 0 346 0 0 0 0 0 0 94 0 0 0 0 0 0 0 0 62 0 0 0 0 0 0 379 0 0 0 0 0 0 0 0 0 0 0 0 0 0 0 0 0 7 0 0 0 0 0 0 0 0 0 0 0 0 0 0 0 0 0 0 0 
331 0 0 0 0 0 467 346 0 0 0 0 0 0 0 0 0 360 0 0 432 0 0 0 0 0 0 0 0 0 0 0 0 0 500 0 0 405 0 0 0 0 0 118 0 0 0 0 0 0 0 0 0 0 0 0 0 0 0 0 154 0 262 0 0 0 0 219 0 0 0 0 0 0 0 174 0 0 0 0 0 0 0 0 0 0 0 0 0 111 0 0 0 0 0 0 0 0 0 0 
0 0 0 316 0 0 0 0 0 0 0 0 0 127 358 0 0 0 0 0 0 0 0 0 0 0 0 0 80 0 0 0 0 0 112 0 0 0 454 0 347 0 0 127 0 0 0 0 0 0 0 0 10 0 0 488 323 0 40 0 0 0 0 0 0 55 0 0 0 0 0 0 0 0 0 0 0 0 0 0 0 0 0 0 0 0 0 74 0 0 0 0 0 0 0 0 0 0 405 0 
0 317 0 0 0 0 0 0 0 0 0 0 0 0 67 310 0 0 0 0 0 0 0 109 0 0 0 0 0 0 0 0 0 0 0 0 0 86 0 221 299 0 0 0 0 0 0 0 0 74 0 0 0 0 0 0 0 0 0 0 0 0 481 0 0 0 390 0 0 0 197 0 0 0 0 0 0 0 0 0 0 0 0 0 0 0 74 0 0 0 5 0 0 0 0 0 0 0 0 474 
0 0 0 0 0 251 420 160 0 0 0 0 0 0 0 0 0 0 0 0 0 8 0 0 0 0 0 0 0 417 0 0 0 0 0 0 0 176 348 0 0 0 0 288 0 0 0 0 0 0 0 0 0 0 0 0 0 0 0 0 0 0 0 214 0 0 0 0 400 0 208 0 0 0 0 163 0 0 0 0 0 142 0 0 0 0 0 0 0 0 0 0 0 0 0 0 0 351 0 78 
0 0 385 435 0 0 0 0 0 0 0 70 0 0 0 0 0 0 0 0 0 0 0 0 0 0 0 461 0 0 0 105 0 0 0 0 0 0 0 222 27 0 0 0 0 0 0 0 0 0 0 0 225 0 0 0 0 0 0 0 0 0 0 0 0 0 0 0 0 0 107 0 0 0 0 0 0 290 0 0 0 0 0 0 0 111 0 0 0 0 0 0 0 0 0 0 0 0 0 136 
113 0 0 256 0 0 0 0 0 0 0 0 0 0 0 259 0 0 348 0 0 0 0 196 0 0 370 0 0 0 0 0 0 0 0 0 0 0 0 0 0 0 200 0 0 0 416 0 0 0 0 0 0 0 0 0 223 0 0 0 483 0 436 0 0 38 0 0 0 0 0 0 0 0 0 0 0 91 0 0 443 0 0 0 0 0 0 5 0 0 0 0 0 0 0 0 0 0 0 0 
0 0 0 0 0 0 0 0 0 383 0 0 0 0 0 0 0 0 0 0 0 0 0 0 0 18 0 0 0 0 0 0 34 0 0 0 0 0 0 0 0 0 0 0 291 0 0 47 0 0 0 0 0 0 0 0 413 0 0 0 0 0 0 0 269 0 0 0 0 0 0 0 0 0 0 0 0 0 0 453 51 0 0 0 0 0 0 0 0 0 0 0 0 0 301 0 0 0 0 0 
0 0 0 0 0 0 0 192 0 0 0 0 0 0 0 0 0 0 0 461 0 0 0 0 286 0 0 0 322 0 0 0 0 0 344 0 0 0 0 0 0 119 0 0 0 0 0 0 0 243 0 0 0 0 445 0 0 0 0 0 0 0 0 0 0 0 0 184 0 315 0 0 0 0 253 0 0 0 298 0 0 335 0 0 0 0 0 0 0 0 0 0 0 0 23 0 0 0 0 493 
0 0 0 0 0 0 0 0 486 0 334 484 332 0 0 0 0 0 0 0 0 0 0 50 0 0 0 96 0 0 0 0 0 0 0 0 0 0 0 0 0 469 0 0 0 0 0 0 412 0 0 0 0 0 0 0 0 0 0 0 0 0 0 0 307 0 0 0 0 362 0 0 0 0 0 0 0 0 0 0 0 0 0 0 0 0 0 0 0 0 0 0 0 0 0 0 0 0 205 469 
0 0 0 0 0 0 0 0 0 0 0 0 448 0 0 0 0 54 0 227 0 0 275 0 0 0 0 0 8 0 0 113 0 0 0 0 0 0 477 0 0 0 0 0 0 0 0 0 423 0 0 61 0 0 0 0 0 0 0 0 0 0 0 0 0 141 0 0 0 0 0 0 0 44 424 0 0 0 0 458 0 0 0 0 0 0 0 0 0 0 0 301 23 0 0 0 0 0 0 0 
0 0 0 0 0 0 0 0 0 0 0 113 81 181 0 0 0 0 0 0 0 0 0 0 0 432 0 0 0 0 177 117 0 0 0 0 0 0 0 0 0 0 276 0 391 0 0 472 0 0 0 0 0 0 0 0 0 0 0 0 140 0 0 0 471 0 40 0 0 0 0 0 0 0 0 0 0 0 0 0 0 0 0 0 0 0 0 0 0 0 0 0 0 0 0 0 0 0 0 0 
0 0 0 0 231 433 0 0 0 0 0 0 0 0 0 0 0 301 0 0 0 0 0 0 0 0 0 0 447 0 0 205 0 0 0 0 0 0 0 0 0 0 0 0 0 0 0 0 0 0 0 375 0 0 141 0 0 0 0 0 0 441 0 0 468 0 0 0 0 0 0 0 0 0 0 0 0 283 18 0 0 485 0 0 0 0 0 0 0 0 0 0 0 0 0 0 0 0 0 367 
0 0 0 0 66 0 0 0 0 0 0 0 0 0 0 0 0 0 0 0 318 0 0 5 0 0 0 0 0 0 0 0 0 0 0 36 0 0 0 0 0 170 0 0 109 0 0 0 0 0 0 205 0 349 0 0 142 0 0 0 0 0 0 62 0 0 0 0 0 0 0 474 0 13 0 0 0 0 55 0 0 0 0 0 0 0 0 0 351 0 0 0 0 0 0 0 0 0 41 0 
0 0 486 0 0 0 0 0 0 0 0 0 0 0 0 0 0 0 0 0 58 0 0 0 0 0 0 0 0 0 0 0 0 0 0 0 0 0 0 0 0 0 0 70 304 0 0 0 0 0 0 0 0 0 0 0 0 0 0 462 0 403 0 297 0 0 382 0 0 0 0 0 0 0 0 0 0 0 0 0 0 0 0 49 0 0 405 0 0 0 0 0 0 205 0 0 0 41 0 0 
0 0 0 0 0 0 0 0 0 0 0 0 0 186 0 0 0 0 0 0 0 0 0 0 0 0 0 0 0 0 0 0 0 0 0 0 0 0 0 272 0 0 0 0 0 0 0 0 0 0 165 0 0 0 0 488 288 0 0 0 0 0 0 0 0 0 0 0 491 0 0 0 0 0 0 0 83 452 0 0 0 0 275 0 0 0 0 474 78 136 0 0 493 469 0 0 367 0 0 0 
