0 0 0 0 0 0 269 0 0 0 0 0 0 0 0 0 0 0 0 0 35 0 0 0 0 112 0 0 0 0 0 0 161 0 0 0 0 0 0 0 0 109 0 0 0 0 0 0 0 0 0 0 0 0 0 0 0 267 0 0 0 0 0 0 0 0 0 0 159 0 0 0 0 0 0 202 0 199 0 0 152 0 0 0 0 0 0 281 0 0 0 0 162 0 0 232 32 0 0 0 
0 0 0 0 0 0 0 0 0 175 0 0 191 0 0 0 60 0 0 0 0 55 0 0 0 0 0 0 0 0 0 58 0 0 0 0 0 0 0 0 0 0 190 69 245 0 0 0 0 0 0 0 0 0 0 0 0 0 56 0 0 0 0 161 0 0 0 142 0 0 0 0 0 0 0 0 0 0 0 0 74 267 0 0 0 0 150 0 0 0 0 0 0 0 0 0 0 94 0 0 
0 0 0 0 0 0 0 0 0 0 0 0 0 0 0 0 211 0 0 0 0 0 183 0 0 0 0 0 0 51 0 0 0 0 0 0 93 0 0 0 0 0 0 0 0 0 175 0 0 0 0 0 186 0 173 111 0 0 0 0 190 0 0 154 0 0 0 0 0 0 0 274 0 0 0 42 0 0 0 0 0 0 0 0 32 0 0 0 0 0 0 0 0 0 0 0 0 184 186 0 
0 0 0 0 0 171 0 135 0 0 174 0 0 0 0 0 0 0 0 0 0 0 0 62 0 0 0 0 0 0 0 0 0 0 60 0 0 0 0 106 138 0 0 0 0 0 0 0 0 0 0 0 0 78 0 168 0 0 0 0 0 0 0 0 0 0 0 71 0 0 0 0 0 0 0 0 0 0 0 185 0 0 0 0 0 206 0 0 0 0 0 0 0 0 0 0 280 0 0 0 
0 0 0 0 0 0 0 0 0 120 207 0 0 0 57 0 0 0 215 0 0 32 0 0 0 0 0 0 0 0 0 0 0 0 0 0 0 0 0 0 0 0 0 44 0 0 0 0 0 124 0 0 0 0 0 296 0 9 0 0 0 0 0 189 0 0 0 0 250 0 0 0 0 100 0 132 0 0 0 0 0 0 237 0 0 0 0 0 0 0 59 0 0 0 0 0 0 0 0 0 
0 0 0 171 0 0 0 0 155 0 0 0 0 0 32 0 0 0 0 0 0 0 0 0 0 31 0 0 0 0 79 0 0 0 50 0 0 0 0 0 0 0 0 0 0 0 12 81 0 53 0 0 0 0 0 0 107 0 0 0 0 0 0 0 0 39 0 0 0 0 0 0 0 0 0 0 0 0 0 0 0 0 0 185 0 219 0 102 0 53 0 0 0 0 0 0 0 0 0 0 
269 0 0 0 0 0 0 0 0 127 0 0 0 0 0 0 0 167 0 0 0 0 0 0 170 0 294 0 179 0 0 0 0 145 0 0 0 0 0 0 137 0 0 0 0 0 0 0 0 0 0 0 0 276 0 0 0 0 0 0 0 210 0 0 191 0 0 0 0 0 0 63 0 0 0 0 0 0 0 0 0 0 0 0 0 0 0 0 0 85 0 0 0 0 0 0 0 158 241 0 
0 0 0 135 0 0 0 0 0 0 0 0 0 0 0 0 0 0 0 95 0 126 0 0 0 0 0 35 0 0 0 0 0 271 0 0 0 0 0 0 0 0 0 0 0 0 0 37 0 0 0 0 0 0 0 0 0 161 0 0 0 0 0 0 215 0 0 0 0 0 0 0 0 13 0 216 31 0 0 0 0 300 0 0 0 3 0 0 0 0 0 0 0 0 0 0 0 0 0 0 
0 0 0 0 0 155 0 0 0 0 208 0 0 0 0 0 0 0 0 0 0 0 279 0 0 0 0 0 0 0 0 0 0 233 0 0 0 0 0 0 114 0 0 0 0 0 0 0 0 276 0 0 0 0 0 0 0 0 0 53 0 0 0 0 0 25 33 0 0 0 0 0 0 249 0 44 0 0 0 0 0 0 0 0 0 0 0 100 0 0 0 0 0 0 25 0 181 0 0 0 
0 175 0 0 120 0 127 0 0 0 0 0 0 0 0 0 0 0 0 0 0 0 0 0 0 0 0 0 0 0 0 0 0 0 0 49 0 46 0 0 0 0 38 0 0 0 0 37 0 0 0 0 0 289 163 0 0 0 0 0 0 0 0 50 0 0 0 24 0 145 0 0 0 0 0 0 0 146 0 0 0 0 0 0 0 0 0 0 0 0 0 0 0 0 0 0 0 0 0 0 
0 0 0 174 207 0 0 0 208 0 0 0 287 0 0 0 150 0 0 0 0 0 0 0 0 0 0 0 0 0 0 0 0 0 0 0 0 0 43 0 0 0 0 0 0 0 0 0 0 0 0 0 0 257 0 0 0 0 5 0 0 0 0 0 40 0 0 0 0 0 0 0 0 251 0 0 0 0 0 0 0 0 0 208 233 0 0 0 0 0 7 0 0 0 0 255 0 0 0 249 
0 0 0 0 0 0 0 0 0 0 0 0 0 0 0 0 0 0 0 0 0 0 0 133 214 0 0 0 53 0 0 0 0 0 0 0 0 55 0 0 0 0 0 0 68 0 271 0 0 0 0 0 27 0 0 0 262 0 0 0 174 0 0 0 0 0 0 0 0 0 116 0 0 0 258 0 0 0 0 0 0 0 261 7 0 171 0 0 0 0 0 0 0 0 0 0 0 0 0 0 
0 191 0 0 0 0 0 0 0 0 287 0 0 0 0 0 44 0 0 0 0 0 0 0 0 0 0 0 0 0 0 182 0 0 0 0 0 0 0 199 0 0 0 0 0 0 0 0 0 0 0 0 0 0 283 0 0 0 0 0 0 0 0 0 0 0 0 0 0 0 0 0 0 0 0 67 0 0 53 0 0 0 0 0 0 224 0 0 0 0 0 0 0 0 0 0 0 0 0 0 
0 0 0 0 0 0 0 0 0 0 0 0 0 0 0 169 0 0 0 238 0 0 0 0 0 177 0 45 0 199 0 0 0 0 0 0 0 0 0 0 0 188 0 0 0 253 0 0 0 0 0 0 0 0 0 0 0 0 0 0 0 18 0 0 0 185 124 0 0 0 12 0 0 0 196 0 0 0 153 0 263 0 0 0 0 0 0 0 0 0 0 0 0 0 0 0 0 0 0 0 
0 0 0 0 57 32 0 0 0 0 0 0 0 0 0 70 0 0 0 0 0 0 0 0 0 0 0 0 80 0 33 0 0 0 0 261 0 0 186 0 0 0 0 77 0 0 0 0 0 0 0 0 0 0 0 0 0 0 0 38 0 0 0 0 9 0 0 103 0 0 0 0 0 0 130 0 0 0 0 0 0 0 0 0 0 0 0 0 0 0 0 0 0 0 0 0 0 0 0 0 
0 0 0 0 0 0 0 0 0 0 0 0 0 169 70 0 0 0 0 0 222 0 0 0 212 195 0 0 0 0 0 0 0 0 0 0 0 0 0 0 0 0 0 0 0 0 55 0 0 0 0 89 0 0 0 0 0 34 0 250 225 0 0 0 276 0 246 0 0 0 0 0 0 0 0 0 0 0 0 0 0 0 130 0 0 0 0 0 0 284 0 0 0 18 0 0 0 0 0 0 
0 60 211 0 0 0 0 0 0 0 150 0 44 0 0 0 0 0 0 0 0 0 0 0 0 0 0 0 0 0 0 0 0 0 0 0 77 0 0 0 0 0 0 0 0 0 0 0 0 0 0 0 0 0 0 0 0 79 40 0 0 0 0 0 0 0 218 127 0 0 0 0 0 0 0 0 0 0 0 0 32 0 0 0 0 0 0 77 98 0 0 0 246 0 144 0 47 0 0 0 
0 0 0 0 0 0 167 0 0 0 0 0 0 0 0 0 0 0 72 0 0 0 0 0 0 0 197 0 0 0 0 0 116 0 0 0 0 0 0 0 58 0 0 0 0 0 0 0 0 0 0 0 0 0 0 0 0 156 0 0 148 0 0 0 28 0 0 101 217 0 0 0 245 0 0 0 0 0 0 0 0 164 0 0 0 0 214 0 0 0 0 292 0 0 0 0 0 0 0 0 
0 0 0 0 215 0 0 0 0 0 0 0 0 0 0 0 0 72 0 0 0 0 0 231 6 0 0 0 0 0 0 0 0 0 0 0 0 0 0 0 0 77 0 166 0 69 0 0 0 0 0 61 132 0 0 0 92 182 0 0 0 0 0 0 0 0 0 0 0 0 0 0 0 0 0 0 0 161 0 0 0 0 0 0 18 0 0 232 0 0 0 0 0 0 0 0 0 0 0 187 
0 0 0 0 0 0 0 95 0 0 0 0 0 238 0 0 0 0 0 0 0 0 0 0 0 0 89 0 0 0 0 0 0 0 11 0 228 0 48 0 0 0 232 0 0 0 0 0 0 0 0 0 0 0 0 0 0 199 0 0 0 0 107 0 0 0 0 0 0 0 0 0 0 192 0 0 0 0 0 0 0 88 0 192 258 0 0 0 0 0 0 0 0 0 0 0 226 0 0 0 
35 0 0 0 0 0 0 0 0 0 0 0 0 0 0 222 0 0 0 0 0 0 0 0 0 0 0 95 121 0 0 0 0 97 0 0 0 0 0 0 0 0 0 0 0 0 0 0 0 0 0 0 0 0 0 182 0 0 0 0 0 0 0 256 0 0 0 0 0 0 0 0 0 0 0 0 0 0 26 0 21 0 0 0 0 0 13 0 0 0 95 256 0 0 220 0 0 0 0 0 
0 55 0 0 32 0 0 126 0 0 0 0 0 0 0 0 0 0 0 0 0 0 0 0 0 0 0 0 109 235 0 0 0 0 236 0 0 0 0 0 0 178 0 0 0 0 0 0 289 0 0 0 0 0 17 0 47 0 0 0 0 0 0 0 0 0 0 0 0 0 4 0 263 0 0 0 0 0 0 0 0 0 0 0 0 0 0 0 0 0 246 172 0 0 0 0 0 0 0 0 
0 0 183 0 0 0 0 0 279 0 0 0 0 0 0 0 0 0 0 0 0 0 0 0 0 256 0 0 0 0 0 269 0 197 0 0 0 0 0 0 0 79 0 0 37 0 0 0 0 0 0 0 293 0 0 0 0 0 0 0 0 0 0 0 0 0 158 0 0 0 0 0 0 0 0 0 0 221 0 0 0 0 0 0 0 0 0 280 0 200 0 0 0 0 0 188 0 0 0 0 
0 0 0 62 0 0 0 0 0 0 0 133 0 0 0 0 0 0 231 0 0 0 0 0 0 0 0 0 0 0 0 0 0 0 262 0 0 167 0 0 0 0 0 0 0 0 0 0 0 0 1 0 0 0 0 0 0 0 0 0 0 0 0 0 0 0 0 0 0 0 0 0 0 0 61 0 21 0 0 5 0 0 0 0 0 0 0 0 0 0 0 263 0 0 0 262 0 0 0 0 
0 0 0 0 0 0 170 0 0 0 0 214 0 0 0 212 0 0 6 0 0 0 0 0 0 0 0 15 0 0 0 233 0 0 0 41 0 264 0 141 0 0 0 0 0 0 0 0 0 0 0 0 0 0 0 0 0 0 0 0 0 0 0 0 0 0 0 217 0 0 0 0 0 0 136 0 222 0 208 0 0 0 0 190 0 0 0 0 0 0 0 218 0 0 0 0 0 0 0 0 
112 0 0 0 0 31 0 0 0 0 0 0 0 177 0 195 0 0 0 0 0 0 256 0 0 0 0 0 0 0 99 0 0 0 0 0 0 151 104 0 0 0 0 0 0 278 0 0 0 0 0 0 0 0 0 0 0 0 0 0 0 0 0 0 0 0 0 0 0 17 0 0 0 0 0 0 0 0 0 46 119 0 0 0 0 0 55 0 0 0 0 0 0 74 0 0 0 0 0 0 
0 0 0 0 0 0 294 0 0 0 0 0 0 0 0 0 0 197 0 89 0 0 0 0 0 0 0 0 103 0 0 0 233 0 0 0 0 0 0 0 0 0 163 0 0 202 0 0 0 0 0 0 0 0 0 62 0 0 0 0 0 0 0 99 0 0 0 0 0 0 0 0 0 0 0 0 287 0 0 248 0 0 0 0 0 295 257 0 0 0 0 0 0 0 0 0 71 0 53 0 
0 0 0 0 0 0 0 35 0 0 0 0 0 45 0 0 0 0 0 0 95 0 0 0 15 0 0 0 0 0 0 0 0 20 0 0 0 0 0 0 0 0 126 0 166 0 132 0 0 0 0 0 0 0 0 0 0 0 0 0 0 23 126 0 0 0 271 0 0 0 59 0 0 186 0 0 0 0 0 0 0 0 0 0 0 0 0 0 4 0 0 0 0 0 0 0 0 0 0 0 
0 0 0 0 0 0 179 0 0 0 0 53 0 0 80 0 0 0 0 0 121 109 0 0 0 0 103 0 0 0 0 0 0 0 0 0 0 0 29 0 0 0 0 0 0 0 0 0 0 142 0 0 0 0 163 0 0 0 64 0 0 0 0 0 0 0 0 0 0 0 0 0 149 0 0 0 0 0 0 0 0 89 184 0 0 0 0 0 0 0 0 0 0 0 26 0 0 0 228 0 
0 0 51 0 0 0 0 0 0 0 0 0 0 199 0 0 0 0 0 0 0 235 0 0 0 0 0 0 0 0 0 0 0 0 143 0 0 239 268 0 0 0 0 0 0 0 0 0 0 0 0 0 0 0 0 0 0 0 0 267 0 0 0 0 0 76 0 0 0 3 0 0 178 0 0 0 0 0 0 0 0 0 0 0 241 0 0 0 0 0 29 0 51 0 0 0 0 117 0 0 
0 0 0 0 0 79 0 0 0 0 0 0 0 0 33 0 0 0 0 0 0 0 0 0 0 99 0 0 0 0 0 0 0 0 149 0 0 0 0 0 0 0 0 0 0 0 0 43 10 0 0 0 0 0 89 94 0 0 0 0 0 0 0 0 0 0 0 0 0 0 0 0 0 277 0 0 0 0 0 18 0 0 0 137 0 0 0 0 0 126 0 186 0 0 0 0 183 20 0 0 
0 58 0 0 0 0 0 0 0 0 0 0 182 0 0 0 0 0 0 0 0 0 269 0 233 0 0 0 0 0 0 0 0 0 0 0 0 0 0 0 0 0 0 0 0 160 0 0 0 0 0 0 0 276 0 0 0 0 0 53 0 0 0 0 236 0 0 0 0 0 0 0 0 0 0 0 0 0 0 0 0 73 0 0 0 0 0 0 0 0 0 0 0 259 0 0 0 0 179 0 
161 0 0 0 0 0 0 0 0 0 0 0 0 0 0 0 0 116 0 0 0 0 0 0 0 0 233 0 0 0 0 0 0 0 0 0 59 0 0 0 0 0 0 0 0 176 0 0 0 0 0 0 0 0 0 0 0 0 0 0 0 0 0 0 88 0 0 288 0 0 0 0 145 246 0 0 0 0 0 179 0 0 0 0 0 0 0 0 0 0 0 0 0 0 0 0 162 0 62 0 
0 0 0 0 0 0 145 271 233 0 0 0 0 0 0 0 0 0 0 0 97 0 197 0 0 0 0 20 0 0 0 0 0 0 0 0 0 0 0 0 0 0 0 0 0 0 0 0 0 0 0 0 225 0 0 0 0 0 0 0 0 0 0 0 213 0 56 0 0 0 0 0 0 0 0 0 0 0 0 0 0 0 0 0 127 0 86 0 0 0 0 138 0 0 85 1 0 0 0 0 
0 0 0 60 0 50 0 0 0 0 0 0 0 0 0 0 0 0 0 11 0 236 0 262 0 0 0 0 0 143 149 0 0 0 0 0 34 0 265 0 246 0 0 0 0 0 0 0 0 83 0 0 0 0 0 0 0 0 0 0 0 0 62 0 0 0 0 0 0 0 0 0 0 0 0 0 0 86 0 0 0 0 0 0 0 0 0 54 0 0 0 0 0 171 0 0 0 0 0 0 
0 0 0 0 0 0 0 0 0 49 0 0 0 0 261 0 0 0 0 0 0 0 0 0 41 0 0 0 0 0 0 0 0 0 0 0 0 0 0 237 0 0 0 0 0 0 0 0 0 0 0 0 0 0 0 0 0 0 0 240 0 131 0 0 0 0 0 0 0 0 268 0 148 0 0 0 291 0 0 0 0 0 281 205 0 0 0 0 0 0 93 9 145 0 0 0 0 159 0 0 
0 0 93 0 0 0 0 0 0 0 0 0 0 0 0 0 77 0 0 228 0 0 0 0 0 0 0 0 0 0 0 0 59 0 34 0 0 0 0 0 0 0 0 1 212 0 0 0 0 0 27 129 0 0 0 0 0 0 0 265 0 0 213 0 0 0 0 0 0 7 0 0 0 0 0 0 0 0 0 0 0 0 0 0 0 247 0 0 0 0 0 0 0 0 0 0 0 0 0 0 
0 0 0 0 0 0 0 0 0 46 0 55 0 0 0 0 0 0 0 0 0 0 0 167 264 151 0 0 0 239 0 0 0 0 0 0 0 0 0 0 0 0 0 0 0 0 0 0 0 48 0 0 0 0 0 242 0 122 0 0 0 0 0 0 0 0 0 0 0 0 0 0 0 0 18 0 0 134 0 0 0 0 0 0 126 0 0 0 0 0 93 0 0 55 0 0 0 0 0 0 
0 0 0 0 0 0 0 0 0 0 43 0 0 0 186 0 0 0 0 48 0 0 0 0 0 104 0 0 29 268 0 0 0 0 265 0 0 0 0 0 0 0 0 69 0 286 0 0 0 0 0 0 0 0 0 0 223 0 0 0 0 0 0 0 0 178 0 0 0 0 0 0 149 293 0 0 0 0 0 0 0 0 0 0 0 0 177 0 0 0 0 0 0 0 0 99 0 0 0 0 
0 0 0 106 0 0 0 0 0 0 0 0 199 0 0 0 0 0 0 0 0 0 0 0 141 0 0 0 0 0 0 0 0 0 0 237 0 0 0 0 0 0 0 0 0 0 0 25 0 0 0 0 45 0 0 0 0 30 0 0 0 0 27 0 0 0 129 0 0 0 0 0 0 0 0 0 0 35 0 0 0 82 0 0 21 0 0 0 281 0 0 0 0 0 0 0 0 0 0 111 
0 0 0 138 0 0 137 0 114 0 0 0 0 0 0 0 0 58 0 0 0 0 0 0 0 0 0 0 0 0 0 0 0 0 246 0 0 0 0 0 0 0 0 0 0 0 295 0 0 90 132 0 0 21 0 200 0 0 0 0 0 0 0 0 0 0 0 0 0 0 39 0 234 0 0 0 0 0 0 2 118 0 0 0 0 0 0 0 0 71 0 0 0 0 0 0 0 0 0 0 
109 0 0 0 0 0 0 0 0 0 0 0 0 188 0 0 0 0 77 0 0 178 79 0 0 0 0 0 0 0 0 0 0 0 0 0 0 0 0 0 0 0 0 0 0 0 0 0 0 0 0 0 0 0 0 200 0 0 0 243 0 0 0 0 34 287 0 0 0 0 0 0 0 0 0 0 0 4 0 0 0 0 0 0 0 0 0 0 0 0 0 0 0 0 0 177 0 149 50 0 
0 190 0 0 0 0 0 0 0 38 0 0 0 0 0 0 0 0 0 232 0 0 0 0 0 0 163 126 0 0 0 0 0 0 0 0 0 0 0 0 0 0 0 73 0 0 0 0 0 0 25 0 0 0 0 119 0 0 0 244 0 0 0 0 0 0 0 0 0 0 263 241 0 0 0 0 0 0 0 0 0 0 74 0 0 0 0 0 0 0 0 0 0 0 0 0 0 0 0 0 
0 69 0 0 44 0 0 0 0 0 0 0 0 0 77 0 0 0 166 0 0 0 0 0 0 0 0 0 0 0 0 0 0 0 0 0 1 0 69 0 0 0 73 0 134 0 0 0 91 0 0 0 0 0 0 0 0 0 0 0 0 0 0 72 0 0 0 0 0 0 118 0 0 0 0 0 0 0 0 0 0 0 0 294 0 0 0 0 0 0 0 0 0 0 116 0 0 0 0 0 
0 245 0 0 0 0 0 0 0 0 0 68 0 0 0 0 0 0 0 0 0 0 37 0 0 0 0 166 0 0 0 0 0 0 0 0 212 0 0 0 0 0 0 134 0 0 0 0 0 0 104 0 0 0 0 0 2 0 64 0 0 0 0 0 0 0 0 0 0 0 0 0 127 0 0 0 0 0 0 144 0 0 0 0 0 0 0 0 0 0 0 0 0 0 0 0 0 0 0 0 
0 0 0 0 0 0 0 0 0 0 0 0 0 253 0 0 0 0 69 0 0 0 0 0 0 278 202 0 0 0 0 160 176 0 0 0 0 0 286 0 0 0 0 0 0 0 0 0 0 0 0 112 0 0 0 0 0 0 0 0 55 0 0 0 0 0 0 0 0 0 0 0 0 227 0 146 0 0 0 0 0 0 0 0 0 0 0 0 238 0 0 0 0 0 0 0 0 102 0 0 
0 0 175 0 0 12 0 0 0 0 0 271 0 0 0 55 0 0 0 0 0 0 0 0 0 0 0 132 0 0 0 0 0 0 0 0 0 0 0 0 295 0 0 0 0 0 0 32 0 55 0 0 0 0 0 0 256 0 0 0 0 194 0 0 0 0 0 0 0 0 0 0 0 158 117 0 0 137 0 0 0 0 0 0 0 0 0 0 0 12 0 115 0 0 0 0 0 0 0 0 
0 0 0 0 0 81 0 37 0 37 0 0 0 0 0 0 0 0 0 0 0 0 0 0 0 0 0 0 0 0 43 0 0 0 0 0 0 0 0 25 0 0 0 0 0 0 32 0 0 0 285 0 0 0 0 0 0 0 0 0 0 241 243 0 0 0 0 0 0 0 0 0 0 128 0 0 0 0 0 0 0 0 0 0 0 0 0 0 0 0 0 0 0 0 0 247 0 0 0 0 
0 0 0 0 0 0 0 0 0 0 0 0 0 0 0 0 0 0 0 0 0 289 0 0 0 0 0 0 0 0 10 0 0 0 0 0 0 0 0 0 0 0 0 91 0 0 0 0 0 0 0 0 0 0 0 0 0 0 0 0 0 0 0 45 0 0 162 0 0 0 0 0 0 0 0 16 214 0 43 32 0 0 0 115 72 0 0 6 0 0 0 0 0 0 0 0 0 0 0 195 
0 0 0 0 124 53 0 0 276 0 0 0 0 0 0 0 0 0 0 0 0 0 0 0 0 0 0 0 142 0 0 0 0 0 83 0 0 48 0 0 90 0 0 0 0 0 55 0 0 0 105 0 0 0 0 0 0 0 0 0 0 0 0 0 0 0 130 0 0 216 208 0 0 0 0 0 0 0 0 0 46 0 0 0 0 0 0 291 0 0 0 0 79 0 0 0 0 0 0 0 
0 0 0 0 0 0 0 0 0 0 0 0 0 0 0 0 0 0 0 0 0 0 0 1 0 0 0 0 0 0 0 0 0 0 0 0 27 0 0 0 132 0 25 0 104 0 0 285 0 105 0 0 0 0 75 60 0 0 0 0 0 178 0 0 0 165 225 0 0 0 0 0 0 0 0 0 0 0 0 0 0 0 0 291 0 0 25 0 0 0 116 0 0 0 0 0 0 0 0 0 
0 0 0 0 0 0 0 0 0 0 0 0 0 0 0 89 0 0 61 0 0 0 0 0 0 0 0 0 0 0 0 0 0 0 0 0 129 0 0 0 0 0 0 0 0 112 0 0 0 0 0 0 0 0 0 0 0 0 0 0 0 0 261 0 0 127 0 0 0 45 0 0 0 0 0 0 0 0 161 0 0 0 266 0 0 214 0 177 0 0 0 0 252 0 0 0 0 211 0 0 
0 0 186 0 0 0 0 0 0 0 0 27 0 0 0 0 0 0 132 0 0 0 293 0 0 0 0 0 0 0 0 0 0 225 0 0 0 0 0 45 0 0 0 0 0 0 0 0 0 0 0 0 0 0 0 0 0 0 0 0 0 0 253 24 0 0 0 0 0 0 0 0 0 0 17 0 0 0 0 0 0 0 0 0 0 0 0 0 0 0 0 0 0 0 0 0 77 0 0 0 
0 0 0 78 0 0 276 0 0 289 257 0 0 0 0 0 0 0 0 0 0 0 0 0 0 0 0 0 0 0 0 276 0 0 0 0 0 0 0 0 21 0 0 0 0 0 0 0 0 0 0 0 0 0 0 162 0 0 0 0 0 0 0 0 0 0 0 0 0 0 0 84 0 0 0 0 0 0 0 0 0 0 0 97 0 0 0 0 0 0 0 0 0 0 0 0 0 0 0 0 
0 0 173 0 0 0 0 0 0 163 0 0 283 0 0 0 0 0 0 0 0 17 0 0 0 0 0 0 163 0 89 0 0 0 0 0 0 0 0 0 0 0 0 0 0 0 0 0 0 0 75 0 0 0 0 0 0 0 0 0 0 59 0 0 0 0 0 0 0 228 0 290 283 0 0 18 0 0 0 83 86 0 0 0 0 0 0 0 0 0 0 297 0 0 0 0 0 0 0 0 
0 0 111 168 296 0 0 0 0 0 0 0 0 0 0 0 0 0 0 0 182 0 0 0 0 0 62 0 0 0 94 0 0 0 0 0 0 242 0 0 200 200 119 0 0 0 0 0 0 0 60 0 0 162 0 0 0 0 0 0 0 0 0 0 0 205 0 0 0 0 0 0 0 0 0 0 138 0 0 0 0 0 0 0 0 0 0 0 0 0 0 0 0 0 0 172 0 0 0 0 
0 0 0 0 0 107 0 0 0 0 0 262 0 0 0 0 0 0 92 0 0 47 0 0 0 0 0 0 0 0 0 0 0 0 0 0 0 0 223 0 0 0 0 0 2 0 256 0 0 0 0 0 0 0 0 0 0 0 0 0 0 0 0 0 0 0 0 0 0 0 0 0 0 0 0 0 0 297 0 183 207 0 0 0 0 0 0 0 0 0 0 0 0 0 0 0 0 0 0 0 
267 0 0 0 9 0 0 161 0 0 0 0 0 0 0 34 79 156 182 199 0 0 0 0 0 0 0 0 0 0 0 0 0 0 0 0 0 122 0 30 0 0 0 0 0 0 0 0 0 0 0 0 0 0 0 0 0 0 0 0 0 0 0 0 0 0 0 0 0 0 0 0 0 0 0 0 0 0 0 216 0 0 0 0 0 0 0 0 0 0 5 0 0 0 132 0 0 0 0 0 
0 56 0 0 0 0 0 0 0 0 5 0 0 0 0 0 40 0 0 0 0 0 0 0 0 0 0 0 64 0 0 0 0 0 0 0 0 0 0 0 0 0 0 0 64 0 0 0 0 0 0 0 0 0 0 0 0 0 0 0 0 0 0 0 0 0 0 0 0 0 0 51 281 0 13 0 0 0 0 0 0 0 0 0 0 0 0 0 163 207 45 0 0 0 0 0 0 0 0 286 
0 0 0 0 0 0 0 0 53 0 0 0 0 0 38 250 0 0 0 0 0 0 0 0 0 0 0 0 0 267 0 53 0 0 0 240 265 0 0 0 0 243 244 0 0 0 0 0 0 0 0 0 0 0 0 0 0 0 0 0 0 0 0 0 0 0 0 0 286 0 0 0 0 0 0 0 0 0 0 0 0 0 66 0 0 0 0 0 0 0 0 0 7 0 0 0 0 0 0 77 
0 0 190 0 0 0 0 0 0 0 0 174 0 0 0 225 0 148 0 0 0 0 0 0 0 0 0 0 0 0 0 0 0 0 0 0 0 0 0 0 0 0 0 0 0 55 0 0 0 0 0 0 0 0 0 0 0 0 0 0 0 0 0 0 0 0 0 0 117 0 0 0 0 0 0 0 97 0 0 0 0 0 56 0 0 0 0 0 150 0 0 0 0 0 0 0 0 0 158 0 
0 0 0 0 0 0 210 0 0 0 0 0 0 18 0 0 0 0 0 0 0 0 0 0 0 0 0 23 0 0 0 0 0 0 0 131 0 0 0 0 0 0 0 0 0 0 194 241 0 0 178 0 0 0 59 0 0 0 0 0 0 0 0 109 0 0 0 0 0 0 0 0 0 0 0 0 122 0 0 0 0 160 0 0 0 0 0 0 0 0 0 0 0 131 0 0 0 0 0 0 
0 0 0 0 0 0 0 0 0 0 0 0 0 0 0 0 0 0 0 107 0 0 0 0 0 0 0 126 0 0 0 0 0 0 62 0 213 0 0 27 0 0 0 0 0 0 0 243 0 0 0 261 253 0 0 0 0 0 0 0 0 0 0 0 0 0 0 0 0 0 215 204 0 251 0 0 0 0 0 297 0 0 74 0 0 0 272 0 0 0 0 161 0 0 0 0 0 0 0 0 
0 161 154 0 189 0 0 0 0 50 0 0 0 0 0 0 0 0 0 0 256 0 0 0 0 0 99 0 0 0 0 0 0 0 0 0 0 0 0 0 0 0 0 72 0 0 0 0 45 0 0 0 24 0 0 0 0 0 0 0 0 109 0 0 0 0 0 0 0 0 206 0 0 0 0 60 289 0 0 0 0 0 0 0 0 0 0 139 0 234 0 0 0 0 0 0 0 0 0 0 
0 0 0 0 0 0 191 215 0 0 40 0 0 0 9 276 0 28 0 0 0 0 0 0 0 0 0 0 0 0 0 236 88 213 0 0 0 0 0 0 0 34 0 0 0 0 0 0 0 0 0 0 0 0 0 0 0 0 0 0 0 0 0 0 0 0 0 0 0 237 0 0 0 0 84 0 0 270 137 0 0 0 0 0 0 0 0 0 0 0 0 0 0 0 0 18 0 0 0 0 
0 0 0 0 0 39 0 0 25 0 0 0 0 185 0 0 0 0 0 0 0 0 0 0 0 0 0 0 0 76 0 0 0 0 0 0 0 0 178 0 0 287 0 0 0 0 0 0 0 0 165 127 0 0 0 205 0 0 0 0 0 0 0 0 0 0 0 93 0 0 0 0 0 115 0 0 0 0 0 0 0 0 0 0 39 299 161 0 0 0 0 36 0 0 0 0 0 0 0 0 
0 0 0 0 0 0 0 0 33 0 0 0 0 124 0 246 218 0 0 0 0 0 158 0 0 0 0 271 0 0 0 0 0 56 0 0 0 0 0 129 0 0 0 0 0 0 0 0 162 130 225 0 0 0 0 0 0 0 0 0 0 0 0 0 0 0 0 0 0 199 0 0 0 0 0 0 0 0 28 0 0 0 0 0 172 0 0 0 0 0 211 0 0 0 0 0 0 0 0 0 
0 142 0 71 0 0 0 0 0 24 0 0 0 0 103 0 127 101 0 0 0 0 0 0 217 0 0 0 0 0 0 0 288 0 0 0 0 0 0 0 0 0 0 0 0 0 0 0 0 0 0 0 0 0 0 0 0 0 0 0 0 0 0 0 0 93 0 0 0 0 52 0 85 0 181 0 0 0 0 0 0 0 142 0 0 0 0 0 0 168 0 0 0 0 0 66 0 0 0 0 
159 0 0 0 250 0 0 0 0 0 0 0 0 0 0 0 0 217 0 0 0 0 0 0 0 0 0 0 0 0 0 0 0 0 0 0 0 0 0 0 0 0 0 0 0 0 0 0 0 0 0 0 0 0 0 0 0 0 0 286 117 0 0 0 0 0 0 0 0 4 0 0 0 0 0 70 0 0 0 0 0 297 0 0 0 0 0 0 0 0 0 0 0 0 0 0 0 0 0 0 
0 0 0 0 0 0 0 0 0 145 0 0 0 0 0 0 0 0 0 0 0 0 0 0 0 17 0 0 0 3 0 0 0 0 0 0 7 0 0 0 0 0 0 0 0 0 0 0 0 216 0 45 0 0 228 0 0 0 0 0 0 0 0 0 237 0 199 0 4 0 0 52 0 0 0 0 221 0 0 0 0 85 0 0 0 0 0 0 0 0 0 0 0 0 0 0 0 290 0 33 
0 0 0 0 0 0 0 0 0 0 0 116 0 12 0 0 0 0 0 0 0 4 0 0 0 0 0 59 0 0 0 0 0 0 0 268 0 0 0 0 39 0 263 118 0 0 0 0 0 208 0 0 0 0 0 0 0 0 0 0 0 0 215 206 0 0 0 52 0 0 0 0 0 0 0 0 0 0 0 0 0 0 0 259 0 0 0 0 0 0 0 0 0 0 0 0 21 118 0 0 
0 0 274 0 0 0 63 0 0 0 0 0 0 0 0 0 0 0 0 0 0 0 0 0 0 0 0 0 0 0 0 0 0 0 0 0 0 0 0 0 0 0 241 0 0 0 0 0 0 0 0 0 0 84 290 0 0 0 51 0 0 0 204 0 0 0 0 0 0 52 0 0 0 0 0 0 0 0 0 0 0 0 158 0 0 0 0 0 283 0 0 0 0 0 0 0 0 0 0 281 
0 0 0 0 0 0 0 0 0 0 0 0 0 0 0 0 0 245 0 0 0 263 0 0 0 0 0 0 149 178 0 0 145 0 0 148 0 0 149 0 234 0 0 0 127 0 0 0 0 0 0 0 0 0 283 0 0 0 281 0 0 0 0 0 0 0 0 85 0 0 0 0 0 0 0 0 0 7 0 0 263 0 0 0 0 0 0 0 0 0 0 0 284 0 0 0 0 0 0 0 
0 0 0 0 100 0 0 13 249 0 251 0 0 0 0 0 0 0 0 192 0 0 0 0 0 0 0 186 0 0 277 0 246 0 0 0 0 0 293 0 0 0 0 0 0 227 158 128 0 0 0 0 0 0 0 0 0 0 0 0 0 0 251 0 0 115 0 0 0 0 0 0 0 0 0 0 0 0 0 78 0 0 0 0 0 0 0 0 0 0 0 0 0 0 0 0 0 0 0 0 
0 0 0 0 0 0 0 0 0 0 0 258 0 196 130 0 0 0 0 0 0 0 0 61 136 0 0 0 0 0 0 0 0 0 0 0 0 18 0 0 0 0 0 0 0 0 117 0 0 0 0 0 17 0 0 0 0 0 13 0 0 0 0 0 84 0 0 181 0 0 0 0 0 0 0 0 0 0 0 0 0 0 0 0 0 0 0 31 0 0 225 0 0 0 0 0 2 0 291 0 
202 0 42 0 132 0 0 216 44 0 0 0 67 0 0 0 0 0 0 0 0 0 0 0 0 0 0 0 0 0 0 0 0 0 0 0 0 0 0 0 0 0 0 0 0 146 0 0 16 0 0 0 0 0 18 0 0 0 0 0 0 0 0 60 0 0 0 0 70 0 0 0 0 0 0 0 0 0 0 0 0 0 0 0 0 0 0 0 0 0 0 0 0 0 0 0 0 0 111 0 
0 0 0 0 0 0 0 31 0 0 0 0 0 0 0 0 0 0 0 0 0 0 0 21 222 0 287 0 0 0 0 0 0 0 0 291 0 0 0 0 0 0 0 0 0 0 0 0 214 0 0 0 0 0 0 138 0 0 0 0 97 122 0 289 0 0 0 0 0 221 0 0 0 0 0 0 0 0 0 0 0 0 0 0 0 0 0 0 0 103 88 0 206 41 0 0 0 0 0 0 
199 0 0 0 0 0 0 0 0 146 0 0 0 0 0 0 0 0 161 0 0 0 221 0 0 0 0 0 0 0 0 0 0 0 86 0 0 134 0 35 0 4 0 0 0 0 137 0 0 0 0 0 0 0 0 0 297 0 0 0 0 0 0 0 270 0 0 0 0 0 0 0 7 0 0 0 0 0 0 0 0 0 0 0 0 0 0 264 0 0 94 0 0 0 0 0 0 0 188 0 
0 0 0 0 0 0 0 0 0 0 0 0 53 153 0 0 0 0 0 0 26 0 0 0 208 0 0 0 0 0 0 0 0 0 0 0 0 0 0 0 0 0 0 0 0 0 0 0 43 0 0 161 0 0 0 0 0 0 0 0 0 0 0 0 137 0 28 0 0 0 0 0 0 0 0 0 0 0 0 0 11 30 0 0 160 153 0 0 0 0 0 0 0 0 0 0 62 0 83 0 
0 0 0 185 0 0 0 0 0 0 0 0 0 0 0 0 0 0 0 0 0 0 0 5 0 46 248 0 0 0 18 0 179 0 0 0 0 0 0 0 2 0 0 0 144 0 0 0 32 0 0 0 0 0 83 0 183 216 0 0 0 0 297 0 0 0 0 0 0 0 0 0 0 78 0 0 0 0 0 0 0 0 0 196 0 0 0 0 0 0 0 0 0 0 0 0 0 0 0 0 
152 74 0 0 0 0 0 0 0 0 0 0 0 263 0 0 32 0 0 0 21 0 0 0 0 119 0 0 0 0 0 0 0 0 0 0 0 0 0 0 118 0 0 0 0 0 0 0 0 46 0 0 0 0 86 0 207 0 0 0 0 0 0 0 0 0 0 0 0 0 0 0 263 0 0 0 0 0 11 0 0 0 0 0 0 0 0 0 0 0 0 0 0 0 0 0 66 0 0 0 
0 267 0 0 0 0 0 300 0 0 0 0 0 0 0 0 0 164 0 88 0 0 0 0 0 0 0 0 89 0 0 73 0 0 0 0 0 0 0 82 0 0 0 0 0 0 0 0 0 0 0 0 0 0 0 0 0 0 0 0 0 160 0 0 0 0 0 0 297 85 0 0 0 0 0 0 0 0 30 0 0 0 0 0 0 0 0 0 0 0 0 0 0 110 0 0 0 0 15 0 
0 0 0 0 237 0 0 0 0 0 0 261 0 0 0 130 0 0 0 0 0 0 0 0 0 0 0 0 184 0 0 0 0 0 0 281 0 0 0 0 0 0 74 0 0 0 0 0 0 0 0 266 0 0 0 0 0 0 0 66 56 0 74 0 0 0 0 142 0 0 0 158 0 0 0 0 0 0 0 0 0 0 0 0 263 0 217 0 0 0 0 0 2 0 0 0 0 0 0 0 
0 0 0 0 0 185 0 0 0 0 208 7 0 0 0 0 0 0 0 192 0 0 0 0 190 0 0 0 0 0 137 0 0 0 0 205 0 0 0 0 0 0 0 294 0 0 0 0 115 0 291 0 0 97 0 0 0 0 0 0 0 0 0 0 0 0 0 0 0 0 259 0 0 0 0 0 0 0 0 196 0 0 0 0 0 0 27 0 0 0 0 0 0 0 0 0 0 0 0 197 
0 0 32 0 0 0 0 0 0 0 233 0 0 0 0 0 0 0 18 258 0 0 0 0 0 0 0 0 0 241 0 0 0 127 0 0 0 126 0 21 0 0 0 0 0 0 0 0 72 0 0 0 0 0 0 0 0 0 0 0 0 0 0 0 0 39 172 0 0 0 0 0 0 0 0 0 0 0 160 0 0 0 263 0 0 79 0 0 0 0 0 262 0 0 0 0 0 0 0 0 
0 0 0 206 0 219 0 3 0 0 0 171 224 0 0 0 0 0 0 0 0 0 0 0 0 0 295 0 0 0 0 0 0 0 0 0 247 0 0 0 0 0 0 0 0 0 0 0 0 0 0 214 0 0 0 0 0 0 0 0 0 0 0 0 0 299 0 0 0 0 0 0 0 0 0 0 0 0 153 0 0 0 0 0 79 0 70 0 185 0 0 0 0 262 0 0 0 0 0 0 
0 150 0 0 0 0 0 0 0 0 0 0 0 0 0 0 0 214 0 0 13 0 0 0 0 55 257 0 0 0 0 0 0 86 0 0 0 0 177 0 0 0 0 0 0 0 0 0 0 0 25 0 0 0 0 0 0 0 0 0 0 0 272 0 0 161 0 0 0 0 0 0 0 0 0 0 0 0 0 0 0 0 217 27 0 70 0 248 0 0 0 0 0 161 0 0 0 0 0 0 
281 0 0 0 0 102 0 0 100 0 0 0 0 0 0 0 77 0 232 0 0 0 280 0 0 0 0 0 0 0 0 0 0 0 54 0 0 0 0 0 0 0 0 0 0 0 0 0 6 291 0 177 0 0 0 0 0 0 0 0 0 0 0 139 0 0 0 0 0 0 0 0 0 0 31 0 0 264 0 0 0 0 0 0 0 0 248 0 0 0 0 0 0 0 0 0 0 0 0 0 
0 0 0 0 0 0 0 0 0 0 0 0 0 0 0 0 98 0 0 0 0 0 0 0 0 0 0 4 0 0 0 0 0 0 0 0 0 0 0 281 0 0 0 0 0 238 0 0 0 0 0 0 0 0 0 0 0 0 163 0 150 0 0 0 0 0 0 0 0 0 0 283 0 0 0 0 0 0 0 0 0 0 0 0 0 185 0 0 0 0 0 0 0 0 0 0 0 108 0 0 
0 0 0 0 0 53 85 0 0 0 0 0 0 0 0 284 0 0 0 0 0 0 200 0 0 0 0 0 0 0 126 0 0 0 0 0 0 0 0 0 71 0 0 0 0 0 12 0 0 0 0 0 0 0 0 0 0 0 207 0 0 0 0 234 0 0 0 168 0 0 0 0 0 0 0 0 103 0 0 0 0 0 0 0 0 0 0 0 0 0 0 0 0 0 0 287 0 0 102 0 
0 0 0 0 59 0 0 0 0 0 7 0 0 0 0 0 0 0 0 0 95 246 0 0 0 0 0 0 0 29 0 0 0 0 0 93 0 93 0 0 0 0 0 0 0 0 0 0 0 0 116 0 0 0 0 0 0 5 45 0 0 0 0 0 0 0 211 0 0 0 0 0 0 0 225 0 88 94 0 0 0 0 0 0 0 0 0 0 0 0 0 0 0 0 0 0 0 0 0 46 
0 0 0 0 0 0 0 0 0 0 0 0 0 0 0 0 0 292 0 0 256 172 0 263 218 0 0 0 0 0 186 0 0 138 0 9 0 0 0 0 0 0 0 0 0 0 115 0 0 0 0 0 0 0 297 0 0 0 0 0 0 0 161 0 0 36 0 0 0 0 0 0 0 0 0 0 0 0 0 0 0 0 0 0 262 0 0 0 0 0 0 0 93 0 0 0 0 0 0 0 
162 0 0 0 0 0 0 0 0 0 0 0 0 0 0 0 246 0 0 0 0 0 0 0 0 0 0 0 0 51 0 0 0 0 0 145 0 0 0 0 0 0 0 0 0 0 0 0 0 79 0 252 0 0 0 0 0 0 0 7 0 0 0 0 0 0 0 0 0 0 0 0 284 0 0 0 206 0 0 0 0 0 2 0 0 0 0 0 0 0 0 93 0 0 0 0 0 0 0 0 
0 0 0 0 0 0 0 0 0 0 0 0 0 0 0 18 0 0 0 0 0 0 0 0 0 74 0 0 0 0 0 259 0 0 171 0 0 55 0 0 0 0 0 0 0 0 0 0 0 0 0 0 0 0 0 0 0 0 0 0 0 131 0 0 0 0 0 0 0 0 0 0 0 0 0 0 41 0 0 0 0 110 0 0 0 262 161 0 0 0 0 0 0 0 207 0 153 0 0 0 
0 0 0 0 0 0 0 0 25 0 0 0 0 0 0 0 144 0 0 0 220 0 0 0 0 0 0 0 26 0 0 0 0 85 0 0 0 0 0 0 0 0 0 116 0 0 0 0 0 0 0 0 0 0 0 0 0 132 0 0 0 0 0 0 0 0 0 0 0 0 0 0 0 0 0 0 0 0 0 0 0 0 0 0 0 0 0 0 0 0 0 0 0 207 0 0 0 0 0 0 
232 0 0 0 0 0 0 0 0 0 255 0 0 0 0 0 0 0 0 0 0 0 188 262 0 0 0 0 0 0 0 0 0 1 0 0 0 0 99 0 0 177 0 0 0 0 0 247 0 0 0 0 0 0 0 172 0 0 0 0 0 0 0 0 18 0 0 66 0 0 0 0 0 0 0 0 0 0 0 0 0 0 0 0 0 0 0 0 0 287 0 0 0 0 0 0 0 0 106 0 
32 0 0 280 0 0 0 0 181 0 0 0 0 0 0 0 47 0 0 226 0 0 0 0 0 0 71 0 0 0 183 0 162 0 0 0 0 0 0 0 0 0 0 0 0 0 0 0 0 0 0 0 77 0 0 0 0 0 0 0 0 0 0 0 0 0 0 0 0 0 21 0 0 0 2 0 0 0 62 0 66 0 0 0 0 0 0 0 0 0 0 0 0 153 0 0 0 0 0 238 
0 94 184 0 0 0 158 0 0 0 0 0 0 0 0 0 0 0 0 0 0 0 0 0 0 0 0 0 0 117 20 0 0 0 0 159 0 0 0 0 0 149 0 0 0 102 0 0 0 0 0 211 0 0 0 0 0 0 0 0 0 0 0 0 0 0 0 0 0 290 118 0 0 0 0 0 0 0 0 0 0 0 0 0 0 0 0 0 108 0 0 0 0 0 0 0 0 0 0 0 
0 0 186 0 0 0 241 0 0 0 0 0 0 0 0 0 0 0 0 0 0 0 0 0 0 0 53 0 228 0 0 179 62 0 0 0 0 0 0 0 0 50 0 0 0 0 0 0 0 0 0 0 0 0 0 0 0 0 0 0 158 0 0 0 0 0 0 0 0 0 0 0 0 0 291 111 0 188 83 0 0 15 0 0 0 0 0 0 0 102 0 0 0 0 0 106 0 0 0 0 
0 0 0 0 0 0 0 0 0 0 249 0 0 0 0 0 0 0 187 0 0 0 0 0 0 0 0 0 0 0 0 0 0 0 0 0 0 0 0 111 0 0 0 0 0 0 0 0 195 0 0 0 0 0 0 0 0 0 286 77 0 0 0 0 0 0 0 0 0 33 0 281 0 0 0 0 0 0 0 0 0 0 0 197 0 0 0 0 0 0 46 0 0 0 0 0 238 0 0 0 
