0 123 0 0 0 0 0 0 38 0 0 0 0 176 0 0 112 0 0 0 0 0 0 0 0 0 0 0 0 0 0 0 0 92 13 0 0 0 0 0 0 0 55 0 0 0 0 0 0 0 0 69 0 0 0 0 0 0 0 0 93 0 0 0 0 0 0 0 0 0 0 0 0 0 195 192 0 0 0 0 0 91 0 0 0 0 129 0 0 0 0 0 0 0 0 0 0 0 0 0 
123 0 0 0 0 0 0 0 0 0 0 0 0 123 0 0 0 104 0 0 0 0 0 92 0 0 0 0 14 0 35 0 0 91 0 0 0 0 0 0 0 0 0 0 0 0 0 141 0 0 0 0 0 0 0 0 0 0 0 0 0 0 0 89 0 120 153 159 0 0 0 0 0 0 0 0 0 0 0 0 0 0 158 0 0 177 0 0 0 0 0 0 0 0 0 0 0 0 0 0 
0 0 0 0 0 0 0 0 0 138 0 0 0 0 0 66 0 0 0 0 0 188 0 0 0 0 0 0 0 0 0 5 0 0 0 0 0 0 0 174 0 0 0 0 51 0 0 0 0 0 109 0 17 97 81 0 0 0 0 0 0 80 0 0 194 0 160 0 0 0 172 0 0 0 0 0 0 0 0 0 0 0 0 0 0 0 0 43 0 0 0 0 0 0 0 0 0 0 0 0 
0 0 0 0 0 0 0 189 0 0 0 0 166 0 0 27 0 0 0 0 0 0 0 0 0 0 0 0 171 0 0 0 0 72 0 0 0 8 0 0 0 0 0 0 0 0 0 0 174 0 0 0 0 0 85 0 0 0 0 0 0 0 178 0 0 0 0 0 0 0 0 80 0 0 0 0 0 0 0 0 0 0 0 0 0 0 0 0 0 0 0 0 0 186 95 0 0 0 0 0 
0 0 0 0 0 38 0 0 0 0 0 0 0 0 0 0 0 0 0 0 20 0 26 0 0 0 192 0 102 0 182 198 0 0 0 0 0 0 0 0 0 0 0 0 0 0 0 0 0 0 0 59 0 0 0 0 0 0 0 0 0 117 15 0 0 0 0 0 0 0 0 0 0 0 0 0 0 0 0 0 0 0 0 0 0 0 0 0 0 0 0 120 0 0 0 118 0 0 0 64 
0 0 0 0 38 0 0 0 71 0 0 0 0 0 0 0 0 0 0 4 0 184 0 0 79 0 0 0 0 0 0 0 66 0 0 0 0 0 0 0 0 0 0 0 0 0 0 0 0 0 0 0 0 0 0 169 0 0 0 0 0 0 0 0 0 0 0 0 0 129 0 0 0 181 0 0 0 0 0 133 0 90 0 0 0 133 106 0 0 0 25 0 0 6 0 0 0 0 0 0 
0 0 0 0 0 0 0 0 0 0 0 0 0 0 0 0 0 0 0 0 0 0 0 0 0 68 163 0 0 0 0 0 0 0 0 0 0 0 50 0 87 0 0 0 0 123 0 0 0 0 0 0 0 181 0 0 192 85 0 0 0 0 0 0 0 0 0 124 36 0 0 0 0 99 0 0 14 0 0 0 0 0 0 0 199 0 0 0 0 48 0 0 0 0 0 0 0 0 0 4 
0 0 0 189 0 0 0 0 0 0 0 0 0 0 0 150 0 0 0 0 0 0 0 0 0 0 0 0 0 0 0 0 0 0 56 157 0 0 0 0 0 14 0 104 0 0 11 0 0 0 151 0 0 0 57 0 0 0 0 0 0 0 0 0 0 0 0 0 176 0 0 0 0 0 0 0 0 0 0 0 0 0 0 0 0 0 175 197 0 0 19 0 0 0 122 0 99 0 0 0 
38 0 0 0 0 71 0 0 0 0 0 0 6 0 0 0 0 0 0 0 0 0 0 0 0 0 14 0 103 0 0 0 37 0 0 0 96 0 115 0 0 0 0 0 0 0 0 0 0 0 0 0 0 0 0 0 0 0 0 0 167 0 0 0 0 0 0 10 0 0 0 0 90 0 0 0 0 0 0 128 0 0 0 0 0 0 106 0 0 0 0 0 0 0 0 0 0 92 27 0 
0 0 138 0 0 0 0 0 0 0 0 0 0 0 107 0 0 0 0 0 0 67 0 0 0 0 0 0 0 0 0 0 0 0 0 0 0 0 0 0 190 0 0 0 186 72 163 130 0 0 0 0 0 0 0 167 0 0 0 0 0 0 0 0 0 0 0 0 0 0 0 0 0 0 111 0 0 0 79 0 0 0 20 0 177 0 0 0 0 0 0 177 0 0 0 0 0 0 0 160 
0 0 0 0 0 0 0 0 0 0 0 0 0 195 0 0 0 0 151 0 0 0 31 0 0 0 0 77 0 0 0 0 107 0 0 0 0 0 0 0 0 129 0 0 0 0 18 0 42 0 0 0 0 0 0 199 0 0 0 0 0 0 0 0 0 34 0 0 0 0 0 0 63 0 0 0 0 0 0 0 0 0 0 0 0 0 0 0 0 0 0 0 0 0 0 0 45 0 0 82 
0 0 0 0 0 0 0 0 0 0 0 0 0 0 0 170 0 0 0 48 0 0 0 0 0 0 0 0 0 0 0 0 0 181 56 0 128 82 27 0 0 0 0 0 0 0 0 0 184 0 118 0 0 0 0 0 0 0 0 0 0 0 122 0 0 0 0 0 0 0 0 0 0 0 0 0 0 0 0 0 0 0 196 0 0 0 73 0 95 0 0 0 0 0 187 0 165 0 0 0 
0 0 0 166 0 0 0 0 6 0 0 0 0 0 0 0 0 0 0 194 0 0 0 0 0 0 0 0 0 0 0 0 0 0 0 165 0 0 162 0 0 0 0 0 98 0 0 0 0 0 0 0 0 96 0 0 0 0 0 0 0 0 0 0 0 0 0 0 0 0 0 0 0 162 0 0 0 0 0 0 112 0 0 0 0 52 109 0 6 0 0 0 0 0 0 0 0 0 0 0 
176 123 0 0 0 0 0 0 0 0 195 0 0 0 87 0 0 0 192 9 0 0 0 0 0 0 0 0 0 0 0 0 100 0 96 0 0 0 0 0 0 130 32 0 0 0 0 0 0 0 0 0 0 0 0 0 0 0 0 0 0 0 9 0 0 0 0 0 0 0 0 0 0 0 0 0 0 0 0 0 0 0 0 0 0 0 0 0 0 0 0 0 0 0 154 125 0 29 0 191 
0 0 0 0 0 0 0 0 0 107 0 0 0 87 0 0 0 0 0 0 0 0 0 0 0 0 0 0 97 0 0 0 0 0 0 0 0 86 0 0 0 0 0 0 0 0 58 0 0 97 0 0 153 0 0 82 0 0 0 54 78 0 0 0 0 0 0 0 0 0 0 126 71 0 0 0 165 0 0 0 0 0 0 0 0 0 0 0 0 0 0 0 0 0 0 0 139 0 0 1 
0 0 66 27 0 0 0 150 0 0 0 170 0 0 0 0 0 0 0 0 0 0 71 0 0 0 0 70 74 0 0 0 0 0 0 0 0 0 0 92 0 19 0 0 0 0 0 0 0 0 0 0 0 200 0 0 0 0 0 0 0 0 0 0 0 134 0 0 0 0 0 0 179 0 0 0 76 0 0 0 0 0 0 0 70 0 0 0 0 0 0 0 0 0 0 0 0 0 0 0 
112 0 0 0 0 0 0 0 0 0 0 0 0 0 0 0 0 13 0 0 153 0 0 0 0 0 0 3 0 0 0 0 191 0 0 0 0 0 0 0 0 0 0 0 0 171 0 100 0 0 0 0 0 0 0 0 0 96 6 0 177 0 0 195 0 0 0 0 87 0 0 0 0 0 0 53 124 0 0 0 0 0 0 0 0 0 0 0 0 0 0 0 0 0 0 0 0 0 0 0 
0 104 0 0 0 0 0 0 0 0 0 0 0 0 0 0 13 0 0 120 0 0 97 30 0 0 0 0 0 0 0 0 0 0 0 0 0 0 3 0 0 0 77 32 0 0 0 0 0 0 0 0 0 0 0 0 141 0 0 0 0 0 0 0 0 0 0 0 0 0 0 95 0 0 0 0 0 0 88 0 109 0 0 0 0 0 0 0 91 11 0 0 0 0 0 0 0 76 0 0 
0 0 0 0 0 0 0 0 0 0 151 0 0 192 0 0 0 0 0 161 0 0 164 0 0 123 0 127 0 0 0 0 0 0 0 0 0 0 0 22 0 0 0 0 0 0 0 0 0 0 0 0 0 0 0 0 74 0 0 0 0 0 0 0 0 0 0 0 0 0 0 29 0 0 0 0 145 0 0 188 0 0 0 145 0 0 0 1 0 0 0 0 0 51 0 0 0 0 158 0 
0 0 0 0 0 4 0 0 0 0 0 48 194 9 0 0 0 120 161 0 0 0 0 179 0 0 0 0 0 198 0 0 0 0 0 0 0 0 0 0 0 0 0 0 0 0 0 0 0 15 0 171 0 0 0 0 0 0 10 0 0 0 181 0 0 0 0 0 3 0 0 0 0 0 0 0 0 0 0 0 0 0 166 0 0 0 0 0 0 0 0 0 0 0 0 0 0 0 102 0 
0 0 0 0 20 0 0 0 0 0 0 0 0 0 0 0 153 0 0 0 0 0 0 0 0 0 0 0 0 0 0 0 3 0 88 0 0 0 0 0 0 0 0 0 0 0 0 0 0 0 0 0 0 0 0 43 0 0 28 0 0 0 0 185 31 0 143 0 0 0 0 0 0 0 0 0 0 0 0 114 0 0 0 0 0 0 0 0 0 0 0 0 190 0 129 0 0 0 0 0 
0 0 188 0 0 184 0 0 0 67 0 0 0 0 0 0 0 0 0 0 0 0 0 0 177 0 0 0 0 0 0 0 0 47 0 0 0 0 0 6 0 0 0 0 0 36 196 0 0 0 24 0 0 0 0 0 0 0 0 0 0 0 0 0 0 0 0 189 0 0 0 0 0 0 63 77 0 0 0 0 121 0 0 0 0 0 0 0 0 0 0 0 0 0 0 0 128 0 0 0 
0 0 0 0 26 0 0 0 0 0 31 0 0 0 0 71 0 97 164 0 0 0 0 0 0 164 0 0 0 0 0 131 0 0 56 0 0 0 0 0 0 0 0 0 0 0 0 77 0 0 0 0 0 0 0 0 0 0 0 0 0 0 0 188 0 0 0 0 0 0 0 0 0 0 0 0 0 0 0 171 0 0 0 0 0 105 0 0 137 0 0 23 0 0 0 0 0 0 0 181 
0 92 0 0 0 0 0 0 0 0 0 0 0 0 0 0 0 30 0 179 0 0 0 0 53 0 0 0 0 0 0 0 0 0 0 169 0 0 0 0 137 139 0 0 0 0 0 0 0 0 19 0 0 0 0 0 0 0 0 0 0 0 0 0 0 0 138 0 0 0 0 0 0 0 41 55 0 0 0 0 25 39 0 0 153 0 0 0 0 0 0 0 0 103 0 0 0 0 0 0 
0 0 0 0 0 79 0 0 0 0 0 0 0 0 0 0 0 0 0 0 0 177 0 53 0 123 0 0 0 0 0 0 0 0 0 0 0 0 0 0 134 0 0 0 0 0 0 0 0 0 0 0 0 0 0 0 0 0 0 165 0 0 0 0 0 0 0 0 0 0 0 0 0 0 0 0 0 21 0 0 0 93 0 43 0 0 0 0 0 0 0 0 0 0 0 0 0 16 0 0 
0 0 0 0 0 0 68 0 0 0 0 0 0 0 0 0 0 0 123 0 0 0 164 0 123 0 0 0 0 0 0 0 0 0 0 0 0 0 0 0 0 0 0 187 0 0 0 0 0 164 0 0 0 0 0 0 0 0 0 0 0 0 0 0 0 0 0 0 0 0 0 0 0 0 0 105 0 0 0 0 0 0 0 0 0 0 0 0 0 0 0 0 0 0 11 0 0 0 0 0 
0 0 0 0 192 0 163 0 14 0 0 0 0 0 0 0 0 0 0 0 0 0 0 0 0 0 0 0 0 0 123 0 0 38 0 0 0 0 70 0 0 0 0 0 0 0 0 38 0 0 0 0 0 79 76 0 0 0 0 0 0 0 0 17 0 0 0 0 0 23 0 0 0 0 0 0 0 0 0 0 0 0 14 0 0 0 0 0 0 0 122 146 0 0 0 0 0 0 0 0 
0 0 0 0 0 0 0 0 0 0 77 0 0 0 0 70 3 0 127 0 0 0 0 0 0 0 0 0 0 0 0 0 0 0 0 0 0 37 0 116 0 0 0 0 0 0 0 0 0 0 0 0 0 0 0 0 0 101 0 0 111 0 0 0 0 0 0 0 0 0 0 0 0 0 0 0 0 0 0 152 0 0 0 0 0 0 0 0 0 0 0 0 0 0 0 0 0 0 0 0 
0 14 0 171 102 0 0 0 103 0 0 0 0 0 97 74 0 0 0 0 0 0 0 0 0 0 0 0 0 0 68 0 0 0 0 0 21 0 0 0 0 0 0 0 0 0 0 92 0 0 0 0 0 0 0 0 0 127 0 0 0 0 0 0 0 0 0 121 0 0 102 0 0 0 0 0 0 0 0 0 130 0 0 0 18 0 0 78 0 0 0 0 0 0 0 0 0 0 0 0 
0 0 0 0 0 0 0 0 0 0 0 0 0 0 0 0 0 0 0 198 0 0 0 0 0 0 0 0 0 0 0 0 47 0 0 0 0 11 175 70 0 131 0 0 87 0 0 0 0 0 0 0 0 0 0 0 0 127 0 0 0 0 0 0 0 0 0 0 0 0 135 0 0 0 0 93 0 0 0 0 0 0 122 0 0 0 144 0 0 0 0 0 189 0 0 0 0 0 0 0 
0 35 0 0 182 0 0 0 0 0 0 0 0 0 0 0 0 0 0 0 0 0 0 0 0 0 123 0 68 0 0 0 0 103 0 0 0 0 0 0 0 0 0 0 0 0 0 0 0 0 0 141 0 0 0 149 0 0 175 0 0 0 0 50 0 0 0 58 0 0 162 0 111 0 0 0 0 0 0 0 0 0 107 0 0 0 0 0 0 0 0 0 0 0 20 0 0 0 48 0 
0 0 5 0 198 0 0 0 0 0 0 0 0 0 0 0 0 0 0 0 0 0 131 0 0 0 0 0 0 0 0 0 0 0 188 0 0 0 0 0 0 0 0 0 0 0 0 0 0 0 174 0 0 120 0 0 0 0 0 26 0 0 0 74 0 0 0 0 0 9 153 0 190 0 0 0 0 3 0 81 0 0 0 0 0 0 0 180 0 0 0 0 0 0 0 199 0 0 0 0 
0 0 0 0 0 66 0 0 37 0 107 0 0 100 0 0 191 0 0 0 3 0 0 0 0 0 0 0 0 47 0 0 0 0 0 0 0 0 0 59 0 0 0 0 0 0 0 0 0 0 0 0 0 0 0 0 0 0 0 0 0 98 0 0 0 0 0 0 0 0 152 0 0 0 0 92 0 0 0 184 0 0 0 0 0 0 50 0 163 0 0 130 0 0 0 0 0 0 0 0 
92 91 0 72 0 0 0 0 0 0 0 181 0 0 0 0 0 0 0 0 0 47 0 0 0 0 38 0 0 0 103 0 0 0 0 0 0 0 0 53 0 0 0 112 0 0 0 0 0 0 0 0 0 0 0 0 0 0 77 0 0 0 0 0 0 0 0 0 0 0 0 0 0 0 0 0 0 0 0 148 0 0 0 0 0 0 0 155 191 0 149 0 0 179 0 0 0 0 0 0 
13 0 0 0 0 0 0 56 0 0 0 56 0 96 0 0 0 0 0 0 88 0 56 0 0 0 0 0 0 0 0 188 0 0 0 0 0 0 0 0 163 0 0 0 0 0 0 181 0 0 0 0 0 0 0 0 0 0 0 0 0 0 11 66 0 0 0 0 0 46 0 0 0 0 0 0 0 0 0 0 0 0 0 0 0 0 0 140 0 0 0 0 0 0 0 71 0 192 0 0 
0 0 0 0 0 0 0 157 0 0 0 0 165 0 0 0 0 0 0 0 0 0 0 169 0 0 0 0 0 0 0 0 0 0 0 0 0 0 0 0 0 0 0 0 0 0 0 0 0 0 0 0 0 0 0 0 0 0 0 0 0 0 0 0 0 0 0 165 88 108 0 0 0 0 0 0 0 193 0 0 141 0 0 175 0 0 0 0 0 0 0 181 0 41 152 0 0 0 0 80 
0 0 0 0 0 0 0 0 96 0 0 128 0 0 0 0 0 0 0 0 0 0 0 0 0 0 0 0 21 0 0 0 0 0 0 0 0 0 0 0 0 0 0 0 0 0 0 0 0 0 24 0 0 0 0 0 0 0 0 0 0 83 0 0 0 0 0 0 0 0 0 0 0 0 0 0 0 44 0 0 0 0 0 0 59 122 0 0 0 165 0 0 0 0 0 0 0 97 0 0 
0 0 0 8 0 0 0 0 0 0 0 82 0 0 86 0 0 0 0 0 0 0 0 0 0 0 0 37 0 11 0 0 0 0 0 0 0 0 0 0 0 0 0 0 0 0 0 0 0 0 0 0 0 0 0 0 0 0 0 0 0 0 0 24 0 0 0 0 0 88 192 172 0 0 0 0 0 0 0 0 0 0 0 0 0 0 0 11 0 0 0 0 21 32 0 0 0 0 3 0 
0 0 0 0 0 0 50 0 115 0 0 27 162 0 0 0 0 3 0 0 0 0 0 0 0 0 70 0 0 175 0 0 0 0 0 0 0 0 0 0 0 0 114 0 0 107 0 0 0 0 0 0 0 0 0 0 0 0 0 0 0 88 0 0 0 126 0 0 0 0 0 0 0 0 0 0 0 0 65 0 0 0 0 0 0 0 0 0 0 0 0 178 4 111 0 0 0 0 0 0 
0 0 174 0 0 0 0 0 0 0 0 0 0 0 0 92 0 0 22 0 0 6 0 0 0 0 0 116 0 70 0 0 59 53 0 0 0 0 0 0 0 0 0 0 0 0 0 0 0 0 0 0 0 0 0 0 0 0 0 0 0 0 0 0 0 0 0 110 0 0 0 0 0 0 0 0 0 0 176 0 0 0 0 0 0 0 0 0 0 0 0 101 0 4 0 0 0 0 0 0 
0 0 0 0 0 0 87 0 0 190 0 0 0 0 0 0 0 0 0 0 0 0 0 137 134 0 0 0 0 0 0 0 0 0 163 0 0 0 0 0 0 99 0 0 0 0 0 0 0 0 0 0 0 0 0 0 181 0 147 0 0 0 0 0 0 0 0 0 0 99 0 0 0 0 0 85 0 0 0 0 170 0 0 0 0 54 0 146 0 0 0 0 0 0 0 0 0 0 0 0 
0 0 0 0 0 0 0 14 0 0 129 0 0 130 0 19 0 0 0 0 0 0 0 139 0 0 0 0 0 131 0 0 0 0 0 0 0 0 0 0 99 0 0 0 0 0 0 0 0 0 0 0 0 0 0 0 0 181 0 0 22 0 0 0 0 0 0 0 0 0 0 189 0 0 0 0 0 0 0 0 193 0 0 0 0 0 0 0 0 0 0 0 149 0 169 117 0 196 0 0 
55 0 0 0 0 0 0 0 0 0 0 0 0 32 0 0 0 77 0 0 0 0 0 0 0 0 0 0 0 0 0 0 0 0 0 0 0 0 114 0 0 0 0 0 0 0 0 0 0 0 0 0 0 0 0 0 0 0 0 0 0 0 0 0 0 0 0 0 59 0 72 0 3 0 0 0 0 0 0 182 0 0 0 0 0 0 0 0 0 0 0 0 0 0 0 0 0 0 181 0 
0 0 0 0 0 0 0 104 0 0 0 0 0 0 0 0 0 32 0 0 0 0 0 0 0 187 0 0 0 0 0 0 0 112 0 0 0 0 0 0 0 0 0 0 0 91 0 0 0 0 0 0 0 0 0 0 0 0 0 0 50 0 30 0 68 40 0 0 0 0 0 175 0 0 0 0 0 0 0 0 0 79 0 0 0 0 0 0 0 0 127 0 0 0 0 0 0 41 0 0 
0 0 51 0 0 0 0 0 0 186 0 0 98 0 0 0 0 0 0 0 0 0 0 0 0 0 0 0 0 87 0 0 0 0 0 0 0 0 0 0 0 0 0 0 0 0 0 0 0 143 0 0 164 179 0 10 0 0 68 0 0 0 0 0 0 0 0 0 0 0 0 0 87 0 0 0 0 41 0 0 0 0 0 0 0 0 0 0 174 0 161 0 0 0 0 0 0 0 44 27 
0 0 0 0 0 0 123 0 0 72 0 0 0 0 0 0 171 0 0 0 0 36 0 0 0 0 0 0 0 0 0 0 0 0 0 0 0 0 107 0 0 0 0 91 0 0 0 0 0 103 0 0 0 0 0 0 0 0 140 0 0 0 0 0 0 0 0 0 0 144 0 0 0 0 0 0 163 0 0 117 0 0 0 14 0 32 0 0 0 0 0 0 0 0 0 0 0 0 2 0 
0 0 0 0 0 0 0 11 0 163 18 0 0 0 58 0 0 0 0 0 0 196 0 0 0 0 0 0 0 0 0 0 0 0 0 0 0 0 0 0 0 0 0 0 0 0 0 85 0 0 0 0 0 0 0 174 0 0 0 0 0 0 0 0 0 0 34 0 0 0 0 0 0 0 0 0 0 0 0 0 45 86 0 171 0 0 0 0 0 0 0 0 0 0 0 0 0 0 0 0 
0 141 0 0 0 0 0 0 0 130 0 0 0 0 0 0 100 0 0 0 0 0 77 0 0 0 38 0 92 0 0 0 0 0 181 0 0 0 0 0 0 0 0 0 0 0 85 0 105 0 0 0 0 0 0 0 0 103 0 0 0 0 0 0 0 0 0 0 7 0 0 0 0 0 0 0 140 0 0 0 0 0 67 0 0 181 0 0 0 0 0 0 0 0 0 73 0 0 0 0 
0 0 0 174 0 0 0 0 0 0 42 184 0 0 0 0 0 0 0 0 0 0 0 0 0 0 0 0 0 0 0 0 0 0 0 0 0 0 0 0 0 0 0 0 0 0 0 105 0 0 0 0 0 0 0 182 0 0 0 0 0 0 0 21 0 0 0 0 0 0 0 0 0 61 0 182 0 62 86 0 78 0 43 0 0 0 3 0 0 0 0 9 0 0 0 0 0 0 0 0 
0 0 0 0 0 0 0 0 0 0 0 0 0 0 97 0 0 0 0 15 0 0 0 0 0 164 0 0 0 0 0 0 0 0 0 0 0 0 0 0 0 0 0 0 143 103 0 0 0 0 111 0 9 0 0 0 0 0 0 137 0 0 0 0 0 0 18 0 0 0 0 0 0 0 0 0 0 0 0 0 0 0 0 0 57 0 0 190 0 0 113 0 0 0 91 0 14 184 0 0 
0 0 109 0 0 0 0 151 0 0 0 118 0 0 0 0 0 0 0 0 0 24 0 19 0 0 0 0 0 0 0 174 0 0 0 0 24 0 0 0 0 0 0 0 0 0 0 0 0 111 0 163 0 0 0 0 0 0 0 0 0 0 0 87 198 0 98 0 0 0 182 0 0 0 0 0 0 6 0 0 146 0 0 0 0 0 0 0 0 0 0 0 0 0 0 0 0 0 0 0 
69 0 0 0 59 0 0 0 0 0 0 0 0 0 0 0 0 0 0 171 0 0 0 0 0 0 0 0 0 0 141 0 0 0 0 0 0 0 0 0 0 0 0 0 0 0 0 0 0 0 163 0 0 29 0 0 0 0 0 0 0 178 0 0 0 0 0 0 0 171 69 0 0 0 0 0 0 0 21 0 0 0 0 0 0 0 108 0 0 0 0 28 114 0 0 0 0 0 0 174 
0 0 17 0 0 0 0 0 0 0 0 0 0 0 153 0 0 0 0 0 0 0 0 0 0 0 0 0 0 0 0 0 0 0 0 0 0 0 0 0 0 0 0 0 164 0 0 0 0 9 0 0 0 0 0 173 95 0 0 32 14 0 0 0 0 112 0 0 0 0 0 0 0 0 0 0 0 0 0 0 0 0 0 0 131 0 0 0 0 0 0 0 0 0 0 0 0 0 0 0 
0 0 97 0 0 0 181 0 0 0 0 0 96 0 0 200 0 0 0 0 0 0 0 0 0 0 79 0 0 0 0 120 0 0 0 0 0 0 0 0 0 0 0 0 179 0 0 0 0 0 0 29 0 0 0 0 0 0 0 0 0 0 0 0 0 0 0 0 0 0 0 189 0 0 0 0 0 0 0 0 0 111 0 21 0 0 0 0 0 85 0 0 0 0 0 0 0 72 0 0 
0 0 81 85 0 0 0 57 0 0 0 0 0 0 0 0 0 0 0 0 0 0 0 0 0 0 76 0 0 0 0 0 0 0 0 0 0 0 0 0 0 0 0 0 0 0 0 0 0 0 0 0 0 0 0 0 0 0 0 0 0 0 43 0 0 0 0 0 0 0 0 0 0 0 0 0 165 0 36 60 0 0 0 0 120 0 0 0 0 0 166 0 0 0 0 0 0 0 0 0 
0 0 0 0 0 169 0 0 0 167 199 0 0 0 82 0 0 0 0 0 43 0 0 0 0 0 0 0 0 0 149 0 0 0 0 0 0 0 0 0 0 0 0 0 10 0 174 0 182 0 0 0 173 0 0 0 0 0 0 0 0 0 0 0 0 0 0 0 0 0 0 68 0 0 0 0 0 0 0 0 0 0 0 0 0 0 0 0 0 0 50 0 118 0 0 0 0 0 104 0 
0 0 0 0 0 0 192 0 0 0 0 0 0 0 0 0 0 141 74 0 0 0 0 0 0 0 0 0 0 0 0 0 0 0 0 0 0 0 0 0 181 0 0 0 0 0 0 0 0 0 0 0 95 0 0 0 0 0 131 0 0 0 65 0 0 0 0 0 0 0 0 0 0 0 0 0 0 0 0 0 103 0 0 0 0 91 0 96 171 189 0 40 0 0 0 0 0 0 0 0 
0 0 0 0 0 0 85 0 0 0 0 0 0 0 0 0 96 0 0 0 0 0 0 0 0 0 0 101 127 127 0 0 0 0 0 0 0 0 0 0 0 181 0 0 0 0 0 103 0 0 0 0 0 0 0 0 0 0 0 0 0 0 0 146 0 0 0 0 0 0 0 115 0 0 0 0 0 0 0 0 0 0 0 140 0 0 0 0 0 0 97 0 0 0 0 0 0 0 0 0 
0 0 0 0 0 0 0 0 0 0 0 0 0 0 0 0 6 0 0 10 28 0 0 0 0 0 0 0 0 0 175 0 0 77 0 0 0 0 0 0 147 0 0 0 68 140 0 0 0 0 0 0 0 0 0 0 131 0 0 0 1 0 0 0 0 0 0 0 0 0 0 0 187 0 0 0 0 0 79 0 0 81 0 0 56 0 0 0 0 0 0 0 0 0 0 172 0 0 0 0 
0 0 0 0 0 0 0 0 0 0 0 0 0 0 54 0 0 0 0 0 0 0 0 0 165 0 0 0 0 0 0 26 0 0 0 0 0 0 0 0 0 0 0 0 0 0 0 0 0 137 0 0 32 0 0 0 0 0 0 0 0 50 0 151 0 0 0 0 0 0 0 0 0 0 0 101 0 114 0 0 0 0 0 0 0 0 0 63 0 122 0 0 0 0 0 0 0 0 0 0 
93 0 0 0 0 0 0 0 167 0 0 0 0 0 78 0 177 0 0 0 0 0 0 0 0 0 0 111 0 0 0 0 0 0 0 0 0 0 0 0 0 22 0 50 0 0 0 0 0 0 0 0 14 0 0 0 0 0 1 0 0 0 0 0 0 0 68 187 0 0 0 0 169 0 0 0 0 0 0 0 0 92 0 0 0 0 0 0 0 0 0 0 0 0 0 33 163 0 0 0 
0 0 80 0 117 0 0 0 0 0 0 0 0 0 0 0 0 0 0 0 0 0 0 0 0 0 0 0 0 0 0 0 98 0 0 0 83 0 88 0 0 0 0 0 0 0 0 0 0 0 0 178 0 0 0 0 0 0 0 50 0 0 0 78 0 0 0 177 0 110 0 0 155 0 0 124 0 35 0 0 0 0 0 0 0 0 0 0 0 0 0 0 0 57 77 0 0 0 0 0 
0 0 0 178 15 0 0 0 0 0 0 122 0 9 0 0 0 0 0 181 0 0 0 0 0 0 0 0 0 0 0 0 0 0 11 0 0 0 0 0 0 0 0 30 0 0 0 0 0 0 0 0 0 0 43 0 65 0 0 0 0 0 0 0 0 0 0 0 0 0 0 68 0 0 0 87 0 0 112 159 0 0 56 0 0 0 0 0 0 95 0 0 0 0 0 0 0 0 0 0 
0 89 0 0 0 0 0 0 0 0 0 0 0 0 0 0 195 0 0 0 185 0 188 0 0 0 17 0 0 0 50 74 0 0 66 0 0 24 0 0 0 0 0 0 0 0 0 0 21 0 87 0 0 0 0 0 0 146 0 151 0 78 0 0 0 0 0 0 0 0 0 0 0 0 0 0 0 0 148 0 0 0 0 0 0 0 0 0 0 0 0 0 0 0 0 0 0 0 0 0 
0 0 194 0 0 0 0 0 0 0 0 0 0 0 0 0 0 0 0 0 31 0 0 0 0 0 0 0 0 0 0 0 0 0 0 0 0 0 0 0 0 0 0 68 0 0 0 0 0 0 198 0 0 0 0 0 0 0 0 0 0 0 0 0 0 0 0 0 0 0 0 0 33 0 0 0 0 0 80 0 0 173 0 24 0 0 191 0 0 0 0 0 0 0 0 0 14 0 0 0 
0 120 0 0 0 0 0 0 0 0 34 0 0 0 0 134 0 0 0 0 0 0 0 0 0 0 0 0 0 0 0 0 0 0 0 0 0 0 126 0 0 0 0 40 0 0 0 0 0 0 0 0 112 0 0 0 0 0 0 0 0 0 0 0 0 0 31 0 0 0 72 0 0 0 0 32 0 34 0 0 0 112 88 0 0 0 0 0 0 0 0 0 0 78 0 0 0 0 0 0 
0 153 160 0 0 0 0 0 0 0 0 0 0 0 0 0 0 0 0 0 143 0 0 138 0 0 0 0 0 0 0 0 0 0 0 0 0 0 0 0 0 0 0 0 0 0 34 0 0 18 98 0 0 0 0 0 0 0 0 0 68 0 0 0 0 31 0 0 0 0 0 0 0 0 0 0 0 0 0 0 0 0 0 0 0 0 0 0 0 0 0 0 0 0 0 0 0 0 0 15 
0 159 0 0 0 0 124 0 10 0 0 0 0 0 0 0 0 0 0 0 0 189 0 0 0 0 0 0 121 0 58 0 0 0 0 165 0 0 0 110 0 0 0 0 0 0 0 0 0 0 0 0 0 0 0 0 0 0 0 0 187 177 0 0 0 0 0 0 0 0 142 0 0 0 55 0 0 0 191 0 0 0 0 0 0 0 0 0 0 0 0 0 0 0 0 0 0 127 0 0 
0 0 0 0 0 0 36 176 0 0 0 0 0 0 0 0 87 0 0 3 0 0 0 0 0 0 0 0 0 0 0 0 0 0 0 88 0 0 0 0 0 0 59 0 0 0 0 7 0 0 0 0 0 0 0 0 0 0 0 0 0 0 0 0 0 0 0 0 0 0 0 0 0 0 0 0 0 0 0 0 0 0 0 0 0 119 0 0 73 0 140 0 0 0 0 0 0 0 0 0 
0 0 0 0 0 129 0 0 0 0 0 0 0 0 0 0 0 0 0 0 0 0 0 0 0 0 23 0 0 0 0 9 0 0 46 108 0 88 0 0 99 0 0 0 0 144 0 0 0 0 0 171 0 0 0 0 0 0 0 0 0 110 0 0 0 0 0 0 0 0 0 0 0 0 0 0 0 0 0 0 0 0 0 0 124 0 96 0 137 0 0 0 0 0 64 0 0 0 0 0 
0 0 172 0 0 0 0 0 0 0 0 0 0 0 0 0 0 0 0 0 0 0 0 0 0 0 0 0 102 135 162 153 152 0 0 0 0 192 0 0 0 0 72 0 0 0 0 0 0 0 182 69 0 0 0 0 0 0 0 0 0 0 0 0 0 72 0 142 0 0 0 0 0 0 0 0 0 0 0 0 0 175 0 0 0 0 0 0 0 0 0 0 0 120 0 0 165 0 0 0 
0 0 0 80 0 0 0 0 0 0 0 0 0 0 126 0 0 95 29 0 0 0 0 0 0 0 0 0 0 0 0 0 0 0 0 0 0 172 0 0 0 189 0 175 0 0 0 0 0 0 0 0 0 189 0 68 0 115 0 0 0 0 68 0 0 0 0 0 0 0 0 0 0 89 0 0 0 0 0 0 0 0 0 0 0 0 0 0 175 0 153 0 0 0 0 0 0 0 33 0 
0 0 0 0 0 0 0 0 90 0 63 0 0 0 71 179 0 0 0 0 0 0 0 0 0 0 0 0 0 0 111 190 0 0 0 0 0 0 0 0 0 0 3 0 87 0 0 0 0 0 0 0 0 0 0 0 0 0 187 0 169 155 0 0 33 0 0 0 0 0 0 0 0 0 0 0 0 0 0 0 0 0 0 0 146 163 0 0 153 0 0 0 0 0 0 0 0 0 0 0 
0 0 0 0 0 181 99 0 0 0 0 0 162 0 0 0 0 0 0 0 0 0 0 0 0 0 0 0 0 0 0 0 0 0 0 0 0 0 0 0 0 0 0 0 0 0 0 0 61 0 0 0 0 0 0 0 0 0 0 0 0 0 0 0 0 0 0 0 0 0 0 89 0 0 0 0 0 192 63 0 0 0 0 0 0 0 0 0 0 0 0 0 46 0 0 0 0 0 0 90 
195 0 0 0 0 0 0 0 0 111 0 0 0 0 0 0 0 0 0 0 0 63 0 41 0 0 0 0 0 0 0 0 0 0 0 0 0 0 0 0 0 0 0 0 0 0 0 0 0 0 0 0 0 0 0 0 0 0 0 0 0 0 0 0 0 0 0 55 0 0 0 0 0 0 0 0 0 0 0 0 122 0 0 0 0 0 0 0 0 0 0 0 0 0 0 0 137 0 0 0 
192 0 0 0 0 0 0 0 0 0 0 0 0 0 0 0 53 0 0 0 0 77 0 55 0 105 0 0 0 93 0 0 92 0 0 0 0 0 0 0 85 0 0 0 0 0 0 0 182 0 0 0 0 0 0 0 0 0 0 101 0 124 87 0 0 32 0 0 0 0 0 0 0 0 0 0 0 0 0 0 0 0 0 0 0 0 0 0 0 0 0 0 0 123 0 0 0 197 0 0 
0 0 0 0 0 0 14 0 0 0 0 0 0 0 165 76 124 0 145 0 0 0 0 0 0 0 0 0 0 0 0 0 0 0 0 0 0 0 0 0 0 0 0 0 0 163 0 140 0 0 0 0 0 0 165 0 0 0 0 0 0 0 0 0 0 0 0 0 0 0 0 0 0 0 0 0 0 0 0 0 0 0 0 0 0 143 0 0 150 0 0 0 0 0 0 1 0 0 0 0 
0 0 0 0 0 0 0 0 0 0 0 0 0 0 0 0 0 0 0 0 0 0 0 0 21 0 0 0 0 0 0 3 0 0 0 193 44 0 0 0 0 0 0 0 41 0 0 0 62 0 6 0 0 0 0 0 0 0 0 114 0 35 0 0 0 34 0 0 0 0 0 0 0 192 0 0 0 0 0 185 0 0 1 0 0 0 0 0 0 0 0 0 0 0 169 115 0 0 0 0 
0 0 0 0 0 0 0 0 0 79 0 0 0 0 0 0 0 88 0 0 0 0 0 0 0 0 0 0 0 0 0 0 0 0 0 0 0 0 65 176 0 0 0 0 0 0 0 0 86 0 0 21 0 0 36 0 0 0 79 0 0 0 112 148 80 0 0 191 0 0 0 0 0 63 0 0 0 0 0 0 0 0 0 0 0 0 0 0 0 0 0 0 18 0 0 0 0 0 196 0 
0 0 0 0 0 133 0 0 128 0 0 0 0 0 0 0 0 0 188 0 114 0 171 0 0 0 0 152 0 0 0 81 184 148 0 0 0 0 0 0 0 0 182 0 0 117 0 0 0 0 0 0 0 0 60 0 0 0 0 0 0 0 159 0 0 0 0 0 0 0 0 0 0 0 0 0 0 185 0 0 0 0 0 0 0 0 0 0 0 178 0 0 0 0 0 0 0 0 0 0 
0 0 0 0 0 0 0 0 0 0 0 0 112 0 0 0 0 109 0 0 0 121 0 25 0 0 0 0 130 0 0 0 0 0 0 141 0 0 0 0 170 193 0 0 0 0 45 0 78 0 146 0 0 0 0 0 103 0 0 0 0 0 0 0 0 0 0 0 0 0 0 0 0 0 122 0 0 0 0 0 0 33 0 0 0 0 0 0 0 0 0 0 0 0 0 0 0 0 0 0 
91 0 0 0 0 90 0 0 0 0 0 0 0 0 0 0 0 0 0 0 0 0 0 39 93 0 0 0 0 0 0 0 0 0 0 0 0 0 0 0 0 0 0 79 0 0 86 0 0 0 0 0 0 111 0 0 0 0 81 0 92 0 0 0 173 112 0 0 0 0 175 0 0 0 0 0 0 0 0 0 33 0 0 0 0 181 0 0 0 181 0 0 0 0 0 0 0 0 0 0 
0 158 0 0 0 0 0 0 0 20 0 196 0 0 0 0 0 0 0 166 0 0 0 0 0 0 14 0 0 122 107 0 0 0 0 0 0 0 0 0 0 0 0 0 0 0 0 67 43 0 0 0 0 0 0 0 0 0 0 0 0 0 56 0 0 88 0 0 0 0 0 0 0 0 0 0 0 1 0 0 0 0 0 0 67 0 0 180 0 0 0 0 0 112 0 0 0 0 0 0 
0 0 0 0 0 0 0 0 0 0 0 0 0 0 0 0 0 0 145 0 0 0 0 0 43 0 0 0 0 0 0 0 0 0 0 175 0 0 0 0 0 0 0 0 0 14 171 0 0 0 0 0 0 21 0 0 0 140 0 0 0 0 0 0 24 0 0 0 0 0 0 0 0 0 0 0 0 0 0 0 0 0 0 0 0 0 24 0 0 42 0 0 0 0 0 0 0 0 0 0 
0 0 0 0 0 0 199 0 0 177 0 0 0 0 0 70 0 0 0 0 0 0 0 153 0 0 0 0 18 0 0 0 0 0 0 0 59 0 0 0 0 0 0 0 0 0 0 0 0 57 0 0 131 0 120 0 0 0 56 0 0 0 0 0 0 0 0 0 0 124 0 0 146 0 0 0 0 0 0 0 0 0 67 0 0 3 0 0 0 0 0 0 0 0 0 0 0 0 0 0 
0 177 0 0 0 133 0 0 0 0 0 0 52 0 0 0 0 0 0 0 0 0 105 0 0 0 0 0 0 0 0 0 0 0 0 0 122 0 0 0 54 0 0 0 0 32 0 181 0 0 0 0 0 0 0 0 91 0 0 0 0 0 0 0 0 0 0 0 119 0 0 0 163 0 0 0 143 0 0 0 0 181 0 0 3 0 0 0 0 0 0 0 0 0 0 123 0 0 0 0 
129 0 0 0 0 106 0 175 106 0 0 73 109 0 0 0 0 0 0 0 0 0 0 0 0 0 0 0 0 144 0 0 50 0 0 0 0 0 0 0 0 0 0 0 0 0 0 0 3 0 0 108 0 0 0 0 0 0 0 0 0 0 0 0 191 0 0 0 0 96 0 0 0 0 0 0 0 0 0 0 0 0 0 24 0 0 0 0 0 0 0 53 0 0 0 0 0 0 125 0 
0 0 43 0 0 0 0 197 0 0 0 0 0 0 0 0 0 0 1 0 0 0 0 0 0 0 0 0 78 0 0 180 0 155 140 0 0 11 0 0 146 0 0 0 0 0 0 0 0 190 0 0 0 0 0 0 96 0 0 63 0 0 0 0 0 0 0 0 0 0 0 0 0 0 0 0 0 0 0 0 0 0 180 0 0 0 0 0 0 29 191 0 0 0 0 0 0 0 0 0 
0 0 0 0 0 0 0 0 0 0 0 95 6 0 0 0 0 91 0 0 0 0 137 0 0 0 0 0 0 0 0 0 163 191 0 0 0 0 0 0 0 0 0 0 174 0 0 0 0 0 0 0 0 0 0 0 171 0 0 0 0 0 0 0 0 0 0 0 73 137 0 175 153 0 0 0 150 0 0 0 0 0 0 0 0 0 0 0 0 0 0 0 0 0 0 0 0 65 152 0 
0 0 0 0 0 0 48 0 0 0 0 0 0 0 0 0 0 11 0 0 0 0 0 0 0 0 0 0 0 0 0 0 0 0 0 0 165 0 0 0 0 0 0 0 0 0 0 0 0 0 0 0 0 85 0 0 189 0 0 122 0 0 95 0 0 0 0 0 0 0 0 0 0 0 0 0 0 0 0 178 0 181 0 42 0 0 0 29 0 0 0 0 0 0 0 47 0 176 0 0 
0 0 0 0 0 25 0 19 0 0 0 0 0 0 0 0 0 0 0 0 0 0 0 0 0 0 122 0 0 0 0 0 0 149 0 0 0 0 0 0 0 0 0 127 161 0 0 0 0 113 0 0 0 0 166 50 0 97 0 0 0 0 0 0 0 0 0 0 140 0 0 153 0 0 0 0 0 0 0 0 0 0 0 0 0 0 0 191 0 0 0 0 0 0 45 46 0 0 0 0 
0 0 0 0 120 0 0 0 0 177 0 0 0 0 0 0 0 0 0 0 0 0 23 0 0 0 146 0 0 0 0 0 130 0 0 181 0 0 178 101 0 0 0 0 0 0 0 0 9 0 0 28 0 0 0 0 40 0 0 0 0 0 0 0 0 0 0 0 0 0 0 0 0 0 0 0 0 0 0 0 0 0 0 0 0 0 53 0 0 0 0 0 0 0 0 135 0 0 0 0 
0 0 0 0 0 0 0 0 0 0 0 0 0 0 0 0 0 0 0 0 190 0 0 0 0 0 0 0 0 189 0 0 0 0 0 0 0 21 4 0 0 149 0 0 0 0 0 0 0 0 0 114 0 0 0 118 0 0 0 0 0 0 0 0 0 0 0 0 0 0 0 0 0 46 0 0 0 0 18 0 0 0 0 0 0 0 0 0 0 0 0 0 0 0 176 0 0 0 0 170 
0 0 0 186 0 6 0 0 0 0 0 0 0 0 0 0 0 0 51 0 0 0 0 103 0 0 0 0 0 0 0 0 0 179 0 41 0 32 111 4 0 0 0 0 0 0 0 0 0 0 0 0 0 0 0 0 0 0 0 0 0 57 0 0 0 78 0 0 0 0 120 0 0 0 0 123 0 0 0 0 0 0 112 0 0 0 0 0 0 0 0 0 0 0 0 0 0 0 153 0 
0 0 0 95 0 0 0 122 0 0 0 187 0 154 0 0 0 0 0 0 129 0 0 0 0 11 0 0 0 0 20 0 0 0 0 152 0 0 0 0 0 169 0 0 0 0 0 0 0 91 0 0 0 0 0 0 0 0 0 0 0 77 0 0 0 0 0 0 0 64 0 0 0 0 0 0 0 169 0 0 0 0 0 0 0 0 0 0 0 0 45 0 176 0 0 0 0 0 0 0 
0 0 0 0 118 0 0 0 0 0 0 0 0 125 0 0 0 0 0 0 0 0 0 0 0 0 0 0 0 0 0 199 0 0 71 0 0 0 0 0 0 117 0 0 0 0 0 73 0 0 0 0 0 0 0 0 0 0 172 0 33 0 0 0 0 0 0 0 0 0 0 0 0 0 0 0 1 115 0 0 0 0 0 0 0 123 0 0 0 47 46 135 0 0 0 0 0 0 108 0 
0 0 0 0 0 0 0 99 0 0 45 165 0 0 139 0 0 0 0 0 0 128 0 0 0 0 0 0 0 0 0 0 0 0 0 0 0 0 0 0 0 0 0 0 0 0 0 0 0 14 0 0 0 0 0 0 0 0 0 0 163 0 0 0 14 0 0 0 0 0 165 0 0 0 137 0 0 0 0 0 0 0 0 0 0 0 0 0 0 0 0 0 0 0 0 0 0 0 0 154 
0 0 0 0 0 0 0 0 92 0 0 0 0 29 0 0 0 76 0 0 0 0 0 0 16 0 0 0 0 0 0 0 0 0 192 0 97 0 0 0 0 196 0 41 0 0 0 0 0 184 0 0 0 72 0 0 0 0 0 0 0 0 0 0 0 0 0 127 0 0 0 0 0 0 0 197 0 0 0 0 0 0 0 0 0 0 0 0 65 176 0 0 0 0 0 0 0 0 0 0 
0 0 0 0 0 0 0 0 27 0 0 0 0 0 0 0 0 0 158 102 0 0 0 0 0 0 0 0 0 0 48 0 0 0 0 0 0 3 0 0 0 0 181 0 44 2 0 0 0 0 0 0 0 0 0 104 0 0 0 0 0 0 0 0 0 0 0 0 0 0 0 33 0 0 0 0 0 0 196 0 0 0 0 0 0 0 125 0 152 0 0 0 0 153 0 108 0 0 0 0 
0 0 0 0 64 0 4 0 0 160 82 0 0 191 1 0 0 0 0 0 0 0 181 0 0 0 0 0 0 0 0 0 0 0 0 80 0 0 0 0 0 0 0 0 27 0 0 0 0 0 0 174 0 0 0 0 0 0 0 0 0 0 0 0 0 0 15 0 0 0 0 0 0 90 0 0 0 0 0 0 0 0 0 0 0 0 0 0 0 0 0 0 170 0 0 0 154 0 0 0 
