0 0 0 0 277 0 0 0 0 0 0 0 0 279 0 0 0 180 0 0 0 0 0 0 0 0 0 0 0 0 0 0 0 0 0 120 0 210 0 0 0 0 0 0 0 0 0 0 45 0 235 159 263 0 0 0 0 171 0 0 0 0 0 0 80 0 226 0 0 0 0 0 0 0 0 0 0 0 0 44 0 0 0 0 0 99 0 0 0 0 0 0 253 0 0 0 0 0 0 0 
0 0 0 0 0 0 0 0 0 0 0 0 0 0 0 0 0 0 86 0 0 74 0 177 76 0 0 0 0 0 0 285 0 0 0 0 0 0 0 0 0 0 267 0 0 244 0 0 0 0 0 0 0 0 0 0 0 0 0 0 299 0 0 0 0 0 0 0 0 0 0 0 0 0 221 0 0 226 0 0 0 0 156 0 0 0 0 0 0 0 0 0 0 0 0 0 0 261 0 0 
0 0 0 0 0 0 0 0 0 0 0 0 0 0 0 0 0 0 167 25 0 0 0 0 0 0 0 0 112 0 292 0 0 0 219 0 85 0 0 0 0 146 0 0 0 0 129 0 0 58 0 249 0 0 118 0 0 0 0 0 0 0 63 0 0 0 0 0 0 0 0 0 0 0 0 0 0 98 0 0 0 0 48 0 0 0 0 0 0 0 0 0 0 0 0 0 0 280 0 0 
0 0 0 0 0 0 0 211 0 0 0 0 0 0 0 246 0 0 0 0 0 0 0 0 0 0 0 0 0 0 252 0 0 267 0 0 0 179 0 0 0 0 0 227 0 276 0 27 0 0 0 0 0 0 292 0 0 145 0 0 0 0 0 0 0 0 0 0 180 0 0 0 0 0 0 0 0 0 0 0 0 0 210 0 0 0 0 0 15 152 0 279 0 0 0 0 0 0 0 0 
277 0 0 0 0 0 0 0 0 0 0 0 0 0 0 0 0 0 190 0 75 0 0 0 0 0 0 0 0 0 0 0 0 0 0 0 0 164 0 85 0 0 0 0 0 149 0 0 0 0 0 0 0 288 99 0 0 0 0 0 0 0 0 0 0 0 0 0 0 0 0 0 0 0 0 0 214 0 0 0 0 0 0 0 0 0 0 0 0 0 0 0 0 0 0 0 0 0 0 0 
0 0 0 0 0 0 0 195 0 0 46 0 0 0 0 232 0 0 0 0 0 0 0 0 0 0 0 0 0 0 0 0 125 0 0 0 0 0 19 0 0 0 0 162 280 0 0 0 0 0 0 0 0 0 0 0 0 14 0 0 12 0 0 0 0 0 0 0 0 15 0 0 0 0 0 0 0 106 0 0 0 0 0 0 0 0 0 0 202 0 20 0 30 0 0 0 0 0 0 0 
0 0 0 0 0 0 0 0 0 237 0 0 0 0 0 0 0 0 0 0 0 0 0 0 0 0 0 0 0 217 0 0 0 0 0 0 0 0 0 0 0 0 0 0 0 0 0 0 0 123 191 245 231 0 0 0 52 259 0 0 0 0 0 0 0 9 0 0 0 0 0 6 0 0 0 0 0 92 0 0 0 0 136 0 0 153 0 230 0 0 0 0 0 0 0 0 0 0 239 0 
0 0 0 211 0 195 0 0 188 0 265 0 0 0 0 0 0 0 0 0 34 0 0 0 97 0 0 0 0 94 0 0 0 0 171 37 0 0 0 0 280 0 0 0 0 0 0 0 0 0 208 0 0 0 0 0 0 0 0 0 0 0 0 0 0 0 0 0 0 0 0 0 0 9 0 0 0 0 0 119 0 0 89 0 0 0 0 70 0 0 0 0 0 0 0 0 0 0 0 0 
0 0 0 0 0 0 0 188 0 0 0 0 0 0 0 0 0 0 0 0 0 0 0 0 0 0 0 0 0 0 0 0 0 0 0 200 0 0 0 0 0 0 36 0 0 0 103 0 0 0 0 0 266 0 0 0 0 0 0 0 0 78 0 0 0 0 0 0 0 0 0 0 0 211 0 0 0 0 0 47 0 0 0 0 0 0 0 0 0 0 0 0 0 202 0 0 42 0 0 0 
0 0 0 0 0 0 237 0 0 0 0 0 272 0 0 0 0 0 295 0 0 0 0 0 0 0 0 102 0 0 0 0 0 0 0 0 0 0 0 0 0 0 0 0 0 0 0 0 0 196 21 0 0 138 0 0 0 0 0 0 0 179 0 0 88 0 0 0 0 0 0 0 0 0 0 29 0 0 0 0 29 0 0 0 0 0 0 0 0 0 0 0 0 0 0 0 196 22 1 0 
0 0 0 0 0 46 0 265 0 0 0 0 0 0 0 0 0 0 0 0 0 0 0 0 0 0 52 0 0 0 0 0 295 0 0 0 0 0 0 0 299 0 287 0 0 0 0 281 0 0 0 0 137 0 0 0 0 0 0 0 0 0 0 0 0 263 0 0 0 0 0 0 113 0 0 277 0 0 0 0 0 286 0 0 0 0 0 41 0 0 0 0 0 112 24 0 0 0 0 0 
0 0 0 0 0 0 0 0 0 0 0 0 42 0 241 0 0 0 0 0 0 246 0 0 50 0 173 0 0 0 0 0 0 0 0 0 25 0 0 0 78 0 260 287 239 0 0 26 0 0 0 0 0 0 0 0 0 0 120 0 0 0 0 0 0 0 0 0 0 0 0 0 0 0 0 99 0 0 0 0 0 0 0 0 0 0 0 0 0 0 0 0 0 0 123 0 0 161 0 0 
0 0 0 0 0 0 0 0 0 272 0 42 0 102 0 9 0 0 0 298 0 0 136 0 0 0 0 0 0 0 0 0 0 0 0 0 0 0 0 0 0 0 0 0 0 0 0 0 0 0 0 0 282 0 0 0 0 269 0 243 0 0 0 0 0 0 160 9 0 0 0 0 0 0 0 0 0 0 0 0 0 0 0 0 0 0 0 0 0 0 0 22 0 0 0 145 0 0 31 0 
279 0 0 0 0 0 0 0 0 0 0 0 102 0 0 0 0 0 0 270 0 0 0 0 51 0 0 0 0 0 0 0 0 0 0 214 0 0 0 0 0 0 0 300 0 0 0 0 0 0 0 0 0 0 0 0 0 0 0 0 0 0 117 0 0 0 0 0 277 0 0 0 0 0 0 0 0 0 0 0 0 0 0 0 0 0 0 0 0 104 0 187 0 163 0 0 226 0 0 0 
0 0 0 0 0 0 0 0 0 0 0 241 0 0 0 0 0 0 0 0 0 255 0 0 150 192 0 0 0 0 0 0 0 256 0 0 0 240 0 133 0 0 0 115 0 0 280 0 42 0 0 0 0 0 0 124 0 0 0 0 0 118 0 0 0 0 0 0 0 0 0 0 0 0 0 0 0 0 289 0 0 0 0 0 0 0 0 0 0 0 0 0 0 0 172 0 0 0 0 0 
0 0 0 246 0 232 0 0 0 0 0 0 9 0 0 0 0 0 0 0 63 0 0 214 0 0 0 0 111 0 0 170 0 0 0 232 0 0 0 0 0 0 0 0 0 0 0 0 0 0 0 0 0 0 0 0 0 0 0 0 0 0 0 0 212 0 263 0 0 0 0 0 0 197 0 0 0 206 0 128 0 0 0 0 0 0 20 0 0 0 0 0 0 187 0 0 0 0 0 0 
0 0 0 0 0 0 0 0 0 0 0 0 0 0 0 0 0 49 181 0 0 0 0 0 0 0 0 0 0 0 0 0 0 0 0 0 0 0 0 0 0 0 0 0 0 0 0 0 0 0 90 0 0 0 0 0 0 0 0 0 0 225 0 0 263 24 0 263 0 0 0 0 0 0 148 0 0 0 131 0 0 0 0 0 0 0 0 0 84 0 0 269 0 0 0 0 0 0 0 0 
180 0 0 0 0 0 0 0 0 0 0 0 0 0 0 0 49 0 0 0 0 0 0 0 0 0 0 0 0 0 0 0 145 0 0 0 12 0 294 0 0 0 0 0 0 0 252 0 0 147 0 0 0 0 0 0 0 0 0 0 122 0 157 0 0 0 0 0 135 0 0 0 0 0 0 0 0 0 95 0 0 0 0 0 0 0 0 0 0 10 0 0 54 243 0 0 0 0 20 0 
0 86 167 0 190 0 0 0 0 295 0 0 0 0 0 0 181 0 0 0 0 0 0 0 0 0 0 0 293 0 0 0 0 0 0 0 65 0 0 0 0 0 155 0 0 0 0 0 0 0 20 0 0 0 0 294 0 0 0 0 0 0 0 132 0 0 0 44 0 0 0 187 0 0 141 0 0 0 0 0 0 0 0 0 0 0 0 0 0 0 0 0 0 0 0 0 283 0 0 0 
0 0 25 0 0 0 0 0 0 0 0 0 298 270 0 0 0 0 0 0 0 0 0 270 0 0 166 0 0 0 0 0 0 0 0 0 0 13 0 0 0 0 0 247 0 0 0 0 0 0 0 79 0 0 105 0 0 0 114 159 0 0 0 0 0 0 0 0 0 0 216 0 0 0 0 0 178 0 0 0 0 0 0 0 225 0 0 0 0 0 0 0 0 0 0 0 0 258 0 0 
0 0 0 0 75 0 0 34 0 0 0 0 0 0 0 63 0 0 0 0 0 0 0 0 0 0 19 0 0 0 0 0 0 0 0 0 0 0 0 160 0 0 0 185 0 245 0 0 0 0 0 0 0 0 259 72 0 0 0 158 152 0 0 0 0 0 0 0 87 0 0 0 0 11 0 0 223 0 0 0 0 0 0 0 0 0 0 0 0 125 0 0 0 0 0 0 0 0 0 0 
0 74 0 0 0 0 0 0 0 0 0 246 0 0 255 0 0 0 0 0 0 0 0 0 0 0 0 0 0 0 0 0 0 0 280 94 54 0 0 0 0 280 0 0 0 0 0 0 0 0 0 0 0 0 0 0 0 0 0 0 0 0 0 219 0 0 0 0 0 194 0 149 0 0 0 0 0 0 0 0 0 0 0 0 0 0 0 0 0 0 0 0 0 0 0 217 0 0 0 0 
0 0 0 0 0 0 0 0 0 0 0 0 136 0 0 0 0 0 0 0 0 0 0 0 0 0 0 0 0 0 175 0 0 0 0 0 0 0 65 0 0 0 0 0 0 0 0 0 0 0 0 0 0 0 0 0 0 0 68 0 0 130 177 0 0 0 0 0 0 0 0 0 0 0 0 0 0 0 0 0 0 0 0 0 0 104 0 0 0 0 0 0 0 0 0 85 0 0 0 0 
0 177 0 0 0 0 0 0 0 0 0 0 0 0 0 214 0 0 0 270 0 0 0 0 0 135 0 0 0 0 0 0 45 0 0 0 0 0 0 0 0 0 57 0 0 98 0 0 26 0 0 0 0 0 45 0 0 0 0 0 0 0 0 0 0 0 0 0 0 0 0 0 0 0 294 295 0 0 107 0 0 0 0 0 0 0 0 0 0 0 0 0 0 232 0 0 0 68 0 0 
0 76 0 0 0 0 0 97 0 0 0 50 0 51 150 0 0 0 0 0 0 0 0 0 0 0 0 0 0 0 0 0 0 0 0 0 0 0 0 0 201 0 0 0 17 0 0 0 0 0 0 274 0 0 0 0 170 0 282 0 286 157 0 0 0 0 0 0 0 0 0 0 95 0 0 0 0 0 213 0 0 0 0 0 0 194 0 0 0 0 0 0 0 0 0 0 0 0 0 0 
0 0 0 0 0 0 0 0 0 0 0 0 0 0 192 0 0 0 0 0 0 0 0 135 0 0 58 0 0 0 0 0 0 0 0 0 0 0 0 0 139 0 0 0 0 0 0 0 0 0 0 0 0 0 0 0 0 0 0 0 0 0 0 0 0 0 240 0 0 178 0 0 102 0 0 84 0 0 0 236 0 0 0 57 0 92 85 0 0 0 56 0 0 0 0 0 0 0 0 0 
0 0 0 0 0 0 0 0 0 0 52 173 0 0 0 0 0 0 0 166 19 0 0 0 0 58 0 88 214 0 0 0 0 0 0 0 0 291 74 0 0 0 0 0 21 0 0 51 0 0 0 0 0 0 0 0 0 0 18 0 0 0 0 239 0 0 0 257 0 0 0 0 0 0 0 0 0 0 0 0 0 0 0 0 290 0 0 0 0 0 0 0 0 0 0 0 0 0 0 0 
0 0 0 0 0 0 0 0 0 102 0 0 0 0 0 0 0 0 0 0 0 0 0 0 0 0 88 0 105 113 0 0 0 0 0 0 0 0 116 0 0 0 0 0 0 0 0 0 0 0 0 0 0 0 0 0 0 0 0 0 0 0 0 0 0 0 0 187 67 0 0 0 0 0 0 0 0 0 0 0 94 198 0 0 0 0 0 0 0 0 0 0 0 0 0 0 0 192 0 0 
0 0 112 0 0 0 0 0 0 0 0 0 0 0 0 111 0 0 293 0 0 0 0 0 0 0 214 105 0 0 0 0 0 0 0 0 0 0 0 0 0 0 0 0 0 0 0 0 0 0 0 0 0 227 202 0 0 0 0 39 0 0 0 0 114 0 167 0 0 0 0 0 0 0 0 0 0 0 34 0 0 0 0 0 34 0 0 0 204 0 0 0 0 0 0 0 0 150 174 0 
0 0 0 0 0 0 217 94 0 0 0 0 0 0 0 0 0 0 0 0 0 0 0 0 0 0 0 113 0 0 0 0 0 0 0 0 0 0 0 229 198 0 0 0 0 0 0 15 0 0 0 0 0 0 0 0 87 0 0 300 0 0 0 0 0 0 0 0 0 247 0 0 0 0 0 0 0 0 0 0 0 0 0 0 0 0 0 0 0 0 0 0 0 0 0 0 0 0 0 0 
0 0 292 252 0 0 0 0 0 0 0 0 0 0 0 0 0 0 0 0 0 0 175 0 0 0 0 0 0 0 0 0 0 0 0 298 0 271 234 0 0 0 0 0 0 0 0 35 0 0 0 0 0 0 107 0 0 0 0 206 146 0 0 0 0 0 0 0 120 0 0 0 0 0 0 0 0 0 0 152 274 0 0 0 0 0 0 0 0 0 0 0 0 0 143 92 0 0 0 0 
0 285 0 0 0 0 0 0 0 0 0 0 0 0 0 170 0 0 0 0 0 0 0 0 0 0 0 0 0 0 0 0 0 0 0 0 0 0 0 0 0 0 69 0 0 3 0 0 0 0 0 0 196 0 0 139 0 276 0 0 0 0 165 0 0 0 0 0 0 0 0 0 0 0 0 0 71 0 0 0 0 0 0 0 0 0 0 145 0 0 0 61 93 0 0 0 0 0 42 231 
0 0 0 0 0 125 0 0 0 0 295 0 0 0 0 0 0 145 0 0 0 0 0 45 0 0 0 0 0 0 0 0 0 288 0 0 0 0 0 0 0 0 0 0 252 0 0 0 0 0 0 0 0 0 0 0 0 0 0 0 261 0 112 0 9 0 294 0 0 0 0 0 0 0 0 0 0 0 0 51 0 0 0 0 0 0 0 0 0 0 0 13 45 0 0 106 0 0 0 16 
0 0 0 267 0 0 0 0 0 0 0 0 0 0 256 0 0 0 0 0 0 0 0 0 0 0 0 0 0 0 0 0 288 0 0 0 0 0 0 0 0 1 207 0 85 0 0 0 0 0 50 0 0 0 0 71 0 0 0 0 0 0 0 0 0 0 0 0 0 0 252 289 0 0 238 32 0 0 265 0 0 0 41 244 0 0 0 0 0 0 0 0 0 0 0 0 0 0 0 0 
0 0 219 0 0 0 0 171 0 0 0 0 0 0 0 0 0 0 0 0 0 280 0 0 0 0 0 0 0 0 0 0 0 0 0 0 0 103 0 0 0 0 203 0 0 0 0 0 0 0 0 0 129 88 0 0 0 0 0 142 0 249 0 137 0 0 79 0 270 0 0 0 0 0 92 0 0 0 0 0 0 0 0 0 0 0 0 0 0 0 0 0 114 0 0 0 0 0 0 0 
120 0 0 0 0 0 0 37 200 0 0 0 0 214 0 232 0 0 0 0 0 94 0 0 0 0 0 0 0 0 298 0 0 0 0 0 0 0 0 0 0 0 262 0 0 0 0 0 0 0 0 0 0 0 0 17 18 0 0 0 0 0 0 0 0 0 0 185 0 0 0 0 0 112 0 0 0 0 0 0 0 0 213 0 0 0 0 0 155 0 0 0 0 0 0 0 0 0 33 0 
0 0 85 0 0 0 0 0 0 0 0 25 0 0 0 0 0 12 65 0 0 54 0 0 0 0 0 0 0 0 0 0 0 0 0 0 0 39 0 0 0 210 0 256 0 82 0 0 0 0 0 0 0 0 0 0 0 9 0 0 0 0 0 0 0 0 0 0 0 0 131 205 0 0 0 0 0 0 0 227 0 0 0 0 0 0 0 0 0 0 0 164 0 0 0 0 0 223 0 0 
210 0 0 179 164 0 0 0 0 0 0 0 0 0 240 0 0 0 0 13 0 0 0 0 0 0 291 0 0 0 271 0 0 0 103 0 39 0 0 0 98 0 0 0 0 0 0 0 0 0 0 0 0 0 0 0 0 0 0 0 0 0 0 0 0 0 0 0 0 0 0 0 0 0 132 124 0 0 0 0 0 0 0 125 0 262 0 0 0 0 0 57 0 0 0 0 0 0 0 0 
0 0 0 0 0 19 0 0 0 0 0 0 0 0 0 0 0 294 0 0 0 0 65 0 0 0 74 116 0 0 234 0 0 0 0 0 0 0 0 0 0 0 0 0 0 0 0 0 0 202 0 69 0 0 0 0 0 0 273 0 0 0 0 0 0 0 0 0 0 0 0 0 0 0 0 138 129 0 0 0 0 280 0 0 0 0 273 257 0 0 0 0 0 0 0 0 133 0 0 0 
0 0 0 0 85 0 0 0 0 0 0 0 0 0 133 0 0 0 0 0 160 0 0 0 0 0 0 0 0 229 0 0 0 0 0 0 0 0 0 0 236 0 0 227 0 0 0 0 0 0 0 224 0 74 0 180 0 0 0 0 0 0 0 0 0 0 0 0 0 0 0 0 78 0 0 35 0 0 0 0 0 0 0 46 0 0 114 0 0 0 0 0 20 0 0 0 0 0 0 0 
0 0 0 0 0 0 0 280 0 0 299 78 0 0 0 0 0 0 0 0 0 0 0 0 201 139 0 0 0 198 0 0 0 0 0 0 0 98 0 236 0 0 0 0 0 0 0 0 0 0 0 0 0 0 0 0 194 0 0 0 0 0 0 12 0 36 0 0 0 0 0 15 0 0 0 0 0 0 0 0 0 0 0 0 0 0 0 0 0 0 0 0 0 188 0 0 0 0 0 0 
0 0 146 0 0 0 0 0 0 0 0 0 0 0 0 0 0 0 0 0 0 280 0 0 0 0 0 0 0 0 0 0 0 1 0 0 210 0 0 0 0 0 0 0 0 0 0 0 269 226 0 0 142 0 0 0 0 0 60 0 0 0 0 0 0 0 0 0 0 172 0 0 0 54 0 0 0 255 0 127 0 0 0 0 0 0 0 0 0 0 0 0 0 0 0 0 0 0 0 148 
0 267 0 0 0 0 0 0 36 0 287 260 0 0 0 0 0 0 155 0 0 0 0 57 0 0 0 0 0 0 0 69 0 207 203 262 0 0 0 0 0 0 0 0 0 0 105 0 0 282 0 0 0 0 21 0 0 0 0 0 0 128 0 0 0 0 0 0 0 0 0 0 0 0 0 0 0 0 0 0 0 0 0 0 0 0 0 0 0 0 0 0 0 0 0 0 0 0 174 0 
0 0 0 227 0 162 0 0 0 0 0 287 0 300 115 0 0 0 0 247 185 0 0 0 0 0 0 0 0 0 0 0 0 0 0 0 256 0 0 227 0 0 0 0 0 0 0 0 0 0 0 0 0 0 0 0 0 0 34 9 132 0 0 0 0 0 0 0 0 0 0 0 0 0 0 0 0 0 0 0 176 0 0 255 0 0 0 0 0 0 0 0 0 0 0 0 0 0 0 65 
0 0 0 0 0 280 0 0 0 0 0 239 0 0 0 0 0 0 0 0 0 0 0 0 17 0 21 0 0 0 0 0 252 85 0 0 0 0 0 0 0 0 0 0 0 0 0 108 0 0 0 0 0 0 0 0 0 0 0 0 0 0 0 0 0 0 0 150 0 0 112 0 0 0 0 0 0 0 0 57 0 0 0 0 0 0 0 0 0 0 0 0 0 0 0 0 0 0 0 0 
0 244 0 276 149 0 0 0 0 0 0 0 0 0 0 0 0 0 0 0 245 0 0 98 0 0 0 0 0 0 0 3 0 0 0 0 82 0 0 0 0 0 0 0 0 0 97 0 0 0 0 0 0 0 0 0 0 0 0 0 0 0 0 0 0 0 0 0 0 0 0 0 0 0 0 0 0 0 0 0 0 0 0 0 0 3 0 0 0 0 0 258 0 0 0 0 0 0 192 32 
0 0 129 0 0 0 0 0 103 0 0 0 0 0 280 0 0 252 0 0 0 0 0 0 0 0 0 0 0 0 0 0 0 0 0 0 0 0 0 0 0 0 105 0 0 97 0 0 0 0 42 0 0 0 0 0 0 0 0 0 0 0 0 0 0 0 0 0 0 0 0 0 0 0 0 96 0 0 0 0 0 0 0 0 0 0 283 0 0 146 237 0 0 0 0 0 0 0 181 0 
0 0 0 27 0 0 0 0 0 0 281 26 0 0 0 0 0 0 0 0 0 0 0 0 0 0 51 0 0 15 35 0 0 0 0 0 0 0 0 0 0 0 0 0 108 0 0 0 0 0 0 0 179 0 0 234 0 0 0 0 0 0 0 0 0 0 0 0 0 156 0 0 0 0 186 0 0 0 0 0 190 0 0 0 0 0 0 0 0 0 0 131 0 280 0 283 0 0 0 0 
45 0 0 0 0 0 0 0 0 0 0 0 0 0 42 0 0 0 0 0 0 0 0 26 0 0 0 0 0 0 0 0 0 0 0 0 0 0 0 0 0 269 0 0 0 0 0 0 0 0 0 0 0 0 0 0 0 0 0 97 0 0 0 0 0 0 0 273 0 0 60 0 0 0 0 0 0 0 0 0 0 0 0 0 0 288 0 0 31 0 0 0 0 0 0 0 0 0 0 0 
0 0 58 0 0 0 123 0 0 196 0 0 0 0 0 0 0 147 0 0 0 0 0 0 0 0 0 0 0 0 0 0 0 0 0 0 0 0 202 0 0 226 282 0 0 0 0 0 0 0 0 95 0 0 0 0 0 0 0 0 0 0 268 128 0 0 0 0 0 115 0 0 0 238 0 0 0 0 0 0 0 0 0 0 0 0 0 0 260 0 0 0 0 0 0 0 0 0 0 63 
235 0 0 0 0 0 191 208 0 21 0 0 0 0 0 0 90 0 20 0 0 0 0 0 0 0 0 0 0 0 0 0 0 50 0 0 0 0 0 0 0 0 0 0 0 0 42 0 0 0 0 160 8 0 0 0 0 0 0 84 0 0 0 117 220 0 0 0 0 0 0 0 0 0 0 0 0 0 0 0 0 0 0 0 0 0 0 205 0 0 0 0 0 0 0 0 0 0 0 0 
159 0 249 0 0 0 245 0 0 0 0 0 0 0 0 0 0 0 0 79 0 0 0 0 274 0 0 0 0 0 0 0 0 0 0 0 0 0 69 224 0 0 0 0 0 0 0 0 0 95 160 0 0 0 0 0 0 0 0 0 0 0 0 0 0 0 215 0 0 0 0 0 183 0 0 0 0 0 0 0 0 0 223 0 0 171 0 0 0 0 0 51 0 273 0 0 0 0 0 0 
263 0 0 0 0 0 231 0 266 0 137 0 282 0 0 0 0 0 0 0 0 0 0 0 0 0 0 0 0 0 0 196 0 0 129 0 0 0 0 0 0 142 0 0 0 0 0 179 0 0 8 0 0 0 0 0 0 0 0 267 0 0 0 0 0 0 0 0 0 0 222 0 0 0 0 0 0 0 0 0 0 0 0 0 0 233 0 0 0 0 0 89 117 0 0 0 0 0 0 0 
0 0 0 0 288 0 0 0 0 138 0 0 0 0 0 0 0 0 0 0 0 0 0 0 0 0 0 0 227 0 0 0 0 0 88 0 0 0 0 74 0 0 0 0 0 0 0 0 0 0 0 0 0 0 0 0 0 12 0 0 0 180 0 213 0 0 60 0 0 0 0 0 63 0 274 0 0 0 123 0 38 0 0 230 0 0 0 0 0 0 0 0 0 205 0 0 0 0 0 0 
0 0 118 292 99 0 0 0 0 0 0 0 0 0 0 0 0 0 0 105 259 0 0 45 0 0 0 0 202 0 107 0 0 0 0 0 0 0 0 0 0 0 21 0 0 0 0 0 0 0 0 0 0 0 0 0 0 0 0 0 0 0 0 0 0 0 0 0 0 0 0 0 0 0 0 57 0 0 0 0 197 0 0 0 0 0 0 0 0 0 169 0 0 0 226 16 0 0 0 71 
0 0 0 0 0 0 0 0 0 0 0 0 0 0 124 0 0 0 294 0 72 0 0 0 0 0 0 0 0 0 0 139 0 71 0 17 0 0 0 180 0 0 0 0 0 0 0 234 0 0 0 0 0 0 0 0 0 0 0 0 0 0 201 0 0 0 141 0 0 187 0 0 0 0 0 0 0 0 0 0 0 0 0 0 0 0 0 221 0 0 0 0 0 111 0 0 70 0 0 206 
0 0 0 0 0 0 52 0 0 0 0 0 0 0 0 0 0 0 0 0 0 0 0 0 170 0 0 0 0 87 0 0 0 0 0 18 0 0 0 0 194 0 0 0 0 0 0 0 0 0 0 0 0 0 0 0 0 0 0 0 0 0 0 0 0 0 0 0 0 0 0 162 225 0 228 0 0 279 0 0 0 0 118 50 0 0 0 0 0 101 0 0 0 0 0 0 0 0 0 0 
171 0 0 145 0 14 259 0 0 0 0 0 269 0 0 0 0 0 0 0 0 0 0 0 0 0 0 0 0 0 0 276 0 0 0 0 9 0 0 0 0 0 0 0 0 0 0 0 0 0 0 0 0 12 0 0 0 0 0 0 0 120 0 0 0 0 0 0 0 0 0 0 0 0 0 0 0 0 0 0 0 0 184 0 0 0 0 145 0 0 0 168 0 0 0 0 0 0 0 0 
0 0 0 0 0 0 0 0 0 0 0 120 0 0 0 0 0 0 0 114 0 0 68 0 282 0 18 0 0 0 0 0 0 0 0 0 0 0 273 0 0 60 0 34 0 0 0 0 0 0 0 0 0 0 0 0 0 0 0 0 65 0 164 0 40 253 0 0 0 0 0 0 40 0 0 0 0 0 0 0 0 122 0 0 0 0 0 0 0 0 0 0 0 0 0 0 0 0 0 0 
0 0 0 0 0 0 0 0 0 0 0 0 243 0 0 0 0 0 0 159 158 0 0 0 0 0 0 0 39 300 206 0 0 0 142 0 0 0 0 0 0 0 0 9 0 0 0 0 97 0 84 0 267 0 0 0 0 0 0 0 0 270 0 174 0 0 0 213 0 0 0 0 0 0 0 0 0 0 0 0 0 0 0 0 0 0 0 0 163 0 0 0 0 0 0 0 0 0 0 0 
0 299 0 0 0 12 0 0 0 0 0 0 0 0 0 0 0 122 0 0 152 0 0 0 286 0 0 0 0 0 146 0 261 0 0 0 0 0 0 0 0 0 0 132 0 0 0 0 0 0 0 0 0 0 0 0 0 0 65 0 0 0 45 0 0 0 0 0 0 0 0 0 0 202 0 0 27 0 29 0 222 0 0 0 0 0 0 0 222 0 0 0 0 0 0 0 0 0 0 0 
0 0 0 0 0 0 0 0 78 179 0 0 0 0 118 0 225 0 0 0 0 0 130 0 157 0 0 0 0 0 0 0 0 0 249 0 0 0 0 0 0 0 128 0 0 0 0 0 0 0 0 0 0 180 0 0 0 120 0 270 0 0 0 0 0 0 0 0 106 0 0 0 0 0 0 0 0 0 0 0 0 0 0 0 0 0 0 0 0 0 0 0 101 0 0 0 0 0 32 0 
0 0 63 0 0 0 0 0 0 0 0 0 0 117 0 0 0 157 0 0 0 0 177 0 0 0 0 0 0 0 0 165 112 0 0 0 0 0 0 0 0 0 0 0 0 0 0 0 0 268 0 0 0 0 0 201 0 0 164 0 45 0 0 0 31 127 0 0 0 0 0 229 0 0 0 0 0 0 0 0 0 0 0 0 0 0 0 0 0 242 0 0 0 0 0 84 0 0 0 0 
0 0 0 0 0 0 0 0 0 0 0 0 0 0 0 0 0 0 132 0 0 219 0 0 0 0 239 0 0 0 0 0 0 0 137 0 0 0 0 0 12 0 0 0 0 0 0 0 0 128 117 0 0 213 0 0 0 0 0 174 0 0 0 0 290 105 0 0 0 0 0 0 0 0 0 0 0 0 57 0 0 0 0 0 47 290 0 0 0 0 0 0 0 0 82 0 0 0 0 0 
80 0 0 0 0 0 0 0 0 88 0 0 0 0 0 212 263 0 0 0 0 0 0 0 0 0 0 0 114 0 0 0 9 0 0 0 0 0 0 0 0 0 0 0 0 0 0 0 0 0 220 0 0 0 0 0 0 0 40 0 0 0 31 290 0 168 0 0 0 0 0 0 0 70 0 0 0 0 0 0 0 0 0 0 0 0 0 0 110 0 114 0 0 0 0 0 0 0 148 0 
0 0 0 0 0 0 9 0 0 0 263 0 0 0 0 0 24 0 0 0 0 0 0 0 0 0 0 0 0 0 0 0 0 0 0 0 0 0 0 0 36 0 0 0 0 0 0 0 0 0 0 0 0 0 0 0 0 0 253 0 0 0 127 105 168 0 0 226 0 0 292 0 0 200 0 0 0 0 0 0 0 0 0 0 8 0 0 259 0 0 0 0 55 0 0 0 0 0 0 0 
226 0 0 0 0 0 0 0 0 0 0 0 160 0 0 263 0 0 0 0 0 0 0 0 0 240 0 0 167 0 0 0 294 0 79 0 0 0 0 0 0 0 0 0 0 0 0 0 0 0 0 215 0 60 0 141 0 0 0 0 0 0 0 0 0 0 0 0 0 0 0 0 0 0 0 198 27 0 0 0 0 0 0 0 0 0 160 38 0 0 75 0 0 0 0 0 0 0 0 0 
0 0 0 0 0 0 0 0 0 0 0 0 9 0 0 0 263 0 44 0 0 0 0 0 0 0 257 187 0 0 0 0 0 0 0 185 0 0 0 0 0 0 0 0 150 0 0 0 273 0 0 0 0 0 0 0 0 0 0 213 0 0 0 0 0 226 0 0 0 0 0 0 0 0 0 0 0 0 0 0 0 0 0 0 0 0 0 0 0 0 0 185 0 0 280 61 0 0 0 0 
0 0 0 180 0 0 0 0 0 0 0 0 0 277 0 0 0 135 0 0 87 0 0 0 0 0 0 67 0 0 120 0 0 0 270 0 0 0 0 0 0 0 0 0 0 0 0 0 0 0 0 0 0 0 0 0 0 0 0 0 0 106 0 0 0 0 0 0 0 0 0 0 0 0 23 0 0 0 0 205 0 87 0 0 0 0 0 0 122 0 0 0 0 0 0 0 0 58 0 0 
0 0 0 0 0 15 0 0 0 0 0 0 0 0 0 0 0 0 0 0 0 194 0 0 0 178 0 0 0 247 0 0 0 0 0 0 0 0 0 0 0 172 0 0 0 0 0 156 0 115 0 0 0 0 0 187 0 0 0 0 0 0 0 0 0 0 0 0 0 0 189 0 0 0 0 0 0 0 0 62 0 0 0 66 1 0 0 0 0 0 0 0 116 0 0 0 0 0 0 0 
0 0 0 0 0 0 0 0 0 0 0 0 0 0 0 0 0 0 0 216 0 0 0 0 0 0 0 0 0 0 0 0 0 252 0 0 131 0 0 0 0 0 0 0 112 0 0 0 60 0 0 0 222 0 0 0 0 0 0 0 0 0 0 0 0 292 0 0 0 189 0 0 0 281 0 0 0 0 0 0 0 0 0 0 0 0 0 32 0 283 0 0 0 0 0 0 0 0 0 0 
0 0 0 0 0 0 6 0 0 0 0 0 0 0 0 0 0 0 187 0 0 149 0 0 0 0 0 0 0 0 0 0 0 289 0 0 205 0 0 0 15 0 0 0 0 0 0 0 0 0 0 0 0 0 0 0 162 0 0 0 0 0 229 0 0 0 0 0 0 0 0 0 0 0 0 0 0 0 0 0 294 0 0 0 0 0 0 0 0 125 0 0 126 0 65 0 0 0 0 0 
0 0 0 0 0 0 0 0 0 0 113 0 0 0 0 0 0 0 0 0 0 0 0 0 95 102 0 0 0 0 0 0 0 0 0 0 0 0 0 78 0 0 0 0 0 0 0 0 0 0 0 183 0 63 0 0 225 0 40 0 0 0 0 0 0 0 0 0 0 0 0 0 0 0 0 0 170 0 0 0 0 0 0 0 0 0 0 0 0 148 0 0 0 0 0 0 0 0 0 0 
0 0 0 0 0 0 0 9 211 0 0 0 0 0 0 197 0 0 0 0 11 0 0 0 0 0 0 0 0 0 0 0 0 0 0 112 0 0 0 0 0 54 0 0 0 0 0 0 0 238 0 0 0 0 0 0 0 0 0 0 202 0 0 0 70 200 0 0 0 0 281 0 0 0 0 0 48 0 0 0 0 286 0 0 0 0 0 0 0 0 0 0 0 63 0 0 0 15 0 0 
0 221 0 0 0 0 0 0 0 0 0 0 0 0 0 0 148 0 141 0 0 0 0 294 0 0 0 0 0 0 0 0 0 238 92 0 0 132 0 0 0 0 0 0 0 0 0 186 0 0 0 0 0 274 0 0 228 0 0 0 0 0 0 0 0 0 0 0 23 0 0 0 0 0 0 0 210 0 0 0 0 242 0 0 0 0 0 0 0 0 0 0 0 272 0 0 0 0 0 193 
0 0 0 0 0 0 0 0 0 29 277 99 0 0 0 0 0 0 0 0 0 0 0 295 0 84 0 0 0 0 0 0 0 32 0 0 0 124 138 35 0 0 0 0 0 0 96 0 0 0 0 0 0 0 57 0 0 0 0 0 0 0 0 0 0 0 198 0 0 0 0 0 0 0 0 0 0 0 0 271 0 185 0 0 0 0 0 0 0 0 0 0 157 0 0 0 0 0 0 0 
0 0 0 0 214 0 0 0 0 0 0 0 0 0 0 0 0 0 0 178 223 0 0 0 0 0 0 0 0 0 0 71 0 0 0 0 0 0 129 0 0 0 0 0 0 0 0 0 0 0 0 0 0 0 0 0 0 0 0 0 27 0 0 0 0 0 27 0 0 0 0 0 170 48 210 0 0 0 0 0 0 0 0 0 0 0 162 0 0 9 0 0 0 0 0 0 0 0 0 177 
0 226 98 0 0 106 92 0 0 0 0 0 0 0 0 206 0 0 0 0 0 0 0 0 0 0 0 0 0 0 0 0 0 0 0 0 0 0 0 0 0 255 0 0 0 0 0 0 0 0 0 0 0 0 0 0 279 0 0 0 0 0 0 0 0 0 0 0 0 0 0 0 0 0 0 0 0 0 0 0 0 44 0 0 0 0 0 0 0 49 0 0 0 274 0 0 0 63 0 0 
0 0 0 0 0 0 0 0 0 0 0 0 0 0 289 0 131 95 0 0 0 0 0 107 213 0 0 0 34 0 0 0 0 265 0 0 0 0 0 0 0 0 0 0 0 0 0 0 0 0 0 0 0 123 0 0 0 0 0 0 29 0 0 57 0 0 0 0 0 0 0 0 0 0 0 0 0 0 0 0 0 140 0 90 0 0 153 0 0 0 0 0 0 0 91 0 0 93 0 0 
44 0 0 0 0 0 0 119 47 0 0 0 0 0 0 128 0 0 0 0 0 0 0 0 0 236 0 0 0 0 152 0 51 0 0 0 227 0 0 0 0 127 0 0 57 0 0 0 0 0 0 0 0 0 0 0 0 0 0 0 0 0 0 0 0 0 0 0 205 62 0 0 0 0 0 271 0 0 0 0 0 0 0 0 187 0 0 274 0 0 0 0 0 0 0 0 0 0 0 0 
0 0 0 0 0 0 0 0 0 29 0 0 0 0 0 0 0 0 0 0 0 0 0 0 0 0 0 94 0 0 274 0 0 0 0 0 0 0 0 0 0 0 0 176 0 0 0 190 0 0 0 0 0 38 197 0 0 0 0 0 222 0 0 0 0 0 0 0 0 0 0 294 0 0 0 0 0 0 0 0 0 0 0 0 0 0 0 0 0 0 177 0 0 0 0 0 0 0 0 0 
0 0 0 0 0 0 0 0 0 0 286 0 0 0 0 0 0 0 0 0 0 0 0 0 0 0 0 198 0 0 0 0 0 0 0 0 0 0 280 0 0 0 0 0 0 0 0 0 0 0 0 0 0 0 0 0 0 0 122 0 0 0 0 0 0 0 0 0 87 0 0 0 0 286 242 185 0 44 140 0 0 0 0 87 0 0 189 0 0 142 0 0 275 0 0 147 0 0 0 0 
0 156 48 210 0 0 136 89 0 0 0 0 0 0 0 0 0 0 0 0 0 0 0 0 0 0 0 0 0 0 0 0 0 41 0 213 0 0 0 0 0 0 0 0 0 0 0 0 0 0 0 223 0 0 0 0 118 184 0 0 0 0 0 0 0 0 0 0 0 0 0 0 0 0 0 0 0 0 0 0 0 0 0 0 0 0 238 0 61 56 17 0 0 0 0 0 0 0 74 0 
0 0 0 0 0 0 0 0 0 0 0 0 0 0 0 0 0 0 0 0 0 0 0 0 0 57 0 0 0 0 0 0 0 244 0 0 0 125 0 46 0 0 0 255 0 0 0 0 0 0 0 0 0 230 0 0 50 0 0 0 0 0 0 0 0 0 0 0 0 66 0 0 0 0 0 0 0 0 90 0 0 87 0 0 0 0 0 0 170 0 0 0 0 0 0 0 0 0 0 0 
0 0 0 0 0 0 0 0 0 0 0 0 0 0 0 0 0 0 0 225 0 0 0 0 0 0 290 0 34 0 0 0 0 0 0 0 0 0 0 0 0 0 0 0 0 0 0 0 0 0 0 0 0 0 0 0 0 0 0 0 0 0 0 47 0 8 0 0 0 1 0 0 0 0 0 0 0 0 0 187 0 0 0 0 0 0 287 0 0 293 0 0 0 0 0 0 0 0 271 124 
99 0 0 0 0 0 153 0 0 0 0 0 0 0 0 0 0 0 0 0 0 0 104 0 194 92 0 0 0 0 0 0 0 0 0 0 0 262 0 0 0 0 0 0 0 3 0 0 288 0 0 171 233 0 0 0 0 0 0 0 0 0 0 290 0 0 0 0 0 0 0 0 0 0 0 0 0 0 0 0 0 0 0 0 0 0 0 0 0 0 0 0 0 0 0 0 0 0 0 0 
0 0 0 0 0 0 0 0 0 0 0 0 0 0 0 20 0 0 0 0 0 0 0 0 0 85 0 0 0 0 0 0 0 0 0 0 0 0 273 114 0 0 0 0 0 0 283 0 0 0 0 0 0 0 0 0 0 0 0 0 0 0 0 0 0 0 160 0 0 0 0 0 0 0 0 0 162 0 153 0 0 189 238 0 287 0 0 0 0 0 0 0 0 0 179 258 0 0 0 0 
0 0 0 0 0 0 230 70 0 0 41 0 0 0 0 0 0 0 0 0 0 0 0 0 0 0 0 0 0 0 0 145 0 0 0 0 0 0 257 0 0 0 0 0 0 0 0 0 0 0 205 0 0 0 0 221 0 145 0 0 0 0 0 0 0 259 38 0 0 0 32 0 0 0 0 0 0 0 0 274 0 0 0 0 0 0 0 0 84 0 0 139 0 0 0 0 0 0 0 24 
0 0 0 15 0 202 0 0 0 0 0 0 0 0 0 0 84 0 0 0 0 0 0 0 0 0 0 0 204 0 0 0 0 0 0 155 0 0 0 0 0 0 0 0 0 0 0 0 31 260 0 0 0 0 0 0 0 0 0 163 222 0 0 0 110 0 0 0 122 0 0 0 0 0 0 0 0 0 0 0 0 0 61 170 0 0 0 84 0 0 0 0 0 0 0 0 0 0 0 0 
0 0 0 152 0 0 0 0 0 0 0 0 0 104 0 0 0 10 0 0 125 0 0 0 0 0 0 0 0 0 0 0 0 0 0 0 0 0 0 0 0 0 0 0 0 0 146 0 0 0 0 0 0 0 0 0 101 0 0 0 0 0 242 0 0 0 0 0 0 0 283 125 148 0 0 0 9 49 0 0 0 142 56 0 293 0 0 0 0 0 0 0 0 0 0 0 0 0 0 0 
0 0 0 0 0 20 0 0 0 0 0 0 0 0 0 0 0 0 0 0 0 0 0 0 0 56 0 0 0 0 0 0 0 0 0 0 0 0 0 0 0 0 0 0 0 0 237 0 0 0 0 0 0 0 169 0 0 0 0 0 0 0 0 0 114 0 75 0 0 0 0 0 0 0 0 0 0 0 0 0 177 0 17 0 0 0 0 0 0 0 0 0 0 0 0 0 0 106 0 44 
0 0 0 279 0 0 0 0 0 0 0 0 22 187 0 0 269 0 0 0 0 0 0 0 0 0 0 0 0 0 0 61 13 0 0 0 164 57 0 0 0 0 0 0 0 258 0 131 0 0 0 51 89 0 0 0 0 168 0 0 0 0 0 0 0 0 0 185 0 0 0 0 0 0 0 0 0 0 0 0 0 0 0 0 0 0 0 139 0 0 0 0 0 0 0 0 0 0 0 0 
253 0 0 0 0 30 0 0 0 0 0 0 0 0 0 0 0 54 0 0 0 0 0 0 0 0 0 0 0 0 0 93 45 0 114 0 0 0 0 20 0 0 0 0 0 0 0 0 0 0 0 0 117 0 0 0 0 0 0 0 0 101 0 0 0 55 0 0 0 116 0 126 0 0 0 157 0 0 0 0 0 275 0 0 0 0 0 0 0 0 0 0 0 288 0 0 0 0 0 0 
0 0 0 0 0 0 0 0 202 0 112 0 0 163 0 187 0 243 0 0 0 0 0 232 0 0 0 0 0 0 0 0 0 0 0 0 0 0 0 0 188 0 0 0 0 0 0 280 0 0 0 273 0 205 0 111 0 0 0 0 0 0 0 0 0 0 0 0 0 0 0 0 0 63 272 0 0 274 0 0 0 0 0 0 0 0 0 0 0 0 0 0 288 0 0 0 0 0 0 0 
0 0 0 0 0 0 0 0 0 0 24 123 0 0 172 0 0 0 0 0 0 0 0 0 0 0 0 0 0 0 143 0 0 0 0 0 0 0 0 0 0 0 0 0 0 0 0 0 0 0 0 0 0 0 226 0 0 0 0 0 0 0 0 82 0 0 0 280 0 0 0 65 0 0 0 0 0 0 91 0 0 0 0 0 0 0 179 0 0 0 0 0 0 0 0 0 0 0 235 0 
0 0 0 0 0 0 0 0 0 0 0 0 145 0 0 0 0 0 0 0 0 217 85 0 0 0 0 0 0 0 92 0 106 0 0 0 0 0 0 0 0 0 0 0 0 0 0 283 0 0 0 0 0 0 16 0 0 0 0 0 0 0 84 0 0 0 0 61 0 0 0 0 0 0 0 0 0 0 0 0 0 147 0 0 0 0 258 0 0 0 0 0 0 0 0 0 0 0 0 125 
0 0 0 0 0 0 0 0 42 196 0 0 0 226 0 0 0 0 283 0 0 0 0 0 0 0 0 0 0 0 0 0 0 0 0 0 0 0 133 0 0 0 0 0 0 0 0 0 0 0 0 0 0 0 0 70 0 0 0 0 0 0 0 0 0 0 0 0 0 0 0 0 0 0 0 0 0 0 0 0 0 0 0 0 0 0 0 0 0 0 0 0 0 0 0 0 0 0 0 0 
0 261 280 0 0 0 0 0 0 22 0 161 0 0 0 0 0 0 0 258 0 0 0 68 0 0 0 192 150 0 0 0 0 0 0 0 223 0 0 0 0 0 0 0 0 0 0 0 0 0 0 0 0 0 0 0 0 0 0 0 0 0 0 0 0 0 0 0 58 0 0 0 0 15 0 0 0 63 93 0 0 0 0 0 0 0 0 0 0 0 106 0 0 0 0 0 0 0 0 185 
0 0 0 0 0 0 239 0 0 1 0 0 31 0 0 0 0 20 0 0 0 0 0 0 0 0 0 0 174 0 0 42 0 0 0 33 0 0 0 0 0 0 174 0 0 192 181 0 0 0 0 0 0 0 0 0 0 0 0 0 0 32 0 0 148 0 0 0 0 0 0 0 0 0 0 0 0 0 0 0 0 0 74 0 271 0 0 0 0 0 0 0 0 0 235 0 0 0 0 0 
0 0 0 0 0 0 0 0 0 0 0 0 0 0 0 0 0 0 0 0 0 0 0 0 0 0 0 0 0 0 0 231 16 0 0 0 0 0 0 0 0 148 0 65 0 32 0 0 0 63 0 0 0 0 71 206 0 0 0 0 0 0 0 0 0 0 0 0 0 0 0 0 0 0 193 0 177 0 0 0 0 0 0 0 124 0 0 24 0 0 44 0 0 0 0 125 0 185 0 0 
