0 0 65 0 77 0 53 0 36 75 65 4 69 30 70 0 19 44 0 0 0 0 0 0 0 0 0 0 21 14 0 0 0 0 0 0 0 0 16 38 0 42 6 0 0 4 0 0 22 93 69 0 0 0 0 0 0 99 0 44 0 0 0 79 0 94 15 0 0 42 0 82 0 0 0 30 0 54 0 0 0 0 0 0 0 0 0 82 53 0 0 20 32 57 0 79 25 15 17 0 
0 0 0 0 0 12 0 0 0 0 0 95 0 44 0 19 0 0 0 45 5 18 0 0 56 0 0 0 42 50 25 0 0 14 43 97 43 0 0 87 0 94 0 0 34 0 0 69 0 31 55 0 0 89 0 0 26 0 89 0 55 0 62 43 19 7 0 30 28 71 0 8 0 0 24 53 40 0 0 0 0 0 0 47 0 58 0 30 14 6 42 0 0 32 73 0 0 0 0 36 
65 0 0 0 50 0 0 43 0 0 37 58 0 0 0 0 43 0 53 0 40 82 9 79 94 0 0 0 0 0 29 0 63 72 12 0 0 55 0 5 55 0 0 26 0 0 7 0 80 14 45 0 64 0 0 0 3 0 78 24 0 5 0 49 0 28 23 0 0 68 69 0 85 0 84 55 79 0 46 0 58 0 77 25 20 0 0 0 0 33 0 57 0 0 0 59 0 61 23 49 
0 0 0 0 0 0 28 0 0 0 40 25 0 0 0 4 0 45 20 36 0 69 87 0 0 50 0 0 54 0 0 79 0 0 95 0 0 0 16 60 27 13 2 4 0 0 8 0 0 0 0 22 0 27 0 0 53 40 23 5 0 89 9 0 0 94 0 0 48 0 47 0 56 90 0 0 0 0 0 0 0 0 63 68 0 72 0 0 0 0 0 44 27 60 39 0 86 0 0 1 
77 0 50 0 0 0 0 0 12 0 2 0 94 16 30 0 47 0 15 43 0 0 74 0 11 0 98 36 0 6 0 31 0 6 0 0 0 0 0 0 14 0 27 0 79 0 0 0 76 0 0 52 0 0 0 0 0 0 22 0 0 55 0 56 14 45 0 32 0 0 0 0 0 0 31 0 72 0 15 0 82 48 78 15 39 0 67 0 0 76 0 0 56 28 94 0 0 0 45 51 
0 12 0 0 0 0 49 0 85 18 88 0 0 0 0 94 70 2 0 32 84 0 0 0 0 0 0 0 98 80 65 0 75 0 2 62 0 0 6 59 22 0 0 0 57 0 0 40 0 14 0 0 84 0 0 0 0 0 53 0 48 0 0 72 0 88 39 0 0 67 0 0 0 0 0 60 87 0 0 14 70 0 0 20 0 0 66 0 73 0 66 84 0 47 7 87 0 0 40 0 
53 0 0 28 0 49 0 0 0 75 48 67 73 51 0 0 84 68 0 0 0 0 0 55 0 0 64 0 44 98 30 84 0 90 0 4 21 36 45 59 0 14 0 67 0 0 0 0 0 44 0 0 0 56 35 16 46 0 0 0 0 52 3 0 8 34 96 94 0 0 0 74 0 4 0 0 2 0 0 52 0 0 79 0 96 0 0 0 0 12 32 11 100 49 0 3 69 0 39 27 
0 0 43 0 0 0 0 0 0 58 0 19 0 0 0 82 18 68 0 0 0 0 63 0 0 0 0 72 1 51 0 0 0 0 0 0 56 38 84 46 0 67 0 0 0 9 0 52 0 94 0 93 0 0 0 78 32 71 83 13 94 0 73 0 0 0 60 53 0 89 31 16 0 13 57 55 22 58 0 83 37 0 0 32 0 0 99 7 0 50 40 62 0 0 0 0 0 32 64 36 
36 0 0 0 12 85 0 0 0 0 3 0 0 0 0 0 90 0 0 0 0 49 31 0 27 55 55 0 64 0 0 0 0 0 0 11 88 59 0 94 0 0 0 8 0 0 0 0 100 0 63 96 57 0 9 66 0 0 97 0 0 0 3 13 92 0 54 0 53 25 97 58 84 0 0 100 85 0 0 44 0 0 0 0 0 30 0 0 82 11 8 85 0 96 0 0 0 0 0 35 
75 0 0 0 0 18 75 58 0 0 12 0 0 0 62 62 0 29 0 61 0 19 0 22 72 0 48 0 84 0 27 18 18 15 67 73 72 86 52 0 0 65 0 0 0 0 4 0 0 0 43 14 40 65 0 73 10 0 25 90 0 0 0 0 0 0 0 0 0 7 66 50 0 0 0 44 99 12 33 0 0 90 50 68 61 0 31 0 0 0 0 8 70 0 0 100 0 37 0 21 
65 0 37 40 2 88 48 0 3 12 0 34 0 90 70 78 0 62 0 19 24 60 0 15 34 95 0 0 12 47 0 0 0 0 0 3 40 37 0 0 0 0 29 63 0 0 0 94 0 49 0 0 64 51 98 0 8 0 77 0 98 50 44 0 0 50 0 0 66 0 0 0 0 23 0 0 54 0 0 0 28 0 85 99 0 0 0 0 5 73 0 0 13 56 42 0 0 50 0 16 
4 95 58 25 0 0 67 19 0 0 34 0 15 0 0 0 0 86 0 0 0 0 0 100 18 0 77 74 0 82 19 89 92 0 41 0 56 38 0 0 86 46 0 0 28 56 0 36 45 0 59 43 0 28 22 94 0 41 0 34 0 83 0 0 0 58 24 0 0 0 0 0 34 0 0 0 0 48 0 39 0 0 10 50 0 5 60 36 96 8 0 26 0 25 0 0 22 15 0 0 
69 0 0 0 94 0 73 0 0 0 0 15 0 39 16 0 0 0 0 0 0 49 0 0 93 53 38 0 35 11 0 90 76 100 0 0 25 0 61 79 0 44 21 11 71 0 0 0 24 0 0 0 0 0 0 41 0 0 0 0 86 69 0 100 0 62 38 92 22 0 0 0 41 63 45 0 0 65 0 42 56 0 33 36 0 87 3 76 0 49 0 0 70 0 0 0 69 65 0 0 
30 44 0 0 16 0 51 0 0 0 90 0 39 0 0 18 0 0 0 0 0 0 0 64 81 0 78 40 0 0 0 0 0 19 0 8 0 0 0 94 0 0 28 15 0 63 0 0 3 0 0 0 0 0 77 35 0 0 0 5 0 82 35 91 0 7 0 0 48 0 0 65 0 0 56 0 0 22 0 0 26 75 0 0 0 0 0 0 14 0 89 0 0 0 65 0 0 0 3 0 
70 0 0 0 30 0 0 0 0 62 70 0 16 0 0 32 0 92 0 0 0 0 6 0 0 78 0 85 0 0 0 27 83 0 0 8 56 0 99 0 5 0 64 0 11 0 67 0 69 32 0 26 49 0 0 0 0 34 0 0 0 20 0 73 92 20 0 0 0 0 5 0 0 0 0 39 0 34 0 10 0 0 0 0 80 0 0 0 56 0 7 49 0 23 90 58 25 68 0 0 
0 19 0 4 0 94 0 82 0 62 78 0 0 18 32 0 0 0 0 0 0 0 37 4 81 0 0 12 16 0 0 8 0 0 55 28 0 0 0 0 82 50 0 48 0 0 87 39 74 0 0 15 2 58 0 0 0 0 0 0 0 49 49 0 0 0 0 0 87 60 21 37 0 0 33 75 0 28 0 43 77 0 0 0 0 0 41 54 31 0 26 83 0 0 0 0 0 71 45 0 
19 0 43 0 47 70 84 18 90 0 0 0 0 0 0 0 0 95 0 65 0 0 87 0 0 0 0 71 0 21 89 51 47 0 24 64 0 57 0 0 56 0 0 87 0 0 68 27 54 67 49 60 0 0 0 0 0 56 86 0 65 17 37 81 0 0 0 99 20 0 97 0 0 0 70 0 0 1 41 0 8 68 0 96 0 0 94 0 34 0 38 0 0 63 0 0 0 53 0 16 
44 0 0 45 0 2 68 68 0 29 62 86 0 0 92 0 95 0 0 0 0 0 47 90 0 0 32 0 0 0 47 31 45 32 10 0 86 0 0 0 0 68 0 98 0 0 0 82 0 0 0 8 0 0 0 16 0 0 75 0 70 0 0 0 0 46 0 0 0 0 0 34 0 0 80 30 28 0 12 0 5 0 0 70 0 0 74 0 0 82 77 0 84 30 69 0 47 82 63 0 
0 0 53 20 15 0 0 0 0 0 0 0 0 0 0 0 0 0 0 14 0 0 10 33 0 16 42 0 0 0 42 24 0 0 0 4 0 23 97 39 64 0 0 0 24 0 53 9 88 0 30 0 1 82 0 88 0 0 0 0 30 42 78 30 0 18 0 91 0 10 0 0 78 86 75 0 0 29 0 75 50 0 48 78 0 0 44 0 0 98 0 0 64 0 0 23 0 0 53 4 
0 45 0 36 43 32 0 0 0 61 19 0 0 0 0 0 65 0 14 0 0 2 0 79 16 0 71 0 0 0 50 9 0 84 0 0 0 95 16 0 0 0 0 0 0 51 18 0 0 0 14 61 0 0 69 0 0 67 45 0 60 92 24 0 0 21 92 96 0 0 87 12 0 0 0 89 0 73 0 0 0 0 73 45 29 0 0 0 0 96 31 76 48 0 75 0 42 58 99 51 
0 5 40 0 0 84 0 0 0 0 24 0 0 0 0 0 0 0 0 0 0 42 51 58 0 0 50 0 72 0 0 88 0 77 0 68 0 0 0 0 81 42 0 35 56 0 0 0 50 29 6 86 0 0 67 0 13 0 27 0 67 26 0 0 42 27 0 1 0 90 0 0 0 86 48 0 73 0 59 87 0 96 15 0 0 46 59 0 98 76 0 0 15 95 91 0 2 0 0 0 
0 18 82 69 0 0 0 0 49 19 60 0 49 0 0 0 0 0 0 2 42 0 82 17 0 100 0 42 98 0 0 0 0 0 0 96 59 88 63 84 0 0 68 0 0 0 23 0 1 0 0 14 9 0 36 0 73 0 57 82 73 17 0 0 56 55 51 0 0 0 0 50 10 43 75 100 0 0 16 0 24 0 19 0 0 76 23 87 0 0 0 22 0 100 9 51 5 0 46 0 
0 0 9 87 74 0 0 63 31 0 0 0 0 0 6 37 87 47 10 0 51 82 0 0 58 0 0 79 0 0 0 0 48 15 76 14 55 79 48 0 0 0 0 51 0 0 0 0 61 0 0 90 87 0 83 80 54 0 27 82 57 0 90 0 0 30 32 0 76 0 83 0 0 0 0 0 62 0 85 12 0 65 0 0 0 0 92 0 74 0 60 95 0 42 0 0 0 0 0 39 
0 0 79 0 0 0 55 0 0 22 15 100 0 64 0 4 0 90 33 79 58 17 0 0 55 0 46 0 70 0 35 0 0 95 0 98 47 0 0 0 28 0 63 0 0 10 1 0 0 37 0 0 0 0 53 0 0 0 0 67 62 0 0 97 0 0 59 0 0 73 51 62 0 55 71 47 0 0 31 0 0 60 0 33 0 0 26 13 8 41 0 65 48 0 24 0 54 0 54 0 
0 56 94 0 11 0 0 0 27 72 34 18 93 81 0 81 0 0 0 16 0 0 58 55 0 0 0 0 0 0 0 41 23 0 72 0 0 0 0 0 0 11 0 0 0 35 0 0 0 0 0 67 0 81 0 0 57 0 10 0 0 0 20 35 0 61 0 20 0 7 0 0 0 8 92 0 0 0 10 0 0 0 31 0 0 0 0 99 14 40 0 10 89 81 88 0 13 0 0 0 
0 0 0 50 0 0 0 0 55 0 95 0 53 0 78 0 0 0 16 0 0 100 0 0 0 0 7 40 19 60 22 0 0 0 38 39 0 0 75 0 85 0 0 0 34 0 53 0 0 61 0 0 0 78 0 0 49 34 0 0 53 8 0 54 0 0 0 29 79 30 0 17 0 0 92 57 0 0 0 0 84 0 0 60 28 32 0 0 6 18 0 0 0 0 62 17 0 0 50 0 
0 0 0 0 98 0 64 0 55 48 0 77 38 78 0 0 0 32 42 71 50 0 0 46 0 7 0 85 52 0 48 59 0 0 37 0 0 0 19 0 34 0 0 0 0 14 48 0 0 0 36 0 41 15 0 0 35 0 85 28 36 0 67 0 96 0 0 36 0 17 0 0 43 24 95 0 0 0 0 7 0 0 58 0 0 0 0 0 0 0 26 0 0 90 49 22 0 67 0 0 
0 0 0 0 36 0 0 72 0 0 0 74 0 40 85 12 71 0 0 0 0 42 79 0 0 40 85 0 95 66 0 95 33 11 0 42 0 0 78 0 96 10 78 0 0 0 36 49 31 70 0 0 22 0 0 0 1 0 0 0 0 0 25 48 0 88 0 14 6 0 17 41 0 87 0 10 0 0 0 68 0 36 77 0 36 0 0 0 0 0 0 0 0 0 71 42 44 55 0 0 
21 42 0 54 0 98 44 1 64 84 12 0 35 0 0 16 0 0 0 0 72 98 0 70 0 19 52 95 0 0 0 69 43 0 0 96 17 64 0 0 70 0 0 18 0 69 0 0 0 0 60 0 80 95 0 86 0 5 0 0 48 59 58 48 63 0 0 0 0 0 61 76 0 0 0 0 13 0 0 20 0 29 49 0 73 0 0 8 63 0 0 94 50 26 0 67 87 0 0 8 
14 50 0 0 6 80 98 51 0 0 47 82 11 0 0 0 21 0 0 0 0 0 0 0 0 60 0 66 0 0 40 0 0 7 0 0 0 94 0 27 77 0 48 52 0 0 0 0 0 0 36 97 11 38 0 79 12 0 0 11 12 35 0 0 56 0 0 0 54 0 0 0 16 96 33 0 83 96 15 82 47 17 62 91 67 0 0 59 29 0 0 48 0 0 0 0 14 60 0 0 
0 25 29 0 0 65 30 0 0 27 0 19 0 0 0 0 89 47 42 50 0 0 0 35 0 22 48 0 0 40 0 89 100 25 53 0 33 65 0 55 0 79 0 26 0 0 13 0 0 92 64 0 86 0 41 80 0 34 0 0 29 0 17 98 0 0 28 52 0 0 0 0 21 47 0 0 0 6 78 86 82 4 57 0 80 0 0 70 46 0 0 0 0 99 50 0 35 56 0 0 
0 0 0 79 31 0 84 0 0 18 0 89 90 0 27 8 51 31 24 9 88 0 0 0 41 0 59 95 69 0 89 0 0 0 59 0 72 0 0 0 0 0 0 39 4 0 100 17 0 0 74 0 68 70 87 0 6 32 86 20 41 5 0 0 10 0 62 63 79 53 0 0 67 0 15 40 0 0 0 95 20 0 78 52 0 1 0 0 0 0 17 0 0 0 0 0 0 84 0 56 
0 0 63 0 0 75 0 0 0 18 0 92 76 0 83 0 47 45 0 0 0 0 48 0 23 0 0 33 43 0 100 0 0 0 0 0 0 0 6 0 87 13 28 25 0 92 21 0 55 2 0 31 0 0 76 0 3 83 12 0 0 0 88 0 10 0 0 0 14 0 25 99 0 0 0 0 42 0 0 0 93 0 58 20 80 0 43 16 29 67 71 0 40 88 0 35 80 0 0 0 
0 14 72 0 6 0 90 0 0 15 0 0 100 19 0 0 0 32 0 84 77 0 15 95 0 0 0 11 0 7 25 0 0 0 19 0 0 24 9 0 0 46 0 0 0 10 0 11 0 0 94 54 51 21 25 0 62 0 0 50 17 0 15 84 0 0 0 0 0 0 17 71 49 0 0 0 0 98 0 0 0 35 28 0 0 83 0 62 0 0 0 86 0 74 39 0 0 28 0 0 
0 43 12 95 0 2 0 0 0 67 0 41 0 0 0 55 24 10 0 0 0 0 76 0 72 38 37 0 0 0 53 59 0 19 0 0 0 0 10 45 0 0 0 0 0 0 0 3 0 23 0 0 0 0 0 0 90 0 0 0 88 0 100 47 0 44 0 0 46 0 0 0 7 0 0 10 0 93 0 46 1 49 0 0 21 44 0 0 0 0 0 43 0 18 0 0 75 0 0 0 
0 97 0 0 0 62 4 0 11 73 3 0 0 8 8 28 64 0 4 0 68 96 14 98 0 39 0 42 96 0 0 0 0 0 0 0 98 0 0 99 0 0 2 0 100 80 0 47 60 0 0 0 20 25 81 29 39 29 0 0 35 0 0 0 0 1 8 54 0 0 82 43 0 5 0 0 0 90 0 82 0 0 0 0 94 0 0 54 0 74 0 0 0 13 0 0 20 77 100 0 
0 43 0 0 0 0 21 56 88 72 40 56 25 0 56 0 0 86 0 0 0 59 55 47 0 0 0 0 17 0 33 72 0 0 0 98 0 0 69 22 0 43 0 47 0 0 19 79 17 0 29 76 0 0 10 8 62 0 0 57 64 0 0 0 0 29 99 0 0 15 0 0 0 39 0 6 0 10 45 43 0 0 59 52 13 0 0 0 0 96 0 32 0 0 18 27 57 0 100 0 
0 0 55 0 0 0 36 38 59 86 37 38 0 0 0 0 57 0 23 95 0 88 79 0 0 0 0 0 64 94 65 0 0 24 0 0 0 0 0 0 0 0 0 0 1 45 0 17 0 0 0 0 0 0 77 24 57 31 0 0 62 0 49 0 0 0 0 37 36 0 0 0 32 0 13 11 0 0 0 0 0 0 69 0 0 0 0 0 72 0 39 41 5 0 0 0 24 98 0 75 
16 0 0 16 0 6 45 84 0 52 0 0 61 0 99 0 0 0 97 16 0 63 48 0 0 75 19 78 0 0 0 0 6 9 10 0 69 0 0 0 72 28 0 0 0 0 0 0 0 3 62 51 78 0 34 0 0 0 0 0 44 0 0 0 55 0 71 0 72 0 87 0 0 0 0 31 0 33 0 86 0 0 0 0 0 0 88 0 0 12 0 0 0 0 0 4 96 36 100 26 
38 87 5 60 0 59 59 46 94 0 0 0 79 94 0 0 0 0 39 0 0 84 0 0 0 0 0 0 0 27 55 0 0 0 45 99 22 0 0 0 0 20 62 59 33 68 0 0 0 24 1 95 0 0 33 30 0 25 0 21 10 100 0 26 0 0 91 94 0 0 88 0 0 86 0 0 72 0 89 0 81 0 9 0 0 52 20 0 91 85 63 0 0 0 17 0 0 18 32 0 
0 0 55 27 14 22 0 0 0 0 0 86 0 0 5 82 56 0 64 0 81 0 0 28 0 85 34 96 70 77 0 0 87 0 0 0 0 0 72 0 0 3 66 0 0 49 1 0 0 0 0 0 3 0 55 31 100 53 88 0 0 0 0 0 0 0 8 48 0 0 42 88 0 28 11 33 0 69 64 40 38 50 0 0 0 67 24 40 74 0 0 0 0 0 0 33 87 27 0 58 
42 94 0 13 0 0 14 67 0 65 0 46 44 0 0 50 0 68 0 0 42 0 0 0 11 0 0 10 0 0 79 0 13 46 0 0 43 0 28 20 3 0 91 79 0 0 66 79 30 0 0 57 85 7 0 80 0 27 78 0 23 74 0 0 37 0 0 0 0 0 0 0 0 31 0 0 66 27 0 74 0 72 70 98 0 0 0 0 98 0 0 0 60 0 0 0 9 0 25 65 
6 0 0 2 27 0 0 0 0 0 29 0 21 28 64 0 0 0 0 0 0 68 0 63 0 0 0 78 0 48 0 0 28 0 0 2 0 0 0 62 66 91 0 0 0 0 0 94 0 73 31 22 0 0 0 0 36 0 16 0 0 32 0 0 68 13 0 1 85 76 0 0 0 63 51 0 0 76 0 0 66 0 31 92 5 89 0 20 20 94 94 0 0 0 0 86 55 0 30 0 
0 0 26 4 0 0 67 0 8 0 63 0 11 15 0 48 87 98 0 0 35 0 51 0 0 0 0 0 18 52 26 39 25 0 0 0 47 0 0 59 0 79 0 0 0 26 0 0 0 87 0 63 0 0 0 21 0 0 70 0 0 0 42 0 0 12 0 23 0 0 0 0 0 0 41 77 23 0 62 67 0 73 53 0 61 0 0 1 0 0 100 0 0 0 12 0 0 64 10 84 
0 34 0 0 79 57 0 0 0 0 0 28 71 0 11 0 0 0 24 0 56 0 0 0 0 34 0 0 0 0 0 4 0 0 0 100 0 1 0 33 0 0 0 0 0 0 0 0 0 28 0 12 0 0 0 0 0 0 0 80 73 60 50 0 51 34 0 51 26 0 78 32 0 85 0 88 0 0 77 24 0 0 0 0 0 0 0 24 75 14 0 0 50 52 61 0 0 49 0 34 
4 0 0 0 0 0 0 9 0 0 0 56 0 63 0 0 0 0 0 51 0 0 0 10 35 0 14 0 69 0 0 0 92 10 0 80 0 45 0 68 49 0 0 26 0 0 0 20 45 0 0 0 0 0 63 0 0 0 0 33 0 0 0 0 0 20 0 0 68 3 88 63 0 0 91 0 0 0 67 67 0 0 0 39 23 0 0 94 12 0 35 0 38 38 0 0 0 0 93 36 
0 0 7 8 0 0 0 0 0 4 0 0 0 0 67 87 68 0 53 18 0 23 0 1 0 53 48 36 0 0 13 100 21 0 0 0 19 0 0 0 1 66 0 0 0 0 0 70 0 53 0 0 6 0 0 0 0 43 52 79 32 64 0 79 33 0 10 0 0 0 66 33 9 0 0 0 0 0 0 99 24 0 0 82 61 59 57 0 0 0 86 0 0 0 0 0 72 0 0 0 
0 69 0 0 0 40 0 52 0 0 94 36 0 0 0 39 27 82 9 0 0 0 0 0 0 0 0 49 0 0 0 17 0 11 3 47 79 17 0 0 0 79 94 0 0 20 70 0 0 0 75 79 0 0 75 53 0 0 0 0 0 96 36 92 0 0 85 0 0 0 0 15 96 39 0 0 16 88 0 0 0 49 0 94 98 67 15 0 41 0 96 0 0 18 74 0 19 0 89 54 
22 0 80 0 76 0 0 0 100 0 0 45 24 3 69 74 54 0 88 0 50 1 61 0 0 0 0 31 0 0 0 0 55 0 0 60 17 0 0 0 0 30 0 0 0 45 0 0 0 0 69 8 64 38 0 100 0 32 9 77 24 92 0 27 0 0 82 7 0 81 27 32 0 27 30 0 29 0 0 0 0 14 0 67 0 0 0 4 71 7 0 0 30 66 4 61 0 83 0 92 
93 31 14 0 0 14 44 94 0 0 49 0 0 0 32 0 67 0 0 0 29 0 0 37 0 61 0 70 0 0 92 0 2 0 23 0 0 0 3 24 0 0 73 87 28 0 53 0 0 0 0 0 0 31 5 0 0 0 0 29 61 51 0 0 0 45 99 20 45 0 94 68 16 0 19 0 0 46 0 20 0 0 87 0 0 0 82 31 29 41 0 79 49 30 0 3 42 0 0 0 
69 55 45 0 0 0 0 0 63 43 0 59 0 0 0 0 49 0 30 14 6 0 0 0 0 0 36 0 60 36 64 74 0 94 0 0 29 0 62 1 0 0 31 0 0 0 0 75 69 0 0 0 0 46 33 85 15 0 0 0 57 0 59 0 90 0 0 92 0 28 0 7 0 0 0 0 74 10 81 80 0 20 62 68 0 0 51 30 59 0 31 0 0 37 0 0 45 85 37 0 
0 0 0 22 52 0 0 93 96 14 0 43 0 0 26 15 60 8 0 61 86 14 90 0 67 0 0 0 0 97 0 0 31 54 0 0 76 0 51 95 0 57 22 63 12 0 0 79 8 0 0 0 0 75 0 0 0 0 0 0 0 0 29 0 5 98 0 0 0 0 91 15 0 53 31 0 0 89 7 0 89 94 0 0 0 86 48 38 5 0 0 0 98 0 0 0 0 0 0 0 
0 0 64 0 0 84 0 0 57 40 64 0 0 0 49 2 0 0 1 0 0 9 87 0 0 0 41 22 80 11 86 68 0 51 0 20 0 0 78 0 3 85 0 0 0 0 6 0 64 0 0 0 0 0 0 0 69 0 65 0 0 34 98 77 0 39 0 100 0 80 18 0 80 53 0 63 5 0 49 31 0 10 0 0 0 51 81 0 0 0 49 0 43 9 0 0 0 0 0 75 
0 89 0 27 0 0 56 0 0 65 51 28 0 0 0 58 0 0 82 0 0 0 0 0 81 78 15 0 95 38 0 70 0 21 0 25 0 0 0 0 0 7 0 0 0 0 0 0 38 31 46 75 0 0 0 0 75 0 0 98 0 9 11 35 0 0 0 0 22 0 0 0 0 0 91 6 44 0 79 72 0 0 6 0 0 72 0 0 0 0 0 10 0 54 14 0 21 5 26 69 
0 0 0 0 0 0 35 0 9 0 98 22 0 77 0 0 0 0 0 69 67 36 83 53 0 0 0 0 0 0 41 87 76 25 0 81 10 77 34 33 55 0 0 0 0 63 0 75 0 5 33 0 0 0 0 7 0 75 72 5 0 0 77 0 47 0 12 0 0 36 0 0 0 19 0 41 0 0 0 2 83 96 0 9 62 30 95 24 21 86 0 0 85 68 0 0 65 12 86 46 
0 0 0 0 0 0 16 78 66 73 0 94 41 35 0 0 0 16 88 0 0 0 80 0 0 0 0 0 86 79 80 0 0 0 0 29 8 24 0 30 31 80 0 21 0 0 0 53 100 0 85 0 0 0 7 0 60 0 93 0 20 40 35 0 99 70 0 74 8 6 62 0 0 0 0 88 0 0 0 0 0 48 57 0 22 0 4 2 38 0 0 12 0 0 0 18 22 0 0 46 
0 26 3 53 0 0 46 32 0 10 8 0 0 0 0 0 0 0 0 0 13 73 54 0 57 49 35 1 0 12 0 6 3 62 90 39 62 57 0 0 100 0 36 0 0 0 0 0 0 0 15 0 69 75 0 60 0 53 0 11 31 0 0 0 6 61 92 45 0 0 0 0 0 0 0 0 14 41 67 22 0 0 39 86 0 0 68 0 0 71 0 0 0 0 75 0 81 67 0 88 
99 0 0 40 0 0 0 71 0 0 0 41 0 0 34 0 56 0 0 67 0 0 0 0 0 34 0 0 5 0 34 32 83 0 0 29 0 31 0 25 53 27 0 0 0 0 43 0 32 0 0 0 0 0 75 0 53 0 17 95 22 0 17 0 0 94 0 0 0 0 4 96 0 0 34 24 72 61 66 0 0 0 0 29 91 0 100 0 0 15 0 55 0 0 43 6 92 0 59 9 
0 89 78 23 22 53 0 83 97 25 77 0 0 0 0 0 86 75 0 45 27 57 27 0 10 0 85 0 0 0 0 86 12 0 0 0 0 0 0 0 88 78 16 70 0 0 52 0 9 0 0 0 65 0 72 93 0 17 0 0 0 18 0 47 42 47 0 0 0 0 0 26 0 0 53 76 38 0 15 17 0 0 0 0 95 0 0 0 0 0 0 0 49 11 0 0 0 0 74 15 
44 0 24 5 0 0 0 13 0 90 0 34 0 5 0 0 0 0 0 0 0 82 82 67 0 0 28 0 0 11 0 20 0 50 0 0 57 0 0 21 0 0 0 0 80 33 79 0 77 29 0 0 0 98 5 0 11 95 0 0 0 95 99 0 0 0 0 0 0 0 0 62 0 0 0 88 0 0 0 3 0 35 97 0 53 0 10 65 0 30 64 61 0 76 0 0 0 0 34 3 
0 55 0 0 0 48 0 94 0 0 98 0 86 0 0 0 65 70 30 60 67 73 57 62 0 53 36 0 48 12 29 41 0 17 88 35 64 62 44 10 0 23 0 0 73 0 32 0 24 61 57 0 0 0 0 20 31 22 0 0 0 7 16 0 0 0 87 0 0 54 0 0 0 77 94 0 0 83 0 70 0 0 0 65 0 0 0 67 98 72 0 0 0 0 86 0 0 35 0 93 
0 0 5 89 55 0 52 0 0 0 50 83 69 82 20 49 17 0 42 92 26 17 0 0 0 8 0 0 59 35 0 5 0 0 0 0 0 0 0 100 0 74 32 0 60 0 64 96 92 51 0 0 34 9 0 40 0 0 18 95 7 0 0 16 0 0 60 0 0 85 0 0 0 34 86 0 0 42 0 87 47 21 0 76 0 0 45 16 0 0 18 0 0 0 16 0 78 3 0 1 
0 62 0 9 0 0 3 73 3 0 44 0 0 35 0 49 37 0 78 24 0 0 90 0 20 0 67 25 58 0 17 0 88 15 100 0 0 49 0 0 0 0 0 42 50 0 0 36 0 0 59 29 98 11 77 35 0 17 0 99 16 0 0 0 30 0 0 27 0 52 54 20 0 0 40 0 30 0 30 0 72 39 71 53 0 0 0 0 82 0 0 14 0 0 0 56 0 3 5 0 
79 43 49 0 56 72 0 0 13 0 0 0 100 91 73 0 81 0 30 0 0 0 0 97 35 54 0 48 48 0 98 0 0 84 47 0 0 0 0 26 0 0 0 0 0 0 79 92 27 0 0 0 77 35 0 0 0 0 47 0 0 16 0 0 0 41 75 0 15 0 65 12 89 1 0 0 0 0 0 74 17 62 52 0 0 0 22 0 0 86 92 84 40 0 82 0 100 18 42 71 
0 19 0 0 14 0 8 0 92 0 0 0 0 0 92 0 0 0 0 0 42 56 0 0 0 0 96 0 63 56 0 10 10 0 0 0 0 0 55 0 0 37 68 0 51 0 33 0 0 0 90 5 0 0 47 99 6 0 42 0 0 0 30 0 0 47 0 96 60 19 0 81 23 0 67 37 88 0 70 0 0 0 0 0 0 5 95 0 14 0 0 0 0 0 73 0 0 49 0 59 
94 7 28 94 45 88 34 0 0 0 50 58 62 7 20 0 0 46 18 21 27 55 30 0 61 0 0 88 0 0 0 0 0 0 44 1 29 0 0 0 0 0 13 12 34 20 0 0 0 45 0 98 39 0 0 70 61 94 47 0 0 0 0 41 47 0 81 27 0 0 0 0 54 30 0 0 0 81 0 0 0 5 0 65 0 0 0 14 0 46 70 0 0 41 80 48 0 0 0 73 
15 0 23 0 0 39 96 60 54 0 0 24 38 0 0 0 0 0 0 92 0 51 32 59 0 0 0 0 0 0 28 62 0 0 0 8 99 0 71 91 8 0 0 0 0 0 10 85 82 99 0 0 0 0 12 0 92 0 0 0 87 60 0 75 0 81 0 18 43 97 0 0 40 0 14 0 39 46 0 85 0 0 0 0 0 0 86 18 99 0 0 0 0 30 78 0 26 65 0 0 
0 30 0 0 32 0 94 53 0 0 0 0 92 0 0 0 99 0 91 96 1 0 0 0 20 29 36 14 0 0 52 63 0 0 0 54 0 37 0 94 48 0 1 23 51 0 0 0 7 20 92 0 100 0 0 74 45 0 0 0 0 0 27 0 96 27 18 0 0 0 0 0 0 97 0 3 67 0 7 0 24 0 76 38 0 24 0 16 0 0 29 0 0 0 10 0 91 0 0 0 
0 28 0 48 0 0 0 0 53 0 66 0 22 48 0 87 20 0 0 0 0 0 76 0 0 79 0 6 0 54 0 79 14 0 46 0 0 36 72 0 0 0 85 0 26 68 0 0 0 45 0 0 0 22 0 8 0 0 0 0 0 0 0 15 60 0 43 0 0 0 0 6 0 10 14 0 0 98 0 97 0 0 91 0 0 0 33 30 0 0 13 0 0 0 0 58 41 0 64 94 
42 71 68 0 0 67 0 89 25 7 0 0 0 0 0 60 0 0 10 0 90 0 0 73 7 30 17 0 0 0 0 53 0 0 0 0 15 0 0 0 0 0 76 0 0 3 0 0 81 0 28 0 80 0 36 6 0 0 0 0 54 85 52 0 19 0 97 0 0 0 8 40 0 0 2 83 93 25 22 0 37 0 44 0 100 0 60 0 26 0 67 42 54 0 26 43 2 61 16 0 
0 0 69 47 0 0 0 31 97 66 0 0 0 0 5 21 97 0 0 87 0 0 83 51 0 0 0 17 61 0 0 0 25 17 0 82 0 0 87 88 42 0 0 0 78 88 66 0 27 94 0 91 18 0 0 62 0 4 0 0 0 0 54 65 0 0 0 0 0 8 0 60 0 0 0 0 90 15 0 0 2 17 0 0 0 15 55 95 0 0 24 0 0 0 73 0 0 0 5 0 
82 8 0 0 0 0 74 16 58 50 0 0 0 65 0 37 0 34 0 12 0 50 0 62 0 17 0 41 76 0 0 0 99 71 0 43 0 0 0 0 88 0 0 0 32 63 33 15 32 68 7 15 0 0 0 0 0 96 26 62 0 0 20 12 81 0 0 0 6 40 60 0 0 78 0 34 0 94 56 9 0 45 0 0 42 0 31 13 33 0 90 0 7 0 32 0 0 0 70 0 
0 0 85 56 0 0 0 0 84 0 0 34 41 0 0 0 0 0 78 0 0 10 0 0 0 0 43 0 0 16 21 67 0 49 7 0 0 32 0 0 0 0 0 0 0 0 9 96 0 16 0 0 80 0 0 0 0 0 0 0 0 0 0 89 23 54 40 0 0 0 0 0 0 50 0 10 0 0 54 13 0 0 0 99 91 71 0 74 0 0 0 0 0 0 0 89 0 0 0 0 
0 0 0 90 0 0 4 13 0 0 23 0 63 0 0 0 0 0 86 0 86 43 0 55 8 0 24 87 0 96 47 0 0 0 0 5 39 0 0 86 28 31 63 0 85 0 0 39 27 0 0 53 53 0 19 0 0 0 0 0 77 34 0 1 0 30 0 97 10 0 0 78 50 0 14 98 92 55 0 39 0 0 80 8 0 0 65 34 0 0 0 52 0 0 45 0 1 56 0 0 
0 24 84 0 31 0 0 57 0 0 0 0 45 56 0 33 70 80 75 0 48 75 0 71 92 92 95 0 0 33 0 15 0 0 0 0 0 13 0 0 11 0 51 41 0 91 0 0 30 19 0 31 0 91 0 0 0 34 53 0 94 86 40 0 67 0 14 0 14 2 0 0 0 14 0 64 35 0 88 0 9 96 0 44 19 0 49 32 0 32 0 90 0 0 65 65 0 0 0 0 
30 53 55 0 0 60 0 55 100 44 0 0 0 0 39 75 0 30 0 89 0 100 0 47 0 57 0 10 0 0 0 40 0 0 10 0 6 11 31 0 33 0 0 77 88 0 0 0 0 0 0 0 63 6 41 88 0 24 76 88 0 0 0 0 37 0 0 3 0 83 0 34 10 98 64 0 0 10 0 0 0 0 0 85 0 10 0 0 0 0 60 71 37 0 53 0 0 0 0 62 
0 40 79 0 72 87 2 22 85 99 54 0 0 0 0 0 0 28 0 0 73 0 62 0 0 0 0 0 13 83 0 0 42 0 0 0 0 0 0 72 0 66 0 23 0 0 0 16 29 0 74 0 5 44 0 0 14 72 38 0 0 0 30 0 88 0 39 67 0 93 90 0 0 92 35 0 0 94 0 0 29 54 0 0 0 0 0 30 0 79 53 0 0 11 0 0 0 39 42 8 
54 0 0 0 0 0 0 58 0 12 0 48 65 22 34 28 1 0 29 73 0 0 0 0 0 0 0 0 0 96 6 0 0 98 93 90 10 0 33 0 69 27 76 0 0 0 0 88 0 46 10 89 0 0 0 0 41 61 0 0 83 42 0 0 0 81 46 0 98 25 15 94 0 55 0 10 94 0 23 0 0 0 0 0 44 0 87 0 2 97 0 0 0 81 0 10 55 0 42 0 
0 0 46 0 15 0 0 0 0 33 0 0 0 0 0 0 41 12 0 0 59 16 85 31 10 0 0 0 0 15 78 0 0 0 0 0 45 0 0 89 64 0 0 62 77 67 0 0 0 0 81 7 49 79 0 0 67 66 15 0 0 0 30 0 70 0 0 7 0 22 0 56 54 0 88 0 0 23 0 86 0 83 0 0 86 89 0 0 0 0 87 0 0 31 41 0 0 0 0 0 
0 0 0 0 0 14 52 83 44 0 0 39 42 0 10 43 0 0 75 0 87 0 12 0 0 0 7 68 20 82 86 95 0 0 46 82 43 0 86 0 40 74 0 67 24 67 99 0 0 20 80 0 31 72 2 0 22 0 17 3 70 87 0 74 0 0 85 0 97 0 0 9 13 39 0 0 0 0 86 0 68 0 0 0 0 0 56 0 36 0 18 0 0 0 0 38 0 0 0 21 
0 0 58 0 82 70 0 37 0 0 28 0 56 26 0 77 8 5 50 0 0 24 0 0 0 84 0 0 0 47 82 20 93 0 1 0 0 0 0 81 38 0 66 0 0 0 24 0 0 0 0 89 0 0 83 0 0 0 0 0 0 47 72 17 0 0 0 24 0 37 2 0 0 0 9 0 29 0 0 68 0 0 67 0 0 0 0 76 0 22 62 0 70 76 80 0 60 17 0 68 
0 0 0 0 48 0 0 0 0 90 0 0 0 75 0 0 68 0 0 0 96 0 65 60 0 0 0 36 29 17 4 0 0 35 49 0 0 0 0 0 50 72 0 73 0 0 0 49 14 0 20 94 10 0 96 48 0 0 0 35 0 21 39 62 0 5 0 0 0 0 17 45 0 0 96 0 54 0 83 0 0 0 0 0 73 0 66 49 4 0 0 29 43 89 0 0 26 14 0 0 
0 0 77 63 78 0 79 0 0 50 85 10 33 0 0 0 0 0 48 73 15 19 0 0 31 0 58 77 49 62 57 78 58 28 0 0 59 69 0 9 0 70 31 53 0 0 0 0 0 87 62 0 0 6 0 57 39 0 0 97 0 0 71 52 0 0 0 76 91 44 0 0 0 80 0 0 0 0 0 0 67 0 0 64 0 87 31 0 0 0 21 50 0 10 0 0 87 48 0 0 
0 47 25 68 15 20 0 32 0 68 99 50 36 0 0 0 96 70 78 45 0 0 0 33 0 60 0 0 0 91 0 52 20 0 0 0 52 0 0 0 0 98 92 0 0 39 82 94 67 0 68 0 0 0 9 0 86 29 0 0 65 76 53 0 0 65 0 38 0 0 0 0 99 8 44 85 0 0 0 0 0 0 64 0 39 0 4 0 72 0 38 37 0 0 0 0 98 98 68 78 
0 0 20 0 39 0 96 0 0 61 0 0 0 0 80 0 0 0 0 29 0 0 0 0 0 28 0 36 73 67 80 0 80 0 21 94 13 0 0 0 0 0 5 61 0 23 61 98 0 0 0 0 0 0 62 22 0 91 95 53 0 0 0 0 0 0 0 0 0 100 0 42 91 0 19 0 0 44 86 0 0 73 0 39 0 9 0 27 0 0 0 0 39 0 0 69 0 0 0 25 
0 58 0 72 0 0 0 0 30 0 0 5 87 0 0 0 0 0 0 0 46 76 0 0 0 32 0 0 0 0 0 1 0 83 44 0 0 0 0 52 67 0 89 0 0 0 59 67 0 0 0 86 51 72 30 0 0 0 0 0 0 0 0 0 5 0 0 24 0 0 15 0 71 0 0 10 0 0 89 0 0 0 87 0 9 0 0 0 62 0 0 0 0 0 70 60 0 95 0 66 
0 0 0 0 67 66 0 99 0 31 0 60 3 0 0 41 94 74 44 0 59 23 92 26 0 0 0 0 0 0 0 0 43 0 0 0 0 0 88 20 24 0 0 0 0 0 57 15 0 82 51 48 81 0 95 4 68 100 0 10 0 45 0 22 95 0 86 0 33 60 55 31 0 65 49 0 0 87 0 56 0 66 31 4 0 0 0 0 0 96 52 91 14 0 56 100 0 0 0 0 
82 30 0 0 0 0 0 7 0 0 0 36 76 0 0 54 0 0 0 0 0 87 0 13 99 0 0 0 8 59 70 0 16 62 0 54 0 0 0 0 40 0 20 1 24 94 0 0 4 31 30 38 0 0 24 2 0 0 0 65 67 16 0 0 0 14 18 16 30 0 95 13 74 34 32 0 30 0 0 0 76 49 0 0 27 0 0 0 39 0 24 7 53 65 0 37 8 0 19 0 
53 14 0 0 0 73 0 0 82 0 5 96 0 14 56 31 34 0 0 0 98 0 74 8 14 6 0 0 63 29 46 0 29 0 0 0 0 72 0 91 74 98 20 0 75 12 0 41 71 29 59 5 0 0 21 38 0 0 0 0 98 0 82 0 14 0 99 0 0 26 0 33 0 0 0 0 0 2 0 36 0 4 0 72 0 62 0 39 0 87 73 30 0 0 0 0 0 0 4 0 
0 6 33 0 76 0 12 50 11 0 73 8 49 0 0 0 0 82 98 96 76 0 0 41 40 18 0 0 0 0 0 0 67 0 0 74 96 0 12 85 0 0 94 0 14 0 0 0 7 41 0 0 0 0 86 0 71 15 0 30 72 0 0 86 0 46 0 0 0 0 0 0 0 0 32 0 79 97 0 0 22 0 0 0 0 0 96 0 87 0 8 0 64 20 0 0 0 54 0 0 
0 42 0 0 0 66 32 40 8 0 0 0 0 89 7 26 38 77 0 31 0 0 60 0 0 0 26 0 0 0 0 17 71 0 0 0 0 39 0 63 0 0 94 100 0 35 86 96 0 0 31 0 49 0 0 0 0 0 0 64 0 18 0 92 0 70 0 29 13 67 24 90 0 0 0 60 53 0 87 18 62 0 21 38 0 0 52 24 73 8 0 27 0 36 10 73 0 0 93 58 
20 0 57 44 0 84 11 62 85 8 0 26 0 0 49 83 0 0 0 76 0 22 95 65 10 0 0 0 94 48 0 0 0 86 43 0 32 41 0 0 0 0 0 0 0 0 0 0 0 79 0 0 0 10 0 12 0 55 0 61 0 0 14 84 0 0 0 0 0 42 0 0 0 52 90 71 0 0 0 0 0 29 50 37 0 0 91 7 30 0 27 0 64 48 7 37 0 75 67 68 
32 0 0 27 56 0 100 0 0 70 13 0 70 0 0 0 0 84 64 48 15 0 0 48 89 0 0 0 50 0 0 0 40 0 0 0 0 5 0 0 0 60 0 0 50 38 0 0 30 49 0 98 43 0 85 0 0 0 49 0 0 0 0 40 0 0 0 0 0 54 0 7 0 0 0 37 0 0 0 0 70 43 0 0 39 0 14 53 0 64 0 64 0 0 87 86 68 97 0 17 
57 32 0 60 28 47 49 0 96 0 56 25 0 0 23 0 63 30 0 0 95 100 42 0 81 0 90 0 26 0 99 0 88 74 18 13 0 0 0 0 0 0 0 0 52 38 0 18 66 30 37 0 9 54 68 0 0 0 11 76 0 0 0 0 0 41 30 0 0 0 0 0 0 0 0 0 11 81 31 0 76 89 10 0 0 0 0 65 0 20 36 48 0 0 0 41 0 0 0 100 
0 73 0 39 94 7 0 0 0 0 42 0 0 65 90 0 0 69 0 75 91 9 0 24 88 62 49 71 0 0 50 0 0 39 0 0 18 0 0 17 0 0 0 12 61 0 0 74 4 0 0 0 0 14 0 0 75 43 0 0 86 16 0 82 73 80 78 10 0 26 73 32 0 45 65 53 0 0 41 0 80 0 0 0 0 70 56 0 0 0 10 7 87 0 0 100 0 0 39 67 
79 0 59 0 0 87 3 0 0 100 0 0 0 0 58 0 0 0 23 0 0 51 0 0 0 17 22 42 67 0 0 0 35 0 0 0 27 0 4 0 33 0 86 0 0 0 0 0 61 3 0 0 0 0 0 18 0 6 0 0 0 0 56 0 0 48 0 0 58 43 0 0 89 0 65 0 0 10 0 38 0 0 0 0 69 60 100 37 0 0 73 37 86 41 100 0 54 84 78 0 
25 0 0 86 0 0 69 0 0 0 0 22 69 0 25 0 0 47 0 42 2 5 0 54 13 0 0 44 87 14 35 0 80 0 75 20 57 24 96 0 87 9 55 0 0 0 72 19 0 42 45 0 0 21 65 22 81 92 0 0 0 78 0 100 0 0 26 91 41 2 0 0 0 1 0 0 0 55 0 0 60 26 87 98 0 0 0 8 0 0 0 0 68 0 0 54 0 20 0 0 
15 0 61 0 0 0 0 32 0 37 50 15 65 0 68 71 53 82 0 58 0 0 0 0 0 0 67 55 0 60 56 84 0 28 0 77 0 98 36 18 27 0 0 64 49 0 0 0 83 0 85 0 0 5 12 0 67 0 0 0 35 3 3 18 49 0 65 0 0 61 0 0 0 56 0 0 39 0 0 0 17 14 48 98 0 95 0 0 0 54 0 75 97 0 0 84 20 0 0 0 
17 0 23 0 45 40 39 64 0 0 0 0 0 3 0 45 0 63 53 99 0 46 0 54 0 50 0 0 0 0 0 0 0 0 0 100 100 0 100 32 0 25 30 10 0 93 0 89 0 0 37 0 0 26 86 0 0 59 74 34 0 0 5 42 0 0 0 0 64 16 5 70 0 0 0 0 42 42 0 0 0 0 0 68 0 0 0 19 4 0 93 67 0 0 39 78 0 0 0 0 
0 36 49 1 51 0 27 36 35 21 16 0 0 0 0 0 16 0 4 51 0 0 39 0 0 0 0 0 8 0 0 56 0 0 0 0 0 75 26 0 58 65 0 84 34 36 0 54 92 0 0 0 75 69 46 46 88 9 15 3 93 1 0 71 59 73 0 0 94 0 0 0 0 0 0 62 8 0 0 21 68 0 0 78 25 66 0 0 0 0 58 68 17 100 67 0 0 0 0 0 
