0 0 0 0 0 0 92 0 0 39 0 0 0 0 0 0 0 0 0 0 0 0 0 0 0 0 0 0 0 0 68 0 80 0 0 0 0 0 0 0 0 0 0 0 0 0 0 62 0 62 0 0 0 0 67 0 0 18 25 0 5 0 0 0 0 0 0 0 0 0 0 0 0 0 0 0 11 0 0 0 15 0 0 0 0 0 0 0 0 0 0 0 0 0 0 63 0 0 62 0 
0 0 0 0 0 4 55 0 0 0 59 0 0 0 51 0 0 0 0 0 0 0 0 0 0 0 0 0 0 0 0 0 0 0 0 0 6 0 0 0 67 0 0 75 31 39 0 0 0 0 0 0 0 0 0 0 0 47 28 0 0 0 0 36 0 0 0 0 0 0 0 0 0 0 0 0 0 0 0 0 31 0 0 0 0 0 0 0 0 0 0 17 0 0 0 0 0 0 0 95 
0 0 0 0 0 0 45 0 0 0 0 0 0 0 0 0 0 0 0 0 0 40 0 0 0 0 0 0 0 0 0 0 0 59 0 0 0 0 0 0 0 54 0 100 0 63 0 0 36 40 0 0 25 0 0 0 28 0 0 0 0 0 0 0 0 0 0 0 0 0 0 0 0 0 0 0 0 0 0 38 0 0 77 0 0 0 0 0 36 0 0 79 0 0 0 0 83 0 0 0 
0 0 0 0 0 0 0 79 0 0 0 0 0 0 0 0 0 0 0 0 24 90 0 0 0 0 0 0 0 0 0 0 0 0 0 0 0 0 76 0 0 0 35 0 0 0 0 0 44 0 0 0 0 0 0 0 0 0 79 0 0 0 0 0 0 0 0 0 0 0 0 0 0 19 0 0 0 0 0 0 0 0 0 0 0 0 0 21 5 0 0 0 85 92 0 0 28 74 78 0 
0 0 0 0 0 0 68 0 0 0 93 0 56 0 0 48 0 36 0 0 0 0 0 0 0 0 0 0 0 0 0 0 41 0 0 0 0 0 25 0 0 0 0 0 0 0 0 0 0 0 0 0 0 0 0 0 0 0 0 0 0 0 0 87 0 0 0 0 8 89 0 0 92 0 0 35 0 0 51 0 0 0 0 0 0 0 60 0 89 0 0 0 0 0 0 0 0 0 0 0 
0 4 0 0 0 0 0 36 0 0 0 0 0 0 0 0 0 0 0 0 0 0 0 0 0 0 22 0 0 11 0 0 0 0 0 0 0 0 0 0 0 0 66 65 0 36 0 0 8 0 0 0 0 0 0 0 0 0 0 0 0 33 0 0 0 0 100 0 25 0 0 0 0 0 0 89 0 0 79 0 0 0 0 0 0 0 98 0 0 0 0 0 0 0 0 0 0 85 0 0 
92 55 45 0 68 0 0 0 0 0 0 0 0 0 0 0 0 0 0 0 0 0 0 0 0 0 0 12 0 0 0 0 0 0 0 0 38 0 0 0 0 0 0 0 0 0 0 0 0 0 0 0 81 0 0 0 0 14 0 0 0 0 0 0 0 0 0 0 0 0 0 45 0 0 44 0 91 0 0 0 0 0 0 0 0 0 0 0 81 64 0 0 0 0 0 0 0 0 0 0 
0 0 0 79 0 36 0 0 0 0 0 0 0 0 0 0 0 0 0 0 0 0 0 0 0 96 0 0 34 0 0 0 0 0 80 0 0 0 0 0 0 95 0 0 0 0 0 0 12 0 0 0 0 0 79 0 0 0 0 0 0 0 0 0 0 0 0 0 0 0 0 0 0 0 0 0 7 0 0 69 0 0 0 0 91 0 79 0 0 3 0 49 0 0 65 0 0 0 0 0 
0 0 0 0 0 0 0 0 0 0 0 92 0 0 0 0 0 0 0 22 0 0 0 0 0 0 0 0 0 0 0 0 65 0 0 0 0 0 16 0 0 0 0 0 0 75 0 0 0 0 0 0 0 79 0 0 0 0 0 0 0 0 0 0 0 0 15 0 0 4 0 0 0 0 0 0 0 0 78 0 0 46 99 0 0 39 0 0 82 0 0 0 68 0 0 0 0 0 0 23 
39 0 0 0 0 0 0 0 0 0 0 0 0 0 0 0 0 0 0 0 0 67 0 67 0 0 0 0 0 0 10 12 0 0 0 0 0 0 0 0 0 0 0 0 0 0 0 0 0 9 0 65 0 0 0 0 92 0 0 0 90 0 0 0 0 0 0 0 0 0 0 0 0 0 0 0 0 0 0 88 0 0 53 0 11 0 0 0 0 0 0 0 0 0 3 26 0 0 0 80 
0 59 0 0 93 0 0 0 0 0 0 0 0 0 0 28 57 0 0 0 0 0 0 0 0 0 0 0 0 0 0 0 0 0 0 0 0 40 0 0 0 84 0 0 0 84 37 24 0 0 0 0 0 0 0 0 0 0 0 0 0 0 0 0 0 0 0 0 69 0 0 0 0 32 0 0 0 0 0 0 0 0 0 0 0 0 0 0 3 0 0 0 84 0 12 0 0 0 41 0 
0 0 0 0 0 0 0 0 92 0 0 0 0 0 0 61 0 0 0 0 0 0 0 50 0 0 0 0 80 0 0 25 27 0 25 0 0 0 0 59 0 36 0 0 0 0 59 0 0 0 0 0 0 0 0 0 0 0 0 0 0 0 0 0 0 0 0 0 0 0 0 12 0 0 19 0 42 0 0 0 0 0 22 0 0 0 0 0 0 0 0 0 0 15 0 0 0 0 0 0 
0 0 0 0 56 0 0 0 0 0 0 0 0 0 0 0 0 0 0 0 90 0 0 0 0 0 0 0 34 29 0 0 0 0 0 0 17 0 0 0 0 0 0 71 0 0 0 0 79 0 0 0 0 0 68 0 0 0 0 29 0 0 0 0 0 0 0 0 0 0 0 0 0 0 0 0 0 16 0 80 0 0 0 0 0 0 0 0 0 0 0 0 0 0 0 0 0 0 0 96 
0 0 0 0 0 0 0 0 0 0 0 0 0 0 0 92 0 0 0 0 0 0 0 0 83 0 0 0 0 0 0 0 0 0 32 0 0 0 0 0 0 0 0 0 82 0 0 0 96 36 0 0 80 0 0 0 0 0 0 0 0 0 0 0 0 0 18 0 0 0 0 0 0 0 0 27 0 0 0 0 37 0 0 0 0 37 0 0 0 4 0 0 0 65 0 0 0 0 0 0 
0 51 0 0 0 0 0 0 0 0 0 0 0 0 0 0 0 0 0 64 0 0 0 0 86 0 0 47 0 85 0 81 0 0 0 0 0 0 0 0 0 0 0 0 0 0 0 0 0 0 0 0 83 0 0 0 0 0 0 5 0 0 0 0 0 0 96 4 0 0 0 0 0 0 0 0 0 0 0 0 0 0 58 0 0 0 0 0 0 38 0 0 0 0 0 0 3 0 0 0 
0 0 0 0 48 0 0 0 0 0 28 61 0 92 0 0 0 0 0 0 0 0 0 0 0 0 0 0 0 0 0 0 0 0 0 0 0 0 0 34 0 0 0 0 0 0 0 0 0 74 0 0 0 95 0 0 0 0 0 0 0 0 0 0 0 0 0 0 0 0 66 70 0 0 0 0 0 16 0 0 0 0 0 37 0 0 0 0 0 0 27 84 0 0 77 0 0 0 0 0 
0 0 0 0 0 0 0 0 0 0 57 0 0 0 0 0 0 0 0 0 12 0 0 70 24 0 2 0 0 0 0 0 0 0 0 0 0 0 0 0 0 0 0 0 0 0 0 0 0 0 0 0 0 23 24 0 0 0 0 0 86 0 0 0 0 0 0 0 0 63 0 0 0 0 0 0 0 0 0 0 0 0 0 0 0 54 0 78 0 0 0 8 0 27 0 0 22 0 0 80 
0 0 0 0 36 0 0 0 0 0 0 0 0 0 0 0 0 0 0 0 0 0 0 0 0 0 0 1 0 81 0 0 0 0 0 19 0 0 0 75 0 38 0 0 0 0 0 0 44 0 0 0 0 64 0 0 0 0 0 0 0 0 0 0 0 0 0 0 0 0 0 0 0 0 16 24 0 0 0 0 0 0 0 0 79 0 45 0 0 0 0 58 0 29 0 0 3 0 0 0 
0 0 0 0 0 0 0 0 0 0 0 0 0 0 0 0 0 0 0 0 0 0 0 0 23 0 0 0 0 0 0 0 0 0 38 0 0 0 61 0 0 0 0 0 82 1 0 0 0 23 0 0 0 0 0 0 0 0 0 64 0 0 22 0 28 0 0 0 0 0 0 0 27 0 0 0 0 0 0 0 52 0 0 0 0 24 0 0 0 52 0 0 0 0 0 60 0 0 0 59 
0 0 0 0 0 0 0 0 22 0 0 0 0 0 64 0 0 0 0 0 0 0 85 77 0 0 0 0 0 0 0 0 0 0 0 0 0 0 0 0 0 0 0 0 0 0 0 51 0 0 0 0 0 0 0 0 6 0 0 0 0 0 0 0 0 0 0 0 0 0 0 0 0 0 0 0 0 0 0 14 0 0 25 0 0 0 0 0 0 0 0 0 0 44 0 0 18 0 0 0 
0 0 0 24 0 0 0 0 0 0 0 0 90 0 0 0 12 0 0 0 0 0 0 0 0 0 0 0 0 0 0 0 0 0 0 0 0 0 0 0 0 0 0 98 0 0 0 0 6 0 83 0 0 0 0 0 0 0 0 0 0 0 0 0 0 0 25 0 0 0 0 0 0 0 29 0 0 81 0 0 0 0 0 0 0 10 0 0 86 0 0 0 0 7 0 0 0 0 0 0 
0 0 40 90 0 0 0 0 0 67 0 0 0 0 0 0 0 0 0 0 0 0 0 0 0 54 0 0 0 0 26 0 0 0 35 0 0 0 91 0 0 100 0 0 0 0 0 0 0 0 0 49 0 0 0 0 0 72 0 0 18 0 0 0 0 0 52 0 0 0 0 0 0 0 0 0 0 97 0 0 0 0 0 0 0 0 60 0 0 0 36 0 0 0 0 0 0 0 0 0 
0 0 0 0 0 0 0 0 0 0 0 0 0 0 0 0 0 0 0 85 0 0 0 0 0 0 0 0 0 80 0 0 0 0 0 3 0 0 0 0 0 82 0 44 0 39 0 0 0 0 0 0 57 0 0 0 0 4 0 0 0 51 0 0 0 0 0 16 96 0 0 0 0 0 0 0 0 0 0 0 0 0 0 0 19 0 0 46 0 0 0 0 0 0 48 0 0 0 5 0 
0 0 0 0 0 0 0 0 0 67 0 50 0 0 0 0 70 0 0 77 0 0 0 0 0 0 0 0 0 0 0 35 0 0 71 0 0 0 0 0 0 27 0 0 0 0 58 0 0 0 0 0 0 0 0 43 83 0 0 78 0 0 0 0 0 41 85 0 25 0 0 0 0 0 0 0 0 0 0 0 0 0 0 0 0 0 0 0 24 0 0 0 0 0 0 0 0 0 0 0 
0 0 0 0 0 0 0 0 0 0 0 0 0 83 86 0 24 0 23 0 0 0 0 0 0 46 0 0 0 0 0 0 0 0 0 0 0 0 0 0 0 0 0 0 0 0 83 86 72 0 0 0 0 0 0 72 0 0 0 33 0 0 0 0 0 0 0 0 18 0 25 0 0 0 0 0 82 0 0 0 0 0 0 0 0 0 0 0 0 63 0 0 0 0 0 0 0 4 0 0 
0 0 0 0 0 0 0 96 0 0 0 0 0 0 0 0 0 0 0 0 0 54 0 0 46 0 0 0 0 85 0 0 0 0 0 0 0 0 0 0 0 0 0 0 0 0 0 0 0 0 0 0 0 0 9 46 0 0 0 13 0 0 0 0 0 0 0 0 0 52 0 0 0 0 0 0 0 0 0 0 0 0 0 0 0 0 0 0 0 0 0 0 0 0 0 0 0 0 0 0 
0 0 0 0 0 22 0 0 0 0 0 0 0 0 0 0 2 0 0 0 0 0 0 0 0 0 0 0 32 0 0 0 0 0 0 0 0 0 0 0 0 0 0 0 0 0 0 0 0 64 0 0 0 0 0 0 0 0 31 0 0 0 0 67 0 0 0 0 0 0 10 0 0 0 0 0 0 0 0 0 0 40 23 0 0 0 0 0 0 0 0 0 0 94 0 0 61 0 0 0 
0 0 0 0 0 0 12 0 0 0 0 0 0 0 47 0 0 1 0 0 0 0 0 0 0 0 0 0 0 0 0 0 0 0 90 0 51 0 0 0 0 0 0 0 0 0 0 0 89 0 6 86 0 35 0 0 99 0 0 0 0 0 0 0 29 0 0 0 0 0 0 0 0 18 0 0 0 0 0 0 81 0 0 0 0 0 0 44 0 0 0 20 0 0 0 0 0 0 0 0 
0 0 0 0 0 0 0 34 0 0 0 80 34 0 0 0 0 0 0 0 0 0 0 0 0 0 32 0 0 0 0 0 0 0 0 0 0 0 0 0 0 32 0 0 0 0 0 0 0 0 0 0 0 0 0 0 0 0 0 0 0 0 0 0 0 0 0 0 0 0 0 0 0 0 0 0 0 0 0 0 0 15 0 0 0 0 0 0 0 100 0 0 0 0 0 61 0 0 0 0 
0 0 0 0 0 11 0 0 0 0 0 0 29 0 85 0 0 81 0 0 0 0 80 0 0 85 0 0 0 0 0 0 0 0 0 0 26 0 0 0 0 0 0 0 0 0 0 0 0 0 0 0 0 0 0 0 0 0 41 0 0 0 21 0 0 0 0 0 0 0 0 0 0 87 0 0 0 0 0 0 0 0 0 44 0 0 0 0 0 0 0 0 0 0 0 0 0 73 0 0 
68 0 0 0 0 0 0 0 0 10 0 0 0 0 0 0 0 0 0 0 0 26 0 0 0 0 0 0 0 0 0 0 51 0 0 0 0 0 0 0 0 0 0 0 0 28 0 0 0 0 0 0 0 0 0 53 0 0 0 0 0 0 0 19 0 0 0 0 0 95 0 0 0 12 0 0 0 0 0 0 0 0 16 0 0 0 80 0 0 0 0 0 53 0 0 0 0 0 0 0 
0 0 0 0 0 0 0 0 0 12 0 25 0 0 81 0 0 0 0 0 0 0 0 35 0 0 0 0 0 0 0 0 0 83 0 0 0 0 0 0 0 0 0 83 0 0 0 0 0 64 0 0 0 0 0 0 0 0 0 0 8 0 0 0 0 0 0 0 0 0 0 0 0 0 0 0 0 0 0 78 0 4 0 0 0 0 0 0 0 0 0 0 0 47 13 0 0 0 0 0 
80 0 0 0 41 0 0 0 65 0 0 27 0 0 0 0 0 0 0 0 0 0 0 0 0 0 0 0 0 0 51 0 0 0 0 0 0 64 0 15 0 0 0 0 0 0 0 72 0 0 0 13 0 0 0 0 0 0 0 0 0 0 0 0 79 0 0 0 0 0 0 0 46 92 0 0 0 0 0 44 0 0 0 0 0 0 0 0 0 0 75 0 0 0 68 0 0 0 0 0 
0 0 59 0 0 0 0 0 0 0 0 0 0 0 0 0 0 0 0 0 0 0 0 0 0 0 0 0 0 0 0 83 0 0 0 0 0 85 0 0 0 0 0 65 0 2 0 0 0 0 0 0 0 0 0 0 0 79 0 0 0 0 0 0 0 0 0 0 0 50 0 0 93 0 0 0 0 0 0 0 0 0 0 0 3 0 0 0 0 0 16 0 0 0 0 0 96 0 31 0 
0 0 0 0 0 0 0 80 0 0 0 25 0 32 0 0 0 0 38 0 0 35 0 71 0 0 0 90 0 0 0 0 0 0 0 0 0 70 9 0 0 0 0 0 0 0 0 0 0 0 0 0 0 21 43 0 0 0 0 0 0 0 0 0 0 0 0 92 83 0 39 0 0 0 0 0 0 0 0 0 0 0 0 0 66 0 0 0 0 0 0 0 0 0 0 0 0 0 0 0 
0 0 0 0 0 0 0 0 0 0 0 0 0 0 0 0 0 19 0 0 0 0 3 0 0 0 0 0 0 0 0 0 0 0 0 0 0 0 0 0 0 54 0 0 0 0 0 0 66 0 0 0 0 0 0 0 0 0 0 0 0 0 62 0 0 0 0 0 0 68 0 0 68 0 0 0 54 0 0 0 0 0 0 0 0 0 0 0 0 0 0 0 0 0 0 0 0 0 0 0 
0 6 0 0 0 0 38 0 0 0 0 0 17 0 0 0 0 0 0 0 0 0 0 0 0 0 0 51 0 26 0 0 0 0 0 0 0 0 0 0 25 0 0 0 0 0 0 0 0 0 0 0 47 4 0 0 19 0 0 0 55 0 0 0 0 0 0 0 0 0 0 0 0 23 0 31 0 0 0 0 0 0 0 0 32 0 0 0 0 0 0 85 0 0 0 0 0 0 25 0 
0 0 0 0 0 0 0 0 0 0 40 0 0 0 0 0 0 0 0 0 0 0 0 0 0 0 0 0 0 0 0 0 64 85 70 0 0 0 0 0 0 0 2 0 0 0 56 0 0 0 0 0 0 0 0 19 0 0 0 0 0 0 96 0 0 0 0 0 0 45 0 0 0 0 66 0 0 31 92 0 0 39 0 0 0 0 0 0 0 0 0 0 0 0 0 0 0 0 0 0 
0 0 0 76 25 0 0 0 16 0 0 0 0 0 0 0 0 0 61 0 0 91 0 0 0 0 0 0 0 0 0 0 0 0 9 0 0 0 0 0 93 0 0 0 0 0 60 0 0 0 0 0 0 0 0 0 0 0 0 0 0 0 0 0 0 0 0 0 0 0 0 0 51 0 0 63 0 0 0 0 0 0 21 0 0 0 0 10 66 0 59 0 0 21 0 0 0 0 0 0 
0 0 0 0 0 0 0 0 0 0 0 59 0 0 0 34 0 75 0 0 0 0 0 0 0 0 0 0 0 0 0 0 15 0 0 0 0 0 0 0 0 0 0 0 59 0 0 0 36 0 0 0 0 36 0 0 0 0 0 0 0 33 53 0 0 0 0 0 0 0 0 0 0 0 13 0 0 0 0 0 0 0 0 0 0 0 0 13 0 0 0 0 0 0 93 0 0 0 0 0 
0 67 0 0 0 0 0 0 0 0 0 0 0 0 0 0 0 0 0 0 0 0 0 0 0 0 0 0 0 0 0 0 0 0 0 0 25 0 93 0 0 0 86 0 0 0 0 0 0 78 0 33 0 0 0 23 0 0 0 0 33 0 86 0 0 0 0 0 95 0 0 48 78 0 0 0 0 0 0 0 0 0 0 0 0 10 0 0 0 75 3 0 0 0 0 0 0 0 0 0 
0 0 54 0 0 0 0 95 0 0 84 36 0 0 0 0 0 38 0 0 0 100 82 27 0 0 0 0 32 0 0 0 0 0 0 54 0 0 0 0 0 0 0 0 0 0 0 0 0 0 0 0 0 96 0 0 0 0 0 0 0 0 0 0 0 0 0 0 0 0 0 0 0 98 0 0 97 0 0 0 0 85 0 0 0 0 0 0 0 0 0 0 0 34 0 0 0 0 0 0 
0 0 0 35 0 66 0 0 0 0 0 0 0 0 0 0 0 0 0 0 0 0 0 0 0 0 0 0 0 0 0 0 0 0 0 0 0 2 0 0 86 0 0 29 0 4 0 0 0 75 0 19 0 0 0 0 0 0 0 0 3 0 0 1 0 18 0 0 0 0 0 0 0 0 0 0 0 0 0 0 0 6 0 89 0 18 0 0 0 92 0 0 0 0 0 0 0 0 0 0 
0 75 100 0 0 65 0 0 0 0 0 0 71 0 0 0 0 0 0 0 98 0 44 0 0 0 0 0 0 0 0 83 0 65 0 0 0 0 0 0 0 0 29 0 0 39 0 0 0 0 0 0 0 0 0 0 0 0 0 0 11 0 0 0 0 0 40 0 0 0 0 71 0 0 0 0 0 0 0 0 0 0 0 0 0 61 0 82 0 0 0 0 0 0 0 0 0 0 0 0 
0 31 0 0 0 0 0 0 0 0 0 0 0 82 0 0 0 0 82 0 0 0 0 0 0 0 0 0 0 0 0 0 0 0 0 0 0 0 0 59 0 0 0 0 0 0 0 0 0 0 0 0 67 0 0 0 0 0 0 0 0 0 0 55 0 0 0 72 0 0 0 0 0 0 0 0 0 0 73 0 37 0 0 0 0 0 85 0 0 98 0 0 0 0 0 0 0 8 0 0 
0 39 63 0 0 36 0 0 75 0 84 0 0 0 0 0 0 0 1 0 0 0 39 0 0 0 0 0 0 0 28 0 0 2 0 0 0 0 0 0 0 0 4 39 0 0 0 0 0 0 0 0 0 0 0 0 0 0 0 0 0 0 0 0 0 0 0 0 0 0 0 63 0 0 0 0 0 0 0 0 0 0 0 0 0 0 0 78 0 92 0 0 0 0 0 0 0 0 0 0 
0 0 0 0 0 0 0 0 0 0 37 59 0 0 0 0 0 0 0 0 0 0 0 58 83 0 0 0 0 0 0 0 0 0 0 0 0 56 60 0 0 0 0 0 0 0 0 0 0 0 0 0 0 0 0 0 21 0 0 0 0 0 52 88 0 0 0 0 15 0 76 0 0 74 0 0 0 60 0 0 0 0 0 0 0 0 0 0 0 0 0 0 54 0 0 0 0 0 0 0 
62 0 0 0 0 0 0 0 0 0 24 0 0 0 0 0 0 0 0 51 0 0 0 0 86 0 0 0 0 0 0 0 72 0 0 0 0 0 0 0 0 0 0 0 0 0 0 0 87 0 0 5 0 0 0 0 71 0 0 0 0 0 0 0 0 0 0 0 99 10 0 0 0 0 0 0 0 0 0 0 36 0 0 0 41 0 0 0 73 0 0 0 0 0 0 0 31 0 0 0 
0 0 36 44 0 8 0 12 0 0 0 0 79 96 0 0 0 44 0 0 6 0 0 0 72 0 0 89 0 0 0 0 0 0 0 66 0 0 0 36 0 0 0 0 0 0 0 87 0 0 0 0 0 0 0 0 0 0 0 0 0 0 0 0 0 25 0 0 0 0 0 0 0 0 0 0 0 0 0 0 0 0 0 0 0 0 0 0 0 56 0 0 0 0 0 0 0 0 0 0 
62 0 40 0 0 0 0 0 0 9 0 0 0 36 0 74 0 0 23 0 0 0 0 0 0 0 64 0 0 0 0 64 0 0 0 0 0 0 0 0 78 0 75 0 0 0 0 0 0 0 0 0 0 0 0 0 0 0 0 0 0 0 0 0 0 0 0 0 0 0 0 0 0 62 0 0 48 0 0 99 0 0 0 0 0 0 0 0 0 0 0 0 0 0 0 81 0 42 0 0 
0 0 0 0 0 0 0 0 0 0 0 0 0 0 0 0 0 0 0 0 83 0 0 0 0 0 0 6 0 0 0 0 0 0 0 0 0 0 0 0 0 0 0 0 0 0 0 0 0 0 0 88 0 0 0 0 0 94 0 0 0 0 0 63 0 76 0 14 0 0 75 0 0 0 0 0 0 24 61 0 0 0 0 0 0 0 0 53 0 0 0 0 0 0 0 0 0 0 0 0 
0 0 0 0 0 0 0 0 0 65 0 0 0 0 0 0 0 0 0 0 0 49 0 0 0 0 0 86 0 0 0 0 13 0 0 0 0 0 0 0 33 0 19 0 0 0 0 5 0 0 88 0 0 0 0 0 91 0 0 0 0 0 43 0 0 0 0 0 0 0 2 0 0 0 0 0 0 0 85 0 0 0 0 0 0 8 55 0 0 0 52 0 0 0 0 0 0 0 0 0 
0 0 25 0 0 0 81 0 0 0 0 0 0 80 83 0 0 0 0 0 0 0 57 0 0 0 0 0 0 0 0 0 0 0 0 0 47 0 0 0 0 0 0 0 67 0 0 0 0 0 0 0 0 0 0 0 0 0 0 0 94 0 0 0 0 0 0 0 0 0 0 0 0 31 0 0 0 0 0 0 0 0 0 79 0 0 0 0 50 0 0 0 0 0 3 48 0 0 91 0 
0 0 0 0 0 0 0 0 79 0 0 0 0 0 0 95 23 64 0 0 0 0 0 0 0 0 0 35 0 0 0 0 0 0 21 0 4 0 0 36 0 96 0 0 0 0 0 0 0 0 0 0 0 0 0 0 21 0 0 0 0 65 0 0 0 0 0 0 0 0 0 96 0 28 0 0 0 0 0 0 0 0 0 0 0 0 0 0 0 0 0 0 0 0 0 0 0 0 28 0 
67 0 0 0 0 0 0 79 0 0 0 0 68 0 0 0 24 0 0 0 0 0 0 0 0 9 0 0 0 0 0 0 0 0 43 0 0 0 0 0 0 0 0 0 0 0 0 0 0 0 0 0 0 0 0 0 0 0 0 0 58 89 0 0 0 0 0 54 0 0 82 0 0 0 0 0 0 0 0 0 0 0 0 0 0 0 0 0 86 0 0 0 69 0 0 0 0 0 0 0 
0 0 0 0 0 0 0 0 0 0 0 0 0 0 0 0 0 0 0 0 0 0 0 43 72 46 0 0 0 0 53 0 0 0 0 0 0 19 0 0 23 0 0 0 0 0 0 0 0 0 0 0 0 0 0 0 0 0 0 0 0 0 0 0 0 0 0 0 0 0 0 0 0 50 0 0 0 0 0 0 0 0 0 0 0 0 0 0 73 0 0 0 0 0 0 0 0 0 0 0 
0 0 28 0 0 0 0 0 0 92 0 0 0 0 0 0 0 0 0 6 0 0 0 83 0 0 0 99 0 0 0 0 0 0 0 0 19 0 0 0 0 0 0 0 0 0 21 71 0 0 0 91 0 21 0 0 0 0 43 0 0 0 0 89 0 0 0 0 0 0 0 0 0 0 0 0 0 0 0 0 0 0 0 88 0 0 0 0 0 0 0 0 0 0 65 0 44 0 0 0 
18 47 0 0 0 0 14 0 0 0 0 0 0 0 0 0 0 0 0 0 0 72 4 0 0 0 0 0 0 0 0 0 0 79 0 0 0 0 0 0 0 0 0 0 0 0 0 0 0 0 94 0 0 0 0 0 0 0 0 0 0 0 0 0 0 0 0 42 0 0 0 0 0 0 51 0 0 0 0 68 0 0 0 0 34 0 0 0 0 0 81 0 0 0 0 0 0 0 0 0 
25 28 0 79 0 0 0 0 0 0 0 0 0 0 0 0 0 0 0 0 0 0 0 0 0 0 31 0 0 41 0 0 0 0 0 0 0 0 0 0 0 0 0 0 0 0 0 0 0 0 0 0 0 0 0 0 43 0 0 0 0 30 0 0 0 0 0 0 0 0 0 0 0 0 0 0 0 0 63 0 0 0 0 67 0 0 0 0 0 0 0 0 0 0 0 0 0 0 0 0 
0 0 0 0 0 0 0 0 0 0 0 0 29 0 5 0 0 0 64 0 0 0 0 78 33 13 0 0 0 0 0 0 0 0 0 0 0 0 0 0 0 0 0 0 0 0 0 0 0 0 0 0 0 0 0 0 0 0 0 0 0 0 42 0 0 0 84 41 0 0 0 0 0 0 0 0 0 0 0 0 0 0 8 0 0 0 0 0 0 0 0 0 0 0 0 0 0 0 0 0 
5 0 0 0 0 0 0 0 0 90 0 0 0 0 0 0 86 0 0 0 0 18 0 0 0 0 0 0 0 0 0 8 0 0 0 0 55 0 0 0 33 0 3 11 0 0 0 0 0 0 0 0 94 0 58 0 0 0 0 0 0 0 0 0 0 0 0 0 0 0 0 0 0 0 0 0 0 0 0 0 0 0 0 22 0 0 0 0 0 0 0 20 0 20 0 0 0 40 0 0 
0 0 0 0 0 33 0 0 0 0 0 0 0 0 0 0 0 0 0 0 0 0 51 0 0 0 0 0 0 0 0 0 0 0 0 0 0 0 0 33 0 0 0 0 0 0 0 0 0 0 0 0 0 65 89 0 0 0 30 0 0 0 0 52 0 0 0 0 0 0 0 0 0 0 0 0 0 14 0 0 0 83 36 0 19 0 0 17 0 0 0 0 0 0 0 0 78 0 0 57 
0 0 0 0 0 0 0 0 0 0 0 0 0 0 0 0 0 0 22 0 0 0 0 0 0 0 0 0 0 21 0 0 0 0 0 62 0 96 0 53 86 0 0 0 0 0 52 0 0 0 0 43 0 0 0 0 0 0 0 42 0 0 0 0 22 0 0 0 0 12 0 0 0 0 0 0 0 0 0 0 0 0 0 30 0 0 0 0 0 0 0 58 0 97 0 0 51 0 0 0 
0 36 0 0 87 0 0 0 0 0 0 0 0 0 0 0 0 0 0 0 0 0 0 0 0 0 67 0 0 0 19 0 0 0 0 0 0 0 0 0 0 0 1 0 55 0 88 0 0 0 63 0 0 0 0 0 89 0 0 0 0 52 0 0 0 0 0 0 0 0 0 0 0 0 0 0 94 0 0 0 0 0 0 49 0 0 94 0 0 0 0 0 0 0 0 84 0 0 81 0 
0 0 0 0 0 0 0 0 0 0 0 0 0 0 0 0 0 0 28 0 0 0 0 0 0 0 0 29 0 0 0 0 79 0 0 0 0 0 0 0 0 0 0 0 0 0 0 0 0 0 0 0 0 0 0 0 0 0 0 0 0 0 22 0 0 0 0 0 0 97 0 0 0 0 0 52 0 0 35 0 0 0 0 0 0 0 0 0 0 0 0 0 0 0 0 0 27 0 30 83 
0 0 0 0 0 0 0 0 0 0 0 0 0 0 0 0 0 0 0 0 0 0 0 41 0 0 0 0 0 0 0 0 0 0 0 0 0 0 0 0 0 0 18 0 0 0 0 0 25 0 76 0 0 0 0 0 0 0 0 0 0 0 0 0 0 0 20 0 0 0 0 0 0 0 71 0 0 0 0 0 0 0 0 0 0 1 0 0 0 0 0 73 0 0 0 0 0 0 0 0 
0 0 0 0 0 100 0 0 15 0 0 0 0 18 96 0 0 0 0 0 25 52 0 85 0 0 0 0 0 0 0 0 0 0 0 0 0 0 0 0 0 0 0 40 0 0 0 0 0 0 0 0 0 0 0 0 0 0 0 84 0 0 0 0 0 20 0 0 0 0 0 53 0 0 0 0 80 0 0 0 0 0 0 88 0 0 0 0 0 0 0 0 75 0 28 0 0 0 0 0 
0 0 0 0 0 0 0 0 0 0 0 0 0 0 4 0 0 0 0 0 0 0 16 0 0 0 0 0 0 0 0 0 0 0 92 0 0 0 0 0 0 0 0 0 72 0 0 0 0 0 14 0 0 0 54 0 0 42 0 41 0 0 0 0 0 0 0 0 67 0 0 0 0 0 0 0 0 0 0 4 0 0 0 0 2 0 0 0 0 0 0 0 0 0 0 0 0 0 3 0 
0 0 0 0 8 25 0 0 0 0 69 0 0 0 0 0 0 0 0 0 0 0 96 25 18 0 0 0 0 0 0 0 0 0 83 0 0 0 0 0 95 0 0 0 0 0 15 99 0 0 0 0 0 0 0 0 0 0 0 0 0 0 0 0 0 0 0 67 0 0 0 0 0 0 0 0 0 0 0 0 18 0 0 0 0 0 29 0 0 0 0 0 0 0 0 0 0 0 0 0 
0 0 0 0 89 0 0 0 4 0 0 0 0 0 0 0 63 0 0 0 0 0 0 0 0 52 0 0 0 0 95 0 0 50 0 68 0 45 0 0 0 0 0 0 0 0 0 10 0 0 0 0 0 0 0 0 0 0 0 0 0 0 12 0 97 0 0 0 0 0 35 0 0 0 0 0 0 0 0 0 0 0 0 0 0 0 0 0 0 0 0 0 0 30 0 0 0 0 73 25 
0 0 0 0 0 0 0 0 0 0 0 0 0 0 0 66 0 0 0 0 0 0 0 0 25 0 10 0 0 0 0 0 0 0 39 0 0 0 0 0 0 0 0 0 0 0 76 0 0 0 75 2 0 0 82 0 0 0 0 0 0 0 0 0 0 0 0 0 0 35 0 0 58 0 0 0 0 12 0 0 0 18 0 0 0 0 12 0 0 0 0 0 0 28 0 0 0 82 0 0 
0 0 0 0 0 0 45 0 0 0 0 12 0 0 0 70 0 0 0 0 0 0 0 0 0 0 0 0 0 0 0 0 0 0 0 0 0 0 0 0 48 0 0 71 0 63 0 0 0 0 0 0 0 96 0 0 0 0 0 0 0 0 0 0 0 0 53 0 0 0 0 0 72 0 0 0 0 0 0 52 0 0 0 0 0 0 22 0 0 0 0 0 0 0 0 0 0 0 0 0 
0 0 0 0 92 0 0 0 0 0 0 0 0 0 0 0 0 0 27 0 0 0 0 0 0 0 0 0 0 0 0 0 46 93 0 68 0 0 51 0 78 0 0 0 0 0 0 0 0 0 0 0 0 0 0 0 0 0 0 0 0 0 0 0 0 0 0 0 0 0 58 72 0 0 26 6 0 72 0 42 0 0 0 0 0 0 0 0 88 0 0 0 0 0 0 0 0 0 2 0 
0 0 0 19 0 0 0 0 0 0 32 0 0 0 0 0 0 0 0 0 0 0 0 0 0 0 0 18 0 87 12 0 92 0 0 0 23 0 0 0 0 98 0 0 0 0 74 0 0 62 0 0 31 28 0 50 0 0 0 0 0 0 0 0 0 0 0 0 0 0 0 0 0 0 0 0 0 0 0 0 0 0 0 0 0 0 0 93 0 0 0 0 0 0 0 0 0 0 0 11 
0 0 0 0 0 0 44 0 0 0 0 19 0 0 0 0 0 16 0 0 29 0 0 0 0 0 0 0 0 0 0 0 0 0 0 0 0 66 0 13 0 0 0 0 0 0 0 0 0 0 0 0 0 0 0 0 0 51 0 0 0 0 0 0 0 71 0 0 0 0 0 0 26 0 0 90 0 0 60 0 0 86 0 0 0 0 0 0 0 0 0 0 0 0 0 0 0 0 0 0 
0 0 0 0 35 89 0 0 0 0 0 0 0 27 0 0 0 24 0 0 0 0 0 0 0 0 0 0 0 0 0 0 0 0 0 0 31 0 63 0 0 0 0 0 0 0 0 0 0 0 0 0 0 0 0 0 0 0 0 0 0 0 0 0 52 0 0 0 0 0 0 0 6 0 90 0 0 0 0 50 100 0 0 0 0 0 0 0 0 31 0 0 0 0 31 0 0 66 0 0 
11 0 0 0 0 0 91 7 0 0 0 42 0 0 0 0 0 0 0 0 0 0 0 0 82 0 0 0 0 0 0 0 0 0 0 54 0 0 0 0 0 97 0 0 0 0 0 0 0 48 0 0 0 0 0 0 0 0 0 0 0 0 0 94 0 0 80 0 0 0 0 0 0 0 0 0 0 0 0 0 0 40 75 10 0 0 0 0 0 0 0 0 0 0 28 0 0 0 0 64 
0 0 0 0 0 0 0 0 0 0 0 0 16 0 0 16 0 0 0 0 81 97 0 0 0 0 0 0 0 0 0 0 0 0 0 0 0 31 0 0 0 0 0 0 0 0 60 0 0 0 24 0 0 0 0 0 0 0 0 0 0 14 0 0 0 0 0 0 0 0 12 0 72 0 0 0 0 0 0 0 71 0 0 0 56 0 0 0 0 0 0 0 0 0 0 0 46 46 0 0 
0 0 0 0 51 79 0 0 78 0 0 0 0 0 0 0 0 0 0 0 0 0 0 0 0 0 0 0 0 0 0 0 0 0 0 0 0 92 0 0 0 0 0 0 73 0 0 0 0 0 61 85 0 0 0 0 0 0 63 0 0 0 0 0 35 0 0 0 0 0 0 0 0 0 60 0 0 0 0 0 0 0 0 0 0 0 0 0 0 0 0 0 0 0 78 86 0 28 0 0 
0 0 38 0 0 0 0 69 0 88 0 0 80 0 0 0 0 0 0 14 0 0 0 0 0 0 0 0 0 0 0 78 44 0 0 0 0 0 0 0 0 0 0 0 0 0 0 0 0 99 0 0 0 0 0 0 0 68 0 0 0 0 0 0 0 0 0 4 0 0 0 52 42 0 0 50 0 0 0 0 0 0 0 0 0 0 27 0 0 0 1 0 0 0 0 0 0 0 0 0 
15 31 0 0 0 0 0 0 0 0 0 0 0 37 0 0 0 0 52 0 0 0 0 0 0 0 0 81 0 0 0 0 0 0 0 0 0 0 0 0 0 0 0 0 37 0 0 36 0 0 0 0 0 0 0 0 0 0 0 0 0 0 0 0 0 0 0 0 18 0 0 0 0 0 0 100 0 71 0 0 0 0 0 0 0 0 0 0 0 0 0 0 0 0 10 23 0 87 0 0 
0 0 0 0 0 0 0 0 46 0 0 0 0 0 0 0 0 0 0 0 0 0 0 0 0 0 40 0 15 0 0 4 0 0 0 0 0 39 0 0 0 85 6 0 0 0 0 0 0 0 0 0 0 0 0 0 0 0 0 0 0 83 0 0 0 0 0 0 0 0 18 0 0 0 86 0 40 0 0 0 0 0 0 15 0 0 0 36 0 0 0 0 88 0 0 0 0 0 0 0 
0 0 77 0 0 0 0 0 99 53 0 22 0 0 58 0 0 0 0 25 0 0 0 0 0 0 23 0 0 0 16 0 0 0 0 0 0 0 21 0 0 0 0 0 0 0 0 0 0 0 0 0 0 0 0 0 0 0 0 8 0 36 0 0 0 0 0 0 0 0 0 0 0 0 0 0 75 0 0 0 0 0 0 25 0 0 0 0 0 0 0 0 0 0 0 0 0 0 0 0 
0 0 0 0 0 0 0 0 0 0 0 0 0 0 0 37 0 0 0 0 0 0 0 0 0 0 0 0 0 44 0 0 0 0 0 0 0 0 0 0 0 0 89 0 0 0 0 0 0 0 0 0 79 0 0 0 88 0 67 0 22 0 30 49 0 0 88 0 0 0 0 0 0 0 0 0 10 0 0 0 0 15 25 0 0 45 0 0 0 0 0 0 0 0 0 0 0 0 0 0 
0 0 0 0 0 0 0 91 0 11 0 0 0 0 0 0 0 79 0 0 0 0 19 0 0 0 0 0 0 0 0 0 0 3 66 0 32 0 0 0 0 0 0 0 0 0 0 41 0 0 0 0 0 0 0 0 0 34 0 0 0 19 0 0 0 0 0 2 0 0 0 0 0 0 0 0 0 56 0 0 0 0 0 0 0 54 0 0 0 0 0 0 0 0 0 0 0 0 0 0 
0 0 0 0 0 0 0 0 39 0 0 0 0 37 0 0 54 0 24 0 10 0 0 0 0 0 0 0 0 0 0 0 0 0 0 0 0 0 0 0 10 0 18 61 0 0 0 0 0 0 0 8 0 0 0 0 0 0 0 0 0 0 0 0 0 1 0 0 0 0 0 0 0 0 0 0 0 0 0 0 0 0 0 45 54 0 81 8 0 20 0 0 0 0 0 0 0 0 0 0 
0 0 0 0 60 98 0 79 0 0 0 0 0 0 0 0 0 45 0 0 0 60 0 0 0 0 0 0 0 0 80 0 0 0 0 0 0 0 0 0 0 0 0 0 85 0 0 0 0 0 0 55 0 0 0 0 0 0 0 0 0 0 0 94 0 0 0 0 29 0 12 22 0 0 0 0 0 0 0 27 0 0 0 0 0 81 0 0 67 0 0 0 0 0 0 0 0 0 0 0 
0 0 0 21 0 0 0 0 0 0 0 0 0 0 0 0 78 0 0 0 0 0 46 0 0 0 0 44 0 0 0 0 0 0 0 0 0 0 10 13 0 0 0 82 0 78 0 0 0 0 53 0 0 0 0 0 0 0 0 0 0 17 0 0 0 0 0 0 0 0 0 0 0 93 0 0 0 0 0 0 0 36 0 0 0 8 0 0 0 0 0 22 32 0 0 0 0 0 0 0 
0 0 36 5 89 0 81 0 82 0 3 0 0 0 0 0 0 0 0 0 86 0 0 24 0 0 0 0 0 0 0 0 0 0 0 0 0 0 66 0 0 0 0 0 0 0 0 73 0 0 0 0 50 0 86 73 0 0 0 0 0 0 0 0 0 0 0 0 0 0 0 0 88 0 0 0 0 0 0 0 0 0 0 0 0 0 67 0 0 0 0 0 0 0 0 0 0 0 0 0 
0 0 0 0 0 0 64 3 0 0 0 0 0 4 38 0 0 0 52 0 0 0 0 0 63 0 0 0 100 0 0 0 0 0 0 0 0 0 0 0 75 0 92 0 98 92 0 0 56 0 0 0 0 0 0 0 0 0 0 0 0 0 0 0 0 0 0 0 0 0 0 0 0 0 0 31 0 0 0 0 0 0 0 0 0 20 0 0 0 0 0 0 0 0 0 0 0 0 0 27 
0 0 0 0 0 0 0 0 0 0 0 0 0 0 0 27 0 0 0 0 0 36 0 0 0 0 0 0 0 0 0 0 75 16 0 0 0 0 59 0 3 0 0 0 0 0 0 0 0 0 0 52 0 0 0 0 0 81 0 0 0 0 0 0 0 0 0 0 0 0 0 0 0 0 0 0 0 0 0 1 0 0 0 0 0 0 0 0 0 0 0 0 0 0 0 88 68 20 0 0 
0 17 79 0 0 0 0 49 0 0 0 0 0 0 0 84 8 58 0 0 0 0 0 0 0 0 0 20 0 0 0 0 0 0 0 0 85 0 0 0 0 0 0 0 0 0 0 0 0 0 0 0 0 0 0 0 0 0 0 0 20 0 58 0 0 73 0 0 0 0 0 0 0 0 0 0 0 0 0 0 0 0 0 0 0 0 0 22 0 0 0 0 60 0 0 87 0 0 65 0 
0 0 0 85 0 0 0 0 68 0 84 0 0 0 0 0 0 0 0 0 0 0 0 0 0 0 0 0 0 0 53 0 0 0 0 0 0 0 0 0 0 0 0 0 0 0 54 0 0 0 0 0 0 0 69 0 0 0 0 0 0 0 0 0 0 0 75 0 0 0 0 0 0 0 0 0 0 0 0 0 0 88 0 0 0 0 0 32 0 0 0 60 0 0 0 0 0 0 0 0 
0 0 0 92 0 0 0 0 0 0 0 15 0 65 0 0 27 29 0 44 7 0 0 0 0 0 94 0 0 0 0 47 0 0 0 0 0 0 21 0 0 34 0 0 0 0 0 0 0 0 0 0 0 0 0 0 0 0 0 0 20 0 97 0 0 0 0 0 0 30 28 0 0 0 0 0 0 0 0 0 0 0 0 0 0 0 0 0 0 0 0 0 0 0 0 0 0 0 0 0 
0 0 0 0 0 0 0 65 0 3 12 0 0 0 0 77 0 0 0 0 0 0 48 0 0 0 0 0 0 0 0 13 68 0 0 0 0 0 0 93 0 0 0 0 0 0 0 0 0 0 0 0 3 0 0 0 65 0 0 0 0 0 0 0 0 0 28 0 0 0 0 0 0 0 0 31 28 0 78 0 10 0 0 0 0 0 0 0 0 0 0 0 0 0 0 0 0 0 0 0 
63 0 0 0 0 0 0 0 0 26 0 0 0 0 0 0 0 0 60 0 0 0 0 0 0 0 0 0 61 0 0 0 0 0 0 0 0 0 0 0 0 0 0 0 0 0 0 0 0 81 0 0 48 0 0 0 0 0 0 0 0 0 0 84 0 0 0 0 0 0 0 0 0 0 0 0 0 0 86 0 23 0 0 0 0 0 0 0 0 0 88 87 0 0 0 0 0 0 0 0 
0 0 83 28 0 0 0 0 0 0 0 0 0 0 3 0 22 3 0 18 0 0 0 0 0 0 61 0 0 0 0 0 0 96 0 0 0 0 0 0 0 0 0 0 0 0 0 31 0 0 0 0 0 0 0 0 44 0 0 0 0 78 51 0 27 0 0 0 0 0 0 0 0 0 0 0 0 46 0 0 0 0 0 0 0 0 0 0 0 0 68 0 0 0 0 0 0 0 0 0 
0 0 0 74 0 85 0 0 0 0 0 0 0 0 0 0 0 0 0 0 0 0 0 0 4 0 0 0 0 73 0 0 0 0 0 0 0 0 0 0 0 0 0 0 8 0 0 0 0 42 0 0 0 0 0 0 0 0 0 0 40 0 0 0 0 0 0 0 0 0 82 0 0 0 0 66 0 46 28 0 87 0 0 0 0 0 0 0 0 0 20 0 0 0 0 0 0 0 61 0 
62 0 0 78 0 0 0 0 0 0 41 0 0 0 0 0 0 0 0 0 0 0 5 0 0 0 0 0 0 0 0 0 0 31 0 0 25 0 0 0 0 0 0 0 0 0 0 0 0 0 0 0 91 28 0 0 0 0 0 0 0 0 0 81 30 0 0 3 0 73 0 0 2 0 0 0 0 0 0 0 0 0 0 0 0 0 0 0 0 0 0 65 0 0 0 0 0 61 0 0 
0 95 0 0 0 0 0 0 23 80 0 0 96 0 0 0 80 0 59 0 0 0 0 0 0 0 0 0 0 0 0 0 0 0 0 0 0 0 0 0 0 0 0 0 0 0 0 0 0 0 0 0 0 0 0 0 0 0 0 0 0 57 0 0 83 0 0 0 0 25 0 0 0 11 0 0 64 0 0 0 0 0 0 0 0 0 0 0 0 27 0 0 0 0 0 0 0 0 0 0 
