0 45 65 0 3 0 4 23 45 0 91 80 32 26 1 53 0 65 36 32 0 24 72 37 0 16 43 0 6 99 0 64 88 69 8 6 41 29 70 0 89 9 18 10 32 0 0 39 39 46 58 38 36 0 15 29 86 0 99 91 32 61 0 80 29 0 0 0 72 13 0 0 16 91 41 87 17 62 0 19 18 58 0 51 0 67 0 0 0 52 47 15 93 0 75 0 74 0 20 50 
45 0 50 32 84 34 62 32 8 11 0 6 56 43 45 61 94 0 11 0 8 0 35 7 11 25 79 55 26 1 61 0 87 3 0 48 31 0 62 100 27 72 39 29 0 70 79 0 91 38 82 34 0 48 64 0 87 81 13 83 1 0 65 46 0 99 0 96 50 23 100 35 16 0 0 100 20 9 25 80 53 0 0 98 65 42 5 58 15 25 17 63 12 32 44 63 84 42 0 88 
65 50 0 76 80 71 38 91 14 46 0 0 36 61 73 35 0 93 13 8 45 17 11 85 0 60 0 68 1 99 92 82 88 81 78 47 39 0 18 48 31 19 33 85 56 0 5 0 20 86 0 0 79 56 62 65 31 0 74 17 23 49 0 85 90 0 48 97 90 0 54 3 81 98 58 95 96 22 22 35 0 0 38 24 80 42 7 31 33 55 40 27 65 97 8 0 3 0 28 12 
0 32 76 0 83 92 29 0 45 8 56 22 71 40 7 0 22 76 27 49 53 52 51 61 0 12 68 84 0 45 30 32 92 40 98 46 65 68 0 15 0 0 0 25 32 42 15 18 36 21 12 0 32 26 15 49 6 74 43 0 75 0 86 40 95 23 0 13 84 35 91 94 92 33 53 39 60 12 1 54 90 29 40 23 29 8 46 30 50 90 33 99 23 68 35 60 0 99 76 21 
3 84 80 83 0 97 9 77 69 30 17 36 80 91 17 35 92 5 0 33 79 24 58 69 57 6 83 33 88 16 0 0 84 89 83 60 38 99 0 21 23 85 0 5 94 68 71 45 44 1 43 47 52 87 33 24 79 67 82 91 66 76 5 100 91 50 95 0 28 56 74 34 77 5 13 30 0 97 21 65 0 73 1 65 98 0 54 30 59 41 81 3 0 23 32 29 0 61 17 94 
0 34 71 92 97 0 82 0 22 91 98 23 50 28 65 46 47 15 47 1 52 87 78 20 19 0 0 14 23 87 8 14 0 68 9 82 49 38 38 20 84 20 73 55 98 0 65 61 87 0 42 52 92 62 19 0 60 86 75 86 44 55 25 0 18 58 65 35 5 67 45 25 66 3 89 15 53 65 42 0 87 7 87 81 85 35 0 31 44 96 11 0 49 83 1 82 43 0 85 24 
4 62 38 29 9 82 0 48 91 67 80 51 0 50 39 92 6 50 53 61 43 0 25 79 72 0 71 53 83 87 0 89 44 53 90 98 80 30 21 0 0 96 69 64 0 0 95 10 3 0 79 15 10 11 71 0 92 31 89 38 16 27 4 38 68 0 20 57 0 14 2 30 58 38 70 76 51 58 62 36 84 23 0 44 100 72 100 89 78 27 56 48 59 72 23 0 45 0 7 79 
23 32 91 0 77 0 48 0 0 81 18 7 98 84 0 88 11 24 21 90 0 80 51 10 8 13 60 63 7 0 60 32 89 71 0 0 4 93 0 0 1 4 16 95 0 36 0 87 29 87 97 0 70 61 71 91 35 63 44 0 70 17 66 81 46 71 34 0 13 0 70 100 79 26 0 40 72 87 0 100 23 0 21 83 64 18 54 39 17 25 28 69 82 58 87 53 88 0 10 52 
45 8 14 45 69 22 91 0 0 54 62 0 0 37 97 28 19 0 91 0 95 7 0 0 0 35 85 38 0 67 13 32 0 94 91 0 42 0 0 11 44 88 0 0 27 88 0 0 70 75 74 0 0 92 0 0 0 67 39 49 0 76 84 89 31 32 88 0 72 80 32 7 96 70 84 0 14 46 74 56 50 59 55 0 27 70 19 0 18 89 82 79 95 99 0 1 55 79 0 17 
0 11 46 8 30 91 67 81 54 0 34 82 81 59 83 81 43 36 85 98 44 98 42 44 67 33 44 61 0 54 7 20 1 29 95 98 5 73 57 68 29 38 0 65 61 44 39 21 74 66 79 0 0 23 24 0 59 24 0 52 78 10 72 0 87 22 0 73 0 48 41 57 36 0 46 15 18 13 24 2 26 0 33 0 80 12 17 20 8 33 57 3 29 54 93 94 0 0 54 100 
91 0 0 56 17 98 80 18 62 34 0 9 88 0 55 81 70 46 82 64 97 59 72 0 44 77 43 89 64 80 7 32 0 0 26 0 94 15 77 72 29 43 0 50 63 26 88 74 37 0 69 42 11 13 47 27 93 12 35 91 6 0 4 0 58 0 89 99 84 0 4 37 0 9 82 29 95 86 0 0 60 14 70 34 2 61 77 41 27 20 14 0 43 63 18 0 70 26 0 60 
80 6 0 22 36 23 51 7 0 82 9 0 0 0 58 64 0 22 27 0 23 29 72 6 91 47 95 14 0 0 0 19 19 56 60 27 94 0 0 2 34 0 20 79 48 0 0 88 63 0 78 65 61 88 51 0 0 49 11 0 37 68 30 96 45 62 55 19 0 27 99 80 35 0 38 0 1 69 45 71 76 11 99 0 10 85 29 25 87 0 40 61 60 80 0 66 61 100 100 0 
32 56 36 71 80 50 0 98 0 81 88 0 0 0 99 19 46 100 60 2 1 66 2 94 35 42 23 0 20 77 88 90 31 78 11 28 53 10 36 22 13 23 52 34 90 57 81 6 92 0 0 9 44 2 0 56 26 0 95 23 0 0 0 53 39 0 62 1 80 0 66 37 56 23 23 0 77 66 25 15 96 68 36 59 81 0 11 34 64 16 70 0 97 0 0 0 56 4 75 25 
26 43 61 40 91 28 50 84 37 59 0 0 0 0 28 18 87 98 0 32 94 86 35 0 82 71 70 0 57 72 0 51 75 16 7 55 2 83 73 48 4 66 52 0 89 37 51 71 70 52 66 86 10 65 0 25 0 97 51 55 94 19 55 92 77 3 84 65 74 43 11 81 19 74 58 82 19 99 88 73 82 19 0 75 68 27 39 28 47 38 69 98 3 27 2 79 25 96 18 22 
1 45 73 7 17 65 39 0 97 83 55 58 99 28 0 14 0 0 89 65 5 44 84 0 91 90 26 47 19 84 13 18 39 94 28 51 91 33 35 62 85 81 43 50 86 4 62 5 36 0 60 100 14 44 62 1 96 0 77 20 37 28 54 60 72 76 15 0 0 41 89 79 0 2 84 71 78 81 0 0 64 0 67 43 0 89 0 26 1 15 91 0 100 0 44 70 97 36 88 75 
53 61 35 0 35 46 92 88 28 81 81 64 19 18 14 0 30 13 0 73 12 4 65 70 84 1 63 29 43 85 2 90 90 29 0 72 51 17 16 32 88 81 79 70 57 72 56 33 37 59 61 43 55 0 96 47 14 3 75 77 24 73 12 84 0 0 81 0 30 32 79 85 0 0 7 0 47 0 82 0 8 80 30 0 0 24 52 60 51 47 79 52 0 56 53 88 14 39 2 58 
0 94 0 22 92 47 6 11 19 43 70 0 46 87 0 30 0 42 0 0 5 68 92 0 83 67 0 19 57 18 44 93 54 52 40 0 67 44 96 3 98 74 28 41 71 9 5 20 81 21 85 25 76 0 3 38 55 5 53 54 26 0 93 55 36 41 40 59 26 70 61 50 16 99 36 64 3 20 22 85 28 51 86 0 0 0 18 17 58 93 0 80 62 67 0 0 14 31 48 88 
65 0 93 76 5 15 50 24 0 36 46 22 100 98 0 13 42 0 59 13 30 54 0 99 17 92 54 34 0 0 0 42 0 77 0 0 68 34 17 0 0 0 0 21 57 15 95 14 14 12 59 68 32 35 0 43 70 65 0 71 92 34 9 11 49 0 18 55 27 82 57 41 75 0 1 62 55 4 81 0 46 2 86 73 95 0 19 0 31 0 0 51 1 0 29 7 84 29 88 63 
36 11 13 27 0 47 53 21 91 85 82 27 60 0 89 0 0 59 0 69 84 40 90 0 0 51 56 0 13 27 30 2 53 87 0 34 81 98 13 64 62 73 77 50 28 0 0 83 39 6 64 15 99 54 46 0 0 59 39 23 54 41 82 64 91 70 48 27 7 69 8 86 75 68 6 43 1 0 0 12 38 0 86 0 50 32 0 10 62 29 2 59 59 98 95 0 27 24 3 56 
32 0 8 49 33 1 61 90 0 98 64 0 2 32 65 73 0 13 69 0 2 38 34 46 0 36 0 52 2 26 0 27 27 88 0 39 6 0 51 0 10 66 71 0 31 23 19 28 25 77 94 0 26 0 0 22 68 16 0 69 87 72 21 0 50 0 0 71 31 0 16 51 62 0 11 0 6 62 31 2 84 82 58 12 76 31 78 14 100 0 0 0 87 56 29 31 37 64 48 55 
0 8 45 53 79 52 43 0 95 44 97 23 1 94 5 12 5 30 84 2 0 0 0 38 28 92 84 28 0 56 78 43 80 63 63 55 63 0 54 41 45 67 78 99 87 13 89 81 17 29 16 34 99 71 1 14 72 21 24 21 1 15 71 75 43 52 64 21 62 70 20 47 100 26 9 12 24 18 0 60 3 32 18 29 63 28 71 92 100 85 12 93 70 4 0 88 33 6 0 77 
24 0 17 52 24 87 0 80 7 98 59 29 66 86 44 4 68 54 40 38 0 0 72 67 96 50 25 96 51 0 76 0 89 31 32 42 81 0 77 82 0 1 74 26 87 22 0 43 73 32 0 37 42 0 8 93 100 85 35 75 57 74 40 74 0 47 0 66 20 93 72 15 0 78 82 91 0 94 37 92 32 84 5 11 100 58 0 91 40 0 0 68 60 78 57 26 77 0 70 57 
72 35 11 51 58 78 25 51 0 42 72 72 2 35 84 65 92 0 90 34 0 72 0 0 18 76 39 73 100 83 13 64 0 93 48 24 15 47 50 52 30 73 5 69 42 0 0 55 0 0 0 53 45 23 97 50 64 98 10 28 62 41 56 12 60 0 56 77 83 50 24 86 0 37 65 55 0 50 30 5 4 0 66 0 47 34 93 0 65 31 0 54 15 43 45 34 66 28 68 1 
37 7 85 61 69 20 79 10 0 44 0 6 94 0 0 70 0 99 0 46 38 67 0 0 3 56 2 12 96 72 9 17 67 91 66 43 54 0 0 0 22 10 24 30 37 64 73 0 80 0 43 33 0 47 52 0 92 0 35 78 54 45 0 1 76 72 12 0 6 18 0 41 55 3 99 26 11 0 64 82 89 93 0 29 57 86 69 45 0 43 27 14 24 56 42 83 71 44 57 0 
0 11 0 0 57 19 72 8 0 67 44 91 35 82 91 84 83 17 0 0 28 96 18 3 0 0 21 0 66 36 33 42 14 17 0 39 45 0 54 55 22 3 5 68 25 0 95 0 0 28 67 0 52 75 24 83 95 84 0 50 0 0 36 91 16 0 60 85 83 4 0 45 9 50 7 0 0 61 9 18 8 0 95 0 58 19 39 0 30 40 99 0 0 6 7 84 87 94 98 78 
16 25 60 12 6 0 0 13 35 33 77 47 42 71 90 1 67 92 51 36 92 50 76 56 0 0 59 90 13 17 46 17 78 76 5 100 86 16 86 74 47 72 61 28 77 0 0 1 74 16 55 22 99 0 7 61 63 63 82 33 91 99 2 17 24 74 28 67 63 0 32 89 0 64 34 9 55 54 25 60 89 4 70 0 78 90 49 48 41 62 18 44 44 0 0 79 0 86 97 18 
43 79 0 68 83 0 71 60 85 44 43 95 23 70 26 63 0 54 56 0 84 25 39 2 21 59 0 54 46 70 60 57 0 0 6 31 47 69 14 65 83 8 88 38 28 25 17 36 8 0 76 21 0 0 45 19 23 0 40 33 48 59 95 96 63 0 64 73 87 23 69 80 97 76 64 0 95 99 19 0 28 59 85 90 83 54 72 9 95 1 0 14 77 11 10 55 2 20 72 42 
0 55 68 84 33 14 53 63 38 61 89 14 0 0 47 29 19 34 0 52 28 96 73 12 0 90 54 0 19 52 8 22 49 43 3 65 69 68 48 0 63 75 56 2 93 34 16 0 33 70 60 35 6 0 65 92 14 84 96 79 33 41 89 60 60 28 0 19 21 0 59 0 11 100 34 17 82 51 89 55 86 0 32 71 15 85 41 5 94 34 20 64 16 0 2 99 0 65 89 1 
6 26 1 0 88 23 83 7 0 0 64 0 20 57 19 43 57 0 13 2 0 51 100 96 66 13 46 19 0 98 58 87 48 77 59 30 0 88 0 39 14 0 90 60 1 97 52 85 95 43 9 21 49 0 33 16 17 25 27 90 94 22 25 82 36 83 49 0 54 63 94 0 69 92 68 78 54 40 40 62 0 88 30 0 23 29 98 8 33 83 54 87 0 27 62 99 46 91 18 55 
99 1 99 45 16 87 87 0 67 54 80 0 77 72 84 85 18 0 27 26 56 0 83 72 36 17 70 52 98 0 14 26 52 22 35 50 72 35 79 98 68 58 0 0 0 77 0 16 80 4 32 73 83 40 65 0 58 14 0 70 44 0 69 0 27 36 32 83 64 59 76 15 41 23 12 40 14 0 24 68 9 49 79 0 13 0 69 29 69 0 0 6 54 0 78 75 13 63 38 24 
0 61 92 30 0 8 0 60 13 7 7 0 88 0 13 2 44 0 30 0 78 76 13 9 33 46 60 8 58 14 0 47 0 61 28 26 15 0 34 65 0 30 66 69 0 25 19 100 80 46 37 5 98 44 98 39 48 36 13 29 64 35 81 50 59 36 20 44 95 58 81 0 39 0 85 91 34 23 94 7 41 0 55 0 0 80 88 73 86 93 44 48 0 78 90 71 12 63 0 18 
64 0 82 32 0 14 89 32 32 20 32 19 90 51 18 90 93 42 2 27 43 0 64 17 42 17 57 22 87 26 47 0 92 0 94 79 42 3 25 89 2 45 15 91 82 4 37 37 82 71 0 63 66 0 64 46 65 0 0 31 66 12 74 0 11 92 0 79 33 7 36 30 55 39 92 74 0 0 76 39 71 33 65 7 54 95 62 22 0 12 0 28 0 84 0 59 0 78 0 49 
88 87 88 92 84 0 44 89 0 1 0 19 31 75 39 90 54 0 53 27 80 89 0 67 14 78 0 49 48 52 0 92 0 0 0 61 85 0 0 51 28 80 0 34 71 83 0 0 19 0 18 87 4 79 14 15 32 57 12 91 84 63 9 0 34 73 87 95 81 0 0 64 35 67 68 9 0 0 46 0 19 3 66 84 0 24 56 0 66 88 97 2 16 53 61 4 36 37 0 40 
69 3 81 40 89 68 53 71 94 29 0 56 78 16 94 29 52 77 87 88 63 31 93 91 17 76 0 43 77 22 61 0 0 0 54 13 84 5 69 28 67 9 87 11 61 9 99 65 25 61 38 47 28 46 38 30 62 23 0 38 49 0 0 51 43 93 77 0 82 96 44 43 39 57 90 99 38 67 80 52 69 51 35 0 69 29 2 92 22 9 0 51 27 20 16 48 31 47 0 67 
8 0 78 98 83 9 90 0 91 95 26 60 11 7 28 0 40 0 0 0 63 32 48 66 0 5 6 3 59 35 28 94 0 54 0 0 49 56 88 0 42 100 18 36 16 61 23 88 100 84 68 0 42 32 95 76 16 0 0 64 0 49 0 56 89 0 83 0 0 76 75 0 33 79 82 12 0 1 77 10 62 17 0 83 3 73 0 5 22 0 0 45 5 84 88 14 96 83 98 76 
6 48 47 46 60 82 98 0 0 98 0 27 28 55 51 72 0 0 34 39 55 42 24 43 39 100 31 65 30 50 26 79 61 13 0 0 62 0 62 7 25 40 41 89 86 69 67 34 0 76 76 5 36 61 0 31 99 60 96 16 49 97 0 29 49 75 12 74 62 51 65 0 67 23 64 43 82 40 46 9 5 71 89 0 4 88 72 14 31 48 0 55 66 36 51 83 74 12 13 24 
41 31 39 65 38 49 80 4 42 5 94 94 53 2 91 51 67 68 81 6 63 81 15 54 45 86 47 69 0 72 15 42 85 84 49 62 0 12 38 25 14 25 55 42 0 5 71 5 0 37 51 80 34 0 22 43 16 77 85 0 70 10 85 21 97 31 11 15 14 33 78 38 23 50 65 19 31 12 0 0 5 18 61 50 76 0 0 81 54 44 14 80 90 27 87 24 0 0 91 43 
29 0 0 68 99 38 30 93 0 73 15 0 10 83 33 17 44 34 98 0 0 0 47 0 0 16 69 68 88 35 0 3 0 5 56 0 12 0 52 0 92 84 62 12 43 51 72 50 91 80 0 35 94 99 68 62 96 12 46 0 100 0 36 49 36 7 29 14 59 0 38 38 54 66 76 54 43 21 78 0 10 0 99 57 30 0 0 53 100 0 15 40 0 75 1 43 8 0 63 0 
70 62 18 0 0 38 21 0 0 57 77 0 36 73 35 16 96 17 13 51 54 77 50 0 54 86 14 48 0 79 34 25 0 69 88 62 38 52 0 0 8 56 0 30 95 0 27 84 96 5 76 88 22 98 1 51 0 27 36 50 4 92 64 0 20 29 96 0 49 83 30 81 16 93 36 75 75 60 0 46 80 22 0 0 29 22 86 0 0 99 51 75 0 68 0 88 15 4 84 0 
0 100 48 15 21 20 0 0 11 68 72 2 22 48 62 32 3 0 64 0 41 82 52 0 55 74 65 0 39 98 65 89 51 28 0 7 25 0 0 0 0 15 0 82 52 15 34 98 80 0 28 0 0 19 0 74 12 2 0 30 3 31 83 91 70 0 0 0 38 51 0 28 91 62 38 14 0 0 0 13 92 81 25 98 51 51 0 60 14 26 3 29 91 71 92 76 51 25 59 56 
89 27 31 0 23 84 0 1 44 29 29 34 13 4 85 88 98 0 62 10 45 0 30 22 22 47 83 63 14 68 0 2 28 67 42 25 14 92 8 0 0 38 32 53 80 79 92 0 33 6 77 0 0 0 66 95 2 42 92 54 51 0 26 23 0 15 14 31 99 10 21 80 49 0 0 13 7 75 72 7 0 37 92 0 4 24 56 75 0 11 4 43 21 97 25 18 54 2 41 22 
9 72 19 0 85 20 96 4 88 38 43 0 23 66 81 81 74 0 73 66 67 1 73 10 3 72 8 75 0 58 30 45 80 9 100 40 25 84 56 15 38 0 98 61 77 82 33 76 84 0 35 20 35 3 97 26 96 0 72 1 53 18 0 68 33 32 51 54 96 95 84 7 7 13 6 28 88 56 37 80 0 52 65 67 51 81 0 0 14 29 90 87 53 18 34 9 57 29 15 4 
18 39 33 0 0 73 69 16 0 0 0 20 52 52 43 79 28 0 77 71 78 74 5 24 5 61 88 56 90 0 66 15 0 87 18 41 55 62 0 0 32 98 0 97 55 69 68 50 57 0 12 39 98 20 0 4 84 53 24 84 92 41 0 42 17 0 0 0 0 87 60 72 56 16 0 54 18 0 79 50 62 39 61 0 11 47 3 31 0 0 0 93 88 49 69 77 39 96 0 41 
10 29 85 25 5 55 64 95 0 65 50 79 34 0 50 70 41 21 50 0 99 26 69 30 68 28 38 2 60 0 69 91 34 11 36 89 42 12 30 82 53 61 97 0 22 74 65 33 0 42 36 0 76 82 91 52 3 25 50 85 83 0 0 54 75 97 0 26 41 0 34 63 13 46 81 0 83 78 40 16 76 76 84 92 99 49 28 31 15 97 61 61 9 92 39 51 97 35 77 63 
32 0 56 32 94 98 0 0 27 61 63 48 90 89 86 57 71 57 28 31 87 87 42 37 25 77 28 93 1 0 0 82 71 61 16 86 0 43 95 52 80 77 55 22 0 42 82 4 14 40 0 88 93 45 99 48 57 0 76 68 73 43 100 33 19 55 100 44 83 17 12 63 43 2 32 2 12 21 10 0 4 82 66 81 65 32 37 0 76 35 87 0 81 70 83 94 0 35 43 74 
0 70 0 42 68 0 0 36 88 44 26 0 57 37 4 72 9 15 0 23 13 22 0 64 0 0 25 34 97 77 25 4 83 9 61 69 5 51 0 15 79 82 69 74 42 0 42 100 8 100 85 0 0 95 93 94 0 0 12 48 16 0 18 90 42 10 0 0 48 66 0 76 86 0 38 83 71 0 90 0 67 12 79 4 100 0 26 0 49 78 81 24 0 0 9 36 0 60 67 63 
0 79 5 15 71 65 95 0 0 39 88 0 81 51 62 56 5 95 0 19 89 0 0 73 95 0 17 16 52 0 19 37 0 99 23 67 71 72 27 34 92 33 68 65 82 42 0 96 3 100 3 74 39 61 28 40 7 11 17 69 0 13 2 77 79 99 65 15 55 75 40 49 0 72 28 91 24 52 93 11 62 0 65 32 42 96 0 54 10 17 64 14 51 0 75 86 86 93 63 97 
39 0 0 18 45 61 10 87 0 21 74 88 6 71 5 33 20 14 83 28 81 43 55 0 0 1 36 0 85 16 100 37 0 65 88 34 5 50 84 98 0 76 50 33 4 100 96 0 43 46 57 83 47 0 1 25 60 46 9 52 71 85 0 6 13 83 26 25 72 12 61 15 0 45 45 4 40 20 66 2 21 100 36 75 0 39 86 97 87 78 57 33 37 52 7 0 2 99 33 100 
39 91 20 36 44 87 3 29 70 74 37 63 92 70 36 37 81 14 39 25 17 73 0 80 0 74 8 33 95 80 80 82 19 25 100 0 0 91 96 80 33 84 57 0 14 8 3 43 0 32 81 58 26 25 91 26 79 91 16 17 11 24 0 70 96 0 81 60 99 0 4 20 8 91 70 98 87 25 92 0 0 0 7 56 0 28 51 13 62 11 96 67 2 63 12 0 14 23 0 71 
46 38 86 21 1 0 0 87 75 66 0 0 0 52 0 59 21 12 6 77 29 32 0 0 28 16 0 70 43 4 46 71 0 61 84 76 37 80 5 0 6 0 0 42 40 100 100 46 32 0 73 19 32 27 60 0 59 13 60 57 16 58 87 4 0 0 32 0 0 0 57 20 12 13 0 0 60 0 28 16 46 62 0 0 5 20 85 0 0 0 46 44 31 98 0 4 0 0 2 94 
58 82 0 12 43 42 79 97 74 79 69 78 0 66 60 61 85 59 64 94 16 0 0 43 67 55 76 60 9 32 37 0 18 38 68 76 51 0 76 28 77 35 12 36 0 85 3 57 81 73 0 53 69 14 14 37 0 43 19 40 9 16 76 95 46 73 69 15 36 9 100 24 9 42 95 0 14 34 61 64 17 1 0 99 12 0 35 49 36 58 89 58 5 58 38 29 24 29 51 25 
38 34 0 0 47 52 15 0 0 0 42 65 9 86 100 43 25 68 15 0 34 37 53 33 0 22 21 35 21 73 5 63 87 47 0 5 80 35 88 0 0 20 39 0 88 0 74 83 58 19 53 0 40 98 32 0 4 49 78 57 52 29 0 0 46 14 71 82 74 90 65 42 0 58 10 41 4 30 9 0 1 87 8 84 91 78 11 12 31 11 81 50 54 18 38 78 8 0 51 48 
36 0 79 32 52 92 10 70 0 0 11 61 44 10 14 55 76 32 99 26 99 42 45 0 52 99 0 6 49 83 98 66 4 28 42 36 34 94 22 0 0 35 98 76 93 0 39 47 26 32 69 40 0 68 97 38 27 99 28 5 61 21 93 1 63 44 51 22 59 54 42 72 0 87 99 69 50 80 54 86 61 66 92 43 83 34 50 61 71 13 0 79 93 11 84 70 91 0 82 0 
0 48 56 26 87 62 11 61 92 23 13 88 2 65 44 0 0 35 54 0 71 0 23 47 75 0 0 0 0 40 44 0 79 46 32 61 0 99 98 19 0 3 20 82 45 95 61 0 25 27 14 98 68 0 72 0 0 82 18 32 72 20 0 73 7 88 43 75 40 0 99 12 13 0 70 0 0 95 25 15 99 9 0 3 0 47 0 3 25 30 7 0 1 55 71 87 65 57 71 46 
15 64 62 15 33 19 71 71 0 24 47 51 0 0 62 96 3 0 46 0 1 8 97 52 24 7 45 65 33 65 98 64 14 38 95 0 22 68 1 0 66 97 0 91 99 93 28 1 91 60 14 32 97 72 0 40 0 63 4 72 44 51 4 31 15 0 8 43 35 0 69 29 0 41 10 16 0 100 67 77 91 0 0 8 5 56 0 17 0 47 28 0 13 53 22 39 36 20 65 100 
29 0 65 49 24 0 0 91 0 0 27 0 56 25 1 47 38 43 0 22 14 93 50 0 83 61 19 92 16 0 39 46 15 30 76 31 43 62 51 74 95 26 4 52 48 94 40 25 26 0 37 0 38 0 40 0 23 63 27 82 41 86 57 88 0 91 96 33 22 20 89 19 0 69 18 94 0 0 60 97 88 0 58 54 36 69 94 70 29 0 0 0 0 29 13 83 2 0 0 28 
86 87 31 6 79 60 92 35 0 59 93 0 26 0 96 14 55 70 0 68 72 100 64 92 95 63 23 14 17 58 48 65 32 62 16 99 16 96 0 12 2 96 84 3 57 0 7 60 79 59 0 4 27 0 0 23 0 69 76 28 31 36 17 68 91 33 0 33 52 98 88 51 19 90 37 0 66 0 61 7 0 69 0 84 36 32 19 62 36 36 49 0 26 73 37 65 77 86 0 0 
0 81 0 74 67 86 31 63 67 24 12 49 0 97 0 3 5 65 59 16 21 85 98 0 84 63 0 84 25 14 36 0 57 23 0 60 77 12 27 2 42 0 53 25 0 0 11 46 91 13 43 49 99 82 63 63 69 0 64 60 30 63 62 69 15 0 15 51 0 99 31 38 15 0 0 0 0 0 70 0 85 3 26 43 14 44 76 31 23 22 66 100 57 90 55 44 0 94 0 76 
99 13 74 43 82 75 89 44 39 0 35 11 95 51 77 75 53 0 39 0 24 35 10 35 0 82 40 96 27 0 13 0 12 0 0 96 85 46 36 0 92 72 24 50 76 12 17 9 16 60 19 78 28 18 4 27 76 64 0 51 57 100 19 0 8 0 69 30 96 23 39 0 85 14 59 35 56 31 9 66 2 0 63 1 59 93 0 28 74 23 6 38 22 48 20 0 9 37 70 75 
91 83 17 0 91 86 38 0 49 52 91 0 23 55 20 77 54 71 23 69 21 75 28 78 50 33 33 79 90 70 29 31 91 38 64 16 0 0 50 30 54 1 84 85 68 48 69 52 17 57 40 57 5 32 72 82 28 60 51 0 99 74 76 49 49 66 63 0 57 24 71 0 65 17 98 27 0 77 23 0 0 97 5 87 4 61 0 85 13 25 70 0 68 3 94 38 42 12 0 74 
32 1 23 75 66 44 16 70 0 78 6 37 0 94 37 24 26 92 54 87 1 57 62 54 0 91 48 33 94 44 64 66 84 49 0 49 70 100 4 3 51 53 92 83 73 16 0 71 11 16 9 52 61 72 44 41 31 30 57 99 0 32 44 25 76 0 7 21 48 4 63 35 67 67 24 0 35 15 31 52 18 53 73 38 91 52 66 57 44 52 26 56 78 26 69 14 88 0 0 86 
61 0 49 0 76 55 27 17 76 10 0 68 0 19 28 73 0 34 41 72 15 74 41 45 0 99 59 41 22 0 35 12 63 0 49 97 10 0 92 31 0 18 41 0 43 0 13 85 24 58 16 29 21 20 51 86 36 63 100 74 32 0 57 54 15 56 0 33 93 72 0 41 7 15 63 0 81 0 4 86 6 16 56 99 37 97 86 35 0 0 77 26 86 76 36 35 47 0 0 0 
0 65 0 86 5 25 4 66 84 72 4 30 0 55 54 12 93 9 82 21 71 40 56 0 36 2 95 89 25 69 81 74 9 0 0 0 85 36 64 83 26 0 0 0 100 18 2 0 0 87 76 0 93 0 4 57 17 62 19 76 44 57 0 0 38 0 58 0 0 27 57 38 13 70 0 26 5 69 0 0 84 97 29 20 27 0 0 73 57 70 0 0 0 63 0 0 78 78 2 61 
80 46 85 40 100 0 38 81 89 0 0 96 53 92 60 84 55 11 64 0 75 74 12 1 91 17 96 60 82 0 50 0 0 51 56 29 21 49 0 91 23 68 42 54 33 90 77 6 70 4 95 0 1 73 31 88 68 69 0 49 25 54 0 0 51 0 56 97 71 0 93 42 0 28 1 67 59 64 0 43 1 0 0 27 70 95 0 6 46 0 7 0 73 71 0 52 31 16 0 54 
29 0 90 95 91 18 68 46 31 87 58 45 39 77 72 0 36 49 91 50 43 0 60 76 16 24 63 60 36 27 59 11 34 43 89 49 97 36 20 70 0 33 17 75 19 42 79 13 96 0 46 46 63 7 15 0 91 15 8 49 76 15 38 51 0 92 47 73 30 74 78 97 55 88 74 70 60 89 25 77 83 43 55 50 41 0 43 71 45 0 88 91 52 0 87 62 82 38 76 91 
0 99 0 23 50 58 0 71 32 22 0 62 0 3 76 0 41 0 70 0 52 47 0 72 0 74 0 28 83 36 36 92 73 93 0 75 31 7 29 0 15 32 0 97 55 10 99 83 0 0 73 14 44 88 0 91 33 0 0 66 0 56 0 0 92 0 14 0 0 0 24 55 26 99 43 0 0 4 0 0 16 0 9 83 44 2 19 81 59 42 64 95 0 80 0 9 34 0 32 20 
0 0 48 0 95 65 20 34 88 0 89 55 62 84 15 81 40 18 48 0 64 0 56 12 60 28 64 0 49 32 20 0 87 77 83 12 11 29 96 0 14 51 0 0 100 0 65 26 81 32 69 71 51 43 8 96 0 15 69 63 7 0 58 56 47 14 0 53 95 58 95 1 50 99 12 0 59 34 14 33 31 0 59 17 40 81 30 9 72 69 0 10 0 72 0 39 45 0 0 22 
0 96 97 13 0 35 57 0 0 73 99 19 1 65 0 0 59 55 27 71 21 66 77 0 85 67 73 19 0 83 44 79 95 0 0 74 15 14 0 0 31 54 0 26 44 0 15 25 60 0 15 82 22 75 43 33 33 51 30 0 21 33 0 97 73 0 53 0 4 31 89 35 1 5 9 0 0 58 71 74 41 36 31 68 1 91 41 0 94 4 0 17 52 71 44 12 58 62 98 73 
72 50 90 84 28 5 0 13 72 0 84 0 80 74 0 30 26 27 7 31 62 20 83 6 83 63 87 21 54 64 95 33 81 82 0 62 14 59 49 38 99 96 0 41 83 48 55 72 99 0 36 74 59 40 35 22 52 0 96 57 48 93 0 71 30 0 95 4 0 53 49 61 46 27 98 0 0 0 35 73 37 54 24 69 43 57 14 38 98 24 46 23 94 93 66 50 100 0 85 0 
13 23 0 35 56 67 14 0 80 48 0 27 0 43 41 32 70 82 69 0 70 93 50 18 4 0 23 0 63 59 58 7 0 96 76 51 33 0 83 51 10 95 87 0 17 66 75 12 0 0 9 90 54 0 0 20 98 99 23 24 4 72 27 0 74 0 58 31 53 0 100 72 78 22 13 8 80 96 41 9 0 34 0 0 40 33 79 36 23 84 6 8 0 0 47 16 57 80 75 45 
0 100 54 91 74 45 2 70 32 41 4 99 66 11 89 79 61 57 8 16 20 72 24 0 0 32 69 59 94 76 81 36 0 44 75 65 78 38 30 0 21 84 60 34 12 0 40 61 4 57 100 65 42 99 69 89 88 31 39 71 63 0 57 93 78 24 95 89 49 100 0 17 71 37 45 17 0 10 21 90 36 61 7 31 19 29 8 54 20 53 35 0 69 4 72 34 84 5 48 74 
0 35 3 94 34 25 30 100 7 57 37 80 37 81 79 85 50 41 86 51 47 15 86 41 45 89 80 0 0 15 0 30 64 43 0 0 38 38 81 28 80 7 72 63 63 76 49 15 20 20 24 42 72 12 29 19 51 38 0 0 35 41 38 42 97 55 1 35 61 72 17 0 45 85 23 0 92 37 80 68 82 0 19 38 49 17 0 37 20 96 87 5 26 24 50 51 19 64 6 58 
16 16 81 92 77 66 58 79 96 36 0 35 56 19 0 0 16 75 75 62 100 0 0 55 9 0 97 11 69 41 39 55 35 39 33 67 23 54 16 91 49 7 56 13 43 86 0 0 8 12 9 0 0 13 0 0 19 15 85 65 67 7 13 0 55 26 50 1 46 78 71 45 0 90 91 66 17 70 66 27 98 37 80 90 7 81 17 93 22 0 71 0 56 98 50 76 81 7 15 72 
91 0 98 33 5 3 38 26 70 0 9 0 23 74 2 0 99 0 68 0 26 78 37 3 50 64 76 100 92 23 0 39 67 57 79 23 50 66 93 62 0 13 16 46 2 0 72 45 91 13 42 58 87 0 41 69 90 0 14 17 67 15 70 28 88 99 99 5 27 22 37 85 90 0 47 52 39 93 92 31 9 64 73 0 80 87 16 7 0 57 59 20 0 39 46 74 25 41 88 83 
41 0 58 53 13 89 70 0 84 46 82 38 23 58 84 7 36 1 6 11 9 82 65 99 7 34 64 34 68 12 85 92 68 90 82 64 65 76 36 38 0 6 0 81 32 38 28 45 70 0 95 10 99 70 10 18 37 0 59 98 24 63 0 1 74 43 12 9 98 13 45 23 91 47 0 57 0 97 78 49 66 0 11 11 0 78 57 42 0 97 90 50 5 54 22 75 43 88 37 31 
87 100 95 39 30 15 76 40 0 15 29 0 0 82 71 0 64 62 43 0 12 91 55 26 0 9 0 17 78 40 91 74 9 99 12 43 19 54 75 14 13 28 54 0 2 83 91 4 98 0 0 41 69 0 16 94 0 0 35 27 0 0 26 67 70 0 0 0 0 8 17 0 66 52 57 0 94 97 0 0 60 9 53 42 85 59 0 0 0 36 0 54 64 51 55 4 52 72 4 30 
17 20 96 60 0 53 51 72 14 18 95 1 77 19 78 47 3 55 1 6 24 0 0 11 0 55 95 82 54 14 34 0 0 38 0 82 31 43 75 0 7 88 18 83 12 71 24 40 87 60 14 4 50 0 0 0 66 0 56 0 35 81 5 59 60 0 59 0 0 80 0 92 17 39 0 94 0 74 0 34 0 55 33 52 0 6 0 42 36 94 73 3 74 24 24 37 90 40 69 30 
62 9 22 12 97 65 58 87 46 13 86 69 66 99 81 0 20 4 0 62 18 94 50 0 61 54 99 51 40 0 23 0 0 67 1 40 12 21 60 0 75 56 0 78 21 0 52 20 25 0 34 30 80 95 100 0 0 0 31 77 15 0 69 64 89 4 34 58 0 96 10 37 70 93 97 97 74 0 81 54 81 0 0 0 0 3 54 42 95 71 100 8 66 14 96 24 79 28 26 29 
0 25 22 1 21 42 62 0 74 24 0 45 25 88 0 82 22 81 0 31 0 37 30 64 9 25 19 89 40 24 94 76 46 80 77 46 0 78 0 0 72 37 79 40 10 90 93 66 92 28 61 9 54 25 67 60 61 70 9 23 31 4 0 0 25 0 14 71 35 41 21 80 66 92 78 0 0 81 0 29 5 52 74 0 3 0 23 0 27 35 80 79 55 15 0 29 0 33 9 9 
19 80 35 54 65 0 36 100 56 2 0 71 15 73 0 0 85 0 12 2 60 92 5 82 18 60 0 55 62 68 7 39 0 52 10 9 0 0 46 13 7 80 50 16 0 0 11 2 0 16 64 0 86 15 77 97 7 0 66 0 52 86 0 43 77 0 33 74 73 9 90 68 27 31 49 0 34 54 29 0 94 1 48 3 19 94 51 18 86 12 19 1 17 0 26 5 63 0 90 54 
18 53 0 90 0 87 84 23 50 26 60 76 96 82 64 8 28 46 38 84 3 32 4 89 8 89 28 86 0 9 41 71 19 69 62 5 5 10 80 92 0 0 62 76 4 67 62 21 0 46 17 1 61 99 91 88 0 85 2 0 18 6 84 1 83 16 31 41 37 0 36 82 98 9 66 60 0 81 5 94 0 35 78 83 86 41 50 10 51 11 0 31 70 35 10 0 26 89 58 62 
58 0 0 29 73 7 23 0 59 0 14 11 68 19 0 80 51 2 0 82 32 84 0 93 0 4 59 0 88 49 0 33 3 51 17 71 18 0 22 81 37 52 39 76 82 12 0 100 0 62 1 87 66 9 0 0 69 3 0 97 53 16 97 0 43 0 0 36 54 34 61 0 37 64 0 9 55 0 52 1 35 0 27 73 90 0 0 72 61 6 0 0 11 46 0 77 13 0 65 0 
0 0 38 40 1 87 0 21 55 33 70 99 36 0 67 30 86 86 86 58 18 5 66 0 95 70 85 32 30 79 55 65 66 35 0 89 61 99 0 25 92 65 61 84 66 79 65 36 7 0 0 8 92 0 0 58 0 26 63 5 73 56 29 0 55 9 59 31 24 0 7 19 80 73 11 53 33 0 74 48 78 27 0 37 82 77 71 56 9 0 0 84 32 22 35 99 0 75 0 71 
51 98 24 23 65 81 44 83 0 0 34 0 59 75 43 0 0 73 0 12 29 11 0 29 0 0 90 71 0 0 0 7 84 0 83 0 50 57 0 98 0 67 0 92 81 4 32 75 56 0 99 84 43 3 8 54 84 43 1 87 38 99 20 27 50 83 17 68 69 0 31 38 90 0 11 42 52 0 0 3 83 73 37 0 29 58 0 57 42 4 70 25 39 48 58 37 25 29 3 95 
0 65 80 29 98 85 100 64 27 80 2 10 81 68 0 0 0 95 50 76 63 100 47 57 58 78 83 15 23 13 0 54 0 69 3 4 76 30 29 51 4 51 11 99 65 100 42 0 0 5 12 91 83 0 5 36 36 14 59 4 91 37 27 70 41 44 40 1 43 40 19 49 7 80 0 85 0 0 3 19 86 90 82 29 0 99 84 0 51 76 0 1 94 38 38 68 1 57 36 48 
67 42 42 8 0 35 72 18 70 12 61 85 0 27 89 24 0 0 32 31 28 58 34 86 19 90 54 85 29 0 80 95 24 29 73 88 0 0 22 51 24 81 47 49 32 0 96 39 28 20 0 78 34 47 56 69 32 44 93 61 52 97 0 95 0 2 81 91 57 33 29 17 81 87 78 59 6 3 0 94 41 0 77 58 99 0 42 14 70 20 0 4 70 12 37 63 99 0 8 0 
0 5 7 46 54 0 100 54 19 17 77 29 11 39 0 52 18 19 0 78 71 0 93 69 39 49 72 41 98 69 88 62 56 2 0 72 0 0 86 0 56 0 3 28 37 26 0 86 51 85 35 11 50 0 0 94 19 76 0 0 66 86 0 0 43 19 30 41 14 79 8 0 17 16 57 0 0 54 23 51 50 0 71 0 84 42 0 22 24 95 0 18 65 22 3 61 60 37 1 4 
0 58 31 30 30 31 89 39 0 20 41 25 34 28 26 60 17 0 10 14 92 91 0 45 0 48 9 5 8 29 73 22 0 92 5 14 81 53 0 60 75 0 31 31 0 0 54 97 13 0 49 12 61 3 17 70 62 31 28 85 57 35 73 6 71 81 9 0 38 36 54 37 93 7 42 0 42 42 0 18 10 72 56 57 0 14 22 0 50 45 5 0 63 22 50 16 0 24 93 17 
0 15 33 50 59 44 78 17 18 8 27 87 64 47 1 51 58 31 62 100 100 40 65 0 30 41 95 94 33 69 86 0 66 22 22 31 54 100 0 14 0 14 0 15 76 49 10 87 62 0 36 31 71 25 0 29 36 23 74 13 44 0 57 46 45 59 72 94 98 23 20 20 22 0 0 0 36 95 27 86 51 61 9 42 51 70 24 50 0 0 91 0 32 32 63 0 57 100 15 65 
52 25 55 90 41 96 27 25 89 33 20 0 16 38 15 47 93 0 29 0 85 0 31 43 40 62 1 34 83 0 93 12 88 9 0 48 44 0 99 26 11 29 0 97 35 78 17 78 11 0 58 11 13 30 47 0 36 22 23 25 52 0 70 0 0 42 69 4 24 84 53 96 0 57 97 36 94 71 35 12 11 6 0 4 76 20 95 45 0 0 52 55 99 73 70 40 53 29 77 0 
47 17 40 33 81 11 56 28 82 57 14 40 70 69 91 79 0 0 2 0 12 0 0 27 99 18 0 20 54 0 44 0 97 0 0 0 14 15 51 3 4 90 0 61 87 81 64 57 96 46 89 81 0 7 28 0 49 66 6 70 26 77 0 7 88 64 0 0 46 6 35 87 71 59 90 0 73 100 80 19 0 0 0 70 0 0 0 5 91 52 0 36 91 86 22 45 0 19 14 99 
15 63 27 99 3 0 48 69 79 3 0 61 0 98 0 52 80 51 59 0 93 68 54 14 0 44 14 64 87 6 48 28 2 51 45 55 80 40 75 29 43 87 93 61 0 24 14 33 67 44 58 50 79 0 0 0 0 100 38 0 56 26 0 0 91 95 10 17 23 8 0 5 0 20 50 54 3 8 79 1 31 0 84 25 1 4 18 0 0 55 36 0 0 92 40 67 0 14 9 31 
93 12 65 23 0 49 59 82 95 29 43 60 97 3 100 0 62 1 59 87 70 60 15 24 0 44 77 16 0 54 0 0 16 27 5 66 90 0 0 91 21 53 88 9 81 0 51 37 2 31 5 54 93 1 13 0 26 57 22 68 78 86 0 73 52 0 0 52 94 0 69 26 56 0 5 64 74 66 55 17 70 11 32 39 94 70 65 63 32 99 91 0 0 50 0 7 58 13 71 3 
0 32 97 68 23 83 72 58 99 54 63 80 0 27 0 56 67 0 98 56 4 78 43 56 6 0 11 0 27 0 78 84 53 20 84 36 27 75 68 71 97 18 49 92 70 0 0 52 63 98 58 18 11 55 53 29 73 90 48 3 26 76 63 71 0 80 72 71 93 0 4 24 98 39 54 51 24 14 15 0 35 46 22 48 38 12 22 22 32 73 86 92 50 0 11 70 0 41 32 12 
75 44 8 35 32 1 23 87 0 93 18 0 0 2 44 53 0 29 95 29 0 57 45 42 7 0 10 2 62 78 90 0 61 16 88 51 87 1 0 92 25 34 69 39 83 9 75 7 12 0 38 38 84 71 22 13 37 55 20 94 69 36 0 0 87 0 0 44 66 47 72 50 50 46 22 55 24 96 0 26 10 0 35 58 38 37 3 50 63 70 22 40 0 11 0 30 53 72 36 0 
0 63 0 60 29 82 0 53 1 94 0 66 0 79 70 88 0 7 0 31 88 26 34 83 84 79 55 99 99 75 71 59 4 48 14 83 24 43 88 76 18 9 77 51 94 36 86 0 0 4 29 78 70 87 39 83 65 44 0 38 14 35 0 52 62 9 39 12 50 16 34 51 76 74 75 4 37 24 29 5 0 77 99 37 68 63 61 16 0 40 45 67 7 70 30 0 69 17 65 32 
74 84 3 0 0 43 45 88 55 0 70 61 56 25 97 14 14 84 27 37 33 77 66 71 87 0 2 0 46 13 12 0 36 31 96 74 0 8 15 51 54 57 39 97 0 0 86 2 14 0 24 8 91 65 36 2 77 0 9 42 88 47 78 31 82 34 45 58 100 57 84 19 81 25 43 52 90 79 0 63 26 13 0 25 1 99 60 0 57 53 0 0 58 0 53 69 0 95 0 82 
0 42 0 99 61 0 0 0 79 0 26 100 4 96 36 39 31 29 24 64 6 0 28 44 94 86 20 65 91 63 63 78 37 47 83 12 0 0 4 25 2 29 96 35 35 60 93 99 23 0 29 0 0 57 20 0 86 94 37 12 0 0 78 16 38 0 0 62 0 80 5 64 7 41 88 72 40 28 33 0 89 0 75 29 57 0 37 24 100 29 19 14 13 41 72 17 95 0 5 93 
20 0 28 76 17 85 7 10 0 54 0 100 75 18 88 2 48 88 3 48 0 70 68 57 98 97 72 89 18 38 0 0 0 0 98 13 91 63 84 59 41 15 0 77 43 67 63 33 0 2 51 51 82 71 65 0 0 0 70 0 0 0 2 0 76 32 0 98 85 75 48 6 15 88 37 4 69 26 9 90 58 65 0 3 36 8 1 93 15 77 14 9 71 32 36 65 0 5 0 76 
50 88 12 21 94 24 79 52 17 100 60 0 25 22 75 58 88 63 56 55 77 57 1 0 78 18 42 1 55 24 18 49 40 67 76 24 43 0 0 56 22 4 41 63 74 63 97 100 71 94 25 48 0 46 100 28 0 76 75 74 86 0 61 54 91 20 22 73 0 45 74 58 72 83 31 30 30 29 9 54 62 0 71 95 48 0 4 17 65 0 99 31 3 12 0 32 82 93 76 0 
