0 0 15 0 0 0 0 0 0 0 0 43 0 0 99 0 0 0 0 0 0 0 57 0 0 0 0 0 0 0 0 0 0 0 0 0 0 0 0 52 0 33 0 0 0 0 0 0 0 0 0 0 0 0 0 24 0 0 73 0 31 0 80 0 0 0 0 0 52 0 0 0 0 0 0 0 25 0 0 0 0 0 68 55 0 0 0 0 0 0 0 0 0 0 0 0 0 0 50 0 
0 0 0 0 19 0 0 0 0 0 0 0 0 0 0 0 0 0 0 0 0 0 0 1 0 0 0 84 0 0 0 0 0 0 0 0 0 46 0 0 0 0 0 0 0 0 0 0 0 0 0 0 0 0 0 0 0 0 0 35 30 0 0 43 0 38 0 0 0 0 89 0 0 0 0 63 0 0 0 0 0 40 0 76 0 51 0 0 78 0 0 0 0 0 0 0 0 0 0 0 
15 0 0 0 30 0 0 0 0 0 0 0 0 0 0 0 0 0 0 0 67 0 0 47 0 0 0 0 0 0 0 0 0 72 0 0 0 0 0 0 0 0 0 0 0 0 0 0 0 0 0 0 0 82 84 0 55 0 0 0 0 0 0 6 79 0 0 0 0 0 0 0 0 0 0 0 0 0 0 0 0 0 0 0 0 0 0 0 0 0 0 0 0 0 15 0 0 0 0 13 
0 0 0 0 0 0 0 0 35 0 0 0 0 0 0 0 0 0 72 0 0 25 0 0 0 0 0 0 0 0 0 0 83 0 0 0 0 0 0 0 0 0 0 0 0 51 0 0 0 0 0 0 81 0 0 0 0 0 0 0 0 0 0 0 0 0 0 41 0 0 0 0 0 0 0 0 44 0 0 0 0 0 0 0 73 0 0 0 0 10 0 0 0 0 60 0 0 0 0 0 
0 19 30 0 0 0 0 0 0 0 72 0 32 0 0 0 0 52 0 0 87 0 0 0 0 0 0 0 89 0 81 0 0 86 0 0 0 0 0 0 0 0 0 0 0 0 0 0 54 0 0 0 0 0 19 0 0 0 85 0 86 0 0 0 0 0 0 0 0 0 0 0 0 0 0 0 0 0 0 0 0 0 0 0 0 0 0 0 0 0 0 0 0 65 0 0 0 0 82 0 
0 0 0 0 0 0 0 0 0 0 0 0 0 0 0 0 0 0 0 0 0 0 62 78 0 13 0 0 0 0 0 0 0 0 0 0 0 0 0 0 0 0 0 0 0 0 0 14 0 0 0 24 0 0 0 41 0 0 0 0 0 0 0 0 0 0 6 69 53 0 60 0 0 0 0 0 0 62 0 0 99 0 0 0 1 0 0 0 0 0 0 0 0 79 0 69 0 0 0 0 
0 0 0 0 0 0 0 0 0 0 80 0 0 0 0 0 0 0 0 0 0 0 0 0 0 0 0 0 0 0 0 0 0 0 0 0 0 0 97 0 0 0 0 0 26 0 0 65 0 0 0 0 0 89 0 0 0 10 4 78 0 28 0 0 0 10 0 0 0 0 96 0 0 0 0 0 0 0 0 0 0 0 0 73 0 0 61 0 0 0 16 0 0 0 0 19 0 0 0 0 
0 0 0 0 0 0 0 0 25 0 36 0 0 0 88 0 0 29 0 0 0 0 83 92 0 0 0 0 0 0 91 25 0 0 73 0 0 26 0 0 0 0 0 0 0 0 0 0 0 0 0 0 0 0 0 0 0 0 0 0 0 0 92 0 0 20 0 4 0 63 0 0 0 0 0 0 45 0 0 0 0 0 0 0 0 0 0 0 0 0 0 0 0 0 0 0 0 0 0 0 
0 0 0 35 0 0 0 25 0 48 62 0 92 54 0 0 0 0 0 0 0 11 0 0 0 29 0 48 0 0 0 0 0 0 93 0 0 0 0 0 0 0 0 0 0 0 0 0 0 0 0 0 0 0 0 0 0 0 0 0 0 0 50 0 0 0 0 0 49 0 0 0 0 0 0 0 0 0 0 0 0 0 0 0 30 99 0 30 0 0 0 0 0 0 0 0 0 0 0 0 
0 0 0 0 0 0 0 0 48 0 0 0 0 0 50 0 53 0 0 0 6 0 0 51 0 0 0 0 0 0 0 0 0 0 0 0 0 93 0 0 0 0 40 32 0 0 0 0 0 69 0 0 0 0 0 0 0 20 0 0 0 24 0 0 0 81 0 0 0 0 0 0 0 0 0 0 0 65 0 80 0 0 0 0 0 0 0 0 11 0 0 0 0 0 0 0 0 0 0 0 
0 0 0 0 72 0 80 36 62 0 0 0 0 0 3 18 82 0 0 0 0 0 0 0 0 0 0 0 83 0 0 0 0 0 0 0 0 0 0 0 0 0 0 0 0 0 0 0 100 0 0 0 0 35 0 0 0 0 0 0 0 13 0 0 0 0 0 0 0 69 0 0 0 0 0 0 0 95 0 0 0 0 0 0 0 0 0 0 0 0 0 38 50 0 0 0 0 0 0 0 
43 0 0 0 0 0 0 0 0 0 0 0 0 0 0 0 44 0 0 0 0 0 0 77 0 0 0 0 0 0 0 0 0 0 99 0 0 0 0 0 0 0 0 0 0 0 0 0 0 0 0 0 21 0 0 0 0 0 0 0 0 0 0 98 73 0 97 0 0 0 95 0 0 0 0 11 0 0 0 0 0 0 12 0 0 45 0 0 0 0 0 0 0 0 30 0 0 0 0 0 
0 0 0 0 32 0 0 0 92 0 0 0 0 0 0 0 0 0 0 0 0 0 0 0 0 0 0 0 0 1 35 73 0 0 0 0 0 0 0 0 46 0 0 0 0 0 0 99 0 0 0 0 0 0 0 2 0 0 0 0 0 0 0 0 0 0 0 0 0 0 0 0 0 0 0 0 58 0 71 0 0 0 0 0 0 0 0 22 54 0 0 0 0 25 0 0 0 0 0 0 
0 0 0 0 0 0 0 0 54 0 0 0 0 0 0 0 0 0 0 0 0 0 0 10 0 0 0 98 0 0 0 0 0 0 0 0 0 0 0 74 0 0 0 50 0 83 0 0 0 0 0 0 0 0 0 0 0 0 0 74 0 23 0 0 0 0 0 22 0 0 0 11 0 0 0 0 0 0 0 3 0 0 0 0 10 0 57 0 66 0 15 0 0 0 0 0 0 0 0 0 
99 0 0 0 0 0 0 88 0 50 3 0 0 0 0 0 0 0 0 0 0 0 0 0 0 0 25 0 0 0 0 0 0 7 0 0 0 0 31 0 0 0 0 0 0 0 0 0 6 0 90 0 0 19 0 0 0 0 0 0 32 0 67 0 0 0 0 0 0 0 0 0 0 0 22 0 0 0 0 0 0 0 0 0 0 0 0 7 8 0 0 0 0 0 0 0 0 0 0 0 
0 0 0 0 0 0 0 0 0 0 18 0 0 0 0 0 0 0 0 0 0 0 0 0 0 0 40 0 0 0 0 0 0 0 0 0 0 0 0 0 0 0 0 23 0 0 0 0 0 0 0 0 0 0 0 0 98 0 0 0 0 0 0 0 0 0 0 0 68 0 0 19 0 91 0 12 0 0 0 0 0 5 81 0 0 0 0 0 0 0 0 0 0 0 66 0 0 0 0 0 
0 0 0 0 0 0 0 0 0 53 82 44 0 0 0 0 0 0 0 0 0 0 0 0 0 0 0 0 0 0 0 0 0 0 0 0 0 0 0 0 0 0 0 0 0 81 22 0 0 0 0 0 0 0 0 64 18 0 0 0 0 0 0 0 0 96 0 88 0 0 0 30 0 0 0 0 0 0 0 0 0 48 0 0 0 0 0 0 0 0 0 0 0 0 0 79 0 0 0 0 
0 0 0 0 52 0 0 29 0 0 0 0 0 0 0 0 0 0 0 0 0 24 0 25 0 0 0 0 0 0 0 0 68 0 0 0 0 0 40 0 0 0 0 0 0 0 0 0 0 0 0 68 0 0 83 57 0 0 0 0 0 0 56 0 50 0 0 0 0 0 0 0 0 0 0 79 0 0 39 0 0 0 0 0 32 0 0 0 0 0 0 0 0 0 44 0 0 0 0 0 
0 0 0 72 0 0 0 0 0 0 0 0 0 0 0 0 0 0 0 92 0 0 0 0 0 53 0 0 0 0 0 0 0 0 0 0 0 0 0 0 0 0 0 0 0 0 0 0 0 0 0 0 0 0 0 0 91 0 0 0 0 0 0 0 0 0 7 0 0 0 0 0 0 0 0 0 0 0 0 0 0 18 0 0 0 0 20 0 0 0 0 0 0 0 0 0 0 42 0 0 
0 0 0 0 0 0 0 0 0 0 0 0 0 0 0 0 0 0 92 0 0 56 0 0 0 0 76 0 0 0 0 0 0 0 0 0 0 0 0 0 0 0 31 0 0 0 0 0 0 0 0 0 0 0 98 0 0 0 0 0 0 0 0 0 0 0 0 0 0 0 0 0 14 0 0 0 0 0 0 0 0 0 0 0 0 0 0 0 0 0 0 0 0 0 0 0 0 0 0 0 
0 0 67 0 87 0 0 0 0 6 0 0 0 0 0 0 0 0 0 0 0 0 80 0 0 0 0 0 0 19 0 0 0 0 0 38 0 0 0 0 0 0 26 0 0 0 0 0 0 0 0 5 0 56 0 0 0 0 93 0 0 0 0 0 0 0 0 0 4 48 0 0 0 0 0 0 0 0 73 0 0 0 0 0 0 0 0 0 0 69 0 19 0 0 0 0 0 0 0 0 
0 0 0 25 0 0 0 0 11 0 0 0 0 0 0 0 0 24 0 56 0 0 0 0 0 13 0 0 0 0 0 0 0 0 0 0 0 0 70 0 0 0 0 0 0 0 0 0 0 0 0 20 24 0 0 0 0 0 0 10 49 0 0 0 0 0 0 0 0 0 0 69 0 0 0 0 0 23 0 0 0 0 0 0 0 0 0 0 0 0 0 0 0 0 0 0 0 0 0 0 
57 0 0 0 0 62 0 83 0 0 0 0 0 0 0 0 0 0 0 0 80 0 0 0 0 0 0 39 0 0 0 0 0 0 0 12 15 0 0 0 0 0 57 0 0 0 0 0 0 0 0 0 0 0 96 0 0 0 0 0 0 0 0 0 0 57 0 0 0 8 0 0 0 0 0 0 0 0 0 0 0 0 0 0 0 71 0 0 0 0 0 96 0 8 0 0 0 0 0 32 
0 1 47 0 0 78 0 92 0 51 0 77 0 10 0 0 0 25 0 0 0 0 0 0 0 0 0 0 0 0 0 59 0 0 0 0 0 0 0 0 0 0 0 73 0 0 0 0 0 0 66 0 0 0 0 0 4 0 0 0 0 0 0 0 0 0 0 0 0 100 0 0 0 0 0 0 0 0 0 0 0 89 0 0 31 0 0 0 0 0 0 0 0 0 0 0 0 0 0 0 
0 0 0 0 0 0 0 0 0 0 0 0 0 0 0 0 0 0 0 0 0 0 0 0 0 0 0 0 49 0 0 0 0 0 0 0 0 0 0 32 0 19 0 0 0 0 45 0 0 0 0 0 0 0 0 0 0 0 0 0 0 0 0 0 0 0 0 0 0 0 0 0 88 0 0 0 0 0 0 0 0 0 77 0 0 70 0 0 0 0 0 0 0 89 0 0 0 0 0 0 
0 0 0 0 0 13 0 0 29 0 0 0 0 0 0 0 0 0 53 0 0 13 0 0 0 0 0 0 0 0 0 85 0 0 27 0 0 0 0 0 0 0 24 0 0 0 0 0 0 53 0 62 0 84 0 0 0 10 0 0 0 0 0 0 27 0 0 0 0 0 0 0 0 0 0 0 0 0 0 0 0 0 0 0 0 0 0 0 0 7 0 0 0 0 72 0 0 0 0 74 
0 0 0 0 0 0 0 0 0 0 0 0 0 0 25 40 0 0 0 76 0 0 0 0 0 0 0 0 0 0 0 24 0 0 0 0 0 0 69 32 0 0 0 0 0 0 0 0 0 0 0 0 0 0 0 0 0 0 0 0 0 0 0 97 0 0 0 0 0 0 0 0 0 0 0 0 0 0 0 0 0 0 0 0 0 0 0 0 0 0 93 30 89 0 21 0 0 0 57 0 
0 84 0 0 0 0 0 0 48 0 0 0 0 98 0 0 0 0 0 0 0 0 39 0 0 0 0 0 0 0 78 0 0 0 0 0 0 0 0 0 0 0 0 0 0 0 0 99 0 0 0 0 0 0 85 0 0 0 92 0 0 0 0 0 0 0 0 0 0 0 0 0 69 91 58 61 0 0 0 0 0 0 0 0 99 0 0 0 0 0 0 0 38 0 0 12 0 0 0 0 
0 0 0 0 89 0 0 0 0 0 83 0 0 0 0 0 0 0 0 0 0 0 0 0 49 0 0 0 0 0 0 0 54 0 0 0 0 0 0 0 0 0 0 0 0 0 0 0 48 0 95 86 0 0 0 0 0 0 0 0 82 0 0 0 52 0 0 0 0 0 0 0 0 68 0 0 0 21 66 0 0 0 91 0 99 0 0 0 48 0 0 0 0 0 0 0 0 0 0 0 
0 0 0 0 0 0 0 0 0 0 0 0 1 0 0 0 0 0 0 0 19 0 0 0 0 0 0 0 0 0 0 0 0 0 0 0 0 0 0 0 0 0 54 0 0 0 0 0 0 0 0 0 0 0 0 0 0 51 0 0 0 0 0 0 0 0 0 0 18 0 0 0 0 34 0 0 0 0 0 0 0 72 0 36 93 0 0 8 0 0 0 0 0 0 0 0 0 85 0 0 
0 0 0 0 81 0 0 91 0 0 0 0 35 0 0 0 0 0 0 0 0 0 0 0 0 0 0 78 0 0 0 0 0 0 0 0 86 0 0 36 0 5 0 0 0 0 0 76 0 0 1 0 0 0 0 0 37 0 0 0 0 0 0 0 0 0 0 0 0 0 0 0 27 0 0 0 0 0 0 91 0 0 0 0 0 0 0 0 0 0 0 0 0 0 0 0 6 0 0 0 
0 0 0 0 0 0 0 25 0 0 0 0 73 0 0 0 0 0 0 0 0 0 0 59 0 85 24 0 0 0 0 0 96 0 0 0 0 0 0 0 0 0 25 0 89 0 0 0 0 0 0 94 0 0 0 0 0 0 0 0 0 0 64 2 0 0 0 58 0 0 0 0 0 0 0 0 0 0 0 0 0 0 0 0 0 0 0 0 78 0 0 0 0 0 0 0 0 0 0 0 
0 0 0 83 0 0 0 0 0 0 0 0 0 0 0 0 0 68 0 0 0 0 0 0 0 0 0 0 54 0 0 96 0 0 0 3 0 0 0 0 0 0 0 0 0 0 0 15 0 0 0 0 0 0 0 0 0 0 0 80 0 0 0 0 0 0 0 0 0 0 0 0 0 0 16 0 0 0 0 0 0 0 0 0 0 0 0 0 5 0 5 0 0 0 0 0 57 0 0 0 
0 0 72 0 86 0 0 0 0 0 0 0 0 0 7 0 0 0 0 0 0 0 0 0 0 0 0 0 0 0 0 0 0 0 0 0 0 0 0 0 0 0 61 32 96 51 0 0 0 73 0 0 0 0 0 0 23 0 41 0 0 18 0 0 58 0 0 0 0 0 0 0 0 0 0 0 0 0 0 0 0 89 0 0 0 0 0 0 0 0 0 0 0 0 0 0 0 0 97 0 
0 0 0 0 0 0 0 73 93 0 0 99 0 0 0 0 0 0 0 0 0 0 0 0 0 27 0 0 0 0 0 0 0 0 0 43 0 0 0 0 0 0 0 16 0 0 0 0 0 0 0 53 0 0 0 0 0 0 0 0 0 0 0 0 0 0 0 6 0 0 0 7 0 0 0 0 0 0 0 0 0 0 0 91 0 0 0 0 0 0 0 0 0 0 0 0 0 0 0 0 
0 0 0 0 0 0 0 0 0 0 0 0 0 0 0 0 0 0 0 0 38 0 12 0 0 0 0 0 0 0 0 0 3 0 43 0 65 0 0 0 0 0 62 0 0 0 0 0 0 0 0 0 66 0 75 83 0 0 0 0 0 23 40 0 0 0 0 0 0 0 0 0 0 0 0 0 0 33 0 62 0 0 0 78 0 0 0 0 0 0 0 0 0 0 0 0 0 0 0 39 
0 0 0 0 0 0 0 0 0 0 0 0 0 0 0 0 0 0 0 0 0 0 15 0 0 0 0 0 0 0 86 0 0 0 0 65 0 0 0 0 0 0 0 0 0 67 0 0 0 19 0 0 0 0 0 0 0 0 19 0 0 0 0 0 0 80 0 0 0 0 0 0 0 0 0 0 0 0 0 56 16 0 0 0 0 0 0 0 3 0 4 0 0 0 0 9 0 0 0 0 
0 46 0 0 0 0 0 26 0 93 0 0 0 0 0 0 0 0 0 0 0 0 0 0 0 0 0 0 0 0 0 0 0 0 0 0 0 0 0 0 0 0 0 0 0 0 0 74 0 37 0 0 0 0 16 0 94 12 0 0 0 0 0 0 38 83 0 0 93 0 0 0 0 0 0 0 0 0 22 0 0 71 0 0 11 0 0 0 0 0 0 0 0 0 0 0 56 0 0 0 
0 0 0 0 0 0 97 0 0 0 0 0 0 0 31 0 0 40 0 0 0 70 0 0 0 0 69 0 0 0 0 0 0 0 0 0 0 0 0 0 0 0 0 0 76 0 0 34 0 0 0 0 0 0 0 0 0 0 0 0 0 0 0 67 24 0 0 0 89 0 0 0 56 0 2 0 0 0 64 0 0 0 0 0 0 0 0 0 0 29 0 0 54 0 0 0 0 0 0 0 
52 0 0 0 0 0 0 0 0 0 0 0 0 74 0 0 0 0 0 0 0 0 0 0 32 0 32 0 0 0 36 0 0 0 0 0 0 0 0 0 0 0 0 0 94 0 0 0 0 0 0 0 0 0 0 0 0 0 0 0 92 0 0 0 48 0 0 0 0 0 82 0 0 0 0 0 0 0 0 0 0 0 0 85 0 0 0 46 32 0 31 26 0 0 0 0 35 0 0 0 
0 0 0 0 0 0 0 0 0 0 0 0 46 0 0 0 0 0 0 0 0 0 0 0 0 0 0 0 0 0 0 0 0 0 0 0 0 0 0 0 0 0 0 18 0 0 0 0 0 0 0 0 0 0 0 0 0 0 0 0 0 0 0 0 0 0 0 66 0 0 0 0 73 0 60 76 0 42 0 0 30 0 34 0 0 38 0 0 0 0 0 0 0 16 72 0 0 0 0 0 
33 0 0 0 0 0 0 0 0 0 0 0 0 0 0 0 0 0 0 0 0 0 0 0 19 0 0 0 0 0 5 0 0 0 0 0 0 0 0 0 0 0 80 0 39 0 0 0 0 0 0 0 0 0 0 0 0 23 0 0 0 0 0 0 0 0 0 0 0 0 37 0 0 40 0 0 0 0 0 0 61 0 0 61 1 0 0 0 0 0 0 0 0 0 0 5 0 0 0 0 
0 0 0 0 0 0 0 0 0 40 0 0 0 0 0 0 0 0 0 31 26 0 57 0 0 24 0 0 0 54 0 25 0 61 0 62 0 0 0 0 0 80 0 0 0 0 0 0 0 0 0 0 0 0 0 0 0 0 0 75 0 0 0 0 0 0 0 0 0 0 0 0 0 0 0 0 0 0 0 0 70 0 0 0 0 0 0 0 0 0 0 0 0 0 0 78 0 40 0 0 
0 0 0 0 0 0 0 0 0 32 0 0 0 50 0 23 0 0 0 0 0 0 0 73 0 0 0 0 0 0 0 0 0 32 16 0 0 0 0 0 18 0 0 0 65 0 0 0 93 0 37 0 0 0 0 0 0 0 0 0 0 0 0 0 0 9 0 0 0 0 0 0 0 0 0 0 0 0 0 0 0 0 0 0 17 87 0 0 0 0 0 0 95 0 0 0 61 0 0 0 
0 0 0 0 0 0 26 0 0 0 0 0 0 0 0 0 0 0 0 0 0 0 0 0 0 0 0 0 0 0 0 89 0 96 0 0 0 0 76 94 0 39 0 65 0 0 0 0 0 0 97 0 0 0 0 0 0 0 0 0 0 0 0 0 0 0 29 0 0 0 0 7 0 66 0 0 0 0 0 0 0 0 0 0 0 0 0 0 0 0 0 0 0 58 0 0 0 0 0 0 
0 0 0 51 0 0 0 0 0 0 0 0 0 83 0 0 81 0 0 0 0 0 0 0 0 0 0 0 0 0 0 0 0 51 0 0 67 0 0 0 0 0 0 0 0 0 0 0 0 0 0 9 0 65 45 0 0 0 77 0 24 0 0 0 0 0 0 0 0 0 0 0 66 86 0 0 0 0 0 0 0 76 0 0 0 0 0 0 0 0 0 0 0 0 0 0 96 0 0 0 
0 0 0 0 0 0 0 0 0 0 0 0 0 0 0 0 22 0 0 0 0 0 0 0 45 0 0 0 0 0 0 0 0 0 0 0 0 0 0 0 0 0 0 0 0 0 0 0 0 0 0 0 14 0 0 0 83 0 0 89 0 0 0 0 0 0 0 0 0 21 0 0 0 0 57 0 0 0 0 0 90 33 0 0 0 0 0 0 0 0 0 0 10 0 0 0 0 0 0 0 
0 0 0 0 0 14 65 0 0 0 0 0 99 0 0 0 0 0 0 0 0 0 0 0 0 0 0 99 0 0 76 0 15 0 0 0 0 74 34 0 0 0 0 0 0 0 0 0 0 0 0 0 0 0 0 0 0 0 0 0 0 0 0 0 0 0 0 0 0 0 0 0 0 0 0 73 0 0 0 0 84 0 0 0 0 0 12 45 0 0 0 22 0 0 0 0 0 36 6 0 
0 0 0 0 54 0 0 0 0 0 100 0 0 0 6 0 0 0 0 0 0 0 0 0 0 0 0 0 48 0 0 0 0 0 0 0 0 0 0 0 0 0 0 93 0 0 0 0 0 0 0 0 61 0 0 0 0 12 0 78 41 0 0 0 0 0 1 0 0 66 38 0 0 0 0 54 0 0 0 0 28 0 0 0 0 0 0 0 0 0 0 0 0 0 0 0 0 0 85 0 
0 0 0 0 0 0 0 0 0 69 0 0 0 0 0 0 0 0 0 0 0 0 0 0 0 53 0 0 0 0 0 0 0 73 0 0 19 37 0 0 0 0 0 0 0 0 0 0 0 0 0 0 27 0 81 0 0 0 0 0 0 0 0 0 0 9 0 0 0 65 0 0 0 0 0 0 3 0 0 23 0 0 0 0 0 0 0 68 0 12 0 0 0 0 0 0 3 0 0 31 
0 0 0 0 0 0 0 0 0 0 0 0 0 0 90 0 0 0 0 0 0 0 0 66 0 0 0 0 95 0 1 0 0 0 0 0 0 0 0 0 0 0 0 37 97 0 0 0 0 0 0 0 0 0 0 50 0 0 0 0 0 0 77 0 0 0 0 0 0 0 29 0 0 0 0 0 46 0 75 0 0 78 51 0 0 0 12 0 0 0 0 0 36 0 0 0 0 0 0 0 
0 0 0 0 0 24 0 0 0 0 0 0 0 0 0 0 0 68 0 0 5 20 0 0 0 62 0 0 86 0 0 94 0 0 53 0 0 0 0 0 0 0 0 0 0 9 0 0 0 0 0 0 0 0 0 30 0 0 0 0 0 0 0 0 0 0 0 0 0 0 0 0 0 0 0 0 0 0 68 0 0 0 0 0 0 0 0 0 0 80 0 0 0 0 0 11 80 0 0 0 
0 0 0 81 0 0 0 0 0 0 0 21 0 0 0 0 0 0 0 0 0 24 0 0 0 0 0 0 0 0 0 0 0 0 0 66 0 0 0 0 0 0 0 0 0 0 14 0 61 27 0 0 0 0 0 19 0 0 0 0 0 0 0 0 92 0 0 0 14 0 69 88 0 0 0 0 0 0 0 0 0 28 0 0 0 36 0 0 0 0 93 0 0 0 0 0 0 0 0 0 
0 0 82 0 0 0 89 0 0 0 35 0 0 0 19 0 0 0 0 0 56 0 0 0 0 84 0 0 0 0 0 0 0 0 0 0 0 0 0 0 0 0 0 0 0 65 0 0 0 0 0 0 0 0 0 0 0 0 0 0 0 44 0 0 0 0 0 0 0 0 0 0 0 0 0 0 0 0 0 0 70 0 0 62 0 0 0 0 0 0 0 0 48 0 0 0 0 0 0 0 
0 0 84 0 19 0 0 0 0 0 0 0 0 0 0 0 0 83 0 98 0 0 96 0 0 0 0 85 0 0 0 0 0 0 0 75 0 16 0 0 0 0 0 0 0 45 0 0 0 81 0 0 0 0 0 0 0 0 0 0 0 0 0 0 0 0 0 0 0 0 0 0 0 0 54 0 0 0 0 0 0 0 0 0 0 0 0 0 0 0 0 40 0 0 0 0 69 35 79 0 
24 0 0 0 0 41 0 0 0 0 0 0 2 0 0 0 64 57 0 0 0 0 0 0 0 0 0 0 0 0 0 0 0 0 0 83 0 0 0 0 0 0 0 0 0 0 0 0 0 0 50 30 19 0 0 0 0 0 0 0 65 0 0 0 64 57 0 0 20 0 0 0 0 0 0 0 0 0 0 0 0 0 69 0 0 0 0 0 49 0 0 0 0 0 0 0 0 0 0 0 
0 0 55 0 0 0 0 0 0 0 0 0 0 0 0 98 18 0 91 0 0 0 0 4 0 0 0 0 0 0 37 0 0 23 0 0 0 94 0 0 0 0 0 0 0 0 83 0 0 0 0 0 0 0 0 0 0 0 0 0 0 0 0 58 0 0 47 0 0 0 0 0 0 0 0 0 0 0 54 0 0 0 0 84 89 0 0 0 0 0 0 0 0 0 29 0 0 0 0 0 
0 0 0 0 0 0 10 0 0 20 0 0 0 0 0 0 0 0 0 0 0 0 0 0 0 10 0 0 0 51 0 0 0 0 0 0 0 12 0 0 0 23 0 0 0 0 0 0 12 0 0 0 0 0 0 0 0 0 20 0 0 0 0 0 0 0 77 0 0 0 38 0 7 0 0 0 0 31 0 0 0 0 0 0 0 0 0 0 0 74 0 0 67 9 0 0 0 0 0 0 
73 0 0 0 85 0 4 0 0 0 0 0 0 0 0 0 0 0 0 0 93 0 0 0 0 0 0 92 0 0 0 0 0 41 0 0 19 0 0 0 0 0 0 0 0 77 0 0 0 0 0 0 0 0 0 0 0 20 0 0 0 0 14 0 0 0 0 0 0 0 0 0 27 0 0 0 0 0 0 0 0 0 0 0 0 0 0 67 0 0 45 0 100 0 0 0 52 0 0 0 
0 35 0 0 0 0 78 0 0 0 0 0 0 74 0 0 0 0 0 0 0 10 0 0 0 0 0 0 0 0 0 0 80 0 0 0 0 0 0 0 0 0 75 0 0 0 89 0 78 0 0 0 0 0 0 0 0 0 0 0 3 26 0 0 65 0 0 0 0 93 0 0 0 0 0 0 0 0 0 0 0 0 0 0 0 0 2 0 0 0 0 0 0 0 0 17 44 0 0 0 
31 30 0 0 86 0 0 0 0 0 0 0 0 0 32 0 0 0 0 0 0 49 0 0 0 0 0 0 82 0 0 0 0 0 0 0 0 0 0 92 0 0 0 0 0 24 0 0 41 0 0 0 0 0 0 65 0 0 0 3 0 0 0 0 0 0 45 77 0 0 88 0 58 0 0 0 0 0 0 0 0 0 0 0 0 0 0 0 0 0 0 0 0 0 0 0 0 0 0 0 
0 0 0 0 0 0 28 0 0 24 13 0 0 23 0 0 0 0 0 0 0 0 0 0 0 0 0 0 0 0 0 0 0 18 0 23 0 0 0 0 0 0 0 0 0 0 0 0 0 0 0 0 0 44 0 0 0 0 0 26 0 0 0 0 0 0 0 0 0 0 0 0 0 16 0 0 0 0 0 0 0 0 0 0 0 0 0 0 0 0 0 0 0 0 0 0 0 0 23 4 
80 0 0 0 0 0 0 92 50 0 0 0 0 0 67 0 0 56 0 0 0 0 0 0 0 0 0 0 0 0 0 64 0 0 0 40 0 0 0 0 0 0 0 0 0 0 0 0 0 0 77 0 0 0 0 0 0 0 14 0 0 0 0 0 0 0 0 0 0 0 0 0 65 0 0 24 0 0 39 0 0 0 44 0 0 0 0 0 98 0 0 0 0 0 0 0 0 0 64 0 
0 43 6 0 0 0 0 0 0 0 0 98 0 0 0 0 0 0 0 0 0 0 0 0 0 0 97 0 0 0 0 2 0 0 0 0 0 0 67 0 0 0 0 0 0 0 0 0 0 0 0 0 0 0 0 0 58 0 0 0 0 0 0 0 0 0 0 0 0 0 0 0 0 0 0 0 0 0 0 0 0 0 0 0 0 0 54 0 0 0 0 0 2 4 0 0 0 7 0 0 
0 0 79 0 0 0 0 0 0 0 0 73 0 0 0 0 0 50 0 0 0 0 0 0 0 27 0 0 52 0 0 0 0 58 0 0 0 38 24 48 0 0 0 0 0 0 0 0 0 0 0 0 92 0 0 64 0 0 0 65 0 0 0 0 0 0 0 0 0 0 0 0 0 0 0 0 0 0 0 52 0 0 0 0 0 0 0 0 0 0 84 0 0 0 0 0 0 75 0 0 
0 38 0 0 0 0 10 20 0 81 0 0 0 0 0 0 96 0 0 0 0 0 57 0 0 0 0 0 0 0 0 0 0 0 0 0 80 83 0 0 0 0 0 9 0 0 0 0 0 9 0 0 0 0 0 57 0 0 0 0 0 0 0 0 0 0 0 0 0 0 0 0 0 0 0 44 0 0 0 0 0 0 0 14 0 0 0 79 0 31 0 0 0 0 0 0 0 0 0 0 
0 0 0 0 0 6 0 0 0 0 0 97 0 0 0 0 0 0 7 0 0 0 0 0 0 0 0 0 0 0 0 0 0 0 0 0 0 0 0 0 0 0 0 0 29 0 0 0 1 0 0 0 0 0 0 0 47 77 0 0 45 0 0 0 0 0 0 51 0 92 39 0 0 0 94 0 0 0 29 0 0 0 0 0 0 0 0 0 0 0 0 0 0 0 0 0 0 0 0 0 
0 0 0 41 0 69 0 4 0 0 0 0 0 22 0 0 88 0 0 0 0 0 0 0 0 0 0 0 0 0 0 58 0 0 6 0 0 0 0 0 66 0 0 0 0 0 0 0 0 0 0 0 0 0 0 0 0 0 0 0 77 0 0 0 0 0 51 0 0 0 0 0 0 0 0 0 34 0 0 66 0 0 0 0 0 0 0 0 26 0 0 0 0 0 0 0 0 0 0 0 
52 0 0 0 0 53 0 0 49 0 0 0 0 0 0 68 0 0 0 0 4 0 0 0 0 0 0 0 0 18 0 0 0 0 0 0 0 93 89 0 0 0 0 0 0 0 0 0 0 0 0 0 14 0 0 20 0 0 0 0 0 0 0 0 0 0 0 0 0 0 0 0 0 0 0 0 0 0 54 8 0 0 22 0 0 0 0 78 0 0 0 53 0 0 0 0 0 0 0 0 
0 0 0 0 0 0 0 63 0 0 69 0 0 0 0 0 0 0 0 0 48 0 8 100 0 0 0 0 0 0 0 0 0 0 0 0 0 0 0 0 0 0 0 0 0 0 21 0 66 65 0 0 0 0 0 0 0 0 0 93 0 0 0 0 0 0 92 0 0 0 0 86 0 0 0 0 0 0 0 0 0 0 0 0 0 0 0 0 15 0 2 0 0 0 0 0 0 0 0 0 
0 89 0 0 0 60 96 0 0 0 0 95 0 0 0 0 0 0 0 0 0 0 0 0 0 0 0 0 0 0 0 0 0 0 0 0 0 0 0 82 0 37 0 0 0 0 0 0 38 0 29 0 69 0 0 0 0 38 0 0 88 0 0 0 0 0 39 0 0 0 0 0 0 0 0 0 0 0 0 0 0 0 21 80 0 0 0 0 0 0 0 0 0 0 0 0 0 0 100 0 
0 0 0 0 0 0 0 0 0 0 0 0 0 11 0 19 30 0 0 0 0 69 0 0 0 0 0 0 0 0 0 0 0 0 7 0 0 0 0 0 0 0 0 0 7 0 0 0 0 0 0 0 88 0 0 0 0 0 0 0 0 0 0 0 0 0 0 0 0 86 0 0 0 0 0 0 0 0 0 0 0 90 26 0 0 0 0 0 0 0 0 0 0 0 0 0 0 0 0 0 
0 0 0 0 0 0 0 0 0 0 0 0 0 0 0 0 0 0 0 14 0 0 0 0 88 0 0 69 0 0 27 0 0 0 0 0 0 0 56 0 73 0 0 0 0 66 0 0 0 0 0 0 0 0 0 0 0 7 27 0 58 0 65 0 0 0 0 0 0 0 0 0 0 0 0 0 0 0 0 0 0 0 66 0 14 0 74 0 0 0 0 0 0 0 23 0 0 0 0 0 
0 0 0 0 0 0 0 0 0 0 0 0 0 0 0 91 0 0 0 0 0 0 0 0 0 0 0 91 68 34 0 0 0 0 0 0 0 0 0 0 0 40 0 0 66 86 0 0 0 0 0 0 0 0 0 0 0 0 0 0 0 16 0 0 0 0 0 0 0 0 0 0 0 0 0 0 0 0 0 9 32 0 87 0 0 0 0 0 0 0 50 0 25 0 58 0 0 0 0 0 
0 0 0 0 0 0 0 0 0 0 0 0 0 0 22 0 0 0 0 0 0 0 0 0 0 0 0 58 0 0 0 0 16 0 0 0 0 0 2 0 60 0 0 0 0 0 57 0 0 0 0 0 0 0 54 0 0 0 0 0 0 0 0 0 0 0 94 0 0 0 0 0 0 0 0 0 0 0 0 0 0 0 0 0 0 32 0 0 0 67 0 0 0 0 0 0 0 34 54 0 
0 63 0 0 0 0 0 0 0 0 0 11 0 0 0 12 0 79 0 0 0 0 0 0 0 0 0 61 0 0 0 0 0 0 0 0 0 0 0 0 76 0 0 0 0 0 0 73 54 0 0 0 0 0 0 0 0 0 0 0 0 0 24 0 0 44 0 0 0 0 0 0 0 0 0 0 98 0 0 0 0 0 0 98 0 0 0 0 0 0 0 0 0 0 0 60 0 0 0 0 
25 0 0 44 0 0 0 45 0 0 0 0 58 0 0 0 0 0 0 0 0 0 0 0 0 0 0 0 0 0 0 0 0 0 0 0 0 0 0 0 0 0 0 0 0 0 0 0 0 3 46 0 0 0 0 0 0 0 0 0 0 0 0 0 0 0 0 34 0 0 0 0 0 0 0 98 0 0 0 0 0 0 0 0 0 0 0 10 0 96 0 0 0 0 0 0 0 0 0 0 
0 0 0 0 0 62 0 0 0 65 95 0 0 0 0 0 0 0 0 0 0 23 0 0 0 0 0 0 21 0 0 0 0 0 0 33 0 0 0 0 42 0 0 0 0 0 0 0 0 0 0 0 0 0 0 0 0 31 0 0 0 0 0 0 0 0 0 0 0 0 0 0 0 0 0 0 0 0 0 84 0 0 0 0 0 17 0 0 0 0 0 0 60 0 16 0 0 0 0 0 
0 0 0 0 0 0 0 0 0 0 0 0 71 0 0 0 0 39 0 0 73 0 0 0 0 0 0 0 66 0 0 0 0 0 0 0 0 22 64 0 0 0 0 0 0 0 0 0 0 0 75 68 0 0 0 0 54 0 0 0 0 0 39 0 0 0 29 0 54 0 0 0 0 0 0 0 0 0 0 0 20 0 0 92 0 39 0 0 0 0 0 0 0 0 0 0 0 0 0 0 
0 0 0 0 0 0 0 0 0 80 0 0 0 3 0 0 0 0 0 0 0 0 0 0 0 0 0 0 0 0 91 0 0 0 0 62 56 0 0 0 0 0 0 0 0 0 0 0 0 23 0 0 0 0 0 0 0 0 0 0 0 0 0 0 52 0 0 66 8 0 0 0 0 9 0 0 0 84 0 0 0 0 0 0 0 0 0 0 0 38 43 0 0 0 0 0 25 0 66 0 
0 0 0 0 0 99 0 0 0 0 0 0 0 0 0 0 0 0 0 0 0 0 0 0 0 0 0 0 0 0 0 0 0 0 0 0 16 0 0 0 30 61 70 0 0 0 90 84 28 0 0 0 0 70 0 0 0 0 0 0 0 0 0 0 0 0 0 0 0 0 0 0 0 32 0 0 0 0 20 0 0 0 0 0 0 0 0 0 0 0 0 59 0 10 36 0 0 0 0 0 
0 40 0 0 0 0 0 0 0 0 0 0 0 0 0 5 48 0 18 0 0 0 0 89 0 0 0 0 0 72 0 0 0 89 0 0 0 71 0 0 0 0 0 0 0 76 33 0 0 0 78 0 28 0 0 0 0 0 0 0 0 0 0 0 0 0 0 0 0 0 0 90 0 0 0 0 0 0 0 0 0 0 0 0 0 0 0 0 0 0 23 0 0 0 0 0 0 0 0 0 
68 0 0 0 0 0 0 0 0 0 0 12 0 0 0 81 0 0 0 0 0 0 0 0 77 0 0 0 91 0 0 0 0 0 0 0 0 0 0 0 34 0 0 0 0 0 0 0 0 0 51 0 0 0 0 69 0 0 0 0 0 0 44 0 0 0 0 0 22 0 21 26 66 87 0 0 0 0 0 0 0 0 0 0 0 0 0 0 0 0 0 0 0 0 0 0 0 53 0 0 
55 76 0 0 0 0 73 0 0 0 0 0 0 0 0 0 0 0 0 0 0 0 0 0 0 0 0 0 0 36 0 0 0 0 91 78 0 0 0 85 0 61 0 0 0 0 0 0 0 0 0 0 0 62 0 0 84 0 0 0 0 0 0 0 0 14 0 0 0 0 80 0 0 0 0 98 0 0 92 0 0 0 0 0 0 48 0 0 0 0 0 0 0 0 0 0 0 0 0 0 
0 0 0 73 0 1 0 0 30 0 0 0 0 10 0 0 0 32 0 0 0 0 0 31 0 0 0 99 99 93 0 0 0 0 0 0 0 11 0 0 0 1 0 17 0 0 0 0 0 0 0 0 0 0 0 0 89 0 0 0 0 0 0 0 0 0 0 0 0 0 0 0 14 0 0 0 0 0 0 0 0 0 0 0 0 0 0 0 0 0 0 40 0 0 0 0 0 0 0 0 
0 51 0 0 0 0 0 0 99 0 0 45 0 0 0 0 0 0 0 0 0 0 71 0 70 0 0 0 0 0 0 0 0 0 0 0 0 0 0 0 38 0 0 87 0 0 0 0 0 0 0 0 36 0 0 0 0 0 0 0 0 0 0 0 0 0 0 0 0 0 0 0 0 0 32 0 0 17 39 0 0 0 0 48 0 0 0 9 0 0 0 0 64 0 0 0 0 3 0 0 
0 0 0 0 0 0 61 0 0 0 0 0 0 57 0 0 0 0 20 0 0 0 0 0 0 0 0 0 0 0 0 0 0 0 0 0 0 0 0 0 0 0 0 0 0 0 0 12 0 0 12 0 0 0 0 0 0 0 0 2 0 0 0 54 0 0 0 0 0 0 0 0 74 0 0 0 0 0 0 0 0 0 0 0 0 0 0 0 0 0 0 0 0 0 0 0 0 0 0 44 
0 0 0 0 0 0 0 0 30 0 0 0 22 0 7 0 0 0 0 0 0 0 0 0 0 0 0 0 0 8 0 0 0 0 0 0 0 0 0 46 0 0 0 0 0 0 0 45 0 68 0 0 0 0 0 0 0 0 67 0 0 0 0 0 0 79 0 0 78 0 0 0 0 0 0 0 10 0 0 0 0 0 0 0 0 9 0 0 0 0 0 0 52 0 0 43 92 0 0 0 
0 78 0 0 0 0 0 0 0 11 0 0 54 66 8 0 0 0 0 0 0 0 0 0 0 0 0 0 48 0 0 78 5 0 0 0 3 0 0 32 0 0 0 0 0 0 0 0 0 0 0 0 0 0 0 49 0 0 0 0 0 0 98 0 0 0 0 26 0 15 0 0 0 0 0 0 0 0 0 0 0 0 0 0 0 0 0 0 0 0 0 0 0 0 0 0 0 67 0 0 
0 0 0 10 0 0 0 0 0 0 0 0 0 0 0 0 0 0 0 0 69 0 0 0 0 7 0 0 0 0 0 0 0 0 0 0 0 0 29 0 0 0 0 0 0 0 0 0 0 12 0 80 0 0 0 0 0 74 0 0 0 0 0 0 0 31 0 0 0 0 0 0 0 0 67 0 96 0 0 38 0 0 0 0 0 0 0 0 0 0 0 0 0 0 0 81 0 0 68 0 
0 0 0 0 0 0 16 0 0 0 0 0 0 15 0 0 0 0 0 0 0 0 0 0 0 0 93 0 0 0 0 0 5 0 0 0 4 0 0 31 0 0 0 0 0 0 0 0 0 0 0 0 93 0 0 0 0 0 45 0 0 0 0 0 84 0 0 0 0 2 0 0 0 50 0 0 0 0 0 43 0 23 0 0 0 0 0 0 0 0 0 0 0 0 0 6 0 0 0 84 
0 0 0 0 0 0 0 0 0 0 38 0 0 0 0 0 0 0 0 0 19 0 96 0 0 0 30 0 0 0 0 0 0 0 0 0 0 0 0 26 0 0 0 0 0 0 0 22 0 0 0 0 0 0 40 0 0 0 0 0 0 0 0 0 0 0 0 0 53 0 0 0 0 0 0 0 0 0 0 0 59 0 0 0 40 0 0 0 0 0 0 0 0 0 60 0 0 0 0 31 
0 0 0 0 0 0 0 0 0 0 50 0 0 0 0 0 0 0 0 0 0 0 0 0 0 0 89 38 0 0 0 0 0 0 0 0 0 0 54 0 0 0 0 95 0 0 10 0 0 0 36 0 0 48 0 0 0 67 100 0 0 0 0 2 0 0 0 0 0 0 0 0 0 25 0 0 0 60 0 0 0 0 0 0 0 64 0 52 0 0 0 0 0 0 0 0 0 0 0 0 
0 0 0 0 65 79 0 0 0 0 0 0 25 0 0 0 0 0 0 0 0 0 8 0 89 0 0 0 0 0 0 0 0 0 0 0 0 0 0 0 16 0 0 0 58 0 0 0 0 0 0 0 0 0 0 0 0 9 0 0 0 0 0 4 0 0 0 0 0 0 0 0 0 0 0 0 0 0 0 0 10 0 0 0 0 0 0 0 0 0 0 0 0 0 0 44 0 0 0 0 
0 0 15 60 0 0 0 0 0 0 0 30 0 0 0 66 0 44 0 0 0 0 0 0 0 72 21 0 0 0 0 0 0 0 0 0 0 0 0 0 72 0 0 0 0 0 0 0 0 0 0 0 0 0 0 0 29 0 0 0 0 0 0 0 0 0 0 0 0 0 0 0 23 58 0 0 0 16 0 0 36 0 0 0 0 0 0 0 0 0 0 60 0 0 0 0 0 0 0 0 
0 0 0 0 0 69 19 0 0 0 0 0 0 0 0 0 79 0 0 0 0 0 0 0 0 0 0 12 0 0 0 0 0 0 0 0 9 0 0 0 0 5 78 0 0 0 0 0 0 0 0 11 0 0 0 0 0 0 0 17 0 0 0 0 0 0 0 0 0 0 0 0 0 0 0 60 0 0 0 0 0 0 0 0 0 0 0 43 0 81 6 0 0 44 0 0 0 0 0 28 
0 0 0 0 0 0 0 0 0 0 0 0 0 0 0 0 0 0 0 0 0 0 0 0 0 0 0 0 0 0 6 0 57 0 0 0 0 56 0 35 0 0 0 61 0 96 0 0 0 3 0 80 0 0 69 0 0 0 52 44 0 0 0 0 0 0 0 0 0 0 0 0 0 0 0 0 0 0 0 25 0 0 0 0 0 0 0 92 0 0 0 0 0 0 0 0 0 16 0 26 
0 0 0 0 0 0 0 0 0 0 0 0 0 0 0 0 0 0 42 0 0 0 0 0 0 0 0 0 0 85 0 0 0 0 0 0 0 0 0 0 0 0 40 0 0 0 0 36 0 0 0 0 0 0 35 0 0 0 0 0 0 0 0 7 75 0 0 0 0 0 0 0 0 0 34 0 0 0 0 0 0 0 53 0 0 3 0 0 67 0 0 0 0 0 0 0 16 0 0 0 
50 0 0 0 82 0 0 0 0 0 0 0 0 0 0 0 0 0 0 0 0 0 0 0 0 0 57 0 0 0 0 0 0 97 0 0 0 0 0 0 0 0 0 0 0 0 0 6 85 0 0 0 0 0 79 0 0 0 0 0 0 23 64 0 0 0 0 0 0 0 100 0 0 0 54 0 0 0 0 66 0 0 0 0 0 0 0 0 0 68 0 0 0 0 0 0 0 0 0 0 
0 0 13 0 0 0 0 0 0 0 0 0 0 0 0 0 0 0 0 0 0 0 32 0 0 74 0 0 0 0 0 0 0 0 0 39 0 0 0 0 0 0 0 0 0 0 0 0 0 31 0 0 0 0 0 0 0 0 0 0 0 4 0 0 0 0 0 0 0 0 0 0 0 0 0 0 0 0 0 0 0 0 0 0 0 0 44 0 0 0 84 31 0 0 0 28 26 0 0 0 
