0 0 0 0 0 0 0 0 0 0 0 0 0 0 0 0 0 0 0 62 0 0 0 0 0 0 0 0 0 0 0 89 2 0 0 0 0 0 0 0 0 0 5 0 0 0 0 0 0 0 0 0 0 0 0 0 0 0 95 62 0 0 0 0 55 0 0 0 0 0 92 16 0 7 25 0 100 0 69 0 0 0 0 0 0 0 0 0 0 0 0 0 0 39 0 0 0 0 0 0 
0 0 0 0 0 0 0 0 0 0 0 0 0 0 0 0 0 66 0 0 0 91 0 0 0 0 0 0 0 0 0 0 0 0 0 0 0 0 0 0 0 0 0 0 0 0 0 0 84 0 0 0 0 83 49 0 65 0 0 0 0 0 0 0 0 0 0 0 0 0 0 0 0 0 0 0 0 0 0 0 0 0 0 0 0 0 0 0 0 0 0 0 0 0 0 0 0 0 0 0 
0 0 0 0 94 0 0 0 0 0 0 0 0 47 0 1 0 0 0 0 0 95 0 0 0 36 0 0 55 0 0 0 0 0 0 0 0 0 0 10 0 0 0 0 0 0 0 0 77 0 0 0 0 0 0 0 0 0 0 0 0 0 37 0 0 0 0 0 0 0 0 0 0 0 0 0 0 0 0 0 0 0 0 35 0 0 0 0 0 0 47 0 0 0 0 0 0 0 0 0 
0 0 0 0 0 0 0 0 0 0 0 0 0 0 0 0 0 0 0 0 0 0 0 0 0 0 58 0 42 0 0 0 0 0 0 0 0 0 0 0 0 0 0 0 0 0 0 97 0 64 0 0 0 0 0 0 72 0 0 0 0 0 0 0 0 0 0 0 0 0 0 0 0 0 0 0 0 0 0 0 0 0 0 0 0 0 0 0 0 0 0 0 0 0 19 0 56 0 0 27 
0 0 94 0 0 71 0 0 0 0 0 0 0 0 0 0 0 0 0 0 0 0 0 0 0 0 0 0 0 0 0 23 77 0 0 0 53 0 20 0 0 0 0 91 0 0 0 0 10 0 0 0 0 0 0 0 84 0 0 0 0 0 0 0 0 0 0 0 0 0 0 0 0 0 0 0 0 0 0 0 57 0 0 0 0 0 0 0 0 0 0 0 0 0 0 0 0 0 0 0 
0 0 0 0 71 0 0 0 0 54 0 0 0 0 0 19 0 0 0 0 0 0 0 0 0 0 0 0 0 0 0 46 0 0 0 0 0 0 0 0 0 0 0 0 0 0 0 0 0 0 0 0 0 0 0 11 0 0 0 0 0 0 0 0 0 0 0 0 0 0 0 0 0 0 0 0 0 0 0 0 0 37 0 59 0 0 0 53 0 0 0 0 0 0 0 0 0 0 0 0 
0 0 0 0 0 0 0 0 4 0 55 0 0 0 0 0 0 0 0 0 0 0 0 0 0 0 0 0 0 0 0 0 0 0 26 0 0 0 0 0 0 39 0 0 0 0 0 0 0 0 30 0 0 0 0 0 0 0 0 83 0 0 0 25 0 0 0 0 99 0 0 0 0 0 0 0 0 0 62 0 0 0 74 0 0 0 0 0 0 24 0 0 0 0 0 0 29 0 0 0 
0 0 0 0 0 0 0 0 0 0 0 0 0 10 0 0 0 77 0 0 0 0 0 88 0 0 0 0 0 0 61 0 0 0 0 0 12 0 45 13 0 0 0 0 0 0 0 0 0 0 0 0 0 0 0 0 0 0 0 0 0 0 0 0 0 0 0 0 0 0 0 0 0 0 0 0 0 0 0 0 0 0 0 0 0 0 0 0 0 0 0 0 0 0 13 0 0 0 0 0 
0 0 0 0 0 0 4 0 0 0 0 0 0 0 0 0 0 0 19 0 0 0 0 0 0 0 0 0 0 0 0 0 0 0 0 79 0 0 0 0 0 0 0 0 0 0 0 0 0 0 0 0 0 0 0 0 0 0 0 0 0 69 0 0 0 0 0 0 39 0 0 90 0 0 0 0 0 0 0 0 53 0 0 0 11 0 0 0 0 0 0 0 68 41 81 0 0 0 0 59 
0 0 0 0 0 54 0 0 0 0 0 4 0 0 40 0 0 0 0 0 0 0 0 0 0 0 0 0 0 30 0 0 0 63 0 0 0 0 0 0 0 0 0 0 0 29 24 0 0 0 0 0 0 0 0 0 0 0 0 0 0 0 0 0 26 46 0 2 0 0 0 0 0 0 0 0 36 0 0 0 30 0 0 0 0 0 0 0 0 0 0 0 0 0 0 0 0 0 0 24 
0 0 0 0 0 0 55 0 0 0 0 99 0 0 23 30 0 0 0 0 0 0 0 0 0 0 0 0 0 0 45 24 0 0 0 0 0 97 0 0 0 0 0 0 0 0 0 0 0 0 0 0 0 0 0 47 0 31 0 0 0 0 0 0 0 50 94 0 0 0 0 0 0 0 0 0 0 0 0 0 19 0 0 0 0 0 0 0 0 69 0 0 0 0 0 0 0 0 0 0 
0 0 0 0 0 0 0 0 0 4 99 0 0 0 0 43 0 0 0 0 0 55 0 0 0 0 0 0 0 0 0 0 0 0 55 0 0 0 0 65 0 0 0 0 0 0 0 0 0 0 0 0 0 0 0 0 0 0 0 0 0 0 0 0 0 28 0 0 0 0 0 0 0 18 0 0 0 0 0 0 0 83 0 0 0 0 0 0 0 100 0 0 0 0 0 0 0 0 0 0 
0 0 0 0 0 0 0 0 0 0 0 0 0 42 0 0 0 31 0 0 0 0 0 0 0 0 0 0 0 0 69 0 0 0 0 0 0 39 0 0 0 0 0 0 19 0 0 0 0 0 0 0 0 0 0 0 0 0 1 0 0 0 0 0 0 0 1 0 56 12 0 0 88 0 0 0 0 89 0 0 0 0 0 0 0 0 0 0 0 0 0 0 0 0 0 0 0 0 0 0 
0 0 47 0 0 0 0 10 0 0 0 0 42 0 0 0 0 0 0 0 0 0 0 0 0 0 56 0 0 0 0 0 0 0 0 0 0 0 0 28 0 0 0 0 0 0 0 0 0 0 0 0 0 0 0 0 0 0 0 0 0 0 0 0 0 0 49 0 0 0 0 0 0 0 0 0 0 45 0 0 0 0 0 23 0 0 0 0 0 0 0 0 0 0 0 0 0 0 67 23 
0 0 0 0 0 0 0 0 0 40 23 0 0 0 0 2 6 0 0 19 0 0 0 0 46 0 0 0 0 86 0 0 0 0 0 0 0 0 0 0 0 64 0 0 0 0 0 19 0 0 0 0 0 0 10 97 0 0 0 0 0 0 0 0 0 61 0 0 0 0 0 0 0 0 0 0 0 0 0 0 0 0 82 0 0 0 0 0 0 0 0 0 0 0 0 0 0 0 0 0 
0 0 1 0 0 19 0 0 0 0 30 43 0 0 2 0 5 0 0 0 0 0 0 1 0 0 0 0 0 0 0 0 0 0 0 0 8 0 0 44 0 0 0 0 0 0 0 0 0 0 0 0 0 0 0 0 6 0 0 0 0 0 0 0 0 0 0 0 0 0 44 0 0 0 0 0 0 0 0 0 0 56 0 0 0 0 0 0 0 0 53 0 96 0 79 0 0 0 0 0 
0 0 0 0 0 0 0 0 0 0 0 0 0 0 6 5 0 0 23 78 0 0 0 0 0 0 0 0 0 0 20 0 0 0 0 0 0 0 0 19 34 0 0 0 0 0 0 0 0 0 0 0 0 3 29 0 0 0 0 0 0 0 0 0 0 0 0 0 0 0 0 31 0 0 0 0 0 0 0 0 0 0 0 0 11 0 9 0 0 0 0 0 0 15 0 0 0 0 0 0 
0 66 0 0 0 0 0 77 0 0 0 0 31 0 0 0 0 0 0 0 0 0 0 0 69 0 0 0 0 0 0 0 0 0 0 0 95 0 0 0 40 0 0 0 0 0 0 0 0 0 0 0 0 0 0 22 0 0 0 46 0 0 0 0 0 0 92 58 0 0 0 0 0 0 0 62 0 0 0 0 0 0 0 0 0 0 0 0 0 0 0 0 0 0 0 0 0 0 0 0 
0 0 0 0 0 0 0 0 19 0 0 0 0 0 0 0 23 0 0 56 0 0 0 0 0 57 0 0 0 0 0 0 73 0 0 0 0 0 0 25 0 0 0 0 0 0 85 0 0 0 0 0 0 0 0 0 0 0 68 0 0 58 0 0 0 0 0 0 0 0 8 0 0 0 0 11 0 0 0 25 0 0 0 0 0 0 0 0 0 0 77 0 0 0 0 40 0 0 0 74 
62 0 0 0 0 0 0 0 0 0 0 0 0 0 19 0 78 0 56 0 0 0 0 0 20 51 0 31 0 0 0 0 0 0 0 17 0 0 0 0 0 0 0 0 0 0 0 0 0 0 0 0 0 0 0 0 0 0 0 0 0 0 0 0 0 0 0 82 0 96 6 0 11 0 0 0 0 0 0 0 0 0 0 0 0 0 49 0 32 0 0 0 0 11 0 0 0 0 0 0 
0 0 0 0 0 0 0 0 0 0 0 0 0 0 0 0 0 0 0 0 0 0 35 0 0 0 11 0 0 0 0 0 0 0 0 0 0 0 0 0 0 0 0 0 0 0 0 0 0 0 0 0 77 0 0 0 0 0 0 0 0 0 0 0 0 0 0 0 0 0 0 0 0 0 0 0 0 0 0 0 0 0 0 0 26 0 0 0 0 95 0 0 0 0 0 0 0 0 90 0 
0 91 95 0 0 0 0 0 0 0 0 55 0 0 0 0 0 0 0 0 0 0 0 0 0 0 0 0 0 29 0 0 0 0 1 0 0 0 29 0 0 59 0 0 0 0 5 0 17 0 0 61 0 0 0 0 0 0 0 0 0 6 0 0 0 0 0 0 0 0 0 0 99 0 51 37 0 0 0 0 0 0 0 0 0 79 0 0 0 0 0 0 0 0 0 0 0 0 0 0 
0 0 0 0 0 0 0 0 0 0 0 0 0 0 0 0 0 0 0 0 35 0 0 0 0 0 0 0 0 0 0 0 0 0 0 0 0 0 0 0 0 0 14 0 95 0 0 52 0 7 0 76 0 0 0 0 0 0 0 0 0 0 0 0 0 0 0 0 0 0 21 0 19 0 0 0 0 0 0 0 0 0 0 0 0 0 0 0 0 0 0 0 0 0 0 0 0 0 0 0 
0 0 0 0 0 0 0 88 0 0 0 0 0 0 0 1 0 0 0 0 0 0 0 0 0 0 0 36 0 0 0 0 0 0 0 0 0 0 0 0 0 0 0 0 0 0 0 0 0 0 0 0 0 0 0 0 0 0 0 0 0 0 91 0 0 0 0 0 0 0 0 0 0 0 0 0 76 0 0 0 0 0 76 0 0 0 0 0 0 0 0 0 0 0 0 0 0 0 0 0 
0 0 0 0 0 0 0 0 0 0 0 0 0 0 46 0 0 69 0 20 0 0 0 0 0 0 0 0 0 0 0 0 0 0 0 0 0 0 0 0 0 0 0 0 0 0 0 0 0 0 0 0 0 0 0 0 0 0 0 0 0 0 98 0 0 0 0 0 0 24 0 0 0 0 0 0 0 0 0 4 0 0 0 62 0 41 0 0 0 0 0 0 0 0 0 0 0 0 0 0 
0 0 36 0 0 0 0 0 0 0 0 0 0 0 0 0 0 0 57 51 0 0 0 0 0 0 0 0 0 0 0 0 0 13 0 0 0 0 0 0 0 0 63 0 0 0 0 14 0 0 0 0 0 0 0 0 35 0 0 0 0 0 0 0 0 0 0 83 0 94 0 0 0 91 0 0 0 0 0 0 0 0 0 0 0 0 0 0 0 0 0 0 0 97 0 0 0 0 0 0 
0 0 0 58 0 0 0 0 0 0 0 0 0 56 0 0 0 0 0 0 11 0 0 0 0 0 0 0 33 0 0 0 0 0 0 0 0 0 0 0 0 0 0 0 0 98 0 0 0 0 0 55 0 0 0 0 0 0 49 18 0 0 0 0 0 0 0 67 0 0 0 0 0 0 0 0 0 0 0 0 0 0 12 53 0 0 0 0 0 0 0 0 0 95 0 0 0 44 20 80 
0 0 0 0 0 0 0 0 0 0 0 0 0 0 0 0 0 0 0 31 0 0 0 36 0 0 0 0 0 0 0 0 0 0 0 0 0 0 0 0 0 0 0 0 0 0 0 0 0 0 0 44 0 0 0 0 0 35 0 0 0 0 0 0 0 0 0 0 0 0 17 0 0 0 0 0 0 0 0 0 0 0 0 0 0 0 0 76 0 0 0 0 0 0 0 0 0 0 0 0 
0 0 55 42 0 0 0 0 0 0 0 0 0 0 0 0 0 0 0 0 0 0 0 0 0 0 33 0 0 0 0 0 0 0 0 83 0 0 0 0 0 88 0 0 0 0 36 0 0 0 0 0 0 0 0 0 0 0 35 0 0 0 0 0 95 0 0 0 0 0 0 0 0 0 0 0 82 0 0 0 0 0 0 0 66 13 0 0 0 0 0 0 0 0 0 0 0 0 0 0 
0 0 0 0 0 0 0 0 0 30 0 0 0 0 86 0 0 0 0 0 0 29 0 0 0 0 0 0 0 0 0 0 0 0 9 0 0 0 0 0 0 0 0 0 0 0 0 0 0 0 0 0 0 0 0 0 0 0 34 0 0 48 0 0 0 0 0 0 0 0 0 0 0 0 0 12 0 0 0 0 0 0 0 0 0 0 0 0 0 0 0 0 0 0 0 0 0 0 0 0 
0 0 0 0 0 0 0 61 0 0 45 0 69 0 0 0 20 0 0 0 0 0 0 0 0 0 0 0 0 0 0 0 0 0 0 0 0 0 0 0 0 0 0 0 7 29 0 0 0 0 0 0 0 0 0 0 0 0 0 0 0 0 0 0 0 0 0 0 0 0 0 57 0 0 0 0 0 0 0 87 0 0 0 0 0 0 11 0 0 0 0 0 0 0 0 0 0 0 77 0 
89 0 0 0 23 46 0 0 0 0 24 0 0 0 0 0 0 0 0 0 0 0 0 0 0 0 0 0 0 0 0 0 0 0 0 0 78 0 0 0 0 0 0 0 0 0 0 0 0 0 0 74 0 0 0 0 67 0 0 0 0 0 0 0 0 0 0 0 0 53 0 0 0 0 0 0 0 0 8 0 77 0 0 0 0 0 0 0 0 0 55 0 0 0 0 0 0 0 0 0 
2 0 0 0 77 0 0 0 0 0 0 0 0 0 0 0 0 0 73 0 0 0 0 0 0 0 0 0 0 0 0 0 0 0 0 0 0 0 0 0 0 40 0 0 0 0 0 0 0 0 0 0 0 23 0 0 0 98 0 0 0 0 0 0 0 0 0 0 0 1 0 0 0 0 0 0 19 42 89 0 0 0 0 0 0 0 0 0 0 0 0 0 86 0 0 98 0 15 0 0 
0 0 0 0 0 0 0 0 0 63 0 0 0 0 0 0 0 0 0 0 0 0 0 0 0 13 0 0 0 0 0 0 0 0 22 0 55 0 81 0 23 0 0 95 0 0 0 0 0 0 0 0 0 0 0 0 0 0 0 0 0 0 0 0 0 0 0 0 0 95 0 0 0 14 77 0 0 0 0 0 0 0 0 0 97 0 0 0 0 0 0 0 0 0 0 0 0 0 0 0 
0 0 0 0 0 0 26 0 0 0 0 55 0 0 0 0 0 0 0 0 0 1 0 0 0 0 0 0 0 9 0 0 0 22 0 0 0 0 0 0 0 0 0 0 0 0 0 0 0 0 0 0 0 0 0 0 0 0 0 0 0 0 0 53 0 0 0 0 0 0 0 0 32 0 0 0 0 0 0 0 0 0 0 0 0 66 0 0 0 0 0 36 0 0 0 0 0 0 0 0 
0 0 0 0 0 0 0 0 79 0 0 0 0 0 0 0 0 0 0 17 0 0 0 0 0 0 0 0 83 0 0 0 0 0 0 0 13 0 0 57 0 0 0 0 0 0 0 0 0 0 0 0 0 0 0 0 0 0 0 0 0 0 0 39 100 86 0 38 0 0 0 0 0 0 0 0 0 0 0 0 2 0 0 0 55 0 0 0 98 0 0 0 0 0 0 0 0 0 0 11 
0 0 0 0 53 0 0 12 0 0 0 0 0 0 0 8 0 95 0 0 0 0 0 0 0 0 0 0 0 0 0 78 0 55 0 13 0 0 0 0 0 17 0 0 0 0 0 0 0 0 0 0 37 0 0 0 0 0 38 0 0 0 0 0 0 0 0 0 0 0 0 0 68 0 0 0 0 0 0 0 47 0 0 0 0 0 0 0 0 0 0 0 0 0 100 63 0 0 16 0 
0 0 0 0 0 0 0 0 0 0 97 0 39 0 0 0 0 0 0 0 0 0 0 0 0 0 0 0 0 0 0 0 0 0 0 0 0 0 0 0 0 0 0 0 0 0 0 0 0 0 0 0 0 0 49 0 0 0 0 0 0 0 0 0 0 0 0 2 0 0 0 5 0 82 0 0 0 42 0 0 0 60 0 0 0 0 0 0 0 0 0 86 0 7 0 0 0 0 0 0 
0 0 0 0 20 0 0 45 0 0 0 0 0 0 0 0 0 0 0 0 0 29 0 0 0 0 0 0 0 0 0 0 0 81 0 0 0 0 0 5 0 0 0 0 0 0 0 96 0 0 15 0 99 0 0 0 84 0 0 0 0 0 0 0 0 0 0 0 0 87 0 0 0 47 43 0 0 0 0 0 0 0 0 0 0 0 0 0 0 0 0 0 0 0 0 0 0 0 0 0 
0 0 10 0 0 0 0 13 0 0 0 65 0 28 0 44 19 0 25 0 0 0 0 0 0 0 0 0 0 0 0 0 0 0 0 57 0 0 5 0 0 0 0 0 0 0 84 0 0 27 0 0 0 0 0 0 0 0 0 0 0 0 0 0 0 0 0 0 0 0 0 0 0 0 0 0 0 0 0 0 0 0 0 0 0 0 0 0 0 0 0 0 0 0 0 0 0 0 0 0 
0 0 0 0 0 0 0 0 0 0 0 0 0 0 0 0 34 40 0 0 0 0 0 0 0 0 0 0 0 0 0 0 0 23 0 0 0 0 0 0 0 0 0 0 66 0 0 0 0 65 0 0 0 0 0 0 10 0 0 0 0 0 0 0 0 0 0 0 0 0 0 0 0 0 0 0 0 0 91 0 63 0 89 0 0 0 0 0 0 0 0 0 0 0 0 0 0 0 70 0 
0 0 0 0 0 0 39 0 0 0 0 0 0 0 64 0 0 0 0 0 0 59 0 0 0 0 0 0 88 0 0 0 40 0 0 0 17 0 0 0 0 0 0 0 0 0 96 0 0 0 0 0 0 0 0 0 13 51 0 0 0 0 0 0 0 0 0 13 0 0 0 0 68 21 0 0 0 0 0 0 0 0 0 0 99 0 0 0 48 0 0 0 0 0 0 0 0 0 0 39 
5 0 0 0 0 0 0 0 0 0 0 0 0 0 0 0 0 0 0 0 0 0 14 0 0 63 0 0 0 0 0 0 0 0 0 0 0 0 0 0 0 0 0 0 0 0 51 93 0 0 0 0 0 0 0 0 0 0 0 0 0 0 0 0 0 0 0 0 0 0 0 0 0 0 0 0 0 0 0 20 0 0 0 0 61 0 0 0 0 50 0 0 0 0 0 0 0 0 0 0 
0 0 0 0 91 0 0 0 0 0 0 0 0 0 0 0 0 0 0 0 0 0 0 0 0 0 0 0 0 0 0 0 0 95 0 0 0 0 0 0 0 0 0 0 0 48 9 0 0 0 0 0 0 77 0 0 0 0 0 0 0 66 0 0 63 0 0 0 0 8 0 0 95 0 0 22 0 0 0 86 0 0 0 0 0 0 0 0 0 0 0 0 0 0 0 0 0 74 0 0 
0 0 0 0 0 0 0 0 0 0 0 0 19 0 0 0 0 0 0 0 0 0 95 0 0 0 0 0 0 0 7 0 0 0 0 0 0 0 0 0 66 0 0 0 0 0 0 73 0 0 0 0 90 0 0 0 0 0 0 0 0 0 0 0 47 0 0 0 0 0 0 0 0 48 0 0 97 51 0 0 0 0 0 0 0 0 0 0 0 0 0 96 0 0 0 0 0 0 0 0 
0 0 0 0 0 0 0 0 0 29 0 0 0 0 0 0 0 0 0 0 0 0 0 0 0 0 98 0 0 0 29 0 0 0 0 0 0 0 0 0 0 0 0 48 0 0 0 0 0 0 0 0 0 0 0 0 0 0 73 0 0 0 36 0 0 0 0 0 0 0 0 0 0 0 0 0 0 0 0 0 0 0 0 0 0 19 0 0 0 0 0 0 0 0 0 0 7 0 0 0 
0 0 0 0 0 0 0 0 0 24 0 0 0 0 0 0 0 0 85 0 0 5 0 0 0 0 0 0 36 0 0 0 0 0 0 0 0 0 0 84 0 96 51 9 0 0 0 0 0 0 0 0 0 0 87 0 0 0 0 0 0 0 18 0 0 0 0 0 0 0 0 0 0 0 0 0 0 0 0 0 0 0 0 0 0 0 0 0 0 0 0 0 0 0 0 0 0 0 0 0 
0 0 0 97 0 0 0 0 0 0 0 0 0 0 19 0 0 0 0 0 0 0 52 0 0 14 0 0 0 0 0 0 0 0 0 0 0 0 96 0 0 0 93 0 73 0 0 0 0 0 0 0 0 0 0 0 0 0 0 0 0 0 0 0 0 0 0 0 0 0 0 0 0 0 0 0 0 0 0 0 0 0 0 0 0 0 0 0 0 0 0 0 77 0 0 0 0 0 0 80 
0 84 77 0 10 0 0 0 0 0 0 0 0 0 0 0 0 0 0 0 0 17 0 0 0 0 0 0 0 0 0 0 0 0 0 0 0 0 0 0 0 0 0 0 0 0 0 0 0 0 0 0 0 0 52 0 23 0 0 0 0 0 71 0 0 0 0 0 0 0 0 0 0 0 0 0 0 0 27 0 0 0 0 0 0 0 0 0 0 0 0 0 0 0 0 0 0 0 0 0 
0 0 0 64 0 0 0 0 0 0 0 0 0 0 0 0 0 0 0 0 0 0 7 0 0 0 0 0 0 0 0 0 0 0 0 0 0 0 0 27 65 0 0 0 0 0 0 0 0 0 74 0 0 0 0 0 0 0 0 0 0 0 77 0 0 0 0 0 0 0 0 0 0 0 0 0 0 0 0 0 0 0 0 0 0 0 0 0 0 0 0 0 0 0 0 0 0 0 0 84 
0 0 0 0 0 0 30 0 0 0 0 0 0 0 0 0 0 0 0 0 0 0 0 0 0 0 0 0 0 0 0 0 0 0 0 0 0 0 15 0 0 0 0 0 0 0 0 0 0 74 0 0 0 48 0 0 0 0 0 0 0 0 0 0 0 0 0 0 0 56 100 0 0 0 0 0 0 0 56 0 0 48 0 0 0 0 0 0 0 0 0 0 0 0 87 78 0 0 0 0 
0 0 0 0 0 0 0 0 0 0 0 0 0 0 0 0 0 0 0 0 0 61 76 0 0 0 55 44 0 0 0 74 0 0 0 0 0 0 0 0 0 0 0 0 0 0 0 0 0 0 0 0 0 96 0 0 0 0 0 0 0 0 22 0 0 0 0 0 0 0 0 0 0 0 0 0 1 43 0 0 0 0 0 0 17 0 0 0 0 0 0 0 0 0 0 0 0 0 0 0 
0 0 0 0 0 0 0 0 0 0 0 0 0 0 0 0 0 0 0 0 77 0 0 0 0 0 0 0 0 0 0 0 0 0 0 0 37 0 99 0 0 0 0 0 90 0 0 0 0 0 0 0 0 0 0 0 0 0 0 0 0 5 68 0 0 64 0 0 0 0 0 0 0 0 14 0 0 0 0 0 0 0 0 0 0 0 0 0 0 0 0 0 0 0 0 0 0 3 0 15 
0 83 0 0 0 0 0 0 0 0 0 0 0 0 0 0 3 0 0 0 0 0 0 0 0 0 0 0 0 0 0 0 23 0 0 0 0 0 0 0 0 0 0 77 0 0 0 0 0 0 48 96 0 0 0 0 0 0 0 0 0 0 0 0 0 0 0 0 0 54 0 0 0 95 0 67 0 0 0 0 0 0 0 0 0 0 0 0 0 0 0 0 0 0 0 0 0 0 97 0 
0 49 0 0 0 0 0 0 0 0 0 0 0 0 10 0 29 0 0 0 0 0 0 0 0 0 0 0 0 0 0 0 0 0 0 0 0 49 0 0 0 0 0 0 0 0 87 0 52 0 0 0 0 0 0 0 0 0 0 0 16 0 0 0 0 0 0 0 0 0 0 19 0 0 0 0 0 0 0 0 0 0 0 0 0 0 0 0 0 0 0 0 9 0 0 0 0 0 0 0 
0 0 0 0 0 11 0 0 0 0 47 0 0 0 97 0 0 22 0 0 0 0 0 0 0 0 0 0 0 0 0 0 0 0 0 0 0 0 0 0 0 0 0 0 0 0 0 0 0 0 0 0 0 0 0 0 0 0 0 0 0 66 0 0 0 0 0 0 57 0 0 0 0 0 0 0 0 0 0 0 0 0 0 0 0 0 94 0 0 0 0 0 0 0 0 0 0 0 0 0 
0 65 0 72 84 0 0 0 0 0 0 0 0 0 0 6 0 0 0 0 0 0 0 0 0 35 0 0 0 0 0 67 0 0 0 0 0 0 84 0 10 13 0 0 0 0 0 0 23 0 0 0 0 0 0 0 0 0 0 0 0 0 0 0 0 0 51 0 0 0 0 0 0 0 0 0 0 0 0 0 0 0 0 0 0 0 0 94 0 0 0 0 0 0 0 0 0 0 0 0 
0 0 0 0 0 0 0 0 0 0 31 0 0 0 0 0 0 0 0 0 0 0 0 0 0 0 0 35 0 0 0 0 98 0 0 0 0 0 0 0 0 51 0 0 0 0 0 0 0 0 0 0 0 0 0 0 0 0 0 0 0 0 0 0 0 34 0 0 0 0 0 0 0 0 0 0 0 0 0 0 0 0 0 0 0 0 0 0 0 0 0 0 0 0 0 0 0 0 0 0 
95 0 0 0 0 0 0 0 0 0 0 0 1 0 0 0 0 0 68 0 0 0 0 0 0 0 49 0 35 34 0 0 0 0 0 0 38 0 0 0 0 0 0 0 0 73 0 0 0 0 0 0 0 0 0 0 0 0 0 0 0 0 0 0 0 0 0 0 0 0 0 0 0 0 70 0 0 0 67 0 0 0 0 0 0 0 0 0 12 0 71 0 0 0 26 74 0 66 0 0 
62 0 0 0 0 0 83 0 0 0 0 0 0 0 0 0 0 46 0 0 0 0 0 0 0 0 18 0 0 0 0 0 0 0 0 0 0 0 0 0 0 0 0 0 0 0 0 0 0 0 0 0 0 0 0 0 0 0 0 0 0 0 0 0 0 0 0 0 0 0 63 0 0 0 0 0 17 0 0 0 0 0 79 0 0 0 0 0 0 0 99 0 0 0 0 0 0 0 0 0 
0 0 0 0 0 0 0 0 0 0 0 0 0 0 0 0 0 0 0 0 0 0 0 0 0 0 0 0 0 0 0 0 0 0 0 0 0 0 0 0 0 0 0 0 0 0 0 0 0 0 0 0 0 0 16 0 0 0 0 0 0 79 0 0 0 0 0 0 0 0 0 0 0 0 0 0 0 0 0 0 0 0 0 0 0 0 0 0 0 0 73 0 0 0 0 0 54 0 0 0 
0 0 0 0 0 0 0 0 69 0 0 0 0 0 0 0 0 0 58 0 0 6 0 0 0 0 0 0 0 48 0 0 0 0 0 0 0 0 0 0 0 0 0 66 0 0 0 0 0 0 0 0 5 0 0 66 0 0 0 0 79 0 0 0 0 0 0 61 0 0 0 0 0 0 0 0 93 0 76 0 0 0 0 0 0 0 0 0 0 0 0 74 0 5 0 0 0 0 9 5 
0 0 37 0 0 0 0 0 0 0 0 0 0 0 0 0 0 0 0 0 0 0 0 91 98 0 0 0 0 0 0 0 0 0 0 0 0 0 0 0 0 0 0 0 0 36 18 0 71 77 0 22 68 0 0 0 0 0 0 0 0 0 0 0 0 0 74 0 0 0 0 0 0 0 0 0 0 0 0 0 0 19 14 0 0 0 0 0 0 0 40 0 0 0 78 0 0 0 0 21 
0 0 0 0 0 0 25 0 0 0 0 0 0 0 0 0 0 0 0 0 0 0 0 0 0 0 0 0 0 0 0 0 0 0 53 39 0 0 0 0 0 0 0 0 0 0 0 0 0 0 0 0 0 0 0 0 0 0 0 0 0 0 0 0 0 0 0 0 44 0 0 18 0 69 0 0 0 0 0 0 0 0 0 0 0 0 0 0 0 0 67 0 0 0 79 0 0 0 0 0 
55 0 0 0 0 0 0 0 0 26 0 0 0 0 0 0 0 0 0 0 0 0 0 0 0 0 0 0 95 0 0 0 0 0 0 100 0 0 0 0 0 0 0 63 47 0 0 0 0 0 0 0 0 0 0 0 0 0 0 0 0 0 0 0 0 0 0 0 0 0 0 0 0 0 0 0 0 0 0 0 0 0 0 9 0 0 0 68 79 0 0 0 0 0 0 0 0 0 0 0 
0 0 0 0 0 0 0 0 0 46 50 28 0 0 61 0 0 0 0 0 0 0 0 0 0 0 0 0 0 0 0 0 0 0 0 86 0 0 0 0 0 0 0 0 0 0 0 0 0 0 0 0 64 0 0 0 0 34 0 0 0 0 0 0 0 0 0 0 76 0 0 0 0 0 0 0 0 0 0 0 0 0 0 0 0 0 0 0 0 0 0 0 0 0 0 3 0 0 20 0 
0 0 0 0 0 0 0 0 0 0 94 0 1 49 0 0 0 92 0 0 0 0 0 0 0 0 0 0 0 0 0 0 0 0 0 0 0 0 0 0 0 0 0 0 0 0 0 0 0 0 0 0 0 0 0 0 51 0 0 0 0 0 74 0 0 0 0 0 0 0 0 0 0 0 0 0 0 0 0 0 0 0 0 0 0 0 0 0 0 0 0 0 0 0 0 0 0 0 0 0 
0 0 0 0 0 0 0 0 0 2 0 0 0 0 0 0 0 58 0 82 0 0 0 0 0 83 67 0 0 0 0 0 0 0 0 38 0 2 0 0 0 13 0 0 0 0 0 0 0 0 0 0 0 0 0 0 0 0 0 0 0 61 0 0 0 0 0 0 0 89 0 0 0 0 0 0 0 0 0 0 0 72 0 37 0 0 0 0 0 0 0 0 0 0 0 0 70 0 0 0 
0 0 0 0 0 0 99 0 39 0 0 0 56 0 0 0 0 0 0 0 0 0 0 0 0 0 0 0 0 0 0 0 0 0 0 0 0 0 0 0 0 0 0 0 0 0 0 0 0 0 0 0 0 0 0 57 0 0 0 0 0 0 0 44 0 76 0 0 0 0 0 92 0 0 0 0 0 0 0 0 52 28 0 0 0 0 0 0 0 0 21 0 0 0 0 0 0 0 72 0 
0 0 0 0 0 0 0 0 0 0 0 0 12 0 0 0 0 0 0 96 0 0 0 0 24 94 0 0 0 0 0 53 1 95 0 0 0 0 87 0 0 0 0 8 0 0 0 0 0 0 56 0 0 54 0 0 0 0 0 0 0 0 0 0 0 0 0 89 0 0 0 0 0 0 0 0 0 0 0 4 0 0 0 0 0 0 50 0 0 0 0 0 0 0 0 0 0 0 0 0 
92 0 0 0 0 0 0 0 0 0 0 0 0 0 0 44 0 0 8 6 0 0 21 0 0 0 0 17 0 0 0 0 0 0 0 0 0 0 0 0 0 0 0 0 0 0 0 0 0 0 100 0 0 0 0 0 0 0 0 63 0 0 0 0 0 0 0 0 0 0 0 0 0 0 0 0 0 0 0 0 0 0 0 0 52 0 0 63 0 0 0 0 0 0 0 0 0 0 0 0 
16 0 0 0 0 0 0 0 90 0 0 0 0 0 0 0 31 0 0 0 0 0 0 0 0 0 0 0 0 0 57 0 0 0 0 0 0 5 0 0 0 0 0 0 0 0 0 0 0 0 0 0 0 0 19 0 0 0 0 0 0 0 0 18 0 0 0 0 92 0 0 0 0 18 63 0 0 0 0 0 0 0 0 0 0 0 98 0 0 33 0 0 0 0 0 10 63 0 0 0 
0 0 0 0 0 0 0 0 0 0 0 0 88 0 0 0 0 0 0 11 0 99 19 0 0 0 0 0 0 0 0 0 0 0 32 0 68 0 0 0 0 68 0 95 0 0 0 0 0 0 0 0 0 0 0 0 0 0 0 0 0 0 0 0 0 0 0 0 0 0 0 0 0 0 0 30 0 0 0 9 37 0 0 0 0 0 0 0 61 0 0 0 0 0 0 0 0 0 0 87 
7 0 0 0 0 0 0 0 0 0 0 18 0 0 0 0 0 0 0 0 0 0 0 0 0 91 0 0 0 0 0 0 0 14 0 0 0 82 47 0 0 21 0 0 48 0 0 0 0 0 0 0 0 95 0 0 0 0 0 0 0 0 0 69 0 0 0 0 0 0 0 18 0 0 0 0 0 0 0 0 86 0 0 0 0 0 83 0 0 67 0 0 0 0 0 0 0 3 0 0 
25 0 0 0 0 0 0 0 0 0 0 0 0 0 0 0 0 0 0 0 0 51 0 0 0 0 0 0 0 0 0 0 0 77 0 0 0 0 43 0 0 0 0 0 0 0 0 0 0 0 0 0 14 0 0 0 0 0 70 0 0 0 0 0 0 0 0 0 0 0 0 63 0 0 0 0 0 0 0 0 0 0 0 0 0 0 0 0 0 0 0 0 0 0 42 0 0 0 0 0 
0 0 0 0 0 0 0 0 0 0 0 0 0 0 0 0 0 62 11 0 0 37 0 0 0 0 0 0 0 12 0 0 0 0 0 0 0 0 0 0 0 0 0 22 0 0 0 0 0 0 0 0 0 67 0 0 0 0 0 0 0 0 0 0 0 0 0 0 0 0 0 0 30 0 0 0 0 0 18 0 0 0 0 0 0 0 0 48 0 0 0 0 0 0 0 0 0 0 0 0 
100 0 0 0 0 0 0 0 0 36 0 0 0 0 0 0 0 0 0 0 0 0 0 76 0 0 0 0 82 0 0 0 19 0 0 0 0 0 0 0 0 0 0 0 97 0 0 0 0 0 0 1 0 0 0 0 0 0 0 17 0 93 0 0 0 0 0 0 0 0 0 0 0 0 0 0 0 0 0 0 0 0 84 0 0 0 0 0 84 0 0 0 4 17 0 0 0 0 0 0 
0 0 0 0 0 0 0 0 0 0 0 0 89 45 0 0 0 0 0 0 0 0 0 0 0 0 0 0 0 0 0 0 42 0 0 0 0 42 0 0 0 0 0 0 51 0 0 0 0 0 0 43 0 0 0 0 0 0 0 0 0 0 0 0 0 0 0 0 0 0 0 0 0 0 0 0 0 0 0 21 0 0 0 0 0 0 0 0 0 0 0 0 33 0 0 0 0 0 0 88 
69 0 0 0 0 0 62 0 0 0 0 0 0 0 0 0 0 0 0 0 0 0 0 0 0 0 0 0 0 0 0 8 89 0 0 0 0 0 0 0 91 0 0 0 0 0 0 0 27 0 56 0 0 0 0 0 0 0 67 0 0 76 0 0 0 0 0 0 0 0 0 0 0 0 0 18 0 0 0 0 0 0 0 0 25 0 43 0 0 0 0 0 0 0 49 0 61 0 13 0 
0 0 0 0 0 0 0 0 0 0 0 0 0 0 0 0 0 0 25 0 0 0 0 0 4 0 0 0 0 0 87 0 0 0 0 0 0 0 0 0 0 0 20 86 0 0 0 0 0 0 0 0 0 0 0 0 0 0 0 0 0 0 0 0 0 0 0 0 0 4 0 0 9 0 0 0 0 21 0 0 0 0 0 0 0 0 0 0 2 0 0 0 0 0 0 0 0 0 0 0 
0 0 0 0 57 0 0 0 53 30 19 0 0 0 0 0 0 0 0 0 0 0 0 0 0 0 0 0 0 0 0 77 0 0 0 2 47 0 0 0 63 0 0 0 0 0 0 0 0 0 0 0 0 0 0 0 0 0 0 0 0 0 0 0 0 0 0 0 52 0 0 0 37 86 0 0 0 0 0 0 0 0 0 0 94 0 0 0 0 0 0 0 0 0 53 0 0 0 0 0 
0 0 0 0 0 37 0 0 0 0 0 83 0 0 0 56 0 0 0 0 0 0 0 0 0 0 0 0 0 0 0 0 0 0 0 0 0 60 0 0 0 0 0 0 0 0 0 0 0 0 48 0 0 0 0 0 0 0 0 0 0 0 19 0 0 0 0 72 28 0 0 0 0 0 0 0 0 0 0 0 0 0 81 0 0 0 0 0 0 0 0 0 0 0 81 24 0 0 0 0 
0 0 0 0 0 0 74 0 0 0 0 0 0 0 82 0 0 0 0 0 0 0 0 76 0 0 12 0 0 0 0 0 0 0 0 0 0 0 0 0 89 0 0 0 0 0 0 0 0 0 0 0 0 0 0 0 0 0 0 79 0 0 14 0 0 0 0 0 0 0 0 0 0 0 0 0 84 0 0 0 0 81 0 0 23 0 0 0 91 0 0 0 0 0 0 80 0 0 0 0 
0 0 35 0 0 59 0 0 0 0 0 0 0 23 0 0 0 0 0 0 0 0 0 0 62 0 53 0 0 0 0 0 0 0 0 0 0 0 0 0 0 0 0 0 0 0 0 0 0 0 0 0 0 0 0 0 0 0 0 0 0 0 0 0 9 0 0 37 0 0 0 0 0 0 0 0 0 0 0 0 0 0 0 0 0 0 0 0 0 0 0 8 0 0 0 0 0 0 0 0 
0 0 0 0 0 0 0 0 11 0 0 0 0 0 0 0 11 0 0 0 26 0 0 0 0 0 0 0 66 0 0 0 0 97 0 55 0 0 0 0 0 99 61 0 0 0 0 0 0 0 0 17 0 0 0 0 0 0 0 0 0 0 0 0 0 0 0 0 0 0 52 0 0 0 0 0 0 0 25 0 94 0 23 0 0 0 0 0 0 0 0 0 0 0 0 0 0 0 0 0 
0 0 0 0 0 0 0 0 0 0 0 0 0 0 0 0 0 0 0 0 0 79 0 0 41 0 0 0 13 0 0 0 0 0 66 0 0 0 0 0 0 0 0 0 0 19 0 0 0 0 0 0 0 0 0 0 0 0 0 0 0 0 0 0 0 0 0 0 0 0 0 0 0 0 0 0 0 0 0 0 0 0 0 0 0 0 0 0 0 0 0 0 0 0 0 0 0 0 0 0 
0 0 0 0 0 0 0 0 0 0 0 0 0 0 0 0 9 0 0 49 0 0 0 0 0 0 0 0 0 0 11 0 0 0 0 0 0 0 0 0 0 0 0 0 0 0 0 0 0 0 0 0 0 0 0 94 0 0 0 0 0 0 0 0 0 0 0 0 0 50 0 98 0 83 0 0 0 0 43 0 0 0 0 0 0 0 0 66 0 0 0 0 0 0 0 0 0 0 0 0 
0 0 0 0 0 53 0 0 0 0 0 0 0 0 0 0 0 0 0 0 0 0 0 0 0 0 0 76 0 0 0 0 0 0 0 0 0 0 0 0 0 0 0 0 0 0 0 0 0 0 0 0 0 0 0 0 94 0 0 0 0 0 0 0 68 0 0 0 0 0 63 0 0 0 0 48 0 0 0 0 0 0 0 0 0 0 66 0 0 0 61 0 0 0 0 0 0 0 0 0 
0 0 0 0 0 0 0 0 0 0 0 0 0 0 0 0 0 0 0 32 0 0 0 0 0 0 0 0 0 0 0 0 0 0 0 98 0 0 0 0 0 48 0 0 0 0 0 0 0 0 0 0 0 0 0 0 0 0 12 0 0 0 0 0 79 0 0 0 0 0 0 0 61 0 0 0 84 0 0 2 0 0 91 0 0 0 0 0 0 0 0 0 0 0 0 0 0 0 0 0 
0 0 0 0 0 0 24 0 0 0 69 100 0 0 0 0 0 0 0 0 95 0 0 0 0 0 0 0 0 0 0 0 0 0 0 0 0 0 0 0 0 0 50 0 0 0 0 0 0 0 0 0 0 0 0 0 0 0 0 0 0 0 0 0 0 0 0 0 0 0 0 33 0 67 0 0 0 0 0 0 0 0 0 0 0 0 0 0 0 0 0 0 0 0 0 7 84 0 0 0 
0 0 47 0 0 0 0 0 0 0 0 0 0 0 0 53 0 0 77 0 0 0 0 0 0 0 0 0 0 0 0 55 0 0 0 0 0 0 0 0 0 0 0 0 0 0 0 0 0 0 0 0 0 0 0 0 0 0 71 99 73 0 40 67 0 0 0 0 21 0 0 0 0 0 0 0 0 0 0 0 0 0 0 0 0 0 0 61 0 0 0 0 0 0 0 0 0 0 0 0 
0 0 0 0 0 0 0 0 0 0 0 0 0 0 0 0 0 0 0 0 0 0 0 0 0 0 0 0 0 0 0 0 0 0 36 0 0 86 0 0 0 0 0 0 96 0 0 0 0 0 0 0 0 0 0 0 0 0 0 0 0 74 0 0 0 0 0 0 0 0 0 0 0 0 0 0 0 0 0 0 0 0 0 8 0 0 0 0 0 0 0 0 0 86 0 0 0 0 0 0 
0 0 0 0 0 0 0 0 68 0 0 0 0 0 0 96 0 0 0 0 0 0 0 0 0 0 0 0 0 0 0 0 86 0 0 0 0 0 0 0 0 0 0 0 0 0 0 77 0 0 0 0 0 0 9 0 0 0 0 0 0 0 0 0 0 0 0 0 0 0 0 0 0 0 0 0 4 33 0 0 0 0 0 0 0 0 0 0 0 0 0 0 0 0 0 0 0 0 0 0 
39 0 0 0 0 0 0 0 41 0 0 0 0 0 0 0 15 0 0 11 0 0 0 0 0 97 95 0 0 0 0 0 0 0 0 0 0 7 0 0 0 0 0 0 0 0 0 0 0 0 0 0 0 0 0 0 0 0 0 0 0 5 0 0 0 0 0 0 0 0 0 0 0 0 0 0 17 0 0 0 0 0 0 0 0 0 0 0 0 0 0 86 0 0 0 24 0 0 0 0 
0 0 0 19 0 0 0 13 81 0 0 0 0 0 0 79 0 0 0 0 0 0 0 0 0 0 0 0 0 0 0 0 0 0 0 0 100 0 0 0 0 0 0 0 0 0 0 0 0 0 87 0 0 0 0 0 0 0 26 0 0 0 78 79 0 0 0 0 0 0 0 0 0 0 42 0 0 0 49 0 53 81 0 0 0 0 0 0 0 0 0 0 0 0 0 0 0 65 85 0 
0 0 0 0 0 0 0 0 0 0 0 0 0 0 0 0 0 0 40 0 0 0 0 0 0 0 0 0 0 0 0 0 98 0 0 0 63 0 0 0 0 0 0 0 0 0 0 0 0 0 78 0 0 0 0 0 0 0 74 0 0 0 0 0 0 3 0 0 0 0 0 10 0 0 0 0 0 0 0 0 0 24 80 0 0 0 0 0 0 7 0 0 0 24 0 0 0 0 0 0 
0 0 0 56 0 0 29 0 0 0 0 0 0 0 0 0 0 0 0 0 0 0 0 0 0 0 0 0 0 0 0 0 0 0 0 0 0 0 0 0 0 0 0 0 0 7 0 0 0 0 0 0 0 0 0 0 0 0 0 0 54 0 0 0 0 0 0 70 0 0 0 63 0 0 0 0 0 0 61 0 0 0 0 0 0 0 0 0 0 84 0 0 0 0 0 0 0 0 0 0 
0 0 0 0 0 0 0 0 0 0 0 0 0 0 0 0 0 0 0 0 0 0 0 0 0 0 44 0 0 0 0 0 15 0 0 0 0 0 0 0 0 0 0 74 0 0 0 0 0 0 0 0 3 0 0 0 0 0 66 0 0 0 0 0 0 0 0 0 0 0 0 0 0 3 0 0 0 0 0 0 0 0 0 0 0 0 0 0 0 0 0 0 0 0 65 0 0 0 0 0 
0 0 0 0 0 0 0 0 0 0 0 0 0 67 0 0 0 0 0 0 90 0 0 0 0 0 20 0 0 0 77 0 0 0 0 0 16 0 0 0 70 0 0 0 0 0 0 0 0 0 0 0 0 97 0 0 0 0 0 0 0 9 0 0 0 20 0 0 72 0 0 0 0 0 0 0 0 0 13 0 0 0 0 0 0 0 0 0 0 0 0 0 0 0 85 0 0 0 0 0 
0 0 0 27 0 0 0 0 59 24 0 0 0 23 0 0 0 0 74 0 0 0 0 0 0 0 80 0 0 0 0 0 0 0 0 11 0 0 0 0 0 39 0 0 0 0 0 80 0 84 0 0 15 0 0 0 0 0 0 0 0 5 21 0 0 0 0 0 0 0 0 0 87 0 0 0 0 88 0 0 0 0 0 0 0 0 0 0 0 0 0 0 0 0 0 0 0 0 0 0 
