0 6 44 0 0 97 0 0 0 78 32 31 29 50 37 95 76 0 67 23 21 56 65 95 71 43 0 80 0 36 12 0 0 50 39 21 0 43 51 0 26 0 56 10 0 81 21 24 53 0 43 0 30 61 45 0 6 9 45 84 0 74 0 47 39 80 33 30 33 0 78 18 32 0 0 23 32 82 0 76 0 77 27 80 57 31 3 63 35 95 0 0 16 60 0 0 90 0 43 39 
6 0 70 0 72 28 64 0 15 87 36 0 69 1 80 93 0 56 0 65 81 84 62 0 50 0 77 18 0 0 48 0 10 95 9 10 26 78 1 0 0 0 2 0 0 80 0 92 0 0 0 59 79 13 0 62 6 0 0 70 23 58 84 71 41 75 80 0 65 66 38 64 86 29 16 56 98 0 32 0 68 98 75 80 0 66 10 0 95 0 83 13 0 15 82 24 0 0 0 63 
44 70 0 7 59 0 0 19 0 17 0 87 71 0 64 22 1 0 83 77 97 0 35 68 26 67 18 93 0 52 82 0 24 53 0 0 94 4 87 43 15 0 63 45 15 6 19 8 52 58 0 10 56 0 7 0 0 76 0 57 94 0 0 0 0 24 29 0 54 0 97 0 42 32 0 47 96 57 0 44 30 60 0 12 40 0 98 18 40 3 71 45 68 0 46 18 78 8 71 50 
0 0 7 0 0 0 15 0 92 0 0 55 34 0 45 49 0 65 0 1 26 79 0 0 0 0 92 0 14 15 15 87 11 67 40 41 69 0 56 70 98 0 8 37 0 0 0 76 39 0 37 20 48 0 96 0 0 27 0 70 0 34 0 0 0 74 55 0 88 79 90 0 59 87 6 15 5 2 66 16 0 25 30 7 89 0 5 11 19 0 0 0 32 24 0 11 0 96 0 0 
0 72 59 0 0 77 65 54 0 92 0 14 15 92 0 86 80 11 0 44 21 0 0 38 43 0 31 95 1 0 0 88 55 0 54 58 71 0 0 0 0 41 0 0 31 30 0 43 0 0 37 58 7 0 0 0 27 57 61 0 17 73 93 54 0 53 75 87 84 0 16 3 0 60 0 44 1 0 0 83 15 58 0 0 16 0 0 90 43 4 42 46 78 21 74 11 0 0 0 64 
97 28 0 0 77 0 0 39 0 0 60 26 0 0 76 94 52 83 37 45 65 0 0 50 36 24 98 98 20 42 28 36 98 27 27 0 0 38 9 19 0 0 88 0 71 34 57 44 18 27 0 63 37 38 0 98 37 11 0 72 0 0 0 44 68 83 55 96 0 78 0 10 90 64 76 0 63 11 47 62 2 27 0 45 0 35 23 0 91 56 0 42 53 90 82 69 54 0 0 4 
0 64 0 15 65 0 0 19 56 2 0 87 0 0 100 0 55 7 41 56 12 84 44 17 0 13 96 77 0 0 0 0 96 0 0 49 0 44 0 0 59 0 0 50 17 0 51 71 8 0 60 4 0 0 62 47 56 0 53 21 73 0 29 5 80 90 23 22 0 0 0 81 62 0 70 34 44 6 30 0 38 33 98 0 64 46 89 53 0 0 51 80 38 32 0 0 59 0 71 29 
0 0 19 0 54 39 19 0 98 0 0 27 51 63 90 68 19 0 0 0 57 50 50 96 0 0 80 7 31 15 0 66 27 69 45 29 66 6 0 0 77 0 32 73 46 26 0 0 38 0 98 83 51 82 60 0 0 37 0 3 0 0 13 94 0 14 0 59 64 0 98 75 0 47 81 98 0 67 83 74 16 64 76 0 5 0 2 0 30 30 33 64 82 98 80 60 54 0 0 0 
0 15 0 92 0 0 56 98 0 0 81 0 0 0 0 4 86 7 0 40 53 96 0 64 66 82 12 7 0 94 6 0 55 0 0 47 0 36 0 0 0 97 0 78 78 23 28 10 0 84 98 34 57 0 0 0 93 97 14 0 41 20 0 34 0 62 0 0 0 64 89 11 0 0 31 31 0 0 45 0 77 59 0 0 9 0 11 30 0 86 0 18 59 0 0 0 97 0 3 0 
78 87 17 0 92 0 2 0 0 0 67 61 0 0 0 84 57 0 0 68 35 0 0 0 56 95 68 13 0 11 75 65 38 47 100 23 12 10 0 46 41 55 0 0 94 5 0 79 34 51 0 65 20 97 0 0 0 28 0 55 2 23 4 46 0 0 97 56 0 39 54 0 70 52 0 0 64 32 0 91 99 95 77 0 92 89 7 0 100 35 21 80 0 0 72 85 25 0 76 43 
32 36 0 0 0 60 0 0 81 67 0 93 82 0 0 3 42 0 0 0 29 18 0 15 0 74 13 0 80 0 33 0 22 0 32 8 30 0 25 51 0 0 60 49 82 0 0 31 75 47 25 78 0 0 18 35 0 0 0 9 63 27 10 0 78 0 70 50 43 19 0 42 0 0 0 80 58 20 0 0 65 0 68 0 75 76 58 0 83 62 75 40 96 79 66 0 0 65 0 59 
31 0 87 55 14 26 87 27 0 61 93 0 0 0 84 59 26 98 18 85 0 0 0 46 0 14 14 79 0 87 66 47 0 61 96 55 0 32 0 78 81 61 17 0 0 72 72 39 12 0 49 0 0 10 91 42 86 62 15 96 41 30 93 0 97 0 90 0 93 0 77 64 85 72 81 58 94 95 0 17 87 46 0 75 21 0 0 83 0 0 35 85 17 91 0 31 22 60 0 22 
29 69 71 34 15 0 0 51 0 0 82 0 0 0 0 0 24 89 95 0 0 42 0 0 18 49 4 38 94 53 1 0 0 55 0 0 0 92 42 65 78 42 96 0 0 59 69 16 74 52 78 0 25 19 0 32 74 20 97 66 28 82 57 0 85 0 7 0 25 0 54 47 74 79 3 0 51 58 33 14 40 0 0 0 46 45 90 59 3 0 21 68 85 38 0 26 91 0 0 74 
50 1 0 0 92 0 0 63 0 0 0 0 0 0 92 0 0 94 0 0 66 83 44 83 74 0 2 24 0 0 0 86 97 20 79 97 0 0 0 56 0 1 0 83 13 0 0 0 0 14 31 86 0 0 29 0 22 0 0 0 38 0 0 77 40 72 82 0 0 100 0 88 40 96 32 3 0 0 0 0 0 66 0 21 83 39 73 38 53 3 0 1 66 42 61 0 65 0 0 89 
37 80 64 45 0 76 100 90 0 0 0 84 0 92 0 63 0 91 0 89 26 41 0 88 44 21 1 10 34 33 0 11 0 0 0 80 69 0 0 0 6 58 90 31 33 37 96 0 76 9 58 0 93 78 0 95 54 48 0 37 74 51 0 45 94 0 0 68 0 4 7 23 61 0 0 24 0 0 23 0 48 57 30 42 24 0 78 73 0 0 50 47 0 0 86 0 0 48 0 44 
95 93 22 49 86 94 0 68 4 84 3 59 0 0 63 0 1 61 31 88 0 5 16 0 0 0 0 16 25 78 41 7 98 0 0 0 95 72 0 100 76 0 0 4 0 17 32 2 0 95 0 44 0 0 34 84 88 81 0 13 18 0 0 0 0 74 0 76 17 13 11 100 71 21 0 0 0 70 29 33 35 48 0 0 75 88 27 0 28 0 4 36 80 0 73 77 0 30 18 0 
76 0 1 0 80 52 55 19 86 57 42 26 24 0 0 1 0 0 22 13 48 56 70 28 0 8 13 28 0 0 0 69 89 0 43 0 80 0 0 45 62 46 88 0 0 0 95 0 0 0 2 75 99 0 39 51 84 45 39 0 0 61 83 64 92 9 21 49 0 0 83 37 0 6 0 81 0 9 0 97 31 0 0 11 41 78 46 88 93 8 0 0 26 78 61 34 24 0 24 96 
0 56 0 65 11 83 7 0 7 0 0 98 89 94 91 61 0 0 0 0 91 0 0 47 85 0 45 12 54 88 9 0 29 94 78 96 68 100 0 0 0 42 92 26 71 5 83 25 32 0 47 32 0 0 0 76 0 27 91 26 57 98 0 4 43 2 7 0 0 30 0 10 63 2 0 0 95 76 32 95 66 26 44 97 57 68 72 86 0 69 66 97 0 41 25 0 6 97 9 61 
67 0 83 0 0 37 41 0 0 0 0 18 95 0 0 31 22 0 0 68 45 63 35 67 73 35 83 0 0 0 0 75 18 63 60 19 54 49 0 91 0 86 79 53 41 0 51 72 41 0 81 19 76 0 0 0 0 30 29 0 25 0 0 0 0 0 2 74 75 57 69 14 96 64 43 61 0 0 25 0 81 0 87 48 0 0 0 0 94 0 27 0 93 93 0 0 8 71 0 0 
23 65 77 1 44 45 56 0 40 68 0 85 0 0 89 88 13 0 68 0 12 16 0 32 0 73 0 11 80 47 0 0 0 0 18 26 72 96 0 0 3 0 27 0 65 73 19 62 46 0 0 83 0 57 28 30 98 73 7 0 0 9 3 0 0 0 70 49 49 94 8 41 0 0 0 33 88 95 48 99 0 0 0 42 0 0 92 8 83 54 9 18 0 29 5 0 60 0 0 0 
21 81 97 26 21 65 12 57 53 35 29 0 0 66 26 0 48 91 45 12 0 0 0 38 100 16 74 56 49 0 39 52 46 0 0 42 0 0 27 51 0 17 53 29 60 0 0 0 62 0 44 53 100 44 0 0 90 95 40 80 75 40 0 0 55 0 37 0 53 29 3 43 3 0 72 76 85 19 89 0 0 53 0 89 30 77 65 73 93 0 0 0 1 93 92 25 100 53 0 34 
56 84 0 79 0 0 84 50 96 0 18 0 42 83 41 5 56 0 63 16 0 0 52 26 45 85 88 0 8 67 3 90 95 0 29 8 0 0 76 0 91 79 0 11 50 53 38 0 60 0 57 9 19 41 0 74 35 7 0 91 23 22 52 90 93 0 25 56 13 27 0 9 17 16 59 71 0 48 0 69 0 28 84 65 76 0 33 34 0 0 0 89 10 38 64 0 7 0 0 80 
65 62 35 0 0 0 44 50 0 0 0 0 0 44 0 16 70 0 35 0 0 52 0 0 20 52 6 0 0 0 81 63 16 32 78 99 90 0 46 18 69 56 79 16 13 0 27 0 0 0 0 27 0 0 0 0 0 0 0 0 0 0 44 0 0 20 0 0 32 63 36 0 0 79 0 39 44 46 0 9 0 0 0 4 0 34 68 0 0 0 0 42 0 99 12 0 44 0 0 0 
95 0 68 0 38 50 17 96 64 0 15 46 0 83 88 0 28 47 67 32 38 26 0 0 24 80 0 0 0 98 99 27 69 31 39 0 30 18 84 0 19 62 0 0 28 0 73 0 74 70 20 0 37 0 39 0 0 36 61 93 57 21 56 94 0 0 64 0 9 47 89 2 37 12 0 14 39 41 0 52 20 14 34 9 0 0 95 60 29 0 23 50 27 50 0 16 23 0 77 44 
71 50 26 0 43 36 0 0 66 56 0 0 18 74 44 0 0 85 73 0 100 45 20 24 0 18 0 90 91 5 0 34 0 0 0 23 22 0 0 0 2 62 60 44 30 0 0 43 0 9 0 67 34 85 0 0 71 0 0 0 13 0 0 0 87 84 0 0 34 40 23 62 0 10 0 0 0 29 0 13 89 45 0 0 4 0 0 0 0 76 63 0 46 0 62 47 0 0 69 95 
43 0 67 0 0 24 13 0 82 95 74 14 49 0 21 0 8 0 35 73 16 85 52 80 18 0 0 0 25 89 71 10 84 63 66 54 0 11 70 0 80 20 0 21 5 98 0 35 0 62 0 0 0 0 22 28 11 0 0 16 57 0 46 0 5 61 56 0 83 96 0 26 15 64 96 88 98 76 55 68 0 45 36 0 83 61 24 16 90 0 22 76 78 86 70 0 37 4 0 79 
0 77 18 92 31 98 96 80 12 68 13 14 4 2 1 0 13 45 83 0 74 88 6 0 0 0 0 18 51 0 0 99 36 55 0 0 0 0 12 0 31 95 0 11 0 81 0 51 0 22 0 0 0 91 0 17 47 100 0 7 59 0 65 6 18 0 0 0 5 0 0 0 100 0 0 0 0 0 5 0 97 69 36 0 0 80 39 0 94 88 16 82 0 0 0 0 0 0 0 75 
80 18 93 0 95 98 77 7 7 13 0 79 38 24 10 16 28 12 0 11 56 0 0 0 90 0 18 0 0 43 97 0 96 96 0 0 0 33 29 15 0 19 67 78 0 98 0 39 46 72 0 98 8 79 29 63 1 0 0 73 8 44 35 0 63 53 37 18 0 35 32 63 56 27 78 68 22 0 90 0 17 3 13 0 29 0 0 37 0 89 39 0 13 0 49 0 70 83 63 84 
0 0 0 14 1 20 0 31 0 0 80 0 94 0 34 25 0 54 0 80 49 8 0 0 91 25 51 0 0 0 39 0 0 46 26 0 5 78 66 85 0 0 70 0 0 18 9 0 37 55 0 64 0 0 29 14 70 82 70 56 10 61 0 60 0 0 85 51 38 0 31 87 0 0 0 82 5 6 97 0 20 0 2 0 14 82 0 0 52 0 0 60 0 0 75 0 0 67 35 99 
36 0 52 15 0 42 0 15 94 11 0 87 53 0 33 78 0 88 0 47 0 67 0 98 5 89 0 43 0 0 64 83 0 67 59 0 48 91 80 0 0 20 79 0 23 0 28 35 16 14 3 44 0 0 19 16 21 41 0 0 29 20 43 51 28 13 18 43 0 12 73 82 0 30 0 0 0 61 39 93 27 42 0 29 36 0 61 0 26 0 0 39 0 0 89 35 62 0 17 95 
12 48 82 15 0 28 0 0 6 75 33 66 1 0 0 41 0 9 0 0 39 3 81 99 0 71 0 97 39 64 0 0 0 0 89 65 0 0 0 72 0 70 78 0 27 0 0 31 87 0 0 0 0 89 2 0 22 0 0 37 28 99 27 9 0 2 79 0 0 82 0 97 61 21 92 0 39 13 0 0 75 4 58 60 30 0 63 7 0 5 61 0 19 18 71 10 68 70 59 35 
0 0 0 87 88 36 0 66 0 65 0 47 0 86 11 7 69 0 75 0 52 90 63 27 34 10 99 0 0 83 0 0 12 0 71 0 0 0 0 4 12 18 88 0 43 44 0 1 37 14 0 71 0 0 0 36 17 59 83 0 0 50 4 0 50 56 0 52 12 0 14 4 0 63 38 49 80 89 2 75 1 0 79 0 24 0 47 23 70 36 42 0 78 9 64 36 68 36 0 55 
0 10 24 11 55 98 96 27 55 38 22 0 0 97 0 98 89 29 18 0 46 95 16 69 0 84 36 96 0 0 0 12 0 0 0 62 4 76 88 75 0 2 1 0 0 59 84 0 0 17 0 73 0 35 0 29 89 0 61 50 38 0 74 0 0 24 33 75 59 91 83 0 60 0 48 22 11 0 38 13 0 0 57 91 0 40 0 0 73 61 0 0 24 0 0 0 0 53 95 70 
50 95 53 67 0 27 0 69 0 47 0 61 55 20 0 0 0 94 63 0 0 0 32 31 0 63 55 96 46 67 0 0 0 0 0 40 59 98 0 0 47 64 0 30 9 86 39 0 68 77 57 90 46 0 37 0 66 0 65 45 0 29 59 86 20 54 0 89 0 95 43 4 0 18 55 12 48 50 0 19 55 55 0 63 0 3 0 0 0 16 100 0 0 0 0 96 0 16 0 18 
39 9 0 40 54 27 0 45 0 100 32 96 0 79 0 0 43 78 60 18 0 29 78 39 0 66 0 0 26 59 89 71 0 0 0 45 0 0 0 78 37 91 15 0 43 24 91 70 0 89 0 0 0 61 0 95 49 42 69 5 0 14 13 9 0 47 0 0 47 61 0 0 0 14 29 65 1 0 0 100 85 32 0 18 26 0 0 0 43 45 46 70 0 0 0 54 70 0 4 0 
21 10 0 41 58 0 49 29 47 23 8 55 0 97 80 0 0 96 19 26 42 8 99 0 23 54 0 0 0 0 65 0 62 40 45 0 0 0 0 66 90 0 0 0 81 55 0 35 12 40 0 19 44 0 21 96 84 0 0 56 65 0 0 15 0 0 0 82 5 90 18 0 0 0 61 0 50 13 100 88 0 0 72 70 45 69 33 63 89 94 0 0 5 45 0 0 3 0 0 58 
0 26 94 69 71 0 0 66 0 12 30 0 0 0 69 95 80 68 54 72 0 0 90 30 22 0 0 0 5 48 0 0 4 59 0 0 0 30 17 9 67 0 28 85 28 93 26 57 14 0 0 0 54 9 28 100 26 32 59 0 45 17 64 76 78 0 0 43 11 70 9 0 37 51 69 24 11 81 80 0 99 55 0 19 42 0 0 57 0 0 48 58 87 0 51 66 11 13 0 0 
43 78 4 0 0 38 44 6 36 10 0 32 92 0 0 72 0 100 49 96 0 0 0 18 0 11 0 33 78 91 0 0 76 98 0 0 30 0 1 53 31 89 0 0 0 32 0 29 0 0 59 0 0 25 67 62 26 13 18 79 46 40 26 62 0 2 0 6 93 0 82 51 98 0 56 0 61 17 0 0 0 8 1 36 93 39 87 90 0 84 97 74 0 0 0 9 0 27 36 8 
51 1 87 56 0 9 0 0 0 0 25 0 42 0 0 0 0 0 0 0 27 76 46 84 0 70 12 29 66 80 0 0 88 0 0 0 17 1 0 0 21 28 0 0 90 0 43 67 9 39 8 0 0 0 88 35 49 57 25 7 0 69 0 0 14 73 0 11 7 83 55 87 0 88 9 42 36 0 76 0 0 72 0 0 52 0 93 28 0 0 13 0 44 25 39 69 30 48 99 0 
0 0 43 70 0 19 0 0 0 46 51 78 65 56 0 100 45 0 91 0 51 0 18 0 0 0 0 15 85 0 72 4 75 0 78 66 9 53 0 0 61 50 14 42 42 0 0 39 50 0 5 26 48 76 43 87 0 42 64 0 15 0 78 100 76 11 63 12 0 0 61 82 43 0 28 14 0 30 0 0 0 49 0 11 0 84 0 0 23 0 0 56 60 77 0 94 42 65 85 0 
26 0 15 98 0 0 59 77 0 41 0 81 78 0 6 76 62 0 0 3 0 91 69 19 2 80 31 0 0 0 0 12 0 47 37 90 67 31 21 61 0 71 27 0 0 75 75 21 8 94 0 46 2 17 9 19 0 62 0 20 0 54 0 0 20 58 16 88 52 85 66 27 0 0 70 0 47 19 49 0 0 80 31 83 0 0 98 100 62 68 0 0 81 0 0 77 3 100 54 0 
0 0 0 0 41 0 0 0 97 55 0 61 42 1 58 0 46 42 86 0 17 79 56 62 62 20 95 19 0 20 70 18 2 64 91 0 0 89 28 50 71 0 46 70 65 75 16 29 98 95 0 61 51 15 0 34 0 71 15 88 13 78 0 0 0 41 84 73 76 0 36 0 0 0 63 4 13 26 0 17 54 5 5 23 90 86 0 0 27 74 96 85 99 87 100 53 0 92 0 0 
56 2 63 8 0 88 0 32 0 0 60 17 96 0 90 0 88 92 79 27 53 0 79 0 60 0 0 67 70 79 78 88 1 0 15 0 28 0 0 14 27 46 0 86 36 12 0 0 0 0 72 92 0 0 27 0 93 0 33 0 86 50 34 0 0 0 0 0 92 9 0 10 65 0 0 0 27 75 45 0 86 0 54 74 2 1 14 0 0 12 60 0 22 22 0 0 68 24 99 90 
10 0 45 37 0 0 50 73 78 0 49 0 0 83 31 4 0 26 53 0 29 11 16 0 44 21 11 78 0 0 0 0 0 30 0 0 85 0 0 42 0 70 86 0 38 48 78 33 67 0 30 71 76 0 0 80 34 17 0 53 98 63 0 0 0 99 72 23 52 67 96 45 0 0 60 31 0 29 0 60 74 55 0 0 31 17 38 0 0 0 0 0 35 55 66 0 15 0 0 55 
0 0 15 0 31 71 17 46 78 94 82 0 0 13 33 0 0 71 41 65 60 50 13 28 30 5 0 0 0 23 27 43 0 9 43 81 28 0 90 42 0 65 36 38 0 0 33 59 2 0 50 0 35 63 0 99 36 59 0 0 62 57 40 0 0 76 46 0 0 17 100 97 79 0 84 34 17 60 2 0 0 24 3 86 0 83 22 44 11 0 0 0 0 94 100 50 0 83 0 54 
81 80 6 0 30 34 0 26 23 5 0 72 59 0 37 17 0 5 0 73 0 53 0 0 0 98 81 98 18 0 0 44 59 86 24 55 93 32 0 0 75 75 12 48 0 0 0 79 80 6 0 75 0 37 0 79 6 34 43 0 6 30 0 40 0 77 85 0 44 0 51 84 0 65 0 49 0 0 43 0 93 30 0 0 89 0 0 93 22 64 68 55 0 5 0 0 70 3 0 67 
21 0 19 0 0 57 51 0 28 0 0 72 69 0 96 32 95 83 51 19 0 38 27 73 0 0 0 0 9 28 0 0 84 39 91 0 26 0 43 0 75 16 0 78 33 0 0 75 60 0 40 38 48 40 60 34 0 0 14 72 54 0 26 18 55 43 0 0 85 76 43 67 84 21 54 64 0 27 73 91 0 0 90 48 77 0 0 61 0 34 84 0 31 0 0 27 6 0 0 81 
24 92 8 76 43 44 71 0 10 79 31 39 16 0 0 2 0 25 72 62 0 0 0 0 43 35 51 39 0 35 31 1 0 0 70 35 57 29 67 39 21 29 0 33 59 79 75 0 41 27 75 0 0 16 35 45 35 10 55 0 0 51 28 29 0 97 0 0 100 0 0 0 74 34 0 0 0 0 2 91 0 0 14 32 0 0 0 9 1 39 63 57 0 43 45 11 0 36 75 40 
53 0 52 39 0 18 8 38 0 34 75 12 74 0 76 0 0 32 41 46 62 60 0 74 0 0 0 46 37 16 87 37 0 68 0 12 14 0 9 50 8 98 0 67 2 80 60 41 0 65 75 2 0 0 0 85 0 0 10 6 52 16 0 36 6 0 0 8 59 74 0 27 0 0 0 93 30 0 97 0 41 88 0 36 31 41 0 41 17 85 44 47 46 0 63 0 0 47 0 94 
0 0 58 0 0 27 0 0 84 51 47 0 52 14 9 95 0 0 0 0 0 0 0 70 9 62 22 72 55 14 0 14 17 77 89 40 0 0 39 0 94 95 0 0 0 6 0 27 65 0 91 68 85 51 51 54 50 0 0 1 64 27 0 0 0 23 88 37 0 0 0 34 9 73 0 90 0 9 98 18 68 0 1 12 0 15 51 46 6 44 66 0 62 50 0 98 65 0 0 0 
43 0 0 37 37 0 60 98 98 0 25 49 78 31 58 0 2 47 81 0 44 57 0 20 0 0 0 0 0 3 0 0 0 57 0 0 0 59 8 5 0 0 72 30 50 0 40 75 75 91 0 0 55 55 0 47 0 0 0 0 0 15 12 86 32 0 35 51 0 6 0 46 51 60 23 97 80 62 0 1 78 0 59 0 33 0 0 0 0 0 0 0 0 0 0 93 45 36 71 0 
0 59 10 20 58 63 4 83 34 65 78 0 0 86 0 44 75 32 19 83 53 9 27 0 67 0 0 98 64 44 0 71 73 90 0 19 0 0 0 26 46 61 92 71 0 75 38 0 2 68 0 0 0 15 4 54 52 0 0 0 43 69 0 51 92 0 18 0 100 23 30 28 90 36 23 0 0 55 0 14 0 0 13 37 25 49 38 94 0 0 7 65 64 39 0 18 70 34 36 14 
30 79 56 48 7 37 0 51 57 20 0 0 25 0 93 0 99 0 76 0 100 19 0 37 34 0 0 8 0 0 0 0 0 46 0 44 54 0 0 48 2 51 0 76 35 0 48 0 0 85 55 0 0 0 51 64 85 0 43 0 69 75 61 62 0 99 96 2 29 0 76 54 0 0 31 24 0 20 31 0 43 0 32 94 0 10 0 97 19 0 48 0 79 51 0 0 14 82 70 0 
61 13 0 0 0 38 0 82 0 97 0 10 19 0 78 0 0 0 0 57 44 41 0 0 85 0 91 79 0 0 89 0 35 0 61 0 9 25 0 76 17 15 0 0 63 37 40 16 0 51 55 15 0 0 0 60 0 0 43 39 58 73 0 0 87 46 0 62 57 45 43 0 0 0 23 26 72 22 0 0 34 0 0 0 0 0 71 0 0 47 0 0 8 78 0 99 28 61 67 92 
45 0 7 96 0 0 62 60 0 0 18 91 0 29 0 34 39 0 0 28 0 0 0 39 0 22 0 29 29 19 2 0 0 37 0 21 28 67 88 43 9 0 27 0 0 0 60 35 0 51 0 4 51 0 0 0 38 14 75 67 17 0 74 0 15 47 0 60 55 2 0 0 9 37 1 64 71 5 0 0 0 0 42 0 0 51 29 0 78 13 34 0 65 29 0 93 0 0 34 18 
0 62 0 0 0 98 47 0 0 0 35 42 32 0 95 84 51 76 0 30 0 74 0 0 0 28 17 63 14 16 0 36 29 0 95 96 100 62 35 87 19 34 0 80 99 79 34 45 85 54 47 54 64 60 0 0 0 43 0 52 0 92 39 76 0 58 0 51 0 64 20 9 0 80 0 0 13 84 78 63 48 0 0 9 8 3 68 0 3 0 31 8 96 32 3 0 0 77 0 0 
6 6 0 0 27 37 56 0 93 0 0 86 74 22 54 88 84 0 0 98 90 35 0 0 71 11 47 1 70 21 22 17 89 66 49 84 26 26 49 0 0 0 93 34 36 6 0 35 0 50 0 52 85 0 38 0 0 62 0 0 0 63 0 79 0 34 0 82 68 10 30 37 0 0 43 92 0 0 63 12 0 0 47 95 78 19 1 28 0 0 0 16 4 43 62 0 0 98 99 42 
9 0 76 27 57 11 0 37 97 28 0 62 20 0 48 81 45 27 30 73 95 7 0 36 0 0 100 0 82 41 0 59 0 0 42 0 32 13 57 42 62 71 0 17 59 34 0 10 0 0 0 0 0 0 14 43 62 0 23 0 0 20 0 37 53 26 4 0 91 22 0 0 43 1 64 0 5 21 18 0 10 66 0 59 79 35 0 27 0 0 46 52 24 0 0 7 89 0 0 70 
45 0 0 0 61 0 53 0 14 0 0 15 97 0 0 0 39 91 29 7 40 0 0 61 0 0 0 0 70 0 0 83 61 65 69 0 59 18 25 64 0 15 33 0 0 43 14 55 10 0 0 0 43 43 75 0 0 23 0 91 0 42 58 35 80 0 9 0 0 56 24 33 51 70 95 80 100 0 50 51 96 0 0 0 62 83 37 46 66 0 35 31 23 61 7 51 90 0 40 0 
84 70 57 70 0 72 21 3 0 55 9 96 66 0 37 13 0 26 0 0 80 91 0 93 0 16 7 73 56 0 37 0 50 45 5 56 0 79 7 0 20 88 0 53 0 0 72 0 6 1 0 0 0 39 67 52 0 0 91 0 0 0 0 95 65 0 88 70 31 0 60 0 7 0 18 0 79 37 0 0 83 78 0 90 37 0 68 0 40 27 0 74 76 19 0 0 0 0 23 99 
0 23 94 0 17 0 73 0 41 2 63 41 28 38 74 18 0 57 25 0 75 23 0 57 13 57 59 8 10 29 28 0 38 0 0 65 45 46 0 15 0 13 86 98 62 6 54 0 52 64 0 43 69 58 17 0 0 0 0 0 0 67 0 0 16 84 53 0 90 10 0 61 67 81 0 0 5 0 84 22 0 0 53 0 0 37 55 0 0 0 0 70 27 27 26 0 0 0 48 0 
74 58 0 34 73 0 0 0 20 23 27 30 82 0 51 0 61 98 0 9 40 22 0 21 0 0 0 44 61 20 99 50 0 29 14 0 17 40 69 0 54 78 50 63 57 30 0 51 16 27 15 69 75 73 0 92 63 20 42 0 67 0 97 0 49 76 9 42 2 83 0 82 0 43 0 0 100 54 97 10 0 81 0 0 14 55 15 0 56 8 98 0 2 0 0 55 10 40 42 8 
0 84 0 0 93 0 29 13 0 4 10 93 57 0 0 0 83 0 0 3 0 52 44 56 0 46 65 35 0 43 27 4 74 59 13 0 64 26 0 78 0 0 34 0 40 0 26 28 0 0 12 0 61 0 74 39 0 0 58 0 0 97 0 74 14 2 38 0 52 13 0 93 33 43 0 12 79 5 81 17 98 62 19 20 73 89 0 0 0 0 21 0 2 0 0 0 90 71 82 0 
47 71 0 0 54 44 5 94 34 46 0 0 0 77 45 0 64 4 0 0 0 90 0 94 0 0 6 0 60 51 9 0 0 86 9 15 76 62 0 100 0 0 0 0 0 40 18 29 36 0 86 51 62 0 0 76 79 37 35 95 0 0 74 0 0 0 87 0 56 11 80 50 0 46 31 81 0 0 11 34 33 71 56 95 78 19 2 95 49 83 95 0 0 79 0 93 0 0 73 17 
39 41 0 0 0 68 80 0 0 0 78 97 85 40 94 0 92 43 0 0 55 93 0 0 87 5 18 63 0 28 0 50 0 20 0 0 78 0 14 76 20 0 0 0 0 0 55 0 6 0 32 92 0 87 15 0 0 53 80 65 16 49 14 0 0 62 74 49 0 37 0 0 85 0 0 0 79 25 10 0 51 55 0 100 0 0 0 24 28 56 0 0 80 95 77 3 0 24 29 95 
80 75 24 74 53 83 90 14 62 0 0 0 0 72 0 74 9 2 0 0 0 0 20 0 84 61 0 53 0 13 2 56 24 54 47 0 0 2 73 11 58 41 0 99 76 77 43 97 0 23 0 0 99 46 47 58 34 26 0 0 84 76 2 0 62 0 40 53 32 42 90 5 0 0 0 0 35 0 34 0 34 67 23 0 0 73 0 78 0 8 55 12 0 97 0 0 36 0 0 0 
33 80 29 55 75 55 23 0 0 97 70 90 7 82 0 0 21 7 2 70 37 25 0 64 0 56 0 37 85 18 79 0 33 0 0 0 0 0 0 63 16 84 0 72 46 85 0 0 0 88 35 18 96 0 0 0 0 4 9 88 53 9 38 87 74 40 0 0 83 28 13 23 0 0 9 53 0 58 0 94 32 6 0 36 34 91 0 96 0 6 30 31 0 57 0 0 0 0 0 88 
30 0 0 0 87 96 22 59 0 56 50 0 0 0 68 76 49 0 74 49 0 56 0 0 0 0 0 18 51 43 0 52 75 89 0 82 43 6 11 12 88 73 0 23 0 0 0 0 8 37 51 0 2 62 60 51 82 0 0 70 0 42 0 0 49 53 0 0 99 20 80 0 95 75 41 49 91 0 83 0 0 55 13 0 50 0 0 0 0 32 3 1 22 0 0 0 44 80 82 0 
33 65 54 88 84 0 0 64 0 0 43 93 25 0 0 17 0 0 75 49 53 13 32 9 34 83 5 0 38 0 0 12 59 0 47 5 11 93 7 0 52 76 92 52 0 44 85 100 59 0 0 100 29 57 55 0 68 91 0 31 90 2 52 56 0 32 83 99 0 0 59 0 35 23 0 0 0 0 26 0 63 87 95 35 96 64 10 0 21 61 0 37 0 19 28 84 90 11 84 71 
0 66 0 79 0 78 0 0 64 39 19 0 0 100 4 13 0 30 57 94 29 27 63 47 40 96 0 35 0 12 82 0 91 95 61 90 70 0 83 0 85 0 9 67 17 0 76 0 74 0 6 23 0 45 2 64 10 22 56 0 10 83 13 11 37 42 28 20 0 0 6 0 1 0 100 21 52 99 100 0 53 72 0 0 68 50 86 97 0 3 0 29 89 49 23 0 4 72 0 89 
78 38 97 90 16 0 0 98 89 54 0 77 54 0 7 11 83 0 69 8 3 0 36 89 23 0 0 32 31 73 0 14 83 43 0 18 9 82 55 61 66 36 0 96 100 51 43 0 0 0 0 30 76 43 0 20 30 0 24 60 0 0 0 80 0 90 13 80 59 6 0 66 0 0 39 61 82 0 88 0 97 51 28 77 27 21 5 0 2 34 3 90 0 0 14 79 0 42 0 58 
18 64 0 0 3 10 81 75 11 0 42 64 47 88 23 100 37 10 14 41 43 9 0 2 62 26 0 63 87 82 97 4 0 4 0 0 0 51 87 82 27 0 10 45 97 84 67 0 27 34 46 28 54 0 0 9 37 0 33 0 61 82 93 50 0 5 23 0 0 0 66 0 54 1 83 71 74 0 40 29 84 99 75 75 0 0 0 0 0 27 14 64 54 65 20 82 0 0 0 0 
32 86 42 59 0 90 62 0 0 70 0 85 74 40 61 71 0 63 96 0 3 17 0 37 0 15 100 56 0 0 61 0 60 0 0 0 37 98 0 43 0 0 65 0 79 0 84 74 0 9 51 90 0 0 9 0 0 43 51 7 67 0 33 0 85 0 0 95 35 1 0 54 0 64 21 0 0 90 0 0 0 0 20 23 8 89 0 22 97 0 0 86 0 71 0 41 48 16 66 0 
0 29 32 87 60 64 0 47 0 52 0 72 79 96 0 21 6 2 64 0 0 16 79 12 10 64 0 27 0 30 21 63 0 18 14 0 51 0 88 0 0 0 0 0 0 65 21 34 0 73 60 36 0 0 37 80 0 1 70 0 81 43 43 46 0 0 0 75 23 0 0 1 64 0 79 100 0 34 0 0 0 93 0 31 31 96 24 98 24 0 83 0 18 56 0 43 12 46 0 54 
0 16 0 6 0 76 70 81 31 0 0 81 3 32 0 0 0 0 43 0 72 59 0 0 0 96 0 78 0 0 92 38 48 55 29 61 69 56 9 28 70 63 0 60 84 0 54 0 0 0 23 23 31 23 1 0 43 64 95 18 0 0 0 31 0 0 9 41 0 100 39 83 21 79 0 9 19 71 59 0 93 6 80 91 74 19 0 0 73 0 0 0 8 0 85 9 95 0 6 0 
23 56 47 15 44 0 34 98 31 0 80 58 0 3 24 0 81 0 61 33 76 71 39 14 0 88 0 68 82 0 0 49 22 12 65 0 24 0 42 14 0 4 0 31 34 49 64 0 93 90 97 0 24 26 64 0 92 0 80 0 0 0 12 81 0 0 53 49 0 21 61 71 0 100 9 0 16 0 0 14 57 70 79 17 29 0 86 81 44 80 82 0 17 62 0 25 94 6 0 2 
32 98 96 5 1 63 44 0 0 64 58 94 51 0 0 0 0 95 0 88 85 0 44 39 0 98 0 22 5 0 39 80 11 48 1 50 11 61 36 0 47 13 27 0 17 0 0 0 30 0 80 0 0 72 71 13 0 5 100 79 5 100 79 0 79 35 0 91 0 52 82 74 0 0 19 16 0 0 58 93 26 97 39 47 68 50 22 0 1 70 84 73 2 0 36 96 70 32 0 15 
82 0 57 2 0 11 6 67 0 32 20 95 58 0 0 70 9 76 0 95 19 48 46 41 29 76 0 0 6 61 13 89 0 50 0 13 81 17 0 30 19 26 75 29 60 0 27 0 0 9 62 55 20 22 5 84 0 21 0 37 0 54 5 0 25 0 58 0 0 99 0 0 90 34 71 0 0 0 0 24 91 94 0 84 0 95 6 29 99 51 0 88 49 46 0 0 34 0 93 38 
0 32 0 66 0 47 30 83 45 0 0 0 33 0 23 29 0 32 25 48 89 0 0 0 0 55 5 90 97 39 0 2 38 0 0 100 80 0 76 0 49 0 45 0 2 43 73 2 97 98 0 0 31 0 0 78 63 18 50 0 84 97 81 11 10 34 0 83 26 100 88 40 0 0 59 0 58 0 0 37 16 0 0 0 32 48 12 0 97 0 88 61 3 0 98 78 18 15 42 5 
76 0 44 16 83 62 0 74 0 91 0 17 14 0 0 33 97 95 0 99 0 69 9 52 13 68 0 0 0 93 0 75 13 19 100 88 0 0 0 0 0 17 0 60 0 0 91 91 0 18 1 14 0 0 0 63 12 0 51 0 22 10 17 34 0 0 94 0 0 0 0 29 0 0 0 14 93 24 37 0 5 0 9 38 0 91 63 0 51 73 0 19 31 80 44 19 41 0 0 16 
0 68 30 0 15 2 38 16 77 99 65 87 40 0 48 35 31 66 81 0 0 0 0 20 89 0 97 17 20 27 75 1 0 55 85 0 99 0 0 0 0 54 86 74 0 93 0 0 41 68 78 0 43 34 0 48 0 10 96 83 0 0 98 33 51 34 32 0 63 53 97 84 0 0 93 57 26 91 16 5 0 66 76 38 0 5 0 56 2 11 16 56 14 0 71 84 78 0 51 36 
77 98 60 25 58 27 33 64 59 95 0 46 0 66 57 48 0 26 0 0 53 28 0 14 45 45 69 3 0 42 4 0 0 55 32 0 55 8 72 49 80 5 0 55 24 30 0 0 88 0 0 0 0 0 0 0 0 66 0 78 0 81 62 71 55 67 6 55 87 72 51 99 0 93 6 70 97 94 0 0 66 0 9 66 0 94 70 46 47 46 22 70 39 82 36 54 81 0 0 53 
27 75 0 30 0 0 98 76 0 77 68 0 0 0 30 0 0 44 87 0 0 84 0 34 0 36 36 13 2 0 58 79 57 0 0 72 0 1 0 0 31 5 54 0 3 0 90 14 0 1 59 13 32 0 42 0 47 0 0 0 53 0 19 56 0 23 0 13 95 0 28 75 20 0 80 79 39 0 0 9 76 9 0 0 0 0 0 51 0 0 0 38 0 57 0 79 0 17 0 0 
80 80 12 7 0 45 0 0 0 0 0 75 0 21 42 0 11 97 48 42 89 65 4 9 0 0 0 0 0 29 60 0 91 63 18 70 19 36 0 11 83 23 74 0 86 0 48 32 36 12 0 37 94 0 0 9 95 59 0 90 0 0 20 95 100 0 36 0 35 0 77 75 23 31 91 17 47 84 0 38 38 66 0 0 75 0 41 80 5 18 90 0 0 39 87 67 0 22 0 41 
57 0 40 89 16 0 64 5 9 92 75 21 46 83 24 75 41 57 0 0 30 76 0 0 4 83 0 29 14 36 30 24 0 0 26 45 42 93 52 0 0 90 2 31 0 89 77 0 31 0 33 25 0 0 0 8 78 79 62 37 0 14 73 78 0 0 34 50 96 68 27 0 8 31 74 29 68 0 32 0 0 0 0 75 0 35 57 0 79 0 0 0 38 58 38 31 0 76 44 95 
31 66 0 0 0 35 46 0 0 89 76 0 45 39 0 88 78 68 0 0 77 0 34 0 0 61 80 0 82 0 0 0 40 3 0 69 0 39 0 84 0 86 1 17 83 0 0 0 41 15 0 49 10 0 51 3 19 35 83 0 37 55 89 19 0 73 91 0 64 50 21 0 89 96 19 0 50 95 48 91 5 94 0 0 35 0 10 0 10 57 95 0 0 71 0 55 53 0 27 0 
3 10 98 5 0 23 89 2 11 7 58 0 90 73 78 27 46 72 0 92 65 33 68 95 0 24 39 0 0 61 63 47 0 0 0 33 0 87 93 0 98 0 14 38 22 0 0 0 0 51 0 38 0 71 29 68 1 0 37 68 55 15 0 2 0 0 0 0 10 86 5 0 0 24 0 86 22 6 12 63 0 70 0 41 57 10 0 21 0 76 63 0 97 0 8 0 0 0 44 67 
63 0 18 11 90 0 53 0 30 0 0 83 59 38 73 0 88 86 0 8 73 34 0 60 0 16 0 37 0 0 7 23 0 0 0 63 57 90 28 0 100 0 0 0 44 93 61 9 41 46 0 94 97 0 0 0 28 27 46 0 0 0 0 95 24 78 96 0 0 97 0 0 22 98 0 81 0 29 0 0 56 46 51 80 0 0 21 0 87 6 0 46 0 0 0 32 0 0 24 36 
35 95 40 19 43 91 0 30 0 100 83 0 3 53 0 28 93 0 94 83 93 0 0 29 0 90 94 0 52 26 0 70 73 0 43 89 0 0 0 23 62 27 0 0 11 22 0 1 17 6 0 0 19 0 78 3 0 0 66 40 0 56 0 49 28 0 0 0 21 0 2 0 97 24 73 44 1 99 97 51 2 47 0 5 79 10 0 87 0 92 78 74 0 48 34 0 74 0 96 72 
95 0 3 0 4 56 0 30 86 35 62 0 0 3 0 0 8 69 0 54 0 0 0 0 76 0 88 89 0 0 5 36 61 16 45 94 0 84 0 0 68 74 12 0 0 64 34 39 85 44 0 0 0 47 13 0 0 0 0 27 0 8 0 83 56 8 6 32 61 3 34 27 0 0 0 80 70 51 0 73 11 46 0 18 0 57 76 6 92 0 74 6 6 80 92 54 68 75 47 64 
0 83 71 0 42 0 51 33 0 21 75 35 21 0 50 4 0 66 27 9 0 0 0 23 63 22 16 39 0 0 61 42 0 100 46 0 48 97 13 0 0 96 60 0 0 68 84 63 44 66 0 7 48 0 34 31 0 46 35 0 0 98 21 95 0 55 30 3 0 0 3 14 0 83 0 82 84 0 88 0 16 22 0 90 0 95 63 0 78 74 0 59 4 17 0 96 9 1 83 59 
0 13 45 0 46 42 80 64 18 80 40 85 68 1 47 36 0 97 0 18 0 89 42 50 0 76 82 0 60 39 0 0 0 0 70 0 58 74 0 56 0 85 0 0 0 55 0 57 47 0 0 65 0 0 0 8 16 52 31 74 70 0 0 0 0 12 31 1 37 29 90 64 86 0 0 0 73 88 61 19 56 70 38 0 0 0 0 46 74 6 59 0 37 43 51 0 0 14 0 38 
16 0 68 32 78 53 38 82 59 0 96 17 85 66 0 80 26 0 93 0 1 10 0 27 46 78 0 13 0 0 19 78 24 0 0 5 87 0 44 60 81 99 22 35 0 0 31 0 46 62 0 64 79 8 65 96 4 24 23 76 27 2 2 0 80 0 0 22 0 89 0 54 0 18 8 17 2 49 3 31 14 39 0 0 38 0 97 0 0 6 4 37 0 0 0 5 0 0 0 85 
60 15 0 24 21 90 32 98 0 0 79 91 38 42 0 0 78 41 93 29 93 38 99 50 0 86 0 0 0 0 18 9 0 0 0 45 0 0 25 77 0 87 22 55 94 5 0 43 0 50 0 39 51 78 29 32 43 0 61 19 27 0 0 79 95 97 57 0 19 49 0 65 71 56 0 62 0 46 0 80 0 82 57 39 58 71 0 0 48 80 17 43 0 0 89 0 0 54 0 0 
0 82 46 0 74 82 0 80 0 72 66 0 0 61 86 73 61 25 0 5 92 64 12 0 62 70 0 49 75 89 71 64 0 0 0 0 51 0 39 0 0 100 0 66 100 0 0 45 63 0 0 0 0 0 0 3 62 0 7 0 26 0 0 0 77 0 0 0 28 23 14 20 0 0 85 0 36 0 98 44 71 36 0 87 38 0 8 0 34 92 0 51 0 89 0 15 0 99 97 50 
0 24 18 11 11 69 0 60 0 85 0 31 26 0 0 77 34 0 0 0 25 0 0 16 47 0 0 0 0 35 10 36 0 96 54 0 66 9 69 94 77 53 0 0 50 0 27 11 0 98 93 18 0 99 93 0 0 7 51 0 0 55 0 93 3 0 0 0 84 0 79 82 41 43 9 25 96 0 78 19 84 54 79 67 31 55 0 32 0 54 96 0 5 0 15 0 15 74 24 29 
90 0 78 0 0 54 59 54 97 25 0 22 91 65 0 0 24 6 8 60 100 7 44 23 0 37 0 70 0 62 68 68 0 0 70 3 11 0 30 42 3 0 68 15 0 70 6 0 0 65 45 70 14 28 0 0 0 89 90 0 0 10 90 0 0 36 0 44 90 4 0 0 48 12 95 94 70 34 18 41 78 81 0 0 0 53 0 0 74 68 9 0 0 0 0 15 0 0 56 0 
0 0 8 96 0 0 0 0 0 0 65 60 0 0 48 30 0 97 71 0 53 0 0 0 0 4 0 83 67 0 70 36 53 16 0 0 13 27 48 65 100 92 24 0 83 3 0 36 47 0 36 34 82 61 0 77 98 0 0 0 0 40 71 0 24 0 0 80 11 72 42 0 16 46 0 6 32 0 15 0 0 0 17 22 76 0 0 0 0 75 1 14 0 54 99 74 0 0 54 45 
43 0 71 0 0 0 71 0 3 76 0 0 0 0 0 18 24 9 0 0 0 0 0 77 69 0 0 63 35 17 59 0 95 0 4 0 0 36 99 85 54 0 99 0 0 0 0 75 0 0 71 36 70 67 34 0 99 0 40 23 48 42 82 73 29 0 0 82 84 0 0 0 66 0 6 0 0 93 42 0 51 0 0 0 44 27 44 24 96 47 83 0 0 0 97 24 56 54 0 43 
39 63 50 0 64 4 29 0 0 43 59 22 74 89 44 0 96 61 0 0 34 80 0 44 95 79 75 84 99 95 35 55 70 18 0 58 0 8 0 0 0 0 90 55 54 67 81 40 94 0 0 14 0 92 18 0 42 70 0 99 0 8 0 17 95 0 88 0 71 89 58 0 0 54 0 2 15 38 5 16 36 53 0 41 95 0 67 36 72 64 59 38 85 0 50 29 0 45 43 0 
