0 0 0 0 0 0 0 0 0 0 0 0 0 0 0 0 0 0 0 0 36 0 0 0 0 0 0 0 0 0 0 0 0 0 0 0 0 0 0 0 0 74 0 49 0 0 0 0 0 86 0 0 0 0 0 0 0 0 0 0 0 0 0 0 58 0 0 0 0 0 0 0 0 0 0 29 0 0 0 0 0 0 0 38 0 0 0 0 0 63 0 0 0 0 0 0 0 0 0 0 
0 0 0 0 0 0 0 0 0 0 0 0 6 0 0 0 0 0 0 0 0 0 0 0 43 0 0 0 0 0 0 0 0 0 0 0 0 0 0 0 0 0 0 0 0 0 0 0 0 0 0 33 0 0 0 0 0 0 0 0 0 0 70 0 0 0 0 0 0 0 0 0 0 0 0 0 0 0 0 0 0 0 0 0 0 0 0 14 0 68 0 0 0 0 0 0 0 0 0 0 
0 0 0 0 0 0 0 0 91 5 0 0 0 0 0 0 0 0 0 0 0 0 0 0 0 0 0 0 0 0 0 0 0 0 0 0 0 0 0 61 0 0 0 0 0 0 0 0 0 0 0 0 0 0 0 0 0 0 0 0 48 0 0 0 71 0 0 0 0 0 0 0 0 0 0 0 0 0 0 0 0 0 0 11 0 0 0 0 0 81 0 0 0 0 0 0 0 0 45 0 
0 0 0 0 0 95 0 0 0 0 0 0 0 0 0 0 0 0 0 21 0 0 0 0 0 61 0 0 0 0 0 18 0 0 0 0 0 23 95 0 0 0 0 0 0 0 0 0 0 0 35 0 0 10 0 0 0 0 0 0 0 0 0 74 0 0 0 0 0 0 0 0 0 7 0 0 0 0 0 0 0 0 0 0 0 0 0 0 0 0 0 0 0 0 0 0 0 0 0 5 
0 0 0 0 0 0 0 0 52 0 0 0 0 0 0 0 0 13 0 0 0 0 0 0 0 0 100 0 0 4 0 0 0 0 0 0 0 0 0 92 0 0 0 0 0 0 3 0 7 0 0 0 0 0 0 0 67 27 0 0 0 0 0 0 0 0 0 0 0 0 0 0 0 0 0 0 0 0 0 0 0 0 0 0 64 0 0 0 0 0 0 0 0 0 0 0 0 0 0 0 
0 0 0 95 0 0 0 0 0 0 0 0 0 0 51 0 0 0 0 0 0 0 0 0 0 0 0 0 0 0 0 0 0 0 0 0 0 0 0 0 0 0 0 3 0 0 0 0 0 41 0 0 0 0 0 0 0 70 0 0 0 0 0 0 0 0 0 0 16 0 0 0 0 0 0 0 0 0 0 59 0 0 0 0 0 0 0 0 0 67 93 0 0 0 0 0 0 0 0 56 
0 0 0 0 0 0 0 0 0 0 14 70 0 0 0 0 0 0 0 0 0 0 0 0 0 0 83 0 0 86 0 0 0 0 0 0 0 0 0 0 0 0 0 0 0 0 0 0 0 72 0 0 0 0 0 0 0 0 0 0 0 0 0 0 0 0 0 0 0 0 0 0 0 0 0 0 0 19 0 0 0 0 0 0 0 0 0 0 0 0 0 0 0 0 0 0 0 0 0 0 
0 0 0 0 0 0 0 0 0 0 0 0 56 0 0 0 88 0 0 49 0 0 0 17 0 0 0 0 0 0 0 0 0 0 0 0 0 0 0 0 0 0 0 51 0 0 0 0 0 0 0 0 0 19 0 0 0 0 0 0 89 0 0 0 0 0 0 0 0 0 0 33 0 4 0 6 0 0 0 0 0 0 0 5 0 0 0 0 0 0 0 0 0 0 0 0 0 51 0 0 
0 0 91 0 52 0 0 0 0 0 0 0 0 0 0 0 0 0 0 0 0 0 0 0 0 0 0 0 0 0 0 0 0 0 0 0 0 0 0 66 0 0 0 0 0 0 0 93 0 0 0 0 0 0 0 0 0 12 0 0 0 0 0 0 0 0 0 0 0 0 0 0 0 0 0 0 0 0 100 0 0 0 0 0 91 0 100 0 0 0 0 0 75 0 0 0 0 0 0 0 
0 0 5 0 0 0 0 0 0 0 0 0 0 0 0 0 0 0 62 0 5 82 0 0 0 0 0 0 0 0 0 0 0 0 0 0 0 0 0 19 0 0 0 0 0 0 0 0 0 0 0 0 0 0 29 0 0 0 0 0 0 0 0 0 0 0 0 0 0 0 0 0 81 0 0 0 0 0 0 0 0 0 0 0 0 0 0 0 0 0 0 0 0 0 0 0 0 0 0 0 
0 0 0 0 0 0 14 0 0 0 0 0 0 0 0 0 0 0 0 16 0 0 0 0 0 0 28 0 0 0 0 0 0 0 0 0 0 0 0 0 0 0 0 0 0 0 0 0 0 0 0 0 0 0 0 0 0 0 0 0 0 0 0 0 0 0 0 0 0 0 0 0 0 0 0 0 0 0 0 0 0 0 0 0 0 0 0 9 0 0 0 0 84 0 0 0 0 0 96 0 
0 0 0 0 0 0 70 0 0 0 0 0 0 0 0 0 38 0 0 83 0 0 0 0 0 0 0 0 0 21 0 0 0 36 0 0 0 0 0 9 0 0 0 79 0 0 0 63 51 0 0 0 0 0 0 0 0 0 0 0 0 0 0 0 0 0 0 0 0 0 0 0 0 0 0 0 0 0 74 0 0 0 0 0 0 0 0 0 0 0 0 0 0 0 0 0 2 0 78 0 
0 6 0 0 0 0 0 56 0 0 0 0 0 76 0 0 0 0 81 21 0 31 0 0 0 0 0 0 0 0 0 67 0 0 0 3 0 0 0 0 0 0 0 0 35 0 0 0 0 0 0 0 0 0 0 0 0 0 0 0 0 0 0 0 0 0 0 0 0 0 0 0 0 0 0 0 0 0 0 0 0 0 0 0 0 0 0 0 0 0 0 0 0 69 0 0 0 0 94 0 
0 0 0 0 0 0 0 0 0 0 0 0 76 0 0 98 0 0 0 0 0 0 0 0 0 0 0 0 0 0 0 0 63 0 0 0 0 0 0 40 0 0 0 0 0 0 0 38 0 0 0 28 0 0 0 0 0 0 35 0 0 0 65 0 0 0 0 0 0 0 0 0 0 0 0 0 0 0 0 0 0 0 94 10 0 0 0 0 0 0 0 0 0 0 0 50 0 0 0 0 
0 0 0 0 0 51 0 0 0 0 0 0 0 0 0 0 100 0 0 0 0 0 0 0 0 0 0 97 0 0 0 0 0 0 0 0 0 0 0 0 66 0 0 0 0 0 0 0 0 0 0 56 0 0 0 0 0 0 0 0 0 0 0 0 67 0 0 24 0 0 0 0 10 0 0 0 0 0 0 0 0 0 88 0 0 45 0 0 0 0 0 0 0 25 0 0 71 0 0 0 
0 0 0 0 0 0 0 0 0 0 0 0 0 98 0 0 0 0 0 0 0 0 0 0 0 0 0 0 0 0 0 0 0 0 96 0 0 0 0 0 0 0 0 0 0 0 0 0 0 79 0 0 0 0 0 42 0 0 0 0 10 0 0 0 95 0 0 0 0 0 0 0 0 0 0 25 0 0 0 0 86 0 0 0 0 0 0 0 0 0 0 0 0 0 0 0 0 0 0 0 
0 0 0 0 0 0 0 88 0 0 0 38 0 0 100 0 0 61 0 0 0 0 0 0 0 0 0 0 0 0 0 0 0 0 0 0 0 0 85 0 0 0 0 0 0 0 0 0 0 0 50 0 0 0 0 0 0 0 0 0 0 0 0 0 0 0 0 38 0 0 0 0 0 0 0 0 0 0 0 0 0 0 0 0 0 0 0 0 0 0 26 0 0 0 0 0 53 0 0 0 
0 0 0 0 13 0 0 0 0 0 0 0 0 0 0 0 61 0 0 0 0 0 0 0 0 0 0 60 0 0 0 0 42 57 0 0 0 0 0 0 0 0 0 0 0 0 0 0 69 0 0 0 0 0 0 0 0 0 0 0 0 0 0 0 0 0 0 0 0 0 5 0 0 0 0 94 57 0 0 32 0 0 0 0 0 0 0 0 0 0 8 0 0 0 0 0 0 0 0 0 
0 0 0 0 0 0 0 0 0 62 0 0 81 0 0 0 0 0 0 0 0 0 40 0 0 0 0 0 0 0 0 0 0 0 0 0 30 0 0 44 0 0 0 0 0 0 0 54 0 0 0 0 0 0 0 0 0 0 44 0 0 0 0 0 0 0 0 0 0 0 0 0 0 0 0 0 0 29 19 0 0 28 0 0 30 0 0 0 0 0 0 0 0 0 0 0 0 0 0 0 
0 0 0 21 0 0 0 49 0 0 16 83 21 0 0 0 0 0 0 0 0 0 48 0 0 0 0 0 0 0 0 0 0 0 20 77 0 0 0 0 0 0 0 3 0 0 0 0 0 0 0 0 0 0 0 0 0 0 12 0 0 0 0 0 0 0 0 0 0 0 0 0 31 0 0 0 0 0 0 0 0 0 0 0 0 94 0 0 0 0 0 0 0 0 0 0 0 0 0 0 
36 0 0 0 0 0 0 0 0 5 0 0 0 0 0 0 0 0 0 0 0 0 0 0 0 58 0 0 0 0 35 0 0 0 2 0 0 0 0 0 0 0 0 83 15 0 0 0 0 0 0 55 18 98 0 0 0 0 0 0 0 0 0 62 0 0 0 0 0 0 22 0 0 0 0 0 0 0 0 0 20 0 61 0 0 0 0 0 0 0 0 0 0 0 0 0 0 0 0 0 
0 0 0 0 0 0 0 0 0 82 0 0 31 0 0 0 0 0 0 0 0 0 0 67 0 0 60 0 0 0 0 0 0 0 0 0 0 0 0 0 0 0 0 0 0 0 0 0 0 86 0 94 0 0 0 0 0 0 0 0 0 37 0 0 0 54 0 0 68 0 0 0 0 93 0 0 0 0 0 0 0 0 60 0 0 0 0 81 0 0 0 0 0 0 0 0 0 0 0 0 
0 0 0 0 0 0 0 0 0 0 0 0 0 0 0 0 0 0 40 48 0 0 0 71 0 0 78 0 0 15 0 0 0 0 0 99 0 0 0 0 0 0 0 0 0 22 0 0 0 0 0 0 0 0 2 0 0 0 0 0 0 0 0 0 0 0 0 0 0 0 0 0 0 0 0 0 0 26 0 0 0 0 0 98 0 0 0 0 0 0 0 100 0 0 0 0 0 0 0 13 
0 0 0 0 0 0 0 17 0 0 0 0 0 0 0 0 0 0 0 0 0 67 71 0 0 34 0 0 0 0 0 0 0 0 0 0 60 0 0 0 0 0 0 47 0 0 58 0 0 5 0 0 75 0 11 0 83 0 0 0 0 0 0 0 0 0 0 0 0 0 0 0 0 27 0 0 0 0 0 0 0 0 0 0 0 0 0 68 0 0 90 0 0 0 33 0 0 0 0 0 
0 43 0 0 0 0 0 0 0 0 0 0 0 0 0 0 0 0 0 0 0 0 0 0 0 0 0 0 0 41 0 0 0 0 0 0 0 43 0 0 50 0 0 0 0 87 0 0 0 33 0 0 0 0 0 72 0 0 0 0 0 0 48 0 0 0 0 0 0 0 0 0 0 32 0 0 0 10 0 0 0 0 0 0 0 0 0 0 0 0 27 0 26 0 0 0 0 0 0 0 
0 0 0 61 0 0 0 0 0 0 0 0 0 0 0 0 0 0 0 0 58 0 0 34 0 0 0 0 0 0 0 0 0 0 0 0 0 0 0 0 0 79 0 0 0 0 0 0 0 0 0 0 0 0 0 0 0 0 0 0 0 0 0 10 0 0 0 0 6 71 0 0 0 0 0 0 0 0 0 0 0 0 0 0 85 0 0 0 57 57 0 0 0 0 0 95 0 0 0 0 
0 0 0 0 100 0 83 0 0 0 28 0 0 0 0 0 0 0 0 0 0 60 78 0 0 0 0 0 0 0 0 0 51 0 0 0 0 0 17 0 0 0 0 0 0 0 0 0 51 0 0 0 0 0 0 0 0 0 0 0 0 0 0 0 0 0 0 0 0 0 0 16 0 0 0 0 0 0 0 0 0 0 0 0 0 0 0 0 0 0 0 0 0 0 0 0 0 0 0 0 
0 0 0 0 0 0 0 0 0 0 0 0 0 0 97 0 0 60 0 0 0 0 0 0 0 0 0 0 0 0 0 0 0 0 0 0 0 0 0 0 0 0 0 0 0 0 95 0 0 4 70 0 0 46 2 0 0 0 0 0 0 0 0 0 52 0 0 0 0 31 0 0 3 0 0 0 0 2 0 0 0 0 0 0 0 0 0 0 16 0 58 0 46 0 0 0 0 0 0 28 
0 0 0 0 0 0 0 0 0 0 0 0 0 0 0 0 0 0 0 0 0 0 0 0 0 0 0 0 0 82 0 0 0 0 0 0 0 0 0 0 0 96 0 0 0 0 0 0 0 42 0 0 0 0 0 0 0 99 0 0 0 0 0 0 0 0 29 0 0 0 0 0 51 0 0 0 0 0 0 0 0 0 0 0 42 0 0 0 0 0 0 0 0 0 0 0 0 0 30 0 
0 0 0 0 4 0 86 0 0 0 0 21 0 0 0 0 0 0 0 0 0 0 15 0 41 0 0 0 82 0 0 0 0 0 0 0 0 0 0 0 0 0 0 0 0 0 83 0 0 0 0 0 0 0 0 0 89 0 0 0 38 0 0 0 0 0 0 0 0 0 0 0 0 0 0 0 16 0 0 0 0 0 0 53 0 62 0 0 10 0 29 0 0 0 0 0 0 0 0 0 
0 0 0 0 0 0 0 0 0 0 0 0 0 0 0 0 0 0 0 0 35 0 0 0 0 0 0 0 0 0 0 0 0 15 0 29 0 0 0 0 0 58 0 0 0 0 0 0 24 0 0 0 0 0 0 0 0 0 0 0 0 0 0 0 0 0 0 0 0 30 0 0 0 0 0 0 0 0 0 0 0 0 0 0 0 38 0 0 40 0 0 0 0 0 68 17 0 0 0 0 
0 0 0 18 0 0 0 0 0 0 0 0 67 0 0 0 0 0 0 0 0 0 0 0 0 0 0 0 0 0 0 0 0 0 0 0 0 51 0 0 0 0 0 0 0 0 0 0 0 0 0 0 0 72 0 0 0 0 0 0 0 0 0 0 0 0 0 0 0 0 0 0 0 15 0 0 0 0 0 0 0 0 0 0 0 0 0 79 17 0 0 0 0 0 0 0 42 0 0 0 
0 0 0 0 0 0 0 0 0 0 0 0 0 63 0 0 0 42 0 0 0 0 0 0 0 0 51 0 0 0 0 0 0 58 0 0 0 0 0 0 38 0 56 0 0 0 44 0 0 0 0 0 0 0 0 0 86 0 0 0 0 0 0 0 0 0 0 6 0 0 0 21 48 28 0 65 0 20 0 0 0 0 0 0 0 0 0 0 55 0 0 0 0 0 0 0 0 0 0 0 
0 0 0 0 0 0 0 0 0 0 0 36 0 0 0 0 0 57 0 0 0 0 0 0 0 0 0 0 0 0 15 0 58 0 0 0 32 0 0 0 0 0 0 0 0 0 0 0 0 0 0 0 0 0 47 0 0 77 0 0 0 0 0 0 0 92 0 0 0 0 0 0 0 0 0 0 0 27 0 0 0 0 68 0 0 0 0 0 0 0 0 0 0 0 0 0 0 0 0 0 
0 0 0 0 0 0 0 0 0 0 0 0 0 0 0 96 0 0 0 20 2 0 0 0 0 0 0 0 0 0 0 0 0 0 0 0 0 0 0 0 0 0 0 0 0 0 23 0 0 0 0 55 0 24 46 0 0 0 0 0 0 0 0 0 48 70 0 0 59 0 0 0 0 0 40 0 0 0 0 65 0 0 0 0 0 0 0 0 0 0 0 0 0 0 0 0 0 0 62 0 
0 0 0 0 0 0 0 0 0 0 0 0 3 0 0 0 0 0 0 77 0 0 99 0 0 0 0 0 0 0 29 0 0 0 0 0 0 0 49 0 0 76 0 0 39 0 0 0 0 0 0 91 0 0 0 0 0 0 0 0 0 0 0 0 0 0 0 0 0 0 0 0 76 0 0 0 0 0 0 0 0 0 0 0 0 0 0 0 17 0 0 0 4 49 0 0 0 0 0 0 
0 0 0 0 0 0 0 0 0 0 0 0 0 0 0 0 0 0 30 0 0 0 0 60 0 0 0 0 0 0 0 0 0 32 0 0 0 0 0 0 0 0 0 0 0 0 0 0 0 0 27 49 0 0 40 0 0 0 0 0 0 0 0 0 0 0 23 0 0 0 0 0 0 0 0 95 0 0 0 0 0 0 0 0 0 0 47 0 0 0 0 0 0 80 0 73 75 0 0 0 
0 0 0 23 0 0 0 0 0 0 0 0 0 0 0 0 0 0 0 0 0 0 0 0 43 0 0 0 0 0 0 51 0 0 0 0 0 0 0 0 0 0 0 0 0 0 0 0 0 0 74 0 99 0 0 0 0 0 0 0 0 0 0 0 0 78 0 0 0 0 80 0 0 0 0 0 0 0 0 0 0 0 0 0 0 0 0 0 0 0 0 0 0 0 0 0 0 0 0 0 
0 0 0 95 0 0 0 0 0 0 0 0 0 0 0 0 85 0 0 0 0 0 0 0 0 0 17 0 0 0 0 0 0 0 0 49 0 0 0 0 0 73 0 0 0 0 0 0 0 0 0 0 0 0 0 0 0 0 0 0 0 0 0 0 0 0 16 0 0 72 0 0 0 0 0 0 0 0 0 0 0 0 0 0 0 19 0 0 0 0 0 0 0 0 0 42 0 0 0 0 
0 0 61 0 92 0 0 0 66 19 0 9 0 40 0 0 0 0 44 0 0 0 0 0 0 0 0 0 0 0 0 0 0 0 0 0 0 0 0 0 0 0 31 0 0 0 0 0 0 0 0 0 0 0 0 0 0 0 0 0 0 0 0 0 0 0 0 0 0 0 0 0 0 0 0 0 31 82 0 0 0 0 0 0 0 0 0 0 0 60 0 0 0 0 0 0 0 0 0 0 
0 0 0 0 0 0 0 0 0 0 0 0 0 0 66 0 0 0 0 0 0 0 0 0 50 0 0 0 0 0 0 0 38 0 0 0 0 0 0 0 0 0 0 0 0 0 0 0 0 0 0 0 0 0 0 0 0 0 0 0 0 0 0 0 35 0 0 0 0 0 0 0 0 0 0 0 42 0 0 0 0 0 0 0 0 0 0 0 33 0 0 98 0 0 0 0 0 0 10 0 
74 0 0 0 0 0 0 0 0 0 0 0 0 0 0 0 0 0 0 0 0 0 0 0 0 79 0 0 96 0 58 0 0 0 0 76 0 0 73 0 0 0 0 0 0 0 0 0 0 0 0 0 0 0 0 0 0 55 0 0 0 0 0 0 0 0 0 0 0 0 0 0 58 0 0 0 0 0 0 0 0 0 0 0 0 0 0 0 0 0 0 0 0 0 0 0 0 0 0 0 
0 0 0 0 0 0 0 0 0 0 0 0 0 0 0 0 0 0 0 0 0 0 0 0 0 0 0 0 0 0 0 0 56 0 0 0 0 0 0 31 0 0 0 0 0 0 0 0 0 0 0 0 46 93 0 0 0 0 0 0 0 0 0 0 0 0 0 0 0 0 0 0 0 0 0 0 0 97 0 0 0 0 0 74 0 37 0 0 0 0 0 0 0 0 0 0 0 0 0 0 
49 0 0 0 0 3 0 51 0 0 0 79 0 0 0 0 0 0 0 3 83 0 0 47 0 0 0 0 0 0 0 0 0 0 0 0 0 0 0 0 0 0 0 0 0 0 0 0 0 0 0 0 0 0 0 0 0 0 0 0 3 0 0 0 0 0 0 0 0 0 0 91 0 0 0 41 7 0 0 0 0 0 0 0 0 0 0 0 0 0 0 0 0 0 0 99 0 0 0 0 
0 0 0 0 0 0 0 0 0 0 0 0 35 0 0 0 0 0 0 0 15 0 0 0 0 0 0 0 0 0 0 0 0 0 0 39 0 0 0 0 0 0 0 0 0 0 0 0 34 0 0 0 0 0 0 0 0 5 0 0 0 42 0 0 0 0 0 0 0 0 0 0 0 0 0 0 0 31 0 0 0 0 0 0 0 0 0 8 0 22 88 0 0 0 0 0 0 0 0 0 
0 0 0 0 0 0 0 0 0 0 0 0 0 0 0 0 0 0 0 0 0 0 22 0 87 0 0 0 0 0 0 0 0 0 0 0 0 0 0 0 0 0 0 0 0 0 0 0 0 0 0 0 0 0 0 0 0 0 0 82 0 0 0 0 0 0 0 63 0 0 0 0 0 42 0 0 0 77 0 0 0 18 74 0 0 47 0 0 0 0 0 0 28 0 79 0 0 0 0 0 
0 0 0 0 3 0 0 0 0 0 0 0 0 0 0 0 0 0 0 0 0 0 0 58 0 0 0 95 0 83 0 0 44 0 23 0 0 0 0 0 0 0 0 0 0 0 0 0 0 0 0 0 0 0 0 0 33 0 0 0 0 0 0 0 0 100 0 6 0 0 0 0 0 0 0 0 0 0 0 39 0 0 0 0 0 0 12 0 0 0 0 0 0 0 0 0 0 0 23 0 
0 0 0 0 0 0 0 0 93 0 0 63 0 38 0 0 0 0 54 0 0 0 0 0 0 0 0 0 0 0 0 0 0 0 0 0 0 0 0 0 0 0 0 0 0 0 0 0 0 0 59 45 0 0 0 0 2 0 0 0 0 0 0 0 0 0 0 0 0 0 0 0 0 0 0 0 16 0 12 0 0 0 0 0 0 0 0 0 54 0 0 0 0 0 0 0 0 0 94 0 
0 0 0 0 7 0 0 0 0 0 0 51 0 0 0 0 0 69 0 0 0 0 0 0 0 0 51 0 0 0 24 0 0 0 0 0 0 0 0 0 0 0 0 0 34 0 0 0 0 0 0 0 0 97 0 0 0 0 0 0 0 41 0 0 0 0 0 0 0 0 0 0 0 76 0 0 0 0 48 0 0 0 61 0 0 0 0 0 0 0 0 0 0 0 0 0 0 2 0 0 
86 0 0 0 0 41 72 0 0 0 0 0 0 0 0 79 0 0 0 0 0 86 0 5 33 0 0 4 42 0 0 0 0 0 0 0 0 0 0 0 0 0 0 0 0 0 0 0 0 0 0 0 0 0 0 89 0 0 0 0 0 0 0 54 15 0 0 0 0 0 0 0 0 0 0 0 0 0 0 0 0 0 0 0 0 0 0 0 0 0 0 0 0 0 97 0 95 0 0 0 
0 0 0 35 0 0 0 0 0 0 0 0 0 0 0 0 50 0 0 0 0 0 0 0 0 0 0 70 0 0 0 0 0 0 0 0 27 74 0 0 0 0 0 0 0 0 0 59 0 0 0 0 0 0 0 0 98 9 0 0 0 0 0 76 0 0 0 0 0 0 0 0 0 0 0 0 0 0 0 0 0 0 0 0 0 0 0 0 0 0 0 26 0 0 0 0 8 0 0 0 
0 33 0 0 0 0 0 0 0 0 0 0 0 28 56 0 0 0 0 0 55 94 0 0 0 0 0 0 0 0 0 0 0 0 55 91 49 0 0 0 0 0 0 0 0 0 0 45 0 0 0 0 0 0 60 0 0 0 0 0 0 0 0 0 0 74 0 0 0 0 0 0 0 0 0 0 0 0 0 0 0 0 0 0 5 0 0 0 0 0 0 0 0 0 0 0 0 0 0 0 
0 0 0 0 0 0 0 0 0 0 0 0 0 0 0 0 0 0 0 0 18 0 0 75 0 0 0 0 0 0 0 0 0 0 0 0 0 99 0 0 0 0 46 0 0 0 0 0 0 0 0 0 0 0 0 0 0 30 0 0 0 0 0 0 0 0 0 0 0 0 0 0 0 0 0 0 0 0 0 0 0 18 0 64 0 0 0 0 0 0 0 0 0 0 0 0 0 0 0 0 
0 0 0 10 0 0 0 19 0 0 0 0 0 0 0 0 0 0 0 0 98 0 0 0 0 0 0 46 0 0 0 72 0 0 24 0 0 0 0 0 0 0 93 0 0 0 0 0 97 0 0 0 0 0 0 0 0 0 0 0 0 0 0 0 0 0 0 0 0 0 0 0 0 0 0 0 0 0 0 0 0 0 0 0 0 0 0 0 0 0 0 0 0 0 0 0 0 0 0 0 
0 0 0 0 0 0 0 0 0 29 0 0 0 0 0 0 0 0 0 0 0 0 2 11 0 0 0 2 0 0 0 0 0 47 46 0 40 0 0 0 0 0 0 0 0 0 0 0 0 0 0 60 0 0 0 62 0 0 0 68 99 0 0 0 0 0 0 0 0 12 0 0 66 0 0 0 3 0 0 0 0 0 0 0 0 0 0 0 0 0 0 0 0 0 0 0 0 0 88 0 
0 0 0 0 0 0 0 0 0 0 0 0 0 0 0 42 0 0 0 0 0 0 0 0 72 0 0 0 0 0 0 0 0 0 0 0 0 0 0 0 0 0 0 0 0 0 0 0 0 89 0 0 0 0 62 0 0 0 0 0 0 0 0 0 0 96 0 0 99 0 0 0 0 0 0 34 0 0 0 0 0 0 0 0 0 0 0 82 0 0 46 0 0 0 0 0 49 0 0 0 
0 0 0 0 67 0 0 0 0 0 0 0 0 0 0 0 0 0 0 0 0 0 0 83 0 0 0 0 0 89 0 0 86 0 0 0 0 0 0 0 0 0 0 0 0 0 33 2 0 0 98 0 0 0 0 0 0 0 0 50 0 0 0 0 0 0 0 0 0 0 0 0 0 0 0 0 0 0 0 0 0 0 0 0 0 0 0 0 0 0 0 0 0 0 10 0 0 0 0 0 
0 0 0 0 27 70 0 0 12 0 0 0 0 0 0 0 0 0 0 0 0 0 0 0 0 0 0 0 99 0 0 0 0 77 0 0 0 0 0 0 0 55 0 0 5 0 0 0 0 0 9 0 30 0 0 0 0 0 0 0 0 0 0 75 0 0 0 0 0 19 0 0 0 26 41 0 0 0 0 0 0 0 0 0 0 0 13 0 0 0 0 0 0 0 0 0 91 0 0 0 
0 0 0 0 0 0 0 0 0 0 0 0 0 35 0 0 0 0 44 12 0 0 0 0 0 0 0 0 0 0 0 0 0 0 0 0 0 0 0 0 0 0 0 0 0 0 0 0 0 0 0 0 0 0 0 0 0 0 0 30 0 0 0 27 0 0 0 0 0 94 0 0 30 0 0 0 0 0 0 0 0 0 0 0 34 0 0 0 0 0 0 0 0 0 0 0 0 0 0 0 
0 0 0 0 0 0 0 0 0 0 0 0 0 0 0 0 0 0 0 0 0 0 0 0 0 0 0 0 0 0 0 0 0 0 0 0 0 0 0 0 0 0 0 0 0 82 0 0 0 0 0 0 0 0 68 0 50 0 30 0 0 5 0 0 85 32 0 0 0 0 0 0 59 0 25 0 71 0 0 0 0 0 0 0 0 0 0 0 35 0 0 0 0 0 0 0 0 0 0 0 
0 0 48 0 0 0 0 89 0 0 0 0 0 0 0 10 0 0 0 0 0 0 0 0 0 0 0 0 0 38 0 0 0 0 0 0 0 0 0 0 0 0 0 3 0 0 0 0 0 0 0 0 0 0 99 0 0 0 0 0 0 0 0 0 39 0 0 0 0 0 0 0 0 0 0 0 0 0 0 0 74 0 21 0 0 0 0 0 0 0 0 0 0 0 0 95 0 0 0 0 
0 0 0 0 0 0 0 0 0 0 0 0 0 0 0 0 0 0 0 0 0 37 0 0 0 0 0 0 0 0 0 0 0 0 0 0 0 0 0 0 0 0 0 0 42 0 0 0 41 0 0 0 0 0 0 0 0 0 0 5 0 0 0 28 0 93 0 0 0 0 0 0 0 0 0 0 0 0 0 0 0 56 0 6 0 0 0 0 0 0 0 4 0 0 0 0 0 0 0 0 
0 70 0 0 0 0 0 0 0 0 0 0 0 65 0 0 0 0 0 0 0 0 0 0 48 0 0 0 0 0 0 0 0 0 0 0 0 0 0 0 0 0 0 0 0 0 0 0 0 0 0 0 0 0 0 0 0 0 0 0 0 0 0 0 0 0 0 0 0 0 0 0 0 0 0 0 0 0 0 76 0 0 0 0 0 0 0 0 0 0 0 0 92 0 0 0 0 22 0 38 
0 0 0 74 0 0 0 0 0 0 0 0 0 0 0 0 0 0 0 0 62 0 0 0 0 10 0 0 0 0 0 0 0 0 0 0 0 0 0 0 0 0 0 0 0 0 0 0 0 54 76 0 0 0 0 0 0 75 27 0 0 28 0 0 0 0 0 0 0 0 16 0 0 0 0 0 2 0 0 0 0 0 0 0 0 0 0 97 0 97 0 0 0 0 0 0 0 0 0 0 
58 0 71 0 0 0 0 0 0 0 0 0 0 0 67 95 0 0 0 0 0 0 0 0 0 0 0 52 0 0 0 0 0 0 48 0 0 0 0 0 35 0 0 0 0 0 0 0 0 15 0 0 0 0 0 0 0 0 0 85 39 0 0 0 0 0 85 32 0 0 0 0 0 0 0 0 0 0 0 40 0 0 0 0 0 0 0 0 0 0 0 0 70 0 0 0 0 0 0 0 
0 0 0 0 0 0 0 0 0 0 0 0 0 0 0 0 0 0 0 0 0 54 0 0 0 0 0 0 0 0 0 0 0 92 70 0 0 78 0 0 0 0 0 0 0 0 100 0 0 0 0 74 0 0 0 96 0 0 0 32 0 93 0 0 0 0 23 0 0 0 0 0 0 0 0 0 0 0 6 0 0 0 0 0 0 0 0 0 0 0 72 0 0 5 0 53 0 0 0 0 
0 0 0 0 0 0 0 0 0 0 0 0 0 0 0 0 0 0 0 0 0 0 0 0 0 0 0 0 29 0 0 0 0 0 0 0 23 0 16 0 0 0 0 0 0 0 0 0 0 0 0 0 0 0 0 0 0 0 0 0 0 0 0 0 85 23 0 0 25 0 0 0 0 0 0 34 0 75 0 0 37 0 0 0 0 0 0 0 0 0 0 0 0 0 0 0 1 48 0 0 
0 0 0 0 0 0 0 0 0 0 0 0 0 0 24 0 38 0 0 0 0 0 0 0 0 0 0 0 0 0 0 0 6 0 0 0 0 0 0 0 0 0 0 0 0 63 6 0 0 0 0 0 0 0 0 0 0 0 0 0 0 0 0 0 32 0 0 0 0 0 0 0 0 81 0 0 0 0 0 0 0 0 0 0 0 0 0 98 0 96 0 0 33 0 0 0 0 0 0 0 
0 0 0 0 0 16 0 0 0 0 0 0 0 0 0 0 0 0 0 0 0 68 0 0 0 6 0 0 0 0 0 0 0 0 59 0 0 0 0 0 0 0 0 0 0 0 0 0 0 0 0 0 0 0 0 99 0 0 0 0 0 0 0 0 0 0 25 0 0 0 0 0 0 10 0 0 0 0 62 0 0 0 80 0 0 0 76 0 0 0 0 0 0 0 0 0 0 0 35 0 
0 0 0 0 0 0 0 0 0 0 0 0 0 0 0 0 0 0 0 0 0 0 0 0 0 71 0 31 0 0 30 0 0 0 0 0 0 0 72 0 0 0 0 0 0 0 0 0 0 0 0 0 0 0 12 0 0 19 94 0 0 0 0 0 0 0 0 0 0 0 0 0 0 0 0 0 0 36 0 0 0 0 0 0 0 0 0 0 0 0 0 0 55 0 0 74 0 0 0 0 
0 0 0 0 0 0 0 0 0 0 0 0 0 0 0 0 0 5 0 0 22 0 0 0 0 0 0 0 0 0 0 0 0 0 0 0 0 80 0 0 0 0 0 0 0 0 0 0 0 0 0 0 0 0 0 0 0 0 0 0 0 0 0 16 0 0 0 0 0 0 0 0 0 0 0 0 0 0 0 35 68 0 14 0 0 0 0 0 0 0 0 0 0 0 0 0 79 0 0 0 
0 0 0 0 0 0 0 33 0 0 0 0 0 0 0 0 0 0 0 0 0 0 0 0 0 0 16 0 0 0 0 0 21 0 0 0 0 0 0 0 0 0 0 91 0 0 0 0 0 0 0 0 0 0 0 0 0 0 0 0 0 0 0 0 0 0 0 0 0 0 0 0 0 0 63 0 0 0 0 0 0 0 0 0 0 0 0 0 0 0 0 0 0 0 0 0 0 0 0 0 
0 0 0 0 0 0 0 0 0 81 0 0 0 0 10 0 0 0 0 31 0 0 0 0 0 0 0 3 51 0 0 0 48 0 0 76 0 0 0 0 0 58 0 0 0 0 0 0 0 0 0 0 0 0 66 0 0 0 30 59 0 0 0 0 0 0 0 0 0 0 0 0 0 0 0 0 0 0 0 0 46 0 0 75 0 0 0 0 0 0 0 0 0 41 0 0 0 50 0 0 
0 0 0 7 0 0 0 4 0 0 0 0 0 0 0 0 0 0 0 0 0 93 0 27 32 0 0 0 0 0 0 15 28 0 0 0 0 0 0 0 0 0 0 0 0 42 0 0 76 0 0 0 0 0 0 0 0 26 0 0 0 0 0 0 0 0 0 81 10 0 0 0 0 0 0 0 0 0 0 0 0 0 0 0 0 0 0 0 0 0 0 0 0 0 0 71 0 0 0 0 
0 0 0 0 0 0 0 0 0 0 0 0 0 0 0 0 0 0 0 0 0 0 0 0 0 0 0 0 0 0 0 0 0 0 40 0 0 0 0 0 0 0 0 0 0 0 0 0 0 0 0 0 0 0 0 0 0 41 0 25 0 0 0 0 0 0 0 0 0 0 0 63 0 0 0 0 0 0 0 0 0 0 0 0 0 0 0 0 0 63 0 0 0 0 0 0 0 0 0 0 
29 0 0 0 0 0 0 6 0 0 0 0 0 0 0 25 0 94 0 0 0 0 0 0 0 0 0 0 0 0 0 0 65 0 0 0 95 0 0 0 0 0 0 41 0 0 0 0 0 0 0 0 0 0 0 34 0 0 0 0 0 0 0 0 0 0 34 0 0 0 0 0 0 0 0 0 0 0 0 0 0 0 0 0 0 0 0 0 0 0 0 0 0 0 0 0 0 24 0 0 
0 0 0 0 0 0 0 0 0 0 0 0 0 0 0 0 0 57 0 0 0 0 0 0 0 0 0 0 0 16 0 0 0 0 0 0 0 0 0 31 42 0 0 7 0 0 0 16 0 0 0 0 0 0 3 0 0 0 0 71 0 0 0 2 0 0 0 0 0 0 0 0 0 0 0 0 0 0 33 0 0 23 0 0 0 0 99 0 0 0 0 0 0 0 0 0 0 0 0 0 
0 0 0 0 0 0 19 0 0 0 0 0 0 0 0 0 0 0 29 0 0 0 26 0 10 0 0 2 0 0 0 0 20 27 0 0 0 0 0 82 0 0 97 0 31 77 0 0 0 0 0 0 0 0 0 0 0 0 0 0 0 0 0 0 0 0 75 0 0 36 0 0 0 0 0 0 0 0 0 0 0 0 0 0 0 0 0 0 0 0 0 53 0 0 0 0 70 0 0 0 
0 0 0 0 0 0 0 0 100 0 0 74 0 0 0 0 0 0 19 0 0 0 0 0 0 0 0 0 0 0 0 0 0 0 0 0 0 0 0 0 0 0 0 0 0 0 0 12 48 0 0 0 0 0 0 0 0 0 0 0 0 0 0 0 0 6 0 0 62 0 0 0 0 0 0 0 33 0 0 0 0 0 0 0 0 72 0 15 94 0 0 0 0 0 0 0 0 0 0 0 
0 0 0 0 0 59 0 0 0 0 0 0 0 0 0 0 0 32 0 0 0 0 0 0 0 0 0 0 0 0 0 0 0 0 65 0 0 0 0 0 0 0 0 0 0 0 39 0 0 0 0 0 0 0 0 0 0 0 0 0 0 0 76 0 40 0 0 0 0 0 35 0 0 0 0 0 0 0 0 0 77 0 0 0 37 0 0 0 0 0 0 0 0 0 0 79 0 0 0 0 
0 0 0 0 0 0 0 0 0 0 0 0 0 0 0 86 0 0 0 0 20 0 0 0 0 0 0 0 0 0 0 0 0 0 0 0 0 0 0 0 0 0 0 0 0 0 0 0 0 0 0 0 0 0 0 0 0 0 0 0 74 0 0 0 0 0 37 0 0 0 68 0 46 0 0 0 0 0 0 77 0 0 0 50 0 68 0 0 0 0 0 48 0 0 0 0 0 52 0 0 
0 0 0 0 0 0 0 0 0 0 0 0 0 0 0 0 0 0 28 0 0 0 0 0 0 0 0 0 0 0 0 0 0 0 0 0 0 0 0 0 0 0 0 0 0 18 0 0 0 0 0 0 18 0 0 0 0 0 0 0 0 56 0 0 0 0 0 0 0 0 0 0 0 0 0 0 23 0 0 0 0 0 0 0 0 0 0 0 17 0 56 0 0 0 0 0 0 0 0 78 
0 0 0 0 0 0 0 0 0 0 0 0 0 94 88 0 0 0 0 0 61 60 0 0 0 0 0 0 0 0 0 0 0 68 0 0 0 0 0 0 0 0 0 0 0 74 0 0 61 0 0 0 0 0 0 0 0 0 0 0 21 0 0 0 0 0 0 0 80 0 14 0 0 0 0 0 0 0 0 0 0 0 0 0 0 0 95 0 0 0 0 0 0 0 0 0 0 0 0 0 
38 0 11 0 0 0 0 5 0 0 0 0 0 10 0 0 0 0 0 0 0 0 98 0 0 0 0 0 0 53 0 0 0 0 0 0 0 0 0 0 0 0 74 0 0 0 0 0 0 0 0 0 64 0 0 0 0 0 0 0 0 6 0 0 0 0 0 0 0 0 0 0 75 0 0 0 0 0 0 0 50 0 0 0 0 0 0 0 0 0 0 0 0 0 59 0 0 61 0 0 
0 0 0 0 64 0 0 0 91 0 0 0 0 0 0 0 0 0 30 0 0 0 0 0 0 85 0 0 42 0 0 0 0 0 0 0 0 0 0 0 0 0 0 0 0 0 0 0 0 0 0 5 0 0 0 0 0 0 34 0 0 0 0 0 0 0 0 0 0 0 0 0 0 0 0 0 0 0 0 37 0 0 0 0 0 0 0 0 0 0 0 0 0 0 0 0 0 49 0 0 
0 0 0 0 0 0 0 0 0 0 0 0 0 0 45 0 0 0 0 94 0 0 0 0 0 0 0 0 0 62 38 0 0 0 0 0 0 0 19 0 0 0 37 0 0 47 0 0 0 0 0 0 0 0 0 0 0 0 0 0 0 0 0 0 0 0 0 0 0 0 0 0 0 0 0 0 0 0 72 0 68 0 0 0 0 0 0 0 26 0 0 0 0 0 0 0 0 0 0 0 
0 0 0 0 0 0 0 0 100 0 0 0 0 0 0 0 0 0 0 0 0 0 0 0 0 0 0 0 0 0 0 0 0 0 0 0 47 0 0 0 0 0 0 0 0 0 12 0 0 0 0 0 0 0 0 0 0 13 0 0 0 0 0 0 0 0 0 0 76 0 0 0 0 0 0 0 99 0 0 0 0 0 95 0 0 0 0 0 0 0 0 0 0 0 0 0 0 0 0 0 
0 14 0 0 0 0 0 0 0 0 9 0 0 0 0 0 0 0 0 0 0 81 0 68 0 0 0 0 0 0 0 79 0 0 0 0 0 0 0 0 0 0 0 0 8 0 0 0 0 0 0 0 0 0 0 82 0 0 0 0 0 0 0 97 0 0 0 98 0 0 0 0 0 0 0 0 0 0 15 0 0 0 0 0 0 0 0 0 0 0 0 0 0 0 0 0 6 0 0 0 
0 0 0 0 0 0 0 0 0 0 0 0 0 0 0 0 0 0 0 0 0 0 0 0 0 57 0 16 0 10 40 17 55 0 0 17 0 0 0 0 33 0 0 0 0 0 0 54 0 0 0 0 0 0 0 0 0 0 0 35 0 0 0 0 0 0 0 0 0 0 0 0 0 0 0 0 0 0 94 0 0 17 0 0 0 26 0 0 0 0 0 0 0 0 0 0 0 0 0 0 
63 68 81 0 0 67 0 0 0 0 0 0 0 0 0 0 0 0 0 0 0 0 0 0 0 57 0 0 0 0 0 0 0 0 0 0 0 0 0 60 0 0 0 0 22 0 0 0 0 0 0 0 0 0 0 0 0 0 0 0 0 0 0 97 0 0 0 96 0 0 0 0 0 0 63 0 0 0 0 0 0 0 0 0 0 0 0 0 0 0 0 65 0 0 0 0 0 0 0 0 
0 0 0 0 0 93 0 0 0 0 0 0 0 0 0 0 26 8 0 0 0 0 0 90 27 0 0 58 0 29 0 0 0 0 0 0 0 0 0 0 0 0 0 0 88 0 0 0 0 0 0 0 0 0 0 46 0 0 0 0 0 0 0 0 0 72 0 0 0 0 0 0 0 0 0 0 0 0 0 0 0 56 0 0 0 0 0 0 0 0 0 0 0 0 0 0 0 98 0 0 
0 0 0 0 0 0 0 0 0 0 0 0 0 0 0 0 0 0 0 0 0 0 100 0 0 0 0 0 0 0 0 0 0 0 0 0 0 0 0 0 98 0 0 0 0 0 0 0 0 0 26 0 0 0 0 0 0 0 0 0 0 4 0 0 0 0 0 0 0 0 0 0 0 0 0 0 0 53 0 0 48 0 0 0 0 0 0 0 0 65 0 0 0 0 21 0 79 2 0 0 
0 0 0 0 0 0 0 0 75 0 84 0 0 0 0 0 0 0 0 0 0 0 0 0 26 0 0 46 0 0 0 0 0 0 0 4 0 0 0 0 0 0 0 0 0 28 0 0 0 0 0 0 0 0 0 0 0 0 0 0 0 0 92 0 70 0 0 33 0 55 0 0 0 0 0 0 0 0 0 0 0 0 0 0 0 0 0 0 0 0 0 0 0 0 0 0 0 0 0 0 
0 0 0 0 0 0 0 0 0 0 0 0 69 0 25 0 0 0 0 0 0 0 0 0 0 0 0 0 0 0 0 0 0 0 0 49 80 0 0 0 0 0 0 0 0 0 0 0 0 0 0 0 0 0 0 0 0 0 0 0 0 0 0 0 0 5 0 0 0 0 0 0 41 0 0 0 0 0 0 0 0 0 0 0 0 0 0 0 0 0 0 0 0 0 0 0 0 0 0 0 
0 0 0 0 0 0 0 0 0 0 0 0 0 0 0 0 0 0 0 0 0 0 0 33 0 0 0 0 0 0 68 0 0 0 0 0 0 0 0 0 0 0 0 0 0 79 0 0 0 97 0 0 0 0 0 0 10 0 0 0 0 0 0 0 0 0 0 0 0 0 0 0 0 0 0 0 0 0 0 0 0 0 0 59 0 0 0 0 0 0 0 21 0 0 0 0 0 88 0 0 
0 0 0 0 0 0 0 0 0 0 0 0 0 50 0 0 0 0 0 0 0 0 0 0 0 95 0 0 0 0 17 0 0 0 0 0 73 0 42 0 0 0 0 99 0 0 0 0 0 0 0 0 0 0 0 0 0 0 0 0 95 0 0 0 0 53 0 0 0 74 0 0 0 71 0 0 0 0 0 79 0 0 0 0 0 0 0 0 0 0 0 0 0 0 0 0 0 0 0 72 
0 0 0 0 0 0 0 0 0 0 0 2 0 0 71 0 53 0 0 0 0 0 0 0 0 0 0 0 0 0 0 42 0 0 0 0 75 0 0 0 0 0 0 0 0 0 0 0 0 95 8 0 0 0 0 49 0 91 0 0 0 0 0 0 0 0 1 0 0 0 79 0 0 0 0 0 0 70 0 0 0 0 0 0 0 0 0 6 0 0 0 79 0 0 0 0 0 0 0 0 
0 0 0 0 0 0 0 51 0 0 0 0 0 0 0 0 0 0 0 0 0 0 0 0 0 0 0 0 0 0 0 0 0 0 0 0 0 0 0 0 0 0 0 0 0 0 0 0 2 0 0 0 0 0 0 0 0 0 0 0 0 0 22 0 0 0 48 0 0 0 0 0 50 0 0 24 0 0 0 0 52 0 0 61 49 0 0 0 0 0 98 2 0 0 88 0 0 0 0 3 
0 0 45 0 0 0 0 0 0 0 96 78 94 0 0 0 0 0 0 0 0 0 0 0 0 0 0 0 30 0 0 0 0 0 62 0 0 0 0 0 10 0 0 0 0 0 23 94 0 0 0 0 0 0 88 0 0 0 0 0 0 0 0 0 0 0 0 0 35 0 0 0 0 0 0 0 0 0 0 0 0 0 0 0 0 0 0 0 0 0 0 0 0 0 0 0 0 0 0 0 
0 0 0 5 0 56 0 0 0 0 0 0 0 0 0 0 0 0 0 0 0 0 13 0 0 0 0 28 0 0 0 0 0 0 0 0 0 0 0 0 0 0 0 0 0 0 0 0 0 0 0 0 0 0 0 0 0 0 0 0 0 0 38 0 0 0 0 0 0 0 0 0 0 0 0 0 0 0 0 0 0 78 0 0 0 0 0 0 0 0 0 0 0 0 0 72 0 3 0 0 
