0 79 27 24 0 0 6 0 96 3 0 24 0 0 0 7 39 84 37 93 84 0 3 99 37 85 63 44 0 27 0 0 3 44 0 0 70 4 45 55 0 85 75 0 73 0 89 0 81 62 5 0 40 93 0 66 83 40 71 95 0 78 17 0 0 44 49 2 20 72 69 98 10 0 0 73 11 85 11 0 34 87 50 0 0 11 93 23 54 24 98 42 71 0 0 0 22 3 63 85 
79 0 0 0 0 80 0 64 50 47 88 0 80 8 0 73 0 38 34 0 68 0 32 0 66 76 0 0 40 15 10 34 80 11 13 39 69 73 36 97 0 0 1 32 60 71 87 34 0 0 0 58 0 0 0 12 91 86 0 79 0 0 71 0 32 0 0 0 44 65 47 35 98 83 33 0 0 44 0 98 89 50 0 61 41 11 68 0 0 30 29 63 3 55 60 32 80 0 12 35 
27 0 0 9 32 27 0 75 3 0 31 34 0 41 98 0 0 0 50 0 10 37 57 23 87 78 65 0 0 8 68 2 0 0 69 0 61 0 61 6 70 88 97 95 10 61 0 19 19 71 50 67 60 14 0 3 1 9 0 30 83 0 0 0 79 42 68 24 45 15 0 36 64 0 95 13 94 97 57 0 0 71 0 0 0 0 71 0 0 0 0 55 0 14 44 20 13 0 19 0 
24 0 9 0 0 0 95 94 39 73 31 8 95 29 8 50 80 12 0 92 75 67 90 60 96 40 16 0 7 0 87 29 11 50 30 39 67 24 26 0 0 0 62 0 96 4 0 22 0 42 0 26 0 0 0 0 63 98 81 3 50 93 56 91 51 0 0 65 100 79 0 0 50 90 7 58 76 56 91 53 0 0 0 0 32 7 0 0 50 0 13 0 13 58 30 51 59 55 2 69 
0 0 32 0 0 47 82 16 54 0 10 83 41 94 4 74 27 0 98 98 0 76 41 78 64 0 68 50 0 0 73 92 6 0 55 82 37 0 0 0 0 0 75 0 0 5 82 86 95 41 0 0 13 49 85 0 37 87 70 0 44 49 82 85 6 0 49 74 0 0 10 49 0 46 0 0 71 0 13 0 69 38 44 70 21 15 77 0 54 55 0 62 92 0 82 92 0 0 0 53 
0 80 27 0 47 0 0 36 0 62 49 69 0 0 92 19 84 33 0 66 42 0 0 34 0 0 24 76 5 0 0 46 5 24 78 0 44 0 46 28 5 0 74 12 97 16 20 15 85 94 100 0 72 22 64 0 67 0 36 71 17 80 96 0 0 0 23 4 39 66 15 3 92 0 71 0 0 20 77 0 0 0 0 0 91 0 17 0 17 91 0 0 85 93 0 84 58 32 0 81 
6 0 0 95 82 0 0 70 39 0 0 31 0 45 75 0 92 0 59 0 0 17 0 0 36 2 12 65 77 86 0 0 94 0 8 0 81 0 0 22 18 89 0 80 0 29 63 76 0 0 75 0 0 0 49 0 0 34 96 97 90 87 0 0 75 63 4 94 0 49 0 0 0 21 0 0 0 0 0 81 31 53 0 38 13 51 0 95 11 86 56 2 76 95 2 62 8 63 87 44 
0 64 75 94 16 36 70 0 0 0 99 0 68 0 33 82 87 2 99 46 79 0 28 42 3 50 81 46 0 28 86 0 88 0 0 0 14 0 21 0 0 0 0 100 78 77 15 19 0 30 42 3 0 57 0 59 34 40 67 0 0 20 21 0 86 50 0 5 45 34 0 36 0 66 0 23 0 53 25 1 16 0 0 0 11 90 24 0 100 68 90 0 34 0 45 41 1 63 27 42 
96 50 3 39 54 0 39 0 0 62 0 0 63 79 94 80 0 0 47 84 0 91 0 0 43 98 40 0 93 11 0 35 0 30 2 86 59 0 46 81 79 46 95 0 29 71 50 0 55 0 41 28 94 63 92 86 28 0 0 53 14 0 54 50 48 41 0 65 0 9 63 17 46 0 69 9 50 29 33 58 0 0 70 0 2 27 46 0 0 0 36 0 0 0 0 90 0 0 32 4 
3 47 0 73 0 62 0 0 62 0 17 84 55 0 0 0 0 34 6 0 75 8 84 14 23 0 94 64 12 0 0 0 81 0 0 86 0 0 51 3 0 45 80 67 72 24 13 56 28 3 31 12 0 68 99 0 0 18 51 82 0 74 82 45 0 73 0 0 42 14 85 22 39 51 97 61 0 5 6 26 29 64 12 0 58 47 27 41 50 39 0 48 66 63 41 20 34 74 43 0 
0 88 31 31 10 49 0 99 0 17 0 0 98 0 0 31 0 12 77 0 0 19 0 26 46 72 53 0 0 31 0 22 71 7 59 2 0 78 11 91 8 0 75 12 0 0 99 0 84 0 96 45 60 89 56 74 39 60 90 0 0 0 0 43 0 60 0 89 0 0 79 55 0 19 0 0 27 0 0 0 16 0 3 37 58 87 0 0 10 0 0 32 87 37 57 28 86 0 91 65 
24 0 34 8 83 69 31 0 0 84 0 0 38 67 93 0 46 22 43 0 51 0 0 0 0 59 70 6 8 5 24 24 55 66 27 0 0 25 0 80 39 58 90 0 85 42 43 0 58 0 70 0 6 0 41 65 0 73 0 80 0 6 0 59 13 18 0 13 8 59 0 0 0 76 0 26 0 36 40 18 64 47 30 13 0 77 26 78 67 94 70 0 95 0 74 0 33 0 60 0 
0 80 0 95 41 0 0 68 63 55 98 38 0 0 75 79 46 0 0 0 0 35 45 0 23 0 10 26 54 0 37 39 5 0 50 22 68 25 37 25 0 51 69 16 65 0 67 0 88 19 56 10 0 0 0 79 70 51 58 48 82 47 0 0 0 15 0 85 17 0 0 1 33 29 98 90 0 0 0 87 0 62 0 6 0 8 9 15 49 0 40 0 14 0 76 0 20 56 71 0 
0 8 41 29 94 0 45 0 79 0 0 67 0 0 37 36 6 73 81 0 83 55 32 0 76 0 0 0 4 7 96 0 85 60 0 0 89 0 0 97 0 2 71 0 36 0 0 0 0 0 79 85 44 81 0 0 39 50 79 28 0 0 51 11 0 71 47 59 0 0 86 32 1 78 0 64 44 0 0 0 89 100 15 0 35 16 87 68 50 32 49 0 0 9 22 0 84 64 95 67 
0 0 98 8 4 92 75 33 94 0 0 93 75 37 0 93 57 69 0 88 0 0 0 74 18 30 80 57 90 90 0 20 0 0 3 78 44 84 15 92 0 92 69 63 0 0 41 0 0 38 0 14 0 51 0 0 56 0 11 98 0 0 0 74 90 54 84 48 0 27 0 49 93 94 0 0 0 0 0 41 8 0 100 14 59 0 42 33 0 81 0 51 75 8 39 39 88 22 0 4 
7 73 0 50 74 19 0 82 80 0 31 0 79 36 93 0 0 63 26 0 0 0 54 47 35 0 27 63 0 55 67 48 0 92 0 63 0 37 0 0 88 69 3 94 85 87 14 3 4 71 0 17 0 45 96 0 0 0 0 36 8 24 29 8 67 27 0 15 37 31 51 0 5 0 82 0 0 0 0 0 22 0 0 14 87 61 0 0 26 8 47 0 40 81 100 94 0 63 74 35 
39 0 0 80 27 84 92 87 0 0 0 46 46 6 57 0 0 0 57 0 1 0 26 58 100 38 99 0 64 0 77 0 10 23 0 14 24 38 0 47 0 81 0 0 0 96 7 45 69 86 0 67 0 0 0 15 54 0 34 0 66 68 0 11 86 86 0 0 0 0 76 96 0 0 78 0 63 0 0 0 18 0 70 61 15 63 95 14 37 0 0 34 0 0 0 0 0 1 0 0 
84 38 0 12 0 33 0 2 0 34 12 22 0 73 69 63 0 0 22 94 0 0 44 44 59 6 0 73 28 81 31 76 0 0 51 65 66 0 36 0 100 0 0 77 17 0 32 97 34 0 0 0 33 25 18 96 25 0 43 45 49 19 65 49 0 0 21 65 0 0 5 79 85 25 0 0 45 41 77 0 0 0 91 19 70 0 74 77 72 87 0 0 59 0 0 54 68 0 0 92 
37 34 50 0 98 0 59 99 47 6 77 43 0 81 0 26 57 22 0 83 4 0 36 85 49 8 0 36 6 47 65 7 21 0 76 12 71 0 17 43 1 33 26 76 54 0 0 27 0 0 26 0 98 0 38 0 0 10 87 82 39 0 59 6 28 54 40 0 92 16 98 0 23 56 0 0 84 0 0 0 0 9 88 95 80 2 46 32 38 0 0 0 26 38 0 57 25 88 49 94 
93 0 0 92 98 66 0 46 84 0 0 0 0 0 88 0 0 94 83 0 22 0 0 85 0 62 55 81 31 84 0 0 0 52 72 78 44 16 0 0 58 0 29 88 38 44 0 10 0 44 74 94 0 0 51 95 0 12 37 34 77 10 24 27 60 0 93 18 68 38 80 65 97 0 0 0 20 49 46 74 37 0 0 88 0 31 0 87 0 47 72 0 0 99 0 58 0 97 69 41 
84 68 10 75 0 42 0 79 0 75 0 51 0 83 0 0 1 0 4 22 0 84 0 0 0 0 84 64 16 0 43 94 0 14 0 50 45 85 0 14 13 57 0 55 0 70 0 0 62 57 81 0 0 0 0 42 0 28 0 55 27 59 0 24 54 0 0 84 0 45 11 54 0 0 17 88 29 86 0 47 10 0 21 83 55 24 72 58 14 69 28 86 0 16 84 24 52 28 0 0 
0 0 37 67 76 0 17 0 91 8 19 0 35 55 0 0 0 0 0 0 84 0 0 3 78 0 56 40 28 54 0 84 9 0 72 6 68 35 66 74 18 83 0 0 0 0 46 73 0 68 0 31 34 0 96 90 51 87 6 0 56 0 0 98 47 3 33 82 0 0 73 11 0 0 61 0 95 10 0 66 93 95 0 56 83 0 54 80 26 0 0 0 16 0 64 0 11 90 89 0 
3 32 57 90 41 0 0 28 0 84 0 0 45 32 0 54 26 44 36 0 0 0 0 0 0 0 63 20 91 0 51 0 0 33 3 0 0 64 0 47 60 78 51 0 87 0 0 49 76 87 0 58 0 6 46 69 0 69 0 0 44 0 0 77 55 17 45 90 92 0 0 0 0 88 79 0 0 0 52 0 33 35 33 96 75 48 0 89 0 48 0 0 0 0 0 0 0 71 63 0 
99 0 23 60 78 34 0 42 0 14 26 0 0 0 74 47 58 44 85 85 0 3 0 0 0 3 43 54 55 27 69 79 72 0 61 4 90 0 88 85 0 98 0 92 0 0 34 94 39 0 0 10 42 84 92 14 60 12 0 94 60 96 17 0 26 9 0 0 51 53 37 12 79 100 22 30 15 33 51 0 89 0 81 28 0 0 56 57 79 0 0 58 86 39 0 79 48 60 42 0 
37 66 87 96 64 0 36 3 43 23 46 0 23 76 18 35 100 59 49 0 0 78 0 0 0 0 57 0 78 0 93 0 35 0 0 0 0 100 49 0 26 36 0 68 42 0 63 76 12 56 73 30 35 3 33 52 73 58 0 70 46 13 68 0 0 45 0 79 85 32 59 0 52 0 0 51 0 11 47 0 0 100 30 0 32 0 0 34 51 69 68 99 21 7 69 61 0 76 24 79 
85 76 78 40 0 0 2 50 98 0 72 59 0 0 30 0 38 6 8 62 0 0 0 3 0 0 58 0 0 90 0 0 18 85 0 7 0 46 0 0 0 96 48 30 88 20 79 0 35 45 0 45 0 30 79 17 0 49 17 0 0 88 60 62 41 98 0 0 0 91 0 32 72 63 45 95 32 51 3 18 60 0 12 0 0 0 32 50 51 0 0 0 32 70 4 24 54 33 32 0 
63 0 65 16 68 24 12 81 40 94 53 70 10 0 80 27 99 0 0 55 84 56 63 43 57 58 0 0 66 85 3 0 71 18 55 79 5 91 0 0 0 0 82 9 0 0 55 0 25 0 29 0 0 53 21 0 51 0 0 22 37 43 47 11 38 97 19 71 0 0 0 54 0 55 90 79 93 24 13 0 40 47 0 96 0 43 36 94 46 0 16 0 78 61 33 17 16 5 0 16 
44 0 0 0 50 76 65 46 0 64 0 6 26 0 57 63 0 73 36 81 64 40 20 54 0 0 0 0 67 56 89 69 97 0 90 89 88 43 68 0 13 23 17 0 0 0 0 7 50 43 94 19 0 90 0 84 92 93 0 3 72 99 0 26 0 44 0 62 0 24 0 86 41 0 89 0 0 61 0 11 55 0 78 36 0 59 97 46 39 0 0 73 0 0 0 0 7 77 0 0 
0 40 0 7 0 5 77 0 93 12 0 8 54 4 90 0 64 28 6 31 16 28 91 55 78 0 66 67 0 95 0 87 79 0 30 0 0 60 21 100 41 0 0 23 82 92 10 0 80 46 19 73 0 82 60 34 0 0 0 0 8 0 0 5 0 40 45 24 33 32 0 8 5 85 0 23 0 0 98 0 46 44 56 25 99 4 43 0 0 54 47 74 0 4 0 0 74 0 40 77 
27 15 8 0 0 0 86 28 11 0 31 5 0 7 90 55 0 81 47 84 0 54 0 27 0 90 85 56 95 0 0 88 31 41 17 23 60 0 89 64 0 6 0 72 0 0 43 0 100 97 45 75 0 70 69 0 0 82 32 49 0 34 90 0 0 0 46 38 18 0 76 0 0 0 64 0 68 70 0 49 0 0 59 65 0 62 94 0 0 22 0 0 75 37 11 0 43 88 77 58 
0 10 68 87 73 0 0 86 0 0 0 24 37 96 0 67 77 31 65 0 43 0 51 69 93 0 3 89 0 0 0 0 5 60 0 0 31 0 69 0 0 46 34 83 66 53 0 0 77 31 24 37 0 52 0 87 0 8 0 66 0 0 0 0 0 0 0 29 56 0 61 32 59 0 0 37 40 57 41 0 76 0 32 54 87 18 92 0 95 0 0 0 0 56 0 30 4 67 91 19 
0 34 2 29 92 46 0 0 35 0 22 24 39 0 20 48 0 76 7 0 94 84 0 79 0 0 0 69 87 88 0 0 42 4 49 20 21 85 68 91 2 11 0 57 66 21 8 55 0 0 0 0 66 9 0 13 1 86 42 56 94 57 0 93 18 61 34 0 32 0 44 0 75 33 21 23 61 58 0 0 9 87 61 0 84 0 45 17 0 85 0 65 0 73 0 96 65 72 8 0 
3 80 0 11 6 5 94 88 0 81 71 55 5 85 0 0 10 0 21 0 0 9 0 72 35 18 71 97 79 31 5 42 0 40 0 0 46 79 0 89 0 35 79 65 0 0 0 8 22 60 0 0 0 35 93 0 85 79 0 0 49 84 15 14 97 72 29 4 61 0 45 79 99 8 47 100 60 0 58 16 0 0 45 38 80 0 63 42 89 96 0 77 54 3 34 99 46 49 0 0 
44 11 0 50 0 24 0 0 30 0 7 66 0 60 0 92 23 0 0 52 14 0 33 0 0 85 18 0 0 41 60 4 40 0 9 15 47 91 55 0 0 9 0 0 9 76 11 49 0 0 93 0 49 93 77 84 0 11 95 20 0 59 0 95 15 26 49 84 0 39 64 0 34 0 64 0 8 0 9 0 79 0 4 44 0 70 31 0 47 11 0 0 1 0 0 6 50 33 15 0 
0 13 69 30 55 78 8 0 2 0 59 27 50 0 3 0 0 51 76 72 0 72 3 61 0 0 55 90 30 17 0 49 0 9 0 0 0 0 98 0 0 0 28 0 15 98 0 29 80 16 0 10 0 38 60 0 73 0 0 0 11 60 0 37 0 12 90 31 44 0 0 30 0 5 0 31 10 0 99 35 0 48 52 87 60 0 96 0 0 0 29 0 0 0 90 13 48 42 0 40 
0 39 0 39 82 0 0 0 86 86 2 0 22 0 78 63 14 65 12 78 50 6 0 4 0 7 79 89 0 23 0 20 0 15 0 0 0 0 74 0 67 0 91 64 0 69 72 20 44 4 0 0 69 0 79 59 0 84 0 0 85 80 0 76 33 57 81 63 26 0 0 50 92 75 42 0 0 70 74 28 100 72 28 0 0 70 16 32 19 0 0 72 0 0 76 0 60 27 6 23 
70 69 61 67 37 44 81 14 59 0 0 0 68 89 44 0 24 66 71 44 45 68 0 90 0 0 5 88 0 60 31 21 46 47 0 0 0 95 0 0 0 56 63 77 0 46 68 77 0 0 0 0 73 5 0 0 96 76 48 33 0 81 0 75 39 26 0 0 0 0 0 52 22 0 0 20 0 21 6 100 48 41 0 0 91 81 66 28 23 0 98 15 0 0 0 0 43 35 0 13 
4 73 0 24 0 0 0 0 0 0 78 25 25 0 84 37 38 0 0 16 85 35 64 0 100 46 91 43 60 0 0 85 79 91 0 0 95 0 0 0 0 26 92 59 98 24 0 41 0 0 0 0 0 4 0 14 58 82 38 77 0 93 0 64 93 0 24 62 0 0 37 16 34 72 49 60 77 53 98 98 26 0 0 0 0 22 0 41 7 61 31 28 8 0 39 48 0 0 0 4 
45 36 61 26 0 46 0 21 46 51 11 0 37 0 15 0 0 36 17 0 0 66 0 88 49 0 0 68 21 89 69 68 0 55 98 74 0 0 0 69 0 72 79 11 5 0 6 54 0 0 0 0 47 0 0 42 0 99 28 0 0 59 47 67 27 68 0 0 16 20 59 56 73 90 49 75 0 0 88 52 37 19 16 0 0 48 0 5 90 8 22 0 87 21 57 83 0 0 88 49 
55 97 6 0 0 28 22 0 81 3 91 80 25 97 92 0 47 0 43 0 14 74 47 85 0 0 0 0 100 64 0 91 89 0 0 0 0 0 69 0 0 35 33 56 0 97 8 25 82 49 68 83 67 6 15 0 32 97 5 34 0 12 69 98 0 3 0 0 62 56 0 0 0 100 37 4 20 31 61 84 66 0 78 0 0 0 77 0 0 71 21 0 60 0 69 0 77 92 0 0 
0 0 70 0 0 5 18 0 79 0 8 39 0 0 0 88 0 100 1 58 13 18 60 0 26 0 0 13 41 0 0 2 0 0 0 67 0 0 0 0 0 35 0 67 87 0 0 0 44 10 0 0 73 0 98 0 16 0 17 24 5 3 0 43 48 0 87 39 55 0 90 0 0 0 58 44 45 50 72 24 3 56 0 0 82 26 48 0 74 0 0 10 0 0 0 67 67 53 54 60 
85 0 88 0 0 0 89 0 46 45 0 58 51 2 92 69 81 0 33 0 57 83 78 98 36 96 0 23 0 6 46 11 35 9 0 0 56 26 72 35 35 0 0 72 69 0 25 0 62 67 6 0 90 25 18 52 51 85 0 54 77 0 0 52 0 0 8 58 33 14 26 66 87 57 38 66 0 0 95 0 58 0 0 0 52 27 5 24 0 27 18 0 0 99 0 0 0 78 79 78 
75 1 97 62 75 74 0 0 95 80 75 90 69 71 69 3 0 0 26 29 0 0 51 0 0 48 82 17 0 0 34 0 79 0 28 91 63 92 79 33 0 0 0 86 0 52 53 22 65 89 0 0 31 90 26 29 13 3 0 68 18 15 14 0 57 55 64 0 19 0 0 0 68 12 57 55 29 71 44 42 100 0 11 33 74 0 69 85 65 5 21 42 19 0 0 38 0 0 13 90 
0 32 95 0 0 12 80 100 0 67 12 0 16 0 63 94 0 77 76 88 55 0 0 92 68 30 9 0 23 72 83 57 65 0 0 64 77 59 11 56 67 72 86 0 4 22 80 0 6 1 0 78 5 33 75 77 8 0 55 0 0 0 42 0 57 69 69 0 0 82 1 0 87 88 92 0 0 15 0 0 95 0 0 68 0 98 28 91 0 84 0 70 0 0 0 0 0 10 86 27 
73 60 10 96 0 97 0 78 29 72 0 85 65 36 0 85 0 17 54 38 0 0 87 0 42 88 0 0 82 0 66 66 0 9 15 0 0 98 5 0 87 69 0 4 0 100 0 33 0 0 12 16 90 51 53 22 49 54 0 23 4 0 99 25 46 76 0 60 40 27 56 17 83 40 0 99 0 53 0 28 87 61 54 0 0 66 86 0 1 1 48 5 61 11 33 81 4 0 64 97 
0 71 61 4 5 16 29 77 71 24 0 42 0 0 0 87 96 0 0 44 70 0 0 0 0 20 0 0 92 0 53 21 0 76 98 69 46 24 0 97 0 0 52 22 100 0 0 60 35 12 45 0 0 68 0 55 0 0 44 0 0 46 46 28 32 54 0 32 0 16 80 31 82 0 0 9 43 79 7 0 83 0 31 0 34 4 39 0 0 0 0 0 91 0 41 0 0 0 45 73 
89 87 0 0 82 20 63 15 50 13 99 43 67 0 41 14 7 32 0 0 0 46 0 34 63 79 55 0 10 43 0 8 0 11 0 72 68 0 6 8 0 25 53 80 0 0 0 93 35 0 24 95 0 44 57 64 14 4 20 10 45 64 74 20 72 36 98 86 54 0 89 0 0 0 31 77 34 85 80 8 58 61 91 1 59 80 0 0 0 91 0 54 0 0 89 4 0 0 3 19 
0 34 19 22 86 15 76 19 0 56 0 0 0 0 0 3 45 97 27 10 0 73 49 94 76 0 0 7 0 0 0 55 8 49 29 20 77 41 54 25 0 0 22 0 33 60 93 0 87 0 0 16 99 57 79 77 94 12 59 0 10 69 73 48 85 45 0 0 49 5 43 0 34 0 37 13 45 91 44 62 66 0 17 56 0 37 38 63 36 0 0 78 0 96 34 81 67 19 0 49 
81 0 19 0 95 85 0 0 55 28 84 58 88 0 0 4 69 34 0 0 62 0 76 39 12 35 25 50 80 100 77 0 22 0 80 44 0 0 0 82 44 62 65 6 0 35 35 87 0 0 88 84 69 95 82 64 82 0 48 89 0 40 0 0 29 69 61 0 45 0 84 21 0 12 45 98 95 66 0 0 15 0 90 25 0 61 0 40 54 94 3 70 40 0 48 85 18 36 100 45 
62 0 71 42 41 94 0 30 0 3 0 0 19 0 38 71 86 0 0 44 57 68 87 0 56 45 0 43 46 97 31 0 60 0 16 4 0 0 0 49 10 67 89 1 0 12 0 0 0 0 0 62 55 16 79 39 0 71 0 18 40 79 92 0 82 84 0 56 34 64 0 33 0 0 66 68 4 87 60 2 28 11 12 0 0 71 0 13 0 23 45 60 0 41 94 35 5 65 0 8 
5 0 50 0 0 100 75 42 41 31 96 70 56 79 0 0 0 0 26 74 81 0 0 0 73 0 29 94 19 45 24 0 0 93 0 0 0 0 0 68 0 6 0 0 12 45 24 0 88 0 0 0 48 0 66 0 0 52 2 0 0 0 9 0 5 15 0 84 0 8 0 0 92 0 52 40 41 27 85 40 9 6 0 0 48 18 85 0 52 0 57 41 65 59 77 87 84 73 0 0 
0 58 67 26 0 0 0 3 28 12 45 0 10 85 14 17 67 0 0 94 0 31 58 10 30 45 0 19 73 75 37 0 0 0 10 0 0 0 0 83 0 0 0 78 16 0 95 16 84 62 0 0 47 0 0 0 0 48 86 0 8 9 31 61 31 91 0 0 0 26 61 12 0 62 54 43 15 0 18 0 18 68 0 4 0 0 50 0 0 83 23 0 0 0 63 16 7 0 0 90 
40 0 60 0 13 72 0 0 94 0 60 6 0 44 0 0 0 33 98 0 0 34 0 42 35 0 0 0 0 0 0 66 0 49 0 69 73 0 47 67 73 90 31 5 90 0 0 99 69 55 48 47 0 36 44 0 31 13 9 10 14 71 0 0 16 38 21 0 0 0 1 54 0 3 72 28 24 0 62 0 54 0 29 0 35 42 4 81 51 10 0 0 0 90 3 0 93 0 28 0 
93 0 14 0 49 22 0 57 63 68 89 0 0 81 51 45 0 25 0 0 0 0 6 84 3 30 53 90 82 70 52 9 35 93 38 0 5 4 0 6 0 25 90 33 51 68 44 57 95 16 0 0 36 0 23 0 0 0 0 91 76 13 0 23 0 34 98 0 0 0 0 80 0 26 59 98 0 0 9 60 38 43 70 0 0 51 42 98 53 0 0 8 36 0 0 44 0 53 94 77 
0 0 0 0 85 64 49 0 92 99 56 41 0 0 0 96 0 18 38 51 0 96 46 92 33 79 21 0 60 69 0 0 93 77 60 79 0 0 0 15 98 18 26 75 53 0 57 79 82 79 66 0 44 23 0 61 83 0 81 8 0 94 47 80 0 0 0 0 49 26 69 74 72 0 59 51 69 0 0 21 69 3 0 0 61 43 2 20 0 0 0 24 83 95 0 42 34 16 81 76 
66 12 3 0 0 0 0 59 86 0 74 65 79 0 0 0 15 96 0 95 42 90 69 14 52 17 0 84 34 0 87 13 0 84 0 59 0 14 42 0 0 52 29 77 22 55 64 77 64 39 0 0 0 0 61 0 0 0 53 52 19 0 84 56 0 0 0 81 0 15 51 4 0 0 42 0 54 0 62 0 68 58 0 0 0 0 0 34 18 37 0 0 15 0 99 0 0 83 5 32 
83 91 1 63 37 67 0 34 28 0 39 0 70 39 56 0 54 25 0 0 0 51 0 60 73 0 51 92 0 0 0 1 85 0 73 0 96 58 0 32 16 51 13 8 49 0 14 94 82 0 0 0 31 0 83 0 0 26 25 46 19 69 0 4 100 0 0 0 59 10 7 0 3 0 69 28 22 0 11 88 52 0 27 0 68 0 0 0 67 93 12 0 77 67 0 0 0 0 0 0 
40 86 9 98 87 0 34 40 0 18 60 73 51 50 0 0 0 0 10 12 28 87 69 12 58 49 0 93 0 82 8 86 79 11 0 84 76 82 99 97 0 85 3 0 54 0 4 12 0 71 52 48 13 0 0 0 26 0 10 0 0 92 0 2 79 0 9 88 72 0 0 99 98 0 11 54 3 80 84 0 67 0 71 88 10 33 0 30 0 42 59 5 77 66 7 78 0 16 0 74 
71 0 0 81 70 36 96 67 0 51 90 0 58 79 11 0 34 43 87 37 0 6 0 0 0 17 0 0 0 32 0 42 0 95 0 0 48 38 28 5 17 0 0 55 0 44 20 59 48 0 2 86 9 0 81 53 25 10 0 75 40 7 0 0 33 36 97 0 0 0 0 0 63 46 88 0 0 0 72 65 0 26 20 0 0 0 95 0 0 64 45 58 100 0 0 0 0 55 43 97 
95 79 30 3 0 71 97 0 53 82 0 80 48 28 98 36 0 45 82 34 55 0 0 94 70 0 22 3 0 49 66 56 0 20 0 0 33 77 0 34 24 54 68 0 23 0 10 0 89 18 0 0 10 91 8 52 46 0 75 0 44 0 0 0 28 0 13 3 0 0 25 12 0 0 82 33 20 0 69 43 0 6 9 0 4 40 0 84 50 36 79 26 49 28 62 0 0 70 25 23 
0 0 83 50 44 17 90 0 14 0 0 0 82 0 0 8 66 49 39 77 27 56 44 60 46 0 37 72 8 0 0 94 49 0 11 85 0 0 0 0 5 77 18 0 4 0 45 10 0 40 0 8 14 76 0 19 19 0 40 44 0 45 50 38 15 50 56 15 66 70 88 43 0 5 3 0 36 1 0 71 98 0 0 41 30 81 0 99 0 92 68 29 38 5 74 19 63 80 0 0 
78 0 0 93 49 80 87 20 0 74 0 6 47 0 0 24 68 19 0 10 59 0 0 96 13 88 43 99 0 34 0 57 84 59 60 80 81 93 59 12 3 0 15 0 0 46 64 69 40 79 0 9 71 13 94 0 69 92 7 0 45 0 30 0 45 72 25 0 9 12 0 78 0 45 48 39 0 0 0 73 23 0 0 46 22 39 56 42 81 74 0 23 85 24 0 0 0 0 0 47 
17 71 0 56 82 96 0 21 54 82 0 0 0 51 0 29 0 65 59 24 0 0 0 17 68 60 47 0 0 90 0 0 15 0 0 0 0 0 47 69 0 0 14 42 99 46 74 73 0 92 9 31 0 0 47 84 0 0 0 0 50 30 0 71 0 0 3 45 0 0 15 50 0 0 71 61 29 0 43 0 66 0 0 0 40 48 0 0 23 0 0 0 12 51 0 89 0 94 0 9 
0 0 0 91 85 0 0 0 50 45 43 59 0 11 74 8 11 49 6 27 24 98 77 0 0 62 11 26 5 0 0 93 14 95 37 76 75 64 67 98 43 52 0 0 25 28 20 48 0 0 0 61 0 23 80 56 4 2 0 0 38 0 71 0 35 0 0 0 70 0 19 53 34 41 48 60 0 46 100 68 0 0 64 4 0 0 94 28 10 58 46 0 66 4 0 53 0 0 9 11 
0 32 79 51 6 0 75 86 48 0 0 13 0 0 90 67 86 0 28 60 54 47 55 26 0 41 38 0 0 0 0 18 97 15 0 33 39 93 27 0 48 0 57 57 46 32 72 85 29 82 5 31 16 0 0 0 100 79 33 28 15 45 0 35 0 43 14 41 85 0 0 86 97 47 63 66 0 36 91 92 0 31 44 0 60 66 63 8 0 60 24 8 90 0 53 0 87 0 90 0 
44 0 42 0 0 0 63 50 41 73 60 18 15 71 54 27 86 0 54 0 0 3 17 9 45 98 97 44 40 0 0 61 72 26 12 57 26 0 68 3 0 0 55 69 76 54 36 45 69 84 15 91 38 34 0 0 0 0 36 0 50 72 0 0 43 0 41 90 0 50 42 0 0 32 0 0 83 47 0 91 2 0 0 6 0 61 81 92 10 12 72 0 0 28 8 29 98 0 83 21 
49 0 68 0 49 23 4 0 0 0 0 0 0 47 84 0 0 21 40 93 0 33 45 0 0 0 19 0 45 46 0 34 29 49 90 81 0 24 0 0 87 8 64 69 0 0 98 0 61 0 0 0 21 98 0 0 0 9 97 13 56 25 3 0 14 41 0 0 68 23 0 0 82 0 1 0 26 0 12 0 89 0 0 0 29 25 37 74 0 46 0 0 0 0 32 0 40 99 0 1 
2 0 24 65 74 4 94 5 65 0 89 13 85 59 48 15 0 65 0 18 84 82 90 0 79 0 71 62 24 38 29 0 4 84 31 63 0 62 0 0 39 58 0 0 60 32 86 0 0 56 84 0 0 0 0 81 0 88 0 3 15 0 45 0 41 90 0 0 96 98 78 0 0 0 0 63 22 71 17 55 24 68 0 30 0 0 0 12 6 38 89 93 0 44 0 96 75 43 0 66 
20 44 45 100 0 39 0 45 0 42 0 8 17 0 0 37 0 0 92 68 0 0 92 51 85 0 0 0 33 18 56 32 61 0 44 26 0 0 16 62 55 33 19 0 40 0 54 49 45 34 0 0 0 0 49 0 59 72 0 0 66 9 0 70 85 0 68 96 0 0 31 100 9 51 6 26 53 0 95 54 0 63 98 3 77 0 49 90 90 0 15 0 0 92 61 17 0 49 7 0 
72 65 15 79 0 66 49 34 9 14 0 59 0 0 27 31 0 0 16 38 45 0 0 53 32 91 0 24 32 0 0 0 0 39 0 0 0 0 20 56 0 14 0 82 27 16 0 5 0 64 8 26 0 0 26 15 10 0 0 0 70 12 0 0 0 50 23 98 0 0 0 75 0 0 25 43 45 50 37 0 0 58 0 0 80 76 34 56 34 0 100 5 80 66 0 0 0 0 7 28 
69 47 0 0 10 15 0 0 63 85 79 0 0 86 0 51 76 5 98 80 11 73 0 37 59 0 0 0 0 76 61 44 45 64 0 0 0 37 59 0 90 26 0 1 56 80 89 43 84 0 0 61 1 0 69 51 7 0 0 25 88 0 15 19 0 42 0 78 31 0 0 43 72 78 0 77 85 25 25 0 0 0 68 46 0 0 79 89 0 99 8 0 13 0 0 0 0 66 69 46 
98 35 36 0 49 3 0 36 17 22 55 0 1 32 49 0 96 79 0 65 54 11 0 12 0 32 54 86 8 0 32 0 79 0 30 50 52 16 56 0 0 66 0 0 17 31 0 0 21 33 0 12 54 80 74 4 0 99 0 12 43 78 50 53 86 0 0 0 100 75 43 0 64 0 10 0 97 0 0 0 0 0 0 5 76 25 0 17 0 13 56 74 0 22 0 69 25 61 0 0 
10 98 64 50 0 92 0 0 46 39 0 0 33 1 93 5 0 85 23 97 0 0 0 79 52 72 0 41 5 0 59 75 99 34 0 92 22 34 73 0 0 87 68 87 83 82 0 34 0 0 92 0 0 0 72 0 3 98 63 0 0 0 0 34 97 0 82 0 9 0 72 64 0 38 12 0 61 11 42 10 0 80 0 36 3 74 25 85 0 69 8 0 60 21 31 0 0 72 28 0 
0 83 0 90 46 0 21 66 0 51 19 76 29 78 94 0 0 25 56 0 0 0 88 100 0 63 55 0 85 0 0 33 8 0 5 75 0 72 90 100 0 57 12 88 40 0 0 0 12 0 0 62 3 26 0 0 0 0 46 0 5 45 0 41 47 32 0 0 51 0 78 0 38 0 72 40 0 9 91 38 33 15 0 0 31 0 0 19 98 85 91 36 76 93 11 83 0 0 2 0 
0 33 95 7 0 71 0 0 69 97 0 0 98 0 0 82 78 0 0 0 17 61 79 22 0 45 90 89 0 64 0 21 47 64 0 42 0 49 49 37 58 38 57 92 0 0 31 37 45 66 52 54 72 59 59 42 69 11 88 82 3 48 71 48 63 0 1 0 6 25 0 10 12 72 0 83 0 100 35 0 100 69 70 0 5 42 84 46 30 68 0 0 43 0 100 50 18 0 0 32 
73 0 13 58 0 0 0 23 9 61 0 26 90 64 0 0 0 0 0 0 88 0 0 30 51 95 79 0 23 0 37 23 100 0 31 0 20 60 75 4 44 66 55 0 99 9 77 13 98 68 40 43 28 98 51 0 28 54 0 33 0 39 61 60 66 0 0 63 26 43 77 0 0 40 83 0 21 54 37 19 3 0 0 0 0 0 49 69 57 19 66 53 27 94 82 43 56 80 11 19 
11 0 94 76 71 0 0 0 50 0 27 0 0 44 0 0 63 45 84 20 29 95 0 15 0 32 93 0 0 68 40 61 60 8 10 0 0 77 0 20 45 0 29 0 0 43 34 45 95 4 41 15 24 0 69 54 22 3 0 20 36 0 29 0 0 83 26 22 53 45 85 97 61 0 0 21 0 0 87 64 0 0 0 0 0 0 0 0 37 0 0 83 81 92 0 0 100 0 0 88 
85 44 97 56 0 20 0 53 29 5 0 36 0 0 0 0 0 41 0 49 86 10 0 33 11 51 24 61 0 70 57 58 0 0 0 70 21 53 0 31 50 0 71 15 53 79 85 91 66 87 27 0 0 0 0 0 0 80 0 0 1 0 0 46 36 47 0 71 0 50 25 0 11 9 100 54 0 0 27 36 72 34 0 0 31 61 67 98 34 77 91 80 72 0 32 0 0 0 91 4 
11 0 57 91 13 77 0 25 33 6 0 40 0 0 0 0 0 77 0 46 0 0 52 51 47 3 13 0 98 0 41 0 58 9 99 74 6 98 88 61 72 95 44 0 0 7 80 44 0 60 85 18 62 9 0 62 11 84 72 69 0 0 43 100 91 0 12 17 95 37 25 0 42 91 35 37 87 27 0 0 0 80 29 99 0 21 0 0 34 86 0 0 0 0 62 0 47 74 44 0 
0 98 0 53 0 0 81 1 58 26 0 18 87 0 41 0 0 0 0 74 47 66 0 0 0 18 0 11 0 49 0 0 16 0 35 28 100 98 52 84 24 0 42 0 28 0 8 62 0 2 40 0 0 60 21 0 88 0 65 43 71 73 0 68 92 91 0 55 54 0 0 0 10 38 0 19 64 36 0 0 0 95 18 40 39 55 0 0 86 51 1 56 31 96 0 0 32 42 0 38 
34 89 0 0 69 0 31 16 0 29 16 64 0 89 8 22 18 0 0 37 10 93 33 89 0 60 40 55 46 0 76 9 0 79 0 100 48 26 37 66 3 58 100 95 87 83 58 66 15 28 9 18 54 38 69 68 52 67 0 0 98 23 66 0 0 2 89 24 0 0 0 0 0 33 100 3 0 72 0 0 0 73 36 0 0 0 35 11 92 0 62 0 0 0 32 97 0 64 40 56 
87 50 71 0 38 0 53 0 0 64 0 47 62 100 0 0 0 0 9 0 0 95 35 0 100 0 47 0 44 0 0 87 0 0 48 72 41 0 19 0 56 0 0 0 61 0 61 0 0 11 6 68 0 43 3 58 0 0 26 6 0 0 0 0 31 0 0 68 63 58 0 0 80 15 69 0 0 34 80 95 73 0 62 54 36 28 0 7 0 0 42 53 70 57 0 16 0 64 85 8 
50 0 0 0 44 0 0 0 70 12 3 30 0 15 100 0 70 91 88 0 21 0 33 81 30 12 0 78 56 59 32 61 45 4 52 28 0 0 16 78 0 0 11 0 54 31 91 17 90 12 0 0 29 70 0 0 27 71 20 9 0 0 0 64 44 0 0 0 98 0 68 0 0 0 70 0 0 0 29 18 36 62 0 0 0 0 1 70 13 0 0 0 14 0 0 67 27 93 82 0 
0 61 0 0 70 0 38 0 0 0 37 13 6 0 14 14 61 19 95 88 83 56 96 28 0 0 96 36 25 65 54 0 38 44 87 0 0 0 0 0 0 0 33 68 0 0 1 56 25 0 0 4 0 0 0 0 0 88 0 0 41 46 0 4 0 6 0 30 3 0 46 5 36 0 0 0 0 0 99 40 0 54 0 0 0 91 91 46 0 0 34 0 15 0 0 77 0 49 68 80 
0 41 0 32 21 91 13 11 2 58 58 0 0 35 59 87 15 70 80 0 55 83 75 0 32 0 0 0 99 0 87 84 80 0 60 0 91 0 0 0 82 52 74 0 0 34 59 0 0 0 48 0 35 0 61 0 68 10 0 4 30 22 40 0 60 0 29 0 77 80 0 76 3 31 5 0 0 31 0 39 0 36 0 0 0 95 27 40 46 27 0 37 0 0 36 16 47 0 50 57 
11 11 0 7 15 0 51 90 27 47 87 77 8 16 0 61 63 0 2 31 24 0 48 0 0 0 43 59 4 62 18 0 0 70 0 70 81 22 48 0 26 27 0 98 66 4 80 37 61 71 18 0 42 51 43 0 0 33 0 40 81 39 48 0 66 61 25 0 0 76 0 25 74 0 42 0 0 61 21 55 0 28 0 91 95 0 21 52 0 38 0 0 16 0 0 0 42 0 0 35 
93 68 71 0 77 17 0 24 46 27 0 26 9 87 42 0 95 74 46 0 72 54 0 56 0 32 36 97 43 94 92 45 63 31 96 16 66 0 0 77 48 5 69 28 86 39 0 38 0 0 85 50 4 42 2 0 0 0 95 0 0 56 0 94 63 81 37 0 49 34 79 0 25 0 84 49 0 67 0 0 35 0 1 91 27 21 0 0 88 55 0 71 15 0 3 75 36 38 14 0 
23 0 0 0 0 0 95 0 0 41 0 78 15 68 33 0 14 77 32 87 58 80 89 57 34 50 94 46 0 0 0 17 42 0 0 32 28 41 5 0 0 24 85 91 0 0 0 63 40 13 0 0 81 98 20 34 0 30 0 84 99 42 0 28 8 92 74 12 90 56 89 17 85 19 46 69 0 98 0 0 11 7 70 46 40 52 0 0 15 18 36 12 0 0 0 95 52 34 0 53 
54 0 0 50 54 17 11 100 0 50 10 67 49 50 0 26 37 72 38 0 14 26 0 79 51 51 46 39 0 0 95 0 89 47 0 19 23 7 90 0 74 0 65 0 1 0 0 36 54 0 52 0 51 53 0 18 67 0 0 50 0 81 23 10 0 10 0 6 90 34 0 0 0 98 30 57 37 34 34 86 92 0 13 0 46 0 88 15 0 0 1 36 93 4 63 84 68 0 0 7 
24 30 0 0 55 91 86 68 0 39 0 94 0 32 81 8 0 87 0 47 69 0 48 0 69 0 0 0 54 22 0 85 96 11 0 0 0 61 8 71 0 27 5 84 1 0 91 0 94 23 0 83 10 0 0 37 93 42 64 36 92 74 0 58 60 12 46 38 0 0 99 13 69 85 68 19 0 77 86 51 0 0 0 0 27 38 55 18 0 0 0 0 26 0 0 99 88 28 31 66 
98 29 0 13 0 0 56 90 36 0 0 70 40 49 0 47 0 0 0 72 28 0 0 0 68 0 16 0 47 0 0 0 0 0 29 0 98 31 22 21 0 18 21 0 48 0 0 0 3 45 57 23 0 0 0 0 12 59 45 79 68 0 0 46 24 72 0 89 15 100 8 56 8 91 0 66 0 91 0 1 62 42 0 34 0 0 0 36 1 0 0 0 0 0 0 0 83 13 79 20 
42 63 55 0 62 0 2 0 0 48 32 0 0 0 51 0 34 0 0 0 86 0 0 58 99 0 0 73 74 0 0 65 77 0 0 72 15 28 0 0 10 0 42 70 5 0 54 78 70 60 41 0 0 8 24 0 0 5 58 26 29 23 0 0 8 0 0 93 0 5 0 74 0 36 0 53 83 80 0 56 0 53 0 0 37 0 71 12 36 0 0 0 1 0 45 0 16 27 37 81 
71 3 0 13 92 85 76 34 0 66 87 95 14 0 75 40 0 59 26 0 0 16 0 86 21 32 78 0 0 75 0 0 54 1 0 0 0 8 87 60 0 0 19 0 61 91 0 0 40 0 65 0 0 36 83 15 77 77 100 49 38 85 12 66 90 0 0 0 0 80 13 0 60 76 43 27 81 72 0 31 0 70 14 15 0 16 15 0 93 26 0 1 0 0 42 89 18 0 0 0 
0 55 14 58 0 93 95 0 0 63 37 0 0 9 8 81 0 0 38 99 16 0 0 39 7 70 61 0 4 37 56 73 3 0 0 0 0 0 21 0 0 99 0 0 11 0 0 96 0 41 59 0 90 0 95 0 67 66 0 28 5 24 51 4 0 28 0 44 92 66 0 22 21 93 0 94 92 0 0 96 0 57 0 0 0 0 0 0 4 0 0 0 0 0 0 57 0 64 0 36 
0 60 44 30 82 0 2 45 0 41 57 74 76 22 39 100 0 0 0 0 84 64 0 0 69 4 33 0 0 11 0 0 34 0 90 76 0 39 57 69 0 0 0 0 33 41 89 34 48 94 77 63 3 0 0 99 0 7 0 62 74 0 0 0 53 8 32 0 61 0 0 0 31 11 100 82 0 32 62 0 32 0 0 0 36 0 3 0 63 0 0 45 42 0 0 0 0 80 58 0 
0 32 20 51 92 84 62 41 90 20 28 0 0 0 39 94 0 54 57 58 24 0 0 79 61 24 17 0 0 0 30 96 99 6 13 0 0 48 83 0 67 0 38 0 81 0 4 81 85 35 87 16 0 44 42 0 0 78 0 0 19 0 89 53 0 29 0 96 17 0 0 69 0 83 50 43 0 0 0 0 97 16 67 77 16 0 75 95 84 99 0 0 89 57 0 0 0 0 0 60 
22 80 13 59 0 58 8 1 0 34 86 33 20 84 88 0 0 68 25 0 52 11 0 48 0 54 16 7 74 43 4 65 46 50 48 60 43 0 0 77 67 0 0 0 4 0 0 67 18 5 84 7 93 0 34 0 0 0 0 0 63 0 0 0 87 98 40 75 0 0 0 25 0 0 18 56 100 0 47 32 0 0 27 0 47 42 36 52 68 88 83 16 18 0 0 0 0 100 38 0 
3 0 0 55 0 32 63 63 0 74 0 0 56 64 22 63 1 0 88 97 28 90 71 60 76 33 5 77 0 88 67 72 49 33 42 27 35 0 0 92 53 78 0 10 0 0 0 19 36 65 73 0 0 53 16 83 0 16 55 70 80 0 94 0 0 0 99 43 49 0 66 61 72 0 0 80 0 0 74 42 64 64 93 49 0 0 38 34 0 28 13 27 0 64 80 0 100 0 0 81 
63 12 19 2 0 0 87 27 32 43 91 60 71 95 0 74 0 0 49 69 0 89 63 42 24 32 0 0 40 77 91 8 0 15 0 6 0 0 88 0 54 79 13 86 64 45 3 0 100 0 0 0 28 94 81 5 0 0 43 25 0 0 0 9 90 83 0 0 7 7 69 0 28 2 0 11 0 91 44 0 40 85 82 68 50 0 14 0 0 31 79 37 0 0 58 0 38 0 0 11 
85 35 0 69 53 81 44 42 4 0 65 0 0 67 4 35 0 92 94 41 0 0 0 0 79 0 16 0 77 58 19 0 0 0 40 23 13 4 49 0 60 78 90 27 97 73 19 49 45 8 0 90 0 77 76 32 0 74 97 23 0 47 9 11 0 21 1 66 0 28 46 0 0 0 32 19 88 4 0 38 56 8 0 80 57 35 0 53 7 66 20 81 0 36 0 60 0 81 11 0 
