0 0 66 0 0 0 0 0 0 0 0 0 0 0 0 0 0 0 19 0 0 0 28 0 0 0 99 0 0 84 0 0 0 78 0 0 7 0 0 0 0 0 0 0 0 0 0 0 0 0 26 0 0 0 0 33 0 0 0 87 0 0 0 0 0 0 0 0 0 0 0 0 0 0 0 0 0 84 0 0 0 0 41 0 0 69 0 0 0 0 0 52 0 0 86 0 0 0 0 0 
0 0 0 0 0 0 0 0 0 0 0 0 0 0 0 0 0 0 0 0 0 0 0 0 67 74 0 0 0 1 0 0 0 0 0 0 52 0 0 0 31 56 0 75 0 0 0 0 30 0 42 0 0 77 0 0 0 0 0 0 0 29 0 0 0 0 0 0 0 0 0 0 0 0 23 91 0 0 0 0 0 0 0 0 0 0 0 61 0 0 0 0 0 0 0 0 0 0 0 35 
66 0 0 0 0 0 80 0 0 79 0 0 0 0 0 0 0 0 0 0 0 0 0 0 0 0 61 0 0 0 0 0 0 46 0 71 0 0 50 9 0 0 0 0 0 0 0 0 0 0 0 2 0 0 0 0 0 0 0 0 0 0 0 0 0 0 0 0 54 0 0 0 0 0 16 0 0 0 0 84 0 0 0 0 0 0 0 0 0 34 0 0 0 84 0 0 0 0 0 0 
0 0 0 0 0 0 0 0 11 0 0 0 0 18 0 0 0 0 0 0 18 0 0 0 0 86 0 0 0 0 0 0 0 0 0 0 0 0 0 0 0 0 0 0 0 0 0 0 0 0 0 0 0 62 0 32 0 0 69 0 0 0 0 0 70 0 0 48 0 0 0 0 0 98 0 0 0 0 0 0 0 0 0 0 41 0 0 0 56 0 40 19 0 0 0 0 0 0 0 0 
0 0 0 0 0 0 0 0 0 0 0 0 0 0 0 0 0 0 0 0 0 0 0 0 63 0 0 0 17 0 0 0 0 0 63 0 0 0 0 0 0 73 98 0 51 0 3 0 0 0 0 0 0 0 0 0 0 0 0 63 0 24 0 0 84 0 0 0 0 0 13 0 0 0 23 0 0 0 47 0 0 0 0 0 0 0 0 45 0 0 0 81 0 0 0 0 0 0 0 0 
0 0 0 0 0 0 0 0 0 38 0 0 0 0 0 0 0 0 0 0 0 0 0 41 0 0 0 0 0 70 13 26 0 0 93 0 0 0 0 0 0 0 0 0 39 0 0 0 0 0 0 0 0 0 0 0 0 44 0 0 0 0 0 0 0 0 7 0 0 0 0 0 0 0 0 0 0 0 0 0 0 0 0 0 0 0 0 12 0 0 0 0 0 0 0 0 0 0 0 74 
0 0 80 0 0 0 0 0 75 0 0 0 0 0 0 0 0 64 0 0 0 18 0 0 0 0 0 0 0 42 0 0 81 0 26 0 0 0 0 0 0 0 0 0 0 0 0 72 0 0 0 0 0 0 0 0 0 0 0 0 0 0 0 0 0 0 0 0 0 0 0 0 61 0 0 0 0 0 0 0 0 0 0 0 0 13 0 0 0 0 0 0 0 0 12 0 0 0 5 0 
0 0 0 0 0 0 0 0 0 0 0 0 0 0 0 0 0 0 58 0 41 0 0 0 0 72 0 0 0 0 0 0 0 0 0 0 0 0 0 0 0 0 0 0 81 66 0 83 0 0 0 0 0 0 0 0 0 0 24 39 96 0 0 0 0 0 83 0 0 0 0 0 0 0 0 0 0 0 0 0 15 0 0 0 44 0 0 0 0 0 0 42 0 79 0 0 0 0 0 94 
0 0 0 11 0 0 75 0 0 0 0 0 0 0 0 0 0 0 0 0 13 87 0 0 0 77 43 0 0 0 0 0 0 0 0 0 0 0 0 0 0 0 0 54 0 0 0 0 0 0 0 59 29 0 0 0 0 0 0 0 0 0 0 27 0 0 43 0 0 0 0 0 0 0 0 0 0 0 0 0 0 0 0 0 0 0 0 0 0 0 0 0 0 0 0 0 0 0 0 0 
0 0 79 0 0 38 0 0 0 0 0 0 5 0 0 0 0 61 0 0 85 0 0 0 0 0 0 0 0 0 0 68 0 0 0 0 0 65 0 0 0 0 0 0 0 0 0 0 0 0 0 0 0 0 87 0 0 0 0 0 0 0 0 0 62 0 0 0 0 0 0 0 99 0 0 0 0 0 0 0 0 0 0 0 0 0 0 0 0 0 0 0 45 0 0 0 0 0 0 0 
0 0 0 0 0 0 0 0 0 0 0 0 47 0 99 0 0 0 0 0 0 0 0 0 0 0 0 0 0 0 0 0 0 0 0 0 0 0 0 94 0 0 0 0 0 0 0 0 0 0 0 0 0 0 0 0 0 0 0 0 26 0 0 0 0 99 0 0 0 15 0 0 0 0 27 0 0 0 0 0 0 0 0 0 11 0 0 0 0 35 0 0 0 88 0 0 0 60 0 61 
0 0 0 0 0 0 0 0 0 0 0 0 0 48 0 0 0 0 0 56 0 0 0 0 0 0 0 0 0 21 0 0 0 0 0 0 0 21 0 83 0 0 0 0 0 0 4 0 0 0 0 0 0 0 0 0 0 0 57 0 0 0 0 0 14 0 0 0 0 0 0 0 0 0 0 0 45 0 0 0 18 39 53 0 0 0 47 0 0 0 0 0 0 0 11 0 0 0 0 0 
0 0 0 0 0 0 0 0 0 5 47 0 0 0 0 0 0 32 0 0 0 0 0 0 0 0 0 44 0 71 0 0 75 0 0 0 47 0 0 0 0 25 0 0 0 0 0 0 0 0 0 90 0 85 0 0 0 0 0 0 0 0 0 0 0 0 0 88 0 0 0 0 0 0 0 0 0 0 0 0 0 0 0 37 0 0 0 0 0 0 0 0 0 0 0 0 0 0 0 0 
0 0 0 18 0 0 0 0 0 0 0 48 0 0 56 0 0 0 0 9 0 30 0 0 0 0 0 0 0 0 0 28 0 0 0 0 0 0 81 0 0 0 0 93 0 0 0 0 0 85 0 0 31 0 0 0 0 0 0 0 0 0 0 0 0 0 0 0 0 0 0 0 0 0 0 0 0 0 13 0 0 24 0 49 99 0 0 0 0 0 0 0 0 0 0 0 0 0 0 0 
0 0 0 0 0 0 0 0 0 0 99 0 0 56 0 34 0 68 10 0 0 0 0 94 0 0 0 0 0 0 0 0 35 0 0 0 0 0 0 0 0 0 0 0 0 0 0 0 0 0 0 0 0 0 0 0 0 0 0 0 0 0 11 0 51 8 5 74 0 0 0 0 0 0 0 71 0 0 0 0 0 0 0 0 0 0 0 0 0 0 77 0 0 0 0 60 0 0 0 0 
0 0 0 0 0 0 0 0 0 0 0 0 0 0 34 0 0 30 0 0 0 0 0 0 0 0 0 0 70 0 0 0 0 0 27 0 0 93 0 17 96 0 0 0 0 0 0 0 0 0 0 0 0 0 0 0 0 0 0 41 0 0 0 0 0 0 0 0 0 65 0 0 0 0 0 0 0 0 0 16 0 0 0 0 0 0 0 0 0 0 0 0 0 0 0 0 0 0 0 0 
0 0 0 0 0 0 0 0 0 0 0 0 0 0 0 0 0 0 0 0 0 0 73 0 0 97 0 0 0 0 0 63 0 0 0 0 28 0 0 9 0 54 0 65 0 0 0 9 0 0 0 0 0 12 0 0 28 0 0 0 0 0 0 0 0 0 0 0 0 0 48 0 0 0 0 0 0 0 46 45 0 0 0 0 0 0 0 0 35 0 0 0 0 0 0 0 90 0 0 0 
0 0 0 0 0 0 64 0 0 61 0 0 32 0 68 30 0 0 0 0 0 0 0 0 59 0 0 48 0 0 0 0 0 0 55 0 0 0 0 0 87 0 0 0 0 0 0 0 0 0 0 0 0 0 0 0 0 0 0 0 0 0 0 0 0 0 0 0 0 0 0 95 5 0 0 0 0 0 0 0 0 0 0 0 0 0 0 0 34 94 0 0 0 0 0 0 40 22 0 0 
19 0 0 0 0 0 0 58 0 0 0 0 0 0 10 0 0 0 0 0 0 0 0 0 0 0 0 0 0 0 0 0 0 0 0 0 0 32 68 0 0 0 0 23 0 0 0 2 0 0 0 0 72 21 0 0 0 0 0 0 0 0 85 0 0 78 0 0 0 0 0 0 0 0 0 0 0 0 0 0 6 90 0 0 0 0 0 0 0 0 0 0 0 0 0 20 0 0 0 0 
0 0 0 0 0 0 0 0 0 0 0 56 0 9 0 0 0 0 0 0 0 0 0 0 0 0 0 0 0 0 0 0 0 0 0 0 0 0 0 0 86 0 0 34 0 0 48 0 0 0 0 0 0 0 0 0 0 0 0 0 0 0 0 0 0 36 0 0 0 0 0 0 0 97 0 0 0 0 0 0 0 0 0 50 30 0 0 99 0 0 0 0 0 0 0 0 0 0 0 0 
0 0 0 18 0 0 0 41 13 85 0 0 0 0 0 0 0 0 0 0 0 0 0 0 0 0 0 80 0 0 0 0 0 0 0 0 0 0 0 86 0 0 0 0 0 32 0 0 0 0 0 0 0 0 0 56 0 81 0 0 0 10 0 21 97 0 0 0 73 0 0 60 0 0 0 0 0 0 0 0 0 0 0 0 0 0 0 0 88 0 0 0 0 0 0 0 0 0 0 0 
0 0 0 0 0 0 18 0 87 0 0 0 0 30 0 0 0 0 0 0 0 0 0 0 0 0 77 0 0 0 0 0 0 0 0 89 0 0 0 0 57 0 0 0 0 0 0 0 0 0 0 0 0 0 0 41 0 0 0 0 0 0 0 0 0 0 0 0 95 0 0 0 78 0 0 22 29 0 0 0 0 0 0 0 0 0 0 0 0 0 0 0 0 0 0 0 0 0 0 0 
28 0 0 0 0 0 0 0 0 0 0 0 0 0 0 0 73 0 0 0 0 0 0 0 0 0 0 0 0 0 0 0 0 0 0 0 0 0 0 0 0 62 0 0 0 0 0 23 0 0 79 0 64 0 0 0 0 0 91 0 0 0 0 0 0 0 0 71 0 0 0 0 73 0 0 0 0 48 0 0 8 11 0 26 0 0 0 0 0 0 0 0 87 0 0 0 26 0 0 0 
0 0 0 0 0 41 0 0 0 0 0 0 0 0 94 0 0 0 0 0 0 0 0 0 0 0 0 0 0 0 0 0 0 0 0 0 0 0 0 0 0 0 0 76 0 0 0 46 0 0 0 0 0 0 0 0 0 0 0 0 0 0 0 0 0 0 0 0 0 0 0 0 38 0 15 0 0 0 66 0 0 54 0 55 0 0 0 48 0 0 0 0 0 0 1 0 66 0 0 0 
0 67 0 0 63 0 0 0 0 0 0 0 0 0 0 0 0 59 0 0 0 0 0 0 0 0 91 0 0 0 0 0 0 0 0 0 0 0 0 0 0 0 0 97 0 0 0 0 0 0 0 56 12 72 0 0 0 0 76 2 72 46 43 0 0 0 0 0 0 0 0 39 0 0 0 0 0 0 0 0 0 11 0 0 0 0 0 0 0 0 0 0 0 0 0 0 0 0 0 0 
0 74 0 86 0 0 0 72 77 0 0 0 0 0 0 0 97 0 0 0 0 0 0 0 0 0 0 0 0 0 0 98 0 53 0 0 0 0 0 0 0 0 0 0 0 0 0 0 0 0 0 0 0 50 0 0 0 0 0 0 10 0 0 0 0 0 0 0 0 0 0 82 0 0 0 0 0 0 0 0 0 0 0 9 0 0 0 0 0 0 0 91 0 0 32 0 0 0 0 0 
99 0 61 0 0 0 0 0 43 0 0 0 0 0 0 0 0 0 0 0 0 77 0 0 91 0 0 0 0 0 0 0 0 0 33 0 0 0 0 0 0 0 0 0 0 0 0 0 0 0 0 0 0 0 0 47 0 0 0 0 0 0 0 0 0 0 0 63 0 0 0 0 0 0 0 0 0 0 0 0 0 0 0 0 88 62 62 0 0 0 0 0 0 0 0 0 0 0 94 0 
0 0 0 0 0 0 0 0 0 0 0 0 44 0 0 0 0 48 0 0 80 0 0 0 0 0 0 0 0 0 61 28 0 0 0 0 0 0 0 58 0 0 0 13 0 0 0 0 0 0 0 0 0 0 0 15 37 0 0 0 1 0 0 0 0 0 61 0 0 0 73 0 0 0 0 0 0 0 86 0 0 0 0 40 0 0 0 0 0 0 0 0 0 0 0 0 0 0 0 0 
0 0 0 0 17 0 0 0 0 0 0 0 0 0 0 70 0 0 0 0 0 0 0 0 0 0 0 0 0 55 0 0 0 0 0 0 0 67 0 0 5 0 0 0 0 0 0 0 0 0 0 90 56 0 0 0 8 0 0 0 72 0 0 0 89 0 0 0 0 0 0 0 0 0 0 0 0 62 0 0 0 0 0 0 0 0 0 76 0 0 0 0 30 0 0 0 0 0 0 23 
84 1 0 0 0 70 42 0 0 0 0 21 71 0 0 0 0 0 0 0 0 0 0 0 0 0 0 0 55 0 0 0 0 0 0 0 98 0 0 0 0 0 0 0 0 0 0 0 0 0 0 0 0 0 0 0 0 0 0 0 0 0 0 0 0 89 0 20 0 0 100 0 0 0 61 0 0 0 0 22 0 0 0 0 0 0 0 0 0 0 0 0 0 0 0 45 0 87 0 0 
0 0 0 0 0 13 0 0 0 0 0 0 0 0 0 0 0 0 0 0 0 0 0 0 0 0 0 61 0 0 0 0 0 0 91 0 0 79 0 0 4 0 0 0 0 0 0 51 0 0 0 0 0 0 0 0 0 0 0 80 0 0 0 76 0 0 0 28 0 0 0 0 0 0 0 0 57 0 0 78 0 0 42 0 0 0 35 0 0 85 0 0 0 0 0 0 0 0 73 0 
0 0 0 0 0 26 0 0 0 68 0 0 0 28 0 0 63 0 0 0 0 0 0 0 0 98 0 28 0 0 0 0 0 0 0 9 0 0 0 0 0 2 0 0 0 0 0 0 48 0 0 0 0 0 0 0 0 0 0 0 0 0 6 0 0 0 0 0 0 0 0 0 0 0 0 0 3 48 83 0 0 0 0 0 0 0 0 0 0 76 0 0 0 0 0 41 0 0 0 0 
0 0 0 0 0 0 81 0 0 0 0 0 75 0 35 0 0 0 0 0 0 0 0 0 0 0 0 0 0 0 0 0 0 0 0 0 0 0 0 0 0 0 0 0 0 0 6 0 0 0 0 0 0 0 9 0 0 0 52 0 82 0 0 62 0 0 0 0 0 0 0 8 83 18 0 0 0 0 0 0 0 11 0 0 0 0 0 0 0 35 0 0 0 0 0 50 0 0 0 0 
78 0 46 0 0 0 0 0 0 0 0 0 0 0 0 0 0 0 0 0 0 0 0 0 0 53 0 0 0 0 0 0 0 0 99 0 0 0 0 0 0 0 0 0 0 0 0 0 97 0 0 0 0 0 0 0 0 98 0 0 39 0 0 0 52 0 0 0 0 0 0 0 0 0 0 80 62 0 0 0 61 0 61 0 0 0 9 0 0 71 0 0 0 0 37 0 0 0 0 0 
0 0 0 0 63 93 26 0 0 0 0 0 0 0 0 27 0 55 0 0 0 0 0 0 0 0 33 0 0 0 91 0 0 99 0 0 0 0 0 0 0 0 0 0 0 0 65 0 75 0 0 0 0 0 0 87 0 86 0 7 0 0 0 49 0 0 0 0 0 0 0 0 0 0 0 0 75 0 0 0 0 0 0 0 0 0 0 0 0 0 0 0 0 0 0 0 0 0 0 0 
0 0 71 0 0 0 0 0 0 0 0 0 0 0 0 0 0 0 0 0 0 89 0 0 0 0 0 0 0 0 0 9 0 0 0 0 0 0 0 0 0 17 0 41 0 0 0 16 0 61 0 0 0 0 0 0 0 0 0 0 0 0 0 0 33 0 0 0 0 89 0 0 67 56 0 0 99 0 0 69 0 0 0 0 0 0 0 0 0 0 0 31 0 0 0 0 79 0 0 0 
7 52 0 0 0 0 0 0 0 0 0 0 47 0 0 0 28 0 0 0 0 0 0 0 0 0 0 0 0 98 0 0 0 0 0 0 0 0 0 0 0 0 0 0 0 0 0 0 72 0 0 0 0 0 0 0 63 0 0 0 30 0 0 0 0 0 0 0 0 0 24 0 0 0 0 0 0 0 0 0 0 0 0 0 0 21 20 0 0 76 47 0 0 4 0 85 0 0 0 0 
0 0 0 0 0 0 0 0 0 65 0 21 0 0 0 93 0 0 32 0 0 0 0 0 0 0 0 0 67 0 79 0 0 0 0 0 0 0 0 0 0 0 83 0 0 0 0 0 80 0 0 0 0 0 0 0 0 0 0 43 0 0 0 0 0 0 0 0 0 100 0 2 0 0 0 0 14 0 0 0 0 0 0 0 71 0 0 0 42 0 0 0 0 0 0 0 0 62 0 0 
0 0 50 0 0 0 0 0 0 0 0 0 0 81 0 0 0 0 68 0 0 0 0 0 0 0 0 0 0 0 0 0 0 0 0 0 0 0 0 0 0 0 0 0 0 55 0 0 0 93 90 0 98 0 0 0 95 31 0 0 0 0 0 0 0 0 0 0 0 0 0 0 0 0 0 0 0 0 0 0 0 0 0 0 0 0 0 0 0 0 0 61 0 0 0 0 0 0 0 0 
0 0 9 0 0 0 0 0 0 0 94 83 0 0 0 17 9 0 0 0 86 0 0 0 0 0 0 58 0 0 0 0 0 0 0 0 0 0 0 0 0 0 0 0 0 0 0 0 0 0 0 0 0 0 28 0 41 0 0 0 0 0 0 0 0 0 0 0 0 0 0 0 0 0 0 0 0 100 0 0 0 0 0 0 0 0 96 0 0 0 0 0 0 77 0 9 0 0 0 0 
0 31 0 0 0 0 0 0 0 0 0 0 0 0 0 96 0 87 0 86 0 57 0 0 0 0 0 0 5 0 4 0 0 0 0 0 0 0 0 0 0 0 0 0 45 32 0 51 0 0 0 0 0 0 0 0 0 97 0 0 0 0 58 0 0 0 0 0 0 72 0 0 0 0 0 0 0 0 0 0 0 0 0 0 0 0 0 0 86 0 0 0 0 0 0 0 0 0 46 0 
0 56 0 0 73 0 0 0 0 0 0 0 25 0 0 0 54 0 0 0 0 0 62 0 0 0 0 0 0 0 0 2 0 0 0 17 0 0 0 0 0 0 0 0 0 0 0 0 0 15 0 0 0 0 0 0 0 0 0 0 0 0 0 0 0 0 0 81 0 0 0 0 0 0 0 28 0 0 0 0 0 0 66 65 0 0 0 0 0 0 0 0 0 0 30 0 0 0 36 0 
0 0 0 0 98 0 0 0 0 0 0 0 0 0 0 0 0 0 0 0 0 0 0 0 0 0 0 0 0 0 0 0 0 0 0 0 0 83 0 0 0 0 0 0 0 0 0 0 0 0 0 0 0 0 0 0 0 0 0 0 0 0 35 0 0 0 0 0 0 0 0 0 0 0 0 0 80 0 82 0 0 0 0 0 0 0 0 0 0 0 0 0 0 57 0 0 0 0 27 0 
0 75 0 0 0 0 0 0 54 0 0 0 0 93 0 0 65 0 23 34 0 0 0 76 97 0 0 13 0 0 0 0 0 0 0 41 0 0 0 0 0 0 0 0 0 0 0 0 0 0 0 0 0 0 97 0 0 0 0 0 0 0 0 0 0 0 0 0 0 0 0 0 0 0 0 0 0 0 0 0 0 0 45 0 0 89 0 0 62 0 0 0 0 0 0 0 0 0 0 0 
0 0 0 0 51 39 0 81 0 0 0 0 0 0 0 0 0 0 0 0 0 0 0 0 0 0 0 0 0 0 0 0 0 0 0 0 0 0 0 0 45 0 0 0 0 0 0 0 0 0 0 0 0 0 7 0 0 57 0 0 0 0 0 0 0 0 0 16 0 4 0 41 0 0 58 0 0 0 16 52 0 0 0 0 0 24 0 0 0 70 0 0 0 0 0 0 49 0 0 0 
0 0 0 0 0 0 0 66 0 0 0 0 0 0 0 0 0 0 0 0 32 0 0 0 0 0 0 0 0 0 0 0 0 0 0 0 0 0 55 0 32 0 0 0 0 0 0 0 0 52 0 0 0 0 0 0 0 0 30 41 0 0 0 0 0 40 0 0 0 90 0 0 0 97 0 0 0 0 0 71 57 0 0 0 0 18 0 0 0 52 0 0 0 0 0 0 75 0 0 0 
0 0 0 0 3 0 0 0 0 0 0 4 0 0 0 0 0 0 0 48 0 0 0 0 0 0 0 0 0 0 0 0 6 0 65 0 0 0 0 0 0 0 0 0 0 0 0 64 0 0 0 0 0 0 0 0 47 80 0 0 0 0 0 0 0 0 0 0 32 0 0 22 0 0 0 0 0 0 0 0 0 0 0 26 0 0 0 0 0 0 0 0 0 0 0 12 0 0 0 0 
0 0 0 0 0 0 72 83 0 0 0 0 0 0 0 0 9 0 2 0 0 0 23 46 0 0 0 0 0 0 51 0 0 0 0 16 0 0 0 0 51 0 0 0 0 0 64 0 0 0 0 0 0 0 0 0 0 0 0 0 0 0 0 0 0 0 0 0 0 0 0 0 0 0 0 0 0 0 0 0 0 0 0 63 0 2 0 0 0 0 0 0 0 0 0 0 0 0 0 0 
0 30 0 0 0 0 0 0 0 0 0 0 0 0 0 0 0 0 0 0 0 0 0 0 0 0 0 0 0 0 0 48 0 97 75 0 72 80 0 0 0 0 0 0 0 0 0 0 0 0 0 0 0 0 0 93 0 0 0 0 0 0 0 0 0 0 0 0 0 0 0 0 0 0 0 0 9 0 0 0 0 0 0 10 0 25 0 0 0 0 0 48 0 0 0 0 0 0 80 0 
0 0 0 0 0 0 0 0 0 0 0 0 0 85 0 0 0 0 0 0 0 0 0 0 0 0 0 0 0 0 0 0 0 0 0 61 0 0 93 0 0 15 0 0 0 52 0 0 0 0 55 0 0 0 26 0 46 0 0 61 0 0 0 30 0 0 0 0 80 0 0 0 0 0 0 0 0 0 0 0 0 0 0 0 0 38 0 0 0 0 0 1 0 0 0 0 0 0 0 0 
26 42 0 0 0 0 0 0 0 0 0 0 0 0 0 0 0 0 0 0 0 0 79 0 0 0 0 0 0 0 0 0 0 0 0 0 0 0 90 0 0 0 0 0 0 0 0 0 0 55 0 0 0 88 0 81 0 0 0 0 0 0 59 0 0 0 0 50 0 0 0 0 0 0 0 0 0 0 0 100 0 0 63 0 0 0 0 0 0 0 0 0 21 22 0 0 0 0 0 78 
0 0 2 0 0 0 0 0 59 0 0 0 90 0 0 0 0 0 0 0 0 0 0 0 56 0 0 0 90 0 0 0 0 0 0 0 0 0 0 0 0 0 0 0 0 0 0 0 0 0 0 0 0 0 0 0 28 0 0 18 58 0 0 0 0 0 0 0 25 0 0 0 0 0 0 0 0 0 0 0 24 0 34 0 0 52 0 0 0 0 0 0 0 0 0 0 0 34 29 34 
0 0 0 0 0 0 0 0 29 0 0 0 0 31 0 0 0 0 72 0 0 0 64 0 12 0 0 0 56 0 0 0 0 0 0 0 0 0 98 0 0 0 0 0 0 0 0 0 0 0 0 0 0 0 0 0 0 0 96 0 0 0 0 0 0 0 0 4 0 0 65 0 0 0 84 0 0 0 0 0 0 0 0 0 0 23 0 0 0 0 0 0 0 0 0 0 0 0 34 0 
0 77 0 62 0 0 0 0 0 0 0 0 85 0 0 0 12 0 21 0 0 0 0 0 72 50 0 0 0 0 0 0 0 0 0 0 0 0 0 0 0 0 0 0 0 0 0 0 0 0 88 0 0 0 0 0 0 0 0 87 0 0 0 0 0 0 0 0 76 0 21 0 0 38 0 75 0 0 0 0 0 0 0 0 0 0 37 0 0 0 0 0 0 0 0 0 0 0 0 0 
0 0 0 0 0 0 0 0 0 87 0 0 0 0 0 0 0 0 0 0 0 0 0 0 0 0 0 0 0 0 0 0 9 0 0 0 0 0 0 28 0 0 0 97 7 0 0 0 0 26 0 0 0 0 0 0 73 0 0 0 83 0 0 0 0 0 0 0 65 0 0 0 93 25 0 0 18 0 0 0 0 0 0 0 1 0 0 0 0 0 20 0 0 0 0 0 0 0 0 2 
33 0 0 32 0 0 0 0 0 0 0 0 0 0 0 0 0 0 0 0 56 41 0 0 0 0 47 15 0 0 0 0 0 0 87 0 0 0 0 0 0 0 0 0 0 0 0 0 93 0 81 0 0 0 0 0 0 0 0 0 0 0 0 0 0 0 0 0 4 0 10 0 0 0 0 0 0 0 0 0 0 21 0 0 0 0 0 0 0 0 0 0 0 0 0 0 0 0 0 15 
0 0 0 0 0 0 0 0 0 0 0 0 0 0 0 0 28 0 0 0 0 0 0 0 0 0 0 37 8 0 0 0 0 0 0 0 63 0 95 41 0 0 0 0 0 0 47 0 0 46 0 28 0 0 73 0 0 0 0 0 0 0 0 0 0 41 0 0 0 0 0 0 39 0 0 0 0 0 0 0 0 38 38 0 0 0 0 0 0 0 0 0 61 0 0 0 0 0 0 0 
0 0 0 0 0 44 0 0 0 0 0 0 0 0 0 0 0 0 0 0 81 0 0 0 0 0 0 0 0 0 0 0 0 98 86 0 0 0 31 0 97 0 0 0 57 0 80 0 0 0 0 0 0 0 0 0 0 0 0 0 0 0 70 0 0 25 0 0 0 0 0 0 0 0 0 0 0 0 0 0 23 0 0 0 0 0 8 0 0 0 0 0 0 0 0 0 0 0 0 0 
0 0 0 69 0 0 0 24 0 0 0 57 0 0 0 0 0 0 0 0 0 0 91 0 76 0 0 0 0 0 0 0 52 0 0 0 0 0 0 0 0 0 0 0 0 30 0 0 0 0 0 0 96 0 0 0 0 0 0 0 0 0 0 0 0 0 0 0 0 15 0 0 0 65 0 0 0 0 0 0 90 0 0 0 47 0 0 0 0 0 0 0 3 0 0 0 0 0 0 0 
87 0 0 0 63 0 0 39 0 0 0 0 0 0 0 41 0 0 0 0 0 0 0 0 2 0 0 0 0 0 80 0 0 0 7 0 0 43 0 0 0 0 0 0 0 41 0 0 0 61 0 18 0 87 0 0 0 0 0 0 0 0 95 38 0 0 0 0 99 0 0 0 0 0 0 0 0 0 0 0 0 0 0 0 0 0 0 0 0 0 0 0 0 0 0 0 0 0 0 0 
0 0 0 0 0 0 0 96 0 0 26 0 0 0 0 0 0 0 0 0 0 0 0 0 72 10 0 1 72 0 0 0 82 39 0 0 30 0 0 0 0 0 0 0 0 0 0 0 0 0 0 58 0 0 83 0 0 0 0 0 0 0 0 0 0 0 0 99 0 0 0 0 0 0 0 28 0 41 0 0 0 0 0 0 0 0 0 10 0 0 0 0 0 0 0 0 0 0 0 0 
0 29 0 0 24 0 0 0 0 0 0 0 0 0 0 0 0 0 0 0 10 0 0 0 46 0 0 0 0 0 0 0 0 0 0 0 0 0 0 0 0 0 0 0 0 0 0 0 0 0 0 0 0 0 0 0 0 0 0 0 0 0 0 0 0 0 0 0 12 0 0 0 0 0 0 0 0 0 0 0 59 0 0 0 0 0 3 0 0 0 0 0 0 0 0 0 0 0 0 0 
0 0 0 0 0 0 0 0 0 0 0 0 0 0 11 0 0 0 85 0 0 0 0 0 43 0 0 0 0 0 0 6 0 0 0 0 0 0 0 0 58 0 35 0 0 0 0 0 0 0 59 0 0 0 0 0 0 70 0 95 0 0 0 0 0 0 0 0 0 0 92 0 0 0 0 0 0 0 0 0 72 33 0 0 0 0 0 0 0 0 0 0 0 0 0 0 19 0 100 52 
0 0 0 0 0 0 0 0 27 0 0 0 0 0 0 0 0 0 0 0 21 0 0 0 0 0 0 0 0 0 76 0 62 0 49 0 0 0 0 0 0 0 0 0 0 0 0 0 0 30 0 0 0 0 0 0 0 0 0 38 0 0 0 0 0 0 84 0 0 0 0 0 0 0 0 0 0 0 0 0 0 0 0 0 0 0 0 29 0 0 18 0 0 0 84 0 0 0 0 0 
0 0 0 70 84 0 0 0 0 62 0 14 0 0 51 0 0 0 0 0 97 0 0 0 0 0 0 0 89 0 0 0 0 52 0 33 0 0 0 0 0 0 0 0 0 0 0 0 0 0 0 0 0 0 0 0 0 0 0 0 0 0 0 0 0 0 0 0 0 75 0 0 0 0 19 0 0 0 7 0 0 0 0 0 0 0 24 0 0 0 0 0 0 0 0 97 0 33 0 0 
0 0 0 0 0 0 0 0 0 0 99 0 0 0 8 0 0 0 78 36 0 0 0 0 0 0 0 0 0 89 0 0 0 0 0 0 0 0 0 0 0 0 0 0 0 40 0 0 0 0 0 0 0 0 0 0 41 25 0 0 0 0 0 0 0 0 0 0 0 0 83 0 0 0 0 77 0 0 0 0 0 53 0 0 0 0 0 0 28 0 0 0 0 0 0 0 0 0 92 0 
0 0 0 0 0 7 0 83 43 0 0 0 0 0 5 0 0 0 0 0 0 0 0 0 0 0 0 61 0 0 0 0 0 0 0 0 0 0 0 0 0 0 0 0 0 0 0 0 0 0 0 0 0 0 0 0 0 0 0 0 0 0 0 84 0 0 0 0 0 0 0 0 0 0 0 0 0 0 0 16 94 0 0 0 0 0 0 27 0 0 0 0 0 0 0 0 0 0 0 0 
0 0 0 48 0 0 0 0 0 0 0 0 88 0 74 0 0 0 0 0 0 0 71 0 0 0 63 0 0 20 28 0 0 0 0 0 0 0 0 0 0 81 0 0 16 0 0 0 0 0 50 0 4 0 0 0 0 0 0 0 99 0 0 0 0 0 0 0 0 0 0 0 0 0 0 0 39 0 0 0 0 0 0 0 0 0 0 0 0 0 0 0 0 0 0 0 47 0 0 0 
0 0 54 0 0 0 0 0 0 0 0 0 0 0 0 0 0 0 0 0 73 95 0 0 0 0 0 0 0 0 0 0 0 0 0 0 0 0 0 0 0 0 0 0 0 0 32 0 0 80 0 25 0 76 65 4 0 0 0 99 0 12 0 0 0 0 0 0 0 0 0 0 0 0 0 0 0 0 0 0 0 0 0 0 59 0 0 0 0 41 0 59 0 0 0 0 0 0 41 0 
0 0 0 0 0 0 0 0 0 0 15 0 0 0 0 65 0 0 0 0 0 0 0 0 0 0 0 0 0 0 0 0 0 0 0 89 0 100 0 0 72 0 0 0 4 90 0 0 0 0 0 0 0 0 0 0 0 0 15 0 0 0 0 0 75 0 0 0 0 0 0 0 0 0 54 0 59 0 0 0 33 0 0 0 0 0 0 0 49 0 0 0 0 0 31 0 0 95 0 0 
0 0 0 0 13 0 0 0 0 0 0 0 0 0 0 0 48 0 0 0 0 0 0 0 0 0 0 73 0 100 0 0 0 0 0 0 24 0 0 0 0 0 0 0 0 0 0 0 0 0 0 0 65 21 0 10 0 0 0 0 0 0 92 0 0 83 0 0 0 0 0 0 0 0 0 0 0 0 0 0 0 90 0 91 0 0 0 38 0 0 0 0 0 0 0 70 97 0 0 0 
0 0 0 0 0 0 0 0 0 0 0 0 0 0 0 0 0 95 0 0 60 0 0 0 39 82 0 0 0 0 0 0 8 0 0 0 0 2 0 0 0 0 0 0 41 0 22 0 0 0 0 0 0 0 0 0 0 0 0 0 0 0 0 0 0 0 0 0 0 0 0 0 0 0 23 44 0 0 0 33 0 0 0 0 0 0 0 0 0 0 9 0 0 2 57 0 0 0 57 0 
0 0 0 0 0 0 61 0 0 99 0 0 0 0 0 0 0 5 0 0 0 78 73 38 0 0 0 0 0 0 0 0 83 0 0 67 0 0 0 0 0 0 0 0 0 0 0 0 0 0 0 0 0 0 93 0 39 0 0 0 0 0 0 0 0 0 0 0 0 0 0 0 0 0 0 6 0 0 0 35 0 0 0 0 0 0 0 0 0 0 0 0 31 0 62 24 0 0 0 0 
0 0 0 98 0 0 0 0 0 0 0 0 0 0 0 0 0 0 0 97 0 0 0 0 0 0 0 0 0 0 0 0 18 0 0 56 0 0 0 0 0 0 0 0 0 97 0 0 0 0 0 0 0 38 25 0 0 0 65 0 0 0 0 0 0 0 0 0 0 0 0 0 0 0 0 0 0 0 12 0 0 0 0 0 0 0 0 0 0 0 0 87 0 0 0 0 0 60 0 0 
0 23 16 0 23 0 0 0 0 0 27 0 0 0 0 0 0 0 0 0 0 0 0 15 0 0 0 0 0 61 0 0 0 0 0 0 0 0 0 0 0 0 0 0 58 0 0 0 0 0 0 0 84 0 0 0 0 0 0 0 0 0 0 0 19 0 0 0 0 54 0 23 0 0 0 0 0 0 0 0 0 0 0 0 0 0 0 0 0 0 0 0 0 35 0 0 0 0 0 34 
0 91 0 0 0 0 0 0 0 0 0 0 0 0 71 0 0 0 0 0 0 22 0 0 0 0 0 0 0 0 0 0 0 80 0 0 0 0 0 0 0 28 0 0 0 0 0 0 0 0 0 0 0 75 0 0 0 0 0 0 28 0 0 0 0 77 0 0 0 0 0 44 6 0 0 0 0 0 0 0 0 94 91 0 55 0 0 0 19 0 0 96 0 0 0 0 0 0 0 0 
0 0 0 0 0 0 0 0 0 0 0 45 0 0 0 0 0 0 0 0 0 29 0 0 0 0 0 0 0 0 57 3 0 62 75 99 0 14 0 0 0 0 80 0 0 0 0 0 9 0 0 0 0 0 18 0 0 0 0 0 0 0 0 0 0 0 0 39 0 59 0 0 0 0 0 0 0 0 0 0 0 0 0 0 0 56 0 0 0 0 0 0 0 0 0 0 0 0 95 0 
84 0 0 0 0 0 0 0 0 0 0 0 0 0 0 0 0 0 0 0 0 0 48 0 0 0 0 0 62 0 0 48 0 0 0 0 0 0 0 100 0 0 0 0 0 0 0 0 0 0 0 0 0 0 0 0 0 0 0 0 41 0 0 0 0 0 0 0 0 0 0 0 0 0 0 0 0 0 0 0 0 0 0 0 0 0 0 0 0 0 0 0 0 0 0 43 59 0 0 26 
0 0 0 0 47 0 0 0 0 0 0 0 0 13 0 0 46 0 0 0 0 0 0 66 0 0 0 86 0 0 0 83 0 0 0 0 0 0 0 0 0 0 82 0 16 0 0 0 0 0 0 0 0 0 0 0 0 0 0 0 0 0 0 0 7 0 0 0 0 0 0 0 0 12 0 0 0 0 0 0 0 0 0 0 0 0 0 14 45 0 0 0 0 88 0 0 0 98 0 13 
0 0 84 0 0 0 0 0 0 0 0 0 0 0 0 16 45 0 0 0 0 0 0 0 0 0 0 0 0 22 78 0 0 0 0 69 0 0 0 0 0 0 0 0 52 71 0 0 0 0 100 0 0 0 0 0 0 0 0 0 0 0 0 0 0 0 16 0 0 0 0 33 35 0 0 0 0 0 0 0 0 0 9 55 0 0 0 0 0 0 0 0 0 0 0 0 0 0 0 0 
0 0 0 0 0 0 0 15 0 0 0 18 0 0 0 0 0 0 6 0 0 0 8 0 0 0 0 0 0 0 0 0 0 61 0 0 0 0 0 0 0 0 0 0 0 57 0 0 0 0 0 24 0 0 0 0 0 23 90 0 0 59 72 0 0 0 94 0 0 33 0 0 0 0 0 0 0 0 0 0 0 0 0 0 0 0 0 0 0 0 0 0 0 20 0 0 0 0 0 0 
0 0 0 0 0 0 0 0 0 0 0 39 0 24 0 0 0 0 90 0 0 0 11 54 11 0 0 0 0 0 0 0 11 0 0 0 0 0 0 0 0 0 0 0 0 0 0 0 0 0 0 0 0 0 0 21 38 0 0 0 0 0 33 0 0 53 0 0 0 0 90 0 0 0 0 94 0 0 0 0 0 0 0 0 0 0 0 0 0 87 0 0 0 0 16 0 0 0 0 0 
41 0 0 0 0 0 0 0 0 0 0 53 0 0 0 0 0 0 0 0 0 0 0 0 0 0 0 0 0 0 42 0 0 61 0 0 0 0 0 0 0 66 0 45 0 0 0 0 0 0 63 34 0 0 0 0 38 0 0 0 0 0 0 0 0 0 0 0 0 0 0 0 0 0 0 91 0 0 0 9 0 0 0 58 0 89 0 0 18 0 78 0 0 0 0 0 0 0 0 0 
0 0 0 0 0 0 0 0 0 0 0 0 37 49 0 0 0 0 0 50 0 0 26 55 0 9 0 40 0 0 0 0 0 0 0 0 0 0 0 0 0 65 0 0 0 0 26 63 10 0 0 0 0 0 0 0 0 0 0 0 0 0 0 0 0 0 0 0 0 0 91 0 0 0 0 0 0 0 0 55 0 0 58 0 0 0 0 0 0 0 0 0 0 0 0 0 0 0 0 67 
0 0 0 41 0 0 0 44 0 0 11 0 0 99 0 0 0 0 0 30 0 0 0 0 0 0 88 0 0 0 0 0 0 0 0 0 0 71 0 0 0 0 0 0 0 0 0 0 0 0 0 0 0 0 1 0 0 0 47 0 0 0 0 0 0 0 0 0 59 0 0 0 0 0 0 55 0 0 0 0 0 0 0 0 0 0 0 0 0 0 0 0 0 0 0 17 48 39 0 0 
69 0 0 0 0 0 13 0 0 0 0 0 0 0 0 0 0 0 0 0 0 0 0 0 0 0 62 0 0 0 0 0 0 0 0 0 21 0 0 0 0 0 0 89 24 18 0 2 25 38 0 52 23 0 0 0 0 0 0 0 0 0 0 0 0 0 0 0 0 0 0 0 0 0 0 0 56 0 0 0 0 0 89 0 0 0 0 0 0 0 0 0 0 0 0 0 0 0 26 0 
0 0 0 0 0 0 0 0 0 0 0 47 0 0 0 0 0 0 0 0 0 0 0 0 0 0 62 0 0 0 35 0 0 9 0 0 20 0 0 96 0 0 0 0 0 0 0 0 0 0 0 0 0 37 0 0 0 8 0 0 0 3 0 0 24 0 0 0 0 0 0 0 0 0 0 0 0 0 0 0 0 0 0 0 0 0 0 0 0 0 0 0 0 91 0 30 0 0 0 0 
0 61 0 0 45 12 0 0 0 0 0 0 0 0 0 0 0 0 0 99 0 0 0 48 0 0 0 0 76 0 0 0 0 0 0 0 0 0 0 0 0 0 0 0 0 0 0 0 0 0 0 0 0 0 0 0 0 0 0 0 10 0 0 29 0 0 27 0 0 0 38 0 0 0 0 0 0 0 14 0 0 0 0 0 0 0 0 0 0 0 0 0 38 0 0 0 0 62 0 0 
0 0 0 56 0 0 0 0 0 0 0 0 0 0 0 0 35 34 0 0 88 0 0 0 0 0 0 0 0 0 0 0 0 0 0 0 0 42 0 0 86 0 0 62 0 0 0 0 0 0 0 0 0 0 0 0 0 0 0 0 0 0 0 0 0 28 0 0 0 49 0 0 0 0 0 19 0 0 45 0 0 0 18 0 0 0 0 0 0 54 0 0 0 19 0 0 54 0 0 0 
0 0 34 0 0 0 0 0 0 0 35 0 0 0 0 0 0 94 0 0 0 0 0 0 0 0 0 0 0 0 85 76 35 71 0 0 76 0 0 0 0 0 0 0 70 52 0 0 0 0 0 0 0 0 0 0 0 0 0 0 0 0 0 0 0 0 0 0 41 0 0 0 0 0 0 0 0 0 0 0 0 87 0 0 0 0 0 0 54 0 0 0 83 0 17 0 0 0 0 0 
0 0 0 40 0 0 0 0 0 0 0 0 0 0 77 0 0 0 0 0 0 0 0 0 0 0 0 0 0 0 0 0 0 0 0 0 47 0 0 0 0 0 0 0 0 0 0 0 0 0 0 0 0 0 20 0 0 0 0 0 0 0 0 18 0 0 0 0 0 0 0 9 0 0 0 0 0 0 0 0 0 0 78 0 0 0 0 0 0 0 0 0 0 0 0 0 0 0 0 0 
52 0 0 19 81 0 0 42 0 0 0 0 0 0 0 0 0 0 0 0 0 0 0 0 0 91 0 0 0 0 0 0 0 0 0 31 0 0 61 0 0 0 0 0 0 0 0 0 48 1 0 0 0 0 0 0 0 0 0 0 0 0 0 0 0 0 0 0 59 0 0 0 0 87 0 96 0 0 0 0 0 0 0 0 0 0 0 0 0 0 0 0 0 0 6 0 0 0 0 0 
0 0 0 0 0 0 0 0 0 45 0 0 0 0 0 0 0 0 0 0 0 0 87 0 0 0 0 0 30 0 0 0 0 0 0 0 0 0 0 0 0 0 0 0 0 0 0 0 0 0 21 0 0 0 0 0 61 0 3 0 0 0 0 0 0 0 0 0 0 0 0 0 31 0 0 0 0 0 0 0 0 0 0 0 0 0 0 38 0 83 0 0 0 0 0 0 0 75 0 0 
0 0 84 0 0 0 0 79 0 0 88 0 0 0 0 0 0 0 0 0 0 0 0 0 0 0 0 0 0 0 0 0 0 0 0 0 4 0 0 77 0 0 57 0 0 0 0 0 0 0 22 0 0 0 0 0 0 0 0 0 0 0 0 0 0 0 0 0 0 0 0 2 0 0 35 0 0 0 88 0 20 0 0 0 0 0 91 0 19 0 0 0 0 0 0 0 0 0 0 0 
86 0 0 0 0 0 12 0 0 0 0 11 0 0 0 0 0 0 0 0 0 0 0 1 0 32 0 0 0 0 0 0 0 37 0 0 0 0 0 0 0 30 0 0 0 0 0 0 0 0 0 0 0 0 0 0 0 0 0 0 0 0 0 84 0 0 0 0 0 31 0 57 62 0 0 0 0 0 0 0 0 16 0 0 0 0 0 0 0 17 0 6 0 0 0 0 21 0 0 0 
0 0 0 0 0 0 0 0 0 0 0 0 0 0 60 0 0 0 20 0 0 0 0 0 0 0 0 0 0 45 0 41 50 0 0 0 85 0 0 9 0 0 0 0 0 0 12 0 0 0 0 0 0 0 0 0 0 0 0 0 0 0 0 0 97 0 0 0 0 0 70 0 24 0 0 0 0 43 0 0 0 0 0 0 17 0 30 0 0 0 0 0 0 0 0 0 0 0 0 27 
0 0 0 0 0 0 0 0 0 0 0 0 0 0 0 0 90 40 0 0 0 0 26 66 0 0 0 0 0 0 0 0 0 0 0 79 0 0 0 0 0 0 0 0 49 75 0 0 0 0 0 0 0 0 0 0 0 0 0 0 0 0 19 0 0 0 0 47 0 0 97 0 0 0 0 0 0 59 0 0 0 0 0 0 48 0 0 0 54 0 0 0 0 0 21 0 0 55 0 0 
0 0 0 0 0 0 0 0 0 0 60 0 0 0 0 0 0 22 0 0 0 0 0 0 0 0 0 0 0 87 0 0 0 0 0 0 0 62 0 0 0 0 0 0 0 0 0 0 0 0 0 34 0 0 0 0 0 0 0 0 0 0 0 0 33 0 0 0 0 95 0 0 0 60 0 0 0 0 98 0 0 0 0 0 39 0 0 62 0 0 0 0 75 0 0 0 55 0 0 0 
0 0 0 0 0 0 5 0 0 0 0 0 0 0 0 0 0 0 0 0 0 0 0 0 0 0 94 0 0 0 73 0 0 0 0 0 0 0 0 0 46 36 27 0 0 0 0 0 80 0 0 29 34 0 0 0 0 0 0 0 0 0 100 0 0 92 0 0 41 0 0 57 0 0 0 0 95 0 0 0 0 0 0 0 0 26 0 0 0 0 0 0 0 0 0 0 0 0 0 0 
0 35 0 0 0 74 0 94 0 0 61 0 0 0 0 0 0 0 0 0 0 0 0 0 0 0 0 0 23 0 0 0 0 0 0 0 0 0 0 0 0 0 0 0 0 0 0 0 0 0 78 34 0 0 2 15 0 0 0 0 0 0 52 0 0 0 0 0 0 0 0 0 0 0 34 0 0 26 13 0 0 0 0 67 0 0 0 0 0 0 0 0 0 0 0 27 0 0 0 0 
