0 0 0 0 0 6 0 58 0 0 0 0 0 0 0 0 0 0 0 0 0 0 0 0 0 0 0 0 0 0 0 0 0 0 0 0 0 0 0 0 7 0 0 0 0 0 0 0 0 47 0 0 0 0 0 0 0 0 0 0 0 26 0 0 0 0 0 0 0 0 0 0 0 0 0 0 0 0 0 0 0 0 0 0 0 0 0 0 0 0 0 0 0 0 0 0 0 0 0 42 
0 0 0 0 0 80 0 0 0 0 0 0 0 0 0 0 0 0 0 0 0 0 0 0 0 0 0 0 0 0 0 0 0 0 0 0 50 0 0 0 0 0 0 0 0 0 0 0 0 0 0 0 0 0 0 0 0 57 0 0 0 0 0 0 0 74 70 34 0 0 0 0 0 33 44 51 0 0 0 0 0 0 0 44 0 0 0 0 0 0 0 0 0 0 0 0 0 0 76 0 
0 0 0 0 0 0 66 0 0 0 0 0 0 4 0 0 0 0 0 0 0 0 0 95 0 0 0 0 0 63 0 79 0 0 0 0 0 0 0 0 0 0 0 0 0 0 0 0 0 0 0 0 0 0 88 0 0 0 0 0 0 4 0 0 0 0 0 0 0 0 87 0 0 0 0 0 0 0 0 0 0 3 0 0 0 0 0 0 0 38 0 0 0 79 0 0 0 0 0 0 
0 0 0 0 0 0 0 0 0 0 0 0 0 0 0 0 0 0 0 0 0 0 0 0 0 26 0 0 0 0 0 0 0 50 0 0 0 0 0 0 0 0 0 0 0 0 0 0 0 0 0 0 0 0 0 0 0 20 0 0 0 0 0 16 0 0 0 0 0 0 0 0 18 0 0 0 0 0 0 0 0 51 0 0 0 0 0 79 0 0 0 0 0 0 0 0 0 0 44 0 
0 0 0 0 0 0 0 0 12 0 0 0 0 0 0 0 0 42 0 0 0 73 0 0 0 0 0 0 0 0 0 0 0 0 0 0 0 0 0 10 0 0 0 0 0 0 0 0 0 0 0 0 15 0 0 93 31 15 0 0 0 0 0 0 0 0 0 0 0 0 0 0 0 0 0 0 30 0 0 0 0 0 0 0 28 0 0 0 0 21 0 0 0 0 0 0 0 0 0 0 
6 80 0 0 0 0 66 0 0 35 21 0 38 0 0 0 0 0 0 28 0 0 0 0 0 0 0 0 59 0 0 0 0 0 0 0 0 0 0 0 0 0 0 0 16 0 0 0 0 0 0 0 0 0 0 0 0 0 0 0 0 0 0 0 0 80 12 61 0 0 0 82 0 0 0 0 0 0 0 0 0 0 0 0 0 0 0 0 7 0 0 0 0 0 0 0 0 0 0 0 
0 0 66 0 0 66 0 0 0 0 0 0 0 100 0 0 0 0 0 0 0 57 0 0 0 0 0 0 0 0 0 0 0 0 0 0 0 0 0 0 26 0 10 0 0 0 0 0 0 0 0 0 0 0 0 99 0 0 0 0 0 0 0 0 0 0 0 0 0 0 0 0 0 0 0 0 0 0 0 0 0 0 0 0 0 0 0 0 0 0 0 0 0 0 0 59 0 0 0 0 
58 0 0 0 0 0 0 0 0 35 0 0 0 0 0 0 0 0 0 0 0 0 0 0 0 0 0 0 0 0 0 0 0 0 0 0 37 0 0 0 0 0 0 80 0 0 0 0 0 0 21 0 0 0 0 0 0 0 0 0 0 0 0 0 0 0 0 0 0 0 0 0 0 55 0 0 0 45 0 0 0 0 0 86 0 28 0 0 0 0 0 0 0 0 0 0 83 0 0 94 
0 0 0 0 12 0 0 0 0 0 0 0 0 0 0 0 86 0 0 0 0 0 0 0 0 32 0 0 58 0 0 0 0 0 0 0 0 0 0 0 0 0 0 0 0 0 0 0 0 0 0 0 0 0 0 0 0 0 0 0 0 0 0 0 0 0 0 0 0 57 0 0 0 0 0 0 0 0 0 0 0 0 0 0 0 0 0 59 0 0 0 0 0 0 15 0 0 0 0 0 
0 0 0 0 0 35 0 35 0 0 0 0 0 0 0 0 0 0 0 0 0 0 0 0 0 0 0 0 0 0 0 0 0 0 0 0 0 0 0 0 0 0 0 0 0 0 39 0 0 0 0 0 0 32 0 48 0 0 41 0 0 0 19 0 49 0 0 0 0 0 66 0 0 0 0 29 0 0 34 0 0 56 0 0 62 0 0 0 0 0 69 0 0 0 0 0 0 0 67 0 
0 0 0 0 0 21 0 0 0 0 0 0 0 0 0 0 0 0 0 0 0 0 0 0 0 0 0 0 0 0 54 0 0 46 0 50 0 0 0 0 0 0 0 0 0 0 88 0 0 0 0 0 0 0 82 99 0 0 0 0 0 0 0 13 0 0 0 0 0 0 0 0 0 0 0 0 0 0 89 0 0 0 0 73 0 78 0 0 0 0 0 0 0 0 0 0 0 0 0 0 
0 0 0 0 0 0 0 0 0 0 0 0 0 0 0 0 0 8 54 87 0 0 0 0 0 4 0 0 5 0 0 0 0 0 0 98 0 0 0 0 0 0 0 0 0 0 0 0 0 0 0 0 0 0 0 0 0 0 0 0 0 0 0 0 0 0 0 0 0 0 0 0 0 0 31 0 0 0 43 0 0 86 0 0 0 0 77 0 0 0 51 0 0 0 0 0 0 0 0 0 
0 0 0 0 0 38 0 0 0 0 0 0 0 0 0 0 92 0 0 0 0 0 0 0 0 0 0 88 0 0 0 0 0 0 0 37 0 0 0 0 0 0 0 0 75 0 0 0 0 0 0 0 69 60 74 0 0 0 0 33 0 0 0 0 0 1 0 0 0 0 0 0 0 0 0 0 0 0 0 0 28 0 0 0 0 0 0 0 0 0 0 0 0 11 0 0 0 0 0 0 
0 0 4 0 0 0 100 0 0 0 0 0 0 0 0 0 0 0 0 0 0 0 0 0 0 8 0 0 0 0 0 0 0 0 0 0 0 0 0 0 80 0 0 0 0 0 0 0 0 0 0 0 0 29 97 0 0 0 0 0 0 0 0 0 0 0 0 0 0 0 0 0 0 0 0 1 0 0 0 0 0 0 0 0 0 0 0 0 0 0 0 0 0 0 0 0 0 0 0 0 
0 0 0 0 0 0 0 0 0 0 0 0 0 0 0 0 0 90 0 0 0 0 16 0 0 0 0 0 0 0 0 0 0 0 0 0 0 0 0 0 52 1 0 0 0 0 0 0 2 39 0 0 0 0 0 0 0 0 0 0 0 0 0 0 0 0 0 0 0 0 0 0 0 0 0 0 0 0 42 0 0 0 0 0 0 0 0 0 0 0 0 0 0 0 0 0 0 0 0 0 
0 0 0 0 0 0 0 0 0 0 0 0 0 0 0 0 0 44 0 0 0 0 0 0 10 0 0 0 0 0 0 57 0 0 0 0 0 0 0 0 0 0 0 0 0 0 0 0 0 0 52 0 0 0 0 0 0 0 0 0 0 0 0 0 0 0 0 0 0 0 0 0 65 0 0 0 32 44 0 0 40 0 0 0 0 0 0 0 0 0 0 0 0 0 1 42 0 0 0 0 
0 0 0 0 0 0 0 0 86 0 0 0 92 0 0 0 0 0 0 78 0 0 0 0 0 0 0 0 0 0 0 0 0 0 0 0 0 0 0 0 0 0 0 0 0 0 0 0 0 36 0 0 0 0 0 0 0 0 0 0 0 76 29 0 0 0 0 0 0 0 0 0 0 0 0 0 0 0 0 0 0 27 0 0 0 0 0 0 0 0 0 0 0 0 0 0 0 0 0 29 
0 0 0 0 42 0 0 0 0 0 0 8 0 0 90 44 0 0 0 0 0 0 0 0 22 0 0 0 0 0 0 0 0 0 0 0 0 0 0 0 0 0 0 0 0 0 0 0 4 0 80 16 0 41 0 0 0 0 0 60 44 0 0 0 0 0 0 0 0 0 0 0 86 0 0 0 0 0 0 0 0 71 0 75 0 0 0 0 0 17 0 0 0 0 0 0 0 0 0 0 
0 0 0 0 0 0 0 0 0 0 0 54 0 0 0 0 0 0 0 0 0 0 0 0 0 0 0 0 0 0 0 0 0 0 0 0 0 0 0 0 0 0 0 0 0 0 0 0 0 0 2 0 55 0 0 0 0 0 0 0 97 0 0 0 0 0 0 0 16 0 0 52 0 0 11 32 0 15 0 0 0 0 0 0 90 0 0 0 0 0 0 0 0 0 0 0 0 0 0 0 
0 0 0 0 0 28 0 0 0 0 0 87 0 0 0 0 78 0 0 0 0 0 0 37 0 0 0 0 0 0 0 0 0 3 0 0 0 85 0 0 0 0 0 0 0 0 10 0 38 0 12 0 0 0 0 0 0 0 0 0 0 0 0 0 0 0 0 95 0 0 0 0 0 0 0 0 80 0 0 0 0 0 0 0 29 0 0 14 0 0 0 0 0 0 47 0 0 0 0 0 
0 0 0 0 0 0 0 0 0 0 0 0 0 0 0 0 0 0 0 0 0 0 0 0 0 0 0 0 0 0 0 0 0 0 0 0 0 0 0 87 19 53 0 0 0 0 81 0 0 19 0 0 0 0 0 0 0 0 0 0 0 0 0 0 0 14 0 0 0 0 0 0 0 0 25 0 0 0 0 0 0 0 0 0 0 100 0 0 0 39 0 0 0 78 0 0 0 0 0 0 
0 0 0 0 73 0 57 0 0 0 0 0 0 0 0 0 0 0 0 0 0 0 0 0 0 0 0 0 0 0 0 65 1 0 0 0 0 0 0 0 0 0 0 0 0 0 0 0 0 0 0 0 0 0 0 42 0 0 0 0 65 0 0 99 0 0 0 0 0 0 0 0 0 0 64 0 0 0 0 0 0 0 0 0 0 0 0 0 45 69 0 13 0 0 0 0 0 0 0 0 
0 0 0 0 0 0 0 0 0 0 0 0 0 0 16 0 0 0 0 0 0 0 0 49 0 0 0 100 0 0 6 0 0 0 0 0 0 0 0 89 0 0 0 0 0 0 14 0 0 0 0 68 0 0 0 0 0 0 0 0 48 35 0 0 0 0 0 0 0 0 0 0 0 0 0 0 0 0 0 0 0 0 0 0 0 0 0 0 0 0 0 0 0 0 0 0 0 0 0 0 
0 0 95 0 0 0 0 0 0 0 0 0 0 0 0 0 0 0 0 37 0 0 49 0 0 0 0 34 0 0 0 0 26 0 0 0 0 0 0 0 0 0 0 0 0 39 0 0 0 0 0 56 0 0 0 0 1 0 0 0 0 0 0 0 0 0 0 0 0 0 0 0 0 97 0 71 0 0 0 0 0 0 0 0 0 0 0 0 0 32 0 0 0 0 0 0 0 0 0 0 
0 0 0 0 0 0 0 0 0 0 0 0 0 0 0 10 0 22 0 0 0 0 0 0 0 0 0 0 0 0 0 0 0 0 0 0 0 0 0 0 0 0 0 0 0 0 0 0 0 3 0 0 0 0 0 0 0 39 0 0 0 0 57 0 51 0 0 0 0 0 40 0 0 0 0 0 0 0 0 0 31 0 0 0 0 0 0 0 63 0 0 0 0 0 0 0 0 0 18 0 
0 0 0 26 0 0 0 0 32 0 0 4 0 8 0 0 0 0 0 0 0 0 0 0 0 0 0 0 0 0 0 0 0 53 0 0 0 74 83 0 0 0 0 0 0 0 0 0 0 0 0 31 0 0 0 0 0 1 0 0 48 0 0 0 0 0 0 0 0 0 8 0 0 0 0 0 0 0 0 0 0 0 0 56 0 91 57 0 0 0 0 0 0 0 0 0 0 0 76 0 
0 0 0 0 0 0 0 0 0 0 0 0 0 0 0 0 0 0 0 0 0 0 0 0 0 0 0 0 0 0 75 45 47 0 38 0 0 80 0 0 0 0 0 0 0 0 0 0 0 92 0 0 0 0 41 0 0 0 0 0 0 0 0 0 0 0 0 0 0 0 63 0 0 0 0 0 0 0 0 0 47 0 0 38 0 0 0 0 0 81 0 33 0 0 0 0 0 0 0 0 
0 0 0 0 0 0 0 0 0 0 0 0 88 0 0 0 0 0 0 0 0 0 100 34 0 0 0 0 0 0 0 0 0 0 0 0 0 0 0 0 0 0 0 0 0 0 0 79 1 0 0 0 0 0 57 0 0 0 0 0 0 54 0 0 0 0 0 0 0 0 0 0 0 1 0 0 0 0 0 83 0 0 0 0 0 40 0 0 0 99 0 0 0 0 0 0 0 0 0 0 
0 0 0 0 0 59 0 0 58 0 0 5 0 0 0 0 0 0 0 0 0 0 0 0 0 0 0 0 0 10 0 57 0 0 0 0 0 0 0 0 0 0 0 0 0 0 0 0 0 0 0 0 0 0 0 0 44 0 0 0 0 0 0 0 0 0 0 0 0 0 0 0 0 0 0 87 0 0 79 0 0 22 89 0 0 82 0 0 0 0 0 0 0 0 0 0 94 0 0 0 
0 0 63 0 0 0 0 0 0 0 0 0 0 0 0 0 0 0 0 0 0 0 0 0 0 0 0 0 10 0 0 0 0 0 0 0 0 0 0 0 0 0 74 0 0 0 0 0 0 0 0 0 0 0 0 0 0 0 0 0 0 0 0 0 0 0 0 0 0 0 0 100 0 0 0 0 69 0 0 0 0 0 0 0 0 0 0 0 0 0 0 0 0 0 0 0 74 0 0 0 
0 0 0 0 0 0 0 0 0 0 54 0 0 0 0 0 0 0 0 0 0 0 6 0 0 0 75 0 0 0 0 0 0 0 0 0 0 0 0 0 0 0 0 0 0 0 0 0 0 29 0 0 0 0 0 0 0 95 0 0 0 0 0 0 0 0 0 0 31 0 0 0 42 0 0 0 0 65 0 88 0 0 0 0 0 0 0 0 0 0 94 0 0 0 0 0 0 0 0 0 
0 0 79 0 0 0 0 0 0 0 0 0 0 0 0 57 0 0 0 0 0 65 0 0 0 0 45 0 57 0 0 0 0 48 0 0 0 0 0 0 0 0 0 0 0 0 0 0 0 0 0 4 0 0 62 0 0 4 0 0 0 0 83 0 59 0 0 0 79 0 0 86 0 0 0 0 0 0 53 0 0 0 0 0 0 0 0 0 0 0 0 0 0 0 0 0 0 0 0 73 
0 0 0 0 0 0 0 0 0 0 0 0 0 0 0 0 0 0 0 0 0 1 0 26 0 0 47 0 0 0 0 0 0 0 0 0 0 0 0 0 0 0 0 0 0 0 0 0 0 0 0 0 0 0 0 0 0 45 0 0 0 0 0 0 0 0 92 0 98 0 0 3 0 0 0 0 0 0 0 0 0 0 0 0 0 0 0 0 0 0 0 0 0 0 0 83 0 71 75 0 
0 0 0 50 0 0 0 0 0 0 46 0 0 0 0 0 0 0 0 3 0 0 0 0 0 53 0 0 0 0 0 48 0 0 0 0 60 0 0 0 0 0 5 0 0 43 0 0 0 0 0 0 7 0 0 0 46 0 0 0 0 0 0 0 26 0 0 0 4 0 0 0 0 0 83 0 64 0 0 0 0 0 0 0 0 0 0 0 0 0 0 0 0 0 0 82 0 0 0 0 
0 0 0 0 0 0 0 0 0 0 0 0 0 0 0 0 0 0 0 0 0 0 0 0 0 0 38 0 0 0 0 0 0 0 0 0 0 0 0 0 0 0 0 0 0 0 0 0 0 0 0 63 0 0 0 0 0 0 0 0 0 87 0 0 0 88 0 0 0 0 0 0 0 0 0 0 0 0 0 0 0 0 0 0 0 0 0 30 0 79 0 54 0 0 0 0 0 0 0 0 
0 0 0 0 0 0 0 0 0 0 50 98 37 0 0 0 0 0 0 0 0 0 0 0 0 0 0 0 0 0 0 0 0 0 0 0 0 0 0 0 0 0 0 0 0 1 0 0 0 0 74 0 0 81 0 0 0 0 0 0 0 0 0 0 65 0 0 0 0 0 0 0 60 0 0 0 0 0 0 0 0 0 0 0 0 0 66 0 0 0 0 0 0 0 0 0 0 0 0 0 
0 50 0 0 0 0 0 37 0 0 0 0 0 0 0 0 0 0 0 0 0 0 0 0 0 0 0 0 0 0 0 0 0 60 0 0 0 0 0 0 0 0 0 0 34 0 0 0 0 0 0 0 0 0 0 0 0 0 0 0 0 0 0 0 0 0 0 0 0 0 0 0 0 0 96 0 50 0 0 0 0 0 0 0 33 0 0 0 0 0 0 77 0 0 29 0 0 0 0 0 
0 0 0 0 0 0 0 0 0 0 0 0 0 0 0 0 0 0 0 85 0 0 0 0 0 74 80 0 0 0 0 0 0 0 0 0 0 0 0 0 0 91 0 0 11 0 0 4 0 0 0 0 0 0 0 0 0 0 0 0 0 0 0 0 0 0 0 0 0 0 0 0 0 0 0 0 0 0 0 0 0 0 0 0 14 0 0 0 0 0 92 0 0 0 0 0 0 0 0 0 
0 0 0 0 0 0 0 0 0 0 0 0 0 0 0 0 0 0 0 0 0 0 0 0 0 83 0 0 0 0 0 0 0 0 0 0 0 0 0 0 0 0 0 0 0 0 0 0 0 33 0 0 0 0 43 0 0 0 0 0 0 0 0 1 0 73 0 0 0 39 0 0 0 0 0 0 0 0 0 0 0 0 0 0 46 0 0 0 0 0 0 0 0 0 0 0 0 0 0 0 
0 0 0 0 10 0 0 0 0 0 0 0 0 0 0 0 0 0 0 0 87 0 89 0 0 0 0 0 0 0 0 0 0 0 0 0 0 0 0 0 0 0 0 0 0 0 90 0 0 0 0 97 0 76 0 0 0 0 0 0 0 0 0 0 0 0 0 0 0 0 0 0 38 0 0 0 0 10 38 0 0 0 0 0 0 0 0 0 0 0 0 0 0 0 22 0 0 0 0 0 
7 0 0 0 0 0 26 0 0 0 0 0 0 80 52 0 0 0 0 0 19 0 0 0 0 0 0 0 0 0 0 0 0 0 0 0 0 0 0 0 0 0 0 84 0 0 0 0 0 0 0 0 0 0 0 0 0 60 34 0 0 0 0 0 0 0 0 24 0 0 43 0 0 0 0 0 0 0 0 83 0 0 0 83 0 0 0 0 0 0 0 0 0 0 0 0 0 38 0 0 
0 0 0 0 0 0 0 0 0 0 0 0 0 0 1 0 0 0 0 0 53 0 0 0 0 0 0 0 0 0 0 0 0 0 0 0 0 91 0 0 0 0 0 0 0 0 0 0 9 0 0 0 0 0 0 0 0 0 0 0 4 0 0 0 0 0 0 0 0 0 0 0 0 0 1 0 0 0 0 68 0 0 0 0 0 0 0 0 0 0 0 0 30 0 0 0 0 0 0 0 
0 0 0 0 0 0 10 0 0 0 0 0 0 0 0 0 0 0 0 0 0 0 0 0 0 0 0 0 0 74 0 0 0 5 0 0 0 0 0 0 0 0 0 0 0 0 0 0 60 73 0 0 0 99 0 0 0 0 0 0 0 0 0 0 0 0 0 0 0 0 0 0 0 0 0 0 0 0 0 0 0 0 74 0 0 0 0 0 0 0 0 0 0 0 0 0 0 0 0 0 
0 0 0 0 0 0 0 80 0 0 0 0 0 0 0 0 0 0 0 0 0 0 0 0 0 0 0 0 0 0 0 0 0 0 0 0 0 0 0 0 84 0 0 0 0 0 0 0 0 0 39 0 0 21 0 48 0 74 0 67 0 92 0 0 0 0 0 0 0 0 0 0 0 0 0 0 0 79 0 0 0 0 0 0 0 0 0 0 0 0 62 64 0 0 0 0 0 46 0 0 
0 0 0 0 0 16 0 0 0 0 0 0 75 0 0 0 0 0 0 0 0 0 0 0 0 0 0 0 0 0 0 0 0 0 0 0 34 11 0 0 0 0 0 0 0 0 0 5 0 0 0 0 0 0 0 0 48 0 52 0 0 0 0 0 0 67 0 0 0 0 0 0 0 0 41 0 0 0 0 0 0 0 0 0 51 0 0 80 0 0 0 0 0 0 0 0 0 0 0 0 
0 0 0 0 0 0 0 0 0 0 0 0 0 0 0 0 0 0 0 0 0 0 0 39 0 0 0 0 0 0 0 0 0 43 0 1 0 0 0 0 0 0 0 0 0 0 0 0 0 0 0 0 0 0 0 0 0 0 0 74 0 0 21 0 0 0 0 0 0 0 0 0 0 0 0 0 0 0 0 0 0 0 0 0 0 0 89 0 0 20 0 0 97 0 0 0 0 0 0 0 
0 0 0 0 0 0 0 0 0 39 88 0 0 0 0 0 0 0 0 10 81 0 14 0 0 0 0 0 0 0 0 0 0 0 0 0 0 0 0 90 0 0 0 0 0 0 0 0 0 0 0 0 0 0 0 0 0 0 0 0 0 0 0 0 0 0 0 0 0 0 0 0 0 0 0 0 0 0 90 0 0 0 0 0 0 0 0 0 0 0 0 0 0 0 0 60 0 0 0 0 
0 0 0 0 0 0 0 0 0 0 0 0 0 0 0 0 0 0 0 0 0 0 0 0 0 0 0 79 0 0 0 0 0 0 0 0 0 4 0 0 0 0 0 0 5 0 0 0 0 0 0 0 0 0 0 0 0 0 0 0 0 0 0 0 0 0 0 0 0 98 0 0 0 0 0 0 0 0 0 0 0 0 42 0 0 0 0 0 0 0 0 0 16 0 0 0 0 0 0 0 
0 0 0 0 0 0 0 0 0 0 0 0 0 0 2 0 0 4 0 38 0 0 0 0 0 0 0 1 0 0 0 0 0 0 0 0 0 0 0 0 0 9 60 0 0 0 0 0 0 0 0 0 40 0 0 30 0 0 0 0 0 0 6 0 0 0 0 0 0 0 0 0 0 0 0 0 0 0 0 0 0 0 0 0 0 0 0 0 0 0 0 89 0 0 0 4 0 0 0 0 
47 0 0 0 0 0 0 0 0 0 0 0 0 0 39 0 36 0 0 0 19 0 0 0 3 0 92 0 0 0 29 0 0 0 0 0 0 0 33 0 0 0 73 0 0 0 0 0 0 0 0 51 0 0 0 0 12 0 0 0 0 0 0 0 13 0 0 0 0 0 0 0 0 0 0 0 0 0 0 0 0 0 0 0 53 0 0 0 0 0 0 94 60 0 0 0 0 0 0 0 
0 0 0 0 0 0 0 21 0 0 0 0 0 0 0 52 0 80 2 12 0 0 0 0 0 0 0 0 0 0 0 0 0 0 0 74 0 0 0 0 0 0 0 39 0 0 0 0 0 0 0 0 30 0 0 0 0 0 0 0 0 0 0 0 0 0 0 53 0 0 84 0 0 0 0 0 0 0 0 0 0 0 0 0 0 0 0 0 0 0 0 0 0 0 0 0 0 0 0 0 
0 0 0 0 0 0 0 0 0 0 0 0 0 0 0 0 0 16 0 0 0 0 68 56 0 31 0 0 0 0 0 4 0 0 63 0 0 0 0 97 0 0 0 0 0 0 0 0 0 51 0 0 0 0 0 36 0 0 51 0 90 0 0 30 0 0 65 0 0 0 0 0 0 0 0 0 0 0 0 0 0 0 0 0 0 0 0 73 0 0 0 0 0 0 0 0 0 0 76 0 
0 0 0 0 15 0 0 0 0 0 0 0 69 0 0 0 0 0 55 0 0 0 0 0 0 0 0 0 0 0 0 0 0 7 0 0 0 0 0 0 0 0 0 0 0 0 0 0 40 0 30 0 0 0 0 0 0 0 0 0 0 0 0 0 0 0 0 0 0 0 61 0 0 0 0 0 0 0 0 0 0 32 0 0 0 0 0 0 0 37 0 0 0 0 0 0 0 0 48 0 
0 0 0 0 0 0 0 0 0 32 0 0 60 29 0 0 0 41 0 0 0 0 0 0 0 0 0 0 0 0 0 0 0 0 0 81 0 0 0 76 0 0 99 21 0 0 0 0 0 0 0 0 0 0 0 0 0 0 0 0 0 0 0 0 0 0 0 0 0 0 0 0 0 0 3 0 0 64 0 0 88 0 20 0 0 0 0 0 0 0 0 0 47 0 0 0 0 0 0 0 
0 0 88 0 0 0 0 0 0 0 82 0 74 97 0 0 0 0 0 0 0 0 0 0 0 0 41 57 0 0 0 62 0 0 0 0 0 0 43 0 0 0 0 0 0 0 0 0 0 0 0 0 0 0 0 38 0 0 0 0 0 0 57 0 0 0 72 0 0 0 0 0 0 0 0 0 0 0 0 0 0 97 0 0 0 0 0 0 31 0 0 0 0 0 0 0 12 42 0 0 
0 0 0 0 93 0 99 0 0 48 99 0 0 0 0 0 0 0 0 0 0 42 0 0 0 0 0 0 0 0 0 0 0 0 0 0 0 0 0 0 0 0 0 48 0 0 0 0 30 0 0 36 0 0 38 0 0 0 0 0 0 0 0 0 0 98 0 0 0 0 0 0 0 0 0 0 0 0 0 0 0 0 0 0 0 0 0 0 0 0 62 0 0 0 0 0 0 0 0 0 
0 0 0 0 31 0 0 0 0 0 0 0 0 0 0 0 0 0 0 0 0 0 0 1 0 0 0 0 44 0 0 0 0 46 0 0 0 0 0 0 0 0 0 0 48 0 0 0 0 12 0 0 0 0 0 0 0 0 0 0 0 0 0 0 0 0 0 0 0 0 0 0 0 0 0 0 0 0 0 0 0 0 0 0 0 0 75 0 0 0 0 0 0 0 70 0 0 0 0 0 
0 57 0 20 15 0 0 0 0 0 0 0 0 0 0 0 0 0 0 0 0 0 0 0 39 1 0 0 0 0 95 4 45 0 0 0 0 0 0 0 60 0 0 74 0 0 0 0 0 0 0 0 0 0 0 0 0 0 0 0 0 0 8 0 0 92 0 0 0 0 0 0 0 0 0 21 0 0 0 0 0 0 0 0 0 0 0 0 0 0 0 17 0 0 0 0 0 0 0 0 
0 0 0 0 0 0 0 0 0 41 0 0 0 0 0 0 0 0 0 0 0 0 0 0 0 0 0 0 0 0 0 0 0 0 0 0 0 0 0 0 34 0 0 0 52 0 0 0 0 0 0 51 0 0 0 0 0 0 0 0 0 0 0 0 0 0 0 0 0 0 61 0 0 0 0 0 0 0 32 0 0 0 0 0 0 13 35 0 0 0 0 0 0 0 0 94 93 0 0 89 
0 0 0 0 0 0 0 0 0 0 0 0 33 0 0 0 0 60 0 0 0 0 0 0 0 0 0 0 0 0 0 0 0 0 0 0 0 0 0 0 0 0 0 67 0 74 0 0 0 0 0 0 0 0 0 0 0 0 0 0 0 0 0 0 0 0 4 0 0 0 0 31 0 0 0 0 0 29 0 0 30 0 0 0 0 0 0 0 0 0 0 0 45 0 0 0 0 0 0 27 
0 0 0 0 0 0 0 0 0 0 0 0 0 0 0 0 0 44 97 0 0 65 48 0 0 48 0 0 0 0 0 0 0 0 0 0 0 0 0 0 0 4 0 0 0 0 0 0 0 0 0 90 0 0 0 0 0 0 0 0 0 4 65 0 0 0 0 0 0 96 0 0 77 0 0 0 0 0 0 0 0 93 0 0 0 0 0 0 0 0 0 0 0 0 0 0 0 0 34 0 
26 0 4 0 0 0 0 0 0 0 0 0 0 0 0 0 76 0 0 0 0 0 35 0 0 0 0 54 0 0 0 0 0 0 87 0 0 0 0 0 0 0 0 92 0 0 0 0 0 0 0 0 0 0 0 0 0 0 0 0 4 0 0 0 0 0 0 0 0 0 0 0 0 0 0 0 0 0 0 0 0 0 84 0 0 0 0 0 0 0 0 84 0 0 0 43 36 0 0 0 
0 0 0 0 0 0 0 0 0 19 0 0 0 0 0 0 29 0 0 0 0 0 0 0 57 0 0 0 0 0 0 83 0 0 0 0 0 0 0 0 0 0 0 0 0 21 0 0 6 0 0 0 0 0 57 0 0 8 0 0 65 0 0 0 0 0 0 0 87 0 0 28 0 0 0 0 0 0 0 0 0 33 0 0 0 0 0 0 0 0 0 0 0 0 0 0 0 0 77 0 
0 0 0 16 0 0 0 0 0 0 13 0 0 0 0 0 0 0 0 0 0 99 0 0 0 0 0 0 0 0 0 0 0 0 0 0 0 0 1 0 0 0 0 0 0 0 0 0 0 0 0 30 0 0 0 0 0 0 0 0 0 0 0 0 0 0 0 0 0 0 0 0 0 0 0 0 80 0 0 0 0 0 0 17 0 0 0 0 0 0 0 0 0 0 0 0 43 0 0 0 
0 0 0 0 0 0 0 0 0 49 0 0 0 0 0 0 0 0 0 0 0 0 0 0 51 0 0 0 0 0 0 59 0 26 0 65 0 0 0 0 0 0 0 0 0 0 0 0 0 13 0 0 0 0 0 0 0 0 0 0 0 0 0 0 0 0 85 0 0 0 67 0 0 0 0 0 0 0 0 0 0 68 0 0 0 22 0 0 0 0 0 0 84 0 0 0 0 0 0 0 
0 74 0 0 0 80 0 0 0 0 0 0 1 0 0 0 0 0 0 0 14 0 0 0 0 0 0 0 0 0 0 0 0 0 88 0 0 0 73 0 0 0 0 0 67 0 0 0 0 0 0 0 0 0 0 98 0 92 0 0 0 0 0 0 0 0 0 0 0 0 0 0 0 0 0 0 2 62 0 0 0 0 0 0 0 0 29 0 0 0 0 0 0 0 0 0 0 0 0 0 
0 70 0 0 0 12 0 0 0 0 0 0 0 0 0 0 0 0 0 0 0 0 0 0 0 0 0 0 0 0 0 0 92 0 0 0 0 0 0 0 0 0 0 0 0 0 0 0 0 0 0 65 0 0 72 0 0 0 0 4 0 0 0 0 85 0 0 87 0 0 0 0 0 0 0 0 0 0 0 0 0 0 0 0 16 0 0 0 35 0 0 0 13 0 0 0 0 0 0 0 
0 34 0 0 0 61 0 0 0 0 0 0 0 0 0 0 0 0 0 95 0 0 0 0 0 0 0 0 0 0 0 0 0 0 0 0 0 0 0 0 24 0 0 0 0 0 0 0 0 0 53 0 0 0 0 0 0 0 0 0 0 0 0 0 0 0 87 0 0 0 0 0 0 0 70 0 0 0 0 0 0 0 0 0 0 18 0 0 0 0 0 0 0 45 0 0 0 0 0 0 
0 0 0 0 0 0 0 0 0 0 0 0 0 0 0 0 0 0 16 0 0 0 0 0 0 0 0 0 0 0 31 79 98 4 0 0 0 0 0 0 0 0 0 0 0 0 0 0 0 0 0 0 0 0 0 0 0 0 0 0 0 0 87 0 0 0 0 0 0 0 0 0 0 0 0 0 0 0 0 0 0 0 0 0 0 0 0 0 27 0 0 0 0 0 0 13 19 33 0 0 
0 0 0 0 0 0 0 0 57 0 0 0 0 0 0 0 0 0 0 0 0 0 0 0 0 0 0 0 0 0 0 0 0 0 0 0 0 0 39 0 0 0 0 0 0 0 0 98 0 0 0 0 0 0 0 0 0 0 0 0 96 0 0 0 0 0 0 0 0 0 0 3 0 0 0 0 0 0 0 0 0 0 0 0 0 0 0 0 72 0 56 0 0 0 0 0 0 0 12 29 
0 0 87 0 0 0 0 0 0 66 0 0 0 0 0 0 0 0 0 0 0 0 0 0 40 8 63 0 0 0 0 0 0 0 0 0 0 0 0 0 43 0 0 0 0 0 0 0 0 0 84 0 61 0 0 0 0 0 61 0 0 0 0 0 67 0 0 0 0 0 0 0 49 0 0 0 0 0 0 0 0 0 0 0 92 0 81 0 0 0 0 0 0 0 0 0 0 0 0 0 
0 0 0 0 0 82 0 0 0 0 0 0 0 0 0 0 0 0 52 0 0 0 0 0 0 0 0 0 0 100 0 86 3 0 0 0 0 0 0 0 0 0 0 0 0 0 0 0 0 0 0 0 0 0 0 0 0 0 0 31 0 0 28 0 0 0 0 0 0 3 0 0 0 0 0 0 0 0 74 0 0 0 0 12 0 0 0 0 0 0 0 0 0 0 0 0 0 0 0 0 
0 0 0 18 0 0 0 0 0 0 0 0 0 0 0 65 0 86 0 0 0 0 0 0 0 0 0 0 0 0 42 0 0 0 0 60 0 0 0 38 0 0 0 0 0 0 0 0 0 0 0 0 0 0 0 0 0 0 0 0 77 0 0 0 0 0 0 0 0 0 49 0 0 0 0 0 0 28 0 0 0 42 0 0 0 0 0 30 0 0 44 0 0 0 75 0 0 0 0 0 
0 33 0 0 0 0 0 55 0 0 0 0 0 0 0 0 0 0 0 0 0 0 0 97 0 0 0 1 0 0 0 0 0 0 0 0 0 0 0 0 0 0 0 0 0 0 0 0 0 0 0 0 0 0 0 0 0 0 0 0 0 0 0 0 0 0 0 0 0 0 0 0 0 0 0 0 0 0 0 0 58 0 0 44 59 0 0 0 0 0 0 0 0 0 0 0 0 0 0 0 
0 44 0 0 0 0 0 0 0 0 0 31 0 0 0 0 0 0 11 0 25 64 0 0 0 0 0 0 0 0 0 0 0 83 0 0 96 0 0 0 0 1 0 0 41 0 0 0 0 0 0 0 0 3 0 0 0 0 0 0 0 0 0 0 0 0 0 70 0 0 0 0 0 0 0 0 0 0 0 96 0 0 0 0 0 0 0 0 0 0 0 0 0 0 0 0 0 0 0 34 
0 51 0 0 0 0 0 0 0 29 0 0 0 1 0 0 0 0 32 0 0 0 0 71 0 0 0 0 87 0 0 0 0 0 0 0 0 0 0 0 0 0 0 0 0 0 0 0 0 0 0 0 0 0 0 0 0 21 0 0 0 0 0 0 0 0 0 0 0 0 0 0 0 0 0 0 0 0 0 0 0 0 0 0 17 0 0 0 0 0 0 0 0 0 0 91 0 0 0 0 
0 0 0 0 30 0 0 0 0 0 0 0 0 0 0 32 0 0 0 80 0 0 0 0 0 0 0 0 0 69 0 0 0 64 0 0 50 0 0 0 0 0 0 0 0 0 0 0 0 0 0 0 0 0 0 0 0 0 0 0 0 0 0 80 0 2 0 0 0 0 0 0 0 0 0 0 0 0 0 0 0 0 0 0 0 0 0 0 0 0 0 0 0 0 0 0 0 0 42 0 
0 0 0 0 0 0 0 45 0 0 0 0 0 0 0 44 0 0 15 0 0 0 0 0 0 0 0 0 0 0 65 0 0 0 0 0 0 0 0 10 0 0 0 79 0 0 0 0 0 0 0 0 0 64 0 0 0 0 0 29 0 0 0 0 0 62 0 0 0 0 0 0 28 0 0 0 0 0 0 0 0 0 0 0 0 0 0 0 0 0 0 0 0 0 0 0 0 21 0 0 
0 0 0 0 0 0 0 0 0 34 89 43 0 0 42 0 0 0 0 0 0 0 0 0 0 0 0 0 79 0 0 53 0 0 0 0 0 0 0 38 0 0 0 0 0 0 90 0 0 0 0 0 0 0 0 0 0 0 32 0 0 0 0 0 0 0 0 0 0 0 0 74 0 0 0 0 0 0 0 0 0 0 0 0 0 0 0 0 0 0 0 24 0 0 0 0 0 41 0 0 
0 0 0 0 0 0 0 0 0 0 0 0 0 0 0 0 0 0 0 0 0 0 0 0 0 0 0 83 0 0 88 0 0 0 0 0 0 0 0 0 83 68 0 0 0 0 0 0 0 0 0 0 0 0 0 0 0 0 0 0 0 0 0 0 0 0 0 0 0 0 0 0 0 0 96 0 0 0 0 0 0 0 0 0 52 0 0 0 0 0 20 0 0 62 0 0 0 0 0 0 
0 0 0 0 0 0 0 0 0 0 0 0 28 0 0 40 0 0 0 0 0 0 0 0 31 0 47 0 0 0 0 0 0 0 0 0 0 0 0 0 0 0 0 0 0 0 0 0 0 0 0 0 0 88 0 0 0 0 0 30 0 0 0 0 0 0 0 0 0 0 0 0 0 58 0 0 0 0 0 0 0 0 0 3 0 48 0 0 0 0 0 0 0 0 33 0 0 0 19 0 
0 0 3 51 0 0 0 0 0 56 0 86 0 0 0 0 27 71 0 0 0 0 0 0 0 0 0 0 22 0 0 0 0 0 0 0 0 0 0 0 0 0 0 0 0 0 0 0 0 0 0 0 32 0 97 0 0 0 0 0 93 0 33 0 68 0 0 0 0 0 0 0 42 0 0 0 0 0 0 0 0 0 0 0 0 0 18 0 0 0 0 0 0 0 0 85 0 0 0 0 
0 0 0 0 0 0 0 0 0 0 0 0 0 0 0 0 0 0 0 0 0 0 0 0 0 0 0 0 89 0 0 0 0 0 0 0 0 0 0 0 0 0 74 0 0 0 0 42 0 0 0 0 0 20 0 0 0 0 0 0 0 84 0 0 0 0 0 0 0 0 0 0 0 0 0 0 0 0 0 0 0 0 0 0 0 0 0 0 0 0 0 0 0 0 0 0 0 0 0 0 
0 44 0 0 0 0 0 86 0 0 73 0 0 0 0 0 0 75 0 0 0 0 0 0 0 56 38 0 0 0 0 0 0 0 0 0 0 0 0 0 83 0 0 0 0 0 0 0 0 0 0 0 0 0 0 0 0 0 0 0 0 0 0 17 0 0 0 0 0 0 0 12 0 44 0 0 0 0 0 0 3 0 0 0 0 65 0 0 0 0 0 0 0 0 0 0 0 0 0 0 
0 0 0 0 28 0 0 0 0 62 0 0 0 0 0 0 0 0 90 29 0 0 0 0 0 0 0 0 0 0 0 0 0 0 0 0 33 14 46 0 0 0 0 0 51 0 0 0 0 53 0 0 0 0 0 0 0 0 0 0 0 0 0 0 0 0 16 0 0 0 92 0 0 59 0 17 0 0 0 52 0 0 0 0 0 0 0 91 0 0 0 0 0 0 0 0 0 0 0 0 
0 0 0 0 0 0 0 28 0 0 78 0 0 0 0 0 0 0 0 0 100 0 0 0 0 91 0 40 82 0 0 0 0 0 0 0 0 0 0 0 0 0 0 0 0 0 0 0 0 0 0 0 0 0 0 0 0 0 13 0 0 0 0 0 22 0 0 18 0 0 0 0 0 0 0 0 0 0 0 0 48 0 0 65 0 0 0 39 0 0 0 0 0 0 0 0 0 0 0 0 
0 0 0 0 0 0 0 0 0 0 0 77 0 0 0 0 0 0 0 0 0 0 0 0 0 57 0 0 0 0 0 0 0 0 0 66 0 0 0 0 0 0 0 0 0 89 0 0 0 0 0 0 0 0 0 0 75 0 35 0 0 0 0 0 0 29 0 0 0 0 81 0 0 0 0 0 0 0 0 0 0 18 0 0 0 0 0 0 0 0 0 52 0 0 0 0 0 0 9 0 
0 0 0 79 0 0 0 0 59 0 0 0 0 0 0 0 0 0 0 14 0 0 0 0 0 0 0 0 0 0 0 0 0 0 30 0 0 0 0 0 0 0 0 0 80 0 0 0 0 0 0 73 0 0 0 0 0 0 0 0 0 0 0 0 0 0 0 0 0 0 0 0 30 0 0 0 0 0 0 0 0 0 0 0 91 39 0 0 0 0 93 0 0 0 0 0 0 0 0 0 
0 0 0 0 0 7 0 0 0 0 0 0 0 0 0 0 0 0 0 0 0 45 0 0 63 0 0 0 0 0 0 0 0 0 0 0 0 0 0 0 0 0 0 0 0 0 0 0 0 0 0 0 0 0 31 0 0 0 0 0 0 0 0 0 0 0 35 0 27 72 0 0 0 0 0 0 0 0 0 0 0 0 0 0 0 0 0 0 0 0 0 0 0 0 0 0 0 0 20 0 
0 0 38 0 21 0 0 0 0 0 0 0 0 0 0 0 0 17 0 0 39 69 0 32 0 0 81 99 0 0 0 0 0 0 79 0 0 0 0 0 0 0 0 0 0 20 0 0 0 0 0 0 37 0 0 0 0 0 0 0 0 0 0 0 0 0 0 0 0 0 0 0 0 0 0 0 0 0 0 0 0 0 0 0 0 0 0 0 0 0 0 0 0 0 0 0 0 0 0 0 
0 0 0 0 0 0 0 0 0 69 0 51 0 0 0 0 0 0 0 0 0 0 0 0 0 0 0 0 0 0 94 0 0 0 0 0 0 92 0 0 0 0 0 62 0 0 0 0 0 0 0 0 0 0 0 62 0 0 0 0 0 0 0 0 0 0 0 0 0 56 0 0 44 0 0 0 0 0 0 20 0 0 0 0 0 0 0 93 0 0 0 0 0 0 0 0 0 0 0 0 
0 0 0 0 0 0 0 0 0 0 0 0 0 0 0 0 0 0 0 0 0 13 0 0 0 0 33 0 0 0 0 0 0 0 54 0 77 0 0 0 0 0 0 64 0 0 0 0 89 94 0 0 0 0 0 0 0 17 0 0 0 84 0 0 0 0 0 0 0 0 0 0 0 0 0 0 0 0 24 0 0 0 0 0 0 0 52 0 0 0 0 0 0 0 0 0 0 0 0 0 
0 0 0 0 0 0 0 0 0 0 0 0 0 0 0 0 0 0 0 0 0 0 0 0 0 0 0 0 0 0 0 0 0 0 0 0 0 0 0 0 0 30 0 0 0 97 0 16 0 60 0 0 0 47 0 0 0 0 0 45 0 0 0 0 84 0 13 0 0 0 0 0 0 0 0 0 0 0 0 0 0 0 0 0 0 0 0 0 0 0 0 0 0 86 0 75 0 0 0 0 
0 0 79 0 0 0 0 0 0 0 0 0 11 0 0 0 0 0 0 0 78 0 0 0 0 0 0 0 0 0 0 0 0 0 0 0 0 0 0 0 0 0 0 0 0 0 0 0 0 0 0 0 0 0 0 0 0 0 0 0 0 0 0 0 0 0 0 45 0 0 0 0 0 0 0 0 0 0 0 62 0 0 0 0 0 0 0 0 0 0 0 0 86 0 0 0 0 0 0 0 
0 0 0 0 0 0 0 0 15 0 0 0 0 0 0 1 0 0 0 47 0 0 0 0 0 0 0 0 0 0 0 0 0 0 0 0 29 0 0 22 0 0 0 0 0 0 0 0 0 0 0 0 0 0 0 0 70 0 0 0 0 0 0 0 0 0 0 0 0 0 0 0 75 0 0 0 0 0 0 0 33 0 0 0 0 0 0 0 0 0 0 0 0 0 0 0 0 0 0 100 
0 0 0 0 0 0 59 0 0 0 0 0 0 0 0 42 0 0 0 0 0 0 0 0 0 0 0 0 0 0 0 0 83 82 0 0 0 0 0 0 0 0 0 0 0 0 60 0 4 0 0 0 0 0 0 0 0 0 94 0 0 43 0 0 0 0 0 0 13 0 0 0 0 0 0 91 0 0 0 0 0 85 0 0 0 0 0 0 0 0 0 0 75 0 0 0 0 0 0 0 
0 0 0 0 0 0 0 83 0 0 0 0 0 0 0 0 0 0 0 0 0 0 0 0 0 0 0 0 94 74 0 0 0 0 0 0 0 0 0 0 0 0 0 0 0 0 0 0 0 0 0 0 0 0 12 0 0 0 93 0 0 36 0 43 0 0 0 0 19 0 0 0 0 0 0 0 0 0 0 0 0 0 0 0 0 0 0 0 0 0 0 0 0 0 0 0 0 0 0 0 
0 0 0 0 0 0 0 0 0 0 0 0 0 0 0 0 0 0 0 0 0 0 0 0 0 0 0 0 0 0 0 0 71 0 0 0 0 0 0 0 38 0 0 46 0 0 0 0 0 0 0 0 0 0 42 0 0 0 0 0 0 0 0 0 0 0 0 0 33 0 0 0 0 0 0 0 0 21 41 0 0 0 0 0 0 0 0 0 0 0 0 0 0 0 0 0 0 0 0 0 
0 76 0 44 0 0 0 0 0 67 0 0 0 0 0 0 0 0 0 0 0 0 0 0 18 76 0 0 0 0 0 0 75 0 0 0 0 0 0 0 0 0 0 0 0 0 0 0 0 0 0 76 48 0 0 0 0 0 0 0 34 0 77 0 0 0 0 0 0 12 0 0 0 0 0 0 42 0 0 0 19 0 0 0 0 0 9 0 20 0 0 0 0 0 0 0 0 0 0 0 
42 0 0 0 0 0 0 94 0 0 0 0 0 0 0 0 29 0 0 0 0 0 0 0 0 0 0 0 0 0 0 73 0 0 0 0 0 0 0 0 0 0 0 0 0 0 0 0 0 0 0 0 0 0 0 0 0 0 89 27 0 0 0 0 0 0 0 0 0 29 0 0 0 0 34 0 0 0 0 0 0 0 0 0 0 0 0 0 0 0 0 0 0 0 100 0 0 0 0 0 
