0 0 0 0 0 0 0 0 0 0 0 0 0 0 0 0 0 1 0 0 0 0 0 0 0 0 27 0 13 0 0 0 0 0 0 0 0 0 0 0 0 61 0 0 0 26 0 0 0 0 0 30 0 0 0 0 69 0 0 0 0 0 0 0 0 0 0 0 0 0 0 62 0 0 0 0 0 17 0 0 23 0 0 0 0 95 0 0 1 27 0 0 0 10 3 0 0 0 0 0 
0 0 0 0 0 0 0 0 0 0 0 0 0 0 0 0 0 0 38 0 0 0 0 86 0 0 0 0 70 0 71 0 0 0 0 0 0 0 0 0 0 0 0 83 0 51 0 0 0 67 0 0 0 0 0 0 0 7 0 98 0 92 68 0 0 0 90 0 0 0 0 0 0 0 16 0 0 0 0 0 69 0 0 0 0 0 0 0 0 0 84 0 0 0 0 0 0 0 0 0 
0 0 0 0 0 0 0 0 0 0 0 0 0 92 0 31 0 0 0 0 0 30 0 0 0 0 0 10 0 0 0 0 52 0 0 0 0 0 0 0 0 79 0 0 0 0 65 8 19 0 0 0 0 0 0 0 0 0 22 0 0 0 0 0 0 0 21 0 0 0 0 0 0 0 0 0 0 0 0 0 0 0 0 56 0 0 0 0 0 31 0 97 78 0 0 0 0 0 0 0 
0 0 0 0 0 33 14 0 0 0 0 0 0 0 0 0 0 0 0 0 0 0 0 0 8 0 0 0 0 0 0 0 0 0 0 0 0 0 59 0 0 0 0 0 0 50 0 0 0 0 0 0 0 0 0 0 0 0 0 0 0 0 0 0 0 0 0 0 11 0 0 0 0 0 28 0 0 0 62 0 0 0 0 0 0 66 1 0 0 66 0 41 0 0 0 0 0 0 0 100 
0 0 0 0 0 0 78 55 0 0 0 0 0 0 0 32 0 0 0 0 0 0 0 0 0 0 0 68 0 0 0 45 0 0 30 0 0 56 0 0 0 0 0 0 0 0 45 48 0 0 0 0 0 0 0 73 0 0 0 0 3 0 0 0 0 0 68 0 0 0 0 0 0 0 0 0 0 0 0 0 0 0 0 0 0 0 34 0 0 0 0 0 0 0 0 0 0 0 0 0 
0 0 0 33 0 0 18 0 0 0 0 0 0 0 55 69 0 0 0 0 32 0 0 0 0 23 0 0 0 13 0 44 52 16 0 0 0 0 0 0 0 0 0 0 0 60 0 0 0 0 0 0 0 69 0 0 0 0 0 0 0 0 0 0 0 0 0 0 0 0 0 0 0 47 0 0 0 0 0 0 0 0 0 0 0 0 0 0 0 0 0 0 0 0 60 0 0 0 48 0 
0 0 0 14 78 18 0 0 0 28 7 0 0 0 0 0 78 48 0 0 0 0 0 0 0 0 73 0 0 0 0 0 0 16 0 87 0 0 0 19 0 0 0 0 0 0 0 74 0 31 0 0 0 0 0 0 0 0 0 0 0 0 0 0 0 0 0 0 0 0 0 0 0 0 0 0 0 0 0 0 0 0 0 0 0 0 0 0 0 0 0 0 0 0 0 37 0 0 0 0 
0 0 0 0 55 0 0 0 44 0 0 0 0 14 0 0 0 0 0 0 0 0 11 33 0 0 41 0 0 0 0 69 0 93 88 0 0 0 0 0 0 0 0 0 0 9 0 0 54 0 0 0 0 0 0 0 0 0 79 0 0 0 0 0 0 0 0 0 0 0 0 0 31 0 78 0 0 0 0 0 0 0 0 0 0 0 0 0 0 0 44 0 0 0 0 0 0 0 0 0 
0 0 0 0 0 0 0 44 0 0 0 0 0 0 0 0 0 0 0 100 0 0 32 0 0 0 0 0 48 0 0 38 0 0 0 0 0 0 0 0 0 0 0 0 0 0 0 0 0 0 0 0 0 0 14 0 0 0 0 0 0 77 0 0 0 0 0 0 0 6 0 35 0 0 51 0 0 0 0 0 0 0 0 0 0 0 0 0 0 0 0 88 0 0 0 0 14 0 0 0 
0 0 0 0 0 0 28 0 0 0 0 0 0 0 0 0 100 0 38 0 0 0 85 0 0 0 0 0 0 0 29 0 0 0 0 40 0 0 0 0 0 70 0 0 0 0 91 0 0 0 0 0 0 0 0 0 0 0 0 0 0 0 89 97 0 0 23 0 0 0 0 0 0 0 0 0 0 0 0 0 0 0 0 0 0 0 0 0 80 1 0 0 0 0 0 0 0 39 0 57 
0 0 0 0 0 0 7 0 0 0 0 0 0 0 0 0 0 0 0 0 0 0 0 55 0 0 0 0 84 0 0 0 0 0 0 0 5 0 0 0 0 0 0 31 0 0 0 0 0 0 71 0 0 0 0 43 13 0 0 0 0 0 0 17 0 0 0 0 0 0 0 0 58 0 0 0 0 0 0 0 0 65 0 0 28 0 0 0 0 0 0 0 0 0 67 0 0 0 0 0 
0 0 0 0 0 0 0 0 0 0 0 0 0 0 0 97 0 23 52 0 0 0 19 0 0 0 0 0 0 0 0 6 0 0 0 0 0 0 0 0 0 0 0 0 0 0 0 0 66 0 6 0 85 0 15 0 0 0 0 0 0 49 0 0 0 0 0 0 0 0 0 0 0 0 0 0 0 0 0 0 0 0 0 0 0 0 67 0 0 0 0 0 0 0 0 0 0 0 51 0 
0 0 0 0 0 0 0 0 0 0 0 0 0 0 0 0 0 0 0 0 0 51 0 0 0 0 0 0 0 0 0 0 0 42 71 0 0 0 0 0 0 0 0 0 0 0 0 0 0 0 0 42 0 0 0 0 81 65 98 0 0 0 0 0 0 4 0 0 0 0 0 0 0 0 0 0 0 38 0 0 0 0 0 0 0 14 0 0 0 0 0 0 0 0 0 5 0 0 0 0 
0 0 92 0 0 0 0 14 0 0 0 0 0 0 47 0 0 0 0 0 78 36 0 0 0 0 0 0 0 0 0 0 0 0 0 72 0 0 0 0 7 0 0 0 0 0 0 99 0 0 0 0 0 0 0 0 0 0 0 75 6 74 14 0 0 0 0 0 0 0 0 0 0 0 0 0 0 0 1 0 0 0 0 80 0 0 0 46 0 0 0 0 0 0 0 0 0 0 0 0 
0 0 0 0 0 55 0 0 0 0 0 0 0 47 0 66 0 0 0 49 0 70 0 0 34 0 0 0 0 0 0 0 0 0 0 0 10 0 43 0 0 0 48 75 0 0 0 0 0 0 0 0 0 0 0 41 0 0 0 0 0 0 0 0 0 0 0 0 0 0 0 0 0 0 0 0 0 0 0 0 0 0 42 0 0 0 0 0 7 0 0 0 0 19 14 0 0 0 0 0 
0 0 31 0 32 69 0 0 0 0 0 97 0 0 66 0 0 14 0 0 0 0 0 0 0 0 0 0 0 91 0 0 0 18 0 0 0 0 0 50 0 0 0 0 0 0 0 0 0 0 0 0 0 0 0 53 0 0 0 0 0 0 0 0 0 0 0 0 0 0 0 0 87 0 47 0 0 0 0 51 0 0 0 0 0 0 0 0 0 0 0 0 0 48 0 0 16 0 0 0 
0 0 0 0 0 0 78 0 0 100 0 0 0 0 0 0 0 0 0 83 0 0 0 32 0 0 0 0 0 33 0 0 75 0 0 0 0 0 0 37 0 0 0 0 0 0 0 0 98 0 0 0 0 0 0 0 0 0 0 0 0 97 0 0 0 0 0 29 0 0 0 0 0 0 0 0 0 98 0 0 0 28 0 0 0 0 0 0 0 0 0 88 0 0 36 0 0 0 0 0 
1 0 0 0 0 0 48 0 0 0 0 23 0 0 0 14 0 0 0 0 0 0 0 0 0 0 0 0 0 0 0 0 0 0 0 0 0 0 0 37 0 0 0 0 0 0 0 0 17 99 0 9 0 0 0 0 1 0 0 48 0 0 0 0 24 0 0 0 0 49 0 0 0 0 0 0 0 0 0 0 0 0 0 100 0 0 0 0 0 0 0 0 0 0 0 0 0 97 0 0 
0 38 0 0 0 0 0 0 0 38 0 52 0 0 0 0 0 0 0 0 0 0 0 0 0 0 0 0 25 0 0 0 0 0 0 0 0 0 0 0 0 0 0 94 0 0 0 52 0 0 0 0 0 0 0 0 0 0 0 0 0 0 0 0 0 0 0 0 0 0 0 0 0 0 0 0 0 0 0 0 0 0 0 0 0 0 0 0 0 0 45 0 14 0 0 0 65 0 0 0 
0 0 0 0 0 0 0 0 100 0 0 0 0 0 49 0 83 0 0 0 0 0 0 0 0 0 0 0 0 0 99 0 0 0 0 0 0 0 0 0 44 0 0 0 1 0 0 0 0 0 0 0 0 0 0 0 0 0 0 0 0 0 0 0 95 0 76 0 59 0 0 0 0 0 0 0 0 0 0 0 0 0 0 0 0 0 0 48 0 0 0 0 0 0 0 0 0 0 0 98 
0 0 0 0 0 32 0 0 0 0 0 0 0 78 0 0 0 0 0 0 0 52 0 0 33 23 18 0 3 0 0 0 0 0 0 0 0 0 0 0 0 32 0 0 0 0 0 0 0 0 0 37 0 0 74 0 0 0 0 0 0 0 34 0 0 0 0 0 0 0 0 0 0 0 0 0 0 0 0 21 0 0 0 26 0 0 0 0 0 0 0 0 0 0 0 0 61 0 0 0 
0 0 30 0 0 0 0 0 0 0 0 0 51 36 70 0 0 0 0 0 52 0 0 0 0 72 0 0 0 44 100 0 0 0 0 0 0 0 0 0 6 0 0 0 0 0 0 65 0 0 0 0 0 100 0 0 0 0 0 0 0 0 0 0 0 0 0 0 0 0 0 0 29 0 26 0 0 0 0 0 0 0 0 89 0 0 0 0 0 0 0 0 0 0 0 0 0 52 0 0 
0 0 0 0 0 0 0 11 32 85 0 19 0 0 0 0 0 0 0 0 0 0 0 0 0 0 0 0 0 0 0 0 0 0 0 0 0 0 25 100 0 0 0 0 72 0 0 31 45 0 0 0 0 0 0 0 4 4 70 0 0 0 0 0 0 0 0 0 0 0 66 0 70 0 0 0 0 0 0 0 0 0 0 0 0 0 0 0 0 0 0 0 0 0 0 0 0 94 0 0 
0 86 0 0 0 0 0 33 0 0 55 0 0 0 0 0 32 0 0 0 0 0 0 0 0 0 0 0 7 0 0 0 0 0 66 0 0 0 0 0 0 0 0 0 0 0 0 0 0 0 0 0 13 0 0 0 0 0 0 0 0 0 0 0 0 84 0 0 0 7 0 64 0 82 0 0 0 0 0 0 0 3 0 0 0 0 0 0 0 0 0 0 0 0 0 0 0 0 0 0 
0 0 0 8 0 0 0 0 0 0 0 0 0 0 34 0 0 0 0 0 33 0 0 0 0 0 0 0 16 1 0 0 0 0 0 0 0 0 76 29 0 0 0 0 0 0 0 0 0 0 0 0 0 0 0 0 0 0 0 0 0 0 0 0 0 67 0 0 40 0 0 67 0 0 0 0 0 0 0 0 0 0 0 0 0 0 0 0 93 0 0 0 25 0 0 0 19 0 0 0 
0 0 0 0 0 23 0 0 0 0 0 0 0 0 0 0 0 0 0 0 23 72 0 0 0 0 0 0 0 0 0 0 0 0 0 0 0 0 0 22 10 0 0 89 0 0 0 0 0 0 0 0 0 0 0 0 0 0 0 80 0 0 0 0 0 40 0 0 0 0 0 0 91 0 0 0 0 0 0 0 0 0 34 0 0 0 0 2 0 0 33 0 83 0 0 35 0 0 0 45 
27 0 0 0 0 0 73 41 0 0 0 0 0 0 0 0 0 0 0 0 18 0 0 0 0 0 0 0 0 91 0 0 0 0 0 0 0 75 0 0 0 0 0 49 82 0 0 0 0 0 0 0 0 0 0 0 0 0 0 0 0 0 0 0 0 0 0 0 0 0 0 0 0 46 0 0 0 0 81 0 0 0 0 0 11 72 0 0 0 0 0 0 69 46 77 0 0 0 0 0 
0 0 10 0 68 0 0 0 0 0 0 0 0 0 0 0 0 0 0 0 0 0 0 0 0 0 0 0 0 0 0 0 0 29 0 0 0 0 0 0 0 98 0 0 0 44 0 0 0 0 0 5 0 0 0 0 0 0 0 0 0 0 0 0 0 0 16 0 0 0 0 0 83 0 0 88 0 0 0 61 0 0 73 0 0 0 0 0 0 61 0 0 0 71 0 86 0 0 0 0 
13 70 0 0 0 0 0 0 48 0 84 0 0 0 0 0 0 0 25 0 3 0 0 7 16 0 0 0 0 0 0 0 0 0 0 0 0 0 0 0 0 0 0 0 0 0 0 0 0 0 0 0 0 0 0 0 0 0 29 0 67 0 0 0 0 0 0 0 0 0 0 0 0 0 0 56 0 0 0 0 10 0 0 0 0 0 0 0 0 0 24 6 0 0 0 0 0 0 0 0 
0 0 0 0 0 13 0 0 0 0 0 0 0 0 0 91 33 0 0 0 0 44 0 0 1 0 91 0 0 0 0 0 0 0 13 0 0 0 0 0 0 0 0 15 0 0 0 88 0 0 83 0 0 0 0 0 0 0 0 0 0 0 0 0 0 0 0 0 0 0 0 0 0 59 0 71 0 0 0 0 0 0 0 0 0 0 0 0 0 0 0 0 57 0 0 44 38 0 0 0 
0 71 0 0 0 0 0 0 0 29 0 0 0 0 0 0 0 0 0 99 0 100 0 0 0 0 0 0 0 0 0 0 0 0 0 0 0 0 0 0 0 0 0 0 0 0 0 0 0 0 45 0 0 0 0 0 0 0 0 0 0 5 0 84 0 0 0 0 52 59 0 0 65 0 0 0 0 80 74 0 0 0 0 0 0 0 0 0 0 0 0 0 0 0 0 0 0 0 0 0 
0 0 0 0 45 44 0 69 38 0 0 6 0 0 0 0 0 0 0 0 0 0 0 0 0 0 0 0 0 0 0 0 0 0 0 0 0 0 0 0 0 0 0 0 0 63 90 0 0 87 0 65 0 33 0 0 0 0 0 0 0 0 0 0 0 0 0 0 0 0 0 0 0 0 0 0 0 0 0 0 0 0 0 0 28 0 0 0 57 0 0 80 0 3 29 0 0 0 0 0 
0 0 52 0 0 52 0 0 0 0 0 0 0 0 0 0 75 0 0 0 0 0 0 0 0 0 0 0 0 0 0 0 0 0 0 54 0 0 0 0 0 0 0 0 0 0 0 0 0 0 0 0 0 0 82 18 0 0 47 0 0 0 59 0 0 47 0 0 0 0 0 78 0 0 0 0 0 0 0 0 0 0 74 89 31 0 0 0 0 0 0 0 0 0 0 27 0 20 0 0 
0 0 0 0 0 16 16 93 0 0 0 0 42 0 0 18 0 0 0 0 0 0 0 0 0 0 0 29 0 0 0 0 0 0 93 0 0 0 0 0 0 0 0 0 0 0 23 0 0 0 5 0 0 0 0 0 0 0 0 0 93 0 0 0 0 0 0 73 0 0 0 0 0 0 0 0 0 0 0 0 0 0 0 0 0 0 90 0 39 0 0 0 0 0 0 30 0 0 74 0 
0 0 0 0 30 0 0 88 0 0 0 0 71 0 0 0 0 0 0 0 0 0 0 66 0 0 0 0 0 13 0 0 0 93 0 71 0 0 0 0 0 0 0 0 0 0 0 0 0 0 0 0 0 0 0 0 0 0 0 0 0 0 0 0 26 0 0 0 9 0 0 0 0 0 0 0 29 0 0 0 0 0 0 0 0 0 0 0 0 0 0 0 0 0 0 0 0 0 0 0 
0 0 0 0 0 0 87 0 0 40 0 0 0 72 0 0 0 0 0 0 0 0 0 0 0 0 0 0 0 0 0 0 54 0 71 0 33 0 0 0 0 0 0 0 0 0 0 0 0 49 0 0 0 0 0 0 0 0 0 0 0 0 0 0 0 0 0 0 0 0 0 0 27 0 18 32 0 68 53 0 0 0 0 0 0 0 0 9 0 0 0 0 0 40 0 34 0 0 0 0 
0 0 0 0 0 0 0 0 0 0 5 0 0 0 10 0 0 0 0 0 0 0 0 0 0 0 0 0 0 0 0 0 0 0 0 33 0 0 18 0 0 0 0 0 0 0 0 0 0 0 0 0 55 0 90 0 0 0 0 0 0 0 0 46 0 0 0 0 0 67 0 0 0 0 0 0 0 0 0 32 0 0 0 4 0 0 0 82 0 45 0 0 0 0 0 0 0 43 0 0 
0 0 0 0 56 0 0 0 0 0 0 0 0 0 0 0 0 0 0 0 0 0 0 0 0 0 75 0 0 0 0 0 0 0 0 0 0 0 0 0 0 0 0 88 0 0 0 35 0 0 0 0 6 0 0 0 25 0 0 0 0 0 0 0 0 0 0 0 38 0 0 0 0 0 0 0 0 0 0 0 0 7 0 0 0 0 0 0 0 0 0 91 0 0 0 0 0 0 0 0 
0 0 0 59 0 0 0 0 0 0 0 0 0 0 43 0 0 0 0 0 0 0 25 0 76 0 0 0 0 0 0 0 0 0 0 0 18 0 0 0 0 0 0 0 0 0 0 0 18 0 0 0 0 0 0 0 0 0 0 0 0 0 0 25 0 0 0 0 0 0 0 0 0 0 0 0 66 0 0 0 25 0 0 0 0 0 0 0 0 0 0 0 0 0 0 61 0 0 0 0 
0 0 0 0 0 0 19 0 0 0 0 0 0 0 0 50 37 37 0 0 0 0 100 0 29 22 0 0 0 0 0 0 0 0 0 0 0 0 0 0 0 0 0 0 0 0 0 0 0 42 0 0 0 0 0 0 0 68 0 0 0 0 0 0 0 0 54 68 0 0 54 0 0 0 0 0 0 0 0 0 0 0 73 0 0 0 0 0 0 0 0 0 0 0 91 0 74 0 0 0 
0 0 0 0 0 0 0 0 0 0 0 0 0 7 0 0 0 0 0 44 0 6 0 0 0 10 0 0 0 0 0 0 0 0 0 0 0 0 0 0 0 0 0 32 0 0 0 0 0 0 0 0 0 0 90 0 0 0 19 0 0 0 0 0 0 0 0 9 0 13 0 0 0 51 0 21 0 0 0 0 0 0 0 0 0 0 0 22 75 0 0 0 0 0 0 0 37 56 0 0 
61 0 79 0 0 0 0 0 0 70 0 0 0 0 0 0 0 0 0 0 32 0 0 0 0 0 0 98 0 0 0 0 0 0 0 0 0 0 0 0 0 0 0 0 0 0 36 0 83 0 0 0 0 42 0 0 0 0 18 0 0 68 0 0 0 0 0 0 0 80 87 0 0 0 0 0 0 0 0 0 0 0 0 0 64 0 0 0 5 89 0 0 0 0 0 0 0 0 0 0 
0 0 0 0 0 0 0 0 0 0 0 0 0 0 48 0 0 0 0 0 0 0 0 0 0 0 0 0 0 0 0 0 0 0 0 0 0 0 0 0 0 0 0 0 0 0 0 0 0 29 0 0 0 13 0 0 0 0 0 0 0 0 0 0 0 0 68 13 0 0 0 17 0 0 77 0 0 0 0 0 22 0 78 0 0 0 72 0 41 0 0 0 0 85 0 0 0 78 62 0 
0 83 0 0 0 0 0 0 0 0 31 0 0 0 75 0 0 0 94 0 0 0 0 0 0 89 49 0 0 15 0 0 0 0 0 0 0 88 0 0 32 0 0 0 0 0 0 0 0 0 0 0 0 0 0 0 0 59 29 0 0 0 0 0 0 0 0 0 0 28 0 0 0 0 0 0 0 0 0 0 0 41 0 0 0 0 0 0 0 0 55 0 0 0 0 0 0 0 28 0 
0 0 0 0 0 0 0 0 0 0 0 0 0 0 0 0 0 0 0 1 0 0 72 0 0 0 82 0 0 0 0 0 0 0 0 0 0 0 0 0 0 0 0 0 0 0 0 0 0 0 0 0 24 99 48 0 74 0 0 0 0 0 53 0 0 0 0 0 0 0 27 0 0 0 0 0 75 0 98 0 0 0 0 54 0 0 0 0 0 0 0 0 0 0 0 14 0 8 0 84 
26 51 0 50 0 60 0 9 0 0 0 0 0 0 0 0 0 0 0 0 0 0 0 0 0 0 0 44 0 0 0 63 0 0 0 0 0 0 0 0 0 0 0 0 0 0 0 0 0 0 0 0 96 26 0 0 0 0 78 0 0 0 0 0 43 0 0 0 0 0 0 0 0 0 49 0 0 0 0 0 0 0 0 0 0 0 0 84 65 0 52 0 0 0 0 0 0 0 0 0 
0 0 65 0 45 0 0 0 0 91 0 0 0 0 0 0 0 0 0 0 0 0 0 0 0 0 0 0 0 0 0 90 0 23 0 0 0 0 0 0 0 36 0 0 0 0 0 0 0 0 0 0 0 0 28 29 0 58 0 18 0 0 0 0 0 0 0 0 0 0 0 0 0 0 0 0 0 0 0 68 0 0 0 0 0 85 34 0 0 98 0 0 25 0 0 0 0 0 0 0 
0 0 8 0 48 0 74 0 0 0 0 0 0 99 0 0 0 0 52 0 0 65 31 0 0 0 0 0 0 88 0 0 0 0 0 0 0 35 0 0 0 0 0 0 0 0 0 0 0 0 0 0 0 0 0 0 0 0 0 0 0 0 0 0 0 0 47 0 0 0 0 0 0 0 0 0 92 0 0 0 0 0 0 0 60 0 0 0 0 0 0 0 0 0 0 0 0 0 0 0 
0 0 19 0 0 0 0 54 0 0 0 66 0 0 0 0 98 17 0 0 0 0 45 0 0 0 0 0 0 0 0 0 0 0 0 0 0 0 18 0 0 83 0 0 0 0 0 0 0 0 59 0 0 0 0 0 0 0 0 0 0 0 0 0 0 0 89 0 0 0 0 0 17 0 0 0 0 0 0 0 0 0 93 0 0 26 0 0 0 54 0 0 0 0 0 0 0 0 0 0 
0 67 0 0 0 0 31 0 0 0 0 0 0 0 0 0 0 99 0 0 0 0 0 0 0 0 0 0 0 0 0 87 0 0 0 49 0 0 0 42 0 0 29 0 0 0 0 0 0 0 0 0 0 0 0 0 0 0 0 0 0 0 0 33 0 0 0 9 0 0 0 0 0 0 0 0 0 0 0 0 0 0 0 0 0 0 0 0 0 0 0 0 0 0 0 0 0 0 0 0 
0 0 0 0 0 0 0 0 0 0 71 6 0 0 0 0 0 0 0 0 0 0 0 0 0 0 0 0 0 83 45 0 0 5 0 0 0 0 0 0 0 0 0 0 0 0 0 0 59 0 0 0 61 10 0 0 0 0 0 0 0 0 0 0 0 0 0 0 0 34 0 86 0 0 0 0 0 0 0 0 0 0 0 0 0 0 0 0 0 0 0 14 0 0 0 0 0 0 0 0 
30 0 0 0 0 0 0 0 0 0 0 0 42 0 0 0 0 9 0 0 37 0 0 0 0 0 0 5 0 0 0 65 0 0 0 0 0 0 0 0 0 0 0 0 0 0 0 0 0 0 0 0 0 0 0 0 0 0 55 0 0 0 0 0 0 0 0 0 94 0 0 0 0 0 0 0 0 0 0 0 0 0 73 0 0 0 0 38 0 0 0 0 0 0 0 0 56 0 9 0 
0 0 0 0 0 0 0 0 0 0 0 85 0 0 0 0 0 0 0 0 0 0 0 13 0 0 0 0 0 0 0 0 0 0 0 0 55 6 0 0 0 0 0 0 24 96 0 0 0 0 61 0 0 0 0 0 0 0 0 0 0 0 0 0 0 0 0 0 0 37 0 59 0 49 0 0 0 0 0 0 0 0 0 0 0 0 90 52 0 0 0 0 0 0 0 0 11 24 0 5 
0 0 0 0 0 69 0 0 0 0 0 0 0 0 0 0 0 0 0 0 0 100 0 0 0 0 0 0 0 0 0 33 0 0 0 0 0 0 0 0 0 42 13 0 99 26 0 0 0 0 10 0 0 0 0 0 0 0 0 0 0 0 0 0 92 36 0 0 0 0 99 0 0 0 0 75 0 0 0 0 0 0 0 0 0 0 0 0 0 0 0 40 22 0 0 0 0 61 0 0 
0 0 0 0 0 0 0 0 14 0 0 15 0 0 0 0 0 0 0 0 74 0 0 0 0 0 0 0 0 0 0 0 82 0 0 0 90 0 0 0 90 0 0 0 48 0 28 0 0 0 0 0 0 0 0 0 0 66 0 0 0 0 0 0 0 45 0 0 0 0 0 0 0 0 36 0 0 65 0 0 0 0 0 77 0 0 51 0 0 0 0 25 0 0 0 0 0 0 0 0 
0 0 0 0 73 0 0 0 0 0 43 0 0 0 41 53 0 0 0 0 0 0 0 0 0 0 0 0 0 0 0 0 18 0 0 0 0 0 0 0 0 0 0 0 0 0 29 0 0 0 0 0 0 0 0 0 0 87 0 0 0 49 97 0 81 0 0 0 63 0 0 0 0 0 0 0 0 0 0 0 0 0 0 0 0 74 0 0 0 0 40 0 0 59 0 0 90 0 0 0 
69 0 0 0 0 0 0 0 0 0 13 0 81 0 0 0 0 1 0 0 0 0 4 0 0 0 0 0 0 0 0 0 0 0 0 0 0 25 0 0 0 0 0 0 74 0 0 0 0 0 0 0 0 0 0 0 0 0 0 0 0 0 100 0 61 16 0 0 0 0 0 0 0 0 0 0 0 0 0 0 0 0 49 0 0 0 0 0 0 0 0 0 0 47 0 0 0 0 0 0 
0 7 0 0 0 0 0 0 0 0 0 0 65 0 0 0 0 0 0 0 0 0 4 0 0 0 0 0 0 0 0 0 0 0 0 0 0 0 0 68 0 0 0 59 0 0 58 0 0 0 0 0 0 0 66 87 0 0 0 0 0 0 0 21 0 0 0 48 0 0 0 0 79 0 65 0 0 0 0 0 0 0 0 0 0 0 5 0 0 0 0 0 0 0 26 0 0 0 0 97 
0 0 22 0 0 0 0 79 0 0 0 0 98 0 0 0 0 0 0 0 0 0 70 0 0 0 0 0 29 0 0 0 47 0 0 0 0 0 0 0 19 18 0 29 0 78 0 0 0 0 0 55 0 0 0 0 0 0 0 0 0 0 0 0 0 0 0 0 0 0 0 0 0 0 0 0 0 0 0 0 0 0 0 0 0 0 0 96 0 10 0 0 1 0 0 0 0 0 96 0 
0 98 0 0 0 0 0 0 0 0 0 0 0 75 0 0 0 48 0 0 0 0 0 0 0 80 0 0 0 0 0 0 0 0 0 0 0 0 0 0 0 0 0 0 0 0 18 0 0 0 0 0 0 0 0 0 0 0 0 0 0 0 0 64 0 0 7 0 58 0 0 0 0 0 0 0 19 25 0 78 65 0 0 0 44 0 0 0 0 0 0 0 0 0 0 30 0 0 0 0 
0 0 0 0 3 0 0 0 0 0 0 0 0 6 0 0 0 0 0 0 0 0 0 0 0 0 0 0 67 0 0 0 0 93 0 0 0 0 0 0 0 0 0 0 0 0 0 0 0 0 0 0 0 0 0 0 0 0 0 0 0 0 0 0 0 0 14 0 0 0 38 0 0 0 0 0 0 0 0 0 0 87 0 0 0 0 0 0 0 0 0 0 0 0 0 0 0 0 89 0 
0 92 0 0 0 0 0 0 77 0 0 49 0 74 0 0 97 0 0 0 0 0 0 0 0 0 0 0 0 0 5 0 0 0 0 0 0 0 0 0 0 68 0 0 0 0 0 0 0 0 0 0 0 0 0 49 0 0 0 0 0 0 65 99 0 84 0 0 0 0 0 0 0 6 0 0 0 0 0 0 0 0 0 0 0 0 0 44 20 0 52 0 0 0 0 0 0 0 0 0 
0 68 0 0 0 0 0 0 0 89 0 0 0 14 0 0 0 0 0 0 34 0 0 0 0 0 0 0 0 0 0 0 59 0 0 0 0 0 0 0 0 0 0 0 53 0 0 0 0 0 0 0 0 0 0 97 100 0 0 0 0 65 0 0 0 0 68 0 0 0 0 57 0 0 95 59 0 0 0 0 0 0 0 9 0 0 0 0 0 0 0 0 0 0 0 0 0 0 7 0 
0 0 0 0 0 0 0 0 0 97 17 0 0 0 0 0 0 0 0 0 0 0 0 0 0 0 0 0 0 0 84 0 0 0 0 0 46 0 25 0 0 0 0 0 0 0 0 0 0 33 0 0 0 0 0 0 0 21 0 64 0 99 0 0 0 0 0 0 0 92 0 0 0 0 0 0 0 0 0 0 0 0 0 0 0 0 0 0 0 0 0 0 94 0 0 0 0 0 0 0 
0 0 0 0 0 0 0 0 0 0 0 0 0 0 0 0 0 24 0 95 0 0 0 0 0 0 0 0 0 0 0 0 0 0 26 0 0 0 0 0 0 0 0 0 0 43 0 0 0 0 0 0 0 92 0 81 61 0 0 0 0 0 0 0 0 61 0 0 0 0 0 0 0 0 0 0 0 0 12 0 25 0 24 0 0 0 0 0 99 0 0 0 0 0 3 0 0 0 0 60 
0 0 0 0 0 0 0 0 0 0 0 0 4 0 0 0 0 0 0 0 0 0 0 84 67 40 0 0 0 0 0 0 47 0 0 0 0 0 0 0 0 0 0 0 0 0 0 0 0 0 0 0 0 36 45 0 16 0 0 0 0 84 0 0 61 0 0 0 0 0 0 0 0 0 0 0 0 0 0 3 0 17 0 0 0 0 0 0 0 0 52 98 0 0 0 0 0 0 21 0 
0 90 21 0 68 0 0 0 0 23 0 0 0 0 0 0 0 0 0 76 0 0 0 0 0 0 0 16 0 0 0 0 0 0 0 0 0 0 0 54 0 0 68 0 0 0 0 47 89 0 0 0 0 0 0 0 0 0 0 7 14 0 68 0 0 0 0 0 0 0 0 0 0 0 0 0 0 0 0 0 0 0 0 0 0 0 0 0 0 0 0 0 0 2 0 0 0 0 0 0 
0 0 0 0 0 0 0 0 0 0 0 0 0 0 0 0 29 0 0 0 0 0 0 0 0 0 0 0 0 0 0 0 0 73 0 0 0 0 0 68 9 0 13 0 0 0 0 0 0 9 0 0 0 0 0 0 0 48 0 0 0 0 0 0 0 0 0 0 0 0 0 0 0 0 0 0 0 0 0 0 0 0 92 0 0 0 0 0 0 0 28 0 0 0 0 0 0 0 97 0 
0 0 0 11 0 0 0 0 0 0 0 0 0 0 0 0 0 0 0 59 0 0 0 0 40 0 0 0 0 0 52 0 0 0 9 0 0 38 0 0 0 0 0 0 0 0 0 0 0 0 0 94 0 0 0 63 0 0 0 58 0 0 0 0 0 0 0 0 0 6 0 0 0 0 0 0 0 0 0 0 0 49 0 0 0 36 0 0 0 0 0 0 0 0 90 0 0 0 0 0 
0 0 0 0 0 0 0 0 6 0 0 0 0 0 0 0 0 49 0 0 0 0 0 7 0 0 0 0 0 0 59 0 0 0 0 0 67 0 0 0 13 80 0 28 0 0 0 0 0 0 34 0 37 0 0 0 0 0 0 0 0 0 0 92 0 0 0 0 6 0 0 0 49 0 0 52 0 94 0 0 0 0 0 0 0 0 0 0 0 0 0 0 0 0 0 0 0 0 0 0 
0 0 0 0 0 0 0 0 0 0 0 0 0 0 0 0 0 0 0 0 0 0 66 0 0 0 0 0 0 0 0 0 0 0 0 0 0 0 0 54 0 87 0 0 27 0 0 0 0 0 0 0 0 99 0 0 0 0 0 0 38 0 0 0 0 0 0 0 0 0 0 0 0 0 64 0 0 0 31 0 0 0 0 0 0 0 0 0 0 0 0 0 0 0 0 0 0 0 33 0 
62 0 0 0 0 0 0 0 35 0 0 0 0 0 0 0 0 0 0 0 0 0 0 64 67 0 0 0 0 0 0 0 78 0 0 0 0 0 0 0 0 0 17 0 0 0 0 0 0 0 86 0 59 0 0 0 0 0 0 0 0 0 57 0 0 0 0 0 0 0 0 0 0 0 0 0 0 0 0 0 87 0 0 0 0 0 0 0 0 0 0 0 0 0 0 0 0 0 0 0 
0 0 0 0 0 0 0 31 0 0 58 0 0 0 0 87 0 0 0 0 0 29 70 0 0 91 0 83 0 0 65 0 0 0 0 27 0 0 0 0 0 0 0 0 0 0 0 0 17 0 0 0 0 0 0 0 0 79 0 0 0 0 0 0 0 0 0 0 0 49 0 0 0 0 0 0 0 0 0 0 0 87 0 0 0 0 0 1 66 0 0 0 0 0 0 0 0 0 0 0 
0 0 0 0 0 47 0 0 0 0 0 0 0 0 0 0 0 0 0 0 0 0 0 82 0 0 46 0 0 59 0 0 0 0 0 0 0 0 0 0 51 0 0 0 0 0 0 0 0 0 0 0 49 0 0 0 0 0 0 0 0 6 0 0 0 0 0 0 0 0 0 0 0 0 0 0 3 0 75 0 0 70 0 0 42 0 0 0 32 0 0 0 0 0 22 0 0 0 0 0 
0 16 0 28 0 0 0 78 51 0 0 0 0 0 0 47 0 0 0 0 0 26 0 0 0 0 0 0 0 0 0 0 0 0 0 18 0 0 0 0 0 0 77 0 0 49 0 0 0 0 0 0 0 0 36 0 0 65 0 0 0 0 95 0 0 0 0 0 0 0 64 0 0 0 0 0 0 0 0 0 0 0 0 0 0 0 0 0 0 0 9 0 0 34 0 0 0 0 0 0 
0 0 0 0 0 0 0 0 0 0 0 0 0 0 0 0 0 0 0 0 0 0 0 0 0 0 0 88 56 71 0 0 0 0 0 32 0 0 0 0 21 0 0 0 0 0 0 0 0 0 0 0 0 75 0 0 0 0 0 0 0 0 59 0 0 0 0 0 0 52 0 0 0 0 0 0 0 0 0 0 0 0 0 0 13 0 0 88 0 0 0 0 0 0 54 0 0 0 0 0 
0 0 0 0 0 0 0 0 0 0 0 0 0 0 0 0 0 0 0 0 0 0 0 0 0 0 0 0 0 0 0 0 0 0 29 0 0 0 66 0 0 0 0 0 75 0 0 92 0 0 0 0 0 0 0 0 0 0 0 19 0 0 0 0 0 0 0 0 0 0 0 0 0 3 0 0 0 0 39 0 0 0 0 0 66 0 0 68 0 0 0 0 0 0 0 18 0 40 0 0 
17 0 0 0 0 0 0 0 0 0 0 0 38 0 0 0 98 0 0 0 0 0 0 0 0 0 0 0 0 0 80 0 0 0 0 68 0 0 0 0 0 0 0 0 0 0 0 0 0 0 0 0 0 0 65 0 0 0 0 25 0 0 0 0 0 0 0 0 0 94 0 0 0 0 0 0 0 0 0 0 0 0 0 0 0 0 0 0 0 73 0 0 57 0 0 0 0 0 0 0 
0 0 0 62 0 0 0 0 0 0 0 0 0 1 0 0 0 0 0 0 0 0 0 0 0 0 81 0 0 0 74 0 0 0 0 53 0 0 0 0 0 0 0 0 98 0 0 0 0 0 0 0 0 0 0 0 0 0 0 0 0 0 0 0 12 0 0 0 0 0 31 0 0 75 0 0 39 0 0 0 0 0 83 0 0 0 0 0 0 30 0 0 0 0 0 0 0 12 0 0 
0 0 0 0 0 0 0 0 0 0 0 0 0 0 0 51 0 0 0 0 21 0 0 0 0 0 0 61 0 0 0 0 0 0 0 0 32 0 0 0 0 0 0 0 0 0 68 0 0 0 0 0 0 0 0 0 0 0 0 78 0 0 0 0 0 3 0 0 0 0 0 0 0 0 0 0 0 0 0 0 73 0 0 0 42 0 0 0 0 0 6 0 24 0 0 91 0 0 0 0 
23 69 0 0 0 0 0 0 0 0 0 0 0 0 0 0 0 0 0 0 0 0 0 0 0 0 0 0 10 0 0 0 0 0 0 0 0 0 25 0 0 0 22 0 0 0 0 0 0 0 0 0 0 0 0 0 0 0 0 65 0 0 0 0 25 0 0 0 0 0 0 87 0 0 0 0 0 0 0 73 0 68 0 0 0 0 0 0 0 0 0 0 0 0 0 70 14 0 0 85 
0 0 0 0 0 0 0 0 0 0 65 0 0 0 0 0 28 0 0 0 0 0 0 3 0 0 0 0 0 0 0 0 0 0 0 0 0 7 0 0 0 0 0 41 0 0 0 0 0 0 0 0 0 0 0 0 0 0 0 0 87 0 0 0 0 17 0 0 49 0 0 0 87 70 0 0 0 0 0 0 68 0 93 0 0 0 26 0 0 0 0 0 0 0 0 0 28 0 0 83 
0 0 0 0 0 0 0 0 0 0 0 0 0 0 42 0 0 0 0 0 0 0 0 0 0 34 0 73 0 0 0 0 74 0 0 0 0 0 0 73 0 0 78 0 0 0 0 0 93 0 0 73 0 0 0 0 49 0 0 0 0 0 0 0 24 0 0 92 0 0 0 0 0 0 0 0 0 0 83 0 0 93 0 0 0 0 0 0 0 0 0 83 0 0 0 0 0 0 0 76 
0 0 56 0 0 0 0 0 0 0 0 0 0 80 0 0 0 100 0 0 26 89 0 0 0 0 0 0 0 0 0 0 89 0 0 0 4 0 0 0 0 0 0 0 54 0 0 0 0 0 0 0 0 0 77 0 0 0 0 0 0 0 9 0 0 0 0 0 0 0 0 0 0 0 0 0 0 0 0 0 0 0 0 0 0 7 0 0 0 0 0 0 0 0 0 0 0 11 0 0 
0 0 0 0 0 0 0 0 0 0 28 0 0 0 0 0 0 0 0 0 0 0 0 0 0 0 11 0 0 0 0 28 31 0 0 0 0 0 0 0 0 64 0 0 0 0 0 60 0 0 0 0 0 0 0 0 0 0 0 44 0 0 0 0 0 0 0 0 0 0 0 0 0 42 0 13 66 0 0 42 0 0 0 0 0 0 32 0 49 0 17 0 0 0 0 0 88 0 0 0 
95 0 0 66 0 0 0 0 0 0 0 0 14 0 0 0 0 0 0 0 0 0 0 0 0 0 72 0 0 0 0 0 0 0 0 0 0 0 0 0 0 0 0 0 0 0 85 0 26 0 0 0 0 0 0 74 0 0 0 0 0 0 0 0 0 0 0 0 36 0 0 0 0 0 0 0 0 0 0 0 0 0 0 7 0 0 77 0 0 0 0 0 0 0 0 0 0 0 0 0 
0 0 0 1 34 0 0 0 0 0 0 67 0 0 0 0 0 0 0 0 0 0 0 0 0 0 0 0 0 0 0 0 0 90 0 0 0 0 0 0 0 0 72 0 0 0 34 0 0 0 0 0 90 0 51 0 0 5 0 0 0 0 0 0 0 0 0 0 0 0 0 0 0 0 0 0 0 0 0 0 0 26 0 0 32 77 0 0 0 0 0 44 0 0 0 0 0 0 0 0 
0 0 0 0 0 0 0 0 0 0 0 0 0 46 0 0 0 0 0 48 0 0 0 0 0 2 0 0 0 0 0 0 0 0 0 9 82 0 0 0 22 0 0 0 0 84 0 0 0 0 0 38 52 0 0 0 0 0 96 0 0 44 0 0 0 0 0 0 0 0 0 0 1 0 0 88 68 0 0 0 0 0 0 0 0 0 0 0 0 0 0 0 0 43 0 0 0 0 0 0 
1 0 0 0 0 0 0 0 0 80 0 0 0 0 7 0 0 0 0 0 0 0 0 0 93 0 0 0 0 0 0 57 0 39 0 0 0 0 0 0 75 5 41 0 0 65 0 0 0 0 0 0 0 0 0 0 0 0 0 0 0 20 0 0 99 0 0 0 0 0 0 0 66 32 0 0 0 0 0 0 0 0 0 0 49 0 0 0 0 0 0 0 0 0 0 0 0 0 0 0 
27 0 31 66 0 0 0 0 0 1 0 0 0 0 0 0 0 0 0 0 0 0 0 0 0 0 0 61 0 0 0 0 0 0 0 0 45 0 0 0 0 89 0 0 0 0 98 0 54 0 0 0 0 0 0 0 0 0 10 0 0 0 0 0 0 0 0 0 0 0 0 0 0 0 0 0 0 73 30 0 0 0 0 0 0 0 0 0 0 0 0 0 23 0 0 0 0 0 0 0 
0 84 0 0 0 0 0 44 0 0 0 0 0 0 0 0 0 0 45 0 0 0 0 0 0 33 0 0 24 0 0 0 0 0 0 0 0 0 0 0 0 0 0 55 0 52 0 0 0 0 0 0 0 0 0 40 0 0 0 0 0 52 0 0 0 52 0 28 0 0 0 0 0 0 9 0 0 0 0 6 0 0 0 0 17 0 0 0 0 0 0 0 0 98 0 0 0 0 0 0 
0 0 97 41 0 0 0 0 88 0 0 0 0 0 0 0 88 0 0 0 0 0 0 0 0 0 0 0 6 0 0 80 0 0 0 0 0 91 0 0 0 0 0 0 0 0 0 0 0 0 14 0 0 40 25 0 0 0 0 0 0 0 0 0 0 98 0 0 0 0 0 0 0 0 0 0 0 0 0 0 0 0 83 0 0 0 44 0 0 0 0 0 0 0 0 0 86 0 0 42 
0 0 78 0 0 0 0 0 0 0 0 0 0 0 0 0 0 0 14 0 0 0 0 0 25 83 69 0 0 57 0 0 0 0 0 0 0 0 0 0 0 0 0 0 0 0 25 0 0 0 0 0 0 22 0 0 0 0 1 0 0 0 0 94 0 0 0 0 0 0 0 0 0 0 0 0 0 57 0 24 0 0 0 0 0 0 0 0 0 23 0 0 0 0 0 0 0 8 0 10 
10 0 0 0 0 0 0 0 0 0 0 0 0 0 19 48 0 0 0 0 0 0 0 0 0 0 46 71 0 0 0 3 0 0 0 40 0 0 0 0 0 0 85 0 0 0 0 0 0 0 0 0 0 0 0 59 47 0 0 0 0 0 0 0 0 0 2 0 0 0 0 0 0 0 34 0 0 0 0 0 0 0 0 0 0 0 0 43 0 0 98 0 0 0 0 0 0 0 0 0 
3 0 0 0 0 60 0 0 0 0 67 0 0 0 14 0 36 0 0 0 0 0 0 0 0 0 77 0 0 0 0 29 0 0 0 0 0 0 0 91 0 0 0 0 0 0 0 0 0 0 0 0 0 0 0 0 0 26 0 0 0 0 0 0 3 0 0 0 90 0 0 0 0 22 0 54 0 0 0 0 0 0 0 0 0 0 0 0 0 0 0 0 0 0 0 0 0 0 0 69 
0 0 0 0 0 0 37 0 0 0 0 0 5 0 0 0 0 0 0 0 0 0 0 0 0 35 0 86 0 44 0 0 27 30 0 34 0 0 61 0 0 0 0 0 14 0 0 0 0 0 0 0 0 0 0 0 0 0 0 30 0 0 0 0 0 0 0 0 0 0 0 0 0 0 0 0 18 0 0 91 70 0 0 0 0 0 0 0 0 0 0 0 0 0 0 0 0 0 0 57 
0 0 0 0 0 0 0 0 14 0 0 0 0 0 0 16 0 0 65 0 61 0 0 0 19 0 0 0 0 38 0 0 0 0 0 0 0 0 0 74 37 0 0 0 0 0 0 0 0 0 0 56 11 0 0 90 0 0 0 0 0 0 0 0 0 0 0 0 0 0 0 0 0 0 0 0 0 0 0 0 14 28 0 0 88 0 0 0 0 0 0 86 0 0 0 0 0 0 0 0 
0 0 0 0 0 0 0 0 0 39 0 0 0 0 0 0 0 97 0 0 0 52 94 0 0 0 0 0 0 0 0 0 20 0 0 0 43 0 0 0 56 0 78 0 8 0 0 0 0 0 0 0 24 61 0 0 0 0 0 0 0 0 0 0 0 0 0 0 0 0 0 0 0 0 0 0 40 0 12 0 0 0 0 11 0 0 0 0 0 0 0 0 8 0 0 0 0 0 0 0 
0 0 0 0 0 48 0 0 0 0 0 51 0 0 0 0 0 0 0 0 0 0 0 0 0 0 0 0 0 0 0 0 0 74 0 0 0 0 0 0 0 0 62 28 0 0 0 0 0 0 0 9 0 0 0 0 0 0 96 0 89 0 7 0 0 21 0 97 0 0 33 0 0 0 0 0 0 0 0 0 0 0 0 0 0 0 0 0 0 0 0 0 0 0 0 0 0 0 0 0 
0 0 0 100 0 0 0 0 0 57 0 0 0 0 0 0 0 0 0 98 0 0 0 0 0 45 0 0 0 0 0 0 0 0 0 0 0 0 0 0 0 0 0 0 84 0 0 0 0 0 0 0 5 0 0 0 0 97 0 0 0 0 0 0 60 0 0 0 0 0 0 0 0 0 0 0 0 0 0 0 85 83 76 0 0 0 0 0 0 0 0 42 10 0 69 57 0 0 0 0 
