0 38 0 45 0 46 81 91 0 0 89 0 60 0 0 90 39 83 0 29 44 0 11 0 14 57 0 46 64 0 0 13 20 0 85 34 68 0 0 21 0 18 0 52 52 0 0 56 85 68 0 44 4 0 0 41 16 0 12 0 0 0 44 0 80 0 73 22 94 0 81 12 0 98 0 9 10 13 84 0 78 0 0 28 12 33 60 0 40 0 56 0 0 57 31 28 0 90 0 50 
38 0 43 0 12 0 60 87 31 0 0 98 0 32 19 0 0 88 24 0 51 23 95 69 33 0 0 71 0 92 0 67 0 0 21 46 0 0 13 73 88 53 0 0 30 0 0 21 80 47 87 0 0 55 0 82 0 89 22 0 41 0 0 41 0 0 77 80 0 56 98 0 0 33 31 10 46 0 0 25 1 67 80 45 23 4 29 0 0 0 70 77 0 0 46 29 0 0 0 11 
0 43 0 10 15 0 5 77 0 18 0 76 0 0 31 46 96 67 62 0 25 46 0 99 61 21 1 0 55 65 0 0 32 25 0 0 0 93 11 67 36 53 0 0 38 21 0 0 69 100 45 0 0 0 10 94 36 9 34 43 87 0 0 63 54 87 43 64 66 0 52 37 84 64 14 64 0 0 44 0 28 68 6 57 92 46 38 0 68 59 0 52 52 53 0 0 23 0 36 64 
45 0 10 0 12 52 44 32 19 12 0 88 0 0 0 0 0 0 0 68 35 11 83 0 59 0 0 41 39 75 42 56 46 19 0 55 0 37 31 3 20 40 79 0 96 38 8 33 89 0 38 69 0 0 0 29 40 97 90 27 52 0 0 86 53 0 19 87 77 0 0 73 0 8 0 8 38 0 13 49 48 0 22 0 12 71 0 0 0 0 0 0 17 89 0 36 80 15 0 0 
0 12 15 12 0 0 95 19 0 57 27 0 61 85 59 20 0 56 58 0 24 0 43 36 100 41 3 92 0 45 89 0 0 25 0 29 2 52 41 27 0 19 3 49 41 57 61 36 51 93 8 46 90 80 35 0 5 0 0 40 0 73 23 62 34 0 0 0 0 48 0 61 30 0 1 3 36 37 3 0 21 79 0 1 69 0 3 0 2 0 91 0 0 0 27 71 5 54 0 48 
46 0 0 52 0 0 0 23 21 29 0 57 23 20 8 29 44 6 32 0 79 0 86 9 12 33 0 73 57 0 75 0 98 40 28 0 0 0 19 8 68 0 0 85 31 0 0 0 91 0 8 0 0 19 60 92 95 64 0 94 0 68 23 45 38 80 8 24 42 0 50 0 99 46 0 32 85 2 97 87 0 99 96 48 56 94 0 92 35 1 77 43 93 0 28 76 87 94 6 53 
81 60 5 44 95 0 0 54 0 99 0 1 61 46 0 37 13 0 83 0 81 75 79 0 35 98 0 31 99 28 18 27 0 17 0 61 69 26 73 0 0 64 24 23 0 0 84 82 49 3 0 0 84 33 0 99 5 59 0 0 54 0 24 48 86 71 0 14 87 0 59 42 83 0 0 74 2 93 98 82 79 45 48 64 0 53 80 82 57 46 66 77 0 38 0 20 0 0 34 79 
91 87 77 32 19 23 54 0 66 43 37 0 25 0 0 0 88 75 99 0 17 30 0 49 0 0 59 6 75 0 25 0 0 89 0 0 31 90 5 82 0 37 77 35 74 66 46 0 0 20 46 40 66 86 0 34 36 35 0 97 0 71 53 65 19 81 0 100 25 61 0 37 0 0 37 0 71 0 97 63 61 91 75 88 0 0 88 0 78 0 56 100 52 0 19 100 0 0 0 67 
0 31 0 19 0 21 0 66 0 71 25 64 98 52 0 20 2 41 13 56 0 0 41 43 0 0 7 0 51 0 0 17 44 20 71 26 93 0 84 79 0 0 0 9 66 6 76 83 84 17 14 0 36 53 0 89 0 49 88 0 29 0 55 73 0 94 35 0 29 23 67 0 77 93 31 0 3 59 0 35 58 0 26 66 0 64 0 78 23 0 61 40 0 93 0 85 49 0 6 10 
0 0 18 12 57 29 99 43 71 0 51 45 93 74 31 0 35 89 19 0 66 0 1 0 43 7 0 96 0 0 79 75 0 30 43 7 9 60 0 36 0 0 99 0 0 81 0 24 27 48 0 0 71 92 0 0 19 81 37 74 81 0 0 98 84 29 0 0 66 52 0 0 0 40 0 0 0 62 4 0 19 0 55 0 17 100 0 23 0 33 34 0 0 12 53 0 12 47 0 94 
89 0 0 0 27 0 0 37 25 51 0 0 96 0 92 9 33 25 83 97 31 74 66 40 32 44 0 0 0 100 0 69 42 0 12 4 0 22 18 97 14 22 86 0 0 36 81 0 0 58 0 65 0 76 0 26 0 0 0 22 76 2 99 94 88 11 0 55 43 25 0 0 18 55 35 0 52 0 38 0 0 54 0 86 10 48 0 76 65 22 0 25 13 62 34 0 0 0 44 27 
0 98 76 88 0 57 1 0 64 45 0 0 97 0 30 0 0 0 14 81 0 95 72 6 95 95 12 97 100 22 73 58 0 93 0 88 63 64 0 0 0 0 28 0 48 61 10 41 2 75 0 0 73 72 7 82 55 0 29 47 45 33 0 24 3 68 0 19 0 40 62 6 89 85 63 76 15 16 39 62 0 83 51 0 30 84 82 0 0 0 41 73 75 64 33 72 91 0 85 0 
60 0 0 0 61 23 61 25 98 93 96 97 0 0 0 11 37 76 7 29 9 76 59 46 0 16 97 43 89 0 0 0 7 9 0 0 93 79 65 0 8 53 79 0 8 0 85 0 5 97 43 50 26 88 0 0 56 17 0 1 61 98 0 26 22 92 68 34 60 74 0 0 53 80 0 88 91 42 0 0 33 85 13 0 68 83 0 0 0 59 82 35 44 36 4 44 0 71 0 5 
0 32 0 0 85 20 46 0 52 74 0 0 0 0 0 0 0 0 77 37 0 17 80 0 80 9 15 0 48 90 0 75 67 79 0 0 0 37 70 0 53 0 0 23 0 45 0 91 0 55 61 0 87 0 28 67 4 6 30 0 13 0 0 28 0 0 0 0 97 99 0 0 0 65 0 0 49 79 0 43 0 8 39 54 0 0 60 0 15 7 59 0 0 0 99 0 78 0 0 78 
0 19 31 0 59 8 0 0 0 31 92 30 0 0 0 11 32 48 83 89 16 21 43 0 52 3 0 43 80 7 0 0 0 0 8 38 0 0 92 0 25 37 0 0 0 79 62 77 48 60 0 81 2 5 0 23 42 6 0 57 58 24 12 0 58 92 7 0 85 13 0 100 0 5 63 92 0 35 0 0 0 0 47 41 0 60 0 0 98 0 50 27 0 0 99 81 29 1 0 30 
90 0 46 0 20 29 37 0 20 0 9 0 11 0 11 0 18 86 82 41 75 0 99 79 91 78 0 0 38 0 0 0 0 30 0 11 39 0 8 88 16 94 92 52 0 0 47 0 0 0 3 77 0 0 0 56 0 0 0 20 52 20 61 0 0 0 19 0 43 40 21 63 19 0 0 0 13 0 0 0 0 0 25 12 36 97 0 94 0 0 66 80 0 14 55 0 36 0 0 47 
39 0 96 0 0 44 13 88 2 35 33 0 37 0 32 18 0 0 82 0 90 46 0 64 0 100 0 73 0 0 100 35 27 50 0 0 0 43 27 4 59 1 75 12 17 0 13 0 0 75 57 88 14 0 48 89 39 0 0 83 0 38 0 47 0 0 98 29 0 0 40 69 46 74 0 0 55 56 0 0 99 28 93 85 74 64 40 0 70 13 0 0 0 0 0 61 9 21 79 92 
83 88 67 0 56 6 0 75 41 89 25 0 76 0 48 86 0 0 40 14 51 76 86 0 0 0 99 67 78 0 100 60 84 83 13 44 0 39 65 47 0 37 0 77 67 0 55 63 0 0 67 0 56 54 14 30 51 0 66 0 44 42 64 62 15 4 3 68 26 52 0 0 0 0 80 0 0 0 86 0 0 94 57 13 0 41 85 62 6 3 42 0 0 0 0 0 45 36 93 0 
0 24 62 0 58 32 83 99 13 19 83 14 7 77 83 82 82 40 0 56 0 70 59 97 59 46 0 0 83 16 76 20 49 29 89 34 0 0 0 0 2 0 40 0 17 81 0 96 12 74 93 65 0 39 70 0 34 93 82 0 69 0 0 7 0 0 57 91 62 0 0 43 0 0 72 16 0 0 27 0 24 0 86 79 0 0 9 0 7 0 85 0 55 16 97 4 87 22 0 76 
29 0 0 68 0 0 0 0 56 0 97 81 29 37 89 41 0 14 56 0 80 100 97 0 12 51 56 38 0 87 24 46 26 51 0 0 0 56 69 28 28 28 0 8 67 29 25 45 58 10 0 0 0 54 49 0 40 0 41 0 14 0 87 21 14 28 0 13 19 8 92 62 0 94 83 0 0 1 0 46 39 64 0 77 69 5 99 25 58 92 0 45 36 85 86 12 57 0 29 31 
44 51 25 35 24 79 81 17 0 66 31 0 9 0 16 75 90 51 0 80 0 0 11 52 0 30 93 91 84 4 0 46 0 62 4 0 37 41 0 12 37 0 77 0 0 29 96 0 86 82 0 0 0 14 0 25 85 4 43 0 3 26 0 57 95 0 8 97 0 31 0 16 22 12 1 0 0 68 96 67 16 69 60 100 0 1 36 13 0 0 0 0 35 0 78 15 0 0 43 51 
0 23 46 11 0 0 75 30 0 0 74 95 76 17 21 0 46 76 70 100 0 0 71 0 63 16 1 70 0 0 0 79 82 46 87 12 0 74 6 0 2 0 0 41 0 82 37 68 91 74 92 0 82 5 42 0 71 85 0 47 23 54 0 0 0 0 0 68 79 0 46 68 86 35 0 54 46 0 77 0 0 0 84 96 4 61 19 0 0 65 70 41 0 49 96 0 6 91 0 86 
11 95 0 83 43 86 79 0 41 1 66 72 59 80 43 99 0 86 59 97 11 71 0 52 0 69 71 0 0 0 78 55 0 50 0 0 65 9 63 0 44 0 49 0 0 12 76 29 0 67 96 43 60 0 0 63 77 0 24 0 0 76 90 57 0 100 25 46 16 0 77 0 87 0 0 51 92 0 0 0 21 0 84 10 64 0 21 0 48 0 0 0 96 8 0 0 0 0 9 95 
0 69 99 0 36 9 0 49 43 0 40 6 46 0 0 79 64 0 97 0 52 0 52 0 0 0 44 0 68 16 75 0 53 97 6 0 0 0 34 21 0 0 14 17 0 0 58 21 59 91 53 15 72 38 26 81 11 32 55 10 24 0 66 76 0 20 68 0 0 78 44 63 70 40 0 31 90 64 71 99 0 0 0 6 0 21 7 93 14 75 71 0 40 72 43 4 2 0 0 41 
14 33 61 59 100 12 35 0 0 43 32 95 0 80 52 91 0 0 59 12 0 63 0 0 0 80 51 26 23 83 16 41 0 9 0 22 0 0 90 0 39 0 62 53 13 0 0 100 0 38 0 0 0 36 0 0 0 2 0 16 23 92 83 0 13 1 97 0 100 0 30 49 22 31 81 99 52 0 59 0 0 56 35 8 96 0 59 94 9 0 18 67 14 29 43 0 5 64 0 0 
57 0 21 0 41 33 98 0 0 7 44 95 16 9 3 78 100 0 46 51 30 16 69 0 80 0 0 87 82 34 92 21 62 80 69 61 57 31 0 0 16 0 1 0 42 3 0 53 0 21 0 0 0 52 48 0 60 0 87 17 83 60 27 0 91 35 91 0 37 95 4 71 35 0 81 89 0 75 62 97 2 0 0 59 45 0 0 23 38 0 0 81 0 14 44 93 0 0 75 0 
0 0 1 0 3 0 0 59 7 0 0 12 97 15 0 0 0 99 0 56 93 1 71 44 51 0 0 11 10 66 0 0 0 28 0 0 64 0 59 46 95 96 0 0 27 8 93 9 7 97 0 0 0 6 0 0 0 45 13 51 45 0 0 29 0 0 86 0 87 18 62 21 52 18 0 69 23 0 0 24 99 70 42 32 0 78 30 44 0 0 81 30 7 0 41 0 89 45 0 0 
46 71 0 41 92 73 31 6 0 96 0 97 43 0 43 0 73 67 0 38 91 70 0 0 26 87 11 0 91 58 22 0 79 1 59 56 98 87 0 17 89 0 0 0 0 29 0 49 4 27 58 0 60 0 23 0 59 97 0 0 39 49 100 93 11 0 43 0 84 94 0 0 0 43 59 26 0 0 53 31 0 43 0 0 80 66 0 92 34 51 8 58 0 0 49 0 84 0 0 0 
64 0 55 39 0 57 99 75 51 0 0 100 89 48 80 38 0 78 83 0 84 0 0 68 23 82 10 91 0 92 80 0 99 0 96 41 24 3 23 21 88 94 0 33 7 65 99 0 0 49 0 31 99 6 90 45 7 55 48 46 29 0 3 0 88 95 70 0 44 0 47 80 94 83 48 0 91 6 51 0 6 0 80 62 52 0 0 75 0 0 0 0 61 0 44 37 88 0 45 78 
0 92 65 75 45 0 28 0 0 0 100 22 0 90 7 0 0 0 16 87 4 0 0 16 83 34 66 58 92 0 48 64 91 20 15 71 0 35 87 88 27 0 36 0 85 0 30 0 0 2 0 0 0 12 0 0 65 72 0 0 56 0 0 0 51 0 7 65 0 76 0 0 18 18 0 35 0 54 68 0 0 4 26 95 99 0 69 0 21 95 28 0 0 83 67 84 0 56 0 52 
0 0 0 42 89 75 18 25 0 79 0 73 0 0 0 0 100 100 76 24 0 0 78 75 16 92 0 22 80 48 0 49 8 0 73 0 0 0 0 0 67 55 0 0 0 23 0 71 83 31 0 29 33 0 24 0 59 20 2 17 77 25 39 0 0 0 60 46 0 76 0 69 0 90 0 38 0 0 90 0 1 0 0 0 12 75 0 10 18 6 77 0 12 87 88 0 0 0 6 0 
13 67 0 56 0 0 27 0 17 75 69 58 0 75 0 0 35 60 20 46 46 79 55 0 41 21 0 0 0 64 49 0 57 0 64 79 64 0 59 44 0 0 0 96 41 0 11 0 0 0 12 0 75 70 0 0 0 15 0 0 0 0 22 61 0 0 19 79 44 0 0 61 0 71 36 23 53 0 96 0 86 0 41 33 0 98 0 37 12 0 0 51 0 65 35 44 87 31 90 38 
20 0 32 46 0 98 0 0 44 0 42 0 7 67 0 0 27 84 49 26 0 82 0 53 0 62 0 79 99 91 8 57 0 0 54 25 98 72 37 0 0 55 0 0 0 0 0 94 63 0 6 67 0 0 73 79 61 0 83 0 1 99 0 0 62 0 6 82 0 36 29 35 0 100 20 0 91 5 0 32 94 43 55 51 41 0 0 95 1 70 50 81 0 0 23 0 0 87 0 26 
0 0 25 19 25 40 17 89 20 30 0 93 9 79 0 30 50 83 29 51 62 46 50 97 9 80 28 1 0 20 0 0 0 0 52 80 20 0 31 80 63 0 0 0 78 96 79 0 0 34 49 55 0 2 0 41 48 0 0 12 66 0 49 0 25 72 0 0 15 3 48 10 23 9 90 83 0 29 60 88 51 0 48 2 46 99 41 56 0 33 0 14 24 0 11 0 35 7 0 43 
85 21 0 0 0 28 0 0 71 43 12 0 0 0 8 0 0 13 89 0 4 87 0 6 0 69 0 59 96 15 73 64 54 52 0 40 98 75 14 21 64 20 0 0 98 32 0 75 86 0 61 0 80 8 0 0 45 35 0 23 0 34 13 0 25 51 0 0 88 52 92 19 6 49 0 14 64 7 20 24 27 100 81 54 0 15 23 53 4 56 0 4 0 23 50 34 100 0 31 17 
34 46 0 55 29 0 61 0 26 7 4 88 0 0 38 11 0 44 34 0 0 12 0 0 22 61 0 56 41 71 0 79 25 80 40 0 78 95 94 0 46 99 71 0 3 13 0 93 49 0 0 14 55 54 97 0 38 90 0 0 86 0 68 0 91 17 4 0 100 66 0 0 0 58 30 0 80 0 0 24 81 17 83 0 0 54 0 0 3 81 27 75 81 0 23 4 68 58 50 0 
68 0 0 0 2 0 69 31 93 9 0 63 93 0 0 39 0 0 0 0 37 0 65 0 0 57 64 98 24 0 0 64 98 20 98 78 0 0 0 0 73 30 25 9 61 67 0 0 46 1 68 1 38 74 0 0 18 0 0 65 81 70 0 42 0 0 4 98 14 16 0 14 0 0 88 37 15 27 70 84 64 48 48 0 98 0 1 41 0 0 83 0 49 59 0 24 79 57 0 38 
0 0 93 37 52 0 26 90 0 60 22 64 79 37 0 0 43 39 0 56 41 74 9 0 0 31 0 87 3 35 0 0 72 0 75 95 0 0 44 0 43 34 45 69 0 1 84 39 0 71 87 0 80 0 19 47 0 96 97 7 0 5 82 23 0 0 92 89 2 12 0 64 82 46 62 43 66 8 90 34 68 0 18 92 0 10 0 0 0 0 91 45 29 3 43 9 57 17 33 0 
0 13 11 31 41 19 73 5 84 0 18 0 65 70 92 8 27 65 0 69 0 6 63 34 90 0 59 0 23 87 0 59 37 31 14 94 0 44 0 35 3 96 6 94 0 0 0 37 94 0 0 95 0 25 0 31 55 86 7 100 14 67 88 3 2 87 77 60 24 0 0 67 0 11 44 0 75 34 0 91 0 0 0 0 19 91 17 99 76 24 0 0 92 75 17 0 62 20 8 0 
21 73 67 3 27 8 0 82 79 36 97 0 0 0 0 88 4 47 0 28 12 0 0 21 0 0 46 17 21 88 0 44 0 80 21 0 0 0 35 0 0 0 0 0 49 78 82 73 65 64 0 2 70 6 1 68 88 31 34 73 46 0 0 0 34 15 60 72 0 64 43 72 31 30 35 0 87 2 66 0 0 0 76 38 53 7 0 0 94 29 88 71 0 6 0 67 0 86 40 21 
0 88 36 20 0 68 0 0 0 0 14 0 8 53 25 16 59 0 2 28 37 2 44 0 39 16 95 89 88 27 67 0 0 63 64 46 73 43 3 0 0 30 0 3 0 0 81 43 0 0 0 0 42 27 32 0 38 0 87 0 0 83 21 0 28 26 0 0 64 27 60 56 30 0 88 95 0 18 38 0 82 0 16 0 0 18 7 0 0 0 17 0 0 9 6 48 0 25 22 69 
18 53 53 40 19 0 64 37 0 0 22 0 53 0 37 94 1 37 0 28 0 0 0 0 0 0 96 0 94 0 55 0 55 0 20 99 30 34 96 0 30 0 23 85 0 99 20 25 32 57 72 17 61 7 0 84 97 71 71 75 45 98 35 29 30 6 21 0 0 0 78 0 59 0 0 46 0 84 30 50 0 78 30 0 15 0 0 92 74 69 89 0 0 81 0 61 70 0 0 86 
0 0 0 79 3 0 24 77 0 99 86 28 79 0 0 92 75 0 40 0 77 0 49 14 62 1 0 0 0 36 0 0 0 0 0 71 25 45 6 0 0 23 0 0 0 49 0 50 48 0 76 26 0 86 70 9 43 74 0 0 14 55 0 0 97 0 0 0 82 0 12 61 0 75 44 0 95 0 84 0 3 55 57 24 66 77 0 52 0 0 52 53 0 0 22 7 39 68 59 51 
52 0 0 0 49 85 23 35 9 0 0 0 0 23 0 52 12 77 0 8 0 41 0 17 53 0 0 0 33 0 0 96 0 0 0 0 9 69 94 0 3 85 0 0 93 0 10 55 37 35 0 84 0 0 24 70 89 14 0 28 76 0 21 24 0 0 3 0 66 56 0 46 33 33 0 97 0 0 0 33 51 68 34 88 26 0 0 0 9 32 0 63 0 42 0 96 68 4 59 0 
52 30 38 96 41 31 0 74 66 0 0 48 8 0 0 0 17 67 17 67 0 0 0 0 13 42 27 0 7 85 0 41 0 78 98 3 61 0 0 49 0 0 0 93 0 0 0 23 34 58 0 0 9 5 48 62 63 87 0 0 80 0 0 0 33 0 0 88 76 0 0 66 0 58 3 0 23 0 92 9 67 0 44 33 0 5 4 0 91 33 0 0 0 77 0 73 75 46 0 1 
0 0 21 38 57 0 0 66 6 81 36 61 0 45 79 0 0 0 81 29 29 82 12 0 0 3 8 29 65 0 23 0 0 96 32 13 67 1 0 78 0 99 49 0 0 0 28 81 2 95 0 32 67 45 0 30 87 83 0 9 16 19 0 0 0 64 56 87 47 0 0 0 0 19 17 97 0 57 0 0 32 8 0 86 96 5 0 0 0 55 0 0 0 0 87 6 2 50 0 0 
0 0 0 8 61 0 84 46 76 0 81 10 85 0 62 47 13 55 0 25 96 37 76 58 0 0 93 0 99 30 0 11 0 79 0 0 0 84 0 82 81 20 0 10 0 28 0 6 41 15 0 0 100 29 28 17 95 25 74 1 0 0 56 0 43 46 44 5 80 82 91 45 0 0 23 0 0 0 0 17 0 31 98 27 45 82 32 0 95 0 0 49 20 15 93 51 44 28 0 94 
56 21 0 33 36 0 82 0 83 24 0 41 0 91 77 0 0 63 96 45 0 68 29 21 100 53 9 49 0 0 71 0 94 0 75 93 0 39 37 73 43 25 50 55 23 81 6 0 25 0 0 22 21 31 0 19 0 13 62 76 47 75 58 0 0 23 27 0 0 0 0 0 16 53 15 51 0 55 60 89 100 0 94 8 52 46 0 97 89 0 72 82 0 83 0 0 48 42 44 76 
85 80 69 89 51 91 49 0 84 27 0 2 5 0 48 0 0 0 12 58 86 91 0 59 0 0 7 4 0 0 83 0 63 0 86 49 46 0 94 65 0 32 48 37 34 2 41 25 0 68 38 0 0 46 16 90 39 77 0 77 53 0 48 2 30 83 27 8 73 71 57 13 0 20 0 61 0 67 41 0 0 0 92 0 95 0 68 3 41 29 5 94 99 0 43 71 0 44 43 46 
68 47 100 0 93 0 3 20 17 48 58 75 97 55 60 0 75 0 74 10 82 74 67 91 38 21 97 27 49 2 31 0 0 34 0 0 1 71 0 64 0 57 0 35 58 95 15 0 68 0 0 43 24 19 35 0 68 0 81 38 35 0 0 9 0 96 95 69 0 30 51 0 76 95 0 0 74 30 0 98 62 0 68 25 44 0 0 0 64 0 63 0 0 0 0 6 46 0 0 30 
0 87 45 38 8 8 0 46 14 0 0 0 43 61 0 3 57 67 93 0 0 92 96 53 0 0 0 58 0 0 0 12 6 49 61 0 68 87 0 0 0 72 76 0 0 0 0 0 38 0 0 60 7 22 0 0 0 0 2 0 47 79 19 0 0 0 68 34 50 88 77 65 6 0 70 29 17 69 21 42 16 0 0 0 58 54 0 15 35 24 0 0 0 0 85 0 35 41 57 48 
44 0 0 69 46 0 0 40 0 0 65 0 50 0 81 77 88 0 65 0 0 0 43 15 0 0 0 0 31 0 29 0 67 55 0 14 1 0 95 2 0 17 26 84 0 32 0 22 0 43 60 0 60 42 0 94 0 31 0 13 0 3 92 0 61 70 13 0 100 12 98 46 33 0 0 0 99 16 93 5 9 27 36 0 0 35 55 0 0 83 0 52 98 43 92 3 100 0 0 33 
4 0 0 0 90 0 84 66 36 71 0 73 26 87 2 0 14 56 0 0 0 82 60 72 0 0 0 60 99 0 33 75 0 0 80 55 38 80 0 70 42 61 0 0 9 67 100 21 0 24 7 60 0 20 36 0 0 89 0 0 93 99 69 36 0 75 0 76 77 84 100 7 61 0 0 73 1 0 26 43 42 0 55 19 17 0 90 40 69 90 21 77 0 72 0 89 0 79 0 46 
0 55 0 0 80 19 33 86 53 92 76 72 88 0 5 0 0 54 39 54 14 5 0 38 36 52 6 0 6 12 0 70 0 2 8 54 74 0 25 6 27 7 86 0 5 45 29 31 46 19 22 42 20 0 0 0 0 74 59 56 0 14 5 0 41 11 28 27 0 0 0 100 0 94 11 15 74 0 0 0 0 0 56 0 58 30 51 0 25 0 42 90 0 91 0 59 86 0 39 5 
0 0 10 0 35 60 0 0 0 0 0 7 0 28 0 0 48 14 70 49 0 42 0 26 0 48 0 23 90 0 24 0 73 0 0 97 0 19 0 1 32 0 70 24 48 0 28 0 16 35 0 0 36 0 0 18 77 51 51 77 0 64 48 0 76 44 91 49 24 0 0 61 20 0 0 79 19 97 54 68 0 0 0 0 13 28 0 0 0 0 15 0 0 5 0 44 54 0 80 91 
41 82 94 29 0 92 99 34 89 0 26 82 0 67 23 56 89 30 0 0 25 0 63 81 0 0 0 0 45 0 0 0 79 41 0 0 0 47 31 68 0 84 9 70 62 30 17 19 90 0 0 94 0 0 18 0 0 0 0 36 0 46 0 32 0 90 0 0 93 30 62 0 43 0 35 0 66 41 0 0 40 33 0 0 0 39 67 0 43 0 13 0 45 36 79 47 18 0 0 0 
16 0 36 40 5 95 5 36 0 19 0 55 56 4 42 0 39 51 34 40 85 71 77 11 0 60 0 59 7 65 59 0 61 48 45 38 18 0 55 88 38 97 43 89 63 87 95 0 39 68 0 0 0 0 77 0 0 31 37 79 0 0 95 74 0 0 98 4 18 20 0 0 34 0 46 41 79 22 4 48 81 98 0 63 0 0 0 12 0 45 31 84 49 62 0 0 37 0 26 0 
0 89 9 97 0 64 59 35 49 81 0 0 17 6 6 0 0 0 93 0 4 85 0 32 2 0 45 97 55 72 20 15 0 0 35 90 0 96 86 31 0 71 74 14 87 83 25 13 77 0 0 31 89 74 51 0 31 0 0 0 42 22 8 22 50 7 12 0 65 0 5 0 17 0 46 64 48 16 30 69 1 0 0 0 0 45 16 100 22 99 25 0 0 59 72 68 58 87 13 83 
12 22 34 90 0 0 0 0 88 37 0 29 0 30 0 0 0 66 82 41 43 0 24 55 0 87 13 0 48 0 2 0 83 0 0 0 0 97 7 34 87 71 0 0 0 0 74 62 0 81 2 0 0 59 51 0 37 0 0 68 0 39 49 0 0 38 0 21 95 0 96 36 48 89 13 0 84 0 11 0 23 1 0 0 0 0 30 68 49 34 0 0 0 40 34 65 0 46 0 44 
0 0 43 27 40 94 0 97 0 74 22 47 1 0 57 20 83 0 0 0 0 47 0 10 16 17 51 0 46 0 17 0 0 12 23 0 65 7 100 73 0 75 0 28 0 9 1 76 77 38 0 13 0 56 77 36 79 0 68 0 0 98 15 40 70 39 10 66 100 0 0 0 0 3 96 61 54 0 60 99 50 55 34 0 21 38 0 61 20 22 84 72 38 73 88 0 0 50 0 25 
0 41 87 52 0 0 54 0 29 81 76 45 61 13 58 52 0 44 69 14 3 23 0 24 23 83 45 39 29 56 77 0 1 66 0 86 81 0 14 46 0 45 14 76 80 16 0 47 53 35 47 0 93 0 0 0 0 42 0 0 0 0 51 0 0 45 0 83 12 11 0 25 0 8 0 0 59 0 0 67 0 0 0 24 31 5 84 4 82 35 0 53 0 84 0 0 39 55 75 92 
0 0 0 0 73 68 0 71 0 0 2 33 98 0 24 20 38 42 0 0 26 54 76 0 92 60 0 49 0 0 25 0 99 0 34 0 70 5 67 0 83 98 55 0 0 19 0 75 0 0 79 3 99 14 64 46 0 22 39 98 0 0 76 0 0 26 0 0 44 0 5 0 67 0 0 56 0 17 65 13 20 15 34 22 0 50 85 77 74 34 65 48 23 32 20 87 83 87 0 0 
44 0 0 0 23 23 24 53 55 0 99 0 0 0 12 61 0 64 0 87 0 0 90 66 83 27 0 100 3 0 39 22 0 49 13 68 0 82 88 0 21 35 0 21 0 0 56 58 48 0 19 92 69 5 48 0 95 8 49 15 51 76 0 87 0 2 1 46 0 0 49 25 39 19 0 0 0 95 0 40 0 17 9 0 21 0 0 0 56 90 37 85 0 47 0 0 89 97 97 0 
0 41 63 86 62 45 48 65 73 98 94 24 26 28 0 0 47 62 7 21 57 0 57 76 0 0 29 93 0 0 0 61 0 0 0 0 42 23 3 0 0 29 0 24 0 0 0 0 2 9 0 0 36 0 0 32 74 22 0 40 0 0 87 0 63 0 0 64 60 0 0 94 100 0 0 0 17 90 0 64 31 0 0 100 92 71 58 9 0 26 59 31 25 65 10 58 5 0 34 47 
80 0 54 53 34 38 86 19 0 84 88 3 22 0 58 0 0 15 0 14 95 0 0 0 13 91 0 11 88 51 0 0 62 25 25 91 0 0 2 34 28 30 97 0 33 0 43 0 30 0 0 61 0 41 76 0 0 50 0 70 0 0 0 63 0 77 38 86 0 97 53 38 0 26 0 8 67 59 0 19 80 0 0 20 93 0 1 60 93 0 0 46 43 12 10 0 74 73 1 59 
0 0 87 0 0 80 71 81 94 29 11 68 92 0 92 0 0 4 0 28 0 0 100 20 1 35 0 0 95 0 0 0 0 72 51 17 0 0 87 15 26 6 0 0 0 64 46 23 83 96 0 70 75 11 44 90 0 7 38 39 45 26 2 0 77 0 16 25 9 46 0 47 69 49 0 40 0 79 0 53 19 1 80 0 78 0 25 0 0 34 0 0 0 82 2 28 30 0 81 0 
73 77 43 19 0 8 0 0 35 0 0 0 68 0 7 19 98 3 57 0 8 0 25 68 97 91 86 43 70 7 60 19 6 0 0 4 4 92 77 60 0 21 0 3 0 56 44 27 27 95 68 13 0 28 91 0 98 12 0 10 0 0 1 0 38 16 0 0 72 48 0 22 25 76 27 0 18 75 0 50 10 63 31 2 69 100 49 0 64 31 95 50 53 0 0 0 70 0 55 10 
22 80 64 87 0 24 14 100 0 0 55 19 34 0 0 0 29 68 91 13 97 68 46 0 0 0 0 0 0 65 46 79 82 0 0 0 98 89 60 72 0 0 0 0 88 87 5 0 8 69 34 0 76 27 49 0 4 0 21 66 83 0 46 64 86 25 0 0 0 9 71 70 0 61 0 0 50 0 0 51 0 0 92 0 88 98 0 0 0 90 96 77 90 58 0 0 0 0 35 0 
94 0 66 77 0 42 87 25 29 66 43 0 60 97 85 43 0 26 62 19 0 79 16 0 100 37 87 84 44 0 0 44 0 15 88 100 14 2 24 0 64 0 82 66 76 47 80 0 73 0 50 100 77 0 24 93 18 65 95 100 12 44 0 60 0 9 72 0 0 6 16 8 0 100 0 77 98 0 44 90 0 65 0 56 0 0 92 70 0 55 0 52 78 67 0 44 0 0 85 7 
0 56 0 0 48 0 0 61 23 52 25 40 74 99 13 40 0 52 0 8 31 0 0 78 0 95 18 94 0 76 76 0 36 3 52 66 16 12 0 64 27 0 0 56 0 0 82 0 71 30 88 12 84 0 0 30 20 0 0 0 11 0 0 0 97 46 48 9 6 0 95 64 0 24 0 0 0 0 89 0 77 0 0 25 72 0 0 93 37 9 17 0 76 69 99 0 57 3 22 0 
81 98 52 0 0 50 59 0 67 0 0 62 0 0 0 21 40 0 0 92 0 46 77 44 30 4 62 0 47 0 0 0 29 48 92 0 0 0 0 43 60 78 12 0 0 0 91 0 57 51 77 98 100 0 0 62 0 5 96 0 0 5 49 0 53 0 0 71 16 95 0 56 0 0 0 0 29 31 22 76 62 37 88 50 0 0 83 69 0 0 3 81 80 0 100 0 0 40 31 0 
12 0 37 73 61 0 42 37 0 0 0 6 0 0 100 63 69 0 43 62 16 68 0 63 49 71 21 0 80 0 69 61 35 10 19 0 14 64 67 72 56 0 61 46 66 0 45 0 13 0 65 46 7 100 61 0 0 0 36 0 25 0 25 94 38 47 22 70 8 64 56 0 78 50 31 68 59 0 0 0 94 0 89 11 37 90 36 62 51 51 0 10 56 94 0 0 20 0 86 45 
0 0 84 0 30 99 83 0 77 0 18 89 53 0 0 19 46 0 0 0 22 86 87 70 22 35 52 0 94 18 0 0 0 23 6 0 0 82 0 31 30 59 0 33 0 0 0 16 0 76 6 33 61 0 20 43 34 17 48 0 0 67 39 100 0 69 25 0 0 0 0 78 0 86 25 27 59 0 0 0 73 0 31 0 0 70 9 6 16 45 30 59 0 51 0 11 55 43 92 25 
98 33 64 8 0 46 0 0 93 40 55 85 80 65 5 0 74 0 0 94 12 35 0 40 31 0 18 43 83 18 90 71 100 9 49 58 0 46 11 30 0 0 75 33 58 19 0 53 20 95 0 0 0 94 0 0 0 0 89 3 8 0 19 0 26 49 76 61 100 24 0 50 86 0 0 0 0 18 41 43 75 69 68 76 0 8 11 23 64 38 30 8 0 4 51 0 0 29 1 93 
0 31 14 0 1 0 0 37 31 0 35 63 0 0 63 0 0 80 72 83 1 0 0 0 81 81 0 59 48 0 0 36 20 90 0 30 88 62 44 35 88 0 44 0 3 17 23 15 0 0 70 0 0 11 0 35 46 46 13 96 0 0 0 0 0 0 27 0 0 0 0 31 25 0 0 53 8 76 0 59 17 0 0 7 0 46 50 29 16 0 0 9 33 0 71 0 28 63 0 57 
9 10 64 8 3 32 74 0 0 0 0 76 88 0 92 0 0 0 16 0 0 54 51 31 99 89 69 26 0 35 38 23 0 83 14 0 37 43 0 0 95 46 0 97 0 97 0 51 61 0 29 0 73 15 79 0 41 64 0 61 0 56 0 0 8 40 0 0 77 0 0 68 27 0 53 0 0 0 0 95 71 46 38 86 92 64 50 0 36 0 17 0 10 20 0 12 35 56 0 0 
10 46 0 38 36 85 2 71 3 0 52 15 91 49 0 13 55 0 0 0 0 46 92 90 52 0 23 0 91 0 0 53 91 0 64 80 15 66 75 87 0 0 95 0 23 0 0 0 0 74 17 99 1 74 19 66 79 48 84 54 59 0 0 17 67 0 18 50 98 0 29 59 59 0 8 0 0 31 0 30 2 80 0 79 50 0 29 97 22 60 9 33 78 0 0 93 15 93 0 0 
13 0 0 0 37 2 93 0 59 62 0 16 42 79 35 0 56 0 0 1 68 0 0 64 0 75 0 0 6 54 0 0 5 29 7 0 27 8 34 2 18 84 0 0 0 57 0 55 67 30 69 16 0 0 97 41 22 16 0 0 0 17 95 90 59 79 75 0 0 0 31 0 0 18 76 0 31 0 73 95 81 0 27 86 73 0 0 0 3 0 0 0 7 93 0 64 0 39 28 66 
84 0 44 13 3 97 98 97 0 4 38 39 0 0 0 0 0 86 27 0 96 77 0 71 59 62 0 53 51 68 90 96 0 60 20 0 70 90 0 66 38 30 84 0 92 0 0 60 41 0 21 93 26 0 54 0 4 30 11 60 0 65 0 0 0 0 0 0 44 89 22 0 0 41 0 0 0 73 0 36 0 0 54 12 0 0 59 10 23 0 52 0 56 15 78 0 4 66 0 7 
0 25 0 49 0 87 82 63 35 0 0 62 0 43 0 0 0 0 0 46 67 0 0 99 0 97 24 31 0 0 0 0 32 88 24 24 84 34 91 0 0 50 0 33 9 0 17 89 0 98 42 5 43 0 68 0 48 69 0 99 67 13 40 64 19 53 50 51 90 0 76 0 0 43 59 95 30 95 36 0 86 37 0 98 0 20 45 0 0 0 69 0 0 21 0 37 5 76 91 74 
78 1 28 48 21 0 79 61 58 19 0 0 33 0 0 0 99 0 24 39 16 0 21 0 0 2 99 0 6 0 1 86 94 51 27 81 64 68 0 0 82 0 3 51 67 32 0 100 0 62 16 9 42 0 0 40 81 1 23 50 0 20 0 31 80 19 10 0 0 77 62 94 73 75 17 71 2 81 0 86 0 0 47 0 0 44 54 73 72 60 97 83 72 31 0 13 58 38 64 0 
0 67 68 0 79 99 45 91 0 0 54 83 85 8 0 0 28 94 0 64 69 0 0 0 56 0 70 43 0 4 0 0 43 0 100 17 48 0 0 0 0 78 55 68 0 8 31 0 0 0 0 27 0 0 0 33 98 0 1 55 0 15 17 0 0 1 63 0 65 0 37 0 0 69 0 46 80 0 0 37 0 0 0 15 1 96 80 0 34 0 95 16 0 0 74 32 0 44 0 93 
0 80 6 22 0 96 48 75 26 55 0 51 13 39 47 25 93 57 86 0 60 84 84 0 35 0 42 0 80 26 0 41 55 48 81 83 48 18 0 76 16 30 57 34 44 0 98 94 92 68 0 36 55 56 0 0 0 0 0 34 0 34 9 0 0 80 31 92 0 0 88 89 31 68 0 38 0 27 54 0 47 0 0 66 0 65 30 5 63 44 14 0 90 18 71 22 0 5 66 0 
28 45 57 0 1 48 64 88 66 0 86 0 0 54 41 12 85 13 79 77 100 96 10 6 8 59 32 0 62 95 0 33 51 2 54 0 0 92 0 38 0 0 24 88 33 86 27 8 0 25 0 0 19 0 0 0 63 0 0 0 24 22 0 100 20 0 2 0 56 25 50 11 0 76 7 86 79 86 12 98 0 15 66 0 0 0 0 84 93 1 6 74 0 76 36 21 28 62 0 63 
12 23 92 12 69 56 0 0 0 17 10 30 68 0 0 36 74 0 0 69 0 4 64 0 96 45 0 80 52 99 12 0 41 46 0 0 98 0 19 53 0 15 66 26 0 96 45 52 95 44 58 0 17 58 13 0 0 0 0 21 31 0 21 92 93 78 69 88 0 72 0 37 0 0 0 92 50 73 0 0 0 1 0 0 0 0 39 0 14 0 43 51 0 19 35 55 18 91 0 76 
33 4 46 71 0 94 53 0 64 100 48 84 83 0 60 97 64 41 0 5 1 61 0 21 0 0 78 66 0 0 75 98 0 99 15 54 0 10 91 7 18 0 77 0 5 5 82 46 0 0 54 35 0 30 28 39 0 45 0 38 5 50 0 71 0 0 100 98 0 0 0 90 70 8 46 64 0 0 0 20 44 96 65 0 0 0 6 0 50 99 44 60 45 37 0 0 0 0 0 9 
60 29 38 0 3 0 80 88 0 0 0 82 0 60 0 0 40 85 9 99 36 19 21 7 59 0 30 0 0 69 0 0 0 41 23 0 1 0 17 0 7 0 0 0 4 0 32 0 68 0 0 55 90 51 0 67 0 16 30 0 84 85 0 58 1 25 49 0 92 0 83 36 9 11 50 50 29 0 59 45 54 80 30 0 39 6 0 0 0 72 9 0 97 33 83 0 0 31 77 96 
0 0 0 0 0 92 82 0 78 23 76 0 0 0 0 94 0 62 0 25 13 0 0 93 94 23 44 92 75 0 10 37 95 56 53 0 41 0 99 0 0 92 52 0 0 0 0 97 3 0 15 0 40 0 0 0 12 100 68 61 4 77 0 9 60 0 0 0 70 93 69 62 6 23 29 0 97 0 10 0 73 0 5 84 0 0 0 0 91 0 3 25 95 0 0 65 0 0 43 0 
40 0 68 0 2 35 57 78 23 0 65 0 0 15 98 0 70 6 7 58 0 0 48 14 9 38 0 34 0 21 18 12 1 0 4 3 0 0 76 94 0 74 0 9 91 0 95 89 41 64 35 0 69 25 0 43 0 22 49 20 82 74 56 0 93 0 64 0 0 37 0 51 16 64 16 36 22 3 23 0 72 34 63 93 14 50 0 91 0 0 69 0 15 47 98 0 75 63 91 7 
0 0 59 0 0 1 46 0 0 33 22 0 59 7 0 0 13 3 0 92 0 65 0 75 0 0 0 51 0 95 6 0 70 33 56 81 0 0 24 29 0 69 0 32 33 55 0 0 29 0 24 83 90 0 0 0 45 99 34 22 35 34 90 26 0 34 31 90 55 9 0 51 45 38 0 0 60 0 0 0 60 0 44 1 0 99 72 0 0 0 74 0 51 90 0 0 0 0 0 0 
56 70 0 0 91 77 66 56 61 34 0 41 82 59 50 66 0 42 85 0 0 70 0 71 18 0 81 8 0 28 77 0 50 0 0 27 83 91 0 88 17 89 52 0 0 0 0 72 5 63 0 0 21 42 15 13 31 25 0 84 0 65 37 59 0 0 95 96 0 17 3 0 30 30 0 17 9 0 52 69 97 95 14 6 43 44 9 3 69 74 0 0 30 0 0 22 9 0 88 57 
0 77 52 0 0 43 77 100 40 0 25 73 35 0 27 80 0 0 0 45 0 41 0 0 67 81 30 58 0 0 0 51 81 14 4 75 0 45 0 71 0 0 53 63 0 0 49 82 94 0 0 52 77 90 0 0 84 0 0 72 53 48 85 31 46 0 50 77 52 0 81 10 59 8 9 0 33 0 0 0 83 16 0 74 51 60 0 25 0 0 0 0 0 0 13 41 42 92 89 0 
0 0 52 17 0 93 0 52 0 0 13 75 44 0 0 0 0 0 55 36 35 0 96 40 14 0 7 0 61 0 12 0 0 24 0 81 49 29 92 0 0 0 0 0 0 0 20 0 99 0 0 98 0 0 0 45 49 0 0 38 0 23 0 25 43 0 53 90 78 76 80 56 0 0 33 10 78 7 56 0 72 0 90 0 0 45 97 95 15 51 30 0 0 0 0 58 13 98 3 83 
57 0 53 89 0 0 38 0 93 12 62 64 36 0 0 14 0 0 16 85 0 49 8 72 29 14 0 0 0 83 87 65 0 0 23 0 59 3 75 6 9 81 0 42 77 0 15 83 0 0 0 43 72 91 5 36 62 59 40 73 84 32 47 65 12 82 0 58 67 69 0 94 51 4 0 20 0 93 15 21 31 0 18 76 19 37 33 0 47 90 0 0 0 0 0 0 0 74 30 4 
31 46 0 0 27 28 0 19 0 53 34 33 4 99 99 55 0 0 97 86 78 96 0 43 43 44 41 49 44 67 88 35 23 11 50 23 0 43 17 0 6 0 22 0 0 87 93 0 43 0 85 92 0 0 0 79 0 72 34 88 0 20 0 10 10 2 0 0 0 99 100 0 0 51 71 0 0 0 78 0 0 74 71 36 35 0 83 0 98 0 0 13 0 0 0 42 2 95 0 22 
28 29 0 36 71 76 20 100 85 0 0 72 44 0 81 0 61 0 4 12 15 0 0 4 0 93 0 0 37 84 0 44 0 0 34 4 24 9 0 67 48 61 7 96 73 6 51 0 71 6 0 3 89 59 44 47 0 68 65 0 0 87 0 58 0 28 0 0 44 0 0 0 11 0 0 12 93 64 0 37 13 32 22 21 55 0 0 65 0 0 22 41 58 0 42 0 0 0 70 62 
0 0 23 80 5 87 0 0 49 12 0 91 0 78 29 36 9 45 87 57 0 6 0 2 5 0 89 84 88 0 0 87 0 35 100 68 79 57 62 0 0 70 39 68 75 2 44 48 0 46 35 100 0 86 54 18 37 58 0 0 39 83 89 5 74 30 70 0 0 57 0 20 55 0 28 35 15 0 4 5 58 0 0 28 18 0 0 0 75 0 9 42 13 0 2 0 0 22 12 96 
90 0 0 15 54 94 0 0 0 47 0 0 71 0 1 0 21 36 22 0 0 91 0 0 64 0 45 0 0 56 0 31 87 7 0 58 57 17 20 86 25 0 68 4 46 50 28 42 44 0 41 0 79 0 0 0 0 87 46 50 55 87 97 0 73 0 0 0 0 3 40 0 43 29 63 56 93 39 66 76 38 44 5 62 91 0 31 0 63 0 0 92 98 74 95 0 22 0 57 0 
0 0 36 0 0 6 34 0 6 0 44 85 0 0 0 0 79 93 0 29 43 0 9 0 0 75 0 0 45 0 6 90 0 0 31 50 0 33 8 40 22 0 59 59 0 0 0 44 43 0 57 0 0 39 80 0 26 13 0 0 75 0 97 34 1 81 55 35 85 22 31 86 92 1 0 0 0 28 0 91 64 0 66 0 0 0 77 43 91 0 88 89 3 30 0 70 12 57 0 59 
50 11 64 0 48 53 79 67 10 94 27 0 5 78 30 47 92 0 76 31 51 86 95 41 0 0 0 0 78 52 0 38 26 43 17 0 38 0 0 21 69 86 51 0 1 0 94 76 46 30 48 33 46 5 91 0 0 83 44 25 92 0 0 47 59 0 10 0 7 0 0 45 25 93 57 0 0 66 7 74 0 93 0 63 76 9 96 0 7 0 57 0 83 4 22 62 96 0 59 0 
