0 0 35 42 0 0 0 0 0 69 0 0 72 0 0 0 0 0 0 49 0 0 0 62 0 0 0 0 0 0 0 0 0 0 40 47 0 0 0 0 0 0 0 0 0 27 0 0 0 0 91 81 0 0 0 72 54 0 0 49 97 18 9 60 0 0 0 9 0 0 0 0 0 66 59 0 0 62 0 50 51 0 11 0 0 0 0 0 0 0 0 3 0 0 0 0 55 0 0 0 
0 0 83 0 0 0 0 23 0 0 13 0 0 33 0 75 0 0 30 0 0 0 69 0 0 0 0 0 0 0 0 0 0 41 0 40 0 0 0 0 75 0 0 0 0 49 0 0 0 32 0 0 0 0 0 22 30 0 0 0 0 0 0 0 0 0 0 0 0 0 0 0 0 0 0 0 0 0 0 6 9 0 38 62 53 28 0 0 44 0 0 0 0 0 0 49 0 0 93 0 
35 83 0 0 0 0 0 78 0 0 0 0 0 0 0 71 43 0 46 0 0 0 7 89 0 0 0 0 90 87 0 0 50 0 0 0 0 0 60 0 0 5 0 0 0 0 0 17 22 0 3 0 0 0 0 0 0 0 0 0 0 0 0 6 0 0 0 0 0 36 0 0 0 0 0 0 0 0 0 0 0 0 0 91 0 69 0 0 0 63 67 0 0 0 0 25 0 8 0 0 
42 0 0 0 0 10 74 0 0 0 0 0 0 60 57 0 30 0 0 0 0 0 42 0 0 46 0 0 0 0 0 0 39 0 0 60 0 0 29 0 0 58 0 0 60 0 36 37 8 0 68 0 13 0 0 72 47 16 0 53 80 0 0 0 0 38 52 0 0 0 0 0 0 0 41 0 0 84 0 0 0 0 0 0 0 0 0 64 0 56 0 0 0 0 0 88 0 0 0 0 
0 0 0 0 0 54 81 0 0 0 0 94 0 3 37 0 0 84 0 0 82 0 19 0 75 0 0 0 0 0 19 0 0 48 0 5 0 0 63 0 0 0 0 0 0 0 0 0 0 0 0 67 0 0 0 40 0 88 0 0 0 0 0 0 0 0 0 0 60 0 77 36 0 67 0 0 62 0 0 0 6 0 0 0 0 0 0 0 90 0 18 0 0 0 0 0 0 0 0 11 
0 0 0 10 54 0 98 31 0 0 0 23 0 0 11 100 0 0 0 0 0 0 0 0 0 0 0 10 0 0 0 0 0 0 0 21 0 0 83 47 0 0 0 61 0 98 0 0 24 0 0 19 0 86 0 0 0 18 0 0 10 0 0 80 0 0 0 25 0 46 0 0 0 0 0 0 98 0 0 0 0 0 0 0 22 0 0 44 0 0 0 0 0 0 0 18 16 0 26 75 
0 0 0 74 81 98 0 0 0 0 0 0 0 0 77 0 7 0 0 0 0 0 0 0 43 0 0 0 0 0 71 0 36 0 0 0 94 46 0 73 0 0 0 0 0 89 0 0 0 0 15 0 79 40 0 0 0 0 7 0 61 0 0 0 0 0 0 1 0 0 0 0 0 92 21 0 23 0 0 32 0 0 0 98 0 6 0 0 0 0 0 0 24 34 78 31 0 75 62 0 
0 23 78 0 0 31 0 0 34 0 0 0 0 77 0 0 0 0 0 0 53 0 31 0 0 15 0 0 0 0 0 0 0 7 0 0 0 0 0 0 0 61 0 0 0 0 0 0 0 0 0 72 0 0 0 0 0 0 69 43 30 0 0 11 27 0 68 95 51 0 71 0 0 0 0 0 0 48 0 0 46 0 0 0 0 83 0 88 64 0 0 0 0 0 0 0 0 0 0 82 
0 0 0 0 0 0 0 34 0 0 0 58 0 0 0 87 0 0 0 0 0 0 0 0 0 74 0 0 0 0 11 0 0 0 0 0 0 0 0 0 76 0 29 45 0 0 0 59 0 0 23 0 0 0 0 33 0 0 0 62 0 64 0 0 0 0 0 0 0 0 0 0 0 0 0 0 0 0 0 36 0 0 0 0 70 100 27 0 0 0 91 0 33 35 0 0 8 0 0 0 
69 0 0 0 0 0 0 0 0 0 0 8 0 0 63 0 67 0 0 0 0 0 0 0 0 0 20 0 0 35 0 0 7 0 0 0 0 0 0 0 68 0 0 0 0 73 0 0 0 0 0 72 78 50 0 0 43 0 9 0 0 42 0 0 0 0 27 42 24 0 26 83 0 0 0 0 0 55 0 0 0 56 0 0 0 0 0 0 0 87 0 40 0 18 45 0 0 0 8 0 
0 13 0 0 0 0 0 0 0 0 0 0 41 47 41 0 0 0 0 0 0 0 0 0 0 0 0 0 0 0 0 0 0 0 33 97 0 0 0 0 0 68 94 0 0 0 0 0 0 0 0 0 0 0 26 0 0 45 0 72 0 0 0 0 0 0 50 6 0 68 0 72 2 30 95 42 0 0 0 0 77 0 82 97 47 12 0 97 0 0 0 0 0 22 62 0 72 35 0 0 
0 0 0 0 94 23 0 0 58 8 0 0 0 50 0 64 84 0 54 0 0 0 0 68 0 50 0 0 58 0 0 0 0 85 34 0 0 0 0 100 0 0 0 0 0 61 0 0 0 91 0 0 0 0 0 0 0 0 0 0 0 40 76 0 0 0 96 0 0 0 61 0 46 0 0 0 0 0 0 0 0 0 0 0 0 0 0 33 53 0 6 0 41 0 0 0 0 0 0 0 
72 0 0 0 0 0 0 0 0 0 41 0 0 0 0 0 0 0 32 67 0 0 0 0 0 0 74 0 0 0 70 0 0 14 0 36 97 46 0 0 0 43 86 0 16 0 0 55 93 0 0 57 0 0 0 0 0 0 0 100 24 0 0 0 0 0 8 0 0 0 36 75 0 60 53 0 0 30 0 0 0 0 0 0 0 15 0 0 0 0 0 0 0 0 36 0 24 0 0 0 
0 33 0 60 3 0 0 77 0 0 47 50 0 0 0 19 0 58 0 0 0 0 0 75 0 83 49 0 0 0 0 0 0 0 0 0 0 0 0 0 0 0 84 58 0 81 0 0 0 0 0 0 0 0 66 0 0 0 36 0 0 0 0 0 0 0 0 0 0 0 0 0 68 0 0 0 0 89 84 0 0 0 0 0 79 0 68 87 0 89 69 0 0 95 0 0 89 0 0 0 
0 0 0 57 37 11 77 0 0 63 41 0 0 0 0 0 0 0 47 0 27 64 0 0 0 0 0 0 0 0 1 0 0 0 0 73 9 0 18 0 0 0 0 0 0 0 0 0 0 59 0 0 0 0 0 0 25 2 0 0 0 0 0 0 84 0 33 67 46 0 0 52 91 0 0 89 0 0 32 0 0 13 0 0 0 0 0 0 0 61 0 0 0 45 0 0 0 0 0 60 
0 75 71 0 0 100 0 0 87 0 0 64 0 19 0 0 0 0 0 0 8 0 0 69 0 0 0 0 54 0 28 34 0 0 0 0 0 0 77 73 0 38 0 0 15 0 0 0 0 63 0 0 0 0 0 66 0 55 0 32 0 24 0 93 0 0 0 0 0 0 0 91 40 7 0 0 0 0 0 0 42 0 0 58 0 77 88 0 0 0 12 0 0 92 0 0 0 0 0 0 
0 0 43 30 0 0 7 0 0 67 0 84 0 0 0 0 0 0 0 0 0 0 0 0 94 0 31 75 0 0 0 9 0 0 78 0 0 0 0 0 0 0 26 0 0 0 0 43 4 2 0 30 0 0 0 0 0 0 96 11 54 0 0 0 0 0 0 0 0 0 0 73 0 0 0 0 0 0 0 0 0 0 0 74 0 0 28 0 59 0 0 0 0 0 0 80 0 23 0 0 
0 0 0 0 84 0 0 0 0 0 0 0 0 58 0 0 0 0 0 0 0 0 0 0 74 0 0 0 0 83 0 0 0 0 0 0 0 19 90 90 37 32 0 0 24 18 0 0 0 0 0 0 0 23 0 0 68 0 0 1 0 0 0 0 0 0 94 0 0 100 0 0 0 0 0 46 0 0 65 0 13 0 0 0 0 0 0 0 0 44 0 0 0 0 0 0 0 0 0 0 
0 30 46 0 0 0 0 0 0 0 0 54 32 0 47 0 0 0 0 57 0 0 0 4 0 0 59 0 0 53 0 0 73 0 0 0 82 0 0 0 0 0 0 0 0 0 63 0 0 57 0 0 19 0 0 0 0 42 76 0 0 0 99 15 0 0 26 0 0 33 0 0 0 26 0 0 0 0 0 0 0 0 0 17 5 27 0 54 44 77 0 0 0 36 0 0 41 0 4 0 
49 0 0 0 0 0 0 0 0 0 0 0 67 0 0 0 0 0 57 0 52 0 56 0 55 19 0 0 0 0 0 0 0 0 18 48 24 38 0 0 0 11 35 30 0 0 0 0 0 0 0 0 87 0 61 0 0 0 64 56 8 11 0 0 0 78 0 43 0 0 0 18 0 0 0 47 0 26 0 0 0 0 24 69 24 0 0 0 0 0 0 0 0 0 0 0 94 0 6 0 
0 0 0 0 82 0 0 53 0 0 0 0 0 0 27 8 0 0 0 52 0 0 0 100 0 51 0 0 0 0 0 0 0 0 0 0 88 0 0 0 0 0 0 0 0 18 0 0 20 27 0 0 0 0 0 0 0 0 0 0 0 0 0 0 10 0 92 0 0 0 63 38 0 0 0 0 0 0 0 57 0 27 33 0 0 0 0 0 0 0 74 0 0 0 0 0 14 0 0 0 
0 0 0 0 0 0 0 0 0 0 0 0 0 0 64 0 0 0 0 0 0 0 0 0 0 0 0 76 0 23 0 0 0 0 0 0 0 45 0 42 0 66 0 90 0 97 0 0 0 0 0 0 0 0 0 0 0 0 0 0 95 0 90 0 25 59 0 0 0 0 32 0 0 0 21 81 0 0 0 0 0 83 0 0 0 0 0 98 0 0 43 0 21 0 0 0 0 0 17 0 
0 69 7 42 19 0 0 31 0 0 0 0 0 0 0 0 0 0 0 56 0 0 0 0 65 79 0 7 0 5 0 0 0 0 0 13 88 0 0 0 0 0 0 0 0 0 39 0 11 0 0 0 26 33 0 0 0 77 0 0 0 0 39 0 0 0 0 0 0 0 0 57 0 0 62 6 0 0 0 0 18 0 0 89 0 0 0 0 0 0 81 0 0 0 68 0 0 0 0 0 
62 0 89 0 0 0 0 0 0 0 0 68 0 75 0 69 0 0 4 0 100 0 0 0 39 0 0 42 38 91 0 0 0 85 0 0 0 55 0 0 0 10 0 0 0 0 0 11 0 0 0 24 0 0 28 0 66 0 0 0 0 65 0 0 0 0 34 0 42 0 68 0 0 0 0 0 0 0 0 68 0 52 0 0 0 0 0 0 27 0 0 0 11 0 0 0 0 60 0 0 
0 0 0 0 75 0 43 0 0 0 0 0 0 0 0 0 94 74 0 55 0 0 65 39 0 0 0 92 0 88 79 0 0 0 0 0 0 0 0 0 4 0 0 23 0 67 93 0 57 47 0 0 0 0 0 0 0 51 5 0 0 0 0 0 0 0 0 0 0 0 0 0 15 36 13 38 0 62 0 0 0 0 0 1 92 0 0 90 0 0 0 0 0 0 0 0 0 88 0 65 
0 0 0 46 0 0 0 15 74 0 0 50 0 83 0 0 0 0 0 19 51 0 79 0 0 0 0 70 0 0 5 0 0 0 0 0 0 2 0 0 0 0 0 0 0 57 0 6 0 0 97 91 51 0 0 0 0 0 0 0 0 0 74 0 0 0 62 0 0 0 0 0 3 0 0 0 0 0 0 0 0 0 0 0 28 0 0 0 6 0 0 0 0 0 0 0 0 0 0 0 
0 0 0 0 0 0 0 0 0 20 0 0 74 49 0 0 31 0 59 0 0 0 0 0 0 0 0 58 0 0 0 0 0 0 0 0 0 25 0 0 0 0 0 0 0 0 0 0 0 64 0 0 0 17 0 0 0 0 0 0 0 0 0 89 0 0 86 0 74 0 0 0 10 84 16 0 8 5 76 52 76 0 13 0 0 0 0 0 0 0 0 0 36 6 0 0 0 94 0 92 
0 0 0 0 0 10 0 0 0 0 0 0 0 0 0 0 75 0 0 0 0 76 7 42 92 70 58 0 0 0 0 0 40 63 61 0 0 0 0 80 0 3 70 0 0 76 24 0 6 0 41 0 0 0 0 0 0 0 0 78 0 0 0 88 0 0 0 0 0 0 26 0 0 55 0 1 0 0 19 0 0 0 0 0 0 0 0 0 0 0 81 0 0 0 0 0 94 0 0 0 
0 0 90 0 0 0 0 0 0 0 0 58 0 0 0 54 0 0 0 0 0 0 0 38 0 0 0 0 0 98 63 0 0 0 0 17 39 0 0 0 0 0 42 0 0 0 0 0 1 0 1 0 22 0 87 76 0 0 0 21 20 75 0 34 0 0 0 0 75 0 15 20 68 0 94 0 0 0 0 0 0 0 0 0 0 88 0 0 0 0 0 0 64 41 0 88 0 0 0 87 
0 0 87 0 0 0 0 0 0 35 0 0 0 0 0 0 0 83 53 0 0 23 5 91 88 0 0 0 98 0 0 0 0 0 0 0 0 0 0 0 23 49 0 0 0 0 0 96 0 19 11 0 0 85 0 0 0 0 35 0 0 0 86 0 0 11 0 0 0 0 0 0 0 0 0 0 56 91 0 97 0 0 74 0 0 0 0 0 0 0 36 61 0 0 0 0 0 22 0 0 
0 0 0 0 19 0 71 0 11 0 0 0 70 0 1 28 0 0 0 0 0 0 0 0 79 5 0 0 63 0 0 0 0 4 0 0 56 0 90 0 34 0 0 2 0 0 0 0 0 0 0 0 12 0 0 0 3 0 0 0 0 0 0 0 0 74 0 0 0 73 81 0 0 90 0 0 0 0 0 82 94 33 0 0 8 0 0 3 0 0 0 0 4 0 0 0 74 1 0 0 
0 0 0 0 0 0 0 0 0 0 0 0 0 0 0 34 9 0 0 0 0 0 0 0 0 0 0 0 0 0 0 0 0 0 0 0 0 0 0 31 0 0 0 0 15 48 0 65 0 0 0 0 0 0 0 79 36 0 0 0 0 0 0 0 99 0 0 0 0 0 0 0 0 0 24 25 72 0 0 0 38 20 81 69 0 0 0 0 0 0 0 53 86 0 67 0 0 0 0 68 
0 0 50 39 0 0 36 0 0 7 0 0 0 0 0 0 0 0 73 0 0 0 0 0 0 0 0 40 0 0 0 0 0 0 66 0 0 0 0 72 0 0 4 0 0 2 0 0 0 0 0 80 93 41 0 0 0 0 0 0 0 17 71 94 0 2 0 0 0 93 0 0 86 0 98 85 0 32 0 0 0 21 0 0 0 51 6 0 0 0 0 0 48 0 0 0 0 61 0 34 
0 41 0 0 48 0 0 7 0 0 0 85 14 0 0 0 0 0 0 0 0 0 0 85 0 0 0 63 0 0 4 0 0 0 0 27 0 0 0 0 0 0 0 0 0 0 11 0 0 8 0 0 0 0 0 0 24 0 90 0 0 0 0 0 0 0 0 0 0 0 0 0 0 0 0 0 79 0 0 0 57 1 0 0 0 52 3 0 0 0 63 86 0 47 0 0 0 72 77 0 
40 0 0 0 0 0 0 0 0 0 33 34 0 0 0 0 78 0 0 18 0 0 0 0 0 0 0 61 0 0 0 0 66 0 0 0 0 0 0 0 90 68 0 0 0 0 0 62 17 38 0 0 89 23 0 0 0 0 5 0 0 0 0 61 0 0 0 0 89 92 0 0 27 0 74 0 0 0 47 0 0 0 21 0 53 0 0 77 0 0 0 0 0 0 0 0 18 0 94 0 
47 40 0 60 5 21 0 0 0 0 97 0 36 0 73 0 0 0 0 48 0 0 13 0 0 0 0 0 17 0 0 0 0 27 0 0 0 12 0 71 0 0 0 61 65 0 0 0 15 0 0 0 0 0 86 0 0 0 0 0 0 0 0 100 0 0 0 0 0 0 0 16 31 0 0 0 42 0 0 0 0 0 0 0 0 0 0 0 0 0 0 0 0 0 1 0 0 33 0 0 
0 0 0 0 0 0 94 0 0 0 0 0 97 0 9 0 0 0 82 24 88 0 88 0 0 0 0 0 39 0 56 0 0 0 0 0 0 7 0 0 0 0 68 0 0 0 0 26 84 0 0 0 0 0 0 0 18 89 30 0 0 0 0 0 0 49 0 0 0 46 0 0 0 0 0 0 53 85 0 0 94 0 0 0 0 0 0 0 0 0 0 88 67 0 0 0 0 27 44 0 
0 0 0 0 0 0 46 0 0 0 0 0 46 0 0 0 0 19 0 38 0 45 0 55 0 2 25 0 0 0 0 0 0 0 0 12 7 0 0 0 0 12 0 0 0 0 11 76 0 0 0 0 0 20 0 89 0 0 0 54 0 72 0 13 0 0 0 0 0 0 0 0 0 0 0 95 0 0 0 0 0 0 0 0 0 0 0 27 0 0 30 82 0 0 0 0 0 42 0 68 
0 0 60 29 63 83 0 0 0 0 0 0 0 0 18 77 0 90 0 0 0 0 0 0 0 0 0 0 0 0 90 0 0 0 0 0 0 0 0 0 0 0 21 0 0 0 0 0 20 15 0 0 96 0 0 80 0 66 0 0 0 18 81 46 0 0 0 0 0 0 0 0 0 0 0 0 0 97 49 0 0 55 0 0 0 0 0 0 0 0 0 2 0 0 0 0 68 0 0 0 
0 0 0 0 0 47 73 0 0 0 0 100 0 0 0 73 0 90 0 0 0 42 0 0 0 0 0 80 0 0 0 31 72 0 0 71 0 0 0 0 0 98 0 0 69 0 76 0 0 0 0 0 0 0 0 0 12 0 0 16 0 0 0 0 38 0 0 3 0 0 0 81 0 0 0 89 0 0 81 0 44 68 0 34 0 0 84 0 0 4 0 25 0 96 39 22 0 0 0 33 
0 75 0 0 0 0 0 0 76 68 0 0 0 0 0 0 0 37 0 0 0 0 0 0 4 0 0 0 0 23 34 0 0 0 90 0 0 0 0 0 0 0 0 0 0 91 23 43 0 0 0 0 0 0 80 16 70 49 0 0 0 39 82 0 0 0 8 22 48 0 0 0 20 0 4 0 0 0 0 92 0 0 30 71 0 0 100 0 0 0 0 20 25 87 0 0 0 0 0 33 
0 0 5 58 0 0 0 61 0 0 68 0 43 0 0 38 0 32 0 11 0 66 0 10 0 0 0 3 0 49 0 0 0 0 68 0 0 12 0 98 0 0 0 0 0 0 80 0 0 43 0 0 47 19 0 67 0 0 0 0 0 0 72 0 0 0 0 43 0 63 0 16 0 0 0 0 0 0 0 0 49 0 0 0 0 0 27 0 0 27 0 27 0 0 7 0 0 0 0 0 
0 0 0 0 0 0 0 0 29 0 94 0 86 84 0 0 26 0 0 35 0 0 0 0 0 0 0 70 42 0 0 0 4 0 0 0 68 0 21 0 0 0 0 0 0 0 0 29 0 0 0 55 0 0 0 0 0 0 0 62 14 24 0 0 21 0 0 0 0 0 0 0 64 0 0 0 10 0 0 0 0 0 0 0 0 0 93 23 0 0 23 0 78 0 0 43 0 0 37 0 
0 0 0 0 0 61 0 0 45 0 0 0 0 58 0 0 0 0 0 30 0 90 0 0 23 0 0 0 0 0 2 0 0 0 0 61 0 0 0 0 0 0 0 0 38 0 41 0 0 0 45 61 0 0 91 92 0 0 74 0 92 26 0 61 0 0 35 32 5 98 0 0 0 0 0 0 0 0 24 0 0 0 0 37 99 78 0 55 0 0 0 0 13 0 17 0 0 43 0 0 
0 0 0 60 0 0 0 0 0 0 0 0 16 0 0 15 0 24 0 0 0 0 0 0 0 0 0 0 0 0 0 15 0 0 0 65 0 0 0 69 0 0 0 38 0 0 0 0 0 90 0 0 0 54 0 62 0 0 0 0 89 50 0 11 0 0 0 13 0 0 7 0 0 0 0 0 0 90 45 0 0 0 0 60 0 0 0 0 0 0 0 0 0 73 96 0 7 0 55 0 
27 49 0 0 0 98 89 0 0 73 0 61 0 81 0 0 0 18 0 0 18 97 0 0 67 57 0 76 0 0 0 48 2 0 0 0 0 0 0 0 91 0 0 0 0 0 12 0 0 0 0 77 0 93 0 0 0 0 0 0 0 44 0 0 67 0 56 0 0 0 0 0 0 39 0 0 0 0 0 0 0 0 0 0 0 0 0 0 29 37 17 0 96 41 0 52 0 0 0 76 
0 0 0 36 0 0 0 0 0 0 0 0 0 0 0 0 0 0 63 0 0 0 39 0 93 0 0 24 0 0 0 0 0 11 0 0 0 11 0 76 23 80 0 41 0 12 0 22 0 0 18 69 0 0 0 0 0 0 0 0 65 0 0 0 69 0 0 0 0 85 0 76 0 0 0 0 0 0 0 0 0 91 0 0 0 0 0 0 0 0 0 12 0 43 0 97 0 0 91 21 
0 0 17 37 0 0 0 0 59 0 0 0 55 0 0 0 43 0 0 0 0 0 0 11 0 6 0 0 0 96 0 65 0 0 62 0 26 76 0 0 43 0 29 0 0 0 22 0 0 0 0 51 0 88 17 74 0 0 30 71 21 0 0 0 84 55 0 0 0 0 0 0 0 38 0 0 0 83 0 0 0 24 66 77 0 0 0 0 0 0 0 0 0 0 0 0 0 0 0 0 
0 0 22 8 0 24 0 0 0 0 0 0 93 0 0 0 4 0 0 0 20 0 11 0 57 0 0 6 1 0 0 0 0 0 17 15 84 0 20 0 0 0 0 0 0 0 0 0 0 0 91 0 0 38 0 0 50 0 0 59 40 0 0 0 0 0 37 52 0 0 0 0 0 0 0 0 0 0 0 0 0 0 0 0 1 2 86 48 28 0 0 69 0 0 0 0 0 0 0 0 
0 32 0 0 0 0 0 0 0 0 0 91 0 0 59 63 2 0 57 0 27 0 0 0 47 0 64 0 0 19 0 0 0 8 38 0 0 0 15 0 0 43 0 0 90 0 0 0 0 0 0 0 0 88 31 73 59 17 0 0 0 0 0 0 92 0 0 0 0 0 6 0 0 0 0 0 0 89 0 0 0 0 0 0 72 0 0 0 5 0 0 26 0 0 54 0 0 94 93 6 
91 0 3 68 0 0 15 0 23 0 0 0 0 0 0 0 0 0 0 0 0 0 0 0 0 97 0 41 1 11 0 0 0 0 0 0 0 0 0 0 0 0 0 45 0 0 18 0 91 0 0 32 0 0 0 0 0 8 0 0 80 0 0 0 0 57 79 4 0 0 0 66 0 0 0 0 17 71 0 0 0 0 16 0 0 0 0 0 0 53 99 15 0 64 0 0 0 79 69 87 
81 0 0 0 67 19 0 72 0 72 0 0 57 0 0 0 30 0 0 0 0 0 0 24 0 91 0 0 0 0 0 0 80 0 0 0 0 0 0 0 0 0 55 61 0 77 69 51 0 0 32 0 0 0 51 51 0 0 41 0 43 0 38 28 18 0 0 0 0 0 0 0 32 0 63 0 0 97 0 36 0 0 45 0 41 0 0 0 0 0 0 0 0 0 0 74 0 0 0 0 
0 0 0 13 0 0 79 0 0 78 0 0 0 0 0 0 0 0 19 87 0 0 26 0 0 51 0 0 22 0 12 0 93 0 89 0 0 0 96 0 0 47 0 0 0 0 0 0 0 0 0 0 0 90 0 0 0 0 78 0 86 70 0 57 0 99 0 0 36 0 44 0 0 86 0 20 0 0 0 0 54 0 0 91 0 8 0 82 0 0 0 0 59 0 0 73 46 0 0 0 
0 0 0 0 0 86 40 0 0 50 0 0 0 0 0 0 0 23 0 0 0 0 33 0 0 0 17 0 0 85 0 0 41 0 23 0 0 20 0 0 0 19 0 0 54 93 0 88 38 88 0 0 90 0 0 0 0 0 0 23 4 0 31 0 0 70 55 0 0 59 0 32 0 0 0 74 0 0 0 0 0 0 0 0 0 0 0 0 0 22 0 76 0 0 0 89 15 13 0 0 
0 0 0 0 0 0 0 0 0 0 26 0 0 66 0 0 0 0 0 61 0 0 0 28 0 0 0 0 87 0 0 0 0 0 0 86 0 0 0 0 80 0 0 91 0 0 0 17 0 31 0 51 0 0 0 0 0 57 0 0 49 0 0 0 0 85 0 83 24 0 0 0 0 52 96 0 0 0 0 76 7 0 0 16 44 0 0 0 78 0 0 0 0 0 78 0 53 0 0 51 
72 22 0 72 40 0 0 0 33 0 0 0 0 0 0 66 0 0 0 0 0 0 0 0 0 0 0 0 76 0 0 79 0 0 0 0 0 89 80 0 16 67 0 92 62 0 0 74 0 73 0 51 0 0 0 0 91 47 0 89 0 0 0 0 0 45 51 94 0 0 31 0 0 0 0 0 0 0 0 47 22 0 0 0 56 0 0 0 0 0 0 0 0 0 0 0 63 0 0 0 
54 30 0 47 0 0 0 0 0 43 0 0 0 0 25 0 0 68 0 0 0 0 0 66 0 0 0 0 0 0 3 36 0 24 0 0 18 0 0 12 70 0 0 0 0 0 0 0 50 59 0 0 0 0 0 91 0 0 0 0 0 0 0 59 0 0 0 0 0 0 0 0 0 25 0 0 0 25 61 6 0 0 0 0 0 36 38 0 13 9 59 51 0 41 0 20 0 0 0 23 
0 0 0 16 88 18 0 0 0 0 45 0 0 0 2 55 0 0 42 0 0 0 77 0 51 0 0 0 0 0 0 0 0 0 0 0 89 0 66 0 49 0 0 0 0 0 0 0 0 17 8 0 0 0 57 47 0 0 0 0 24 0 0 0 0 0 0 71 0 0 44 0 0 0 19 11 0 0 95 0 0 0 39 0 0 91 0 0 83 15 0 0 3 64 26 0 0 0 56 0 
0 0 0 0 0 0 7 69 0 9 0 0 0 36 0 0 96 0 76 64 0 0 0 0 5 0 0 0 0 35 0 0 0 90 5 0 30 0 0 0 0 0 0 74 0 0 0 30 0 0 0 41 78 0 0 0 0 0 0 0 0 0 0 0 0 58 0 42 63 59 0 25 71 0 0 0 0 0 0 0 0 0 66 0 97 0 0 0 3 0 0 73 0 0 62 0 0 0 0 0 
49 0 0 53 0 0 0 43 62 0 72 0 100 0 0 32 11 1 0 56 0 0 0 0 0 0 0 78 21 0 0 0 0 0 0 0 0 54 0 16 0 0 62 0 0 0 0 71 59 0 0 0 0 23 0 89 0 0 0 0 0 0 0 4 0 0 0 0 0 0 0 0 0 31 0 0 0 4 41 0 0 69 91 0 77 0 36 0 0 0 0 0 0 0 0 0 0 0 0 96 
97 0 0 80 0 10 61 30 0 0 0 0 24 0 0 0 54 0 0 8 0 95 0 0 0 0 0 0 20 0 0 0 0 0 0 0 0 0 0 0 0 0 14 92 89 0 65 21 40 0 80 43 86 4 49 0 0 24 0 0 0 0 0 16 0 0 42 0 0 5 0 0 0 40 0 0 0 0 0 67 84 0 0 0 0 0 87 0 0 0 0 0 0 0 0 0 0 0 31 0 
18 0 0 0 0 0 0 0 64 42 0 40 0 0 0 24 0 0 0 11 0 0 0 65 0 0 0 0 75 0 0 0 17 0 0 0 0 72 18 0 39 0 24 26 50 44 0 0 0 0 0 0 70 0 0 0 0 0 0 0 0 0 0 42 0 0 0 75 0 42 0 0 0 55 0 0 0 0 0 0 0 0 95 98 5 0 0 0 0 0 0 0 0 0 0 0 96 0 95 41 
9 0 0 0 0 0 0 0 0 0 0 76 0 0 0 0 0 0 99 0 0 90 39 0 0 74 0 0 0 86 0 0 71 0 0 0 0 0 81 0 82 72 0 0 0 0 0 0 0 0 0 38 0 31 0 0 0 0 0 0 0 0 0 0 0 0 0 96 0 0 0 89 0 0 78 14 83 18 57 0 0 0 99 46 0 0 79 0 0 0 0 0 0 29 0 15 0 52 3 0 
60 0 6 0 0 80 0 11 0 0 0 0 0 0 0 93 0 0 15 0 0 0 0 0 0 0 89 88 34 0 0 0 94 0 61 100 0 13 46 0 0 0 0 61 11 0 0 0 0 0 0 28 57 0 0 0 59 0 0 4 16 42 0 0 0 0 0 85 48 0 0 63 0 0 0 0 0 0 0 0 0 0 0 0 0 0 0 0 0 0 0 0 0 0 61 49 83 6 0 0 
0 0 0 0 0 0 0 27 0 0 0 0 0 0 84 0 0 0 0 0 10 25 0 0 0 0 0 0 0 0 0 99 0 0 0 0 0 0 0 38 0 0 21 0 0 67 69 84 0 92 0 18 0 0 0 0 0 0 0 0 0 0 0 0 0 0 0 0 20 2 0 0 0 0 44 0 0 0 0 1 0 0 0 0 0 46 0 88 0 0 95 0 0 0 0 17 0 0 0 0 
0 0 0 38 0 0 0 0 0 0 0 0 0 0 0 0 0 0 0 78 0 59 0 0 0 0 0 0 0 11 74 0 2 0 0 0 49 0 0 0 0 0 0 0 0 0 0 55 0 0 57 0 99 70 85 45 0 0 58 0 0 0 0 0 0 0 78 0 0 67 31 0 36 0 0 0 1 0 0 0 55 0 4 0 0 28 0 0 73 0 0 63 0 0 0 0 0 0 0 31 
0 0 0 52 0 0 0 68 0 27 50 96 8 0 33 0 0 94 26 0 92 0 0 34 0 62 86 0 0 0 0 0 0 0 0 0 0 0 0 0 8 0 0 35 0 56 0 0 37 0 79 0 0 55 0 51 0 0 0 0 42 0 0 0 0 78 0 0 0 0 0 94 0 97 0 0 0 0 0 0 0 40 5 0 80 0 0 0 0 0 0 27 0 0 86 0 0 0 34 0 
9 0 0 0 0 25 1 95 0 42 6 0 0 0 67 0 0 0 0 43 0 0 0 0 0 0 0 0 0 0 0 0 0 0 0 0 0 0 0 3 22 43 0 32 13 0 0 0 52 0 4 0 0 0 83 94 0 71 42 0 0 75 96 85 0 0 0 0 0 0 0 51 0 0 90 61 0 0 0 0 31 0 0 32 0 95 0 0 0 0 20 0 0 0 0 22 0 0 0 0 
0 0 0 0 60 0 0 51 0 24 0 0 0 0 46 0 0 0 0 0 0 0 0 42 0 0 74 0 75 0 0 0 0 0 89 0 0 0 0 0 48 0 0 5 0 0 0 0 0 0 0 0 36 0 24 0 0 0 63 0 0 0 0 48 20 0 0 0 0 71 0 0 78 84 0 0 0 34 0 64 0 0 63 4 26 57 0 61 0 0 0 98 0 0 0 0 94 64 0 0 
0 0 36 0 0 46 0 0 0 0 68 0 0 0 0 0 0 100 33 0 0 0 0 0 0 0 0 0 0 0 73 0 93 0 92 0 46 0 0 0 0 63 0 98 0 0 85 0 0 0 0 0 0 59 0 0 0 0 59 0 5 42 0 0 2 67 0 0 71 0 0 66 3 0 0 0 0 0 24 0 0 0 0 71 0 0 0 0 0 29 0 0 0 54 0 0 73 66 0 0 
0 0 0 0 77 0 0 71 0 26 0 61 36 0 0 0 0 0 0 0 63 32 0 68 0 0 0 26 15 0 81 0 0 0 0 0 0 0 0 0 0 0 0 0 7 0 0 0 0 6 0 0 44 0 0 31 0 44 0 0 0 0 0 0 0 31 0 0 0 0 0 0 70 21 0 0 0 51 43 77 0 0 0 0 0 0 10 0 100 0 0 7 61 0 0 0 0 0 0 0 
0 0 0 0 36 0 0 0 0 83 72 0 75 0 52 91 73 0 0 18 38 0 57 0 0 0 0 0 20 0 0 0 0 0 0 16 0 0 0 81 0 16 0 0 0 0 76 0 0 0 66 0 0 32 0 0 0 0 25 0 0 0 89 63 0 0 94 51 0 66 0 0 0 0 0 0 0 0 0 21 98 0 0 97 0 59 0 0 0 73 0 0 0 0 87 0 0 0 0 0 
0 0 0 0 0 0 0 0 0 0 2 46 0 68 91 40 0 0 0 0 0 0 0 0 15 3 10 0 68 0 0 0 86 0 27 31 0 0 0 0 20 0 64 0 0 0 0 0 0 0 0 32 0 0 0 0 0 0 71 0 0 0 0 0 0 36 0 0 78 3 70 0 0 0 0 77 0 8 83 0 0 0 24 0 0 91 0 0 0 0 0 0 0 0 57 0 0 0 0 87 
66 0 0 0 67 0 92 0 0 0 30 0 60 0 0 7 0 0 26 0 0 0 0 0 36 0 84 55 0 0 90 0 0 0 0 0 0 0 0 0 0 0 0 0 0 39 0 38 0 0 0 0 86 0 52 0 25 0 0 31 40 55 0 0 0 0 97 0 84 0 21 0 0 0 0 0 0 0 83 0 0 0 0 0 42 0 0 0 0 82 0 14 0 71 64 0 0 0 35 64 
59 0 0 41 0 0 21 0 0 0 95 0 53 0 0 0 0 0 0 0 0 21 62 0 13 0 16 0 94 0 0 24 98 0 74 0 0 0 0 0 4 0 0 0 0 0 0 0 0 0 0 63 0 0 96 0 0 19 0 0 0 0 78 0 44 0 0 90 0 0 0 0 0 0 0 69 29 0 0 0 0 0 0 0 0 0 24 0 0 0 69 31 27 23 0 0 37 0 0 0 
0 0 0 0 0 0 0 0 0 0 42 0 0 0 89 0 0 46 0 47 0 81 6 0 38 0 0 1 0 0 0 25 85 0 0 0 0 95 0 89 0 0 0 0 0 0 0 0 0 0 0 0 20 74 0 0 0 11 0 0 0 0 14 0 0 0 0 61 0 0 0 0 77 0 69 0 97 0 0 0 0 0 45 0 0 0 72 34 6 15 67 0 80 0 79 0 0 0 0 73 
0 0 0 0 62 98 23 0 0 0 0 0 0 0 0 0 0 0 0 0 0 0 0 0 0 0 8 0 0 56 0 72 0 79 0 42 53 0 0 0 0 0 10 0 0 0 0 0 0 0 17 0 0 0 0 0 0 0 0 0 0 0 83 0 0 1 0 0 0 0 0 0 0 0 29 97 0 0 0 0 0 0 0 0 0 0 0 0 0 68 0 0 0 0 1 20 0 0 89 54 
62 0 0 84 0 0 0 48 0 55 0 0 30 89 0 0 0 0 0 26 0 0 0 0 62 0 5 0 0 91 0 0 32 0 0 0 85 0 97 0 0 0 0 0 90 0 0 83 0 89 71 97 0 0 0 0 25 0 0 4 0 0 18 0 0 0 0 0 34 0 51 0 8 0 0 0 0 0 36 45 0 0 0 0 0 0 0 89 0 0 12 68 0 0 0 0 100 0 0 0 
0 0 0 0 0 0 0 0 0 0 0 0 0 84 32 0 0 65 0 0 0 0 0 0 0 0 76 19 0 0 0 0 0 0 47 0 0 0 49 81 0 0 0 24 45 0 0 0 0 0 0 0 0 0 0 0 61 95 0 41 0 0 57 0 0 0 0 0 0 24 43 0 83 83 0 0 0 36 0 0 0 0 0 0 85 0 0 39 94 0 25 0 0 0 0 65 0 0 0 0 
50 6 0 0 0 0 32 0 36 0 0 0 0 0 0 0 0 0 0 0 57 0 0 68 0 0 52 0 0 97 82 0 0 0 0 0 0 0 0 0 92 0 0 0 0 0 0 0 0 0 0 36 0 0 76 47 6 0 0 0 67 0 0 0 1 0 0 0 64 0 77 21 0 0 0 0 0 45 0 0 10 0 32 0 0 0 0 38 0 0 0 0 0 17 83 0 22 0 9 93 
51 9 0 0 6 0 0 46 0 0 77 0 0 0 0 42 0 13 0 0 0 0 18 0 0 0 76 0 0 0 94 38 0 57 0 0 94 0 0 44 0 49 0 0 0 0 0 0 0 0 0 0 54 0 7 22 0 0 0 0 84 0 0 0 0 55 0 31 0 0 0 98 0 0 0 0 0 0 0 10 0 38 0 0 58 0 0 0 39 76 0 0 0 81 33 0 0 44 0 0 
0 0 0 0 0 0 0 0 0 56 0 0 0 0 13 0 0 0 0 0 27 83 0 52 0 0 0 0 0 0 33 20 21 1 0 0 0 0 55 68 0 0 0 0 0 0 91 24 0 0 0 0 0 0 0 0 0 0 0 69 0 0 0 0 0 0 40 0 0 0 0 0 0 0 0 0 0 0 0 0 38 0 32 61 0 10 95 36 0 0 0 0 0 0 0 0 7 0 39 0 
11 38 0 0 0 0 0 0 0 0 82 0 0 0 0 0 0 0 0 24 33 0 0 0 0 0 13 0 0 74 0 81 0 0 21 0 0 0 0 0 30 0 0 0 0 0 0 66 0 0 16 45 0 0 0 0 0 39 66 91 0 95 99 0 0 4 5 0 63 0 0 0 24 0 0 45 0 0 0 32 0 32 0 78 64 0 92 0 0 0 0 0 51 99 0 0 0 0 0 0 
0 62 91 0 0 0 98 0 0 0 97 0 0 0 0 58 74 0 17 69 0 0 89 0 1 0 0 0 0 0 0 69 0 0 0 0 0 0 0 34 71 0 0 37 60 0 0 77 0 0 0 0 91 0 16 0 0 0 0 0 0 98 46 0 0 0 0 32 4 71 0 97 0 0 0 0 0 0 0 0 0 61 78 0 0 51 0 0 0 52 78 0 22 0 0 0 0 0 0 0 
0 53 0 0 0 22 0 0 70 0 47 0 0 79 0 0 0 0 5 24 0 0 0 0 92 28 0 0 0 0 8 0 0 0 53 0 0 0 0 0 0 0 0 99 0 0 0 0 1 72 0 41 0 0 44 56 0 0 97 77 0 5 0 0 0 0 80 0 26 0 0 0 0 42 0 0 0 0 85 0 58 0 64 0 0 0 0 0 79 0 0 0 0 0 63 0 58 1 0 0 
0 28 69 0 0 0 6 83 100 0 12 0 15 0 0 77 0 0 27 0 0 0 0 0 0 0 0 0 88 0 0 0 51 52 0 0 0 0 0 0 0 0 0 78 0 0 0 0 2 0 0 0 8 0 0 0 36 91 0 0 0 0 0 0 46 28 0 95 57 0 0 59 91 0 0 0 0 0 0 0 0 10 0 51 0 0 0 68 0 0 28 27 0 0 0 0 0 35 99 0 
0 0 0 0 0 0 0 0 27 0 0 0 0 68 0 88 28 0 0 0 0 0 0 0 0 0 0 0 0 0 0 0 6 3 0 0 0 0 0 84 100 27 93 0 0 0 0 0 86 0 0 0 0 0 0 0 38 0 0 36 87 0 79 0 0 0 0 0 0 0 10 0 0 0 24 72 0 0 0 0 0 95 92 0 0 0 0 0 0 0 0 97 54 54 0 0 0 0 0 0 
0 0 0 64 0 44 0 88 0 0 97 33 0 87 0 0 0 0 54 0 0 98 0 0 90 0 0 0 0 0 3 0 0 0 77 0 0 27 0 0 0 0 23 55 0 0 0 0 48 0 0 0 82 0 0 0 0 0 0 0 0 0 0 0 88 0 0 0 61 0 0 0 0 0 0 34 0 89 39 38 0 36 0 0 0 68 0 0 0 0 50 0 98 0 59 61 97 0 53 0 
0 44 0 0 90 0 0 64 0 0 0 53 0 0 0 0 59 0 44 0 0 0 0 27 0 6 0 0 0 0 0 0 0 0 0 0 0 0 0 0 0 0 0 0 0 29 0 0 28 5 0 0 0 0 78 0 13 83 3 0 0 0 0 0 0 73 0 0 0 0 100 0 0 0 0 6 0 0 94 0 39 0 0 0 79 0 0 0 0 0 0 0 74 0 0 78 0 40 0 0 
0 0 63 56 0 0 0 0 0 87 0 0 0 89 61 0 0 44 77 0 0 0 0 0 0 0 0 0 0 0 0 0 0 0 0 0 0 0 0 4 0 27 0 0 0 37 0 0 0 0 53 0 0 22 0 0 9 15 0 0 0 0 0 0 0 0 0 0 0 29 0 73 0 82 0 15 68 0 0 0 76 0 0 52 0 0 0 0 0 0 7 0 33 0 51 0 0 30 0 0 
0 0 67 0 18 0 0 0 91 0 0 6 0 69 0 12 0 0 0 0 74 43 81 0 0 0 0 81 0 36 0 0 0 63 0 0 0 30 0 0 0 0 23 0 0 17 0 0 0 0 99 0 0 0 0 0 59 0 0 0 0 0 0 0 95 0 0 20 0 0 0 0 0 0 69 67 0 12 25 0 0 0 0 78 0 28 0 50 0 7 0 0 80 0 0 0 0 52 0 6 
3 0 0 0 0 0 0 0 0 40 0 0 0 0 0 0 0 0 0 0 0 0 0 0 0 0 0 0 0 61 0 53 0 86 0 0 88 82 2 25 20 27 0 0 0 0 12 0 69 26 15 0 0 76 0 0 51 0 73 0 0 0 0 0 0 63 27 0 98 0 7 0 0 14 31 0 0 68 0 0 0 0 0 0 0 27 97 0 0 0 0 0 0 0 0 0 0 0 0 3 
0 0 0 0 0 0 24 0 33 0 0 41 0 0 0 0 0 0 0 0 0 21 0 11 0 0 36 0 64 0 4 86 48 0 0 0 67 0 0 0 25 0 78 13 0 96 0 0 0 0 0 0 59 0 0 0 0 3 0 0 0 0 0 0 0 0 0 0 0 0 61 0 0 0 27 80 0 0 0 0 0 0 51 22 0 0 54 98 74 33 80 0 0 0 20 0 0 0 57 0 
0 0 0 0 0 0 34 0 35 18 22 0 0 95 45 92 0 0 36 0 0 0 0 0 0 0 6 0 41 0 0 0 0 47 0 0 0 0 0 96 87 0 0 0 73 41 43 0 0 0 64 0 0 0 0 0 41 64 0 0 0 0 29 0 0 0 0 0 0 54 0 0 0 71 23 0 0 0 0 17 81 0 99 0 0 0 54 0 0 0 0 0 0 0 0 20 0 87 77 0 
0 0 0 0 0 0 78 0 0 45 62 0 36 0 0 0 0 0 0 0 0 0 68 0 0 0 0 0 0 0 0 67 0 0 0 1 0 0 0 39 0 7 0 17 96 0 0 0 0 54 0 0 0 0 78 0 0 26 62 0 0 0 0 61 0 0 86 0 0 0 0 87 57 64 0 79 1 0 0 83 33 0 0 0 63 0 0 59 0 51 0 0 20 0 0 0 0 0 18 0 
0 49 25 88 0 18 31 0 0 0 0 0 0 0 0 0 80 0 0 0 0 0 0 0 0 0 0 0 88 0 0 0 0 0 0 0 0 0 0 22 0 0 43 0 0 52 97 0 0 0 0 74 73 89 0 0 20 0 0 0 0 0 15 49 17 0 0 22 0 0 0 0 0 0 0 0 20 0 65 0 0 0 0 0 0 0 0 61 78 0 0 0 0 20 0 0 44 0 0 0 
55 0 0 0 0 16 0 0 8 0 72 0 24 89 0 0 0 0 41 94 14 0 0 0 0 0 0 94 0 0 74 0 0 0 18 0 0 0 68 0 0 0 0 0 7 0 0 0 0 0 0 0 46 15 53 63 0 0 0 0 0 96 0 83 0 0 0 0 94 73 0 0 0 0 37 0 0 100 0 22 0 7 0 0 58 0 0 97 0 0 0 0 0 0 0 44 0 0 0 63 
0 0 8 0 0 0 75 0 0 0 35 0 0 0 0 0 23 0 0 0 0 0 0 60 88 0 94 0 0 22 1 0 61 72 0 33 27 42 0 0 0 0 0 43 0 0 0 0 0 94 79 0 0 13 0 0 0 0 0 0 0 0 52 6 0 0 0 0 64 66 0 0 0 0 0 0 0 0 0 0 44 0 0 0 1 35 0 0 40 30 52 0 0 87 0 0 0 0 70 0 
0 93 0 0 0 26 62 0 0 8 0 0 0 0 0 0 0 0 4 6 0 17 0 0 0 0 0 0 0 0 0 0 0 77 94 0 44 0 0 0 0 0 37 0 55 0 91 0 0 93 69 0 0 0 0 0 0 56 0 0 31 95 3 0 0 0 34 0 0 0 0 0 0 35 0 0 89 0 0 9 0 39 0 0 0 99 0 53 0 0 0 0 57 77 18 0 0 70 0 0 
0 0 0 0 11 75 0 82 0 0 0 0 0 0 60 0 0 0 0 0 0 0 0 0 65 0 92 0 87 0 0 68 34 0 0 0 0 68 0 33 33 0 0 0 0 76 21 0 0 6 87 0 0 0 51 0 23 0 0 96 0 41 0 0 0 31 0 0 0 0 0 0 87 64 0 73 54 0 0 93 0 0 0 0 0 0 0 0 0 0 6 3 0 0 0 0 63 0 0 0 
