0 0 0 0 0 0 0 48 86 0 94 0 0 0 0 0 0 0 0 0 10 33 0 0 0 92 0 0 0 0 0 0 0 78 0 0 0 0 0 0 18 0 0 0 0 0 0 0 58 0 0 0 0 0 0 0 0 0 0 0 0 0 0 0 23 0 0 0 0 0 0 0 0 0 0 0 0 23 0 0 0 0 0 0 0 0 0 12 0 0 0 0 0 0 0 0 85 0 0 0 
0 0 0 47 0 18 0 0 0 0 32 0 0 0 0 0 0 91 0 0 58 0 0 0 0 0 0 26 0 0 0 0 0 0 0 0 0 0 0 0 0 0 0 0 0 0 0 40 0 0 0 0 0 0 0 0 0 0 0 0 0 48 0 0 0 0 0 0 0 0 0 0 30 0 0 68 0 0 0 0 0 66 0 0 13 0 64 0 0 0 0 51 0 0 0 0 0 0 0 0 
0 0 0 0 0 0 0 0 0 0 11 0 0 77 0 0 0 0 0 58 0 0 0 0 2 0 0 0 0 0 0 0 0 89 25 0 0 0 0 0 0 0 22 0 63 0 0 0 0 5 0 0 0 56 0 0 0 0 0 0 0 0 0 0 0 71 0 0 0 0 33 0 0 0 0 0 63 0 0 0 0 0 95 72 0 0 0 0 0 0 0 0 0 0 0 0 0 0 0 0 
0 47 0 0 0 0 0 0 0 0 0 0 0 0 0 0 0 0 0 0 0 0 81 0 0 0 0 0 0 0 0 0 0 0 78 0 0 0 41 0 0 0 0 0 2 0 0 0 4 0 0 47 0 74 0 0 14 0 0 0 0 0 0 0 0 0 0 0 0 0 15 0 0 0 0 0 0 0 0 0 0 0 0 0 0 0 0 0 0 0 50 0 0 0 0 0 0 0 0 0 
0 0 0 0 0 0 0 0 87 0 0 92 24 0 0 0 0 0 0 0 0 0 46 0 0 0 0 0 24 0 0 0 72 47 0 0 99 0 0 0 0 0 0 0 0 0 0 0 0 0 0 0 0 56 40 0 0 0 0 0 0 0 0 0 0 0 0 0 0 0 0 0 0 0 40 0 0 6 0 41 0 0 0 0 0 0 35 0 0 0 0 0 0 0 0 0 0 0 0 0 
0 18 0 0 0 0 0 0 0 0 0 0 0 0 0 0 0 92 0 0 55 0 37 77 0 0 86 0 0 0 0 0 0 0 0 0 0 0 0 0 0 0 0 0 0 0 0 27 0 0 23 0 0 0 0 0 0 0 0 0 39 0 0 0 0 0 0 0 0 0 0 0 51 0 0 0 0 0 0 98 21 0 0 0 0 0 0 0 0 92 0 0 0 81 88 0 0 0 0 0 
0 0 0 0 0 0 0 0 0 0 0 0 0 0 0 0 0 0 0 0 73 0 0 0 0 0 45 0 0 0 0 0 0 0 0 0 0 0 0 0 0 0 0 0 0 0 0 0 0 0 0 0 0 0 0 0 0 58 0 0 0 0 0 0 0 0 0 0 0 0 0 0 0 69 0 0 0 64 0 0 0 67 96 0 0 83 0 0 0 0 0 70 0 0 0 0 0 0 43 3 
48 0 0 0 0 0 0 0 80 0 0 0 0 0 0 0 40 0 0 0 0 0 0 0 0 0 0 0 0 74 81 0 0 58 0 0 0 0 84 68 0 0 0 0 0 0 0 82 0 0 0 22 0 0 0 0 31 0 0 0 0 0 0 0 0 0 0 91 0 0 0 0 0 0 0 0 0 0 0 0 0 6 0 91 0 0 0 0 0 0 0 0 88 0 0 0 0 0 0 0 
86 0 0 0 87 0 0 80 0 0 0 0 0 0 0 0 0 68 64 0 0 26 0 0 0 0 0 0 0 0 0 0 0 0 51 0 0 0 0 0 0 0 0 0 0 0 36 8 0 0 0 0 48 0 0 0 0 0 0 0 0 0 0 40 24 0 0 0 0 0 0 0 0 0 0 9 0 0 0 0 0 0 0 0 0 0 0 0 0 0 0 0 0 0 95 0 0 0 0 0 
0 0 0 0 0 0 0 0 0 0 0 0 0 0 0 2 0 0 0 0 0 6 0 0 0 0 0 0 77 7 0 0 80 0 0 0 0 0 0 0 0 0 0 0 0 0 0 17 0 0 13 0 14 0 0 31 0 0 0 0 0 0 0 0 75 0 0 15 0 0 0 0 99 0 73 0 0 0 0 0 0 90 0 0 0 0 0 0 0 78 0 0 0 0 0 0 0 0 0 0 
94 32 11 0 0 0 0 0 0 0 0 83 0 81 0 0 0 0 0 50 0 0 5 16 0 0 0 0 0 0 0 0 0 0 0 0 0 0 0 0 48 0 0 0 0 0 0 0 0 0 0 0 0 0 0 0 0 0 0 0 0 51 0 0 0 58 0 0 0 0 0 0 0 0 0 0 0 0 89 69 0 0 0 0 0 0 0 29 0 71 0 0 0 0 0 0 0 0 0 0 
0 0 0 0 92 0 0 0 0 0 83 0 57 0 0 0 2 0 3 0 0 0 0 0 0 0 0 0 0 0 0 49 0 0 0 0 0 0 0 0 0 0 90 60 0 0 0 0 0 0 0 0 0 29 0 0 82 0 0 0 0 0 0 0 0 0 0 30 0 0 0 47 0 89 0 0 0 0 0 0 0 0 0 0 0 0 0 0 0 0 0 0 0 0 0 0 0 0 0 77 
0 0 0 0 24 0 0 0 0 0 0 57 0 0 5 0 0 0 0 0 29 0 0 0 0 0 0 0 0 0 0 0 0 0 0 0 87 0 48 0 0 0 0 0 0 0 0 0 0 0 0 0 0 0 0 0 0 0 15 92 0 0 0 0 0 0 0 0 0 0 0 0 0 0 0 0 0 46 0 0 0 0 0 0 0 0 0 0 0 0 0 0 0 0 43 0 0 68 0 46 
0 0 77 0 0 0 0 0 0 0 81 0 0 0 0 0 0 0 2 0 0 0 0 0 0 0 0 0 0 37 0 0 0 0 0 0 0 0 0 0 0 0 0 0 0 0 0 0 0 0 61 0 0 0 0 47 0 0 0 0 0 0 0 0 0 0 0 0 0 0 0 0 0 0 0 0 0 0 0 0 0 0 0 0 0 0 0 0 0 13 0 0 0 0 0 1 0 0 0 0 
0 0 0 0 0 0 0 0 0 0 0 0 5 0 0 0 0 0 0 72 36 0 0 91 65 0 0 24 0 0 0 0 0 0 0 0 0 0 0 89 0 0 0 0 0 0 100 10 0 0 0 0 0 0 48 0 0 0 0 58 0 0 0 0 0 42 0 0 0 46 0 94 0 0 0 0 0 0 0 0 0 0 0 0 0 0 0 0 0 0 0 0 0 0 0 0 2 0 0 0 
0 0 0 0 0 0 0 0 0 2 0 0 0 0 0 0 0 0 0 0 54 0 0 0 0 0 0 17 0 59 0 0 0 0 0 0 0 0 0 0 0 0 0 0 0 0 0 99 0 7 0 0 0 0 69 0 0 0 0 0 30 0 0 43 0 0 0 0 0 87 0 0 0 0 0 0 0 0 0 0 0 0 11 0 0 46 13 0 0 0 61 0 0 0 0 42 0 0 0 0 
0 0 0 0 0 0 0 40 0 0 0 2 0 0 0 0 0 0 0 0 0 0 0 0 0 0 0 17 0 0 0 0 89 0 0 0 0 0 0 0 0 25 0 0 0 0 0 0 0 0 0 0 0 0 0 0 0 0 0 20 0 0 0 0 0 0 97 0 49 0 27 0 0 64 0 0 45 0 0 0 0 0 0 0 0 0 33 7 0 80 0 0 0 0 0 37 0 0 0 0 
0 91 0 0 0 92 0 0 68 0 0 0 0 0 0 0 0 0 0 0 0 0 0 0 0 0 0 0 0 0 39 0 0 0 34 0 0 0 0 0 95 0 0 0 0 0 0 0 0 0 0 0 0 0 0 0 56 70 15 0 0 0 0 0 0 0 0 0 0 0 19 0 0 0 0 0 73 0 0 0 88 0 0 41 0 68 0 0 0 0 0 0 0 0 0 0 24 0 0 0 
0 0 0 0 0 0 0 0 64 0 0 3 0 2 0 0 0 0 0 17 0 0 0 0 0 61 0 0 0 0 0 0 0 0 0 0 0 0 28 0 0 70 0 0 0 0 0 0 0 0 1 94 27 0 0 23 0 0 3 0 0 0 0 21 0 0 0 0 0 0 0 0 0 0 0 0 0 0 0 0 0 0 0 0 0 0 0 0 0 0 0 0 17 89 0 0 0 0 0 0 
0 0 58 0 0 0 0 0 0 0 50 0 0 0 72 0 0 0 17 0 0 0 0 39 0 0 64 0 0 0 0 0 0 0 0 85 0 0 0 0 0 0 0 0 33 0 0 0 0 0 0 0 0 0 0 0 0 0 0 0 0 0 0 0 0 0 0 0 0 0 0 0 9 9 0 0 0 0 0 0 0 0 0 38 96 0 95 0 0 99 0 0 0 0 0 0 0 84 0 0 
10 58 0 0 0 55 73 0 0 0 0 0 29 0 36 54 0 0 0 0 0 0 0 0 0 0 0 0 0 0 0 0 0 0 0 16 0 0 0 0 12 95 0 0 0 0 0 0 0 75 0 0 71 0 0 0 0 73 0 0 0 0 0 0 0 0 0 0 52 0 0 0 0 0 0 0 0 0 0 0 0 0 0 0 0 3 0 0 0 0 0 0 0 0 0 0 0 0 0 0 
33 0 0 0 0 0 0 0 26 6 0 0 0 0 0 0 0 0 0 0 0 0 0 0 0 0 0 0 0 0 0 0 95 0 0 0 0 0 0 0 0 0 0 0 53 0 3 0 0 0 0 0 0 0 0 46 0 0 23 0 85 0 11 0 0 0 0 0 0 0 0 0 0 0 0 62 0 0 17 0 0 0 0 0 0 0 0 23 43 0 0 0 0 0 0 0 14 0 0 0 
0 0 0 81 46 37 0 0 0 0 5 0 0 0 0 0 0 0 0 0 0 0 0 0 0 71 0 0 0 0 0 0 27 0 0 0 0 0 0 0 68 0 0 0 0 0 0 0 0 0 0 0 0 0 0 0 0 0 0 80 0 52 0 0 0 0 80 0 23 0 0 0 55 0 0 0 0 0 0 0 56 0 0 0 84 0 0 0 0 0 0 0 0 0 74 0 0 0 0 0 
0 0 0 0 0 77 0 0 0 0 16 0 0 0 91 0 0 0 0 39 0 0 0 0 93 0 71 0 0 0 0 0 0 0 0 0 79 0 0 0 0 0 0 54 0 0 0 62 0 0 19 0 0 0 0 0 0 0 0 0 0 0 99 0 0 0 89 0 0 0 0 0 0 0 0 0 0 0 0 0 0 0 37 0 0 0 0 0 0 87 0 0 0 0 0 0 0 0 0 0 
0 0 2 0 0 0 0 0 0 0 0 0 0 0 65 0 0 0 0 0 0 0 0 93 0 0 0 0 15 0 0 0 0 0 93 0 0 8 0 0 0 0 0 0 0 0 31 0 0 0 0 0 0 0 0 0 0 22 0 47 0 11 0 0 56 0 10 0 0 0 0 0 0 0 0 0 0 0 0 0 0 0 0 0 0 0 0 0 0 0 12 0 25 0 0 0 0 42 0 0 
92 0 0 0 0 0 0 0 0 0 0 0 0 0 0 0 0 0 61 0 0 0 71 0 0 0 0 0 0 0 0 0 0 0 0 0 0 0 0 0 0 0 0 0 0 0 0 0 0 0 0 0 69 0 0 0 9 0 57 0 0 0 0 0 0 0 0 0 0 0 0 36 0 0 0 0 0 0 0 0 0 0 0 0 7 0 64 0 0 0 0 0 0 0 91 0 0 0 0 0 
0 0 0 0 0 86 45 0 0 0 0 0 0 0 0 0 0 0 0 64 0 0 0 71 0 0 0 0 0 0 94 0 0 0 43 0 0 0 0 0 0 0 0 0 0 0 0 0 0 80 0 0 0 0 0 0 0 0 0 0 0 0 0 0 0 0 0 73 0 0 0 0 0 0 0 0 64 0 0 0 0 21 9 0 0 65 0 0 0 0 55 0 0 0 60 0 0 0 0 0 
0 26 0 0 0 0 0 0 0 0 0 0 0 0 24 17 17 0 0 0 0 0 0 0 0 0 0 0 0 0 0 0 0 0 53 0 0 0 0 0 0 0 0 1 0 0 0 0 0 0 0 0 0 33 0 0 0 0 25 0 0 44 0 58 0 0 0 0 97 0 0 0 0 0 0 0 0 0 0 0 0 0 0 60 95 0 0 0 0 0 78 0 0 0 0 77 0 0 0 0 
0 0 0 0 24 0 0 0 0 77 0 0 0 0 0 0 0 0 0 0 0 0 0 0 15 0 0 0 0 0 0 0 9 0 54 0 0 0 0 0 0 0 0 75 0 0 0 0 0 0 0 0 82 0 0 0 0 0 0 0 0 0 0 0 0 7 0 0 0 0 55 74 0 0 77 0 0 0 61 0 0 0 0 0 0 0 0 0 0 0 6 0 0 0 0 21 0 0 5 0 
0 0 0 0 0 0 0 74 0 7 0 0 0 37 0 59 0 0 0 0 0 0 0 0 0 0 0 0 0 0 99 0 0 0 0 2 0 0 0 0 0 1 0 0 0 67 0 0 58 0 0 0 0 0 0 0 0 0 0 0 0 0 0 0 0 0 0 34 0 0 0 0 0 0 0 0 0 0 0 75 0 0 0 0 0 0 0 0 0 0 0 0 0 0 0 0 0 0 0 36 
0 0 0 0 0 0 0 81 0 0 0 0 0 0 0 0 0 39 0 0 0 0 0 0 0 0 94 0 0 99 0 0 0 36 0 0 0 0 0 0 0 0 0 0 0 0 14 0 0 10 0 0 72 0 0 0 0 0 0 0 0 0 0 0 0 0 0 0 0 0 100 99 100 0 0 72 0 0 0 0 0 69 0 0 0 0 0 0 64 0 0 0 0 0 0 0 0 9 0 0 
0 0 0 0 0 0 0 0 0 0 0 49 0 0 0 0 0 0 0 0 0 0 0 0 0 0 0 0 0 0 0 0 0 0 62 0 62 0 0 0 0 0 0 0 0 0 0 0 64 0 0 0 0 0 0 91 0 0 0 0 0 0 0 0 0 0 0 0 0 0 0 0 0 0 0 0 34 0 0 0 0 0 0 0 0 0 34 0 95 0 0 64 0 0 0 0 0 0 0 0 
0 0 0 0 72 0 0 0 0 80 0 0 0 0 0 0 89 0 0 0 0 95 27 0 0 0 0 0 9 0 0 0 0 0 0 0 100 0 25 0 1 0 0 0 0 0 0 0 0 1 0 0 0 0 0 0 0 0 0 0 0 0 0 0 0 0 0 0 59 0 0 0 0 0 0 0 0 0 10 83 47 0 0 0 0 0 0 0 0 0 0 0 0 0 0 0 83 0 0 0 
78 0 89 0 47 0 0 58 0 0 0 0 0 0 0 0 0 0 0 0 0 0 0 0 0 0 0 0 0 0 36 0 0 0 0 0 0 0 0 0 0 0 0 0 0 0 0 0 0 0 0 0 0 42 62 80 0 0 0 0 0 0 0 0 0 0 0 0 0 70 0 0 0 0 0 0 0 0 0 0 27 0 0 0 0 51 0 0 12 0 0 0 0 0 0 0 0 0 23 0 
0 0 25 78 0 0 0 0 51 0 0 0 0 0 0 0 0 34 0 0 0 0 0 0 93 0 43 53 54 0 0 62 0 0 0 0 0 0 0 0 0 66 0 0 0 0 0 0 0 0 0 0 0 0 0 0 0 0 0 0 0 0 0 86 0 0 0 0 0 0 0 0 0 0 0 0 0 0 0 0 0 0 0 0 0 0 0 19 53 0 0 0 0 0 67 0 0 0 0 53 
0 0 0 0 0 0 0 0 0 0 0 0 0 0 0 0 0 0 0 85 16 0 0 0 0 0 0 0 0 2 0 0 0 0 0 0 0 0 34 0 0 0 0 0 78 0 0 0 0 0 0 0 0 0 0 0 0 0 0 0 0 0 0 0 0 0 0 0 0 51 0 0 0 0 0 0 0 0 0 0 34 0 0 0 0 0 0 33 0 0 0 79 0 7 0 14 0 53 0 0 
0 0 0 0 99 0 0 0 0 0 0 0 87 0 0 0 0 0 0 0 0 0 0 79 0 0 0 0 0 0 0 62 100 0 0 0 0 0 0 0 100 0 0 0 39 0 0 0 0 0 0 0 0 0 0 0 0 0 0 0 0 0 97 0 0 0 0 0 98 0 0 4 0 0 0 0 0 0 0 0 26 0 0 0 0 0 0 49 0 0 0 0 0 0 0 0 19 0 13 0 
0 0 0 0 0 0 0 0 0 0 0 0 0 0 0 0 0 0 0 0 0 0 0 0 8 0 0 0 0 0 0 0 0 0 0 0 0 0 59 0 0 0 0 0 0 40 0 0 18 0 0 0 0 0 0 0 0 88 0 0 0 0 0 0 14 0 0 0 0 0 0 0 0 0 0 0 0 0 0 0 0 32 0 46 22 0 0 0 0 0 0 87 0 57 0 0 0 0 0 77 
0 0 0 41 0 0 0 84 0 0 0 0 48 0 0 0 0 0 28 0 0 0 0 0 0 0 0 0 0 0 0 0 25 0 0 34 0 59 0 0 0 0 0 0 0 0 0 0 0 0 0 0 2 0 0 0 0 0 88 0 0 0 0 0 0 0 0 0 0 0 25 10 0 0 0 31 0 0 0 0 0 0 4 0 0 0 0 0 0 0 0 0 0 0 0 0 0 0 0 0 
0 0 0 0 0 0 0 68 0 0 0 0 0 0 89 0 0 0 0 0 0 0 0 0 0 0 0 0 0 0 0 0 0 0 0 0 0 0 0 0 0 0 68 0 0 0 0 0 40 0 0 0 0 0 0 0 0 0 0 68 0 69 0 0 0 0 0 0 0 0 0 0 0 0 0 0 0 0 0 0 0 0 0 0 0 0 0 0 0 0 0 0 0 0 0 0 0 0 0 0 
18 0 0 0 0 0 0 0 0 0 48 0 0 0 0 0 0 95 0 0 12 0 68 0 0 0 0 0 0 0 0 0 1 0 0 0 100 0 0 0 0 0 0 0 0 0 0 0 0 0 0 0 0 18 0 0 0 0 0 0 0 0 0 0 15 0 0 0 0 0 10 0 0 0 0 0 0 24 0 0 0 0 0 99 0 0 0 96 0 0 0 0 0 0 0 0 0 0 0 0 
0 0 0 0 0 0 0 0 0 0 0 0 0 0 0 0 25 0 70 0 95 0 0 0 0 0 0 0 0 1 0 0 0 0 66 0 0 0 0 0 0 0 0 0 0 0 0 0 0 0 0 0 0 98 0 0 29 0 0 48 12 0 0 0 0 0 0 41 0 0 0 0 59 0 0 0 0 72 0 0 3 0 0 0 0 19 0 0 0 0 0 0 0 0 0 0 55 0 0 0 
0 0 22 0 0 0 0 0 0 0 0 90 0 0 0 0 0 0 0 0 0 0 0 0 0 0 0 0 0 0 0 0 0 0 0 0 0 0 0 68 0 0 0 0 0 19 0 0 0 0 76 94 0 0 0 0 0 25 0 17 0 0 0 48 0 0 0 0 0 0 0 0 0 0 0 0 0 0 0 39 0 0 27 0 0 0 17 0 0 0 0 0 66 90 0 0 88 0 0 0 
0 0 0 0 0 0 0 0 0 0 0 60 0 0 0 0 0 0 0 0 0 0 0 54 0 0 0 1 75 0 0 0 0 0 0 0 0 0 0 0 0 0 0 0 0 0 0 0 0 0 0 37 0 0 0 0 0 0 0 0 0 0 0 0 0 0 0 30 0 0 0 0 79 0 0 50 64 0 29 0 31 90 0 0 0 0 0 0 96 81 0 0 87 0 0 0 0 0 0 0 
0 0 63 2 0 0 0 0 0 0 0 0 0 0 0 0 0 0 0 33 0 53 0 0 0 0 0 0 0 0 0 0 0 0 0 78 39 0 0 0 0 0 0 0 0 0 0 0 0 0 20 0 0 0 0 0 54 0 0 0 19 0 37 0 0 0 0 0 0 20 0 0 0 0 0 0 0 0 0 0 0 0 0 43 0 0 0 0 0 0 0 0 0 0 10 67 0 0 0 39 
0 0 0 0 0 0 0 0 0 0 0 0 0 0 0 0 0 0 0 0 0 0 0 0 0 0 0 0 0 67 0 0 0 0 0 0 0 40 0 0 0 0 19 0 0 0 0 0 90 0 68 0 12 0 92 0 0 0 75 0 25 0 40 38 0 0 0 0 0 0 0 0 0 0 93 79 77 0 0 0 0 0 36 0 0 0 0 0 0 0 0 0 0 0 0 0 0 0 0 0 
0 0 0 0 0 0 0 0 36 0 0 0 0 0 100 0 0 0 0 0 0 3 0 0 31 0 0 0 0 0 14 0 0 0 0 0 0 0 0 0 0 0 0 0 0 0 0 0 0 0 0 0 0 33 65 0 0 0 0 0 0 0 27 0 0 0 63 23 0 0 0 0 0 12 0 0 0 98 0 0 0 78 0 0 0 0 0 25 0 0 25 0 0 0 0 0 0 0 0 0 
0 40 0 0 0 27 0 82 8 17 0 0 0 0 10 99 0 0 0 0 0 0 0 62 0 0 0 0 0 0 0 0 0 0 0 0 0 0 0 0 0 0 0 0 0 0 0 0 0 0 0 0 0 0 0 0 0 0 0 0 0 0 0 0 0 0 0 0 0 0 0 0 0 0 0 25 0 0 55 0 4 0 0 0 0 0 0 0 0 0 0 0 0 0 0 0 0 0 0 0 
58 0 0 4 0 0 0 0 0 0 0 0 0 0 0 0 0 0 0 0 0 0 0 0 0 0 0 0 0 58 0 64 0 0 0 0 0 18 0 40 0 0 0 0 0 90 0 0 0 4 56 0 0 63 0 0 0 0 0 95 0 0 0 95 0 0 0 0 0 0 0 0 0 0 0 0 0 0 0 0 19 0 0 0 0 0 0 0 0 37 0 0 0 0 0 0 48 0 0 0 
0 0 5 0 0 0 0 0 0 0 0 0 0 0 0 7 0 0 0 0 75 0 0 0 0 0 80 0 0 0 10 0 1 0 0 0 0 0 0 0 0 0 0 0 0 0 0 0 4 0 19 0 0 0 9 0 0 0 0 0 63 0 0 0 0 0 0 0 0 0 0 0 0 0 0 0 0 0 12 0 0 0 0 37 0 0 0 0 65 0 0 0 0 0 0 0 0 99 0 0 
0 0 0 0 0 23 0 0 0 13 0 0 0 61 0 0 0 0 1 0 0 0 0 19 0 0 0 0 0 0 0 0 0 0 0 0 0 0 0 0 0 0 76 0 20 68 0 0 56 19 0 0 0 0 0 0 0 0 0 0 53 0 0 0 0 0 0 0 0 0 0 0 0 0 0 0 0 0 0 0 0 69 0 0 0 0 0 0 0 0 5 0 0 0 0 0 0 89 0 0 
0 0 0 47 0 0 0 22 0 0 0 0 0 0 0 0 0 0 94 0 0 0 0 0 0 0 0 0 0 0 0 0 0 0 0 0 0 0 0 0 0 0 94 37 0 0 0 0 0 0 0 0 0 100 0 0 0 0 0 0 0 89 0 0 0 0 0 0 0 15 0 0 35 0 59 0 11 57 0 0 78 0 0 0 0 0 61 0 0 0 0 0 0 0 0 0 0 25 0 0 
0 0 0 0 0 0 0 0 48 14 0 0 0 0 0 0 0 0 27 0 71 0 0 0 0 69 0 0 82 0 72 0 0 0 0 0 0 0 2 0 0 0 0 0 0 12 0 0 0 0 0 0 0 0 0 0 0 0 65 0 0 0 0 0 0 0 0 0 0 0 0 0 0 0 0 0 0 0 0 0 0 0 54 0 54 0 0 0 0 0 73 0 0 30 0 0 0 0 0 42 
0 0 56 74 56 0 0 0 0 0 0 29 0 0 0 0 0 0 0 0 0 0 0 0 0 0 0 33 0 0 0 0 0 42 0 0 0 0 0 0 18 98 0 0 0 0 33 0 63 0 0 100 0 0 43 0 0 0 0 0 0 0 0 0 0 0 0 0 0 0 0 0 0 60 0 0 0 0 0 0 23 20 0 0 0 0 0 0 0 0 0 0 0 0 0 0 0 0 0 0 
0 0 0 0 40 0 0 0 0 0 0 0 0 0 48 69 0 0 0 0 0 0 0 0 0 0 0 0 0 0 0 0 0 62 0 0 0 0 0 0 0 0 0 0 0 92 65 0 0 9 0 0 0 43 0 0 59 0 0 0 0 0 0 0 0 0 0 0 0 0 0 0 0 0 24 0 0 0 0 0 0 57 0 22 0 0 0 0 0 0 0 0 0 74 0 19 0 0 0 84 
0 0 0 0 0 0 0 0 0 31 0 0 0 47 0 0 0 0 23 0 0 46 0 0 0 0 0 0 0 0 0 91 0 80 0 0 0 0 0 0 0 0 0 0 0 0 0 0 0 0 0 0 0 0 0 0 0 0 0 0 0 0 0 0 0 0 0 0 0 0 0 0 0 0 0 0 0 0 0 0 72 0 0 0 0 0 0 0 0 0 0 0 0 0 0 0 0 0 0 0 
0 0 0 14 0 0 0 31 0 0 0 82 0 0 0 0 0 56 0 0 0 0 0 0 0 9 0 0 0 0 0 0 0 0 0 0 0 0 0 0 0 29 0 0 54 0 0 0 0 0 0 0 0 0 59 0 0 0 0 0 0 0 75 60 0 0 0 0 0 0 78 0 0 82 0 0 83 0 0 0 0 0 0 0 0 0 0 0 0 0 0 0 0 62 0 1 0 0 0 0 
0 0 0 0 0 0 58 0 0 0 0 0 0 0 0 0 0 70 0 0 73 0 0 0 22 0 0 0 0 0 0 0 0 0 0 0 0 88 0 0 0 0 25 0 0 0 0 0 0 0 0 0 0 0 0 0 0 0 42 0 0 0 0 0 0 0 0 0 0 0 0 0 85 0 27 0 0 0 0 0 0 0 0 0 83 66 0 0 0 53 0 0 0 26 0 0 0 0 0 0 
0 0 0 0 0 0 0 0 0 0 0 0 15 0 0 0 0 15 3 0 0 23 0 0 0 57 0 25 0 0 0 0 0 0 0 0 0 0 88 0 0 0 0 0 0 75 0 0 0 0 0 0 65 0 0 0 0 42 0 0 89 0 0 0 0 0 0 0 0 0 0 0 0 0 0 0 0 0 0 0 0 0 0 0 0 0 0 88 0 0 0 0 29 0 0 0 0 0 0 0 
0 0 0 0 0 0 0 0 0 0 0 0 92 0 58 0 20 0 0 0 0 0 80 0 47 0 0 0 0 0 0 0 0 0 0 0 0 0 0 68 0 48 17 0 0 0 0 0 95 0 0 0 0 0 0 0 0 0 0 0 23 51 0 0 0 0 0 0 0 0 0 0 0 0 0 88 0 0 0 0 0 0 0 0 0 0 0 0 0 0 0 0 0 0 0 0 0 0 39 0 
0 0 0 0 0 39 0 0 0 0 0 0 0 0 0 30 0 0 0 0 0 85 0 0 0 0 0 0 0 0 0 0 0 0 0 0 0 0 0 0 0 12 0 0 19 25 0 0 0 63 53 0 0 0 0 0 0 0 89 23 0 0 0 0 0 0 0 0 0 0 0 0 0 0 0 0 0 43 0 0 0 0 0 0 0 53 0 0 0 0 0 0 0 0 0 0 27 0 0 0 
0 48 0 0 0 0 0 0 0 0 51 0 0 0 0 0 0 0 0 0 0 0 52 0 11 0 0 44 0 0 0 0 0 0 0 0 0 0 0 69 0 0 0 0 0 0 0 0 0 0 0 89 0 0 0 0 0 0 0 51 0 0 0 17 0 0 8 0 0 76 0 0 92 0 0 0 0 0 0 0 0 0 0 0 17 0 0 78 0 0 0 0 0 82 0 0 0 0 0 0 
0 0 0 0 0 0 0 0 0 0 0 0 0 0 0 0 0 0 0 0 0 11 0 99 0 0 0 0 0 0 0 0 0 0 0 0 97 0 0 0 0 0 0 0 37 40 27 0 0 0 0 0 0 0 0 0 75 0 0 0 0 0 0 0 0 0 0 0 0 0 89 0 0 0 0 44 0 0 0 0 0 0 83 49 0 0 0 0 66 0 0 0 0 0 22 0 0 0 0 0 
0 0 0 0 0 0 0 0 40 0 0 0 0 0 0 43 0 0 21 0 0 0 0 0 0 0 0 58 0 0 0 0 0 0 86 0 0 0 0 0 0 0 48 0 0 38 0 0 95 0 0 0 0 0 0 0 60 0 0 0 0 17 0 0 0 0 25 0 25 0 63 0 0 0 0 0 0 0 0 0 0 0 0 0 0 0 0 0 0 0 22 0 0 0 0 0 0 43 0 0 
23 0 0 0 0 0 0 0 24 75 0 0 0 0 0 0 0 0 0 0 0 0 0 0 56 0 0 0 0 0 0 0 0 0 0 0 0 14 0 0 15 0 0 0 0 0 0 0 0 0 0 0 0 0 0 0 0 0 0 0 0 0 0 0 0 0 0 0 48 0 0 0 0 31 0 0 0 0 0 0 0 0 22 0 0 0 32 0 0 0 0 0 0 0 0 0 0 0 0 0 
0 0 71 0 0 0 0 0 0 0 58 0 0 0 42 0 0 0 0 0 0 0 0 0 0 0 0 0 7 0 0 0 0 0 0 0 0 0 0 0 0 0 0 0 0 0 0 0 0 0 0 0 0 0 0 0 0 0 0 0 0 0 0 0 0 0 89 0 0 0 0 0 0 0 0 0 0 0 0 0 0 0 0 0 0 0 0 0 0 0 0 0 0 26 0 0 92 4 39 70 
0 0 0 0 0 0 0 0 0 0 0 0 0 0 0 0 97 0 0 0 0 0 80 89 10 0 0 0 0 0 0 0 0 0 0 0 0 0 0 0 0 0 0 0 0 0 63 0 0 0 0 0 0 0 0 0 0 0 0 0 0 8 0 25 0 89 0 0 0 0 0 0 0 0 0 31 0 0 0 0 0 0 0 0 0 75 0 0 0 0 44 58 74 0 0 0 0 0 0 0 
0 0 0 0 0 0 0 91 0 15 0 30 0 0 0 0 0 0 0 0 0 0 0 0 0 0 73 0 0 34 0 0 0 0 0 0 0 0 0 0 0 41 0 30 0 0 23 0 0 0 0 0 0 0 0 0 0 0 0 0 0 0 0 0 0 0 0 0 27 0 0 0 0 0 0 0 0 34 0 0 0 0 0 0 57 0 0 0 16 0 0 50 0 0 0 43 0 0 0 0 
0 0 0 0 0 0 0 0 0 0 0 0 0 0 0 0 49 0 0 0 52 0 23 0 0 0 0 97 0 0 0 0 59 0 0 0 98 0 0 0 0 0 0 0 0 0 0 0 0 0 0 0 0 0 0 0 0 0 0 0 0 0 0 25 48 0 0 27 0 0 0 56 0 0 0 0 0 0 0 0 0 0 90 0 0 0 0 0 0 0 0 0 0 0 54 60 0 97 0 55 
0 0 0 0 0 0 0 0 0 0 0 0 0 0 46 87 0 0 0 0 0 0 0 0 0 0 0 0 0 0 0 0 0 70 0 51 0 0 0 0 0 0 0 0 20 0 0 0 0 0 0 15 0 0 0 0 0 0 0 0 0 76 0 0 0 0 0 0 0 0 0 0 0 0 0 0 0 0 28 70 0 0 0 0 0 0 0 14 72 0 0 0 81 0 0 0 0 0 0 68 
0 0 33 15 0 0 0 0 0 0 0 0 0 0 0 0 27 19 0 0 0 0 0 0 0 0 0 0 55 0 100 0 0 0 0 0 0 0 25 0 10 0 0 0 0 0 0 0 0 0 0 0 0 0 0 0 78 0 0 0 0 0 89 63 0 0 0 0 0 0 0 0 0 0 0 0 24 0 0 0 0 0 0 0 0 23 77 0 0 0 0 50 0 0 0 0 0 0 0 0 
0 0 0 0 0 0 0 0 0 0 0 47 0 0 94 0 0 0 0 0 0 0 0 0 0 36 0 0 74 0 99 0 0 0 0 0 4 0 10 0 0 0 0 0 0 0 0 0 0 0 0 0 0 0 0 0 0 0 0 0 0 0 0 0 0 0 0 0 56 0 0 0 24 0 0 0 0 0 0 0 0 74 0 0 39 0 0 0 0 0 0 0 0 0 0 0 0 0 0 0 
0 30 0 0 0 51 0 0 0 99 0 0 0 0 0 0 0 0 0 9 0 0 55 0 0 0 0 0 0 0 100 0 0 0 0 0 0 0 0 0 0 59 0 79 0 0 0 0 0 0 0 35 0 0 0 0 0 85 0 0 0 92 0 0 0 0 0 0 0 0 0 24 0 0 0 0 0 0 0 0 0 94 0 0 0 89 0 0 0 0 0 0 0 0 0 0 0 0 0 5 
0 0 0 0 0 0 69 0 0 0 0 89 0 0 0 0 64 0 0 9 0 0 0 0 0 0 0 0 0 0 0 0 0 0 0 0 0 0 0 0 0 0 0 0 0 0 12 0 0 0 0 0 0 60 0 0 82 0 0 0 0 0 0 0 31 0 0 0 0 0 0 0 0 0 94 23 60 0 0 0 0 0 0 0 0 0 0 0 0 0 0 0 0 67 0 44 0 0 0 0 
0 0 0 0 40 0 0 0 0 73 0 0 0 0 0 0 0 0 0 0 0 0 0 0 0 0 0 0 77 0 0 0 0 0 0 0 0 0 0 0 0 0 0 0 0 93 0 0 0 0 0 59 0 0 24 0 0 27 0 0 0 0 0 0 0 0 0 0 0 0 0 0 0 94 0 78 0 0 0 0 0 0 0 0 0 0 0 0 0 0 0 0 70 0 0 0 0 0 0 0 
0 68 0 0 0 0 0 0 9 0 0 0 0 0 0 0 0 0 0 0 0 62 0 0 0 0 0 0 0 0 72 0 0 0 0 0 0 0 31 0 0 0 0 50 0 79 0 25 0 0 0 0 0 0 0 0 0 0 0 88 0 0 44 0 0 0 31 0 0 0 0 0 0 23 78 0 0 0 0 0 0 0 0 0 0 0 0 0 0 0 0 0 0 0 0 0 0 0 0 0 
0 0 63 0 0 0 0 0 0 0 0 0 0 0 0 0 45 73 0 0 0 0 0 0 0 0 64 0 0 0 0 34 0 0 0 0 0 0 0 0 0 0 0 64 0 77 0 0 0 0 0 11 0 0 0 0 83 0 0 0 0 0 0 0 0 0 0 0 0 0 24 0 0 60 0 0 0 0 0 0 0 0 0 0 97 0 0 0 48 0 61 0 0 0 0 0 10 0 0 0 
23 0 0 0 6 0 64 0 0 0 0 0 46 0 0 0 0 0 0 0 0 0 0 0 0 0 0 0 0 0 0 0 0 0 0 0 0 0 0 0 24 72 0 0 0 0 98 0 0 0 0 57 0 0 0 0 0 0 0 0 43 0 0 0 0 0 0 34 0 0 0 0 0 0 0 0 0 0 0 0 0 0 0 52 0 0 0 0 0 0 0 0 10 0 0 0 47 0 0 0 
0 0 0 0 0 0 0 0 0 0 89 0 0 0 0 0 0 0 0 0 0 17 0 0 0 0 0 0 61 0 0 0 10 0 0 0 0 0 0 0 0 0 0 29 0 0 0 55 0 12 0 0 0 0 0 0 0 0 0 0 0 0 0 0 0 0 0 0 0 28 0 0 0 0 0 0 0 0 0 0 0 0 0 2 0 0 0 0 49 92 0 0 0 0 0 75 0 0 0 0 
0 0 0 0 41 98 0 0 0 0 69 0 0 0 0 0 0 0 0 0 0 0 0 0 0 0 0 0 0 75 0 0 83 0 0 0 0 0 0 0 0 0 39 0 0 0 0 0 0 0 0 0 0 0 0 0 0 0 0 0 0 0 0 0 0 0 0 0 0 70 0 0 0 0 0 0 0 0 0 0 0 0 0 0 0 0 0 0 0 0 0 0 0 0 0 23 0 0 0 0 
0 0 0 0 0 21 0 0 0 0 0 0 0 0 0 0 0 88 0 0 0 0 56 0 0 0 0 0 0 0 0 0 47 27 0 34 26 0 0 0 0 3 0 31 0 0 0 4 19 0 0 78 0 23 0 72 0 0 0 0 0 0 0 0 0 0 0 0 0 0 0 0 0 0 0 0 0 0 0 0 0 0 0 0 0 0 0 0 0 0 0 0 17 0 0 0 0 0 0 0 
0 66 0 0 0 0 67 6 0 90 0 0 0 0 0 0 0 0 0 0 0 0 0 0 0 0 21 0 0 0 69 0 0 0 0 0 0 32 0 0 0 0 0 90 0 0 78 0 0 0 69 0 0 20 57 0 0 0 0 0 0 0 0 0 0 0 0 0 0 0 0 74 94 0 0 0 0 0 0 0 0 0 0 0 0 0 0 0 26 0 0 0 0 0 0 0 0 0 0 0 
0 0 95 0 0 0 96 0 0 0 0 0 0 0 0 11 0 0 0 0 0 0 0 37 0 0 9 0 0 0 0 0 0 0 0 0 0 0 4 0 0 0 27 0 0 36 0 0 0 0 0 0 54 0 0 0 0 0 0 0 0 0 83 0 22 0 0 0 90 0 0 0 0 0 0 0 0 0 0 0 0 0 0 0 0 0 82 0 0 38 0 0 0 0 0 0 0 0 0 51 
0 0 72 0 0 0 0 91 0 0 0 0 0 0 0 0 0 41 0 38 0 0 0 0 0 0 0 60 0 0 0 0 0 0 0 0 0 46 0 0 99 0 0 0 43 0 0 0 0 37 0 0 0 0 22 0 0 0 0 0 0 0 49 0 0 0 0 0 0 0 0 0 0 0 0 0 0 52 2 0 0 0 0 0 0 0 0 0 0 0 0 0 0 0 34 0 0 0 0 0 
0 13 0 0 0 0 0 0 0 0 0 0 0 0 0 0 0 0 0 96 0 0 84 0 0 7 0 95 0 0 0 0 0 0 0 0 0 22 0 0 0 0 0 0 0 0 0 0 0 0 0 0 54 0 0 0 0 83 0 0 0 17 0 0 0 0 0 57 0 0 0 39 0 0 0 0 97 0 0 0 0 0 0 0 0 0 0 75 0 26 0 0 0 0 0 0 0 0 0 46 
0 0 0 0 0 0 83 0 0 0 0 0 0 0 0 46 0 68 0 0 3 0 0 0 0 0 65 0 0 0 0 0 0 51 0 0 0 0 0 0 0 19 0 0 0 0 0 0 0 0 0 0 0 0 0 0 0 66 0 0 53 0 0 0 0 0 75 0 0 0 23 0 89 0 0 0 0 0 0 0 0 0 0 0 0 0 0 44 0 0 0 0 0 0 0 0 0 94 0 0 
0 64 0 0 35 0 0 0 0 0 0 0 0 0 0 13 33 0 0 95 0 0 0 0 0 64 0 0 0 0 0 34 0 0 0 0 0 0 0 0 0 0 17 0 0 0 0 0 0 0 0 61 0 0 0 0 0 0 0 0 0 0 0 0 32 0 0 0 0 0 77 0 0 0 0 0 0 0 0 0 0 0 82 0 0 0 0 0 0 0 36 0 0 0 0 47 57 0 0 0 
12 0 0 0 0 0 0 0 0 0 29 0 0 0 0 0 7 0 0 0 0 23 0 0 0 0 0 0 0 0 0 0 0 0 19 33 49 0 0 0 96 0 0 0 0 0 25 0 0 0 0 0 0 0 0 0 0 0 88 0 0 78 0 0 0 0 0 0 0 14 0 0 0 0 0 0 0 0 0 0 0 0 0 0 75 44 0 0 0 0 0 0 0 0 0 0 0 0 91 0 
0 0 0 0 0 0 0 0 0 0 0 0 0 0 0 0 0 0 0 0 0 43 0 0 0 0 0 0 0 0 64 95 0 12 53 0 0 0 0 0 0 0 0 96 0 0 0 0 0 65 0 0 0 0 0 0 0 0 0 0 0 0 66 0 0 0 0 16 0 72 0 0 0 0 0 0 48 0 49 0 0 26 0 0 0 0 0 0 0 0 0 0 90 0 74 0 0 0 0 0 
0 0 0 0 0 92 0 0 0 78 71 0 0 13 0 0 80 0 0 99 0 0 0 87 0 0 0 0 0 0 0 0 0 0 0 0 0 0 0 0 0 0 0 81 0 0 0 0 37 0 0 0 0 0 0 0 0 53 0 0 0 0 0 0 0 0 0 0 0 0 0 0 0 0 0 0 0 0 92 0 0 0 38 0 26 0 0 0 0 0 0 0 0 0 0 0 0 0 0 0 
0 0 0 50 0 0 0 0 0 0 0 0 0 0 0 61 0 0 0 0 0 0 0 0 12 0 55 78 6 0 0 0 0 0 0 0 0 0 0 0 0 0 0 0 0 0 25 0 0 0 5 0 73 0 0 0 0 0 0 0 0 0 0 22 0 0 44 0 0 0 0 0 0 0 0 0 61 0 0 0 0 0 0 0 0 0 36 0 0 0 0 70 0 0 60 0 0 0 0 0 
0 51 0 0 0 0 70 0 0 0 0 0 0 0 0 0 0 0 0 0 0 0 0 0 0 0 0 0 0 0 0 64 0 0 0 79 0 87 0 0 0 0 0 0 0 0 0 0 0 0 0 0 0 0 0 0 0 0 0 0 0 0 0 0 0 0 58 50 0 0 50 0 0 0 0 0 0 0 0 0 0 0 0 0 0 0 0 0 0 0 70 0 0 0 0 0 0 0 79 0 
0 0 0 0 0 0 0 88 0 0 0 0 0 0 0 0 0 0 17 0 0 0 0 0 25 0 0 0 0 0 0 0 0 0 0 0 0 0 0 0 0 0 66 87 0 0 0 0 0 0 0 0 0 0 0 0 0 0 29 0 0 0 0 0 0 0 74 0 0 81 0 0 0 0 70 0 0 10 0 0 17 0 0 0 0 0 0 0 90 0 0 0 0 0 0 0 0 0 0 0 
0 0 0 0 0 81 0 0 0 0 0 0 0 0 0 0 0 0 89 0 0 0 0 0 0 0 0 0 0 0 0 0 0 0 0 7 0 57 0 0 0 0 90 0 0 0 0 0 0 0 0 0 30 0 74 0 62 26 0 0 0 82 0 0 0 26 0 0 0 0 0 0 0 67 0 0 0 0 0 0 0 0 0 0 0 0 0 0 0 0 0 0 0 0 63 0 0 0 0 0 
0 0 0 0 0 88 0 0 95 0 0 0 43 0 0 0 0 0 0 0 0 0 74 0 0 91 60 0 0 0 0 0 0 0 67 0 0 0 0 0 0 0 0 0 10 0 0 0 0 0 0 0 0 0 0 0 0 0 0 0 0 0 22 0 0 0 0 0 54 0 0 0 0 0 0 0 0 0 0 0 0 0 0 34 0 0 0 0 74 0 60 0 0 63 0 0 91 0 0 0 
0 0 0 0 0 0 0 0 0 0 0 0 0 1 0 42 37 0 0 0 0 0 0 0 0 0 0 77 21 0 0 0 0 0 0 14 0 0 0 0 0 0 0 0 67 0 0 0 0 0 0 0 0 0 19 0 1 0 0 0 0 0 0 0 0 0 0 43 60 0 0 0 0 44 0 0 0 0 75 23 0 0 0 0 0 0 47 0 0 0 0 0 0 0 0 0 0 0 0 0 
85 0 0 0 0 0 0 0 0 0 0 0 0 0 2 0 0 24 0 0 0 14 0 0 0 0 0 0 0 0 0 0 83 0 0 0 19 0 0 0 0 55 88 0 0 0 0 0 48 0 0 0 0 0 0 0 0 0 0 0 27 0 0 0 0 92 0 0 0 0 0 0 0 0 0 0 10 47 0 0 0 0 0 0 0 0 57 0 0 0 0 0 0 0 91 0 0 0 0 0 
0 0 0 0 0 0 0 0 0 0 0 0 68 0 0 0 0 0 0 84 0 0 0 0 42 0 0 0 0 0 9 0 0 0 0 53 0 0 0 0 0 0 0 0 0 0 0 0 0 99 89 25 0 0 0 0 0 0 0 0 0 0 0 43 0 4 0 0 97 0 0 0 0 0 0 0 0 0 0 0 0 0 0 0 0 94 0 0 0 0 0 0 0 0 0 0 0 0 0 0 
0 0 0 0 0 0 43 0 0 0 0 0 0 0 0 0 0 0 0 0 0 0 0 0 0 0 0 0 5 0 0 0 0 23 0 0 13 0 0 0 0 0 0 0 0 0 0 0 0 0 0 0 0 0 0 0 0 0 0 39 0 0 0 0 0 39 0 0 0 0 0 0 0 0 0 0 0 0 0 0 0 0 0 0 0 0 0 91 0 0 0 79 0 0 0 0 0 0 0 0 
0 0 0 0 0 0 3 0 0 0 0 77 46 0 0 0 0 0 0 0 0 0 0 0 0 0 0 0 0 36 0 0 0 0 53 0 0 77 0 0 0 0 0 0 39 0 0 0 0 0 0 0 42 0 84 0 0 0 0 0 0 0 0 0 0 70 0 0 55 68 0 0 5 0 0 0 0 0 0 0 0 0 51 0 46 0 0 0 0 0 0 0 0 0 0 0 0 0 0 0 
