0 0 0 0 274 0 0 0 0 303 0 0 0 0 0 0 0 0 0 180 0 0 0 0 0 0 0 0 0 0 0 0 0 0 0 0 0 0 178 463 0 0 0 0 0 0 0 0 276 0 0 0 238 57 0 0 0 0 0 0 0 0 0 0 0 0 437 331 0 185 0 399 0 0 0 0 0 0 448 0 0 0 0 0 0 0 0 153 0 0 0 0 0 0 0 0 0 0 0 142 
0 0 0 0 0 0 0 0 0 0 0 0 0 0 0 0 0 0 0 0 0 0 0 0 0 0 0 0 299 0 0 0 0 0 0 82 1 494 262 0 0 0 67 0 0 0 0 0 0 106 0 0 0 0 0 0 0 0 0 0 0 0 0 0 0 372 0 0 0 0 0 0 0 0 0 0 0 0 0 0 0 0 0 0 0 0 0 0 0 0 482 0 0 0 191 492 0 0 0 0 
0 0 0 0 0 0 0 0 0 0 0 0 0 0 0 0 0 0 373 0 0 0 0 0 322 0 0 0 0 69 0 0 0 0 0 366 0 0 0 0 0 379 0 0 0 0 0 0 384 0 0 0 0 437 0 0 0 0 0 0 0 0 0 0 0 0 0 0 0 0 0 0 0 138 0 0 0 0 0 41 0 0 0 0 0 192 0 0 0 487 418 482 0 0 73 0 0 0 0 0 
0 0 0 0 0 0 221 0 0 0 0 0 76 0 0 0 261 0 0 0 0 0 0 0 0 0 0 0 0 214 0 0 0 0 0 0 0 321 0 0 35 226 0 0 0 0 0 0 0 0 402 0 0 0 0 0 0 0 158 0 489 0 0 358 0 0 0 0 0 0 23 0 0 0 0 0 0 0 0 0 0 0 0 198 0 0 0 0 0 0 0 0 0 0 0 0 144 0 279 0 
274 0 0 0 0 0 0 409 0 0 0 37 0 0 0 0 0 0 0 0 0 0 0 0 0 0 0 116 0 0 0 0 0 0 0 0 0 0 0 0 0 0 0 0 0 0 0 0 0 0 0 0 0 0 0 0 0 0 0 0 0 281 0 0 0 0 0 0 0 0 0 0 0 0 0 0 0 0 0 0 0 0 0 0 379 0 0 0 346 0 0 279 0 0 128 107 0 0 0 0 
0 0 0 0 0 0 0 0 0 0 376 0 0 0 0 0 0 0 0 0 357 0 0 0 0 499 349 0 0 0 0 0 0 0 0 0 0 0 440 0 0 0 0 0 0 0 0 204 0 0 0 0 265 331 0 0 0 322 0 0 0 0 0 497 0 0 0 0 0 0 0 0 0 0 0 0 0 0 0 0 0 0 387 0 0 0 363 0 0 0 0 0 0 0 334 0 0 0 0 0 
0 0 0 221 0 0 0 0 0 17 0 0 0 0 0 0 0 0 0 0 0 0 0 0 0 0 0 0 0 0 0 0 487 0 0 0 0 0 356 0 0 0 234 201 0 0 147 0 0 0 0 0 0 0 0 0 0 102 296 0 491 158 0 0 0 0 0 0 0 6 0 0 391 0 0 0 0 290 0 0 0 0 0 0 0 0 0 0 0 0 0 0 0 0 0 0 0 0 0 0 
0 0 0 0 409 0 0 0 0 0 0 0 0 0 0 336 0 0 0 0 0 0 479 232 0 0 0 0 0 0 0 347 0 0 0 0 0 0 0 0 0 0 0 118 0 0 0 0 364 0 0 0 0 264 0 0 0 0 0 0 0 0 0 0 128 0 0 0 0 0 0 65 0 0 0 0 0 0 0 0 0 0 0 0 0 0 0 208 0 0 0 86 469 470 0 0 0 256 0 0 
0 0 0 0 0 0 0 0 0 0 437 0 0 0 0 0 0 465 0 0 0 0 292 0 0 2 0 0 0 0 464 0 32 0 0 0 275 0 0 0 0 286 0 0 0 0 0 0 412 0 0 0 0 495 0 0 179 0 0 0 0 0 0 0 0 392 0 0 0 212 0 157 0 0 0 0 0 0 0 0 0 0 0 0 0 0 0 0 0 353 0 0 0 0 0 0 0 0 0 0 
303 0 0 0 0 0 17 0 0 0 0 0 0 38 367 0 0 0 321 0 83 447 0 0 0 156 0 201 0 0 0 0 0 0 0 0 0 0 0 0 0 0 0 0 0 0 0 0 0 0 0 0 0 0 0 0 0 0 0 0 0 0 0 0 0 0 0 0 0 0 0 0 0 0 0 0 0 0 0 0 22 0 0 0 0 216 0 0 279 0 0 119 0 479 0 0 0 0 408 0 
0 0 0 0 0 376 0 0 437 0 0 0 0 0 366 0 0 0 0 0 0 0 0 89 0 0 0 0 0 0 0 319 0 0 0 0 0 241 0 0 0 0 0 0 58 0 0 0 0 0 0 359 427 0 191 0 0 98 0 0 0 0 0 0 0 0 454 0 0 0 0 0 0 0 0 0 333 0 0 12 0 0 0 0 0 0 0 0 0 0 0 0 0 0 0 0 0 365 0 0 
0 0 0 0 37 0 0 0 0 0 0 0 0 0 0 0 0 0 0 0 0 0 0 0 0 0 0 62 0 0 0 0 0 0 138 0 93 0 256 22 0 0 0 0 0 0 0 0 0 0 0 0 0 395 0 0 0 180 0 143 0 0 0 0 0 0 0 0 0 0 0 0 413 0 0 0 0 428 448 0 17 0 0 0 0 0 0 0 0 0 0 0 0 0 83 0 0 15 0 0 
0 0 0 76 0 0 0 0 0 0 0 0 0 0 0 216 0 0 15 0 0 0 477 0 0 0 162 0 0 0 0 0 0 0 0 0 0 0 0 68 0 174 0 0 0 0 0 0 0 0 0 0 0 382 0 0 0 0 0 0 0 0 21 0 0 0 0 0 0 0 0 0 0 0 0 0 0 0 0 0 0 0 0 97 0 0 0 0 0 0 443 142 11 0 0 307 0 0 0 0 
0 0 0 0 0 0 0 0 0 38 0 0 0 0 0 0 0 0 0 86 0 0 0 0 119 0 0 57 0 0 457 0 170 0 0 0 0 0 0 0 0 0 0 0 0 263 0 0 0 0 431 0 48 0 0 0 70 0 0 0 301 0 0 0 0 0 0 350 0 0 0 0 0 0 0 107 0 0 0 0 0 0 0 0 0 0 0 320 156 0 0 0 0 0 0 0 0 0 0 0 
0 0 0 0 0 0 0 0 0 367 366 0 0 0 0 0 0 0 0 0 59 0 0 434 30 0 0 0 0 0 0 0 104 0 0 0 190 283 0 0 0 0 157 0 0 0 0 0 0 0 0 0 0 0 0 0 0 0 0 0 0 0 0 0 0 0 258 0 0 0 0 0 0 0 365 0 0 108 0 0 299 0 0 0 0 0 0 0 0 0 0 0 0 0 0 0 0 59 499 0 
0 0 0 0 0 0 0 336 0 0 0 0 216 0 0 0 0 0 0 482 0 0 0 0 0 0 0 0 0 0 0 0 0 0 0 81 0 0 0 0 0 0 0 0 0 0 0 0 125 0 0 0 0 0 0 334 0 0 216 0 0 0 0 0 0 0 0 0 0 0 0 0 0 0 0 0 0 299 0 0 458 278 0 0 64 0 0 0 0 0 0 0 0 0 0 0 156 0 0 0 
0 0 0 261 0 0 0 0 0 0 0 0 0 0 0 0 0 0 0 0 0 499 0 0 0 0 0 0 0 0 0 0 0 0 0 0 0 403 0 0 0 0 0 0 0 0 0 0 0 0 0 0 0 0 0 239 282 0 0 453 94 0 0 0 205 94 0 0 0 287 203 0 0 0 319 269 0 0 0 0 0 0 0 0 0 0 0 0 0 0 0 0 60 0 0 0 0 0 0 285 
0 0 0 0 0 0 0 0 465 0 0 0 0 0 0 0 0 0 4 207 0 0 0 0 0 0 0 120 0 0 0 0 0 0 0 0 94 0 0 0 0 0 0 0 348 0 0 0 149 0 0 0 0 0 0 0 0 0 0 0 0 219 0 0 0 0 0 0 0 0 436 0 0 0 0 0 0 0 339 0 0 0 0 0 322 0 0 0 0 0 0 0 0 0 0 0 0 0 0 0 
0 0 373 0 0 0 0 0 0 321 0 0 15 0 0 0 0 4 0 0 0 0 0 0 309 0 0 0 0 0 0 0 82 0 0 0 0 0 94 0 172 0 0 0 0 0 0 0 290 0 0 193 0 0 0 0 0 0 0 0 0 0 0 0 0 0 0 0 0 0 417 0 0 0 0 0 0 0 0 0 0 0 0 137 0 0 0 88 0 173 0 0 0 0 0 0 0 40 0 0 
180 0 0 0 0 0 0 0 0 0 0 0 0 86 0 482 0 207 0 0 0 0 0 0 118 0 0 0 294 0 0 0 0 0 0 0 0 0 0 0 36 0 0 98 0 0 0 0 194 80 0 0 0 0 0 0 0 0 0 0 0 0 0 0 175 0 0 0 0 0 0 0 0 0 0 0 0 0 0 330 0 0 0 170 0 476 0 0 0 0 0 0 0 0 0 0 258 0 0 0 
0 0 0 0 0 357 0 0 0 83 0 0 0 0 59 0 0 0 0 0 0 0 0 123 0 0 133 0 0 0 0 0 79 0 0 0 0 0 0 0 0 0 0 0 0 0 122 0 0 63 0 0 0 0 0 0 0 0 285 0 0 0 191 0 272 0 0 0 0 0 0 0 0 0 122 0 0 0 0 0 0 0 0 0 0 0 0 0 394 0 0 0 0 0 0 0 0 0 0 0 
0 0 0 0 0 0 0 0 0 447 0 0 0 0 0 0 499 0 0 0 0 0 0 0 0 0 0 400 0 16 0 38 0 0 0 0 0 0 0 39 0 0 0 0 0 0 205 0 0 40 0 0 0 0 0 0 179 0 0 298 238 0 0 0 111 0 0 0 0 334 0 145 0 0 0 0 0 0 0 0 0 0 110 0 0 0 0 0 0 0 0 0 0 0 0 0 0 0 0 0 
0 0 0 0 0 0 0 479 292 0 0 0 477 0 0 0 0 0 0 0 0 0 0 0 0 0 0 66 0 0 0 0 0 356 0 0 0 0 0 0 0 0 0 409 0 190 0 0 0 0 0 0 0 0 0 0 0 418 0 0 0 0 0 0 0 0 0 0 0 0 0 0 0 0 0 0 286 0 385 0 0 0 0 405 0 0 385 0 0 0 0 0 144 25 180 0 0 0 0 0 
0 0 0 0 0 0 0 232 0 0 89 0 0 0 434 0 0 0 0 0 123 0 0 0 2 0 0 0 48 0 201 0 0 0 0 0 0 0 0 0 0 0 0 0 0 343 0 349 0 0 0 0 0 485 0 0 0 0 0 0 0 166 361 0 0 0 0 0 0 0 0 0 0 0 0 306 0 0 0 391 0 0 0 0 0 0 0 0 0 0 0 0 0 0 0 0 0 487 0 0 
0 0 322 0 0 0 0 0 0 0 0 0 0 119 30 0 0 0 309 118 0 0 0 2 0 0 0 0 0 0 0 0 0 0 0 0 0 0 0 0 0 23 262 0 0 0 0 0 0 487 0 0 0 0 0 0 0 0 0 0 0 0 0 0 0 187 0 0 181 0 0 0 0 0 0 0 363 0 0 0 0 0 0 0 246 0 0 0 0 0 0 0 0 0 0 0 0 0 0 0 
0 0 0 0 0 499 0 0 2 156 0 0 0 0 0 0 0 0 0 0 0 0 0 0 0 0 0 0 0 0 0 0 0 0 0 0 0 0 0 0 0 0 0 0 0 0 0 0 0 0 0 0 0 90 0 63 0 0 0 234 0 0 0 0 0 0 368 0 0 316 0 0 0 0 0 0 238 447 0 0 0 336 0 0 129 0 422 0 0 0 0 383 0 0 0 0 0 452 0 0 
0 0 0 0 0 349 0 0 0 0 0 0 162 0 0 0 0 0 0 0 133 0 0 0 0 0 0 0 0 0 495 0 0 0 0 0 0 28 0 331 79 0 170 0 0 0 0 0 0 0 0 2 0 0 0 0 0 0 0 396 393 0 0 0 0 0 0 0 0 0 0 297 0 0 0 87 0 0 0 0 0 0 0 0 0 400 0 0 0 0 346 0 0 0 0 0 0 0 0 0 
0 0 0 0 116 0 0 0 0 201 0 62 0 57 0 0 0 120 0 0 0 400 66 0 0 0 0 0 0 0 0 0 0 0 0 0 0 0 98 0 0 0 0 0 0 0 0 0 0 0 0 0 0 0 0 0 0 0 0 0 0 0 0 0 0 0 0 0 0 0 0 0 0 0 0 0 0 0 0 0 0 0 0 0 0 0 0 0 0 0 0 0 0 483 0 0 0 0 0 0 
0 299 0 0 0 0 0 0 0 0 0 0 0 0 0 0 0 0 0 294 0 0 0 48 0 0 0 0 0 0 0 0 0 0 0 0 0 0 0 0 0 0 287 0 425 0 0 0 259 0 109 0 0 0 0 203 202 0 0 0 0 0 0 0 0 422 0 0 0 102 0 0 224 0 0 0 0 214 0 0 0 0 0 0 0 0 0 0 2 0 0 0 0 0 0 0 0 0 0 0 
0 0 69 214 0 0 0 0 0 0 0 0 0 0 0 0 0 0 0 0 0 16 0 0 0 0 0 0 0 0 0 0 0 236 0 0 0 0 0 0 0 0 0 0 0 0 0 160 0 0 0 0 0 0 0 0 136 0 0 0 0 0 0 0 0 0 0 0 0 0 0 0 357 0 0 0 0 0 357 0 0 0 0 0 0 0 0 323 0 0 0 0 0 267 0 0 0 0 0 0 
0 0 0 0 0 0 0 0 464 0 0 0 0 457 0 0 0 0 0 0 0 0 0 201 0 0 495 0 0 0 0 0 0 425 0 0 0 0 0 0 0 0 0 0 0 0 0 0 0 0 0 0 0 0 0 0 0 0 166 0 255 31 0 0 0 0 0 195 0 0 0 0 3 0 0 0 0 0 49 0 217 0 0 0 0 0 126 0 0 0 0 0 0 0 0 0 0 0 0 269 
0 0 0 0 0 0 0 347 0 0 319 0 0 0 0 0 0 0 0 0 0 38 0 0 0 0 0 0 0 0 0 0 181 0 83 0 0 0 0 0 0 0 477 0 0 2 0 0 0 0 0 94 0 0 0 0 0 0 0 0 0 0 0 0 356 0 0 0 0 0 0 0 0 89 238 0 0 0 0 107 0 0 0 281 0 0 0 0 0 0 371 0 0 0 0 0 0 0 0 39 
0 0 0 0 0 0 487 0 32 0 0 0 0 170 104 0 0 0 82 0 79 0 0 0 0 0 0 0 0 0 0 181 0 0 0 0 0 0 357 0 0 0 0 0 0 0 0 0 0 0 0 0 0 0 0 0 0 447 0 0 0 0 0 0 0 0 101 18 0 0 0 0 0 0 0 0 0 0 39 0 0 0 0 0 0 0 0 154 0 0 0 0 383 0 0 90 0 0 0 0 
0 0 0 0 0 0 0 0 0 0 0 0 0 0 0 0 0 0 0 0 0 0 356 0 0 0 0 0 0 236 425 0 0 0 0 0 0 0 113 0 499 0 152 0 0 0 0 0 0 0 125 0 0 341 0 0 0 0 0 0 440 0 0 0 0 0 0 0 0 42 0 0 0 424 0 0 0 0 0 0 31 0 0 0 0 0 0 380 0 0 0 0 0 0 0 0 215 11 0 0 
0 0 0 0 0 0 0 0 0 0 0 138 0 0 0 0 0 0 0 0 0 0 0 0 0 0 0 0 0 0 0 83 0 0 0 0 0 0 0 0 0 0 0 0 0 0 0 0 0 0 0 0 0 253 0 0 0 0 0 0 0 0 0 0 0 0 0 0 0 0 0 0 0 0 0 474 0 0 191 0 282 0 0 0 0 0 0 0 0 0 0 0 0 0 0 0 393 0 0 0 
0 82 366 0 0 0 0 0 0 0 0 0 0 0 0 81 0 0 0 0 0 0 0 0 0 0 0 0 0 0 0 0 0 0 0 0 0 318 0 0 0 0 0 0 0 0 0 81 0 0 0 0 117 0 0 0 0 0 0 0 0 0 0 0 0 112 0 458 0 0 0 0 385 0 0 0 0 0 0 0 0 0 0 0 92 0 469 0 0 0 0 254 0 0 0 0 0 0 0 0 
0 1 0 0 0 0 0 0 275 0 0 93 0 0 190 0 0 94 0 0 0 0 0 0 0 0 0 0 0 0 0 0 0 0 0 0 0 0 0 0 0 0 0 0 490 0 0 0 0 0 163 0 0 0 0 0 0 0 380 0 0 0 0 0 0 0 0 0 0 275 0 0 0 203 407 0 0 0 0 0 0 0 0 0 0 77 0 39 298 0 0 0 0 0 0 0 0 0 0 237 
0 494 0 321 0 0 0 0 0 0 241 0 0 0 283 0 403 0 0 0 0 0 0 0 0 0 28 0 0 0 0 0 0 0 0 318 0 0 0 0 0 474 0 213 0 0 0 0 0 0 0 0 0 0 309 0 0 0 0 0 0 0 0 0 0 0 419 0 0 0 0 0 0 0 63 403 0 0 0 0 0 0 0 0 0 0 0 0 0 77 0 0 0 0 291 0 0 0 0 0 
178 262 0 0 0 440 356 0 0 0 0 256 0 0 0 0 0 0 94 0 0 0 0 0 0 0 0 98 0 0 0 0 357 113 0 0 0 0 0 0 439 0 0 0 0 0 0 0 0 0 0 0 0 0 0 0 0 0 0 0 473 177 0 0 0 0 0 0 0 0 0 41 0 0 0 0 0 0 0 0 0 0 0 124 0 0 326 0 0 0 0 0 0 0 0 0 0 0 0 0 
463 0 0 0 0 0 0 0 0 0 0 22 68 0 0 0 0 0 0 0 0 39 0 0 0 0 331 0 0 0 0 0 0 0 0 0 0 0 0 0 0 483 0 0 0 0 0 0 330 0 0 0 0 0 394 0 0 0 0 0 0 0 0 0 0 0 0 0 0 0 0 233 0 0 0 244 0 1 34 0 0 499 0 0 272 0 0 0 0 0 0 19 0 0 0 0 0 0 0 0 
0 0 0 35 0 0 0 0 0 0 0 0 0 0 0 0 0 0 172 36 0 0 0 0 0 0 79 0 0 0 0 0 0 499 0 0 0 0 439 0 0 0 0 0 0 143 0 0 0 0 0 0 0 0 343 0 0 0 0 0 0 0 0 0 0 0 0 0 0 0 0 0 0 0 0 0 0 0 0 0 64 0 0 0 0 0 0 0 0 0 227 0 0 0 0 0 232 0 0 0 
0 0 379 226 0 0 0 0 286 0 0 0 174 0 0 0 0 0 0 0 0 0 0 0 23 0 0 0 0 0 0 0 0 0 0 0 0 474 0 483 0 0 0 0 0 0 0 0 0 0 0 0 413 0 0 0 0 0 414 0 380 296 0 0 0 0 0 0 0 0 356 299 0 0 0 0 0 0 10 0 0 0 0 0 0 0 0 0 190 0 0 0 0 0 0 0 0 0 0 0 
0 67 0 0 0 0 234 0 0 0 0 0 0 0 157 0 0 0 0 0 0 0 0 0 262 0 170 0 287 0 0 477 0 152 0 0 0 0 0 0 0 0 0 0 0 493 0 416 0 0 0 0 0 0 386 0 0 109 0 0 0 0 0 0 0 37 0 0 0 0 0 300 0 0 98 0 0 0 0 0 0 0 0 0 0 0 0 0 0 0 0 0 0 0 0 0 0 0 0 0 
0 0 0 0 0 0 201 118 0 0 0 0 0 0 0 0 0 0 0 98 0 0 409 0 0 0 0 0 0 0 0 0 0 0 0 0 0 213 0 0 0 0 0 0 0 238 0 0 0 0 0 0 0 0 420 0 0 0 0 0 0 420 0 202 0 0 0 415 0 0 0 360 247 0 0 0 34 0 0 0 0 0 0 0 0 0 0 0 364 114 0 0 0 0 0 0 0 0 0 0 
0 0 0 0 0 0 0 0 0 0 58 0 0 0 0 0 0 348 0 0 0 0 0 0 0 0 0 0 425 0 0 0 0 0 0 0 490 0 0 0 0 0 0 0 0 0 371 0 0 0 0 0 41 0 0 0 0 0 0 0 0 391 394 0 0 191 0 0 0 0 0 0 0 0 0 0 354 0 0 346 0 0 0 0 0 0 0 0 0 0 0 0 0 0 0 268 0 0 222 0 
0 0 0 0 0 0 0 0 0 0 0 0 0 263 0 0 0 0 0 0 0 0 190 343 0 0 0 0 0 0 0 2 0 0 0 0 0 0 0 0 143 0 493 238 0 0 0 0 0 0 0 0 0 0 0 0 0 281 0 0 0 0 0 430 279 0 0 0 0 0 0 0 0 0 0 165 0 0 186 0 156 0 0 0 0 0 0 469 0 0 0 0 0 0 0 0 466 0 0 0 
0 0 0 0 0 0 147 0 0 0 0 0 0 0 0 0 0 0 0 0 122 205 0 0 0 0 0 0 0 0 0 0 0 0 0 0 0 0 0 0 0 0 0 0 371 0 0 372 0 0 0 0 0 0 0 0 0 0 0 201 0 0 0 0 0 0 265 0 0 0 0 0 0 204 0 0 53 0 0 0 0 0 0 0 0 0 0 0 0 0 0 0 0 0 0 0 0 0 331 0 
0 0 0 0 0 204 0 0 0 0 0 0 0 0 0 0 0 0 0 0 0 0 0 349 0 0 0 0 0 160 0 0 0 0 0 81 0 0 0 0 0 0 416 0 0 0 372 0 0 0 0 0 0 0 0 0 0 0 0 0 0 0 0 0 0 0 0 0 0 0 0 0 378 0 0 0 0 0 0 0 0 0 294 0 0 0 0 0 0 0 0 0 0 0 0 0 0 0 0 0 
276 0 384 0 0 0 0 364 412 0 0 0 0 0 0 125 0 149 290 194 0 0 0 0 0 0 0 0 259 0 0 0 0 0 0 0 0 0 0 330 0 0 0 0 0 0 0 0 0 0 0 0 0 0 0 0 0 0 0 0 376 0 71 0 0 0 0 0 0 0 0 0 0 0 0 0 0 394 0 0 0 0 67 0 0 0 0 0 40 0 0 0 0 0 0 0 0 0 0 0 
0 106 0 0 0 0 0 0 0 0 0 0 0 0 0 0 0 0 0 80 63 40 0 0 487 0 0 0 0 0 0 0 0 0 0 0 0 0 0 0 0 0 0 0 0 0 0 0 0 0 33 0 0 0 0 0 0 0 0 0 0 0 0 0 0 0 328 0 0 0 0 0 0 0 0 0 0 0 0 0 0 168 0 379 0 480 0 0 0 0 0 488 0 385 0 466 0 0 0 51 
0 0 0 402 0 0 0 0 0 0 0 0 0 431 0 0 0 0 0 0 0 0 0 0 0 0 0 0 109 0 0 0 0 125 0 0 163 0 0 0 0 0 0 0 0 0 0 0 0 33 0 0 0 0 0 27 0 0 0 0 0 0 0 0 0 0 0 0 0 0 0 0 0 0 0 0 0 0 461 0 0 0 0 0 0 0 0 0 0 0 0 0 0 0 460 0 0 0 301 0 
0 0 0 0 0 0 0 0 0 0 359 0 0 0 0 0 0 0 193 0 0 0 0 0 0 0 2 0 0 0 0 94 0 0 0 0 0 0 0 0 0 0 0 0 0 0 0 0 0 0 0 0 0 0 0 0 0 0 0 0 0 0 0 0 329 0 159 0 0 0 0 134 0 425 0 0 0 0 0 9 0 0 0 0 205 0 0 0 0 111 0 209 0 0 0 0 150 0 0 0 
238 0 0 0 0 265 0 0 0 0 427 0 0 48 0 0 0 0 0 0 0 0 0 0 0 0 0 0 0 0 0 0 0 0 0 117 0 0 0 0 0 413 0 0 41 0 0 0 0 0 0 0 0 0 0 0 0 0 0 0 0 0 0 0 0 0 0 0 0 0 15 170 0 159 455 0 0 0 0 0 0 0 0 0 0 0 0 0 0 0 0 0 0 0 0 0 169 0 0 461 
57 0 437 0 0 331 0 264 495 0 0 395 382 0 0 0 0 0 0 0 0 0 0 485 0 90 0 0 0 0 0 0 0 341 253 0 0 0 0 0 0 0 0 0 0 0 0 0 0 0 0 0 0 0 0 64 0 163 0 0 0 0 0 216 0 0 0 0 0 0 0 0 0 0 0 0 0 0 0 0 0 0 0 0 0 0 0 0 0 0 0 0 0 366 0 0 0 0 0 0 
0 0 0 0 0 0 0 0 0 0 191 0 0 0 0 0 0 0 0 0 0 0 0 0 0 0 0 0 0 0 0 0 0 0 0 0 0 309 0 394 343 0 386 420 0 0 0 0 0 0 0 0 0 0 0 0 0 0 0 417 0 0 0 423 0 0 0 0 0 205 0 7 0 0 0 0 0 296 0 0 0 0 0 0 102 0 0 0 230 0 0 0 357 0 0 0 0 0 441 0 
0 0 0 0 0 0 0 0 0 0 0 0 0 0 0 334 239 0 0 0 0 0 0 0 0 63 0 0 203 0 0 0 0 0 0 0 0 0 0 0 0 0 0 0 0 0 0 0 0 0 27 0 0 64 0 0 0 0 0 0 0 467 0 0 0 0 441 0 0 0 0 0 0 0 0 0 141 0 293 0 196 0 0 0 0 0 0 500 0 0 0 0 415 0 0 0 0 26 0 0 
0 0 0 0 0 0 0 0 179 0 0 0 0 70 0 0 282 0 0 0 0 179 0 0 0 0 0 0 202 136 0 0 0 0 0 0 0 0 0 0 0 0 0 0 0 0 0 0 0 0 0 0 0 0 0 0 0 0 247 0 0 0 0 0 0 0 0 0 372 0 0 0 0 0 0 0 0 0 0 0 322 0 202 0 0 0 0 0 312 0 0 0 0 0 22 0 0 0 0 0 
0 0 0 0 0 322 102 0 0 0 98 180 0 0 0 0 0 0 0 0 0 0 418 0 0 0 0 0 0 0 0 0 447 0 0 0 0 0 0 0 0 0 109 0 0 281 0 0 0 0 0 0 0 163 0 0 0 0 0 196 0 0 0 256 0 0 0 159 0 30 0 0 0 0 342 0 0 0 0 0 0 0 0 0 0 0 0 0 0 0 492 0 0 0 0 0 0 0 0 0 
0 0 0 158 0 0 296 0 0 0 0 0 0 0 0 216 0 0 0 0 285 0 0 0 0 0 0 0 0 0 166 0 0 0 0 0 380 0 0 0 0 414 0 0 0 0 0 0 0 0 0 0 0 0 0 0 247 0 0 0 0 0 0 0 0 0 0 0 0 0 0 0 0 0 285 163 0 0 0 0 0 0 124 0 0 0 0 0 222 0 94 0 0 0 0 0 0 489 0 172 
0 0 0 0 0 0 0 0 0 0 0 143 0 0 0 0 453 0 0 0 0 298 0 0 0 234 396 0 0 0 0 0 0 0 0 0 0 0 0 0 0 0 0 0 0 0 201 0 0 0 0 0 0 0 417 0 0 196 0 0 0 170 0 0 0 0 0 0 0 0 0 0 0 0 0 0 0 351 0 0 0 0 0 0 0 0 14 0 0 0 0 0 0 0 347 0 0 472 6 117 
0 0 0 489 0 0 491 0 0 0 0 0 0 301 0 0 94 0 0 0 0 238 0 0 0 0 393 0 0 0 255 0 0 440 0 0 0 0 473 0 0 380 0 0 0 0 0 0 376 0 0 0 0 0 0 0 0 0 0 0 0 0 0 490 0 0 0 255 0 0 0 0 0 0 0 0 0 0 0 0 0 0 468 0 0 0 284 0 0 0 0 0 0 0 0 0 0 0 0 0 
0 0 0 0 281 0 158 0 0 0 0 0 0 0 0 0 0 219 0 0 0 0 0 166 0 0 0 0 0 0 31 0 0 0 0 0 0 0 177 0 0 296 0 420 391 0 0 0 0 0 0 0 0 0 0 467 0 0 0 170 0 0 0 0 0 0 0 0 0 0 206 0 0 0 0 0 0 237 0 0 0 0 261 0 0 0 0 0 0 0 0 0 0 460 0 0 0 0 0 0 
0 0 0 0 0 0 0 0 0 0 0 0 21 0 0 0 0 0 0 0 191 0 0 361 0 0 0 0 0 0 0 0 0 0 0 0 0 0 0 0 0 0 0 0 394 0 0 0 71 0 0 0 0 0 0 0 0 0 0 0 0 0 0 24 0 0 0 0 0 0 0 0 0 0 0 0 0 0 0 0 0 0 142 0 0 0 0 0 0 0 344 0 0 0 0 269 0 0 0 0 
0 0 0 358 0 497 0 0 0 0 0 0 0 0 0 0 0 0 0 0 0 0 0 0 0 0 0 0 0 0 0 0 0 0 0 0 0 0 0 0 0 0 0 202 0 430 0 0 0 0 0 0 0 216 423 0 0 256 0 0 490 0 24 0 0 0 0 0 0 0 0 0 0 0 0 348 0 0 0 234 189 0 0 0 0 0 0 0 0 428 0 0 0 180 0 0 0 81 0 0 
0 0 0 0 0 0 0 128 0 0 0 0 0 0 0 0 205 0 0 175 272 111 0 0 0 0 0 0 0 0 0 356 0 0 0 0 0 0 0 0 0 0 0 0 0 279 0 0 0 0 0 329 0 0 0 0 0 0 0 0 0 0 0 0 0 0 0 0 0 0 0 0 0 0 0 0 0 0 0 0 0 0 0 0 0 0 0 0 0 0 0 0 0 0 0 362 0 0 0 0 
0 372 0 0 0 0 0 0 392 0 0 0 0 0 0 0 94 0 0 0 0 0 0 0 187 0 0 0 422 0 0 0 0 0 0 112 0 0 0 0 0 0 37 0 191 0 0 0 0 0 0 0 0 0 0 0 0 0 0 0 0 0 0 0 0 0 0 360 0 292 0 0 0 0 0 0 0 0 0 458 28 0 0 0 0 0 0 0 0 0 0 230 402 0 0 0 0 0 0 0 
437 0 0 0 0 0 0 0 0 0 454 0 0 0 258 0 0 0 0 0 0 0 0 0 0 368 0 0 0 0 0 0 101 0 0 0 0 419 0 0 0 0 0 0 0 0 265 0 0 328 0 159 0 0 0 441 0 0 0 0 0 0 0 0 0 0 0 0 0 0 0 0 415 0 0 0 0 0 0 0 0 1 0 0 0 0 0 0 0 0 0 0 0 0 0 0 333 0 0 0 
331 0 0 0 0 0 0 0 0 0 0 0 0 350 0 0 0 0 0 0 0 0 0 0 0 0 0 0 0 0 195 0 18 0 0 458 0 0 0 0 0 0 0 415 0 0 0 0 0 0 0 0 0 0 0 0 0 159 0 0 255 0 0 0 0 360 0 0 0 0 0 0 0 0 0 0 0 0 0 0 0 0 0 0 0 120 0 0 0 63 167 0 0 0 0 497 0 0 0 0 
0 0 0 0 0 0 0 0 0 0 0 0 0 0 0 0 0 0 0 0 0 0 0 0 181 0 0 0 0 0 0 0 0 0 0 0 0 0 0 0 0 0 0 0 0 0 0 0 0 0 0 0 0 0 0 0 372 0 0 0 0 0 0 0 0 0 0 0 0 0 0 0 0 0 0 0 0 0 0 416 0 459 400 0 0 0 0 0 0 0 0 0 0 0 0 0 261 0 0 0 
185 0 0 0 0 0 6 0 212 0 0 0 0 0 0 0 287 0 0 0 0 334 0 0 0 316 0 0 102 0 0 0 0 42 0 0 275 0 0 0 0 0 0 0 0 0 0 0 0 0 0 0 0 0 205 0 0 30 0 0 0 0 0 0 0 292 0 0 0 0 225 0 0 0 0 0 0 0 0 0 0 0 0 0 0 0 0 0 0 0 0 59 407 0 0 0 0 0 0 0 
0 0 0 23 0 0 0 0 0 0 0 0 0 0 0 0 203 436 417 0 0 0 0 0 0 0 0 0 0 0 0 0 0 0 0 0 0 0 0 0 0 356 0 0 0 0 0 0 0 0 0 0 15 0 0 0 0 0 0 0 0 206 0 0 0 0 0 0 0 225 0 0 0 0 0 0 0 0 0 0 0 0 0 0 0 0 0 0 0 353 0 0 0 0 0 0 11 0 0 0 
399 0 0 0 0 0 0 65 157 0 0 0 0 0 0 0 0 0 0 0 0 145 0 0 0 0 297 0 0 0 0 0 0 0 0 0 0 0 41 233 0 299 300 360 0 0 0 0 0 0 0 134 170 0 7 0 0 0 0 0 0 0 0 0 0 0 0 0 0 0 0 0 0 0 0 0 0 0 0 0 0 0 0 123 0 0 0 0 0 0 0 0 0 0 96 0 0 0 0 0 
0 0 0 0 0 0 391 0 0 0 0 413 0 0 0 0 0 0 0 0 0 0 0 0 0 0 0 0 224 357 3 0 0 0 0 385 0 0 0 0 0 0 0 247 0 0 0 378 0 0 0 0 0 0 0 0 0 0 0 0 0 0 0 0 0 0 415 0 0 0 0 0 0 0 0 39 0 0 0 0 0 0 106 0 0 0 0 0 0 0 0 0 0 0 0 0 0 0 474 0 
0 0 138 0 0 0 0 0 0 0 0 0 0 0 0 0 0 0 0 0 0 0 0 0 0 0 0 0 0 0 0 89 0 424 0 0 203 0 0 0 0 0 0 0 0 0 204 0 0 0 0 425 159 0 0 0 0 0 0 0 0 0 0 0 0 0 0 0 0 0 0 0 0 0 0 0 0 0 0 0 0 0 0 0 0 460 0 0 0 0 110 0 0 337 0 0 0 0 0 0 
0 0 0 0 0 0 0 0 0 0 0 0 0 0 365 0 319 0 0 0 122 0 0 0 0 0 0 0 0 0 0 238 0 0 0 0 407 63 0 0 0 0 98 0 0 0 0 0 0 0 0 0 455 0 0 0 0 342 285 0 0 0 0 0 0 0 0 0 0 0 0 0 0 0 0 0 0 0 0 0 0 0 37 0 0 0 0 0 0 366 0 0 304 0 0 0 0 132 0 403 
0 0 0 0 0 0 0 0 0 0 0 0 0 107 0 0 269 0 0 0 0 0 0 306 0 0 87 0 0 0 0 0 0 0 474 0 0 403 0 244 0 0 0 0 0 165 0 0 0 0 0 0 0 0 0 0 0 0 163 0 0 0 0 348 0 0 0 0 0 0 0 0 39 0 0 0 0 0 0 0 0 0 231 0 0 71 0 0 0 0 0 0 0 0 439 0 0 0 0 420 
0 0 0 0 0 0 0 0 0 0 333 0 0 0 0 0 0 0 0 0 0 0 286 0 363 238 0 0 0 0 0 0 0 0 0 0 0 0 0 0 0 0 0 34 354 0 53 0 0 0 0 0 0 0 0 141 0 0 0 0 0 0 0 0 0 0 0 0 0 0 0 0 0 0 0 0 0 0 79 0 0 0 0 0 75 0 427 0 0 0 0 0 365 0 0 0 0 0 0 0 
0 0 0 0 0 0 290 0 0 0 0 428 0 0 108 299 0 0 0 0 0 0 0 0 0 447 0 0 214 0 0 0 0 0 0 0 0 0 0 1 0 0 0 0 0 0 0 0 394 0 0 0 0 0 296 0 0 0 0 351 0 237 0 0 0 0 0 0 0 0 0 0 0 0 0 0 0 0 0 0 0 0 0 0 0 0 0 0 0 179 61 430 0 0 0 0 0 0 0 101 
448 0 0 0 0 0 0 0 0 0 0 448 0 0 0 0 0 339 0 0 0 0 385 0 0 0 0 0 0 357 49 0 39 0 191 0 0 0 0 34 0 10 0 0 0 186 0 0 0 0 461 0 0 0 0 293 0 0 0 0 0 0 0 0 0 0 0 0 0 0 0 0 0 0 0 0 79 0 0 0 0 0 0 0 0 0 0 0 0 0 0 0 0 0 0 0 0 116 0 0 
0 0 41 0 0 0 0 0 0 0 12 0 0 0 0 0 0 0 0 330 0 0 0 391 0 0 0 0 0 0 0 107 0 0 0 0 0 0 0 0 0 0 0 0 346 0 0 0 0 0 0 9 0 0 0 0 0 0 0 0 0 0 0 234 0 458 0 0 416 0 0 0 0 0 0 0 0 0 0 0 0 0 0 492 0 0 0 0 337 0 0 433 0 421 0 0 0 0 265 0 
0 0 0 0 0 0 0 0 0 22 0 17 0 0 299 458 0 0 0 0 0 0 0 0 0 0 0 0 0 0 217 0 0 31 282 0 0 0 0 0 64 0 0 0 0 156 0 0 0 0 0 0 0 0 0 196 322 0 0 0 0 0 0 189 0 28 0 0 0 0 0 0 0 0 0 0 0 0 0 0 0 0 0 0 362 0 0 0 0 0 0 0 0 0 0 0 0 0 194 0 
0 0 0 0 0 0 0 0 0 0 0 0 0 0 0 278 0 0 0 0 0 0 0 0 0 336 0 0 0 0 0 0 0 0 0 0 0 0 0 499 0 0 0 0 0 0 0 0 0 168 0 0 0 0 0 0 0 0 0 0 0 0 0 0 0 0 1 0 459 0 0 0 0 0 0 0 0 0 0 0 0 0 0 0 0 0 146 0 0 0 0 0 0 496 0 0 0 0 261 395 
0 0 0 0 0 387 0 0 0 0 0 0 0 0 0 0 0 0 0 0 0 110 0 0 0 0 0 0 0 0 0 0 0 0 0 0 0 0 0 0 0 0 0 0 0 0 0 294 67 0 0 0 0 0 0 0 202 0 124 0 468 261 142 0 0 0 0 0 400 0 0 0 106 0 37 231 0 0 0 0 0 0 0 0 0 0 0 53 0 0 0 0 336 0 0 0 0 0 0 0 
0 0 0 198 0 0 0 0 0 0 0 0 97 0 0 0 0 0 137 170 0 0 405 0 0 0 0 0 0 0 0 281 0 0 0 0 0 0 124 0 0 0 0 0 0 0 0 0 0 379 0 0 0 0 0 0 0 0 0 0 0 0 0 0 0 0 0 0 0 0 0 123 0 0 0 0 0 0 0 492 0 0 0 0 284 0 0 0 0 0 158 0 0 55 316 299 0 0 0 0 
0 0 0 0 379 0 0 0 0 0 0 0 0 0 0 64 0 322 0 0 0 0 0 0 246 129 0 0 0 0 0 0 0 0 0 92 0 0 0 272 0 0 0 0 0 0 0 0 0 0 0 205 0 0 102 0 0 0 0 0 0 0 0 0 0 0 0 0 0 0 0 0 0 0 0 0 75 0 0 0 362 0 0 284 0 0 55 0 0 0 0 0 0 0 0 0 0 0 0 0 
0 0 192 0 0 0 0 0 0 216 0 0 0 0 0 0 0 0 0 476 0 0 0 0 0 0 400 0 0 0 0 0 0 0 0 0 77 0 0 0 0 0 0 0 0 0 0 0 0 480 0 0 0 0 0 0 0 0 0 0 0 0 0 0 0 0 0 120 0 0 0 0 0 460 0 71 0 0 0 0 0 0 0 0 0 0 210 0 130 0 0 0 0 0 0 0 0 0 255 378 
0 0 0 0 0 363 0 0 0 0 0 0 0 0 0 0 0 0 0 0 0 0 385 0 0 422 0 0 0 0 126 0 0 0 0 469 0 0 326 0 0 0 0 0 0 0 0 0 0 0 0 0 0 0 0 0 0 0 0 14 284 0 0 0 0 0 0 0 0 0 0 0 0 0 0 0 427 0 0 0 0 146 0 0 55 210 0 0 0 0 0 470 0 0 0 0 0 0 0 0 
153 0 0 0 0 0 0 208 0 0 0 0 0 320 0 0 0 0 88 0 0 0 0 0 0 0 0 0 0 323 0 0 154 380 0 0 39 0 0 0 0 0 0 0 0 469 0 0 0 0 0 0 0 0 0 500 0 0 0 0 0 0 0 0 0 0 0 0 0 0 0 0 0 0 0 0 0 0 0 0 0 0 53 0 0 0 0 0 0 0 0 0 0 156 0 0 0 0 0 0 
0 0 0 0 346 0 0 0 0 279 0 0 0 156 0 0 0 0 0 0 394 0 0 0 0 0 0 0 2 0 0 0 0 0 0 0 298 0 0 0 0 190 0 364 0 0 0 0 40 0 0 0 0 0 230 0 312 0 222 0 0 0 0 0 0 0 0 0 0 0 0 0 0 0 0 0 0 0 0 337 0 0 0 0 0 130 0 0 0 0 0 0 0 0 0 0 0 0 0 0 
0 0 487 0 0 0 0 0 353 0 0 0 0 0 0 0 0 0 173 0 0 0 0 0 0 0 0 0 0 0 0 0 0 0 0 0 0 77 0 0 0 0 0 114 0 0 0 0 0 0 0 111 0 0 0 0 0 0 0 0 0 0 0 428 0 0 0 63 0 0 353 0 0 0 366 0 0 179 0 0 0 0 0 0 0 0 0 0 0 0 0 0 0 0 434 0 0 0 0 0 
0 482 418 0 0 0 0 0 0 0 0 0 443 0 0 0 0 0 0 0 0 0 0 0 0 0 346 0 0 0 0 371 0 0 0 0 0 0 0 0 227 0 0 0 0 0 0 0 0 0 0 0 0 0 0 0 0 492 94 0 0 0 344 0 0 0 0 167 0 0 0 0 0 110 0 0 0 61 0 0 0 0 0 158 0 0 0 0 0 0 0 0 0 0 0 0 0 74 0 0 
0 0 482 0 279 0 0 86 0 119 0 0 142 0 0 0 0 0 0 0 0 0 0 0 0 383 0 0 0 0 0 0 0 0 0 254 0 0 0 19 0 0 0 0 0 0 0 0 0 488 0 209 0 0 0 0 0 0 0 0 0 0 0 0 0 230 0 0 0 59 0 0 0 0 0 0 0 430 0 433 0 0 0 0 0 0 470 0 0 0 0 0 0 0 0 0 0 0 0 0 
0 0 0 0 0 0 0 469 0 0 0 0 11 0 0 0 60 0 0 0 0 0 144 0 0 0 0 0 0 0 0 0 383 0 0 0 0 0 0 0 0 0 0 0 0 0 0 0 0 0 0 0 0 0 357 415 0 0 0 0 0 0 0 0 0 402 0 0 0 407 0 0 0 0 304 0 365 0 0 0 0 0 336 0 0 0 0 0 0 0 0 0 0 0 313 242 0 0 0 0 
0 0 0 0 0 0 0 470 0 479 0 0 0 0 0 0 0 0 0 0 0 0 25 0 0 0 0 483 0 267 0 0 0 0 0 0 0 0 0 0 0 0 0 0 0 0 0 0 0 385 0 0 0 366 0 0 0 0 0 0 0 460 0 180 0 0 0 0 0 0 0 0 0 337 0 0 0 0 0 421 0 496 0 55 0 0 0 156 0 0 0 0 0 0 0 0 0 0 0 0 
0 191 73 0 128 334 0 0 0 0 0 83 0 0 0 0 0 0 0 0 0 0 180 0 0 0 0 0 0 0 0 0 0 0 0 0 0 291 0 0 0 0 0 0 0 0 0 0 0 0 460 0 0 0 0 0 22 0 0 347 0 0 0 0 0 0 0 0 0 0 0 96 0 0 0 439 0 0 0 0 0 0 0 316 0 0 0 0 0 434 0 0 313 0 0 0 0 0 0 0 
0 492 0 0 107 0 0 0 0 0 0 0 307 0 0 0 0 0 0 0 0 0 0 0 0 0 0 0 0 0 0 0 90 0 0 0 0 0 0 0 0 0 0 0 268 0 0 0 0 466 0 0 0 0 0 0 0 0 0 0 0 0 269 0 362 0 0 497 0 0 0 0 0 0 0 0 0 0 0 0 0 0 0 299 0 0 0 0 0 0 0 0 242 0 0 0 0 0 414 381 
0 0 0 144 0 0 0 0 0 0 0 0 0 0 0 156 0 0 0 258 0 0 0 0 0 0 0 0 0 0 0 0 0 215 393 0 0 0 0 0 232 0 0 0 0 466 0 0 0 0 0 150 169 0 0 0 0 0 0 0 0 0 0 0 0 0 333 0 261 0 11 0 0 0 0 0 0 0 0 0 0 0 0 0 0 0 0 0 0 0 0 0 0 0 0 0 0 0 0 0 
0 0 0 0 0 0 0 256 0 0 365 15 0 0 59 0 0 0 40 0 0 0 0 487 0 452 0 0 0 0 0 0 0 11 0 0 0 0 0 0 0 0 0 0 0 0 0 0 0 0 0 0 0 0 0 26 0 0 489 472 0 0 0 81 0 0 0 0 0 0 0 0 0 0 132 0 0 0 116 0 0 0 0 0 0 0 0 0 0 0 74 0 0 0 0 0 0 0 0 0 
0 0 0 279 0 0 0 0 0 408 0 0 0 0 499 0 0 0 0 0 0 0 0 0 0 0 0 0 0 0 0 0 0 0 0 0 0 0 0 0 0 0 0 0 222 0 331 0 0 0 301 0 0 0 441 0 0 0 0 6 0 0 0 0 0 0 0 0 0 0 0 0 474 0 0 0 0 0 0 265 194 261 0 0 0 255 0 0 0 0 0 0 0 0 0 414 0 0 0 0 
142 0 0 0 0 0 0 0 0 0 0 0 0 0 0 0 285 0 0 0 0 0 0 0 0 0 0 0 0 0 269 39 0 0 0 0 237 0 0 0 0 0 0 0 0 0 0 0 0 51 0 0 461 0 0 0 0 0 172 117 0 0 0 0 0 0 0 0 0 0 0 0 0 0 403 420 0 101 0 0 0 395 0 0 0 378 0 0 0 0 0 0 0 0 0 381 0 0 0 0 
