0 47 0 0 71 7 0 0 23 0 0 0 0 0 0 0 0 0 0 0 87 85 0 4 32 0 0 0 0 0 0 0 16 91 0 0 0 0 0 16 79 0 0 17 0 0 0 61 0 0 0 80 15 0 0 0 0 0 73 0 0 0 0 0 16 0 0 0 0 0 0 0 0 27 94 0 0 0 1 78 0 0 92 0 0 0 0 0 0 0 14 0 0 53 16 0 21 1 0 0 
47 0 75 0 0 0 0 0 0 0 62 81 0 0 31 0 88 13 0 0 0 97 0 61 0 0 45 0 0 78 0 0 61 0 22 0 54 0 0 0 0 6 0 0 0 68 0 0 90 0 0 0 0 0 0 82 0 0 0 0 0 100 0 70 0 0 13 40 0 61 5 0 21 0 35 0 0 0 0 0 0 0 95 33 0 0 0 0 0 0 53 0 0 0 43 0 0 0 0 0 
0 75 0 0 6 46 0 0 0 0 98 0 0 0 0 0 0 0 34 0 0 0 0 0 0 0 0 0 11 0 0 0 17 37 0 0 0 0 0 0 0 99 99 0 77 0 0 0 0 87 0 0 0 0 0 0 63 0 22 28 0 90 99 88 5 0 20 0 0 0 0 0 0 0 0 0 0 0 0 55 0 0 52 0 85 0 0 31 0 0 0 0 1 0 0 0 0 0 54 0 
0 0 0 0 75 0 0 52 0 0 0 0 0 0 84 0 0 60 0 0 55 26 0 4 73 0 61 12 0 0 0 5 50 53 0 0 92 82 39 93 0 15 0 0 0 0 0 0 0 0 0 33 0 0 24 0 0 93 0 83 0 15 0 0 0 54 0 0 0 0 0 0 54 0 0 0 0 40 67 0 0 0 0 75 0 0 0 0 0 0 0 0 0 89 0 0 0 0 0 0 
71 0 6 75 0 50 0 0 0 0 0 0 0 0 30 0 0 0 0 0 0 7 0 75 0 0 0 37 14 0 59 0 22 0 0 0 60 0 0 22 0 0 36 0 59 80 44 0 0 0 8 0 0 0 0 0 0 81 0 0 0 0 1 27 0 25 0 0 30 0 0 0 59 0 0 0 0 0 0 0 0 0 22 0 0 0 100 0 0 0 0 79 0 0 0 0 0 0 93 29 
7 0 46 0 50 0 0 0 31 80 0 78 0 0 0 62 0 23 0 0 0 0 0 22 0 0 0 0 0 84 0 0 0 17 62 0 0 0 0 0 0 0 93 0 0 7 0 0 0 0 0 0 0 0 0 0 90 0 0 100 0 0 76 69 0 61 47 0 0 0 0 0 39 56 16 0 0 0 0 97 0 87 67 57 0 0 0 0 0 0 0 0 0 0 0 0 0 45 0 0 
0 0 0 0 0 0 0 0 81 0 52 8 0 0 93 70 20 0 0 51 0 0 0 0 0 0 32 0 0 0 0 0 82 0 0 92 66 0 0 0 0 72 97 16 72 12 0 37 0 0 0 0 0 0 98 0 0 0 74 0 0 55 0 0 0 0 0 45 0 0 0 0 0 44 0 0 54 0 0 54 13 0 0 0 0 50 88 1 0 0 0 12 0 0 0 0 0 0 0 0 
0 0 0 52 0 0 0 0 0 0 16 0 6 1 0 0 0 0 0 78 0 58 0 56 66 0 13 29 55 33 0 0 0 88 0 0 0 90 84 0 0 0 0 36 57 0 0 0 95 0 80 0 0 0 0 98 0 0 82 0 0 0 55 0 0 0 63 74 0 0 0 94 0 72 0 0 0 0 16 0 0 14 0 0 93 0 0 64 0 0 0 0 0 0 0 0 0 0 0 0 
23 0 0 0 0 31 81 0 0 0 0 0 0 68 0 74 0 0 0 0 0 0 0 11 0 0 0 69 30 71 0 92 0 0 0 0 0 0 0 69 41 0 68 0 0 0 0 0 43 55 0 74 4 0 56 0 70 0 0 0 0 0 0 0 0 0 0 0 0 0 19 0 0 0 26 0 0 0 0 0 0 0 70 0 72 71 0 0 0 99 0 0 51 0 97 0 0 0 0 0 
0 0 0 0 0 80 0 0 0 0 25 0 0 0 0 0 0 89 0 0 0 0 0 0 0 0 0 0 0 78 0 0 0 0 0 0 0 0 0 0 0 10 2 0 0 83 97 0 22 0 0 0 30 0 0 0 0 0 82 0 55 45 0 74 0 0 0 0 0 0 0 37 76 0 27 0 0 0 0 0 0 0 0 97 0 0 0 0 0 0 0 0 0 18 0 1 19 28 83 75 
0 62 98 0 0 0 52 16 0 25 0 27 0 0 0 0 0 0 0 0 0 17 0 0 0 76 0 89 0 0 0 0 0 100 0 0 0 0 0 0 0 0 0 0 12 0 25 55 0 0 94 0 97 0 0 0 0 0 79 0 0 1 0 0 56 9 0 73 0 52 0 0 0 0 0 0 0 0 68 0 0 0 0 47 0 0 0 16 0 0 0 0 0 0 0 17 0 0 0 0 
0 81 0 0 0 78 8 0 0 0 27 0 14 0 94 0 0 0 38 0 0 0 51 0 0 0 0 0 0 0 0 0 83 17 51 0 0 0 28 93 0 0 0 0 45 74 0 0 0 0 0 89 0 0 0 0 0 0 0 0 0 45 51 82 0 0 0 0 72 51 57 0 0 0 57 0 0 0 0 11 0 0 0 0 0 0 21 74 0 0 0 0 0 91 0 0 71 13 0 15 
0 0 0 0 0 0 0 6 0 0 0 14 0 0 62 0 0 0 76 56 0 0 0 0 0 0 0 0 28 0 0 3 26 0 0 55 0 0 0 0 0 0 64 0 0 85 0 10 28 88 0 0 0 0 0 0 29 0 0 99 99 0 0 47 0 0 48 0 0 0 98 0 0 68 0 60 80 0 0 23 8 0 0 0 0 0 63 0 89 0 0 0 0 0 47 0 95 0 0 80 
0 0 0 0 0 0 0 1 68 0 0 0 0 0 0 0 0 0 0 0 0 0 0 0 0 37 0 61 0 0 5 0 7 0 0 0 28 0 25 0 0 0 0 0 0 0 0 84 52 0 0 0 0 0 0 0 82 0 71 0 0 0 0 79 0 46 0 0 88 0 0 0 98 62 0 0 0 0 78 39 0 3 0 0 0 39 25 58 0 0 6 0 67 0 0 0 0 0 0 0 
0 31 0 84 30 0 93 0 0 0 0 94 62 0 0 0 0 29 89 0 0 72 0 0 0 53 10 0 0 0 0 0 31 62 0 0 0 0 0 0 0 0 0 0 0 0 39 0 0 0 56 0 0 0 0 0 60 3 0 0 78 0 0 0 0 0 0 0 18 0 0 0 39 67 96 0 0 0 47 0 0 0 0 0 0 0 0 58 67 0 0 0 32 0 0 0 0 59 0 0 
0 0 0 0 0 62 70 0 74 0 0 0 0 0 0 0 81 0 49 49 0 0 0 0 0 0 0 0 0 0 25 0 0 94 0 0 51 17 0 0 0 59 0 17 0 0 0 34 0 84 0 0 0 74 70 0 0 0 0 38 0 0 0 5 0 8 0 78 97 0 0 0 0 0 0 0 29 0 0 0 0 0 0 26 0 0 0 0 0 0 92 0 0 0 0 32 99 58 75 0 
0 88 0 0 0 0 20 0 0 0 0 0 0 0 0 81 0 0 0 0 32 0 0 3 0 0 0 37 0 0 86 0 0 0 56 0 0 0 0 0 69 0 0 0 0 0 2 0 15 98 0 28 0 0 52 0 0 0 20 0 40 0 87 0 0 0 0 0 0 12 0 68 33 0 0 0 0 2 0 77 0 0 0 73 0 35 0 47 0 19 0 0 0 0 0 72 0 0 52 0 
0 13 0 60 0 23 0 0 0 89 0 0 0 0 29 0 0 0 0 0 0 0 0 0 0 13 0 37 0 45 14 0 0 5 0 0 67 11 0 34 16 39 0 74 89 60 0 0 0 0 48 0 25 0 0 95 0 0 0 0 0 0 77 0 0 0 0 90 88 0 58 0 7 0 0 0 0 23 48 0 0 38 0 78 0 0 0 0 0 0 0 0 0 0 0 0 0 0 0 0 
0 0 34 0 0 0 0 0 0 0 0 38 76 0 89 49 0 0 0 0 0 29 96 0 0 0 0 0 0 0 92 0 0 93 34 0 0 0 0 0 0 0 68 0 0 0 0 0 0 0 0 0 10 0 33 0 0 80 0 0 0 0 67 0 82 62 27 0 10 0 0 54 99 0 0 0 58 0 0 0 0 75 0 18 0 0 0 0 0 95 0 0 0 3 0 99 99 0 1 41 
0 0 0 0 0 0 51 78 0 0 0 0 56 0 0 49 0 0 0 0 0 0 0 18 0 15 0 96 0 66 0 10 21 0 74 0 0 0 0 0 70 0 0 0 0 0 20 0 0 3 0 0 0 0 0 0 0 0 0 0 0 7 24 0 0 0 0 0 0 48 0 0 0 0 0 0 0 0 0 93 0 70 0 0 0 0 72 0 0 0 0 6 83 0 0 41 0 0 97 0 
87 0 0 55 0 0 0 0 0 0 0 0 0 0 0 0 32 0 0 0 0 0 0 33 0 0 0 0 0 0 93 0 0 32 0 0 0 0 65 0 0 0 0 0 3 25 0 0 0 0 44 0 0 0 0 0 0 0 52 0 26 49 70 0 0 33 46 0 0 8 0 0 0 0 0 76 0 0 0 37 93 0 0 61 0 29 0 0 0 0 0 0 0 20 0 0 1 0 0 61 
85 97 0 26 7 0 0 58 0 0 17 0 0 0 72 0 0 0 29 0 0 0 0 0 0 0 0 0 0 65 0 0 0 0 0 0 8 0 0 93 0 0 0 0 15 0 0 0 0 0 0 7 0 52 0 3 0 0 36 0 0 0 0 0 86 0 0 0 1 30 83 0 0 98 0 0 0 0 0 48 76 19 0 0 23 55 0 0 0 0 70 28 0 26 28 0 0 0 0 0 
0 0 0 0 0 0 0 0 0 0 0 51 0 0 0 0 0 0 96 0 0 0 0 0 0 50 0 41 100 0 15 0 0 0 0 12 0 0 0 91 0 72 0 0 24 0 67 0 58 0 0 0 0 0 0 0 0 28 0 0 0 0 0 22 0 0 39 0 51 88 0 0 43 40 0 0 0 0 0 0 0 0 0 0 14 0 0 33 62 0 0 84 0 0 12 0 0 49 79 86 
4 61 0 4 75 22 0 56 11 0 0 0 0 0 0 0 3 0 0 18 33 0 0 0 0 0 0 0 0 0 0 0 93 0 0 21 59 0 0 0 0 74 0 77 0 34 0 34 17 0 33 0 83 0 0 0 0 12 0 83 0 24 30 0 55 0 0 0 92 0 43 0 0 0 0 0 56 0 0 0 94 0 0 0 0 0 0 0 0 0 0 0 0 58 0 0 0 0 0 0 
32 0 0 73 0 0 0 66 0 0 0 0 0 0 0 0 0 0 0 0 0 0 0 0 0 0 47 0 0 0 0 72 0 0 0 0 0 61 0 0 0 0 0 0 0 0 90 53 0 0 21 0 0 0 0 0 3 35 16 0 0 0 36 0 0 0 0 0 22 0 0 0 59 0 0 0 0 26 0 0 0 0 0 0 0 97 0 0 0 0 0 0 0 13 0 12 0 61 0 0 
0 0 0 0 0 0 0 0 0 0 76 0 0 37 53 0 0 13 0 15 0 0 50 0 0 0 0 0 0 61 35 47 0 0 0 0 0 54 0 30 0 100 12 0 0 0 0 0 25 0 29 0 0 0 0 0 0 86 0 47 0 93 0 0 0 0 0 0 0 0 48 0 41 0 63 0 0 0 0 0 0 0 64 30 0 0 0 0 0 0 0 0 0 0 59 0 22 2 50 0 
0 45 0 61 0 0 32 13 0 0 0 0 0 0 10 0 0 0 0 0 0 0 0 0 47 0 0 1 0 0 86 0 36 0 0 0 90 0 66 0 16 0 50 0 0 0 0 0 0 0 0 91 0 0 93 0 0 0 0 0 0 0 93 75 95 0 0 0 49 70 0 0 0 36 0 67 0 0 0 0 0 0 63 0 39 0 88 0 0 0 0 0 17 34 0 55 0 76 0 22 
0 0 0 12 37 0 0 29 69 0 89 0 0 61 0 0 37 37 0 96 0 0 41 0 0 0 1 0 0 0 63 0 89 54 0 0 16 0 0 0 0 0 74 0 0 6 0 0 0 0 65 40 0 0 0 0 0 0 69 0 0 0 72 0 0 0 0 0 0 31 0 0 0 0 0 61 0 40 0 60 77 0 0 0 0 0 0 74 0 0 0 0 61 19 0 0 0 0 0 25 
0 0 11 0 14 0 0 55 30 0 0 0 28 0 0 0 0 0 0 0 0 0 100 0 0 0 0 0 0 0 68 2 0 0 22 0 0 0 0 0 0 0 0 23 46 0 0 74 0 97 0 0 28 6 0 0 31 0 25 94 0 79 42 0 0 66 0 0 0 0 0 0 0 0 0 0 0 0 0 0 0 2 0 0 7 0 0 41 0 0 0 0 0 0 75 69 0 0 0 73 
0 78 0 0 0 84 0 33 71 78 0 0 0 0 0 0 0 45 0 66 0 65 0 0 0 61 0 0 0 0 0 0 0 0 0 62 0 57 77 0 33 0 0 0 0 0 73 0 0 0 0 5 44 0 0 0 68 0 0 0 0 0 0 0 47 0 0 0 0 0 3 0 0 0 75 0 75 0 0 17 94 0 99 0 26 75 0 0 0 0 37 0 75 0 0 0 0 38 0 0 
0 0 0 0 59 0 0 0 0 0 0 0 0 5 0 25 86 14 92 0 93 0 15 0 0 35 86 63 68 0 0 0 0 0 0 0 0 0 0 0 0 0 0 0 0 0 0 70 0 0 0 0 44 66 0 0 0 0 0 0 0 0 0 0 0 0 5 85 0 0 0 0 0 0 0 0 0 41 9 0 39 0 0 62 0 0 0 18 10 0 0 0 0 0 0 11 0 0 78 0 
0 0 0 5 0 0 0 0 92 0 0 0 3 0 0 0 0 0 0 10 0 0 0 0 72 47 0 0 2 0 0 0 0 0 0 61 0 70 59 80 20 0 17 0 0 0 14 0 35 71 32 0 0 18 0 0 0 0 47 0 0 0 0 0 0 0 0 0 0 0 0 0 0 0 0 0 0 0 0 0 0 0 0 32 79 46 0 0 0 66 0 0 74 0 45 0 32 97 0 34 
16 61 17 50 22 0 82 0 0 0 0 83 26 7 31 0 0 0 0 21 0 0 0 93 0 0 36 89 0 0 0 0 0 7 11 0 0 0 50 82 0 0 0 0 0 96 0 0 0 0 0 62 0 0 0 0 22 0 0 0 0 0 97 0 0 0 63 0 0 0 0 6 0 0 0 0 0 0 0 26 88 0 76 0 0 0 0 0 0 0 0 0 0 95 37 0 6 0 0 0 
91 0 37 53 0 17 0 88 0 0 100 17 0 0 62 94 0 5 93 0 32 0 0 0 0 0 0 54 0 0 0 0 7 0 34 0 0 0 0 0 0 0 0 0 0 0 0 0 56 20 0 0 0 0 0 0 0 0 17 0 0 0 0 0 0 0 96 58 0 55 0 0 0 38 0 0 0 0 0 14 10 0 0 0 0 0 57 0 0 36 53 70 20 0 0 0 0 0 0 70 
0 22 0 0 0 62 0 0 0 0 0 51 0 0 0 0 56 0 34 74 0 0 0 0 0 0 0 0 22 0 0 0 11 34 0 25 0 0 0 0 0 0 0 0 0 46 0 0 0 16 26 0 0 48 79 0 79 22 0 0 0 0 96 22 0 0 80 0 0 0 0 0 0 24 66 0 93 0 0 0 0 0 52 0 73 3 0 0 0 0 0 56 68 0 0 0 0 0 34 14 
0 0 0 0 0 0 92 0 0 0 0 0 55 0 0 0 0 0 0 0 0 0 12 21 0 0 0 0 0 62 0 61 0 0 25 0 11 0 60 0 0 0 0 0 0 13 58 0 0 25 0 74 0 93 0 0 56 0 0 0 0 31 0 79 13 0 61 21 76 55 0 2 0 0 0 0 0 0 94 13 0 0 0 0 0 0 0 60 0 0 0 0 0 69 20 77 0 49 0 0 
0 54 0 92 60 0 66 0 0 0 0 0 0 28 0 51 0 67 0 0 0 8 0 59 0 0 90 16 0 0 0 0 0 0 0 11 0 0 47 41 0 0 4 0 15 0 14 0 0 0 18 0 0 0 89 0 0 37 0 83 0 8 0 0 0 46 0 0 0 0 0 0 0 0 0 0 0 0 25 41 0 82 0 0 30 0 0 0 0 0 0 0 58 0 0 0 0 28 96 0 
0 0 0 82 0 0 0 90 0 0 0 0 0 0 0 17 0 11 0 0 0 0 0 0 61 54 0 0 0 57 0 70 0 0 0 0 0 0 0 0 77 0 0 0 0 0 0 0 86 0 0 0 0 100 0 56 0 76 0 0 0 0 0 0 0 0 0 0 53 85 38 0 0 0 0 0 0 0 0 0 0 66 0 0 0 0 0 0 0 80 0 0 0 0 72 40 0 0 0 0 
0 0 0 39 0 0 0 84 0 0 0 28 0 25 0 0 0 0 0 0 65 0 0 0 0 0 66 0 0 77 0 59 50 0 0 60 47 0 0 0 0 0 0 0 0 69 0 24 0 0 0 77 0 0 0 20 56 72 0 0 0 61 39 0 0 0 0 0 73 0 0 0 0 0 53 6 0 47 0 0 0 20 85 38 0 0 0 0 84 0 91 0 0 0 0 0 59 14 0 0 
16 0 0 93 22 0 0 0 69 0 0 93 0 0 0 0 0 34 0 0 0 93 91 0 0 30 0 0 0 0 0 80 82 0 0 0 41 0 0 0 56 0 0 0 0 0 11 0 0 7 0 0 9 42 0 27 0 0 0 0 0 0 32 0 0 0 91 0 0 9 0 0 0 0 0 26 0 0 24 0 0 0 0 0 0 0 0 0 0 0 0 0 30 0 35 0 0 0 0 12 
79 0 0 0 0 0 0 0 41 0 0 0 0 0 0 0 69 16 0 70 0 0 0 0 0 0 16 0 0 33 0 20 0 0 0 0 0 77 0 56 0 0 0 0 0 0 0 0 0 0 71 0 0 11 51 0 0 0 0 0 0 38 0 90 57 0 0 50 30 88 0 0 0 0 0 0 0 0 0 0 0 0 24 0 0 0 82 0 0 0 0 0 20 0 0 80 33 0 28 0 
0 6 99 15 0 0 72 0 0 10 0 0 0 0 0 59 0 39 0 0 0 0 72 74 0 100 0 0 0 0 0 0 0 0 0 0 0 0 0 0 0 0 52 0 0 87 0 29 0 88 0 22 0 14 0 0 74 13 0 59 0 0 0 0 0 0 0 0 89 0 0 0 0 15 0 0 70 54 0 0 0 0 0 37 0 0 0 41 0 0 20 0 72 46 0 0 0 87 0 0 
0 0 99 0 36 93 97 0 68 2 0 0 64 0 0 0 0 0 68 0 0 0 0 0 0 12 50 74 0 0 0 17 0 0 0 0 4 0 0 0 0 52 0 0 0 0 0 0 0 75 27 0 0 45 0 99 0 58 93 0 0 0 0 0 0 0 0 0 0 82 41 0 0 0 0 0 67 0 0 77 0 0 58 0 0 0 7 0 0 94 0 88 0 0 0 67 0 92 0 0 
17 0 0 0 0 0 16 36 0 0 0 0 0 0 0 17 0 74 0 0 0 0 0 77 0 0 0 0 23 0 0 0 0 0 0 0 0 0 0 0 0 0 0 0 0 0 0 0 94 0 0 0 25 0 0 0 0 20 0 0 76 0 0 0 0 0 0 0 1 56 60 0 12 0 0 67 0 32 0 0 0 0 0 0 11 28 0 0 0 0 73 0 0 0 0 61 0 0 0 100 
0 0 77 0 59 0 72 57 0 0 12 45 0 0 0 0 0 89 0 0 3 15 24 0 0 0 0 0 46 0 0 0 0 0 0 0 15 0 0 0 0 0 0 0 0 0 0 0 0 0 0 84 16 0 0 0 96 84 0 21 42 0 19 0 0 0 0 0 0 0 0 0 0 99 0 0 91 0 0 0 0 0 78 0 0 0 0 0 0 93 0 0 0 0 0 0 0 0 13 0 
0 68 0 0 80 7 12 0 0 83 0 74 85 0 0 0 0 60 0 0 25 0 0 34 0 0 0 6 0 0 0 0 96 0 46 13 0 0 69 0 0 87 0 0 0 0 64 0 28 0 0 0 0 0 0 0 0 0 0 0 0 0 79 0 0 0 57 0 0 0 0 65 0 16 0 10 36 0 0 0 65 0 36 2 0 0 0 0 0 0 0 25 0 0 66 31 0 0 0 0 
0 0 0 0 44 0 0 0 0 97 25 0 0 0 39 0 2 0 0 20 0 0 67 0 90 0 0 0 0 73 0 14 0 0 0 58 14 0 0 11 0 0 0 0 0 64 0 5 0 0 93 0 0 9 91 35 0 40 0 0 0 51 0 0 0 89 0 100 0 0 41 0 80 0 0 0 0 53 0 0 0 0 0 9 0 0 0 0 0 0 86 0 38 0 0 0 0 72 0 0 
61 0 0 0 0 0 37 0 0 0 55 0 10 84 0 34 0 0 0 0 0 0 0 34 53 0 0 0 74 0 70 0 0 0 0 0 0 0 24 0 0 29 0 0 0 0 5 0 0 0 0 0 0 39 74 0 0 0 0 92 79 0 0 0 0 0 78 0 0 0 0 0 0 0 0 0 37 47 0 72 0 50 0 34 16 37 5 0 0 0 0 0 0 99 7 0 0 0 31 0 
0 90 0 0 0 0 0 95 43 22 0 0 28 52 0 0 15 0 0 0 0 0 58 17 0 25 0 0 0 0 0 35 0 56 0 0 0 86 0 0 0 0 0 94 0 28 0 0 0 0 0 0 0 52 0 19 0 0 37 0 98 0 0 0 0 0 0 0 0 0 40 0 81 0 0 89 0 0 0 55 0 47 0 29 40 0 0 0 0 77 0 72 4 0 0 15 0 0 0 0 
0 0 87 0 0 0 0 0 55 0 0 0 88 0 0 84 98 0 0 3 0 0 0 0 0 0 0 0 97 0 0 71 0 20 16 25 0 0 0 7 0 88 75 0 0 0 0 0 0 0 0 0 0 36 0 60 36 0 0 58 0 0 0 0 0 0 19 54 0 0 0 0 0 0 0 0 0 92 62 0 0 64 4 0 37 0 50 0 0 0 0 0 0 0 0 0 0 0 40 0 
0 0 0 0 8 0 0 80 0 0 94 0 0 0 56 0 0 48 0 0 44 0 0 33 21 29 0 65 0 0 0 32 0 0 26 0 18 0 0 0 71 0 27 0 0 0 93 0 0 0 0 0 0 0 48 46 0 0 9 0 0 74 0 19 0 0 66 0 14 0 0 36 0 45 0 0 0 0 64 0 0 0 0 0 41 78 0 0 0 0 0 0 89 0 0 0 0 0 67 0 
80 0 0 33 0 0 0 0 74 0 0 89 0 0 0 0 28 0 0 0 0 7 0 0 0 0 91 40 0 5 0 0 62 0 0 74 0 0 77 0 0 22 0 0 84 0 0 0 0 0 0 0 0 96 0 88 0 0 0 0 0 0 0 0 0 0 0 97 0 12 26 0 0 0 65 0 0 0 0 0 0 0 0 0 0 0 0 0 0 0 0 0 0 43 0 0 0 0 0 0 
15 0 0 0 0 0 0 0 4 30 97 0 0 0 0 0 0 25 10 0 0 0 0 83 0 0 0 0 28 44 44 0 0 0 0 0 0 0 0 9 0 0 0 25 16 0 0 0 0 0 0 0 0 50 26 0 52 0 98 0 0 50 0 0 0 0 0 0 0 0 0 0 88 9 0 0 78 0 0 0 23 22 0 0 0 85 0 0 0 0 0 0 0 0 0 25 0 0 0 0 
0 0 0 0 0 0 0 0 0 0 0 0 0 0 0 74 0 0 0 0 0 52 0 0 0 0 0 0 6 0 66 18 0 0 48 93 0 100 0 42 11 14 45 0 0 0 9 39 52 36 0 96 50 0 0 0 0 0 0 0 0 0 32 0 0 0 0 0 0 0 0 71 36 9 0 0 25 78 0 0 0 53 0 0 0 0 0 0 0 0 58 16 14 80 62 0 0 0 0 0 
0 0 0 24 0 0 98 0 56 0 0 0 0 0 0 70 52 0 33 0 0 0 0 0 0 0 93 0 0 0 0 0 0 0 79 0 89 0 0 0 51 0 0 0 0 0 91 74 0 0 48 0 26 0 0 0 72 0 0 0 0 0 0 0 0 0 0 0 11 73 0 84 37 0 0 0 70 0 28 0 0 0 0 0 0 0 0 0 0 79 0 0 0 0 0 14 0 16 0 97 
0 82 0 0 0 0 0 98 0 0 0 0 0 0 0 0 0 95 0 0 0 3 0 0 0 0 0 0 0 0 0 0 0 0 0 0 0 56 20 27 0 0 99 0 0 0 35 0 19 60 46 88 0 0 0 0 0 0 0 0 0 0 29 21 0 64 91 0 0 49 0 55 0 70 0 0 0 0 0 0 0 0 0 8 32 0 0 0 30 83 0 0 0 2 0 0 0 68 8 1 
0 0 63 0 0 90 0 0 70 0 0 0 29 82 60 0 0 0 0 0 0 0 0 0 3 0 0 0 31 68 0 0 22 0 79 56 0 0 56 0 0 74 0 0 96 0 0 0 0 36 0 0 52 0 72 0 0 0 0 0 0 0 0 70 0 0 0 0 32 95 0 8 0 0 94 0 0 0 0 0 0 82 0 0 0 0 51 33 0 0 0 0 0 0 0 0 0 0 0 0 
0 0 0 93 81 0 0 0 0 0 0 0 0 0 3 0 0 0 80 0 0 0 28 12 35 86 0 0 0 0 0 0 0 0 22 0 37 76 72 0 0 13 58 20 84 0 40 0 0 0 0 0 0 0 0 0 0 0 0 23 94 50 0 29 63 0 0 23 0 0 0 0 61 8 0 0 0 0 0 0 0 0 0 0 0 53 0 83 93 0 70 100 0 0 0 0 0 0 0 0 
73 0 22 0 0 0 74 82 0 82 79 0 0 71 0 0 20 0 0 0 52 36 0 0 16 0 0 69 25 0 0 47 0 17 0 0 0 0 0 0 0 0 93 0 0 0 0 0 37 0 9 0 98 0 0 0 0 0 0 83 0 0 0 0 0 0 0 0 29 0 0 27 0 8 0 0 0 0 64 0 0 0 0 0 0 0 0 0 0 84 0 5 0 74 0 0 0 0 0 0 
0 0 28 83 0 100 0 0 0 0 0 0 99 0 0 38 0 0 0 0 0 0 0 83 0 47 0 0 94 0 0 0 0 0 0 0 83 0 0 0 0 59 0 0 21 0 0 92 0 58 0 0 0 0 0 0 0 23 83 0 0 0 0 30 74 0 0 0 0 0 0 0 63 23 66 17 0 58 0 0 0 0 61 0 0 0 0 0 0 0 0 29 0 0 0 0 0 84 0 0 
0 0 0 0 0 0 0 0 0 55 0 0 99 0 78 0 40 0 0 0 26 0 0 0 0 0 0 0 0 0 0 0 0 0 0 0 0 0 0 0 0 0 0 76 42 0 0 79 98 0 0 0 0 0 0 0 0 94 0 0 0 0 0 0 0 0 0 0 0 0 0 3 0 0 0 0 0 53 0 0 24 97 0 0 0 22 0 0 0 7 75 89 0 0 0 0 0 0 0 6 
0 100 90 15 0 0 55 0 0 45 1 45 0 0 0 0 0 0 0 7 49 0 0 24 0 93 0 0 79 0 0 0 0 0 0 31 8 0 61 0 38 0 0 0 0 0 51 0 0 0 74 0 50 0 0 0 0 50 0 0 0 0 0 0 0 0 0 48 0 59 0 72 65 0 0 0 0 71 0 6 0 0 0 0 0 69 0 69 8 0 0 63 0 0 0 0 0 0 0 0 
0 0 99 0 1 76 0 55 0 0 0 51 0 0 0 0 87 77 67 24 70 0 0 30 36 0 93 72 42 0 0 0 97 0 96 0 0 0 39 32 0 0 0 0 19 79 0 0 0 0 0 0 0 32 0 29 0 0 0 0 0 0 0 96 0 0 0 37 0 0 0 0 0 0 0 0 0 0 0 0 11 0 0 0 0 20 0 0 88 0 0 0 0 0 0 0 47 0 0 28 
0 70 88 0 27 69 0 0 0 74 0 82 47 79 0 5 0 0 0 0 0 0 22 0 0 0 75 0 0 0 0 0 0 0 22 79 0 0 0 0 90 0 0 0 0 0 0 0 0 0 19 0 0 0 0 21 70 29 0 30 0 0 96 0 100 0 0 0 0 0 0 0 38 0 0 6 0 0 0 0 20 0 0 0 0 0 88 0 0 93 0 0 0 0 0 0 0 0 0 0 
16 0 5 0 0 0 0 0 0 0 56 0 0 0 0 0 0 0 82 0 0 86 0 55 0 0 95 0 0 47 0 0 0 0 0 13 0 0 0 0 57 0 0 0 0 0 0 0 0 0 0 0 0 0 0 0 0 63 0 74 0 0 0 100 0 33 0 0 0 0 0 0 99 0 0 0 0 27 0 0 72 0 0 20 0 7 0 23 0 0 0 0 48 0 0 0 0 0 0 10 
0 0 0 54 25 61 0 0 0 0 9 0 0 46 0 8 0 0 62 0 33 0 0 0 0 0 0 0 66 0 0 0 0 0 0 0 46 0 0 0 0 0 0 0 0 0 89 0 0 0 0 0 0 0 0 64 0 0 0 0 0 0 0 0 33 0 69 0 0 0 0 0 0 0 0 0 0 91 0 0 0 0 0 50 0 0 0 0 54 0 14 5 0 0 0 0 72 0 0 0 
0 13 20 0 0 47 0 63 0 0 0 0 48 0 0 0 0 0 27 0 46 0 39 0 0 0 0 0 0 0 5 0 63 96 80 61 0 0 0 91 0 0 0 0 0 57 0 78 0 19 66 0 0 0 0 91 0 0 0 0 0 0 0 0 0 69 0 0 8 7 0 37 84 0 0 0 0 40 82 0 38 0 0 0 56 0 0 83 0 0 0 0 0 5 0 0 0 0 0 0 
0 40 0 0 0 0 45 74 0 0 73 0 0 0 0 78 0 90 0 0 0 0 0 0 0 0 0 0 0 0 85 0 0 58 0 21 0 0 0 0 50 0 0 0 0 0 100 0 0 54 0 97 0 0 0 0 0 23 0 0 0 48 37 0 0 0 0 0 0 0 0 83 0 9 0 0 0 0 67 0 75 0 0 0 0 56 0 0 0 0 0 0 0 0 0 0 93 0 0 52 
0 0 0 0 30 0 0 0 0 0 0 72 0 88 18 97 0 88 10 0 0 1 51 92 22 0 49 0 0 0 0 0 0 0 0 76 0 53 73 0 30 89 0 1 0 0 0 0 0 0 14 0 0 0 11 0 32 0 29 0 0 0 0 0 0 0 8 0 0 0 0 0 0 33 0 0 0 0 0 80 0 0 0 0 0 0 0 13 77 0 100 0 0 0 0 0 0 0 83 62 
0 61 0 0 0 0 0 0 0 0 52 51 0 0 0 0 12 0 0 48 8 30 88 0 0 0 70 31 0 0 0 0 0 55 0 55 0 85 0 9 88 0 82 56 0 0 0 0 0 0 0 12 0 0 73 49 95 0 0 0 0 59 0 0 0 0 7 0 0 0 0 46 0 0 0 0 0 0 0 31 0 74 0 0 0 75 0 0 0 0 62 0 31 0 0 90 0 0 0 0 
0 5 0 0 0 0 0 0 19 0 0 57 98 0 0 0 0 58 0 0 0 83 0 43 0 48 0 0 0 3 0 0 0 0 0 0 0 38 0 0 0 0 41 60 0 0 41 0 40 0 0 26 0 0 0 0 0 0 0 0 0 0 0 0 0 0 0 0 0 0 0 0 0 0 59 0 0 0 0 0 48 0 84 0 74 0 63 0 0 0 0 11 0 19 0 0 10 0 0 93 
0 0 0 0 0 0 0 94 0 37 0 0 0 0 0 0 68 0 54 0 0 0 0 0 0 0 0 0 0 0 0 0 6 0 0 2 0 0 0 0 0 0 0 0 0 65 0 0 0 0 36 0 0 71 84 55 8 0 27 0 3 72 0 0 0 0 37 83 0 46 0 0 0 0 0 0 0 0 0 0 0 0 0 0 0 0 0 67 0 0 69 0 0 0 0 0 44 0 0 0 
0 21 0 54 59 39 0 0 0 76 0 0 0 98 39 0 33 7 99 0 0 0 43 0 59 41 0 0 0 0 0 0 0 0 0 0 0 0 0 0 0 0 0 12 0 0 80 0 81 0 0 0 88 36 37 0 0 61 0 63 0 65 0 38 99 0 84 0 0 0 0 0 0 0 0 45 0 0 0 0 0 0 0 0 44 0 0 0 0 0 0 74 92 0 0 0 0 39 0 0 
27 0 0 0 0 56 44 72 0 0 0 0 68 62 67 0 0 0 0 0 0 98 40 0 0 0 36 0 0 0 0 0 0 38 24 0 0 0 0 0 0 15 0 0 99 16 0 0 0 0 45 0 9 9 0 70 0 8 8 23 0 0 0 0 0 0 0 9 33 0 0 0 0 0 0 0 0 0 61 0 0 0 85 0 55 0 0 0 12 0 0 0 0 79 0 0 0 0 0 0 
94 35 0 0 0 16 0 0 26 27 0 57 0 0 96 0 0 0 0 0 0 0 0 0 0 63 0 0 0 75 0 0 0 0 66 0 0 0 53 0 0 0 0 0 0 0 0 0 0 0 0 65 0 0 0 0 94 0 0 66 0 0 0 0 0 0 0 0 0 0 59 0 0 0 0 14 0 0 0 0 0 0 0 0 47 0 0 13 0 0 0 0 0 0 77 0 0 44 9 31 
0 0 0 0 0 0 0 0 0 0 0 0 60 0 0 0 0 0 0 0 76 0 0 0 0 0 67 61 0 0 0 0 0 0 0 0 0 0 6 26 0 0 0 67 0 10 0 0 89 0 0 0 0 0 0 0 0 0 0 17 0 0 0 6 0 0 0 0 0 0 0 0 45 0 14 0 60 25 0 0 0 38 0 0 64 0 58 0 0 0 0 0 0 0 0 0 22 0 0 0 
0 0 0 0 0 0 54 0 0 0 0 0 80 0 0 29 0 0 58 0 0 0 0 56 0 0 0 0 0 75 0 0 0 0 93 0 0 0 0 0 0 70 67 0 91 36 0 37 0 0 0 0 78 25 70 0 0 0 0 0 0 0 0 0 0 0 0 0 0 0 0 0 0 0 0 60 0 96 0 0 0 0 0 0 31 0 0 0 0 0 0 0 0 99 0 0 0 46 0 3 
0 0 0 40 0 0 0 0 0 0 0 0 0 0 0 0 2 23 0 0 0 0 0 0 26 0 0 40 0 0 41 0 0 0 0 0 0 0 47 0 0 54 0 32 0 0 53 47 0 92 0 0 0 78 0 0 0 0 0 58 53 71 0 0 27 91 40 0 0 0 0 0 0 0 0 25 96 0 91 0 74 97 0 84 28 0 0 0 0 0 5 0 51 0 0 0 0 8 35 0 
1 0 0 67 0 0 0 16 0 0 68 0 0 78 47 0 0 48 0 0 0 0 0 0 0 0 0 0 0 0 9 0 0 0 0 94 25 0 0 24 0 0 0 0 0 0 0 0 0 62 64 0 0 0 28 0 0 0 64 0 0 0 0 0 0 0 82 67 0 0 0 0 0 61 0 0 0 91 0 0 0 0 0 0 0 0 0 0 0 0 88 0 78 0 0 0 89 0 8 0 
78 0 55 0 0 97 54 0 0 0 0 11 23 39 0 0 77 0 0 93 37 48 0 0 0 0 0 60 0 17 0 0 26 14 0 13 41 0 0 0 0 0 77 0 0 0 0 72 55 0 0 0 0 0 0 0 0 0 0 0 0 6 0 0 0 0 0 0 80 31 0 0 0 0 0 0 0 0 0 0 0 0 0 0 0 0 0 0 14 56 42 0 0 0 0 0 0 0 0 0 
0 0 0 0 0 0 13 0 0 0 0 0 8 0 0 0 0 0 0 0 93 76 0 94 0 0 0 77 0 94 39 0 88 10 0 0 0 0 0 0 0 0 0 0 0 65 0 0 0 0 0 0 23 0 0 0 0 0 0 0 24 0 11 20 72 0 38 75 0 0 48 0 0 0 0 0 0 74 0 0 0 0 35 0 95 90 0 0 0 49 0 0 22 67 98 60 0 37 0 0 
0 0 0 0 0 87 0 14 0 0 0 0 0 3 0 0 0 38 75 70 0 19 0 0 0 0 0 0 2 0 0 0 0 0 0 0 82 66 20 0 0 0 0 0 0 0 0 50 47 64 0 0 22 53 0 0 82 0 0 0 97 0 0 0 0 0 0 0 0 74 0 0 0 0 0 38 0 97 0 0 0 0 32 0 0 0 0 48 0 68 0 0 12 0 87 78 0 53 0 88 
92 95 52 0 22 67 0 0 70 0 0 0 0 0 0 0 0 0 0 0 0 0 0 0 0 64 63 0 0 99 0 0 76 0 52 0 0 0 85 0 24 0 58 0 78 36 0 0 0 4 0 0 0 0 0 0 0 0 0 61 0 0 0 0 0 0 0 0 0 0 84 0 0 85 0 0 0 0 0 0 35 32 0 0 45 94 0 69 0 0 26 95 0 0 0 0 0 40 0 0 
0 33 0 75 0 57 0 0 0 97 47 0 0 0 0 26 73 78 18 0 61 0 0 0 0 30 0 0 0 0 62 32 0 0 0 0 0 0 38 0 0 37 0 0 0 2 9 34 29 0 0 0 0 0 0 8 0 0 0 0 0 0 0 0 20 50 0 0 0 0 0 0 0 0 0 0 0 84 0 0 0 0 0 0 0 81 0 0 0 0 22 23 66 16 0 69 0 0 0 0 
0 0 85 0 0 0 0 93 72 0 0 0 0 0 0 0 0 0 0 0 0 23 14 0 0 0 39 0 7 26 0 79 0 0 73 0 30 0 0 0 0 0 0 11 0 0 0 16 40 37 41 0 0 0 0 32 0 0 0 0 0 0 0 0 0 0 56 0 0 0 74 0 44 55 47 64 31 28 0 0 95 0 45 0 0 0 0 0 30 83 0 0 0 60 0 0 0 0 0 0 
0 0 0 0 0 0 50 0 71 0 0 0 0 39 0 0 35 0 0 0 29 55 0 0 97 0 0 0 0 75 0 46 0 0 3 0 0 0 0 0 0 0 0 28 0 0 0 37 0 0 78 0 85 0 0 0 0 53 0 0 22 69 20 0 7 0 0 56 0 75 0 0 0 0 0 0 0 0 0 0 90 0 94 81 0 0 81 88 0 0 35 0 0 3 0 83 0 0 1 0 
0 0 0 0 100 0 88 0 0 0 0 21 63 25 0 0 0 0 0 72 0 0 0 0 0 0 88 0 0 0 0 0 0 57 0 0 0 0 0 0 82 0 7 0 0 0 0 5 0 50 0 0 0 0 0 0 51 0 0 0 0 0 0 88 0 0 0 0 0 0 63 0 0 0 0 58 0 0 0 0 0 0 0 0 0 81 0 85 0 64 55 0 78 0 0 0 0 0 0 8 
0 0 31 0 0 0 1 64 0 0 16 74 0 58 58 0 47 0 0 0 0 0 33 0 0 0 0 74 41 0 18 0 0 0 0 60 0 0 0 0 0 41 0 0 0 0 0 0 0 0 0 0 0 0 0 0 33 83 0 0 0 69 0 0 23 0 83 0 13 0 0 67 0 0 13 0 0 0 0 0 0 48 69 0 0 88 85 0 13 44 0 0 0 0 0 79 0 0 68 0 
0 0 0 0 0 0 0 0 0 0 0 0 89 0 67 0 0 0 0 0 0 0 62 0 0 0 0 0 0 0 10 0 0 0 0 0 0 0 84 0 0 0 0 0 0 0 0 0 0 0 0 0 0 0 0 30 0 93 0 0 0 8 88 0 0 54 0 0 77 0 0 0 0 12 0 0 0 0 0 14 0 0 0 0 30 0 0 13 0 0 0 0 0 0 34 0 3 30 0 0 
0 0 0 0 0 0 0 0 99 0 0 0 0 0 0 0 19 0 95 0 0 0 0 0 0 0 0 0 0 0 0 66 0 36 0 0 0 80 0 0 0 0 94 0 93 0 0 0 77 0 0 0 0 0 79 83 0 0 84 0 7 0 0 93 0 0 0 0 0 0 0 0 0 0 0 0 0 0 0 56 49 68 0 0 83 0 64 44 0 0 3 0 0 91 85 83 30 0 0 32 
14 53 0 0 0 0 0 0 0 0 0 0 0 6 0 92 0 0 0 0 0 70 0 0 0 0 0 0 0 37 0 0 0 53 0 0 0 0 91 0 0 20 0 73 0 0 86 0 0 0 0 0 0 58 0 0 0 70 0 0 75 0 0 0 0 14 0 0 100 62 0 69 0 0 0 0 0 5 88 42 0 0 26 22 0 35 55 0 0 3 0 0 0 75 34 0 0 0 74 68 
0 0 0 0 79 0 12 0 0 0 0 0 0 0 0 0 0 0 0 6 0 28 84 0 0 0 0 0 0 0 0 0 0 70 56 0 0 0 0 0 0 0 88 0 0 25 0 0 72 0 0 0 0 16 0 0 0 100 5 29 89 63 0 0 0 5 0 0 0 0 11 0 74 0 0 0 0 0 0 0 0 0 95 23 0 0 0 0 0 0 0 0 0 85 0 0 0 0 0 0 
0 0 1 0 0 0 0 0 51 0 0 0 0 67 32 0 0 0 0 83 0 0 0 0 0 0 17 61 0 75 0 74 0 20 68 0 58 0 0 30 20 72 0 0 0 0 38 0 4 0 89 0 0 14 0 0 0 0 0 0 0 0 0 0 48 0 0 0 0 31 0 0 92 0 0 0 0 51 78 0 22 12 0 66 0 0 78 0 0 0 0 0 0 0 0 0 0 0 92 12 
53 0 0 89 0 0 0 0 0 18 0 91 0 0 0 0 0 0 3 0 20 26 0 58 13 0 34 19 0 0 0 0 95 0 0 69 0 0 0 0 0 46 0 0 0 0 0 99 0 0 0 43 0 80 0 2 0 0 74 0 0 0 0 0 0 0 5 0 0 0 19 0 0 79 0 0 99 0 0 0 67 0 0 16 60 3 0 0 0 91 75 85 0 0 0 0 0 0 0 0 
16 43 0 0 0 0 0 0 97 0 0 0 47 0 0 0 0 0 0 0 0 28 12 0 0 59 0 0 75 0 0 45 37 0 0 20 0 72 0 35 0 0 0 0 0 66 0 7 0 0 0 0 0 62 0 0 0 0 0 0 0 0 0 0 0 0 0 0 0 0 0 0 0 0 77 0 0 0 0 0 98 87 0 0 0 0 0 0 34 85 34 0 0 0 0 0 0 0 0 0 
0 0 0 0 0 0 0 0 0 1 17 0 0 0 0 32 72 0 99 41 0 0 0 0 12 0 55 0 69 0 11 0 0 0 0 77 0 40 0 0 80 0 67 61 0 31 0 0 15 0 0 0 25 0 14 0 0 0 0 0 0 0 0 0 0 0 0 0 0 90 0 0 0 0 0 0 0 0 0 0 60 78 0 69 0 83 0 79 0 83 0 0 0 0 0 0 0 38 0 0 
21 0 0 0 0 0 0 0 0 19 0 71 95 0 0 99 0 0 99 0 1 0 0 0 0 22 0 0 0 0 0 32 6 0 0 0 0 0 59 0 33 0 0 0 0 0 0 0 0 0 0 0 0 0 0 0 0 0 0 0 0 0 47 0 0 72 0 93 0 0 10 44 0 0 0 22 0 0 89 0 0 0 0 0 0 0 0 0 3 30 0 0 0 0 0 0 0 0 45 0 
1 0 0 0 0 45 0 0 0 28 0 13 0 0 59 58 0 0 0 0 0 0 49 0 61 2 76 0 0 38 0 97 0 0 0 49 28 0 14 0 0 87 92 0 0 0 72 0 0 0 0 0 0 0 16 68 0 0 0 84 0 0 0 0 0 0 0 0 0 0 0 0 39 0 44 0 46 8 0 0 37 53 40 0 0 0 0 0 30 0 0 0 0 0 0 38 0 0 0 0 
0 0 54 0 93 0 0 0 0 83 0 0 0 0 0 75 52 0 1 97 0 0 79 0 0 50 0 0 0 0 78 0 0 0 34 0 96 0 0 0 28 0 0 0 13 0 0 31 0 40 67 0 0 0 0 8 0 0 0 0 0 0 0 0 0 0 0 0 83 0 0 0 0 0 9 0 0 35 8 0 0 0 0 0 0 1 0 68 0 0 74 0 92 0 0 0 45 0 0 0 
0 0 0 0 29 0 0 0 0 75 0 15 80 0 0 0 0 0 41 0 61 0 86 0 0 0 22 25 73 0 0 34 0 70 14 0 0 0 0 12 0 0 0 100 0 0 0 0 0 0 0 0 0 0 97 1 0 0 0 0 6 0 28 0 10 0 0 52 62 0 93 0 0 0 31 0 3 0 0 0 0 88 0 0 0 0 8 0 0 32 68 0 12 0 0 0 0 0 0 0 
