0 0 0 0 0 0 0 0 0 0 0 0 0 0 0 44 0 49 0 0 0 0 40 21 0 83 0 0 0 0 82 0 0 75 0 0 0 0 0 0 45 0 0 0 33 0 0 0 39 0 0 0 0 0 0 0 0 0 0 0 0 0 0 0 0 0 0 0 0 0 0 0 91 0 0 0 0 0 0 0 94 0 4 0 0 0 0 0 0 0 0 0 0 0 0 0 0 0 55 0 
0 0 0 0 0 0 0 0 95 84 0 0 0 0 0 46 0 0 0 0 0 0 0 0 0 0 61 0 0 0 0 0 0 0 0 46 0 0 0 0 0 0 0 0 0 0 0 0 0 0 0 98 48 0 0 62 0 0 0 0 77 0 0 14 0 0 0 0 7 28 49 0 0 0 14 0 0 0 0 0 0 0 0 57 0 0 0 0 0 0 0 0 0 0 0 0 0 0 0 0 
0 0 0 0 0 0 0 0 0 0 0 0 0 0 0 0 0 0 0 0 0 0 16 0 0 0 0 0 0 0 0 0 60 0 0 0 0 0 0 0 0 45 0 0 0 0 0 0 0 81 0 0 0 0 0 43 0 0 0 0 0 0 0 0 42 0 0 0 0 0 0 0 0 0 0 0 0 0 0 0 0 0 0 0 0 0 0 0 0 0 0 53 0 0 13 0 0 0 0 0 
0 0 0 0 0 51 0 0 54 0 0 49 0 0 0 0 0 0 2 0 0 0 25 0 0 68 0 0 0 76 0 0 0 0 7 0 0 0 0 0 0 0 54 0 0 49 0 0 0 0 0 0 0 0 0 0 0 0 0 0 0 0 0 0 37 0 0 0 0 53 0 0 0 0 0 0 0 0 0 0 0 0 7 0 0 25 0 0 0 0 47 0 0 0 0 0 0 0 0 0 
0 0 0 0 0 0 0 0 0 0 0 0 0 0 72 0 0 0 0 0 0 0 0 0 0 0 0 0 0 0 0 0 0 0 0 0 0 0 0 0 0 0 71 0 0 0 0 0 0 21 0 59 0 0 0 0 0 0 0 59 0 0 0 0 0 0 0 0 37 0 0 0 0 0 48 0 12 0 0 0 0 0 89 0 0 0 0 0 0 53 98 0 0 0 0 0 0 0 86 0 
0 0 0 51 0 0 0 0 25 0 0 93 0 0 0 0 0 75 0 0 0 0 0 0 0 0 0 0 0 0 0 0 5 0 0 0 98 0 0 0 0 0 0 0 0 0 0 0 0 0 0 0 0 29 0 0 0 49 0 25 0 0 0 0 69 0 0 3 0 0 0 0 0 0 0 0 0 0 0 0 0 0 0 6 0 0 0 0 0 0 0 0 22 0 0 88 0 0 0 86 
0 0 0 0 0 0 0 0 0 0 0 0 0 0 0 0 0 0 85 0 0 0 0 0 0 0 49 0 0 0 0 0 0 0 0 98 0 0 0 0 8 0 86 0 0 0 35 0 0 0 0 0 34 0 0 0 0 0 0 0 61 0 0 0 44 0 0 0 0 0 0 0 0 29 0 0 9 0 0 0 0 0 0 54 0 0 0 0 0 0 0 0 0 6 0 0 0 20 22 0 
0 0 0 0 0 0 0 0 0 0 0 0 0 0 0 83 0 0 0 0 0 0 0 86 0 0 0 0 0 79 17 0 0 0 0 0 0 0 0 0 0 0 0 0 0 0 0 40 39 0 0 0 0 0 0 0 0 0 0 0 0 0 0 0 0 0 0 0 0 0 0 98 0 0 0 0 0 0 0 0 22 0 0 12 0 0 0 0 0 0 10 0 0 0 0 0 0 0 0 0 
0 95 0 54 0 25 0 0 0 0 0 0 91 0 0 0 15 86 0 0 0 0 0 0 0 27 0 0 0 0 0 0 0 0 0 0 0 0 0 0 0 0 7 0 0 0 0 19 72 0 0 0 0 0 0 90 0 83 0 0 0 0 0 0 0 0 0 0 0 0 0 0 0 0 0 0 11 0 0 0 0 0 0 0 0 0 0 0 0 0 0 0 0 0 0 0 48 24 0 0 
0 84 0 0 0 0 0 0 0 0 0 68 0 0 0 0 0 0 0 0 76 0 0 0 0 0 0 0 32 0 0 10 0 0 0 0 0 0 0 0 0 0 0 0 60 0 0 0 0 0 0 0 0 0 0 0 0 0 0 7 0 48 0 0 0 0 0 0 0 0 0 0 0 0 0 0 0 0 0 0 0 0 0 0 0 0 0 54 0 0 0 0 0 0 0 0 0 31 0 0 
0 0 0 0 0 0 0 0 0 0 0 39 26 0 94 0 0 0 0 0 0 0 0 30 0 0 0 0 0 0 20 0 0 37 0 0 43 0 0 0 28 0 0 0 0 0 0 0 0 85 0 0 0 0 0 0 0 0 2 0 31 0 0 0 0 0 0 0 31 0 0 0 0 0 0 93 0 0 0 80 0 0 0 0 0 0 0 0 0 0 0 0 0 0 0 0 0 0 0 0 
0 0 0 49 0 93 0 0 0 68 39 0 0 0 0 0 0 0 0 73 0 0 0 0 0 0 0 72 0 0 0 0 0 0 74 0 0 0 0 0 0 0 0 0 0 0 0 0 0 0 0 0 0 0 0 0 0 0 0 0 0 0 0 0 0 0 88 0 0 0 0 0 0 0 0 0 0 0 69 91 0 0 0 0 71 0 53 0 0 0 0 0 0 0 32 32 50 0 0 0 
0 0 0 0 0 0 0 0 91 0 26 0 0 0 0 0 0 95 0 0 0 0 0 43 0 24 0 0 0 0 0 0 0 0 0 0 0 0 0 0 38 0 0 0 0 0 0 0 0 0 0 0 0 70 0 22 0 6 0 0 0 0 26 0 0 0 0 0 0 0 0 0 0 89 0 0 40 0 0 0 0 0 0 0 0 0 0 0 17 0 0 0 0 0 0 0 0 45 25 0 
0 0 0 0 0 0 0 0 0 0 0 0 0 0 0 0 0 0 0 0 0 0 0 0 0 0 0 0 0 0 0 0 0 0 0 0 0 0 0 0 63 0 0 0 0 0 0 0 0 0 0 82 0 0 0 0 0 0 0 0 0 0 0 0 0 0 0 0 0 0 0 0 0 0 0 0 0 73 68 0 0 0 0 0 0 0 0 0 0 0 0 0 0 0 0 0 66 0 0 0 
0 0 0 0 72 0 0 0 0 0 94 0 0 0 0 10 0 0 7 0 0 0 0 0 0 75 0 69 0 0 0 0 0 0 0 0 0 0 0 0 83 14 0 0 0 0 0 0 0 69 0 0 0 82 0 0 0 0 0 0 0 79 0 73 0 0 0 0 5 0 0 0 0 0 0 0 0 0 0 0 0 0 0 0 0 0 0 0 0 0 0 14 0 0 0 0 6 0 0 0 
44 46 0 0 0 0 0 83 0 0 0 0 0 0 10 0 0 0 0 0 51 0 0 0 0 0 0 99 0 0 0 0 0 0 0 0 0 0 0 0 0 0 0 0 0 0 0 0 0 0 0 0 36 0 49 0 0 0 0 0 0 0 0 0 0 0 4 0 0 0 7 95 0 0 0 0 0 0 0 0 0 0 0 0 0 0 0 0 0 0 0 33 0 0 40 0 28 58 0 0 
0 0 0 0 0 0 0 0 15 0 0 0 0 0 0 0 0 0 0 0 0 0 0 0 0 0 0 30 0 0 0 0 0 0 0 0 0 0 0 0 0 0 0 0 0 0 18 0 0 0 0 0 0 0 0 0 0 0 0 0 0 65 30 0 0 0 0 0 67 76 76 82 0 0 0 0 79 55 0 0 0 0 0 0 0 33 0 66 0 0 0 0 0 0 0 12 0 0 0 40 
49 0 0 0 0 75 0 0 86 0 0 0 95 0 0 0 0 0 0 0 0 0 0 0 0 34 0 0 0 0 0 0 0 0 0 0 0 0 0 0 0 0 0 0 94 0 5 24 0 0 67 0 0 0 0 0 0 0 19 0 0 0 38 0 0 0 0 0 0 69 73 0 0 0 0 59 0 0 0 0 0 0 0 0 0 0 58 0 0 0 0 0 0 0 0 0 0 0 0 0 
0 0 0 2 0 0 85 0 0 0 0 0 0 0 7 0 0 0 0 0 0 0 0 0 0 0 0 22 0 0 0 0 0 0 0 0 0 0 0 0 0 0 0 0 0 0 0 0 81 0 0 84 33 0 0 0 0 0 0 0 0 0 5 0 0 0 63 0 0 0 0 0 0 12 0 0 0 0 0 0 0 0 0 0 0 0 0 0 87 0 0 0 35 30 42 0 0 0 0 0 
0 0 0 0 0 0 0 0 0 0 0 73 0 0 0 0 0 0 0 0 0 0 0 0 0 0 0 0 0 0 0 12 0 0 31 0 0 0 39 56 0 0 0 60 0 0 0 0 0 0 0 0 0 0 55 0 0 0 0 0 80 0 0 0 39 0 84 0 0 0 0 0 0 0 0 0 0 0 92 0 0 4 0 0 0 0 0 40 0 0 0 0 0 0 0 0 0 0 0 0 
0 0 0 0 0 0 0 0 0 76 0 0 0 0 0 51 0 0 0 0 0 0 0 0 0 0 0 18 0 0 0 0 0 0 0 0 35 0 0 11 0 0 0 0 25 12 0 0 0 0 0 0 0 0 55 0 15 0 0 0 0 0 0 0 0 0 0 0 0 0 0 0 0 54 0 0 35 0 0 0 0 49 86 0 0 27 0 7 0 0 0 0 0 0 0 0 0 0 0 0 
0 0 0 0 0 0 0 0 0 0 0 0 0 0 0 0 0 0 0 0 0 0 64 0 0 0 0 63 70 5 0 0 0 25 0 45 0 0 0 0 0 0 0 0 0 0 0 0 0 0 0 0 0 0 0 0 0 0 0 0 0 0 0 0 0 24 0 0 98 13 0 0 9 0 0 48 0 0 42 0 0 0 70 0 100 0 0 0 0 63 0 0 0 0 0 0 0 0 0 0 
40 0 16 25 0 0 0 0 0 0 0 0 0 0 0 0 0 0 0 0 0 64 0 0 0 0 0 0 21 0 0 82 0 0 0 0 0 0 1 0 0 0 0 0 0 0 90 0 0 8 0 86 0 0 0 0 0 0 0 0 0 0 0 20 0 93 0 0 0 0 0 95 0 0 0 0 0 0 0 0 0 0 0 0 0 0 0 0 0 5 0 0 0 29 0 0 0 0 0 0 
21 0 0 0 0 0 0 86 0 0 30 0 43 0 0 0 0 0 0 0 0 0 0 0 0 0 0 70 0 0 0 0 0 41 0 0 0 0 0 0 0 78 0 0 0 0 0 0 0 3 71 0 0 0 50 11 0 0 0 0 0 0 0 0 0 0 0 0 0 0 16 0 0 0 0 0 0 26 0 0 0 56 0 0 0 0 0 0 0 0 0 0 0 0 0 0 18 0 0 0 
0 0 0 0 0 0 0 0 0 0 0 0 0 0 0 0 0 0 0 0 0 0 0 0 0 0 0 0 0 0 0 42 0 0 0 0 0 61 0 0 100 0 0 84 0 0 0 0 0 0 0 0 0 0 0 0 0 77 0 0 1 0 0 0 0 0 0 0 0 0 0 0 0 0 0 0 0 0 0 0 0 0 0 0 0 0 96 0 0 0 0 0 0 0 61 0 0 0 0 0 
83 0 0 68 0 0 0 0 27 0 0 0 24 0 75 0 0 34 0 0 0 0 0 0 0 0 0 0 75 43 55 0 0 0 0 0 0 0 0 0 0 0 0 71 0 0 0 0 0 0 0 0 0 0 0 0 0 0 0 0 0 0 0 0 0 0 0 0 0 0 0 0 0 0 0 0 0 3 0 0 0 24 0 0 0 0 0 0 0 0 0 81 0 0 95 0 0 27 0 0 
0 61 0 0 0 0 49 0 0 0 0 0 0 0 0 0 0 0 0 0 0 0 0 0 0 0 0 0 0 0 0 0 0 0 0 0 0 0 0 0 0 0 0 0 0 0 0 0 0 0 0 0 47 0 0 0 0 5 0 0 0 0 0 83 0 0 0 0 0 64 0 0 0 0 0 0 0 0 0 90 0 0 0 57 0 0 0 96 5 0 74 0 0 0 0 0 0 0 45 0 
0 0 0 0 0 0 0 0 0 0 0 72 0 0 69 99 30 0 22 0 18 63 0 70 0 0 0 0 0 0 0 0 19 13 0 0 0 0 0 0 0 0 0 77 0 0 0 0 0 0 0 0 0 0 0 0 0 24 0 0 0 0 1 0 0 0 0 0 0 0 0 0 0 0 0 0 0 0 0 0 0 0 0 0 77 0 0 0 0 0 0 0 0 0 0 0 0 0 83 0 
0 0 0 0 0 0 0 0 0 32 0 0 0 0 0 0 0 0 0 0 0 70 21 0 0 75 0 0 0 0 0 0 0 0 0 0 0 0 0 90 0 0 0 58 51 0 0 0 0 0 0 0 0 0 0 0 0 0 0 0 0 0 0 0 28 51 0 0 0 0 0 0 0 0 0 24 0 0 0 0 0 62 0 42 84 0 0 0 0 0 0 0 26 0 0 0 0 0 0 79 
0 0 0 76 0 0 0 79 0 0 0 0 0 0 0 0 0 0 0 0 0 5 0 0 0 43 0 0 0 0 0 0 0 0 0 0 26 93 0 0 0 0 0 0 0 0 7 0 0 0 0 0 0 0 0 0 0 0 0 0 0 0 0 0 0 0 0 0 0 0 0 0 0 0 0 0 0 0 0 83 32 0 0 0 0 0 0 0 0 5 0 0 0 0 56 0 0 0 0 0 
82 0 0 0 0 0 0 17 0 0 20 0 0 0 0 0 0 0 0 0 0 0 0 0 0 55 0 0 0 0 0 0 18 0 0 0 82 0 0 0 0 0 0 0 0 0 0 0 0 0 41 0 0 0 0 0 0 0 0 0 70 0 0 0 0 0 15 0 0 6 0 0 38 0 0 6 4 0 0 0 0 0 0 0 0 0 0 9 0 0 0 0 0 0 0 0 0 0 0 45 
0 0 0 0 0 0 0 0 0 10 0 0 0 0 0 0 0 0 0 12 0 0 82 0 42 0 0 0 0 0 0 0 0 0 0 0 0 0 0 0 0 0 0 0 0 0 0 0 0 0 0 0 0 0 0 0 0 0 0 0 0 0 0 0 0 77 90 0 0 0 0 0 0 0 60 0 0 0 2 0 0 0 0 0 0 0 0 0 0 0 67 0 0 63 0 0 77 29 0 0 
0 0 60 0 0 5 0 0 0 0 0 0 0 0 0 0 0 0 0 0 0 0 0 0 0 0 0 19 0 0 18 0 0 0 0 2 0 0 0 0 0 0 0 0 0 0 0 61 100 0 0 0 63 0 0 0 0 0 0 48 0 0 0 0 76 0 0 0 0 0 80 0 0 70 0 0 0 0 0 0 0 61 0 0 0 0 0 0 0 0 0 0 0 0 70 0 50 0 0 0 
75 0 0 0 0 0 0 0 0 0 37 0 0 0 0 0 0 0 0 0 0 25 0 41 0 0 0 13 0 0 0 0 0 0 16 0 0 0 64 0 0 0 0 0 0 0 0 0 0 0 44 0 0 0 0 77 0 33 0 0 0 44 0 0 0 0 0 0 0 0 0 0 98 0 0 0 0 0 0 0 0 0 90 0 0 0 0 36 0 0 0 0 0 0 90 0 0 0 0 0 
0 0 0 7 0 0 0 0 0 0 0 74 0 0 0 0 0 0 0 31 0 0 0 0 0 0 0 0 0 0 0 0 0 16 0 0 0 0 81 0 0 0 0 8 0 0 0 17 0 0 0 0 0 0 0 0 0 0 0 0 0 0 0 0 0 0 0 0 42 0 0 95 0 63 0 0 0 48 9 0 0 0 0 0 0 85 0 11 0 0 0 0 0 0 0 0 0 0 0 32 
0 46 0 0 0 0 98 0 0 0 0 0 0 0 0 0 0 0 0 0 0 45 0 0 0 0 0 0 0 0 0 0 2 0 0 0 0 0 0 0 0 0 0 0 0 0 0 0 0 87 0 0 79 0 0 0 0 85 83 0 0 0 67 0 0 0 0 0 0 0 0 0 0 0 0 0 0 0 0 0 0 0 0 0 0 0 0 0 15 0 0 14 0 0 0 0 0 0 0 0 
0 0 0 0 0 98 0 0 0 0 43 0 0 0 0 0 0 0 0 0 35 0 0 0 0 0 0 0 0 26 82 0 0 0 0 0 0 0 59 0 0 0 0 0 0 0 0 0 0 0 78 0 0 0 0 0 0 0 0 0 0 0 0 79 0 0 0 0 0 32 0 0 0 0 0 0 0 0 0 0 86 0 25 36 0 0 0 0 0 1 0 0 0 0 0 0 49 33 0 0 
0 0 0 0 0 0 0 0 0 0 0 0 0 0 0 0 0 0 0 0 0 0 0 0 61 0 0 0 0 93 0 0 0 0 0 0 0 0 0 0 0 0 0 68 0 0 0 0 0 27 0 0 0 83 57 0 0 0 88 0 0 0 0 0 0 0 0 0 0 0 0 0 0 0 13 0 0 0 0 88 0 86 0 0 0 0 0 0 0 0 0 0 0 96 7 0 94 0 0 0 
0 0 0 0 0 0 0 0 0 0 0 0 0 0 0 0 0 0 0 39 0 0 1 0 0 0 0 0 0 0 0 0 0 64 81 0 59 0 0 0 45 0 0 0 0 0 0 0 0 39 0 0 76 42 0 0 0 0 0 0 0 0 0 0 0 63 0 0 0 0 0 0 0 48 0 0 0 0 0 0 0 0 0 0 0 60 0 0 0 91 0 0 0 0 0 0 0 0 0 0 
0 0 0 0 0 0 0 0 0 0 0 0 0 0 0 0 0 0 0 56 11 0 0 0 0 0 0 0 90 0 0 0 0 0 0 0 0 0 0 0 0 0 30 0 0 37 0 0 30 3 0 0 0 0 0 0 0 0 0 0 0 0 0 0 14 0 0 0 0 0 0 0 68 0 0 30 0 0 0 7 0 0 0 0 0 0 0 0 77 38 0 0 0 0 0 0 0 0 0 64 
45 0 0 0 0 0 8 0 0 0 28 0 38 63 83 0 0 0 0 0 0 0 0 0 100 0 0 0 0 0 0 0 0 0 0 0 0 0 45 0 0 0 0 0 0 0 0 0 0 0 93 0 0 0 0 0 0 0 25 0 0 0 0 0 0 0 97 14 0 0 0 0 0 0 0 0 64 0 0 0 0 0 0 0 0 0 0 0 59 0 0 0 0 0 0 0 0 54 0 0 
0 0 45 0 0 0 0 0 0 0 0 0 0 0 14 0 0 0 0 0 0 0 0 78 0 0 0 0 0 0 0 0 0 0 0 0 0 0 0 0 0 0 2 0 0 0 0 0 0 59 0 95 0 0 93 0 0 94 0 0 29 0 0 0 0 0 0 96 0 0 0 0 0 0 0 0 29 0 0 97 0 0 0 0 0 0 0 0 0 0 0 0 0 0 0 0 0 62 0 0 
0 0 0 54 71 0 86 0 7 0 0 0 0 0 0 0 0 0 0 0 0 0 0 0 0 0 0 0 0 0 0 0 0 0 0 0 0 0 0 30 0 2 0 0 0 0 0 14 32 0 0 0 0 0 0 63 0 0 83 0 0 0 0 0 0 0 0 0 0 0 0 34 0 0 0 0 0 0 0 0 0 0 0 0 0 0 65 0 0 0 0 0 0 0 0 0 0 0 0 0 
0 0 0 0 0 0 0 0 0 0 0 0 0 0 0 0 0 0 0 60 0 0 0 0 84 71 0 77 58 0 0 0 0 0 8 0 0 68 0 0 0 0 0 0 0 0 0 0 1 0 0 0 13 12 0 96 0 0 0 0 0 0 0 0 58 0 0 0 32 0 0 0 0 0 0 0 0 0 0 0 0 0 0 0 0 0 0 0 0 0 85 0 0 0 0 0 0 0 86 0 
33 0 0 0 0 0 0 0 0 60 0 0 0 0 0 0 0 94 0 0 25 0 0 0 0 0 0 0 51 0 0 0 0 0 0 0 0 0 0 0 0 0 0 0 0 0 0 0 26 0 39 0 0 0 0 0 0 0 0 0 0 0 82 2 0 0 0 0 0 0 0 0 0 0 0 0 0 0 72 0 0 0 0 0 0 0 0 0 0 32 98 0 0 0 0 54 75 0 75 0 
0 0 0 49 0 0 0 0 0 0 0 0 0 0 0 0 0 0 0 0 12 0 0 0 0 0 0 0 0 0 0 0 0 0 0 0 0 0 0 37 0 0 0 0 0 0 0 0 37 0 0 50 0 0 23 0 0 0 0 0 0 70 36 0 0 0 0 72 85 0 0 0 0 72 0 0 0 53 0 0 0 0 0 0 0 0 100 0 0 0 19 0 0 0 0 0 0 0 6 0 
0 0 0 0 0 0 35 0 0 0 0 0 0 0 0 0 18 5 0 0 0 0 90 0 0 0 0 0 0 7 0 0 0 0 0 0 0 0 0 0 0 0 0 0 0 0 0 0 0 0 0 5 0 0 0 0 0 0 0 0 0 0 71 0 0 0 0 0 0 41 0 81 0 26 0 0 0 0 85 0 0 0 0 0 0 0 0 0 0 0 0 0 0 92 0 0 0 0 0 0 
0 0 0 0 0 0 0 40 19 0 0 0 0 0 0 0 0 24 0 0 0 0 0 0 0 0 0 0 0 0 0 0 61 0 17 0 0 0 0 0 0 0 14 0 0 0 0 0 0 0 0 0 0 0 0 0 0 2 0 0 0 0 65 98 4 0 75 0 0 0 0 0 0 0 0 0 0 0 0 73 34 66 0 0 0 0 0 0 0 0 16 0 0 0 0 0 0 0 0 0 
39 0 0 0 0 0 0 39 72 0 0 0 0 0 0 0 0 0 81 0 0 0 0 0 0 0 0 0 0 0 0 0 100 0 0 0 0 0 0 30 0 0 32 1 26 37 0 0 0 0 0 0 0 0 0 0 0 0 0 0 0 0 0 0 58 41 0 0 0 0 0 42 0 0 0 0 0 0 0 0 0 0 0 0 0 0 0 0 24 0 0 0 0 0 0 0 0 0 0 31 
0 0 81 0 21 0 0 0 0 0 85 0 0 0 69 0 0 0 0 0 0 0 8 3 0 0 0 0 0 0 0 0 0 0 0 87 0 27 39 3 0 59 0 0 0 0 0 0 0 0 0 49 0 0 0 0 0 0 0 0 0 0 0 0 0 50 0 0 0 0 0 0 88 0 0 0 0 0 0 0 0 0 0 0 0 0 0 0 0 0 0 0 0 0 96 0 0 0 0 0 
0 0 0 0 0 0 0 0 0 0 0 0 0 0 0 0 0 67 0 0 0 0 0 71 0 0 0 0 0 0 41 0 0 44 0 0 78 0 0 0 93 0 0 0 39 0 0 0 0 0 0 0 54 0 0 0 0 0 0 0 0 0 100 31 0 0 0 0 27 0 0 0 0 0 0 0 0 0 0 0 0 66 41 0 0 33 0 91 0 0 0 0 0 0 0 0 0 0 0 0 
0 98 0 0 59 0 0 0 0 0 0 0 0 82 0 0 0 0 84 0 0 0 86 0 0 0 0 0 0 0 0 0 0 0 0 0 0 0 0 0 0 95 0 0 0 50 5 0 0 49 0 0 0 0 0 0 0 0 0 0 6 0 98 0 0 0 0 0 0 0 0 0 0 0 0 0 0 0 0 0 0 0 0 0 37 0 0 0 0 0 31 69 0 0 0 0 0 0 86 0 
0 48 0 0 0 0 34 0 0 0 0 0 0 0 0 36 0 0 33 0 0 0 0 0 0 0 47 0 0 0 0 0 63 0 0 79 0 0 76 0 0 0 0 13 0 0 0 0 0 0 54 0 0 0 0 0 0 0 0 0 21 0 0 0 19 0 62 0 0 0 0 22 0 0 0 0 0 0 0 0 0 70 0 0 0 0 0 0 0 0 0 0 0 0 0 0 0 0 0 0 
0 0 0 0 0 29 0 0 0 0 0 0 70 0 82 0 0 0 0 0 0 0 0 0 0 0 0 0 0 0 0 0 0 0 0 0 0 83 42 0 0 0 0 12 0 0 0 0 0 0 0 0 0 0 0 0 0 0 0 0 0 41 0 0 0 0 0 0 0 0 100 0 0 0 0 0 0 0 0 0 0 0 0 0 0 0 0 0 0 0 0 0 0 0 0 0 0 0 0 0 
0 0 0 0 0 0 0 0 0 0 0 0 0 0 0 49 0 0 0 55 55 0 0 50 0 0 0 0 0 0 0 0 0 0 0 0 0 57 0 0 0 93 0 0 0 23 0 0 0 0 0 0 0 0 0 0 0 0 0 7 0 96 0 0 0 0 40 0 0 57 0 0 76 0 0 0 0 0 97 0 0 0 0 20 0 0 0 0 80 0 0 0 0 0 0 0 0 0 0 0 
0 62 43 0 0 0 0 0 90 0 0 0 22 0 0 0 0 0 0 0 0 0 0 11 0 0 0 0 0 0 0 0 0 77 0 0 0 0 0 0 0 0 63 96 0 0 0 0 0 0 0 0 0 0 0 0 0 0 0 0 0 0 0 0 0 0 46 38 0 0 65 0 0 0 0 0 0 0 0 0 0 0 0 0 0 34 58 0 0 0 0 0 0 0 16 36 0 0 0 0 
0 0 0 0 0 0 0 0 0 0 0 0 0 0 0 0 0 0 0 0 15 0 0 0 0 0 0 0 0 0 0 0 0 0 0 0 0 0 0 0 0 0 0 0 0 0 0 0 0 0 0 0 0 0 0 0 0 0 0 0 49 0 0 0 0 0 0 0 0 0 27 0 0 0 0 0 0 0 0 0 0 0 0 0 0 0 0 28 0 0 0 74 0 10 0 0 0 9 0 0 
0 0 0 0 0 49 0 0 83 0 0 0 6 0 0 0 0 0 0 0 0 0 0 0 77 0 5 24 0 0 0 0 0 33 0 85 0 0 0 0 0 94 0 0 0 0 0 2 0 0 0 0 0 0 0 0 0 0 0 7 0 0 0 0 0 0 0 0 0 0 0 0 0 0 0 0 0 0 0 0 0 0 50 0 0 0 0 0 0 0 59 0 13 0 0 53 0 0 0 0 
0 0 0 0 0 0 0 0 0 0 2 0 0 0 0 0 0 19 0 0 0 0 0 0 0 0 0 0 0 0 0 0 0 0 0 83 0 88 0 0 25 0 83 0 0 0 0 0 0 0 0 0 0 0 0 0 0 0 0 0 0 0 0 0 0 0 0 0 0 0 0 0 0 0 0 91 0 0 0 0 49 0 0 0 0 0 0 0 0 0 0 0 0 0 0 0 0 0 0 0 
0 0 0 0 59 25 0 0 0 7 0 0 0 0 0 0 0 0 0 0 0 0 0 0 0 0 0 0 0 0 0 0 48 0 0 0 0 0 0 0 0 0 0 0 0 0 0 0 0 0 0 0 0 0 7 0 0 7 0 0 0 0 0 0 18 93 0 0 0 0 0 60 0 0 62 92 0 0 0 0 0 0 0 0 4 0 0 0 0 0 0 0 0 0 0 22 47 0 88 0 
0 77 0 0 0 0 61 0 0 0 31 0 0 0 0 0 0 0 0 80 0 0 0 0 1 0 0 0 0 0 70 0 0 0 0 0 0 0 0 0 0 29 0 0 0 0 0 0 0 0 0 6 21 0 0 0 49 0 0 0 0 0 0 0 0 0 0 0 0 0 0 0 0 0 0 0 0 0 26 0 0 0 0 0 0 0 0 0 0 0 0 0 30 90 0 60 0 0 0 0 
0 0 0 0 0 0 0 0 0 48 0 0 0 0 79 0 65 0 0 0 0 0 0 0 0 0 0 0 0 0 0 0 0 44 0 0 0 0 0 0 0 0 0 0 0 70 0 0 0 0 0 0 0 41 96 0 0 0 0 0 0 0 0 0 0 0 0 0 0 0 0 0 13 0 0 0 0 0 0 0 0 99 0 0 0 57 0 18 0 0 0 0 0 0 0 0 0 0 0 0 
0 0 0 0 0 0 0 0 0 0 0 0 26 0 0 0 30 38 5 0 0 0 0 0 0 0 0 1 0 0 0 0 0 0 0 67 0 0 0 0 0 0 0 0 82 36 71 65 0 0 100 98 0 0 0 0 0 0 0 0 0 0 0 0 0 0 0 0 0 0 0 0 0 0 0 77 99 0 0 0 0 0 0 0 0 99 0 0 0 0 0 0 0 0 0 0 0 0 0 0 
0 14 0 0 0 0 0 0 0 0 0 0 0 0 73 0 0 0 0 0 0 0 20 0 0 0 83 0 0 0 0 0 0 0 0 0 79 0 0 0 0 0 0 0 2 0 0 98 0 0 31 0 0 0 0 0 0 0 0 0 0 0 0 0 0 0 0 0 0 0 0 0 0 44 0 0 0 0 0 0 0 0 0 0 0 44 98 0 76 83 0 0 0 0 0 2 0 0 0 0 
0 0 42 37 0 69 44 0 0 0 0 0 0 0 0 0 0 0 0 39 0 0 0 0 0 0 0 0 28 0 0 0 76 0 0 0 0 0 0 14 0 0 0 58 0 0 0 4 58 0 0 0 19 0 0 0 0 0 0 18 0 0 0 0 0 0 0 0 0 0 0 0 0 0 0 0 0 0 0 0 0 0 0 0 0 0 0 0 0 0 0 0 0 0 0 0 0 0 0 7 
0 0 0 0 0 0 0 0 0 0 0 0 0 0 0 0 0 0 0 0 0 24 93 0 0 0 0 0 51 0 0 77 0 0 0 0 0 0 63 0 0 0 0 0 0 0 0 0 41 50 0 0 0 0 0 0 0 0 0 93 0 0 0 0 0 0 0 0 0 0 0 59 0 0 0 0 0 0 0 0 0 0 0 0 0 0 85 0 0 0 0 85 0 0 0 0 0 0 0 12 
0 0 0 0 0 0 0 0 0 0 0 88 0 0 0 4 0 0 63 84 0 0 0 0 0 0 0 0 0 0 15 90 0 0 0 0 0 0 0 0 97 0 0 0 0 0 0 75 0 0 0 0 62 0 40 46 0 0 0 0 0 0 0 0 0 0 0 0 0 0 0 0 20 0 0 0 0 0 0 0 38 27 0 0 0 0 0 0 0 0 0 0 0 0 0 0 0 0 0 44 
0 0 0 0 0 3 0 0 0 0 0 0 0 0 0 0 0 0 0 0 0 0 0 0 0 0 0 0 0 0 0 0 0 0 0 0 0 0 0 0 14 96 0 0 0 72 0 0 0 0 0 0 0 0 0 38 0 0 0 0 0 0 0 0 0 0 0 0 0 0 0 0 3 0 0 0 0 0 0 0 0 0 0 0 0 53 0 0 0 0 76 44 0 0 0 0 0 0 0 0 
0 7 0 0 37 0 0 0 0 0 31 0 0 0 5 0 67 0 0 0 0 98 0 0 0 0 0 0 0 0 0 0 0 0 42 0 0 0 0 0 0 0 0 32 0 85 0 0 0 0 27 0 0 0 0 0 0 0 0 0 0 0 0 0 0 0 0 0 0 0 0 0 0 83 30 0 0 0 0 0 0 0 0 0 0 0 0 0 89 0 0 0 75 0 42 0 0 0 0 0 
0 28 0 53 0 0 0 0 0 0 0 0 0 0 0 0 76 69 0 0 0 13 0 0 0 0 64 0 0 0 6 0 0 0 0 0 32 0 0 0 0 0 0 0 0 0 41 0 0 0 0 0 0 0 57 0 0 0 0 0 0 0 0 0 0 0 0 0 0 0 0 0 17 0 0 0 0 0 0 76 0 0 0 0 0 0 0 0 0 76 0 0 0 38 0 0 0 0 0 0 
0 49 0 0 0 0 0 0 0 0 0 0 0 0 0 7 76 73 0 0 0 0 0 16 0 0 0 0 0 0 0 0 80 0 0 0 0 0 0 0 0 0 0 0 0 0 0 0 0 0 0 0 0 100 0 65 27 0 0 0 0 0 0 0 0 0 0 0 0 0 0 0 0 0 0 0 0 0 0 0 42 60 0 0 0 0 0 0 0 22 0 45 91 0 0 0 5 0 0 0 
0 0 0 0 0 0 0 98 0 0 0 0 0 0 0 95 82 0 0 0 0 0 95 0 0 0 0 0 0 0 0 0 0 0 95 0 0 0 0 0 0 0 34 0 0 0 81 0 42 0 0 0 22 0 0 0 0 0 0 60 0 0 0 0 0 59 0 0 0 0 0 0 0 0 0 32 0 0 0 0 0 0 0 0 0 0 0 0 19 0 0 0 59 0 0 0 0 0 0 0 
91 0 0 0 0 0 0 0 0 0 0 0 0 0 0 0 0 0 0 0 0 9 0 0 0 0 0 0 0 0 38 0 0 98 0 0 0 0 0 68 0 0 0 0 0 0 0 0 0 88 0 0 0 0 76 0 0 0 0 0 0 13 0 0 0 0 20 3 0 17 0 0 0 0 0 0 0 0 23 0 0 0 0 0 0 0 0 0 0 0 0 0 0 0 0 0 0 0 0 0 
0 0 0 0 0 0 29 0 0 0 0 0 89 0 0 0 0 0 12 0 54 0 0 0 0 0 0 0 0 0 0 0 70 0 63 0 0 0 48 0 0 0 0 0 0 72 26 0 0 0 0 0 0 0 0 0 0 0 0 0 0 0 0 44 0 0 0 0 83 0 0 0 0 0 0 0 0 30 0 0 0 0 0 0 0 0 0 0 0 0 41 0 0 0 0 0 0 0 0 77 
0 14 0 0 48 0 0 0 0 0 0 0 0 0 0 0 0 0 0 0 0 0 0 0 0 0 0 0 0 0 0 60 0 0 0 0 0 13 0 0 0 0 0 0 0 0 0 0 0 0 0 0 0 0 0 0 0 0 0 62 0 0 0 0 0 0 0 0 30 0 0 0 0 0 0 0 0 0 0 0 7 0 0 0 96 0 0 0 0 0 0 0 0 0 0 0 0 0 0 81 
0 0 0 0 0 0 0 0 0 0 93 0 0 0 0 0 0 59 0 0 0 48 0 0 0 0 0 0 24 0 6 0 0 0 0 0 0 0 0 30 0 0 0 0 0 0 0 0 0 0 0 0 0 0 0 0 0 0 91 92 0 0 77 0 0 0 0 0 0 0 0 32 0 0 0 0 0 68 0 0 0 0 0 41 0 2 0 0 0 10 0 0 98 0 0 0 0 0 0 0 
0 0 0 0 12 0 9 0 11 0 0 0 40 0 0 0 79 0 0 0 35 0 0 0 0 0 0 0 0 0 4 0 0 0 0 0 0 0 0 0 64 29 0 0 0 0 0 0 0 0 0 0 0 0 0 0 0 0 0 0 0 0 99 0 0 0 0 0 0 0 0 0 0 0 0 0 0 87 0 0 0 0 13 0 37 0 0 0 0 0 0 0 0 0 0 0 0 25 21 0 
0 0 0 0 0 0 0 0 0 0 0 0 0 73 0 0 55 0 0 0 0 0 0 26 0 3 0 0 0 0 0 0 0 0 48 0 0 0 0 0 0 0 0 0 0 53 0 0 0 0 0 0 0 0 0 0 0 0 0 0 0 0 0 0 0 0 0 0 0 0 0 0 0 30 0 68 87 0 15 0 0 0 0 0 0 0 0 0 0 0 0 0 84 79 0 0 0 0 0 0 
0 0 0 0 0 0 0 0 0 0 0 69 0 68 0 0 0 0 0 92 0 42 0 0 0 0 0 0 0 0 0 2 0 0 9 0 0 0 0 0 0 0 0 0 72 0 85 0 0 0 0 0 0 0 97 0 0 0 0 0 26 0 0 0 0 0 0 0 0 0 0 0 23 0 0 0 0 15 0 88 0 0 0 0 0 0 0 0 0 0 0 0 0 0 0 16 0 0 0 0 
0 0 0 0 0 0 0 0 0 0 80 91 0 0 0 0 0 0 0 0 0 0 0 0 0 0 90 0 0 83 0 0 0 0 0 0 0 88 0 7 0 97 0 0 0 0 0 73 0 0 0 0 0 0 0 0 0 0 0 0 0 0 0 0 0 0 0 0 0 76 0 0 0 0 0 0 0 0 88 0 0 0 0 0 52 0 70 0 0 88 0 0 0 0 0 0 0 28 0 15 
94 0 0 0 0 0 0 22 0 0 0 0 0 0 0 0 0 0 0 0 0 0 0 0 0 0 0 0 0 32 0 0 0 0 0 0 86 0 0 0 0 0 0 0 0 0 0 34 0 0 0 0 0 0 0 0 0 0 49 0 0 0 0 0 0 0 38 0 0 0 42 0 0 0 7 0 0 0 0 0 0 0 0 25 0 37 0 0 0 0 0 0 0 0 0 0 0 0 0 0 
0 0 0 0 0 0 0 0 0 0 0 0 0 0 0 0 0 0 0 4 49 0 0 56 0 24 0 0 62 0 0 0 61 0 0 0 0 86 0 0 0 0 0 0 0 0 0 66 0 0 66 0 70 0 0 0 0 0 0 0 0 99 0 0 0 0 27 0 0 0 60 0 0 0 0 0 0 0 0 0 0 0 0 0 0 42 0 0 0 0 0 0 0 0 0 0 0 0 49 0 
4 0 0 7 89 0 0 0 0 0 0 0 0 0 0 0 0 0 0 0 86 70 0 0 0 0 0 0 0 0 0 0 0 90 0 0 25 0 0 0 0 0 0 0 0 0 0 0 0 0 41 0 0 0 0 0 0 50 0 0 0 0 0 0 0 0 0 0 0 0 0 0 0 0 0 0 13 0 0 0 0 0 0 52 0 0 0 49 0 0 44 0 0 86 0 12 0 0 0 0 
0 57 0 0 0 6 54 12 0 0 0 0 0 0 0 0 0 0 0 0 0 0 0 0 0 0 57 0 42 0 0 0 0 0 0 0 36 0 0 0 0 0 0 0 0 0 0 0 0 0 0 0 0 0 20 0 0 0 0 0 0 0 0 0 0 0 0 0 0 0 0 0 0 0 0 41 0 0 0 0 25 0 52 0 0 0 0 26 0 1 0 0 0 55 0 0 0 0 61 0 
0 0 0 0 0 0 0 0 0 0 0 71 0 0 0 0 0 0 0 0 0 100 0 0 0 0 0 77 84 0 0 0 0 0 0 0 0 0 0 0 0 0 0 0 0 0 0 0 0 0 0 37 0 0 0 0 0 0 0 4 0 0 0 0 0 0 0 0 0 0 0 0 0 0 96 0 37 0 0 52 0 0 0 0 0 0 0 0 26 0 0 0 0 0 98 0 31 0 0 0 
0 0 0 25 0 0 0 0 0 0 0 0 0 0 0 0 33 0 0 0 27 0 0 0 0 0 0 0 0 0 0 0 0 0 85 0 0 0 60 0 0 0 0 0 0 0 0 0 0 0 33 0 0 0 0 34 0 0 0 0 0 57 99 44 0 0 0 53 0 0 0 0 0 0 0 2 0 0 0 0 37 42 0 0 0 0 0 0 0 0 0 0 54 0 0 0 0 0 0 0 
0 0 0 0 0 0 0 0 0 0 0 53 0 0 0 0 0 58 0 0 0 0 0 0 96 0 0 0 0 0 0 0 0 0 0 0 0 0 0 0 0 0 65 0 0 100 0 0 0 0 0 0 0 0 0 58 0 0 0 0 0 0 0 98 0 85 0 0 0 0 0 0 0 0 0 0 0 0 0 70 0 0 0 0 0 0 0 0 0 0 0 59 0 0 0 28 0 0 0 0 
0 0 0 0 0 0 0 0 0 54 0 0 0 0 0 0 66 0 0 40 7 0 0 0 0 0 96 0 0 0 9 0 0 36 11 0 0 0 0 0 0 0 0 0 0 0 0 0 0 0 91 0 0 0 0 0 28 0 0 0 0 18 0 0 0 0 0 0 0 0 0 0 0 0 0 0 0 0 0 0 0 0 49 26 0 0 0 0 0 0 0 0 10 0 0 0 0 0 0 0 
0 0 0 0 0 0 0 0 0 0 0 0 17 0 0 0 0 0 87 0 0 0 0 0 0 0 5 0 0 0 0 0 0 0 0 15 0 0 0 77 59 0 0 0 0 0 0 0 24 0 0 0 0 0 80 0 0 0 0 0 0 0 0 76 0 0 0 0 89 0 0 19 0 0 0 0 0 0 0 0 0 0 0 0 26 0 0 0 0 0 0 82 0 0 0 0 0 0 0 0 
0 0 0 0 53 0 0 0 0 0 0 0 0 0 0 0 0 0 0 0 0 63 5 0 0 0 0 0 0 5 0 0 0 0 0 0 1 0 91 38 0 0 0 0 32 0 0 0 0 0 0 0 0 0 0 0 0 0 0 0 0 0 0 83 0 0 0 0 0 76 22 0 0 0 0 10 0 0 0 88 0 0 0 1 0 0 0 0 0 0 0 0 0 0 0 0 0 0 28 0 
0 0 0 47 98 0 0 10 0 0 0 0 0 0 0 0 0 0 0 0 0 0 0 0 0 0 74 0 0 0 0 67 0 0 0 0 0 0 0 0 0 0 0 85 98 19 0 16 0 0 0 31 0 0 0 0 0 59 0 0 0 0 0 0 0 0 0 76 0 0 0 0 0 41 0 0 0 0 0 0 0 0 44 0 0 0 0 0 0 0 0 0 73 0 0 0 0 0 0 0 
0 0 53 0 0 0 0 0 0 0 0 0 0 0 14 33 0 0 0 0 0 0 0 0 0 81 0 0 0 0 0 0 0 0 0 14 0 0 0 0 0 0 0 0 0 0 0 0 0 0 0 69 0 0 0 0 74 0 0 0 0 0 0 0 0 85 0 44 0 0 45 0 0 0 0 0 0 0 0 0 0 0 0 0 0 0 59 0 82 0 0 0 0 0 0 0 0 0 0 0 
0 0 0 0 0 22 0 0 0 0 0 0 0 0 0 0 0 0 35 0 0 0 0 0 0 0 0 0 26 0 0 0 0 0 0 0 0 0 0 0 0 0 0 0 0 0 0 0 0 0 0 0 0 0 0 0 0 13 0 0 30 0 0 0 0 0 0 0 75 0 91 59 0 0 0 98 0 84 0 0 0 0 0 0 0 54 0 10 0 0 73 0 0 0 0 0 0 0 0 0 
0 0 0 0 0 0 6 0 0 0 0 0 0 0 0 0 0 0 30 0 0 0 29 0 0 0 0 0 0 0 0 63 0 0 0 0 0 96 0 0 0 0 0 0 0 0 92 0 0 0 0 0 0 0 0 0 10 0 0 0 90 0 0 0 0 0 0 0 0 38 0 0 0 0 0 0 0 79 0 0 0 0 86 55 0 0 0 0 0 0 0 0 0 0 0 0 0 0 0 0 
0 0 13 0 0 0 0 0 0 0 0 32 0 0 0 40 0 0 42 0 0 0 0 0 61 95 0 0 0 56 0 0 70 90 0 0 0 7 0 0 0 0 0 0 0 0 0 0 0 96 0 0 0 0 0 16 0 0 0 0 0 0 0 0 0 0 0 0 42 0 0 0 0 0 0 0 0 0 0 0 0 0 0 0 98 0 0 0 0 0 0 0 0 0 0 51 0 0 0 0 
0 0 0 0 0 88 0 0 0 0 0 32 0 0 0 0 12 0 0 0 0 0 0 0 0 0 0 0 0 0 0 0 0 0 0 0 0 0 0 0 0 0 0 0 54 0 0 0 0 0 0 0 0 0 0 36 0 53 0 22 60 0 0 2 0 0 0 0 0 0 0 0 0 0 0 0 0 0 16 0 0 0 12 0 0 0 28 0 0 0 0 0 0 0 51 0 0 0 0 0 
0 0 0 0 0 0 0 0 48 0 0 50 0 66 6 28 0 0 0 0 0 0 0 18 0 0 0 0 0 0 0 77 50 0 0 0 49 94 0 0 0 0 0 0 75 0 0 0 0 0 0 0 0 0 0 0 0 0 0 47 0 0 0 0 0 0 0 0 0 0 5 0 0 0 0 0 0 0 0 0 0 0 0 0 31 0 0 0 0 0 0 0 0 0 0 0 0 0 0 98 
0 0 0 0 0 0 20 0 24 31 0 0 45 0 0 58 0 0 0 0 0 0 0 0 0 27 0 0 0 0 0 29 0 0 0 0 33 0 0 0 54 62 0 0 0 0 0 0 0 0 0 0 0 0 0 0 9 0 0 0 0 0 0 0 0 0 0 0 0 0 0 0 0 0 0 0 25 0 0 28 0 0 0 0 0 0 0 0 0 0 0 0 0 0 0 0 0 0 0 0 
55 0 0 0 86 0 22 0 0 0 0 0 25 0 0 0 0 0 0 0 0 0 0 0 0 0 45 83 0 0 0 0 0 0 0 0 0 0 0 0 0 0 0 86 75 6 0 0 0 0 0 86 0 0 0 0 0 0 0 88 0 0 0 0 0 0 0 0 0 0 0 0 0 0 0 0 21 0 0 0 0 49 0 61 0 0 0 0 0 28 0 0 0 0 0 0 0 0 0 0 
0 0 0 0 0 86 0 0 0 0 0 0 0 0 0 0 40 0 0 0 0 0 0 0 0 0 0 0 79 0 45 0 0 0 32 0 0 0 0 64 0 0 0 0 0 0 0 0 31 0 0 0 0 0 0 0 0 0 0 0 0 0 0 0 7 12 44 0 0 0 0 0 0 77 81 0 0 0 0 15 0 0 0 0 0 0 0 0 0 0 0 0 0 0 0 0 98 0 0 0 
