0 0 0 0 62 8 0 0 0 0 0 0 0 0 0 0 0 0 9 0 0 0 0 0 0 0 0 0 0 19 0 70 31 0 87 83 0 0 0 48 0 0 0 0 12 0 0 0 0 0 0 0 0 0 0 0 30 0 0 0 0 0 0 0 54 0 0 0 0 0 0 0 0 0 0 0 0 0 0 79 0 0 0 0 0 0 0 0 0 0 0 0 0 0 0 0 0 0 0 0 
0 0 0 9 0 59 0 0 0 0 0 0 0 0 85 0 0 0 0 0 0 27 0 0 0 0 0 26 0 0 0 0 0 0 0 0 0 0 0 45 0 0 0 0 0 0 0 0 0 73 0 0 0 73 0 53 0 0 0 0 0 0 0 0 0 0 0 0 83 0 0 0 0 0 0 0 78 0 0 0 0 0 40 0 0 0 0 0 0 0 0 14 0 0 0 0 0 20 97 0 
0 0 0 0 0 0 3 0 25 27 0 0 0 0 0 0 5 0 0 0 0 0 0 0 0 0 0 0 0 0 0 0 93 0 0 87 0 2 60 0 0 0 0 0 0 0 0 0 0 80 61 0 0 0 0 0 0 0 0 0 53 0 0 0 0 0 0 0 0 0 0 0 0 0 0 0 0 0 0 0 0 0 0 0 0 0 0 0 0 0 25 87 71 0 0 0 0 0 0 25 
0 9 0 0 0 0 0 0 0 0 4 8 0 0 0 83 0 0 0 13 0 0 0 0 0 0 57 0 0 0 81 0 0 0 0 0 0 0 0 24 0 0 0 0 0 0 0 0 0 0 0 99 69 45 0 0 0 0 0 0 0 0 0 0 46 0 0 0 0 0 0 0 0 67 0 0 0 0 0 0 0 0 0 0 0 0 0 0 0 0 0 0 6 0 23 0 0 0 0 0 
62 0 0 0 0 0 0 0 0 0 0 0 0 0 0 0 0 0 0 0 0 0 0 0 0 0 0 0 0 0 0 0 63 0 0 0 38 66 0 0 82 74 0 0 57 0 0 0 32 60 0 0 0 0 0 0 85 0 0 0 0 0 0 0 0 24 0 0 0 0 0 0 0 99 28 0 0 0 0 0 0 0 0 0 0 0 0 0 0 0 0 100 0 0 0 0 0 0 61 0 
8 59 0 0 0 0 0 0 0 7 97 0 61 0 58 0 0 0 0 0 0 0 0 0 0 0 0 0 30 0 0 0 0 0 0 0 0 82 99 0 0 0 0 0 0 0 0 0 16 0 0 0 0 0 0 84 0 0 0 83 0 0 0 90 0 0 0 0 0 0 0 0 0 0 0 0 0 0 0 0 0 0 0 2 0 0 0 0 0 0 0 0 85 0 0 0 0 0 0 0 
0 0 3 0 0 0 0 0 29 7 0 9 0 0 0 0 0 0 0 0 0 0 0 0 0 0 0 0 0 0 0 0 0 0 0 0 40 0 0 0 0 0 28 0 0 0 0 0 5 0 0 0 0 0 0 0 0 0 0 0 0 0 0 0 33 0 0 0 0 0 0 42 0 87 0 0 0 31 0 0 0 0 0 0 0 0 55 0 0 0 8 76 0 0 0 0 0 0 0 0 
0 0 0 0 0 0 0 0 0 0 0 0 0 0 0 26 0 0 0 0 46 62 0 0 0 0 0 0 0 0 0 0 0 0 0 0 0 0 0 0 10 0 0 0 0 0 0 0 0 0 0 0 0 0 0 0 19 0 0 0 75 0 0 0 0 0 0 0 0 0 0 0 85 0 0 0 6 0 0 0 80 0 0 63 0 0 0 0 0 0 0 0 0 0 0 0 0 0 0 0 
0 0 25 0 0 0 29 0 0 0 0 17 58 0 0 0 0 0 0 0 0 0 0 0 0 0 66 54 0 0 0 0 0 0 0 0 0 0 0 0 0 0 0 0 0 0 0 0 0 0 0 0 0 0 0 39 0 0 0 0 0 0 11 87 0 73 0 0 0 0 0 0 40 0 0 0 0 0 0 0 0 0 0 74 0 0 0 0 0 0 0 0 0 0 0 0 0 0 0 0 
0 0 27 0 0 7 7 0 0 0 32 0 0 0 0 0 0 0 14 0 0 0 0 0 0 63 0 0 0 0 33 0 0 0 27 0 0 0 0 0 0 0 0 0 0 0 0 0 0 0 0 0 0 31 0 59 0 0 0 80 0 0 0 0 0 0 0 0 0 0 49 87 0 0 0 0 0 0 0 0 0 0 0 31 0 93 0 0 0 0 0 0 0 0 0 0 0 0 0 0 
0 0 0 4 0 97 0 0 0 32 0 0 0 0 0 0 0 28 0 0 0 0 0 0 0 0 0 0 0 0 0 0 0 0 16 0 0 0 36 0 0 0 0 0 0 0 53 0 0 0 0 0 0 0 90 0 0 0 0 0 0 0 0 0 0 0 22 0 0 0 0 0 34 0 0 0 0 0 0 0 0 0 0 0 0 0 0 0 0 0 0 0 0 28 0 19 0 0 0 0 
0 0 0 8 0 0 9 0 17 0 0 0 0 0 0 0 0 0 0 0 0 0 95 0 20 0 0 0 0 0 49 0 0 66 0 0 0 4 0 0 0 0 0 0 0 0 0 0 0 0 0 0 0 0 0 0 0 0 0 0 0 61 0 0 0 0 82 0 0 0 0 0 0 0 0 7 0 0 0 0 0 0 33 0 0 0 0 0 0 50 0 0 0 0 0 0 0 0 0 0 
0 0 0 0 0 61 0 0 58 0 0 0 0 0 0 0 20 0 0 0 0 0 0 71 0 0 0 84 68 0 0 0 6 0 0 59 0 0 0 0 0 0 0 0 0 0 0 0 56 0 87 0 0 0 0 99 0 0 88 0 37 0 0 0 14 0 0 0 0 0 0 0 0 0 0 0 0 0 0 0 0 0 0 0 0 0 0 0 0 0 0 0 0 0 0 0 0 0 88 0 
0 0 0 0 0 0 0 0 0 0 0 0 0 0 0 0 1 0 0 0 0 0 0 0 0 0 95 0 0 43 0 0 0 0 0 0 0 0 0 0 0 0 0 0 95 0 0 0 0 0 32 0 0 0 0 0 0 0 0 0 0 84 23 99 73 0 0 0 0 0 0 0 0 0 0 0 0 59 0 0 0 0 0 0 0 0 0 0 0 0 0 0 0 0 0 0 0 13 0 0 
0 85 0 0 0 58 0 0 0 0 0 0 0 0 0 0 0 0 0 0 0 74 0 0 0 0 0 0 0 75 0 0 0 0 0 19 79 29 0 0 0 0 0 0 0 0 93 0 0 0 0 0 0 0 0 0 0 0 0 0 0 0 0 0 0 0 0 0 0 0 92 0 0 0 0 75 0 55 0 59 54 0 0 0 0 0 0 0 0 0 0 0 23 0 0 0 0 0 74 0 
0 0 0 83 0 0 0 26 0 0 0 0 0 0 0 0 0 0 0 0 0 0 0 0 0 0 0 0 100 0 0 91 0 0 0 0 0 0 0 0 0 0 0 0 0 0 0 0 67 0 0 0 0 0 0 0 0 0 42 72 13 0 0 0 0 0 0 23 0 0 0 0 0 0 0 0 0 0 58 0 0 0 0 0 0 0 80 0 0 0 0 0 0 0 0 57 0 67 0 28 
0 0 5 0 0 0 0 0 0 0 0 0 20 1 0 0 0 0 0 0 0 15 0 0 0 0 0 0 0 93 0 0 0 0 0 87 0 0 54 0 48 0 0 0 0 0 0 0 0 0 0 0 0 0 0 0 0 0 0 0 0 0 0 3 0 0 0 0 14 0 0 0 0 0 0 0 0 0 0 0 0 0 0 0 0 0 0 47 65 0 0 44 0 0 0 0 5 74 0 0 
0 0 0 0 0 0 0 0 0 0 28 0 0 0 0 0 0 0 65 63 0 0 0 0 0 0 0 0 0 0 0 0 0 0 0 0 0 0 0 44 0 0 0 0 0 0 0 0 0 0 0 0 0 0 82 0 0 0 0 66 30 0 0 0 25 0 0 0 95 89 0 0 39 0 0 0 0 0 0 0 0 78 64 0 0 0 36 0 0 0 0 0 0 0 0 0 0 0 78 0 
9 0 0 0 0 0 0 0 0 14 0 0 0 0 0 0 0 65 0 87 0 0 0 0 0 0 86 0 1 0 0 0 0 70 0 0 0 0 0 0 0 41 0 0 0 0 0 0 0 0 0 0 0 0 0 0 0 0 0 0 0 0 0 0 0 0 0 0 0 0 0 0 0 0 0 47 0 0 0 0 31 0 0 0 0 0 39 0 0 71 0 0 42 0 91 0 0 57 0 0 
0 0 0 13 0 0 0 0 0 0 0 0 0 0 0 0 0 63 87 0 0 0 0 0 0 0 0 90 0 0 0 0 60 0 0 83 0 0 0 0 0 50 0 24 0 0 0 0 0 0 0 0 0 0 0 64 0 0 0 0 0 0 0 0 0 0 27 0 0 0 0 0 0 0 0 7 0 0 0 0 0 0 0 0 0 0 0 0 41 0 0 0 0 0 0 0 0 0 0 0 
0 0 0 0 0 0 0 46 0 0 0 0 0 0 0 0 0 0 0 0 0 0 0 0 0 0 0 0 92 0 0 57 43 0 8 0 0 0 0 0 0 0 25 0 29 0 0 96 0 0 0 0 0 0 0 0 0 0 97 0 0 0 0 0 0 0 0 97 0 0 0 0 81 0 61 0 0 0 0 23 0 0 0 0 0 0 0 0 0 0 0 0 0 0 0 92 0 0 0 19 
0 27 0 0 0 0 0 62 0 0 0 0 0 0 74 0 15 0 0 0 0 0 0 0 0 0 89 0 0 0 0 0 0 0 77 0 81 0 0 0 0 0 0 0 0 0 0 0 0 0 0 0 0 0 0 0 0 0 0 0 0 0 0 0 0 0 0 0 48 0 0 0 0 0 0 0 0 0 0 0 0 0 0 0 0 0 0 0 0 0 0 0 0 0 73 0 14 0 0 37 
0 0 0 0 0 0 0 0 0 0 0 95 0 0 0 0 0 0 0 0 0 0 0 0 13 20 0 0 0 16 0 0 0 0 0 0 0 0 0 0 0 9 74 0 0 0 0 0 0 0 0 0 0 11 0 0 0 0 0 0 0 0 0 0 0 0 0 0 0 0 0 0 0 94 0 0 29 0 0 0 72 0 0 0 0 0 0 0 0 18 0 0 0 0 0 0 0 0 0 0 
0 0 0 0 0 0 0 0 0 0 0 0 71 0 0 0 0 0 0 0 0 0 0 0 0 0 65 0 0 0 0 0 0 95 0 0 0 0 0 0 0 0 0 0 0 0 0 17 0 7 84 83 0 0 0 0 0 0 0 0 0 0 0 0 0 0 0 0 0 42 0 0 0 0 17 0 0 0 0 86 0 0 0 0 0 0 0 0 0 0 0 0 0 19 7 0 0 0 0 0 
0 0 0 0 0 0 0 0 0 0 0 20 0 0 0 0 0 0 0 0 0 0 13 0 0 0 0 0 0 0 5 0 0 0 0 0 0 0 0 0 0 0 0 0 0 0 0 0 0 0 0 0 0 0 0 0 0 0 0 0 0 0 0 0 0 0 0 0 0 0 0 0 0 0 0 0 0 30 39 0 0 0 0 0 0 0 36 0 0 0 0 0 0 0 0 0 9 0 0 0 
0 0 0 0 0 0 0 0 0 63 0 0 0 0 0 0 0 0 0 0 0 0 20 0 0 0 0 89 0 0 0 78 0 0 0 0 0 0 0 0 0 0 0 0 85 0 0 0 0 0 0 0 0 0 0 0 0 0 28 89 0 0 0 0 0 0 0 0 0 0 0 0 13 0 0 0 0 0 27 0 0 0 0 0 0 0 0 0 0 0 0 63 0 0 0 94 0 0 0 40 
0 0 0 57 0 0 0 0 66 0 0 0 0 95 0 0 0 0 86 0 0 89 0 65 0 0 0 0 50 0 0 5 0 0 0 0 67 0 0 0 0 0 0 0 0 62 0 0 0 0 0 0 0 0 0 0 0 0 0 0 0 0 0 0 0 0 0 0 0 0 0 0 0 0 0 0 0 0 0 0 0 0 0 69 0 0 0 0 0 0 0 0 0 0 63 60 40 0 0 0 
0 26 0 0 0 0 0 0 54 0 0 0 84 0 0 0 0 0 0 90 0 0 0 0 0 89 0 0 0 0 0 0 0 0 0 0 0 0 0 0 0 0 0 23 0 0 0 0 0 0 0 0 0 0 0 0 0 52 0 0 0 0 0 0 0 0 0 7 74 0 0 0 0 0 0 45 0 41 0 0 0 0 0 0 0 0 0 0 71 0 0 0 0 0 64 72 0 40 0 0 
0 0 0 0 0 30 0 0 0 0 0 0 68 0 0 100 0 0 1 0 92 0 0 0 0 0 50 0 0 0 0 0 0 0 0 0 38 0 0 0 0 0 0 0 0 0 0 0 0 0 0 0 0 0 0 98 0 0 0 0 0 67 0 0 0 0 59 0 0 61 0 0 0 0 0 0 0 0 0 0 0 96 0 8 0 0 0 0 0 0 37 0 28 0 0 0 0 0 0 0 
19 0 0 0 0 0 0 0 0 0 0 0 0 43 75 0 93 0 0 0 0 0 16 0 0 0 0 0 0 0 0 0 0 0 0 0 0 0 54 0 8 0 0 0 56 0 0 0 21 0 36 0 0 0 0 0 0 50 0 0 0 0 0 0 0 0 0 0 0 0 15 78 0 0 0 0 0 0 0 0 0 0 0 0 0 0 0 0 0 0 0 0 0 7 0 0 0 34 0 0 
0 0 0 81 0 0 0 0 0 33 0 49 0 0 0 0 0 0 0 0 0 0 0 0 5 0 0 0 0 0 0 0 0 0 0 0 0 0 0 0 0 0 0 0 0 79 22 0 0 0 0 0 0 75 0 55 15 0 0 0 0 0 0 2 0 0 0 0 0 0 0 0 0 0 0 0 44 0 0 0 0 0 0 0 0 23 0 0 0 0 0 0 0 0 0 0 0 0 0 0 
70 0 0 0 0 0 0 0 0 0 0 0 0 0 0 91 0 0 0 0 57 0 0 0 0 78 5 0 0 0 0 0 0 0 0 0 0 0 0 0 0 0 0 0 0 0 0 0 0 0 0 0 0 0 0 0 0 29 0 0 0 0 0 0 0 0 3 0 0 0 0 0 0 0 0 0 0 0 0 0 0 52 0 0 43 0 23 0 0 99 0 0 0 0 2 0 0 0 0 25 
31 0 93 0 63 0 0 0 0 0 0 0 6 0 0 0 0 0 0 60 43 0 0 0 0 0 0 0 0 0 0 0 0 0 0 0 48 0 87 0 0 0 0 0 0 0 0 0 4 0 0 0 0 0 0 0 0 0 7 0 0 0 0 13 45 0 0 0 0 0 0 0 0 0 100 0 0 0 0 0 0 0 0 0 0 0 0 0 0 0 0 81 0 0 0 0 0 65 0 0 
0 0 0 0 0 0 0 0 0 0 0 66 0 0 0 0 0 0 70 0 0 0 0 95 0 0 0 0 0 0 0 0 0 0 0 0 0 63 0 0 0 0 79 0 0 0 0 0 0 0 0 0 0 0 0 0 0 0 0 24 0 0 0 0 0 0 0 0 0 0 0 0 91 0 0 0 0 0 0 0 0 45 0 0 0 0 0 0 0 0 0 0 0 0 0 0 84 0 0 0 
87 0 0 0 0 0 0 0 0 27 16 0 0 0 0 0 0 0 0 0 8 77 0 0 0 0 0 0 0 0 0 0 0 0 0 0 0 0 0 0 0 0 0 0 0 0 0 0 0 0 0 48 0 0 10 0 0 0 0 0 0 0 0 0 0 0 0 0 52 0 0 0 21 0 0 0 6 0 35 0 0 18 0 0 0 0 0 0 0 0 50 0 0 0 0 0 0 0 0 0 
83 0 87 0 0 0 0 0 0 0 0 0 59 0 19 0 87 0 0 83 0 0 0 0 0 0 0 0 0 0 0 0 0 0 0 0 0 0 0 0 0 5 0 0 92 84 0 49 0 0 0 56 0 0 0 0 0 0 0 0 0 0 0 0 0 0 0 0 0 0 62 0 0 0 99 0 0 0 85 0 0 55 0 0 0 0 0 0 0 0 0 0 0 0 0 0 0 0 0 0 
0 0 0 0 38 0 40 0 0 0 0 0 0 0 79 0 0 0 0 0 0 81 0 0 0 0 67 0 38 0 0 0 48 0 0 0 0 0 0 74 0 0 23 0 0 0 0 0 0 0 71 0 0 0 0 0 0 0 41 0 0 0 0 0 0 0 47 0 0 0 0 0 0 0 0 0 0 0 0 0 0 0 0 50 0 0 0 87 0 0 0 0 0 0 0 0 68 0 0 0 
0 0 2 0 66 82 0 0 0 0 0 4 0 0 29 0 0 0 0 0 0 0 0 0 0 0 0 0 0 0 0 0 0 63 0 0 0 0 0 0 0 0 0 0 0 0 0 0 0 0 0 0 0 0 0 0 0 0 26 0 0 0 0 0 0 0 0 66 0 0 0 0 0 0 0 0 0 0 0 0 0 0 5 0 0 0 0 0 0 0 0 0 0 0 0 0 0 0 0 0 
0 0 60 0 0 99 0 0 0 0 36 0 0 0 0 0 54 0 0 0 0 0 0 0 0 0 0 0 0 54 0 0 87 0 0 0 0 0 0 0 0 0 0 0 0 0 0 21 0 0 85 0 0 0 44 0 0 0 0 0 0 41 0 0 0 0 0 0 0 0 0 98 29 0 0 0 0 0 0 0 0 0 0 0 0 0 0 0 42 34 0 0 0 0 54 0 0 0 0 0 
48 45 0 24 0 0 0 0 0 0 0 0 0 0 0 0 0 44 0 0 0 0 0 0 0 0 0 0 0 0 0 0 0 0 0 0 74 0 0 0 0 0 0 24 0 0 0 0 0 0 0 0 0 0 0 0 16 0 0 0 0 0 62 0 0 0 91 42 0 0 83 0 0 58 0 0 71 0 0 0 0 0 0 0 0 0 0 0 0 0 0 0 0 0 0 0 0 17 0 77 
0 0 0 0 82 0 0 10 0 0 0 0 0 0 0 0 48 0 0 0 0 0 0 0 0 0 0 0 0 8 0 0 0 0 0 0 0 0 0 0 0 0 0 0 0 0 0 55 0 0 0 0 0 0 0 0 0 0 0 0 0 0 0 0 0 90 63 0 0 0 0 61 0 0 0 0 0 0 23 0 0 0 0 0 66 0 0 0 0 0 0 40 0 0 89 0 0 0 0 0 
0 0 0 0 74 0 0 0 0 0 0 0 0 0 0 0 0 0 41 50 0 0 9 0 0 0 0 0 0 0 0 0 0 0 0 5 0 0 0 0 0 0 0 0 0 0 0 0 52 0 0 0 0 0 0 0 0 0 0 0 0 50 0 0 0 0 0 0 8 16 0 0 0 98 0 87 0 11 0 0 0 0 0 84 0 0 0 0 0 5 0 30 0 0 0 0 0 0 0 0 
0 0 0 0 0 0 28 0 0 0 0 0 0 0 0 0 0 0 0 0 25 0 74 0 0 0 0 0 0 0 0 0 0 79 0 0 23 0 0 0 0 0 0 0 0 0 0 0 0 0 0 0 40 0 0 0 0 0 0 0 0 0 0 0 0 0 0 0 0 2 0 0 0 0 0 0 0 0 0 0 0 44 51 0 0 0 0 0 0 0 70 0 0 0 0 0 0 0 0 0 
0 0 0 0 0 0 0 0 0 0 0 0 0 0 0 0 0 0 0 24 0 0 0 0 0 0 0 23 0 0 0 0 0 0 0 0 0 0 0 24 0 0 0 0 0 0 83 0 0 0 0 0 0 0 0 0 48 0 0 0 0 0 0 26 0 0 0 0 0 0 0 0 0 0 0 0 0 0 0 55 67 0 88 0 91 47 0 0 0 0 0 0 0 0 0 0 31 0 0 0 
12 0 0 0 57 0 0 0 0 0 0 0 0 95 0 0 0 0 0 0 29 0 0 0 0 85 0 0 0 56 0 0 0 0 0 92 0 0 0 0 0 0 0 0 0 0 0 0 0 0 0 0 0 0 14 0 0 0 0 0 0 15 0 57 0 0 0 0 0 0 70 0 0 0 0 0 0 0 0 23 0 0 0 0 0 96 0 0 0 0 0 0 0 0 0 0 0 0 0 0 
0 0 0 0 0 0 0 0 0 0 0 0 0 0 0 0 0 0 0 0 0 0 0 0 0 0 62 0 0 0 79 0 0 0 0 84 0 0 0 0 0 0 0 0 0 0 54 0 31 0 0 0 0 30 31 0 0 73 0 0 0 0 0 0 0 0 0 0 93 55 0 0 4 83 0 0 0 0 0 0 61 0 99 0 0 0 0 20 0 0 0 0 0 0 0 0 0 0 0 0 
0 0 0 0 0 0 0 0 0 0 53 0 0 0 93 0 0 0 0 0 0 0 0 0 0 0 0 0 0 0 22 0 0 0 0 0 0 0 0 0 0 0 0 83 0 54 0 0 0 0 0 0 0 0 0 0 0 0 0 0 85 0 0 0 0 0 0 0 0 0 0 0 0 80 0 0 0 0 0 0 0 91 0 74 6 31 2 0 0 0 0 0 0 92 0 72 49 0 0 0 
0 0 0 0 0 0 0 0 0 0 0 0 0 0 0 0 0 0 0 0 96 0 0 17 0 0 0 0 0 0 0 0 0 0 0 49 0 0 21 0 55 0 0 0 0 0 0 0 0 0 0 0 0 0 0 0 0 0 0 0 0 0 81 0 0 0 0 0 0 0 0 0 78 0 0 0 0 0 0 0 0 0 0 0 0 0 0 0 0 0 67 0 0 0 0 0 0 85 0 0 
0 0 0 0 32 16 5 0 0 0 0 0 56 0 0 67 0 0 0 0 0 0 0 0 0 0 0 0 0 21 0 0 4 0 0 0 0 0 0 0 0 52 0 0 0 31 0 0 0 19 0 0 85 0 0 0 0 0 7 0 0 0 0 0 0 78 0 0 0 0 0 0 0 0 0 0 0 0 0 0 0 0 0 0 0 0 0 76 0 0 0 0 0 14 0 0 0 0 0 0 
0 73 80 0 60 0 0 0 0 0 0 0 0 0 0 0 0 0 0 0 0 0 0 7 0 0 0 0 0 0 0 0 0 0 0 0 0 0 0 0 0 0 0 0 0 0 0 0 19 0 4 0 0 0 0 0 0 0 0 0 0 0 19 0 0 0 0 65 0 0 0 0 0 0 71 0 0 0 0 0 0 0 0 51 92 0 0 73 0 0 72 0 0 0 0 0 0 0 97 0 
0 0 61 0 0 0 0 0 0 0 0 0 87 32 0 0 0 0 0 0 0 0 0 84 0 0 0 0 0 36 0 0 0 0 0 0 71 0 85 0 0 0 0 0 0 0 0 0 0 4 0 0 0 0 0 0 0 0 18 80 0 0 66 0 0 0 26 0 18 65 0 0 0 0 0 0 0 0 0 0 0 0 0 0 30 0 0 0 0 0 0 0 0 0 0 0 0 0 0 0 
0 0 0 99 0 0 0 0 0 0 0 0 0 0 0 0 0 0 0 0 0 0 0 83 0 0 0 0 0 0 0 0 0 0 48 56 0 0 0 0 0 0 0 0 0 0 0 0 0 0 0 0 0 78 0 0 0 93 0 0 76 0 0 0 0 0 0 0 0 0 0 0 0 0 22 0 0 0 0 0 0 0 19 0 0 0 62 0 0 0 91 0 0 0 0 0 0 0 0 0 
0 0 0 69 0 0 0 0 0 0 0 0 0 0 0 0 0 0 0 0 0 0 0 0 0 0 0 0 0 0 0 0 0 0 0 0 0 0 0 0 0 0 40 0 0 0 0 0 85 0 0 0 0 0 8 54 73 0 0 0 0 87 0 0 0 13 0 32 0 0 0 0 0 0 0 95 0 0 0 72 0 0 0 40 0 0 0 0 0 0 0 6 0 0 0 93 0 0 48 0 
0 73 0 45 0 0 0 0 0 31 0 0 0 0 0 0 0 0 0 0 0 0 11 0 0 0 0 0 0 0 75 0 0 0 0 0 0 0 0 0 0 0 0 0 0 30 0 0 0 0 0 78 0 0 0 0 0 49 0 65 0 0 0 0 0 0 0 0 0 0 96 0 0 0 0 0 24 0 0 0 0 0 4 0 0 0 0 33 0 0 0 0 0 19 14 0 0 0 0 0 
0 0 0 0 0 0 0 0 0 0 90 0 0 0 0 0 0 82 0 0 0 0 0 0 0 0 0 0 0 0 0 0 0 0 10 0 0 0 44 0 0 0 0 0 14 31 0 0 0 0 0 0 8 0 0 0 34 70 70 0 0 0 0 0 0 79 0 69 0 0 0 0 0 0 99 0 0 0 0 0 0 0 0 0 65 0 0 0 0 0 0 0 0 0 0 0 0 31 0 0 
0 53 0 0 0 84 0 0 39 59 0 0 99 0 0 0 0 0 0 64 0 0 0 0 0 0 0 0 98 0 55 0 0 0 0 0 0 0 0 0 0 0 0 0 0 0 0 0 0 0 0 0 54 0 0 0 0 0 0 38 0 0 0 0 0 84 0 0 0 0 0 0 0 0 0 0 0 0 0 0 0 0 0 0 0 0 0 0 56 0 0 0 0 0 0 0 4 0 0 0 
30 0 0 0 85 0 0 19 0 0 0 0 0 0 0 0 0 0 0 0 0 0 0 0 0 0 0 0 0 0 15 0 0 0 0 0 0 0 0 16 0 0 0 48 0 0 0 0 0 0 0 0 73 0 34 0 0 0 0 0 0 0 0 0 0 0 0 70 0 35 0 93 0 0 0 0 0 0 0 0 0 0 0 0 0 0 32 0 0 0 0 0 0 0 0 0 89 0 0 0 
0 0 0 0 0 0 0 0 0 0 0 0 0 0 0 0 0 0 0 0 0 0 0 0 0 0 0 52 0 50 0 29 0 0 0 0 0 0 0 0 0 0 0 0 0 73 0 0 0 0 0 93 0 49 70 0 0 0 0 0 80 0 0 0 0 0 0 0 0 0 69 44 0 0 0 0 0 20 0 0 0 0 0 0 0 0 0 94 0 0 0 0 0 0 0 23 0 0 95 0 
0 0 0 0 0 0 0 0 0 0 0 0 88 0 0 42 0 0 0 0 97 0 0 0 0 28 0 0 0 0 0 0 7 0 0 0 41 26 0 0 0 0 0 0 0 0 0 0 7 0 18 0 0 0 70 0 0 0 0 0 52 0 0 0 0 72 0 0 0 0 0 0 0 0 0 0 88 0 0 0 27 0 0 0 0 15 0 0 0 0 0 0 0 0 0 0 0 0 0 0 
0 0 0 0 0 83 0 0 0 80 0 0 0 0 0 72 0 66 0 0 0 0 0 0 0 89 0 0 0 0 0 0 0 24 0 0 0 0 0 0 0 0 0 0 0 0 0 0 0 0 80 0 0 65 0 38 0 0 0 0 0 0 81 0 0 0 0 38 97 0 43 0 0 0 0 0 0 0 84 0 0 0 0 0 0 0 0 0 0 0 0 0 0 0 0 80 0 0 0 0 
0 0 53 0 0 0 0 75 0 0 0 0 37 0 0 13 0 30 0 0 0 0 0 0 0 0 0 0 0 0 0 0 0 0 0 0 0 0 0 0 0 0 0 0 0 0 85 0 0 0 0 76 0 0 0 0 0 80 52 0 0 94 0 11 0 0 0 0 0 0 0 0 0 0 0 0 0 0 55 0 0 0 0 0 0 0 0 0 0 0 0 24 91 0 0 0 0 0 0 0 
0 0 0 0 0 0 0 0 0 0 0 61 0 84 0 0 0 0 0 0 0 0 0 0 0 0 0 0 67 0 0 0 0 0 0 0 0 0 41 0 0 50 0 0 15 0 0 0 0 0 0 0 87 0 0 0 0 0 0 0 94 0 0 0 69 0 0 0 0 0 0 0 0 0 0 0 0 0 0 0 0 0 78 40 0 0 0 0 0 18 0 0 0 97 51 58 0 0 0 0 
0 0 0 0 0 0 0 0 11 0 0 0 0 23 0 0 0 0 0 0 0 0 0 0 0 0 0 0 0 0 0 0 0 0 0 0 0 0 0 62 0 0 0 0 0 0 0 81 0 19 66 0 0 0 0 0 0 0 0 81 0 0 0 0 0 0 7 22 0 0 0 0 0 0 41 0 0 0 48 41 0 0 0 0 0 0 0 0 0 0 0 0 0 0 0 21 0 25 83 0 
0 0 0 0 0 90 0 0 87 0 0 0 0 99 0 0 3 0 0 0 0 0 0 0 0 0 0 0 0 0 2 0 13 0 0 0 0 0 0 0 0 0 0 26 57 0 0 0 0 0 0 0 0 0 0 0 0 0 0 0 11 0 0 0 0 0 0 0 0 12 0 0 0 0 0 0 0 0 0 47 0 0 0 0 0 0 19 37 24 0 55 0 0 0 0 0 0 0 0 0 
54 0 0 46 0 0 33 0 0 0 0 0 14 73 0 0 0 25 0 0 0 0 0 0 0 0 0 0 0 0 0 0 45 0 0 0 0 0 0 0 0 0 0 0 0 0 0 0 0 0 0 0 0 0 0 0 0 0 0 0 0 69 0 0 0 0 0 0 0 0 0 68 0 0 0 79 96 35 0 0 0 0 0 0 0 0 0 0 0 0 0 0 0 73 0 0 0 84 36 0 
0 0 0 0 24 0 0 0 73 0 0 0 0 0 0 0 0 0 0 0 0 0 0 0 0 0 0 0 0 0 0 0 0 0 0 0 0 0 0 0 90 0 0 0 0 0 0 0 78 0 0 0 13 0 79 84 0 0 72 0 0 0 0 0 0 0 0 0 0 61 0 0 0 0 0 25 0 0 0 0 0 0 0 0 0 54 0 0 0 40 0 0 13 0 0 16 0 0 14 0 
0 0 0 0 0 0 0 0 0 0 22 82 0 0 0 0 0 0 0 27 0 0 0 0 0 0 0 0 59 0 0 3 0 0 0 0 47 0 0 91 63 0 0 0 0 0 0 0 0 0 26 0 0 0 0 0 0 0 0 0 0 0 7 0 0 0 0 0 0 0 0 0 0 0 0 0 0 0 0 0 0 36 0 0 33 0 0 95 0 0 0 0 0 0 0 0 0 0 0 0 
0 0 0 0 0 0 0 0 0 0 0 0 0 0 0 23 0 0 0 0 97 0 0 0 0 0 0 7 0 0 0 0 0 0 0 0 0 66 0 42 0 0 0 0 0 0 0 0 0 65 0 0 32 0 69 0 70 0 0 38 0 0 22 0 0 0 0 0 0 0 0 0 0 0 0 0 0 60 0 0 0 62 0 0 86 0 0 30 0 0 0 0 0 0 0 0 0 0 0 0 
0 83 0 0 0 0 0 0 0 0 0 0 0 0 0 0 14 95 0 0 0 48 0 0 0 0 0 74 0 0 0 0 0 0 52 0 0 0 0 0 0 8 0 0 0 93 0 0 0 0 18 0 0 0 0 0 0 0 0 97 0 0 0 0 0 0 0 0 0 0 27 0 0 0 0 8 76 0 0 0 78 0 0 0 0 0 0 0 0 0 0 0 0 0 0 0 67 0 0 0 
0 0 0 0 0 0 0 0 0 0 0 0 0 0 0 0 0 89 0 0 0 0 0 42 0 0 0 0 61 0 0 0 0 0 0 0 0 0 0 0 0 16 2 0 0 55 0 0 0 0 65 0 0 0 0 0 35 0 0 0 0 0 0 12 0 61 0 0 0 0 0 0 0 0 0 0 0 0 0 0 0 0 0 0 0 16 0 0 0 93 0 0 0 0 0 0 0 0 0 0 
0 0 0 0 0 0 0 0 0 49 0 0 0 0 92 0 0 0 0 0 0 0 0 0 0 0 0 0 0 15 0 0 0 0 0 62 0 0 0 83 0 0 0 0 70 0 0 0 0 0 0 0 0 96 0 0 0 69 0 43 0 0 0 0 0 0 0 0 27 0 0 0 0 0 0 0 0 0 0 0 0 31 0 0 0 48 0 0 0 0 0 0 0 0 0 0 0 0 0 0 
0 0 0 0 0 0 42 0 0 87 0 0 0 0 0 0 0 0 0 0 0 0 0 0 0 0 0 0 0 78 0 0 0 0 0 0 0 0 98 0 61 0 0 0 0 0 0 0 0 0 0 0 0 0 0 0 93 44 0 0 0 0 0 0 68 0 0 0 0 0 0 0 0 0 0 0 0 0 0 0 30 0 0 0 0 0 0 0 0 0 0 0 0 0 0 82 0 0 16 0 
0 0 0 0 0 0 0 85 40 0 34 0 0 0 0 0 0 39 0 0 81 0 0 0 0 13 0 0 0 0 0 0 0 91 21 0 0 0 29 0 0 0 0 0 0 4 0 78 0 0 0 0 0 0 0 0 0 0 0 0 0 0 0 0 0 0 0 0 0 0 0 0 0 0 0 0 0 0 0 0 0 0 0 0 0 0 0 0 0 0 0 32 37 49 0 0 0 0 76 0 
0 0 0 67 99 0 87 0 0 0 0 0 0 0 0 0 0 0 0 0 0 0 94 0 0 0 0 0 0 0 0 0 0 0 0 0 0 0 0 58 0 98 0 0 0 83 80 0 0 0 0 0 0 0 0 0 0 0 0 0 0 0 0 0 0 0 0 0 0 0 0 0 0 0 0 0 0 0 0 0 0 0 0 0 0 0 0 54 0 11 0 0 0 0 0 0 0 0 0 0 
0 0 0 0 28 0 0 0 0 0 0 0 0 0 0 0 0 0 0 0 61 0 0 17 0 0 0 0 0 0 0 0 100 0 0 99 0 0 0 0 0 0 0 0 0 0 0 0 0 71 0 22 0 0 99 0 0 0 0 0 0 0 41 0 0 0 0 0 0 0 0 0 0 0 0 0 0 0 0 0 0 0 0 0 0 16 0 39 0 0 0 0 0 0 0 0 0 0 51 0 
0 0 0 0 0 0 0 0 0 0 0 7 0 0 75 0 0 0 47 7 0 0 0 0 0 0 0 45 0 0 0 0 0 0 0 0 0 0 0 0 0 87 0 0 0 0 0 0 0 0 0 0 95 0 0 0 0 0 0 0 0 0 0 0 79 25 0 0 8 0 0 0 0 0 0 0 0 0 0 77 0 0 0 0 1 0 0 0 0 27 0 0 0 0 0 99 4 0 0 0 
0 78 0 0 0 0 0 6 0 0 0 0 0 0 0 0 0 0 0 0 0 0 29 0 0 0 0 0 0 0 44 0 0 0 6 0 0 0 0 71 0 0 0 0 0 0 0 0 0 0 0 0 0 24 0 0 0 0 88 0 0 0 0 0 96 0 0 0 76 0 0 0 0 0 0 0 0 57 0 0 0 0 0 42 87 0 16 0 60 0 0 0 0 0 0 0 0 0 0 0 
0 0 0 0 0 0 31 0 0 0 0 0 0 59 55 0 0 0 0 0 0 0 0 0 30 0 0 41 0 0 0 0 0 0 0 0 0 0 0 0 0 11 0 0 0 0 0 0 0 0 0 0 0 0 0 0 0 20 0 0 0 0 0 0 35 0 0 60 0 0 0 0 0 0 0 0 57 0 0 0 0 0 0 0 0 0 21 0 26 0 0 0 0 0 33 0 0 0 0 0 
0 0 0 0 0 0 0 0 0 0 0 0 0 0 0 58 0 0 0 0 0 0 0 0 39 27 0 0 0 0 0 0 0 0 35 85 0 0 0 0 23 0 0 0 0 0 0 0 0 0 0 0 0 0 0 0 0 0 0 84 55 0 48 0 0 0 0 0 0 0 0 0 0 0 0 0 0 0 0 0 0 0 0 0 0 6 35 0 0 38 0 0 0 0 0 0 0 0 0 0 
79 0 0 0 0 0 0 0 0 0 0 0 0 0 59 0 0 0 0 0 23 0 0 86 0 0 0 0 0 0 0 0 0 0 0 0 0 0 0 0 0 0 0 55 23 0 0 0 0 0 0 0 72 0 0 0 0 0 0 0 0 0 41 47 0 0 0 0 0 0 0 0 0 0 0 77 0 0 0 0 53 47 0 74 0 0 0 0 0 0 0 0 0 0 0 0 0 0 0 97 
0 0 0 0 0 0 0 80 0 0 0 0 0 0 54 0 0 0 31 0 0 0 72 0 0 0 0 0 0 0 0 0 0 0 0 0 0 0 0 0 0 0 0 67 0 61 0 0 0 0 0 0 0 0 0 0 0 0 27 0 0 0 0 0 0 0 0 0 78 0 0 30 0 0 0 0 0 0 0 53 0 0 0 0 53 0 0 0 0 0 59 0 0 0 0 0 0 0 0 0 
0 0 0 0 0 0 0 0 0 0 0 0 0 0 0 0 0 78 0 0 0 0 0 0 0 0 0 0 96 0 0 52 0 45 18 55 0 0 0 0 0 0 44 0 0 0 91 0 0 0 0 0 0 0 0 0 0 0 0 0 0 0 0 0 0 0 36 62 0 0 31 0 0 0 0 0 0 0 0 47 0 0 0 0 58 0 0 0 0 0 0 0 0 59 0 0 0 0 0 0 
0 40 0 0 0 0 0 0 0 0 0 33 0 0 0 0 0 64 0 0 0 0 0 0 0 0 0 0 0 0 0 0 0 0 0 0 0 5 0 0 0 0 51 88 0 99 0 0 0 0 0 19 0 4 0 0 0 0 0 0 0 78 0 0 0 0 0 0 0 0 0 0 0 0 0 0 0 0 0 0 0 0 0 0 0 0 0 0 0 0 0 0 0 0 0 0 0 0 0 0 
0 0 0 0 0 2 0 63 74 31 0 0 0 0 0 0 0 0 0 0 0 0 0 0 0 0 69 0 8 0 0 0 0 0 0 0 50 0 0 0 0 84 0 0 0 0 74 0 0 51 0 0 40 0 0 0 0 0 0 0 0 40 0 0 0 0 0 0 0 0 0 0 0 0 0 0 42 0 0 74 0 0 0 0 0 0 0 0 0 0 0 0 0 0 0 0 0 0 0 20 
0 0 0 0 0 0 0 0 0 0 0 0 0 0 0 0 0 0 0 0 0 0 0 0 0 0 0 0 0 0 0 43 0 0 0 0 0 0 0 0 66 0 0 91 0 0 6 0 0 92 30 0 0 0 65 0 0 0 0 0 0 0 0 0 0 0 33 86 0 0 0 0 0 0 0 1 87 0 0 0 53 58 0 0 0 0 0 19 0 0 0 0 0 0 0 0 0 23 0 0 
0 0 0 0 0 0 0 0 0 93 0 0 0 0 0 0 0 0 0 0 0 0 0 0 0 0 0 0 0 0 23 0 0 0 0 0 0 0 0 0 0 0 0 47 96 0 31 0 0 0 0 0 0 0 0 0 0 0 15 0 0 0 0 0 0 54 0 0 0 16 48 0 0 0 16 0 0 0 6 0 0 0 0 0 0 0 16 0 0 0 0 0 0 0 0 0 0 0 0 0 
0 0 0 0 0 0 55 0 0 0 0 0 0 0 0 80 0 36 39 0 0 0 0 0 36 0 0 0 0 0 0 23 0 0 0 0 0 0 0 0 0 0 0 0 0 0 2 0 0 0 0 62 0 0 0 0 32 0 0 0 0 0 0 19 0 0 0 0 0 0 0 0 0 0 0 0 16 21 35 0 0 0 0 0 0 16 0 0 86 0 0 0 0 0 0 0 0 0 0 0 
0 0 0 0 0 0 0 0 0 0 0 0 0 0 0 0 47 0 0 0 0 0 0 0 0 0 0 0 0 0 0 0 0 0 0 0 87 0 0 0 0 0 0 0 0 20 0 0 76 73 0 0 0 33 0 0 0 94 0 0 0 0 0 37 0 0 95 30 0 0 0 0 0 54 39 0 0 0 0 0 0 0 0 0 19 0 0 0 0 0 0 0 0 0 47 0 0 0 92 0 
0 0 0 0 0 0 0 0 0 0 0 0 0 0 0 0 65 0 0 41 0 0 0 0 0 0 0 71 0 0 0 0 0 0 0 0 0 0 42 0 0 0 0 0 0 0 0 0 0 0 0 0 0 0 0 56 0 0 0 0 0 0 0 24 0 0 0 0 0 0 0 0 0 0 0 0 60 26 0 0 0 0 0 0 0 0 86 0 0 27 0 20 37 65 0 0 65 0 0 0 
0 0 0 0 0 0 0 0 0 0 0 50 0 0 0 0 0 0 71 0 0 0 18 0 0 0 0 0 0 0 0 99 0 0 0 0 0 0 34 0 0 5 0 0 0 0 0 0 0 0 0 0 0 0 0 0 0 0 0 0 0 18 0 0 0 40 0 0 0 93 0 0 0 11 0 27 0 0 38 0 0 0 0 0 0 0 0 0 27 0 0 0 64 29 0 0 0 0 0 0 
0 0 25 0 0 0 8 0 0 0 0 0 0 0 0 0 0 0 0 0 0 0 0 0 0 0 0 0 37 0 0 0 0 0 50 0 0 0 0 0 0 0 70 0 0 0 0 67 0 72 0 91 0 0 0 0 0 0 0 0 0 0 0 55 0 0 0 0 0 0 0 0 0 0 0 0 0 0 0 0 59 0 0 0 0 0 0 0 0 0 0 0 15 0 0 0 0 0 0 0 
0 14 87 0 100 0 76 0 0 0 0 0 0 0 0 0 44 0 0 0 0 0 0 0 0 63 0 0 0 0 0 0 81 0 0 0 0 0 0 0 40 30 0 0 0 0 0 0 0 0 0 0 6 0 0 0 0 0 0 0 24 0 0 0 0 0 0 0 0 0 0 0 32 0 0 0 0 0 0 0 0 0 0 0 0 0 0 0 20 0 0 0 0 0 0 0 0 0 0 0 
0 0 71 6 0 85 0 0 0 0 0 0 0 0 23 0 0 0 42 0 0 0 0 0 0 0 0 0 28 0 0 0 0 0 0 0 0 0 0 0 0 0 0 0 0 0 0 0 0 0 0 0 0 0 0 0 0 0 0 0 91 0 0 0 0 13 0 0 0 0 0 0 37 0 0 0 0 0 0 0 0 0 0 0 0 0 0 0 37 64 15 0 0 0 52 0 0 0 0 0 
0 0 0 0 0 0 0 0 0 0 28 0 0 0 0 0 0 0 0 0 0 0 0 19 0 0 0 0 0 7 0 0 0 0 0 0 0 0 0 0 0 0 0 0 0 0 92 0 14 0 0 0 0 19 0 0 0 0 0 0 0 97 0 0 73 0 0 0 0 0 0 0 49 0 0 0 0 0 0 0 0 59 0 0 0 0 0 0 65 29 0 0 0 0 0 0 83 0 0 0 
0 0 0 23 0 0 0 0 0 0 0 0 0 0 0 0 0 0 91 0 0 73 0 7 0 0 63 64 0 0 0 2 0 0 0 0 0 0 54 0 89 0 0 0 0 0 0 0 0 0 0 0 0 14 0 0 0 0 0 0 0 51 0 0 0 0 0 0 0 0 0 0 0 0 0 0 0 33 0 0 0 0 0 0 0 0 0 47 0 0 0 0 52 0 0 0 48 0 0 0 
0 0 0 0 0 0 0 0 0 0 19 0 0 0 0 57 0 0 0 0 92 0 0 0 0 94 60 72 0 0 0 0 0 0 0 0 0 0 0 0 0 0 0 0 0 0 72 0 0 0 0 0 93 0 0 0 0 23 0 80 0 58 21 0 0 16 0 0 0 0 0 82 0 0 0 99 0 0 0 0 0 0 0 0 0 0 0 0 0 0 0 0 0 0 0 0 0 0 0 0 
0 0 0 0 0 0 0 0 0 0 0 0 0 0 0 0 5 0 0 0 0 14 0 0 9 0 40 0 0 0 0 0 0 84 0 0 68 0 0 0 0 0 0 31 0 0 49 0 0 0 0 0 0 0 0 4 89 0 0 0 0 0 0 0 0 0 0 0 67 0 0 0 0 0 0 4 0 0 0 0 0 0 0 0 0 0 0 0 65 0 0 0 0 83 48 0 0 0 0 0 
0 20 0 0 0 0 0 0 0 0 0 0 0 13 0 67 74 0 57 0 0 0 0 0 0 0 0 40 0 34 0 0 65 0 0 0 0 0 0 17 0 0 0 0 0 0 0 85 0 0 0 0 0 0 31 0 0 0 0 0 0 0 25 0 84 0 0 0 0 0 0 0 0 0 0 0 0 0 0 0 0 0 0 0 23 0 0 0 0 0 0 0 0 0 0 0 0 0 0 78 
0 97 0 0 61 0 0 0 0 0 0 0 88 0 74 0 0 78 0 0 0 0 0 0 0 0 0 0 0 0 0 0 0 0 0 0 0 0 0 0 0 0 0 0 0 0 0 0 0 97 0 0 48 0 0 0 0 95 0 0 0 0 83 0 36 14 0 0 0 0 0 16 76 0 51 0 0 0 0 0 0 0 0 0 0 0 0 92 0 0 0 0 0 0 0 0 0 0 0 0 
0 0 25 0 0 0 0 0 0 0 0 0 0 0 0 28 0 0 0 0 19 37 0 0 0 40 0 0 0 0 0 25 0 0 0 0 0 0 0 77 0 0 0 0 0 0 0 0 0 0 0 0 0 0 0 0 0 0 0 0 0 0 0 0 0 0 0 0 0 0 0 0 0 0 0 0 0 0 0 97 0 0 0 20 0 0 0 0 0 0 0 0 0 0 0 0 0 78 0 0 
