0 0 0 54 80 0 0 0 0 0 0 5 0 0 0 0 0 26 0 89 0 0 0 92 0 0 0 0 39 0 0 58 81 0 0 0 0 0 0 0 0 0 0 0 0 0 0 0 0 0 80 0 0 0 0 0 0 0 0 14 0 0 0 0 21 0 91 0 37 0 8 0 21 0 84 0 0 83 0 84 34 0 0 24 0 96 56 0 0 0 64 74 86 95 0 0 76 0 0 0 
0 0 0 0 0 0 0 0 0 0 0 0 0 23 100 0 0 44 0 0 0 0 0 0 28 53 0 0 25 0 76 19 0 0 93 0 0 0 0 0 2 0 13 0 7 68 0 0 49 59 0 22 0 8 0 79 0 0 0 0 0 0 0 47 40 0 95 42 0 24 0 0 0 0 0 28 0 0 0 0 0 78 0 0 0 94 0 0 0 0 27 12 0 0 0 0 0 71 0 0 
0 0 0 0 29 2 0 0 0 0 31 0 0 0 42 0 41 0 0 0 0 0 0 0 55 0 0 67 0 0 0 0 0 0 53 0 0 0 0 0 0 0 16 37 3 0 0 0 0 20 0 90 0 0 0 87 33 0 0 0 0 0 0 0 0 0 0 0 13 33 0 27 0 0 0 0 0 87 0 0 0 0 26 63 0 31 66 0 0 0 0 0 0 0 68 0 0 0 0 0 
54 0 0 0 0 0 0 0 0 0 33 66 82 0 0 0 46 0 45 0 0 0 0 21 0 57 0 0 9 0 84 0 61 0 5 63 0 0 0 0 0 0 0 0 0 0 85 22 0 0 0 0 0 0 0 13 77 97 0 0 0 0 0 0 0 23 71 0 96 0 0 0 0 0 0 0 18 0 6 0 0 0 0 0 0 0 0 0 0 0 0 0 0 10 0 0 0 0 0 0 
80 0 29 0 0 0 0 42 13 0 94 0 74 0 0 0 31 0 0 0 43 88 0 0 0 0 0 0 0 0 0 0 0 0 29 1 0 0 0 0 0 97 0 0 0 0 47 83 0 0 0 91 0 59 70 23 0 0 0 0 0 0 0 95 0 77 0 0 26 0 77 0 51 0 51 0 0 95 0 0 0 0 0 0 0 0 5 0 0 0 0 0 66 0 30 0 0 0 0 0 
0 0 2 0 0 0 0 93 61 0 49 34 0 24 2 0 18 0 0 31 0 0 88 0 0 0 99 0 0 0 0 70 0 3 0 2 17 0 0 0 0 0 0 0 0 0 0 0 27 54 0 0 0 0 0 0 0 74 0 46 11 0 0 0 0 0 0 1 0 100 0 0 0 0 0 0 0 0 0 0 0 0 0 0 0 73 56 0 0 0 0 0 0 43 0 0 87 0 63 0 
0 0 0 0 0 0 0 0 0 0 99 34 0 44 66 0 68 0 0 0 0 0 62 0 0 0 0 0 0 0 57 0 0 50 0 0 87 0 54 0 0 0 8 0 0 69 0 55 0 69 0 0 0 0 0 22 0 0 35 0 0 0 0 12 0 0 0 0 19 0 0 82 92 16 0 23 0 0 0 0 30 0 0 0 0 0 45 0 0 0 0 0 0 0 0 0 90 0 0 72 
0 0 0 0 42 93 0 0 0 15 0 0 0 0 0 0 0 0 0 0 79 26 0 0 0 0 0 0 22 0 0 29 0 0 0 0 0 8 0 16 0 35 0 22 0 0 54 0 0 80 0 79 0 79 0 0 94 0 27 0 0 0 0 75 0 0 99 12 72 0 62 0 0 0 56 0 53 0 0 0 91 0 8 46 8 47 0 0 81 0 0 0 0 0 0 0 0 0 0 0 
0 0 0 0 13 61 0 0 0 0 0 0 0 0 0 0 0 0 0 0 0 9 0 0 0 0 0 0 0 0 0 0 0 0 0 0 0 0 0 0 34 0 0 0 34 0 0 0 0 0 0 0 0 0 35 0 0 47 0 0 99 77 90 0 76 0 0 0 0 0 56 0 0 40 15 61 82 0 21 0 0 0 0 1 93 0 0 0 48 0 0 0 75 0 0 39 0 0 0 0 
0 0 0 0 0 0 0 15 0 0 28 0 0 0 0 0 0 0 0 0 0 0 33 0 0 0 41 0 17 0 0 0 20 0 0 0 0 0 0 0 0 0 99 0 0 0 81 29 0 0 95 54 6 0 0 0 0 0 0 60 40 0 43 52 48 0 0 68 0 0 59 95 0 0 0 18 0 43 0 100 0 0 0 52 7 0 0 80 0 0 62 75 0 40 0 0 0 0 0 51 
0 0 31 33 94 49 99 0 0 28 0 0 0 0 0 0 0 5 34 42 0 67 0 87 0 80 0 0 0 0 0 0 0 39 0 43 41 0 0 0 0 30 0 0 0 69 84 73 0 0 0 72 0 0 0 0 28 0 0 0 0 63 0 40 57 0 91 0 0 0 0 0 0 0 0 0 0 0 0 0 0 0 53 77 0 0 0 0 0 0 0 12 0 0 0 91 0 0 48 0 
5 0 0 66 0 34 34 0 0 0 0 0 0 19 0 0 0 51 0 0 54 15 5 0 0 0 0 30 0 0 0 0 0 0 0 47 67 45 0 99 0 0 0 0 24 0 0 0 0 0 81 0 0 0 0 0 50 0 0 84 47 0 0 0 0 0 0 0 0 0 0 2 0 17 55 0 0 0 0 0 0 69 26 0 0 15 0 0 0 0 0 7 0 0 80 66 0 5 62 0 
0 0 0 82 74 0 0 0 0 0 0 0 0 0 0 0 0 0 0 0 0 0 0 0 0 0 29 0 0 0 0 0 0 0 0 0 0 57 0 0 0 0 97 0 89 60 0 0 0 0 0 24 0 0 0 0 0 53 51 0 0 0 89 0 83 0 0 0 0 2 0 0 0 0 96 0 0 0 0 0 0 0 89 0 0 0 0 0 1 0 0 0 0 0 0 0 8 0 0 4 
0 23 0 0 0 24 44 0 0 0 0 19 0 0 65 17 0 0 0 0 0 0 0 0 0 31 100 94 0 65 0 0 100 39 0 0 0 0 0 77 0 91 0 0 15 0 0 0 0 0 0 0 98 46 19 0 0 60 42 0 0 0 0 0 0 0 0 0 0 0 10 0 44 82 0 32 0 0 0 0 19 0 0 0 95 0 54 0 0 0 0 0 0 0 0 0 0 32 0 0 
0 100 42 0 0 2 66 0 0 0 0 0 0 65 0 8 0 0 0 0 0 31 0 0 0 0 0 0 50 24 0 50 12 0 0 0 75 0 0 27 37 39 0 0 0 0 71 0 0 0 31 0 77 0 0 0 0 0 20 0 42 0 0 0 0 19 0 0 0 36 3 0 0 0 77 0 21 0 0 0 0 3 0 0 50 0 95 0 0 0 0 0 88 0 0 0 0 0 79 0 
0 0 0 0 0 0 0 0 0 0 0 0 0 17 8 0 0 0 0 0 28 84 94 0 31 0 0 0 0 0 0 0 0 4 65 0 35 0 22 82 73 0 0 0 56 0 48 0 45 0 0 0 9 0 63 0 89 0 0 0 0 0 0 0 95 0 0 0 0 0 74 99 0 0 74 0 100 0 0 0 0 0 0 0 42 0 3 0 0 0 71 50 6 0 23 0 0 0 34 0 
0 0 41 46 31 18 68 0 0 0 0 0 0 0 0 0 0 26 94 0 0 0 0 0 62 0 0 0 33 0 0 0 0 90 0 0 0 70 60 0 0 83 0 0 0 0 0 98 0 0 0 0 0 0 83 0 0 32 0 0 0 0 63 19 0 87 0 0 0 0 0 0 0 0 0 0 0 0 0 0 0 0 14 0 0 77 0 0 0 41 0 0 0 0 8 28 69 0 62 0 
26 44 0 0 0 0 0 0 0 0 5 51 0 0 0 0 26 0 0 0 96 81 0 0 0 0 0 0 0 0 0 0 0 0 0 0 26 24 40 0 0 0 0 0 68 0 0 0 0 48 85 0 0 0 58 0 0 26 98 0 36 0 78 38 81 0 0 0 0 0 87 0 0 0 0 0 0 26 0 0 0 0 0 0 0 0 0 0 76 0 0 0 0 0 68 0 0 0 0 0 
0 0 0 45 0 0 0 0 0 0 34 0 0 0 0 0 94 0 0 0 0 28 0 0 0 0 0 0 40 0 0 0 0 0 70 0 0 55 20 0 0 0 21 0 0 0 0 0 0 0 0 0 0 0 0 0 19 0 0 0 0 0 0 0 0 5 0 0 0 0 60 38 82 76 0 0 0 0 29 0 0 0 0 0 0 0 35 0 51 0 0 0 0 0 0 20 0 0 0 0 
89 0 0 0 0 31 0 0 0 0 42 0 0 0 0 0 0 0 0 0 0 0 0 0 0 0 0 14 20 0 0 0 0 7 0 0 0 0 89 0 0 0 0 0 0 0 43 0 5 0 0 0 0 42 0 0 0 85 0 0 0 0 83 0 0 0 97 0 0 23 0 0 0 7 0 0 71 20 0 0 0 12 0 0 0 57 0 0 0 0 0 0 0 0 0 0 92 0 0 0 
0 0 0 0 43 0 0 79 0 0 0 54 0 0 0 28 0 96 0 0 0 0 0 29 0 0 50 12 24 0 0 0 10 0 82 0 11 0 0 0 53 0 0 0 0 0 0 0 0 100 0 0 0 0 0 0 0 0 0 0 0 0 89 0 0 0 0 0 18 0 14 79 0 10 0 0 0 0 0 27 5 0 0 0 58 0 0 0 0 46 0 59 0 0 0 0 0 6 66 0 
0 0 0 0 88 0 0 26 9 0 67 15 0 0 31 84 0 81 28 0 0 0 0 0 0 0 0 0 58 0 0 0 0 53 0 0 0 29 0 0 86 0 0 0 0 0 0 0 0 0 0 0 94 48 0 0 0 0 0 39 14 0 0 86 14 0 31 0 20 0 99 0 0 0 26 0 83 93 80 0 0 0 0 0 0 0 73 0 0 81 0 77 0 89 0 0 0 0 0 0 
0 0 0 0 0 88 62 0 0 33 0 5 0 0 0 94 0 0 0 0 0 0 0 0 60 0 68 13 47 0 0 0 0 66 0 0 0 73 0 0 0 0 0 8 1 55 31 0 0 0 99 0 0 0 0 0 0 0 0 0 0 0 0 32 0 0 0 0 0 0 0 0 0 32 0 0 0 28 0 61 0 0 0 0 49 0 0 0 0 0 0 7 9 0 41 57 69 18 0 87 
92 0 0 21 0 0 0 0 0 0 87 0 0 0 0 0 0 0 0 0 29 0 0 0 44 41 0 0 0 65 71 0 0 83 0 0 91 95 0 92 90 5 0 0 77 0 96 0 0 81 0 0 20 28 0 0 0 0 0 0 0 0 0 0 89 0 0 0 0 75 0 0 0 0 0 0 17 0 0 34 0 0 0 0 95 73 0 0 0 0 42 0 1 0 0 0 36 42 44 0 
0 28 55 0 0 0 0 0 0 0 0 0 0 0 0 31 62 0 0 0 0 0 60 44 0 51 0 0 96 0 0 0 64 0 0 31 0 0 0 0 0 0 0 0 0 55 0 0 0 0 16 2 0 0 0 0 0 0 18 0 0 0 0 0 0 0 0 0 0 0 8 64 0 0 0 0 0 0 0 0 0 0 39 0 92 0 0 0 0 29 0 0 28 0 21 0 0 0 23 0 
0 53 0 57 0 0 0 0 0 0 80 0 0 31 0 0 0 0 0 0 0 0 0 41 51 0 96 62 0 0 51 0 0 0 0 71 0 0 0 39 0 41 0 0 0 0 0 0 25 56 8 0 0 3 0 57 0 0 91 0 0 0 0 0 49 1 56 0 0 85 0 0 0 0 24 34 70 0 0 0 0 0 78 0 0 0 0 21 0 0 81 0 0 0 0 0 4 0 0 0 
0 0 0 0 0 99 0 0 0 41 0 0 29 100 0 0 0 0 0 0 50 0 68 0 0 96 0 100 0 0 0 37 19 0 0 0 6 0 0 0 0 52 0 99 0 0 0 44 0 0 83 0 0 0 94 0 0 0 72 83 61 3 0 73 0 0 0 0 40 0 0 0 0 0 0 61 0 0 0 0 0 94 38 6 0 0 0 0 0 0 0 11 24 49 0 0 0 0 76 0 
0 0 67 0 0 0 0 0 0 0 0 30 0 94 0 0 0 0 0 14 12 0 13 0 0 62 100 0 0 0 0 0 0 0 0 0 0 37 0 0 0 0 0 41 55 0 0 0 0 0 0 0 2 0 0 13 0 0 0 0 0 59 0 43 0 73 0 0 0 70 0 0 0 37 0 56 1 38 0 0 91 0 0 0 0 0 81 0 0 0 67 0 83 0 29 0 0 16 84 52 
39 25 0 9 0 0 0 22 0 17 0 0 0 0 50 0 33 0 40 20 24 58 47 0 96 0 0 0 0 0 53 0 0 0 0 0 53 0 0 49 0 0 0 0 0 0 0 0 0 84 0 0 0 0 0 0 0 0 0 0 0 77 28 0 0 0 0 5 0 0 0 0 0 0 38 0 60 0 49 58 0 0 78 0 0 0 0 70 57 18 0 0 32 0 21 0 0 0 0 0 
0 0 0 0 0 0 0 0 0 0 0 0 0 65 24 0 0 0 0 0 0 0 0 65 0 0 0 0 0 0 0 61 0 85 0 0 11 0 61 0 0 0 0 0 0 0 0 78 67 0 0 2 0 0 33 0 0 0 0 0 0 0 94 0 77 0 62 0 53 0 0 0 0 0 0 0 50 0 0 10 3 0 0 9 0 20 0 10 0 0 0 0 75 45 0 0 0 97 0 0 
0 76 0 84 0 0 57 0 0 0 0 0 0 0 0 0 0 0 0 0 0 0 0 71 0 51 0 0 53 0 0 0 0 0 0 0 0 0 0 0 31 0 0 3 97 0 0 0 0 0 0 91 51 0 0 0 69 39 0 0 0 0 0 98 0 32 0 0 0 0 44 88 30 0 0 68 31 0 0 58 84 0 0 0 85 0 0 0 47 0 0 0 0 0 0 86 51 0 0 0 
58 19 0 0 0 70 0 29 0 0 0 0 0 0 50 0 0 0 0 0 0 0 0 0 0 0 37 0 0 61 0 0 0 0 0 2 0 18 49 0 0 0 0 0 76 0 43 0 0 99 82 0 0 0 34 0 0 0 0 0 0 0 0 0 34 0 0 0 0 0 6 8 0 0 0 6 0 0 0 93 45 0 88 0 0 0 0 63 0 0 0 44 0 0 41 0 87 0 0 4 
81 0 0 61 0 0 0 0 0 20 0 0 0 100 12 0 0 0 0 0 10 0 0 0 64 0 19 0 0 0 0 0 0 57 74 0 0 78 28 0 34 74 59 0 0 0 29 45 0 0 62 0 0 0 0 0 0 0 11 87 0 65 0 6 0 0 0 0 0 0 0 0 0 95 0 0 0 0 0 86 0 0 0 0 36 0 0 0 0 77 0 86 0 21 0 0 88 61 0 0 
0 0 0 0 0 3 50 0 0 0 39 0 0 39 0 4 90 0 0 7 0 53 66 83 0 0 0 0 0 85 0 0 57 0 0 45 0 0 0 0 0 20 0 0 41 41 0 0 0 2 0 0 0 17 0 0 0 4 0 0 0 0 69 0 0 0 0 0 0 0 0 0 40 0 0 92 0 18 62 96 70 0 0 0 0 0 9 44 0 0 54 0 47 0 0 0 0 0 0 0 
0 93 53 5 29 0 0 0 0 0 0 0 0 0 0 65 0 0 70 0 82 0 0 0 0 0 0 0 0 0 0 0 74 0 0 0 0 0 60 0 0 0 0 0 0 0 0 86 0 0 98 0 0 44 0 0 8 71 68 0 0 0 0 43 0 0 22 90 0 0 0 0 78 3 65 74 0 0 0 0 0 0 0 65 0 0 0 0 0 0 9 10 0 71 1 87 0 0 83 0 
0 0 0 63 1 2 0 0 0 0 43 47 0 0 0 0 0 0 0 0 0 0 0 0 31 71 0 0 0 0 0 2 0 45 0 0 22 0 0 0 0 0 0 0 0 0 0 60 0 0 34 0 0 0 12 0 51 0 0 0 0 0 50 86 40 11 1 29 0 0 0 0 0 44 0 0 0 0 43 0 0 0 0 0 0 0 0 0 0 36 0 71 82 0 0 49 67 0 72 0 
0 0 0 0 0 17 87 0 0 0 41 67 0 0 75 35 0 26 0 0 11 0 0 91 0 0 6 0 53 11 0 0 0 0 0 22 0 0 0 0 86 0 0 100 0 0 0 0 0 0 3 0 0 0 18 0 0 0 0 0 0 100 0 56 0 0 0 0 0 0 0 0 58 84 0 81 0 0 0 0 0 0 0 0 0 22 71 42 0 94 0 0 0 0 0 8 0 26 0 36 
0 0 0 0 0 0 0 8 0 0 0 45 57 0 0 0 70 24 55 0 0 29 73 95 0 0 0 37 0 0 0 18 78 0 0 0 0 0 0 0 0 92 0 0 0 35 0 0 0 0 0 3 0 0 59 47 0 36 0 66 0 0 0 0 0 0 0 0 0 0 9 0 50 0 0 0 100 6 39 40 0 32 0 0 0 0 0 0 0 0 29 0 0 0 0 0 0 0 0 0 
0 0 0 0 0 0 54 0 0 0 0 0 0 0 0 22 60 40 20 89 0 0 0 0 0 0 0 0 0 61 0 49 28 0 60 0 0 0 0 0 0 0 0 0 4 0 0 0 0 0 0 0 0 0 0 0 62 0 84 49 0 0 0 0 0 91 23 0 0 0 66 0 0 0 0 0 98 0 0 32 96 0 0 19 57 0 58 0 0 0 31 0 0 0 0 0 0 63 0 0 
0 0 0 0 0 0 0 16 0 0 0 99 0 77 27 82 0 0 0 0 0 0 0 92 0 39 0 0 49 0 0 0 0 0 0 0 0 0 0 0 43 0 0 0 0 0 0 0 91 92 0 0 7 0 0 1 49 0 48 53 0 0 25 0 0 0 0 0 0 0 0 42 63 0 0 92 13 39 0 39 37 0 0 0 0 0 0 91 84 59 64 0 0 0 0 56 0 0 0 0 
0 2 0 0 0 0 0 0 34 0 0 0 0 0 37 73 0 0 0 0 53 86 0 90 0 0 0 0 0 0 31 0 34 0 0 0 86 0 0 43 0 90 68 44 80 3 0 0 40 0 0 0 0 0 0 45 0 0 0 0 40 0 0 0 0 0 0 0 0 0 0 0 0 73 0 0 0 73 0 0 0 0 0 0 0 21 0 0 0 26 44 0 0 6 0 0 0 0 0 0 
0 0 0 0 97 0 0 35 0 0 30 0 0 91 39 0 83 0 0 0 0 0 0 5 0 41 52 0 0 0 0 0 74 20 0 0 0 92 0 0 90 0 0 77 0 94 63 0 0 0 28 68 0 0 0 0 17 0 0 0 0 2 2 0 0 0 0 0 99 86 0 0 0 0 41 15 31 0 11 0 0 0 0 0 0 21 0 0 0 0 0 0 82 0 0 0 0 0 0 80 
0 13 16 0 0 0 8 0 0 99 0 0 97 0 0 0 0 0 21 0 0 0 0 0 0 0 0 0 0 0 0 0 59 0 0 0 0 0 0 0 68 0 0 0 71 0 32 0 0 0 0 0 0 10 1 0 0 0 53 0 45 0 0 23 0 0 80 0 0 0 0 0 0 12 0 97 0 15 0 27 94 0 19 17 83 0 0 15 97 0 0 0 45 0 49 0 0 0 36 83 
0 0 37 0 0 0 0 22 0 0 0 0 0 0 0 0 0 0 0 0 0 0 8 0 0 0 99 41 0 0 3 0 0 0 0 0 100 0 0 0 44 77 0 0 0 17 0 19 0 0 75 0 0 0 0 76 0 0 0 0 62 0 0 0 8 55 13 0 77 0 0 23 0 0 0 72 0 0 0 0 1 7 0 0 37 86 55 0 53 49 0 0 0 0 0 0 0 0 0 0 
0 7 3 0 0 0 0 0 34 0 0 24 89 15 0 56 0 68 0 0 0 0 1 77 0 0 0 55 0 0 97 76 0 41 0 0 0 0 4 0 80 0 71 0 0 0 0 17 0 28 0 0 0 0 0 0 0 0 0 0 0 0 0 0 0 87 0 87 0 65 0 0 0 80 0 0 0 61 0 0 18 0 0 0 0 0 0 0 0 64 100 0 37 0 0 0 63 0 0 87 
0 68 0 0 0 0 69 0 0 0 69 0 60 0 0 0 0 0 0 0 0 0 55 0 55 0 0 0 0 0 0 0 0 41 0 0 0 35 0 0 3 94 0 17 0 0 50 0 0 0 0 0 0 66 0 0 0 0 0 0 0 0 0 0 0 0 0 0 0 0 0 0 0 0 72 29 0 0 75 0 85 0 0 0 0 0 0 0 0 0 0 0 0 0 0 23 0 0 51 10 
0 0 0 85 47 0 0 54 0 81 84 0 0 0 71 48 0 0 0 43 0 0 31 96 0 0 0 0 0 0 0 43 29 0 0 0 0 0 0 0 0 63 32 0 0 50 0 92 81 0 0 0 0 0 67 0 36 0 71 63 0 58 0 0 0 45 0 0 88 2 0 0 0 0 0 0 0 0 0 0 0 0 0 0 0 0 74 0 0 0 0 98 0 0 0 30 53 0 76 0 
0 0 0 22 83 0 55 0 0 29 73 0 0 0 0 0 98 0 0 0 0 0 0 0 0 0 44 0 0 78 0 0 45 0 86 60 0 0 0 0 0 0 0 19 17 0 92 0 21 0 0 0 0 0 0 95 0 0 0 0 0 89 0 0 0 21 68 0 59 0 0 0 77 4 0 0 0 94 0 61 0 0 0 0 0 56 0 0 0 7 6 0 0 0 0 0 0 0 0 1 
0 49 0 0 0 27 0 0 0 0 0 0 0 0 0 45 0 0 0 5 0 0 0 0 0 25 0 0 0 67 0 0 0 0 0 0 0 0 0 91 40 0 0 0 0 0 81 21 0 0 0 0 0 0 98 0 62 0 0 27 0 0 62 41 0 0 0 0 0 0 100 0 4 0 83 0 0 0 0 0 85 27 50 84 74 0 16 0 94 0 0 0 61 0 89 0 0 35 43 24 
0 59 20 0 0 54 69 80 0 0 0 0 0 0 0 0 0 48 0 0 100 0 0 81 0 56 0 0 84 0 0 99 0 2 0 0 0 0 0 92 0 0 0 0 28 0 0 0 0 0 0 0 0 81 45 48 0 0 0 0 0 0 0 7 36 0 0 0 0 0 0 24 0 0 0 0 0 76 0 0 22 0 0 0 0 0 0 0 0 0 0 0 89 0 23 26 0 0 0 17 
80 0 0 0 0 0 0 0 0 95 0 81 0 0 31 0 0 85 0 0 0 0 99 0 16 8 83 0 0 0 0 82 62 0 98 34 3 0 0 0 0 28 0 75 0 0 0 0 0 0 0 30 0 0 0 0 0 33 0 0 4 32 0 0 0 40 0 0 72 0 33 0 54 81 0 45 0 0 0 33 0 0 0 0 94 0 0 0 0 2 0 0 0 0 0 0 0 83 0 0 
0 22 90 0 91 0 0 79 0 54 72 0 24 0 0 0 0 0 0 0 0 0 0 0 2 0 0 0 0 2 91 0 0 0 0 0 0 3 0 0 0 68 0 0 0 0 0 0 0 0 30 0 0 0 0 0 0 0 0 0 0 0 0 0 29 48 0 38 38 0 0 0 71 0 0 0 93 8 0 0 35 0 0 0 0 0 0 0 0 0 0 81 0 0 0 34 61 75 0 0 
0 0 0 0 0 0 0 0 0 6 0 0 0 98 77 9 0 0 0 0 0 94 0 20 0 0 0 2 0 0 51 0 0 0 0 0 0 0 0 7 0 0 0 0 0 0 0 0 0 0 0 0 0 0 0 0 31 9 0 0 97 28 0 0 0 2 0 0 0 16 0 0 0 0 53 0 0 0 0 0 0 4 0 0 9 0 25 0 0 46 0 34 0 0 0 35 0 0 0 0 
0 8 0 0 59 0 0 79 0 0 0 0 0 46 0 0 0 0 0 42 0 48 0 28 0 3 0 0 0 0 0 0 0 17 44 0 0 0 0 0 0 0 10 0 0 66 0 0 0 81 0 0 0 0 0 0 0 0 73 40 0 0 0 0 0 0 0 0 0 0 12 41 38 0 0 0 0 0 0 33 28 0 0 0 0 66 63 0 0 0 0 0 0 58 0 48 0 43 0 75 
0 0 0 0 70 0 0 0 35 0 0 0 0 19 0 63 83 58 0 0 0 0 0 0 0 0 94 0 0 33 0 34 0 0 0 12 18 59 0 0 0 0 1 0 0 0 67 0 98 45 0 0 0 0 0 86 43 24 10 4 12 0 85 0 0 0 0 57 53 0 0 0 0 0 0 79 0 0 0 0 0 21 0 0 0 0 0 0 0 0 0 0 44 85 0 0 0 9 0 0 
0 79 87 13 23 0 22 0 0 0 0 0 0 0 0 0 0 0 0 0 0 0 0 0 0 57 0 13 0 0 0 0 0 0 0 0 0 47 0 1 45 0 0 76 0 0 0 95 0 48 0 0 0 0 86 0 0 68 97 0 0 0 0 0 0 0 0 37 37 0 63 0 0 20 21 0 0 0 0 0 0 1 0 10 0 0 63 0 40 28 18 0 0 0 70 99 0 0 0 0 
0 0 33 77 0 0 0 94 0 0 28 50 0 0 0 89 0 0 19 0 0 0 0 0 0 0 0 0 0 0 69 0 0 0 8 51 0 0 62 49 0 17 0 0 0 0 36 0 62 0 0 0 31 0 43 0 0 0 92 0 0 0 0 0 73 0 81 18 0 0 0 70 37 0 0 16 0 53 65 0 0 0 0 0 0 0 0 0 0 0 0 0 77 0 0 0 46 0 55 36 
0 0 0 97 0 74 0 0 47 0 0 0 53 60 0 0 32 26 0 85 0 0 0 0 0 0 0 0 0 0 39 0 0 4 71 0 0 36 0 0 0 0 0 0 0 0 0 0 0 0 33 0 9 0 24 68 0 0 0 0 0 0 0 0 0 0 99 0 0 51 0 0 0 0 87 0 55 0 16 0 0 97 0 18 0 0 0 0 0 0 0 52 0 0 0 0 0 33 0 0 
0 0 0 0 0 0 35 27 0 0 0 0 51 42 20 0 0 98 0 0 0 0 0 0 18 91 72 0 0 0 0 0 11 0 68 0 0 0 84 48 0 0 53 0 0 0 71 0 0 0 0 0 0 73 10 97 92 0 0 0 14 0 0 22 0 0 0 0 80 0 0 12 85 0 0 0 0 0 32 0 0 0 0 0 0 0 0 35 0 0 3 0 0 0 0 0 0 28 44 73 
14 0 0 0 0 46 0 0 0 60 0 84 0 0 0 0 0 0 0 0 0 39 0 0 0 0 83 0 0 0 0 0 87 0 0 0 0 66 49 53 0 0 0 0 0 0 63 0 27 0 0 0 0 40 4 0 0 0 0 0 0 97 0 41 0 0 48 0 67 0 31 0 0 0 32 0 0 0 0 0 12 0 0 0 0 0 0 0 0 0 0 0 95 98 0 0 0 64 71 0 
0 0 0 0 0 11 0 0 99 40 0 47 0 0 42 0 0 36 0 0 0 14 0 0 0 0 61 0 0 0 0 0 0 0 0 0 0 0 0 0 40 0 45 62 0 0 0 0 0 0 4 0 97 0 12 0 0 0 14 0 0 0 0 84 18 0 0 0 0 0 0 10 27 0 26 0 0 0 0 9 0 63 0 14 43 0 97 0 0 27 75 0 24 0 32 68 0 0 0 0 
0 0 0 0 0 0 0 0 77 0 63 0 0 0 0 0 0 0 0 0 0 0 0 0 0 0 3 59 77 0 0 0 65 0 0 0 100 0 0 0 0 2 0 0 0 0 58 89 0 0 32 0 28 0 0 0 0 0 0 97 0 0 0 0 0 0 50 0 0 0 0 0 0 0 95 0 0 0 0 0 0 0 0 0 0 0 36 0 0 92 31 0 0 0 0 0 0 69 43 0 
0 0 0 0 0 0 0 0 90 43 0 0 89 0 0 0 63 78 0 83 89 0 0 0 0 0 0 0 28 94 0 0 0 69 0 50 0 0 0 25 0 2 0 0 0 0 0 0 62 0 0 0 0 0 85 0 0 0 0 0 0 0 0 0 67 0 85 67 0 54 66 0 0 0 0 19 0 0 0 0 0 0 98 0 0 0 0 0 0 0 0 79 0 25 0 0 0 0 0 0 
0 47 0 0 95 0 12 75 0 52 40 0 0 0 0 0 19 38 0 0 0 86 32 0 0 0 73 43 0 0 98 0 6 0 43 86 56 0 0 0 0 0 23 0 0 0 0 0 41 7 0 0 0 0 0 0 0 0 22 41 84 0 0 0 0 64 98 48 0 0 0 0 0 0 0 0 0 0 45 0 0 0 0 32 0 0 0 0 0 0 0 0 56 0 0 0 0 49 0 0 
21 40 0 0 0 0 0 0 76 48 57 0 83 0 0 95 0 81 0 0 0 14 0 89 0 49 0 0 0 77 0 34 0 0 0 40 0 0 0 0 0 0 0 8 0 0 0 0 0 36 0 29 0 0 0 0 73 0 0 0 18 0 67 0 0 0 0 0 0 0 0 0 38 37 17 0 89 0 36 0 0 0 0 0 0 0 0 0 8 0 0 0 0 0 72 0 14 2 91 0 
0 0 0 23 77 0 0 0 0 0 0 0 0 0 19 0 87 0 5 0 0 0 0 0 0 1 0 73 0 0 32 0 0 0 0 11 0 0 91 0 0 0 0 55 87 0 45 21 0 0 40 48 2 0 0 0 0 0 0 0 0 0 0 64 0 0 0 0 0 71 0 0 0 0 69 0 0 25 59 88 94 0 0 44 0 0 0 0 3 0 0 0 40 0 96 67 0 0 67 0 
91 95 0 71 0 0 0 99 0 0 91 0 0 0 0 0 0 0 0 97 0 31 0 0 0 56 0 0 0 62 0 0 0 0 22 1 0 0 23 0 0 0 80 13 0 0 0 68 0 0 0 0 0 0 0 0 81 99 0 48 0 50 85 98 0 0 0 0 31 73 0 0 0 0 0 91 21 100 0 0 0 0 54 0 0 0 0 0 0 0 0 0 0 80 0 0 13 64 0 0 
0 42 0 0 0 1 0 12 0 68 0 0 0 0 0 0 0 0 0 0 0 0 0 0 0 0 0 0 5 0 0 0 0 0 90 29 0 0 0 0 0 0 0 0 87 0 0 0 0 0 0 38 0 0 57 37 18 0 0 0 0 0 67 48 0 0 0 0 0 0 0 34 0 0 0 0 84 0 0 0 0 49 36 81 0 0 0 0 30 0 8 0 0 0 0 4 0 92 0 0 
37 0 13 96 26 0 19 72 0 0 0 0 0 0 0 0 0 0 0 0 18 20 0 0 0 0 40 0 0 53 0 0 0 0 0 0 0 0 0 0 0 99 0 77 0 0 88 59 0 0 72 38 0 0 53 37 0 0 80 67 0 0 0 0 0 0 31 0 0 0 0 0 0 0 47 0 0 0 0 0 80 0 59 0 0 0 0 0 0 0 93 0 0 0 0 0 0 75 40 0 
0 24 33 0 0 100 0 0 0 0 0 0 2 0 36 0 0 0 0 23 0 0 0 75 0 85 0 70 0 0 0 0 0 0 0 0 0 0 0 0 0 86 0 0 65 0 2 0 0 0 0 0 16 0 0 0 0 51 0 0 0 0 54 0 0 71 73 0 0 0 0 13 0 0 0 0 64 47 0 0 0 0 78 0 5 75 0 0 0 0 54 0 0 0 0 0 0 0 0 0 
8 0 0 0 77 0 0 62 56 59 0 0 0 10 3 74 0 87 60 0 14 99 0 0 8 0 0 0 0 0 44 6 0 0 0 0 0 9 66 0 0 0 0 0 0 0 0 0 100 0 33 0 0 12 0 63 0 0 0 31 0 0 66 0 0 0 0 0 0 0 0 0 0 0 0 0 56 81 0 0 0 0 0 0 84 0 0 0 0 0 0 0 72 0 0 0 0 0 0 0 
0 0 27 0 0 0 82 0 0 95 0 2 0 0 0 99 0 0 38 0 79 0 0 0 64 0 0 0 0 0 88 8 0 0 0 0 0 0 0 42 0 0 0 23 0 0 0 0 0 24 0 0 0 41 0 0 70 0 12 0 10 0 0 0 0 0 0 34 0 13 0 0 0 0 0 0 0 0 0 35 0 81 34 0 0 0 0 0 8 0 0 66 0 0 0 0 17 83 0 62 
21 0 0 0 51 0 92 0 0 0 0 0 0 44 0 0 0 0 82 0 0 0 0 0 0 0 0 0 0 0 30 0 0 40 78 0 58 50 0 63 0 0 0 0 0 0 0 77 4 0 54 71 0 38 0 0 37 0 85 0 27 0 0 0 38 0 0 0 0 0 0 0 0 0 0 0 0 0 13 0 74 0 0 54 0 0 0 0 0 17 0 0 0 0 0 0 0 0 98 0 
0 0 0 0 0 0 16 0 40 0 0 17 0 82 0 0 0 0 76 7 10 0 32 0 0 0 0 37 0 0 0 0 95 0 3 44 84 0 0 0 73 0 12 0 80 0 0 4 0 0 81 0 0 0 0 20 0 0 0 0 0 0 0 0 37 0 0 0 0 0 0 0 0 0 0 19 0 0 40 0 0 0 0 0 0 0 0 0 0 0 51 0 0 0 0 0 78 0 53 32 
84 0 0 0 51 0 0 56 15 0 0 55 96 0 77 74 0 0 0 0 0 26 0 0 0 24 0 0 38 0 0 0 0 0 65 0 0 0 0 0 0 41 0 0 0 72 0 0 83 0 0 0 53 0 0 21 0 87 0 32 26 95 0 0 17 69 0 0 47 0 0 0 0 0 0 0 31 0 0 4 0 0 0 0 47 46 0 0 0 0 0 100 0 0 0 0 0 58 0 0 
0 28 0 0 0 0 23 0 61 18 0 0 0 32 0 0 0 0 0 0 0 0 0 0 0 34 61 56 0 0 68 6 0 92 74 0 81 0 0 92 0 15 97 72 0 29 0 0 0 0 45 0 0 0 79 0 16 0 0 0 0 0 19 0 0 0 91 0 0 0 0 0 0 19 0 0 0 0 0 0 0 0 0 0 0 0 0 0 15 0 0 24 0 0 0 0 0 0 0 0 
0 0 0 18 0 0 0 53 82 0 0 0 0 0 21 100 0 0 0 71 0 83 0 17 0 70 0 1 60 50 31 0 0 0 0 0 0 100 98 13 0 31 0 0 0 0 0 0 0 0 0 93 0 0 0 0 0 55 0 0 0 0 0 0 89 0 21 84 0 64 56 0 0 0 31 0 0 0 0 0 0 32 0 0 0 0 0 0 0 12 21 0 11 0 0 0 0 0 0 14 
83 0 87 0 95 0 0 0 0 43 0 0 0 0 0 0 0 26 0 20 0 93 28 0 0 0 0 38 0 0 0 0 0 18 0 0 0 6 0 39 73 0 15 0 61 0 0 94 0 76 0 8 0 0 0 0 53 0 0 0 0 0 0 0 0 25 100 0 0 47 81 0 0 0 0 0 0 0 0 94 52 65 0 56 100 0 0 0 0 77 0 0 0 77 0 0 0 0 0 0 
0 0 0 6 0 0 0 0 21 0 0 0 0 0 0 0 0 0 29 0 0 80 0 0 0 0 0 0 49 0 0 0 0 62 0 43 0 39 0 0 0 11 0 0 0 75 0 0 0 0 0 0 0 0 0 0 65 16 32 0 0 0 0 45 36 59 0 0 0 0 0 0 13 40 0 0 0 0 0 0 0 0 0 65 0 0 0 11 0 0 0 75 0 0 52 42 25 0 0 0 
84 0 0 0 0 0 0 0 0 100 0 0 0 0 0 0 0 0 0 0 27 0 61 34 0 0 0 0 58 10 58 93 86 96 0 0 0 40 32 39 0 0 27 0 0 0 0 61 0 0 33 0 0 33 0 0 0 0 0 0 9 0 0 0 0 88 0 0 0 0 0 35 0 0 4 0 0 94 0 0 0 46 0 42 0 0 0 0 0 99 0 31 0 82 99 0 0 0 21 0 
34 0 0 0 0 0 30 91 0 0 0 0 0 19 0 0 0 0 0 0 5 0 0 0 0 0 0 91 0 3 84 45 0 70 0 0 0 0 96 37 0 0 94 1 18 85 0 0 85 22 0 35 0 28 0 0 0 0 0 12 0 0 0 0 0 94 0 0 80 0 0 0 74 0 0 0 0 52 0 0 0 45 87 0 0 0 0 0 0 0 50 0 0 0 27 79 0 0 0 0 
0 78 0 0 0 0 0 0 0 0 0 69 0 0 3 0 0 0 0 12 0 0 0 0 0 0 94 0 0 0 0 0 0 0 0 0 0 32 0 0 0 0 0 7 0 0 0 0 27 0 0 0 4 0 21 1 0 97 0 0 63 0 0 0 0 0 0 49 0 0 0 81 0 0 0 0 32 65 0 46 45 0 70 0 0 74 0 0 0 0 94 16 0 0 0 0 43 0 0 0 
0 0 26 0 0 0 0 8 0 0 53 26 89 0 0 0 14 0 0 0 0 0 0 0 39 78 38 0 78 0 0 88 0 0 0 0 0 0 0 0 0 0 19 0 0 0 0 0 50 0 0 0 0 0 0 0 0 0 0 0 0 0 98 0 0 0 54 36 59 78 0 34 0 0 0 0 0 0 0 0 87 70 0 0 0 94 19 0 77 0 84 93 0 0 0 0 0 0 0 0 
24 0 63 0 0 0 0 46 1 52 77 0 0 0 0 0 0 0 0 0 0 0 0 0 0 0 6 0 0 9 0 0 0 0 65 0 0 0 19 0 0 0 17 0 0 0 0 0 84 0 0 0 0 0 0 10 0 18 0 0 14 0 0 32 0 44 0 81 0 0 0 0 54 0 0 0 0 56 65 42 0 0 0 0 0 0 0 0 0 0 0 0 15 0 0 74 9 0 0 73 
0 0 0 0 0 0 0 8 93 7 0 0 0 95 50 42 0 0 0 0 58 0 49 95 92 0 0 0 0 0 85 0 36 0 0 0 0 0 57 0 0 0 83 37 0 0 0 0 74 0 94 0 9 0 0 0 0 0 0 0 43 0 0 0 0 0 0 0 0 5 84 0 0 0 47 0 0 100 0 0 0 0 0 0 0 98 0 0 54 0 58 0 0 0 40 91 21 89 0 0 
96 94 31 0 0 73 0 47 0 0 0 15 0 0 0 0 77 0 0 57 0 0 0 73 0 0 0 0 0 20 0 0 0 0 0 0 22 0 0 0 21 21 0 86 0 0 0 56 0 0 0 0 0 66 0 0 0 0 0 0 0 0 0 0 0 0 0 0 0 75 0 0 0 0 46 0 0 0 0 0 0 74 94 0 98 0 31 0 0 0 0 0 0 0 64 0 0 0 0 22 
56 0 66 0 5 56 45 0 0 0 0 0 0 54 95 3 0 0 35 0 0 73 0 0 0 0 0 81 0 0 0 0 0 9 0 0 71 0 58 0 0 0 0 55 0 0 74 0 16 0 0 0 25 63 0 63 0 0 0 0 97 36 0 0 0 0 0 0 0 0 0 0 0 0 0 0 0 0 0 0 0 0 19 0 0 31 0 0 43 0 0 0 35 0 0 0 85 54 0 0 
0 0 0 0 0 0 0 0 0 80 0 0 0 0 0 0 0 0 0 0 0 0 0 0 0 21 0 0 70 10 0 63 0 44 0 0 42 0 0 91 0 0 15 0 0 0 0 0 0 0 0 0 0 0 0 0 0 0 35 0 0 0 0 0 0 0 0 0 0 0 0 0 0 0 0 0 0 0 11 0 0 0 0 0 0 0 0 0 0 0 0 0 0 0 0 78 0 0 0 0 
0 0 0 0 0 0 0 81 48 0 0 0 1 0 0 0 0 76 51 0 0 0 0 0 0 0 0 0 57 0 47 0 0 0 0 0 0 0 0 84 0 0 97 53 0 0 0 0 94 0 0 0 0 0 0 40 0 0 0 0 0 0 0 0 8 3 0 30 0 0 0 8 0 0 0 15 0 0 0 0 0 0 77 0 54 0 43 0 0 0 0 82 21 0 0 0 0 0 13 0 
0 0 0 0 0 0 0 0 0 0 0 0 0 0 0 0 41 0 0 0 46 81 0 0 29 0 0 0 18 0 0 0 77 0 0 36 94 0 0 59 26 0 0 49 64 0 0 7 0 0 2 0 46 0 0 28 0 0 0 0 27 92 0 0 0 0 0 0 0 0 0 0 17 0 0 0 12 77 0 99 0 0 0 0 0 0 0 0 0 0 0 0 0 0 79 35 13 0 50 1 
64 27 0 0 0 0 0 0 0 62 0 0 0 0 0 71 0 0 0 0 0 0 0 42 0 81 0 67 0 0 0 0 0 54 9 0 0 29 31 64 44 0 0 0 100 0 0 6 0 0 0 0 0 0 0 18 0 0 3 0 75 31 0 0 0 0 0 8 93 54 0 0 0 51 0 0 21 0 0 0 50 94 84 0 58 0 0 0 0 0 0 0 0 0 90 40 0 0 0 0 
74 12 0 0 0 0 0 0 0 75 12 7 0 0 0 50 0 0 0 0 59 77 7 0 0 0 11 0 0 0 0 44 86 0 10 71 0 0 0 0 0 0 0 0 0 0 98 0 0 0 0 81 34 0 0 0 0 52 0 0 0 0 79 0 0 0 0 0 0 0 0 66 0 0 100 24 0 0 75 31 0 16 93 0 0 0 0 0 82 0 0 0 0 0 0 0 0 67 0 0 
86 0 0 0 66 0 0 0 75 0 0 0 0 0 88 6 0 0 0 0 0 0 9 1 28 0 24 83 32 75 0 0 0 47 0 82 0 0 0 0 0 82 45 0 37 0 0 0 61 89 0 0 0 0 44 0 77 0 0 95 24 0 0 56 0 40 0 0 0 0 72 0 0 0 0 0 11 0 0 0 0 0 0 15 0 0 35 0 21 0 0 0 0 0 0 0 0 0 0 0 
95 0 0 10 0 43 0 0 0 40 0 0 0 0 0 0 0 0 0 0 0 89 0 0 0 0 49 0 0 45 0 0 21 0 71 0 0 0 0 0 6 0 0 0 0 0 0 0 0 0 0 0 0 58 85 0 0 0 0 98 0 0 25 0 0 0 80 0 0 0 0 0 0 0 0 0 0 77 0 82 0 0 0 0 0 0 0 0 0 0 0 0 0 0 25 0 0 0 67 54 
0 0 68 0 30 0 0 0 0 0 0 80 0 0 0 23 8 68 0 0 0 0 41 0 21 0 0 29 21 0 0 41 0 0 1 0 0 0 0 0 0 0 49 0 0 0 0 0 89 23 0 0 0 0 0 70 0 0 0 0 32 0 0 0 72 96 0 0 0 0 0 0 0 0 0 0 0 0 52 99 27 0 0 0 40 64 0 0 0 79 90 0 0 25 0 93 0 0 0 0 
0 0 0 0 0 0 0 0 39 0 91 66 0 0 0 0 28 0 20 0 0 0 57 0 0 0 0 0 0 0 86 0 0 0 87 49 8 0 0 56 0 0 0 0 0 23 30 0 0 26 0 34 35 48 0 99 0 0 0 0 68 0 0 0 0 67 0 4 0 0 0 0 0 0 0 0 0 0 42 0 79 0 0 74 91 0 0 78 0 35 40 0 0 0 93 0 0 0 0 16 
76 0 0 0 0 87 90 0 0 0 0 0 8 0 0 0 69 0 0 92 0 0 69 36 0 4 0 0 0 0 51 87 88 0 0 67 0 0 0 0 0 0 0 0 63 0 53 0 0 0 0 61 0 0 0 0 46 0 0 0 0 0 0 0 14 0 13 0 0 0 0 17 0 78 0 0 0 0 25 0 0 43 0 9 21 0 85 0 0 13 0 0 0 0 0 0 0 0 0 0 
0 71 0 0 0 0 0 0 0 0 0 5 0 32 0 0 0 0 0 0 6 0 18 42 0 0 0 16 0 97 0 0 61 0 0 0 26 0 63 0 0 0 0 0 0 0 0 0 35 0 83 75 0 43 9 0 0 33 28 64 0 69 0 49 2 0 64 92 75 0 0 83 0 0 58 0 0 0 0 0 0 0 0 0 89 0 54 0 0 0 0 67 0 0 0 0 0 0 0 0 
0 0 0 0 0 63 0 0 0 0 48 62 0 0 79 34 62 0 0 0 66 0 0 44 23 0 76 84 0 0 0 0 0 0 83 72 0 0 0 0 0 0 36 0 0 51 76 0 43 0 0 0 0 0 0 0 55 0 44 71 0 43 0 0 91 67 0 0 40 0 0 0 98 53 0 0 0 0 0 21 0 0 0 0 0 0 0 0 13 50 0 0 0 67 0 0 0 0 0 0 
0 0 0 0 0 0 72 0 0 51 0 0 4 0 0 0 0 0 0 0 0 0 87 0 0 0 0 52 0 0 0 4 0 0 0 0 36 0 0 0 0 80 83 0 87 10 0 1 24 17 0 0 0 75 0 0 36 0 73 0 0 0 0 0 0 0 0 0 0 0 0 62 0 32 0 0 14 0 0 0 0 0 0 73 0 22 0 0 0 1 0 0 0 54 0 16 0 0 0 0 
