0 0 0 0 0 0 0 100 0 0 0 0 0 104 0 0 0 0 0 0 0 0 82 0 0 93 0 0 0 0 0 168 0 0 0 0 0 0 0 0 0 96 0 0 0 0 0 0 0 183 132 0 0 0 0 200 0 0 0 0 62 0 0 0 49 0 0 0 0 0 0 0 0 0 0 0 15 0 0 0 0 0 0 0 0 0 0 0 0 0 0 0 44 25 0 0 17 0 0 0 
0 0 0 0 0 0 0 0 0 0 0 0 0 107 0 0 0 0 0 0 0 0 197 0 0 0 0 0 0 0 0 0 0 0 0 153 0 0 0 0 0 0 0 0 97 0 0 0 0 0 0 0 0 0 0 0 160 0 0 0 0 90 0 0 0 164 0 0 0 0 0 0 0 0 0 0 0 0 0 0 0 0 28 167 0 0 0 0 186 0 0 0 28 98 0 0 0 0 0 0 
0 0 0 0 0 0 0 55 116 0 0 0 0 0 0 2 0 0 0 0 0 165 0 0 0 0 0 0 169 0 0 0 0 0 0 63 0 0 0 0 0 0 0 0 0 0 0 0 67 70 0 0 0 0 0 0 0 0 0 0 69 0 0 13 0 0 0 0 9 0 0 0 158 0 0 0 0 187 0 0 0 0 0 0 146 0 0 0 0 0 0 0 0 0 0 0 0 25 0 0 
0 0 0 0 0 0 0 102 0 0 6 0 0 0 0 0 0 29 0 0 0 0 89 172 0 128 0 0 97 0 0 0 0 0 0 0 0 42 0 0 0 0 136 0 0 0 0 0 0 0 0 0 0 54 0 0 0 0 0 0 0 62 174 0 0 0 0 113 0 0 0 0 80 0 0 0 0 0 0 0 0 0 0 0 0 0 0 0 0 0 0 0 0 0 0 63 0 0 0 0 
0 0 0 0 0 29 0 0 0 0 0 0 0 10 0 0 0 0 0 0 0 0 0 69 0 0 0 0 0 0 0 0 0 0 0 0 0 0 0 0 0 0 0 0 0 0 0 0 0 0 0 0 0 0 58 0 0 0 0 0 0 0 0 3 0 0 0 0 107 0 20 0 0 0 0 0 0 0 0 0 160 0 0 0 0 45 0 0 0 139 0 0 0 0 0 0 0 0 0 0 
0 0 0 0 29 0 0 0 0 0 0 145 0 129 0 0 0 0 0 0 0 0 0 0 0 0 0 0 0 0 0 19 0 105 0 0 0 0 0 0 0 0 0 90 0 0 0 99 0 70 0 83 186 30 0 0 0 0 0 0 0 0 0 0 0 0 0 0 0 0 0 0 0 0 0 0 0 0 0 0 0 9 0 0 0 0 0 0 0 0 0 0 0 0 0 0 0 163 0 0 
0 0 0 0 0 0 0 0 0 0 0 0 0 0 0 127 0 0 0 40 0 0 0 0 0 0 0 0 0 0 190 0 0 0 0 0 0 0 0 0 0 0 0 0 0 0 0 36 0 0 0 0 165 0 0 0 0 0 171 0 43 145 0 0 0 0 0 0 0 0 0 0 0 0 0 0 0 0 0 187 77 0 0 0 0 0 0 0 0 0 0 0 0 136 31 0 0 0 0 0 
100 0 55 102 0 0 0 0 0 0 0 0 189 0 0 0 0 0 191 0 0 0 0 0 0 0 0 0 0 0 0 0 0 169 0 0 0 0 34 0 109 0 192 0 0 0 0 0 0 0 180 0 0 0 0 0 83 0 0 0 0 0 54 0 0 0 0 0 197 0 0 163 0 0 0 0 0 0 0 0 0 0 0 0 0 0 0 0 0 0 0 0 0 0 190 0 0 0 0 0 
0 0 116 0 0 0 0 0 0 111 0 0 193 0 0 0 0 0 0 0 0 0 75 0 0 0 0 0 0 0 0 0 0 0 0 0 0 0 0 134 0 0 0 0 0 96 0 0 0 0 0 0 0 0 0 0 0 0 0 0 0 0 0 0 0 0 0 0 0 0 0 0 1 163 0 0 0 124 0 158 0 0 0 0 112 129 0 0 0 0 0 118 0 0 104 0 0 128 0 0 
0 0 0 0 0 0 0 0 111 0 0 0 0 0 0 0 0 0 0 0 0 0 0 0 133 40 0 190 34 0 0 0 0 0 0 0 42 0 159 0 0 0 0 21 0 0 0 0 0 0 0 0 0 0 0 0 0 0 0 0 0 150 0 19 0 0 0 0 0 0 0 0 0 0 0 0 0 0 0 0 0 0 0 0 29 0 0 159 2 0 0 0 0 0 30 0 168 0 0 0 
0 0 0 6 0 0 0 0 0 0 0 0 0 0 0 0 0 0 0 0 0 0 0 0 50 0 156 134 0 0 0 0 0 0 0 0 173 45 135 0 0 0 0 0 0 0 0 0 0 0 0 0 0 0 0 0 0 0 0 0 0 0 0 0 80 0 192 155 0 169 0 0 0 0 0 0 0 29 0 0 0 0 121 0 0 153 0 0 0 0 0 0 0 0 0 0 0 67 0 0 
0 0 0 0 0 145 0 0 0 0 0 0 0 0 0 184 136 197 0 3 0 0 0 0 0 0 0 0 0 0 0 138 0 0 0 28 0 0 0 0 0 0 0 0 0 0 0 0 93 0 0 0 0 0 0 16 0 0 0 0 0 0 0 0 0 84 0 0 0 28 0 0 0 0 0 0 0 0 67 155 0 0 76 0 0 0 0 0 0 0 0 0 0 0 17 0 0 0 0 0 
0 0 0 0 0 0 0 189 193 0 0 0 0 0 0 0 0 0 0 0 0 0 0 0 137 184 113 0 0 0 0 0 0 0 0 0 0 0 0 0 63 0 0 0 0 0 161 0 0 0 0 167 0 0 0 0 0 0 0 18 0 0 0 0 0 0 0 0 180 0 0 0 167 0 0 0 0 168 0 0 0 0 0 0 0 121 0 0 0 0 12 0 0 0 0 0 0 0 161 0 
104 107 0 0 10 129 0 0 0 0 0 0 0 0 0 0 0 0 0 0 0 0 0 0 0 0 0 0 0 0 0 0 0 0 0 34 0 162 0 0 0 93 0 0 0 0 0 48 0 0 0 0 179 0 0 0 0 0 0 0 0 0 0 0 0 4 0 0 142 0 0 0 191 0 0 0 0 0 0 0 0 0 0 0 0 0 0 0 0 0 0 0 0 0 0 0 0 0 0 0 
0 0 0 0 0 0 0 0 0 0 0 0 0 0 0 82 0 0 0 49 0 0 57 0 0 176 0 0 0 0 0 0 0 0 0 0 0 0 22 0 75 0 139 0 124 0 75 0 0 0 196 0 0 0 0 0 0 0 0 0 0 0 0 0 0 0 0 0 0 11 0 0 23 0 0 0 0 136 0 0 0 0 0 0 0 0 0 0 0 0 0 0 0 0 0 0 0 0 133 0 
0 0 2 0 0 0 127 0 0 0 0 184 0 0 82 0 93 0 0 0 0 0 0 0 0 0 0 0 0 0 0 0 0 0 0 0 0 0 0 38 187 0 0 0 0 0 0 0 0 0 170 0 0 0 0 48 0 0 0 0 0 0 0 148 0 40 0 0 0 0 0 0 0 0 0 0 0 0 0 0 0 0 0 0 193 0 0 0 0 0 0 0 0 0 144 0 0 121 0 0 
0 0 0 0 0 0 0 0 0 0 0 136 0 0 0 93 0 0 0 0 0 0 0 0 24 144 0 186 0 0 0 0 115 0 0 34 0 72 166 192 0 0 0 0 0 0 0 0 0 0 184 0 11 0 0 0 0 0 0 0 0 0 0 0 0 0 0 0 0 0 0 168 0 0 0 0 0 0 160 0 0 0 0 0 0 0 13 0 0 0 0 0 0 0 0 0 0 0 0 0 
0 0 0 29 0 0 0 0 0 0 0 197 0 0 0 0 0 0 0 168 0 46 0 0 0 0 0 0 39 130 0 0 0 111 0 0 0 125 0 0 0 0 0 0 0 0 0 0 0 0 120 0 0 0 0 0 147 0 0 77 0 0 0 0 0 0 0 42 0 0 0 0 0 0 0 0 0 0 0 0 0 0 0 0 0 0 0 0 0 0 0 0 0 0 0 0 0 0 0 116 
0 0 0 0 0 0 0 191 0 0 0 0 0 0 0 0 0 0 0 0 103 0 0 0 0 0 0 0 0 0 5 0 28 0 0 101 22 0 0 77 0 0 0 0 60 0 0 0 186 0 0 0 0 0 0 143 0 0 0 93 0 0 0 0 44 0 0 0 0 0 0 0 0 0 0 0 0 0 0 0 0 149 0 144 0 0 0 0 91 0 0 0 0 0 0 0 0 0 0 0 
0 0 0 0 0 0 40 0 0 0 0 3 0 0 49 0 0 168 0 0 0 0 0 0 0 0 0 0 0 0 0 0 0 0 0 0 0 0 0 0 59 0 0 0 0 0 0 0 0 0 0 0 0 0 0 0 0 62 0 99 0 0 170 0 0 0 196 0 0 0 0 0 0 122 0 0 0 0 0 0 0 0 0 0 0 0 0 0 0 0 0 58 0 0 0 0 67 0 0 0 
0 0 0 0 0 0 0 0 0 0 0 0 0 0 0 0 0 0 103 0 0 0 0 0 67 0 0 0 0 0 0 0 0 0 0 0 2 0 0 180 0 0 48 0 0 0 0 0 0 0 0 0 66 102 186 0 0 0 0 0 64 0 0 0 0 1 165 0 0 0 0 0 0 0 0 0 0 0 130 0 0 0 0 0 0 0 0 0 0 0 0 0 0 0 0 33 0 199 0 116 
0 0 165 0 0 0 0 0 0 0 0 0 0 0 0 0 0 46 0 0 0 0 0 194 0 197 0 0 0 0 0 0 0 31 0 0 0 74 154 0 0 0 0 168 35 0 0 0 0 0 0 0 0 0 0 176 0 0 0 0 0 0 0 0 0 0 0 0 0 0 0 0 0 160 0 0 0 0 0 0 0 0 123 0 25 0 0 0 0 0 0 0 0 0 0 0 0 0 0 0 
82 197 0 89 0 0 0 0 75 0 0 0 0 0 57 0 0 0 0 0 0 0 0 32 0 0 0 0 53 0 0 0 0 0 0 0 0 0 0 0 65 0 0 0 0 0 0 0 0 0 0 0 126 0 0 0 34 0 0 0 0 0 0 0 45 0 0 0 0 77 0 0 0 0 0 195 0 0 0 0 0 0 0 0 0 46 0 0 0 0 47 0 0 0 0 0 0 0 0 0 
0 0 0 172 69 0 0 0 0 0 0 0 0 0 0 0 0 0 0 0 0 194 32 0 0 0 0 0 163 0 0 84 0 0 0 0 0 0 0 0 0 65 0 0 0 0 0 0 0 0 0 0 0 0 90 0 0 0 150 78 0 0 0 0 0 0 0 0 0 83 0 0 0 0 0 0 0 0 0 0 0 0 0 0 40 0 11 167 0 0 0 0 0 0 0 0 0 0 0 130 
0 0 0 0 0 0 0 0 0 133 50 0 137 0 0 0 24 0 0 0 67 0 0 0 0 0 0 0 0 0 110 0 0 0 0 0 0 0 0 0 0 0 0 0 0 0 154 154 0 0 0 0 0 138 0 0 0 0 0 0 0 0 0 0 0 0 0 0 183 0 0 0 0 0 0 0 0 0 0 0 0 0 0 0 0 0 0 66 0 0 0 0 0 0 0 0 0 0 0 0 
93 0 0 128 0 0 0 0 0 40 0 0 184 0 176 0 144 0 0 0 0 197 0 0 0 0 0 4 0 0 0 0 0 0 0 0 0 0 0 0 0 0 0 0 0 0 0 0 0 102 0 0 0 98 0 0 0 0 0 3 0 0 8 0 159 76 0 0 0 0 0 0 0 0 0 0 0 0 0 0 0 0 0 0 0 0 0 0 0 0 199 0 0 0 0 0 0 0 0 0 
0 0 0 0 0 0 0 0 0 0 156 0 113 0 0 0 0 0 0 0 0 0 0 0 0 0 0 0 0 0 0 0 0 0 0 176 0 0 0 0 0 0 0 0 0 0 0 182 0 0 0 0 0 0 0 0 0 0 150 0 0 0 0 0 167 0 0 0 0 34 0 0 0 0 0 0 0 0 0 0 131 191 0 0 0 0 0 0 0 0 0 122 0 0 0 0 0 0 0 0 
0 0 0 0 0 0 0 0 0 190 134 0 0 0 0 0 186 0 0 0 0 0 0 0 0 4 0 0 0 58 0 62 0 0 0 0 97 0 0 0 0 0 0 0 0 0 0 0 0 0 0 0 97 0 0 0 0 200 0 0 0 0 0 0 0 0 0 0 0 0 0 0 0 49 0 0 0 29 0 0 0 0 0 0 0 0 0 0 0 111 11 0 90 0 56 0 0 0 0 0 
0 0 169 97 0 0 0 0 0 34 0 0 0 0 0 0 0 39 0 0 0 0 53 163 0 0 0 0 0 0 65 91 0 0 0 40 0 0 0 0 0 0 0 0 0 123 0 0 0 0 0 0 0 0 0 0 0 0 0 0 0 0 34 0 0 0 0 0 0 0 102 0 0 0 0 0 0 0 0 0 0 95 0 53 0 0 0 0 0 0 0 0 0 0 0 0 0 0 0 0 
0 0 0 0 0 0 0 0 0 0 0 0 0 0 0 0 0 130 0 0 0 0 0 0 0 0 0 58 0 0 0 0 0 0 51 0 0 0 0 0 0 76 0 0 0 0 0 103 0 0 0 0 54 0 0 0 163 0 21 0 0 0 0 0 0 0 0 0 0 0 0 0 0 199 44 0 160 0 108 0 0 0 0 0 166 0 0 0 0 0 0 0 0 0 0 0 0 0 0 131 
0 0 0 0 0 0 190 0 0 0 0 0 0 0 0 0 0 0 5 0 0 0 0 0 110 0 0 0 65 0 0 0 0 104 0 0 115 0 0 0 0 0 117 0 0 0 0 0 0 0 0 0 7 77 0 0 0 0 0 0 0 0 143 165 0 158 0 0 0 0 0 0 0 0 0 0 46 0 0 0 0 0 0 0 0 0 109 0 0 0 0 0 108 0 0 0 0 0 0 0 
168 0 0 0 0 19 0 0 0 0 0 138 0 0 0 0 0 0 0 0 0 0 0 84 0 0 0 62 91 0 0 0 0 0 0 0 0 0 0 0 0 0 0 0 0 141 0 108 0 0 0 0 0 0 0 0 0 0 0 123 0 0 0 0 0 0 0 0 0 0 0 0 0 114 0 0 0 0 0 0 0 0 0 0 0 0 0 0 0 0 0 0 0 0 0 0 0 0 0 187 
0 0 0 0 0 0 0 0 0 0 0 0 0 0 0 0 115 0 28 0 0 0 0 0 0 0 0 0 0 0 0 0 0 0 7 0 0 0 0 108 134 0 0 0 0 171 52 0 0 0 79 0 0 0 0 0 174 16 0 0 189 0 0 0 0 0 0 0 0 40 0 96 0 0 0 0 0 0 170 0 0 0 0 0 24 0 0 0 0 0 0 0 0 0 0 0 0 0 0 0 
0 0 0 0 0 105 0 169 0 0 0 0 0 0 0 0 0 111 0 0 0 31 0 0 0 0 0 0 0 0 104 0 0 0 184 0 0 0 179 0 43 0 0 0 0 0 0 0 0 0 0 199 0 0 126 0 112 0 20 0 60 0 0 0 0 0 0 0 115 0 0 0 0 0 0 0 0 0 0 26 0 0 0 0 0 0 0 0 0 0 0 0 0 0 0 0 0 0 0 0 
0 0 0 0 0 0 0 0 0 0 0 0 0 0 0 0 0 0 0 0 0 0 0 0 0 0 0 0 0 51 0 0 7 184 0 0 189 0 0 49 0 0 0 0 0 171 0 136 0 0 0 0 0 0 0 0 13 0 0 0 189 0 0 0 0 0 0 0 0 0 0 0 16 0 0 0 0 0 0 0 0 0 0 0 0 0 0 91 0 200 0 0 0 103 0 46 0 0 0 0 
0 153 63 0 0 0 0 0 0 0 0 28 0 34 0 0 34 0 101 0 0 0 0 0 0 0 176 0 40 0 0 0 0 0 0 0 0 0 0 0 0 0 0 0 0 0 0 0 0 0 0 0 0 0 0 0 0 25 0 0 0 0 0 0 0 110 89 0 77 0 0 0 0 0 0 0 94 122 0 0 0 0 0 0 0 0 0 0 0 0 0 0 0 0 0 0 28 0 0 0 
0 0 0 0 0 0 0 0 0 42 173 0 0 0 0 0 0 0 22 0 2 0 0 0 0 0 0 97 0 0 115 0 0 0 189 0 0 0 0 0 0 0 0 0 0 0 0 0 0 0 0 0 0 0 0 0 0 0 0 0 175 0 0 92 0 0 0 0 0 0 0 0 36 0 0 80 0 0 0 0 0 0 0 0 0 0 0 0 0 0 27 0 0 110 0 151 0 0 0 0 
0 0 0 42 0 0 0 0 0 0 45 0 0 162 0 0 72 125 0 0 0 74 0 0 0 0 0 0 0 0 0 0 0 0 0 0 0 0 0 0 0 0 118 0 139 0 0 0 0 0 0 106 0 0 0 0 0 0 195 0 0 167 0 129 0 0 0 0 14 0 0 0 0 0 41 0 137 0 0 0 0 0 0 0 0 0 0 0 0 0 0 0 0 0 0 0 0 0 0 0 
0 0 0 0 0 0 0 34 0 159 135 0 0 0 22 0 166 0 0 0 0 154 0 0 0 0 0 0 0 0 0 0 0 179 0 0 0 0 0 0 0 0 0 0 0 0 0 0 0 0 0 0 0 0 195 0 0 0 0 0 0 0 0 0 0 64 196 0 0 10 0 41 0 0 0 0 0 0 0 66 0 0 0 0 0 185 0 0 0 0 0 0 0 0 0 0 0 0 0 0 
0 0 0 0 0 0 0 0 134 0 0 0 0 0 0 38 192 0 77 0 180 0 0 0 0 0 0 0 0 0 0 0 108 0 49 0 0 0 0 0 57 180 0 0 0 0 0 0 0 0 0 0 0 0 0 0 0 0 23 0 0 0 0 0 0 0 0 0 0 0 0 91 0 0 0 0 0 133 0 81 0 0 3 0 0 0 0 0 0 0 0 0 0 0 0 0 23 0 0 0 
0 0 0 0 0 0 0 109 0 0 0 0 63 0 75 187 0 0 0 59 0 0 65 0 0 0 0 0 0 0 0 0 134 43 0 0 0 0 0 57 0 0 0 0 0 0 0 0 0 0 132 0 0 0 0 0 0 0 0 0 0 0 0 138 0 0 0 0 0 0 70 0 28 0 0 0 0 0 127 178 0 0 0 0 0 0 0 0 0 0 0 0 0 0 0 0 0 0 0 0 
96 0 0 0 0 0 0 0 0 0 0 0 0 93 0 0 0 0 0 0 0 0 0 65 0 0 0 0 0 76 0 0 0 0 0 0 0 0 0 180 0 0 0 0 0 0 0 0 0 57 0 162 167 0 0 0 0 0 0 0 0 0 0 154 0 0 0 0 30 0 0 0 0 0 0 0 0 2 0 0 0 0 0 0 0 0 0 0 0 0 1 0 0 0 0 0 0 0 0 67 
0 0 0 136 0 0 0 192 0 0 0 0 0 0 139 0 0 0 0 0 48 0 0 0 0 0 0 0 0 0 117 0 0 0 0 0 0 118 0 0 0 0 0 0 0 0 0 0 0 29 0 150 0 0 0 0 0 0 0 0 0 135 0 57 0 0 0 0 0 0 0 0 0 0 0 135 0 85 0 0 0 0 0 192 21 110 0 0 0 0 0 0 0 0 0 0 0 0 0 0 
0 0 0 0 0 90 0 0 0 21 0 0 0 0 0 0 0 0 0 0 0 168 0 0 0 0 0 0 0 0 0 0 0 0 0 0 0 0 0 0 0 0 0 0 165 14 0 0 0 0 0 0 0 0 109 0 0 0 0 0 0 0 0 0 0 0 0 0 0 33 0 0 0 48 0 0 0 141 0 0 0 188 0 0 0 0 0 0 0 0 76 0 0 0 0 0 0 0 0 162 
0 97 0 0 0 0 0 0 0 0 0 0 0 0 124 0 0 0 60 0 0 35 0 0 0 0 0 0 0 0 0 0 0 0 0 0 0 139 0 0 0 0 0 165 0 148 0 0 0 0 0 0 0 0 0 0 0 152 0 177 42 0 0 0 0 0 0 0 0 0 0 0 0 172 0 0 0 0 0 0 115 0 0 0 0 0 0 0 0 0 61 0 0 0 0 0 0 0 90 0 
0 0 0 0 0 0 0 0 96 0 0 0 0 0 0 0 0 0 0 0 0 0 0 0 0 0 0 0 123 0 0 141 171 0 171 0 0 0 0 0 0 0 0 14 148 0 0 0 0 0 0 0 0 0 0 0 169 144 0 0 0 0 147 0 0 0 0 0 0 0 0 0 0 0 0 115 29 0 0 0 166 0 0 0 0 0 5 0 0 0 0 0 107 0 0 0 0 0 0 0 
0 0 0 0 0 0 0 0 0 0 0 0 161 0 75 0 0 0 0 0 0 0 0 0 154 0 0 0 0 0 0 0 52 0 0 0 0 0 0 0 0 0 0 0 0 0 0 0 113 0 0 0 0 0 0 0 98 0 0 0 0 0 0 0 0 0 0 0 0 0 0 0 16 0 0 0 0 0 0 0 0 0 0 0 0 0 0 0 0 0 0 0 0 0 0 83 0 0 0 0 
0 0 0 0 0 99 36 0 0 0 0 0 0 48 0 0 0 0 0 0 0 0 0 0 154 0 182 0 0 103 0 108 0 0 136 0 0 0 0 0 0 0 0 0 0 0 0 0 0 0 0 0 0 0 0 0 0 0 0 0 0 173 0 0 0 0 0 140 0 0 163 0 104 0 0 0 0 197 0 0 0 0 0 0 0 0 0 0 0 94 31 0 0 0 0 0 0 0 0 0 
0 0 67 0 0 0 0 0 0 0 0 93 0 0 0 0 0 0 186 0 0 0 0 0 0 0 0 0 0 0 0 0 0 0 0 0 0 0 0 0 0 0 0 0 0 0 113 0 0 0 0 0 173 107 0 0 0 0 0 0 0 0 0 0 0 132 82 0 0 0 0 0 0 0 53 0 0 0 131 0 82 0 38 0 0 0 0 0 0 0 0 173 0 140 0 0 0 0 0 0 
183 0 70 0 0 70 0 0 0 0 0 0 0 0 0 0 0 0 0 0 0 0 0 0 0 102 0 0 0 0 0 0 0 0 0 0 0 0 0 0 0 57 29 0 0 0 0 0 0 0 0 0 0 0 0 0 0 0 152 0 0 0 0 0 9 0 0 0 0 0 0 0 0 0 0 110 0 0 0 0 0 0 0 163 0 0 0 0 0 23 0 0 0 66 0 0 89 116 0 0 
132 0 0 0 0 0 0 180 0 0 0 0 0 0 196 170 184 120 0 0 0 0 0 0 0 0 0 0 0 0 0 0 79 0 0 0 0 0 0 0 132 0 0 0 0 0 0 0 0 0 0 0 0 0 0 0 0 67 0 0 0 0 0 84 186 0 118 0 0 0 0 141 0 133 0 0 0 0 0 0 0 0 0 98 0 0 0 0 0 0 0 0 0 0 0 0 0 0 0 0 
0 0 0 0 0 83 0 0 0 0 0 0 167 0 0 0 0 0 0 0 0 0 0 0 0 0 0 0 0 0 0 0 0 199 0 0 0 106 0 0 0 162 150 0 0 0 0 0 0 0 0 0 0 0 0 0 0 0 0 0 0 70 0 0 13 0 0 0 0 0 0 0 0 0 0 0 80 0 0 49 2 199 22 0 0 0 0 0 0 0 0 0 0 0 0 0 59 140 0 0 
0 0 0 0 0 186 165 0 0 0 0 0 0 179 0 0 11 0 0 0 66 0 126 0 0 0 0 97 0 54 7 0 0 0 0 0 0 0 0 0 0 167 0 0 0 0 0 0 173 0 0 0 0 0 0 0 0 0 0 0 0 0 148 0 0 0 0 40 137 0 89 0 0 0 0 0 0 0 0 0 0 0 0 0 0 0 0 0 0 0 0 0 0 0 0 0 0 0 0 0 
0 0 0 54 0 30 0 0 0 0 0 0 0 0 0 0 0 0 0 0 102 0 0 0 138 98 0 0 0 0 77 0 0 0 0 0 0 0 0 0 0 0 0 0 0 0 0 0 107 0 0 0 0 0 0 0 0 149 0 0 0 0 0 0 0 0 0 0 0 0 0 0 0 0 78 0 0 0 0 0 0 170 0 57 13 0 0 168 103 0 0 0 0 0 0 0 0 0 0 12 
0 0 0 0 58 0 0 0 0 0 0 0 0 0 0 0 0 0 0 0 186 0 0 90 0 0 0 0 0 0 0 0 0 126 0 0 0 0 195 0 0 0 0 109 0 0 0 0 0 0 0 0 0 0 0 0 0 0 0 0 0 0 143 0 0 84 0 0 0 182 0 0 0 0 0 0 0 9 0 0 0 0 120 0 0 0 0 0 0 0 0 0 0 0 0 0 0 0 0 5 
200 0 0 0 0 0 0 0 0 0 0 16 0 0 0 48 0 0 143 0 0 176 0 0 0 0 0 0 0 0 0 0 0 0 0 0 0 0 0 0 0 0 0 0 0 0 0 0 0 0 0 0 0 0 0 0 0 0 0 0 0 0 0 0 0 0 0 0 0 0 0 0 0 0 0 0 0 185 0 0 191 160 0 0 63 0 0 14 0 92 0 193 0 0 0 77 110 0 82 0 
0 160 0 0 0 0 0 83 0 0 0 0 0 0 0 0 0 147 0 0 0 0 34 0 0 0 0 0 0 163 0 0 174 112 13 0 0 0 0 0 0 0 0 0 0 169 98 0 0 0 0 0 0 0 0 0 0 0 0 0 72 0 0 0 0 0 0 0 0 0 0 0 0 0 0 0 168 0 0 0 0 0 92 0 0 0 0 185 0 0 0 0 0 0 0 0 0 152 0 0 
0 0 0 0 0 0 0 0 0 0 0 0 0 0 0 0 0 0 0 62 0 0 0 0 0 0 0 200 0 0 0 0 16 0 0 25 0 0 0 0 0 0 0 0 152 144 0 0 0 0 67 0 0 149 0 0 0 0 0 0 12 0 0 0 0 0 38 0 0 0 0 0 0 0 0 66 0 0 0 0 0 0 0 0 0 0 0 26 0 0 0 0 0 0 0 0 0 0 0 0 
0 0 0 0 0 0 171 0 0 0 0 0 0 0 0 0 0 0 0 0 0 0 0 150 0 0 150 0 0 21 0 0 0 20 0 0 0 195 0 23 0 0 0 0 0 0 0 0 0 152 0 0 0 0 0 0 0 0 0 118 0 0 0 0 0 0 0 0 54 0 0 0 0 0 0 0 0 0 0 0 0 0 0 178 0 0 0 0 0 0 0 0 0 113 0 0 0 0 0 0 
0 0 0 0 0 0 0 0 0 0 0 0 18 0 0 0 0 77 93 99 0 0 0 78 0 3 0 0 0 0 0 123 0 0 0 0 0 0 0 0 0 0 0 0 177 0 0 0 0 0 0 0 0 0 0 0 0 0 118 0 0 0 0 77 0 0 0 20 0 0 0 42 0 0 0 0 0 0 0 0 0 0 0 0 0 0 0 0 149 0 0 0 0 124 0 0 111 0 0 0 
62 0 69 0 0 0 43 0 0 0 0 0 0 0 0 0 0 0 0 0 64 0 0 0 0 0 0 0 0 0 0 0 189 60 189 0 175 0 0 0 0 0 0 0 42 0 0 0 0 0 0 0 0 0 0 0 72 12 0 0 0 0 0 0 0 0 0 0 0 0 0 0 135 0 0 0 0 0 0 0 0 0 0 0 0 0 0 0 0 0 0 99 0 0 0 0 27 0 0 146 
0 90 0 62 0 0 145 0 0 150 0 0 0 0 0 0 0 0 0 0 0 0 0 0 0 0 0 0 0 0 0 0 0 0 0 0 0 167 0 0 0 0 135 0 0 0 0 173 0 0 0 70 0 0 0 0 0 0 0 0 0 0 0 0 0 0 0 0 0 0 0 0 0 0 0 0 89 0 102 0 0 0 101 0 0 0 0 0 0 0 0 0 0 0 0 0 0 0 0 29 
0 0 0 174 0 0 0 54 0 0 0 0 0 0 0 0 0 0 0 170 0 0 0 0 0 8 0 0 34 0 143 0 0 0 0 0 0 0 0 0 0 0 0 0 0 147 0 0 0 0 0 0 148 0 143 0 0 0 0 0 0 0 0 0 45 0 0 0 0 0 0 0 0 94 95 0 0 0 0 0 49 0 0 0 0 0 0 0 0 0 0 0 166 0 30 0 0 0 0 0 
0 0 13 0 3 0 0 0 0 19 0 0 0 0 0 148 0 0 0 0 0 0 0 0 0 0 0 0 0 0 165 0 0 0 0 0 92 129 0 0 138 154 57 0 0 0 0 0 0 0 84 0 0 0 0 0 0 0 0 77 0 0 0 0 0 0 0 0 0 0 86 0 0 0 0 0 0 0 0 0 0 0 0 8 0 0 0 0 0 0 0 0 0 0 0 0 0 0 0 0 
49 0 0 0 0 0 0 0 0 0 80 0 0 0 0 0 0 0 44 0 0 0 45 0 0 159 167 0 0 0 0 0 0 0 0 0 0 0 0 0 0 0 0 0 0 0 0 0 0 9 186 13 0 0 0 0 0 0 0 0 0 0 45 0 0 0 0 0 132 0 0 0 0 0 0 0 0 0 194 0 0 0 0 0 0 0 0 0 0 193 0 0 0 0 0 0 0 115 0 0 
0 164 0 0 0 0 0 0 0 0 0 84 0 4 0 40 0 0 0 0 1 0 0 0 0 76 0 0 0 0 158 0 0 0 0 110 0 0 64 0 0 0 0 0 0 0 0 0 132 0 0 0 0 0 84 0 0 0 0 0 0 0 0 0 0 0 76 0 0 0 0 0 0 0 0 0 0 0 0 0 0 0 0 0 0 0 0 0 36 0 0 0 0 0 0 107 0 0 148 0 
0 0 0 0 0 0 0 0 0 0 192 0 0 0 0 0 0 0 0 196 165 0 0 0 0 0 0 0 0 0 0 0 0 0 0 89 0 0 196 0 0 0 0 0 0 0 0 0 82 0 118 0 0 0 0 0 0 38 0 0 0 0 0 0 0 76 0 0 0 0 0 0 0 0 0 74 30 0 0 0 0 0 0 0 0 0 0 31 0 0 0 0 0 0 0 0 0 23 0 0 
0 0 0 113 0 0 0 0 0 0 155 0 0 0 0 0 0 42 0 0 0 0 0 0 0 0 0 0 0 0 0 0 0 0 0 0 0 0 0 0 0 0 0 0 0 0 0 140 0 0 0 0 40 0 0 0 0 0 0 20 0 0 0 0 0 0 0 0 0 0 0 192 0 0 0 0 0 0 10 0 118 0 0 0 0 0 0 0 0 101 0 0 0 0 0 0 0 0 0 0 
0 0 9 0 107 0 0 197 0 0 0 0 180 142 0 0 0 0 0 0 0 0 0 0 183 0 0 0 0 0 0 0 0 115 0 77 0 14 0 0 0 30 0 0 0 0 0 0 0 0 0 0 137 0 0 0 0 0 54 0 0 0 0 0 132 0 0 0 0 0 0 0 0 0 0 0 0 0 0 0 0 0 0 0 0 42 0 0 0 0 0 0 0 0 0 0 3 0 0 0 
0 0 0 0 0 0 0 0 0 0 169 28 0 0 11 0 0 0 0 0 0 0 77 83 0 0 34 0 0 0 0 0 40 0 0 0 0 0 10 0 0 0 0 33 0 0 0 0 0 0 0 0 0 0 182 0 0 0 0 0 0 0 0 0 0 0 0 0 0 0 34 0 0 0 0 0 93 0 0 0 0 0 0 25 0 0 0 0 0 0 0 0 0 0 0 113 0 76 0 0 
0 0 0 0 20 0 0 0 0 0 0 0 0 0 0 0 0 0 0 0 0 0 0 0 0 0 0 0 102 0 0 0 0 0 0 0 0 0 0 0 70 0 0 0 0 0 0 163 0 0 0 0 89 0 0 0 0 0 0 0 0 0 0 86 0 0 0 0 0 34 0 190 0 179 0 0 0 0 81 0 0 0 0 0 0 0 0 117 0 82 198 0 0 0 0 0 29 0 0 94 
0 0 0 0 0 0 0 163 0 0 0 0 0 0 0 0 168 0 0 0 0 0 0 0 0 0 0 0 0 0 0 0 96 0 0 0 0 0 41 91 0 0 0 0 0 0 0 0 0 0 141 0 0 0 0 0 0 0 0 42 0 0 0 0 0 0 0 192 0 0 190 0 198 0 0 0 0 0 0 0 0 0 128 0 0 0 0 138 0 0 0 100 0 0 66 0 0 116 0 0 
0 0 158 80 0 0 0 0 1 0 0 0 167 191 23 0 0 0 0 0 0 0 0 0 0 0 0 0 0 0 0 0 0 0 16 0 36 0 0 0 28 0 0 0 0 0 16 104 0 0 0 0 0 0 0 0 0 0 0 0 135 0 0 0 0 0 0 0 0 0 0 198 0 0 0 0 0 0 0 0 0 0 0 0 0 0 0 0 0 0 35 0 0 0 0 0 0 0 0 0 
0 0 0 0 0 0 0 0 163 0 0 0 0 0 0 0 0 0 0 122 0 160 0 0 0 0 0 49 0 199 0 114 0 0 0 0 0 0 0 0 0 0 0 48 172 0 0 0 0 0 133 0 0 0 0 0 0 0 0 0 0 0 94 0 0 0 0 0 0 0 179 0 0 0 0 0 0 0 0 0 0 0 0 0 0 0 0 0 0 0 0 0 167 0 0 0 0 0 0 0 
0 0 0 0 0 0 0 0 0 0 0 0 0 0 0 0 0 0 0 0 0 0 0 0 0 0 0 0 0 44 0 0 0 0 0 0 0 41 0 0 0 0 0 0 0 0 0 0 53 0 0 0 0 78 0 0 0 0 0 0 0 0 95 0 0 0 0 0 0 0 0 0 0 0 0 0 27 0 0 0 0 0 116 0 94 0 0 0 0 0 0 0 137 0 0 0 0 0 0 41 
0 0 0 0 0 0 0 0 0 0 0 0 0 0 0 0 0 0 0 0 0 0 195 0 0 0 0 0 0 0 0 0 0 0 0 0 80 0 0 0 0 0 135 0 0 115 0 0 0 110 0 0 0 0 0 0 0 66 0 0 0 0 0 0 0 0 74 0 0 0 0 0 0 0 0 0 0 0 0 0 0 0 0 0 0 0 0 0 0 0 22 0 0 0 0 0 0 0 37 0 
15 0 0 0 0 0 0 0 0 0 0 0 0 0 0 0 0 0 0 0 0 0 0 0 0 0 0 0 0 160 46 0 0 0 0 94 0 137 0 0 0 0 0 0 0 29 0 0 0 0 0 80 0 0 0 0 168 0 0 0 0 89 0 0 0 0 30 0 0 93 0 0 0 0 27 0 0 0 0 0 130 0 0 194 0 0 0 0 0 0 0 0 87 0 0 0 0 0 0 0 
0 0 187 0 0 0 0 0 124 0 29 0 168 0 136 0 0 0 0 0 0 0 0 0 0 0 0 29 0 0 0 0 0 0 0 122 0 0 0 133 0 2 85 141 0 0 0 197 0 0 0 0 0 0 9 185 0 0 0 0 0 0 0 0 0 0 0 0 0 0 0 0 0 0 0 0 0 0 0 0 0 0 0 0 0 0 0 0 0 0 118 0 0 0 0 0 0 0 0 0 
0 0 0 0 0 0 0 0 0 0 0 67 0 0 0 0 160 0 0 0 130 0 0 0 0 0 0 0 0 108 0 0 170 0 0 0 0 0 0 0 127 0 0 0 0 0 0 0 131 0 0 0 0 0 0 0 0 0 0 0 0 102 0 0 194 0 0 10 0 0 81 0 0 0 0 0 0 0 0 0 0 0 0 0 0 0 0 0 0 45 89 0 0 0 0 20 58 0 0 0 
0 0 0 0 0 0 187 0 158 0 0 155 0 0 0 0 0 0 0 0 0 0 0 0 0 0 0 0 0 0 0 0 0 26 0 0 0 0 66 81 178 0 0 0 0 0 0 0 0 0 0 49 0 0 0 0 0 0 0 0 0 0 0 0 0 0 0 0 0 0 0 0 0 0 0 0 0 0 0 0 0 0 0 0 0 0 0 144 0 0 0 0 0 0 0 0 0 0 0 0 
0 0 0 0 160 0 77 0 0 0 0 0 0 0 0 0 0 0 0 0 0 0 0 0 0 0 131 0 0 0 0 0 0 0 0 0 0 0 0 0 0 0 0 0 115 166 0 0 82 0 0 2 0 0 0 191 0 0 0 0 0 0 49 0 0 0 0 118 0 0 0 0 0 0 0 0 130 0 0 0 0 0 0 0 0 0 0 0 0 0 73 0 0 29 198 0 39 0 0 0 
0 0 0 0 0 9 0 0 0 0 0 0 0 0 0 0 0 0 149 0 0 0 0 0 0 0 191 0 95 0 0 0 0 0 0 0 0 0 0 0 0 0 0 188 0 0 0 0 0 0 0 199 0 170 0 160 0 0 0 0 0 0 0 0 0 0 0 0 0 0 0 0 0 0 0 0 0 0 0 0 0 0 0 0 0 0 72 0 0 117 0 0 0 0 0 0 0 0 0 0 
0 28 0 0 0 0 0 0 0 0 121 76 0 0 0 0 0 0 0 0 0 123 0 0 0 0 0 0 0 0 0 0 0 0 0 0 0 0 0 3 0 0 0 0 0 0 0 0 38 0 0 22 0 0 120 0 92 0 0 0 0 101 0 0 0 0 0 0 0 0 0 128 0 0 116 0 0 0 0 0 0 0 0 54 0 0 0 0 0 0 0 105 0 163 0 0 0 0 0 0 
0 167 0 0 0 0 0 0 0 0 0 0 0 0 0 0 0 0 144 0 0 0 0 0 0 0 0 0 53 0 0 0 0 0 0 0 0 0 0 0 0 0 192 0 0 0 0 0 0 163 98 0 0 57 0 0 0 0 178 0 0 0 0 8 0 0 0 0 0 25 0 0 0 0 0 0 194 0 0 0 0 0 54 0 0 161 0 0 0 0 0 0 0 0 0 0 0 0 48 0 
0 0 146 0 0 0 0 0 112 29 0 0 0 0 0 193 0 0 0 0 0 25 0 40 0 0 0 0 0 166 0 0 24 0 0 0 0 0 0 0 0 0 21 0 0 0 0 0 0 0 0 0 0 13 0 63 0 0 0 0 0 0 0 0 0 0 0 0 0 0 0 0 0 0 94 0 0 0 0 0 0 0 0 0 0 0 0 0 131 0 0 0 0 0 0 0 0 0 0 0 
0 0 0 0 45 0 0 0 129 0 153 0 121 0 0 0 0 0 0 0 0 0 46 0 0 0 0 0 0 0 0 0 0 0 0 0 0 0 185 0 0 0 110 0 0 0 0 0 0 0 0 0 0 0 0 0 0 0 0 0 0 0 0 0 0 0 0 0 42 0 0 0 0 0 0 0 0 0 0 0 0 0 0 161 0 0 0 0 0 0 0 176 0 0 0 100 0 0 0 0 
0 0 0 0 0 0 0 0 0 0 0 0 0 0 0 0 13 0 0 0 0 0 0 11 0 0 0 0 0 0 109 0 0 0 0 0 0 0 0 0 0 0 0 0 0 5 0 0 0 0 0 0 0 0 0 0 0 0 0 0 0 0 0 0 0 0 0 0 0 0 0 0 0 0 0 0 0 0 0 0 0 72 0 0 0 0 0 0 0 84 0 160 178 0 0 0 0 0 0 60 
0 0 0 0 0 0 0 0 0 159 0 0 0 0 0 0 0 0 0 0 0 0 0 167 66 0 0 0 0 0 0 0 0 0 91 0 0 0 0 0 0 0 0 0 0 0 0 0 0 0 0 0 0 168 0 14 185 26 0 0 0 0 0 0 0 0 31 0 0 0 117 138 0 0 0 0 0 0 0 144 0 0 0 0 0 0 0 0 0 0 0 0 0 175 0 131 0 0 75 0 
0 186 0 0 0 0 0 0 0 2 0 0 0 0 0 0 0 0 91 0 0 0 0 0 0 0 0 0 0 0 0 0 0 0 0 0 0 0 0 0 0 0 0 0 0 0 0 0 0 0 0 0 0 103 0 0 0 0 0 149 0 0 0 0 0 36 0 0 0 0 0 0 0 0 0 0 0 0 0 0 0 0 0 0 131 0 0 0 0 0 0 0 0 0 0 0 0 0 0 0 
0 0 0 0 139 0 0 0 0 0 0 0 0 0 0 0 0 0 0 0 0 0 0 0 0 0 0 111 0 0 0 0 0 0 200 0 0 0 0 0 0 0 0 0 0 0 0 94 0 23 0 0 0 0 0 92 0 0 0 0 0 0 0 0 193 0 0 101 0 0 82 0 0 0 0 0 0 0 45 0 0 117 0 0 0 0 84 0 0 0 0 0 192 0 0 0 0 0 0 0 
0 0 0 0 0 0 0 0 0 0 0 0 12 0 0 0 0 0 0 0 0 0 47 0 0 199 0 11 0 0 0 0 0 0 0 0 27 0 0 0 0 1 0 76 61 0 0 31 0 0 0 0 0 0 0 0 0 0 0 0 0 0 0 0 0 0 0 0 0 0 198 0 35 0 0 22 0 118 89 0 73 0 0 0 0 0 0 0 0 0 0 0 0 0 0 0 0 0 0 0 
0 0 0 0 0 0 0 0 118 0 0 0 0 0 0 0 0 0 0 58 0 0 0 0 0 0 122 0 0 0 0 0 0 0 0 0 0 0 0 0 0 0 0 0 0 0 0 0 173 0 0 0 0 0 0 193 0 0 0 0 99 0 0 0 0 0 0 0 0 0 0 100 0 0 0 0 0 0 0 0 0 0 105 0 0 176 160 0 0 0 0 0 0 0 0 0 0 0 0 0 
44 28 0 0 0 0 0 0 0 0 0 0 0 0 0 0 0 0 0 0 0 0 0 0 0 0 0 90 0 0 108 0 0 0 0 0 0 0 0 0 0 0 0 0 0 107 0 0 0 0 0 0 0 0 0 0 0 0 0 0 0 0 166 0 0 0 0 0 0 0 0 0 0 167 137 0 87 0 0 0 0 0 0 0 0 0 178 0 0 192 0 0 0 0 175 0 0 0 0 0 
25 98 0 0 0 0 136 0 0 0 0 0 0 0 0 0 0 0 0 0 0 0 0 0 0 0 0 0 0 0 0 0 0 0 103 0 110 0 0 0 0 0 0 0 0 0 0 0 140 66 0 0 0 0 0 0 0 0 113 124 0 0 0 0 0 0 0 0 0 0 0 0 0 0 0 0 0 0 0 0 29 0 163 0 0 0 0 175 0 0 0 0 0 0 0 0 0 0 0 0 
0 0 0 0 0 0 31 190 104 30 0 17 0 0 0 144 0 0 0 0 0 0 0 0 0 0 0 56 0 0 0 0 0 0 0 0 0 0 0 0 0 0 0 0 0 0 0 0 0 0 0 0 0 0 0 0 0 0 0 0 0 0 30 0 0 0 0 0 0 0 0 66 0 0 0 0 0 0 0 0 198 0 0 0 0 0 0 0 0 0 0 0 175 0 0 162 0 0 0 0 
0 0 0 63 0 0 0 0 0 0 0 0 0 0 0 0 0 0 0 0 33 0 0 0 0 0 0 0 0 0 0 0 0 0 46 0 151 0 0 0 0 0 0 0 0 0 83 0 0 0 0 0 0 0 0 77 0 0 0 0 0 0 0 0 0 107 0 0 0 113 0 0 0 0 0 0 0 0 20 0 0 0 0 0 0 100 0 131 0 0 0 0 0 0 162 0 94 27 0 0 
17 0 0 0 0 0 0 0 0 168 0 0 0 0 0 0 0 0 0 67 0 0 0 0 0 0 0 0 0 0 0 0 0 0 0 28 0 0 0 23 0 0 0 0 0 0 0 0 0 89 0 59 0 0 0 110 0 0 0 111 27 0 0 0 0 0 0 0 3 0 29 0 0 0 0 0 0 0 58 0 39 0 0 0 0 0 0 0 0 0 0 0 0 0 0 94 0 0 0 0 
0 0 25 0 0 163 0 0 128 0 67 0 0 0 0 121 0 0 0 0 199 0 0 0 0 0 0 0 0 0 0 0 0 0 0 0 0 0 0 0 0 0 0 0 0 0 0 0 0 116 0 140 0 0 0 0 152 0 0 0 0 0 0 0 115 0 23 0 0 76 0 116 0 0 0 0 0 0 0 0 0 0 0 0 0 0 0 0 0 0 0 0 0 0 0 27 0 0 0 105 
0 0 0 0 0 0 0 0 0 0 0 0 161 0 133 0 0 0 0 0 0 0 0 0 0 0 0 0 0 0 0 0 0 0 0 0 0 0 0 0 0 0 0 0 90 0 0 0 0 0 0 0 0 0 0 82 0 0 0 0 0 0 0 0 0 148 0 0 0 0 0 0 0 0 0 37 0 0 0 0 0 0 0 48 0 0 0 75 0 0 0 0 0 0 0 0 0 0 0 0 
0 0 0 0 0 0 0 0 0 0 0 0 0 0 0 0 0 116 0 0 116 0 0 130 0 0 0 0 0 131 0 187 0 0 0 0 0 0 0 0 0 67 0 162 0 0 0 0 0 0 0 0 0 12 5 0 0 0 0 0 146 29 0 0 0 0 0 0 0 0 94 0 0 0 41 0 0 0 0 0 0 0 0 0 0 0 60 0 0 0 0 0 0 0 0 0 0 105 0 0 
