0 0 0 82 84 80 13 98 78 0 70 18 17 0 0 54 0 23 70 0 52 72 58 76 27 0 11 0 12 8 95 13 0 88 69 0 63 0 18 0 13 85 4 42 89 50 0 0 29 38 16 6 54 62 73 0 62 95 7 3 93 0 0 1 72 94 60 83 45 16 59 29 77 61 32 0 0 22 0 0 9 41 27 28 41 100 77 71 0 68 3 20 51 76 35 21 0 39 40 94 
0 0 84 25 33 75 32 61 78 11 75 80 2 34 55 34 61 81 9 0 31 0 73 45 8 83 79 75 100 80 31 20 38 89 0 0 22 55 44 81 4 0 5 46 11 58 19 97 0 56 69 53 31 9 16 93 0 88 73 18 42 41 47 94 52 61 3 97 9 92 21 79 0 24 52 84 0 81 95 49 0 0 19 47 55 0 11 75 21 38 6 39 0 67 7 0 31 78 44 83 
0 84 0 3 4 15 68 20 55 0 0 5 84 0 79 16 0 56 89 0 37 13 29 46 39 23 14 75 0 90 10 31 86 80 71 40 5 82 47 54 0 0 94 12 0 2 82 49 0 0 50 83 31 73 51 21 3 0 97 0 74 0 0 18 91 89 0 44 0 12 0 47 29 23 62 20 34 3 44 3 0 0 21 26 11 42 0 0 11 93 23 20 98 93 75 3 50 0 95 24 
82 25 3 0 31 30 0 82 1 60 89 79 1 91 84 0 99 31 30 5 96 49 0 0 0 96 0 98 45 17 40 81 62 11 100 0 31 38 0 0 92 50 71 0 30 0 83 64 56 0 29 36 15 67 38 14 11 69 23 49 52 0 15 95 75 0 0 63 0 61 0 0 99 8 5 82 12 54 64 0 0 61 87 33 39 94 83 18 10 36 67 0 0 20 62 79 0 0 0 64 
84 33 4 31 0 51 47 0 87 60 41 0 0 50 0 3 6 78 0 35 14 0 31 85 60 12 25 87 26 94 2 55 71 3 6 0 67 0 21 5 57 39 48 40 36 0 0 20 0 77 30 99 61 37 62 24 4 94 78 43 57 16 47 94 0 4 0 26 0 88 0 14 100 5 76 4 12 40 0 90 92 8 61 0 17 15 49 83 82 58 28 0 98 0 40 0 49 0 52 41 
80 75 15 30 51 0 56 39 0 7 45 56 70 36 71 56 4 0 19 19 94 83 73 58 1 85 5 29 44 11 0 1 99 40 51 57 25 58 8 75 60 25 37 44 29 36 0 0 54 0 11 40 87 0 67 83 18 91 59 45 72 61 13 47 90 28 30 16 80 24 38 0 28 86 72 1 7 18 0 36 10 97 0 4 74 74 9 91 16 4 66 7 93 32 0 46 24 0 0 47 
13 32 68 0 47 56 0 37 18 26 58 94 33 0 33 16 39 27 78 72 50 68 97 58 0 42 0 45 18 94 87 66 81 50 35 97 37 0 0 17 71 19 41 47 97 34 35 0 68 55 38 0 46 21 73 44 46 53 0 64 81 6 67 16 84 95 4 85 59 83 0 1 22 76 28 46 0 22 62 59 0 67 97 55 17 65 95 44 29 35 48 18 60 72 58 0 80 0 50 63 
98 61 20 82 0 39 37 0 25 24 63 68 58 24 32 54 53 97 21 25 0 0 46 92 79 0 79 24 43 91 0 91 47 78 0 0 47 95 0 52 70 55 8 51 32 88 12 37 3 7 71 33 0 30 89 28 0 92 83 0 0 81 20 8 82 59 0 1 0 46 90 84 92 43 0 9 60 58 0 78 70 13 0 59 65 0 41 89 64 58 4 71 71 51 67 39 30 94 76 0 
78 78 55 1 87 0 18 25 0 83 0 7 2 98 28 38 22 17 42 0 65 0 92 78 23 66 0 89 26 32 85 0 25 79 67 43 11 88 72 92 81 89 95 49 44 0 0 0 0 29 0 78 0 0 10 74 84 31 75 20 8 91 0 14 28 15 19 26 85 0 47 0 0 76 7 7 0 51 0 79 80 70 9 30 0 4 0 95 45 0 81 21 81 14 75 93 33 0 82 8 
0 11 0 60 60 7 26 24 83 0 66 25 52 0 0 80 0 82 100 53 15 89 0 52 2 98 36 48 81 9 81 94 31 4 34 31 96 40 0 67 45 0 0 65 43 97 72 81 16 93 95 64 67 93 9 1 2 6 3 69 5 14 0 93 51 68 85 7 39 39 8 85 17 0 80 30 31 88 1 60 62 0 28 14 70 20 81 76 99 0 76 0 34 2 42 100 8 94 94 63 
70 75 0 89 41 45 58 63 0 66 0 0 51 31 42 76 48 62 42 56 70 100 97 100 99 28 87 0 23 92 92 49 68 55 40 26 39 2 26 62 79 90 21 39 98 17 45 77 34 25 60 15 29 0 14 14 21 90 77 0 5 0 93 16 0 85 24 100 70 34 31 61 93 13 93 71 3 38 49 83 0 31 46 61 22 12 28 35 34 0 37 57 75 81 96 59 86 47 67 0 
18 80 5 79 0 56 94 68 7 25 0 0 21 51 17 72 66 0 0 0 0 74 80 51 0 76 63 100 95 55 44 57 71 69 67 78 96 92 13 100 69 40 0 17 62 76 0 33 70 27 22 0 54 57 0 100 84 79 100 39 6 59 45 44 0 0 59 45 34 79 4 96 11 51 38 82 90 52 98 0 0 0 0 93 90 29 14 0 88 84 0 2 23 83 44 24 19 2 18 83 
17 2 84 1 0 70 33 58 2 52 51 21 0 78 59 32 17 37 54 0 25 15 15 0 0 0 55 0 83 0 42 0 73 0 0 84 3 91 0 86 5 0 1 0 69 19 72 2 0 57 44 46 41 95 23 16 63 71 52 99 82 29 32 37 1 16 48 0 92 59 0 89 18 5 14 90 0 56 13 67 3 42 77 92 0 12 21 48 26 28 84 37 1 2 0 85 52 64 85 95 
0 34 0 91 50 36 0 24 98 0 31 51 78 0 0 42 5 0 91 95 74 11 39 41 7 39 85 84 99 73 100 22 31 0 0 56 40 96 95 35 11 6 63 0 17 67 13 93 14 53 35 23 28 61 26 0 0 59 58 0 60 42 1 0 92 15 93 0 22 15 88 97 0 4 22 97 0 78 55 11 12 62 0 95 95 97 19 14 55 0 63 75 51 92 70 87 0 93 0 60 
0 55 79 84 0 71 33 32 28 0 42 17 59 0 0 46 74 100 60 34 0 89 9 27 57 50 51 63 55 50 0 31 38 61 0 0 0 30 100 86 52 27 85 18 46 3 71 36 24 0 32 84 15 40 16 30 76 93 0 57 3 17 73 38 23 49 48 0 64 0 70 32 44 92 21 0 52 83 68 0 53 55 33 39 50 93 68 42 75 52 67 24 98 27 92 41 71 60 48 66 
54 34 16 0 3 56 16 54 38 80 76 72 32 42 46 0 27 64 0 0 88 13 10 12 4 38 29 86 53 88 71 65 22 3 12 37 89 29 68 98 71 28 11 19 30 30 0 19 78 71 71 86 3 8 79 57 23 58 65 29 0 43 80 45 94 76 57 0 99 14 60 17 7 11 38 60 0 75 25 0 29 97 0 98 28 86 53 24 40 96 85 62 0 76 50 94 29 6 69 5 
0 61 0 99 6 4 39 53 22 0 48 66 17 5 74 27 0 58 91 42 35 15 34 74 0 0 22 8 10 55 46 69 32 0 67 0 15 28 32 38 6 19 0 64 36 77 88 92 12 0 92 99 74 54 66 7 60 53 78 33 85 80 65 32 77 88 12 7 13 95 0 96 0 42 0 77 54 76 49 41 89 2 10 23 87 75 39 4 63 74 73 45 79 64 54 0 31 95 27 30 
23 81 56 31 78 0 27 97 17 82 62 0 37 0 100 64 58 0 69 51 49 33 38 40 0 35 0 16 11 0 89 62 80 11 11 92 99 0 54 0 10 0 13 49 67 21 24 0 35 25 88 20 81 3 0 61 84 65 0 5 94 58 74 27 14 94 0 8 3 73 100 88 49 78 0 9 34 25 5 64 17 63 31 43 55 81 62 94 25 96 19 88 84 55 1 12 36 62 89 44 
70 9 89 30 0 19 78 21 42 100 42 0 54 91 60 0 91 69 0 0 24 100 0 0 6 78 99 75 0 22 17 29 10 55 3 0 89 29 2 70 87 0 64 0 62 29 0 17 62 41 58 0 29 6 37 66 0 0 0 2 0 76 51 90 36 83 48 40 0 44 31 0 26 49 15 0 38 6 59 88 4 22 81 0 0 0 53 100 42 73 0 0 61 46 9 80 97 0 69 29 
0 0 0 5 35 19 72 25 0 53 56 0 0 95 34 0 42 51 0 0 25 0 50 45 9 2 38 93 64 55 0 0 41 76 90 70 0 92 35 0 54 72 65 63 2 98 0 21 0 66 63 2 59 44 0 69 10 41 40 89 0 17 0 51 22 53 98 27 54 74 38 30 0 53 29 47 21 87 52 7 0 0 0 81 9 20 37 96 71 81 36 84 19 93 3 76 0 79 0 79 
52 31 37 96 14 94 50 0 65 15 70 0 25 74 0 88 35 49 24 25 0 86 95 40 95 59 55 32 28 41 0 56 84 0 26 62 1 47 82 56 0 55 79 0 89 90 24 30 0 18 54 51 0 20 14 78 43 74 61 20 7 88 0 78 33 0 11 47 4 68 51 47 94 53 0 0 10 60 88 79 0 81 62 100 0 95 70 35 70 36 37 50 0 9 20 75 60 59 0 42 
72 0 13 49 0 83 68 0 0 89 100 74 15 11 89 13 15 33 100 0 86 0 55 0 42 53 44 84 81 22 17 87 69 64 50 72 53 18 79 95 85 74 80 59 52 24 79 0 0 6 94 66 94 15 68 89 41 94 66 44 2 76 22 0 58 0 21 36 35 92 94 87 0 73 79 0 98 89 67 16 78 0 69 19 83 0 95 0 13 39 5 45 14 75 2 51 0 38 69 0 
58 73 29 0 31 73 97 46 92 0 97 80 15 39 9 10 34 38 0 50 95 55 0 0 25 0 47 10 53 40 55 41 39 74 21 26 73 93 0 6 50 62 29 97 63 26 87 87 92 92 0 93 13 68 14 48 40 33 27 45 5 49 84 0 9 7 0 22 43 37 79 0 19 96 93 72 11 82 80 0 65 24 9 55 19 87 0 98 51 64 56 97 54 0 11 21 51 17 74 46 
76 45 46 0 85 58 58 92 78 52 100 51 0 41 27 12 74 40 0 45 40 0 0 0 0 0 30 0 31 72 67 59 66 88 13 57 0 31 14 35 0 0 98 0 90 71 15 75 12 80 84 15 94 86 82 43 0 68 0 0 34 68 88 83 60 8 51 1 71 27 0 23 66 4 59 50 61 99 48 77 90 88 75 63 0 50 0 94 0 55 4 14 46 24 98 37 21 74 0 30 
27 8 39 0 60 1 0 79 23 2 99 0 0 7 57 4 0 0 6 9 95 42 25 0 0 0 21 48 0 40 39 57 6 7 0 55 4 48 94 0 0 31 39 74 13 51 0 0 12 91 40 8 48 83 5 6 67 2 59 62 20 97 58 40 0 0 29 8 6 97 0 24 0 94 0 34 53 73 0 56 0 100 27 17 30 19 28 30 50 17 0 6 0 44 53 100 47 32 32 21 
0 83 23 96 12 85 42 0 66 98 28 76 0 39 50 38 0 35 78 2 59 53 0 0 0 0 0 0 41 29 52 12 30 0 96 39 1 34 89 78 63 22 77 29 13 100 91 54 62 96 90 43 27 86 97 0 86 97 57 36 47 0 58 0 0 17 51 43 94 60 93 92 0 14 0 98 95 28 5 78 0 0 13 0 93 0 100 24 95 58 51 0 94 9 78 45 16 11 0 0 
11 79 14 0 25 5 0 79 0 36 87 63 55 85 51 29 22 0 99 38 55 44 47 30 21 0 0 0 41 18 77 38 42 98 36 16 54 96 1 55 32 20 5 74 67 64 0 21 81 35 57 45 15 73 10 14 0 39 46 46 65 40 32 98 100 0 17 0 76 12 74 52 23 35 74 43 50 66 0 0 62 42 39 53 41 30 50 86 7 60 6 51 24 59 22 82 99 75 0 42 
0 75 75 98 87 29 45 24 89 48 0 100 0 84 63 86 8 16 75 93 32 84 10 0 48 0 0 0 0 61 26 28 66 0 47 88 6 67 89 97 34 41 51 0 66 65 24 0 24 55 77 47 29 49 31 7 44 21 0 0 98 50 47 60 0 51 55 11 14 0 17 19 26 0 0 26 73 64 0 45 91 50 99 94 71 0 16 53 6 20 84 0 0 0 10 89 18 40 80 22 
12 100 0 45 26 44 18 43 26 81 23 95 83 99 55 53 10 11 0 64 28 81 53 31 0 41 41 0 0 65 71 12 98 15 84 15 2 38 18 0 7 0 0 0 43 0 16 0 92 40 95 87 100 93 0 61 37 73 20 52 54 86 0 2 31 2 39 32 36 18 39 3 0 73 54 37 48 63 72 68 16 10 0 33 22 79 84 0 64 78 0 76 0 78 31 0 96 69 0 0 
8 80 90 17 94 11 94 91 32 9 92 55 0 73 50 88 55 0 22 55 41 22 40 72 40 29 18 61 65 0 25 30 26 51 89 30 76 0 0 94 36 96 87 6 96 88 0 24 39 85 28 68 48 0 10 45 54 37 67 5 61 20 75 92 74 31 0 17 89 18 38 0 0 68 0 69 93 36 0 0 11 45 45 61 33 0 0 43 0 0 75 94 72 0 83 67 31 100 0 56 
95 31 10 40 2 0 87 0 85 81 92 44 42 100 0 71 46 89 17 0 0 17 55 67 39 52 77 26 71 25 0 47 90 54 67 72 75 22 75 73 3 44 88 78 79 84 54 70 89 26 0 78 30 71 27 58 13 43 3 0 23 73 26 26 68 64 0 27 34 36 3 86 66 0 25 24 51 14 50 78 33 51 78 45 21 95 75 97 58 73 86 96 73 59 8 45 65 37 29 82 
13 20 31 81 55 1 66 91 0 94 49 57 0 22 31 65 69 62 29 0 56 87 41 59 57 12 38 28 12 30 47 0 79 0 44 17 51 53 92 77 59 0 0 87 44 49 49 0 0 14 38 49 61 63 34 20 0 57 52 36 0 19 13 24 71 79 0 45 0 89 18 21 67 90 64 34 31 78 80 51 20 0 38 57 88 36 44 68 78 41 1 0 62 22 62 60 6 66 20 0 
0 38 86 62 71 99 81 47 25 31 68 71 73 31 38 22 32 80 10 41 84 69 39 66 6 30 42 66 98 26 90 79 0 76 69 65 59 16 84 77 61 61 76 14 75 5 22 12 30 62 0 26 15 12 55 0 72 33 15 49 2 18 74 32 93 56 94 15 0 33 11 0 81 68 91 77 54 9 47 17 11 81 42 0 26 85 0 92 91 75 53 25 95 33 5 58 59 0 75 0 
88 89 80 11 3 40 50 78 79 4 55 69 0 0 61 3 0 11 55 76 0 64 74 88 7 0 98 0 15 51 54 0 76 0 41 25 63 0 51 79 0 0 0 87 78 26 76 71 0 56 43 26 0 70 15 7 40 65 0 100 51 88 45 87 87 96 61 6 39 100 54 67 0 30 20 53 10 77 37 32 82 56 14 48 88 8 38 49 3 69 91 93 22 47 58 0 55 90 67 23 
69 0 71 100 6 51 35 0 67 34 40 67 0 0 0 12 67 11 3 90 26 50 21 13 0 96 36 47 84 89 67 44 69 41 0 56 32 81 38 90 46 84 76 0 33 92 0 0 73 0 62 0 92 80 60 97 87 16 41 0 74 95 73 75 71 53 7 19 0 14 0 18 50 47 19 89 0 0 68 51 0 3 7 0 37 85 49 27 44 82 20 30 97 0 22 0 17 24 36 71 
0 0 40 0 0 57 97 0 43 31 26 78 84 56 0 37 0 92 0 70 62 72 26 57 55 39 16 88 15 30 72 17 65 25 56 0 0 0 76 48 5 25 0 68 52 0 15 48 38 56 86 94 24 0 74 22 0 46 64 0 55 0 30 53 67 53 15 25 77 37 0 52 65 70 31 11 40 44 21 18 47 0 0 0 0 4 75 77 72 0 65 87 72 52 94 0 0 10 4 68 
63 22 5 31 67 25 37 47 11 96 39 96 3 40 0 89 15 99 89 0 1 53 73 0 4 1 54 6 2 76 75 51 59 63 32 0 0 27 19 41 0 44 78 82 71 6 47 59 0 96 84 0 0 0 85 0 62 6 0 0 18 0 86 62 7 0 0 0 95 44 96 0 64 0 0 38 66 6 25 0 46 0 40 0 14 16 97 23 72 33 1 90 4 36 25 0 17 44 14 52 
0 55 82 38 0 58 0 95 88 40 2 92 91 96 30 29 28 0 29 92 47 18 93 31 48 34 96 67 38 0 22 53 16 0 81 0 27 0 0 0 51 0 4 0 0 28 0 0 5 0 47 53 44 64 33 64 0 2 45 99 31 64 0 87 65 33 54 70 0 68 14 92 39 0 0 21 20 47 0 25 55 83 29 24 92 1 83 92 19 74 61 75 17 80 10 91 81 52 24 70 
18 44 47 0 21 8 0 0 72 0 26 13 0 95 100 68 32 54 2 35 82 79 0 14 94 89 1 89 18 0 75 92 84 51 38 76 19 0 0 8 36 48 19 44 29 80 92 0 34 27 0 57 76 95 45 95 88 67 52 89 81 21 0 87 94 24 0 78 0 92 55 47 91 69 0 74 82 26 7 78 76 82 29 60 0 56 5 36 34 50 27 27 53 87 19 31 62 28 78 52 
0 81 54 0 5 75 17 52 92 67 62 100 86 35 86 98 38 0 70 0 56 95 6 35 0 78 55 97 0 94 73 77 77 79 90 48 41 0 8 0 0 0 57 0 63 67 29 0 34 41 85 34 39 41 62 80 89 13 37 68 0 0 79 40 50 91 0 74 56 68 17 81 43 53 63 55 37 24 53 52 67 0 4 40 25 20 99 0 24 70 80 14 64 72 0 41 99 0 0 0 
13 4 0 92 57 60 71 70 81 45 79 69 5 11 52 71 6 10 87 54 0 85 50 0 0 63 32 34 7 36 3 59 61 0 46 5 0 51 36 0 0 59 20 7 0 32 0 85 0 75 78 55 21 21 0 99 60 51 0 0 72 28 2 59 12 81 38 2 0 0 50 88 46 0 14 0 73 0 12 0 50 58 0 12 27 90 73 0 0 6 8 0 15 72 0 78 0 85 19 0 
85 0 0 50 39 25 19 55 89 0 90 40 0 6 27 28 19 0 0 72 55 74 62 0 31 22 20 41 0 96 44 0 61 0 84 25 44 0 48 0 59 0 92 98 0 53 0 0 80 45 56 64 0 77 95 0 56 68 0 0 0 37 55 28 0 12 31 0 40 20 82 75 84 92 0 24 12 31 0 0 0 0 17 71 19 0 78 75 71 89 77 99 42 8 16 56 57 71 55 32 
4 5 94 71 48 37 41 8 95 0 21 0 1 63 85 11 0 13 64 65 79 80 29 98 39 77 5 51 0 87 88 0 76 0 76 0 78 4 19 57 20 92 0 13 0 62 17 63 73 82 73 17 38 0 0 82 0 21 83 27 82 66 0 70 13 75 43 0 96 0 0 66 59 0 59 96 91 51 1 40 0 0 88 20 60 60 58 80 54 19 54 69 0 79 68 2 0 83 82 86 
42 46 12 0 40 44 47 51 49 65 39 17 0 0 18 19 64 49 0 63 0 59 97 0 74 29 74 0 0 6 78 87 14 87 0 68 82 0 44 0 7 98 13 0 64 60 51 92 0 76 13 0 92 22 0 85 55 38 0 70 0 75 74 28 12 70 0 0 70 34 74 0 96 0 7 24 0 83 38 84 28 0 58 73 22 11 38 38 7 0 24 15 13 38 7 49 65 29 91 44 
89 11 0 30 36 29 97 32 44 43 98 62 69 17 46 30 36 67 62 2 89 52 63 90 13 13 67 66 43 96 79 44 75 78 33 52 71 0 29 63 0 0 0 64 0 29 0 0 22 54 87 76 98 87 0 12 78 17 5 0 91 0 58 44 78 69 50 71 64 35 39 88 43 0 0 11 0 1 78 19 71 0 99 22 27 23 6 30 59 34 80 24 26 39 69 64 22 41 21 71 
50 58 2 0 0 36 34 88 0 97 17 76 19 67 3 30 77 21 29 98 90 24 26 71 51 100 64 65 0 88 84 49 5 26 92 0 6 28 80 67 32 53 62 60 29 0 40 0 31 39 35 0 24 22 63 80 85 64 5 0 37 49 53 71 51 27 0 30 86 0 54 70 0 12 22 57 25 99 7 87 45 80 45 99 30 81 10 86 45 75 65 2 6 45 95 35 66 0 34 0 
0 19 82 83 0 0 35 12 0 72 45 0 72 13 71 0 88 24 0 0 24 79 87 15 0 91 0 24 16 0 54 49 22 76 0 15 47 0 92 29 0 0 17 51 0 40 0 70 43 87 54 31 24 54 81 87 41 0 0 24 91 59 0 82 63 68 50 50 46 80 0 25 7 76 97 51 0 6 74 0 0 11 77 78 95 29 65 0 76 0 53 0 49 34 44 76 22 46 26 91 
0 97 49 64 20 0 0 37 0 81 77 33 2 93 36 19 92 0 17 21 30 0 87 75 0 54 21 0 0 24 70 0 12 71 0 48 59 0 0 0 85 0 63 92 0 0 70 0 89 46 93 0 92 34 57 80 6 38 27 0 93 59 46 82 12 13 76 0 67 44 68 57 0 22 80 94 91 7 37 57 41 0 100 0 64 0 59 58 52 32 95 40 48 66 99 44 0 61 49 80 
29 0 0 56 0 54 68 3 0 16 34 70 0 14 24 78 12 35 62 0 0 0 92 12 12 62 81 24 92 39 89 0 30 0 73 38 0 5 34 34 0 80 73 0 22 31 43 89 0 72 0 76 86 9 0 0 0 0 78 0 90 66 57 0 0 24 21 0 74 69 0 11 6 19 0 0 30 34 13 14 97 0 10 0 21 0 0 45 51 0 22 13 47 71 94 0 61 0 57 0 
38 56 0 0 77 0 55 7 29 93 25 27 57 53 0 71 0 25 41 66 18 6 92 80 91 96 35 55 40 85 26 14 62 56 0 56 96 0 27 41 75 45 82 76 54 39 87 46 72 0 91 33 70 25 97 97 18 13 65 0 0 7 99 80 51 82 40 48 28 87 23 0 19 56 83 94 0 67 35 4 38 17 80 15 79 98 58 85 17 63 75 0 75 6 4 52 28 11 64 0 
16 69 50 29 30 11 38 71 0 95 60 22 44 35 32 71 92 88 58 63 54 94 0 84 40 90 57 77 95 28 0 38 0 43 62 86 84 47 0 85 78 56 73 13 87 35 54 93 0 91 0 31 0 12 56 78 14 0 35 100 42 70 100 4 63 28 57 80 92 63 3 45 60 77 21 9 41 73 53 99 52 28 0 40 92 65 76 89 31 48 29 71 54 11 34 56 61 61 70 71 
6 53 83 36 99 40 0 33 78 64 15 0 46 23 84 86 99 20 0 2 51 66 93 15 8 43 45 47 87 68 78 49 26 26 0 94 0 53 57 34 55 64 17 0 76 0 31 0 76 33 31 0 4 0 39 39 66 51 44 10 91 2 63 4 0 64 50 16 44 9 0 0 4 42 0 27 33 20 64 61 30 0 0 0 52 0 89 18 0 81 11 0 91 80 32 76 37 42 77 86 
54 31 31 15 61 87 46 0 0 67 29 54 41 28 15 3 74 81 29 59 0 94 13 94 48 27 15 29 100 48 30 61 15 0 92 24 0 44 76 39 21 0 38 92 98 24 24 92 86 70 0 4 0 0 0 21 40 41 0 2 96 72 84 48 100 60 59 13 4 92 44 0 7 0 0 57 83 79 12 31 0 67 14 48 4 86 64 42 72 32 76 90 9 30 26 32 97 0 17 34 
62 9 73 67 37 0 21 30 0 93 0 57 95 61 40 8 54 3 6 44 20 15 68 86 83 86 73 49 93 0 71 63 12 70 80 0 0 64 95 41 21 77 0 22 87 22 54 34 9 25 12 0 0 0 83 4 29 9 0 91 18 31 72 58 92 48 47 44 20 38 20 45 1 73 59 19 36 36 0 2 0 96 49 63 9 0 28 60 3 71 38 69 44 8 12 41 8 54 58 0 
73 16 51 38 62 67 73 89 10 9 14 0 23 26 16 79 66 0 37 0 14 68 14 82 5 97 10 31 0 10 27 34 55 15 60 74 85 33 45 62 0 95 0 0 0 63 81 57 0 97 56 39 0 83 0 16 56 81 8 0 59 96 36 28 0 96 0 61 0 88 33 0 0 97 0 3 16 98 29 10 0 23 19 0 94 0 79 20 95 0 68 37 0 60 75 11 15 73 55 33 
0 93 21 14 24 83 44 28 74 1 14 100 16 0 30 57 7 61 66 69 78 89 48 43 6 0 14 7 61 45 58 20 0 7 97 22 0 64 95 80 99 0 82 85 12 80 87 80 0 97 78 39 21 4 16 0 6 41 11 86 82 16 83 17 79 28 89 17 39 4 91 15 0 0 1 95 40 80 0 58 51 0 80 0 0 0 0 13 34 96 32 60 69 6 24 92 20 88 87 66 
62 0 3 11 4 18 46 0 84 2 21 84 63 0 76 23 60 84 0 10 43 41 40 0 67 86 0 44 37 54 13 0 72 40 87 0 62 0 88 89 60 56 0 55 78 85 41 6 0 18 14 66 40 29 56 6 0 30 39 4 79 15 44 63 64 34 51 82 59 5 52 100 31 25 86 1 88 23 17 75 49 41 82 51 68 75 59 0 97 30 87 0 73 60 0 64 30 20 46 96 
95 88 0 69 94 91 53 92 31 6 90 79 71 59 93 58 53 65 0 41 74 94 33 68 2 97 39 21 73 37 43 57 33 65 16 46 6 2 67 13 51 68 21 38 17 64 0 38 0 13 0 51 41 9 81 41 30 0 0 93 90 68 1 86 52 97 91 80 72 65 84 88 90 39 0 34 50 3 11 82 20 3 47 0 40 25 80 25 33 0 84 25 60 51 25 58 35 12 73 78 
7 73 97 23 78 59 0 83 75 3 77 100 52 58 0 65 78 0 0 40 61 66 27 0 59 57 46 0 20 67 3 52 15 0 41 64 0 45 52 37 0 0 83 0 5 5 0 27 78 65 35 44 0 0 8 11 39 0 0 99 99 50 53 97 11 100 29 83 52 83 86 21 50 50 0 22 0 94 26 0 77 56 0 89 35 89 76 0 0 68 0 98 72 44 62 40 20 19 85 27 
3 18 0 49 43 45 64 0 20 69 0 39 99 0 57 29 33 5 2 89 20 44 45 0 62 36 46 0 52 5 0 36 49 100 0 0 0 99 89 68 0 0 27 70 0 0 24 0 0 0 100 10 2 91 0 86 4 93 99 0 54 13 40 56 0 40 67 83 0 0 76 61 56 57 55 0 42 63 1 31 0 51 36 67 0 0 70 85 53 97 97 20 0 0 8 24 80 77 95 0 
93 42 74 52 57 72 81 0 8 5 5 6 82 60 3 0 85 94 0 0 7 2 5 34 20 47 65 98 54 61 23 0 2 51 74 55 18 31 81 0 72 0 82 0 91 37 91 93 90 0 42 91 96 18 59 82 79 90 99 54 0 30 49 21 68 18 58 0 72 67 11 0 74 62 74 23 42 71 66 0 83 0 26 89 49 87 3 37 31 99 76 14 86 1 4 27 77 62 76 48 
0 41 0 0 16 61 6 81 91 14 0 59 29 42 17 43 80 58 76 17 88 76 49 68 97 0 40 50 86 20 73 19 18 88 95 0 0 64 21 0 28 37 66 75 0 49 59 59 66 7 70 2 72 31 96 16 15 68 50 13 30 0 19 1 0 14 99 1 96 43 52 49 20 93 18 9 43 18 33 75 85 77 51 61 63 0 29 13 5 79 73 18 82 74 11 0 83 8 34 0 
0 47 0 15 47 13 67 20 0 0 93 45 32 1 73 80 65 74 51 0 0 22 84 88 58 58 32 47 0 75 26 13 74 45 73 30 86 0 0 79 2 55 0 74 58 53 0 46 57 99 100 63 84 72 36 83 44 1 53 40 49 19 0 83 54 18 46 71 69 0 65 75 36 55 10 17 75 99 0 0 0 0 0 86 21 98 42 39 87 84 0 11 77 94 0 31 54 86 60 0 
1 94 18 95 94 47 16 8 14 93 16 44 37 0 38 45 32 27 90 51 78 0 0 83 40 0 98 60 2 92 26 24 32 87 75 53 62 87 87 40 59 28 70 28 44 71 82 82 0 80 4 4 48 58 28 17 63 86 97 56 21 1 83 0 94 86 20 95 0 48 50 63 0 93 62 0 38 18 85 29 44 53 100 8 83 99 9 48 59 35 61 69 59 57 62 48 25 46 0 74 
72 52 91 75 0 90 84 82 28 51 0 0 1 92 23 94 77 14 36 22 33 58 9 60 0 0 100 0 31 74 68 71 93 87 71 67 7 65 94 50 12 0 13 12 78 51 63 12 0 51 63 0 100 92 0 79 64 52 11 0 68 0 54 94 0 38 0 21 86 49 97 0 35 50 22 59 41 35 33 65 63 27 47 4 51 29 0 0 0 68 89 0 0 40 62 63 88 43 88 0 
94 61 89 0 4 28 95 59 15 68 85 0 16 15 49 76 88 94 83 53 0 0 7 8 0 17 0 51 2 31 64 79 56 96 53 53 0 33 24 91 81 12 75 70 69 27 68 13 24 82 28 64 60 48 96 28 34 97 100 40 18 14 18 86 38 0 61 40 91 0 88 48 18 15 58 59 50 96 51 0 47 30 96 73 34 0 56 60 71 42 33 63 40 55 0 90 0 54 3 43 
60 3 0 0 0 30 4 0 19 85 24 59 48 93 48 57 12 0 48 98 11 21 0 51 29 51 17 55 39 0 0 0 94 61 7 15 0 54 0 0 38 31 43 0 50 0 50 76 21 40 57 50 59 47 0 89 51 91 29 67 58 99 46 20 0 61 0 0 44 71 51 79 32 100 0 66 85 0 38 29 0 0 29 4 48 72 10 80 21 34 81 81 33 19 0 17 98 67 3 0 
83 97 44 63 26 16 85 1 26 7 100 45 0 0 0 0 7 8 40 27 47 36 22 1 8 43 0 11 32 17 27 45 15 6 19 25 0 70 78 74 2 0 0 0 71 30 50 0 0 48 80 16 13 44 61 17 82 80 83 83 0 1 71 95 21 40 0 0 13 44 15 0 59 97 77 70 17 8 23 82 91 14 0 9 1 90 0 0 83 86 18 0 65 21 35 37 0 44 58 24 
45 9 0 0 0 80 59 0 85 39 70 34 92 22 64 99 13 3 0 54 4 35 43 71 6 94 76 14 36 89 34 0 0 39 0 77 95 0 0 56 0 40 96 70 64 86 46 67 74 28 92 44 4 20 0 39 59 72 52 0 72 96 69 0 86 91 44 13 0 87 53 80 94 68 83 28 16 64 4 21 16 56 0 67 3 36 91 25 70 37 0 0 44 88 74 73 76 100 81 0 
16 92 12 61 88 24 83 46 0 39 34 79 59 15 0 14 95 73 44 74 68 92 37 27 97 60 12 0 18 18 36 89 33 100 14 37 44 68 92 68 0 20 0 34 35 0 80 44 69 87 63 9 92 38 88 4 5 65 83 0 67 43 0 48 49 0 71 44 87 0 23 14 95 39 54 86 57 44 29 0 88 49 78 53 24 33 32 4 93 30 96 18 12 0 23 65 79 73 68 56 
59 21 0 0 0 38 0 90 47 8 31 4 0 88 70 60 0 100 31 38 51 94 79 0 0 93 74 17 39 38 3 18 11 54 0 0 96 14 55 17 50 82 0 74 39 54 0 68 0 23 3 0 44 20 33 91 52 84 86 76 11 52 65 50 97 88 51 15 53 23 0 83 16 0 0 51 57 92 70 0 0 90 96 95 42 50 80 96 27 4 89 2 90 81 27 12 32 83 65 61 
29 79 47 0 14 0 1 84 0 85 61 96 89 97 32 17 96 88 0 30 47 87 0 23 24 92 52 19 3 0 86 21 0 67 18 52 0 92 47 81 88 75 66 0 88 70 25 57 11 0 45 0 0 45 0 15 100 88 21 61 0 49 75 63 0 48 79 0 80 14 83 0 87 0 0 5 15 98 23 0 6 60 77 0 77 0 21 9 35 83 24 19 38 34 81 0 94 64 0 0 
77 0 29 99 100 28 22 92 0 17 93 11 18 0 44 7 0 49 26 0 94 0 19 66 0 0 23 26 0 0 66 67 81 0 50 65 64 39 91 43 46 84 59 96 43 0 7 0 6 19 60 4 7 1 0 0 31 90 50 56 74 20 36 0 35 18 32 59 94 95 16 87 0 9 28 94 44 79 50 0 40 0 93 62 2 69 56 2 47 34 88 86 83 19 96 57 71 88 44 17 
61 24 23 8 5 86 76 43 76 0 13 51 5 4 92 11 42 78 49 53 53 73 96 4 94 14 35 0 73 68 0 90 68 30 47 70 0 0 69 53 0 92 0 0 0 12 76 22 19 56 77 42 0 73 97 0 25 39 50 57 62 93 55 93 50 15 100 97 68 39 0 0 9 0 0 43 11 76 27 0 84 40 0 0 61 6 0 75 92 62 78 96 44 7 35 88 14 42 37 0 
32 52 62 5 76 72 28 0 7 80 93 38 14 22 21 38 0 0 15 29 0 79 93 59 0 0 74 0 54 0 25 64 91 20 19 31 0 0 0 63 14 0 59 7 0 22 97 80 0 83 21 0 0 59 0 1 86 0 0 55 74 18 10 62 22 58 0 77 83 54 0 0 28 0 0 62 3 72 58 95 36 0 72 3 0 39 37 83 49 88 66 0 12 11 36 84 100 29 78 59 
0 84 20 82 4 1 46 9 7 30 71 82 90 97 0 60 77 9 0 47 0 0 72 50 34 98 43 26 37 69 24 34 77 53 89 11 38 21 74 55 0 24 96 24 11 57 51 94 0 94 9 27 57 19 3 95 1 34 22 0 23 9 17 0 59 59 66 70 28 86 51 5 94 43 62 0 49 48 25 25 0 80 66 12 41 0 77 27 20 94 12 31 79 44 88 75 15 38 50 12 
0 0 34 12 12 7 0 60 0 31 3 90 0 0 52 0 54 34 38 21 10 98 11 61 53 95 50 73 48 93 51 31 54 10 0 40 66 20 82 37 73 12 91 0 0 25 0 91 30 0 41 33 83 36 16 40 88 50 0 42 42 43 75 38 41 50 85 17 16 57 57 15 44 11 3 49 0 8 70 95 80 0 97 66 0 26 50 0 31 92 46 8 0 84 0 9 80 40 29 58 
22 81 3 54 40 18 22 58 51 88 38 52 56 78 83 75 76 25 6 87 60 89 82 99 73 28 66 64 63 36 14 78 9 77 0 44 6 47 26 24 0 31 51 83 1 99 6 7 34 67 73 20 79 36 98 80 23 3 94 63 71 18 99 18 35 96 0 8 64 44 92 98 79 76 72 48 8 0 0 0 76 18 61 40 0 29 34 39 13 65 73 86 0 50 0 20 0 32 11 81 
0 95 44 64 0 0 62 0 0 1 49 98 13 55 68 25 49 5 59 52 88 67 80 48 0 5 0 0 72 0 50 80 47 37 68 21 25 0 7 53 12 0 1 38 78 7 74 37 13 35 53 64 12 0 29 0 17 11 26 1 66 33 0 85 33 51 38 23 4 29 70 23 50 27 58 25 70 0 0 4 25 41 51 84 64 0 27 71 43 37 33 0 53 61 0 40 31 26 43 56 
0 49 3 0 90 36 59 78 79 60 83 0 67 11 0 0 41 64 88 7 79 16 0 77 56 78 0 45 68 0 78 51 17 32 51 18 0 25 78 52 0 0 40 84 19 87 0 57 14 4 99 61 31 2 10 58 75 82 0 31 0 75 0 29 65 0 29 82 21 0 0 0 0 0 95 25 95 0 4 0 47 0 0 52 68 2 26 85 84 0 8 38 35 0 0 0 35 52 65 65 
9 0 0 0 92 10 0 70 80 62 0 0 3 12 53 29 89 17 4 0 0 78 65 90 0 0 62 91 16 11 33 20 11 82 0 47 46 55 76 67 50 0 0 28 71 45 0 41 97 38 52 30 0 0 0 51 49 20 77 0 83 85 0 44 63 47 0 91 16 88 0 6 40 84 36 0 80 76 25 47 0 0 86 0 75 3 11 90 59 31 5 100 0 81 82 54 71 86 44 90 
41 0 0 61 8 97 67 13 70 0 31 0 42 62 55 97 2 63 22 0 81 0 24 88 100 0 42 50 10 45 51 0 81 56 3 0 0 83 82 0 58 0 0 0 0 80 11 0 0 17 28 0 67 96 23 0 41 3 56 51 0 77 0 53 27 30 0 14 56 49 90 60 0 40 0 80 0 18 41 0 0 0 62 0 32 14 56 0 54 9 83 91 19 60 44 37 46 14 0 0 
27 19 21 87 61 0 97 0 9 28 46 0 77 0 33 0 10 31 81 0 62 69 9 75 27 13 39 99 0 45 78 38 42 14 7 0 40 29 29 4 0 17 88 58 99 45 77 100 10 80 0 0 14 49 19 80 82 47 0 36 26 51 0 100 47 96 29 0 0 78 96 77 93 0 72 66 97 61 51 0 86 62 0 7 91 41 33 73 0 32 72 33 90 12 53 71 0 64 50 56 
28 47 26 33 0 4 55 59 30 14 61 93 92 95 39 98 23 43 0 81 100 19 55 63 17 0 53 94 33 61 45 57 0 48 0 0 0 24 60 40 12 71 20 73 22 99 78 0 0 15 40 0 48 63 0 0 51 0 89 67 89 61 86 8 4 73 4 9 67 53 95 0 62 0 3 12 66 40 84 52 0 0 7 0 24 0 77 0 0 90 0 58 36 16 40 74 12 34 87 68 
41 55 11 39 17 74 17 65 0 70 22 90 0 95 50 28 87 55 0 9 0 83 19 0 30 93 41 71 22 33 21 88 26 88 37 0 14 92 0 25 27 19 60 22 27 30 95 64 21 79 92 52 4 9 94 0 68 40 35 0 49 63 21 83 51 34 48 1 3 24 42 77 2 61 0 41 0 0 64 68 75 32 91 24 0 65 48 20 3 25 47 14 76 4 46 35 54 20 37 71 
100 0 42 94 15 74 65 0 4 20 12 29 12 97 93 86 75 81 0 20 95 0 87 50 19 0 30 0 79 0 95 36 85 8 85 4 16 1 56 20 90 0 60 11 23 81 29 0 0 98 65 0 86 0 0 0 75 25 89 0 87 0 98 99 29 0 72 90 36 33 50 0 69 6 39 0 26 29 0 2 3 14 41 0 65 0 0 83 47 79 9 72 0 64 56 22 5 26 91 95 
77 11 0 83 49 9 95 41 0 81 28 14 21 19 68 53 39 62 53 37 70 95 0 0 28 100 50 16 84 0 75 44 0 38 49 75 97 83 5 99 73 78 58 38 6 10 65 59 0 58 76 89 64 28 79 0 59 80 76 70 3 29 42 9 0 56 10 0 91 32 80 21 56 0 37 77 50 34 27 26 11 56 33 77 48 0 0 54 37 80 69 14 85 97 72 52 78 99 70 0 
71 75 0 18 83 91 44 89 95 76 35 0 48 14 42 24 4 94 100 96 35 0 98 94 30 24 86 53 0 43 97 68 92 49 27 77 23 92 36 0 0 75 80 38 30 86 0 58 45 85 89 18 42 60 20 13 0 25 0 85 37 13 39 48 0 60 80 0 25 4 96 9 2 75 83 27 0 39 71 85 90 0 73 0 20 83 54 0 4 74 46 28 0 19 35 100 49 0 45 6 
0 21 11 10 82 16 29 64 45 99 34 88 26 55 75 40 63 25 42 71 70 13 51 0 50 95 7 6 64 0 58 78 91 3 44 72 72 19 34 24 0 71 54 7 59 45 76 52 51 17 31 0 72 3 95 34 97 33 0 53 31 5 87 59 0 71 21 83 70 93 27 35 47 92 49 20 31 13 43 84 59 54 0 0 3 47 37 4 0 44 82 36 31 60 46 21 8 39 99 71 
68 38 93 36 58 4 35 58 0 0 0 84 28 0 52 96 74 96 73 81 36 39 64 55 17 58 60 20 78 0 73 41 75 69 82 0 33 74 50 70 6 89 19 0 34 75 0 32 0 63 48 81 32 71 0 96 30 0 68 97 99 79 84 35 68 42 34 86 37 30 4 83 34 62 88 94 92 65 37 0 31 9 32 90 25 79 80 74 44 0 56 5 26 18 43 38 69 0 6 88 
3 6 23 67 28 66 48 4 81 76 37 0 84 63 67 85 73 19 0 36 37 5 56 4 0 51 6 84 0 75 86 1 53 91 20 65 1 61 27 80 8 77 54 24 80 65 53 95 22 75 29 11 76 38 68 32 87 84 0 97 76 73 0 61 89 33 81 18 0 96 89 24 88 78 66 12 46 73 33 8 5 83 72 0 47 9 69 46 82 56 0 100 21 0 16 18 49 0 0 33 
20 39 20 0 0 7 18 71 21 0 57 2 37 75 24 62 45 88 0 84 50 45 97 14 6 0 51 0 76 94 96 0 25 93 30 87 90 75 27 14 0 99 69 15 24 2 0 40 13 0 71 0 90 69 37 60 0 25 98 20 14 18 11 69 0 63 81 0 0 18 2 19 86 96 0 31 8 86 0 38 100 91 33 58 14 72 14 28 36 5 100 0 0 34 0 7 66 51 11 79 
51 0 98 0 98 93 60 71 81 34 75 23 1 51 98 0 79 84 61 19 0 14 54 46 0 94 24 0 0 72 73 62 95 22 97 72 4 17 53 64 15 42 0 13 26 6 49 48 47 75 54 91 9 44 0 69 73 60 72 0 86 82 77 59 0 40 33 65 44 12 90 38 83 44 12 79 0 0 53 35 0 19 90 36 76 0 85 0 31 26 21 0 0 71 0 18 53 23 58 81 
76 67 93 20 0 32 72 51 14 2 81 83 2 92 27 76 64 55 46 93 9 75 0 24 44 9 59 0 78 0 59 22 33 47 0 52 36 80 87 72 72 8 79 38 39 45 34 66 71 6 11 80 30 8 60 6 60 51 44 0 1 74 94 57 40 55 19 21 88 0 81 34 19 7 11 44 84 50 61 0 81 60 12 16 4 64 97 19 60 18 0 34 71 0 64 64 28 87 40 18 
35 7 75 62 40 0 58 67 75 42 96 44 0 70 92 50 54 1 9 3 20 2 11 98 53 78 22 10 31 83 8 62 5 58 22 94 25 10 19 0 0 16 68 7 69 95 44 99 94 4 34 32 26 12 75 24 0 25 62 8 4 11 0 62 62 0 0 35 74 23 27 81 96 35 36 88 0 0 0 0 82 44 53 40 46 56 72 35 46 43 16 0 0 64 0 10 43 0 73 85 
21 0 3 79 0 46 0 39 93 100 59 24 85 87 41 94 0 12 80 76 75 51 21 37 100 45 82 89 0 67 45 60 58 0 0 0 0 91 31 41 78 56 2 49 64 35 76 44 0 52 56 76 32 41 11 92 64 58 40 24 27 0 31 48 63 90 17 37 73 65 12 0 57 88 84 75 9 20 40 0 54 37 71 74 35 22 52 100 21 38 18 7 18 64 10 0 58 0 62 21 
0 31 50 0 49 24 80 30 33 8 86 19 52 0 71 29 31 36 97 0 60 0 51 21 47 16 99 18 96 31 65 6 59 55 17 0 17 81 62 99 0 57 0 65 22 66 22 0 61 28 61 37 97 8 15 20 30 35 20 80 77 83 54 25 88 0 98 0 76 79 32 94 71 14 100 15 80 0 31 35 71 46 0 12 54 5 78 49 8 69 49 66 53 28 43 58 0 0 0 0 
39 78 0 0 0 0 0 94 0 94 47 2 64 93 60 6 95 62 0 79 59 38 17 74 32 11 75 40 69 100 37 66 0 90 24 10 44 52 28 0 85 71 83 29 41 0 46 61 0 11 61 42 0 54 73 88 20 12 19 77 62 8 86 46 43 54 67 44 100 73 83 64 88 42 29 38 40 32 26 52 86 14 64 34 20 26 99 0 39 0 0 51 23 87 0 0 0 0 0 99 
40 44 95 0 52 0 50 76 82 94 67 18 85 0 48 69 27 89 69 0 0 69 74 0 32 0 0 80 0 0 29 20 75 67 36 4 14 24 78 0 19 55 82 91 21 34 26 49 57 64 70 77 17 58 55 87 46 73 85 95 76 34 60 0 88 3 3 58 81 68 65 0 44 37 78 50 29 11 43 65 44 0 50 87 37 91 70 45 99 6 0 11 58 40 73 62 0 0 0 0 
94 83 24 64 41 47 63 0 8 63 0 83 95 60 66 5 30 44 29 79 42 0 46 30 21 0 42 22 0 56 82 0 0 23 71 68 52 70 52 0 0 32 86 44 71 0 91 80 0 0 71 86 34 0 33 66 96 78 27 0 48 0 0 74 0 43 0 24 0 56 61 0 17 0 59 12 58 81 56 65 90 0 56 68 71 95 0 6 71 88 33 79 81 18 85 21 0 99 0 0 
