0 0 18 71 13 87 70 0 56 28 66 47 80 0 65 69 54 27 55 57 42 5 66 72 79 9 78 92 40 13 25 34 0 57 0 2 3 46 57 8 33 37 23 0 0 39 27 29 1 30 44 95 0 67 37 39 98 0 14 28 34 49 74 66 58 0 48 93 63 61 64 47 19 60 23 67 4 0 26 0 81 3 0 31 0 0 69 91 98 14 42 0 71 28 75 21 52 0 31 69 
0 0 6 0 52 0 88 0 39 86 39 95 0 65 11 76 97 52 81 0 10 65 24 91 72 57 25 61 0 73 0 40 11 18 92 83 64 0 32 22 99 0 52 0 14 35 41 0 9 0 50 26 14 19 4 65 0 82 0 40 0 86 40 12 61 15 27 48 84 72 4 31 71 45 22 32 0 91 29 79 28 29 88 69 45 83 56 18 57 0 32 20 58 29 35 1 33 87 32 27 
18 6 0 67 83 32 3 75 28 68 61 15 77 24 9 69 94 77 28 44 47 0 76 88 64 43 0 75 0 22 24 11 28 69 32 58 82 30 61 0 38 34 17 95 88 92 67 12 27 14 0 0 73 46 27 56 84 8 0 22 83 0 16 4 0 0 87 75 3 85 47 15 0 83 0 6 83 0 53 14 99 96 76 62 39 0 0 76 0 8 3 50 0 81 89 81 44 0 10 91 
71 0 67 0 17 91 70 0 63 89 0 72 38 97 0 37 87 55 90 88 76 9 53 17 86 65 25 43 82 14 1 44 55 0 90 45 0 0 71 35 31 22 0 46 37 91 0 36 86 5 12 27 77 60 71 0 47 41 24 50 19 92 0 45 0 31 100 15 0 40 71 34 95 0 73 61 45 0 58 0 68 9 10 21 15 13 0 18 71 5 9 0 36 62 100 24 76 68 74 34 
13 52 83 17 0 1 66 17 52 49 0 61 0 0 82 99 74 79 97 86 49 19 19 33 15 42 29 49 7 36 91 25 65 74 81 66 98 78 0 7 95 5 31 48 23 22 6 2 1 7 24 30 27 50 88 0 0 100 11 69 100 11 0 63 0 90 94 25 55 0 26 0 19 22 60 0 10 52 0 0 17 89 0 28 15 55 92 57 50 0 44 0 71 0 15 80 36 0 30 36 
87 0 32 91 1 0 68 0 0 42 40 17 52 43 0 6 83 0 98 6 7 43 56 0 2 73 0 79 87 15 98 84 28 19 97 99 34 83 0 49 88 68 71 3 74 47 20 0 5 38 83 57 3 30 48 26 61 43 0 60 67 17 89 41 72 2 22 7 89 32 84 54 47 0 16 0 98 51 87 0 45 53 97 9 32 51 100 47 6 9 18 66 44 0 45 0 25 36 36 48 
70 88 3 70 66 68 0 46 37 9 50 67 71 0 50 96 14 25 3 10 73 46 90 95 82 0 34 65 18 1 1 0 60 0 89 17 14 23 81 88 60 44 49 89 84 36 58 0 2 45 0 98 0 24 56 4 66 13 61 85 93 16 2 46 0 55 0 46 53 57 71 34 40 24 33 99 67 50 45 6 45 32 19 30 0 59 55 78 80 76 51 47 98 48 91 20 64 88 95 89 
0 0 75 0 17 0 46 0 0 17 0 3 17 0 26 95 78 27 41 0 100 3 46 60 80 59 71 9 34 8 62 24 0 30 81 13 0 92 39 55 4 6 74 76 71 0 76 0 1 98 8 50 0 23 0 67 60 45 0 45 87 0 11 77 44 75 93 18 32 44 82 0 76 53 53 0 0 81 87 0 42 64 0 60 0 66 22 0 66 53 0 0 88 94 52 27 58 94 48 70 
56 39 28 63 52 0 37 0 0 93 35 21 0 60 94 86 60 97 9 0 76 0 0 62 100 15 0 68 87 39 0 24 0 8 0 28 30 0 96 63 0 27 29 19 35 13 29 48 62 75 80 39 34 52 62 55 82 9 15 22 0 0 0 44 0 0 29 49 96 24 64 0 19 5 91 89 0 0 97 9 84 4 43 66 70 70 31 2 14 23 42 21 98 89 0 0 0 81 85 20 
28 86 68 89 49 42 9 17 93 0 0 80 77 49 78 0 92 78 26 0 35 16 38 100 57 26 40 57 70 0 61 59 90 14 74 11 76 56 62 37 43 32 72 0 30 49 0 0 69 40 54 5 0 93 26 35 58 78 97 1 29 31 0 0 24 0 88 88 13 44 0 25 69 73 35 2 30 4 25 79 60 92 10 84 0 0 0 19 11 0 0 98 22 17 62 100 30 62 35 0 
66 39 61 0 0 40 50 0 35 0 0 85 47 0 21 21 84 94 0 30 61 65 44 0 61 0 62 100 0 39 57 0 0 74 79 55 15 18 94 81 99 43 12 11 45 54 0 30 9 84 29 87 59 34 0 0 0 17 97 4 0 40 41 0 0 54 50 13 0 17 0 99 48 14 15 51 31 24 31 0 52 0 100 0 15 0 64 43 0 59 50 13 31 41 58 51 96 77 68 72 
47 95 15 72 61 17 67 3 21 80 85 0 35 36 26 27 35 93 61 2 83 14 45 18 0 91 22 26 4 90 74 9 16 26 66 75 57 75 99 8 12 90 88 25 41 90 0 57 70 96 55 26 62 64 5 13 37 59 21 1 0 95 45 95 75 0 50 40 57 13 74 32 24 38 37 23 17 0 84 95 76 35 42 0 52 0 0 67 72 23 27 0 63 66 45 89 55 98 67 24 
80 0 77 38 0 52 71 17 0 77 47 35 0 39 20 42 47 0 0 12 0 67 86 0 65 25 80 80 19 56 61 3 38 13 51 54 0 39 41 44 0 88 5 0 47 73 0 93 0 0 25 17 51 93 11 27 80 23 27 49 77 66 16 26 37 10 59 64 32 56 22 89 0 10 55 0 10 0 33 0 46 0 8 24 16 38 70 24 66 81 49 38 0 89 50 98 44 28 37 70 
0 65 24 97 0 43 0 0 60 49 0 36 39 0 3 28 49 0 54 0 74 65 54 26 89 0 0 28 0 64 85 21 83 24 93 14 0 57 12 90 57 4 0 0 33 71 68 64 53 0 39 0 32 8 55 37 40 0 96 16 37 0 52 0 35 0 0 0 0 36 2 44 32 4 29 80 12 72 26 0 61 70 0 15 62 0 0 75 0 5 82 0 91 2 77 0 15 90 34 99 
65 11 9 0 82 0 50 26 94 78 21 26 20 3 0 0 17 12 0 89 33 19 52 0 0 16 89 84 4 16 82 0 46 7 49 33 16 48 86 71 12 27 66 30 71 83 58 0 10 91 52 100 50 79 0 58 0 26 75 0 68 77 49 74 0 53 51 0 52 0 90 72 80 65 16 91 0 78 82 33 66 0 100 0 84 35 81 0 0 0 55 42 61 34 10 42 96 35 41 87 
69 76 69 37 99 6 96 95 86 0 21 27 42 28 0 0 3 90 74 44 40 7 48 0 0 0 95 0 0 98 12 90 89 0 40 24 19 25 80 32 16 28 64 48 0 20 8 13 6 52 0 77 71 26 68 29 0 13 77 0 86 89 91 44 0 55 75 84 38 90 0 0 69 31 79 0 79 0 0 0 94 90 0 0 0 0 79 0 60 22 0 24 11 77 7 30 29 0 3 32 
54 97 94 87 74 83 14 78 60 92 84 35 47 49 17 3 0 50 59 65 77 55 75 24 18 5 55 0 0 72 29 33 93 0 22 49 32 67 85 12 69 1 22 47 93 22 28 41 29 37 99 43 76 53 9 76 45 89 90 8 23 0 35 81 28 94 97 47 92 93 64 10 70 67 7 0 64 12 13 96 5 0 36 32 95 82 0 86 0 11 84 96 98 0 6 99 90 85 91 61 
27 52 77 55 79 0 25 27 97 78 94 93 0 0 12 90 50 0 100 57 96 51 0 0 0 26 94 92 0 87 1 6 23 81 66 85 39 36 78 73 88 18 7 0 53 0 14 5 30 1 55 40 0 0 1 0 0 52 44 4 0 33 38 0 24 42 98 9 56 0 49 60 47 93 42 0 6 60 18 94 71 0 99 36 88 88 28 54 19 80 54 23 80 58 25 0 47 94 55 0 
55 81 28 90 97 98 3 41 9 26 0 61 0 54 0 74 59 100 0 57 20 70 46 73 57 52 97 25 1 41 17 55 74 0 93 57 81 96 67 78 12 11 43 10 22 45 84 55 52 32 0 28 0 69 41 12 9 46 78 85 30 0 92 54 14 85 19 32 86 52 88 11 86 40 66 97 55 78 44 25 89 8 72 47 74 43 96 38 19 11 80 67 0 0 84 49 23 11 53 12 
57 0 44 88 86 6 10 0 0 0 30 2 12 0 89 44 65 57 57 0 0 61 31 69 39 50 23 32 79 50 75 62 94 12 70 71 47 89 0 96 7 0 92 68 67 69 39 0 58 89 14 65 33 0 89 37 0 28 0 21 80 0 0 0 0 0 0 82 61 82 67 99 75 91 43 0 27 40 4 66 40 76 52 84 84 0 0 44 0 0 51 96 85 11 95 19 48 26 64 29 
42 10 47 76 49 7 73 100 76 35 61 83 0 74 33 40 77 96 20 0 0 78 53 0 41 72 0 31 4 80 59 68 95 71 41 68 38 63 24 83 8 18 98 52 85 2 12 2 34 84 44 99 0 2 12 14 49 8 5 45 96 26 6 100 7 17 60 0 4 53 98 58 69 47 84 87 0 6 97 25 88 46 75 63 61 30 45 69 0 18 9 1 9 0 0 23 7 76 19 50 
5 65 0 9 19 43 46 3 0 16 65 14 67 65 19 7 55 51 70 61 78 0 34 0 39 62 77 5 73 23 78 73 31 20 38 85 100 59 0 53 61 85 36 81 62 9 52 91 97 0 23 78 86 24 13 74 0 58 22 60 97 69 8 22 83 70 0 66 88 27 8 64 94 76 75 0 4 87 87 68 8 63 84 2 65 14 45 98 69 0 83 21 38 27 98 20 59 46 26 13 
66 24 76 53 19 56 90 46 0 38 44 45 86 54 52 48 75 0 46 31 53 34 0 17 32 0 32 52 40 41 10 25 48 4 53 15 0 10 0 43 43 52 68 83 8 62 62 59 85 65 96 80 0 32 0 51 8 13 5 68 0 0 0 58 91 30 47 40 78 0 49 4 50 6 42 45 9 0 55 2 49 53 44 47 0 87 25 45 35 26 44 88 27 81 23 32 70 34 6 0 
72 91 88 17 33 0 95 60 62 100 0 18 0 26 0 0 24 0 73 69 0 0 17 0 7 38 0 44 0 65 0 0 70 89 96 73 17 81 53 92 81 86 34 94 53 33 21 53 27 10 19 97 51 3 0 11 54 0 8 66 66 81 0 56 0 79 0 0 50 61 14 0 63 21 10 17 26 0 37 75 69 100 0 17 1 11 48 42 38 49 72 0 46 95 7 10 10 0 64 56 
79 72 64 86 15 2 82 80 100 57 61 0 65 89 0 0 18 0 57 39 41 39 32 7 0 0 0 62 87 0 54 81 56 83 51 0 45 0 75 61 24 14 31 71 82 37 0 95 41 76 47 2 55 26 0 71 24 18 65 62 2 0 0 31 3 33 79 87 23 45 89 93 45 100 96 0 69 31 89 77 52 0 85 27 79 0 0 0 0 10 0 99 0 2 86 88 45 0 33 0 
9 57 43 65 42 73 0 59 15 26 0 91 25 0 16 0 5 26 52 50 72 62 0 38 0 0 93 70 52 66 45 79 78 9 30 34 3 0 0 73 74 71 80 30 56 39 96 88 45 0 0 50 76 69 88 33 11 93 75 7 49 71 0 35 98 41 93 23 66 78 50 39 75 10 24 0 80 49 14 0 79 0 61 16 29 23 23 39 0 91 48 43 66 36 85 0 65 15 4 73 
78 25 0 25 29 0 34 71 0 40 62 22 80 0 89 95 55 94 97 23 0 77 32 0 0 93 0 17 58 12 0 54 0 0 94 42 69 62 25 54 29 98 21 63 67 70 22 18 0 11 0 56 11 6 88 32 0 0 12 66 0 12 0 0 47 43 3 35 38 22 89 1 0 0 57 35 54 86 7 65 68 62 4 87 55 68 25 66 4 70 16 72 32 2 4 20 67 0 83 21 
92 61 75 43 49 79 65 9 68 57 100 26 80 28 84 0 0 92 25 32 31 5 52 44 62 70 17 0 0 40 0 73 98 59 28 37 14 96 55 90 65 43 92 56 63 9 86 4 43 36 0 88 46 65 71 73 41 53 90 35 22 5 0 60 89 65 18 14 83 89 13 7 3 0 0 0 0 0 10 5 67 60 0 76 27 46 75 30 60 56 7 80 0 26 74 0 33 30 21 52 
40 0 0 82 7 87 18 34 87 70 0 4 19 0 4 0 0 0 1 79 4 73 40 0 87 52 58 0 0 0 27 65 25 14 18 62 90 53 2 42 0 10 96 72 57 73 0 99 10 81 23 62 11 0 83 0 4 18 25 0 13 0 70 28 72 33 56 66 4 0 0 89 60 0 0 0 1 0 0 39 93 24 34 9 0 0 0 2 15 0 0 89 47 79 33 90 21 22 76 32 
13 73 22 14 36 15 1 8 39 0 39 90 56 64 16 98 72 87 41 50 80 23 41 65 0 66 12 40 0 0 82 4 88 35 65 60 13 49 44 91 89 64 55 92 19 52 100 8 34 45 81 42 0 68 99 20 12 48 87 0 2 45 7 79 4 0 63 82 8 21 31 45 12 14 74 17 0 21 22 77 87 67 15 26 100 0 64 72 54 14 56 26 64 38 55 1 41 44 33 0 
25 0 24 1 91 98 1 62 0 61 57 74 61 85 82 12 29 1 17 75 59 78 10 0 54 45 0 0 27 82 0 0 91 36 31 35 2 33 29 8 0 61 40 9 18 56 94 74 57 23 0 0 20 0 47 29 0 65 0 57 23 24 5 15 55 77 63 68 86 56 59 70 0 28 39 16 55 0 55 23 98 0 3 36 58 42 5 0 88 4 90 25 99 39 52 52 27 60 0 42 
34 40 11 44 25 84 0 24 24 59 0 9 3 21 0 90 33 6 55 62 68 73 25 0 81 79 54 73 65 4 0 0 35 27 98 99 28 5 94 23 2 69 46 52 6 89 57 79 23 0 11 79 43 56 12 35 24 44 43 64 23 26 6 61 73 18 62 92 0 50 74 71 69 95 70 0 0 21 48 88 99 0 92 24 82 44 0 4 31 85 26 7 77 0 35 100 25 100 12 40 
0 11 28 55 65 28 60 0 0 90 0 16 38 83 46 89 93 23 74 94 95 31 48 70 56 78 0 98 25 88 91 35 0 0 90 0 0 21 0 65 0 80 76 90 21 53 53 0 55 95 0 90 46 86 0 0 0 29 2 10 94 93 42 81 98 67 20 72 0 98 9 29 5 29 55 31 26 49 50 0 100 0 87 34 37 86 0 33 40 0 61 19 0 0 0 76 77 89 47 22 
57 18 69 0 74 19 0 30 8 14 74 26 13 24 7 0 0 81 0 12 71 20 4 89 83 9 0 59 14 35 36 27 0 0 81 20 57 26 72 63 41 30 12 82 97 49 61 16 12 1 0 22 0 65 0 82 27 88 21 44 22 42 97 27 5 69 31 49 61 0 63 20 75 33 0 87 53 76 80 42 22 0 0 43 0 0 0 85 26 0 4 0 70 51 95 58 75 100 53 23 
0 92 32 90 81 97 89 81 0 74 79 66 51 93 49 40 22 66 93 70 41 38 53 96 51 30 94 28 18 65 31 98 90 81 0 24 0 27 57 95 100 87 25 87 47 40 0 0 0 96 0 4 0 2 77 0 0 97 83 44 2 61 69 36 80 73 100 0 57 21 0 50 28 52 91 65 88 54 22 13 55 3 0 77 45 36 53 40 45 23 38 31 0 92 16 0 45 0 38 57 
2 83 58 45 66 99 17 13 28 11 55 75 54 14 33 24 49 85 57 71 68 85 15 73 0 34 42 37 62 60 35 99 0 20 24 0 56 82 0 28 0 38 0 32 77 18 15 89 24 72 0 52 61 28 42 44 55 68 42 47 2 1 68 89 82 29 59 15 0 95 0 95 19 36 27 4 45 63 28 48 79 72 67 17 72 92 66 3 0 54 79 4 24 71 92 65 16 4 36 43 
3 64 82 0 98 34 14 0 30 76 15 57 0 0 16 19 32 39 81 47 38 100 0 17 45 3 69 14 90 13 2 28 0 57 0 56 0 0 58 61 0 0 48 8 45 6 76 100 73 22 0 0 68 55 75 5 65 15 69 0 28 65 25 42 0 0 60 0 15 64 89 25 68 84 80 95 49 14 55 99 0 31 12 22 32 88 66 33 24 49 41 0 91 49 3 47 65 0 36 21 
46 0 30 0 78 83 23 92 0 56 18 75 39 57 48 25 67 36 96 89 63 59 10 81 0 0 62 96 53 49 33 5 21 26 27 82 0 0 84 49 69 32 64 0 13 0 0 71 0 80 0 23 47 89 21 90 53 77 30 31 44 43 0 6 58 0 0 0 39 13 3 79 0 0 62 0 28 0 0 37 1 17 73 97 7 73 16 14 58 84 32 86 43 0 33 68 0 0 100 12 
57 32 61 71 0 0 81 39 96 62 94 99 41 12 86 80 85 78 67 0 24 0 0 53 75 0 25 55 2 44 29 94 0 72 57 0 58 84 0 41 6 0 64 20 0 0 53 63 38 70 9 34 85 70 0 41 59 0 90 31 0 46 54 39 80 0 8 73 79 9 59 46 72 40 83 62 86 48 0 76 48 27 0 0 0 40 38 67 0 0 31 0 29 61 44 57 2 6 35 6 
8 22 0 35 7 49 88 55 63 37 81 8 44 90 71 32 12 73 78 96 83 53 43 92 61 73 54 90 42 91 8 23 65 63 95 28 61 49 41 0 37 2 80 31 27 44 78 0 25 96 7 55 78 0 56 72 46 91 27 80 0 51 97 0 63 93 0 27 0 43 32 0 0 49 37 56 52 63 0 0 18 84 61 93 0 32 87 71 95 36 0 2 0 36 0 30 10 63 16 31 
33 99 38 31 95 88 60 4 0 43 99 12 0 57 12 16 69 88 12 7 8 61 43 81 24 74 29 65 0 89 0 2 0 41 100 0 0 69 6 37 0 42 87 0 64 0 29 31 63 56 58 94 7 32 19 78 90 66 95 0 55 45 89 73 41 10 33 83 0 26 34 88 95 87 73 14 73 0 86 6 99 87 11 96 100 33 9 38 14 90 93 51 0 28 24 97 48 0 0 2 
37 0 34 22 5 68 44 6 27 32 43 90 88 4 27 28 1 18 11 0 18 85 52 86 14 71 98 43 10 64 61 69 80 30 87 38 0 32 0 2 42 0 52 0 65 4 31 13 79 12 24 45 0 9 50 24 9 33 0 56 0 97 26 85 86 0 35 91 30 69 0 21 26 63 27 0 33 83 0 52 80 98 0 12 83 87 0 96 39 51 88 50 0 87 71 57 7 37 97 0 
23 52 17 0 31 71 49 74 29 72 12 88 5 0 66 64 22 7 43 92 98 36 68 34 31 80 21 92 96 55 40 46 76 12 25 0 48 64 64 80 87 52 0 44 60 61 11 23 54 13 50 43 39 36 0 61 53 0 91 42 7 62 0 76 35 18 89 64 91 17 84 81 70 52 66 10 1 0 0 95 14 0 50 46 0 0 22 34 85 10 71 18 12 86 59 70 0 87 2 29 
0 0 95 46 48 3 89 76 19 0 11 25 0 0 30 48 47 0 10 68 52 81 83 94 71 30 63 56 72 92 9 52 90 82 87 32 8 0 20 31 0 0 44 0 82 29 32 77 82 11 44 96 0 0 0 99 84 0 42 0 78 0 9 0 80 38 10 10 42 83 42 69 86 2 85 0 39 62 0 57 42 76 95 50 34 13 0 0 39 42 84 11 33 13 75 7 51 0 4 98 
0 14 88 37 23 74 84 71 35 30 45 41 47 33 71 0 93 53 22 67 85 62 8 53 82 56 67 63 57 19 18 6 21 97 47 77 45 13 0 27 64 65 60 82 0 0 85 2 94 8 72 39 15 26 0 86 70 87 15 37 75 65 21 16 22 21 24 92 0 62 5 3 19 70 70 0 46 0 11 43 21 35 2 19 14 83 74 75 58 5 35 0 12 41 7 22 28 4 90 64 
39 35 92 91 22 47 36 0 13 49 54 90 73 71 83 20 22 0 45 69 2 9 62 33 37 39 70 9 73 52 56 89 53 49 40 18 6 0 0 44 0 4 61 29 0 0 32 48 41 5 43 14 60 67 74 66 0 54 32 21 2 44 29 45 18 15 0 0 61 26 17 60 60 54 26 15 23 0 0 0 4 86 7 60 97 87 89 55 24 0 54 68 24 82 6 19 92 76 69 88 
27 41 67 0 6 20 58 76 29 0 0 0 0 68 58 8 28 14 84 39 12 52 62 21 0 96 22 86 0 100 94 57 53 61 0 15 76 0 53 78 29 31 11 32 85 32 0 43 43 74 70 7 12 29 67 61 29 10 85 89 0 53 72 0 0 95 74 13 66 65 46 0 0 61 59 25 14 48 0 1 98 31 49 0 0 81 0 97 18 15 35 91 0 60 86 28 0 52 0 3 
29 0 12 36 2 0 0 0 48 0 30 57 93 64 0 13 41 5 55 0 2 91 59 53 95 88 18 4 99 8 74 79 0 16 0 89 100 71 63 0 31 13 23 77 2 48 43 0 56 2 57 71 0 22 0 68 75 76 0 20 51 69 60 30 95 8 99 23 66 45 0 63 2 24 63 60 0 71 65 0 0 72 47 53 46 71 5 9 12 0 49 79 76 95 99 49 83 93 39 27 
1 9 27 86 1 5 2 1 62 69 9 70 0 53 10 6 29 30 52 58 34 97 85 27 41 45 0 43 10 34 57 23 55 12 0 24 73 0 38 25 63 79 54 82 94 41 43 56 0 52 45 64 24 0 31 5 92 0 82 71 37 1 88 40 45 0 39 86 74 31 60 92 60 25 72 7 44 0 42 73 55 73 97 89 24 3 47 71 34 8 0 100 20 27 1 42 78 9 85 0 
30 0 14 5 7 38 45 98 75 40 84 96 0 0 91 52 37 1 32 89 84 0 65 10 76 0 11 36 81 45 23 0 95 1 96 72 22 80 70 96 56 12 13 11 8 5 74 2 52 0 92 62 8 54 59 99 39 66 50 100 10 7 94 62 96 78 25 82 20 68 11 67 99 30 31 76 0 6 0 74 25 0 97 0 99 89 79 44 29 93 96 8 94 91 65 45 15 5 80 45 
44 50 0 12 24 83 0 8 80 54 29 55 25 39 52 0 99 55 0 14 44 23 96 19 47 0 0 0 23 81 0 11 0 0 0 0 0 0 9 7 58 24 50 44 72 43 70 57 45 92 0 0 55 20 93 55 96 73 46 72 99 98 79 0 49 69 67 41 0 0 25 31 29 0 0 8 84 59 52 79 37 12 76 0 12 0 41 42 40 0 6 0 47 29 59 90 34 56 16 7 
95 26 0 27 30 57 98 50 39 5 87 26 17 0 100 77 43 40 28 65 99 78 80 97 2 50 56 88 62 42 0 79 90 22 4 52 0 23 34 55 94 45 43 96 39 14 7 71 64 62 0 0 25 43 38 31 0 85 43 40 96 95 69 14 43 59 45 81 6 82 0 0 75 62 1 7 22 72 67 15 0 1 44 6 65 0 94 32 0 39 89 45 15 77 72 11 36 0 17 22 
0 14 73 77 27 3 0 0 34 0 59 62 51 32 50 71 76 0 0 33 0 86 0 51 55 76 11 46 11 0 20 43 46 0 0 61 68 47 85 78 7 0 39 0 15 60 12 0 24 8 55 25 0 99 82 64 10 3 0 0 0 14 56 39 76 81 0 81 72 48 27 93 0 5 0 93 63 100 79 1 65 83 0 71 0 12 50 23 81 53 53 24 4 0 15 48 29 93 35 38 
67 19 46 60 50 30 24 23 52 93 34 64 93 8 79 26 53 0 69 0 2 24 32 3 26 69 6 65 0 68 0 56 86 65 2 28 55 89 70 0 32 9 36 0 26 67 29 22 0 54 20 43 99 0 98 40 77 97 71 13 54 32 31 0 70 92 91 65 46 0 32 85 95 98 42 48 7 79 51 0 1 72 73 0 56 57 0 52 19 86 88 19 72 19 85 43 0 72 32 42 
37 4 27 71 88 48 56 0 62 26 0 5 11 55 0 68 9 1 41 89 12 13 0 0 0 88 88 71 83 99 47 12 0 0 77 42 75 21 0 56 19 50 0 0 0 74 67 0 31 59 93 38 82 98 0 65 50 81 9 29 79 40 1 0 41 70 60 62 73 87 55 0 35 32 18 0 32 93 79 59 4 0 87 82 0 24 46 21 31 69 73 42 67 72 61 48 73 67 10 72 
39 65 56 0 0 26 4 67 55 35 0 13 27 37 58 29 76 0 12 37 14 74 51 11 71 33 32 73 0 20 29 35 0 82 0 44 5 90 41 72 78 24 61 99 86 66 61 68 5 99 55 31 64 40 65 0 56 18 90 55 80 70 100 19 13 7 50 79 0 90 26 0 36 5 10 17 55 0 29 22 90 49 54 22 25 26 0 0 36 91 41 46 94 50 35 48 95 44 89 42 
98 0 84 47 0 61 66 60 82 58 0 37 80 40 0 0 45 0 9 0 49 0 8 54 24 11 0 41 4 12 0 24 0 27 0 55 65 53 59 46 90 9 53 84 70 0 29 75 92 39 96 0 10 77 50 56 0 14 73 51 13 59 0 82 0 84 0 98 81 88 25 0 4 53 0 59 18 34 0 3 29 0 50 99 45 5 0 91 99 50 0 55 0 50 31 86 0 40 72 77 
0 82 8 41 100 43 13 45 9 78 17 59 23 0 26 13 89 52 46 28 8 58 13 0 18 93 0 53 18 48 65 44 29 88 97 68 15 77 0 91 66 33 0 0 87 54 10 76 0 66 73 85 3 97 81 18 14 0 57 5 37 0 34 46 0 76 0 0 97 74 34 0 99 55 24 84 0 26 77 41 92 0 29 32 46 35 54 0 0 77 46 10 59 98 42 34 0 49 3 79 
14 0 0 24 11 0 61 0 15 97 97 21 27 96 75 77 90 44 78 0 5 22 5 8 65 75 12 90 25 87 0 43 2 21 83 42 69 30 90 27 95 0 91 42 15 32 85 0 82 50 46 43 0 71 9 90 73 57 0 0 0 89 0 75 46 0 38 0 33 32 19 15 71 0 46 0 100 45 75 22 49 65 17 100 0 53 59 9 91 45 96 67 33 54 61 0 14 0 0 63 
28 40 22 50 69 60 85 45 22 1 4 1 49 16 0 0 8 4 85 21 45 60 68 66 62 7 66 35 0 0 57 64 10 44 44 47 0 31 31 80 0 56 42 0 37 21 89 20 71 100 72 40 0 13 29 55 51 5 0 0 0 0 93 95 0 0 22 45 31 4 91 28 67 25 15 77 71 78 28 64 74 67 63 0 0 58 65 75 93 88 33 21 0 66 40 47 8 88 40 22 
34 0 83 19 100 67 93 87 0 29 0 0 77 37 68 86 23 0 30 80 96 97 0 66 2 49 0 22 13 2 23 23 94 22 2 2 28 44 0 0 55 0 7 78 75 2 0 51 37 10 99 96 0 54 79 80 13 37 0 0 0 98 72 88 56 46 28 0 10 69 23 47 2 58 94 12 64 12 20 16 43 37 53 74 0 0 0 16 86 0 62 78 66 70 35 48 16 9 36 99 
49 86 0 92 11 17 16 0 0 31 40 95 66 0 77 89 0 33 0 0 26 69 0 81 0 71 12 5 0 45 24 26 93 42 61 1 65 43 46 51 45 97 62 0 65 44 53 69 1 7 98 95 14 32 40 70 59 0 89 0 98 0 92 15 57 54 24 46 45 17 48 72 48 84 36 57 59 90 5 33 83 81 89 0 45 40 21 8 21 79 0 77 62 70 82 30 77 93 27 77 
74 40 16 0 0 89 2 11 0 0 41 45 16 52 49 91 35 38 92 0 6 8 0 0 0 0 0 0 70 7 5 6 42 97 69 68 25 0 54 97 89 26 0 9 21 29 72 60 88 94 79 69 56 31 1 100 0 34 0 93 72 92 0 0 0 19 0 97 51 55 20 5 67 0 84 66 15 65 16 1 26 32 30 0 37 11 42 52 67 0 94 50 0 86 67 64 0 27 91 88 
66 12 4 45 63 41 46 77 44 0 0 95 26 0 74 44 81 0 54 0 100 22 58 56 31 35 0 60 28 79 15 61 81 27 36 89 42 6 39 0 73 85 76 0 16 45 0 30 40 62 0 14 39 0 0 19 82 46 75 95 88 15 0 0 93 95 0 0 0 39 87 90 22 96 91 6 84 79 0 68 19 4 86 47 0 0 0 93 9 37 93 96 16 0 14 55 8 83 3 96 
58 61 0 0 0 72 0 44 0 24 0 75 37 35 0 0 28 24 14 0 7 83 91 0 3 98 47 89 72 4 55 73 98 5 80 82 0 58 80 63 41 86 35 80 22 18 0 95 45 96 49 43 76 70 41 13 0 0 46 0 56 57 0 93 0 39 0 38 0 36 98 82 0 11 66 0 0 82 77 0 100 0 60 50 0 56 20 89 34 65 0 7 10 28 0 53 40 50 81 30 
0 15 0 31 90 2 55 75 0 0 54 0 10 0 53 55 94 42 85 0 17 70 30 79 33 41 43 65 33 0 77 18 67 69 73 29 0 0 0 93 10 0 18 38 21 15 95 8 0 78 69 59 81 92 70 7 84 76 0 0 46 54 19 95 39 0 34 0 0 72 4 0 0 97 7 0 87 79 65 0 65 77 99 79 23 6 10 34 49 77 84 80 96 34 91 13 99 12 0 0 
48 27 87 100 94 22 0 93 29 88 50 50 59 0 51 75 97 98 19 0 60 0 47 0 79 93 3 18 56 63 63 62 20 31 100 59 60 0 8 0 33 35 89 10 24 0 74 99 39 25 67 45 0 91 60 50 0 0 38 22 28 24 0 0 0 34 0 0 45 60 44 44 0 39 52 28 31 0 38 35 47 76 99 43 61 0 0 82 81 46 55 0 0 0 66 48 13 66 76 12 
93 48 75 15 25 7 46 18 49 88 13 40 64 0 0 84 47 9 32 82 0 66 40 0 87 23 35 14 66 82 68 92 72 49 0 15 0 0 73 27 83 91 64 10 92 0 13 23 86 82 41 81 81 65 62 79 98 0 0 45 0 46 97 0 38 0 0 0 37 92 8 96 38 53 0 0 0 7 9 94 49 0 45 12 0 0 70 91 56 27 91 42 20 31 24 91 88 62 0 68 
63 84 3 0 55 89 53 32 96 13 0 57 32 0 52 38 92 56 86 61 4 88 78 50 23 66 38 83 4 8 86 0 0 61 57 0 15 39 79 0 0 30 91 42 0 61 66 66 74 20 0 6 72 46 73 0 81 97 33 31 10 45 51 0 0 0 45 37 0 37 65 100 20 97 55 58 47 62 95 34 38 0 90 0 0 32 0 43 0 0 71 82 40 18 9 0 37 0 22 88 
61 72 85 40 0 32 57 44 24 44 17 13 56 36 0 90 93 0 52 82 53 27 0 61 45 78 22 89 0 21 56 50 98 0 21 95 64 13 9 43 26 69 17 83 62 26 65 45 31 68 0 82 48 0 87 90 88 74 32 4 69 17 55 39 36 72 60 92 37 0 84 53 81 14 21 73 7 0 4 26 44 0 78 38 24 55 0 95 0 18 61 1 0 0 1 67 54 5 41 96 
64 4 47 71 26 84 71 82 64 0 0 74 22 2 90 0 64 49 88 67 98 8 49 14 89 50 89 13 0 31 59 74 9 63 0 0 89 3 59 32 34 0 84 42 5 17 46 0 60 11 25 0 27 32 55 26 25 34 19 91 23 48 20 87 98 4 44 8 65 84 0 3 9 71 29 6 73 56 82 17 50 71 0 72 99 63 69 24 23 73 13 0 21 0 59 90 0 22 48 54 
47 31 15 34 0 54 34 0 0 25 99 32 89 44 72 0 10 60 11 99 58 64 4 0 93 39 1 7 89 45 70 71 29 20 50 95 25 79 46 0 88 21 81 69 3 60 0 63 92 67 31 0 93 85 0 0 0 0 15 28 47 72 5 90 82 0 44 96 100 53 3 0 98 9 24 0 14 0 19 18 0 0 21 85 67 28 79 0 23 44 21 19 42 50 32 28 0 53 56 14 
19 71 0 95 19 47 40 76 19 69 48 24 0 32 80 69 70 47 86 75 69 94 50 63 45 75 0 3 60 12 0 69 5 75 28 19 68 0 72 0 95 26 70 86 19 60 0 2 60 99 29 75 0 95 35 36 4 99 71 67 2 48 67 22 0 0 0 38 20 81 9 98 0 4 0 36 54 0 51 0 100 0 36 33 53 87 0 37 0 0 83 0 2 55 13 79 43 6 70 0 
60 45 83 0 22 0 24 53 5 73 14 38 10 4 65 31 67 93 40 91 47 76 6 21 100 10 0 0 0 14 28 95 29 33 52 36 84 0 40 49 87 63 52 2 70 54 61 24 25 30 0 62 5 98 32 5 53 55 0 25 58 84 0 96 11 97 39 53 97 14 71 9 4 0 78 41 50 88 13 88 60 0 90 16 73 75 0 99 0 66 74 28 71 18 74 68 31 15 20 94 
23 22 0 73 60 16 33 53 91 35 15 37 55 29 16 79 7 42 66 43 84 75 42 10 96 24 57 0 0 74 39 70 55 0 91 27 80 62 83 37 73 27 66 85 70 26 59 63 72 31 0 1 0 42 18 10 0 24 46 15 94 36 84 91 66 7 52 0 55 21 29 24 0 78 0 90 0 87 49 23 67 0 14 0 0 48 0 0 2 30 23 87 42 67 12 69 11 47 28 51 
67 32 6 61 0 0 99 0 89 2 51 23 0 80 91 0 0 0 97 0 87 0 45 17 0 0 35 0 0 17 16 0 31 87 65 4 95 0 62 56 14 0 10 0 0 15 25 60 7 76 8 7 93 48 0 17 59 84 0 77 12 57 66 6 0 0 28 0 58 73 6 0 36 41 90 0 1 14 74 60 25 12 0 57 50 0 29 100 2 4 69 5 0 0 57 89 39 30 11 60 
4 0 83 45 10 98 67 0 0 30 31 17 10 12 0 79 64 6 55 27 0 4 9 26 69 80 54 0 1 0 55 0 26 53 88 45 49 28 86 52 73 33 1 39 46 23 14 0 44 0 84 22 63 7 32 55 18 0 100 71 64 59 15 84 0 87 31 0 47 7 73 14 54 50 0 1 0 8 11 0 5 65 76 0 42 41 0 21 49 90 31 27 0 10 100 58 97 34 0 12 
0 91 0 0 52 51 50 81 0 4 24 0 0 72 78 0 12 60 78 40 6 87 0 0 31 49 86 0 0 21 0 21 49 76 54 63 14 0 48 63 0 83 0 62 0 0 48 71 0 6 59 72 100 79 93 0 34 26 45 78 12 90 65 79 82 79 0 7 62 0 56 0 0 88 87 14 8 0 6 0 0 89 40 14 0 100 0 48 0 0 71 15 46 58 100 79 44 91 89 83 
26 29 53 58 0 87 45 87 97 25 31 84 33 26 82 0 13 18 44 4 97 87 55 37 89 14 7 10 0 22 55 48 50 80 22 28 55 0 0 0 86 0 0 0 11 0 0 65 42 0 52 67 79 51 79 29 0 77 75 28 20 5 16 0 77 65 38 9 95 4 82 19 51 13 49 74 11 6 0 2 66 62 0 52 98 0 73 79 5 99 17 99 58 4 70 52 22 4 64 95 
0 79 14 0 0 0 6 0 9 79 0 95 0 0 33 0 96 94 25 66 25 68 2 75 77 0 65 5 39 77 23 88 0 42 13 48 99 37 76 0 6 52 95 57 43 0 1 0 73 74 79 15 1 0 59 22 3 41 22 64 16 33 1 68 0 0 35 94 34 26 17 18 0 88 23 60 0 0 2 0 0 4 57 59 0 96 39 0 8 14 31 57 71 42 0 45 0 87 0 90 
81 28 99 68 17 45 45 42 84 60 52 76 46 61 66 94 5 71 89 40 88 8 49 69 52 79 68 67 93 87 98 99 100 22 55 79 0 1 48 18 99 80 14 42 21 4 98 0 55 25 37 0 65 1 4 90 29 92 49 74 43 83 26 19 100 65 47 49 38 44 50 0 100 60 67 25 5 0 66 0 0 53 95 15 0 57 62 16 79 2 0 25 89 0 7 83 78 60 91 96 
3 29 96 9 89 53 32 64 4 92 0 35 0 70 0 90 0 0 8 76 46 63 53 100 0 0 62 60 24 67 0 0 0 0 3 72 31 17 27 84 87 98 0 76 35 86 31 72 73 0 12 1 83 72 0 49 0 0 65 67 37 81 32 4 0 77 76 0 0 0 71 0 0 0 0 12 65 89 62 4 53 0 18 6 13 46 0 21 68 63 6 77 65 81 32 45 76 21 50 73 
0 88 76 10 0 97 19 0 43 10 100 42 8 0 100 0 36 99 72 52 75 84 44 0 85 61 4 0 34 15 3 92 87 0 0 67 12 73 0 61 11 0 50 95 2 7 49 47 97 97 76 44 0 73 87 54 50 29 17 63 53 89 30 86 60 99 99 45 90 78 0 21 36 90 14 0 76 40 0 57 95 18 0 0 0 11 12 52 84 99 97 9 70 22 15 4 83 78 29 17 
31 69 62 21 28 9 30 60 66 84 0 0 24 15 0 0 32 36 47 84 63 2 47 17 27 16 87 76 9 26 36 24 34 43 77 17 22 97 0 93 96 12 46 50 19 60 0 53 89 0 0 6 71 0 82 22 99 32 100 0 74 0 0 47 50 79 43 12 0 38 72 85 33 16 0 57 0 14 52 59 15 6 0 0 80 64 13 66 0 39 89 67 80 53 5 78 73 6 44 52 
0 45 39 15 15 32 0 0 70 0 15 52 16 62 84 0 95 88 74 84 61 65 0 1 79 29 55 27 0 100 58 82 37 0 45 72 32 7 0 0 100 83 0 34 14 97 0 46 24 99 12 65 0 56 0 25 45 46 0 0 0 45 37 0 0 23 61 0 0 24 99 67 53 73 0 50 42 0 98 0 0 13 0 80 0 60 0 77 0 13 42 0 41 0 23 0 94 0 95 69 
0 83 0 13 55 51 59 66 70 0 0 0 38 0 35 0 82 88 43 0 30 14 87 11 0 23 68 46 0 0 42 44 86 0 36 92 88 73 40 32 33 87 0 13 83 87 81 71 3 89 0 0 12 57 24 26 5 35 53 58 0 40 11 0 56 6 0 0 32 55 63 28 87 75 48 0 41 100 0 96 57 46 11 64 60 0 15 77 74 16 13 36 0 83 3 0 7 25 66 36 
69 56 0 0 92 100 55 22 31 0 64 0 70 0 81 79 0 28 96 0 45 45 25 48 0 23 25 75 0 64 5 0 0 0 53 66 66 16 38 87 9 0 22 0 74 89 0 5 47 79 41 94 50 0 46 0 0 54 59 65 0 21 42 0 20 10 0 70 0 0 69 79 0 0 0 29 0 0 73 39 62 0 12 13 0 15 0 6 81 20 89 34 42 0 0 11 0 56 51 34 
91 18 76 18 57 47 78 0 2 19 43 67 24 75 0 0 86 54 38 44 69 98 45 42 0 39 66 30 2 72 0 4 33 85 40 3 33 14 67 71 38 96 34 0 75 55 97 9 71 44 42 32 23 52 21 0 91 0 9 75 16 8 52 93 89 34 82 91 43 95 24 0 37 99 0 100 21 48 79 0 16 21 52 66 77 77 6 0 49 47 0 5 6 0 79 40 78 0 93 71 
98 57 0 71 50 6 80 66 14 11 0 72 66 0 0 60 0 19 19 0 0 69 35 38 0 0 4 60 15 54 88 31 40 26 45 0 24 58 0 95 14 39 85 39 58 24 18 12 34 29 40 0 81 19 31 36 99 0 91 93 86 21 67 9 34 49 81 56 0 0 23 23 0 0 2 2 49 0 5 8 79 68 84 0 0 74 81 49 0 0 44 20 64 43 39 37 14 47 5 81 
14 0 8 5 0 9 76 53 23 0 59 23 81 5 0 22 11 80 11 0 18 0 26 49 10 91 70 56 0 14 4 85 0 0 23 54 49 84 0 36 90 51 10 42 5 0 15 0 8 93 0 39 53 86 69 91 50 77 45 88 0 79 0 37 65 77 46 27 0 18 73 44 0 66 30 4 90 0 99 14 2 63 99 39 13 16 20 47 0 0 80 0 17 11 8 32 97 16 0 0 
42 32 3 9 44 18 51 0 42 0 50 27 49 82 55 0 84 54 80 51 9 83 44 72 0 48 16 7 0 56 90 26 61 4 38 79 41 32 31 0 93 88 71 84 35 54 35 49 0 96 6 89 53 88 73 41 0 46 96 33 62 0 94 93 0 84 55 91 71 61 13 21 83 74 23 69 31 71 17 31 0 6 97 89 42 13 89 0 44 80 0 0 62 96 0 0 11 89 63 50 
0 20 50 0 0 66 47 0 21 98 13 0 38 0 42 24 96 23 67 96 1 21 88 0 99 43 72 80 89 26 25 7 19 0 31 4 0 86 0 2 51 50 18 11 0 68 91 79 100 8 0 45 24 19 42 46 55 10 67 21 78 77 50 96 7 80 0 42 82 1 0 19 0 28 87 5 27 15 99 57 25 77 9 67 0 36 34 5 20 0 0 0 98 24 0 4 0 9 69 0 
71 58 0 36 71 44 98 88 98 22 31 63 0 91 61 11 98 80 0 85 9 38 27 46 0 66 32 0 47 64 99 77 0 70 0 24 91 43 29 0 0 0 12 33 12 24 0 76 20 94 47 15 4 72 67 94 0 59 33 0 66 62 0 16 10 96 0 20 40 0 21 42 2 71 42 0 0 46 58 71 89 65 70 80 41 0 42 6 64 17 62 98 0 100 75 95 29 1 61 99 
28 29 81 62 0 0 48 94 89 17 41 66 89 2 34 77 0 58 0 11 0 27 81 95 2 36 2 26 79 38 39 0 0 51 92 71 49 0 61 36 28 87 86 13 41 82 60 95 27 91 29 77 0 19 72 50 50 98 54 66 70 70 86 0 28 34 0 31 18 0 0 50 55 18 67 0 10 58 4 42 0 81 22 53 0 83 0 0 43 11 96 24 100 0 15 68 94 81 66 83 
75 35 89 100 15 45 91 52 0 62 58 45 50 77 10 7 6 25 84 95 0 98 23 7 86 85 4 74 33 55 52 35 0 95 16 92 3 33 44 0 24 71 59 75 7 6 86 99 1 65 59 72 15 85 61 35 31 42 61 40 35 82 67 14 0 91 66 24 9 1 59 32 13 74 12 57 100 100 70 0 7 32 15 5 23 3 0 79 39 8 0 0 75 15 0 14 40 96 0 0 
21 1 81 24 80 0 20 27 0 100 51 89 98 0 42 30 99 0 49 19 23 20 32 10 88 0 20 0 90 1 52 100 76 58 0 65 47 68 57 30 97 57 70 7 22 19 28 49 42 45 90 11 48 43 48 48 86 34 0 47 48 30 64 55 53 13 48 91 0 67 90 28 79 68 69 89 58 79 52 45 83 45 4 78 0 0 11 40 37 32 0 4 95 68 14 0 19 99 2 79 
52 33 44 76 36 25 64 58 0 30 96 55 44 15 96 29 90 47 23 48 7 59 70 10 45 65 67 33 21 41 27 25 77 75 45 16 65 0 2 10 48 7 0 51 28 92 0 83 78 15 34 36 29 0 73 95 0 0 14 8 16 77 0 8 40 99 13 88 37 54 0 0 43 31 11 39 97 44 22 0 78 76 83 73 94 7 0 78 14 97 11 0 29 94 40 19 0 64 74 59 
0 87 0 68 0 36 88 94 81 62 77 98 28 90 35 0 85 94 11 26 76 46 34 0 0 15 0 30 22 44 60 100 89 100 0 4 0 0 6 63 0 37 87 0 4 76 52 93 9 5 56 0 93 72 67 44 40 49 0 88 9 93 27 83 50 12 66 62 0 5 22 53 6 15 47 30 34 91 4 87 60 21 78 6 0 25 56 0 47 16 89 9 1 81 96 99 64 0 1 100 
31 32 10 74 30 36 95 48 85 35 68 67 37 34 41 3 91 55 53 64 19 26 6 64 33 4 83 21 76 33 0 12 47 53 38 36 36 100 35 16 0 97 2 4 90 69 0 39 85 80 16 17 35 32 10 89 72 3 0 40 36 27 91 3 81 0 76 0 22 41 48 56 70 20 28 11 0 89 64 0 91 50 29 44 95 66 51 93 5 0 63 69 61 66 0 2 74 1 0 92 
69 27 91 34 36 48 89 70 20 0 72 24 70 99 87 32 61 0 12 29 50 13 0 56 0 73 21 52 32 0 42 40 22 23 57 43 21 12 6 31 2 0 29 98 64 88 3 27 0 45 7 22 38 42 72 42 77 79 63 22 99 77 88 96 30 0 12 68 88 96 54 14 0 94 51 60 12 83 95 90 96 73 17 52 69 36 34 71 81 0 50 0 99 83 0 79 59 100 92 0 
