0 73 92 63 43 85 71 71 7 86 33 38 41 0 48 25 45 84 97 73 94 35 35 26 0 73 97 0 86 33 80 39 78 16 71 0 90 71 32 15 67 53 11 5 76 98 8 64 61 71 3 62 91 54 96 31 91 15 84 89 58 0 4 60 85 55 93 49 46 61 1 0 88 9 0 63 0 45 4 91 17 13 44 62 2 51 66 7 0 26 61 100 95 37 74 56 33 57 39 32 
73 0 0 25 35 31 61 58 95 88 30 66 16 3 3 6 69 21 92 47 25 76 52 23 90 29 73 79 7 21 25 0 0 61 94 0 50 60 0 0 22 42 35 16 0 86 8 83 83 88 95 0 26 9 8 48 71 98 52 0 98 74 49 52 47 84 13 39 60 28 73 0 92 46 4 97 0 57 66 62 34 94 0 75 74 41 15 0 69 44 63 70 0 86 0 85 25 28 0 0 
92 0 0 89 28 41 91 12 16 27 22 50 50 34 44 0 94 89 0 20 19 62 60 89 67 30 0 13 0 0 52 94 88 17 0 87 0 44 12 0 53 42 93 93 0 64 53 46 8 32 33 69 100 75 77 29 68 89 47 5 0 29 0 56 24 0 88 54 89 20 6 61 85 24 71 0 20 44 41 40 20 4 86 29 1 66 0 55 56 75 7 0 0 0 92 73 33 62 27 7 
63 25 89 0 53 75 50 48 42 70 97 24 66 100 0 81 0 100 50 52 0 85 10 47 10 89 67 0 11 54 83 20 49 33 25 44 38 52 49 66 51 90 9 67 54 0 19 42 31 76 79 94 0 22 14 57 20 76 0 0 0 61 0 14 44 17 60 79 83 97 83 8 83 25 14 61 68 57 39 0 0 27 0 92 53 0 76 0 98 12 53 57 56 83 20 0 13 63 95 39 
43 35 28 53 0 96 68 29 8 9 16 45 0 52 45 30 25 49 62 0 4 24 81 0 0 49 0 0 65 81 0 0 73 0 0 6 66 77 0 0 53 72 90 2 6 19 3 45 84 97 82 53 30 22 73 69 5 74 62 4 88 88 0 31 5 0 0 84 13 35 0 91 74 0 7 91 6 0 96 88 22 0 17 0 26 39 0 98 85 87 84 27 30 0 6 60 98 47 4 66 
85 31 41 75 96 0 100 0 59 25 34 60 83 17 28 16 14 73 41 25 55 56 91 0 73 37 56 68 73 50 70 44 17 15 100 66 66 0 50 37 43 0 74 31 100 56 94 79 78 0 0 72 41 0 23 84 35 1 56 56 74 49 88 87 0 45 26 94 19 0 36 61 0 31 94 10 0 45 32 75 98 48 72 49 65 78 0 83 10 56 23 15 55 54 0 54 30 61 12 0 
71 61 91 50 68 100 0 1 39 5 80 45 46 42 17 0 14 43 1 49 20 83 45 88 0 17 41 0 49 0 51 75 54 23 62 78 24 32 0 84 13 64 12 78 67 60 16 25 17 0 11 84 24 0 83 91 40 50 0 86 95 83 31 42 90 81 73 50 10 51 100 56 74 51 10 29 66 57 79 71 95 89 91 41 91 79 64 32 100 80 0 72 13 27 72 28 24 81 40 48 
71 58 12 48 29 0 1 0 2 59 14 4 65 45 92 93 90 64 22 24 43 92 0 65 44 85 18 50 48 90 25 55 46 44 38 45 16 28 41 60 10 21 0 0 96 30 0 0 73 0 0 0 2 23 90 27 40 20 25 97 50 4 0 8 41 42 52 47 70 24 54 93 88 0 93 5 80 19 83 51 24 52 0 69 0 90 54 26 81 92 0 77 36 34 0 62 8 99 31 20 
7 95 16 42 8 59 39 2 0 88 46 0 83 0 64 14 32 22 33 85 69 3 84 64 0 92 87 68 78 59 70 26 2 64 89 38 54 10 0 0 74 22 0 80 55 44 41 10 33 0 0 25 38 5 52 88 16 86 69 94 96 100 85 24 39 23 35 91 54 19 0 37 0 16 49 0 48 40 56 96 98 10 37 99 17 14 46 0 0 37 23 23 27 61 0 87 11 68 0 56 
86 88 27 70 9 25 5 59 88 0 7 46 49 14 83 82 0 93 18 85 5 17 27 81 60 13 15 90 100 57 52 44 84 0 53 41 58 73 4 52 4 39 0 6 72 56 87 0 22 51 51 0 16 71 77 30 25 47 59 88 92 7 24 77 94 0 15 6 78 43 0 12 100 29 0 58 98 49 14 50 81 53 87 40 44 97 86 10 50 56 64 70 32 78 95 40 44 15 0 76 
33 30 22 97 16 34 80 14 46 7 0 53 35 0 0 61 0 4 5 0 69 44 24 81 63 40 51 16 10 87 48 40 30 71 10 97 71 100 44 0 19 84 97 53 0 8 71 90 60 9 0 59 88 50 92 43 0 20 0 17 13 98 12 19 76 84 100 15 16 0 65 73 77 0 39 20 5 0 11 0 99 57 0 47 15 9 4 65 39 58 48 40 23 89 0 19 99 28 22 94 
38 66 50 24 45 60 45 4 0 46 53 0 44 16 22 74 43 0 59 98 19 65 27 61 34 24 9 35 11 13 20 59 0 95 67 88 62 64 81 55 49 60 36 3 36 12 83 17 30 22 78 74 0 13 16 63 89 60 83 98 37 60 3 55 34 72 61 57 19 3 10 0 0 50 19 76 63 85 91 0 28 0 68 81 9 37 53 0 82 76 7 4 41 42 18 0 80 18 60 45 
41 16 50 66 0 83 46 65 83 49 35 44 0 29 0 66 54 11 82 6 2 51 52 24 30 0 78 0 85 100 26 79 29 34 29 93 53 33 86 0 19 3 100 26 83 60 11 0 42 77 45 95 35 0 27 82 0 89 21 54 57 17 26 28 0 0 0 0 30 7 0 31 27 57 56 46 68 66 98 62 0 73 0 47 80 59 0 87 95 51 96 13 79 90 0 87 0 61 0 27 
0 3 34 100 52 17 42 45 0 14 0 16 29 0 42 16 24 34 91 19 85 41 22 0 8 52 73 88 0 100 23 89 25 95 70 19 78 31 49 31 72 42 6 57 0 62 48 18 69 5 1 0 64 75 14 9 13 48 0 98 10 69 0 26 13 86 0 36 80 80 74 90 35 4 93 27 94 5 0 43 48 70 0 0 0 22 73 75 0 0 0 42 0 36 74 3 27 2 42 0 
48 3 44 0 45 28 17 92 64 83 0 22 0 42 0 1 35 36 73 92 0 0 31 87 0 67 18 52 100 88 98 47 88 28 50 76 5 42 18 38 45 0 47 0 20 6 5 5 0 2 100 54 0 40 90 16 84 0 0 0 92 0 85 26 0 9 74 38 39 95 47 59 93 33 0 100 30 89 0 38 0 66 4 12 0 45 20 0 0 40 24 85 66 41 0 71 60 95 17 44 
25 6 0 81 30 16 0 93 14 82 61 74 66 16 1 0 12 18 69 66 51 87 31 97 34 22 52 66 83 87 97 0 55 3 1 97 63 73 75 85 16 73 75 10 24 0 77 87 27 85 78 33 12 91 0 41 61 4 25 83 50 63 82 48 79 60 7 80 0 100 59 94 93 58 26 32 39 92 4 51 69 70 87 49 43 34 0 39 58 95 0 0 3 1 97 36 68 70 76 14 
45 69 94 0 25 14 14 90 32 0 0 43 54 24 35 12 0 77 83 16 43 12 0 56 1 15 0 66 87 54 88 51 12 17 22 53 63 39 31 69 0 21 0 7 40 4 0 5 0 28 41 54 91 68 79 54 26 96 4 22 58 94 65 72 0 45 37 85 25 93 33 63 36 11 71 0 0 99 3 42 0 11 46 22 79 0 82 61 64 13 4 35 0 86 0 20 29 86 0 92 
84 21 89 100 49 73 43 64 22 93 4 0 11 34 36 18 77 0 18 0 85 36 51 0 29 63 75 26 35 67 6 32 62 67 16 46 32 93 0 46 83 95 0 34 0 51 0 15 42 0 15 100 82 82 56 29 93 0 0 62 59 0 93 8 55 15 0 0 64 80 0 79 0 2 69 0 38 63 39 0 68 16 0 6 14 91 64 92 71 72 68 26 23 29 0 1 94 23 91 0 
97 92 0 50 62 41 1 22 33 18 5 59 82 91 73 69 83 18 0 20 0 10 0 82 0 1 16 1 68 0 34 99 72 62 25 0 40 0 17 75 2 84 54 99 91 49 75 38 23 99 84 0 46 96 83 21 57 29 45 0 42 75 0 29 0 12 12 57 0 0 86 59 53 35 42 88 43 16 55 23 8 0 88 75 86 0 0 85 0 91 58 91 2 92 64 73 38 33 0 78 
73 47 20 52 0 25 49 24 85 85 0 98 6 19 92 66 16 0 20 0 70 72 0 2 67 2 50 76 0 99 17 54 35 98 53 97 31 83 0 86 45 89 45 10 20 0 47 21 41 6 32 17 0 14 61 87 21 0 24 59 16 50 0 13 82 47 66 87 43 73 44 23 19 17 0 59 0 49 65 17 71 54 42 0 31 0 55 89 99 72 0 0 81 3 5 40 3 18 92 10 
94 25 19 0 4 55 20 43 69 5 69 19 2 85 0 51 43 85 0 70 0 76 0 24 96 43 0 77 66 74 98 15 43 0 72 33 76 18 0 0 0 0 74 88 8 80 0 51 96 94 21 0 55 0 33 33 97 0 100 53 89 0 69 31 27 67 0 37 0 0 57 91 58 24 31 15 45 54 53 66 69 45 5 64 63 37 15 0 79 0 81 0 0 34 75 13 64 18 16 3 
35 76 62 85 24 56 83 92 3 17 44 65 51 41 0 87 12 36 10 72 76 0 40 52 35 36 18 69 11 0 0 18 56 67 74 0 23 15 43 12 100 31 61 52 94 83 95 78 31 23 60 81 84 7 82 63 0 100 60 13 16 61 0 0 73 0 3 14 20 28 19 28 0 67 22 0 8 15 0 97 0 69 77 0 19 73 63 64 39 48 13 45 68 88 91 0 0 100 85 8 
35 52 60 10 81 91 45 0 84 27 24 27 52 22 31 31 0 51 0 0 0 40 0 37 0 19 30 31 31 65 19 87 0 69 0 27 66 84 28 89 79 64 23 50 8 72 4 0 0 26 46 0 46 0 47 51 59 79 81 67 30 0 13 69 80 0 61 90 20 0 23 60 0 41 74 6 58 50 7 29 63 45 91 0 40 3 92 52 73 72 45 0 31 20 48 54 100 92 12 79 
26 23 89 47 0 0 88 65 64 81 81 61 24 0 87 97 56 0 82 2 24 52 37 0 18 91 15 55 72 1 75 8 0 5 36 0 19 56 43 77 48 2 25 95 24 75 36 67 5 78 72 21 71 26 12 53 59 0 0 37 88 0 0 43 97 47 69 66 87 32 9 52 73 61 1 0 25 4 0 41 0 72 0 0 35 23 66 67 98 27 11 0 82 50 1 70 3 55 59 2 
0 90 67 10 0 73 0 44 0 60 63 34 30 8 0 34 1 29 0 67 96 35 0 18 0 97 5 0 64 0 0 76 0 0 0 25 12 0 53 98 80 74 19 48 0 82 33 40 35 0 73 78 32 0 35 12 0 0 0 0 85 73 0 21 50 21 66 0 64 55 95 19 33 83 78 50 0 22 7 42 67 84 89 0 0 33 93 43 10 32 0 47 14 0 0 0 47 0 18 82 
73 29 30 89 49 37 17 85 92 13 40 24 0 52 67 22 15 63 1 2 43 36 19 91 97 0 30 23 47 51 30 9 33 56 76 0 47 80 43 88 53 0 0 56 34 70 72 16 23 16 0 0 69 16 59 7 0 31 18 35 95 54 85 0 89 63 90 73 50 64 65 52 17 88 49 52 0 7 70 81 24 19 7 25 14 25 14 32 8 76 40 98 78 92 5 84 50 32 90 93 
97 73 0 67 0 56 41 18 87 15 51 9 78 73 18 52 0 75 16 50 0 18 30 15 5 30 0 91 46 7 36 0 89 35 0 0 6 79 0 94 0 0 0 47 89 90 67 15 5 8 8 31 0 51 85 17 78 92 57 47 36 56 0 99 27 100 99 16 28 31 27 28 96 41 0 77 7 32 38 51 0 88 66 45 57 44 86 72 28 66 0 0 52 37 65 97 62 55 79 38 
0 79 13 0 0 68 0 50 68 90 16 35 0 88 52 66 66 26 1 76 77 69 31 55 0 23 91 0 72 16 18 100 52 85 61 29 71 81 60 0 98 49 4 0 0 0 98 0 0 0 0 1 39 46 0 42 0 26 13 59 94 22 0 54 0 86 8 64 40 37 0 35 2 19 0 25 20 17 86 50 81 65 83 31 0 16 20 26 0 92 68 30 35 0 37 88 98 84 0 62 
86 7 0 11 65 73 49 48 78 100 10 11 85 0 100 83 87 35 68 0 66 11 31 72 64 47 46 72 0 0 79 52 0 66 78 9 88 42 44 55 28 49 78 68 32 0 0 84 85 0 0 84 79 0 17 6 0 99 85 74 62 0 89 58 73 0 81 98 100 53 89 23 52 0 53 74 0 77 37 41 8 16 0 90 64 23 17 61 73 0 57 67 51 0 1 86 17 20 0 0 
33 21 0 54 81 50 0 90 59 57 87 13 100 100 88 87 54 67 0 99 74 0 65 1 0 51 7 16 0 0 70 25 0 26 87 78 27 6 0 73 7 67 0 31 0 5 57 0 100 60 11 60 18 0 91 100 0 0 0 20 66 43 63 7 67 47 7 64 74 7 97 5 1 34 44 32 24 0 0 0 12 10 41 24 0 76 62 7 0 83 54 0 11 59 26 5 6 92 93 0 
80 25 52 83 0 70 51 25 70 52 48 20 26 23 98 97 88 6 34 17 98 0 19 75 0 30 36 18 79 70 0 18 4 79 0 17 11 4 97 32 16 64 53 0 54 0 0 0 90 24 0 0 0 7 92 86 0 31 0 63 0 0 0 92 4 0 44 100 22 0 15 5 57 99 94 30 0 77 40 97 46 14 77 56 89 0 60 1 22 75 87 0 14 40 0 34 98 50 40 0 
39 0 94 20 0 44 75 55 26 44 40 59 79 89 47 0 51 32 99 54 15 18 87 8 76 9 0 100 52 25 18 0 59 75 46 46 0 41 0 23 52 0 41 0 4 78 0 32 69 0 0 65 0 73 87 61 0 98 13 86 88 0 0 73 0 95 0 0 28 50 38 67 0 91 46 52 0 0 0 0 2 0 100 51 2 48 69 74 45 36 29 8 21 14 0 17 0 62 93 11 
78 0 88 49 73 17 54 46 2 84 30 0 29 25 88 55 12 62 72 35 43 56 0 0 0 33 89 52 0 0 4 59 0 10 0 67 69 27 62 0 15 20 0 67 12 0 0 29 2 49 19 91 39 68 4 0 0 27 0 78 80 87 65 56 0 0 0 0 2 11 42 43 62 91 0 54 37 0 32 50 70 67 34 37 41 18 0 29 86 45 56 80 47 16 26 86 79 86 67 36 
16 61 17 33 0 15 23 44 64 0 71 95 34 95 28 3 17 67 62 98 0 67 69 5 0 56 35 85 66 26 79 75 10 0 0 68 49 16 25 0 0 54 0 29 64 26 11 31 77 0 76 0 76 0 15 0 49 57 26 37 0 0 57 15 63 81 0 98 3 0 46 2 54 46 68 64 50 34 40 0 10 51 65 0 52 65 56 13 18 39 11 17 94 0 35 41 100 40 5 0 
71 94 0 25 0 100 62 38 89 53 10 67 29 70 50 1 22 16 25 53 72 74 0 36 0 76 0 61 78 87 0 46 0 0 0 97 97 35 80 6 59 96 67 92 17 12 56 0 91 99 28 61 71 92 0 55 0 43 80 34 54 89 0 0 18 54 79 96 48 70 89 100 10 66 0 75 37 82 62 62 85 3 72 49 68 10 5 87 70 67 67 93 53 0 32 40 45 57 0 67 
0 0 87 44 6 66 78 45 38 41 97 88 93 19 76 97 53 46 0 97 33 0 27 0 25 0 0 29 9 78 17 46 67 68 97 0 5 85 53 5 0 66 14 78 52 0 58 0 90 0 2 46 0 0 29 56 0 40 40 75 65 0 0 71 54 83 63 5 44 82 10 61 90 0 16 32 45 88 64 38 65 10 86 78 99 99 0 58 87 76 83 40 0 69 0 29 97 0 47 0 
90 50 0 38 66 66 24 16 54 58 71 62 53 78 5 63 63 32 40 31 76 23 66 19 12 47 6 71 88 27 11 0 69 49 97 5 0 11 35 70 39 70 65 65 43 40 90 17 78 0 85 69 6 30 69 22 0 79 55 73 38 57 58 68 83 0 39 64 49 70 34 11 28 94 0 51 15 9 83 5 85 80 0 34 64 0 72 0 28 39 79 30 0 86 73 4 34 40 86 25 
71 60 44 52 77 0 32 28 10 73 100 64 33 31 42 73 39 93 0 83 18 15 84 56 0 80 79 81 42 6 4 41 27 16 35 85 11 0 63 0 14 16 42 74 0 57 73 92 50 0 21 12 63 51 16 32 15 57 95 13 0 0 54 23 14 0 56 24 39 81 0 52 66 37 39 36 3 96 0 6 98 19 0 42 43 51 57 68 47 52 50 7 49 9 32 0 0 74 77 56 
32 0 12 49 0 50 0 41 0 4 44 81 86 49 18 75 31 0 17 0 0 43 28 43 53 43 0 60 44 0 97 0 62 25 80 53 35 63 0 2 51 39 14 0 0 94 15 57 60 41 93 14 9 75 0 49 61 82 0 0 2 48 24 42 32 42 57 93 11 0 0 47 22 51 58 79 0 0 99 54 100 88 24 24 42 54 0 0 58 50 27 0 0 93 0 55 46 27 62 0 
15 0 0 66 0 37 84 60 0 52 0 55 0 31 38 85 69 46 75 86 0 12 89 77 98 88 94 0 55 73 32 23 0 0 6 5 70 0 2 0 0 95 0 0 0 12 0 30 84 54 19 0 16 41 82 86 29 0 0 73 0 0 0 77 75 60 3 34 29 10 0 92 58 20 29 0 49 83 0 59 43 0 8 48 0 51 0 68 0 55 50 62 0 44 0 13 87 79 42 67 
67 22 53 51 53 43 13 10 74 4 19 49 19 72 45 16 0 83 2 45 0 100 79 48 80 53 0 98 28 7 16 52 15 0 59 0 39 14 51 0 0 99 31 2 7 94 0 15 69 48 27 39 51 33 5 13 45 89 55 59 35 23 97 69 42 0 60 77 55 55 76 23 74 49 72 39 58 0 42 17 17 0 47 54 19 20 77 11 14 73 0 0 22 100 38 49 43 19 90 70 
53 42 42 90 72 0 64 21 22 39 84 60 3 42 0 73 21 95 84 89 0 31 64 2 74 0 0 49 49 67 64 0 20 54 96 66 70 16 39 95 99 0 79 12 36 68 68 73 68 75 0 52 60 71 96 4 18 93 17 95 26 0 16 0 51 22 71 17 0 11 12 26 0 76 56 40 0 0 50 0 38 96 17 89 95 81 94 0 4 39 68 0 54 19 23 0 34 85 50 20 
11 35 93 9 90 74 12 0 0 0 97 36 100 6 47 75 0 0 54 45 74 61 23 25 19 0 0 4 78 0 53 41 0 0 67 14 65 42 14 0 31 79 0 93 82 55 89 0 44 0 49 3 89 0 99 84 61 17 63 78 73 29 1 11 62 20 0 0 20 49 18 41 84 0 75 15 0 0 55 87 35 90 49 49 0 72 33 82 7 57 20 0 0 55 0 42 96 51 81 73 
5 16 93 67 2 31 78 0 80 6 53 3 26 57 0 10 7 34 99 10 88 52 50 95 48 56 47 0 68 31 0 0 67 29 92 78 65 74 0 0 2 12 93 0 0 48 67 83 48 20 27 47 82 47 64 46 91 98 0 45 17 84 0 39 32 77 33 48 19 29 54 0 23 66 87 16 69 53 62 95 35 86 33 44 10 88 0 80 29 0 9 0 19 23 12 22 12 11 0 67 
76 0 0 54 6 100 67 96 55 72 0 36 83 0 20 24 40 0 91 20 8 94 8 24 0 34 89 0 32 0 54 4 12 64 17 52 43 0 0 0 7 36 82 0 0 0 35 30 0 84 56 0 79 74 12 98 0 73 0 45 99 12 78 61 51 3 77 27 62 98 69 23 69 55 93 97 31 0 62 56 63 0 0 34 70 39 87 29 78 79 0 47 56 82 19 58 0 0 3 12 
98 86 64 0 19 56 60 30 44 56 8 12 60 62 6 0 4 51 49 0 80 83 72 75 82 70 90 0 0 5 0 78 0 26 12 0 40 57 94 12 94 68 55 48 0 0 32 9 90 0 97 15 92 4 46 52 0 5 0 46 35 29 92 22 36 63 0 39 50 89 17 59 72 61 49 73 54 99 53 64 7 53 16 0 88 4 0 40 83 25 36 85 39 0 52 0 63 10 89 15 
8 8 53 19 3 94 16 0 41 87 71 83 11 48 5 77 0 0 75 47 0 95 4 36 33 72 67 98 0 57 0 0 0 11 56 58 90 73 15 0 0 68 89 67 35 32 0 92 75 4 91 6 33 0 53 32 46 31 15 10 35 1 0 68 45 15 34 5 49 84 68 90 41 31 26 53 43 23 97 65 54 61 25 54 99 89 48 69 30 75 0 41 0 72 84 68 16 12 20 59 
64 83 46 42 45 79 25 0 10 0 90 17 0 18 5 87 5 15 38 21 51 78 0 67 40 16 15 0 84 0 0 32 29 31 0 0 17 92 57 30 15 73 0 83 30 9 92 0 40 11 91 97 32 91 0 0 0 48 37 14 15 43 19 88 68 73 74 59 20 7 37 7 10 84 94 35 6 96 0 99 23 17 57 100 37 100 10 69 64 73 0 43 0 18 57 43 81 87 0 10 
61 83 8 31 84 78 17 73 33 22 60 30 42 69 0 27 0 42 23 41 96 31 0 5 35 23 5 0 85 100 90 69 2 77 91 90 78 50 60 84 69 68 44 48 0 90 75 40 0 94 28 69 15 94 44 0 0 19 45 63 89 78 24 8 27 76 92 33 20 0 31 6 20 0 29 34 11 0 51 14 83 98 88 44 67 92 100 89 84 98 0 58 55 11 58 88 20 81 0 0 
71 88 32 76 97 0 0 0 0 51 9 22 77 5 2 85 28 0 99 6 94 23 26 78 0 16 8 0 0 60 24 0 49 0 99 0 0 0 41 54 48 75 0 20 84 0 4 11 94 0 34 12 55 0 97 79 23 0 83 0 12 39 0 22 62 7 67 43 0 45 96 4 0 8 76 58 13 63 55 29 91 33 48 50 65 35 24 28 6 82 88 70 63 40 29 46 26 0 0 0 
3 95 33 79 82 0 11 0 0 51 0 78 45 1 100 78 41 15 84 32 21 60 46 72 73 0 8 0 0 11 0 0 19 76 28 2 85 21 93 19 27 0 49 27 56 97 91 91 28 34 0 75 44 83 0 38 78 98 82 77 0 56 45 73 84 67 82 31 32 95 0 0 49 48 52 21 0 89 73 0 57 5 5 2 0 42 23 100 44 18 98 77 50 40 0 85 86 87 19 86 
62 0 69 94 53 72 84 0 25 0 59 74 95 0 54 33 54 100 0 17 0 81 0 21 78 0 31 1 84 60 0 65 91 0 61 46 69 12 14 0 39 52 3 47 0 15 6 97 69 12 75 0 55 19 0 51 77 41 71 48 0 20 0 88 57 35 6 11 51 66 60 56 23 0 0 33 36 64 4 37 3 18 0 0 43 0 93 25 0 44 23 70 0 0 0 44 68 10 96 0 
91 26 100 0 30 41 24 2 38 16 88 0 35 64 0 12 91 82 46 0 55 84 46 71 32 69 0 39 79 18 0 0 39 76 71 0 6 63 9 16 51 60 89 82 79 92 33 32 15 55 44 55 0 0 35 40 96 100 39 2 0 41 91 0 0 81 0 58 54 62 59 82 30 62 89 2 6 0 72 31 29 0 68 6 33 0 36 0 31 56 12 23 68 63 0 0 49 6 0 65 
54 9 75 22 22 0 0 23 5 71 50 13 0 75 40 91 68 82 96 14 0 7 0 26 0 16 51 46 0 0 7 73 68 0 92 0 30 51 75 41 33 71 0 47 74 4 0 91 94 0 83 19 0 0 72 0 0 2 29 64 0 12 9 0 0 33 6 14 94 59 15 23 0 14 0 67 58 44 78 61 37 0 0 100 55 6 0 31 32 76 51 97 38 5 100 14 55 15 0 42 
96 8 77 14 73 23 83 90 52 77 92 16 27 14 90 0 79 56 83 61 33 82 47 12 35 59 85 0 17 91 92 87 4 15 0 29 69 16 0 82 5 96 99 64 12 46 53 0 44 97 0 0 35 72 0 56 7 28 84 48 0 0 72 29 92 64 53 9 67 69 57 63 18 65 97 13 47 34 57 0 87 7 85 9 62 0 0 78 93 23 60 6 23 46 40 0 97 49 67 99 
31 48 29 57 69 84 91 27 88 30 43 63 82 9 16 41 54 29 21 87 33 63 51 53 12 7 17 42 6 100 86 61 0 0 55 56 22 32 49 86 13 4 84 46 98 52 32 0 0 79 38 51 40 0 56 0 0 33 76 19 0 64 80 68 31 34 21 7 9 64 16 23 1 53 89 0 71 1 77 12 0 0 29 6 99 43 19 61 0 12 32 36 23 35 36 5 0 62 76 89 
91 71 68 20 5 35 40 40 16 25 0 89 0 13 84 61 26 93 57 21 97 0 59 59 0 0 78 0 0 0 0 0 0 49 0 0 0 15 61 29 45 18 61 91 0 0 46 0 0 23 78 77 96 0 7 0 0 94 5 48 24 35 36 46 37 17 23 0 53 44 88 95 0 61 28 0 70 8 67 0 0 0 62 77 99 48 8 4 1 60 84 37 16 2 0 0 81 0 82 19 
15 98 89 76 74 1 50 20 86 47 20 60 89 48 0 4 96 0 29 0 0 100 79 0 0 31 92 26 99 0 31 98 27 57 43 40 79 57 82 0 89 93 17 98 73 5 31 48 19 0 98 41 100 2 28 33 94 0 0 83 15 0 97 20 67 21 10 67 88 20 48 17 42 56 19 34 23 23 70 46 95 0 19 0 0 42 87 39 59 69 97 0 11 80 55 100 40 0 38 22 
84 52 47 0 62 56 0 25 69 59 0 83 21 0 0 25 4 0 45 24 100 60 81 0 0 18 57 13 85 0 0 13 0 26 80 40 55 95 0 0 55 17 63 0 0 0 15 37 45 83 82 71 39 29 84 76 5 0 0 0 85 53 61 57 68 0 41 75 15 0 2 46 0 0 58 3 41 65 58 0 0 97 0 44 70 37 0 56 85 30 73 0 0 93 61 90 74 40 54 0 
89 0 5 0 4 56 86 97 94 88 17 98 54 98 0 83 22 62 0 59 53 13 67 37 0 35 47 59 74 20 63 86 78 37 34 75 73 13 0 73 59 95 78 45 45 46 10 14 63 0 77 48 2 64 48 19 48 83 0 0 34 82 0 79 65 96 59 46 6 38 19 33 36 58 52 61 54 0 97 34 0 74 25 89 76 100 85 34 84 97 83 0 97 94 76 59 34 14 98 83 
58 98 0 0 88 74 95 50 96 92 13 37 57 10 92 50 58 59 42 16 89 16 30 88 85 95 36 94 62 66 0 88 80 0 54 65 38 0 2 0 35 26 73 17 99 35 35 15 89 12 0 0 0 0 0 0 24 15 85 34 0 49 89 15 4 84 27 46 26 0 92 63 77 0 66 3 94 87 89 47 68 70 4 39 67 3 0 30 7 32 82 0 99 0 0 25 0 33 82 93 
0 74 29 61 88 49 83 4 100 7 98 60 17 69 0 63 94 0 75 50 0 61 0 0 73 54 56 22 0 43 0 0 87 0 89 0 57 0 48 0 23 0 29 84 12 29 1 43 78 39 56 20 41 12 0 64 35 0 53 82 49 0 43 48 50 0 99 100 72 11 58 25 15 47 11 98 78 26 82 59 38 37 45 3 3 78 4 14 13 87 32 53 88 92 0 0 37 44 71 70 
4 49 0 0 0 88 31 0 85 24 12 3 26 0 85 82 65 93 0 0 69 0 13 0 0 85 0 0 89 63 0 0 65 57 0 0 58 54 24 0 97 16 1 0 78 92 0 19 24 0 45 0 91 9 72 80 36 97 61 0 89 43 0 0 7 0 29 69 71 0 90 0 37 0 35 31 41 69 2 64 88 31 0 99 3 77 28 23 0 57 0 65 0 76 16 6 21 76 0 83 
60 52 56 14 31 87 42 8 24 77 19 55 28 26 26 48 72 8 29 13 31 0 69 43 21 0 99 54 58 7 92 73 56 15 0 71 68 23 42 77 69 0 11 39 61 22 68 88 8 22 73 88 0 0 29 68 46 20 57 79 15 48 0 0 17 19 36 19 55 48 19 76 1 94 68 99 48 81 93 85 46 21 22 36 35 52 67 8 1 37 72 44 0 71 15 0 40 0 0 78 
85 47 24 44 5 0 90 41 39 94 76 34 0 13 0 79 0 55 0 82 27 73 80 97 50 89 27 0 73 67 4 0 0 63 18 54 83 14 32 75 42 51 62 32 51 36 45 68 27 62 84 57 0 0 92 31 37 67 68 65 4 50 7 17 0 38 13 0 23 85 6 60 99 36 47 0 89 31 0 74 0 66 18 87 11 34 24 61 24 0 0 25 77 0 0 0 4 70 40 0 
55 84 0 17 0 45 81 42 23 0 84 72 0 86 9 60 45 15 12 47 67 0 0 47 21 63 100 86 0 47 0 95 0 81 54 83 0 0 42 60 0 22 20 77 3 63 15 73 76 7 67 35 81 33 64 34 17 21 0 96 84 0 0 19 38 0 31 47 0 0 0 85 82 0 93 92 49 0 37 58 72 68 83 80 80 54 0 0 23 44 5 57 25 0 50 16 41 0 47 36 
93 13 88 60 0 26 73 52 35 15 100 61 0 0 74 7 37 0 12 66 0 3 61 69 66 90 99 8 81 7 44 0 0 0 79 63 39 56 57 3 60 71 0 33 77 0 34 74 92 67 82 6 0 6 53 21 23 10 41 59 27 99 29 36 13 31 0 44 9 59 38 88 0 92 0 87 37 61 96 0 70 17 0 91 64 75 65 45 0 2 0 35 32 8 35 21 87 55 0 0 
49 39 54 79 84 94 50 47 91 6 15 57 0 36 38 80 85 0 57 87 37 14 90 66 0 73 16 64 98 64 100 0 0 98 96 5 64 24 93 34 77 17 0 48 27 39 5 59 33 43 31 11 58 14 9 7 0 67 75 46 46 100 69 19 0 47 44 0 4 44 55 0 62 70 61 82 0 0 12 41 26 8 63 81 55 74 28 35 2 66 83 92 84 0 86 37 20 84 0 82 
46 60 89 83 13 19 10 70 54 78 16 19 30 80 39 0 25 64 0 43 0 20 20 87 64 50 28 40 100 74 22 28 2 3 48 44 49 39 11 29 55 0 20 19 62 50 49 20 20 0 32 51 54 94 67 9 53 88 15 6 26 72 71 55 23 0 9 4 0 0 15 13 59 66 77 7 72 6 40 36 73 66 95 89 6 92 15 0 72 65 2 39 0 44 85 18 50 16 56 38 
61 28 20 97 35 0 51 24 19 43 0 3 7 80 95 100 93 80 0 73 0 28 0 32 55 64 31 37 53 7 0 50 11 0 70 82 70 81 0 10 55 11 49 29 98 89 84 7 0 45 95 66 62 59 69 64 44 20 0 38 0 11 0 48 85 0 59 44 0 0 16 18 22 10 36 11 98 52 28 96 22 19 84 86 30 36 0 11 0 19 31 91 86 38 6 60 6 0 39 41 
1 73 6 83 0 36 100 54 0 0 65 10 0 74 47 59 33 0 86 44 57 19 23 9 95 65 27 0 89 97 15 38 42 46 89 10 34 0 0 0 76 12 18 54 69 17 68 37 31 96 0 60 59 15 57 16 88 48 2 19 92 58 90 19 6 0 38 55 15 16 0 30 20 47 60 65 86 24 69 23 27 91 1 44 66 52 33 21 25 8 0 28 23 39 0 89 23 89 89 22 
0 0 61 8 91 61 56 93 37 12 73 0 31 90 59 94 63 79 59 23 91 28 60 52 19 52 28 35 23 5 5 67 43 2 100 61 11 52 47 92 23 26 41 0 23 59 90 7 6 4 0 56 82 23 63 23 95 17 46 33 63 25 0 76 60 85 88 0 13 18 30 0 37 60 54 87 68 0 70 0 90 0 0 79 12 100 0 68 69 76 62 0 55 84 0 70 16 11 13 30 
88 92 85 83 74 0 74 88 0 100 77 0 27 35 93 93 36 0 53 19 58 0 0 73 33 17 96 2 52 1 57 0 62 54 10 90 28 66 22 58 74 0 84 23 69 72 41 10 20 0 49 23 30 0 18 1 0 42 0 36 77 15 37 1 99 82 0 62 59 22 20 37 0 77 73 95 13 0 20 0 0 96 0 15 23 37 86 25 63 0 74 57 82 23 2 75 74 100 94 3 
9 46 24 25 0 31 51 0 16 29 0 50 57 4 33 58 11 2 35 17 24 67 41 61 83 88 41 19 0 34 99 91 91 46 66 0 94 37 51 20 49 76 0 66 55 61 31 84 0 8 48 0 62 14 65 53 61 56 0 58 0 47 0 94 36 0 92 70 66 10 47 60 77 0 0 43 24 89 87 65 56 71 95 9 45 0 78 16 89 52 77 10 4 37 73 2 33 74 72 60 
0 4 71 14 7 94 10 93 49 0 39 19 56 93 0 26 71 69 42 0 31 22 74 1 78 49 0 0 53 44 94 46 0 68 0 16 0 39 58 29 72 56 75 87 93 49 26 94 29 76 52 0 89 0 97 89 28 19 58 52 66 11 35 68 47 93 0 61 77 36 60 54 73 0 0 54 39 12 74 56 43 0 0 68 56 0 76 13 7 10 0 43 72 64 74 88 37 20 79 52 
63 97 0 61 91 10 29 5 0 58 20 76 46 27 100 32 0 0 88 59 15 0 6 0 50 52 77 25 74 32 30 52 54 64 75 32 51 36 79 0 39 40 15 16 97 73 53 35 34 58 21 33 2 67 13 0 0 34 3 61 3 98 31 99 0 92 87 82 7 11 65 87 95 43 54 0 84 0 86 37 73 96 76 0 93 73 75 0 90 20 47 72 67 50 11 29 38 98 0 43 
0 0 20 68 6 0 66 80 48 98 5 63 68 94 30 39 0 38 43 0 45 8 58 25 0 0 7 20 0 24 0 0 37 50 37 45 15 3 0 49 58 0 0 69 31 54 43 6 11 13 0 36 6 58 47 71 70 23 41 54 94 78 41 48 89 49 37 0 72 98 86 68 13 24 39 84 0 0 23 14 99 57 4 26 19 0 65 0 56 73 11 52 0 29 0 91 42 30 46 0 
45 57 44 57 0 45 57 19 40 49 0 85 66 5 89 92 99 63 16 49 54 15 50 4 22 7 32 17 77 0 77 0 0 34 82 88 9 96 0 83 0 0 0 53 0 99 23 96 0 63 89 64 0 44 34 1 8 23 65 0 87 26 69 81 31 0 61 0 6 52 24 0 0 89 12 0 0 0 26 0 38 70 6 32 36 30 1 90 57 95 23 78 32 99 16 8 54 98 70 0 
4 66 41 39 96 32 79 83 56 14 11 91 98 0 0 4 3 39 55 65 53 0 7 0 7 70 38 86 37 0 40 0 32 40 62 64 83 0 99 0 42 50 55 62 62 53 97 0 51 55 73 4 72 78 57 77 67 70 58 97 89 82 2 93 0 37 96 12 40 28 69 70 20 87 74 86 23 26 0 80 12 80 0 89 84 80 85 15 15 81 65 97 13 0 48 63 80 26 0 28 
91 62 40 0 88 75 71 51 96 50 0 0 62 43 38 51 42 0 23 17 66 97 29 41 42 81 51 50 41 0 97 0 50 0 62 38 5 6 54 59 17 0 87 95 56 64 65 99 14 29 0 37 31 61 0 12 0 46 0 34 47 59 64 85 74 58 0 41 36 96 23 0 0 65 56 37 14 0 80 0 63 66 47 23 72 62 22 53 45 6 91 98 98 55 91 73 59 19 73 73 
17 34 20 0 22 98 95 24 98 81 99 28 0 48 0 69 0 68 8 71 69 0 63 0 67 24 0 81 8 12 46 2 70 10 85 65 85 98 100 43 17 38 35 35 63 7 54 23 83 91 57 3 29 37 87 0 0 95 0 0 68 38 88 46 0 72 70 26 73 22 27 90 0 56 43 73 99 38 12 63 0 63 76 27 8 64 0 22 35 85 0 83 41 78 0 29 90 65 97 20 
13 94 4 27 0 48 89 52 10 53 57 0 73 70 66 70 11 16 0 54 45 69 45 72 84 19 88 65 16 10 14 0 67 51 3 10 80 19 88 0 0 96 90 86 0 53 61 17 98 33 5 18 0 0 7 0 0 0 97 74 70 37 31 21 66 68 17 8 66 19 91 0 96 71 0 96 57 70 80 66 63 0 57 0 15 0 0 57 44 23 73 56 0 0 78 39 90 66 19 52 
44 0 86 0 17 72 91 0 37 87 0 68 0 0 4 87 46 0 88 42 5 77 91 0 89 7 66 83 0 41 77 100 34 65 72 86 0 0 24 8 47 17 49 33 0 16 25 57 88 48 5 0 68 0 85 29 62 19 0 25 4 45 0 22 18 83 0 63 95 84 1 0 0 95 0 76 4 6 0 47 76 57 0 4 43 15 14 35 41 13 24 23 0 53 11 95 0 7 3 41 
62 75 29 92 0 49 41 69 99 40 47 81 47 0 12 49 22 6 75 0 64 0 0 0 0 25 45 31 90 24 56 51 37 0 49 78 34 42 24 48 54 89 49 44 34 0 54 100 44 50 2 0 6 100 9 6 77 0 44 89 39 3 99 36 87 80 91 81 89 86 44 79 15 9 68 0 26 32 89 23 27 0 4 0 99 0 0 84 31 0 46 0 0 18 20 86 0 95 59 89 
2 74 1 53 26 65 91 0 17 44 15 9 80 0 0 43 79 14 86 31 63 19 40 35 0 14 57 0 64 0 89 2 41 52 68 99 64 43 42 0 19 95 0 10 70 88 99 37 67 65 0 43 33 55 62 99 99 0 70 76 67 3 3 35 11 80 64 55 6 30 66 12 23 45 56 93 19 36 84 72 8 15 43 99 0 2 32 53 87 51 29 39 59 72 56 40 43 24 0 34 
51 41 66 0 39 78 79 90 14 97 9 37 59 22 45 34 0 91 0 0 37 73 3 23 33 25 44 16 23 76 0 48 18 65 10 99 0 51 54 51 20 81 72 88 39 4 89 100 92 35 42 0 0 6 0 43 48 42 37 100 3 78 77 52 34 54 75 74 92 36 52 100 37 0 0 73 0 30 80 62 64 0 15 0 2 0 54 42 13 78 67 71 0 2 0 96 44 0 19 70 
66 15 0 76 0 0 64 54 46 86 4 53 0 73 20 0 82 64 0 55 15 63 92 66 93 14 86 20 17 62 60 69 0 56 5 0 72 57 0 0 77 94 33 0 87 0 48 10 100 24 23 93 36 0 0 19 8 87 0 85 0 4 28 67 24 0 65 28 15 0 33 0 86 78 76 75 65 1 85 22 0 0 14 0 32 54 0 41 92 13 15 0 0 88 0 0 74 48 78 43 
7 0 55 0 98 83 32 26 0 10 65 0 87 75 0 39 61 92 85 89 0 64 52 67 43 32 72 26 61 7 1 74 29 13 87 58 0 68 0 68 11 0 82 80 29 40 69 69 89 28 100 25 0 31 78 61 4 39 56 34 30 14 23 8 61 0 45 35 0 11 21 68 25 16 13 0 0 90 15 53 22 57 35 84 53 42 41 0 25 0 49 0 17 0 99 25 86 0 0 37 
0 69 56 98 85 10 100 81 0 50 39 82 95 0 0 58 64 71 0 99 79 39 73 98 10 8 28 0 73 0 22 45 86 18 70 87 28 47 58 0 14 4 7 29 78 83 30 64 84 6 44 0 31 32 93 0 1 59 85 84 7 13 0 1 24 23 0 2 72 0 25 69 63 89 7 90 56 57 15 45 35 44 41 31 87 13 92 25 0 26 3 38 9 92 96 21 32 0 0 56 
26 44 75 12 87 56 80 92 37 56 58 76 51 0 40 95 13 72 91 72 0 48 72 27 32 76 66 92 0 83 75 36 45 39 67 76 39 52 50 55 73 39 57 0 79 25 75 73 98 82 18 44 56 76 23 12 60 69 30 97 32 87 57 37 0 44 2 66 65 19 8 76 0 52 10 20 73 95 81 6 85 23 13 0 51 78 13 0 26 0 81 90 1 31 84 8 64 0 6 25 
61 63 7 53 84 23 0 0 23 64 48 7 96 0 24 0 4 68 58 0 81 13 45 11 0 40 0 68 57 54 87 29 56 11 67 83 79 50 27 50 0 68 20 9 0 36 0 0 0 88 98 23 12 51 60 32 84 97 73 83 82 32 0 72 0 5 0 83 2 31 0 62 74 77 0 47 11 23 65 91 0 73 24 46 29 67 15 49 3 81 0 58 0 26 45 34 39 0 41 12 
100 70 0 57 27 15 72 77 23 70 40 4 13 42 85 0 35 26 91 0 0 45 0 0 47 98 0 30 67 0 0 8 80 17 93 40 30 7 0 62 0 0 0 0 47 85 41 43 58 70 77 70 23 97 6 36 37 0 0 0 0 53 65 44 25 57 35 92 39 91 28 0 57 10 43 72 52 78 97 98 83 56 23 0 39 71 0 0 38 90 58 0 66 8 57 3 52 45 75 95 
95 0 0 56 30 55 13 36 27 32 23 41 79 0 66 3 0 23 2 81 0 68 31 82 14 78 52 35 51 11 14 21 47 94 53 0 0 49 0 0 22 54 0 19 56 39 0 0 55 63 50 0 68 38 23 23 16 11 0 97 99 88 0 0 77 25 32 84 0 86 23 55 82 4 72 67 0 32 13 98 41 0 0 0 59 0 0 17 9 1 0 66 0 16 96 62 59 69 41 65 
37 86 0 83 0 54 27 34 61 78 89 42 90 36 41 1 86 29 92 3 34 88 20 50 0 92 37 0 0 59 40 14 16 0 0 69 86 9 93 44 100 19 55 23 82 0 72 18 11 40 40 0 63 5 46 35 2 80 93 94 0 92 76 71 0 0 8 0 44 38 39 84 23 37 64 50 29 99 0 55 78 0 53 18 72 2 88 0 92 31 26 8 16 0 0 0 91 72 60 7 
74 0 92 20 6 0 72 0 0 95 0 18 0 74 0 97 0 0 64 5 75 91 48 1 0 5 65 37 1 26 0 0 26 35 32 0 73 32 0 0 38 23 0 12 19 52 84 57 58 29 0 0 0 100 40 36 0 55 61 76 0 0 16 15 0 50 35 86 85 6 0 0 2 73 74 11 0 16 48 91 0 78 11 20 56 0 0 99 96 84 45 57 96 0 0 0 89 44 59 63 
56 85 73 0 60 54 28 62 87 40 19 0 87 3 71 36 20 1 73 40 13 0 54 70 0 84 97 88 86 5 34 17 86 41 40 29 4 0 55 13 49 0 42 22 58 0 68 43 88 46 85 44 0 14 0 5 0 100 90 59 25 0 6 0 0 16 21 37 18 60 89 70 75 2 88 29 91 8 63 73 29 39 95 86 40 96 0 25 21 8 34 3 62 0 0 0 51 50 68 14 
33 25 33 13 98 30 24 8 11 44 99 80 0 27 60 68 29 94 38 3 64 0 100 3 47 50 62 98 17 6 98 0 79 100 45 97 34 0 46 87 43 34 96 12 0 63 16 81 20 26 86 68 49 55 97 0 81 40 74 34 0 37 21 40 4 41 87 20 50 6 23 16 74 33 37 38 42 54 80 59 90 90 0 0 43 44 74 86 32 64 39 52 59 91 89 51 0 78 52 79 
57 28 62 63 47 61 81 99 68 15 28 18 61 2 95 70 86 23 33 18 18 100 92 55 0 32 55 84 20 92 50 62 86 40 57 0 40 74 27 79 19 85 51 11 0 10 12 87 81 0 87 10 6 15 49 62 0 0 40 14 33 44 76 0 70 0 55 84 16 0 89 11 100 74 20 98 30 98 26 19 65 66 7 95 24 0 48 0 0 0 0 45 69 72 44 50 78 0 92 47 
39 0 27 95 4 12 40 31 0 0 22 60 0 42 17 76 0 91 0 92 16 85 12 59 18 90 79 0 0 93 40 93 67 5 0 47 86 77 62 42 90 50 81 0 3 89 20 0 0 0 19 96 0 0 67 76 82 38 54 98 82 71 0 0 40 47 0 0 56 39 89 13 94 72 79 0 46 70 0 73 97 19 3 59 0 19 78 0 0 6 41 75 41 60 59 68 52 92 0 53 
32 0 7 39 66 0 48 20 56 76 94 45 27 0 44 14 92 0 78 10 3 8 79 2 82 93 38 62 0 0 0 11 36 0 67 0 25 56 0 67 70 20 73 67 12 15 59 10 0 0 86 0 65 42 99 89 19 22 0 83 93 70 83 78 0 36 0 82 38 41 22 30 3 60 52 43 0 0 28 73 20 52 41 89 34 70 43 37 56 25 12 95 65 7 63 14 79 47 53 0 
