0 0 0 0 223 0 0 206 0 0 0 0 0 0 0 0 0 0 0 0 0 0 0 491 0 0 0 0 0 0 0 238 423 0 429 0 0 0 0 0 0 251 361 0 0 0 0 0 0 0 385 0 0 0 0 0 181 0 0 0 0 0 0 0 0 0 0 0 0 0 0 0 0 0 0 0 0 0 0 0 0 172 0 0 189 0 0 487 186 431 0 0 0 0 0 0 0 0 0 0 
0 0 0 0 0 0 0 0 0 0 0 0 0 0 0 0 394 0 0 0 0 0 0 0 0 0 0 0 0 0 0 0 0 0 384 0 214 0 0 0 0 0 216 0 0 0 178 0 0 0 0 0 0 0 0 0 0 0 0 0 0 0 449 0 0 0 219 0 57 0 453 0 0 0 0 0 0 0 0 386 0 0 446 0 0 0 0 0 0 0 0 0 297 0 0 0 0 0 0 0 
0 0 0 0 0 0 0 0 0 0 0 0 68 0 445 0 224 0 0 0 0 0 0 0 0 0 0 0 0 0 0 0 0 0 0 0 110 0 0 0 0 0 0 0 0 123 0 0 0 0 220 0 0 0 0 0 0 0 0 0 0 0 69 0 0 0 0 0 0 0 0 0 160 0 342 0 356 0 0 147 342 0 0 0 0 0 0 0 0 0 0 461 0 0 0 0 0 0 0 0 
0 0 0 0 0 460 0 0 0 0 445 0 304 0 0 0 0 0 0 0 0 0 0 0 262 0 0 0 0 0 0 0 74 0 0 0 0 401 484 139 0 0 0 0 0 295 0 0 414 0 0 0 0 0 84 0 0 0 0 0 0 0 0 0 0 450 0 0 0 0 0 0 0 0 0 0 0 0 0 0 434 0 0 0 0 0 0 0 263 0 0 0 242 0 0 0 0 0 0 0 
223 0 0 0 0 147 0 0 0 0 0 0 0 0 0 0 345 0 0 0 436 0 0 0 0 0 0 0 0 0 0 0 0 0 0 0 0 0 228 0 0 0 438 486 0 0 0 0 0 0 0 223 0 0 452 0 0 0 0 0 320 0 0 0 138 0 0 0 0 0 0 0 0 450 0 0 0 0 482 0 0 0 0 0 0 0 0 0 0 0 0 0 0 0 0 0 0 0 0 0 
0 0 0 460 147 0 0 0 0 492 0 0 0 0 0 0 0 0 0 0 0 0 0 0 0 0 0 0 0 0 0 0 0 0 0 0 0 0 0 0 0 0 0 0 120 0 0 0 39 281 0 0 296 0 0 0 0 0 0 0 0 0 0 0 187 426 218 0 0 375 0 0 0 0 0 0 0 0 0 0 395 0 373 0 0 0 372 0 0 0 0 0 27 0 0 0 0 0 0 0 
0 0 0 0 0 0 0 474 151 0 0 0 0 0 0 0 0 0 0 38 0 0 0 0 372 0 0 0 0 0 0 0 0 0 0 428 0 0 0 0 0 0 0 0 0 0 0 0 0 0 269 0 0 337 0 0 0 0 0 0 0 0 0 195 0 0 499 0 267 0 0 90 0 0 0 141 0 0 283 195 0 0 0 0 0 0 0 0 0 0 0 0 0 0 0 0 455 0 0 0 
206 0 0 0 0 0 474 0 308 0 0 0 0 0 360 0 0 411 0 16 0 0 0 0 0 0 0 0 0 0 0 1 0 0 0 0 0 400 446 0 0 0 0 0 0 0 0 112 0 0 0 0 0 411 0 0 0 0 0 0 0 0 0 0 0 0 0 187 0 125 0 0 0 0 0 0 0 0 0 0 0 0 0 0 0 0 138 0 385 0 0 0 0 0 0 0 0 0 0 0 
0 0 0 0 0 0 151 308 0 0 150 0 0 474 0 80 0 0 0 0 0 0 0 0 0 0 342 0 0 0 0 0 0 0 0 0 0 0 102 442 0 290 329 0 462 0 0 0 0 0 0 0 230 0 0 0 0 0 0 0 0 0 7 0 0 0 0 0 0 0 0 0 0 0 0 0 0 0 0 0 146 0 0 0 0 0 455 0 0 0 0 0 0 0 0 0 0 0 0 0 
0 0 0 0 0 492 0 0 0 0 0 0 0 0 0 0 0 74 0 0 0 0 0 157 0 0 0 0 0 0 0 0 0 0 114 0 0 0 0 0 0 0 461 0 0 0 0 0 0 0 0 0 0 0 0 0 0 0 0 0 0 287 0 0 0 0 0 0 0 0 0 0 0 0 352 0 0 0 0 0 0 0 0 0 0 0 0 0 189 0 0 0 0 0 0 447 0 0 274 0 
0 0 0 445 0 0 0 0 150 0 0 463 0 0 0 0 0 0 0 0 0 0 0 0 0 0 298 0 0 0 0 0 0 0 173 0 0 0 0 0 0 0 0 305 0 0 12 474 0 0 0 0 0 0 0 0 0 0 393 0 0 53 0 154 0 0 0 0 0 0 0 379 0 0 0 0 0 140 0 0 0 0 0 0 0 0 0 0 0 0 125 0 0 0 0 0 67 0 0 0 
0 0 0 0 0 0 0 0 0 0 463 0 0 0 0 0 0 0 0 0 0 0 0 66 0 0 0 0 0 0 0 0 0 0 0 0 0 0 0 0 0 0 0 0 0 216 0 18 0 174 0 0 195 0 0 0 412 0 186 336 68 0 0 0 0 239 0 0 0 0 0 0 0 0 0 206 0 0 0 0 0 0 0 0 0 0 0 0 0 0 0 228 351 0 0 323 0 0 0 0 
0 0 68 304 0 0 0 0 0 0 0 0 0 0 0 317 229 0 0 0 0 0 0 0 0 0 0 426 0 0 274 17 396 0 0 0 0 0 0 0 0 0 0 0 0 0 438 0 0 0 0 0 0 0 0 0 0 0 0 0 0 0 0 88 0 0 0 0 0 0 0 0 0 0 0 0 0 0 0 0 0 0 0 0 481 0 0 0 0 0 0 0 0 340 0 219 0 426 0 0 
0 0 0 0 0 0 0 0 474 0 0 0 0 0 0 183 0 0 0 0 0 0 0 463 109 0 0 0 0 195 0 0 0 0 0 0 227 0 0 0 0 0 0 0 0 0 0 0 0 0 0 0 0 0 0 0 0 0 420 0 0 0 0 0 0 0 0 0 0 327 0 149 0 0 0 0 0 0 0 0 0 0 0 0 0 0 0 0 0 0 297 0 0 0 0 0 0 0 0 0 
0 0 445 0 0 0 0 360 0 0 0 0 0 0 0 0 0 0 0 0 0 0 0 0 0 0 0 0 0 0 0 0 0 0 0 0 0 0 0 0 0 109 0 0 0 0 0 0 0 0 0 0 0 22 0 0 0 0 0 0 0 0 0 0 0 0 0 0 0 0 0 365 360 0 0 0 0 0 0 148 374 0 0 0 0 293 0 0 0 0 0 0 50 0 0 0 0 0 149 0 
0 0 0 0 0 0 0 0 80 0 0 0 317 183 0 0 0 0 0 0 0 0 0 0 0 0 0 0 0 436 0 440 0 0 0 0 0 0 0 0 192 0 206 0 0 240 0 0 0 0 0 0 0 0 0 0 0 0 0 0 0 0 0 0 0 0 0 0 0 0 0 0 0 0 0 0 0 101 178 0 0 216 0 0 0 264 0 0 0 0 330 0 0 0 0 471 0 0 0 0 
0 394 224 0 345 0 0 0 0 0 0 0 229 0 0 0 0 0 0 0 0 0 0 0 0 0 0 0 114 0 0 0 0 144 0 0 0 0 0 0 0 0 283 219 0 266 0 0 289 0 0 0 0 0 285 0 270 0 0 0 24 0 0 0 0 0 0 0 0 0 115 0 0 0 0 0 0 0 0 0 0 0 0 0 0 0 0 228 0 0 0 0 0 0 0 0 0 0 0 0 
0 0 0 0 0 0 0 411 0 74 0 0 0 0 0 0 0 0 415 0 60 0 0 0 0 0 0 0 0 0 0 0 0 0 0 0 0 0 0 0 0 0 0 0 178 0 0 0 0 0 200 0 0 0 345 107 0 0 0 0 0 0 0 0 308 0 0 171 102 0 0 0 0 0 0 0 0 0 0 159 0 0 0 0 0 0 0 0 0 0 0 0 0 0 109 0 0 0 0 0 
0 0 0 0 0 0 0 0 0 0 0 0 0 0 0 0 0 415 0 0 0 0 0 482 0 0 0 0 0 0 0 0 0 254 0 0 339 303 0 436 174 0 0 0 0 0 0 0 406 0 0 0 0 0 0 357 0 0 0 0 0 0 0 0 0 32 0 332 0 0 0 0 0 0 0 490 0 176 0 0 0 0 0 0 0 0 0 0 0 0 393 0 0 0 0 0 0 439 0 0 
0 0 0 0 0 0 38 16 0 0 0 0 0 0 0 0 0 0 0 0 0 0 0 0 0 0 0 0 0 0 0 0 218 0 0 0 0 0 0 0 0 428 0 0 0 0 0 0 0 0 0 0 0 0 0 234 187 0 0 0 394 322 0 0 0 7 0 250 0 0 0 0 0 0 167 0 0 285 0 0 0 0 0 0 0 0 0 0 0 0 367 0 0 0 0 436 0 0 287 0 
0 0 0 0 436 0 0 0 0 0 0 0 0 0 0 0 0 60 0 0 0 0 0 0 162 0 0 0 0 0 0 472 162 0 0 0 0 0 0 0 0 444 0 0 0 0 0 0 0 0 0 0 0 0 0 434 0 0 0 0 0 0 0 0 0 130 0 0 0 0 0 0 0 0 0 0 0 0 0 0 0 347 0 0 0 0 333 0 0 54 0 0 0 0 0 0 335 386 0 0 
0 0 0 0 0 0 0 0 0 0 0 0 0 0 0 0 0 0 0 0 0 0 0 0 143 0 0 0 0 141 0 0 0 0 0 0 216 0 0 0 0 0 0 0 303 444 0 0 466 0 0 0 0 0 0 48 315 0 0 76 0 486 0 0 0 0 0 0 0 0 485 0 0 0 0 0 0 0 0 7 0 392 0 0 0 139 161 0 0 0 0 0 0 0 0 0 0 0 0 0 
0 0 0 0 0 0 0 0 0 0 0 0 0 0 0 0 0 0 0 0 0 0 0 0 0 0 0 0 0 0 0 0 0 0 0 0 0 0 0 0 0 0 310 309 0 0 0 0 95 360 0 0 0 0 0 0 0 0 0 0 0 0 0 0 0 0 0 80 0 0 355 88 0 0 0 0 0 0 0 0 0 0 0 0 0 406 0 0 245 393 0 0 0 0 0 0 0 0 0 0 
491 0 0 0 0 0 0 0 0 157 0 66 0 463 0 0 0 0 482 0 0 0 0 0 0 0 0 0 0 0 0 0 0 0 0 0 0 0 0 0 0 0 455 0 0 0 0 0 0 0 131 267 0 0 177 283 0 0 0 230 0 0 0 0 0 0 236 0 0 0 0 0 0 0 0 0 0 0 0 0 0 0 0 0 0 0 0 0 0 0 0 0 0 0 110 0 0 0 334 382 
0 0 0 262 0 0 372 0 0 0 0 0 0 109 0 0 0 0 0 0 162 143 0 0 0 0 451 0 0 0 0 0 0 0 0 0 0 287 0 0 382 0 0 0 0 0 471 0 0 0 0 0 0 0 479 0 0 0 0 0 345 0 0 0 0 0 0 0 0 0 285 194 0 0 0 0 0 0 0 0 0 0 0 0 0 0 0 0 0 0 0 0 0 0 0 0 0 0 0 463 
0 0 0 0 0 0 0 0 0 0 0 0 0 0 0 0 0 0 0 0 0 0 0 0 0 0 0 0 0 0 0 0 0 0 0 0 0 0 0 0 217 98 0 0 475 0 0 0 120 0 0 484 0 0 0 0 0 0 0 335 0 158 0 0 0 0 0 0 68 266 0 0 0 275 0 0 0 0 134 0 0 0 0 0 0 0 0 0 0 0 0 0 486 0 0 0 246 0 199 254 
0 0 0 0 0 0 0 0 342 0 298 0 0 0 0 0 0 0 0 0 0 0 0 0 451 0 0 0 69 202 0 0 0 340 0 0 0 0 0 0 0 0 0 0 0 0 0 0 0 0 0 0 0 207 0 0 0 0 0 398 0 462 0 0 0 0 0 0 0 0 0 0 0 0 0 0 0 152 0 0 92 0 0 0 0 0 0 0 206 0 0 0 0 0 0 0 0 0 0 0 
0 0 0 0 0 0 0 0 0 0 0 0 426 0 0 0 0 0 0 0 0 0 0 0 0 0 0 0 0 0 0 0 0 77 144 273 0 0 0 3 0 0 0 0 0 0 494 0 0 0 0 126 0 129 0 0 0 0 0 0 0 0 0 101 0 0 0 79 0 0 0 225 0 0 0 0 0 0 0 0 0 0 0 339 0 0 0 0 0 227 0 0 0 0 0 0 0 0 0 86 
0 0 0 0 0 0 0 0 0 0 0 0 0 0 0 0 114 0 0 0 0 0 0 0 0 0 69 0 0 0 0 0 0 0 0 319 0 0 0 0 0 382 0 0 0 0 0 0 0 0 0 0 0 0 0 0 0 0 0 0 0 0 260 0 0 0 0 0 0 0 482 351 0 0 0 0 0 0 0 0 0 0 68 0 0 0 0 0 359 0 0 0 0 0 0 0 0 0 0 0 
0 0 0 0 0 0 0 0 0 0 0 0 0 195 0 436 0 0 0 0 0 141 0 0 0 0 202 0 0 0 0 42 0 0 0 0 0 0 0 0 0 0 0 0 0 0 0 0 0 0 0 0 0 397 0 0 0 0 0 361 0 0 0 0 0 0 0 0 0 0 0 0 0 0 0 0 0 332 183 343 459 0 0 206 0 0 0 0 0 196 0 0 0 0 0 0 474 0 0 0 
0 0 0 0 0 0 0 0 0 0 0 0 274 0 0 0 0 0 0 0 0 0 0 0 0 0 0 0 0 0 0 0 0 7 0 0 0 0 0 0 0 0 0 0 0 0 0 0 0 0 0 0 0 0 0 0 0 0 0 0 0 149 0 0 0 0 5 0 0 0 0 0 0 138 0 224 0 0 0 0 0 0 0 0 0 0 0 0 270 0 136 0 0 0 0 441 0 0 0 0 
238 0 0 0 0 0 0 1 0 0 0 0 17 0 0 440 0 0 0 0 472 0 0 0 0 0 0 0 0 42 0 0 164 0 444 0 0 0 0 0 0 0 0 0 0 0 0 0 0 0 0 0 0 0 0 0 0 0 450 0 0 0 0 0 0 0 0 220 0 411 0 0 0 0 0 0 0 0 0 0 0 0 0 0 0 0 0 0 0 0 120 0 0 0 0 0 0 125 289 345 
423 0 0 74 0 0 0 0 0 0 0 0 396 0 0 0 0 0 0 218 162 0 0 0 0 0 0 0 0 0 0 164 0 0 0 247 0 0 0 0 0 0 0 0 0 0 0 0 0 0 0 0 0 0 164 0 107 0 102 0 0 0 0 0 0 0 0 0 231 0 0 0 0 0 0 0 0 0 0 0 0 6 252 457 0 0 0 0 0 0 0 0 0 0 0 0 0 176 0 0 
0 0 0 0 0 0 0 0 0 0 0 0 0 0 0 0 144 0 254 0 0 0 0 0 0 0 340 77 0 0 7 0 0 0 0 0 0 0 0 0 233 0 0 0 0 0 0 0 8 0 0 3 0 0 346 0 0 0 0 0 134 0 0 0 0 0 0 0 0 0 0 358 0 73 0 0 0 0 0 0 0 0 0 306 0 135 0 0 0 0 0 0 0 0 0 0 0 198 0 0 
429 384 0 0 0 0 0 0 0 114 173 0 0 0 0 0 0 0 0 0 0 0 0 0 0 0 0 144 0 0 0 444 0 0 0 0 0 0 195 0 0 0 0 0 0 0 0 0 0 0 0 0 0 0 0 0 266 0 0 0 182 0 0 0 337 0 0 0 0 0 0 0 0 0 0 0 0 0 0 0 0 0 0 0 473 0 0 0 0 0 0 0 439 0 0 0 0 0 0 0 
0 0 0 0 0 0 428 0 0 0 0 0 0 0 0 0 0 0 0 0 0 0 0 0 0 0 0 273 319 0 0 0 247 0 0 0 0 0 0 10 0 0 0 465 0 0 0 0 0 0 157 0 0 0 0 0 0 0 0 0 0 0 0 0 0 0 0 0 0 0 0 0 0 0 0 0 0 0 0 0 0 215 0 39 0 0 0 0 0 0 0 0 0 412 0 0 0 0 0 0 
0 214 110 0 0 0 0 0 0 0 0 0 0 227 0 0 0 0 339 0 0 216 0 0 0 0 0 0 0 0 0 0 0 0 0 0 0 0 0 0 0 340 0 318 0 0 0 0 0 0 0 0 0 0 0 0 0 492 0 0 360 0 0 0 0 0 0 0 0 0 455 0 0 115 248 0 305 0 0 0 0 0 0 0 0 0 410 0 0 0 75 0 0 0 0 0 0 0 0 0 
0 0 0 401 0 0 0 400 0 0 0 0 0 0 0 0 0 0 303 0 0 0 0 0 287 0 0 0 0 0 0 0 0 0 0 0 0 0 397 0 0 0 0 0 0 0 0 486 0 0 104 0 0 0 0 0 0 0 0 0 0 0 125 0 0 316 0 158 0 0 0 0 0 0 0 0 0 0 0 0 0 0 0 0 0 0 0 0 0 0 0 0 0 0 0 0 0 22 155 0 
0 0 0 484 228 0 0 446 102 0 0 0 0 0 0 0 0 0 0 0 0 0 0 0 0 0 0 0 0 0 0 0 0 0 195 0 0 397 0 0 0 0 0 0 0 0 206 0 0 171 0 0 0 0 0 0 274 90 0 140 0 0 0 0 144 0 0 0 0 0 0 0 0 0 0 0 0 0 0 0 0 0 0 0 423 0 53 0 0 0 0 0 0 0 0 0 0 0 192 0 
0 0 0 139 0 0 0 0 442 0 0 0 0 0 0 0 0 0 436 0 0 0 0 0 0 0 0 3 0 0 0 0 0 0 0 10 0 0 0 0 0 0 0 0 0 306 0 0 0 0 0 0 0 0 0 0 0 0 110 0 0 0 351 0 0 0 350 0 0 0 0 0 0 290 0 0 443 0 132 0 0 0 0 0 0 0 0 0 0 407 71 0 0 0 460 0 0 0 0 0 
0 0 0 0 0 0 0 0 0 0 0 0 0 0 0 192 0 0 174 0 0 0 0 0 382 217 0 0 0 0 0 0 0 233 0 0 0 0 0 0 0 0 0 0 0 0 170 0 307 0 0 0 240 0 0 0 58 0 0 0 349 0 180 0 33 0 0 0 0 0 0 0 0 0 0 0 0 0 145 0 0 0 0 0 0 0 0 0 0 447 338 0 0 0 0 0 0 0 0 0 
251 0 0 0 0 0 0 0 290 0 0 0 0 0 109 0 0 0 0 428 444 0 0 0 0 98 0 0 382 0 0 0 0 0 0 0 340 0 0 0 0 0 0 0 0 0 0 0 0 0 0 0 0 0 0 0 0 0 0 0 0 0 0 149 0 0 0 0 0 0 0 0 0 0 0 0 82 0 0 0 0 0 254 0 47 0 144 0 0 0 155 0 0 36 0 0 0 0 0 0 
361 216 0 0 438 0 0 0 329 461 0 0 0 0 0 206 283 0 0 0 0 0 310 455 0 0 0 0 0 0 0 0 0 0 0 0 0 0 0 0 0 0 0 0 0 0 0 0 0 0 0 0 0 0 0 0 0 0 0 0 0 0 0 0 0 0 0 0 0 0 0 0 0 0 0 0 0 352 0 0 0 65 0 0 0 0 384 0 0 0 0 0 0 0 0 0 0 0 0 165 
0 0 0 0 486 0 0 0 0 0 305 0 0 0 0 0 219 0 0 0 0 0 309 0 0 0 0 0 0 0 0 0 0 0 0 465 318 0 0 0 0 0 0 0 0 0 294 0 391 116 0 0 0 442 248 0 0 0 0 0 0 0 0 0 0 42 0 0 0 0 223 0 0 0 0 0 0 0 0 0 0 0 0 0 183 0 0 0 0 0 0 0 0 0 0 0 0 0 0 0 
0 0 0 0 0 120 0 0 462 0 0 0 0 0 0 0 0 178 0 0 0 303 0 0 0 475 0 0 0 0 0 0 0 0 0 0 0 0 0 0 0 0 0 0 0 406 0 0 0 214 0 0 0 0 438 0 0 0 0 0 461 0 0 0 0 474 0 0 0 349 0 176 0 0 0 0 0 0 0 0 0 0 0 0 0 439 9 0 0 0 0 0 0 0 0 0 0 360 0 0 
0 0 123 295 0 0 0 0 0 0 0 216 0 0 0 240 266 0 0 0 0 444 0 0 0 0 0 0 0 0 0 0 0 0 0 0 0 0 0 306 0 0 0 0 406 0 0 0 0 0 0 0 0 0 0 292 0 0 0 0 0 0 310 0 0 0 0 0 0 0 0 0 0 0 0 0 0 0 0 0 0 0 0 0 0 0 0 235 0 330 0 214 274 399 0 0 0 0 0 0 
0 178 0 0 0 0 0 0 0 0 12 0 438 0 0 0 0 0 0 0 0 0 0 0 471 0 0 494 0 0 0 0 0 0 0 0 0 0 206 0 170 0 0 294 0 0 0 0 0 377 0 0 431 0 0 0 0 0 0 0 0 0 0 0 0 0 437 0 0 0 0 0 0 0 0 0 0 0 0 0 0 0 0 0 376 0 0 0 0 158 331 0 0 0 0 0 0 0 0 212 
0 0 0 0 0 0 0 112 0 0 474 18 0 0 0 0 0 0 0 0 0 0 0 0 0 0 0 0 0 0 0 0 0 0 0 0 0 486 0 0 0 0 0 0 0 0 0 0 0 314 0 0 0 0 0 0 0 0 0 0 0 361 0 0 0 0 0 0 0 0 0 0 0 0 0 0 0 0 0 45 0 0 0 378 0 0 0 0 0 0 0 0 0 0 327 0 0 187 0 0 
0 0 0 414 0 39 0 0 0 0 0 0 0 0 0 0 289 0 406 0 0 466 95 0 0 120 0 0 0 0 0 0 0 8 0 0 0 0 0 0 307 0 0 391 0 0 0 0 0 0 0 0 0 0 0 0 0 0 0 0 0 0 0 0 0 0 395 0 0 0 0 93 0 0 0 0 0 0 0 369 0 147 0 0 0 0 0 0 0 0 0 0 0 0 0 0 0 0 0 264 
0 0 0 0 0 281 0 0 0 0 0 174 0 0 0 0 0 0 0 0 0 0 360 0 0 0 0 0 0 0 0 0 0 0 0 0 0 0 171 0 0 0 0 116 214 0 377 314 0 0 0 0 0 15 0 0 0 0 0 0 0 0 329 0 0 0 0 0 0 0 0 0 0 0 0 169 0 0 0 0 0 0 0 0 0 200 427 0 0 0 0 0 0 0 334 68 0 0 0 0 
385 0 220 0 0 0 269 0 0 0 0 0 0 0 0 0 0 200 0 0 0 0 0 131 0 0 0 0 0 0 0 0 0 0 0 157 0 104 0 0 0 0 0 0 0 0 0 0 0 0 0 0 215 119 423 0 0 0 0 0 0 0 0 0 0 0 0 0 0 0 0 0 0 0 0 0 0 0 0 72 0 387 0 76 275 0 0 0 58 0 0 0 0 0 0 0 0 0 0 0 
0 0 0 0 223 0 0 0 0 0 0 0 0 0 0 0 0 0 0 0 0 0 0 267 0 484 0 126 0 0 0 0 0 3 0 0 0 0 0 0 0 0 0 0 0 0 0 0 0 0 0 0 0 0 0 0 0 0 0 0 0 0 0 117 0 93 0 0 235 171 0 0 0 0 0 181 0 188 41 0 0 0 0 0 0 0 0 0 427 0 0 0 246 0 0 0 0 404 0 0 
0 0 0 0 0 296 0 0 230 0 0 195 0 0 0 0 0 0 0 0 0 0 0 0 0 0 0 0 0 0 0 0 0 0 0 0 0 0 0 0 240 0 0 0 0 0 431 0 0 0 215 0 0 0 0 0 0 0 0 0 0 0 0 191 0 0 203 0 0 0 0 0 0 0 0 0 0 0 0 0 0 0 0 458 0 38 0 0 0 0 0 34 357 199 0 0 0 0 0 144 
0 0 0 0 0 0 337 411 0 0 0 0 0 0 22 0 0 0 0 0 0 0 0 0 0 0 207 129 0 397 0 0 0 0 0 0 0 0 0 0 0 0 0 442 0 0 0 0 0 15 119 0 0 0 0 0 0 320 0 0 0 0 0 0 0 0 0 0 339 0 234 0 0 0 414 0 0 0 39 0 0 0 0 0 0 293 0 0 0 0 0 0 0 0 0 0 0 0 0 0 
0 0 0 84 452 0 0 0 0 0 0 0 0 0 0 0 285 345 0 0 0 0 0 177 479 0 0 0 0 0 0 0 164 346 0 0 0 0 0 0 0 0 0 248 438 0 0 0 0 0 423 0 0 0 0 0 0 0 0 0 0 0 350 0 347 0 0 0 42 0 0 0 0 0 0 0 0 0 0 0 0 0 0 0 0 0 0 0 0 0 0 0 0 0 0 234 0 0 0 0 
0 0 0 0 0 0 0 0 0 0 0 0 0 0 0 0 0 107 357 234 434 48 0 283 0 0 0 0 0 0 0 0 0 0 0 0 0 0 0 0 0 0 0 0 0 292 0 0 0 0 0 0 0 0 0 0 0 0 0 0 0 439 0 436 250 0 0 0 0 0 0 0 0 0 0 0 0 0 0 199 0 0 0 0 0 0 0 0 0 0 0 0 0 0 235 0 0 0 0 0 
181 0 0 0 0 0 0 0 0 0 0 412 0 0 0 0 270 0 0 187 0 315 0 0 0 0 0 0 0 0 0 0 107 0 266 0 0 0 274 0 58 0 0 0 0 0 0 0 0 0 0 0 0 0 0 0 0 0 0 353 0 0 0 0 105 0 0 0 0 0 0 0 0 0 336 0 0 0 223 0 0 0 260 0 0 0 0 0 0 0 0 0 0 0 0 0 0 0 0 0 
0 0 0 0 0 0 0 0 0 0 0 0 0 0 0 0 0 0 0 0 0 0 0 0 0 0 0 0 0 0 0 0 0 0 0 0 492 0 90 0 0 0 0 0 0 0 0 0 0 0 0 0 0 320 0 0 0 0 0 0 0 0 0 0 0 0 0 54 0 0 0 0 0 0 0 9 217 0 0 0 407 0 0 0 0 0 0 0 0 0 0 0 0 0 0 0 0 0 0 482 
0 0 0 0 0 0 0 0 0 0 393 186 0 420 0 0 0 0 0 0 0 0 0 0 0 0 0 0 0 0 0 450 102 0 0 0 0 0 0 110 0 0 0 0 0 0 0 0 0 0 0 0 0 0 0 0 0 0 0 0 0 262 0 485 0 0 392 0 0 0 0 0 0 0 0 0 0 0 0 0 0 0 0 0 0 0 0 0 0 0 0 0 0 0 416 0 254 0 0 441 
0 0 0 0 0 0 0 0 0 0 0 336 0 0 0 0 0 0 0 0 0 76 0 230 0 335 398 0 0 361 0 0 0 0 0 0 0 0 140 0 0 0 0 0 0 0 0 0 0 0 0 0 0 0 0 0 353 0 0 0 0 0 55 0 418 0 0 0 0 0 0 117 0 0 0 121 0 371 0 0 0 0 0 0 0 0 0 0 0 0 0 0 131 328 0 0 0 0 0 0 
0 0 0 0 320 0 0 0 0 0 0 68 0 0 0 0 24 0 0 394 0 0 0 0 345 0 0 0 0 0 0 0 0 134 182 0 360 0 0 0 349 0 0 0 461 0 0 0 0 0 0 0 0 0 0 0 0 0 0 0 0 0 0 0 0 19 0 0 0 0 203 0 0 0 0 0 158 0 0 0 0 0 0 0 0 237 0 0 0 0 0 0 0 0 0 0 0 0 301 0 
0 0 0 0 0 0 0 0 0 287 53 0 0 0 0 0 0 0 0 322 0 486 0 0 0 158 462 0 0 0 149 0 0 0 0 0 0 0 0 0 0 0 0 0 0 0 0 361 0 0 0 0 0 0 0 439 0 0 262 0 0 0 246 219 0 0 0 0 0 0 0 0 0 196 0 0 0 0 0 0 0 0 353 0 0 0 0 0 0 0 0 0 0 0 0 0 0 0 0 0 
0 449 69 0 0 0 0 0 7 0 0 0 0 0 0 0 0 0 0 0 0 0 0 0 0 0 0 0 260 0 0 0 0 0 0 0 0 125 0 351 180 0 0 0 0 310 0 0 0 329 0 0 0 0 350 0 0 0 0 55 0 246 0 0 0 0 0 0 0 0 0 0 173 0 0 0 0 0 0 0 0 0 0 154 0 0 0 0 0 0 0 0 0 0 0 59 0 0 0 0 
0 0 0 0 0 0 195 0 0 0 154 0 88 0 0 0 0 0 0 0 0 0 0 0 0 0 0 101 0 0 0 0 0 0 0 0 0 0 0 0 0 149 0 0 0 0 0 0 0 0 0 117 191 0 0 436 0 0 485 0 0 219 0 0 0 0 0 0 0 0 0 0 0 0 0 0 0 0 0 0 0 0 0 251 0 49 0 0 0 0 0 231 0 0 105 0 0 0 276 0 
0 0 0 0 138 187 0 0 0 0 0 0 0 0 0 0 0 308 0 0 0 0 0 0 0 0 0 0 0 0 0 0 0 0 337 0 0 0 144 0 33 0 0 0 0 0 0 0 0 0 0 0 0 0 347 250 105 0 0 418 0 0 0 0 0 0 0 0 0 0 0 0 0 0 0 0 135 0 0 0 0 0 0 0 0 0 0 0 0 0 325 0 0 0 0 318 0 0 0 0 
0 0 0 450 0 426 0 0 0 0 0 239 0 0 0 0 0 0 32 7 130 0 0 0 0 0 0 0 0 0 0 0 0 0 0 0 0 316 0 0 0 0 0 42 474 0 0 0 0 0 0 93 0 0 0 0 0 0 0 0 19 0 0 0 0 0 0 0 0 0 0 0 0 0 0 0 0 0 0 0 147 175 0 0 0 0 0 0 0 0 0 0 0 0 0 0 340 361 0 0 
0 219 0 0 0 218 499 0 0 0 0 0 0 0 0 0 0 0 0 0 0 0 0 236 0 0 0 0 0 0 5 0 0 0 0 0 0 0 0 350 0 0 0 0 0 0 437 0 395 0 0 0 203 0 0 0 0 0 392 0 0 0 0 0 0 0 0 398 344 0 0 0 0 0 146 250 0 0 0 0 0 0 0 0 0 0 0 0 0 0 0 226 0 0 0 0 0 0 0 0 
0 0 0 0 0 0 0 187 0 0 0 0 0 0 0 0 0 171 332 250 0 0 80 0 0 0 0 79 0 0 0 220 0 0 0 0 0 158 0 0 0 0 0 0 0 0 0 0 0 0 0 0 0 0 0 0 0 54 0 0 0 0 0 0 0 0 398 0 179 0 0 0 0 0 0 0 0 0 0 0 0 0 0 0 0 0 0 321 0 0 0 384 0 0 0 0 0 0 0 0 
0 57 0 0 0 0 267 0 0 0 0 0 0 0 0 0 0 102 0 0 0 0 0 0 0 68 0 0 0 0 0 0 231 0 0 0 0 0 0 0 0 0 0 0 0 0 0 0 0 0 0 235 0 339 42 0 0 0 0 0 0 0 0 0 0 0 344 179 0 0 76 0 0 0 0 0 0 0 0 0 0 0 0 0 0 0 0 24 0 239 0 214 0 0 0 0 290 0 0 0 
0 0 0 0 0 375 0 125 0 0 0 0 0 327 0 0 0 0 0 0 0 0 0 0 0 266 0 0 0 0 0 411 0 0 0 0 0 0 0 0 0 0 0 0 349 0 0 0 0 0 0 171 0 0 0 0 0 0 0 0 0 0 0 0 0 0 0 0 0 0 0 227 0 0 0 0 379 0 0 0 0 0 284 0 0 0 0 0 0 0 0 0 0 0 0 0 0 0 0 0 
0 453 0 0 0 0 0 0 0 0 0 0 0 0 0 0 115 0 0 0 0 485 355 0 285 0 0 0 482 0 0 0 0 0 0 0 455 0 0 0 0 0 0 223 0 0 0 0 0 0 0 0 0 234 0 0 0 0 0 0 203 0 0 0 0 0 0 0 76 0 0 0 0 0 0 0 156 0 0 0 341 0 0 0 0 0 386 0 0 0 0 0 140 0 0 0 0 0 0 0 
0 0 0 0 0 0 90 0 0 0 379 0 0 149 365 0 0 0 0 0 0 0 88 0 194 0 0 225 351 0 0 0 0 358 0 0 0 0 0 0 0 0 0 0 176 0 0 0 93 0 0 0 0 0 0 0 0 0 0 117 0 0 0 0 0 0 0 0 0 227 0 0 0 0 0 432 0 0 0 0 0 0 0 0 0 0 0 0 0 0 0 0 0 0 0 0 0 0 0 61 
0 0 160 0 0 0 0 0 0 0 0 0 0 0 360 0 0 0 0 0 0 0 0 0 0 0 0 0 0 0 0 0 0 0 0 0 0 0 0 0 0 0 0 0 0 0 0 0 0 0 0 0 0 0 0 0 0 0 0 0 0 0 173 0 0 0 0 0 0 0 0 0 0 0 0 0 75 0 0 0 0 0 0 0 0 0 0 0 0 0 0 0 0 84 0 0 384 198 183 0 
0 0 0 0 450 0 0 0 0 0 0 0 0 0 0 0 0 0 0 0 0 0 0 0 0 275 0 0 0 0 138 0 0 73 0 0 115 0 0 290 0 0 0 0 0 0 0 0 0 0 0 0 0 0 0 0 0 0 0 0 0 196 0 0 0 0 0 0 0 0 0 0 0 0 0 0 0 0 0 0 458 153 0 297 0 0 0 0 0 0 0 0 0 0 0 0 40 0 0 0 
0 0 342 0 0 0 0 0 0 352 0 0 0 0 0 0 0 0 0 167 0 0 0 0 0 0 0 0 0 0 0 0 0 0 0 0 248 0 0 0 0 0 0 0 0 0 0 0 0 0 0 0 0 414 0 0 336 0 0 0 0 0 0 0 0 0 146 0 0 0 0 0 0 0 0 0 0 0 0 28 0 0 0 330 0 0 0 0 1 0 0 0 0 359 0 0 0 0 0 0 
0 0 0 0 0 0 141 0 0 0 0 206 0 0 0 0 0 0 490 0 0 0 0 0 0 0 0 0 0 0 224 0 0 0 0 0 0 0 0 0 0 0 0 0 0 0 0 0 0 169 0 181 0 0 0 0 0 9 0 121 0 0 0 0 0 0 250 0 0 0 0 432 0 0 0 0 0 205 171 0 468 0 0 0 0 188 0 0 0 0 0 0 0 216 0 0 0 0 0 0 
0 0 356 0 0 0 0 0 0 0 0 0 0 0 0 0 0 0 0 0 0 0 0 0 0 0 0 0 0 0 0 0 0 0 0 0 305 0 0 443 0 82 0 0 0 0 0 0 0 0 0 0 0 0 0 0 0 217 0 0 158 0 0 0 135 0 0 0 0 379 156 0 75 0 0 0 0 0 0 0 0 0 0 0 0 0 0 0 0 395 0 0 0 0 0 0 0 141 120 346 
0 0 0 0 0 0 0 0 0 0 140 0 0 0 0 101 0 0 176 285 0 0 0 0 0 0 152 0 0 332 0 0 0 0 0 0 0 0 0 0 0 0 352 0 0 0 0 0 0 0 0 188 0 0 0 0 0 0 0 371 0 0 0 0 0 0 0 0 0 0 0 0 0 0 0 205 0 0 313 0 0 0 239 0 0 382 356 0 0 0 0 0 0 0 0 211 0 0 0 0 
0 0 0 0 482 0 283 0 0 0 0 0 0 0 0 178 0 0 0 0 0 0 0 0 0 134 0 0 0 183 0 0 0 0 0 0 0 0 0 132 145 0 0 0 0 0 0 0 0 0 0 41 0 39 0 0 223 0 0 0 0 0 0 0 0 0 0 0 0 0 0 0 0 0 0 171 0 313 0 0 0 0 0 0 0 255 0 0 0 0 0 0 0 0 23 0 0 0 0 68 
0 386 147 0 0 0 195 0 0 0 0 0 0 0 148 0 0 159 0 0 0 7 0 0 0 0 0 0 0 343 0 0 0 0 0 0 0 0 0 0 0 0 0 0 0 0 0 45 369 0 72 0 0 0 0 199 0 0 0 0 0 0 0 0 0 0 0 0 0 0 0 0 0 0 28 0 0 0 0 0 0 0 0 0 450 0 0 0 0 0 0 0 0 88 0 0 0 0 2 0 
0 0 342 434 0 395 0 0 146 0 0 0 0 0 374 0 0 0 0 0 0 0 0 0 0 0 92 0 0 459 0 0 0 0 0 0 0 0 0 0 0 0 0 0 0 0 0 0 0 0 0 0 0 0 0 0 0 407 0 0 0 0 0 0 0 147 0 0 0 0 341 0 0 458 0 468 0 0 0 0 0 395 0 0 0 0 0 130 0 97 0 0 0 0 0 0 0 0 0 0 
172 0 0 0 0 0 0 0 0 0 0 0 0 0 0 216 0 0 0 0 347 392 0 0 0 0 0 0 0 0 0 0 6 0 0 215 0 0 0 0 0 0 65 0 0 0 0 0 147 0 387 0 0 0 0 0 0 0 0 0 0 0 0 0 0 175 0 0 0 0 0 0 0 153 0 0 0 0 0 0 395 0 0 0 48 0 0 0 0 0 0 0 0 0 292 0 0 0 0 0 
0 446 0 0 0 373 0 0 0 0 0 0 0 0 0 0 0 0 0 0 0 0 0 0 0 0 0 0 68 0 0 0 252 0 0 0 0 0 0 0 0 254 0 0 0 0 0 0 0 0 0 0 0 0 0 0 260 0 0 0 0 353 0 0 0 0 0 0 0 284 0 0 0 0 0 0 0 239 0 0 0 0 0 0 0 0 0 200 0 0 0 0 0 0 0 0 0 0 0 0 
0 0 0 0 0 0 0 0 0 0 0 0 0 0 0 0 0 0 0 0 0 0 0 0 0 0 0 339 0 206 0 0 457 306 0 39 0 0 0 0 0 0 0 0 0 0 0 378 0 0 76 0 458 0 0 0 0 0 0 0 0 0 154 251 0 0 0 0 0 0 0 0 0 297 330 0 0 0 0 0 0 0 0 0 0 0 0 0 301 0 0 0 0 227 62 0 0 0 0 0 
189 0 0 0 0 0 0 0 0 0 0 0 481 0 0 0 0 0 0 0 0 0 0 0 0 0 0 0 0 0 0 0 0 0 473 0 0 0 423 0 0 47 0 183 0 0 376 0 0 0 275 0 0 0 0 0 0 0 0 0 0 0 0 0 0 0 0 0 0 0 0 0 0 0 0 0 0 0 0 450 0 48 0 0 0 0 0 0 0 308 0 0 0 0 0 0 0 0 0 0 
0 0 0 0 0 0 0 0 0 0 0 0 0 0 293 264 0 0 0 0 0 139 406 0 0 0 0 0 0 0 0 0 0 135 0 0 0 0 0 0 0 0 0 0 439 0 0 0 0 200 0 0 38 293 0 0 0 0 0 0 237 0 0 49 0 0 0 0 0 0 0 0 0 0 0 188 0 382 255 0 0 0 0 0 0 0 0 0 0 0 0 0 0 0 0 0 0 0 0 0 
0 0 0 0 0 372 0 138 455 0 0 0 0 0 0 0 0 0 0 0 333 161 0 0 0 0 0 0 0 0 0 0 0 0 0 0 410 0 53 0 0 144 384 0 9 0 0 0 0 427 0 0 0 0 0 0 0 0 0 0 0 0 0 0 0 0 0 0 0 0 386 0 0 0 0 0 0 356 0 0 0 0 0 0 0 0 0 0 0 0 0 480 0 174 0 0 0 0 0 0 
487 0 0 0 0 0 0 0 0 0 0 0 0 0 0 0 228 0 0 0 0 0 0 0 0 0 0 0 0 0 0 0 0 0 0 0 0 0 0 0 0 0 0 0 0 235 0 0 0 0 0 0 0 0 0 0 0 0 0 0 0 0 0 0 0 0 0 321 24 0 0 0 0 0 0 0 0 0 0 0 130 0 200 0 0 0 0 0 65 0 0 0 0 0 0 0 378 407 0 272 
186 0 0 263 0 0 0 385 0 189 0 0 0 0 0 0 0 0 0 0 0 0 245 0 0 0 206 0 359 0 270 0 0 0 0 0 0 0 0 0 0 0 0 0 0 0 0 0 0 0 58 427 0 0 0 0 0 0 0 0 0 0 0 0 0 0 0 0 0 0 0 0 0 0 1 0 0 0 0 0 0 0 0 301 0 0 0 65 0 0 0 0 0 0 0 0 0 0 0 0 
431 0 0 0 0 0 0 0 0 0 0 0 0 0 0 0 0 0 0 0 54 0 393 0 0 0 0 227 0 196 0 0 0 0 0 0 0 0 0 407 447 0 0 0 0 330 158 0 0 0 0 0 0 0 0 0 0 0 0 0 0 0 0 0 0 0 0 0 239 0 0 0 0 0 0 0 395 0 0 0 97 0 0 0 308 0 0 0 0 0 0 0 0 0 0 0 0 75 0 0 
0 0 0 0 0 0 0 0 0 0 125 0 0 297 0 330 0 0 393 367 0 0 0 0 0 0 0 0 0 0 136 120 0 0 0 0 75 0 0 71 338 155 0 0 0 0 331 0 0 0 0 0 0 0 0 0 0 0 0 0 0 0 0 0 325 0 0 0 0 0 0 0 0 0 0 0 0 0 0 0 0 0 0 0 0 0 0 0 0 0 0 0 0 0 0 0 0 0 0 0 
0 0 461 0 0 0 0 0 0 0 0 228 0 0 0 0 0 0 0 0 0 0 0 0 0 0 0 0 0 0 0 0 0 0 0 0 0 0 0 0 0 0 0 0 0 214 0 0 0 0 0 0 34 0 0 0 0 0 0 0 0 0 0 231 0 0 226 384 214 0 0 0 0 0 0 0 0 0 0 0 0 0 0 0 0 0 480 0 0 0 0 0 0 0 0 0 0 0 348 0 
0 297 0 242 0 27 0 0 0 0 0 351 0 0 50 0 0 0 0 0 0 0 0 0 0 486 0 0 0 0 0 0 0 0 439 0 0 0 0 0 0 0 0 0 0 274 0 0 0 0 0 246 357 0 0 0 0 0 0 131 0 0 0 0 0 0 0 0 0 0 140 0 0 0 0 0 0 0 0 0 0 0 0 0 0 0 0 0 0 0 0 0 0 0 425 0 0 0 0 0 
0 0 0 0 0 0 0 0 0 0 0 0 340 0 0 0 0 0 0 0 0 0 0 0 0 0 0 0 0 0 0 0 0 0 0 412 0 0 0 0 0 36 0 0 0 399 0 0 0 0 0 0 199 0 0 0 0 0 0 328 0 0 0 0 0 0 0 0 0 0 0 0 84 0 359 216 0 0 0 88 0 0 0 227 0 0 174 0 0 0 0 0 0 0 0 0 0 0 0 0 
0 0 0 0 0 0 0 0 0 0 0 0 0 0 0 0 0 109 0 0 0 0 0 110 0 0 0 0 0 0 0 0 0 0 0 0 0 0 0 460 0 0 0 0 0 0 0 327 0 334 0 0 0 0 0 235 0 0 416 0 0 0 0 105 0 0 0 0 0 0 0 0 0 0 0 0 0 0 23 0 0 292 0 62 0 0 0 0 0 0 0 0 425 0 0 0 71 0 0 0 
0 0 0 0 0 0 0 0 0 447 0 323 219 0 0 471 0 0 0 436 0 0 0 0 0 0 0 0 0 0 441 0 0 0 0 0 0 0 0 0 0 0 0 0 0 0 0 0 0 68 0 0 0 0 234 0 0 0 0 0 0 0 59 0 318 0 0 0 0 0 0 0 0 0 0 0 0 211 0 0 0 0 0 0 0 0 0 0 0 0 0 0 0 0 0 0 0 0 0 0 
0 0 0 0 0 0 455 0 0 0 67 0 0 0 0 0 0 0 0 0 335 0 0 0 0 246 0 0 0 474 0 0 0 0 0 0 0 0 0 0 0 0 0 0 0 0 0 0 0 0 0 0 0 0 0 0 0 0 254 0 0 0 0 0 0 340 0 0 290 0 0 0 384 40 0 0 0 0 0 0 0 0 0 0 0 0 0 378 0 0 0 0 0 0 71 0 0 0 0 0 
0 0 0 0 0 0 0 0 0 0 0 0 426 0 0 0 0 0 439 0 386 0 0 0 0 0 0 0 0 0 0 125 176 198 0 0 0 22 0 0 0 0 0 0 360 0 0 187 0 0 0 404 0 0 0 0 0 0 0 0 0 0 0 0 0 361 0 0 0 0 0 0 198 0 0 0 141 0 0 0 0 0 0 0 0 0 0 407 0 75 0 0 0 0 0 0 0 0 0 0 
0 0 0 0 0 0 0 0 0 274 0 0 0 0 149 0 0 0 0 287 0 0 0 334 0 199 0 0 0 0 0 289 0 0 0 0 0 155 192 0 0 0 0 0 0 0 0 0 0 0 0 0 0 0 0 0 0 0 0 0 301 0 0 276 0 0 0 0 0 0 0 0 183 0 0 0 120 0 0 2 0 0 0 0 0 0 0 0 0 0 0 348 0 0 0 0 0 0 0 0 
0 0 0 0 0 0 0 0 0 0 0 0 0 0 0 0 0 0 0 0 0 0 0 382 463 254 0 86 0 0 0 345 0 0 0 0 0 0 0 0 0 0 165 0 0 0 212 0 264 0 0 0 144 0 0 0 0 482 441 0 0 0 0 0 0 0 0 0 0 0 0 61 0 0 0 0 346 0 68 0 0 0 0 0 0 0 0 272 0 0 0 0 0 0 0 0 0 0 0 0 
