0 0 0 0 0 0 0 0 0 0 125 0 104 0 0 0 0 0 0 0 0 0 0 0 0 0 0 0 0 0 0 42 0 0 0 0 0 91 0 0 0 0 63 0 0 0 0 0 0 140 68 0 0 0 0 0 0 97 0 0 0 112 0 0 0 0 0 0 0 0 0 61 0 0 0 0 0 0 0 0 0 0 0 0 0 0 137 0 0 0 62 17 0 75 142 0 0 0 0 0 
0 0 54 0 0 0 141 0 132 0 0 0 0 0 0 0 0 0 0 0 0 0 0 0 0 49 0 0 0 0 0 0 0 0 0 0 0 0 0 0 61 0 109 0 0 0 0 0 0 0 0 0 0 0 0 0 0 0 0 101 0 0 0 0 0 0 0 0 0 0 142 0 0 0 0 49 0 0 0 0 48 0 0 0 0 136 0 0 0 0 68 0 0 0 0 0 0 84 0 0 
0 54 0 22 0 0 90 0 0 0 0 0 0 0 139 12 0 0 0 0 35 0 0 0 0 0 0 0 0 57 0 0 0 0 0 0 0 0 0 0 0 0 15 0 0 0 0 0 0 0 21 0 0 0 112 0 0 147 0 0 0 0 0 0 0 0 0 0 0 0 0 0 0 0 0 0 0 0 0 0 0 0 0 0 150 0 0 0 0 0 0 0 0 0 0 0 0 0 88 132 
0 0 22 0 0 0 0 33 0 0 105 114 0 0 0 0 0 0 0 0 0 0 0 0 0 0 138 0 0 0 0 0 0 0 0 0 0 0 0 0 0 0 0 0 47 0 0 0 108 0 0 0 0 0 0 0 0 0 0 0 0 104 0 0 0 0 0 0 0 0 0 0 0 0 0 0 0 51 0 0 0 0 0 0 0 74 0 89 0 0 0 0 0 0 127 85 0 0 0 0 
0 0 0 0 0 0 0 0 0 0 0 0 72 0 99 0 0 0 67 0 0 0 0 74 0 0 0 0 0 0 0 0 0 0 0 0 0 0 0 0 0 0 139 0 0 0 0 0 0 13 0 0 0 0 0 0 0 78 0 0 0 17 0 0 0 0 0 0 0 104 0 0 0 120 0 78 0 0 0 0 0 0 0 132 0 60 0 78 0 0 0 0 0 0 0 0 0 0 0 0 
0 0 0 0 0 0 0 133 0 0 0 94 0 0 112 0 0 0 132 0 0 0 0 0 0 0 0 0 0 0 0 0 0 0 0 0 0 0 0 0 73 0 0 0 0 0 0 0 30 0 0 0 0 0 0 0 0 0 114 0 0 0 0 129 0 0 92 17 0 0 0 0 0 0 0 0 0 56 0 0 0 0 0 74 0 0 0 0 0 0 0 0 0 23 0 0 0 141 0 15 
0 141 90 0 0 0 0 0 0 0 0 0 114 0 0 0 0 0 0 0 0 0 0 0 0 0 0 0 99 0 0 0 0 0 0 0 0 0 25 0 0 0 0 0 0 0 114 0 0 0 0 0 0 0 0 0 0 0 31 0 0 0 18 0 0 56 0 0 0 101 0 0 0 0 0 0 0 0 0 0 57 0 0 108 0 0 0 0 0 0 0 106 0 0 0 0 0 0 0 0 
0 0 0 33 0 133 0 0 0 39 0 0 0 30 0 0 0 0 0 95 0 0 0 0 0 0 0 0 0 0 0 0 0 0 0 0 0 0 0 0 0 136 0 83 19 0 0 0 0 0 0 0 0 0 0 124 0 0 0 0 36 0 0 0 0 110 3 0 0 0 0 0 0 132 0 0 0 0 0 0 0 0 0 141 0 0 28 0 0 0 0 0 0 0 0 0 0 0 0 0 
0 132 0 0 0 0 0 0 0 0 0 134 0 30 0 0 0 0 0 12 0 0 0 0 20 0 0 0 86 0 0 0 0 0 0 0 0 0 0 0 58 0 0 0 0 0 5 0 0 149 0 0 0 89 0 0 0 91 0 7 0 0 0 0 0 0 0 11 0 0 0 0 0 0 112 0 0 0 0 0 0 0 0 0 0 0 0 0 0 0 0 0 0 0 0 0 0 0 44 0 
0 0 0 0 0 0 0 39 0 0 0 0 0 0 0 0 53 0 0 0 0 0 0 88 0 0 0 54 0 0 0 0 148 102 0 0 28 0 0 0 0 121 0 0 0 0 0 0 0 0 0 0 0 0 0 0 0 0 79 0 0 26 0 0 0 0 0 0 57 0 0 83 0 0 0 0 0 0 89 69 0 146 0 0 0 0 0 0 0 0 0 0 0 0 0 0 0 0 0 0 
125 0 0 105 0 0 0 0 0 0 0 0 0 0 87 0 0 91 0 0 0 0 0 0 0 0 0 0 0 86 141 0 0 0 0 0 0 127 0 0 0 0 0 0 0 0 0 0 0 0 1 0 0 0 0 0 90 0 0 0 0 0 53 0 0 0 0 0 72 0 0 0 0 131 0 0 0 0 0 0 0 0 0 0 78 0 90 0 0 0 0 0 0 0 148 0 0 0 0 0 
0 0 0 114 0 94 0 0 134 0 0 0 0 0 0 0 0 0 124 0 0 0 0 0 0 0 0 0 0 0 0 0 0 0 0 0 71 0 0 0 0 0 0 0 0 0 0 0 112 0 0 0 0 0 0 45 0 0 0 0 0 0 0 0 0 0 0 0 0 0 0 0 11 0 0 0 38 0 0 56 0 0 0 0 0 0 0 0 0 27 0 46 0 0 0 0 0 25 0 0 
104 0 0 0 72 0 114 0 0 0 0 0 0 0 0 78 0 37 24 0 0 0 0 122 0 0 0 0 0 0 0 0 0 0 0 88 0 0 0 0 0 0 0 0 0 79 89 0 0 0 0 0 0 0 0 0 0 0 0 0 28 0 0 0 0 92 0 0 0 0 0 0 0 0 0 0 0 0 0 0 0 71 0 0 21 0 0 0 0 0 0 0 0 0 0 0 124 0 0 0 
0 0 0 0 0 0 0 30 30 0 0 0 0 0 0 0 0 11 0 0 0 0 0 0 0 0 37 0 0 0 0 31 0 0 0 0 0 33 0 0 0 101 0 0 0 0 0 0 0 0 0 0 0 0 0 0 0 0 0 0 126 0 0 0 0 0 93 0 0 0 0 0 0 0 0 14 116 21 0 0 0 0 0 0 0 0 0 0 0 0 0 0 0 40 0 0 0 0 0 0 
0 0 139 0 99 112 0 0 0 0 87 0 0 0 0 97 140 0 0 0 0 0 0 0 0 0 0 0 0 0 0 0 0 0 0 0 0 0 112 90 0 0 0 0 123 135 0 0 0 0 0 133 0 0 0 0 0 0 0 0 0 0 0 105 0 0 0 0 0 0 0 0 0 0 0 0 0 144 0 0 0 0 0 0 0 0 0 0 0 0 0 129 0 107 0 0 0 0 0 0 
0 0 12 0 0 0 0 0 0 0 0 0 78 0 97 0 0 0 0 0 0 0 0 0 0 0 0 0 0 0 0 0 0 0 14 0 0 0 0 0 20 0 0 97 0 0 0 0 0 0 0 0 0 0 0 0 0 0 0 0 0 0 0 0 97 0 0 0 0 5 0 0 0 83 0 0 0 0 0 45 32 0 0 0 95 0 0 0 0 0 45 0 0 0 0 0 0 61 116 0 
0 0 0 0 0 0 0 0 0 53 0 0 0 0 140 0 0 0 0 0 0 140 0 0 0 129 0 150 0 0 0 0 0 11 0 0 0 0 0 0 150 0 0 0 0 0 15 0 0 0 0 0 0 0 0 0 41 0 0 0 0 0 0 0 0 0 0 0 0 0 0 0 0 7 0 0 0 0 0 0 0 0 0 0 0 84 137 100 0 0 101 0 22 0 0 0 0 0 0 0 
0 0 0 0 0 0 0 0 0 0 91 0 37 11 0 0 0 0 0 0 0 0 0 0 5 0 0 0 0 0 0 0 0 0 0 0 0 0 0 0 0 0 0 128 0 0 0 0 0 0 0 0 41 0 0 0 0 0 0 0 0 0 0 0 134 0 0 0 0 0 0 0 0 113 34 0 145 0 0 0 0 0 144 0 0 0 0 0 0 0 0 0 0 55 0 0 0 0 0 70 
0 0 0 0 67 132 0 0 0 0 0 124 24 0 0 0 0 0 0 35 115 0 0 0 0 0 0 0 0 131 0 109 0 10 0 0 0 0 0 0 0 0 0 0 0 150 0 0 0 0 0 0 0 0 0 0 0 0 0 0 0 0 32 0 0 0 0 0 0 0 0 0 0 0 0 0 0 0 0 0 0 149 120 0 0 0 0 0 0 0 0 0 0 0 0 96 0 0 0 135 
0 0 0 0 0 0 0 95 12 0 0 0 0 0 0 0 0 0 35 0 143 0 0 0 108 22 0 0 0 0 0 0 0 0 0 0 0 0 0 0 0 0 0 0 0 0 53 133 0 0 0 17 0 0 0 0 0 0 0 0 0 0 0 0 0 0 0 0 0 0 0 14 0 0 0 0 130 0 0 0 150 0 0 0 0 0 0 0 0 0 0 8 0 0 0 0 0 0 0 102 
0 0 35 0 0 0 0 0 0 0 0 0 0 0 0 0 0 0 115 143 0 0 0 0 0 0 0 0 0 0 0 0 117 0 0 0 0 0 0 0 0 0 13 0 0 0 0 0 0 0 0 72 111 0 0 0 0 132 0 0 0 0 0 102 0 0 1 0 0 0 0 0 0 0 0 0 103 0 0 1 0 0 0 0 0 64 0 115 22 0 0 0 0 0 0 0 0 0 0 0 
0 0 0 0 0 0 0 0 0 0 0 0 0 0 0 0 140 0 0 0 0 0 0 0 0 0 83 0 98 40 0 0 0 0 0 0 0 0 0 0 61 122 0 0 26 0 0 15 65 0 0 0 0 0 0 37 0 0 0 0 0 0 0 28 0 0 0 139 0 0 97 87 0 0 0 0 0 0 0 0 0 0 139 0 0 0 0 0 0 0 0 0 0 0 0 0 0 0 0 0 
0 0 0 0 0 0 0 0 0 0 0 0 0 0 0 0 0 0 0 0 0 0 0 0 0 110 7 0 0 136 0 0 0 0 0 0 0 126 0 0 3 0 0 0 0 0 0 0 0 19 71 0 0 0 0 0 20 0 0 0 0 83 0 0 0 0 0 0 0 0 0 0 0 0 0 0 0 0 0 0 0 0 0 0 0 0 0 0 0 0 0 0 0 0 0 0 0 0 0 0 
0 0 0 0 74 0 0 0 0 88 0 0 122 0 0 0 0 0 0 0 0 0 0 0 0 0 0 0 30 0 0 0 124 0 0 0 0 0 0 8 0 0 0 0 0 0 149 79 0 0 0 0 0 0 0 0 0 0 0 2 0 0 50 0 45 0 0 0 0 0 0 0 0 0 0 0 0 0 0 0 0 0 0 14 0 0 0 0 0 0 0 0 0 0 0 0 1 0 0 0 
0 0 0 0 0 0 0 0 20 0 0 0 0 0 0 0 0 5 0 108 0 0 0 0 0 128 0 0 0 37 0 0 0 0 0 0 52 0 0 0 0 0 0 0 0 0 0 0 0 0 0 0 0 0 0 0 0 0 0 0 0 108 0 0 0 0 0 0 0 0 0 0 0 0 0 0 0 0 22 0 0 0 0 0 0 0 0 0 0 0 0 0 0 0 0 0 0 0 0 0 
0 49 0 0 0 0 0 0 0 0 0 0 0 0 0 0 129 0 0 22 0 0 110 0 128 0 29 0 0 0 94 85 0 0 0 0 0 0 0 127 0 0 0 0 0 0 0 0 0 87 0 0 0 0 0 0 0 0 0 0 0 0 0 0 0 0 0 14 0 0 0 45 0 0 0 0 131 0 0 0 0 0 0 46 60 0 0 0 0 0 0 0 0 0 0 0 0 0 0 0 
0 0 0 138 0 0 0 0 0 0 0 0 0 37 0 0 0 0 0 0 0 83 7 0 0 29 0 0 0 0 0 0 0 83 0 133 0 0 0 0 0 0 0 0 0 0 0 0 24 0 96 0 0 0 0 0 0 0 0 0 0 0 0 0 0 0 62 0 0 40 0 0 0 0 0 0 0 0 0 0 0 81 21 0 0 0 0 0 0 0 119 0 0 0 0 0 0 0 0 0 
0 0 0 0 0 0 0 0 0 54 0 0 0 0 0 0 150 0 0 0 0 0 0 0 0 0 0 0 0 0 0 0 76 0 0 0 0 0 80 0 0 0 57 0 117 0 0 0 0 0 0 0 0 0 0 0 0 0 0 0 0 0 10 0 0 0 0 0 112 0 0 0 0 0 25 0 103 0 0 0 0 0 0 0 0 0 0 0 0 0 28 11 0 0 0 150 0 0 0 41 
0 0 0 0 0 0 99 0 86 0 0 0 0 0 0 0 0 0 0 0 0 98 0 30 0 0 0 0 0 0 0 0 0 0 0 0 0 39 0 0 0 150 0 0 0 0 0 0 0 0 0 0 0 0 0 0 0 0 31 145 0 0 116 0 0 39 0 0 0 0 0 107 0 0 0 0 0 0 0 0 0 0 0 0 0 0 50 0 0 0 0 0 0 0 0 0 0 0 0 0 
0 0 57 0 0 0 0 0 0 0 86 0 0 0 0 0 0 0 131 0 0 40 136 0 37 0 0 0 0 0 0 0 0 127 0 0 0 0 0 0 0 0 0 0 0 0 0 0 45 138 0 0 0 0 0 0 35 0 34 0 0 0 0 0 0 0 0 0 0 0 0 0 0 0 0 0 0 0 8 49 0 0 0 0 0 19 0 0 0 0 0 0 0 0 0 0 0 0 59 0 
0 0 0 0 0 0 0 0 0 0 141 0 0 0 0 0 0 0 0 0 0 0 0 0 0 94 0 0 0 0 0 0 37 0 0 65 0 0 0 0 0 0 0 0 0 121 0 0 0 0 0 0 0 0 75 0 0 0 0 0 0 68 0 0 0 0 0 28 0 0 0 0 0 0 0 0 0 0 73 0 0 0 120 0 0 143 0 0 0 0 0 0 0 51 0 0 98 0 0 0 
42 0 0 0 0 0 0 0 0 0 0 0 0 31 0 0 0 0 109 0 0 0 0 0 0 85 0 0 0 0 0 0 0 0 0 97 0 0 0 0 0 0 0 0 0 115 0 19 0 0 0 0 0 0 0 0 0 0 0 19 0 0 0 0 13 0 0 0 116 72 0 0 0 0 0 138 92 0 0 0 0 99 0 0 0 0 0 0 0 104 0 0 0 0 0 0 0 0 0 0 
0 0 0 0 0 0 0 0 0 148 0 0 0 0 0 0 0 0 0 0 117 0 0 124 0 0 0 76 0 0 37 0 0 0 0 0 0 0 0 36 0 0 0 0 119 0 0 0 134 0 0 0 0 0 132 0 0 0 0 0 0 0 0 0 0 0 0 17 0 0 109 0 0 0 0 0 0 0 0 0 0 0 104 0 0 0 0 0 0 0 0 121 0 0 0 0 0 0 143 0 
0 0 0 0 0 0 0 0 0 102 0 0 0 0 0 0 11 0 10 0 0 0 0 0 0 0 83 0 0 127 0 0 0 0 0 0 0 0 0 0 0 0 0 60 18 0 0 0 42 0 0 0 0 5 0 0 0 0 0 0 0 0 0 0 0 0 0 0 0 0 0 0 0 0 0 0 142 0 0 112 0 0 0 0 72 0 0 0 0 0 0 0 0 0 0 119 150 0 57 0 
0 0 0 0 0 0 0 0 0 0 0 0 0 0 0 14 0 0 0 0 0 0 0 0 0 0 0 0 0 0 0 0 0 0 0 0 0 0 0 146 0 0 109 0 0 0 0 0 0 0 0 0 0 134 0 0 46 0 0 27 80 0 0 0 0 0 0 0 26 58 0 0 0 0 0 87 0 0 0 0 0 0 0 112 0 0 0 0 0 0 143 101 0 0 12 0 133 0 0 0 
0 0 0 0 0 0 0 0 0 0 0 0 88 0 0 0 0 0 0 0 0 0 0 0 0 0 133 0 0 0 65 97 0 0 0 0 0 0 0 0 0 0 0 0 0 0 17 0 12 0 0 0 0 0 0 0 0 0 0 0 148 0 0 0 0 0 0 0 17 0 0 0 82 0 0 0 0 147 0 0 0 0 0 0 0 0 0 0 0 0 139 0 0 0 0 133 105 57 0 0 
0 0 0 0 0 0 0 0 0 28 0 71 0 0 0 0 0 0 0 0 0 0 0 0 52 0 0 0 0 0 0 0 0 0 0 0 0 0 0 0 69 0 114 0 0 0 0 0 0 112 0 0 0 76 0 15 0 0 0 0 0 0 0 0 0 0 0 0 0 0 27 0 0 75 0 0 0 0 99 0 0 49 68 0 0 0 0 147 0 0 0 0 0 39 0 0 0 0 0 0 
91 0 0 0 0 0 0 0 0 0 127 0 0 33 0 0 0 0 0 0 0 0 126 0 0 0 0 0 39 0 0 0 0 0 0 0 0 0 0 0 0 0 0 0 0 0 0 0 0 0 0 0 0 0 0 0 0 0 0 0 0 0 0 0 0 0 0 0 0 0 0 0 0 0 0 0 0 0 0 0 0 0 0 0 0 0 0 0 0 0 0 0 0 0 0 0 0 0 0 0 
0 0 0 0 0 0 25 0 0 0 0 0 0 0 112 0 0 0 0 0 0 0 0 0 0 0 0 80 0 0 0 0 0 0 0 0 0 0 0 100 67 0 0 0 0 22 0 0 0 0 0 0 0 0 0 0 0 0 124 0 0 0 102 0 0 0 46 139 0 0 0 0 0 0 0 0 86 0 0 0 0 0 0 0 0 78 0 86 0 107 0 0 0 0 0 0 0 0 110 0 
0 0 0 0 0 0 0 0 0 0 0 0 0 0 90 0 0 0 0 0 0 0 0 8 0 127 0 0 0 0 0 0 36 0 146 0 0 0 100 0 134 0 0 0 0 0 0 0 0 0 0 0 66 0 0 0 120 0 0 0 96 0 0 0 0 49 45 0 0 0 0 0 0 0 0 0 0 0 0 0 0 0 0 0 0 0 0 0 0 0 0 0 0 0 13 145 5 0 0 0 
0 61 0 0 0 73 0 0 58 0 0 0 0 0 0 20 150 0 0 0 0 61 3 0 0 0 0 0 0 0 0 0 0 0 0 0 69 0 67 134 0 0 0 126 0 0 0 0 0 0 0 0 0 0 0 0 0 53 0 0 0 0 0 0 0 0 0 0 0 0 0 0 0 0 0 0 0 0 0 0 0 0 0 0 0 0 0 0 0 0 0 0 0 0 0 0 0 0 0 0 
0 0 0 0 0 0 0 136 0 121 0 0 0 101 0 0 0 0 0 0 0 122 0 0 0 0 0 0 150 0 0 0 0 0 0 0 0 0 0 0 0 0 0 0 62 0 0 0 0 0 0 0 0 15 0 0 96 0 0 0 0 123 81 0 0 0 0 0 0 0 0 95 0 41 0 0 0 0 0 0 0 0 0 0 0 0 95 0 50 0 0 0 0 0 0 0 0 60 0 0 
63 109 15 0 139 0 0 0 0 0 0 0 0 0 0 0 0 0 0 0 13 0 0 0 0 0 0 57 0 0 0 0 0 0 109 0 114 0 0 0 0 0 0 0 0 0 0 0 0 0 0 0 0 0 0 0 0 24 109 0 0 0 0 0 121 0 0 0 0 0 0 0 0 0 0 0 0 0 0 0 0 0 0 58 149 0 0 0 0 0 0 0 0 0 0 51 0 0 0 79 
0 0 0 0 0 0 0 83 0 0 0 0 0 0 0 97 0 128 0 0 0 0 0 0 0 0 0 0 0 0 0 0 0 60 0 0 0 0 0 0 126 0 0 0 21 0 0 0 0 0 0 0 136 0 0 0 0 0 0 0 0 0 0 0 25 0 0 102 0 0 0 0 0 0 0 0 0 0 0 14 0 0 0 0 0 0 0 0 0 0 0 0 0 0 0 86 0 0 0 0 
0 0 0 47 0 0 0 19 0 0 0 0 0 0 123 0 0 0 0 0 0 26 0 0 0 0 0 117 0 0 0 0 119 18 0 0 0 0 0 0 0 62 0 21 0 0 0 0 0 0 0 0 0 0 0 0 0 0 0 0 0 97 0 15 99 0 0 0 121 0 0 0 0 0 0 0 0 0 108 0 0 0 0 0 0 0 0 0 0 0 111 0 0 0 0 0 0 0 0 0 
0 0 0 0 0 0 0 0 0 0 0 0 79 0 135 0 0 0 150 0 0 0 0 0 0 0 0 0 0 0 121 115 0 0 0 0 0 0 22 0 0 0 0 0 0 0 0 0 0 43 128 0 53 0 0 0 0 0 0 0 9 0 0 0 0 0 0 0 0 0 0 0 0 0 0 0 0 0 0 0 0 0 0 0 0 0 0 0 0 17 0 0 0 0 0 0 0 0 0 0 
0 0 0 0 0 0 114 0 5 0 0 0 89 0 0 0 15 0 0 53 0 0 0 149 0 0 0 0 0 0 0 0 0 0 0 17 0 0 0 0 0 0 0 0 0 0 0 0 0 0 0 36 0 0 20 0 0 0 0 0 0 0 92 0 0 68 0 0 23 0 0 0 11 0 140 0 0 0 0 0 0 0 0 0 0 0 0 0 0 0 0 0 0 0 0 0 0 0 0 0 
0 0 0 0 0 0 0 0 0 0 0 0 0 0 0 0 0 0 0 133 0 15 0 79 0 0 0 0 0 0 0 19 0 0 0 0 0 0 0 0 0 0 0 0 0 0 0 0 0 0 0 0 69 0 0 0 0 0 0 0 96 0 112 0 0 0 0 9 123 108 0 0 0 0 0 0 0 55 0 0 0 0 0 0 0 0 67 0 21 0 0 0 0 0 0 0 0 0 0 0 
0 0 0 108 0 30 0 0 0 0 0 112 0 0 0 0 0 0 0 0 0 65 0 0 0 0 24 0 0 45 0 0 134 42 0 12 0 0 0 0 0 0 0 0 0 0 0 0 0 0 0 64 0 0 0 0 0 0 0 0 0 0 0 0 0 0 0 86 0 0 0 14 0 0 0 0 0 0 57 0 0 0 0 124 0 0 0 0 0 0 0 0 0 0 0 20 0 0 0 0 
140 0 0 0 13 0 0 0 149 0 0 0 0 0 0 0 0 0 0 0 0 0 19 0 0 87 0 0 0 138 0 0 0 0 0 0 112 0 0 0 0 0 0 0 0 43 0 0 0 0 0 0 0 0 0 0 0 0 0 0 0 0 0 0 0 0 0 121 0 0 0 0 0 0 0 0 0 2 0 0 0 0 0 0 0 0 146 0 0 0 0 79 0 0 0 20 0 0 0 0 
68 0 21 0 0 0 0 0 0 0 1 0 0 0 0 0 0 0 0 0 0 0 71 0 0 0 96 0 0 0 0 0 0 0 0 0 0 0 0 0 0 0 0 0 0 128 0 0 0 0 0 0 143 0 0 0 1 0 0 0 0 0 0 0 0 0 0 0 0 0 0 0 0 0 0 0 0 0 0 0 77 0 0 0 0 0 0 0 0 52 0 0 0 123 0 0 0 0 0 63 
0 0 0 0 0 0 0 0 0 0 0 0 0 0 133 0 0 0 0 17 72 0 0 0 0 0 0 0 0 0 0 0 0 0 0 0 0 0 0 0 0 0 0 0 0 0 36 0 64 0 0 0 0 0 0 0 0 75 0 0 0 0 0 0 0 93 0 35 0 0 0 0 54 0 49 0 0 0 0 0 54 0 0 0 0 0 0 126 0 0 83 0 0 0 0 0 0 0 0 0 
0 0 0 0 0 0 0 0 0 0 0 0 0 0 0 0 0 41 0 0 111 0 0 0 0 0 0 0 0 0 0 0 0 0 0 0 0 0 0 66 0 0 0 136 0 53 0 69 0 0 143 0 0 96 0 0 57 132 95 0 0 0 0 0 0 0 0 0 0 0 0 0 0 64 0 0 0 0 0 0 0 0 0 0 0 0 0 0 0 0 0 0 0 2 95 0 0 115 0 0 
0 0 0 0 0 0 0 0 89 0 0 0 0 0 0 0 0 0 0 0 0 0 0 0 0 0 0 0 0 0 0 0 0 5 134 0 76 0 0 0 0 15 0 0 0 0 0 0 0 0 0 0 96 0 0 0 0 0 0 0 3 0 0 0 0 0 0 0 0 0 0 0 0 6 69 0 122 0 0 0 0 0 0 76 0 0 0 11 43 0 0 1 0 0 0 91 0 0 0 0 
0 0 112 0 0 0 0 0 0 0 0 0 0 0 0 0 0 0 0 0 0 0 0 0 0 0 0 0 0 0 75 0 132 0 0 0 0 0 0 0 0 0 0 0 0 0 20 0 0 0 0 0 0 0 0 0 0 0 0 0 107 0 0 0 0 0 0 0 143 53 0 0 68 0 0 0 0 0 0 119 0 0 0 0 53 0 0 0 0 15 0 0 0 37 0 0 0 0 0 28 
0 0 0 0 0 0 0 124 0 0 0 45 0 0 0 0 0 0 0 0 0 37 0 0 0 0 0 0 0 0 0 0 0 0 0 0 15 0 0 0 0 0 0 0 0 0 0 0 0 0 0 0 0 0 0 0 0 0 102 0 0 0 0 0 0 0 0 0 26 10 0 0 0 0 0 0 0 0 0 0 0 0 0 75 0 125 0 0 0 0 0 0 0 65 0 0 0 0 16 0 
0 0 0 0 0 0 0 0 0 0 90 0 0 0 0 0 41 0 0 0 0 0 20 0 0 0 0 0 0 35 0 0 0 0 46 0 0 0 0 120 0 96 0 0 0 0 0 0 0 0 1 0 57 0 0 0 0 0 0 0 0 0 0 54 18 0 0 0 0 0 0 10 0 0 38 0 0 0 0 0 0 0 0 0 0 0 0 0 0 0 0 0 0 0 0 0 0 0 0 0 
97 0 147 0 78 0 0 0 91 0 0 0 0 0 0 0 0 0 0 0 132 0 0 0 0 0 0 0 0 0 0 0 0 0 0 0 0 0 0 0 53 0 24 0 0 0 0 0 0 0 0 75 132 0 0 0 0 0 0 0 0 0 0 0 62 0 0 0 0 0 0 0 0 0 53 0 0 0 84 0 0 0 0 0 0 133 0 0 0 0 26 0 0 0 0 0 0 0 78 0 
0 0 0 0 0 114 31 0 0 79 0 0 0 0 0 0 0 0 0 0 0 0 0 0 0 0 0 0 31 34 0 0 0 0 0 0 0 0 124 0 0 0 109 0 0 0 0 0 0 0 0 0 95 0 0 102 0 0 0 11 0 50 0 0 0 78 0 0 0 0 0 0 0 0 0 0 0 0 0 0 0 0 0 0 0 0 22 0 0 0 0 42 0 0 0 69 0 0 0 0 
0 101 0 0 0 0 0 0 7 0 0 0 0 0 0 0 0 0 0 0 0 0 0 2 0 0 0 0 145 0 0 19 0 0 27 0 0 0 0 0 0 0 0 0 0 0 0 0 0 0 0 0 0 0 0 0 0 0 11 0 0 41 12 0 0 0 89 0 0 0 0 0 0 0 0 0 117 0 0 0 0 0 37 39 0 0 0 0 0 0 0 0 43 0 0 0 113 0 0 0 
0 0 0 0 0 0 0 36 0 0 0 0 28 126 0 0 0 0 0 0 0 0 0 0 0 0 0 0 0 0 0 0 0 0 80 148 0 0 0 96 0 0 0 0 0 9 0 96 0 0 0 0 0 3 107 0 0 0 0 0 0 0 0 0 4 0 0 0 0 0 0 0 0 0 0 0 0 124 0 0 0 0 0 0 0 0 0 0 0 0 0 0 0 0 59 74 70 0 0 0 
112 0 0 104 17 0 0 0 0 26 0 0 0 0 0 0 0 0 0 0 0 0 83 0 108 0 0 0 0 0 68 0 0 0 0 0 0 0 0 0 0 123 0 0 97 0 0 0 0 0 0 0 0 0 0 0 0 0 50 41 0 0 0 0 0 0 92 0 0 68 0 0 0 0 0 0 0 0 0 0 0 0 0 0 0 0 0 0 0 0 0 0 33 0 0 0 136 0 0 0 
0 0 0 0 0 0 18 0 0 0 53 0 0 0 0 0 0 0 32 0 0 0 0 50 0 0 0 10 116 0 0 0 0 0 0 0 0 0 102 0 0 81 0 0 0 0 92 112 0 0 0 0 0 0 0 0 0 0 0 12 0 0 0 0 0 0 0 0 0 0 0 0 0 0 0 0 0 0 2 0 0 0 0 0 95 0 0 0 0 0 0 0 0 0 0 0 0 99 149 0 
0 0 0 0 0 129 0 0 0 0 0 0 0 0 105 0 0 0 0 0 102 28 0 0 0 0 0 0 0 0 0 0 0 0 0 0 0 0 0 0 0 0 0 0 15 0 0 0 0 0 0 0 0 0 0 0 54 0 0 0 0 0 0 0 0 0 0 0 0 0 0 0 0 0 0 0 0 0 0 0 0 0 0 0 37 0 23 0 0 0 0 0 0 0 0 0 0 0 0 0 
0 0 0 0 0 0 0 0 0 0 0 0 0 0 0 97 0 134 0 0 0 0 0 45 0 0 0 0 0 0 0 13 0 0 0 0 0 0 0 0 0 0 121 25 99 0 0 0 0 0 0 0 0 0 0 0 18 62 0 0 4 0 0 0 0 0 0 0 0 0 0 0 112 0 0 0 72 130 0 0 0 48 0 0 0 0 0 0 0 0 0 32 0 0 0 0 0 0 0 0 
0 0 0 0 0 0 56 110 0 0 0 0 92 0 0 0 0 0 0 0 0 0 0 0 0 0 0 0 39 0 0 0 0 0 0 0 0 0 0 49 0 0 0 0 0 0 68 0 0 0 0 93 0 0 0 0 0 0 78 0 0 0 0 0 0 0 0 0 0 0 0 0 40 0 0 0 0 0 0 0 0 10 0 0 62 0 66 124 0 0 0 0 0 0 0 0 47 50 0 0 
0 0 0 0 0 92 0 3 0 0 0 0 0 93 0 0 0 0 0 0 1 0 0 0 0 0 62 0 0 0 0 0 0 0 0 0 0 0 46 45 0 0 0 0 0 0 0 0 0 0 0 0 0 0 0 0 0 0 0 89 0 92 0 0 0 0 0 0 0 0 0 0 0 0 0 0 131 0 80 53 0 0 0 0 0 0 0 38 0 0 0 0 0 0 0 0 0 0 0 15 
0 0 0 0 0 17 0 0 11 0 0 0 0 0 0 0 0 0 0 0 0 139 0 0 0 14 0 0 0 0 28 0 17 0 0 0 0 0 139 0 0 0 0 102 0 0 0 9 86 121 0 35 0 0 0 0 0 0 0 0 0 0 0 0 0 0 0 0 0 0 0 0 0 0 0 0 0 19 0 0 8 0 0 0 0 150 0 0 0 0 0 0 0 0 0 0 0 0 0 0 
0 0 0 0 0 0 0 0 0 57 72 0 0 0 0 0 0 0 0 0 0 0 0 0 0 0 0 112 0 0 0 116 0 0 26 17 0 0 0 0 0 0 0 0 121 0 23 123 0 0 0 0 0 0 143 26 0 0 0 0 0 0 0 0 0 0 0 0 0 0 0 0 0 0 0 0 0 0 0 0 0 0 0 0 0 0 0 0 0 0 0 0 0 0 0 0 0 0 119 0 
0 0 0 0 104 0 101 0 0 0 0 0 0 0 0 5 0 0 0 0 0 0 0 0 0 0 40 0 0 0 0 72 0 0 58 0 0 0 0 0 0 0 0 0 0 0 0 108 0 0 0 0 0 0 53 10 0 0 0 0 0 68 0 0 0 0 0 0 0 0 0 0 0 0 0 0 0 0 0 0 0 149 0 0 0 0 0 0 0 0 0 0 0 0 0 0 0 0 0 0 
0 142 0 0 0 0 0 0 0 0 0 0 0 0 0 0 0 0 0 0 0 97 0 0 0 0 0 0 0 0 0 0 109 0 0 0 27 0 0 0 0 0 0 0 0 0 0 0 0 0 0 0 0 0 0 0 0 0 0 0 0 0 0 0 0 0 0 0 0 0 0 0 0 0 0 0 0 63 0 0 0 6 0 115 0 0 118 0 0 0 0 0 0 0 0 0 0 0 0 0 
61 0 0 0 0 0 0 0 0 83 0 0 0 0 0 0 0 0 0 14 0 87 0 0 0 45 0 0 107 0 0 0 0 0 0 0 0 0 0 0 0 95 0 0 0 0 0 0 14 0 0 0 0 0 0 0 10 0 0 0 0 0 0 0 0 0 0 0 0 0 0 0 0 0 0 0 0 0 12 0 0 145 0 33 0 0 0 0 106 0 0 0 90 0 1 0 0 0 0 0 
0 0 0 0 0 0 0 0 0 0 0 11 0 0 0 0 0 0 0 0 0 0 0 0 0 0 0 0 0 0 0 0 0 0 0 82 0 0 0 0 0 0 0 0 0 0 11 0 0 0 0 54 0 0 68 0 0 0 0 0 0 0 0 0 112 40 0 0 0 0 0 0 0 0 29 0 0 0 0 144 0 0 0 0 0 73 0 0 0 39 123 0 0 0 0 0 0 22 0 0 
0 0 0 0 120 0 0 132 0 0 131 0 0 0 0 83 7 113 0 0 0 0 0 0 0 0 0 0 0 0 0 0 0 0 0 0 75 0 0 0 0 41 0 0 0 0 0 0 0 0 0 0 64 6 0 0 0 0 0 0 0 0 0 0 0 0 0 0 0 0 0 0 0 0 0 133 0 0 0 0 0 0 0 0 0 0 0 0 0 77 0 8 0 0 0 142 0 0 0 45 
0 0 0 0 0 0 0 0 112 0 0 0 0 0 0 0 0 34 0 0 0 0 0 0 0 0 0 25 0 0 0 0 0 0 0 0 0 0 0 0 0 0 0 0 0 0 140 0 0 0 0 49 0 69 0 0 38 53 0 0 0 0 0 0 0 0 0 0 0 0 0 0 29 0 0 0 0 0 0 144 0 0 0 0 0 0 0 147 0 0 0 0 0 0 0 0 0 0 56 0 
0 49 0 0 78 0 0 0 0 0 0 0 0 14 0 0 0 0 0 0 0 0 0 0 0 0 0 0 0 0 0 138 0 0 87 0 0 0 0 0 0 0 0 0 0 0 0 0 0 0 0 0 0 0 0 0 0 0 0 0 0 0 0 0 0 0 0 0 0 0 0 0 0 133 0 0 0 139 0 0 0 0 0 0 0 0 0 0 0 0 1 0 0 0 97 0 0 0 0 0 
0 0 0 0 0 0 0 0 0 0 0 38 0 116 0 0 0 145 0 130 103 0 0 0 0 131 0 103 0 0 0 92 0 142 0 0 0 0 86 0 0 0 0 0 0 0 0 0 0 0 0 0 0 122 0 0 0 0 0 117 0 0 0 0 72 0 131 0 0 0 0 0 0 0 0 0 0 0 0 0 0 22 0 0 0 0 0 0 0 0 0 0 0 0 0 0 0 0 0 0 
0 0 0 51 0 56 0 0 0 0 0 0 0 21 144 0 0 0 0 0 0 0 0 0 0 0 0 0 0 0 0 0 0 0 0 147 0 0 0 0 0 0 0 0 0 0 0 55 0 2 0 0 0 0 0 0 0 0 0 0 124 0 0 0 130 0 0 19 0 0 63 0 0 0 0 139 0 0 12 0 0 0 0 0 0 137 0 0 0 0 0 0 11 0 0 0 0 0 0 0 
0 0 0 0 0 0 0 0 0 89 0 0 0 0 0 0 0 0 0 0 0 0 0 0 22 0 0 0 0 8 73 0 0 0 0 0 99 0 0 0 0 0 0 0 108 0 0 0 57 0 0 0 0 0 0 0 0 84 0 0 0 0 2 0 0 0 80 0 0 0 0 12 0 0 0 0 0 12 0 0 132 0 0 0 0 0 0 0 0 0 0 0 132 20 0 0 0 0 0 0 
0 0 0 0 0 0 0 0 0 69 0 56 0 0 0 45 0 0 0 0 1 0 0 0 0 0 0 0 0 49 0 0 0 112 0 0 0 0 0 0 0 0 0 14 0 0 0 0 0 0 0 0 0 0 119 0 0 0 0 0 0 0 0 0 0 0 53 0 0 0 0 0 144 0 144 0 0 0 0 0 0 0 0 0 0 0 0 0 77 0 0 104 84 0 0 0 0 0 0 8 
0 48 0 0 0 0 57 0 0 0 0 0 0 0 0 32 0 0 0 150 0 0 0 0 0 0 0 0 0 0 0 0 0 0 0 0 0 0 0 0 0 0 0 0 0 0 0 0 0 0 77 54 0 0 0 0 0 0 0 0 0 0 0 0 0 0 0 8 0 0 0 0 0 0 0 0 0 0 132 0 0 0 0 0 0 0 0 0 0 0 16 0 39 0 0 0 0 0 0 0 
0 0 0 0 0 0 0 0 0 146 0 0 71 0 0 0 0 0 149 0 0 0 0 0 0 0 81 0 0 0 0 99 0 0 0 0 49 0 0 0 0 0 0 0 0 0 0 0 0 0 0 0 0 0 0 0 0 0 0 0 0 0 0 0 48 10 0 0 0 149 6 145 0 0 0 0 22 0 0 0 0 0 0 0 0 0 0 0 131 0 0 0 0 0 0 0 0 0 0 0 
0 0 0 0 0 0 0 0 0 0 0 0 0 0 0 0 0 144 120 0 0 139 0 0 0 0 21 0 0 0 120 0 104 0 0 0 68 0 0 0 0 0 0 0 0 0 0 0 0 0 0 0 0 0 0 0 0 0 0 37 0 0 0 0 0 0 0 0 0 0 0 0 0 0 0 0 0 0 0 0 0 0 0 0 0 0 0 0 114 6 0 0 0 0 0 0 88 0 0 0 
0 0 0 0 132 74 108 141 0 0 0 0 0 0 0 0 0 0 0 0 0 0 0 14 0 46 0 0 0 0 0 0 0 0 112 0 0 0 0 0 0 0 58 0 0 0 0 0 124 0 0 0 0 76 0 75 0 0 0 39 0 0 0 0 0 0 0 0 0 0 115 33 0 0 0 0 0 0 0 0 0 0 0 0 0 0 0 0 0 0 0 0 0 0 0 0 0 0 0 0 
0 0 150 0 0 0 0 0 0 0 78 0 21 0 0 95 0 0 0 0 0 0 0 0 0 60 0 0 0 0 0 0 0 72 0 0 0 0 0 0 0 0 149 0 0 0 0 0 0 0 0 0 0 0 53 0 0 0 0 0 0 0 95 37 0 62 0 0 0 0 0 0 0 0 0 0 0 0 0 0 0 0 0 0 0 0 0 0 0 0 0 91 0 0 0 0 0 0 0 0 
0 136 0 74 60 0 0 0 0 0 0 0 0 0 0 0 84 0 0 0 64 0 0 0 0 0 0 0 0 19 143 0 0 0 0 0 0 0 78 0 0 0 0 0 0 0 0 0 0 0 0 0 0 0 0 125 0 133 0 0 0 0 0 0 0 0 0 150 0 0 0 0 73 0 0 0 0 137 0 0 0 0 0 0 0 0 0 0 0 0 5 0 0 0 0 0 0 24 0 0 
137 0 0 0 0 0 0 28 0 0 90 0 0 0 0 0 137 0 0 0 0 0 0 0 0 0 0 0 50 0 0 0 0 0 0 0 0 0 0 0 0 95 0 0 0 0 0 67 0 146 0 0 0 0 0 0 0 0 22 0 0 0 0 23 0 66 0 0 0 0 118 0 0 0 0 0 0 0 0 0 0 0 0 0 0 0 0 148 0 0 0 0 0 0 73 0 0 0 0 0 
0 0 0 89 78 0 0 0 0 0 0 0 0 0 0 0 100 0 0 0 115 0 0 0 0 0 0 0 0 0 0 0 0 0 0 0 147 0 86 0 0 0 0 0 0 0 0 0 0 0 0 126 0 11 0 0 0 0 0 0 0 0 0 0 0 124 38 0 0 0 0 0 0 0 147 0 0 0 0 0 0 0 0 0 0 0 148 0 118 0 0 0 0 0 0 104 0 0 0 29 
0 0 0 0 0 0 0 0 0 0 0 0 0 0 0 0 0 0 0 0 22 0 0 0 0 0 0 0 0 0 0 0 0 0 0 0 0 0 0 0 0 50 0 0 0 0 0 21 0 0 0 0 0 43 0 0 0 0 0 0 0 0 0 0 0 0 0 0 0 0 0 106 0 0 0 0 0 0 0 77 0 131 114 0 0 0 0 118 0 63 0 0 0 0 52 0 0 0 0 0 
0 0 0 0 0 0 0 0 0 0 0 27 0 0 0 0 0 0 0 0 0 0 0 0 0 0 0 0 0 0 0 104 0 0 0 0 0 0 107 0 0 0 0 0 0 17 0 0 0 0 52 0 0 0 15 0 0 0 0 0 0 0 0 0 0 0 0 0 0 0 0 0 39 77 0 0 0 0 0 0 0 0 6 0 0 0 0 0 63 0 0 0 0 98 0 0 0 0 13 0 
62 68 0 0 0 0 0 0 0 0 0 0 0 0 0 45 101 0 0 0 0 0 0 0 0 0 119 28 0 0 0 0 0 0 143 139 0 0 0 0 0 0 0 0 111 0 0 0 0 0 0 83 0 0 0 0 0 26 0 0 0 0 0 0 0 0 0 0 0 0 0 0 123 0 0 1 0 0 0 0 16 0 0 0 0 5 0 0 0 0 0 0 0 0 0 0 0 0 0 0 
17 0 0 0 0 0 106 0 0 0 0 46 0 0 129 0 0 0 0 8 0 0 0 0 0 0 0 11 0 0 0 0 121 0 101 0 0 0 0 0 0 0 0 0 0 0 0 0 0 79 0 0 0 1 0 0 0 0 42 0 0 0 0 0 32 0 0 0 0 0 0 0 0 8 0 0 0 0 0 104 0 0 0 0 91 0 0 0 0 0 0 0 0 0 0 0 0 0 0 0 
0 0 0 0 0 0 0 0 0 0 0 0 0 0 0 0 22 0 0 0 0 0 0 0 0 0 0 0 0 0 0 0 0 0 0 0 0 0 0 0 0 0 0 0 0 0 0 0 0 0 0 0 0 0 0 0 0 0 0 43 0 33 0 0 0 0 0 0 0 0 0 90 0 0 0 0 0 11 132 84 39 0 0 0 0 0 0 0 0 0 0 0 0 2 0 0 0 0 31 127 
75 0 0 0 0 23 0 0 0 0 0 0 0 40 107 0 0 55 0 0 0 0 0 0 0 0 0 0 0 0 51 0 0 0 0 0 39 0 0 0 0 0 0 0 0 0 0 0 0 0 123 0 2 0 37 65 0 0 0 0 0 0 0 0 0 0 0 0 0 0 0 0 0 0 0 0 0 0 20 0 0 0 0 0 0 0 0 0 0 98 0 0 2 0 0 0 0 0 53 0 
142 0 0 127 0 0 0 0 0 0 148 0 0 0 0 0 0 0 0 0 0 0 0 0 0 0 0 0 0 0 0 0 0 0 12 0 0 0 0 13 0 0 0 0 0 0 0 0 0 0 0 0 95 0 0 0 0 0 0 0 59 0 0 0 0 0 0 0 0 0 0 1 0 0 0 97 0 0 0 0 0 0 0 0 0 0 73 0 52 0 0 0 0 0 0 0 0 0 0 0 
0 0 0 85 0 0 0 0 0 0 0 0 0 0 0 0 0 0 96 0 0 0 0 0 0 0 0 150 0 0 0 0 0 119 0 133 0 0 0 145 0 0 51 86 0 0 0 0 20 20 0 0 0 91 0 0 0 0 69 0 74 0 0 0 0 0 0 0 0 0 0 0 0 142 0 0 0 0 0 0 0 0 0 0 0 0 0 104 0 0 0 0 0 0 0 0 0 0 0 0 
0 0 0 0 0 0 0 0 0 0 0 0 124 0 0 0 0 0 0 0 0 0 0 1 0 0 0 0 0 0 98 0 0 150 133 105 0 0 0 5 0 0 0 0 0 0 0 0 0 0 0 0 0 0 0 0 0 0 0 113 70 136 0 0 0 47 0 0 0 0 0 0 0 0 0 0 0 0 0 0 0 0 88 0 0 0 0 0 0 0 0 0 0 0 0 0 0 0 0 0 
0 84 0 0 0 141 0 0 0 0 0 25 0 0 0 61 0 0 0 0 0 0 0 0 0 0 0 0 0 0 0 0 0 0 0 57 0 0 0 0 0 60 0 0 0 0 0 0 0 0 0 0 115 0 0 0 0 0 0 0 0 0 99 0 0 50 0 0 0 0 0 0 22 0 0 0 0 0 0 0 0 0 0 0 0 24 0 0 0 0 0 0 0 0 0 0 0 0 0 0 
0 0 88 0 0 0 0 0 44 0 0 0 0 0 0 116 0 0 0 0 0 0 0 0 0 0 0 0 0 59 0 0 143 57 0 0 0 0 110 0 0 0 0 0 0 0 0 0 0 0 0 0 0 0 0 16 0 78 0 0 0 0 149 0 0 0 0 0 119 0 0 0 0 0 56 0 0 0 0 0 0 0 0 0 0 0 0 0 0 13 0 0 31 53 0 0 0 0 0 0 
0 0 132 0 0 15 0 0 0 0 0 0 0 0 0 0 0 70 135 102 0 0 0 0 0 0 0 41 0 0 0 0 0 0 0 0 0 0 0 0 0 0 79 0 0 0 0 0 0 0 63 0 0 0 28 0 0 0 0 0 0 0 0 0 0 0 15 0 0 0 0 0 0 45 0 0 0 0 0 8 0 0 0 0 0 0 0 29 0 0 0 0 127 0 0 0 0 0 0 0 
