0 48 42 19 47 53 78 68 75 4 15 55 31 95 98 0 37 52 0 70 51 1 0 65 0 68 19 40 89 42 0 1 0 67 37 22 0 91 50 0 0 55 0 4 47 9 60 5 0 63 34 87 0 2 0 56 34 25 95 0 11 0 55 31 26 50 3 0 25 66 0 0 90 88 46 37 48 0 34 19 79 74 0 0 30 0 96 11 40 27 42 0 0 61 0 0 0 0 0 53 
48 0 0 0 0 36 0 37 0 7 0 20 85 0 95 80 0 0 0 0 0 89 98 1 10 79 6 32 0 56 48 56 0 0 74 0 0 78 0 7 0 99 70 30 47 34 62 68 61 0 0 0 0 0 46 72 51 0 0 77 75 85 48 0 73 5 30 94 41 41 32 0 41 90 0 76 0 85 83 44 53 89 0 24 45 56 0 30 41 85 23 91 41 26 5 89 43 14 0 0 
42 0 0 76 0 29 23 0 69 0 20 39 40 0 0 63 67 0 0 0 0 0 67 36 0 0 24 0 0 47 0 35 4 18 4 94 0 80 0 0 18 0 90 73 77 2 31 7 80 55 16 0 72 2 0 85 0 0 81 0 20 4 2 96 0 42 0 0 64 95 78 0 94 56 0 39 75 0 0 0 0 0 5 69 14 63 26 94 32 0 0 0 57 0 0 16 0 0 49 0 
19 0 76 0 21 28 1 60 0 0 0 0 24 0 0 10 0 74 93 26 51 97 10 92 3 26 7 81 5 90 51 0 0 33 0 0 90 0 30 0 0 73 38 19 72 61 0 3 52 0 0 83 83 0 16 0 28 17 96 97 24 49 0 51 0 95 93 93 74 91 50 35 79 0 47 59 0 54 30 70 54 93 0 82 92 0 61 0 34 53 64 34 96 0 68 59 67 51 0 48 
47 0 0 21 0 9 34 36 0 75 4 0 0 60 0 78 56 38 72 13 91 14 29 0 11 19 0 0 0 86 0 25 86 0 0 9 21 47 0 25 0 9 0 0 6 64 70 53 0 64 0 76 85 0 53 64 10 11 0 26 0 0 69 33 10 26 0 0 0 0 10 0 0 0 0 0 50 53 0 90 0 63 42 71 0 0 12 13 0 60 56 65 0 46 38 41 0 50 0 0 
53 36 29 28 9 0 0 78 5 0 0 92 0 59 74 85 0 0 72 0 81 25 80 1 23 32 7 16 91 26 0 49 64 27 60 16 43 9 26 27 69 0 0 0 43 81 25 0 2 24 0 54 68 19 94 0 3 0 0 66 67 51 53 54 15 53 0 0 17 14 100 27 4 99 55 84 69 0 33 0 92 33 85 0 0 59 83 0 94 0 0 74 0 0 3 0 69 41 0 8 
78 0 23 1 34 0 0 14 0 4 99 69 16 0 0 100 0 55 51 77 8 92 90 0 0 87 34 0 82 0 0 94 0 0 100 90 0 0 66 0 64 0 0 32 7 20 7 76 78 14 0 0 85 5 0 59 40 31 0 0 30 3 41 0 0 0 8 97 0 0 80 8 22 0 28 0 0 0 0 23 19 0 91 6 85 58 12 35 22 62 59 0 0 0 0 26 66 2 0 21 
68 37 0 60 36 78 14 0 0 72 75 86 0 35 10 98 23 0 12 92 81 31 10 49 0 0 0 67 45 46 42 38 30 15 0 39 67 36 68 0 19 17 0 0 72 12 0 1 28 0 0 62 0 95 0 0 79 22 59 0 40 3 15 38 20 35 92 9 44 9 0 0 70 10 91 0 5 82 0 0 89 47 0 0 89 96 91 36 86 0 77 50 56 24 89 0 17 0 0 46 
75 0 69 0 0 5 0 0 0 0 89 0 0 8 64 0 90 0 94 0 73 20 54 29 36 0 1 0 59 88 78 0 0 90 0 68 39 2 75 22 23 0 2 0 0 69 0 84 5 29 0 0 68 58 0 94 85 0 11 0 0 88 93 0 0 81 34 61 0 0 77 100 77 8 1 47 0 44 38 0 21 4 85 11 66 0 70 57 0 89 22 22 47 33 0 0 35 98 14 5 
4 7 0 0 75 0 4 72 0 0 46 71 78 18 17 0 84 0 61 0 0 0 13 43 55 97 0 18 3 16 26 82 91 0 0 55 23 99 96 25 37 78 0 0 46 83 54 100 36 7 0 76 56 61 43 18 25 93 52 14 0 64 80 45 19 90 0 29 28 88 0 1 0 70 0 0 0 42 49 0 31 5 89 26 10 0 0 28 88 0 3 0 49 39 9 0 4 29 12 0 
15 0 20 0 4 0 99 75 89 46 0 19 87 0 0 40 15 0 54 91 70 37 78 0 40 44 0 60 0 0 0 94 0 0 96 0 0 43 84 90 64 12 0 0 0 77 93 32 0 29 0 0 20 55 97 22 0 22 71 0 0 0 0 33 87 46 7 57 30 77 0 87 52 28 0 57 41 51 0 95 27 81 0 92 0 94 66 17 28 59 0 1 60 43 83 0 12 24 70 0 
55 20 39 0 0 92 69 86 0 71 19 0 90 0 62 42 11 0 0 14 53 0 0 48 0 29 87 57 35 64 26 34 33 0 0 0 63 0 0 0 61 8 35 0 99 9 18 0 2 0 23 0 47 26 0 0 35 0 0 56 56 67 0 0 67 0 38 93 36 84 0 0 60 61 0 7 24 74 0 54 18 74 0 0 95 0 44 83 0 23 38 94 49 86 39 50 85 0 20 62 
31 85 40 24 0 0 16 0 0 78 87 90 0 2 68 0 30 58 54 0 64 7 65 97 26 0 98 51 67 71 0 95 61 0 93 0 0 6 12 0 64 36 57 82 0 62 11 21 93 0 15 63 100 59 93 98 11 67 64 0 78 0 96 0 0 62 0 0 10 0 37 30 83 0 47 51 0 70 95 0 79 85 0 47 92 29 95 45 0 0 95 18 0 29 42 27 0 53 84 65 
95 0 0 0 60 59 0 35 8 18 0 0 2 0 0 0 99 87 58 41 99 11 5 21 81 78 0 22 48 84 48 0 98 41 0 98 92 0 33 17 67 23 94 74 81 96 36 40 0 0 85 0 68 0 0 49 34 76 9 3 0 37 74 14 35 0 43 54 35 56 0 10 21 0 70 7 17 89 58 0 0 52 0 0 12 76 34 60 2 0 53 0 49 0 0 56 99 0 32 86 
98 95 0 0 0 74 0 10 64 17 0 62 68 0 0 72 57 33 0 46 44 68 77 0 68 0 0 80 0 74 62 0 77 97 45 85 94 0 56 0 43 53 14 38 0 15 0 16 89 5 81 0 25 0 58 0 0 0 0 0 0 67 86 13 0 36 20 0 48 70 11 0 76 18 98 40 51 31 33 65 0 91 83 21 0 22 67 0 81 52 0 55 0 75 0 20 94 0 10 0 
0 80 63 10 78 85 100 98 0 0 40 42 0 0 72 0 0 29 94 91 26 0 80 44 23 32 29 0 79 68 36 38 0 18 0 5 0 78 81 32 0 49 79 22 0 9 87 35 0 0 0 23 82 26 0 0 32 0 0 34 16 0 0 0 75 0 24 48 67 0 70 0 37 84 81 25 17 32 56 0 0 84 64 0 1 93 73 0 14 0 72 0 88 65 0 0 12 0 57 0 
37 0 67 0 56 0 0 23 90 84 15 11 30 99 57 0 0 0 23 0 0 0 83 25 87 72 6 60 0 0 0 78 25 0 0 0 18 76 51 0 0 0 47 87 82 0 0 16 0 4 0 29 0 31 33 0 0 18 78 0 98 0 65 34 74 48 11 11 67 0 38 0 24 85 16 57 0 0 0 28 11 77 0 85 29 88 43 56 0 0 89 9 54 3 0 0 1 94 50 47 
52 0 0 74 38 0 55 0 0 0 0 0 58 87 33 29 0 0 90 53 53 32 6 0 59 4 92 43 0 59 0 86 0 0 0 0 0 0 46 61 22 28 2 5 0 28 64 0 0 66 94 76 12 0 90 0 86 12 55 59 38 94 98 79 44 77 76 0 0 0 0 0 74 86 83 0 54 27 43 31 97 60 90 98 47 100 90 0 77 86 0 61 0 0 28 0 0 73 0 0 
0 0 0 93 72 72 51 12 94 61 54 0 54 58 0 94 23 90 0 0 4 63 65 70 3 57 12 5 29 30 12 0 0 13 0 56 30 82 0 16 99 10 91 0 51 0 40 0 45 0 0 43 72 18 8 74 0 0 70 7 0 2 42 34 57 0 0 25 77 49 90 0 0 0 90 0 34 27 50 79 0 22 53 49 56 0 83 0 83 0 40 90 47 54 26 72 54 25 0 5 
70 0 0 26 13 0 77 92 0 0 91 14 0 41 46 91 0 53 0 0 61 39 6 19 0 90 70 0 86 25 0 0 0 0 0 71 91 0 27 3 0 0 6 68 0 95 5 0 0 52 0 55 0 27 0 0 78 76 49 38 60 35 0 0 24 0 6 88 0 79 0 0 86 50 0 0 100 0 0 44 0 0 9 92 0 0 0 91 44 38 0 0 80 0 0 10 88 18 0 41 
51 0 0 51 91 81 8 81 73 0 70 53 64 99 44 26 0 53 4 61 0 0 42 68 69 15 100 54 99 0 0 0 0 87 43 14 0 54 0 61 71 0 87 69 0 70 8 0 0 86 0 42 17 0 71 5 0 11 33 98 0 10 16 0 15 0 0 66 26 0 0 0 26 43 69 86 74 10 85 68 67 57 65 29 85 39 81 33 82 0 12 0 75 58 0 61 86 0 95 96 
1 89 0 97 14 25 92 31 20 0 37 0 7 11 68 0 0 32 63 39 0 0 69 74 0 0 0 0 0 0 0 71 53 33 37 60 37 47 61 61 0 6 94 78 64 79 66 56 52 54 50 42 58 0 77 45 94 0 0 0 0 31 2 0 17 81 0 0 38 23 0 70 0 84 0 44 7 65 0 0 97 35 0 7 46 55 21 34 0 32 67 68 76 74 0 0 12 0 53 2 
0 98 67 10 29 80 90 10 54 13 78 0 65 5 77 80 83 6 65 6 42 69 0 0 53 52 60 70 0 0 55 0 22 24 65 0 0 73 87 0 64 59 0 0 0 44 34 67 0 59 26 4 100 0 72 81 80 30 66 14 96 35 2 0 0 73 40 0 21 62 0 2 0 0 0 71 0 40 0 43 44 0 0 32 87 0 0 27 0 0 7 65 58 41 96 0 46 69 9 0 
65 1 36 92 0 1 0 49 29 43 0 48 97 21 0 44 25 0 70 19 68 74 0 0 49 0 0 32 25 10 0 0 2 2 25 46 66 0 18 22 0 80 0 0 79 32 53 46 0 89 0 40 0 38 91 90 37 29 0 86 79 42 0 0 64 24 60 86 49 100 7 0 68 0 0 89 92 0 75 0 21 0 0 77 0 97 34 7 0 90 0 0 46 0 0 0 96 0 45 0 
0 10 0 3 11 23 0 0 36 55 40 0 26 81 68 23 87 59 3 0 69 0 53 49 0 0 0 80 0 48 92 10 0 90 0 0 61 7 12 96 23 0 0 90 0 89 99 27 0 62 23 14 0 17 0 51 20 74 40 0 0 0 0 47 48 12 98 11 35 87 96 0 0 4 99 84 99 85 0 0 57 49 82 66 4 36 0 48 0 96 0 0 0 31 93 1 20 0 11 19 
68 79 0 26 19 32 87 0 0 97 44 29 0 78 0 32 72 4 57 90 15 0 52 0 0 0 0 0 43 35 0 40 85 13 40 13 86 0 0 73 1 39 51 0 81 47 6 12 1 0 82 0 49 38 0 0 83 42 26 0 30 0 0 82 61 0 10 0 84 11 6 0 29 58 35 0 86 0 0 0 0 22 25 66 7 72 2 0 0 54 89 74 0 6 0 0 31 0 70 84 
19 6 24 7 0 7 34 0 1 0 0 87 98 0 0 29 6 92 12 70 100 0 60 0 0 0 0 71 28 35 11 0 0 30 15 0 99 2 57 0 25 8 5 0 22 43 77 66 58 42 59 40 26 0 0 0 0 0 0 0 0 80 0 0 0 0 91 0 83 0 55 33 0 84 66 74 0 11 41 0 0 0 45 0 0 15 74 0 24 13 0 0 0 35 0 13 5 0 36 0 
40 32 0 81 0 16 0 67 0 18 60 57 51 22 80 0 60 43 5 0 54 0 70 32 80 0 71 0 0 14 0 0 74 77 0 0 93 16 38 51 40 93 47 84 48 61 25 0 53 0 77 66 3 77 69 41 94 79 12 0 0 33 75 0 10 49 46 0 39 0 88 6 0 8 0 63 40 0 0 20 0 52 0 100 22 82 79 0 21 0 80 0 0 0 5 0 64 0 12 49 
89 0 0 5 0 91 82 45 59 3 0 35 67 48 0 79 0 0 29 86 99 0 0 25 0 43 28 0 0 0 0 99 94 1 82 74 87 64 82 96 0 5 0 46 0 44 39 64 54 60 1 68 86 0 34 0 71 83 0 0 0 6 42 0 59 49 0 21 0 66 0 70 10 0 80 0 34 88 55 38 0 36 34 0 27 0 0 0 94 0 93 0 0 0 24 0 61 0 0 2 
42 56 47 90 86 26 0 46 88 16 0 64 71 84 74 68 0 59 30 25 0 0 0 10 48 35 35 14 0 0 94 0 80 84 0 32 0 0 75 0 43 17 0 95 0 0 71 83 31 63 44 0 0 0 0 81 75 0 82 0 0 100 83 0 22 0 0 17 0 21 34 32 44 56 88 0 26 23 0 0 87 65 0 72 0 34 56 100 0 17 8 0 22 0 0 0 82 0 56 64 
0 48 0 51 0 0 0 42 78 26 0 26 0 48 62 36 0 0 12 0 0 0 55 0 92 0 11 0 0 94 0 39 49 0 34 0 7 44 0 7 43 0 0 38 0 72 0 0 35 18 0 99 0 84 0 0 84 0 35 75 64 6 16 72 0 7 0 32 0 28 27 0 0 66 0 37 90 0 77 0 0 14 0 15 56 84 48 0 47 0 80 0 0 0 0 24 50 87 0 0 
1 56 35 0 25 49 94 38 0 82 94 34 95 0 0 38 78 86 0 0 0 71 0 0 10 40 0 0 99 0 39 0 41 19 0 52 67 0 11 0 0 72 34 70 99 91 48 47 48 0 77 0 70 0 97 0 0 55 0 0 87 40 0 0 92 83 52 68 0 0 17 0 49 0 0 29 0 56 0 7 0 0 84 0 0 21 0 0 0 31 28 0 0 0 69 0 0 0 0 18 
0 0 4 0 86 64 0 30 0 91 0 33 61 98 77 0 25 0 0 0 0 53 22 2 0 85 0 74 94 80 49 41 0 0 0 88 5 3 0 72 24 71 0 10 25 0 0 21 96 80 5 66 63 30 20 0 0 100 3 89 0 86 38 54 0 41 0 21 0 99 94 0 96 14 46 0 0 0 0 96 0 0 0 53 18 0 48 17 0 96 0 0 0 0 63 62 0 0 67 0 
67 0 18 33 0 27 0 15 90 0 0 0 0 41 97 18 0 0 13 0 87 33 24 2 90 13 30 77 1 84 0 19 0 0 68 32 11 0 0 0 0 32 0 81 83 0 0 68 87 21 0 0 0 73 0 0 0 6 34 0 0 0 0 79 0 0 0 0 0 0 1 0 0 33 0 36 16 0 0 60 0 0 69 4 75 67 0 18 55 3 16 0 0 0 68 41 82 11 0 7 
37 74 4 0 0 60 100 0 0 0 96 0 93 0 45 0 0 0 0 0 43 37 65 25 0 40 15 0 82 0 34 0 0 68 0 57 0 76 0 0 0 0 0 0 0 75 0 0 0 0 72 63 0 33 7 39 70 94 0 47 0 2 35 69 57 0 0 30 0 14 44 13 17 5 18 7 0 2 81 0 69 60 36 72 95 64 63 100 96 70 42 29 0 0 55 13 76 45 38 0 
22 0 94 0 9 16 90 39 68 55 0 0 0 98 85 5 0 0 56 71 14 60 0 46 0 13 0 0 74 32 0 52 88 32 57 0 91 61 73 38 81 64 0 82 0 19 96 33 0 16 73 84 43 0 30 17 43 20 0 0 0 57 0 56 0 0 34 25 23 1 0 97 83 88 68 28 0 46 80 30 0 36 0 0 4 12 6 89 93 0 34 57 71 69 79 0 53 88 80 69 
0 0 0 90 21 43 0 67 39 23 0 63 0 92 94 0 18 0 30 91 0 37 0 66 61 86 99 93 87 0 7 67 5 11 0 91 0 6 100 0 9 0 0 0 0 91 32 7 0 70 74 75 0 0 0 89 0 0 0 63 0 74 69 33 56 90 88 0 44 17 5 94 0 4 62 60 0 0 0 67 15 79 5 0 30 0 23 0 0 0 6 65 0 0 61 0 67 6 54 12 
91 78 80 0 47 9 0 36 2 99 43 0 6 0 0 78 76 0 82 0 54 47 73 0 7 0 2 16 64 0 44 0 3 0 76 61 6 0 88 0 56 34 14 19 0 53 75 12 94 0 21 3 36 0 73 21 97 52 55 0 56 0 0 38 0 97 25 0 0 69 0 0 76 52 0 0 0 0 79 0 0 0 0 0 63 20 0 0 3 0 63 89 83 8 0 0 0 31 99 28 
50 0 0 30 0 26 66 68 75 96 84 0 12 33 56 81 51 46 0 27 0 61 87 18 12 0 57 38 82 75 0 11 0 0 0 73 100 88 0 0 32 0 58 87 29 0 63 15 34 44 67 50 0 99 0 33 41 35 2 0 53 0 58 0 0 54 32 0 0 0 72 10 0 17 0 0 0 0 1 0 0 0 18 14 0 0 26 1 71 96 99 69 28 18 19 17 44 44 29 11 
0 7 0 0 25 27 0 0 22 25 90 0 0 17 0 32 0 61 16 3 61 61 0 22 96 73 0 51 96 0 7 0 72 0 0 38 0 0 0 0 0 23 46 0 83 0 0 0 0 0 97 0 41 0 94 0 97 92 0 85 25 45 0 97 100 82 0 46 15 36 27 28 58 91 0 37 52 0 0 96 1 92 53 0 24 0 39 50 58 43 37 81 96 21 100 19 35 61 14 0 
0 0 18 0 0 69 64 19 23 37 64 61 64 67 43 0 0 22 99 0 71 0 64 0 23 1 25 40 0 43 43 0 24 0 0 81 9 56 32 0 0 1 0 86 2 0 45 0 44 13 87 10 0 94 94 0 0 0 12 20 0 0 13 0 19 84 0 0 2 48 16 0 0 99 0 18 50 0 0 0 83 23 9 0 0 0 17 0 0 13 64 19 50 96 55 0 0 44 0 0 
55 99 0 73 9 0 0 17 0 78 12 8 36 23 53 49 0 28 10 0 0 6 59 80 0 39 8 93 5 17 0 72 71 32 0 64 0 34 0 23 1 0 0 38 0 33 0 0 0 35 0 26 0 64 0 64 0 38 42 0 0 76 0 60 52 58 82 94 41 26 0 93 90 0 0 95 63 41 26 14 0 20 71 25 64 0 0 96 78 10 62 0 53 0 0 8 92 0 0 42 
0 70 90 38 0 0 0 0 2 0 0 35 57 94 14 79 47 2 91 6 87 94 0 0 0 51 5 47 0 0 0 34 0 0 0 0 0 14 58 46 0 0 0 67 13 7 0 0 82 26 0 99 0 36 81 57 64 0 0 86 0 0 45 84 63 30 0 47 0 100 0 66 34 59 0 32 0 57 55 0 0 0 44 62 0 78 0 43 44 0 0 70 0 84 0 0 69 0 0 10 
4 30 73 19 0 0 32 0 0 0 0 0 82 74 38 22 87 5 0 68 69 78 0 0 90 0 0 84 46 95 38 70 10 81 0 82 0 19 87 0 86 38 67 0 62 52 65 0 77 58 41 54 16 0 50 0 0 0 2 2 0 0 65 0 0 0 53 8 88 9 0 5 0 0 98 0 50 89 0 91 9 33 4 75 99 50 15 0 0 36 0 43 0 39 0 75 0 0 55 60 
47 47 77 72 6 43 7 72 0 46 0 99 0 81 0 0 82 0 51 0 0 64 0 79 0 81 22 48 0 0 0 99 25 83 0 0 0 0 29 83 2 0 13 62 0 46 39 48 0 13 0 0 18 73 15 0 32 0 0 58 0 71 0 98 0 15 0 0 0 42 47 0 25 0 68 64 6 0 0 87 0 0 58 0 41 27 0 0 88 0 98 0 0 1 54 0 0 0 0 82 
9 34 2 61 64 81 20 12 69 83 77 9 62 96 15 9 0 28 0 95 70 79 44 32 89 47 43 61 44 0 72 91 0 0 75 19 91 53 0 0 0 33 7 52 46 0 31 0 30 0 0 45 0 57 8 0 0 12 10 85 41 94 0 49 76 20 61 68 0 0 0 0 73 0 0 0 98 73 88 0 29 67 76 0 0 0 52 0 77 0 97 0 36 53 22 62 77 16 74 13 
60 62 31 0 70 25 7 0 0 54 93 18 11 36 0 87 0 64 40 5 8 66 34 53 99 6 77 25 39 71 0 48 0 0 0 96 32 75 63 0 45 0 0 65 39 31 0 69 0 0 16 0 68 59 0 24 87 0 10 80 61 0 0 2 66 0 0 35 51 10 26 49 75 56 0 0 0 19 29 36 70 60 0 0 98 28 68 73 96 8 64 36 34 0 0 0 0 0 59 0 
5 68 7 3 53 0 76 1 84 100 32 0 21 40 16 35 16 0 0 0 0 56 67 46 27 12 66 0 64 83 0 47 21 68 0 33 7 12 15 0 0 0 0 0 48 0 69 0 0 0 0 12 40 83 22 74 0 23 75 0 14 6 0 9 0 39 74 15 10 3 59 89 6 31 0 10 0 100 22 7 47 46 34 0 0 15 38 0 0 74 78 15 0 62 0 23 0 55 0 39 
0 61 80 52 0 2 78 28 5 36 0 2 93 0 89 0 0 0 45 0 0 52 0 0 0 1 58 53 54 31 35 48 96 87 0 0 0 94 34 0 44 0 82 77 0 30 0 0 0 86 45 43 73 21 53 0 0 41 4 0 53 36 37 0 4 76 62 36 47 4 0 30 22 0 0 0 22 0 19 26 69 0 16 0 63 66 73 17 38 89 0 0 56 0 32 34 43 38 83 28 
63 0 55 0 64 24 14 0 29 7 29 0 0 0 5 0 4 66 0 52 86 54 59 89 62 0 42 0 60 63 18 0 80 21 0 16 70 0 44 0 13 35 26 58 13 0 0 0 86 0 12 95 77 0 0 55 54 46 0 25 0 0 0 0 49 84 61 0 37 69 0 0 0 80 65 0 27 0 100 89 83 99 0 0 28 0 0 90 40 49 0 29 0 83 92 0 0 15 0 0 
34 0 16 0 0 0 0 0 0 0 0 23 15 85 81 0 0 94 0 0 0 50 26 0 23 82 59 77 1 44 0 77 5 0 72 73 74 21 67 97 87 0 0 41 0 0 16 0 45 12 0 0 46 0 76 7 73 0 0 10 9 18 31 55 54 61 0 6 10 29 65 91 66 18 83 0 0 18 44 100 0 0 0 97 13 0 81 21 72 79 0 26 76 0 100 75 97 0 0 0 
87 0 0 83 76 54 0 62 0 76 0 0 63 0 0 23 29 76 43 55 42 42 4 40 14 0 40 66 68 0 99 0 66 0 63 84 75 3 50 0 10 26 99 54 0 45 0 12 43 95 0 0 0 18 25 11 0 17 0 34 48 77 32 0 33 41 0 92 8 33 0 58 0 0 0 13 0 0 23 49 10 0 49 59 0 0 0 57 0 0 0 0 77 0 0 97 75 0 0 8 
0 0 72 83 85 68 85 0 68 56 20 47 100 68 25 82 0 12 72 0 17 58 100 0 0 49 26 3 86 0 0 70 63 0 0 43 0 36 0 41 0 0 0 16 18 0 68 40 73 77 46 0 0 90 79 59 27 18 0 42 69 0 0 41 91 62 0 85 65 28 95 23 24 0 65 54 96 17 15 0 0 35 0 44 93 54 0 20 93 87 78 0 0 8 64 26 0 83 0 7 
2 0 2 0 0 19 5 95 58 61 55 26 59 0 0 26 31 0 18 27 0 0 0 38 17 38 0 77 0 0 84 0 30 73 33 0 0 0 99 0 94 64 36 0 73 57 59 83 21 0 0 18 90 0 58 0 82 44 0 74 91 0 77 36 93 19 0 4 38 55 58 23 0 47 8 0 39 65 81 0 93 0 28 44 0 74 99 82 22 0 89 90 33 22 0 26 20 0 89 0 
0 46 0 16 53 94 0 0 0 43 97 0 93 0 58 0 33 90 8 0 71 77 72 91 0 0 0 69 34 0 0 97 20 0 7 30 0 73 0 94 94 0 81 50 15 8 0 22 53 0 76 25 79 58 0 7 64 46 0 0 17 33 0 16 16 0 0 62 43 97 66 66 23 0 54 24 36 1 0 10 89 14 68 69 98 86 39 12 81 74 0 78 59 0 86 90 9 81 0 31 
56 72 85 0 64 0 59 0 94 18 22 0 98 49 0 0 0 0 74 0 5 45 81 90 51 0 0 41 0 81 0 0 0 0 39 17 89 21 33 0 0 64 57 0 0 0 24 74 0 55 7 11 59 0 7 0 12 70 34 19 0 0 0 0 16 70 38 0 85 29 1 63 100 0 14 26 0 17 0 25 1 0 0 0 76 0 46 53 81 0 0 62 78 1 19 0 24 0 17 58 
34 51 0 28 10 3 40 79 85 25 0 35 11 34 0 32 0 86 0 78 0 94 80 37 20 83 0 94 71 75 84 0 0 0 70 43 0 97 41 97 0 0 64 0 32 0 87 0 0 54 73 0 27 82 64 12 0 24 62 43 31 85 32 30 14 33 0 0 0 0 100 0 9 29 78 47 47 0 8 35 65 0 96 51 100 19 100 76 65 94 0 44 15 0 72 22 0 0 0 60 
25 0 0 17 11 0 31 22 0 93 22 0 67 76 0 0 18 12 0 76 11 0 30 29 74 42 0 79 83 0 0 55 100 6 94 20 0 52 35 92 0 38 0 0 0 12 0 23 41 46 0 17 18 44 46 70 24 0 50 6 35 80 0 2 2 41 0 94 48 30 22 0 0 0 81 0 0 67 27 68 0 69 49 14 0 48 86 0 0 0 84 97 40 0 33 0 6 46 70 0 
95 0 81 96 0 0 0 59 11 52 71 0 64 9 0 0 78 55 70 49 33 0 66 0 40 26 0 12 0 82 35 0 3 34 0 0 0 55 2 0 12 42 0 2 0 10 10 75 4 0 0 0 0 0 0 34 62 50 0 13 81 91 0 0 0 48 79 3 89 61 60 0 81 73 60 85 0 86 67 0 0 69 0 18 62 41 30 96 33 83 27 34 78 0 0 0 83 22 88 14 
0 77 0 97 26 66 0 0 0 14 0 56 0 3 0 34 0 59 7 38 98 0 14 86 0 0 0 0 0 0 75 0 89 0 47 0 63 0 0 85 20 0 86 2 58 85 80 0 0 25 10 34 42 74 0 19 43 6 13 0 40 53 57 92 7 0 87 39 0 23 72 86 24 0 10 0 17 0 63 89 16 27 41 8 35 0 68 0 0 21 75 13 28 0 92 16 2 0 0 41 
11 75 20 24 0 67 30 40 0 0 0 56 78 0 0 16 98 38 0 60 0 0 96 79 0 30 0 0 0 0 64 87 0 0 0 0 0 56 53 25 0 0 0 0 0 41 61 14 53 0 9 48 69 91 17 0 31 35 81 40 0 7 76 54 53 48 22 0 3 0 17 0 36 0 77 73 0 0 53 93 0 47 0 87 0 95 42 91 38 45 84 21 56 0 4 52 4 94 2 17 
0 85 4 49 0 51 3 3 88 64 0 67 0 37 67 0 0 94 2 35 10 31 35 42 0 0 80 33 6 100 6 40 86 0 2 57 74 0 0 45 0 76 0 0 71 94 0 6 36 0 18 77 0 0 33 0 85 80 91 53 7 0 35 85 31 67 79 92 0 0 0 47 64 9 47 0 0 11 35 0 33 0 0 44 28 31 35 27 87 48 0 37 55 0 41 1 37 30 0 42 
55 48 2 0 69 53 41 15 93 80 0 0 96 74 86 0 65 98 42 0 16 2 2 0 0 0 0 75 42 83 16 0 38 0 35 0 69 0 58 0 13 0 45 65 0 0 0 0 37 0 31 32 0 77 0 0 32 0 0 57 76 35 0 49 20 10 63 22 96 0 43 57 0 14 0 41 74 0 29 0 0 0 99 89 49 0 0 20 0 4 6 81 39 0 0 0 26 21 87 33 
31 0 96 51 33 54 0 38 0 45 33 0 0 14 13 0 34 79 34 0 0 0 0 0 47 82 0 0 0 0 72 0 54 79 69 56 33 38 0 97 0 60 84 0 98 49 2 9 0 0 55 0 41 36 16 0 30 2 0 92 54 85 49 0 39 0 97 0 0 0 40 71 11 0 76 0 39 44 0 50 28 18 45 29 73 21 89 41 0 20 6 0 8 0 0 0 17 0 0 28 
26 73 0 0 10 15 0 20 0 19 87 67 0 35 0 75 74 44 57 24 15 17 0 64 48 61 0 10 59 22 0 92 0 0 57 0 56 0 0 100 19 52 63 0 0 76 66 0 4 49 54 33 91 93 16 16 14 2 0 7 53 31 20 39 0 71 16 3 56 0 62 0 0 0 26 89 30 71 68 35 0 0 0 58 98 5 42 0 12 0 0 48 18 10 36 0 48 66 64 72 
50 5 42 95 26 53 0 35 81 90 46 0 62 0 36 0 48 77 0 0 0 81 73 24 12 0 0 49 49 0 7 83 41 0 0 0 90 97 54 82 84 58 30 0 15 20 0 39 76 84 61 41 62 19 0 70 33 41 48 0 48 67 10 0 71 0 35 70 0 36 0 49 0 0 0 0 26 0 13 60 37 66 0 0 14 24 0 0 0 62 0 64 45 0 80 27 35 84 84 0 
3 30 0 93 0 0 8 92 34 0 7 38 0 43 20 24 11 76 0 6 0 0 40 60 98 10 91 46 0 0 0 52 0 0 0 34 88 25 32 0 0 82 0 53 0 61 0 74 62 61 0 0 0 0 0 38 0 0 79 87 22 79 63 97 16 35 0 16 85 0 63 14 66 0 39 0 94 59 93 63 17 0 3 85 0 0 90 33 77 32 30 0 42 52 71 0 57 32 75 47 
0 94 0 93 0 0 97 9 61 29 57 93 0 54 0 48 11 0 25 88 66 0 0 86 11 0 0 0 21 17 32 68 21 0 30 25 0 0 0 46 0 94 47 8 0 68 35 15 36 0 6 92 85 4 62 0 0 94 3 39 0 92 22 0 3 70 16 0 42 31 0 10 19 53 27 6 0 0 51 83 22 87 0 40 70 11 51 49 1 0 42 20 48 76 95 2 75 0 38 89 
25 41 64 74 0 17 0 44 0 28 30 36 10 35 48 67 67 0 77 0 26 38 21 49 35 84 83 39 0 0 0 0 0 0 0 23 44 0 0 15 2 41 0 88 0 0 51 10 47 37 10 8 65 38 43 85 0 48 89 0 3 0 96 0 56 0 85 42 0 35 1 78 88 13 0 89 0 0 64 95 52 7 63 100 70 0 0 46 0 56 91 96 0 0 88 83 58 0 0 15 
66 41 95 91 0 14 0 9 0 88 77 84 0 56 70 0 0 0 49 79 0 23 62 100 87 11 0 0 66 21 28 0 99 0 14 1 17 69 0 36 48 26 100 9 42 0 10 3 4 69 29 33 28 55 97 29 0 30 61 23 0 0 0 0 0 36 0 31 35 0 73 88 0 0 0 0 55 81 0 0 63 88 57 90 0 0 44 51 0 0 0 91 86 22 21 0 75 72 87 79 
0 32 78 50 10 100 80 0 77 0 0 0 37 0 11 70 38 0 90 0 0 0 0 7 96 6 55 88 0 34 27 17 94 1 44 0 5 0 72 27 16 0 0 0 47 0 26 59 0 0 65 0 95 58 66 1 100 22 60 72 17 0 43 40 62 0 63 0 1 73 0 0 43 58 17 3 50 0 61 51 0 90 57 0 11 12 33 87 28 39 75 0 0 0 0 37 76 0 54 20 
0 0 0 35 0 27 8 0 100 1 87 0 30 10 0 0 0 0 0 0 0 70 2 0 0 0 33 6 70 32 0 0 0 0 13 97 94 0 10 28 0 93 66 5 0 0 49 89 30 0 91 58 23 23 66 63 0 0 0 86 0 47 57 71 0 49 14 10 78 88 0 0 0 2 0 62 0 0 0 95 28 8 43 82 0 32 68 51 0 0 6 93 62 0 0 0 94 0 0 0 
90 41 94 79 0 4 22 70 77 0 52 60 83 21 76 37 24 74 0 86 26 0 0 68 0 29 0 0 10 44 0 49 96 0 17 83 0 76 0 58 0 90 34 0 25 73 75 6 22 0 66 0 24 0 23 100 9 0 81 24 36 64 0 11 0 0 66 19 88 0 43 0 0 0 0 0 52 25 0 0 0 35 0 64 76 0 87 91 0 0 46 27 29 0 0 75 0 0 93 99 
88 90 56 0 0 99 0 10 8 70 28 61 0 0 18 84 85 86 0 50 43 84 0 0 4 58 84 8 0 56 66 0 14 33 5 88 4 52 17 91 99 0 59 0 0 0 56 31 0 80 18 0 0 47 0 0 29 0 73 0 0 9 14 0 0 0 0 53 13 0 58 2 0 0 0 0 45 85 0 56 0 0 0 12 100 14 70 50 86 0 0 2 97 0 0 52 35 5 97 0 
46 0 0 47 0 55 28 91 1 0 0 0 47 70 98 81 16 83 90 0 69 0 0 0 99 35 66 0 80 88 0 0 46 0 18 68 62 0 0 0 0 0 0 98 68 0 0 0 0 65 83 0 65 8 54 14 78 81 60 10 77 47 0 76 26 0 39 27 0 0 17 0 0 0 0 0 13 0 24 18 84 15 35 0 9 31 38 29 0 4 0 0 69 0 11 3 1 0 63 72 
37 76 39 59 0 84 0 0 47 0 57 7 51 7 40 25 57 0 0 0 86 44 71 89 84 0 74 63 0 0 37 29 0 36 7 28 60 0 0 37 18 95 32 0 64 0 0 10 0 0 0 13 54 0 24 26 47 0 85 0 73 0 41 0 89 0 0 6 89 0 3 62 0 0 0 0 2 30 0 0 0 58 17 61 94 0 50 95 81 44 41 0 68 66 0 49 0 0 0 37 
48 0 75 0 50 69 0 5 0 0 41 24 0 17 51 17 0 54 34 100 74 7 0 92 99 86 0 40 34 26 90 0 0 16 0 0 0 0 0 52 50 63 0 50 6 98 0 0 22 27 0 0 96 39 36 0 47 0 0 17 0 0 74 39 30 26 94 0 0 55 50 0 52 45 13 2 0 17 0 21 30 16 0 81 2 57 75 91 94 0 56 0 0 60 0 0 93 0 13 62 
0 85 0 54 53 0 0 82 44 42 51 74 70 89 31 32 0 27 27 0 10 65 40 0 85 0 11 0 88 23 0 56 0 0 2 46 0 0 0 0 0 41 57 89 0 73 19 100 0 0 18 0 17 65 1 17 0 67 86 0 0 11 0 44 71 0 59 0 0 81 0 0 25 85 0 30 17 0 0 0 57 0 68 36 49 11 0 0 0 25 0 0 54 17 54 0 0 3 0 2 
34 83 0 30 0 33 0 0 38 49 0 0 95 58 33 56 0 43 50 0 85 0 0 75 0 0 41 0 55 0 77 0 0 0 81 80 0 79 1 0 0 26 55 0 0 88 29 22 19 100 44 23 15 81 0 0 8 27 67 63 53 35 29 0 68 13 93 51 64 0 61 0 0 0 24 0 0 0 0 20 24 3 2 10 0 54 0 0 46 29 14 16 0 0 84 19 13 0 21 0 
19 44 0 70 90 0 23 0 0 0 95 54 0 0 65 0 28 31 79 44 68 0 43 0 0 0 0 20 38 0 0 7 96 60 0 30 67 0 0 96 0 14 0 91 87 0 36 7 26 89 100 49 0 0 10 25 35 68 0 89 93 0 0 50 35 60 63 83 95 0 51 95 0 56 18 0 21 0 20 0 46 0 0 0 0 99 0 33 0 20 7 81 0 71 36 81 0 0 0 0 
79 53 0 54 0 92 19 89 21 31 27 18 79 0 0 0 11 97 0 0 67 97 44 21 57 0 0 0 0 87 0 0 0 0 69 0 15 0 0 1 83 0 0 9 0 29 70 47 69 83 0 10 0 93 89 1 65 0 0 16 0 33 0 28 0 37 17 22 52 63 0 28 0 0 84 0 30 57 24 46 0 0 0 92 0 0 20 93 18 0 81 61 0 0 38 42 84 17 12 61 
74 89 0 93 63 33 0 47 4 5 81 74 85 52 91 84 77 60 22 0 57 35 0 0 49 22 0 52 36 65 14 0 0 0 60 36 79 0 0 92 23 20 0 33 0 67 60 46 0 99 0 0 35 0 14 0 0 69 69 27 47 0 0 18 0 66 0 87 7 88 90 8 35 0 15 58 16 0 3 0 0 0 20 60 53 74 0 67 78 88 11 0 14 35 2 21 0 20 0 7 
0 0 5 0 42 85 91 0 85 89 0 0 0 0 83 64 0 90 53 9 65 0 0 0 82 25 45 0 34 0 0 84 0 69 36 0 5 0 18 53 9 71 44 4 58 76 0 34 16 0 0 49 0 28 68 0 96 49 0 41 0 0 99 45 0 0 3 0 63 57 57 43 0 0 35 17 0 68 2 0 0 20 0 8 0 71 0 79 65 0 58 0 2 0 72 41 0 25 35 0 
0 24 69 82 71 0 6 0 11 26 92 0 47 0 21 0 85 98 49 92 29 7 32 77 66 66 0 100 0 72 15 0 53 4 72 0 0 0 14 0 0 25 62 75 0 0 0 0 0 0 97 59 44 44 69 0 51 14 18 8 87 44 89 29 58 0 85 40 100 90 0 82 64 12 0 61 81 36 10 0 92 60 8 0 0 40 24 0 92 0 96 64 35 0 0 65 66 45 76 0 
30 45 14 92 0 0 85 89 66 10 0 95 92 12 0 1 29 47 56 0 85 46 87 0 4 7 0 22 27 0 56 0 18 75 95 4 30 63 0 24 0 64 0 99 41 0 98 0 63 28 13 0 93 0 98 76 100 0 62 35 0 28 49 73 98 14 0 70 70 0 11 0 76 100 9 94 2 49 0 0 0 53 0 0 0 0 0 13 11 51 41 52 32 0 0 23 78 11 62 40 
0 56 63 0 0 59 58 96 0 0 94 0 29 76 22 93 88 100 0 0 39 55 0 97 36 72 15 82 0 34 84 21 0 67 64 12 0 20 0 0 0 0 78 50 27 0 28 15 66 0 0 0 54 74 86 0 19 48 41 0 95 31 0 21 5 24 0 11 0 0 12 32 0 14 31 0 57 11 54 99 0 74 71 40 0 0 76 73 78 0 55 27 0 63 37 76 65 38 0 0 
96 0 26 61 12 83 12 91 70 0 66 44 95 34 67 73 43 90 83 0 81 21 0 34 0 2 74 79 0 56 48 0 48 0 63 6 23 0 26 39 17 0 0 15 0 52 68 38 73 0 81 0 0 99 39 46 100 86 30 68 42 35 0 89 42 0 90 51 0 44 33 68 87 70 38 50 75 0 0 0 20 0 0 24 0 76 0 36 63 0 0 72 0 32 39 9 57 98 0 0 
11 30 94 0 13 0 35 36 57 28 17 83 45 60 0 0 56 0 0 91 33 34 27 7 48 0 0 0 0 100 0 0 17 18 100 89 0 0 1 50 0 96 43 0 0 0 73 0 17 90 21 57 20 82 12 53 76 0 96 0 91 27 20 41 0 0 33 49 46 51 87 51 91 50 29 95 91 0 0 33 93 67 79 0 13 73 36 0 45 4 2 39 9 70 19 68 0 45 0 0 
40 41 32 34 0 94 22 86 0 88 28 0 0 2 81 14 0 77 83 44 82 0 0 0 0 0 24 21 94 0 47 0 0 55 96 93 0 3 71 58 0 78 44 0 88 77 96 0 38 40 72 0 93 22 81 81 65 0 33 0 38 87 0 0 12 0 77 1 0 0 28 0 0 86 0 81 94 0 46 0 18 78 65 92 11 78 63 45 0 61 0 51 0 11 0 0 55 0 69 0 
27 85 0 53 60 0 62 0 89 0 59 23 0 0 52 0 0 86 0 38 0 32 0 90 96 54 13 0 0 17 0 31 96 3 70 0 0 0 96 43 13 10 0 36 0 0 8 74 89 49 79 0 87 0 74 0 94 0 83 21 45 48 4 20 0 62 32 0 56 0 39 0 0 0 4 44 0 25 29 20 0 88 0 0 51 0 0 4 61 0 20 0 26 0 43 0 48 4 0 66 
42 23 0 64 56 0 59 77 22 3 0 38 95 53 0 72 89 0 40 0 12 67 7 0 0 89 0 80 93 8 80 28 0 16 42 34 6 63 99 37 64 62 0 0 98 97 64 78 0 0 0 0 78 89 0 0 0 84 27 75 84 0 6 6 0 0 30 42 91 0 75 6 46 0 0 41 56 0 14 7 81 11 58 96 41 55 0 2 0 20 0 36 72 56 66 84 0 0 68 0 
0 91 0 34 65 74 0 50 22 0 1 94 18 0 55 0 9 61 90 0 0 68 65 0 0 74 0 0 0 0 0 0 0 0 29 57 65 89 69 81 19 0 70 43 0 0 36 15 0 29 26 0 0 90 78 62 44 97 34 13 21 37 81 0 48 64 0 20 96 91 0 93 27 2 0 0 0 0 16 81 61 0 0 64 52 27 72 39 51 0 36 0 50 31 0 48 0 21 14 0 
0 41 57 96 0 0 0 56 47 49 60 49 0 49 0 88 54 0 47 80 75 76 58 46 0 0 0 0 0 22 0 0 0 0 0 71 0 83 28 96 50 53 0 0 0 36 34 0 56 0 76 77 0 33 59 78 15 40 78 28 56 55 39 8 18 45 42 48 0 86 0 62 29 97 69 68 0 54 0 0 0 14 2 35 32 0 0 9 0 26 72 50 0 2 92 0 0 0 78 82 
61 26 0 0 46 0 0 24 33 39 43 86 29 0 75 65 3 0 54 0 58 74 41 0 31 6 35 0 0 0 0 0 0 0 0 69 0 8 18 21 96 0 84 39 1 53 0 62 0 83 0 0 8 22 0 1 0 0 0 0 0 0 0 0 10 0 52 76 0 22 0 0 0 0 0 66 60 17 0 71 0 35 0 0 0 63 32 70 11 0 56 31 2 0 0 0 0 91 0 0 
0 5 0 68 38 3 0 89 0 9 83 39 42 0 0 0 0 28 26 0 0 0 96 0 93 0 0 5 24 0 0 69 63 68 55 79 61 0 19 100 55 0 0 0 54 22 0 0 32 92 100 0 64 0 86 19 72 33 0 92 4 41 0 0 36 80 71 95 88 21 0 0 0 0 11 0 0 54 84 36 38 2 72 0 0 37 39 19 0 43 66 0 92 0 0 0 0 0 11 15 
0 89 16 59 41 0 26 0 0 0 0 50 27 56 20 0 0 0 72 10 61 0 0 0 1 0 13 0 0 0 24 0 62 41 13 0 0 0 17 19 0 8 0 75 0 62 0 23 34 0 75 97 26 26 90 0 22 0 0 16 52 1 0 0 0 27 0 2 83 0 37 0 75 52 3 49 0 0 19 81 42 21 41 65 23 76 9 68 0 0 84 48 0 0 0 0 3 63 0 90 
0 43 0 67 0 69 66 17 35 4 12 85 0 99 94 12 1 0 54 88 86 12 46 96 20 31 5 64 61 82 50 0 0 82 76 53 67 0 44 35 0 92 69 0 0 77 0 0 43 0 97 75 0 20 9 24 0 6 83 2 4 37 26 17 48 35 57 75 58 75 76 94 0 35 1 0 93 0 13 0 84 0 0 66 78 65 57 0 55 48 0 0 0 0 0 3 0 7 0 5 
0 14 0 51 50 41 2 0 98 29 24 0 53 0 0 0 94 73 25 18 0 0 69 0 0 0 0 0 0 0 87 0 0 11 45 88 6 31 44 61 44 0 0 0 0 16 0 55 38 15 0 0 83 0 81 0 0 46 22 0 94 30 21 0 66 84 32 0 0 72 0 0 0 5 0 0 0 3 0 0 17 20 25 45 11 38 98 45 0 4 0 21 0 91 0 63 7 0 85 0 
0 0 49 0 0 0 0 0 14 12 70 20 84 32 10 57 50 0 0 0 95 53 9 45 11 70 36 12 0 56 0 0 67 0 38 80 54 99 29 14 0 0 0 55 0 74 59 0 83 0 0 0 0 89 0 17 0 70 88 0 2 0 87 0 64 84 75 38 0 87 54 0 93 97 63 0 13 0 21 0 12 0 35 76 62 0 0 0 69 0 68 14 78 0 11 0 0 85 0 0 
53 0 0 48 0 8 21 46 5 0 0 62 65 86 0 0 47 0 5 41 96 2 0 0 19 84 0 49 2 64 0 18 0 7 0 69 12 28 11 0 0 42 10 60 82 13 0 39 28 0 0 8 7 0 31 58 60 0 14 41 17 42 33 28 72 0 47 89 15 79 20 0 99 0 72 37 62 2 0 0 61 7 0 0 40 0 0 0 0 66 0 0 82 0 15 90 5 0 0 0 
