0 0 18 0 0 45 0 61 0 51 0 34 0 62 0 42 0 0 9 71 0 49 3 46 0 0 84 0 0 24 75 89 0 0 0 0 64 0 3 70 0 100 77 0 0 28 0 100 0 39 0 44 14 24 0 0 0 0 23 0 0 0 97 0 53 73 0 0 0 2 84 0 0 0 79 19 85 83 0 0 0 68 0 100 32 57 0 0 31 0 0 2 0 83 0 58 0 0 49 72 
0 0 98 62 72 0 6 83 0 20 0 0 72 55 27 94 0 0 0 0 0 0 0 0 0 0 41 77 79 0 0 34 82 0 0 33 0 72 23 0 0 84 0 13 0 8 19 69 77 98 37 0 20 0 0 74 0 43 0 55 50 0 63 0 0 43 0 58 0 7 0 0 0 0 0 77 52 0 0 0 0 0 2 0 0 0 67 75 40 8 0 0 0 8 0 92 0 43 89 0 
18 98 0 59 75 0 0 20 62 39 0 25 31 71 0 97 0 94 0 0 77 9 80 19 82 0 44 89 0 0 8 0 0 29 95 0 0 0 0 0 93 26 0 62 0 0 55 0 52 6 57 0 67 25 0 23 0 17 55 0 0 29 56 7 81 0 35 0 0 0 0 53 16 0 0 0 0 0 0 0 0 90 0 0 100 76 29 0 93 0 0 86 96 70 0 65 0 0 0 0 
0 62 59 0 93 16 0 0 8 75 32 86 0 0 0 0 70 47 57 0 0 77 17 66 33 48 0 0 78 0 74 0 0 32 42 0 73 83 13 0 0 14 0 16 0 45 0 0 58 0 64 0 0 0 80 0 17 0 0 70 75 74 38 56 0 45 0 11 0 0 0 0 0 50 0 16 0 0 18 0 69 0 0 0 0 0 94 87 7 61 0 40 0 95 38 0 67 0 0 40 
0 72 75 93 0 0 0 29 40 0 0 0 100 92 81 0 0 11 8 56 39 3 84 26 0 60 77 0 0 0 0 89 16 18 100 0 0 24 0 0 60 0 0 62 24 67 24 53 0 49 87 0 13 38 0 77 0 13 80 0 0 0 12 0 0 65 0 69 0 0 0 0 4 61 0 0 0 52 0 0 76 0 0 10 0 0 0 20 0 63 28 68 19 0 73 0 0 0 0 18 
45 0 0 16 0 0 36 0 0 69 47 0 0 12 78 90 0 0 0 32 64 0 72 0 0 0 0 0 0 0 74 11 0 14 2 51 0 0 0 0 0 0 76 0 48 81 0 0 43 31 0 0 0 0 7 0 100 0 77 50 22 0 67 38 82 31 0 12 0 48 0 0 73 0 0 0 30 0 21 6 0 82 0 0 58 0 0 0 25 7 51 0 20 12 0 0 52 0 0 0 
0 6 0 0 0 36 0 0 13 0 43 15 48 0 71 93 56 0 8 30 0 0 0 81 0 39 0 73 26 0 0 0 0 77 46 0 65 60 0 82 71 0 54 0 0 6 0 0 0 71 80 0 0 61 0 3 91 0 0 0 82 33 0 0 79 3 0 0 0 1 6 0 79 28 0 0 73 0 25 0 0 0 81 0 0 0 57 39 0 0 0 0 0 25 0 0 0 0 0 0 
61 83 20 0 29 0 0 0 36 0 0 0 31 14 33 33 89 26 0 0 0 0 81 83 0 0 7 0 0 23 0 0 0 14 0 0 55 68 15 0 74 32 0 0 2 93 100 49 2 0 17 0 0 0 0 0 0 72 64 95 0 0 5 0 0 62 74 0 50 0 0 0 0 5 0 0 61 0 0 0 0 0 0 0 0 75 0 0 0 39 0 0 0 0 0 0 81 0 47 18 
0 0 62 8 40 0 13 36 0 53 0 0 0 29 0 0 0 51 63 90 5 0 24 82 0 0 0 62 0 0 24 98 0 95 0 0 0 0 0 0 0 0 0 0 27 0 0 0 0 0 0 83 82 0 0 0 0 83 47 0 65 79 0 56 63 0 0 36 91 4 36 0 0 25 0 3 0 45 92 0 61 0 35 89 3 27 0 0 0 0 0 83 0 95 0 0 20 0 25 100 
51 20 39 75 0 69 0 0 53 0 0 0 45 0 35 97 0 0 0 0 0 0 32 36 0 58 0 46 59 0 85 0 0 0 0 0 72 18 85 0 0 29 0 0 0 0 0 58 6 0 0 16 45 17 58 0 0 0 0 77 0 88 26 88 97 3 5 43 94 0 0 0 67 28 0 0 9 23 5 0 89 13 0 0 0 60 47 0 0 74 99 14 0 71 0 46 0 0 3 67 
0 0 0 32 0 47 43 0 0 0 0 2 0 8 8 49 14 0 0 0 53 17 0 0 72 0 0 3 36 0 7 21 48 0 0 0 0 0 0 0 0 0 76 0 0 0 92 66 0 62 96 0 62 0 68 0 0 83 98 70 0 64 32 98 52 0 0 0 0 0 85 0 0 0 15 0 0 26 0 0 83 63 0 0 0 57 0 0 0 18 0 0 0 0 32 0 0 55 0 67 
34 0 25 86 0 0 15 0 0 0 2 0 0 0 0 0 0 0 57 0 6 0 64 0 42 0 0 0 67 51 0 0 0 0 97 46 0 0 0 0 3 0 15 0 54 0 0 0 0 0 0 85 57 0 0 68 0 12 0 0 0 0 0 0 0 6 0 0 0 79 0 0 0 0 7 35 0 0 0 0 100 80 0 0 0 0 73 0 0 0 66 85 100 0 0 0 0 50 0 22 
0 72 31 0 100 0 48 31 0 45 0 0 0 70 46 0 14 0 76 84 48 0 0 80 0 35 64 30 0 0 66 21 49 0 73 0 0 0 85 0 0 84 77 44 42 0 84 0 0 0 0 12 0 0 0 86 0 0 19 0 35 52 0 0 9 74 0 0 0 0 0 0 0 0 62 16 87 22 0 74 64 87 66 0 72 0 0 0 0 0 46 0 0 34 0 9 0 0 0 0 
62 55 71 0 92 12 0 14 29 0 8 0 70 0 64 0 23 0 0 17 100 0 99 34 63 17 30 0 0 0 0 0 0 0 0 79 0 0 52 0 0 20 0 12 0 73 0 27 0 0 0 49 0 98 0 95 0 0 0 0 49 0 54 0 0 84 56 73 97 55 0 0 12 0 0 59 0 0 9 0 11 0 0 58 99 0 0 0 22 0 79 0 7 63 85 0 0 15 0 2 
0 27 0 0 81 78 71 33 0 35 8 0 46 64 0 77 9 73 48 45 57 0 78 11 8 0 0 0 77 0 0 0 2 11 0 0 0 0 62 70 0 0 0 0 0 0 0 4 0 0 50 0 84 0 0 0 0 0 0 76 63 4 0 0 0 0 0 0 57 28 59 40 0 0 0 53 0 39 60 88 72 0 12 0 14 0 0 0 0 0 0 0 96 79 16 83 96 0 0 81 
42 94 97 0 0 90 93 33 0 97 49 0 0 0 77 0 38 0 0 0 71 42 0 26 99 7 0 0 88 0 0 49 1 70 0 0 54 64 33 0 30 0 25 0 0 20 46 4 0 0 37 0 0 49 0 0 0 0 31 51 12 0 0 83 45 0 77 0 0 53 10 89 0 0 0 0 0 0 0 0 0 97 0 0 54 0 0 0 0 0 0 0 99 0 0 24 28 99 72 47 
0 0 0 70 0 0 56 89 0 0 14 0 14 23 9 38 0 0 0 62 65 0 0 0 0 40 0 0 0 0 3 9 28 0 21 44 0 16 0 0 0 0 0 0 0 0 62 0 0 96 18 15 69 0 50 0 27 0 43 0 94 0 27 0 58 0 0 54 0 0 62 25 0 0 0 88 17 0 69 0 62 0 0 0 0 0 0 31 0 0 0 13 0 0 0 73 0 88 0 0 
0 0 94 47 11 0 0 26 51 0 0 0 0 0 73 0 0 0 0 92 73 18 0 43 0 0 69 0 51 4 0 55 0 0 0 9 0 96 0 31 28 37 49 0 74 0 25 0 36 0 0 0 0 75 88 0 54 0 77 0 73 0 0 58 0 37 19 32 58 17 0 0 57 2 61 0 0 35 61 64 0 72 0 0 20 70 94 0 9 0 79 10 0 46 84 0 0 0 0 93 
9 0 0 57 8 0 8 0 63 0 0 57 76 0 48 0 0 0 0 8 41 0 96 4 31 0 0 34 0 0 0 44 0 0 0 58 1 48 0 45 0 0 0 0 25 38 62 71 0 29 0 0 45 0 38 0 33 0 93 0 0 28 0 23 0 93 22 0 0 46 0 44 0 54 0 0 81 0 0 67 0 46 0 93 12 0 67 72 40 0 84 0 0 76 17 0 0 9 0 2 
71 0 0 0 56 32 30 0 90 0 0 0 84 17 45 0 62 92 8 0 51 0 63 79 55 0 0 52 0 74 8 0 91 29 0 0 92 82 69 0 0 53 0 21 0 0 0 0 0 0 62 0 0 0 83 0 16 0 0 74 98 0 0 0 0 71 6 0 82 26 0 0 0 39 0 13 80 10 74 6 30 0 50 0 18 0 0 0 0 0 37 0 0 67 0 0 50 45 0 40 
0 0 77 0 39 64 0 0 5 0 53 6 48 100 57 71 65 73 41 51 0 0 0 0 0 70 0 76 32 0 62 12 0 0 0 36 6 0 0 0 0 63 0 18 80 86 99 0 88 0 0 0 0 0 88 0 0 0 66 26 20 0 0 0 38 0 75 29 92 0 54 86 0 0 60 0 0 0 0 0 0 95 0 0 23 9 0 95 80 0 0 0 0 79 0 71 0 16 63 0 
49 0 9 77 3 0 0 0 0 0 17 0 0 0 0 42 0 18 0 0 0 0 0 0 0 74 37 0 0 0 0 0 0 84 0 0 0 0 0 81 66 0 0 0 0 32 88 0 0 65 65 16 83 0 0 65 0 0 0 51 96 0 0 0 27 85 0 0 0 0 0 78 22 13 0 0 0 46 33 0 0 0 0 78 54 0 33 33 54 0 68 77 99 0 98 0 0 50 0 0 
3 0 80 17 84 72 0 81 24 32 0 64 0 99 78 0 0 0 96 63 0 0 0 0 44 82 0 28 0 0 100 0 0 0 93 0 0 55 0 22 0 0 5 0 3 28 0 0 57 0 0 38 0 0 60 83 78 20 0 0 80 57 28 1 53 0 47 86 25 87 0 18 0 0 0 0 44 81 20 0 0 12 38 0 85 0 0 0 27 0 0 0 33 10 53 0 0 33 0 0 
46 0 19 66 26 0 81 83 82 36 0 0 80 34 11 26 0 43 4 79 0 0 0 0 72 0 87 0 0 42 0 27 0 0 0 0 84 0 0 0 0 0 22 0 0 0 92 63 0 60 0 0 82 23 28 0 0 24 0 0 22 0 0 0 44 45 0 96 26 13 98 2 0 61 0 0 2 61 36 42 76 0 0 0 63 0 82 0 0 26 5 0 0 0 44 0 81 0 0 22 
0 0 82 33 0 0 0 0 0 0 72 42 0 63 8 99 0 0 31 55 0 0 44 72 0 17 81 20 8 0 13 0 72 0 0 16 72 39 0 0 0 36 62 86 88 0 20 0 51 39 14 0 66 0 0 0 77 0 0 0 0 66 63 0 0 0 37 11 0 0 0 0 72 0 0 92 2 99 42 0 0 70 40 0 39 55 53 50 47 0 0 20 44 0 2 0 84 0 0 0 
0 0 0 48 60 0 39 0 0 58 0 0 35 17 0 7 40 0 0 0 70 74 82 0 17 0 0 0 0 0 56 0 65 88 0 0 19 69 82 57 15 0 0 95 89 12 0 51 0 0 0 32 0 66 0 0 0 36 90 80 0 96 90 0 90 0 5 83 0 0 86 63 0 0 99 0 0 88 86 0 71 0 0 89 0 13 0 44 40 0 0 0 2 0 0 18 0 60 0 0 
84 41 44 0 77 0 0 7 0 0 0 0 64 30 0 0 0 69 0 0 0 37 0 87 81 0 0 72 91 0 0 0 0 0 0 0 89 0 12 7 25 0 43 50 0 0 100 6 43 36 0 0 0 0 72 0 0 82 0 0 0 0 0 4 0 0 0 63 0 2 0 0 0 35 36 46 0 44 82 77 18 72 0 78 0 0 91 0 50 36 11 0 0 45 0 0 0 0 0 20 
0 77 89 0 0 0 73 0 62 46 3 0 30 0 0 0 0 0 34 52 76 0 28 0 20 0 72 0 63 91 82 0 0 0 0 41 0 22 21 0 0 0 0 63 0 35 0 51 30 0 53 89 67 0 56 91 0 73 0 0 0 94 0 12 81 21 0 27 0 92 96 0 0 0 0 0 0 0 61 10 58 0 0 0 82 90 0 81 58 0 0 0 0 0 0 0 0 35 41 75 
0 79 0 78 0 0 26 0 0 59 36 67 0 0 77 88 0 51 0 0 32 0 0 0 8 0 91 63 0 93 45 59 0 0 77 70 0 0 0 90 0 0 87 0 0 0 11 69 0 0 0 0 52 4 0 0 91 13 63 60 0 92 78 57 30 0 0 0 12 25 15 32 76 0 77 0 70 0 0 0 0 81 0 0 70 0 57 0 0 28 23 91 0 0 5 63 90 0 0 0 
24 0 0 0 0 0 0 23 0 0 0 51 0 0 0 0 0 4 0 74 0 0 0 42 0 0 0 91 93 0 0 0 93 63 15 76 15 0 10 16 0 0 0 0 0 0 32 28 57 49 0 0 81 0 0 38 91 66 0 62 53 0 0 71 81 0 12 97 0 3 0 37 0 0 51 9 41 67 0 0 0 0 39 0 0 41 0 0 0 80 0 0 0 0 5 68 22 0 0 0 
75 0 8 74 0 74 0 0 24 85 7 0 66 0 0 0 3 0 0 8 62 0 100 0 13 56 0 82 45 0 0 0 0 38 0 0 0 36 0 15 0 0 97 18 0 0 0 34 0 50 0 0 52 8 60 0 75 61 56 7 0 62 90 87 0 76 0 0 49 96 32 0 0 0 0 0 0 37 7 48 16 0 61 0 11 0 13 40 1 56 0 63 0 59 37 0 0 0 0 0 
89 34 0 0 89 11 0 0 98 0 21 0 21 0 0 49 9 55 44 0 12 0 0 27 0 0 0 0 59 0 0 0 9 9 76 0 49 0 83 0 8 74 0 67 0 97 13 0 0 0 0 0 9 0 81 13 2 43 16 71 0 83 0 6 0 0 0 0 84 0 91 0 0 0 31 0 94 0 89 94 0 66 70 0 0 48 92 9 0 0 0 51 0 75 38 0 0 53 14 54 
0 82 0 0 16 0 0 0 0 0 48 0 49 0 2 1 28 0 0 91 0 0 0 0 72 65 0 0 0 93 0 9 0 0 0 0 59 0 30 0 0 0 0 0 0 89 0 0 0 71 55 0 0 0 0 0 100 0 0 0 39 0 0 0 0 25 0 0 0 65 13 85 0 22 40 0 0 75 31 58 47 0 23 59 0 38 57 79 85 20 90 22 59 15 0 2 100 0 0 44 
0 0 29 32 18 14 77 14 95 0 0 0 0 0 11 70 0 0 0 29 0 84 0 0 0 88 0 0 0 63 38 9 0 0 0 0 0 0 40 0 77 38 33 0 63 11 0 0 80 61 50 0 0 87 67 0 0 0 82 0 25 70 41 0 19 0 57 0 1 0 29 0 69 25 0 0 77 92 0 27 0 56 0 0 0 0 0 0 0 0 0 0 0 36 0 0 21 47 59 28 
0 0 95 42 100 2 46 0 0 0 0 97 73 0 0 0 21 0 0 0 0 0 93 0 0 0 0 0 77 15 0 76 0 0 0 0 0 0 0 95 71 89 32 27 0 98 91 0 41 0 78 0 0 0 0 0 88 0 0 29 0 0 65 0 24 0 0 0 0 81 67 89 92 0 27 6 0 0 47 95 93 0 0 49 20 0 0 0 0 40 0 31 0 0 0 64 45 0 22 30 
0 33 0 0 0 51 0 0 0 0 0 46 0 79 0 0 44 9 58 0 36 0 0 0 16 0 0 41 70 76 0 0 0 0 0 0 99 24 0 0 65 36 0 0 0 0 0 24 14 10 40 8 16 41 0 0 79 1 0 57 0 46 0 88 0 0 0 0 0 0 0 0 0 0 14 74 83 0 0 66 0 0 0 41 14 0 0 0 22 0 0 0 0 0 0 95 0 0 0 98 
64 0 0 73 0 0 65 55 0 72 0 0 0 0 0 54 0 0 1 92 6 0 0 84 72 19 89 0 0 15 0 49 59 0 0 99 0 80 0 0 0 0 0 47 56 79 5 0 23 0 0 21 68 0 0 0 0 0 0 17 0 0 3 0 56 0 0 0 0 0 0 0 0 45 5 0 0 24 10 0 0 43 0 0 65 0 23 0 72 0 0 0 0 42 0 0 86 13 0 20 
0 72 0 83 24 0 60 68 0 18 0 0 0 0 0 64 16 96 48 82 0 0 55 0 39 69 0 22 0 0 36 0 0 0 0 24 80 0 0 0 24 0 6 0 14 0 0 26 47 0 82 0 9 47 79 0 0 0 0 0 13 0 4 0 0 0 0 28 0 3 0 11 75 62 0 0 77 0 0 0 0 0 17 50 0 0 0 27 0 57 2 38 0 16 16 79 0 0 0 0 
3 23 0 13 0 0 0 15 0 85 0 0 85 52 62 33 0 0 0 69 0 0 0 0 0 82 12 21 0 10 0 83 30 40 0 0 0 0 0 0 90 0 0 47 0 67 0 0 0 0 0 0 0 0 59 5 0 0 21 0 0 0 46 31 0 0 0 83 66 0 0 21 47 14 0 63 17 0 0 0 16 0 0 0 0 0 0 0 0 82 83 71 43 0 22 0 0 77 0 0 
70 0 0 0 0 0 82 0 0 0 0 0 0 0 70 0 0 31 45 0 0 81 22 0 0 57 7 0 90 16 15 0 0 0 95 0 0 0 0 0 0 90 0 75 53 0 0 72 0 10 100 0 71 0 60 0 52 52 25 69 0 89 0 0 38 62 0 0 69 0 0 0 0 34 0 60 0 62 93 92 94 0 79 94 0 83 0 0 42 14 0 67 0 0 85 0 0 0 27 27 
0 0 93 0 60 0 71 74 0 0 0 3 0 0 0 30 0 28 0 0 0 66 0 0 0 15 25 0 0 0 0 8 0 77 71 65 0 24 90 0 0 0 0 0 27 0 0 30 0 100 45 0 53 9 24 0 0 0 23 12 60 0 0 81 0 0 0 0 0 0 37 0 2 0 0 6 0 0 63 11 0 63 0 0 0 34 0 62 28 0 13 49 0 0 0 0 0 0 75 98 
100 84 26 14 0 0 0 32 0 29 0 0 84 20 0 0 0 37 0 53 63 0 0 0 36 0 0 0 0 0 0 74 0 38 89 36 0 0 0 90 0 0 0 0 0 1 0 27 10 0 0 0 13 0 92 92 8 0 0 0 68 9 0 0 99 0 0 0 43 0 0 0 0 69 28 51 0 0 0 0 0 0 90 0 14 97 46 0 83 20 51 0 0 0 93 61 49 25 0 57 
77 0 0 0 0 76 54 0 0 0 76 15 77 0 0 25 0 49 0 0 0 0 5 22 62 0 43 0 87 0 97 0 0 33 32 0 0 6 0 0 0 0 0 67 0 0 69 0 0 20 44 20 92 0 67 76 0 0 0 0 15 30 0 0 0 0 0 0 0 0 79 9 0 0 73 0 11 55 0 72 0 8 0 0 0 18 72 72 50 0 0 0 85 0 29 0 0 0 0 0 
0 13 62 16 62 0 0 0 0 0 0 0 44 12 0 0 0 0 0 21 18 0 0 0 86 95 50 63 0 0 18 67 0 0 27 0 47 0 47 75 0 0 67 0 82 0 0 28 0 66 31 82 0 23 74 0 0 0 0 0 49 56 0 0 0 0 40 100 12 0 0 0 60 20 33 0 42 98 0 0 0 0 82 63 72 25 86 63 0 0 0 0 0 99 0 0 0 0 66 16 
0 0 0 0 24 48 0 2 27 0 0 54 42 0 0 0 0 74 25 0 80 0 3 0 88 89 0 0 0 0 0 0 0 63 0 0 56 14 0 53 27 0 0 82 0 0 0 0 0 66 0 80 0 21 0 63 63 51 39 73 0 0 0 0 0 0 0 50 33 17 24 0 13 0 75 83 38 61 0 59 0 0 0 45 60 0 0 0 69 42 0 86 0 84 68 0 0 57 98 0 
28 8 0 45 67 81 6 93 0 0 0 0 0 73 0 20 0 0 38 0 86 32 28 0 0 12 0 35 0 0 0 97 89 11 98 0 79 0 67 0 0 1 0 0 0 0 0 0 67 68 0 2 0 95 43 0 10 0 0 0 0 0 0 0 0 5 0 0 83 0 48 43 0 0 0 0 99 13 97 100 0 55 0 17 71 17 98 27 0 0 0 77 0 0 0 96 0 33 51 30 
0 19 55 0 24 0 0 100 0 0 92 0 84 0 0 46 62 25 62 0 99 88 0 92 20 0 100 0 11 32 0 13 0 0 91 0 5 0 0 0 0 0 69 0 0 0 0 19 91 0 0 0 0 86 85 0 0 0 0 50 75 60 0 32 0 0 8 0 16 0 0 5 0 48 27 0 2 21 0 96 0 0 0 0 0 26 0 0 0 0 42 29 0 80 0 26 0 37 0 0 
100 69 0 0 53 0 0 49 0 58 66 0 0 27 4 4 0 0 71 0 0 0 0 63 0 51 6 51 69 28 34 0 0 0 0 24 0 26 0 72 30 27 0 28 0 0 19 0 32 63 0 60 56 99 0 0 61 0 0 0 0 0 0 0 0 6 73 50 0 38 0 2 0 0 0 4 0 0 25 17 0 0 13 0 92 0 98 0 87 0 0 0 0 41 91 0 68 1 46 11 
0 77 52 58 0 43 0 2 0 6 0 0 0 0 0 0 0 36 0 0 88 0 57 0 51 0 43 30 0 57 0 0 0 80 41 14 23 47 0 0 0 10 0 0 0 67 91 32 0 96 29 84 0 0 48 0 16 62 98 0 75 74 0 2 22 0 0 37 0 0 33 90 78 83 24 0 0 0 72 78 0 0 13 0 0 12 13 0 0 0 0 0 0 0 0 48 96 0 2 0 
39 98 6 0 49 31 71 0 0 0 62 0 0 0 0 0 96 0 29 0 0 65 0 60 39 0 36 0 0 49 50 0 71 61 0 10 0 0 0 10 100 0 20 66 66 68 0 63 96 0 0 0 24 23 18 0 0 33 73 0 37 34 36 12 0 0 0 14 0 0 0 0 17 0 25 0 0 55 34 42 15 0 0 10 53 7 0 78 86 45 93 75 0 0 0 0 0 0 0 0 
0 37 57 64 87 0 80 17 0 0 96 0 0 0 50 37 18 0 0 62 0 65 0 0 14 0 0 53 0 0 0 0 55 50 78 40 0 82 0 100 45 0 44 31 0 0 0 0 29 0 0 0 0 0 0 32 98 31 55 38 67 80 0 0 74 0 49 0 96 0 0 0 51 0 0 0 32 0 0 0 41 0 0 23 20 27 0 0 0 0 50 40 43 0 87 48 0 97 0 0 
44 0 0 0 0 0 0 0 83 16 0 85 12 49 0 0 15 0 0 0 0 16 38 0 0 32 0 89 0 0 0 0 0 0 0 8 21 0 0 0 0 0 20 82 80 2 0 60 84 0 0 0 0 75 43 0 20 68 0 0 28 41 0 0 0 67 36 0 22 93 0 42 25 15 75 81 51 0 85 0 0 72 28 52 0 0 79 0 82 76 0 5 0 0 2 52 15 0 11 0 
14 20 67 0 13 0 0 0 82 45 62 57 0 0 84 0 69 0 45 0 0 83 0 82 66 0 0 67 52 81 52 9 0 0 0 16 68 9 0 71 53 13 92 0 0 0 0 56 0 24 0 0 0 0 0 0 0 9 0 0 16 0 0 0 49 70 0 66 95 80 65 0 80 48 16 79 0 0 0 65 64 0 0 95 10 61 0 20 65 0 0 0 68 0 39 0 0 33 0 0 
24 0 25 0 38 0 61 0 0 17 0 0 0 98 0 49 0 75 0 0 0 0 0 23 0 66 0 0 4 0 8 0 0 87 0 41 0 47 0 0 9 0 0 23 21 95 86 99 0 23 0 75 0 0 0 0 0 54 0 0 0 36 14 0 0 0 94 0 0 83 68 0 0 96 0 35 0 0 0 0 0 0 44 14 3 94 0 0 52 0 0 0 0 0 0 93 0 10 49 40 
0 0 0 80 0 7 0 0 0 58 68 0 0 0 0 0 50 88 38 83 88 0 60 28 0 0 72 56 0 0 60 81 0 67 0 0 0 79 59 60 24 92 67 74 0 43 85 0 48 18 0 43 0 0 0 0 0 0 62 0 0 10 0 0 58 16 79 19 56 0 35 0 0 45 11 0 77 88 0 0 0 0 46 89 0 0 68 0 0 99 55 0 100 66 0 69 43 0 76 0 
0 74 23 0 77 0 3 0 0 0 0 68 86 95 0 0 0 0 0 0 0 65 83 0 0 0 0 91 0 38 0 13 0 0 0 0 0 0 5 0 0 92 76 0 63 0 0 0 0 0 32 0 0 0 0 0 0 0 0 0 0 0 48 0 0 0 0 0 0 54 0 14 75 0 86 55 0 6 59 9 0 5 56 20 0 78 0 21 0 42 2 0 2 0 0 22 0 44 0 0 
0 0 0 17 0 100 91 0 0 0 0 0 0 0 0 0 27 54 33 16 0 0 78 0 77 0 0 0 91 91 75 2 100 0 88 79 0 0 0 52 0 8 0 0 63 10 0 61 16 0 98 20 0 0 0 0 0 45 76 56 0 0 40 47 0 60 0 0 74 0 19 0 0 0 0 0 0 0 100 50 76 0 66 0 0 0 0 0 0 0 0 7 13 0 0 0 0 15 79 0 
0 43 17 0 13 0 0 72 83 0 83 12 0 0 0 0 0 0 0 0 0 0 20 24 0 36 82 73 13 66 61 43 0 0 0 1 0 0 0 52 0 0 0 0 51 0 0 0 62 33 31 68 9 54 0 0 45 0 0 0 12 65 76 0 0 0 40 90 94 5 0 0 0 0 48 0 0 0 0 25 14 0 58 89 0 0 68 73 0 64 11 0 68 0 41 27 0 0 0 48 
23 0 55 0 80 77 0 64 47 0 98 0 19 0 0 31 43 77 93 0 66 0 0 0 0 90 0 0 63 0 56 16 0 82 0 0 0 0 21 25 23 0 0 0 39 0 0 0 98 73 55 0 0 0 62 0 76 0 0 0 33 38 38 0 20 80 40 0 34 87 0 83 0 0 75 0 0 41 0 0 70 94 0 0 8 0 36 0 0 0 5 48 35 0 30 0 15 42 34 80 
0 55 0 70 0 50 0 95 0 77 70 0 0 0 76 51 0 0 0 74 26 51 0 0 0 80 0 0 60 62 7 71 0 0 29 57 17 0 0 69 12 0 0 0 73 0 50 0 0 0 38 0 0 0 0 0 56 0 0 0 22 81 1 39 46 0 0 65 75 0 70 0 13 0 0 0 4 0 0 0 0 0 37 80 0 0 40 99 41 4 92 52 0 0 71 96 0 0 93 13 
0 50 0 75 0 22 82 0 65 0 0 0 35 49 63 12 94 73 0 98 20 96 80 22 0 0 0 0 0 53 0 0 39 25 0 0 0 13 0 0 60 68 15 49 0 0 75 0 75 37 67 28 16 0 0 0 0 12 33 22 0 0 67 77 0 54 0 0 0 0 56 0 0 65 0 0 7 20 0 53 16 70 0 1 21 37 0 0 0 5 94 84 0 32 0 0 0 0 0 0 
0 0 29 74 0 0 33 0 79 88 64 0 52 0 4 0 0 0 28 0 0 0 57 0 66 96 0 94 92 0 62 83 0 70 0 46 0 0 0 89 0 9 30 56 0 0 60 0 74 34 80 41 0 36 10 0 0 65 38 81 0 0 87 8 54 0 0 0 0 54 0 0 70 15 39 0 0 10 47 0 77 81 0 79 0 0 0 0 73 0 48 38 0 77 0 0 0 78 0 0 
97 63 56 38 12 67 0 5 0 26 32 0 0 54 0 0 27 0 0 0 0 0 28 0 63 90 0 0 78 0 90 0 0 41 65 0 3 4 46 0 0 0 0 0 0 0 0 0 0 36 0 0 0 14 0 48 40 76 38 1 67 87 0 93 0 1 11 0 0 46 0 80 0 65 0 0 94 0 0 25 0 83 0 49 41 11 0 18 6 11 42 0 0 85 0 55 0 21 0 7 
0 0 7 56 0 38 0 0 56 88 98 0 0 0 0 83 0 58 23 0 0 0 1 0 0 0 4 12 57 71 87 6 0 0 0 88 0 0 31 0 81 0 0 0 0 0 32 0 2 12 0 0 0 0 0 0 47 0 0 39 77 8 93 0 73 0 0 22 0 0 0 0 76 0 23 0 0 0 0 72 0 0 65 0 0 0 95 0 0 61 0 36 4 0 0 53 12 35 0 0 
53 0 81 0 0 82 79 0 63 97 52 0 9 0 0 45 58 0 0 0 38 27 53 44 0 90 0 81 30 81 0 0 0 19 24 0 56 0 0 38 0 99 0 0 0 0 0 0 22 0 74 0 49 0 58 0 0 0 20 46 0 54 0 73 0 15 51 0 58 90 35 0 0 0 95 27 0 25 12 0 45 87 0 0 0 25 0 76 0 64 29 89 80 0 0 0 0 7 42 0 
73 43 0 45 65 31 3 62 0 3 0 6 74 84 0 0 0 37 93 71 0 85 0 45 0 0 0 21 0 0 76 0 25 0 0 0 0 0 0 62 0 0 0 0 0 5 0 6 0 0 0 67 70 0 16 0 60 0 80 0 54 0 1 0 15 0 73 0 95 0 0 0 77 83 0 0 51 72 13 13 73 0 0 73 0 14 0 0 0 74 18 0 34 99 62 0 95 63 55 2 
0 0 35 0 0 0 0 74 0 5 0 0 0 56 0 77 0 19 22 6 75 0 47 0 37 5 0 0 0 12 0 0 0 57 0 0 0 0 0 0 0 0 0 40 0 0 8 73 0 0 49 36 0 94 79 0 0 40 40 0 0 0 11 0 51 73 0 0 0 0 0 86 0 0 0 0 51 51 0 0 0 0 0 0 0 68 0 0 0 86 56 39 31 0 0 35 7 30 33 0 
0 58 0 11 69 12 0 0 36 43 0 0 0 73 0 0 54 32 0 0 29 0 86 96 11 83 63 27 0 97 0 0 0 0 0 0 0 28 83 0 0 0 0 100 50 0 0 50 37 14 0 0 66 0 19 0 0 90 0 65 0 0 0 22 0 0 0 0 0 0 26 0 0 55 0 49 31 75 0 0 0 0 0 0 0 0 35 0 92 0 6 5 0 40 45 95 0 0 100 0 
0 0 0 0 0 0 0 50 91 94 0 0 0 97 57 0 0 58 0 82 92 0 25 26 0 0 0 0 12 0 49 84 0 1 0 0 0 0 66 69 0 43 0 12 33 83 16 0 0 0 96 22 95 0 56 0 74 94 34 75 0 0 0 0 58 95 0 0 0 0 24 23 91 0 0 20 0 0 0 0 0 43 91 35 0 30 0 0 0 69 0 0 60 86 69 0 0 0 85 28 
2 7 0 0 0 48 1 0 4 0 0 79 0 55 28 53 0 17 46 26 0 0 87 13 0 0 2 92 25 3 96 0 65 0 81 0 0 3 0 0 0 0 0 0 17 0 0 38 0 0 0 93 80 83 0 54 0 5 87 0 0 54 46 0 90 0 0 0 0 0 48 23 0 100 0 0 0 0 60 0 0 17 0 0 0 89 0 0 0 26 0 75 0 53 0 0 0 72 42 45 
84 0 0 0 0 0 6 0 36 0 85 0 0 0 59 10 62 0 0 0 54 0 0 98 0 86 0 96 15 0 32 91 13 29 67 0 0 0 0 0 37 0 79 0 24 48 0 0 33 0 0 0 65 68 35 0 19 0 0 70 56 0 0 0 35 0 0 26 24 48 0 0 32 0 0 0 0 0 47 0 6 0 0 73 1 0 55 76 73 68 0 0 31 71 0 84 63 0 70 57 
0 0 53 0 0 0 0 0 0 0 0 0 0 0 40 89 25 0 44 0 86 78 18 2 0 63 0 0 32 37 0 0 85 0 89 0 0 11 21 0 0 0 9 0 0 43 5 2 90 0 0 42 0 0 0 14 0 0 83 0 0 0 80 0 0 0 86 0 23 23 0 0 69 0 0 21 45 0 70 0 69 0 28 0 0 0 0 17 82 91 0 0 0 0 0 0 0 70 66 0 
0 0 16 0 4 73 79 0 0 67 0 0 0 12 0 0 0 57 0 0 0 22 0 0 72 0 0 0 76 0 0 0 0 69 92 0 0 75 47 0 2 0 0 60 13 0 0 0 78 17 51 25 80 0 0 75 0 0 0 13 0 70 0 76 0 77 0 0 91 0 32 69 0 80 85 0 0 0 0 40 0 79 93 39 84 78 0 48 0 53 0 16 5 0 17 55 47 6 0 0 
0 0 0 50 61 0 28 5 25 28 0 0 0 0 0 0 0 2 54 39 0 13 0 61 0 0 35 0 0 0 0 0 22 25 0 0 45 62 14 34 0 69 0 20 0 0 48 0 83 0 0 15 48 96 45 0 0 0 0 0 65 15 65 0 0 83 0 55 0 100 0 0 80 0 0 99 4 84 0 0 54 0 49 0 84 77 24 0 39 91 17 0 0 0 0 0 0 0 95 0 
79 0 0 0 0 0 0 0 0 0 15 7 62 0 0 0 0 61 0 0 60 0 0 0 0 99 36 0 77 51 0 31 40 0 27 14 5 0 0 0 0 28 73 33 75 0 27 0 24 25 0 75 16 0 11 86 0 48 75 0 0 39 0 23 95 0 0 0 0 0 0 0 85 0 0 73 0 32 0 0 0 73 20 92 22 0 40 68 0 20 94 55 92 89 87 0 19 0 48 54 
19 77 0 16 0 0 0 0 3 0 0 35 16 59 53 0 88 0 0 13 0 0 0 0 92 0 46 0 0 9 0 0 0 0 6 74 0 0 63 60 6 51 0 0 83 0 0 4 0 0 0 81 79 35 0 55 0 0 0 0 0 0 0 0 27 0 0 49 20 0 0 21 0 99 73 0 0 0 11 71 0 0 60 0 26 53 74 70 0 0 33 0 0 91 0 0 59 28 0 8 
85 52 0 0 0 30 73 61 0 9 0 0 87 0 0 0 17 0 81 80 0 0 44 2 2 0 0 0 70 41 0 94 0 77 0 83 0 77 17 0 0 0 11 42 38 99 2 0 0 0 32 51 0 0 77 0 0 0 0 4 7 0 94 0 0 51 51 31 0 0 0 45 0 4 0 0 0 0 0 0 95 0 56 90 88 0 0 78 5 0 79 98 87 0 0 0 0 50 49 0 
83 0 0 0 52 0 0 0 45 23 26 0 22 0 39 0 0 35 0 10 0 46 81 61 99 88 44 0 0 67 37 0 75 92 0 0 24 0 0 62 0 0 55 98 61 13 21 0 0 55 0 0 0 0 88 6 0 0 41 0 20 10 0 0 25 72 51 75 0 0 0 0 0 84 32 0 0 0 0 0 31 20 0 70 0 0 0 51 32 0 66 0 0 0 0 97 27 41 0 0 
0 0 0 18 0 21 25 0 92 5 0 0 0 9 60 0 69 61 0 74 0 33 20 36 42 86 82 61 0 0 7 89 31 0 47 0 10 0 0 93 63 0 0 0 0 97 0 25 72 34 0 85 0 0 0 59 100 0 0 0 0 47 0 0 12 13 0 0 0 60 47 70 0 0 0 11 0 0 0 0 95 42 0 0 25 29 31 0 0 0 31 94 61 0 0 7 0 24 99 1 
0 0 0 0 0 6 0 0 0 0 0 0 74 0 88 0 0 64 67 6 0 0 0 42 0 0 77 10 0 0 48 94 58 27 95 66 0 0 0 92 11 0 72 0 59 100 96 17 78 42 0 0 65 0 0 9 50 25 0 0 53 0 25 72 0 13 0 0 0 0 0 0 40 0 0 71 0 0 0 0 0 70 97 72 0 0 0 95 88 97 0 0 0 0 0 0 5 28 0 0 
0 0 0 69 76 0 0 0 61 89 83 100 64 11 72 0 62 0 0 30 0 0 0 76 0 71 18 58 0 0 16 0 47 0 93 0 0 0 16 94 0 0 0 0 0 0 0 0 0 15 41 0 64 0 0 0 76 14 70 0 16 77 0 0 45 73 0 0 0 0 6 69 0 54 0 0 95 31 95 0 0 0 76 29 86 0 0 0 99 57 0 0 0 48 6 50 1 46 0 0 
68 0 90 0 0 82 0 0 0 13 63 80 87 0 0 97 0 72 46 0 95 0 12 0 70 0 72 0 81 0 0 66 0 56 0 0 43 0 0 0 63 0 8 0 0 55 0 0 0 0 0 72 0 0 0 5 0 0 94 0 70 81 83 0 87 0 0 0 43 17 0 0 79 0 73 0 0 20 42 70 0 0 0 16 0 0 0 0 0 0 0 8 2 0 11 0 0 0 49 28 
0 2 0 0 0 0 81 0 35 0 0 0 66 0 12 0 0 0 0 50 0 0 38 0 40 0 0 0 0 39 61 70 23 0 0 0 0 17 0 79 0 90 0 82 0 0 0 13 13 0 0 28 0 44 46 56 66 58 0 37 0 0 0 65 0 0 0 0 91 0 0 28 93 49 20 60 56 0 0 97 76 0 0 0 0 0 60 0 0 69 16 0 67 39 0 0 5 0 56 0 
100 0 0 0 10 0 0 0 89 0 0 0 0 58 0 0 0 0 93 0 0 78 0 0 0 89 78 0 0 0 0 0 59 0 49 41 0 50 0 94 0 0 0 63 45 17 0 0 0 10 23 52 95 14 89 20 0 89 0 80 1 79 49 0 0 73 0 0 35 0 73 0 39 0 92 0 90 70 0 72 29 16 0 0 0 97 16 34 0 0 0 0 5 0 0 0 0 0 44 0 
32 0 100 0 0 58 0 0 3 0 0 0 72 99 14 54 0 20 12 18 23 54 85 63 39 0 0 82 70 0 11 0 0 0 20 14 65 0 0 0 0 14 0 72 60 71 0 92 0 53 20 0 10 3 0 0 0 0 8 0 21 0 41 0 0 0 0 0 0 0 1 0 84 84 22 26 88 0 25 0 86 0 0 0 0 19 0 0 0 13 0 0 0 0 0 95 76 68 0 63 
57 0 76 0 0 0 0 75 27 60 57 0 0 0 0 0 0 70 0 0 9 0 0 0 55 13 0 90 0 41 0 48 38 0 0 0 0 0 0 83 34 97 18 25 0 17 26 0 12 7 27 0 61 94 0 78 0 0 0 0 37 0 11 0 25 14 68 0 30 89 0 0 78 77 0 53 0 0 29 0 0 0 0 97 19 0 14 0 0 49 0 26 45 0 0 92 50 0 0 0 
0 67 29 94 0 0 57 0 0 47 0 73 0 0 0 0 0 94 67 0 0 33 0 82 53 0 91 0 57 0 13 92 57 0 0 0 23 0 0 0 0 46 72 86 0 98 0 98 13 0 0 79 0 0 68 0 0 68 36 40 0 0 0 95 0 0 0 35 0 0 55 0 0 24 40 74 0 0 31 0 0 0 60 16 0 14 0 0 0 0 0 47 0 0 73 0 39 46 63 47 
0 75 0 87 20 0 39 0 0 0 0 0 0 0 0 0 31 0 72 0 95 33 0 0 50 44 0 81 0 0 40 9 79 0 0 0 0 27 0 0 62 0 72 63 0 27 0 0 0 78 0 0 20 0 0 21 0 73 0 99 0 0 18 0 76 0 0 0 0 0 76 17 48 0 68 70 78 51 0 95 0 0 0 34 0 0 0 0 51 0 0 56 56 58 58 0 0 0 29 0 
31 40 93 7 0 25 0 0 0 0 0 0 0 22 0 0 0 9 40 0 80 54 27 0 47 40 50 58 0 0 1 0 85 0 0 22 72 0 0 42 28 83 50 0 69 0 0 87 0 86 0 82 65 52 0 0 0 0 0 41 0 73 6 0 0 0 0 92 0 0 73 82 0 39 0 0 5 32 0 88 99 0 0 0 0 0 0 51 0 0 0 30 65 4 0 0 0 31 74 0 
0 8 0 61 63 7 0 39 0 74 18 0 0 0 0 0 0 0 0 0 0 0 0 26 0 0 36 0 28 80 56 0 20 0 40 0 0 57 82 14 0 20 0 0 42 0 0 0 0 45 0 76 0 0 99 42 0 64 0 4 5 0 11 61 64 74 86 0 69 26 68 91 53 91 20 0 0 0 0 97 57 0 69 0 13 49 0 0 0 0 0 99 0 0 0 0 0 47 0 27 
0 0 0 0 28 51 0 0 0 99 0 66 46 79 0 0 0 79 84 37 0 68 0 5 0 0 11 0 23 0 0 0 90 0 0 0 0 2 83 0 13 51 0 0 0 0 42 0 0 93 50 0 0 0 55 2 0 11 5 92 94 48 42 0 29 18 56 6 0 0 0 0 0 17 94 33 79 66 31 0 0 0 16 0 0 0 0 0 0 0 0 0 0 14 0 0 0 99 0 0 
2 0 86 40 68 0 0 0 83 14 0 85 0 0 0 0 13 10 0 0 0 77 0 0 20 0 0 0 91 0 63 51 22 0 31 0 0 38 71 67 49 0 0 0 86 77 29 0 0 75 40 5 0 0 0 0 7 0 48 52 84 38 0 36 89 0 39 5 0 75 0 0 16 0 55 0 98 0 94 0 0 8 0 0 0 26 47 56 30 99 0 0 99 0 0 11 54 0 0 5 
0 0 96 0 19 20 0 0 0 0 0 100 0 7 96 99 0 0 0 0 0 99 33 0 44 2 0 0 0 0 0 0 59 0 0 0 0 0 43 0 0 0 85 0 0 0 0 0 0 0 43 0 68 0 100 2 13 68 35 0 0 0 0 4 80 34 31 0 60 0 31 0 5 0 92 0 87 0 61 0 0 2 67 5 0 45 0 56 65 0 0 99 0 68 0 0 0 0 7 0 
83 8 70 95 0 12 25 0 95 71 0 0 34 63 79 0 0 46 76 67 79 0 10 0 0 0 45 0 0 0 59 75 15 36 0 0 42 16 0 0 0 0 0 99 84 0 80 41 0 0 0 0 0 0 66 0 0 0 0 0 32 77 85 0 0 99 0 40 86 53 71 0 0 0 89 91 0 0 0 0 48 0 39 0 0 0 0 58 4 0 14 0 68 0 0 0 0 0 10 93 
0 0 0 38 73 0 0 0 0 0 32 0 0 85 16 0 0 84 17 0 0 98 53 44 2 0 0 0 5 5 37 38 0 0 0 0 0 16 22 85 0 93 29 0 68 0 0 91 0 0 87 2 39 0 0 0 0 41 30 71 0 0 0 0 0 62 0 45 69 0 0 0 17 0 87 0 0 0 0 0 6 11 0 0 0 0 73 58 0 0 0 0 0 0 0 90 0 0 100 0 
58 92 65 0 0 0 0 0 0 46 0 0 9 0 83 24 73 0 0 0 71 0 0 0 0 18 0 0 63 68 0 0 2 0 64 95 0 79 0 0 0 61 0 0 0 96 26 0 48 0 48 52 0 93 69 22 0 27 0 96 0 0 55 53 0 0 35 95 0 0 84 0 55 0 0 0 0 97 7 0 50 0 0 0 95 92 0 0 0 0 0 11 0 0 90 0 33 22 0 98 
0 0 0 67 0 52 0 81 20 0 0 0 0 0 96 28 0 0 0 50 0 0 0 81 84 0 0 0 90 22 0 0 100 21 45 0 86 0 0 0 0 49 0 0 0 0 0 68 96 0 0 15 0 0 43 0 0 0 15 0 0 0 0 12 0 95 7 0 0 0 63 0 47 0 19 59 0 27 0 5 1 0 5 0 76 50 39 0 0 0 0 54 0 0 0 33 0 0 72 0 
0 43 0 0 0 0 0 0 0 0 55 50 0 15 0 99 88 0 9 45 16 50 33 0 0 60 0 35 0 0 0 53 0 47 0 0 13 0 77 0 0 25 0 0 57 33 37 1 0 0 97 0 33 10 0 44 15 0 42 0 0 78 21 35 7 63 30 0 0 72 0 70 6 0 0 28 50 41 24 28 46 0 0 0 68 0 46 0 31 47 99 0 0 0 0 22 0 0 0 49 
49 89 0 0 0 0 0 47 25 3 0 0 0 0 0 72 0 0 0 0 63 0 0 0 0 0 0 41 0 0 0 14 0 59 22 0 0 0 0 27 75 0 0 66 98 51 0 46 2 0 0 11 0 49 76 0 79 0 34 93 0 0 0 0 42 55 33 100 85 42 70 66 0 95 48 0 49 0 99 0 0 49 56 44 0 0 63 29 74 0 0 0 7 10 100 0 72 0 0 75 
72 0 0 40 18 0 0 18 100 67 67 22 0 2 81 47 0 93 2 40 0 0 0 22 0 0 20 75 0 0 0 54 44 28 30 98 20 0 0 27 98 57 0 16 0 30 0 11 0 0 0 0 0 40 0 0 0 48 80 13 0 0 7 0 0 2 0 0 28 45 57 0 0 0 54 8 0 0 1 0 0 28 0 0 63 0 47 0 0 27 0 5 0 93 0 98 0 49 75 0 
