0 95 0 0 41 0 54 0 0 0 0 0 0 0 0 0 0 0 0 0 0 0 0 0 0 0 0 0 0 0 88 0 0 0 0 0 0 0 0 0 0 0 0 0 0 0 52 15 0 0 0 0 0 83 0 0 0 0 0 0 0 0 0 0 0 0 0 0 0 0 0 0 0 0 0 0 0 0 0 77 0 0 0 0 0 0 0 0 69 0 0 96 0 0 0 11 0 0 53 27 
95 0 0 0 0 0 0 0 0 0 0 0 0 0 0 0 0 0 0 0 0 0 0 0 0 0 0 0 0 0 0 0 0 96 0 0 0 0 0 0 66 0 0 0 0 0 0 0 0 0 47 0 0 50 0 83 0 0 0 0 0 0 0 0 0 66 0 96 0 0 0 30 0 0 0 0 0 0 0 0 0 0 0 14 0 0 0 0 79 0 0 0 0 0 98 0 0 0 0 0 
0 0 0 0 0 0 0 0 54 0 0 0 0 0 0 78 0 0 0 0 0 0 0 0 0 47 0 52 0 0 0 0 0 0 0 0 0 0 0 0 96 0 0 0 0 0 0 0 0 3 55 0 0 0 0 0 0 42 0 0 0 0 0 0 0 0 0 0 20 74 0 0 0 0 0 0 0 0 0 0 0 0 0 0 0 0 0 81 0 0 0 0 0 0 0 59 0 0 0 0 
0 0 0 0 0 0 0 0 0 0 75 0 35 0 0 0 0 0 0 3 0 0 71 0 0 0 0 0 47 0 0 0 0 0 0 0 0 100 0 0 0 0 0 0 0 0 0 0 0 0 0 0 2 42 0 0 0 0 0 78 0 0 0 0 0 0 0 0 0 0 0 0 0 0 0 0 0 0 0 0 0 0 0 0 0 0 0 0 0 0 0 0 0 0 0 0 0 0 32 0 
41 0 0 0 0 0 0 0 0 0 0 0 0 0 0 0 0 0 0 0 0 0 0 0 20 84 0 0 50 0 0 0 0 0 0 20 0 0 0 0 0 0 4 0 0 0 0 0 0 39 0 17 0 0 0 0 0 0 13 0 0 0 0 0 0 0 0 0 0 0 0 0 0 83 0 0 0 0 0 0 0 0 0 0 0 0 0 0 0 0 0 0 0 0 0 0 0 0 0 0 
0 0 0 0 0 0 0 0 0 0 0 0 0 0 0 0 40 19 0 0 32 0 0 0 0 0 0 0 2 0 0 0 0 0 0 0 0 0 0 0 0 0 0 0 0 0 34 52 0 0 0 0 0 0 0 0 26 51 0 0 0 0 0 0 0 69 12 0 0 0 0 0 0 0 0 0 72 0 0 0 0 0 0 0 0 0 0 0 0 0 31 0 0 0 54 0 0 0 0 0 
54 0 0 0 0 0 0 0 0 0 0 0 100 0 21 0 0 24 0 0 0 0 0 0 0 0 0 0 0 0 0 0 0 0 30 0 0 0 0 0 15 0 10 0 0 60 49 0 0 0 0 0 0 0 0 0 78 0 0 0 0 0 0 0 0 0 0 0 0 0 0 59 51 0 0 0 0 0 0 0 0 0 0 0 0 0 0 0 0 0 0 0 0 0 0 0 18 0 0 0 
0 0 0 0 0 0 0 0 74 38 20 0 0 0 0 13 0 0 98 0 0 0 0 0 0 0 0 0 0 0 0 76 0 0 0 0 0 0 0 0 0 0 0 0 0 0 0 0 0 0 0 0 0 21 0 57 18 0 0 0 0 0 0 0 0 0 0 0 0 0 0 0 0 0 0 0 0 0 0 0 0 0 0 0 0 0 0 0 0 44 0 0 0 0 0 0 60 48 42 0 
0 0 54 0 0 0 0 74 0 0 42 0 0 0 71 0 0 0 0 0 0 27 0 0 0 0 0 0 0 0 33 0 0 0 0 0 0 0 0 0 0 0 0 0 0 21 0 14 0 0 0 0 0 0 0 0 0 0 0 0 0 0 0 0 0 0 0 0 29 0 0 0 0 0 0 0 0 0 0 0 0 0 0 0 0 0 0 0 0 0 0 0 0 0 0 0 0 37 0 0 
0 0 0 0 0 0 0 38 0 0 0 0 0 0 0 0 0 0 0 69 0 0 0 0 0 44 0 0 18 0 64 58 0 23 0 0 0 0 0 0 0 0 0 0 0 0 0 0 0 0 0 0 19 0 95 0 0 0 0 42 0 98 0 0 0 0 0 0 0 0 0 0 0 73 0 0 0 0 0 0 0 0 0 0 0 0 0 36 0 0 0 0 0 0 0 0 0 0 0 0 
0 0 0 75 0 0 0 20 42 0 0 0 0 0 0 0 0 49 0 0 0 0 0 4 0 0 0 0 0 0 0 0 0 0 0 0 0 28 0 0 0 0 96 0 0 0 0 0 0 0 0 0 0 0 0 0 0 0 0 0 0 0 0 0 0 4 54 0 0 0 0 0 0 0 0 67 0 96 0 0 61 0 0 0 0 0 0 0 84 0 0 0 0 0 0 0 0 0 45 91 
0 0 0 0 0 0 0 0 0 0 0 0 0 0 0 0 88 0 0 0 0 0 39 89 94 0 0 0 0 0 0 0 0 0 0 0 0 0 0 0 0 0 0 0 0 0 0 0 0 0 0 72 0 0 0 0 0 0 0 0 0 0 0 0 0 0 0 0 0 0 0 0 61 28 0 0 0 0 0 30 0 0 0 0 0 0 0 0 0 0 0 0 0 0 62 0 0 0 11 0 
0 0 0 35 0 0 100 0 0 0 0 0 0 0 0 0 0 13 0 0 0 0 90 0 0 0 0 0 0 0 0 0 0 0 0 0 0 0 0 0 0 97 0 39 0 0 0 0 0 0 0 0 0 0 64 0 53 0 0 87 0 0 44 0 0 0 0 0 0 0 0 0 100 0 0 0 0 0 0 0 0 0 8 0 0 0 0 0 0 0 7 0 0 0 0 0 0 40 0 46 
0 0 0 0 0 0 0 0 0 0 0 0 0 0 0 0 0 0 0 0 0 0 0 0 0 0 0 0 0 0 0 0 0 0 45 0 0 0 58 0 0 0 0 0 0 0 0 0 0 0 0 0 0 15 0 0 0 0 0 0 0 0 0 0 40 0 0 0 0 0 0 0 0 0 0 0 0 78 0 0 0 0 0 0 0 0 0 14 0 29 0 0 0 0 0 0 0 0 0 0 
0 0 0 0 0 0 21 0 71 0 0 0 0 0 0 0 0 0 0 0 0 1 0 0 0 0 0 0 0 94 0 0 0 0 0 0 0 0 0 0 0 0 0 0 0 0 0 0 0 0 0 0 0 0 0 0 0 0 0 0 0 0 0 0 0 31 0 0 0 0 0 0 0 61 0 0 0 0 0 0 0 0 0 0 0 0 0 0 0 0 0 0 0 0 0 0 0 0 0 0 
0 0 78 0 0 0 0 13 0 0 0 0 0 0 0 0 0 11 0 0 0 0 34 0 0 0 0 0 50 0 0 0 0 0 73 0 0 0 0 0 0 25 0 0 0 0 0 0 0 0 0 0 0 0 5 0 0 82 83 0 3 0 0 0 0 0 0 0 0 0 0 0 0 0 19 0 0 0 0 0 0 0 0 0 0 0 0 0 0 0 67 0 0 0 0 59 0 0 0 0 
0 0 0 0 0 40 0 0 0 0 0 88 0 0 0 0 0 0 0 0 0 0 93 0 0 0 34 0 0 0 0 0 0 0 0 0 0 0 0 0 0 0 0 0 0 0 0 0 0 0 0 0 0 0 47 0 0 1 0 0 0 0 0 0 0 0 0 0 0 0 0 0 0 0 3 0 0 0 0 0 20 0 0 0 0 0 0 40 0 0 0 0 0 0 0 0 0 0 0 0 
0 0 0 0 0 19 24 0 0 0 49 0 13 0 0 11 0 0 0 0 0 0 12 0 0 0 0 0 0 0 0 0 0 0 0 0 0 0 0 0 0 0 7 73 0 0 0 0 0 0 0 0 0 54 0 0 0 0 0 0 0 0 0 0 0 0 0 0 0 0 0 16 14 0 0 0 0 0 0 63 0 0 0 0 0 0 0 0 0 0 0 0 0 0 78 0 0 0 0 0 
0 0 0 0 0 0 0 98 0 0 0 0 0 0 0 0 0 0 0 0 0 0 0 54 0 0 0 0 0 0 0 0 0 0 0 0 0 0 0 0 0 0 0 0 0 0 0 0 0 0 0 77 0 0 0 0 0 71 0 0 0 63 0 0 0 0 0 0 0 0 0 0 0 0 0 0 0 0 0 81 0 0 0 0 0 0 0 0 0 0 0 0 0 0 0 0 0 0 32 0 
0 0 0 3 0 0 0 0 0 69 0 0 0 0 0 0 0 0 0 0 0 0 0 0 0 79 0 0 0 0 0 0 0 0 0 0 0 0 0 0 95 74 0 0 0 0 0 0 0 54 0 0 0 0 0 0 0 0 0 0 0 0 34 0 0 0 0 0 0 0 0 0 0 0 0 40 0 0 0 0 0 0 0 0 0 0 0 13 0 0 0 0 0 0 94 0 0 0 0 0 
0 0 0 0 0 32 0 0 0 0 0 0 0 0 0 0 0 0 0 0 0 0 0 0 47 0 0 0 0 0 0 38 0 0 0 0 22 0 0 56 0 0 0 0 95 0 0 0 0 29 0 0 0 72 0 0 0 0 0 0 0 0 0 0 0 0 0 0 0 0 0 0 0 0 0 0 0 0 0 0 0 94 0 0 0 0 0 0 94 0 0 0 0 0 0 0 0 0 0 0 
0 0 0 0 0 0 0 0 27 0 0 0 0 0 1 0 0 0 0 0 0 0 0 0 0 0 0 0 81 5 0 0 0 62 0 0 0 0 0 0 0 0 0 0 0 0 0 0 44 0 0 0 57 0 57 60 0 0 0 11 27 0 0 0 0 0 0 0 0 0 0 0 0 0 0 0 0 0 0 0 0 0 0 0 0 0 0 29 0 10 0 0 0 0 0 0 0 0 0 0 
0 0 0 71 0 0 0 0 0 0 0 39 90 0 0 34 93 12 0 0 0 0 0 0 0 0 74 0 0 0 0 0 0 33 0 5 0 0 0 0 0 0 0 0 0 25 0 0 0 0 0 0 0 0 0 0 87 0 0 0 0 0 0 0 0 28 0 0 0 0 0 0 0 0 0 0 0 0 0 0 0 0 0 0 0 68 0 0 0 0 88 0 0 0 0 43 0 0 0 0 
0 0 0 0 0 0 0 0 0 0 4 89 0 0 0 0 0 0 54 0 0 0 0 0 0 0 0 0 0 0 0 0 0 0 0 0 0 0 0 0 0 0 62 0 0 0 0 0 0 0 0 0 0 0 33 0 0 0 0 0 0 0 0 0 0 0 0 0 0 38 34 0 0 33 0 0 0 0 0 12 0 0 0 0 0 54 0 0 0 0 0 83 0 0 0 0 26 0 0 0 
0 0 0 0 20 0 0 0 0 0 0 94 0 0 0 0 0 0 0 0 47 0 0 0 0 0 0 0 0 0 0 0 0 0 0 0 0 0 0 0 0 10 0 0 0 0 0 0 0 0 0 0 0 0 0 0 0 0 0 0 0 0 2 0 33 0 0 0 0 56 0 0 0 43 0 0 0 0 0 0 0 0 0 0 0 0 0 74 0 0 0 0 0 0 0 0 0 0 0 0 
0 0 47 0 84 0 0 0 0 44 0 0 0 0 0 0 0 0 0 79 0 0 0 0 0 0 0 0 0 0 0 0 0 0 0 0 0 0 0 0 0 0 0 0 0 0 0 0 0 0 0 0 0 4 0 0 0 0 76 0 0 0 0 0 0 0 0 0 0 0 0 0 0 84 0 0 0 0 0 0 0 0 0 0 0 0 0 0 0 0 0 0 0 0 0 0 42 0 0 0 
0 0 0 0 0 0 0 0 0 0 0 0 0 0 0 0 34 0 0 0 0 0 74 0 0 0 0 0 19 0 0 0 0 7 0 0 71 85 0 0 0 11 0 0 0 0 0 0 0 0 0 0 0 91 0 0 0 20 0 0 0 0 0 0 0 0 0 0 0 0 0 93 0 0 0 0 0 0 0 0 0 0 0 0 0 0 0 0 0 0 0 0 0 0 54 0 0 0 0 0 
0 0 52 0 0 0 0 0 0 0 0 0 0 0 0 0 0 0 0 0 0 0 0 0 0 0 0 0 0 0 0 0 0 0 0 0 90 0 0 0 0 0 0 0 0 0 0 0 0 0 0 0 13 0 0 0 0 0 0 0 0 0 0 87 0 0 0 0 0 0 0 0 0 0 0 0 0 0 0 0 0 0 0 0 0 0 91 0 0 0 0 0 0 0 0 0 16 0 0 0 
0 0 0 47 50 2 0 0 0 18 0 0 0 0 0 50 0 0 0 0 0 81 0 0 0 0 19 0 0 0 0 0 0 0 0 0 0 0 0 0 0 0 0 0 0 0 0 0 0 0 0 0 0 0 0 0 0 0 100 0 0 0 0 0 0 0 0 0 35 0 0 0 0 0 0 0 0 0 0 87 0 0 0 0 65 0 0 0 0 45 0 0 0 0 0 0 0 0 0 0 
0 0 0 0 0 0 0 0 0 0 0 0 0 0 94 0 0 0 0 0 0 5 0 0 0 0 0 0 0 0 0 0 0 0 0 0 0 0 0 0 0 0 0 0 0 83 0 0 0 36 0 0 0 0 0 0 0 0 0 0 0 0 0 0 0 0 0 0 0 0 0 0 0 0 0 0 52 0 0 0 0 0 18 0 0 0 0 0 0 0 0 0 0 0 0 0 0 0 63 0 
88 0 0 0 0 0 0 0 33 64 0 0 0 0 0 0 0 0 0 0 0 0 0 0 0 0 0 0 0 0 0 0 0 0 83 0 0 0 0 43 0 0 0 0 0 0 0 0 0 0 0 0 23 0 0 0 0 0 0 0 0 0 0 0 0 0 0 0 0 0 0 75 0 0 0 0 0 0 0 0 61 0 0 0 0 0 0 0 0 26 81 0 0 0 28 0 0 0 0 0 
0 0 0 0 0 0 0 76 0 58 0 0 0 0 0 0 0 0 0 0 38 0 0 0 0 0 0 0 0 0 0 0 0 0 0 0 0 31 0 0 0 0 0 0 0 0 0 0 0 0 0 47 0 0 0 0 0 0 0 0 0 0 0 0 97 0 0 0 0 0 0 0 0 0 63 0 0 0 0 0 0 0 0 0 0 0 0 0 76 0 0 0 0 0 0 0 45 0 0 0 
0 0 0 0 0 0 0 0 0 0 0 0 0 0 0 0 0 0 0 0 0 0 0 0 0 0 0 0 0 0 0 0 0 0 0 0 0 61 0 0 0 0 0 0 0 0 0 0 0 0 0 15 0 0 0 0 0 77 0 0 0 0 0 0 20 70 0 0 0 0 0 5 0 0 9 0 0 0 0 0 0 0 0 0 0 0 0 0 0 40 0 0 92 31 0 95 0 0 0 0 
0 96 0 0 0 0 0 0 0 23 0 0 0 0 0 0 0 0 0 0 0 62 33 0 0 0 7 0 0 0 0 0 0 0 0 0 0 0 0 57 0 0 0 72 0 0 0 0 0 4 0 58 2 0 0 0 46 0 0 0 0 0 0 0 0 0 38 0 0 0 0 0 67 0 0 0 0 43 0 0 0 0 0 0 0 0 0 0 0 0 77 0 0 0 0 0 0 0 0 0 
0 0 0 0 0 0 30 0 0 0 0 0 0 45 0 73 0 0 0 0 0 0 0 0 0 0 0 0 0 0 83 0 0 0 0 35 0 0 49 0 0 0 0 0 0 0 0 0 90 0 0 0 0 0 0 0 0 0 0 0 0 0 0 0 0 0 0 0 0 0 0 0 0 0 0 0 0 14 0 0 0 0 0 98 0 0 30 84 0 0 0 0 0 0 0 0 0 0 0 0 
0 0 0 0 20 0 0 0 0 0 0 0 0 0 0 0 0 0 0 0 0 0 5 0 0 0 0 0 0 0 0 0 0 0 35 0 0 0 0 0 0 0 29 7 19 0 0 0 0 27 0 0 0 0 0 0 0 22 84 0 0 0 0 0 45 0 0 0 0 0 0 0 0 0 0 0 0 0 0 0 10 0 0 0 0 0 59 0 0 0 0 0 0 0 0 0 43 0 0 0 
0 0 0 0 0 0 0 0 0 0 0 0 0 0 0 0 0 0 0 0 22 0 0 0 0 0 71 90 0 0 0 0 0 0 0 0 0 0 50 0 0 0 0 0 0 0 4 51 0 0 0 0 0 0 0 0 0 0 0 0 0 0 0 0 0 0 0 0 0 0 0 0 0 32 0 0 0 0 0 0 0 0 11 0 0 100 0 0 0 0 0 77 0 0 0 0 20 63 0 0 
0 0 0 100 0 0 0 0 0 0 28 0 0 0 0 0 0 0 0 0 0 0 0 0 0 0 85 0 0 0 0 31 61 0 0 0 0 0 0 0 0 0 0 0 0 0 0 0 23 0 0 0 0 0 0 79 0 0 0 0 0 0 0 0 0 0 0 0 0 0 0 0 0 0 0 0 0 0 0 0 0 0 0 0 0 0 0 0 0 53 0 0 0 0 0 0 0 0 0 0 
0 0 0 0 0 0 0 0 0 0 0 0 0 58 0 0 0 0 0 0 0 0 0 0 0 0 0 0 0 0 0 0 0 0 49 0 50 0 0 0 0 0 0 23 0 0 0 0 0 0 0 46 0 0 0 0 0 0 0 0 0 0 92 0 0 0 0 0 0 0 0 0 0 0 0 0 0 0 0 0 0 0 0 0 0 0 0 0 0 4 0 0 0 0 0 0 0 0 0 16 
0 0 0 0 0 0 0 0 0 0 0 0 0 0 0 0 0 0 0 0 56 0 0 0 0 0 0 0 0 0 43 0 0 57 0 0 0 0 0 0 0 0 0 0 41 0 0 0 0 0 0 0 0 0 0 0 0 0 0 0 0 0 0 0 0 28 0 0 0 51 0 0 7 0 0 0 0 0 78 0 0 0 0 0 0 0 97 94 0 0 0 0 0 83 0 0 0 0 0 0 
0 66 96 0 0 0 15 0 0 0 0 0 0 0 0 0 0 0 0 95 0 0 0 0 0 0 0 0 0 0 0 0 0 0 0 0 0 0 0 0 0 0 0 0 57 0 0 0 0 0 0 0 86 38 0 17 0 0 0 0 0 0 0 0 0 0 0 0 0 97 0 0 0 0 0 0 0 0 0 0 0 0 0 0 0 0 0 0 65 0 0 0 0 0 0 0 0 73 0 0 
0 0 0 0 0 0 0 0 0 0 0 0 97 0 0 25 0 0 0 74 0 0 0 0 10 0 11 0 0 0 0 0 0 0 0 0 0 0 0 0 0 0 0 0 0 0 0 0 0 0 0 0 0 0 0 0 71 0 0 0 0 0 0 0 0 0 61 0 0 0 0 0 0 0 35 49 0 0 0 0 0 0 0 0 0 16 0 0 0 0 0 0 0 0 0 0 0 0 0 0 
0 0 0 0 4 0 10 0 0 0 96 0 0 0 0 0 0 7 0 0 0 0 0 62 0 0 0 0 0 0 0 0 0 0 0 29 0 0 0 0 0 0 0 0 0 0 0 0 69 0 0 0 0 0 0 0 0 0 90 0 0 0 0 0 0 0 0 24 0 0 0 0 22 0 0 0 0 0 80 0 0 0 0 0 0 0 0 0 66 0 82 0 99 0 0 0 0 0 0 0 
0 0 0 0 0 0 0 0 0 0 0 0 39 0 0 0 0 73 0 0 0 0 0 0 0 0 0 0 0 0 0 0 0 72 0 7 0 0 23 0 0 0 0 0 0 0 0 0 0 0 0 0 0 0 0 0 0 0 0 0 0 0 0 0 0 0 0 0 0 0 0 0 0 0 0 0 0 0 61 0 0 0 0 0 0 0 0 0 0 0 0 0 0 0 0 51 0 0 0 0 
0 0 0 0 0 0 0 0 0 0 0 0 0 0 0 0 0 0 0 0 95 0 0 0 0 0 0 0 0 0 0 0 0 0 0 19 0 0 0 41 57 0 0 0 0 0 0 0 0 87 0 0 0 0 0 0 0 0 0 0 0 0 0 0 0 0 0 0 0 0 0 0 0 0 0 0 0 62 0 0 66 0 62 0 0 44 0 68 0 0 0 0 0 0 0 0 0 0 0 0 
0 0 0 0 0 0 60 0 21 0 0 0 0 0 0 0 0 0 0 0 0 0 25 0 0 0 0 0 0 83 0 0 0 0 0 0 0 0 0 0 0 0 0 0 0 0 0 0 0 0 0 0 0 0 0 0 0 0 0 0 0 0 0 0 0 0 0 0 0 0 0 68 40 0 0 5 0 0 0 0 48 0 0 0 0 0 0 0 96 0 0 0 0 0 0 0 0 0 0 0 
52 0 0 0 0 34 49 0 0 0 0 0 0 0 0 0 0 0 0 0 0 0 0 0 0 0 0 0 0 0 0 0 0 0 0 0 4 0 0 0 0 0 0 0 0 0 0 0 0 0 0 0 3 0 0 0 0 0 0 0 0 0 24 0 0 0 0 0 0 86 71 0 0 0 0 0 0 0 0 0 0 0 0 0 0 0 0 0 0 0 0 0 0 0 0 0 81 0 0 0 
15 0 0 0 0 52 0 0 14 0 0 0 0 0 0 0 0 0 0 0 0 0 0 0 0 0 0 0 0 0 0 0 0 0 0 0 51 0 0 0 0 0 0 0 0 0 0 0 0 0 0 0 0 0 0 90 0 6 0 0 0 0 0 0 54 0 0 0 0 0 0 0 0 0 0 0 0 0 0 0 0 0 0 0 0 0 0 0 0 0 0 0 27 0 0 0 0 0 0 0 
0 0 0 0 0 0 0 0 0 0 0 0 0 0 0 0 0 0 0 0 0 44 0 0 0 0 0 0 0 0 0 0 0 0 90 0 0 23 0 0 0 0 69 0 0 0 0 0 0 0 0 27 0 0 0 0 0 93 0 0 0 0 5 0 0 0 0 0 0 0 0 0 0 0 0 0 0 0 0 0 0 0 0 0 0 0 0 0 0 6 0 0 0 0 0 0 0 0 0 0 
0 0 3 0 39 0 0 0 0 0 0 0 0 0 0 0 0 0 0 54 29 0 0 0 0 0 0 0 0 36 0 0 0 4 0 27 0 0 0 0 0 0 0 0 87 0 0 0 0 0 0 0 0 0 0 0 0 0 0 0 0 0 0 0 0 0 0 0 0 0 0 0 0 0 0 0 60 0 0 0 0 0 0 0 0 0 0 0 0 0 0 0 0 0 0 0 0 0 0 0 
0 47 55 0 0 0 0 0 0 0 0 0 0 0 0 0 0 0 0 0 0 0 0 0 0 0 0 0 0 0 0 0 0 0 0 0 0 0 0 0 0 0 0 0 0 0 0 0 0 0 0 0 0 0 0 0 0 0 0 0 0 0 41 0 0 0 0 0 0 0 0 11 0 0 0 0 0 0 15 12 0 0 0 0 0 0 0 0 0 20 0 0 0 0 0 0 0 0 0 0 
0 0 0 0 17 0 0 0 0 0 0 72 0 0 0 0 0 0 77 0 0 0 0 0 0 0 0 0 0 0 0 47 15 58 0 0 0 0 46 0 0 0 0 0 0 0 0 0 27 0 0 0 26 58 48 0 0 0 0 0 0 70 0 0 0 0 0 0 0 0 0 0 0 0 0 0 0 64 27 0 0 0 0 0 0 0 0 0 0 0 0 0 0 0 0 0 0 0 47 0 
0 0 0 2 0 0 0 0 0 19 0 0 0 0 0 0 0 0 0 0 0 57 0 0 0 0 0 13 0 0 23 0 0 2 0 0 0 0 0 0 86 0 0 0 0 0 3 0 0 0 0 26 0 0 0 0 0 0 0 0 0 33 0 0 42 0 0 0 0 0 0 0 2 0 0 11 0 0 0 0 0 0 0 0 0 0 27 0 0 0 0 0 0 0 0 0 26 0 0 0 
83 50 0 42 0 0 0 21 0 0 0 0 0 15 0 0 0 54 0 0 72 0 0 0 0 4 91 0 0 0 0 0 0 0 0 0 0 0 0 0 38 0 0 0 0 0 0 0 0 0 0 58 0 0 0 0 0 0 0 0 0 0 0 15 0 0 0 0 43 0 0 0 0 0 0 0 0 0 0 0 0 0 0 0 0 0 0 0 64 0 0 0 0 56 0 0 0 0 0 0 
0 0 0 0 0 0 0 0 0 95 0 0 64 0 0 5 47 0 0 0 0 57 0 33 0 0 0 0 0 0 0 0 0 0 0 0 0 0 0 0 0 0 0 0 0 0 0 0 0 0 0 48 0 0 0 0 0 0 0 0 0 0 0 0 0 0 0 0 0 21 9 0 0 0 0 0 0 0 0 0 0 38 0 0 0 78 0 0 0 0 0 0 0 0 0 0 0 0 0 0 
0 83 0 0 0 0 0 57 0 0 0 0 0 0 0 0 0 0 0 0 0 60 0 0 0 0 0 0 0 0 0 0 0 0 0 0 0 79 0 0 17 0 0 0 0 0 0 90 0 0 0 0 0 0 0 0 0 0 0 0 0 47 22 0 0 0 0 0 0 0 0 0 0 0 0 0 0 0 0 0 0 0 0 21 0 0 0 0 0 0 0 0 0 0 0 0 0 0 0 0 
0 0 0 0 0 26 78 18 0 0 0 0 53 0 0 0 0 0 0 0 0 0 87 0 0 0 0 0 0 0 0 0 0 46 0 0 0 0 0 0 0 71 0 0 0 0 0 0 0 0 0 0 0 0 0 0 0 0 0 0 0 92 0 0 0 0 0 0 6 0 0 0 0 0 0 0 0 0 0 0 0 0 0 0 0 0 45 0 0 0 0 24 0 0 34 0 0 0 0 0 
0 0 42 0 0 51 0 0 0 0 0 0 0 0 0 82 1 0 71 0 0 0 0 0 0 0 20 0 0 0 0 0 77 0 0 22 0 0 0 0 0 0 0 0 0 0 0 6 93 0 0 0 0 0 0 0 0 0 0 0 0 0 0 0 0 0 0 16 0 0 0 38 70 0 0 0 0 0 0 0 0 0 0 19 0 0 0 0 0 0 0 0 0 0 35 0 0 0 0 0 
0 0 0 0 13 0 0 0 0 0 0 0 0 0 0 83 0 0 0 0 0 0 0 0 0 76 0 0 100 0 0 0 0 0 0 84 0 0 0 0 0 0 90 0 0 0 0 0 0 0 0 0 0 0 0 0 0 0 0 0 0 0 0 0 0 0 0 0 0 0 0 0 0 0 0 0 0 96 0 0 0 0 0 0 0 0 0 32 0 0 0 0 0 23 0 0 0 0 0 0 
0 0 0 78 0 0 0 0 0 42 0 0 87 0 0 0 0 0 0 0 0 11 0 0 0 0 0 0 0 0 0 0 0 0 0 0 0 0 0 0 0 0 0 0 0 0 0 0 0 0 0 0 0 0 0 0 0 0 0 0 0 55 0 0 0 0 0 0 0 0 0 0 0 0 0 98 0 0 0 0 0 0 0 0 0 0 0 0 94 38 0 0 0 0 35 0 0 62 0 0 
0 0 0 0 0 0 0 0 0 0 0 0 0 0 0 3 0 0 0 0 0 27 0 0 0 0 0 0 0 0 0 0 0 0 0 0 0 0 0 0 0 0 0 0 0 0 0 0 0 0 0 0 0 0 0 0 0 0 0 0 0 0 0 0 0 0 0 0 0 0 18 0 93 0 0 0 0 0 0 0 0 0 0 0 0 0 0 0 0 0 0 0 0 0 0 0 0 0 0 0 
0 0 0 0 0 0 0 0 0 98 0 0 0 0 0 0 0 0 63 0 0 0 0 0 0 0 0 0 0 0 0 0 0 0 0 0 0 0 0 0 0 0 0 0 0 0 0 0 0 0 0 70 33 0 0 47 92 0 0 55 0 0 97 0 52 0 0 0 0 0 0 0 0 0 0 0 0 0 0 0 0 0 0 0 0 0 0 0 0 0 0 0 0 0 0 0 0 0 0 0 
0 0 0 0 0 0 0 0 0 0 0 0 44 0 0 0 0 0 0 34 0 0 0 0 2 0 0 0 0 0 0 0 0 0 0 0 0 0 92 0 0 0 0 0 0 0 24 0 5 0 41 0 0 0 0 22 0 0 0 0 0 97 0 26 0 0 0 0 0 0 0 0 0 0 0 0 0 0 71 0 27 77 34 0 0 0 0 0 0 0 0 0 0 0 0 0 0 0 0 77 
0 0 0 0 0 0 0 0 0 0 0 0 0 0 0 0 0 0 0 0 0 0 0 0 0 0 0 87 0 0 0 0 0 0 0 0 0 0 0 0 0 0 0 0 0 0 0 0 0 0 0 0 0 15 0 0 0 0 0 0 0 0 26 0 0 0 0 0 0 0 0 0 0 0 0 0 49 0 0 33 0 0 0 0 0 0 0 0 0 0 0 46 0 0 0 79 0 0 0 0 
0 0 0 0 0 0 0 0 0 0 0 0 0 40 0 0 0 0 0 0 0 0 0 0 33 0 0 0 0 0 0 97 20 0 0 45 0 0 0 0 0 0 0 0 0 0 0 54 0 0 0 0 42 0 0 0 0 0 0 0 0 52 0 0 0 0 0 0 0 49 99 46 0 0 0 0 93 0 0 0 0 0 0 0 0 0 0 0 0 0 0 0 0 0 0 44 0 0 0 85 
0 66 0 0 0 69 0 0 0 0 4 0 0 0 31 0 0 0 0 0 0 0 28 0 0 0 0 0 0 0 0 0 70 0 0 0 0 0 0 28 0 0 0 0 0 0 0 0 0 0 0 0 0 0 0 0 0 0 0 0 0 0 0 0 0 0 0 0 0 0 35 14 41 0 0 0 0 0 0 0 0 0 0 0 0 0 0 0 10 0 0 0 0 0 33 5 0 0 0 0 
0 0 0 0 0 12 0 0 0 0 54 0 0 0 0 0 0 0 0 0 0 0 0 0 0 0 0 0 0 0 0 0 0 38 0 0 0 0 0 0 0 61 0 0 0 0 0 0 0 0 0 0 0 0 0 0 0 0 0 0 0 0 0 0 0 0 0 0 0 0 0 0 0 0 0 0 0 0 0 0 0 0 0 0 98 0 0 0 0 0 0 0 0 0 0 0 0 0 0 0 
0 96 0 0 0 0 0 0 0 0 0 0 0 0 0 0 0 0 0 0 0 0 0 0 0 0 0 0 0 0 0 0 0 0 0 0 0 0 0 0 0 0 24 0 0 0 0 0 0 0 0 0 0 0 0 0 0 16 0 0 0 0 0 0 0 0 0 0 0 0 84 98 37 0 52 0 0 0 0 0 0 0 0 0 0 0 0 0 0 0 0 65 0 0 0 0 0 0 0 0 
0 0 20 0 0 0 0 0 29 0 0 0 0 0 0 0 0 0 0 0 0 0 0 0 0 0 0 0 35 0 0 0 0 0 0 0 0 0 0 0 0 0 0 0 0 0 0 0 0 0 0 0 0 43 0 0 6 0 0 0 0 0 0 0 0 0 0 0 0 0 0 0 0 0 0 0 0 0 0 0 0 0 0 0 13 0 0 0 0 0 0 0 0 0 0 19 47 0 0 0 
0 0 74 0 0 0 0 0 0 0 0 0 0 0 0 0 0 0 0 0 0 0 0 38 56 0 0 0 0 0 0 0 0 0 0 0 0 0 0 51 97 0 0 0 0 0 86 0 0 0 0 0 0 0 21 0 0 0 0 0 0 0 0 0 49 0 0 0 0 0 0 0 0 0 49 0 0 0 0 0 0 0 0 0 0 0 0 52 0 0 0 0 0 0 0 51 0 0 0 0 
0 0 0 0 0 0 0 0 0 0 0 0 0 0 0 0 0 0 0 0 0 0 0 34 0 0 0 0 0 0 0 0 0 0 0 0 0 0 0 0 0 0 0 0 0 0 71 0 0 0 0 0 0 0 9 0 0 0 0 0 18 0 0 0 99 35 0 84 0 0 0 0 0 0 0 6 0 61 0 96 0 0 0 0 0 0 0 0 0 0 0 0 0 0 0 0 0 0 0 0 
0 30 0 0 0 0 59 0 0 0 0 0 0 0 0 0 0 16 0 0 0 0 0 0 0 0 93 0 0 0 75 0 5 0 0 0 0 0 0 0 0 0 0 0 0 68 0 0 0 0 11 0 0 0 0 0 0 38 0 0 0 0 0 0 46 14 0 98 0 0 0 0 0 61 0 0 0 0 0 0 0 0 0 0 0 0 0 0 0 0 0 48 0 0 82 0 0 0 0 0 
0 0 0 0 0 0 51 0 0 0 0 61 100 0 0 0 0 14 0 0 0 0 0 0 0 0 0 0 0 0 0 0 0 67 0 0 0 0 0 7 0 0 22 0 0 40 0 0 0 0 0 0 2 0 0 0 0 70 0 0 93 0 0 0 0 41 0 37 0 0 0 0 0 0 0 0 0 0 0 0 0 0 0 0 0 28 0 0 0 0 0 0 0 0 0 0 0 0 0 0 
0 0 0 0 83 0 0 0 0 73 0 28 0 0 61 0 0 0 0 0 0 0 0 33 43 84 0 0 0 0 0 0 0 0 0 0 32 0 0 0 0 0 0 0 0 0 0 0 0 0 0 0 0 0 0 0 0 0 0 0 0 0 0 0 0 0 0 0 0 0 0 61 0 0 0 0 0 0 0 0 0 0 0 71 0 0 0 0 0 0 0 0 0 0 0 0 0 0 0 58 
0 0 0 0 0 0 0 0 0 0 0 0 0 0 0 19 3 0 0 0 0 0 0 0 0 0 0 0 0 0 0 63 9 0 0 0 0 0 0 0 0 35 0 0 0 0 0 0 0 0 0 0 0 0 0 0 0 0 0 0 0 0 0 0 0 0 0 52 0 49 0 0 0 0 0 0 0 0 0 0 0 0 0 0 0 0 0 0 0 68 0 0 0 0 0 0 62 0 0 0 
0 0 0 0 0 0 0 0 0 0 67 0 0 0 0 0 0 0 0 40 0 0 0 0 0 0 0 0 0 0 0 0 0 0 0 0 0 0 0 0 0 49 0 0 0 5 0 0 0 0 0 0 11 0 0 0 0 0 0 98 0 0 0 0 0 0 0 0 0 0 6 0 0 0 0 0 92 0 91 0 0 0 0 0 0 0 0 0 0 0 0 0 0 0 0 0 0 0 0 0 
0 0 0 0 0 72 0 0 0 0 0 0 0 0 0 0 0 0 0 0 0 0 0 0 0 0 0 0 0 52 0 0 0 0 0 0 0 0 0 0 0 0 0 0 0 0 0 0 0 60 0 0 0 0 0 0 0 0 0 0 0 0 0 49 93 0 0 0 0 0 0 0 0 0 0 92 0 0 0 0 0 0 0 0 0 0 0 0 0 0 0 0 0 0 0 0 0 0 0 0 
0 0 0 0 0 0 0 0 0 0 96 0 0 78 0 0 0 0 0 0 0 0 0 0 0 0 0 0 0 0 0 0 0 43 14 0 0 0 0 0 0 0 0 0 62 0 0 0 0 0 0 64 0 0 0 0 0 0 96 0 0 0 0 0 0 0 0 0 0 0 61 0 0 0 0 0 0 0 20 7 0 0 0 0 45 74 0 0 0 0 0 0 0 0 94 0 0 8 30 0 
0 0 0 0 0 0 0 0 0 0 0 0 0 0 0 0 0 0 0 0 0 0 0 0 0 0 0 0 0 0 0 0 0 0 0 0 0 0 0 78 0 0 80 61 0 0 0 0 0 0 15 27 0 0 0 0 0 0 0 0 0 0 71 0 0 0 0 0 0 0 0 0 0 0 0 91 0 20 0 86 0 0 0 0 0 0 0 0 0 49 0 0 0 70 0 0 0 0 0 0 
77 0 0 0 0 0 0 0 0 0 0 30 0 0 0 0 0 63 81 0 0 0 0 12 0 0 0 0 87 0 0 0 0 0 0 0 0 0 0 0 0 0 0 0 0 0 0 0 0 0 12 0 0 0 0 0 0 0 0 0 0 0 0 33 0 0 0 0 0 0 96 0 0 0 0 0 0 7 86 0 0 0 0 0 0 0 0 88 0 0 0 0 0 0 52 0 0 0 0 0 
0 0 0 0 0 0 0 0 0 0 61 0 0 0 0 0 20 0 0 0 0 0 0 0 0 0 0 0 0 0 61 0 0 0 0 10 0 0 0 0 0 0 0 0 66 48 0 0 0 0 0 0 0 0 0 0 0 0 0 0 0 0 27 0 0 0 0 0 0 0 0 0 0 0 0 0 0 0 0 0 0 0 18 83 0 0 0 0 0 0 0 0 0 0 0 0 0 0 0 0 
0 0 0 0 0 0 0 0 0 0 0 0 0 0 0 0 0 0 0 0 94 0 0 0 0 0 0 0 0 0 0 0 0 0 0 0 0 0 0 0 0 0 0 0 0 0 0 0 0 0 0 0 0 0 38 0 0 0 0 0 0 0 77 0 0 0 0 0 0 0 0 0 0 0 0 0 0 0 0 0 0 0 0 0 0 0 0 0 0 0 0 0 26 0 0 34 0 0 0 0 
0 0 0 0 0 0 0 0 0 0 0 0 8 0 0 0 0 0 0 0 0 0 0 0 0 0 0 0 0 18 0 0 0 0 0 0 11 0 0 0 0 0 0 0 62 0 0 0 0 0 0 0 0 0 0 0 0 0 0 0 0 0 34 0 0 0 0 0 0 0 0 0 0 0 0 0 0 0 0 0 18 0 0 0 0 0 0 0 0 0 0 0 0 0 0 0 0 0 0 0 
0 14 0 0 0 0 0 0 0 0 0 0 0 0 0 0 0 0 0 0 0 0 0 0 0 0 0 0 0 0 0 0 0 0 98 0 0 0 0 0 0 0 0 0 0 0 0 0 0 0 0 0 0 0 0 21 0 19 0 0 0 0 0 0 0 0 0 0 0 0 0 0 0 71 0 0 0 0 0 0 83 0 0 0 0 1 0 0 0 0 0 0 0 0 0 94 0 0 0 0 
0 0 0 0 0 0 0 0 0 0 0 0 0 0 0 0 0 0 0 0 0 0 0 0 0 0 0 0 65 0 0 0 0 0 0 0 0 0 0 0 0 0 0 0 0 0 0 0 0 0 0 0 0 0 0 0 0 0 0 0 0 0 0 0 0 0 98 0 13 0 0 0 0 0 0 0 0 45 0 0 0 0 0 0 0 0 0 0 0 0 0 0 0 0 0 0 0 60 0 0 
0 0 0 0 0 0 0 0 0 0 0 0 0 0 0 0 0 0 0 0 0 0 68 54 0 0 0 0 0 0 0 0 0 0 0 0 100 0 0 0 0 16 0 0 44 0 0 0 0 0 0 0 0 0 78 0 0 0 0 0 0 0 0 0 0 0 0 0 0 0 0 0 28 0 0 0 0 74 0 0 0 0 0 1 0 0 0 0 0 0 0 0 0 0 0 0 0 0 0 0 
0 0 0 0 0 0 0 0 0 0 0 0 0 0 0 0 0 0 0 0 0 0 0 0 0 0 0 91 0 0 0 0 0 0 30 59 0 0 0 97 0 0 0 0 0 0 0 0 0 0 0 0 27 0 0 0 45 0 0 0 0 0 0 0 0 0 0 0 0 0 0 0 0 0 0 0 0 0 0 0 0 0 0 0 0 0 0 0 0 0 0 0 0 0 0 0 0 0 9 0 
0 0 81 0 0 0 0 0 0 36 0 0 0 14 0 0 40 0 0 13 0 29 0 0 74 0 0 0 0 0 0 0 0 0 84 0 0 0 0 94 0 0 0 0 68 0 0 0 0 0 0 0 0 0 0 0 0 0 32 0 0 0 0 0 0 0 0 0 0 52 0 0 0 0 0 0 0 0 0 88 0 0 0 0 0 0 0 0 0 0 37 0 0 0 0 0 0 0 0 0 
69 79 0 0 0 0 0 0 0 0 84 0 0 0 0 0 0 0 0 0 94 0 0 0 0 0 0 0 0 0 0 76 0 0 0 0 0 0 0 0 65 0 66 0 0 96 0 0 0 0 0 0 0 64 0 0 0 0 0 94 0 0 0 0 0 10 0 0 0 0 0 0 0 0 0 0 0 0 0 0 0 0 0 0 0 0 0 0 0 0 0 96 0 19 39 0 0 0 0 0 
0 0 0 0 0 0 0 44 0 0 0 0 0 29 0 0 0 0 0 0 0 10 0 0 0 0 0 0 45 0 26 0 40 0 0 0 0 53 4 0 0 0 0 0 0 0 0 0 6 0 20 0 0 0 0 0 0 0 0 38 0 0 0 0 0 0 0 0 0 0 0 0 0 0 68 0 0 0 49 0 0 0 0 0 0 0 0 0 0 0 0 0 0 10 0 83 0 0 0 0 
0 0 0 0 0 31 0 0 0 0 0 0 7 0 0 67 0 0 0 0 0 0 88 0 0 0 0 0 0 0 81 0 0 77 0 0 0 0 0 0 0 0 82 0 0 0 0 0 0 0 0 0 0 0 0 0 0 0 0 0 0 0 0 0 0 0 0 0 0 0 0 0 0 0 0 0 0 0 0 0 0 0 0 0 0 0 0 37 0 0 0 0 0 0 0 14 0 0 0 78 
96 0 0 0 0 0 0 0 0 0 0 0 0 0 0 0 0 0 0 0 0 0 0 83 0 0 0 0 0 0 0 0 0 0 0 0 77 0 0 0 0 0 0 0 0 0 0 0 0 0 0 0 0 0 0 0 24 0 0 0 0 0 0 46 0 0 0 65 0 0 0 48 0 0 0 0 0 0 0 0 0 0 0 0 0 0 0 0 96 0 0 0 0 53 0 0 0 0 0 0 
0 0 0 0 0 0 0 0 0 0 0 0 0 0 0 0 0 0 0 0 0 0 0 0 0 0 0 0 0 0 0 0 92 0 0 0 0 0 0 0 0 0 99 0 0 0 0 27 0 0 0 0 0 0 0 0 0 0 0 0 0 0 0 0 0 0 0 0 0 0 0 0 0 0 0 0 0 0 0 0 0 26 0 0 0 0 0 0 0 0 0 0 0 87 0 0 0 0 0 0 
0 0 0 0 0 0 0 0 0 0 0 0 0 0 0 0 0 0 0 0 0 0 0 0 0 0 0 0 0 0 0 0 31 0 0 0 0 0 0 83 0 0 0 0 0 0 0 0 0 0 0 0 0 56 0 0 0 0 23 0 0 0 0 0 0 0 0 0 0 0 0 0 0 0 0 0 0 0 70 0 0 0 0 0 0 0 0 0 19 10 0 53 87 0 0 0 0 0 0 0 
0 98 0 0 0 54 0 0 0 0 0 62 0 0 0 0 0 78 0 94 0 0 0 0 0 0 54 0 0 0 28 0 0 0 0 0 0 0 0 0 0 0 0 0 0 0 0 0 0 0 0 0 0 0 0 0 34 35 0 35 0 0 0 0 0 33 0 0 0 0 0 82 0 0 0 0 0 94 0 52 0 0 0 0 0 0 0 0 39 0 0 0 0 0 0 0 0 0 0 0 
11 0 59 0 0 0 0 0 0 0 0 0 0 0 0 59 0 0 0 0 0 0 43 0 0 0 0 0 0 0 0 0 95 0 0 0 0 0 0 0 0 0 0 51 0 0 0 0 0 0 0 0 0 0 0 0 0 0 0 0 0 0 0 79 44 5 0 0 19 51 0 0 0 0 0 0 0 0 0 0 0 34 0 94 0 0 0 0 0 83 14 0 0 0 0 0 0 0 0 0 
0 0 0 0 0 0 18 60 0 0 0 0 0 0 0 0 0 0 0 0 0 0 0 26 0 42 0 16 0 0 0 45 0 0 0 43 20 0 0 0 0 0 0 0 0 0 81 0 0 0 0 0 26 0 0 0 0 0 0 0 0 0 0 0 0 0 0 0 47 0 0 0 0 0 62 0 0 0 0 0 0 0 0 0 0 0 0 0 0 0 0 0 0 0 0 0 0 0 0 0 
0 0 0 0 0 0 0 48 37 0 0 0 40 0 0 0 0 0 0 0 0 0 0 0 0 0 0 0 0 0 0 0 0 0 0 0 63 0 0 0 73 0 0 0 0 0 0 0 0 0 0 0 0 0 0 0 0 0 0 62 0 0 0 0 0 0 0 0 0 0 0 0 0 0 0 0 0 8 0 0 0 0 0 0 60 0 0 0 0 0 0 0 0 0 0 0 0 0 0 0 
53 0 0 32 0 0 0 42 0 0 45 11 0 0 0 0 0 0 32 0 0 0 0 0 0 0 0 0 0 63 0 0 0 0 0 0 0 0 0 0 0 0 0 0 0 0 0 0 0 0 0 47 0 0 0 0 0 0 0 0 0 0 0 0 0 0 0 0 0 0 0 0 0 0 0 0 0 30 0 0 0 0 0 0 0 0 9 0 0 0 0 0 0 0 0 0 0 0 0 0 
27 0 0 0 0 0 0 0 0 0 91 0 46 0 0 0 0 0 0 0 0 0 0 0 0 0 0 0 0 0 0 0 0 0 0 0 0 0 16 0 0 0 0 0 0 0 0 0 0 0 0 0 0 0 0 0 0 0 0 0 0 0 77 0 85 0 0 0 0 0 0 0 0 58 0 0 0 0 0 0 0 0 0 0 0 0 0 0 0 0 78 0 0 0 0 0 0 0 0 0 
