0 0 0 0 0 0 0 0 0 0 161 0 110 312 0 0 0 0 0 0 0 0 0 0 389 0 0 0 0 69 0 0 2 0 0 334 0 0 0 0 0 0 0 0 0 0 0 229 0 0 0 0 0 0 0 0 0 0 0 0 0 0 0 450 325 120 0 0 0 0 195 0 0 0 0 0 0 0 0 463 0 0 0 0 0 0 0 0 0 0 0 0 130 0 0 0 0 0 0 203 
0 0 0 283 0 397 305 0 0 0 0 0 0 268 0 231 0 0 194 0 0 0 0 0 0 355 0 0 0 0 0 0 0 0 0 0 0 0 0 0 0 0 293 0 0 0 193 0 0 0 0 17 0 0 0 0 0 0 0 0 0 0 0 0 0 0 0 104 0 0 0 207 0 0 480 0 0 0 0 0 0 0 0 0 0 0 0 0 0 0 0 0 0 0 160 0 68 0 0 0 
0 0 0 0 0 200 0 0 0 0 0 0 0 0 0 0 0 0 0 0 0 0 0 0 44 0 0 0 0 435 0 0 0 0 0 0 0 0 303 0 0 0 0 0 0 0 174 0 0 201 0 0 0 177 0 0 0 144 0 15 0 0 0 0 0 0 0 0 103 0 0 382 0 0 219 402 0 0 37 0 281 0 0 0 0 0 0 0 0 0 0 0 0 0 0 0 0 0 0 0 
0 283 0 0 0 0 0 293 0 0 0 198 0 0 0 0 0 0 0 0 0 0 0 0 0 0 447 0 0 0 491 0 0 336 0 0 0 0 0 0 0 0 38 0 0 0 0 0 0 238 195 0 0 0 0 0 0 0 0 0 0 0 0 197 0 477 0 0 0 0 33 335 0 0 0 0 0 0 0 0 347 0 0 0 0 0 128 0 0 0 0 0 0 0 0 0 0 0 0 0 
0 0 0 0 0 0 0 234 112 0 0 0 0 0 0 0 0 0 0 0 0 209 0 0 0 0 0 0 370 0 0 0 0 7 0 0 0 0 0 0 0 0 0 0 0 0 0 462 446 0 0 106 0 0 0 0 0 0 0 0 0 0 0 0 0 0 176 0 0 0 0 0 0 0 215 0 0 0 0 100 0 0 0 0 0 0 0 0 0 0 0 0 0 0 0 0 0 0 0 0 
0 397 200 0 0 0 0 0 0 0 0 0 481 0 0 0 0 0 0 0 0 0 0 0 0 0 0 0 0 0 0 0 0 0 0 0 0 0 0 0 0 0 116 281 194 0 0 464 0 454 0 0 0 0 0 0 0 0 0 0 0 0 0 0 0 0 0 0 0 0 0 0 0 0 344 0 0 0 0 0 0 0 0 0 0 0 0 0 0 374 0 0 0 0 0 0 0 0 139 0 
0 305 0 0 0 0 0 0 0 0 0 0 256 0 0 0 395 482 0 0 0 0 0 324 0 0 0 0 0 184 0 0 0 0 0 0 0 0 0 0 0 0 0 0 0 0 0 0 0 0 0 0 0 0 0 0 0 0 252 0 0 0 0 0 0 389 0 0 0 0 0 0 188 0 0 0 0 0 0 0 72 0 0 0 0 0 112 0 0 177 0 0 0 0 0 0 371 0 0 93 
0 0 0 293 234 0 0 0 0 0 0 0 0 0 0 409 0 0 276 0 0 0 0 0 0 0 0 0 0 0 0 0 0 0 0 0 0 0 396 9 0 162 0 0 0 0 0 0 0 0 0 377 0 0 0 0 0 0 0 0 0 0 0 0 0 0 0 0 0 0 91 0 0 0 0 177 0 66 0 0 0 52 0 0 151 0 367 0 0 242 0 0 0 0 0 0 0 0 0 0 
0 0 0 0 112 0 0 0 0 0 0 0 0 0 0 0 0 0 0 0 0 0 0 0 0 0 0 0 0 0 461 0 0 0 0 233 0 0 0 0 0 0 0 0 0 0 0 450 0 50 0 0 55 0 0 441 341 424 0 0 0 0 0 0 60 0 0 0 438 0 0 0 0 0 0 496 0 0 0 0 0 0 0 0 0 0 244 0 0 0 0 327 0 0 0 0 0 0 174 0 
0 0 0 0 0 0 0 0 0 0 460 0 0 0 0 0 0 0 0 63 0 0 247 0 0 0 0 0 0 0 0 0 0 0 249 494 0 0 70 0 0 0 0 0 0 449 0 0 315 0 0 134 408 64 0 258 0 0 0 0 0 0 0 0 0 0 0 0 0 31 0 0 0 26 0 0 0 0 0 0 0 0 0 0 0 0 0 0 0 0 0 0 0 0 0 0 0 0 455 0 
161 0 0 0 0 0 0 0 0 460 0 439 0 249 0 0 0 0 0 417 0 0 0 0 0 0 0 0 0 0 187 0 365 0 0 0 0 0 0 0 0 0 128 0 0 0 0 0 0 0 255 0 0 0 0 0 0 0 0 0 0 0 0 207 0 0 0 0 303 0 0 0 0 0 0 0 0 20 0 0 0 0 0 0 29 429 0 0 0 0 0 0 0 0 0 0 0 0 312 0 
0 0 0 198 0 0 0 0 0 0 439 0 0 0 0 0 140 0 0 0 246 0 0 0 0 0 0 394 230 0 0 0 0 0 0 203 0 0 0 0 0 0 0 0 0 0 0 0 0 0 0 0 0 0 0 0 0 0 0 0 259 0 0 0 0 0 0 0 0 363 325 424 0 0 0 0 0 0 450 0 0 0 0 0 0 0 0 0 0 0 0 0 0 0 0 0 0 375 0 0 
110 0 0 0 0 481 256 0 0 0 0 0 0 0 0 0 0 0 0 0 342 0 253 0 0 0 0 0 0 0 0 0 0 0 0 0 441 0 0 0 0 0 0 0 0 338 0 0 0 0 0 0 0 206 0 0 0 0 0 0 0 0 0 0 0 0 0 39 0 0 0 0 81 0 0 0 292 402 0 0 0 0 0 0 0 0 134 0 0 0 0 0 205 0 0 165 0 0 0 0 
312 268 0 0 0 0 0 0 0 0 249 0 0 0 99 0 0 0 0 0 0 0 0 341 0 0 0 0 0 0 0 0 0 0 0 0 0 0 0 0 0 0 49 0 0 0 0 0 0 93 0 0 0 55 0 0 0 0 296 0 0 0 68 0 0 0 0 0 0 0 0 0 0 0 0 0 0 214 70 0 0 0 128 0 0 0 0 0 347 0 0 0 0 0 166 0 0 0 0 0 
0 0 0 0 0 0 0 0 0 0 0 0 0 99 0 0 0 0 0 0 0 0 0 0 0 0 0 0 0 0 0 0 413 0 0 0 0 0 0 0 0 0 218 0 0 0 55 0 0 0 0 0 0 0 0 0 0 0 0 0 0 0 0 0 0 0 0 0 426 0 0 0 0 280 0 0 0 95 0 0 0 0 0 0 0 0 0 0 0 0 37 0 0 0 417 0 0 0 0 0 
0 231 0 0 0 0 0 409 0 0 0 0 0 0 0 0 0 0 0 0 0 204 0 0 0 0 0 0 0 0 0 0 0 0 0 0 0 0 37 0 0 0 109 62 0 0 0 121 0 0 0 0 0 455 0 0 0 0 0 370 0 458 0 0 0 0 138 0 0 0 0 280 0 0 0 0 0 421 0 0 0 0 0 0 0 0 0 0 0 0 0 0 280 0 0 0 255 0 0 0 
0 0 0 0 0 0 395 0 0 0 0 140 0 0 0 0 0 483 70 0 0 0 0 0 0 460 0 0 0 0 0 0 0 0 0 110 0 0 0 0 0 57 0 0 0 0 90 0 0 0 0 0 0 0 0 0 0 0 0 0 0 0 0 0 0 0 0 0 0 0 0 0 0 0 0 0 0 0 0 0 0 0 0 0 0 0 0 0 0 0 0 0 321 0 0 0 0 0 0 0 
0 0 0 0 0 0 482 0 0 0 0 0 0 0 0 0 483 0 0 111 0 0 0 0 0 0 284 0 0 0 0 0 0 0 0 0 0 0 0 0 0 0 0 0 0 0 0 0 0 0 0 121 0 0 470 0 0 0 248 0 0 0 0 0 166 0 0 0 0 0 0 0 55 0 0 0 0 0 0 0 239 0 0 0 0 0 0 209 0 0 0 77 0 0 0 0 0 395 0 0 
0 194 0 0 0 0 0 276 0 0 0 0 0 0 0 0 70 0 0 391 0 0 0 0 0 0 447 0 0 15 0 0 0 0 6 0 0 0 0 0 0 0 0 0 0 0 0 0 0 0 0 0 0 0 414 0 0 0 287 0 0 0 0 0 0 0 0 0 0 0 0 0 0 0 0 291 0 0 0 0 0 0 0 0 0 482 0 0 0 0 0 0 0 0 0 0 0 0 0 0 
0 0 0 0 0 0 0 0 0 63 417 0 0 0 0 0 0 111 391 0 255 0 0 0 0 0 0 0 0 0 0 0 4 0 0 268 162 365 366 0 0 0 0 0 310 0 0 0 0 0 0 0 0 0 0 0 0 0 0 0 0 0 222 0 0 0 0 0 0 0 0 0 0 0 55 0 0 0 0 0 0 0 0 0 0 0 0 0 0 0 0 0 0 423 0 0 0 0 0 130 
0 0 0 0 0 0 0 0 0 0 0 246 342 0 0 0 0 0 0 255 0 0 462 0 0 0 0 372 0 0 101 0 0 0 0 0 0 0 0 0 0 0 0 0 0 0 0 0 355 0 417 0 0 0 0 0 179 0 0 0 0 0 0 351 0 0 0 0 0 441 0 52 0 0 0 0 0 0 0 2 0 0 0 0 187 0 0 0 0 263 0 0 0 0 0 0 0 0 0 0 
0 0 0 0 209 0 0 0 0 0 0 0 0 0 0 204 0 0 0 0 0 0 0 0 103 0 0 0 83 0 0 0 0 0 0 0 0 0 0 0 0 0 0 0 0 0 0 0 0 0 0 0 0 0 0 0 0 0 0 0 0 0 0 0 454 0 0 151 0 0 0 0 0 0 0 0 0 0 303 0 0 0 0 0 0 0 0 0 0 0 182 0 0 374 0 0 0 0 0 0 
0 0 0 0 0 0 0 0 0 247 0 0 253 0 0 0 0 0 0 0 462 0 0 0 0 0 0 0 0 0 0 0 0 0 0 131 0 0 126 0 0 0 81 0 358 0 0 0 0 0 0 0 0 0 0 0 0 0 0 4 0 0 0 0 150 0 0 0 0 303 0 0 207 0 349 0 0 0 0 0 0 0 0 0 21 390 0 0 0 0 0 0 0 0 0 0 0 0 0 421 
0 0 0 0 0 0 324 0 0 0 0 0 0 341 0 0 0 0 0 0 0 0 0 0 0 0 0 0 0 0 292 0 0 0 395 0 0 444 0 0 0 0 0 0 0 0 0 0 14 0 0 0 0 213 0 0 0 0 0 0 0 0 0 0 0 0 0 0 0 0 0 0 0 0 0 0 0 0 0 0 0 0 0 0 0 306 0 0 0 0 0 0 0 0 0 0 0 0 190 0 
389 0 44 0 0 0 0 0 0 0 0 0 0 0 0 0 0 0 0 0 0 103 0 0 0 0 0 0 0 0 0 353 0 0 0 0 0 0 0 145 0 0 0 0 0 221 0 0 0 250 0 0 0 0 0 0 185 0 0 0 434 20 0 0 0 0 0 0 0 0 0 0 0 0 0 273 0 282 0 0 145 0 0 0 0 0 161 0 0 0 77 0 0 0 0 0 0 0 0 0 
0 355 0 0 0 0 0 0 0 0 0 0 0 0 0 0 460 0 0 0 0 0 0 0 0 0 0 0 377 0 0 0 224 0 0 0 0 0 0 0 0 0 0 0 0 0 0 0 0 0 0 0 137 0 0 0 0 238 0 0 0 0 0 0 0 0 0 7 0 0 0 0 0 0 0 24 0 52 0 0 0 0 0 0 0 0 0 0 290 0 342 0 0 0 0 0 0 0 0 0 
0 0 0 447 0 0 0 0 0 0 0 0 0 0 0 0 0 284 447 0 0 0 0 0 0 0 0 0 0 0 296 279 0 0 0 0 483 0 0 324 253 0 0 0 0 0 0 0 0 0 0 0 0 0 0 0 181 0 0 0 155 0 0 0 0 0 0 0 0 0 0 0 0 469 0 0 0 103 0 0 0 0 0 0 357 0 368 0 0 0 0 0 31 0 0 0 0 0 0 0 
0 0 0 0 0 0 0 0 0 0 0 394 0 0 0 0 0 0 0 0 372 0 0 0 0 0 0 0 0 0 0 92 0 0 0 0 496 0 247 0 0 0 0 0 0 0 0 194 0 0 0 0 0 0 0 0 0 0 0 0 0 0 0 493 0 0 0 0 481 0 0 0 0 0 0 0 0 0 0 0 0 0 0 0 0 0 0 0 0 0 0 0 0 370 0 0 0 0 0 400 
0 0 0 0 370 0 0 0 0 0 0 230 0 0 0 0 0 0 0 0 0 83 0 0 0 377 0 0 0 358 0 0 0 0 0 0 0 0 0 0 0 0 0 0 0 0 0 0 0 0 0 0 0 0 0 0 0 0 0 0 0 0 0 78 0 0 0 0 0 0 0 0 0 0 0 0 0 0 0 0 0 0 0 0 0 0 0 0 472 0 0 0 0 0 409 0 0 0 0 319 
69 0 435 0 0 0 184 0 0 0 0 0 0 0 0 0 0 0 15 0 0 0 0 0 0 0 0 0 358 0 0 0 0 0 0 0 0 0 0 0 0 0 0 0 0 0 407 0 0 0 0 438 0 0 0 0 0 0 0 0 0 0 0 0 0 0 345 0 0 0 0 0 0 0 0 0 476 0 0 0 0 0 0 0 0 0 206 144 0 0 0 306 0 0 0 0 0 0 0 0 
0 0 0 491 0 0 0 0 461 0 187 0 0 0 0 0 0 0 0 0 101 0 0 292 0 0 296 0 0 0 0 0 0 253 142 0 0 0 0 184 0 0 0 0 0 0 105 0 0 0 0 0 0 0 0 0 0 12 0 0 0 0 0 0 0 0 0 0 455 0 0 0 0 0 0 0 0 0 0 0 0 164 402 0 0 0 0 0 0 0 0 0 0 0 0 0 0 413 0 0 
0 0 0 0 0 0 0 0 0 0 0 0 0 0 0 0 0 0 0 0 0 0 0 0 353 0 279 92 0 0 0 0 0 0 0 0 145 0 0 112 333 0 0 0 0 0 0 0 0 420 0 0 166 0 0 0 0 68 0 0 0 0 0 0 0 0 0 0 0 0 0 0 0 0 27 0 0 84 0 0 0 349 231 0 0 0 0 119 0 0 0 0 0 0 0 0 474 0 0 0 
2 0 0 0 0 0 0 0 0 0 365 0 0 0 413 0 0 0 0 4 0 0 0 0 0 224 0 0 0 0 0 0 0 0 0 0 0 0 0 0 0 0 0 0 0 71 0 0 0 0 0 0 0 0 0 0 0 0 0 0 0 488 335 0 0 0 54 0 0 0 0 433 0 0 0 449 321 0 0 0 386 0 0 0 0 0 0 439 0 0 0 0 0 0 403 0 0 0 0 0 
0 0 0 336 7 0 0 0 0 0 0 0 0 0 0 0 0 0 0 0 0 0 0 0 0 0 0 0 0 0 253 0 0 0 0 0 0 0 0 0 191 52 0 0 0 0 0 0 0 0 358 0 50 0 0 0 0 0 0 0 492 0 0 359 0 0 0 0 69 0 41 0 0 0 0 0 0 0 0 0 126 0 0 0 0 494 0 0 0 316 0 91 0 0 0 0 0 0 0 0 
0 0 0 0 0 0 0 0 0 249 0 0 0 0 0 0 0 0 6 0 0 0 0 395 0 0 0 0 0 0 142 0 0 0 0 0 0 0 0 0 0 0 0 0 0 0 0 0 0 0 0 0 0 0 0 32 0 0 12 0 0 404 0 0 0 84 0 0 0 0 0 0 0 0 0 0 0 0 0 0 257 0 0 0 0 0 0 414 0 0 0 0 0 0 0 0 0 0 0 0 
334 0 0 0 0 0 0 0 233 494 0 203 0 0 0 0 110 0 0 268 0 0 131 0 0 0 0 0 0 0 0 0 0 0 0 0 0 0 0 0 0 0 0 0 0 0 0 0 0 0 0 0 0 0 0 0 0 0 0 0 0 0 0 0 0 287 0 0 0 0 0 0 0 0 0 148 0 0 0 0 0 0 0 0 0 171 0 0 0 0 0 0 0 0 0 0 0 0 0 0 
0 0 0 0 0 0 0 0 0 0 0 0 441 0 0 0 0 0 0 162 0 0 0 0 0 0 483 496 0 0 0 145 0 0 0 0 0 0 0 0 0 25 437 0 0 227 0 0 0 0 0 0 0 0 0 0 0 0 0 0 373 0 0 0 449 0 0 0 0 401 0 0 0 0 88 0 0 0 0 0 0 0 0 0 0 0 0 0 0 0 124 0 0 0 0 0 0 0 0 0 
0 0 0 0 0 0 0 0 0 0 0 0 0 0 0 0 0 0 0 365 0 0 0 444 0 0 0 0 0 0 0 0 0 0 0 0 0 0 0 216 0 0 0 0 0 422 485 21 0 0 0 278 0 0 143 0 0 19 0 0 292 0 0 0 0 0 0 190 0 0 0 0 0 0 0 0 0 0 0 0 0 0 154 0 0 0 0 0 1 0 0 0 0 0 0 0 0 108 0 0 
0 0 303 0 0 0 0 396 0 70 0 0 0 0 0 37 0 0 0 366 0 0 126 0 0 0 0 247 0 0 0 0 0 0 0 0 0 0 0 0 0 0 0 0 0 0 0 0 0 0 0 0 0 0 0 0 0 62 0 0 0 0 0 0 0 0 0 0 0 0 0 0 0 9 0 0 0 0 0 0 0 0 1 50 0 0 377 0 0 0 0 187 0 25 0 0 0 0 15 0 
0 0 0 0 0 0 0 9 0 0 0 0 0 0 0 0 0 0 0 0 0 0 0 0 145 0 324 0 0 0 184 112 0 0 0 0 0 216 0 0 109 0 246 0 72 0 0 0 0 0 0 0 0 0 0 0 0 0 0 0 0 0 452 0 0 0 0 0 0 0 0 103 0 0 0 319 0 0 0 0 0 0 0 0 162 0 0 0 429 238 0 0 0 0 0 0 0 0 0 0 
0 0 0 0 0 0 0 0 0 0 0 0 0 0 0 0 0 0 0 0 0 0 0 0 0 0 253 0 0 0 0 333 0 191 0 0 0 0 0 109 0 0 0 0 0 0 0 0 0 0 0 0 0 204 0 0 0 0 312 0 499 0 0 0 366 333 0 0 0 0 13 0 0 0 0 0 391 0 0 0 0 0 0 0 0 2 0 0 235 91 0 214 0 0 0 0 0 0 0 0 
0 0 0 0 0 0 0 162 0 0 0 0 0 0 0 0 57 0 0 0 0 0 0 0 0 0 0 0 0 0 0 0 0 52 0 0 25 0 0 0 0 0 0 0 275 160 0 0 0 0 0 0 0 0 0 0 0 177 0 0 0 0 0 0 0 0 0 0 0 169 0 0 0 0 39 0 448 0 0 0 0 0 0 38 19 174 0 0 0 0 0 0 312 0 0 0 0 0 0 0 
0 293 0 38 0 116 0 0 0 0 128 0 0 49 218 109 0 0 0 0 0 0 81 0 0 0 0 0 0 0 0 0 0 0 0 0 437 0 0 246 0 0 0 0 0 0 0 0 0 0 0 0 0 0 0 0 0 0 149 0 393 0 0 0 0 0 0 0 0 0 0 0 0 0 0 0 0 0 0 0 0 0 270 0 0 0 0 0 0 8 0 0 0 267 0 0 0 0 0 0 
0 0 0 0 0 281 0 0 0 0 0 0 0 0 0 62 0 0 0 0 0 0 0 0 0 0 0 0 0 0 0 0 0 0 0 0 0 0 0 0 0 0 0 0 0 0 0 0 301 0 0 364 0 0 0 0 0 0 0 0 0 0 0 0 0 0 0 0 0 0 0 0 0 325 0 0 0 0 0 0 0 0 123 0 0 0 0 314 0 411 0 0 0 0 0 0 90 0 0 0 
0 0 0 0 0 194 0 0 0 0 0 0 0 0 0 0 0 0 0 310 0 0 358 0 0 0 0 0 0 0 0 0 0 0 0 0 0 0 0 72 0 275 0 0 0 0 0 0 0 0 182 0 0 0 0 0 0 0 0 0 0 0 221 0 0 0 0 388 247 0 0 0 0 0 0 0 0 0 0 0 0 0 0 257 0 0 0 0 0 0 0 0 0 340 0 0 0 0 0 0 
0 0 0 0 0 0 0 0 0 449 0 0 338 0 0 0 0 0 0 0 0 0 0 0 221 0 0 0 0 0 0 0 71 0 0 0 227 422 0 0 0 160 0 0 0 0 0 0 0 0 0 0 0 453 337 0 0 0 0 0 0 0 0 0 0 0 0 0 0 0 0 0 0 402 0 478 0 265 475 0 0 0 0 337 0 0 0 0 0 0 0 387 0 0 0 0 0 0 0 0 
0 193 174 0 0 0 0 0 0 0 0 0 0 0 55 0 90 0 0 0 0 0 0 0 0 0 0 0 0 407 105 0 0 0 0 0 0 485 0 0 0 0 0 0 0 0 0 0 0 0 0 0 0 0 0 0 247 0 0 155 0 0 0 348 454 0 16 0 0 0 485 0 0 0 0 0 0 0 0 0 0 0 0 0 0 0 0 0 0 0 345 0 0 0 0 0 0 0 0 402 
229 0 0 0 462 464 0 0 450 0 0 0 0 0 0 121 0 0 0 0 0 0 0 0 0 0 0 194 0 0 0 0 0 0 0 0 0 21 0 0 0 0 0 0 0 0 0 0 174 0 0 0 0 0 448 0 0 0 0 0 0 385 0 0 0 0 0 0 0 0 0 0 0 33 0 0 0 0 0 40 0 0 0 0 0 0 0 494 0 0 0 0 0 55 0 0 0 0 0 122 
0 0 0 0 446 0 0 0 0 315 0 0 0 0 0 0 0 0 0 0 355 0 0 14 0 0 0 0 0 0 0 0 0 0 0 0 0 0 0 0 0 0 0 301 0 0 0 174 0 0 0 0 464 115 0 0 0 0 0 0 0 0 301 0 0 0 0 0 0 275 209 0 9 287 0 0 0 0 0 0 0 0 0 0 0 0 0 0 0 0 0 0 384 0 0 0 278 0 0 0 
0 0 201 238 0 454 0 0 50 0 0 0 0 93 0 0 0 0 0 0 0 0 0 0 250 0 0 0 0 0 0 420 0 0 0 0 0 0 0 0 0 0 0 0 0 0 0 0 0 0 0 0 0 0 477 0 0 0 0 0 150 291 0 0 0 0 0 0 0 0 434 0 0 0 0 0 0 0 0 0 423 0 0 0 0 0 17 0 125 369 0 0 0 0 0 0 0 0 0 0 
0 0 0 195 0 0 0 0 0 0 255 0 0 0 0 0 0 0 0 0 417 0 0 0 0 0 0 0 0 0 0 0 0 358 0 0 0 0 0 0 0 0 0 0 182 0 0 0 0 0 0 0 0 0 0 0 99 0 0 0 0 0 0 0 0 0 0 334 0 0 0 0 0 203 0 0 0 0 0 238 0 0 0 0 0 75 0 0 0 0 0 0 0 39 168 0 298 0 106 0 
0 17 0 0 106 0 0 377 0 134 0 0 0 0 0 0 0 121 0 0 0 0 0 0 0 0 0 0 0 438 0 0 0 0 0 0 0 278 0 0 0 0 0 364 0 0 0 0 0 0 0 0 0 315 0 97 0 0 0 0 0 0 0 0 0 0 0 0 0 0 0 104 450 0 0 0 110 0 0 0 0 0 0 0 0 201 0 0 0 0 0 0 0 0 0 0 354 0 0 0 
0 0 0 0 0 0 0 0 55 408 0 0 0 0 0 0 0 0 0 0 0 0 0 0 0 137 0 0 0 0 0 166 0 50 0 0 0 0 0 0 0 0 0 0 0 0 0 0 464 0 0 0 0 0 282 0 0 0 0 0 0 17 0 71 0 0 0 0 0 464 129 0 0 0 0 0 0 0 0 0 0 0 0 0 0 0 0 0 0 304 0 0 0 0 0 0 210 0 0 0 
0 0 177 0 0 0 0 0 0 64 0 0 206 55 0 455 0 0 0 0 0 0 0 213 0 0 0 0 0 0 0 0 0 0 0 0 0 0 0 0 204 0 0 0 0 453 0 0 115 0 0 315 0 0 0 0 0 0 0 0 0 0 0 0 0 281 79 0 0 0 0 0 0 0 0 0 0 0 0 28 0 0 0 0 0 0 0 0 0 0 0 0 0 0 0 437 0 358 0 0 
0 0 0 0 0 0 0 0 0 0 0 0 0 0 0 0 0 470 414 0 0 0 0 0 0 0 0 0 0 0 0 0 0 0 0 0 0 143 0 0 0 0 0 0 0 337 0 448 0 477 0 0 282 0 0 133 0 0 0 0 0 0 0 0 0 0 171 0 0 229 241 0 0 0 0 0 0 0 0 291 407 52 0 0 52 0 0 0 0 0 0 0 0 0 0 0 0 0 0 0 
0 0 0 0 0 0 0 0 441 258 0 0 0 0 0 0 0 0 0 0 0 0 0 0 0 0 0 0 0 0 0 0 0 0 32 0 0 0 0 0 0 0 0 0 0 0 0 0 0 0 0 97 0 0 133 0 0 0 0 0 0 0 0 0 0 0 444 0 0 0 0 0 0 0 0 0 0 0 0 0 0 0 0 0 0 0 0 0 0 0 0 0 0 0 0 0 0 469 130 0 
0 0 0 0 0 0 0 0 341 0 0 0 0 0 0 0 0 0 0 0 179 0 0 0 185 0 181 0 0 0 0 0 0 0 0 0 0 0 0 0 0 0 0 0 0 0 247 0 0 0 99 0 0 0 0 0 0 334 0 0 0 0 111 0 72 0 0 0 0 0 0 0 0 0 0 0 0 0 0 0 0 0 0 0 0 0 0 0 0 0 216 0 0 99 131 0 0 0 0 0 
0 0 144 0 0 0 0 0 424 0 0 0 0 0 0 0 0 0 0 0 0 0 0 0 0 238 0 0 0 0 12 68 0 0 0 0 0 19 62 0 0 177 0 0 0 0 0 0 0 0 0 0 0 0 0 0 334 0 0 0 21 348 0 0 0 0 0 198 0 0 0 0 0 0 0 0 0 0 0 0 0 0 0 0 0 0 0 0 0 0 466 0 0 0 0 204 0 0 337 0 
0 0 0 0 0 0 252 0 0 0 0 0 0 296 0 0 0 248 287 0 0 0 0 0 0 0 0 0 0 0 0 0 0 0 12 0 0 0 0 0 312 0 149 0 0 0 0 0 0 0 0 0 0 0 0 0 0 0 0 0 0 0 0 0 0 358 246 0 0 0 0 0 0 0 277 0 0 0 0 0 31 0 0 366 0 0 0 495 0 0 0 75 468 0 0 0 0 0 0 0 
0 0 15 0 0 0 0 0 0 0 0 0 0 0 0 370 0 0 0 0 0 0 4 0 0 0 0 0 0 0 0 0 0 0 0 0 0 0 0 0 0 0 0 0 0 0 155 0 0 0 0 0 0 0 0 0 0 0 0 0 0 345 465 0 279 0 0 0 0 0 0 0 497 261 0 0 0 0 0 0 298 0 0 0 0 0 0 0 0 0 0 0 0 0 0 0 0 0 0 146 
0 0 0 0 0 0 0 0 0 0 0 259 0 0 0 0 0 0 0 0 0 0 0 0 434 0 155 0 0 0 0 0 0 492 0 0 373 292 0 0 499 0 393 0 0 0 0 0 0 150 0 0 0 0 0 0 0 21 0 0 0 388 0 0 0 0 0 0 0 61 260 0 0 0 0 0 0 0 0 0 192 120 0 0 0 0 0 0 0 0 0 0 0 0 0 0 0 0 0 0 
0 0 0 0 0 0 0 0 0 0 0 0 0 0 0 458 0 0 0 0 0 0 0 0 20 0 0 0 0 0 0 0 488 0 404 0 0 0 0 0 0 0 0 0 0 0 0 385 0 291 0 0 17 0 0 0 0 348 0 345 388 0 0 0 0 0 0 0 0 0 0 0 0 0 0 0 0 0 0 0 0 0 0 0 0 0 0 0 0 0 145 0 0 0 407 0 0 348 113 0 
0 0 0 0 0 0 0 0 0 0 0 0 0 68 0 0 0 0 0 222 0 0 0 0 0 0 0 0 0 0 0 0 335 0 0 0 0 0 0 452 0 0 0 0 221 0 0 0 301 0 0 0 0 0 0 0 111 0 0 465 0 0 0 0 306 404 0 0 256 0 0 0 26 0 0 0 0 0 360 0 0 0 0 0 0 0 23 0 0 0 0 0 0 0 0 437 0 0 0 0 
450 0 0 197 0 0 0 0 0 0 207 0 0 0 0 0 0 0 0 0 351 0 0 0 0 0 0 493 78 0 0 0 0 359 0 0 0 0 0 0 0 0 0 0 0 0 348 0 0 0 0 0 71 0 0 0 0 0 0 0 0 0 0 0 0 0 239 0 120 0 0 0 201 0 0 0 0 0 0 0 0 0 0 0 0 0 0 127 241 0 0 207 0 0 0 0 0 0 0 0 
325 0 0 0 0 0 0 0 60 0 0 0 0 0 0 0 0 166 0 0 0 454 150 0 0 0 0 0 0 0 0 0 0 0 0 0 449 0 0 0 366 0 0 0 0 0 454 0 0 0 0 0 0 0 0 0 72 0 0 279 0 0 306 0 0 0 0 0 0 0 0 0 0 0 0 0 0 0 0 0 0 0 0 0 0 0 0 419 496 0 0 0 132 0 0 0 0 0 254 0 
120 0 0 477 0 0 389 0 0 0 0 0 0 0 0 0 0 0 0 0 0 0 0 0 0 0 0 0 0 0 0 0 0 0 84 287 0 0 0 0 333 0 0 0 0 0 0 0 0 0 0 0 0 281 0 0 0 0 358 0 0 0 404 0 0 0 0 451 0 0 13 0 0 0 0 0 311 0 0 155 0 317 0 0 0 0 0 0 0 0 0 0 411 0 0 0 0 0 0 0 
0 0 0 0 176 0 0 0 0 0 0 0 0 0 0 138 0 0 0 0 0 0 0 0 0 0 0 0 0 345 0 0 54 0 0 0 0 0 0 0 0 0 0 0 0 0 16 0 0 0 0 0 0 79 171 444 0 0 246 0 0 0 0 239 0 0 0 0 0 0 0 286 0 0 0 0 0 0 239 0 0 0 0 0 0 0 0 0 0 0 245 0 0 0 0 0 0 0 0 0 
0 104 0 0 0 0 0 0 0 0 0 0 39 0 0 0 0 0 0 0 0 151 0 0 0 7 0 0 0 0 0 0 0 0 0 0 0 190 0 0 0 0 0 0 388 0 0 0 0 0 334 0 0 0 0 0 0 198 0 0 0 0 0 0 0 451 0 0 0 0 0 0 0 0 0 0 486 0 329 0 0 0 0 0 21 0 0 0 75 0 0 0 0 0 0 0 0 128 0 0 
0 0 103 0 0 0 0 0 438 0 303 0 0 0 426 0 0 0 0 0 0 0 0 0 0 0 0 481 0 0 455 0 0 69 0 0 0 0 0 0 0 0 0 0 247 0 0 0 0 0 0 0 0 0 0 0 0 0 0 0 0 0 256 120 0 0 0 0 0 0 0 0 0 0 331 0 250 0 0 0 0 0 0 0 0 325 0 0 0 0 0 0 105 0 0 0 164 0 0 0 
0 0 0 0 0 0 0 0 0 31 0 363 0 0 0 0 0 0 0 0 441 0 303 0 0 0 0 0 0 0 0 0 0 0 0 0 401 0 0 0 0 169 0 0 0 0 0 0 275 0 0 0 464 0 229 0 0 0 0 0 61 0 0 0 0 0 0 0 0 0 0 0 0 0 0 0 0 0 0 0 0 0 0 0 405 0 0 0 0 0 0 0 0 0 0 0 0 0 0 251 
195 0 0 33 0 0 0 91 0 0 0 325 0 0 0 0 0 0 0 0 0 0 0 0 0 0 0 0 0 0 0 0 0 41 0 0 0 0 0 0 13 0 0 0 0 0 485 0 209 434 0 0 129 0 241 0 0 0 0 0 260 0 0 0 0 13 0 0 0 0 0 0 0 439 0 0 0 0 323 0 0 0 0 0 0 0 0 0 0 0 0 0 0 0 0 0 0 0 0 0 
0 207 382 335 0 0 0 0 0 0 0 424 0 0 0 280 0 0 0 0 52 0 0 0 0 0 0 0 0 0 0 0 433 0 0 0 0 0 0 103 0 0 0 0 0 0 0 0 0 0 0 104 0 0 0 0 0 0 0 0 0 0 0 0 0 0 286 0 0 0 0 0 300 0 0 0 0 0 0 371 0 0 0 275 0 0 0 0 0 0 62 0 0 0 0 0 0 0 0 482 
0 0 0 0 0 0 188 0 0 0 0 0 81 0 0 0 0 55 0 0 0 0 207 0 0 0 0 0 0 0 0 0 0 0 0 0 0 0 0 0 0 0 0 0 0 0 0 0 9 0 0 450 0 0 0 0 0 0 0 497 0 0 26 201 0 0 0 0 0 0 0 300 0 0 0 0 0 0 0 0 0 270 382 0 0 0 0 0 0 0 0 0 0 0 206 357 0 0 0 479 
0 0 0 0 0 0 0 0 0 26 0 0 0 0 280 0 0 0 0 0 0 0 0 0 0 0 469 0 0 0 0 0 0 0 0 0 0 0 9 0 0 0 0 325 0 402 0 33 287 0 203 0 0 0 0 0 0 0 0 261 0 0 0 0 0 0 0 0 0 0 439 0 0 0 224 0 0 32 0 0 0 0 223 0 0 0 0 0 0 0 0 0 0 0 0 58 0 0 0 0 
0 480 219 0 215 344 0 0 0 0 0 0 0 0 0 0 0 0 0 55 0 0 349 0 0 0 0 0 0 0 0 27 0 0 0 0 88 0 0 0 0 39 0 0 0 0 0 0 0 0 0 0 0 0 0 0 0 0 277 0 0 0 0 0 0 0 0 0 331 0 0 0 0 224 0 0 0 0 0 405 0 0 0 196 0 0 0 149 0 0 0 0 0 0 0 0 0 0 0 0 
0 0 402 0 0 0 0 177 496 0 0 0 0 0 0 0 0 0 291 0 0 0 0 0 273 24 0 0 0 0 0 0 449 0 0 148 0 0 0 319 0 0 0 0 0 478 0 0 0 0 0 0 0 0 0 0 0 0 0 0 0 0 0 0 0 0 0 0 0 0 0 0 0 0 0 0 0 0 0 0 0 0 490 0 6 0 0 0 249 0 0 0 248 0 0 0 0 0 0 251 
0 0 0 0 0 0 0 0 0 0 0 0 292 0 0 0 0 0 0 0 0 0 0 0 0 0 0 0 0 476 0 0 321 0 0 0 0 0 0 0 391 448 0 0 0 0 0 0 0 0 0 110 0 0 0 0 0 0 0 0 0 0 0 0 0 311 0 486 250 0 0 0 0 0 0 0 0 0 0 0 0 0 0 0 0 0 0 0 0 0 0 0 0 0 0 115 0 0 434 0 
0 0 0 0 0 0 0 66 0 0 20 0 402 214 95 421 0 0 0 0 0 0 0 0 282 52 103 0 0 0 0 84 0 0 0 0 0 0 0 0 0 0 0 0 0 265 0 0 0 0 0 0 0 0 0 0 0 0 0 0 0 0 0 0 0 0 0 0 0 0 0 0 0 32 0 0 0 0 291 351 0 0 0 0 0 0 0 0 0 0 0 449 0 0 0 0 0 0 0 0 
0 0 37 0 0 0 0 0 0 0 0 450 0 70 0 0 0 0 0 0 0 303 0 0 0 0 0 0 0 0 0 0 0 0 0 0 0 0 0 0 0 0 0 0 0 475 0 0 0 0 0 0 0 0 0 0 0 0 0 0 0 0 360 0 0 0 239 329 0 0 323 0 0 0 0 0 0 291 0 0 0 0 0 0 0 462 0 0 0 200 7 0 0 0 423 0 0 85 0 0 
463 0 0 0 100 0 0 0 0 0 0 0 0 0 0 0 0 0 0 0 2 0 0 0 0 0 0 0 0 0 0 0 0 0 0 0 0 0 0 0 0 0 0 0 0 0 0 40 0 0 238 0 0 28 291 0 0 0 0 0 0 0 0 0 0 155 0 0 0 0 0 371 0 0 405 0 0 351 0 0 0 70 0 402 0 0 0 236 0 0 0 0 0 0 0 0 0 0 0 140 
0 0 281 347 0 0 72 0 0 0 0 0 0 0 0 0 0 239 0 0 0 0 0 0 145 0 0 0 0 0 0 0 386 126 257 0 0 0 0 0 0 0 0 0 0 0 0 0 0 423 0 0 0 0 407 0 0 0 31 298 192 0 0 0 0 0 0 0 0 0 0 0 0 0 0 0 0 0 0 0 0 0 0 0 0 321 0 0 0 0 0 0 260 0 0 0 0 0 0 0 
0 0 0 0 0 0 0 52 0 0 0 0 0 0 0 0 0 0 0 0 0 0 0 0 0 0 0 0 0 0 164 349 0 0 0 0 0 0 0 0 0 0 0 0 0 0 0 0 0 0 0 0 0 0 52 0 0 0 0 0 120 0 0 0 0 317 0 0 0 0 0 0 270 0 0 0 0 0 0 70 0 0 0 0 0 0 0 337 0 0 0 0 0 0 0 0 0 0 71 261 
0 0 0 0 0 0 0 0 0 0 0 0 0 128 0 0 0 0 0 0 0 0 0 0 0 0 0 0 0 0 402 231 0 0 0 0 0 154 1 0 0 0 270 123 0 0 0 0 0 0 0 0 0 0 0 0 0 0 0 0 0 0 0 0 0 0 0 0 0 0 0 0 382 223 0 490 0 0 0 0 0 0 0 0 0 0 0 0 0 0 0 0 162 0 0 0 0 0 0 0 
0 0 0 0 0 0 0 0 0 0 0 0 0 0 0 0 0 0 0 0 0 0 0 0 0 0 0 0 0 0 0 0 0 0 0 0 0 0 50 0 0 38 0 0 257 337 0 0 0 0 0 0 0 0 0 0 0 0 366 0 0 0 0 0 0 0 0 0 0 0 0 275 0 0 196 0 0 0 0 402 0 0 0 0 224 0 0 0 0 0 450 220 0 0 0 0 0 0 0 0 
0 0 0 0 0 0 0 151 0 0 29 0 0 0 0 0 0 0 0 0 187 0 21 0 0 0 357 0 0 0 0 0 0 0 0 0 0 0 0 162 0 19 0 0 0 0 0 0 0 0 0 0 0 0 52 0 0 0 0 0 0 0 0 0 0 0 0 21 0 405 0 0 0 0 0 6 0 0 0 0 0 0 0 224 0 0 0 0 0 0 0 0 0 0 0 0 301 0 0 0 
0 0 0 0 0 0 0 0 0 0 429 0 0 0 0 0 0 0 482 0 0 0 390 306 0 0 0 0 0 0 0 0 0 494 0 171 0 0 0 0 2 174 0 0 0 0 0 0 0 0 75 201 0 0 0 0 0 0 0 0 0 0 0 0 0 0 0 0 325 0 0 0 0 0 0 0 0 0 462 0 321 0 0 0 0 0 0 0 0 43 0 0 0 0 0 91 0 0 0 0 
0 0 0 128 0 0 112 367 244 0 0 0 134 0 0 0 0 0 0 0 0 0 0 0 161 0 368 0 0 206 0 0 0 0 0 0 0 0 377 0 0 0 0 0 0 0 0 0 0 17 0 0 0 0 0 0 0 0 0 0 0 0 23 0 0 0 0 0 0 0 0 0 0 0 0 0 0 0 0 0 0 0 0 0 0 0 0 0 0 0 0 3 0 0 0 0 0 0 0 0 
0 0 0 0 0 0 0 0 0 0 0 0 0 0 0 0 0 209 0 0 0 0 0 0 0 0 0 0 0 144 0 119 439 0 414 0 0 0 0 0 0 0 0 314 0 0 0 494 0 0 0 0 0 0 0 0 0 0 495 0 0 0 0 127 419 0 0 0 0 0 0 0 0 0 149 0 0 0 0 236 0 337 0 0 0 0 0 0 0 0 0 0 0 0 0 0 0 0 303 0 
0 0 0 0 0 0 0 0 0 0 0 0 0 347 0 0 0 0 0 0 0 0 0 0 0 290 0 0 472 0 0 0 0 0 0 0 0 1 0 429 235 0 0 0 0 0 0 0 0 125 0 0 0 0 0 0 0 0 0 0 0 0 0 241 496 0 0 75 0 0 0 0 0 0 0 249 0 0 0 0 0 0 0 0 0 0 0 0 0 0 0 0 0 0 0 284 379 0 0 0 
0 0 0 0 0 374 177 242 0 0 0 0 0 0 0 0 0 0 0 0 263 0 0 0 0 0 0 0 0 0 0 0 0 316 0 0 0 0 0 238 91 0 8 411 0 0 0 0 0 369 0 0 304 0 0 0 0 0 0 0 0 0 0 0 0 0 0 0 0 0 0 0 0 0 0 0 0 0 200 0 0 0 0 0 0 43 0 0 0 0 0 0 444 0 47 0 0 0 0 0 
0 0 0 0 0 0 0 0 0 0 0 0 0 0 37 0 0 0 0 0 0 182 0 0 77 342 0 0 0 0 0 0 0 0 0 0 124 0 0 0 0 0 0 0 0 0 345 0 0 0 0 0 0 0 0 0 216 466 0 0 0 145 0 0 0 0 245 0 0 0 0 62 0 0 0 0 0 0 7 0 0 0 0 450 0 0 0 0 0 0 0 0 0 0 0 114 0 0 0 0 
0 0 0 0 0 0 0 0 327 0 0 0 0 0 0 0 0 77 0 0 0 0 0 0 0 0 0 0 0 306 0 0 0 91 0 0 0 0 187 0 214 0 0 0 0 387 0 0 0 0 0 0 0 0 0 0 0 0 75 0 0 0 0 207 0 0 0 0 0 0 0 0 0 0 0 0 0 449 0 0 0 0 0 220 0 0 3 0 0 0 0 0 0 0 0 0 0 469 0 0 
130 0 0 0 0 0 0 0 0 0 0 0 205 0 0 280 321 0 0 0 0 0 0 0 0 0 31 0 0 0 0 0 0 0 0 0 0 0 0 0 0 312 0 0 0 0 0 0 384 0 0 0 0 0 0 0 0 0 468 0 0 0 0 0 132 411 0 0 105 0 0 0 0 0 0 248 0 0 0 0 260 0 162 0 0 0 0 0 0 444 0 0 0 0 0 0 0 0 0 0 
0 0 0 0 0 0 0 0 0 0 0 0 0 0 0 0 0 0 0 423 0 374 0 0 0 0 0 370 0 0 0 0 0 0 0 0 0 0 25 0 0 0 267 0 340 0 0 55 0 0 39 0 0 0 0 0 99 0 0 0 0 0 0 0 0 0 0 0 0 0 0 0 0 0 0 0 0 0 0 0 0 0 0 0 0 0 0 0 0 0 0 0 0 0 0 149 367 0 0 0 
0 160 0 0 0 0 0 0 0 0 0 0 0 166 417 0 0 0 0 0 0 0 0 0 0 0 0 0 409 0 0 0 403 0 0 0 0 0 0 0 0 0 0 0 0 0 0 0 0 0 168 0 0 0 0 0 131 0 0 0 0 407 0 0 0 0 0 0 0 0 0 0 206 0 0 0 0 0 423 0 0 0 0 0 0 0 0 0 0 47 0 0 0 0 0 0 0 0 294 0 
0 0 0 0 0 0 0 0 0 0 0 0 165 0 0 0 0 0 0 0 0 0 0 0 0 0 0 0 0 0 0 0 0 0 0 0 0 0 0 0 0 0 0 0 0 0 0 0 0 0 0 0 0 437 0 0 0 204 0 0 0 0 437 0 0 0 0 0 0 0 0 0 357 58 0 0 115 0 0 0 0 0 0 0 0 91 0 0 284 0 114 0 0 149 0 0 0 353 0 0 
0 68 0 0 0 0 371 0 0 0 0 0 0 0 0 255 0 0 0 0 0 0 0 0 0 0 0 0 0 0 0 474 0 0 0 0 0 0 0 0 0 0 0 90 0 0 0 0 278 0 298 354 210 0 0 0 0 0 0 0 0 0 0 0 0 0 0 0 164 0 0 0 0 0 0 0 0 0 0 0 0 0 0 0 301 0 0 0 379 0 0 0 0 367 0 0 0 0 0 0 
0 0 0 0 0 0 0 0 0 0 0 375 0 0 0 0 0 395 0 0 0 0 0 0 0 0 0 0 0 0 413 0 0 0 0 0 0 108 0 0 0 0 0 0 0 0 0 0 0 0 0 0 0 358 0 469 0 0 0 0 0 348 0 0 0 0 0 128 0 0 0 0 0 0 0 0 0 0 85 0 0 0 0 0 0 0 0 0 0 0 0 469 0 0 0 353 0 0 0 0 
0 0 0 0 0 139 0 0 174 455 312 0 0 0 0 0 0 0 0 0 0 0 0 190 0 0 0 0 0 0 0 0 0 0 0 0 0 0 15 0 0 0 0 0 0 0 0 0 0 0 106 0 0 0 0 130 0 337 0 0 0 113 0 0 254 0 0 0 0 0 0 0 0 0 0 0 434 0 0 0 0 71 0 0 0 0 0 303 0 0 0 0 0 0 294 0 0 0 0 0 
203 0 0 0 0 0 93 0 0 0 0 0 0 0 0 0 0 0 0 130 0 0 421 0 0 0 0 400 319 0 0 0 0 0 0 0 0 0 0 0 0 0 0 0 0 0 402 122 0 0 0 0 0 0 0 0 0 0 0 146 0 0 0 0 0 0 0 0 0 251 0 482 479 0 0 251 0 0 0 140 0 261 0 0 0 0 0 0 0 0 0 0 0 0 0 0 0 0 0 0 
