0 0 0 0 74 86 82 0 50 0 0 37 21 0 77 0 0 0 92 95 0 0 0 0 0 0 35 0 0 0 44 88 1 0 83 15 24 93 5 0 32 11 90 80 0 94 0 74 10 0 0 0 0 74 0 12 56 77 5 0 0 0 91 78 27 0 45 85 0 36 85 0 100 67 0 43 32 37 22 66 0 12 0 0 0 0 0 18 37 48 0 0 0 78 78 48 96 84 62 41 
0 0 40 0 0 16 0 0 62 45 0 23 70 75 41 61 0 68 0 9 17 78 49 0 0 94 87 8 58 79 70 92 0 69 37 1 0 22 5 56 44 37 0 64 0 10 0 89 0 0 38 0 87 0 44 0 0 0 66 0 11 35 29 10 43 18 14 5 0 0 92 0 50 81 0 68 0 68 81 0 0 85 8 8 0 0 0 0 88 62 0 0 59 0 75 87 0 0 74 0 
0 40 0 50 62 92 22 38 0 75 0 77 31 57 94 0 32 93 79 1 36 37 53 46 9 9 62 64 4 83 0 0 0 0 0 0 32 69 51 0 62 57 0 34 57 0 0 0 38 34 23 0 0 53 92 0 80 0 97 28 0 0 70 1 32 38 61 0 68 83 74 0 29 26 44 1 65 0 100 33 41 28 94 0 51 29 70 38 83 88 0 0 54 0 21 88 70 100 0 38 
0 0 50 0 0 0 5 88 0 73 0 35 0 97 0 0 0 0 26 92 2 17 0 56 59 22 37 28 51 12 52 64 0 85 0 21 63 0 59 37 0 73 16 11 23 32 0 31 58 0 70 0 0 37 0 0 86 31 11 61 38 0 84 21 0 15 0 13 24 24 15 0 0 0 99 0 70 0 73 0 84 11 65 0 0 68 58 55 0 65 0 27 43 66 37 0 0 0 3 0 
74 0 62 0 0 0 34 58 19 10 0 31 14 4 73 60 0 73 71 38 20 0 31 57 96 0 19 0 61 0 0 64 32 0 86 0 0 80 27 28 33 0 52 36 86 89 0 87 76 91 0 14 0 0 0 0 43 0 0 65 11 0 49 0 47 0 0 0 49 84 0 0 0 69 80 0 0 57 0 23 7 0 31 9 0 75 0 0 0 0 0 40 53 49 97 98 55 0 48 82 
86 16 92 0 0 0 99 99 9 0 67 34 0 45 0 43 48 0 69 0 0 39 61 0 90 73 0 55 13 91 89 41 0 33 15 4 75 0 0 0 0 77 12 0 77 77 42 1 97 0 26 0 0 81 0 85 0 0 33 62 0 26 59 85 46 63 0 43 80 0 0 93 77 0 0 73 57 90 14 0 95 13 0 0 0 79 98 41 0 0 27 46 90 24 41 23 0 93 5 4 
82 0 22 5 34 99 0 0 0 0 19 0 46 8 0 0 31 84 0 71 0 78 19 0 54 15 20 0 91 0 12 0 25 45 36 53 0 60 43 0 18 79 90 3 29 79 50 51 0 93 0 18 44 0 73 41 0 45 0 57 8 55 15 39 3 68 53 0 6 0 34 81 14 0 99 6 0 66 31 0 75 50 58 0 25 49 67 82 0 44 1 0 45 0 92 70 41 40 31 0 
0 0 38 88 58 99 0 0 15 8 4 75 77 74 0 0 0 92 95 0 34 23 70 0 88 81 23 18 87 30 0 94 0 92 81 21 0 45 0 95 67 4 6 44 81 32 57 39 63 87 0 11 87 25 46 27 0 0 98 62 61 3 92 56 0 52 0 0 95 0 0 0 0 0 37 0 0 55 52 78 16 0 100 1 28 0 67 83 49 84 22 41 51 0 93 14 0 12 49 69 
50 62 0 0 19 9 0 15 0 0 66 61 10 82 17 78 71 0 14 0 51 51 0 33 20 3 7 61 51 19 96 0 0 0 0 0 7 99 94 96 0 10 0 0 75 0 0 20 0 79 38 28 0 0 0 35 82 99 70 4 20 29 76 51 21 0 62 0 0 5 0 47 0 19 0 78 3 0 72 50 0 99 0 86 95 0 0 0 0 0 20 0 0 47 9 4 0 0 90 0 
0 45 75 73 10 0 0 8 0 0 0 0 0 0 75 0 0 0 49 0 0 21 0 0 19 0 44 58 5 0 0 98 0 0 0 0 0 86 0 0 0 0 30 0 48 0 0 0 86 61 17 0 0 0 51 0 56 53 0 81 40 82 94 41 0 9 36 0 65 8 40 27 28 0 41 49 15 0 0 58 0 0 41 22 0 0 0 20 0 64 63 65 80 0 0 51 0 84 92 19 
0 0 0 0 0 67 19 4 66 0 0 17 0 71 10 18 0 25 90 42 89 80 44 0 18 0 48 0 35 61 68 27 64 21 70 69 0 56 38 0 52 0 43 36 0 62 89 7 51 64 63 1 0 24 0 2 61 76 75 0 4 20 16 86 0 5 0 0 4 46 0 85 69 6 0 34 0 0 25 0 25 0 89 0 0 82 20 75 23 55 88 0 13 42 0 48 47 0 85 0 
37 23 77 35 31 34 0 75 61 0 17 0 56 0 98 0 0 0 0 92 16 13 49 0 69 8 0 0 0 0 52 0 25 37 0 0 0 0 0 21 28 11 63 0 0 42 0 0 31 64 37 97 12 75 76 0 10 0 94 0 71 0 0 63 39 75 0 0 0 0 0 0 66 99 54 51 0 0 0 52 0 0 87 84 45 0 3 13 9 0 0 0 0 52 0 0 60 19 0 82 
21 70 31 0 14 0 46 77 10 0 0 56 0 39 26 35 64 68 99 8 42 89 80 0 14 99 39 0 41 40 0 11 0 66 19 65 33 0 0 48 37 85 49 11 0 28 38 0 0 39 9 0 87 0 67 0 90 0 4 0 34 57 82 44 48 0 40 0 0 0 27 32 0 80 15 5 14 48 0 77 70 69 11 82 0 64 0 0 55 47 0 0 100 99 0 82 0 0 26 66 
0 75 57 97 4 45 8 74 82 0 71 0 39 0 91 0 8 17 93 33 0 5 0 0 18 32 41 46 0 17 0 0 0 56 80 72 0 24 73 0 16 41 41 0 42 95 54 0 11 28 57 71 35 40 27 45 0 87 0 25 0 69 31 67 10 0 88 97 0 48 0 0 0 100 92 46 70 0 0 0 0 9 0 0 97 0 0 35 92 0 0 42 0 0 18 44 0 0 0 0 
77 41 94 0 73 0 0 0 17 75 10 98 26 91 0 92 0 91 76 81 16 0 87 30 40 42 0 0 0 0 83 77 84 53 0 16 0 16 79 1 0 7 0 26 40 0 34 38 97 82 60 91 0 63 92 56 77 18 97 0 0 0 76 0 15 66 0 44 89 0 28 0 52 67 38 44 46 0 92 27 50 65 32 0 98 34 0 0 33 71 4 65 0 0 56 0 86 33 57 0 
0 61 0 0 60 43 0 0 78 0 18 0 35 0 92 0 72 61 28 18 0 50 0 50 86 45 37 88 44 59 53 8 53 8 39 0 0 57 8 6 14 67 86 76 19 27 30 0 93 0 16 54 42 66 100 69 55 0 2 1 83 43 0 98 95 41 48 0 14 7 0 0 10 58 0 44 0 60 69 73 0 0 9 47 68 23 0 0 2 19 65 56 0 0 73 47 20 0 0 92 
0 0 32 0 0 48 31 0 71 0 0 0 64 8 0 72 0 89 0 96 17 7 0 26 71 58 0 80 13 0 0 54 0 60 42 0 0 60 0 0 58 0 0 82 1 0 30 50 96 38 97 15 15 72 26 21 16 0 0 0 0 99 8 0 25 0 20 100 0 78 0 98 0 0 0 0 5 25 51 45 0 0 91 0 0 8 0 93 0 32 0 47 35 0 0 73 47 1 12 27 
0 68 93 0 73 0 84 92 0 0 25 0 68 17 91 61 89 0 84 90 28 0 0 62 59 2 0 47 10 81 35 66 0 61 0 0 36 0 0 32 0 99 0 13 20 0 0 6 42 0 84 73 82 5 22 0 8 66 71 76 65 74 58 14 0 20 66 57 0 96 27 0 56 34 50 0 69 89 63 0 6 8 0 35 41 0 61 75 9 0 78 0 10 0 1 0 32 94 76 45 
92 0 79 26 71 69 0 95 14 49 90 0 99 93 76 28 0 84 0 0 11 75 0 0 4 0 0 0 98 0 89 56 0 17 27 0 66 0 16 42 0 20 99 84 46 0 37 0 20 0 6 0 38 68 0 0 54 57 53 81 39 16 25 100 19 83 38 0 78 0 99 74 36 70 20 86 0 0 7 0 77 97 0 76 11 0 2 36 0 1 49 0 72 15 14 34 55 41 0 96 
95 9 1 92 38 0 71 0 0 0 42 92 8 33 81 18 96 90 0 0 47 0 7 0 0 0 0 80 0 8 33 0 97 67 0 0 9 0 99 60 0 0 34 0 52 15 15 93 76 0 17 0 0 0 62 87 85 24 0 1 54 81 35 40 0 91 0 84 80 73 16 2 0 15 7 5 1 0 0 0 73 0 35 0 22 63 0 31 97 86 8 66 98 14 0 0 51 96 0 0 
0 17 36 2 20 0 0 34 51 0 89 16 42 0 16 0 17 28 11 47 0 100 22 57 48 85 79 67 58 0 0 33 20 59 27 16 0 0 25 38 79 0 87 0 0 0 99 0 39 80 0 22 0 0 24 0 98 93 66 25 0 0 0 0 0 63 98 0 14 0 76 17 0 15 38 26 76 11 70 65 75 0 73 25 0 18 0 0 42 11 31 84 0 26 0 0 0 0 0 95 
0 78 37 17 0 39 78 23 51 21 80 13 89 5 0 50 7 0 75 0 100 0 71 0 0 0 0 0 26 0 0 74 0 75 0 81 4 46 0 42 52 0 0 18 31 30 9 84 49 63 74 0 56 1 0 0 27 0 77 0 67 17 17 0 36 65 94 0 56 71 93 100 20 0 0 49 0 12 78 42 52 8 0 72 0 15 0 49 0 0 36 0 39 74 55 92 52 0 0 0 
0 49 53 0 31 61 19 70 0 0 44 49 80 0 87 0 0 0 0 7 22 71 0 73 67 68 27 30 0 2 42 0 0 79 77 0 58 75 0 0 0 52 80 82 15 99 86 21 94 27 0 19 10 0 0 0 0 60 83 71 0 71 0 60 0 39 0 14 0 4 0 0 56 0 0 0 67 0 20 49 39 8 0 0 48 32 13 0 100 0 1 58 0 23 0 0 39 0 0 0 
0 0 46 56 57 0 0 0 33 0 0 0 0 0 30 50 26 62 0 0 57 0 73 0 0 99 0 0 45 42 57 0 0 0 0 14 65 73 65 0 46 53 0 0 32 94 0 31 0 0 0 39 0 28 78 81 0 53 0 43 58 0 0 48 59 19 39 65 0 0 44 22 0 89 0 15 0 39 45 0 0 0 60 0 38 19 0 0 0 0 5 43 51 87 60 0 0 12 98 0 
0 0 9 59 96 90 54 88 20 19 18 69 14 18 40 86 71 59 4 0 48 0 67 0 0 0 0 83 0 73 72 0 0 21 0 0 0 48 0 0 15 60 1 58 64 2 43 21 0 0 68 54 89 91 91 82 0 0 54 0 51 0 25 74 0 70 71 82 0 59 0 37 0 0 0 61 71 59 0 0 52 65 95 26 0 32 69 57 26 35 41 42 51 0 1 0 0 0 62 64 
0 94 9 22 0 73 15 81 3 0 0 8 99 32 42 45 58 2 0 0 85 0 68 99 0 0 0 48 60 4 0 0 80 11 79 0 15 84 55 33 21 0 18 86 70 0 99 32 0 25 13 88 1 0 87 0 61 0 40 0 67 0 8 26 3 8 0 0 0 0 21 36 95 0 3 0 0 69 0 0 0 99 61 46 37 40 0 53 29 40 0 60 0 40 22 72 9 0 68 0 
35 87 62 37 19 0 20 23 7 44 48 0 39 41 0 37 0 0 0 0 79 0 27 0 0 0 0 64 0 18 0 67 0 0 87 53 24 48 0 69 28 0 0 71 55 0 28 1 22 0 0 22 52 90 54 0 30 81 0 31 0 41 0 0 4 0 24 0 40 38 64 2 0 0 0 8 0 57 35 95 0 58 0 36 32 89 74 87 54 6 0 0 1 84 87 0 10 26 60 96 
0 8 64 28 0 55 0 18 61 58 0 0 0 46 0 88 80 47 0 80 67 0 30 0 83 48 64 0 0 27 54 67 0 0 80 0 60 30 0 51 79 80 81 0 0 65 0 0 0 31 0 0 29 0 37 25 92 2 50 7 0 31 25 4 0 24 41 0 100 0 46 0 0 0 15 66 37 98 63 55 3 97 54 58 0 44 8 46 33 96 60 0 46 65 82 32 4 36 77 52 
0 58 4 51 61 13 91 87 51 5 35 0 41 0 0 44 13 10 98 0 58 26 0 45 0 60 0 0 0 0 2 63 18 85 77 80 86 77 74 74 25 4 55 95 57 0 0 77 24 23 66 0 68 0 0 0 80 78 45 0 99 0 61 67 96 5 0 35 85 92 0 0 17 0 44 100 91 0 0 52 0 54 53 88 52 20 0 20 99 28 0 14 39 30 44 0 31 93 65 0 
0 79 83 12 0 91 0 30 19 0 61 0 40 17 0 59 0 81 0 8 0 0 2 42 73 4 18 27 0 0 53 96 0 0 6 18 0 55 0 73 0 20 6 0 43 54 57 98 79 80 95 77 10 0 65 0 22 55 40 0 88 86 97 0 23 55 0 40 83 53 0 0 17 0 99 0 43 0 0 0 0 0 0 0 98 62 17 15 0 36 0 93 100 59 80 71 0 52 0 0 
44 70 0 52 0 89 12 0 96 0 68 52 0 0 83 53 0 35 89 33 0 0 42 57 72 0 0 54 2 53 0 55 26 14 63 25 10 25 0 0 0 99 2 0 0 0 74 20 85 27 0 0 9 18 17 73 60 0 47 62 0 0 80 5 83 66 0 0 78 87 58 0 56 71 18 59 77 0 39 0 0 69 96 41 68 34 42 0 0 1 72 7 2 4 1 0 0 47 0 62 
88 92 0 64 64 41 0 94 0 98 27 0 11 0 77 8 54 66 56 0 33 74 0 0 0 0 67 67 63 96 55 0 14 0 26 5 60 72 79 53 93 85 48 4 0 54 34 66 0 51 0 28 0 0 96 0 18 86 0 0 0 0 34 0 0 34 0 0 0 79 32 35 69 38 0 28 81 82 86 0 48 58 11 0 2 13 24 1 0 78 6 71 0 50 97 0 54 25 5 36 
1 0 0 0 32 0 25 0 0 0 64 25 0 0 84 53 0 0 0 97 20 0 0 0 0 80 0 0 18 0 26 14 0 0 60 12 18 0 0 0 35 0 42 95 30 60 0 24 0 54 78 44 0 52 31 37 0 35 74 13 90 7 0 37 0 0 22 0 83 0 0 0 22 82 59 0 92 0 56 67 94 0 0 0 0 15 0 47 0 10 0 0 0 14 0 23 0 31 71 80 
0 69 0 85 0 33 45 92 0 0 21 37 66 56 53 8 60 61 17 67 59 75 79 0 21 11 0 0 85 0 14 0 0 0 0 99 2 30 3 0 0 53 41 0 0 29 0 15 56 7 0 52 49 0 97 0 86 52 72 0 40 81 21 23 32 67 39 21 61 0 68 0 84 0 0 11 39 96 0 93 32 52 74 86 0 24 85 0 49 79 31 66 100 0 19 19 83 40 15 77 
83 37 0 0 86 15 36 81 0 0 70 0 19 80 0 39 42 0 27 0 27 0 77 0 0 79 87 80 77 6 63 26 60 0 0 16 58 0 57 88 87 94 0 0 0 0 0 91 29 35 91 0 0 57 51 0 32 30 0 89 11 30 49 61 34 80 74 83 37 13 64 0 56 0 54 47 79 86 76 55 9 38 56 0 75 88 0 63 52 24 86 0 27 0 83 0 0 0 16 22 
15 1 0 21 0 4 53 21 0 0 69 0 65 72 16 0 0 0 0 0 16 81 0 14 0 0 53 0 80 18 25 5 12 99 16 0 42 86 0 64 29 0 63 53 29 4 11 100 68 67 13 41 0 72 86 58 54 58 0 98 35 16 82 43 6 0 0 0 87 0 52 75 0 28 0 60 0 90 0 96 99 0 68 0 94 51 42 73 51 76 0 0 0 88 0 51 29 17 0 99 
24 0 32 63 0 75 0 0 7 0 0 0 33 0 0 0 0 36 66 9 0 4 58 65 0 15 24 60 86 0 10 60 18 2 58 42 0 50 18 86 86 97 17 28 8 0 50 13 0 0 0 96 75 0 0 37 3 0 0 0 0 0 79 79 0 77 37 79 0 0 47 22 24 45 53 32 7 59 0 0 0 86 32 0 19 97 94 0 0 31 0 66 52 35 94 0 0 0 61 84 
93 22 69 0 80 0 60 45 99 86 56 0 0 24 16 57 60 0 0 0 0 46 75 73 48 84 48 30 77 55 25 72 0 30 0 86 50 0 0 0 69 4 0 0 65 17 8 46 42 30 66 0 0 61 18 49 87 0 0 36 0 50 40 0 0 0 72 86 95 69 95 64 0 0 64 2 0 86 0 72 82 55 66 94 30 51 41 5 86 44 37 7 40 66 45 0 0 88 27 0 
5 5 51 59 27 0 43 0 94 0 38 0 0 73 79 8 0 0 16 99 25 0 0 65 0 55 0 0 74 0 0 79 0 3 57 0 18 0 0 21 41 0 46 0 27 0 0 33 0 70 32 0 0 12 0 97 0 92 0 0 2 0 0 0 73 60 0 91 0 66 24 0 0 0 89 34 46 5 71 77 42 6 0 0 77 0 0 43 85 4 22 84 91 67 81 0 74 30 0 5 
0 56 0 37 28 0 0 95 96 0 0 21 48 0 1 6 0 32 42 60 38 42 0 0 0 33 69 51 74 73 0 53 0 0 88 64 86 0 21 0 0 98 0 0 95 42 0 34 0 0 33 74 1 0 45 15 59 31 0 0 0 4 81 0 0 0 49 0 36 0 50 66 59 67 0 0 0 15 0 0 64 0 0 0 87 20 0 0 57 5 63 47 8 6 91 17 38 0 3 69 
32 44 62 0 33 0 18 67 0 0 52 28 37 16 0 14 58 0 0 0 79 52 0 46 15 21 28 79 25 0 0 93 35 0 87 29 86 69 41 0 0 66 36 0 0 61 0 26 21 1 0 0 14 15 30 23 76 48 42 52 0 16 93 0 79 92 0 81 90 0 0 28 96 91 10 34 73 6 0 6 0 0 16 98 8 17 70 77 98 52 0 15 16 53 70 0 70 25 82 0 
11 37 57 73 0 77 79 4 10 0 0 11 85 41 7 67 0 99 20 0 0 0 52 53 60 0 0 80 4 20 99 85 0 53 94 0 97 4 0 98 66 0 40 0 0 0 85 32 0 0 98 76 59 60 40 0 1 63 67 33 10 0 62 17 91 0 0 0 0 93 50 34 1 0 46 79 72 1 0 0 4 78 0 22 0 31 71 0 0 0 30 20 43 69 0 0 77 44 34 0 
90 0 0 16 52 12 90 6 0 30 43 63 49 41 0 86 0 0 99 34 87 0 80 0 1 18 0 81 55 6 2 48 42 41 0 63 17 0 46 0 36 40 0 53 0 0 18 26 48 60 61 75 32 69 80 0 0 0 0 26 8 0 57 4 40 77 0 69 0 95 90 1 0 29 67 38 0 68 74 80 44 43 61 94 0 0 45 23 10 51 14 4 48 25 0 0 74 0 0 45 
80 64 34 11 36 0 3 44 0 0 36 0 11 0 26 76 82 13 84 0 0 18 82 0 58 86 71 0 95 0 0 4 95 0 0 53 28 0 0 0 0 0 53 0 0 81 0 0 36 0 0 0 0 0 0 45 74 0 0 39 0 0 0 81 0 69 22 0 26 0 1 0 0 19 16 0 85 29 0 0 0 70 0 39 44 85 58 0 8 79 72 0 2 0 80 0 0 52 0 79 
0 0 57 23 86 77 29 81 75 48 0 0 0 42 40 19 1 20 46 52 0 31 15 32 64 70 55 0 57 43 0 0 30 0 0 29 8 65 27 95 0 0 0 0 0 100 71 0 39 24 50 76 52 0 2 98 0 98 98 0 97 0 15 84 0 0 26 94 23 86 0 88 10 0 94 17 31 96 54 3 0 74 0 100 0 22 0 70 0 0 45 61 67 47 71 0 0 0 84 38 
94 10 0 32 89 77 79 32 0 0 62 42 28 95 0 27 0 0 0 15 0 30 99 94 2 0 0 65 0 54 0 54 60 29 0 4 0 17 0 42 61 0 0 81 100 0 0 17 0 88 0 0 8 25 0 0 0 55 0 0 26 0 52 12 0 0 0 0 0 0 81 0 0 84 0 0 94 0 82 47 0 7 50 31 0 35 0 87 0 0 10 43 19 0 98 22 26 0 0 34 
0 0 0 0 0 42 50 57 0 0 89 0 38 54 34 30 30 0 37 15 99 9 86 0 43 99 28 0 0 57 74 34 0 0 0 11 50 8 0 0 0 85 18 0 71 0 0 55 28 62 0 0 93 0 0 0 0 55 0 0 0 85 0 0 0 87 6 0 35 0 0 3 52 46 0 12 18 0 0 96 0 6 0 100 0 0 0 86 0 0 32 0 22 0 70 52 0 67 0 62 
74 89 0 31 87 1 51 39 20 0 7 0 0 0 38 0 50 6 0 93 0 84 21 31 21 32 1 0 77 98 20 66 24 15 91 100 13 46 33 34 26 32 26 0 0 17 55 0 22 53 34 0 65 0 0 41 43 47 78 0 46 85 0 56 43 73 0 61 31 39 0 0 5 69 0 0 0 20 86 98 55 34 87 0 45 96 0 0 0 0 86 9 60 4 87 11 0 6 12 0 
10 0 38 58 76 97 0 63 0 86 51 31 0 11 97 93 96 42 20 76 39 49 94 0 0 0 22 0 24 79 85 0 0 56 29 68 0 42 0 0 21 0 48 36 39 0 28 22 0 94 0 25 85 31 78 32 82 0 23 0 0 49 12 36 0 0 46 0 44 58 79 79 82 32 23 0 18 15 31 0 0 63 0 72 98 41 15 38 5 15 29 22 0 0 79 41 65 28 71 0 
0 0 34 0 91 0 93 87 79 61 64 64 39 28 82 0 38 0 0 0 80 63 27 0 0 25 0 31 23 80 27 51 54 7 35 67 0 30 70 0 1 0 60 0 24 88 62 53 94 0 87 61 16 0 0 0 9 26 0 0 5 0 100 90 50 70 7 57 0 22 0 20 0 26 25 0 0 12 42 0 13 23 61 0 0 0 14 0 0 83 3 5 19 0 84 67 97 87 0 0 
0 38 23 70 0 26 0 0 38 17 63 37 9 57 60 16 97 84 6 17 0 74 0 0 68 13 0 0 66 95 0 0 78 0 91 13 0 66 32 33 0 98 61 0 50 0 0 34 0 87 0 98 0 94 76 0 0 94 0 68 18 0 71 87 0 88 0 20 0 99 16 83 4 82 0 35 43 46 4 0 56 0 89 0 0 99 0 0 0 15 0 1 0 0 99 89 0 35 26 72 
0 0 0 0 14 0 18 11 28 0 1 97 0 71 91 54 15 73 0 0 22 0 19 39 54 88 22 0 0 77 0 28 44 52 0 41 96 0 0 74 0 76 75 0 76 0 0 0 25 61 98 0 19 0 61 0 36 100 18 15 0 100 67 40 60 11 9 0 0 0 42 17 28 0 92 0 15 91 0 31 34 96 66 18 26 0 54 0 0 0 68 0 0 34 88 0 0 24 47 4 
0 87 0 0 0 0 44 87 0 0 0 12 87 35 0 42 15 82 38 0 0 56 10 0 89 1 52 29 68 10 9 0 0 49 0 0 75 0 0 1 14 59 32 0 52 8 93 65 85 16 0 19 0 21 0 1 97 0 0 62 5 92 4 69 55 37 50 37 8 29 100 43 1 84 63 84 82 70 0 0 0 87 0 81 15 21 93 92 70 0 34 0 94 18 66 83 29 0 0 28 
74 0 53 37 0 81 0 25 0 0 24 75 0 40 63 66 72 5 68 0 0 1 0 28 91 0 90 0 0 0 18 0 52 0 57 72 0 61 12 0 15 60 69 0 0 25 0 0 31 0 94 0 21 0 0 0 0 35 0 96 2 38 3 33 61 53 0 0 9 0 0 69 31 0 84 25 9 45 54 47 0 0 0 0 69 99 7 46 0 24 1 4 82 0 0 95 95 9 0 38 
0 44 92 0 0 0 73 46 0 51 0 76 67 27 92 100 26 22 0 62 24 0 0 78 91 87 54 37 0 65 17 96 31 97 51 86 0 18 0 45 30 40 80 0 2 0 0 0 78 0 76 61 0 0 0 78 87 0 96 0 69 27 21 81 83 38 67 45 2 91 70 17 91 41 0 48 0 60 56 0 78 91 44 59 4 0 48 0 34 34 20 3 41 89 0 0 75 19 4 0 
12 0 0 0 0 85 41 27 35 0 2 0 0 45 56 69 21 0 0 87 0 0 0 81 82 0 0 25 0 0 73 0 37 0 0 58 37 49 97 15 23 0 0 45 98 0 0 41 32 0 0 0 1 0 78 0 76 72 61 87 35 7 13 54 0 91 16 73 10 20 31 4 44 97 73 26 0 0 0 0 6 0 35 57 0 62 0 0 89 0 54 64 58 52 83 0 39 87 52 27 
56 0 80 86 43 0 0 0 82 56 61 10 90 0 77 55 16 8 54 85 98 27 0 0 0 61 30 92 80 22 60 18 0 86 32 54 3 87 0 59 76 1 0 74 0 0 0 43 82 9 0 36 97 0 87 76 0 37 0 33 0 0 96 94 74 0 26 5 40 54 0 93 85 0 0 12 70 9 47 87 0 77 0 11 74 24 0 49 47 10 91 0 20 29 0 0 0 0 11 77 
77 0 0 31 0 0 45 0 99 53 76 0 0 87 18 0 0 66 57 24 93 0 60 53 0 0 81 2 78 55 0 86 35 52 30 58 0 0 92 31 48 63 0 0 98 55 55 47 0 26 94 100 0 35 0 72 37 0 0 0 59 78 0 0 39 0 16 6 32 90 86 36 71 0 0 46 28 38 0 23 0 12 0 92 64 58 0 0 59 0 20 0 0 80 72 47 0 15 37 54 
5 66 97 11 0 33 0 98 70 0 75 94 4 0 97 2 0 71 53 0 66 77 83 0 54 40 0 50 45 40 47 0 74 72 0 0 0 0 0 0 42 67 0 0 98 0 0 78 23 0 0 18 0 0 96 61 0 0 0 0 0 0 0 83 70 87 68 0 45 0 16 64 21 0 0 52 0 22 85 86 63 79 0 58 27 0 0 0 0 41 4 12 0 73 54 57 95 25 15 0 
0 0 28 61 65 62 57 62 4 81 0 0 0 25 0 1 0 76 81 1 25 0 71 43 0 0 31 7 0 0 62 0 13 0 89 98 0 36 0 0 52 33 26 39 0 0 0 0 0 0 68 15 62 96 0 87 33 0 0 0 22 47 63 0 64 0 0 81 0 89 47 3 0 55 93 38 0 38 31 0 76 34 12 90 86 92 0 44 0 57 100 10 0 0 34 0 0 0 7 0 
0 11 0 38 11 0 8 61 20 40 4 71 34 0 0 83 0 65 39 54 0 67 0 58 51 67 0 0 99 88 0 0 90 40 11 35 0 0 2 0 0 10 8 0 97 26 0 46 0 5 18 0 5 2 69 35 0 59 0 22 0 0 99 59 96 90 0 35 56 47 0 25 91 50 11 40 0 70 0 0 30 98 0 75 48 0 58 0 0 81 38 0 32 44 0 0 37 74 0 0 
0 35 0 0 0 26 55 3 29 82 20 0 57 69 0 43 99 74 16 81 0 17 71 0 0 0 41 31 0 86 0 0 7 81 30 16 0 50 0 4 16 0 0 0 0 0 85 85 49 0 0 100 92 38 27 7 0 78 0 47 0 0 1 16 81 25 29 0 89 84 83 79 97 54 11 0 17 76 74 25 0 0 53 0 0 20 72 61 76 70 0 0 64 0 21 48 49 72 59 28 
91 29 70 84 49 59 15 92 76 94 16 0 82 31 76 0 8 58 25 35 0 17 0 0 25 8 0 25 61 97 80 34 0 21 49 82 79 40 0 81 93 62 57 0 15 52 0 0 12 100 71 67 4 3 21 13 96 0 0 63 99 1 0 25 81 0 63 0 9 66 0 0 7 0 5 0 0 0 3 0 0 51 87 25 56 58 0 47 58 75 2 0 0 16 0 0 87 61 75 0 
78 10 1 21 0 85 39 56 51 41 86 63 44 67 0 98 0 14 100 40 0 0 60 48 74 26 0 4 67 0 5 0 37 23 61 43 79 0 0 0 0 17 4 81 84 12 0 56 36 90 87 40 69 33 81 54 94 0 83 0 59 16 25 0 68 31 0 99 26 0 20 96 57 0 0 0 0 99 30 90 84 99 0 17 41 0 0 0 51 99 98 0 0 27 73 56 0 86 22 0 
27 43 32 0 47 46 3 0 21 0 0 39 48 10 15 95 25 0 19 0 0 36 0 59 0 3 4 0 96 23 83 0 0 32 34 6 0 0 73 0 79 91 40 0 0 0 0 43 0 50 0 60 55 61 83 0 74 39 70 64 96 81 81 68 0 73 56 59 0 97 0 0 34 0 0 87 0 55 43 6 47 0 85 0 0 80 0 34 32 0 93 0 38 0 1 0 20 0 74 0 
0 18 38 15 0 63 68 52 0 9 5 75 0 0 66 41 0 20 83 91 63 65 39 19 70 8 0 24 5 55 66 34 0 67 80 0 77 0 60 0 92 0 77 69 0 0 87 73 0 70 88 11 37 53 38 91 0 0 87 0 90 25 0 31 73 0 84 82 68 0 33 62 0 44 98 0 67 23 73 0 96 0 83 0 0 78 0 11 15 58 82 0 0 18 10 0 88 83 91 83 
45 14 61 0 0 0 53 0 62 36 0 0 40 88 0 48 20 66 38 0 98 94 0 39 71 0 24 41 0 0 0 0 22 39 74 0 37 72 0 49 0 0 0 22 26 0 6 0 46 7 0 9 50 0 67 16 26 16 68 0 0 29 63 0 56 84 0 35 96 0 0 0 57 68 37 16 16 0 0 0 55 0 27 48 80 0 0 0 0 11 0 43 48 55 0 67 49 85 39 35 
85 5 0 13 0 43 0 0 0 0 0 0 0 97 44 0 100 57 0 84 0 0 14 65 82 0 0 0 35 40 0 0 0 21 83 0 79 86 91 0 81 0 69 0 94 0 0 61 0 57 20 0 37 0 45 73 5 6 0 81 35 0 0 99 59 82 35 0 40 64 39 97 13 0 13 0 14 24 0 11 0 78 43 97 0 52 96 74 43 21 77 0 30 0 54 80 94 0 4 46 
0 0 68 24 49 80 6 95 0 65 4 0 0 0 89 14 0 0 78 80 14 56 0 0 0 0 40 100 85 83 78 0 83 61 37 87 0 95 0 36 90 0 0 26 23 0 35 31 44 0 0 0 8 9 2 10 40 32 45 0 56 89 9 26 0 68 96 40 0 0 46 24 16 22 0 46 17 0 0 0 36 0 69 18 65 40 0 9 50 76 88 27 54 91 0 0 5 57 95 0 
36 0 83 24 84 0 0 0 5 8 46 0 0 48 0 7 78 96 0 73 0 71 4 0 59 0 38 0 92 53 87 79 0 0 13 0 0 69 66 0 0 93 95 0 86 0 0 39 58 22 99 0 29 0 91 20 54 90 0 89 47 84 66 0 97 0 0 64 0 0 0 4 95 55 89 33 0 0 0 0 59 44 0 61 19 34 76 0 44 97 74 0 31 0 48 0 61 32 94 95 
85 92 74 15 0 0 34 0 0 40 0 0 27 0 28 0 0 27 99 16 76 93 0 44 0 21 64 46 0 0 58 32 0 68 64 52 47 95 24 50 0 50 90 1 0 81 0 0 79 0 16 42 100 0 70 31 0 86 16 47 0 83 0 20 0 33 0 39 46 0 0 0 1 0 75 34 90 89 55 74 0 0 13 81 0 0 58 1 1 0 12 0 0 10 0 28 93 0 96 0 
0 0 0 0 0 93 81 0 47 27 85 0 32 0 0 0 98 0 74 2 17 100 0 22 37 36 2 0 0 0 0 35 0 0 0 75 22 64 0 66 28 34 1 0 88 0 3 0 79 20 83 17 43 69 17 4 93 36 64 3 25 79 0 96 0 62 0 97 24 4 0 0 76 80 8 43 0 84 100 80 37 0 25 0 59 76 58 52 0 3 15 47 52 39 0 0 9 98 10 20 
100 50 29 0 0 77 14 0 0 28 69 66 0 0 52 10 0 56 36 0 0 20 56 0 0 95 0 0 17 17 56 69 22 84 56 0 24 0 0 59 96 1 0 0 10 0 52 5 82 0 4 28 1 31 91 44 85 71 21 0 91 97 7 57 34 0 57 13 16 95 1 76 0 51 65 60 0 0 0 86 32 86 49 68 0 58 0 0 1 19 96 3 76 85 21 70 57 31 19 0 
67 81 26 0 69 0 0 0 19 0 6 99 80 100 67 58 0 34 70 15 15 0 0 89 0 0 0 0 0 0 71 38 82 0 0 28 45 0 0 67 91 0 29 19 0 84 46 69 32 26 82 0 84 0 41 97 0 0 0 55 50 54 0 0 0 44 68 0 22 55 0 80 51 0 0 0 55 90 79 13 72 61 0 0 76 36 0 0 0 51 33 0 0 81 21 0 0 23 93 92 
0 0 44 99 80 0 99 37 0 41 0 54 15 92 38 0 0 50 20 7 38 0 0 0 0 3 0 15 44 99 18 0 59 0 54 0 53 64 89 0 10 46 67 16 94 0 0 0 23 25 0 92 63 84 0 73 0 0 0 93 11 11 5 0 0 98 37 13 0 89 75 8 65 0 0 0 55 34 0 71 0 98 65 0 13 0 0 0 10 47 1 63 26 8 88 5 28 0 89 0 
43 68 1 0 0 73 6 0 78 49 34 51 5 46 44 44 0 0 86 5 26 49 0 15 61 0 8 66 100 0 59 28 0 11 47 60 32 2 34 0 34 79 38 0 17 0 12 0 0 0 35 0 84 25 48 26 12 46 52 38 40 0 0 0 87 0 16 0 46 33 34 43 60 0 0 0 63 1 58 94 22 0 0 58 0 44 48 0 3 37 71 94 56 48 25 84 0 0 26 70 
32 0 65 70 0 57 0 0 3 15 0 0 14 70 46 0 5 69 0 1 76 0 67 0 71 0 0 37 91 43 77 81 92 39 79 0 7 0 46 0 73 72 0 85 31 94 18 0 18 0 43 15 82 9 0 0 70 28 0 0 0 17 0 0 0 67 16 14 17 0 90 0 0 55 55 63 0 0 37 66 12 0 6 94 49 0 0 32 95 0 0 50 75 0 0 27 0 44 0 19 
37 68 0 0 57 90 66 55 0 0 0 0 48 0 0 60 25 89 0 0 11 12 0 39 59 69 57 98 0 0 0 82 0 96 86 90 59 86 5 15 6 1 68 29 96 0 0 20 15 12 46 91 70 45 60 0 9 38 22 38 70 76 0 99 55 23 0 24 0 0 89 84 0 90 34 1 0 0 67 0 0 40 62 11 0 0 36 41 26 0 0 62 95 27 98 0 0 66 91 87 
22 81 100 73 0 14 31 52 72 0 25 0 0 0 92 69 51 63 7 0 70 78 20 45 0 0 35 63 0 0 39 86 56 0 76 0 0 0 71 0 0 0 74 0 54 82 0 86 31 42 4 0 0 54 56 0 47 0 85 31 0 74 3 30 43 73 0 0 0 0 55 100 0 79 0 58 37 67 0 42 64 0 0 0 62 0 7 33 4 31 51 60 0 12 32 0 52 0 60 46 
66 0 33 0 23 0 0 78 50 58 0 52 77 0 27 73 45 0 0 0 65 42 49 0 0 0 95 55 52 0 0 0 67 93 55 96 0 72 77 0 6 0 80 0 3 47 96 98 0 0 0 31 0 47 0 0 87 23 86 0 0 25 0 90 6 0 0 11 0 0 74 80 86 13 71 94 66 0 42 0 12 14 19 67 0 36 85 40 0 53 66 65 80 0 0 83 0 0 0 0 
0 0 41 84 7 95 75 16 0 0 25 0 70 0 50 0 0 6 77 73 75 52 39 0 52 0 0 3 0 0 0 48 94 32 9 99 0 82 42 64 0 4 44 0 0 0 0 55 0 13 56 34 0 0 78 6 0 0 63 76 30 0 0 84 47 96 55 0 36 59 0 37 32 72 0 22 12 0 64 12 0 0 0 0 23 70 73 72 80 100 31 47 0 99 82 0 85 81 0 32 
12 85 28 11 0 13 50 0 99 0 0 0 69 9 65 0 0 8 97 0 0 8 8 0 65 99 58 97 54 0 69 58 0 52 38 0 86 55 6 0 0 78 43 70 74 7 6 34 63 23 0 96 87 0 91 0 77 12 79 34 98 0 51 99 0 0 0 78 0 44 0 0 86 61 98 0 0 40 0 14 0 0 94 97 97 26 0 0 6 0 53 97 0 0 22 66 61 18 0 0 
0 8 94 65 31 0 58 100 0 41 89 87 11 0 32 9 91 0 0 35 73 0 0 60 95 61 0 54 53 0 96 11 0 74 56 68 32 66 0 0 16 0 61 0 0 50 0 87 0 61 89 66 0 0 44 35 0 0 0 12 0 53 87 0 85 83 27 43 69 0 13 25 49 0 65 0 6 62 0 19 0 94 0 50 69 0 0 65 64 2 0 0 0 0 0 84 93 90 68 52 
0 8 0 0 9 0 0 1 86 22 0 84 82 0 0 47 0 35 76 0 25 72 0 0 26 46 36 58 88 0 41 0 0 86 0 0 0 94 0 0 98 22 94 39 100 31 100 0 72 0 0 18 81 0 59 57 11 92 58 90 75 0 25 17 0 0 48 97 18 61 81 0 68 0 0 58 94 11 0 67 0 97 50 0 63 5 3 0 0 40 53 48 83 0 0 30 47 0 64 12 
0 0 51 0 0 0 25 28 95 0 0 45 0 97 98 68 0 41 11 22 0 0 48 38 0 37 32 0 52 98 68 2 0 0 75 94 19 30 77 87 8 0 0 44 0 0 0 45 98 0 0 26 15 69 4 0 74 64 27 86 48 0 56 41 0 0 80 0 65 19 0 59 0 76 13 0 49 0 62 0 23 97 69 63 0 100 17 70 64 17 22 7 0 0 4 48 29 54 42 73 
0 0 29 68 75 79 49 0 0 0 82 0 64 0 34 23 8 0 0 63 18 15 32 19 32 40 89 44 20 62 34 13 15 24 88 51 97 51 0 20 17 31 0 85 22 35 0 96 41 0 99 0 21 99 0 62 24 58 0 92 0 20 58 0 80 78 0 52 40 34 0 76 58 36 0 44 0 0 0 36 70 26 0 5 100 0 0 0 87 0 92 70 80 0 0 88 0 25 50 2 
0 0 70 58 0 98 67 67 0 0 20 3 0 0 0 0 0 61 2 0 0 0 13 0 69 0 74 8 0 17 42 24 0 85 0 42 94 41 0 0 70 71 45 58 0 0 0 0 15 14 0 54 93 7 48 0 0 0 0 0 58 72 0 0 0 0 0 96 0 76 58 58 0 0 0 48 0 36 7 85 73 0 0 3 17 0 0 0 2 0 24 0 0 90 0 17 0 27 1 40 
18 0 38 55 0 41 82 83 0 20 75 13 0 35 0 0 93 75 36 31 0 49 0 0 57 53 87 46 20 15 0 1 47 0 63 73 0 5 43 0 77 0 23 0 70 87 86 0 38 0 0 0 92 46 0 0 49 0 0 44 0 61 47 0 34 11 0 74 9 0 1 52 0 0 0 0 32 41 33 40 72 0 65 0 70 0 0 0 0 0 0 86 45 0 84 51 0 51 77 53 
37 88 83 0 0 0 0 49 0 0 23 9 55 92 33 2 0 9 0 97 42 0 100 0 26 29 54 33 99 0 0 0 0 49 52 51 0 86 85 57 98 0 10 8 0 0 0 0 5 0 0 0 70 0 34 89 47 59 0 0 0 76 58 51 32 15 0 43 50 44 1 0 1 0 10 3 95 26 4 0 80 6 64 0 64 87 2 0 0 0 0 50 0 81 0 0 53 0 0 61 
48 62 88 65 0 0 44 84 0 64 55 0 47 0 71 19 32 0 1 86 11 0 0 0 35 40 6 96 28 36 1 78 10 79 24 76 31 44 4 5 52 0 51 79 0 0 0 0 15 83 15 0 0 24 34 0 10 0 41 57 81 70 75 99 0 58 11 21 76 97 0 3 19 51 47 37 0 0 31 53 100 0 2 40 17 0 0 0 0 0 87 0 95 21 77 63 89 79 83 0 
0 0 0 0 0 27 1 22 20 63 88 0 0 0 4 65 0 78 49 8 31 36 1 5 41 0 0 60 0 0 72 6 0 31 86 0 0 37 22 63 0 30 14 72 45 10 32 86 29 3 0 68 34 1 20 54 91 20 4 100 38 0 2 98 93 82 0 77 88 74 12 15 96 33 1 71 0 0 51 66 31 53 0 53 22 92 24 0 0 87 0 64 0 8 0 0 55 0 35 38 
0 0 0 27 40 46 0 41 0 65 0 0 0 42 65 56 47 0 0 66 84 0 58 43 42 60 0 0 14 93 7 71 0 66 0 0 66 7 84 47 15 20 4 0 61 43 0 9 22 5 1 0 0 4 3 64 0 0 12 10 0 0 0 0 0 0 43 0 27 0 0 47 3 0 63 94 50 62 60 65 47 97 0 48 7 70 0 86 50 0 64 0 38 0 0 18 66 87 93 0 
0 59 54 43 53 90 45 51 0 80 13 0 100 0 0 0 35 10 72 98 0 39 0 51 51 0 1 46 39 100 2 0 0 100 27 0 52 40 91 8 16 43 48 2 67 19 22 60 0 19 0 0 94 82 41 58 20 0 0 0 32 64 0 0 38 0 48 30 54 31 0 52 76 0 26 56 75 95 0 80 0 0 0 83 0 80 0 45 0 95 0 38 0 93 53 7 38 0 65 84 
78 0 0 66 49 24 0 0 47 0 42 52 99 0 0 0 0 0 15 14 26 74 23 87 0 40 84 65 30 59 4 50 14 0 0 88 35 66 67 6 53 69 25 0 47 0 0 4 0 0 0 34 18 0 89 52 29 80 73 0 44 0 16 27 0 18 55 0 91 0 10 39 85 81 8 48 0 27 12 0 99 0 0 0 0 0 90 0 81 21 8 0 93 0 20 0 0 39 0 1 
78 75 21 37 97 41 92 93 9 0 0 0 0 18 56 73 0 1 14 0 0 55 0 60 1 22 87 82 44 80 1 97 0 19 83 0 94 45 81 91 70 0 0 80 71 98 70 87 79 84 99 88 66 0 0 83 0 72 54 34 0 21 0 73 1 10 0 54 0 48 0 0 21 21 88 25 0 98 32 0 82 22 0 0 4 0 0 84 0 77 0 0 53 20 0 84 0 0 0 40 
48 87 88 0 98 23 70 14 4 51 48 0 82 44 0 47 73 0 34 0 0 92 0 0 0 72 0 32 0 71 0 0 23 19 0 51 0 0 0 17 0 0 0 0 0 22 52 11 41 67 89 0 83 95 0 0 0 47 57 0 0 48 0 56 0 0 67 80 0 0 28 0 70 0 5 84 27 0 0 83 0 66 84 30 48 88 17 51 0 63 0 18 7 0 84 0 99 0 0 96 
96 0 70 0 55 0 41 0 0 0 47 60 0 0 86 20 47 32 55 51 0 52 39 0 0 9 10 4 31 0 0 54 0 83 0 29 0 0 74 38 70 77 74 0 0 26 0 0 65 97 0 0 29 95 75 39 0 0 95 0 37 49 87 0 20 88 49 94 5 61 93 9 57 0 28 0 0 0 52 0 85 61 93 47 29 0 0 0 53 89 55 66 38 0 0 99 0 8 0 78 
84 0 100 0 0 93 40 12 0 84 0 19 0 0 33 0 1 94 41 96 0 0 0 12 0 0 26 36 93 52 47 25 31 40 0 17 0 88 30 0 25 44 0 52 0 0 67 6 28 87 35 24 0 9 19 87 0 15 25 0 74 72 61 86 0 83 85 0 57 32 0 98 31 23 0 0 44 66 0 0 81 18 90 0 54 25 27 51 0 79 0 87 0 39 0 0 8 0 0 46 
62 74 0 3 48 5 31 49 90 92 85 0 26 0 57 0 12 76 0 0 0 0 0 98 62 68 60 77 65 0 0 5 71 15 16 0 61 27 0 3 82 34 0 0 84 0 0 12 71 0 26 47 0 0 4 52 11 37 15 7 0 59 75 22 74 91 39 4 95 94 96 10 19 93 89 26 0 91 60 0 0 0 68 64 42 50 1 77 0 83 35 93 65 0 0 0 0 0 0 59 
41 0 38 0 82 4 0 69 0 19 0 82 66 0 0 92 27 45 96 0 95 0 0 0 64 0 96 52 0 0 62 36 80 77 22 99 84 0 5 69 0 0 45 79 38 34 62 0 0 0 72 4 28 38 0 27 77 54 0 0 0 28 0 0 0 83 35 46 0 95 0 20 0 92 0 70 19 87 46 0 32 0 52 12 73 2 40 53 61 0 38 0 84 1 40 96 78 46 59 0 
