0 84 74 24 80 0 0 38 0 87 13 49 0 0 27 0 44 66 66 93 85 0 90 9 56 85 73 0 98 1 88 39 0 52 41 68 88 77 71 70 61 0 89 0 31 64 0 13 48 63 17 32 86 0 4 0 35 20 66 0 13 15 27 30 0 35 9 13 8 47 68 14 67 38 43 12 58 0 11 29 28 87 53 0 100 0 75 9 14 61 71 87 77 0 34 26 67 95 0 0 
84 0 0 49 89 5 89 56 13 82 84 11 56 46 48 93 72 0 59 77 37 77 59 88 0 74 55 43 23 97 1 0 0 21 71 0 64 75 99 82 0 88 78 79 0 25 91 90 74 9 84 92 20 39 32 55 83 0 92 77 91 30 0 82 33 70 5 0 15 18 18 56 18 54 10 84 0 16 69 16 0 57 52 0 0 0 80 42 91 0 2 59 87 65 0 0 81 25 59 0 
74 0 0 45 0 36 97 0 0 33 99 0 13 61 83 91 60 98 24 62 73 76 58 7 78 29 50 0 24 84 60 89 50 67 4 0 0 21 0 20 42 0 99 29 62 18 49 4 6 21 72 3 40 46 73 30 66 83 85 54 18 65 0 64 67 99 0 63 28 53 52 13 64 0 71 0 88 38 0 0 47 6 88 92 89 30 64 1 63 34 17 40 0 82 49 74 27 80 0 80 
24 49 45 0 18 27 61 29 84 26 76 68 66 6 93 51 0 73 46 16 0 28 0 65 90 43 39 92 68 16 22 17 0 0 0 82 47 0 58 0 0 84 94 60 0 0 64 44 75 94 71 63 90 0 26 0 64 0 0 76 14 0 68 75 47 7 0 82 24 36 92 0 10 43 74 30 94 12 0 0 62 0 92 27 16 52 14 42 93 97 78 90 100 50 26 73 18 27 84 0 
80 89 0 18 0 27 5 25 21 33 60 81 0 91 49 64 52 52 0 0 47 47 74 44 74 82 40 81 36 96 28 77 18 14 67 92 37 69 33 25 0 0 78 22 0 12 7 95 36 99 0 0 0 5 8 87 86 4 94 97 52 26 24 92 97 1 41 30 79 41 62 74 88 77 93 57 35 41 18 66 0 13 30 0 55 38 0 70 93 7 1 32 18 40 65 0 43 15 95 43 
0 5 36 27 27 0 26 0 71 0 0 14 74 78 8 29 0 87 10 85 3 39 0 14 0 41 71 44 67 70 0 84 0 44 39 4 40 97 0 22 63 74 99 24 4 10 91 0 0 62 72 21 100 0 74 0 26 28 51 6 20 14 0 37 65 67 0 43 19 12 45 94 26 49 53 48 17 0 0 58 1 6 48 46 18 71 0 0 86 0 9 27 92 52 78 2 0 47 92 69 
0 89 97 61 5 26 0 49 5 95 0 71 35 53 34 61 11 88 16 77 81 67 35 26 0 25 69 85 7 93 77 43 11 93 10 0 55 0 51 50 39 0 66 0 72 84 72 0 0 11 72 87 10 0 41 0 40 34 24 9 0 72 5 71 13 90 55 74 0 10 64 17 74 55 90 71 0 82 84 47 63 74 80 45 100 88 96 83 61 0 22 82 7 34 87 70 83 0 95 83 
38 56 0 29 25 0 49 0 81 53 31 67 87 98 32 25 24 82 91 0 82 87 89 16 43 87 65 95 23 0 34 15 22 99 48 0 0 96 65 69 0 0 72 64 50 93 26 97 0 14 63 0 68 0 10 0 26 52 41 39 25 7 59 8 100 23 5 76 58 88 0 55 48 28 16 0 77 87 4 53 40 19 31 51 69 62 83 79 5 90 19 10 0 33 18 10 13 0 82 24 
0 13 0 84 21 71 5 81 0 14 90 51 17 43 15 66 75 17 0 72 100 84 93 15 14 18 99 67 84 67 0 33 21 69 79 0 70 89 48 84 42 46 22 78 52 87 0 92 54 6 99 10 53 79 79 45 58 0 64 12 0 94 58 30 0 56 42 71 87 53 30 92 14 0 87 0 81 90 0 71 96 0 77 28 36 5 96 48 72 62 33 27 94 57 9 6 30 26 16 28 
87 82 33 26 33 0 95 53 14 0 0 0 92 33 77 65 0 90 49 19 84 73 62 64 64 0 11 0 28 43 71 32 59 5 22 3 86 64 85 27 21 16 12 59 92 40 0 57 0 44 17 2 59 0 28 99 57 48 60 96 9 16 58 8 42 5 72 0 79 21 24 36 0 0 75 57 0 51 78 0 0 51 79 22 57 56 0 56 52 5 0 24 44 0 65 34 14 89 0 39 
13 84 99 76 60 0 0 31 90 0 0 82 64 23 61 1 50 0 62 50 0 25 61 35 85 82 77 0 0 39 25 19 0 31 73 77 82 86 34 64 18 81 92 89 29 88 99 0 35 10 46 12 64 0 70 0 0 0 69 53 0 32 72 53 7 2 49 9 88 49 34 15 0 52 77 86 15 88 1 66 55 13 64 0 13 0 30 0 44 5 14 54 63 26 5 27 2 27 51 36 
49 11 0 68 81 14 71 67 51 0 82 0 0 0 0 31 22 27 96 66 17 95 0 95 15 39 0 66 0 11 34 75 0 17 73 88 31 36 45 39 50 99 65 0 0 27 32 46 0 43 0 38 90 0 22 70 81 7 96 28 48 11 3 8 0 39 90 98 0 13 2 83 33 76 5 97 37 84 73 0 0 0 48 71 0 83 68 8 85 13 13 0 32 21 0 84 68 12 50 89 
0 56 13 66 0 74 35 87 17 92 64 0 0 41 43 4 85 18 60 4 97 82 55 0 0 67 0 34 7 0 39 17 51 0 12 0 31 0 97 86 0 0 38 97 70 56 0 35 68 72 0 20 58 96 13 32 0 27 94 6 0 62 98 23 0 0 11 48 0 30 36 90 20 58 40 70 92 0 76 0 41 87 56 97 0 7 24 100 66 37 30 58 16 7 45 85 97 51 35 65 
0 46 61 6 91 78 53 98 43 33 23 0 41 0 29 19 56 24 55 100 98 86 60 69 61 74 40 67 52 6 4 42 48 51 48 12 91 89 81 8 40 76 61 3 41 47 0 0 68 0 0 4 72 22 23 41 1 8 17 72 18 53 4 0 65 72 86 13 30 4 49 90 99 0 68 65 1 1 95 13 63 32 15 24 31 11 64 52 22 0 57 92 86 44 2 55 39 0 0 100 
27 48 83 93 49 8 34 32 15 77 61 0 43 29 0 75 0 73 46 87 42 0 38 0 46 64 11 84 67 39 68 97 0 89 7 41 0 8 6 75 19 13 54 7 0 96 50 12 99 89 29 15 71 34 41 39 89 72 36 63 32 20 39 15 53 0 0 0 60 6 71 91 21 79 0 0 76 100 35 10 2 36 62 56 0 0 45 69 0 37 41 58 0 86 21 95 0 83 92 2 
0 93 91 51 64 29 61 25 66 65 1 31 4 19 75 0 59 24 58 0 41 47 13 29 0 67 74 100 46 8 12 87 12 61 14 42 0 0 71 98 0 1 81 60 71 11 66 89 48 92 97 90 0 19 11 20 23 52 67 27 0 87 36 65 7 0 36 54 43 20 5 5 76 15 30 22 68 40 0 37 0 14 47 0 61 0 0 0 57 45 25 53 26 0 93 46 65 0 58 38 
44 72 60 0 52 0 11 24 75 0 50 22 85 56 0 59 0 100 9 69 13 0 27 9 42 24 12 75 45 0 23 16 93 51 13 0 0 19 83 65 94 67 72 29 14 0 46 69 94 47 29 99 49 8 18 3 79 0 86 70 63 37 62 0 27 0 85 83 8 53 36 21 72 0 36 0 11 5 88 21 82 89 63 0 0 0 7 44 0 25 25 52 0 75 35 8 17 72 0 53 
66 0 98 73 52 87 88 82 17 90 0 27 18 24 73 24 100 0 0 4 5 70 69 61 71 52 89 5 5 97 58 0 55 45 0 33 61 16 0 17 69 0 62 78 0 60 31 0 86 20 98 24 84 68 86 100 0 54 60 57 82 63 100 0 48 0 54 0 48 8 53 88 22 11 0 28 45 97 40 0 0 61 92 66 72 70 93 0 0 0 4 17 89 0 56 38 77 9 91 83 
66 59 24 46 0 10 16 91 0 49 62 96 60 55 46 58 9 0 0 77 98 71 0 0 87 76 65 81 31 20 2 85 59 0 91 0 0 27 61 31 42 64 94 83 5 34 54 77 93 66 79 38 0 0 24 68 32 38 50 50 72 95 34 45 5 0 10 85 86 73 0 95 0 59 25 87 0 36 12 14 97 38 0 15 15 41 80 4 100 0 74 89 89 14 83 0 60 62 69 60 
93 77 62 16 0 85 77 0 72 19 50 66 4 100 87 0 69 4 77 0 36 0 21 25 67 61 12 16 22 35 49 78 14 41 48 0 37 80 63 87 0 0 36 99 48 0 53 76 34 0 0 51 93 43 44 31 22 87 71 6 96 0 72 57 67 35 23 92 27 81 33 51 2 3 29 13 83 58 0 17 62 0 24 0 84 0 0 64 0 65 25 7 64 66 80 61 41 24 31 35 
85 37 73 0 47 3 81 82 100 84 0 17 97 98 42 41 13 5 98 36 0 79 37 90 40 82 75 70 51 8 10 40 42 7 19 7 28 0 44 80 0 85 100 37 95 29 15 28 2 3 13 48 9 0 74 28 1 7 79 73 67 41 0 27 0 0 6 60 17 37 64 0 0 40 67 10 18 13 38 30 38 0 40 34 62 69 24 11 80 76 57 63 60 99 71 72 60 0 100 4 
0 77 76 28 47 39 67 87 84 73 25 95 82 86 0 47 0 70 71 0 79 0 0 26 27 80 98 53 93 58 33 51 0 0 61 56 0 0 14 9 0 19 53 14 91 97 66 35 0 0 83 74 0 64 0 62 21 95 79 0 84 55 44 75 47 0 60 23 63 64 59 0 1 88 24 82 70 47 0 77 21 87 27 47 15 12 0 10 80 1 46 6 10 0 6 66 34 97 85 4 
90 59 58 0 74 0 35 89 93 62 61 0 55 60 38 13 27 69 0 21 37 0 0 0 45 37 37 45 0 79 0 95 0 0 52 40 0 90 57 0 81 50 35 34 0 19 83 98 30 13 26 22 49 83 44 0 66 56 0 97 68 45 7 2 39 25 85 0 92 18 96 39 50 60 61 82 36 63 98 21 71 0 0 87 89 36 10 85 0 61 0 91 0 8 13 0 64 65 60 67 
9 88 7 65 44 14 26 16 15 64 35 95 0 69 0 29 9 61 0 25 90 26 0 0 22 22 92 24 80 15 59 93 0 98 57 22 66 40 86 94 19 23 50 22 0 0 91 17 88 63 40 84 78 92 9 32 65 82 0 51 17 58 0 17 7 66 87 54 25 94 76 73 1 30 57 38 0 88 47 66 40 0 50 47 25 0 84 58 0 0 87 12 19 88 0 94 92 0 61 12 
56 0 78 90 74 0 0 43 14 64 85 15 0 61 46 0 42 71 87 67 40 27 45 22 0 71 74 95 34 43 91 56 0 14 8 36 90 69 50 0 82 0 19 77 29 85 93 64 57 66 0 32 57 73 0 83 96 4 42 8 29 0 75 41 10 76 95 65 38 4 49 0 16 93 39 7 3 72 74 0 61 21 10 0 9 56 9 0 11 0 0 82 65 72 72 21 22 34 71 23 
85 74 29 43 82 41 25 87 18 0 82 39 67 74 64 67 24 52 76 61 82 80 37 22 71 0 94 60 7 60 4 0 85 85 70 60 17 74 51 19 40 32 78 96 22 11 36 46 10 72 0 8 96 63 46 14 0 93 7 56 87 0 80 6 18 81 50 41 36 100 5 85 1 60 24 65 24 86 22 52 37 0 0 56 2 93 29 94 5 2 98 60 18 0 0 55 64 41 18 88 
73 55 50 39 40 71 69 65 99 11 77 0 0 40 11 74 12 89 65 12 75 98 37 92 74 94 0 17 69 74 49 3 37 81 0 28 31 71 75 37 46 0 28 4 6 62 53 0 46 23 69 56 56 55 44 83 26 87 46 0 44 28 83 0 96 11 57 24 81 29 27 12 32 46 14 98 25 1 49 86 27 52 3 65 84 0 75 63 8 83 91 51 38 41 94 5 84 37 6 0 
0 43 0 92 81 44 85 95 67 0 0 66 34 67 84 100 75 5 81 16 70 53 45 24 95 60 17 0 2 0 22 0 0 0 17 37 0 79 5 19 0 76 9 0 45 89 13 96 32 57 65 37 61 0 29 82 51 59 50 1 0 0 95 34 24 49 0 18 21 73 63 98 23 84 67 55 58 57 6 83 47 68 44 66 59 0 0 65 2 21 26 95 46 61 72 28 0 0 0 97 
98 23 24 68 36 67 7 23 84 28 0 0 7 52 67 46 45 5 31 22 51 93 0 80 34 7 69 2 0 12 10 0 0 48 1 34 91 79 0 90 24 86 12 46 0 0 26 1 74 100 0 88 93 13 1 55 28 50 0 0 66 80 0 85 44 94 1 0 23 78 0 49 0 89 26 0 0 36 0 96 5 56 76 0 14 71 27 34 13 35 53 42 68 11 80 91 47 97 43 29 
1 97 84 16 96 70 93 0 67 43 39 11 0 6 39 8 0 97 20 35 8 58 79 15 43 60 74 0 12 0 37 18 37 67 42 7 50 4 0 58 66 0 94 38 48 90 24 26 11 69 11 85 0 68 36 47 32 17 17 96 60 85 61 19 99 13 41 54 72 10 84 20 36 19 2 32 38 0 35 0 57 0 47 46 13 53 55 13 57 31 97 45 58 0 5 86 87 90 0 22 
88 1 60 22 28 0 77 34 0 71 25 34 39 4 68 12 23 58 2 49 10 33 0 59 91 4 49 22 10 37 0 0 26 19 62 25 22 17 90 0 0 40 54 86 50 43 0 0 3 38 40 63 74 72 2 91 47 36 38 6 25 74 35 33 74 98 11 0 30 25 89 26 55 10 74 93 35 55 82 0 29 39 9 0 8 90 48 47 92 29 51 33 54 4 23 76 15 90 8 25 
39 0 89 17 77 84 43 15 33 32 19 75 17 42 97 87 16 0 85 78 40 51 95 93 56 0 3 0 0 18 0 0 43 51 32 100 0 67 0 14 4 61 50 71 42 22 2 59 75 0 0 80 54 0 68 78 71 99 0 0 0 75 66 0 72 9 18 14 0 67 25 52 1 34 37 49 26 61 34 55 16 5 32 2 12 56 24 75 96 18 0 28 0 0 30 57 11 87 79 0 
0 0 50 0 18 0 11 22 21 59 0 0 51 48 0 12 93 55 59 14 42 0 0 0 0 85 37 0 0 37 26 43 0 0 94 0 36 65 0 0 0 35 63 54 0 20 0 0 94 80 39 86 0 28 0 0 19 90 0 0 0 11 75 0 61 97 23 33 18 51 91 0 88 92 57 45 0 64 0 10 40 23 78 66 8 0 4 40 32 17 9 66 59 42 0 77 80 43 0 0 
52 21 67 0 14 44 93 99 69 5 31 17 0 51 89 61 51 45 0 41 7 0 0 98 14 85 81 0 48 67 19 51 0 0 40 65 25 0 0 14 0 5 43 41 30 18 32 70 10 0 97 85 33 71 94 60 0 40 32 0 0 36 53 97 66 95 0 0 11 69 34 17 73 3 53 15 27 22 77 83 97 41 7 25 86 8 99 15 0 75 75 0 76 48 0 26 87 52 89 50 
41 71 4 0 67 39 10 48 79 22 73 73 12 48 7 14 13 0 91 48 19 61 52 57 8 70 0 17 1 42 62 32 94 40 0 0 84 20 0 70 56 68 66 29 16 0 49 0 74 37 20 35 52 22 60 62 89 50 18 73 29 0 16 0 18 26 60 88 48 49 0 44 99 95 0 42 74 70 83 38 0 52 54 41 99 41 51 54 70 59 34 88 17 86 39 79 0 13 25 0 
68 0 0 82 92 4 0 0 0 3 77 88 0 12 41 42 0 33 0 0 7 56 40 22 36 60 28 37 34 7 25 100 0 65 0 0 87 78 77 0 6 82 34 0 0 0 0 93 73 0 44 91 55 93 46 16 36 99 9 23 0 7 69 53 32 36 71 62 37 45 94 60 85 65 44 3 87 9 0 82 14 0 3 63 85 0 96 88 95 90 0 44 90 36 25 8 0 63 53 1 
88 64 0 47 37 40 55 0 70 86 82 31 31 91 0 0 0 61 0 37 28 0 0 66 90 17 31 0 91 50 22 0 36 25 84 87 0 73 87 99 0 0 99 22 97 53 60 81 90 62 0 0 17 46 77 92 40 0 81 75 81 92 0 0 88 74 0 44 96 22 36 42 80 65 82 11 21 49 0 50 4 7 75 86 0 98 54 10 88 44 32 92 0 41 47 41 23 91 0 37 
77 75 21 0 69 97 0 96 89 64 86 36 0 89 8 0 19 16 27 80 0 0 90 40 69 74 71 79 79 4 17 67 65 0 20 78 73 0 7 93 14 45 72 52 40 42 0 94 78 49 71 70 0 0 73 86 9 90 69 0 82 0 36 69 0 37 49 51 62 49 12 97 73 63 71 29 6 92 12 0 54 31 59 3 18 12 25 0 54 0 35 31 92 35 21 38 42 14 23 41 
71 99 0 58 33 0 51 65 48 85 34 45 97 81 6 71 83 0 61 63 44 14 57 86 50 51 75 5 0 0 90 0 0 0 0 77 87 7 0 0 0 0 96 0 48 0 51 94 78 11 12 16 0 8 56 77 89 50 75 70 77 0 63 27 67 0 0 47 80 67 100 41 31 0 22 0 30 85 0 8 46 39 28 23 44 0 67 76 21 0 0 55 0 46 44 68 0 48 39 4 
70 82 20 0 25 22 50 69 84 27 64 39 86 8 75 98 65 17 31 87 80 9 0 94 0 19 37 19 90 58 0 14 0 14 70 0 99 93 0 0 99 0 0 73 79 26 4 0 0 0 0 50 91 99 90 81 15 16 74 90 38 35 99 80 0 82 19 14 57 79 0 0 0 81 75 0 39 29 22 81 26 31 13 51 58 94 16 69 42 61 51 4 47 71 85 61 56 40 84 98 
61 0 42 0 0 63 39 0 42 21 18 50 0 40 19 0 94 69 42 0 0 0 81 19 82 40 46 0 24 66 0 4 0 0 56 6 0 14 0 99 0 70 29 0 7 0 0 16 30 54 67 4 2 0 43 35 90 62 78 25 58 81 0 94 0 0 0 43 19 0 79 16 95 0 7 0 0 48 69 47 0 0 39 0 53 97 82 64 8 68 68 0 86 49 0 93 12 60 0 79 
0 88 0 84 0 74 0 0 46 16 81 99 0 76 13 1 67 0 64 0 85 19 50 23 0 32 0 76 86 0 40 61 35 5 68 82 0 45 0 0 70 0 39 64 89 88 0 0 36 72 63 49 0 0 0 67 0 74 19 43 36 33 0 0 44 77 10 0 0 48 3 36 41 100 98 25 0 87 0 68 53 0 45 0 84 59 96 44 43 0 94 56 0 14 0 12 88 6 17 31 
89 78 99 94 78 99 66 72 22 12 92 65 38 61 54 81 72 62 94 36 100 53 35 50 19 78 28 9 12 94 54 50 63 43 66 34 99 72 96 0 29 39 0 19 69 48 21 0 0 53 65 25 0 8 56 0 100 26 58 8 71 92 32 78 86 0 36 0 99 87 66 44 78 31 20 92 55 0 74 47 92 18 0 0 17 0 0 40 80 47 3 83 17 0 60 56 0 14 71 69 
0 79 29 60 22 24 0 64 78 59 89 0 97 3 7 60 29 78 83 99 37 14 34 22 77 96 4 0 46 38 86 71 54 41 29 0 22 52 0 73 0 64 19 0 69 71 90 76 68 2 67 43 72 0 0 75 33 40 64 69 3 36 0 58 50 56 76 84 86 42 0 48 6 8 100 0 61 30 94 0 77 57 92 32 0 9 60 0 65 42 31 61 67 0 94 100 96 46 7 35 
31 0 62 0 0 4 72 50 52 92 29 0 70 41 0 71 14 0 5 48 95 91 0 0 29 22 6 45 0 48 50 42 0 30 16 0 97 40 48 79 7 89 69 69 0 13 82 47 0 83 39 58 8 0 0 8 27 40 0 8 82 81 5 3 86 0 75 82 57 2 98 88 38 93 31 17 49 5 25 98 0 58 81 18 57 52 8 87 68 79 73 41 96 0 98 48 0 1 41 0 
64 25 18 0 12 10 84 93 87 40 88 27 56 47 96 11 0 60 34 0 29 97 19 0 85 11 62 89 0 90 43 22 20 18 0 0 53 42 0 26 0 88 48 71 13 0 0 0 33 49 66 28 40 0 36 40 19 51 79 0 0 54 93 50 58 14 66 33 0 37 6 0 10 21 39 0 35 78 86 63 25 94 0 27 43 9 98 25 81 11 92 51 0 8 61 68 83 93 44 0 
0 91 49 64 7 91 72 26 0 0 99 32 0 0 50 66 46 31 54 53 15 66 83 91 93 36 53 13 26 24 0 2 0 32 49 0 60 0 51 4 0 0 21 90 82 0 0 74 52 4 3 74 40 41 31 4 68 42 13 15 32 23 63 4 58 17 68 0 50 86 50 73 82 97 84 20 4 0 15 24 32 85 58 23 21 0 64 10 52 22 99 26 13 90 1 72 74 0 61 82 
13 90 4 44 95 0 0 97 92 57 0 46 35 0 12 89 69 0 77 76 28 35 98 17 64 46 0 96 1 26 0 59 0 70 0 93 81 94 94 0 16 0 0 76 47 0 74 0 33 94 79 77 26 91 36 0 43 59 0 33 32 23 80 46 26 60 39 0 21 94 4 93 46 63 100 56 59 34 32 27 25 0 29 10 0 31 48 5 5 84 42 18 0 9 52 35 23 62 0 41 
48 74 6 75 36 0 0 0 54 0 35 0 68 68 99 48 94 86 93 34 2 0 30 88 57 10 46 32 74 11 3 75 94 10 74 73 90 78 78 0 30 36 0 68 0 33 52 33 0 0 76 99 99 0 76 77 76 92 86 4 0 31 50 78 55 74 84 27 41 40 1 1 100 36 47 23 7 57 39 34 76 61 86 63 51 17 0 66 75 11 5 21 13 16 5 26 5 0 18 41 
63 9 21 94 99 62 11 14 6 44 10 43 72 0 89 92 47 20 66 0 3 0 13 63 66 72 23 57 100 69 38 0 80 0 37 0 62 49 11 0 54 72 53 2 83 49 4 94 0 0 0 11 0 0 37 51 70 92 51 50 27 33 23 34 68 66 91 69 0 9 0 26 0 25 14 0 0 74 0 0 0 86 35 0 75 96 0 67 46 71 21 72 87 18 0 0 50 45 51 11 
17 84 72 71 0 72 72 63 99 17 46 0 0 0 29 97 29 98 79 0 13 83 26 40 0 0 69 65 0 11 40 0 39 97 20 44 0 71 12 0 67 63 65 67 39 66 3 79 76 0 0 39 0 0 9 35 82 77 44 82 51 0 0 42 77 69 0 0 10 43 35 52 97 83 0 98 49 40 60 100 17 0 0 68 14 21 26 0 13 0 34 67 0 0 0 32 95 0 84 83 
32 92 3 63 0 21 87 0 10 2 12 38 20 4 15 90 99 24 38 51 48 74 22 84 32 8 56 37 88 85 63 80 86 85 35 91 0 70 16 50 4 49 25 43 58 28 74 77 99 11 39 0 23 62 16 97 53 54 83 38 27 45 7 44 88 41 84 89 29 60 10 74 0 52 21 0 0 61 4 0 4 37 94 0 30 24 64 17 48 24 15 0 87 69 0 0 93 44 0 88 
86 20 40 90 0 100 10 68 53 59 64 90 58 72 71 0 49 84 0 93 9 0 49 78 57 96 56 61 93 0 74 54 0 33 52 55 17 0 0 91 2 0 0 72 8 40 40 26 99 0 0 23 0 68 75 87 74 72 0 38 16 67 69 87 0 0 62 21 60 40 0 46 0 84 92 83 74 0 41 88 58 69 35 12 92 48 95 69 24 0 75 80 36 0 66 0 88 77 16 43 
0 39 46 0 5 0 0 0 79 0 0 0 96 22 34 19 8 68 0 43 0 64 83 92 73 63 55 0 13 68 72 0 28 71 22 93 46 0 8 99 0 0 8 0 0 0 41 91 0 0 0 62 68 0 0 46 63 10 55 39 84 74 0 31 7 2 20 7 90 80 76 0 0 52 93 50 11 0 42 0 60 15 96 7 41 68 0 0 0 89 16 93 15 20 32 18 2 19 47 0 
4 32 73 26 8 74 41 10 79 28 70 22 13 23 41 11 18 86 24 44 74 0 44 9 0 46 44 29 1 36 2 68 0 94 60 46 77 73 56 90 43 0 56 0 0 36 31 36 76 37 9 16 75 0 0 91 96 65 46 3 0 11 35 1 82 0 0 0 98 30 5 83 64 0 6 78 70 32 44 14 53 52 5 92 19 89 85 89 0 11 0 48 88 4 63 0 26 68 34 28 
0 55 30 0 87 0 0 0 45 99 0 70 32 41 39 20 3 100 68 31 28 62 0 32 83 14 83 82 55 47 91 78 0 60 62 16 92 86 77 81 35 67 0 75 8 40 4 0 77 51 35 97 87 46 91 0 38 23 76 44 0 71 0 26 13 32 92 0 1 40 94 0 3 0 1 100 43 0 0 46 8 80 87 0 12 74 85 75 64 53 85 9 46 34 54 36 11 0 65 63 
35 83 66 64 86 26 40 26 58 57 0 81 0 1 89 23 79 0 32 22 1 21 66 65 96 0 26 51 28 32 47 71 19 0 89 36 40 9 89 15 90 0 100 33 27 19 68 43 76 70 82 53 74 63 96 38 0 22 47 0 69 82 95 77 21 34 0 31 50 98 14 0 48 0 37 88 98 13 21 7 78 53 56 25 76 55 63 47 46 37 0 82 37 0 71 85 42 94 81 45 
20 0 83 0 4 28 34 52 0 48 0 7 27 8 72 52 0 54 38 87 7 95 56 82 4 93 87 59 50 17 36 99 90 40 50 99 0 90 50 16 62 74 26 40 40 51 42 59 92 92 77 54 72 10 65 23 22 0 21 49 95 0 53 54 87 73 10 92 13 76 26 76 67 98 67 0 89 96 6 96 87 81 16 86 48 57 3 73 6 50 0 18 94 43 70 11 64 27 0 40 
66 92 85 0 94 51 24 41 64 60 69 96 94 17 36 67 86 60 50 71 79 79 0 0 42 7 46 50 0 17 38 0 0 32 18 9 81 69 75 74 78 19 58 64 0 79 13 0 86 51 44 83 0 55 46 76 47 21 0 78 13 61 33 21 97 100 74 23 92 66 0 28 76 50 19 36 98 0 74 87 43 76 51 71 78 32 63 97 0 51 98 71 0 0 6 65 48 64 61 0 
0 77 54 76 97 6 9 39 12 96 53 28 6 72 63 27 70 57 50 6 73 0 97 51 8 56 0 1 0 96 6 0 0 0 73 23 75 0 70 90 25 43 8 69 8 0 15 33 4 50 82 38 38 39 3 44 0 49 78 0 0 0 3 44 74 42 0 0 73 22 28 31 51 6 0 14 77 25 79 52 0 73 38 46 5 10 59 0 98 0 94 45 23 62 24 0 96 81 43 29 
13 91 18 14 52 20 0 25 0 9 0 48 0 18 32 0 63 82 72 96 67 84 68 17 29 87 44 0 66 60 25 0 0 0 29 0 81 82 77 38 58 36 71 3 82 0 32 32 0 27 51 27 16 84 0 0 69 95 13 0 0 55 14 80 74 32 16 37 91 17 65 22 67 0 23 0 86 64 100 71 64 0 78 93 21 0 49 0 66 19 80 7 35 0 58 82 3 82 0 18 
15 30 65 0 26 14 72 7 94 16 32 11 62 53 20 87 37 63 95 0 41 55 45 58 0 0 28 0 80 85 74 75 11 36 0 7 92 0 0 35 81 33 92 36 81 54 23 23 31 33 0 45 67 74 11 71 82 0 61 0 55 0 0 70 0 56 64 3 91 92 47 35 0 93 31 12 9 0 0 69 34 0 47 100 86 81 82 3 19 41 85 99 24 83 54 3 3 12 4 28 
27 0 0 68 24 0 5 59 58 58 72 3 98 4 39 36 62 100 34 72 0 44 7 0 75 80 83 95 0 61 35 66 75 53 16 69 0 36 63 99 0 0 32 0 5 93 63 80 50 23 0 7 69 0 35 0 95 53 33 3 14 0 0 88 35 49 26 7 63 0 35 0 24 0 62 18 24 8 44 46 98 0 47 73 0 25 0 0 0 96 82 45 69 0 32 94 63 99 62 93 
30 82 64 75 92 37 71 8 30 8 53 8 23 0 15 65 0 0 45 57 27 75 2 17 41 6 0 34 85 19 33 0 0 97 0 53 0 69 27 80 94 0 78 58 3 50 4 46 78 34 42 44 87 31 1 26 77 54 21 44 80 70 88 0 20 0 20 43 34 0 34 41 4 69 81 1 35 30 93 0 87 68 39 16 95 97 71 43 8 78 64 23 90 92 68 82 19 77 100 0 
0 33 67 47 97 65 13 100 0 42 7 0 0 65 53 7 27 48 5 67 0 47 39 7 10 18 96 24 44 99 74 72 61 66 18 32 88 0 67 0 0 44 86 50 86 58 58 26 55 68 77 88 0 7 82 13 21 87 97 74 74 0 35 20 0 27 4 90 1 57 58 96 66 43 9 82 79 43 16 12 82 55 61 46 70 96 71 88 57 69 76 92 0 81 13 73 0 53 51 39 
35 70 99 7 1 67 90 23 56 5 2 39 0 72 0 0 0 0 0 35 0 0 25 66 76 81 11 49 94 13 98 9 97 95 26 36 74 37 0 82 0 77 0 56 0 14 17 60 74 66 69 41 0 2 0 32 34 73 100 42 32 56 49 0 27 0 0 6 13 0 51 58 99 0 0 0 13 85 11 74 37 42 43 0 0 28 0 25 44 11 63 11 95 29 75 62 72 0 26 0 
9 5 0 0 41 0 55 5 42 72 49 90 11 86 0 36 85 54 10 23 6 60 85 87 95 50 57 0 1 41 11 18 23 0 60 71 0 49 0 19 0 10 36 76 75 66 68 39 84 91 0 84 62 20 0 92 0 10 74 0 16 64 26 20 4 0 0 86 49 82 41 0 0 62 11 19 18 3 0 54 73 29 0 5 82 10 62 98 22 0 36 0 27 50 96 0 78 93 72 72 
13 0 63 82 30 43 74 76 71 0 9 98 48 13 0 54 83 0 85 92 60 23 0 54 65 41 24 18 0 54 0 14 33 0 88 62 44 51 47 14 43 0 0 84 82 33 0 0 27 69 0 89 21 7 0 0 31 92 23 0 37 3 7 43 90 6 86 0 32 0 44 10 10 63 10 38 13 50 61 97 7 34 76 78 90 0 83 44 48 61 49 83 30 0 76 97 80 49 61 0 
8 15 28 24 79 19 0 58 87 79 88 0 0 30 60 43 8 48 86 27 17 63 92 25 38 36 81 21 23 72 30 0 18 11 48 37 96 62 80 57 19 0 99 86 57 0 50 21 41 0 10 29 60 90 98 1 50 13 92 73 91 91 63 34 1 13 49 32 0 78 74 82 71 55 13 0 29 96 70 32 56 18 33 84 97 28 24 75 9 0 6 37 85 45 90 38 12 38 72 47 
47 18 53 36 41 12 10 88 53 21 49 13 30 4 6 20 53 8 73 81 37 64 18 94 4 100 29 73 78 10 25 67 51 69 49 45 22 49 67 79 0 48 87 42 2 37 86 94 40 9 43 60 40 80 30 40 98 76 66 22 17 92 0 0 57 0 82 0 78 0 21 15 69 89 64 89 76 0 62 0 0 10 99 90 17 62 79 29 3 82 46 51 1 0 17 0 0 62 24 65 
68 18 52 92 62 45 64 0 30 24 34 2 36 49 71 5 36 53 0 33 64 59 96 76 49 5 27 63 0 84 89 25 91 34 0 94 36 12 100 0 79 3 66 0 98 6 50 4 1 0 35 10 0 76 5 94 14 26 0 28 65 47 35 34 58 51 41 44 74 21 0 86 88 80 0 4 0 99 0 39 43 63 97 44 29 57 80 74 86 0 85 52 75 23 53 20 18 29 22 80 
14 56 13 0 74 94 17 55 92 36 15 83 90 90 91 5 21 88 95 51 0 0 39 73 0 85 12 98 49 20 26 52 0 17 44 60 42 97 41 0 16 36 44 48 88 0 73 93 1 26 52 74 46 0 83 0 0 76 28 31 22 35 0 41 96 58 0 10 82 15 86 0 17 36 58 45 66 43 0 59 27 98 74 84 64 38 0 0 79 28 29 23 7 9 53 81 77 0 35 14 
67 18 64 10 88 26 74 48 14 0 0 33 20 99 21 76 72 22 0 2 0 1 50 1 16 1 32 23 0 36 55 1 88 73 99 85 80 73 31 0 95 41 78 6 38 10 82 46 100 0 97 0 0 0 64 3 48 67 76 51 67 0 24 4 66 99 0 10 71 69 88 17 0 85 78 3 64 79 0 0 83 97 62 48 0 97 13 0 87 37 46 24 82 59 77 100 76 74 10 24 
38 54 0 43 77 49 55 28 0 0 52 76 58 0 79 15 0 11 59 3 40 88 60 30 93 60 46 84 89 19 10 34 92 3 95 65 65 63 0 81 0 100 31 8 93 21 97 63 36 25 83 52 84 52 0 0 0 98 50 6 0 93 0 69 43 0 62 63 55 89 80 36 85 0 28 73 69 70 1 50 21 87 48 31 74 86 91 0 0 59 95 27 72 46 20 4 71 76 48 87 
43 10 71 74 93 53 90 16 87 75 77 5 40 68 0 30 36 0 25 29 67 24 61 57 39 24 14 67 26 2 74 37 57 53 0 44 82 71 22 75 7 98 20 100 31 39 84 100 47 14 0 21 92 93 6 1 37 67 19 0 23 31 62 81 9 0 11 10 13 64 0 58 78 28 0 98 92 7 43 53 42 74 0 0 73 47 22 32 18 70 0 1 54 38 3 90 79 39 62 65 
12 84 0 30 57 48 71 0 0 57 86 97 70 65 0 22 0 28 87 13 10 82 82 38 7 65 98 55 0 32 93 49 45 15 42 3 11 29 0 0 0 25 92 0 17 0 20 56 23 0 98 0 83 50 78 100 88 0 36 14 0 12 18 1 82 0 19 38 0 89 4 45 3 73 98 0 53 80 50 78 61 21 66 39 0 63 65 0 14 0 86 60 4 63 52 15 95 44 73 0 
58 0 88 94 35 17 0 77 81 0 15 37 92 1 76 68 11 45 0 83 18 70 36 0 3 24 25 58 0 38 35 26 0 27 74 87 21 6 30 39 0 0 55 61 49 35 4 59 7 0 49 0 74 11 70 43 98 89 98 77 86 9 24 35 79 13 18 13 29 76 0 66 64 69 92 53 0 82 0 47 0 37 98 59 0 0 22 4 80 23 77 29 50 85 8 0 0 69 74 84 
0 16 38 12 41 0 82 87 90 51 88 84 0 1 100 40 5 97 36 58 13 47 63 88 72 86 1 57 36 0 55 61 64 22 70 9 49 92 85 29 48 87 0 30 5 78 0 34 57 74 40 61 0 0 32 0 13 96 0 25 64 0 8 30 43 85 3 50 96 0 99 43 79 70 7 80 82 0 45 90 2 0 56 52 16 6 62 36 1 0 0 0 1 63 69 25 40 88 0 0 
11 69 0 0 18 0 84 4 0 78 1 73 76 95 35 0 88 40 12 0 38 0 98 47 74 22 49 6 0 35 82 34 0 77 83 0 0 12 0 22 69 0 74 94 25 86 15 32 39 0 60 4 41 42 44 0 21 6 74 79 100 0 44 93 16 11 0 61 70 62 0 0 0 1 43 50 0 45 0 89 96 0 35 0 55 87 72 0 99 78 52 0 85 56 52 0 3 39 79 53 
29 16 0 0 66 58 47 53 71 0 66 0 0 13 10 37 21 0 14 17 30 77 21 66 0 52 86 83 96 0 0 55 10 83 38 82 50 0 8 81 47 68 47 0 98 63 24 27 34 0 100 0 88 0 14 46 7 96 87 52 71 69 46 0 12 74 54 97 32 0 39 59 0 50 53 78 47 90 89 0 48 75 51 0 34 18 37 0 0 4 26 0 46 44 20 98 26 0 21 74 
28 0 47 62 0 1 63 40 96 0 55 0 41 63 2 0 82 0 97 62 38 21 71 40 61 37 27 47 5 57 29 16 40 97 0 14 4 54 46 26 0 53 92 77 0 25 32 25 76 0 17 4 58 60 53 8 78 87 43 0 64 34 98 87 82 37 73 7 56 0 43 27 83 21 42 61 0 2 96 48 0 72 88 85 40 65 49 81 70 0 15 12 28 0 54 68 36 51 52 100 
87 57 6 0 13 6 74 19 0 51 13 0 87 32 36 14 89 61 38 0 0 87 0 0 21 0 52 68 56 0 39 5 23 41 52 0 7 31 39 31 0 0 18 57 58 94 85 0 61 86 0 37 69 15 52 80 53 81 76 73 0 0 0 68 55 42 29 34 18 10 63 98 97 87 74 21 37 0 0 75 72 0 51 73 36 57 65 35 12 16 19 54 19 40 28 83 0 38 3 85 
53 52 88 92 30 48 80 31 77 79 64 48 56 15 62 47 63 92 0 24 40 27 0 50 10 0 3 44 76 47 9 32 78 7 54 3 75 59 28 13 39 45 0 92 81 0 58 29 86 35 0 94 35 96 5 87 56 16 51 38 78 47 47 39 61 43 0 76 33 99 97 74 62 48 0 66 98 56 35 51 88 51 0 47 97 75 72 97 64 37 50 98 0 13 78 98 0 81 98 30 
0 0 92 27 0 46 45 51 28 22 0 71 97 24 56 0 0 66 15 0 34 47 87 47 0 56 65 66 0 46 0 2 66 25 41 63 86 3 23 51 0 0 0 32 18 27 23 10 63 0 68 0 12 7 92 0 25 86 71 46 93 100 73 16 46 0 5 78 84 90 44 84 48 31 0 39 59 52 0 0 85 73 47 0 12 29 0 88 34 0 87 27 56 83 86 36 65 99 91 0 
100 0 89 16 55 18 100 69 36 57 13 0 0 31 0 61 0 72 15 84 62 15 89 25 9 2 84 59 14 13 8 12 8 86 99 85 0 18 44 58 53 84 17 0 57 43 21 0 51 75 14 30 92 41 19 12 76 48 78 5 21 86 0 95 70 0 82 90 97 17 29 64 0 74 73 0 0 16 55 34 40 36 97 12 0 0 60 97 92 100 0 51 43 38 83 40 40 40 71 95 
0 0 30 52 38 71 88 62 5 56 0 83 7 11 0 0 0 70 41 0 69 12 36 0 56 93 0 0 71 53 90 56 0 8 41 0 98 12 0 94 97 59 0 9 52 9 0 31 17 96 21 24 48 68 89 74 55 57 32 10 0 81 25 97 96 28 10 0 28 62 57 38 97 86 47 63 0 6 87 18 65 57 75 29 0 0 43 49 37 0 42 92 76 31 0 75 36 52 93 33 
75 80 64 14 0 0 96 83 96 0 30 68 24 64 45 0 7 93 80 0 24 0 10 84 9 29 75 0 27 55 48 24 4 99 51 96 54 25 67 16 82 96 0 60 8 98 64 48 0 0 26 64 95 0 85 85 63 3 63 59 49 82 0 71 71 0 62 83 24 79 80 0 13 91 22 65 22 62 72 37 49 65 72 0 60 43 0 21 40 23 66 76 85 32 0 7 73 34 26 56 
9 42 1 42 70 0 83 79 48 56 0 8 100 52 69 0 44 0 4 64 11 10 85 58 0 94 63 65 34 13 47 75 40 15 54 88 10 0 76 69 64 44 40 0 87 25 10 5 66 67 0 17 69 0 89 75 47 73 97 0 0 3 0 43 88 25 98 44 75 29 74 0 0 0 32 0 4 36 0 0 81 35 97 88 97 49 21 0 30 0 0 13 66 19 0 61 20 54 6 44 
14 91 63 93 93 86 61 5 72 52 44 85 66 22 0 57 0 0 100 0 80 80 0 0 11 5 8 2 13 57 92 96 32 0 70 95 88 54 21 42 8 43 80 65 68 81 52 5 75 46 13 48 24 0 0 64 46 6 0 98 66 19 0 8 57 44 22 48 9 3 86 79 87 0 18 14 80 1 99 0 70 12 64 34 92 37 40 30 0 30 91 81 72 59 63 9 0 74 70 59 
61 0 34 97 7 0 0 90 62 5 5 13 37 0 37 45 25 0 0 65 76 1 61 0 0 2 83 21 35 31 29 18 17 75 59 90 44 0 0 61 68 0 47 42 79 11 22 84 11 71 0 24 0 89 11 53 37 50 51 0 19 41 96 78 69 11 0 61 0 82 0 28 37 59 70 0 23 0 78 4 0 16 37 0 100 0 23 0 30 0 0 84 0 13 24 15 61 86 0 46 
71 2 17 78 1 9 22 19 33 0 14 13 30 57 41 25 25 4 74 25 57 46 0 87 0 98 91 26 53 97 51 0 9 75 34 0 32 35 0 51 68 94 3 31 73 92 99 42 5 21 34 15 75 16 0 85 0 0 98 94 80 85 82 64 76 63 36 49 6 46 85 29 46 95 0 86 77 0 52 26 15 19 50 87 0 42 66 0 91 0 0 18 76 81 0 83 89 49 9 50 
87 59 40 90 32 27 82 10 27 24 54 0 58 92 58 53 52 17 89 7 63 6 91 12 82 60 51 95 42 45 33 28 66 0 88 44 92 31 55 4 0 56 83 61 41 51 26 18 21 72 67 0 80 93 48 9 82 18 71 45 7 99 45 23 92 11 0 83 37 51 52 23 24 27 1 60 29 0 0 0 12 54 98 27 51 92 76 13 81 84 18 0 0 51 5 76 56 63 39 10 
77 87 0 100 18 92 7 0 94 44 63 32 16 86 0 26 0 89 89 64 60 10 0 19 65 18 38 46 68 58 54 0 59 76 17 90 0 92 0 47 86 0 17 67 96 0 13 0 13 87 0 87 36 15 88 46 37 94 0 23 35 24 69 90 0 95 27 30 85 1 75 7 82 72 54 4 50 1 85 46 28 19 0 56 43 76 85 66 72 0 76 0 0 13 0 0 0 0 62 43 
0 65 82 50 40 52 34 33 57 0 26 21 7 44 86 0 75 0 14 66 99 0 8 88 72 0 41 61 11 0 4 0 42 48 86 36 41 35 46 71 49 14 0 0 0 8 90 9 16 18 0 69 0 20 4 34 0 43 0 62 0 83 0 92 81 29 50 0 45 0 23 9 59 46 38 63 85 63 56 44 0 40 13 83 38 31 32 19 59 13 81 51 13 0 62 40 79 7 28 13 
34 0 49 26 65 78 87 18 9 65 5 0 45 2 21 93 35 56 83 80 71 6 13 0 72 0 94 72 80 5 23 30 0 0 39 25 47 21 44 85 0 0 60 94 98 61 1 52 5 0 0 0 66 32 63 54 71 70 6 24 58 54 32 68 13 75 96 76 90 17 53 53 77 20 3 52 8 69 52 20 54 28 78 86 83 0 0 0 63 24 0 5 0 62 0 36 96 31 90 85 
26 0 74 73 0 2 70 10 6 34 27 84 85 55 95 46 8 38 0 61 72 66 0 94 21 55 5 28 91 86 76 57 77 26 79 8 41 38 68 61 93 12 56 100 48 68 72 35 26 0 32 0 0 18 0 36 85 11 65 0 82 3 94 82 73 62 0 97 38 0 20 81 100 4 90 15 0 25 0 98 68 83 98 36 40 75 7 61 9 15 83 76 0 40 36 0 93 0 80 86 
67 81 27 18 43 0 83 13 30 14 2 68 97 39 0 65 17 77 60 41 60 34 64 92 22 64 84 0 47 87 15 11 80 87 0 0 23 42 0 56 12 88 0 96 0 83 74 23 5 50 95 93 88 2 26 11 42 64 48 96 3 3 63 19 0 72 78 80 12 0 18 77 76 71 79 95 0 40 3 26 36 0 0 65 40 36 73 20 0 61 89 56 0 79 96 93 0 30 56 81 
95 25 80 27 15 47 0 0 26 89 27 12 51 0 83 0 72 9 62 24 0 97 65 0 34 41 37 0 97 90 90 87 43 52 13 63 91 14 48 40 60 6 14 46 1 93 0 62 0 45 0 44 77 19 68 0 94 27 64 81 82 12 99 77 53 0 93 49 38 62 29 0 74 76 39 44 69 88 39 0 51 38 81 99 40 52 34 54 74 86 49 63 0 7 31 0 30 0 8 74 
0 59 0 84 95 92 95 82 16 0 51 50 35 0 92 58 0 91 69 31 100 85 60 61 71 18 6 0 43 0 8 79 0 89 25 53 0 23 39 84 0 17 71 7 41 44 61 0 18 51 84 0 16 47 34 65 81 0 61 43 0 4 62 100 51 26 72 61 72 24 22 35 10 48 62 73 74 0 79 21 52 3 98 91 71 93 26 6 70 0 9 39 62 28 90 80 56 8 0 5 
0 0 80 0 43 69 83 24 28 39 36 89 65 100 2 38 53 83 60 35 4 4 67 12 23 88 0 97 29 22 25 0 0 50 0 1 37 41 4 98 79 31 69 35 0 0 82 41 41 11 83 88 43 0 28 63 45 40 0 29 18 28 93 0 39 0 72 0 47 65 80 14 24 87 65 0 84 0 53 74 100 85 30 0 95 33 56 44 59 46 50 10 43 13 85 86 81 74 5 0 
