0 0 0 51 0 0 0 0 27 21 0 0 0 0 0 0 92 0 0 0 9 10 0 30 0 68 0 6 0 24 22 0 48 89 0 51 0 0 63 65 64 0 57 0 0 22 25 0 11 0 0 100 93 0 90 40 35 0 34 10 0 35 73 40 94 33 91 8 77 94 0 79 0 57 0 40 65 0 37 0 0 74 67 8 0 81 22 0 59 0 0 59 65 37 70 60 62 0 53 0 
0 0 0 73 63 0 0 1 61 26 0 0 43 0 27 0 0 21 0 0 62 0 76 28 0 2 45 80 0 0 49 0 0 0 0 36 14 0 12 61 61 0 35 0 0 0 21 0 0 100 0 0 0 10 76 16 27 0 41 81 93 0 0 0 0 18 54 50 72 9 26 11 56 0 0 69 0 0 0 0 53 0 28 62 58 10 56 0 61 67 23 0 0 23 5 100 9 90 13 46 
0 0 0 0 45 0 0 54 32 0 0 0 38 12 99 0 3 0 70 34 0 0 70 0 15 18 11 0 83 4 76 0 0 41 48 84 89 0 0 0 8 0 99 33 93 89 68 47 0 9 0 0 0 10 0 13 74 20 0 68 0 47 0 0 87 80 10 32 67 0 85 23 0 60 24 33 0 31 90 0 0 10 0 19 20 68 0 37 58 41 25 0 23 0 8 54 0 27 0 91 
51 73 0 0 39 100 0 98 69 0 0 0 0 0 53 47 52 47 30 48 0 7 22 63 0 10 46 62 7 70 5 0 0 0 55 0 0 0 4 14 0 0 30 0 0 0 31 0 86 0 55 32 58 0 65 34 0 5 53 75 77 71 30 0 0 59 0 41 5 84 0 51 0 96 0 25 0 0 0 0 0 22 90 16 66 71 62 52 0 28 0 25 10 10 0 3 0 1 0 33 
0 63 45 39 0 8 68 67 64 85 87 28 65 0 0 36 0 0 0 88 36 56 20 98 65 26 94 39 0 38 0 1 0 0 10 0 0 69 6 0 12 21 53 1 0 60 0 5 82 0 9 0 0 71 48 37 0 0 0 12 0 0 0 58 0 44 0 0 0 9 0 0 53 60 0 0 50 21 58 0 0 74 0 66 0 0 0 74 0 72 50 0 0 6 72 0 0 13 0 19 
0 0 0 100 8 0 33 1 38 0 99 0 23 56 99 0 0 73 46 38 0 0 0 0 99 75 79 0 53 0 12 0 81 40 84 39 0 39 59 56 0 39 17 6 0 0 0 50 0 48 0 13 61 7 0 70 0 27 0 0 0 0 53 6 0 11 88 61 24 20 34 12 41 5 87 0 0 38 0 0 40 88 50 94 48 50 0 0 24 0 15 84 67 0 69 42 0 67 7 74 
0 0 0 0 68 33 0 72 0 0 0 0 0 0 0 0 0 69 0 0 85 14 0 16 55 47 0 11 0 31 33 85 39 17 9 11 0 21 24 34 0 38 56 0 7 76 73 52 46 0 10 0 0 96 3 0 0 0 0 31 0 0 0 44 25 96 52 27 0 0 19 39 43 0 51 62 7 0 24 0 0 99 69 46 0 22 0 0 68 0 55 36 0 38 87 0 16 35 0 41 
0 1 54 98 67 1 72 0 0 27 0 53 0 0 0 77 70 0 0 0 0 46 0 18 35 0 1 30 34 18 0 0 0 46 39 0 15 48 0 89 0 0 31 93 7 0 40 52 48 0 38 46 8 0 0 72 91 0 14 0 33 63 10 16 16 0 0 76 53 0 0 4 0 0 54 29 25 0 0 56 44 0 0 0 16 14 76 54 72 13 0 0 0 26 0 87 0 0 54 0 
27 61 32 69 64 38 0 0 0 64 42 68 62 0 0 14 0 0 99 22 0 99 0 48 59 0 80 0 71 74 72 53 0 32 35 90 51 34 22 30 57 74 4 0 79 0 28 0 0 90 0 0 20 33 52 34 12 6 57 33 49 98 97 0 77 3 43 0 0 0 0 0 40 10 20 7 29 71 0 0 0 16 50 61 0 56 29 97 0 0 98 12 51 34 0 31 51 0 0 56 
21 26 0 0 85 0 0 27 64 0 0 39 0 0 58 0 72 98 24 0 0 99 0 45 0 48 15 0 60 0 94 0 0 26 82 61 0 85 0 50 95 0 0 0 0 58 37 48 94 87 62 63 96 13 0 0 76 0 12 87 17 55 4 0 81 13 72 94 65 22 37 0 0 5 0 22 0 52 10 6 84 0 66 0 0 31 0 0 0 25 13 0 77 82 35 0 0 28 44 92 
0 0 0 0 87 99 0 0 42 0 0 53 55 25 41 75 0 0 0 95 3 66 0 0 51 27 59 12 0 0 89 33 0 0 0 0 0 69 0 0 17 74 62 58 27 0 25 0 87 87 0 0 75 0 49 0 33 79 23 45 0 0 0 74 0 0 0 0 0 0 0 83 0 0 0 0 0 0 0 51 48 0 0 27 44 33 0 69 11 1 22 54 35 17 0 77 56 99 89 96 
0 0 0 0 28 0 0 53 68 39 53 0 0 38 0 0 53 87 66 2 0 0 69 0 0 59 0 0 53 0 19 5 65 42 12 0 98 73 31 14 56 74 98 44 70 0 87 0 37 0 25 69 36 0 42 67 18 0 43 0 87 69 0 24 67 0 0 68 8 12 67 58 0 48 51 73 71 74 0 26 21 24 49 0 34 0 0 0 0 0 20 19 0 56 0 4 65 0 0 93 
0 43 38 0 65 23 0 0 62 0 55 0 0 0 0 36 0 24 26 11 30 80 39 0 33 0 0 0 53 0 0 0 0 88 74 0 96 98 0 56 32 71 74 51 60 0 0 11 0 4 0 89 49 89 87 60 0 0 0 0 5 27 0 0 42 55 60 6 82 56 19 0 65 52 0 0 31 0 0 0 0 0 11 8 54 23 0 25 0 0 13 33 0 40 0 99 0 0 87 0 
0 0 12 0 0 56 0 0 0 0 25 38 0 0 16 0 69 55 63 0 97 74 62 0 75 26 0 100 17 0 79 4 0 76 16 57 92 0 94 1 23 9 0 9 7 0 0 56 20 53 38 24 45 0 35 20 72 9 0 0 58 85 36 16 12 59 61 20 5 28 6 36 0 61 46 0 0 35 46 0 27 0 0 97 0 0 100 13 80 3 0 0 52 0 88 0 68 87 0 90 
0 27 99 53 0 99 0 0 0 58 41 0 0 16 0 91 84 0 98 0 0 22 79 0 0 0 0 0 0 45 0 0 84 0 0 45 21 90 37 99 0 45 0 0 44 72 0 0 0 0 74 0 14 68 43 0 0 77 88 92 0 0 0 2 49 15 38 0 98 46 86 0 0 0 0 65 39 50 28 0 8 0 0 12 27 54 23 0 69 44 0 70 49 93 85 72 0 0 79 21 
0 0 0 47 36 0 0 77 14 0 75 0 36 0 91 0 90 84 0 0 91 0 53 21 40 0 48 38 22 84 0 23 63 94 0 64 85 29 0 78 91 0 90 0 56 95 0 0 0 57 100 94 45 70 0 0 20 89 23 22 47 0 39 0 34 12 57 99 58 0 15 10 0 18 0 0 18 60 55 35 0 23 0 0 55 0 96 30 96 24 52 60 71 68 43 66 83 0 62 0 
92 0 3 52 0 0 0 70 0 72 0 53 0 69 84 90 0 100 0 0 64 52 0 49 8 0 63 0 0 52 0 0 0 98 74 38 1 39 0 92 30 30 0 0 0 51 16 86 56 77 12 32 37 0 0 35 36 39 35 35 69 0 70 0 71 19 16 70 93 50 96 97 86 0 45 3 0 0 96 95 2 80 43 55 42 59 17 94 33 40 5 0 21 0 0 73 66 1 0 0 
0 21 0 47 0 73 69 0 0 98 0 87 24 55 0 84 100 0 59 0 61 96 0 97 15 9 31 86 0 0 52 49 0 65 63 92 61 82 67 12 37 43 81 21 0 0 0 90 30 39 95 27 92 99 0 0 0 42 34 13 11 54 49 0 0 25 92 0 0 0 93 74 0 0 0 0 0 0 0 0 0 37 0 92 18 0 0 69 15 0 69 0 90 55 0 97 90 0 94 0 
0 0 70 30 0 46 0 0 99 24 0 66 26 63 98 0 0 59 0 55 70 0 0 21 0 0 78 6 97 0 3 0 56 19 92 56 24 0 25 0 15 21 89 80 81 82 86 8 0 63 34 23 88 93 16 93 0 43 0 0 39 0 79 69 96 12 82 80 54 50 0 49 0 63 0 14 98 12 7 40 53 23 30 0 0 88 12 39 0 4 87 0 36 26 9 87 58 29 0 6 
0 0 34 48 88 38 0 0 22 0 95 2 11 0 0 0 0 0 55 0 0 0 3 74 0 32 0 39 0 32 94 0 36 0 0 48 75 64 64 8 0 90 0 0 0 0 38 40 22 0 0 0 58 14 0 0 82 46 0 3 0 49 68 0 0 40 0 0 0 79 0 13 27 47 83 96 56 45 1 63 0 0 0 57 20 0 75 0 9 56 0 0 64 60 56 95 0 44 0 66 
9 62 0 0 36 0 85 0 0 0 3 0 30 97 0 91 64 61 70 0 0 84 0 30 0 43 69 97 41 99 16 98 10 20 87 0 0 69 0 76 12 94 38 77 21 82 13 0 0 98 0 29 49 93 8 61 88 10 0 60 0 33 0 38 99 69 0 0 87 18 12 0 0 0 15 0 59 0 67 0 0 0 30 36 82 32 92 0 100 0 0 100 39 28 0 62 76 0 39 61 
10 0 0 7 56 0 14 46 99 99 66 0 80 74 22 0 52 96 0 0 84 0 0 90 33 4 21 80 96 0 38 0 0 86 0 72 0 80 44 22 14 0 42 16 87 76 0 23 87 87 26 4 93 82 0 23 0 13 26 0 0 24 0 93 0 0 0 24 69 35 81 12 84 43 60 23 0 34 98 99 0 89 63 0 10 0 94 0 12 54 61 0 67 29 69 50 42 53 88 0 
0 76 70 22 20 0 0 0 0 0 0 69 39 62 79 53 0 0 0 3 0 0 0 74 54 0 5 93 91 0 99 13 0 3 36 91 0 0 73 45 0 90 15 53 3 1 38 75 66 0 53 94 63 30 92 38 95 86 39 60 71 23 38 0 50 12 82 38 0 49 43 18 0 97 90 0 0 0 50 0 99 96 36 0 70 98 31 0 0 55 0 10 0 0 12 46 0 33 0 47 
30 28 0 63 98 0 16 18 48 45 0 0 0 0 0 21 49 97 21 74 30 90 74 0 69 24 0 0 20 3 0 58 44 0 0 62 0 0 0 0 0 60 0 65 0 26 78 0 44 0 0 26 0 42 93 41 40 0 80 67 12 0 0 6 20 35 14 0 62 34 0 0 35 16 64 30 0 62 94 99 6 6 0 13 0 16 93 69 10 98 9 5 50 58 0 97 88 0 92 91 
0 0 15 0 65 99 55 35 59 0 51 0 33 75 0 40 8 15 0 0 0 33 54 69 0 0 6 0 92 0 0 0 99 53 0 8 56 29 4 92 27 79 0 64 37 74 57 66 37 0 96 8 0 31 0 78 91 21 38 0 60 0 87 0 43 0 0 62 93 4 0 64 0 45 0 59 61 6 48 83 50 57 97 87 0 16 54 79 37 0 0 23 0 46 13 0 0 0 0 0 
68 2 18 10 26 75 47 0 0 48 27 59 0 26 0 0 0 9 0 32 43 4 0 24 0 0 55 0 65 0 28 62 95 0 1 18 81 73 0 33 6 24 0 0 24 65 0 32 10 29 90 0 0 33 44 36 78 0 28 93 6 68 47 32 96 84 81 95 33 0 35 70 74 64 52 45 0 0 75 0 54 0 19 51 54 6 99 0 62 0 0 0 50 51 71 0 63 0 0 0 
0 45 11 46 94 79 0 1 80 15 59 0 0 0 0 48 63 31 78 0 69 21 5 0 6 55 0 0 0 0 50 46 0 95 94 20 21 98 91 2 13 0 9 0 0 0 0 72 94 90 72 1 0 43 0 0 47 52 34 60 0 0 16 86 21 15 51 63 32 73 0 0 74 0 0 0 45 4 74 68 0 90 0 0 26 26 17 90 28 50 27 90 51 28 14 54 2 0 53 0 
6 80 0 62 39 0 11 30 0 0 12 0 0 100 0 38 0 86 6 39 97 80 93 0 0 0 0 0 82 0 0 0 0 39 0 40 17 0 35 18 70 58 58 0 0 0 53 76 31 68 0 0 0 40 72 83 84 2 92 82 0 0 0 3 0 20 0 0 87 85 0 0 0 63 0 49 51 92 0 0 0 67 0 43 0 0 84 0 98 53 23 0 45 9 0 26 71 56 51 35 
0 0 83 7 0 53 0 34 71 60 0 53 53 17 0 22 0 0 97 0 41 96 91 20 92 65 0 82 0 47 0 0 25 66 94 0 0 3 0 50 43 0 67 13 41 0 63 6 0 0 0 94 0 61 0 4 60 27 34 0 29 0 0 26 0 28 10 0 30 0 0 48 21 0 0 0 0 61 0 0 0 68 36 65 96 12 0 67 73 98 0 75 0 54 0 0 70 89 78 100 
24 0 4 70 38 0 31 18 74 0 0 0 0 0 45 84 52 0 0 32 99 0 0 3 0 0 0 0 47 0 31 0 3 25 0 63 0 61 57 12 46 84 57 78 21 79 21 15 64 19 0 0 63 0 0 74 0 9 64 88 0 37 8 29 89 83 8 23 28 53 21 16 54 38 93 0 58 0 31 0 0 89 12 67 32 46 37 93 25 23 21 11 78 75 99 96 0 68 43 78 
22 49 76 5 0 12 33 0 72 94 89 19 0 79 0 0 0 52 3 94 16 38 99 0 0 28 50 0 0 31 0 52 14 35 94 0 86 20 0 0 8 83 72 13 0 35 71 99 0 0 93 58 53 0 19 0 0 2 38 70 98 66 0 57 20 0 0 45 0 74 62 0 70 64 95 81 70 83 77 67 0 79 32 0 80 92 24 76 91 95 0 13 59 25 34 9 0 11 0 11 
0 0 0 0 1 0 85 0 53 0 33 5 0 4 0 23 0 49 0 0 98 0 13 58 0 62 46 0 0 0 52 0 70 0 27 0 0 53 0 61 0 27 99 0 0 29 41 0 6 10 67 71 0 0 53 63 89 0 0 86 87 0 0 63 8 0 39 0 28 0 30 0 0 51 92 75 39 41 0 29 38 0 92 62 20 73 74 0 85 0 0 0 0 24 66 66 88 41 62 0 
48 0 0 0 0 81 39 0 0 0 0 65 0 0 84 63 0 0 56 36 10 0 0 44 99 95 0 0 25 3 14 70 0 43 0 0 49 81 57 95 0 47 23 8 0 30 0 0 87 29 26 38 80 0 73 6 8 78 79 19 22 0 91 0 31 0 42 67 49 30 0 32 34 0 0 21 100 32 24 0 95 35 31 0 0 63 48 0 0 15 0 13 67 18 42 0 20 65 0 0 
89 0 41 0 0 40 17 46 32 26 0 42 88 76 0 94 98 65 19 0 20 86 3 0 53 0 95 39 66 25 35 0 43 0 0 36 12 86 81 0 0 47 0 96 76 0 69 49 49 0 80 93 41 13 59 0 45 0 57 21 84 0 1 11 0 83 0 89 0 36 81 30 0 0 20 0 0 0 7 56 0 0 3 0 0 1 94 0 0 0 0 0 0 7 74 36 72 64 48 56 
0 0 48 55 10 84 9 39 35 82 0 12 74 16 0 0 74 63 92 0 87 0 36 0 0 1 94 0 94 0 94 27 0 0 0 86 34 79 95 81 8 0 0 0 0 47 60 59 0 0 0 0 0 0 57 81 40 36 0 75 53 60 28 15 72 0 0 12 0 43 94 42 0 0 0 99 82 0 31 54 38 64 74 46 96 0 0 0 65 0 100 20 0 46 0 0 0 0 6 80 
51 36 84 0 0 39 11 0 90 61 0 0 0 57 45 64 38 92 56 48 0 72 91 62 8 18 20 40 0 63 0 0 0 36 86 0 79 10 49 54 70 0 0 52 0 0 53 65 0 61 42 9 80 10 0 0 11 0 94 0 33 0 0 14 6 63 0 7 63 0 82 37 12 82 0 85 9 0 0 0 0 86 93 41 38 84 9 80 0 56 93 14 9 7 16 71 0 0 49 94 
0 14 89 0 0 0 0 15 51 0 0 98 96 92 21 85 1 61 24 75 0 0 0 0 56 81 21 17 0 0 86 0 49 12 34 79 0 0 0 36 89 82 60 77 47 0 63 0 65 71 31 33 12 26 55 0 52 0 0 0 60 0 0 59 99 0 0 97 72 0 23 59 45 99 0 34 0 36 87 0 53 43 31 0 0 0 0 0 28 95 0 0 23 79 56 97 74 45 0 77 
0 0 0 0 69 39 21 48 34 85 69 73 98 0 90 29 39 82 0 64 69 80 0 0 29 73 98 0 3 61 20 53 81 86 79 10 0 0 49 23 11 100 0 21 0 0 0 0 0 0 41 58 90 6 0 56 26 14 59 1 57 95 0 0 0 47 0 83 61 0 8 64 38 0 56 0 19 77 44 0 69 51 0 64 30 68 43 86 34 15 76 56 91 1 0 54 22 0 89 53 
63 12 0 4 6 59 24 0 22 0 0 31 0 94 37 0 0 67 25 64 0 44 73 0 4 0 91 35 0 57 0 0 57 81 95 49 0 49 0 1 85 72 0 71 19 0 2 31 0 28 0 0 92 0 76 75 89 0 29 71 88 31 20 0 63 62 23 70 84 0 0 99 63 23 89 10 0 7 0 0 0 62 0 0 0 42 85 0 21 67 2 54 74 71 0 56 50 28 8 49 
65 61 0 14 0 56 34 89 30 50 0 14 56 1 99 78 92 12 0 8 76 22 45 0 92 33 2 18 50 12 0 61 95 0 81 54 36 23 1 0 8 6 22 0 0 0 53 0 0 13 67 67 84 0 26 0 0 7 0 74 0 64 77 17 70 53 0 76 0 9 36 0 0 0 96 45 0 0 0 0 8 23 0 4 30 49 0 0 0 64 31 18 4 86 51 92 85 0 40 0 
64 61 8 0 12 0 0 0 57 95 17 56 32 23 0 91 30 37 15 0 12 14 0 0 27 6 13 70 43 46 8 0 0 0 8 70 89 11 85 8 0 5 47 7 0 0 92 23 0 14 65 0 0 0 0 12 88 10 3 77 63 0 0 0 59 31 50 0 0 17 60 11 11 12 40 16 72 62 64 77 0 0 48 71 0 62 52 21 39 59 62 0 45 99 87 22 80 0 0 46 
0 0 0 0 21 39 38 0 74 0 74 74 71 9 45 0 30 43 21 90 94 0 90 60 79 24 0 58 0 84 83 27 47 47 0 0 82 100 72 6 5 0 79 6 94 0 33 26 0 0 0 0 24 0 28 51 57 95 18 46 34 12 10 0 81 49 4 74 0 22 28 97 47 74 24 0 50 0 38 72 63 0 98 77 55 76 72 0 0 74 0 0 11 32 0 44 44 82 17 0 
57 35 99 30 53 17 56 31 4 0 62 98 74 0 0 90 0 81 89 0 38 42 15 0 0 0 9 58 67 57 72 99 23 0 0 0 60 0 0 22 47 79 0 8 39 0 0 72 65 100 21 44 0 0 22 86 57 0 0 98 94 25 11 0 57 53 13 32 0 6 78 26 50 0 69 66 0 0 6 32 0 78 29 0 59 71 9 25 0 33 0 0 0 75 53 0 73 0 0 30 
0 0 33 0 1 6 0 93 0 0 58 44 51 9 0 0 0 21 80 0 77 16 53 65 64 0 0 0 13 78 13 0 8 96 0 52 77 21 71 0 7 6 8 0 0 0 65 66 97 65 80 0 0 63 0 72 0 0 66 62 95 96 0 3 0 92 0 74 11 6 0 82 0 58 0 38 8 77 0 9 83 23 46 9 79 49 0 0 0 16 46 0 0 0 0 35 0 0 47 0 
0 0 93 0 0 0 7 7 79 0 27 70 60 7 44 56 0 0 81 0 21 87 3 0 37 24 0 0 41 21 0 0 0 76 0 0 47 0 19 0 0 94 39 0 0 45 73 46 96 70 30 39 0 73 6 0 58 0 46 69 0 0 47 63 35 3 73 23 4 0 87 8 2 0 1 74 53 0 21 0 0 0 60 76 15 0 88 0 25 0 65 0 14 0 42 84 78 0 0 0 
22 0 89 0 60 0 76 0 0 58 0 0 0 0 72 95 51 0 82 0 82 76 1 26 74 65 0 0 0 79 35 29 30 0 47 0 0 0 0 0 0 0 0 0 45 0 71 0 26 46 67 73 42 0 24 85 37 47 81 92 47 70 52 49 55 73 94 25 0 0 61 47 88 0 0 0 27 55 10 0 80 0 0 0 72 63 0 33 93 0 70 25 91 31 0 73 80 0 0 55 
25 21 68 31 0 0 73 40 28 37 25 87 0 0 0 0 16 0 86 38 13 0 38 78 57 0 0 53 63 21 71 41 0 69 60 53 63 0 2 53 92 33 0 65 73 71 0 60 0 60 90 90 57 0 37 0 56 24 4 67 7 91 0 0 0 8 38 96 0 67 28 33 0 93 0 26 39 84 0 56 0 0 88 71 13 0 22 94 98 0 87 1 10 0 0 3 37 18 32 78 
0 0 47 0 5 50 52 52 0 48 0 0 11 56 0 0 86 90 8 40 0 23 75 0 66 32 72 76 6 15 99 0 0 49 59 65 0 0 31 0 23 26 72 66 46 0 60 0 0 0 35 89 59 54 53 0 60 0 35 8 0 70 0 0 2 57 0 12 72 66 0 0 0 87 0 0 0 95 31 0 83 86 0 8 0 45 58 18 0 0 0 24 87 96 49 0 94 66 96 0 
11 0 0 86 82 0 46 48 0 94 87 37 0 20 0 0 56 30 0 22 0 87 66 44 37 10 94 31 0 64 0 6 87 49 0 0 65 0 0 0 0 0 65 97 96 26 0 0 0 26 0 53 46 99 72 0 24 43 9 3 28 49 66 44 34 43 0 0 19 71 0 0 99 48 0 0 82 73 98 0 0 33 24 53 3 0 39 0 76 0 42 75 100 12 24 0 17 0 18 0 
0 100 9 0 0 48 0 0 90 87 87 0 4 53 0 57 77 39 63 0 98 87 0 0 0 29 90 68 0 19 0 10 29 0 0 61 71 0 28 13 14 0 100 65 70 46 60 0 26 0 0 12 52 0 0 0 0 0 0 78 5 0 0 37 92 5 79 0 0 69 55 0 0 0 0 60 1 0 0 13 0 0 3 11 10 38 88 8 92 0 0 84 0 16 0 59 0 0 0 0 
0 0 0 55 9 0 10 38 0 62 0 25 0 38 74 100 12 95 34 0 0 26 53 0 96 90 72 0 0 0 93 67 26 80 0 42 31 41 0 67 65 0 21 80 30 67 90 35 0 0 0 8 100 0 55 22 88 40 20 0 98 0 23 100 68 0 18 0 0 0 17 0 90 0 87 0 87 12 50 0 0 82 96 35 0 71 10 31 81 63 0 0 41 0 16 0 0 0 50 72 
100 0 0 32 0 13 0 46 0 63 0 69 89 24 0 94 32 27 23 0 29 4 94 26 8 0 1 0 94 0 58 71 38 93 0 9 33 58 0 67 0 0 44 0 39 73 90 89 53 12 8 0 0 100 55 70 0 47 44 46 0 11 70 5 55 99 41 0 7 83 36 0 2 0 0 32 0 0 54 0 58 82 2 43 73 34 82 43 0 0 0 12 32 0 68 0 0 0 79 39 
93 0 0 58 0 61 0 8 20 96 75 36 49 45 14 45 37 92 88 58 49 93 63 0 0 0 0 0 0 63 53 0 80 41 0 80 12 90 92 84 0 24 0 0 0 42 57 59 46 52 100 0 0 94 44 38 92 2 52 83 89 3 7 0 66 0 5 2 0 75 0 0 99 65 2 0 60 0 0 0 19 91 82 43 0 0 14 0 87 15 9 0 81 0 35 73 49 0 31 0 
0 10 10 0 71 7 96 0 33 13 0 0 89 0 68 70 0 99 93 14 93 82 30 42 31 33 43 40 61 0 0 0 0 13 0 10 26 6 0 0 0 0 0 63 73 0 0 54 99 0 0 100 94 0 0 93 33 0 51 93 0 51 65 63 35 0 47 38 0 12 0 0 80 18 23 93 100 34 9 11 43 63 66 4 0 69 59 22 30 82 0 70 0 0 35 92 66 0 72 29 
90 76 0 65 48 0 3 0 52 0 49 42 87 35 43 0 0 0 16 0 8 0 92 93 0 44 0 72 0 0 19 53 73 59 57 0 55 0 76 26 0 28 22 0 6 24 37 53 72 0 55 55 44 0 0 40 0 21 0 0 83 0 21 37 92 59 0 0 0 0 69 47 6 32 35 0 87 36 0 54 54 12 17 80 62 0 0 10 0 0 96 0 78 0 74 0 0 0 0 0 
40 16 13 34 37 70 0 72 34 0 0 67 60 20 0 0 35 0 93 0 61 23 38 41 78 36 0 83 4 74 0 63 6 0 81 0 0 56 75 0 12 51 86 72 0 85 0 0 0 0 22 70 38 93 40 0 29 0 49 23 63 0 58 61 61 0 45 0 0 98 0 37 16 31 0 0 3 0 0 14 0 11 0 32 0 46 0 61 14 79 0 0 28 82 48 19 97 0 52 0 
35 27 74 0 0 0 0 91 12 76 33 18 0 72 0 20 36 0 0 82 88 0 95 40 91 78 47 84 60 0 0 89 8 45 40 11 52 26 89 0 88 57 57 0 58 37 56 60 24 0 88 0 92 33 0 29 0 10 69 0 0 44 74 14 0 0 25 0 0 84 65 0 87 4 0 34 41 46 59 0 64 82 44 0 92 44 82 48 98 19 1 53 0 37 0 0 38 92 0 97 
0 0 20 5 0 27 0 0 6 0 79 0 0 9 77 89 39 42 43 46 10 13 86 0 21 0 52 2 27 9 2 0 78 0 36 0 0 14 0 7 10 95 0 0 0 47 24 0 43 0 40 47 2 0 21 0 10 0 84 39 0 22 95 0 45 0 91 50 0 26 51 24 0 0 63 0 26 52 0 7 55 66 0 37 57 84 63 74 87 0 42 36 71 70 0 97 1 0 0 82 
34 41 0 53 0 0 0 14 57 12 23 43 0 0 88 23 35 34 0 0 0 26 39 80 38 28 34 92 34 64 38 0 79 57 0 94 0 59 29 0 3 18 0 66 46 81 4 35 9 0 20 44 52 51 0 49 69 84 0 95 4 0 0 0 0 94 100 57 16 35 0 100 0 92 97 46 52 0 17 49 2 30 56 91 13 0 3 36 54 65 88 0 0 0 0 0 80 44 18 3 
10 81 68 75 12 0 31 0 33 87 45 0 0 0 92 22 35 13 0 3 60 0 60 67 0 93 60 82 0 88 70 86 19 21 75 0 0 1 71 74 77 46 98 62 69 92 67 8 3 78 0 46 83 93 0 23 0 39 95 0 91 68 11 0 2 37 18 0 68 45 79 0 88 77 92 0 89 0 0 90 0 85 0 67 0 0 44 86 96 1 77 58 0 0 91 75 0 0 41 0 
0 93 0 77 0 0 0 33 49 17 0 87 5 58 0 47 69 11 39 0 0 0 71 12 60 6 0 0 29 0 98 87 22 84 53 33 60 57 88 0 63 34 94 95 0 47 7 0 28 5 98 0 89 0 83 63 0 0 4 91 0 1 31 50 0 50 0 64 3 13 34 17 0 0 74 0 5 42 82 63 63 29 96 0 65 0 68 36 0 69 13 42 97 0 0 91 0 54 37 53 
35 0 47 71 0 0 0 63 98 55 0 69 27 85 0 0 0 54 0 49 33 24 23 0 0 68 0 0 0 37 66 0 0 0 60 0 0 95 31 64 0 12 25 96 0 70 91 70 49 0 0 11 3 51 0 0 44 22 0 68 1 0 89 44 53 0 57 0 0 0 0 4 54 92 50 37 0 100 0 0 0 73 79 30 46 0 55 23 0 0 75 96 0 0 61 0 11 0 0 0 
73 0 0 30 0 53 0 10 97 4 0 0 0 36 0 39 70 49 79 68 0 0 38 0 87 47 16 0 0 8 0 0 91 1 28 0 0 0 20 77 0 10 11 0 47 52 0 0 66 0 23 70 7 65 21 58 74 95 0 11 31 89 0 0 0 87 12 87 75 32 20 86 54 4 0 85 38 52 4 29 56 59 42 68 43 90 33 93 1 0 0 49 0 54 0 0 40 0 0 33 
40 0 0 0 58 6 44 16 0 0 74 24 0 16 2 0 0 0 69 0 38 93 0 6 0 32 86 3 26 29 57 63 0 11 15 14 59 0 0 17 0 0 0 3 63 49 0 0 44 37 100 5 0 63 37 61 14 0 0 0 50 44 0 0 71 9 78 7 22 88 34 72 50 0 0 0 55 28 14 0 37 20 84 0 0 0 52 94 0 7 0 61 92 100 52 0 47 69 0 43 
94 0 87 0 0 0 25 16 77 81 0 67 42 12 49 34 71 0 96 0 99 0 50 20 43 96 21 0 0 89 20 8 31 0 72 6 99 0 63 70 59 81 57 0 35 55 0 2 34 92 68 55 66 35 92 61 0 45 0 2 0 53 0 71 0 0 62 20 0 0 51 19 13 0 38 0 84 82 83 84 0 86 13 94 0 0 73 52 22 72 0 0 53 65 54 40 72 0 0 2 
33 18 80 59 44 11 96 0 3 13 0 0 55 59 15 12 19 25 12 40 69 0 12 35 0 84 15 20 28 83 0 0 0 83 0 63 0 47 62 53 31 49 53 92 3 73 8 57 43 5 0 99 0 0 59 0 0 0 94 37 50 0 87 9 0 0 62 70 73 46 0 0 0 76 0 0 0 48 52 19 55 40 99 0 15 99 25 0 54 18 97 76 0 25 0 0 0 0 0 72 
91 54 10 0 0 88 52 0 43 72 0 0 60 61 38 57 16 92 82 0 0 0 82 14 0 81 51 0 10 8 0 39 42 0 0 0 0 0 23 0 50 4 13 0 73 94 38 0 0 79 18 41 5 47 0 45 25 91 100 18 0 57 12 78 62 62 0 12 38 34 0 0 93 0 31 32 0 64 0 63 26 99 0 1 0 0 0 4 12 70 45 69 0 18 2 31 0 32 0 0 
8 50 32 41 0 61 27 76 0 94 0 68 6 20 0 99 70 0 80 0 0 24 38 0 62 95 63 0 0 23 45 0 67 89 12 7 97 83 70 76 0 74 32 74 23 25 96 12 0 0 0 0 2 38 0 0 0 50 57 0 64 0 87 7 20 70 12 0 5 15 17 71 88 79 0 16 54 17 0 0 3 52 50 50 0 0 39 71 0 0 92 0 77 0 54 61 87 0 40 90 
77 72 67 5 0 24 0 53 0 65 0 8 82 5 98 58 93 0 54 0 87 69 0 62 93 33 32 87 30 28 0 28 49 0 0 63 72 61 84 0 0 0 0 11 4 0 0 72 19 0 0 7 0 0 0 0 0 0 16 68 3 0 75 22 0 73 38 5 0 31 32 3 0 100 0 44 0 85 11 0 36 0 0 0 61 0 0 0 84 66 0 0 96 19 0 74 0 0 62 49 
94 9 0 84 9 20 0 0 0 22 0 12 56 28 46 0 50 0 50 79 18 35 49 34 4 0 73 85 0 53 74 0 30 36 43 0 0 0 0 9 17 22 6 6 0 0 67 66 71 69 0 83 75 12 0 98 84 26 35 45 13 0 32 88 0 46 34 15 31 0 92 43 47 49 0 63 75 13 62 0 0 70 97 0 61 58 44 0 0 27 31 92 68 0 74 0 41 0 71 77 
0 26 85 0 0 34 19 0 0 37 0 67 19 6 86 15 96 93 0 0 12 81 43 0 0 35 0 0 0 21 62 30 0 81 94 82 23 8 0 36 60 28 78 0 87 61 28 0 0 55 17 36 0 0 69 0 65 51 0 79 34 0 20 34 51 0 0 17 32 92 0 57 72 0 17 0 28 28 40 88 0 0 54 99 0 26 58 33 0 98 0 95 0 0 69 99 0 57 0 0 
79 11 23 51 0 12 39 4 0 0 83 58 0 36 0 10 97 74 49 13 0 12 18 0 64 70 0 0 48 16 0 0 32 30 42 37 59 64 99 0 11 97 26 82 8 47 33 0 0 0 0 0 0 0 47 37 0 24 100 0 17 4 86 72 19 0 0 71 3 43 57 0 55 92 0 33 85 0 0 85 38 0 55 81 28 66 25 7 94 75 4 6 45 56 0 0 19 9 21 94 
0 56 0 0 53 41 43 0 40 0 0 0 65 0 0 0 86 0 0 27 0 84 0 35 0 74 74 0 21 54 70 0 34 0 0 12 45 38 63 0 11 47 50 0 2 88 0 0 99 0 90 2 99 80 6 16 87 0 0 88 0 54 54 50 13 0 93 88 0 47 72 55 0 0 0 23 0 62 76 95 0 51 0 16 79 70 44 0 55 56 91 84 0 18 36 0 74 91 97 62 
57 0 60 96 60 5 0 0 10 5 0 48 52 61 0 18 0 0 63 47 0 43 97 16 45 64 0 63 0 38 64 51 0 0 0 82 99 0 23 0 12 74 0 58 0 0 93 87 48 0 0 0 65 18 32 31 4 0 92 77 0 92 4 0 0 76 0 79 100 49 0 92 0 0 12 52 0 0 84 0 0 0 0 17 10 55 0 99 29 79 34 0 0 13 0 91 0 28 65 25 
0 0 24 0 0 87 51 54 20 0 0 51 0 46 0 0 45 0 0 83 15 60 90 64 0 52 0 0 0 93 95 92 0 20 0 0 0 56 89 96 40 24 69 0 1 0 0 0 0 0 87 0 2 23 35 0 0 63 97 92 74 50 0 0 38 0 31 0 0 0 17 0 0 12 0 0 94 59 78 2 93 20 83 0 100 29 72 0 0 12 0 0 45 84 46 0 0 40 90 44 
40 69 33 25 0 0 62 29 7 22 0 73 0 0 65 0 3 0 14 96 0 23 0 30 59 45 0 49 0 0 81 75 21 0 99 85 34 0 10 45 16 0 66 38 74 0 26 0 0 60 0 32 0 93 0 0 34 0 46 0 0 37 85 0 0 0 32 16 44 63 0 33 23 52 0 0 0 65 71 37 0 0 17 18 76 25 80 0 53 0 0 15 30 49 37 0 95 0 33 34 
65 0 0 0 50 0 7 25 29 0 0 71 31 0 39 18 0 0 98 56 59 0 0 0 61 0 45 51 0 58 70 39 100 0 82 9 0 19 0 0 72 50 0 8 53 27 39 0 82 1 87 0 60 100 87 3 41 26 52 89 5 0 38 55 84 0 0 54 0 75 28 85 0 0 94 0 0 12 69 0 0 1 49 0 5 40 0 8 93 0 41 58 29 0 77 11 13 0 33 0 
0 0 31 0 21 38 0 0 71 52 0 74 0 35 50 60 0 0 12 45 0 34 0 62 6 0 4 92 61 0 83 41 32 0 0 0 36 77 7 0 62 0 0 77 0 55 84 95 73 0 12 0 0 34 36 0 46 52 0 0 42 100 52 28 82 48 64 17 85 13 28 0 62 0 59 65 12 0 0 0 0 0 26 63 78 63 20 23 0 40 79 56 0 91 26 22 0 33 70 72 
37 0 90 0 58 0 24 0 0 10 0 0 0 46 28 55 96 0 7 1 67 98 50 94 48 75 74 0 0 31 77 0 24 7 31 0 87 44 0 0 64 38 6 0 21 10 0 31 98 0 50 54 0 9 0 0 59 0 17 0 82 0 4 14 83 52 0 0 11 62 40 0 76 84 78 71 69 0 0 22 51 70 26 61 0 46 13 65 100 65 33 34 41 85 20 47 0 0 66 0 
0 0 0 0 0 0 0 56 0 6 51 26 0 0 0 35 95 0 40 63 0 99 0 99 83 0 68 0 0 0 67 29 0 56 54 0 0 0 0 0 77 72 32 9 0 0 56 0 0 13 0 0 0 11 54 14 0 7 49 90 63 0 29 0 84 19 63 0 0 0 88 85 95 0 2 37 0 0 22 0 21 77 95 0 6 45 91 0 0 62 0 0 90 42 0 16 23 75 81 97 
0 53 0 0 0 40 0 44 0 84 48 21 0 27 8 0 2 0 53 0 0 0 99 6 50 54 0 0 0 0 0 38 95 0 38 0 53 69 0 8 0 63 0 83 0 80 0 83 0 0 0 58 19 43 54 0 64 55 2 0 63 0 56 37 0 55 26 3 36 0 0 38 0 0 93 0 0 0 51 21 0 0 0 36 51 39 0 10 0 16 0 31 64 41 0 83 43 41 0 23 
74 0 10 22 74 88 99 0 16 0 0 24 0 0 0 23 80 37 23 0 0 89 96 6 57 0 90 67 68 89 79 0 35 0 64 86 43 51 62 23 0 0 78 23 0 0 0 86 33 0 82 82 91 63 12 11 82 66 30 85 29 73 59 20 86 40 99 52 0 70 0 0 51 0 20 0 1 0 70 77 0 0 60 77 0 75 0 66 64 15 59 0 62 12 50 52 15 0 36 49 
67 28 0 90 0 50 69 0 50 66 0 49 11 0 0 0 43 0 30 0 30 63 36 0 97 19 0 0 36 12 32 92 31 3 74 93 31 0 0 0 48 98 29 46 60 0 88 0 24 3 96 2 82 66 17 0 44 0 56 0 96 79 42 84 13 99 0 50 0 97 54 55 0 0 83 17 49 26 26 95 0 60 0 90 0 54 0 44 20 66 17 86 15 37 0 13 70 93 83 0 
8 62 19 16 66 94 46 0 61 0 27 0 8 97 12 0 55 92 0 57 36 0 0 13 87 51 0 43 65 67 0 62 0 0 46 41 0 64 0 4 71 77 0 9 76 0 71 8 53 11 35 43 43 4 80 32 0 37 91 67 0 30 68 0 94 0 1 50 0 0 99 81 16 17 0 18 0 63 61 0 36 77 90 0 14 68 0 0 6 0 60 76 32 72 60 3 0 81 52 0 
0 58 20 66 0 48 0 16 0 0 44 34 54 0 27 55 42 18 0 20 82 10 70 0 0 54 26 0 96 32 80 20 0 0 96 38 0 30 0 30 0 55 59 79 15 72 13 0 3 10 0 73 0 0 62 0 92 57 13 0 65 46 43 0 0 15 0 0 61 61 0 28 79 10 100 76 5 78 0 6 51 0 0 14 0 36 80 36 48 86 48 0 91 0 0 17 50 64 0 73 
81 10 68 71 0 50 22 14 56 31 33 0 23 0 54 0 59 0 88 0 32 0 98 16 16 6 26 0 12 46 92 73 63 1 0 84 0 68 42 49 62 76 71 49 0 63 0 45 0 38 71 34 0 69 0 46 44 84 0 0 0 0 90 0 0 99 0 0 0 58 26 66 70 55 29 25 40 63 46 45 39 75 54 68 36 0 0 54 15 38 54 2 61 0 0 0 64 0 19 0 
22 56 0 62 0 0 0 76 29 0 0 0 0 100 23 96 17 0 12 75 92 94 31 93 54 99 17 84 0 37 24 74 48 94 0 9 0 43 85 0 52 72 9 0 88 0 22 58 39 88 10 82 14 59 0 0 82 63 3 44 68 55 33 52 73 25 0 39 0 44 58 25 44 0 72 80 0 20 13 91 0 0 0 0 80 0 0 0 73 54 11 0 38 74 24 15 30 2 0 53 
0 0 37 52 74 0 0 54 97 0 69 0 25 13 0 30 94 69 39 0 0 0 0 69 79 0 90 0 67 93 76 0 0 0 0 80 0 86 0 0 21 0 25 0 0 33 94 18 0 8 31 43 0 22 10 61 48 74 36 86 36 23 93 94 52 0 4 71 0 0 33 7 0 99 0 0 8 23 65 0 10 66 44 0 36 54 0 0 21 14 39 0 5 70 0 0 95 0 65 0 
59 61 58 0 0 24 68 72 0 0 11 0 0 80 69 96 33 15 0 9 100 12 0 10 37 62 28 98 73 25 91 85 0 0 65 0 28 34 21 0 39 0 0 0 25 93 98 0 76 92 81 0 87 30 0 14 98 87 54 96 0 0 1 0 22 54 12 0 84 0 0 94 55 29 0 53 93 0 100 0 0 64 20 6 48 15 73 21 0 0 0 0 17 0 79 9 0 0 0 70 
0 67 41 28 72 0 0 13 0 25 1 0 0 3 44 24 40 0 4 56 0 54 55 98 0 0 50 53 98 23 95 0 15 0 0 56 95 15 67 64 59 74 33 16 0 0 0 0 0 0 63 0 15 82 0 79 19 0 65 1 69 0 0 7 72 18 70 0 66 27 98 75 56 79 12 0 0 40 65 62 16 15 66 0 86 38 54 14 0 0 49 94 90 89 81 17 0 94 74 54 
0 23 25 0 50 15 55 0 98 13 22 20 13 0 0 52 5 69 87 0 0 61 0 9 0 0 27 23 0 21 0 0 0 0 100 93 0 76 2 31 62 0 0 46 65 70 87 0 42 0 0 0 9 0 96 0 1 42 88 77 13 75 0 0 0 97 45 92 0 31 0 4 91 34 0 0 41 79 33 0 0 59 17 60 48 54 11 39 0 49 0 0 9 31 0 71 0 61 91 81 
59 0 0 25 0 84 36 0 12 0 54 19 33 0 70 60 0 0 0 0 100 0 10 5 23 0 90 0 75 11 13 0 13 0 20 14 0 56 54 18 0 0 0 0 0 25 1 24 75 84 0 12 0 70 0 0 53 36 0 58 42 96 49 61 0 76 69 0 0 92 95 6 84 0 0 15 58 56 34 0 31 0 86 76 0 2 0 0 0 94 0 0 16 61 0 25 0 0 2 0 
65 0 23 10 0 67 0 0 51 77 35 0 0 52 49 71 21 90 36 64 39 67 0 50 0 50 51 45 0 78 59 0 67 0 0 9 23 91 74 4 45 11 0 0 14 91 10 87 100 0 41 32 81 0 78 28 0 71 0 0 97 0 0 92 53 0 0 77 96 68 0 45 0 0 45 30 29 0 41 90 64 62 15 32 91 61 38 5 17 90 9 16 0 48 11 12 0 31 0 32 
37 23 0 10 6 0 38 26 34 82 17 56 40 0 93 68 0 55 26 60 28 29 0 58 46 51 28 9 54 75 25 24 18 7 46 7 79 1 71 86 99 32 75 0 0 31 0 96 12 16 0 0 0 0 0 82 37 70 0 0 0 0 54 100 65 25 18 0 19 0 0 56 18 13 84 49 0 91 85 42 41 12 37 72 0 0 74 70 0 89 31 61 48 0 0 0 0 0 0 51 
70 5 8 0 72 69 87 0 0 35 0 0 0 88 85 43 0 0 9 56 0 69 12 0 13 71 14 0 0 99 34 66 42 74 0 16 56 0 0 51 87 0 53 0 42 0 0 49 24 0 16 68 35 35 74 48 0 0 0 91 0 61 0 52 54 0 2 54 0 74 69 0 36 0 46 37 77 26 20 0 0 50 0 60 0 0 24 0 79 81 0 0 11 0 0 46 0 0 78 73 
60 100 54 3 0 42 0 87 31 0 77 4 99 0 72 66 73 97 87 95 62 50 46 97 0 0 54 26 0 96 9 66 0 36 0 71 97 54 56 92 22 44 0 35 84 73 3 0 0 59 0 0 73 92 0 19 0 97 0 75 91 0 0 0 40 0 31 61 74 0 99 0 0 91 0 0 11 22 47 16 83 52 13 3 17 0 15 0 9 17 71 25 12 0 46 0 3 63 96 56 
62 9 0 0 0 0 16 0 51 0 56 65 0 68 0 83 66 90 58 0 76 42 0 88 0 63 2 71 70 0 0 88 20 72 0 0 74 22 50 85 80 44 73 0 78 80 37 94 17 0 0 0 49 66 0 97 38 1 80 0 0 11 40 47 72 0 0 87 0 41 0 19 74 0 0 95 13 0 0 23 43 15 70 0 50 64 30 95 0 0 0 0 0 0 0 3 0 11 77 25 
0 90 27 1 13 67 35 0 0 28 99 0 0 87 0 0 1 0 29 44 0 53 33 0 0 0 0 56 89 68 11 41 65 64 0 0 45 0 28 0 0 82 0 0 0 0 18 66 0 0 0 0 0 0 0 0 92 0 44 0 54 0 0 69 0 0 32 0 0 0 57 9 91 28 40 0 0 33 0 75 41 0 93 81 64 0 2 0 0 94 61 0 31 0 0 63 11 0 50 0 
53 13 0 0 0 7 0 54 0 44 89 0 87 0 79 62 0 94 0 0 39 88 0 92 0 0 53 51 78 43 0 62 0 48 6 49 0 89 8 40 0 17 0 47 0 0 32 96 18 0 50 79 31 72 0 52 0 0 18 41 37 0 0 0 0 0 0 40 62 71 0 21 97 65 90 33 33 70 66 81 0 36 83 52 0 19 0 65 0 74 91 2 0 0 78 96 77 50 0 0 
0 46 91 33 19 74 41 0 56 92 96 93 0 90 21 0 0 0 6 66 61 0 47 91 0 0 0 35 100 78 11 0 0 56 80 94 77 53 49 0 46 0 30 0 0 55 78 0 0 0 72 39 0 29 0 0 97 82 3 0 53 0 33 43 2 72 0 90 49 77 0 94 62 25 44 34 0 72 0 97 23 49 0 0 73 0 53 0 70 54 81 0 32 51 73 56 25 0 0 0 
