0 0 75 0 62 38 0 0 83 3 50 51 0 0 0 80 0 65 43 18 51 9 98 51 8 89 58 23 35 68 0 49 0 94 41 33 67 77 94 97 29 16 59 23 0 0 77 71 16 83 64 0 23 3 0 22 0 97 14 0 60 0 91 0 95 11 41 3 56 25 89 0 72 53 29 72 10 24 70 18 0 91 39 72 8 51 0 38 96 0 72 44 15 25 71 4 50 22 41 73 
0 0 0 0 35 97 17 17 5 77 34 3 77 0 95 0 31 40 20 50 37 63 0 24 0 11 0 0 25 71 78 65 73 79 0 18 0 22 17 80 2 47 17 50 16 44 0 39 84 25 49 0 0 11 0 23 22 6 37 29 32 0 0 59 9 75 89 37 0 7 60 59 62 60 0 42 43 79 95 14 64 81 0 0 0 0 8 82 11 9 29 42 1 0 96 27 0 8 4 78 
75 0 0 45 0 2 83 92 50 15 42 65 32 28 0 83 68 53 39 52 15 49 78 74 23 20 70 0 3 78 47 77 0 20 0 8 16 72 19 94 41 14 67 0 49 76 90 0 92 43 51 0 14 0 83 87 34 41 6 28 92 0 0 35 0 74 49 15 0 7 88 25 0 68 100 2 0 98 0 4 23 21 0 0 67 82 57 10 27 32 46 61 66 36 0 14 89 54 11 14 
0 0 45 0 4 93 0 59 8 98 46 50 63 71 73 25 30 16 43 85 49 25 87 29 24 98 92 6 45 95 30 78 53 78 61 47 81 34 98 0 6 7 52 87 42 10 50 19 0 71 62 0 21 35 8 34 0 42 27 59 74 15 15 44 2 11 51 69 80 17 79 2 49 67 48 51 25 0 80 83 72 16 0 48 55 17 93 15 70 24 17 41 74 0 76 89 14 25 35 68 
62 35 0 4 0 25 16 62 54 28 0 42 0 87 95 64 80 88 77 14 0 68 36 48 43 37 0 97 83 0 25 57 67 0 52 19 17 44 0 76 8 59 48 33 30 8 6 61 37 3 0 21 0 91 55 40 0 0 50 98 75 0 96 49 0 73 96 0 24 0 60 0 87 39 97 52 0 2 56 0 0 57 33 24 6 91 95 87 0 23 0 22 13 0 92 0 90 86 27 27 
38 97 2 93 25 0 0 69 16 75 49 16 1 0 94 44 50 68 69 96 0 83 41 0 74 90 48 76 66 60 16 35 100 38 8 59 18 100 52 98 43 39 86 11 35 39 0 60 0 85 66 0 87 34 0 26 0 57 66 7 0 12 85 46 46 33 82 99 75 89 86 0 29 57 35 32 34 96 0 56 14 56 11 97 54 15 24 11 8 89 57 0 36 32 8 47 51 0 34 67 
0 17 83 0 16 0 0 46 25 70 6 11 34 0 59 97 89 0 28 0 0 35 94 37 96 0 72 60 17 0 52 38 4 2 45 48 60 4 29 88 0 0 4 49 88 61 18 26 95 44 93 23 25 0 69 0 86 29 47 88 32 67 12 41 31 0 17 71 90 24 9 20 0 1 0 0 0 52 0 51 75 2 22 0 88 0 90 45 97 44 64 0 0 44 75 0 0 21 100 0 
0 17 92 59 62 69 46 0 25 77 23 62 8 15 25 95 2 0 0 72 37 2 14 85 24 3 0 56 47 0 59 91 16 17 76 75 79 86 51 65 42 3 39 45 88 8 66 20 98 0 78 80 99 70 0 74 0 0 11 37 29 72 39 77 0 14 0 23 50 56 93 65 22 63 78 69 7 87 0 73 27 69 17 24 0 16 98 49 56 47 32 49 2 0 83 12 0 75 54 52 
83 5 50 8 54 16 25 25 0 15 56 8 85 56 29 53 55 64 86 58 94 25 39 69 8 40 10 14 51 80 37 89 87 78 36 23 24 50 0 72 15 52 69 0 96 14 58 77 46 61 32 13 64 7 0 84 55 14 34 89 93 66 38 77 57 6 26 90 41 0 18 53 85 67 0 0 86 0 27 85 35 0 32 0 0 29 2 0 0 80 65 0 14 45 0 0 15 21 12 0 
3 77 15 98 28 75 70 77 15 0 30 34 27 6 0 63 38 37 38 83 0 93 6 14 0 95 0 0 23 32 0 0 0 91 0 65 41 65 50 50 96 93 35 0 8 6 0 29 16 67 45 66 25 6 6 3 80 0 55 41 47 15 41 0 96 94 8 57 43 57 58 7 89 89 58 54 9 17 94 24 0 87 52 100 76 3 24 28 1 60 39 36 0 0 52 0 57 63 89 54 
50 34 42 46 0 49 6 23 56 30 0 84 75 3 14 77 58 68 24 69 96 91 64 38 22 27 8 93 0 10 0 40 72 16 6 4 87 0 0 6 14 54 20 0 81 0 57 80 46 14 46 71 64 37 26 100 12 88 0 7 68 95 88 49 37 65 29 0 63 86 0 95 5 40 17 63 20 90 8 83 22 99 100 66 61 0 0 42 32 0 84 54 0 72 67 91 0 59 0 9 
51 3 65 50 42 16 11 62 8 34 84 0 1 19 0 21 50 71 47 100 14 0 38 63 6 83 26 77 93 7 83 50 56 68 34 40 10 62 77 69 51 86 11 10 20 15 64 24 76 86 56 33 93 72 29 72 57 48 90 41 55 0 44 66 19 0 0 51 74 59 81 37 90 6 9 55 14 11 57 43 100 85 0 0 86 69 92 26 90 61 77 82 88 0 19 3 27 41 0 11 
0 77 32 63 0 1 34 8 85 27 75 1 0 63 41 50 71 55 54 7 66 32 23 4 50 34 9 0 11 94 99 4 0 98 0 3 54 83 10 0 97 56 32 0 46 79 98 0 19 16 6 17 0 35 0 16 1 31 7 58 77 37 81 40 19 58 47 0 45 0 0 0 69 92 0 59 50 81 63 85 62 47 24 3 96 27 33 0 33 71 42 47 63 0 13 98 0 63 0 84 
0 0 28 71 87 0 0 15 56 6 3 19 63 0 0 18 95 39 13 65 24 64 0 32 93 16 0 9 89 98 99 58 23 30 55 74 0 17 16 99 94 0 18 81 94 0 0 88 100 45 22 32 0 27 8 32 0 7 71 37 64 82 3 30 81 18 88 0 48 53 49 2 30 0 52 35 0 0 0 90 12 80 57 0 0 43 7 0 58 52 91 27 40 0 89 0 0 0 19 98 
0 95 0 73 95 94 59 25 29 0 14 0 41 0 0 27 72 71 64 76 52 0 58 31 2 0 45 91 86 100 0 53 20 71 95 99 21 70 0 94 23 86 82 47 74 53 85 51 0 0 35 47 21 37 27 0 5 0 17 0 0 57 39 39 0 92 42 40 94 61 0 85 0 98 67 7 61 36 0 46 0 0 35 0 13 54 7 66 49 40 89 0 19 0 82 38 82 98 18 93 
80 0 83 25 64 44 97 95 53 63 77 21 50 18 27 0 70 68 82 27 0 0 8 89 78 0 83 50 54 36 100 15 6 0 29 67 67 93 57 6 0 0 8 17 25 34 56 4 24 27 97 44 0 0 3 65 0 56 1 100 37 60 92 65 51 4 28 74 86 68 47 96 88 91 91 89 0 3 44 84 96 90 0 83 73 39 63 91 60 12 46 0 49 0 0 0 97 46 0 15 
0 31 68 30 80 50 89 2 55 38 58 50 71 95 72 70 0 55 0 92 15 96 0 6 72 20 26 26 100 47 0 35 96 73 11 61 46 34 26 69 49 78 0 88 63 0 87 0 12 98 41 36 0 26 13 25 0 51 0 89 56 86 56 18 77 52 49 0 30 97 15 2 22 3 96 23 85 13 56 73 0 64 35 0 18 71 2 0 33 92 78 12 13 0 46 94 14 79 2 0 
65 40 53 16 88 68 0 0 64 37 68 71 55 39 71 68 55 0 0 74 73 72 32 54 0 31 0 0 5 38 80 13 86 0 99 95 60 79 49 0 0 35 30 0 41 9 0 35 55 81 64 31 89 44 9 16 0 56 0 42 77 10 80 8 0 9 36 62 23 51 5 50 88 87 82 65 81 0 0 96 84 0 99 75 26 68 68 0 73 0 35 28 94 66 68 9 0 67 0 16 
43 20 39 43 77 69 28 0 86 38 24 47 54 13 64 82 0 0 0 30 0 73 94 95 15 17 19 76 59 3 8 63 1 0 94 33 53 47 95 55 0 0 35 61 23 8 55 94 71 62 80 43 54 68 0 1 0 25 37 42 0 0 0 0 4 52 97 34 73 33 26 34 0 97 42 60 87 0 0 92 49 58 0 0 77 0 75 32 47 82 86 16 59 67 46 98 97 0 0 22 
18 50 52 85 14 96 0 72 58 83 69 100 7 65 76 27 92 74 30 0 83 54 55 26 12 43 57 56 93 0 63 45 77 87 75 4 46 0 49 12 0 64 43 61 79 42 6 96 95 52 72 64 56 0 39 23 72 96 96 11 0 0 29 63 63 61 0 0 73 22 100 73 38 0 50 56 0 42 67 92 78 93 75 98 0 95 76 0 80 36 0 59 97 74 97 9 50 49 67 0 
51 37 15 49 0 0 0 37 94 0 96 14 66 24 52 0 15 73 0 83 0 69 68 93 55 96 85 86 0 53 18 0 67 60 81 15 0 15 2 92 29 30 55 45 61 29 87 67 86 23 65 5 72 74 69 100 0 60 54 46 49 0 54 60 0 99 0 0 44 35 74 56 83 0 84 50 41 4 54 95 41 93 0 6 31 66 44 86 28 0 0 73 25 19 9 0 0 0 45 66 
9 63 49 25 68 83 35 2 25 93 91 0 32 64 0 0 96 72 73 54 69 0 88 93 23 79 75 3 0 61 44 89 52 54 0 96 83 0 0 31 40 80 72 14 21 36 53 50 89 41 35 36 66 54 53 5 66 77 94 69 56 34 60 98 21 45 90 64 63 62 83 84 6 17 0 64 0 5 73 28 15 63 28 15 75 6 29 79 59 0 0 20 19 72 50 6 65 57 90 18 
98 0 78 87 36 41 94 14 39 6 64 38 23 0 58 8 0 32 94 55 68 88 0 24 80 18 85 5 37 48 83 55 20 60 60 76 19 55 86 0 39 0 0 59 84 1 67 0 87 90 13 51 87 0 82 60 54 53 13 95 4 49 75 54 99 47 74 8 30 31 73 0 85 33 11 35 0 48 72 15 17 0 24 83 80 72 23 66 11 12 0 59 64 98 34 5 36 55 0 33 
51 24 74 29 48 0 37 85 69 14 38 63 4 32 31 89 6 54 95 26 93 93 24 0 59 37 96 14 68 35 35 0 50 86 56 2 65 62 56 14 0 33 58 80 15 11 45 50 0 0 21 48 98 75 91 78 77 1 47 75 41 0 11 80 66 22 42 89 70 40 0 4 60 80 94 0 33 50 74 83 21 45 28 97 30 17 95 88 21 0 13 2 51 8 53 92 77 28 53 93 
8 0 23 24 43 74 96 24 8 0 22 6 50 93 2 78 72 0 15 12 55 23 80 59 0 41 0 90 75 69 0 47 0 0 24 31 93 25 19 43 37 19 47 10 5 51 17 91 89 89 12 11 76 92 80 68 42 65 92 52 55 72 9 65 80 51 9 59 7 51 20 0 40 11 75 51 0 42 100 4 71 0 78 94 43 35 4 77 99 70 0 0 92 0 38 96 57 0 71 0 
89 11 20 98 37 90 0 3 40 95 27 83 34 16 0 0 20 31 17 43 96 79 18 37 41 0 19 0 39 16 29 7 0 5 26 48 0 79 55 2 84 68 57 0 0 80 0 87 7 0 60 9 46 61 10 74 61 93 73 75 9 59 0 68 73 21 5 18 0 70 40 91 28 59 0 0 74 58 95 6 14 36 0 0 1 14 90 58 68 36 36 85 85 0 68 52 0 0 77 100 
58 0 70 92 0 48 72 0 10 0 8 26 9 0 45 83 26 0 19 57 85 75 85 96 0 19 0 81 6 3 14 97 47 11 14 88 26 11 14 12 90 30 46 0 75 21 0 97 37 0 62 84 95 0 53 33 36 0 68 16 65 0 77 70 0 87 84 96 41 47 24 30 0 96 64 28 0 3 89 30 0 32 42 82 0 95 64 0 38 0 0 77 73 67 0 81 10 53 78 60 
23 0 0 6 97 76 60 56 14 0 93 77 0 9 91 50 26 0 76 56 86 3 5 14 90 0 81 0 38 0 48 0 0 0 0 60 36 46 27 46 36 24 34 88 4 66 98 0 2 34 76 80 47 91 90 34 26 47 66 39 41 48 21 10 2 78 26 11 82 0 0 83 34 42 51 99 55 0 94 98 83 86 6 98 31 0 99 31 0 44 48 28 55 27 0 67 10 3 77 23 
35 25 3 45 83 66 17 47 51 23 0 93 11 89 86 54 100 5 59 93 0 0 37 68 75 39 6 38 0 90 0 97 0 75 72 64 13 52 27 53 42 99 87 7 36 98 0 93 21 95 95 2 3 4 0 34 71 0 12 23 40 78 36 81 21 22 68 78 85 0 80 41 6 99 86 0 56 60 64 57 0 19 85 98 43 78 5 0 0 75 100 93 74 22 76 0 8 18 28 51 
68 71 78 95 0 60 0 0 80 32 10 7 94 98 100 36 47 38 3 0 53 61 48 35 69 16 3 0 90 0 13 45 80 71 16 88 4 71 57 59 7 0 95 0 51 0 30 0 79 62 60 39 0 0 0 43 45 76 67 0 0 57 45 22 0 70 11 0 56 29 94 89 84 43 87 59 94 0 20 28 93 56 4 68 73 49 20 23 22 38 71 35 0 3 57 10 0 11 37 16 
0 78 47 30 25 16 52 59 37 0 0 83 99 99 0 100 0 80 8 63 18 44 83 35 0 29 14 48 0 13 0 32 57 100 0 14 0 70 18 0 36 1 49 0 67 0 11 0 71 8 74 74 40 0 34 52 0 61 44 61 9 84 20 24 75 70 0 96 4 9 71 47 19 94 78 77 0 78 0 76 0 90 0 27 64 0 40 0 16 0 84 13 54 32 24 70 2 0 24 0 
49 65 77 78 57 35 38 91 89 0 40 50 4 58 53 15 35 13 63 45 0 89 55 0 47 7 97 0 97 45 32 0 0 35 0 71 87 97 46 91 21 0 0 85 88 0 0 11 69 21 1 26 38 35 87 39 0 17 0 0 98 73 8 0 26 41 79 56 22 80 48 82 63 6 0 25 36 60 100 83 41 94 73 0 3 0 48 62 20 11 0 66 18 0 87 29 99 30 31 24 
0 73 0 53 67 100 4 16 87 0 72 56 0 23 20 6 96 86 1 77 67 52 20 50 0 0 47 0 0 80 57 0 0 28 0 39 56 0 71 0 16 0 49 65 35 83 92 7 0 69 0 69 6 68 56 0 57 91 0 48 78 53 21 26 23 24 57 57 98 0 48 43 35 26 21 0 66 83 49 90 18 0 20 90 27 50 41 99 8 0 13 0 10 84 0 66 3 50 44 52 
94 79 20 78 0 38 2 17 78 91 16 68 98 30 71 0 73 0 0 87 60 54 60 86 0 5 11 0 75 71 100 35 28 0 0 0 29 35 37 0 27 0 0 0 17 0 51 79 6 3 44 0 0 0 99 83 83 0 0 0 3 91 53 0 51 31 98 0 64 0 69 84 46 0 1 77 19 13 84 57 13 37 76 0 0 26 66 0 35 49 67 0 51 44 62 80 0 0 41 41 
41 0 0 61 52 8 45 76 36 0 6 34 0 55 95 29 11 99 94 75 81 0 60 56 24 26 14 0 72 16 0 0 0 0 0 30 0 30 14 65 70 19 11 38 19 44 34 0 67 68 4 48 17 61 84 46 89 0 50 33 19 0 53 0 97 17 1 0 89 98 100 24 0 35 58 13 0 85 1 52 88 65 0 98 0 15 13 93 0 14 59 46 3 95 38 1 99 20 0 18 
33 18 8 47 19 59 48 75 23 65 4 40 3 74 99 67 61 95 33 4 15 96 76 2 31 48 88 60 64 88 14 71 39 0 30 0 0 11 7 79 99 98 51 61 0 24 55 93 69 0 84 30 34 43 25 55 39 47 43 80 0 60 37 20 81 0 100 55 83 6 10 38 36 4 14 20 42 59 76 99 0 59 24 62 71 16 11 0 61 28 91 60 0 28 4 69 88 27 38 25 
67 0 16 81 17 18 60 79 24 41 87 10 54 0 21 67 46 60 53 46 0 83 19 65 93 0 26 36 13 4 0 87 56 29 0 0 0 0 94 82 98 62 78 0 53 99 63 60 50 95 73 7 17 40 59 37 43 91 56 85 3 2 60 96 29 6 14 18 0 16 53 33 0 79 90 88 69 0 34 46 12 58 80 98 35 19 7 22 50 86 0 35 0 72 97 0 10 98 12 31 
77 22 72 34 44 100 4 86 50 65 0 62 83 17 70 93 34 79 47 0 15 0 55 62 25 79 11 46 52 71 70 97 0 35 30 11 0 0 45 0 83 76 14 10 99 53 25 64 61 0 14 100 49 65 7 0 45 59 0 3 28 80 0 0 0 0 35 0 8 41 58 93 0 55 54 22 0 0 90 39 58 96 9 36 58 11 45 52 85 14 0 78 82 27 97 71 0 11 0 45 
94 17 19 98 0 52 29 51 0 50 0 77 10 16 0 57 26 49 95 49 2 0 86 56 19 55 14 27 27 57 18 46 71 37 14 7 94 45 0 0 100 91 29 23 48 0 3 80 99 38 12 63 64 72 38 89 0 29 0 2 0 0 0 87 26 0 56 5 0 20 3 8 3 34 16 99 76 58 16 83 35 0 0 70 86 0 6 13 79 63 63 44 71 7 12 0 74 42 2 85 
97 80 94 0 76 98 88 65 72 50 6 69 0 99 94 6 69 0 55 12 92 31 0 14 43 2 12 46 53 59 0 91 0 0 65 79 82 0 0 0 43 9 31 46 64 0 65 100 10 0 31 98 0 95 57 53 36 0 64 14 17 92 91 99 17 41 0 11 92 0 25 27 93 31 91 0 0 17 88 71 47 0 0 11 76 0 66 30 55 0 0 93 32 0 91 5 63 74 0 21 
29 2 41 6 8 43 0 42 15 96 14 51 97 94 23 0 49 0 0 0 29 40 39 0 37 84 90 36 42 7 36 21 16 27 70 99 98 83 100 43 0 27 90 72 0 61 22 21 14 0 82 22 24 5 52 20 46 11 79 57 86 5 63 5 0 0 0 25 78 4 23 62 0 0 2 0 72 53 24 6 45 51 36 0 77 56 28 89 80 0 75 11 15 0 58 74 68 53 41 52 
16 47 14 7 59 39 0 3 52 93 54 86 56 0 86 0 78 35 0 64 30 80 0 33 19 68 30 24 99 0 1 0 0 0 19 98 62 76 91 9 27 0 10 62 45 0 0 0 35 55 4 29 78 63 52 85 0 0 0 0 76 55 79 55 73 0 55 78 0 3 0 27 94 89 18 39 0 86 95 63 53 22 40 0 0 71 54 47 0 0 83 70 0 77 96 18 0 7 1 43 
59 17 67 52 48 86 4 39 69 35 20 11 32 18 82 8 0 30 35 43 55 72 0 58 47 57 46 34 87 95 49 0 49 0 11 51 78 14 29 31 90 10 0 48 75 0 22 0 18 13 71 43 30 82 61 97 6 98 0 92 42 43 0 81 0 0 0 0 13 94 46 31 35 36 69 75 0 60 0 75 0 23 28 32 7 0 0 95 39 32 5 0 16 62 31 12 32 0 96 60 
23 50 0 87 33 11 49 45 0 0 0 10 0 81 47 17 88 0 61 61 45 14 59 80 10 0 0 88 7 0 0 85 65 0 38 61 0 10 23 46 72 62 48 0 76 0 96 51 0 36 50 35 76 0 0 11 9 33 47 0 81 3 0 24 84 56 31 0 50 14 31 51 74 56 32 57 57 15 38 0 16 24 38 0 63 15 50 47 37 15 23 0 75 2 74 38 90 35 25 97 
0 16 49 42 30 35 88 88 96 8 81 20 46 94 74 25 63 41 23 79 61 21 84 15 5 0 75 4 36 51 67 88 35 17 19 0 53 99 48 64 0 45 75 76 0 0 8 0 88 46 40 18 94 68 29 72 59 60 0 46 22 95 70 70 41 1 44 7 52 7 55 0 91 61 53 47 70 11 28 0 44 0 96 60 12 31 54 25 81 41 38 79 0 34 59 72 21 46 53 34 
0 44 76 10 8 39 61 8 14 6 0 15 79 0 53 34 0 9 8 42 29 36 1 11 51 80 21 66 98 0 0 0 83 0 44 24 99 53 0 0 61 0 0 0 0 0 53 58 0 50 61 0 0 54 56 62 41 87 64 0 17 25 67 28 63 72 86 0 50 0 0 34 36 72 0 59 56 65 6 11 41 23 67 62 0 82 22 44 15 21 75 15 74 57 53 35 1 0 77 41 
77 0 90 50 6 0 18 66 58 0 57 64 98 0 85 56 87 0 55 6 87 53 67 45 17 0 0 98 0 30 11 0 92 51 34 55 63 25 3 65 22 0 22 96 8 53 0 69 76 0 73 97 57 68 22 87 0 67 0 62 59 0 68 1 50 75 7 25 0 8 66 39 66 57 13 80 22 4 35 0 72 9 15 38 30 44 81 70 82 99 69 10 1 72 18 33 47 41 0 0 
71 39 0 19 61 60 26 20 77 29 80 24 0 88 51 4 0 35 94 96 67 50 0 50 91 87 97 0 93 0 0 11 7 79 0 93 60 64 80 100 21 0 0 51 0 58 69 0 85 1 96 35 98 72 0 0 52 89 0 60 23 78 85 12 61 66 34 47 32 54 64 0 1 33 14 60 0 49 47 61 4 86 35 99 46 58 48 0 9 16 73 6 0 10 85 16 87 52 3 0 
16 84 92 0 37 0 95 98 46 16 46 76 19 100 0 24 12 55 71 95 86 89 87 0 89 7 37 2 21 79 71 69 0 6 67 69 50 61 99 10 14 35 18 0 88 0 76 85 0 65 23 70 21 84 96 0 26 90 19 42 99 63 0 46 67 23 70 96 40 0 92 95 37 28 12 70 87 37 3 92 25 78 6 37 80 42 53 68 36 38 48 28 58 58 0 86 43 82 96 2 
83 25 43 71 3 85 44 0 61 67 14 86 16 45 0 27 98 81 62 52 23 41 90 0 89 0 0 34 95 62 8 21 69 3 68 0 95 0 38 0 0 55 13 36 46 50 0 1 65 0 54 77 25 97 99 0 0 58 6 14 58 0 7 0 63 35 9 93 65 48 30 57 3 35 74 75 91 100 81 73 38 4 73 56 0 72 73 62 31 6 88 24 69 67 0 49 0 54 60 87 
64 49 51 62 0 66 93 78 32 45 46 56 6 22 35 97 41 64 80 72 65 35 13 21 12 60 62 76 95 60 74 1 0 44 4 84 73 14 12 31 82 4 71 50 40 61 73 96 23 54 0 10 67 76 25 0 42 59 93 0 0 56 72 74 0 42 41 74 53 0 12 48 0 49 39 90 37 47 0 4 56 66 0 11 0 43 52 0 12 33 65 82 81 31 12 95 63 23 1 100 
0 0 0 0 21 0 23 80 13 66 71 33 17 32 47 44 36 31 43 64 5 36 51 48 11 9 84 80 2 39 74 26 69 0 48 30 7 100 63 98 22 29 43 35 18 0 97 35 70 77 10 0 0 44 73 2 5 77 0 58 96 66 43 80 71 0 81 34 91 71 20 0 33 57 24 18 96 4 0 55 29 0 0 32 21 19 0 78 77 8 96 80 88 57 0 1 87 32 43 8 
23 0 14 21 0 87 25 99 64 25 64 93 0 0 21 0 0 89 54 56 72 66 87 98 76 46 95 47 3 0 40 38 6 0 17 34 17 49 64 0 24 78 30 76 94 0 57 98 21 25 67 0 0 19 50 46 72 49 59 42 44 0 35 68 39 91 26 0 21 92 94 73 71 21 39 79 71 28 61 52 0 66 35 86 0 72 31 29 99 0 8 67 8 69 29 0 32 34 3 96 
3 11 0 35 91 34 0 70 7 6 37 72 35 27 37 0 26 44 68 0 74 54 0 75 92 61 0 91 4 0 0 35 68 0 61 43 40 65 72 95 5 63 82 0 68 54 68 72 84 97 76 44 19 0 54 48 42 20 83 0 63 0 74 94 1 48 73 99 0 69 0 51 39 35 56 87 72 0 65 96 11 64 5 49 47 76 78 95 65 7 42 0 69 9 13 98 1 46 60 28 
0 0 83 8 55 0 69 0 0 6 26 29 0 8 27 3 13 9 0 39 69 53 82 91 80 10 53 90 0 0 34 87 56 99 84 25 59 7 38 57 52 52 61 0 29 56 22 0 96 99 25 73 50 54 0 68 1 51 0 10 10 26 98 0 100 18 86 100 43 0 5 66 0 49 21 24 58 24 15 82 59 44 96 20 40 93 0 66 94 14 49 15 78 54 0 85 99 12 94 26 
22 23 87 34 40 26 0 74 84 3 100 72 16 32 0 65 25 16 1 23 100 5 60 78 68 74 33 34 34 43 52 39 0 83 46 55 37 0 89 53 20 85 97 11 72 62 87 0 0 0 0 2 46 48 68 0 34 65 8 77 0 75 0 63 76 46 47 85 0 58 0 4 32 18 50 44 98 0 1 39 80 0 40 31 0 0 12 85 50 25 0 47 100 68 52 0 41 14 21 61 
0 22 34 0 0 0 86 0 55 80 12 57 1 0 5 0 0 0 0 72 0 66 54 77 42 61 36 26 71 45 0 0 57 83 89 39 43 45 0 36 46 0 6 9 59 41 0 52 26 0 42 5 72 42 1 34 0 0 63 65 36 23 0 26 1 77 59 69 86 68 79 74 64 8 82 74 75 47 15 7 58 0 66 43 24 42 0 49 55 47 37 0 23 72 75 28 53 7 79 0 
97 6 41 42 0 57 29 0 14 0 88 48 31 7 0 56 51 56 25 96 60 77 53 1 65 93 0 47 0 76 61 17 91 0 0 47 91 59 29 0 11 0 98 33 60 87 67 89 90 58 59 77 49 20 51 65 0 0 0 77 90 39 98 0 0 10 74 14 0 3 2 0 41 42 84 21 60 39 45 98 17 94 44 0 96 0 10 66 86 67 0 16 43 0 60 61 75 58 83 0 
14 37 6 27 50 66 47 11 34 55 0 90 7 71 17 1 0 0 37 96 54 94 13 47 92 73 68 66 12 67 44 0 0 0 50 43 56 0 0 64 79 0 0 47 0 64 0 0 19 6 93 0 59 83 0 8 63 0 0 66 52 66 13 2 80 75 99 86 35 76 14 86 91 93 0 19 64 8 60 6 58 10 87 52 0 0 0 42 76 51 0 0 54 81 0 97 80 22 42 66 
0 29 28 59 98 7 88 37 89 41 7 41 58 37 0 100 89 42 42 11 46 69 95 75 52 75 16 39 23 0 61 0 48 0 33 80 85 3 2 14 57 0 92 0 46 0 62 60 42 14 0 58 42 0 10 77 65 77 66 0 83 98 84 70 51 0 70 42 93 7 31 64 36 17 18 56 0 80 0 73 0 74 48 0 64 95 51 93 28 6 5 35 25 0 54 39 66 60 24 53 
60 32 92 74 75 0 32 29 93 47 68 55 77 64 0 37 56 77 0 0 49 56 4 41 55 9 65 41 40 0 9 98 78 3 19 0 3 28 0 17 86 76 42 81 22 17 59 23 99 58 0 96 44 63 10 0 36 90 52 83 0 76 64 0 0 67 12 25 0 0 23 16 37 6 38 55 56 55 77 82 49 0 65 35 18 91 0 93 16 49 9 68 28 54 36 99 80 43 44 61 
0 0 0 15 0 12 67 72 66 15 95 0 37 82 57 60 86 10 0 0 0 34 49 0 72 59 0 48 78 57 84 73 53 91 0 60 2 80 0 92 5 55 43 3 95 25 0 78 63 0 56 66 0 0 26 75 23 39 66 98 76 0 48 38 15 29 49 0 0 0 21 0 66 38 90 22 71 0 54 43 0 16 92 70 30 15 36 5 100 85 21 93 33 34 9 40 0 86 0 79 
91 0 0 15 96 85 12 39 38 41 88 44 81 3 39 92 56 80 0 29 54 60 75 11 9 0 77 21 36 45 20 8 21 53 53 37 60 0 0 91 63 79 0 0 70 67 68 85 0 7 72 43 35 74 98 0 0 98 13 84 64 48 0 100 58 12 43 0 13 69 40 64 32 72 12 69 93 50 79 0 21 96 0 67 79 66 0 0 69 0 2 17 57 72 79 29 15 41 33 34 
0 59 35 44 49 46 41 77 77 0 49 66 40 30 39 65 18 8 0 63 60 98 54 80 65 68 70 10 81 22 24 0 26 0 0 20 96 0 87 99 5 55 81 24 70 28 1 12 46 0 74 80 68 94 0 63 26 0 2 70 0 38 100 0 38 20 0 8 13 70 16 54 58 15 0 0 36 67 79 83 6 0 97 57 0 66 33 19 51 38 50 94 79 6 95 41 71 75 88 61 
95 9 0 2 0 46 31 0 57 96 37 19 19 81 0 51 77 0 4 63 0 21 99 66 80 73 0 2 21 0 75 26 23 51 97 81 29 0 26 17 0 73 0 84 41 63 50 61 67 63 0 71 39 1 100 76 1 0 80 51 0 15 58 38 0 0 5 6 57 18 55 27 19 0 18 47 36 0 0 0 50 79 15 2 76 36 100 19 5 20 87 46 40 44 23 0 36 62 0 97 
11 75 74 11 73 33 0 14 6 94 65 0 58 18 92 4 52 9 52 61 99 45 47 22 51 21 87 78 22 70 70 41 24 31 17 0 6 0 0 41 0 0 0 56 1 72 75 66 23 35 42 0 91 48 18 46 77 10 75 0 67 29 12 20 0 0 0 27 59 9 14 87 72 16 99 43 73 44 14 13 67 68 13 60 100 0 100 0 40 0 60 0 20 94 82 0 31 85 45 38 
41 89 49 51 96 82 17 0 26 8 29 0 47 88 42 28 49 36 97 0 0 90 74 42 9 5 84 26 68 11 0 79 57 98 1 100 14 35 56 0 0 55 0 31 44 86 7 34 70 9 41 81 26 73 86 47 59 74 99 70 12 49 43 0 5 0 0 84 52 51 22 0 99 51 100 67 0 59 0 49 42 85 4 31 25 6 0 0 48 86 49 1 15 77 7 54 45 88 10 29 
3 37 15 69 0 99 71 23 90 57 0 51 0 0 40 74 0 62 34 0 0 64 8 89 59 18 96 11 78 0 96 56 57 0 0 55 18 0 5 11 25 78 0 0 7 0 25 47 96 93 74 34 0 99 100 85 69 14 86 42 25 0 0 8 6 27 84 0 13 87 16 15 0 35 0 6 98 55 76 46 95 0 0 94 88 85 40 83 93 0 59 38 94 10 47 0 0 47 54 3 
56 0 0 80 24 75 90 50 41 43 63 74 45 48 94 86 30 23 73 73 44 63 30 70 7 0 41 82 85 56 4 22 98 64 89 83 0 8 0 92 78 0 13 50 52 50 0 32 40 65 53 91 21 0 43 0 86 0 35 93 0 0 13 13 57 59 52 13 0 20 17 93 69 34 63 32 25 14 65 86 40 25 20 83 70 76 1 0 99 16 0 88 0 1 95 35 95 70 33 93 
25 7 7 17 0 89 24 56 0 57 86 59 0 53 61 68 97 51 33 22 35 62 31 40 51 70 47 0 0 29 9 80 0 0 98 6 16 41 20 0 4 3 94 14 7 0 8 54 0 48 0 71 92 69 0 58 68 3 76 7 0 0 69 70 18 9 51 87 20 0 71 90 26 33 65 25 93 77 12 60 65 30 39 80 74 69 84 53 18 77 88 91 60 52 72 77 4 35 28 67 
89 60 88 79 60 86 9 93 18 58 0 81 0 49 0 47 15 5 26 100 74 83 73 0 20 40 24 0 80 94 71 48 48 69 100 10 53 58 3 25 23 0 46 31 55 0 66 64 92 30 12 20 94 0 5 0 79 2 14 31 23 21 40 16 55 14 22 16 17 71 0 35 52 12 0 22 47 74 46 0 93 22 19 27 75 74 0 61 55 0 0 58 85 19 11 1 58 1 74 87 
0 59 25 2 0 0 20 65 53 7 95 37 0 2 85 96 2 50 34 73 56 84 0 4 0 91 30 83 41 89 47 82 43 84 24 38 33 93 8 27 62 27 31 51 0 34 39 0 95 57 48 0 73 51 66 4 74 0 86 64 16 0 64 54 27 87 0 15 93 90 35 0 28 21 66 58 42 18 0 28 74 15 19 0 37 58 53 52 39 91 87 23 17 72 62 24 0 64 68 83 
72 62 0 49 87 29 0 22 85 89 5 90 69 30 0 88 22 88 0 38 83 6 85 60 40 28 0 34 6 84 19 63 35 46 0 36 0 0 3 93 0 94 35 74 91 36 66 1 37 3 0 33 71 39 0 32 64 41 91 36 37 66 32 58 19 72 99 0 69 26 52 28 0 72 38 27 70 76 52 52 87 93 52 100 37 60 20 39 62 28 51 45 82 29 29 66 80 57 76 78 
53 60 68 67 39 57 1 63 67 89 40 6 92 0 98 91 3 87 97 0 0 17 33 80 11 59 96 42 99 43 94 6 26 0 35 4 79 55 34 31 0 89 36 56 61 72 57 33 28 35 49 57 21 35 49 18 8 42 93 17 6 38 72 15 0 16 51 35 34 33 12 21 72 0 77 2 52 0 65 69 16 44 43 48 83 64 82 7 15 51 25 80 86 0 98 0 56 5 92 8 
29 0 100 48 97 35 0 78 0 58 17 9 0 52 67 91 96 82 42 50 84 0 11 94 75 0 64 51 86 87 78 0 21 1 58 14 90 54 16 91 2 18 69 32 53 0 13 14 12 74 39 24 39 56 21 50 82 84 0 18 38 90 12 0 18 99 100 0 63 65 0 66 38 77 0 90 67 0 60 42 87 64 67 34 85 43 90 33 80 46 0 0 54 0 79 0 16 27 43 71 
72 42 2 51 52 32 0 69 0 54 63 55 59 35 7 89 23 65 60 56 50 64 35 0 51 0 28 99 0 59 77 25 0 77 13 20 88 22 99 0 0 39 75 57 47 59 80 60 70 75 90 18 79 87 24 44 74 21 19 56 55 22 69 0 47 43 67 6 32 25 22 58 27 2 90 0 76 0 97 20 60 4 62 96 0 52 18 0 96 2 44 48 18 51 66 0 31 2 3 15 
10 43 0 25 0 34 0 7 86 9 20 14 50 0 61 0 85 81 87 0 41 0 0 33 0 74 0 55 56 94 0 36 66 19 0 42 69 0 76 0 72 0 0 57 70 56 22 0 87 91 37 96 71 72 58 98 75 60 64 0 56 71 93 36 36 73 0 98 25 93 47 42 70 52 67 76 0 56 23 36 76 13 40 36 0 85 0 99 55 18 16 86 73 0 32 69 1 28 66 90 
24 79 98 0 2 96 52 87 0 17 90 11 81 0 36 3 13 0 0 42 4 5 48 50 42 58 3 0 60 0 78 60 83 13 85 59 0 0 58 17 53 86 60 15 11 65 4 49 37 100 47 4 28 0 24 0 47 39 8 80 55 0 50 67 0 44 59 55 14 77 74 18 76 0 0 0 56 0 37 91 43 1 0 8 0 21 41 50 98 0 57 0 0 55 76 68 0 35 0 12 
70 95 0 80 56 0 0 0 27 94 8 57 63 0 0 44 56 0 0 67 54 73 72 74 100 95 89 94 64 20 0 100 49 84 1 76 34 90 16 88 24 95 0 38 28 6 35 47 3 81 0 0 61 65 15 1 15 45 60 0 77 54 79 79 0 14 0 76 65 12 46 0 52 65 60 97 23 37 0 63 0 0 73 69 67 72 57 34 77 95 0 55 72 92 83 0 95 56 93 75 
18 14 4 83 0 56 51 73 85 24 83 43 85 90 46 84 73 96 92 92 95 28 15 83 4 6 30 98 57 28 76 83 90 57 52 99 46 39 83 71 6 63 75 0 0 11 0 61 92 73 4 55 52 96 82 39 7 98 6 73 82 43 0 83 0 13 49 46 86 60 0 28 52 69 42 20 36 91 63 0 66 52 88 36 37 80 1 0 0 0 24 79 8 16 13 73 42 15 79 47 
0 64 23 72 0 14 75 27 35 0 22 100 62 12 0 96 0 84 49 78 41 15 17 21 71 14 0 83 0 93 0 41 18 13 88 0 12 58 35 47 45 53 0 16 44 41 72 4 25 38 56 29 0 11 59 80 58 17 58 0 49 0 21 6 50 67 42 95 40 65 93 74 87 16 87 60 76 43 0 66 0 90 16 28 52 5 0 63 61 13 36 52 89 63 90 61 71 28 7 28 
91 81 21 16 57 56 2 69 0 87 99 85 47 80 0 90 64 0 58 93 93 63 0 45 0 36 32 86 19 56 90 94 0 37 65 59 58 96 0 0 51 22 23 24 0 23 9 86 78 4 66 0 66 64 44 0 0 94 10 74 0 16 96 0 79 68 85 0 25 30 22 15 93 44 64 4 13 1 0 52 90 0 6 48 7 10 52 100 35 21 55 50 68 28 0 66 13 63 0 59 
39 0 0 0 33 11 22 17 32 52 100 0 24 57 35 0 35 99 0 75 0 28 24 28 78 0 42 6 85 4 0 73 20 76 0 24 80 9 0 0 36 40 28 38 96 67 15 35 6 73 0 0 35 5 96 40 66 44 87 48 65 92 0 97 15 13 4 0 20 39 19 19 52 43 67 62 40 0 73 88 16 6 0 0 29 25 94 24 7 83 92 84 64 36 2 46 33 12 42 70 
72 0 0 48 24 97 0 24 0 100 66 0 3 0 0 83 0 75 0 98 6 15 83 97 94 0 82 98 98 68 27 0 90 0 98 62 98 36 70 11 0 0 32 0 60 62 38 99 37 56 11 32 86 49 20 31 43 0 52 0 35 70 67 57 2 60 31 94 83 80 27 0 100 48 34 96 36 8 69 36 28 48 0 0 24 68 0 0 0 7 70 0 33 99 33 0 36 14 59 72 
8 0 67 55 6 54 88 0 0 76 61 86 96 0 13 73 18 26 77 0 31 75 80 30 43 1 0 31 43 73 64 3 27 0 0 71 35 58 86 76 77 0 7 63 12 0 30 46 80 0 0 21 0 47 40 0 24 96 0 64 18 30 79 0 76 100 25 88 70 74 75 37 37 83 85 0 0 0 67 37 52 7 29 24 0 43 73 0 46 76 0 44 71 1 0 79 25 57 0 0 
51 0 82 17 91 15 0 16 29 3 0 69 27 43 54 39 71 68 0 95 66 6 72 17 35 14 95 0 78 49 0 0 50 26 15 16 19 11 0 0 56 71 0 15 31 82 44 58 42 72 43 19 72 76 93 0 42 0 0 95 91 15 66 66 36 0 6 85 76 69 74 58 60 64 43 52 85 21 72 80 5 10 25 68 43 0 16 64 71 76 54 0 92 91 30 79 89 20 73 85 
0 8 57 93 95 24 90 98 2 24 0 92 33 7 7 63 2 68 75 76 44 29 23 95 4 90 64 99 5 20 40 48 41 66 13 11 7 45 6 66 28 54 0 50 54 22 81 48 53 73 52 0 31 78 0 12 0 10 0 51 0 36 0 33 100 100 0 40 1 84 0 53 20 82 90 18 0 41 57 1 0 52 94 0 73 16 0 91 0 0 13 63 90 36 0 23 66 90 0 20 
38 82 10 15 87 11 45 49 0 28 42 26 0 0 66 91 0 0 32 0 86 79 66 88 77 58 0 31 0 23 0 62 99 0 93 0 22 52 13 30 89 47 95 47 25 44 70 0 68 62 0 78 29 95 66 85 49 66 42 93 93 5 0 19 19 0 0 83 0 53 61 52 39 7 33 0 99 50 34 0 63 100 24 0 0 64 91 0 17 66 0 84 38 0 72 10 59 0 0 39 
96 11 27 70 0 8 97 56 0 1 32 90 33 58 49 60 33 73 47 80 28 59 11 21 99 68 38 0 0 22 16 20 8 35 0 61 50 85 79 55 80 0 39 37 81 15 82 9 36 31 12 77 99 65 94 50 55 86 76 28 16 100 69 51 5 40 48 93 99 18 55 39 62 15 80 96 55 98 77 0 61 35 7 0 46 71 0 17 0 59 63 1 94 79 27 15 0 98 36 36 
0 9 32 24 23 89 44 47 80 60 0 61 71 52 40 12 92 0 82 36 0 0 12 0 70 36 0 44 75 38 0 11 0 49 14 28 86 14 63 0 0 0 32 15 41 21 99 16 38 6 33 8 0 7 14 25 47 67 51 6 49 85 0 38 20 0 86 0 16 77 0 91 28 51 46 2 18 0 95 0 13 21 83 7 76 76 0 66 59 0 25 89 35 41 0 16 12 6 1 95 
72 29 46 17 0 57 64 32 65 39 84 77 42 91 89 46 78 35 86 0 0 0 0 13 0 36 0 48 100 71 84 0 13 67 59 91 0 0 63 0 75 83 5 23 38 75 69 73 48 88 65 96 8 42 49 0 37 0 0 5 9 21 2 50 87 60 49 59 0 88 0 87 51 25 0 44 16 57 0 24 36 55 92 70 0 54 13 0 63 25 0 31 70 12 6 21 0 0 88 38 
44 42 61 41 22 0 0 49 0 36 54 82 47 27 0 0 12 28 16 59 73 20 59 2 0 85 77 28 93 35 13 66 0 0 46 60 35 78 44 93 11 70 0 0 79 15 10 6 28 24 82 80 67 0 15 47 0 16 0 35 68 93 17 94 46 0 1 38 88 91 58 23 45 80 0 48 86 0 55 79 52 50 84 0 44 0 63 84 1 89 31 0 0 12 88 28 29 96 17 85 
15 1 66 74 13 36 0 2 14 0 0 88 63 40 19 49 13 94 59 97 25 19 64 51 92 85 73 55 74 0 54 18 10 51 3 0 0 82 71 32 15 0 16 75 0 74 1 0 58 69 81 88 8 69 78 100 23 43 54 25 28 33 57 79 40 20 15 94 0 60 85 17 82 86 54 18 73 0 72 8 89 68 64 33 71 92 90 38 94 35 70 0 0 100 0 62 59 5 82 37 
25 0 36 0 0 32 44 0 45 0 72 0 0 0 0 0 0 66 67 74 19 72 98 8 0 0 67 27 22 3 32 0 84 44 95 28 72 27 7 0 0 77 62 2 34 57 72 10 58 67 31 57 69 9 54 68 72 0 81 0 54 34 72 6 44 94 77 10 1 52 19 72 29 0 0 51 0 55 92 16 63 28 36 99 1 91 36 0 79 41 12 12 100 0 83 0 0 3 78 35 
71 96 0 76 92 8 75 83 0 52 67 19 13 89 82 0 46 68 46 97 9 50 34 53 38 68 0 0 76 57 24 87 0 62 38 4 97 97 12 91 58 96 31 74 59 53 18 85 0 0 12 0 29 13 0 52 75 60 0 54 36 9 79 95 23 82 7 47 95 72 11 62 29 98 79 66 32 76 83 13 90 0 2 33 0 30 0 72 27 0 6 88 0 83 0 70 37 43 89 8 
4 27 14 89 0 47 0 12 0 0 91 3 98 0 38 0 94 9 98 9 0 6 5 92 96 52 81 67 0 10 70 29 66 80 1 69 0 71 0 5 74 18 12 38 72 35 33 16 86 49 95 1 0 98 85 0 28 61 97 39 99 40 29 41 0 0 54 0 35 77 1 24 66 0 0 0 69 68 0 73 61 66 46 0 79 79 23 10 15 16 21 28 62 0 70 0 51 9 3 0 
50 0 89 14 90 51 0 0 15 57 0 27 0 0 82 97 14 0 97 50 0 65 36 77 57 0 10 10 8 0 2 99 3 0 99 88 10 0 74 63 68 0 32 90 21 1 47 87 43 0 63 87 32 1 99 41 53 75 80 66 80 0 15 71 36 31 45 0 95 4 58 0 80 56 16 31 1 0 95 42 71 13 33 36 25 89 66 59 0 12 0 29 59 0 37 51 0 47 76 1 
22 8 54 25 86 0 21 75 21 63 59 41 63 0 98 46 79 67 0 49 0 57 55 28 0 0 53 3 18 11 0 30 50 0 20 27 98 11 42 74 53 7 0 35 46 0 41 52 82 54 23 32 34 46 12 14 7 58 22 60 43 86 41 75 62 85 88 47 70 35 1 64 57 5 27 2 28 35 56 15 28 63 12 14 57 20 90 0 98 6 0 96 5 3 43 9 47 0 74 56 
41 4 11 35 27 34 100 54 12 89 0 0 0 19 18 0 2 0 0 67 45 90 0 53 71 77 78 77 28 37 24 31 44 41 0 38 12 0 2 0 41 1 96 25 53 77 0 3 96 60 1 43 3 60 94 21 79 83 42 24 44 0 33 88 0 45 10 54 33 28 74 68 76 92 43 3 66 0 93 79 7 0 42 59 0 73 0 0 36 1 88 17 82 78 89 3 76 74 0 19 
73 78 14 68 27 67 0 52 0 54 9 11 84 98 93 15 0 16 22 0 66 18 33 93 0 100 60 23 51 16 0 24 52 41 18 25 31 45 85 21 52 43 60 97 34 41 0 0 2 87 100 8 96 28 26 61 0 0 66 53 61 79 34 61 97 38 29 3 93 67 87 83 78 8 71 15 90 12 75 47 28 59 70 72 0 85 20 39 36 95 38 85 37 35 8 0 1 56 19 0 
