0 0 0 18 0 0 0 0 0 0 0 0 0 0 9 0 0 0 0 0 34 0 0 0 0 47 0 70 0 0 0 0 0 0 0 0 0 0 0 0 23 0 0 0 0 99 0 50 0 0 0 0 0 0 0 0 0 0 0 0 24 85 0 0 0 0 0 0 0 0 0 92 0 0 0 0 0 0 0 0 0 87 0 0 0 0 0 21 0 0 0 2 0 0 0 18 0 0 0 0 
0 0 0 0 0 0 0 0 0 0 0 81 0 0 0 0 0 0 0 0 0 0 97 0 0 42 0 0 0 90 89 5 0 75 0 0 0 0 0 0 0 0 0 0 0 0 0 0 0 0 0 0 0 0 0 0 0 0 0 0 0 0 88 0 0 0 23 0 0 0 0 0 0 83 0 72 0 78 0 0 0 0 0 0 0 55 0 0 0 0 0 0 0 0 0 0 0 0 0 0 
0 0 0 29 35 0 0 0 0 0 0 0 0 0 0 0 77 0 0 12 0 0 0 0 0 0 0 0 24 0 0 0 0 0 0 0 0 17 0 0 0 0 0 0 0 0 0 92 0 0 0 0 0 0 0 24 0 0 0 0 0 0 0 0 0 0 0 0 0 0 0 0 0 0 0 0 0 0 0 0 0 0 0 0 0 0 0 0 0 0 0 89 0 0 0 33 0 0 0 0 
18 0 29 0 0 9 0 0 0 0 55 0 0 49 0 0 0 0 0 51 0 0 0 0 29 0 0 0 0 0 0 48 0 0 0 78 0 0 0 0 0 0 0 0 0 0 69 0 0 0 0 0 0 31 0 0 0 0 0 0 0 0 0 0 0 81 0 0 0 0 0 0 0 0 0 0 0 0 0 0 0 0 0 0 0 0 0 0 0 0 0 0 0 0 0 0 0 0 0 0 
0 0 35 0 0 0 0 0 40 0 0 0 5 0 0 0 0 0 0 0 23 0 0 0 0 0 0 0 0 0 45 0 0 0 0 0 0 0 0 0 0 0 0 0 0 0 0 0 0 0 0 0 0 0 0 0 0 0 0 0 0 0 0 0 0 0 0 0 0 0 0 0 0 0 0 0 0 42 0 0 0 0 62 0 95 0 0 0 0 0 5 0 0 0 0 0 0 61 0 0 
0 0 0 9 0 0 0 76 0 0 84 0 0 0 96 0 0 0 0 0 0 0 47 0 0 0 13 68 82 0 0 0 0 0 0 0 0 0 0 0 47 0 0 0 0 0 0 0 0 0 0 0 0 0 0 0 0 8 0 0 0 0 0 0 43 0 0 56 0 0 0 0 0 0 0 0 0 0 0 0 0 0 0 0 0 0 0 0 0 100 0 0 0 0 71 78 0 0 0 0 
0 0 0 0 0 0 0 0 84 0 0 0 0 0 0 39 0 0 36 0 0 85 0 0 0 0 0 0 0 0 0 0 0 0 0 36 0 0 0 0 0 0 92 12 0 77 64 0 30 0 0 0 0 0 0 0 0 96 1 0 0 0 0 0 0 37 0 0 0 0 0 0 0 0 0 0 0 0 0 0 0 0 0 0 0 0 0 0 0 0 0 0 69 0 0 52 0 0 0 0 
0 0 0 0 0 76 0 0 0 0 0 0 0 0 0 98 57 0 0 0 0 0 0 0 0 0 74 0 52 0 0 0 0 0 0 0 0 0 0 0 0 0 0 0 0 0 0 47 0 0 0 0 0 0 0 0 0 0 25 61 0 0 0 0 0 67 0 16 0 0 0 0 0 0 0 0 0 0 0 97 34 0 0 0 0 0 0 0 0 0 0 0 0 0 0 0 0 0 0 0 
0 0 0 0 40 0 84 0 0 0 0 0 0 33 0 0 0 0 21 0 0 0 0 0 0 0 0 0 40 0 0 0 0 0 0 0 0 0 0 0 0 0 0 92 0 0 0 0 7 0 40 0 0 0 0 0 0 0 0 0 0 0 0 0 0 0 0 0 0 0 0 0 0 0 0 46 0 0 0 0 0 55 0 6 0 42 0 0 0 0 0 0 0 0 0 0 43 0 0 59 
0 0 0 0 0 0 0 0 0 0 0 0 0 0 0 0 0 0 0 0 93 0 0 0 0 60 0 90 0 0 0 0 0 0 0 0 0 0 0 0 0 0 0 0 0 0 0 0 0 0 0 48 0 0 0 30 0 40 0 0 0 0 0 0 0 0 0 0 0 0 95 0 0 0 0 0 0 1 0 0 0 0 0 0 0 81 0 0 0 0 4 0 0 0 0 0 0 0 0 0 
0 0 0 55 0 84 0 0 0 0 0 0 0 0 0 0 0 0 0 0 0 0 0 0 0 0 0 0 0 0 0 0 0 0 0 30 19 0 0 96 0 0 0 0 0 0 0 0 0 0 0 0 0 65 0 31 0 35 0 0 0 56 0 0 0 0 0 0 0 0 0 0 0 86 0 30 0 0 0 0 0 0 0 0 73 49 0 0 0 0 0 22 0 0 0 0 0 0 66 0 
0 81 0 0 0 0 0 0 0 0 0 0 0 0 0 0 0 0 0 0 0 0 0 37 0 0 0 0 100 0 0 68 0 0 0 0 0 0 0 0 0 0 0 22 0 13 0 0 0 0 0 100 0 0 0 0 0 0 58 0 0 0 0 0 0 40 0 0 0 52 0 0 0 0 0 0 0 0 0 39 0 0 0 0 0 0 0 0 74 0 5 0 0 0 40 0 0 0 69 0 
0 0 0 0 5 0 0 0 0 0 0 0 0 0 0 0 0 0 0 0 0 0 0 31 0 0 0 0 0 76 0 0 0 37 0 72 0 0 0 0 0 0 0 39 79 0 28 0 0 0 27 0 0 0 0 0 0 0 0 0 69 0 52 0 0 40 0 0 40 0 0 0 0 0 0 0 0 0 0 0 0 0 0 0 0 0 27 0 0 79 0 0 0 0 0 0 0 0 0 0 
0 0 0 49 0 0 0 0 33 0 0 0 0 0 0 39 0 0 0 0 0 53 68 0 0 0 0 0 0 0 0 0 0 0 0 0 0 0 0 0 0 0 0 0 0 0 87 0 0 0 0 82 0 31 0 0 0 0 0 0 0 38 7 60 0 0 0 0 0 0 0 0 55 22 51 0 0 0 0 0 0 0 0 0 0 0 0 0 0 17 0 0 0 0 0 0 0 0 0 0 
9 0 0 0 0 96 0 0 0 0 0 0 0 0 0 0 0 0 45 15 0 54 0 0 0 0 0 0 0 0 0 0 0 0 0 0 0 0 0 0 0 0 0 0 0 0 0 0 43 0 0 80 0 0 0 0 0 0 0 42 0 66 0 0 0 80 49 0 0 0 0 0 0 36 0 0 0 0 0 0 97 0 0 0 0 0 0 0 7 0 0 0 0 0 32 0 0 0 0 0 
0 0 0 0 0 0 39 98 0 0 0 0 0 39 0 0 0 0 0 0 78 0 0 0 0 0 0 0 0 0 0 0 16 0 0 0 0 0 0 0 0 0 0 0 0 0 36 0 0 0 0 0 0 0 0 0 0 0 0 59 0 0 0 0 0 0 93 60 0 0 0 0 0 0 0 0 0 0 97 0 0 95 0 0 0 0 37 0 0 0 0 98 0 59 0 0 0 0 60 0 
0 0 77 0 0 0 0 57 0 0 0 0 0 0 0 0 0 0 0 67 0 0 0 0 0 0 91 0 55 62 0 0 0 0 0 0 0 0 0 0 0 0 0 0 0 0 0 0 0 0 47 0 0 0 0 0 0 0 69 83 0 0 47 0 19 0 0 0 0 0 24 0 0 0 0 0 0 0 0 0 0 0 67 0 0 0 0 0 0 0 0 94 0 0 48 0 0 0 0 0 
0 0 0 0 0 0 0 0 0 0 0 0 0 0 0 0 0 0 0 0 0 96 0 0 0 0 0 0 0 0 0 0 73 0 0 0 0 0 0 0 0 0 0 0 59 0 0 0 0 90 0 0 0 0 0 6 0 0 0 0 0 0 0 0 0 0 0 0 0 0 0 0 0 88 0 0 0 29 44 0 0 0 0 0 13 0 0 0 0 0 0 0 0 0 63 0 0 0 0 0 
0 0 0 0 0 0 36 0 21 0 0 0 0 0 45 0 0 0 0 0 0 0 0 0 0 7 0 0 0 20 0 0 0 0 0 0 100 0 0 0 0 0 0 0 0 0 0 0 0 0 99 0 0 0 0 0 0 47 0 0 0 0 0 0 0 0 0 0 0 0 0 59 0 0 0 0 0 0 0 0 0 0 0 0 0 0 0 82 0 0 0 0 0 0 0 0 0 0 48 0 
0 0 12 51 0 0 0 0 0 0 0 0 0 0 15 0 67 0 0 0 0 0 0 0 66 0 33 0 0 0 0 0 0 0 0 0 0 72 0 0 0 0 0 0 38 0 0 0 0 0 0 0 0 0 0 0 0 0 0 0 0 2 0 0 0 0 0 0 0 0 0 0 0 55 0 0 0 0 5 0 68 0 0 0 0 0 0 0 0 0 0 0 0 0 0 0 38 0 0 90 
34 0 0 0 23 0 0 0 0 93 0 0 0 0 0 78 0 0 0 0 0 0 0 0 0 0 0 0 0 0 30 0 0 0 0 0 5 0 0 0 0 0 0 28 0 0 0 0 0 0 33 0 0 0 0 98 0 0 0 0 0 0 0 0 0 0 0 3 70 0 0 90 0 0 80 0 0 0 0 0 0 0 0 53 0 0 0 0 0 0 0 0 0 0 0 0 0 0 0 76 
0 0 0 0 0 0 85 0 0 0 0 0 0 53 54 0 0 96 0 0 0 0 0 0 50 0 0 0 0 0 0 0 0 0 0 0 69 0 0 0 0 0 0 0 96 28 0 79 0 0 0 0 0 0 0 0 0 0 0 49 0 0 0 0 0 0 0 0 8 0 0 0 28 0 35 0 0 0 0 0 0 0 0 0 0 0 0 0 0 0 0 0 0 13 0 0 0 0 0 0 
0 97 0 0 0 47 0 0 0 0 0 0 0 68 0 0 0 0 0 0 0 0 0 0 0 12 0 0 0 0 39 45 0 49 0 0 0 0 0 0 0 0 0 0 0 0 0 0 0 0 0 0 0 0 0 0 0 0 0 0 78 0 0 0 0 0 0 0 0 0 0 0 0 0 5 55 0 53 0 0 0 0 0 0 0 56 0 0 0 45 0 0 0 0 0 93 0 72 0 0 
0 0 0 0 0 0 0 0 0 0 0 37 31 0 0 0 0 0 0 0 0 0 0 0 0 0 0 0 0 54 0 0 0 0 0 0 0 0 96 0 0 0 97 0 0 0 0 0 0 0 0 0 0 68 0 0 0 0 0 0 0 0 0 0 0 0 0 0 0 0 49 0 0 0 0 0 47 0 0 0 0 0 0 0 0 0 0 87 0 0 0 0 0 0 95 0 24 0 0 0 
0 0 0 29 0 0 0 0 0 0 0 0 0 0 0 0 0 0 0 66 0 50 0 0 0 0 0 0 0 0 0 0 0 0 0 6 0 0 0 0 0 0 0 0 0 0 0 0 0 0 0 98 0 0 0 62 0 0 0 0 0 0 0 0 0 0 0 0 0 0 99 0 0 0 0 0 0 0 0 0 0 0 0 0 0 0 0 0 0 0 0 78 0 0 0 0 0 0 0 0 
47 42 0 0 0 0 0 0 0 60 0 0 0 0 0 0 0 0 7 0 0 0 12 0 0 0 0 0 0 0 0 0 0 100 0 25 0 0 80 0 0 0 0 0 0 0 0 0 0 0 0 0 0 0 0 0 0 0 0 0 0 0 0 0 0 0 46 56 0 0 0 0 0 0 0 0 0 0 0 0 0 0 60 0 0 0 59 0 87 0 0 0 0 0 0 0 0 0 0 0 
0 0 0 0 0 13 0 74 0 0 0 0 0 0 0 0 91 0 0 33 0 0 0 0 0 0 0 0 0 0 0 0 0 0 0 0 0 61 48 35 95 0 0 84 0 0 0 0 0 0 0 0 0 0 0 0 0 0 0 0 0 19 0 0 0 0 0 0 0 0 0 0 0 0 0 0 38 0 0 0 0 0 20 18 0 47 0 0 0 0 0 0 13 0 0 0 0 0 0 0 
70 0 0 0 0 68 0 0 0 90 0 0 0 0 0 0 0 0 0 0 0 0 0 0 0 0 0 0 0 0 0 0 0 0 0 0 0 0 0 0 0 48 0 83 0 0 0 13 0 0 31 0 0 0 0 0 1 0 0 0 0 0 0 0 0 0 99 0 20 59 0 0 0 58 0 0 0 96 0 0 0 0 0 0 0 0 0 0 15 0 0 0 0 0 0 0 97 0 0 0 
0 0 24 0 0 82 0 52 40 0 0 100 0 0 0 0 55 0 0 0 0 0 0 0 0 0 0 0 0 0 0 0 0 0 0 0 0 45 0 0 52 0 0 34 0 0 50 0 0 0 0 0 0 0 0 0 0 0 0 0 0 0 0 0 100 0 0 0 0 0 0 86 0 0 0 0 0 0 18 0 0 0 0 0 0 0 0 0 0 0 24 0 0 0 0 0 0 0 0 30 
0 90 0 0 0 0 0 0 0 0 0 0 76 0 0 0 62 0 20 0 0 0 0 54 0 0 0 0 0 0 0 0 0 0 62 0 0 0 25 0 0 0 0 0 42 0 0 45 0 64 0 0 0 0 0 0 0 0 17 74 0 0 0 0 0 0 0 0 0 0 0 0 0 0 0 0 0 0 11 0 0 0 0 0 0 0 0 0 0 87 66 0 0 0 0 0 0 0 0 0 
0 89 0 0 45 0 0 0 0 0 0 0 0 0 0 0 0 0 0 0 30 0 39 0 0 0 0 0 0 0 0 0 0 0 0 0 1 0 0 0 0 0 0 9 0 17 0 0 0 0 0 0 0 0 86 0 0 0 0 0 0 0 0 0 0 0 0 0 0 14 0 0 0 0 0 0 0 0 0 0 0 0 0 0 0 0 0 46 0 0 42 0 0 0 0 0 78 0 45 0 
0 5 0 48 0 0 0 0 0 0 0 68 0 0 0 0 0 0 0 0 0 0 45 0 0 0 0 0 0 0 0 0 0 0 0 0 0 0 0 0 0 0 0 0 0 0 0 0 0 0 0 57 35 94 0 0 0 0 32 0 0 0 0 63 0 0 0 0 70 68 0 0 26 0 47 0 0 0 0 0 0 0 0 0 0 0 0 0 100 32 0 0 0 0 0 0 0 0 0 0 
0 0 0 0 0 0 0 0 0 0 0 0 0 0 0 16 0 73 0 0 0 0 0 0 0 0 0 0 0 0 0 0 0 13 0 0 0 0 0 0 0 0 0 0 0 40 0 0 0 0 0 0 31 0 0 0 27 0 0 0 0 0 0 0 0 58 0 0 0 0 0 0 0 0 0 0 0 0 66 74 0 28 0 66 0 0 0 0 0 0 0 0 0 69 0 0 0 63 0 70 
0 75 0 0 0 0 0 0 0 0 0 0 37 0 0 0 0 0 0 0 0 0 49 0 0 100 0 0 0 0 0 0 13 0 0 0 18 0 0 0 0 0 0 0 0 95 0 0 0 0 0 0 0 6 0 0 0 0 0 0 0 0 0 0 0 62 0 0 0 0 0 0 0 42 0 86 0 0 0 67 0 0 0 0 56 88 0 0 0 0 0 0 0 0 0 0 0 0 84 0 
0 0 0 0 0 0 0 0 0 0 0 0 0 0 0 0 0 0 0 0 0 0 0 0 0 0 0 0 0 62 0 0 0 0 0 0 0 0 0 0 0 17 0 0 0 0 0 0 70 0 0 0 0 83 0 0 0 0 0 0 0 0 0 0 0 0 73 96 90 0 0 0 0 0 62 0 0 0 0 0 0 0 0 0 0 0 0 0 0 0 0 0 0 0 0 0 0 0 0 0 
0 0 0 78 0 0 36 0 0 0 30 0 72 0 0 0 0 0 0 0 0 0 0 0 6 25 0 0 0 0 0 0 0 0 0 0 0 0 0 3 0 0 0 0 0 0 12 0 0 0 0 0 0 60 0 0 0 18 0 96 0 0 0 95 0 0 0 0 0 0 0 0 0 0 0 0 0 0 0 0 62 73 0 0 0 0 0 0 0 0 0 0 0 0 70 0 0 0 0 0 
0 0 0 0 0 0 0 0 0 0 19 0 0 0 0 0 0 0 100 0 5 69 0 0 0 0 0 0 0 0 1 0 0 18 0 0 0 0 0 0 0 0 0 0 0 0 0 0 0 0 0 0 0 0 0 0 0 63 63 0 98 0 0 0 0 0 0 0 0 0 0 59 0 0 0 0 0 0 70 0 0 0 0 0 0 0 0 0 69 30 0 0 0 0 0 0 66 35 0 0 
0 0 17 0 0 0 0 0 0 0 0 0 0 0 0 0 0 0 0 72 0 0 0 0 0 0 61 0 45 0 0 0 0 0 0 0 0 0 0 0 0 0 0 0 0 0 0 0 53 0 0 0 0 0 0 0 0 0 0 0 0 0 0 0 0 0 0 64 0 0 0 0 0 24 47 0 0 0 0 0 0 0 0 0 27 0 77 0 0 0 0 0 0 0 0 0 0 0 0 0 
0 0 0 0 0 0 0 0 0 0 0 0 0 0 0 0 0 0 0 0 0 0 0 96 0 80 48 0 0 25 0 0 0 0 0 0 0 0 0 0 11 0 62 0 0 0 0 0 0 0 0 0 0 16 0 11 41 53 0 0 0 0 0 0 0 0 87 90 0 0 0 0 0 0 0 0 0 0 0 0 0 0 0 0 0 0 44 0 0 0 0 0 100 0 0 0 0 0 0 0 
0 0 0 0 0 0 0 0 0 0 96 0 0 0 0 0 0 0 0 0 0 0 0 0 0 0 35 0 0 0 0 0 0 0 0 3 0 0 0 0 26 0 29 0 0 0 0 0 70 0 70 0 0 76 0 0 0 0 0 0 0 0 0 0 0 0 0 15 0 0 6 0 0 0 0 0 0 0 0 16 0 0 26 0 0 0 0 0 0 0 0 0 0 0 0 0 26 0 0 0 
23 0 0 0 0 47 0 0 0 0 0 0 0 0 0 0 0 0 0 0 0 0 0 0 0 0 95 0 52 0 0 0 0 0 0 0 0 0 11 26 0 0 0 36 0 0 0 0 0 0 0 19 0 0 0 0 0 0 0 0 0 0 0 51 0 0 99 0 0 0 0 0 0 0 0 0 27 0 0 0 0 0 0 0 0 0 0 0 0 0 87 76 0 61 0 0 0 74 0 0 
0 0 0 0 0 0 0 0 0 0 0 0 0 0 0 0 0 0 0 0 0 0 0 0 0 0 0 48 0 0 0 0 0 0 17 0 0 0 0 0 0 0 78 0 0 0 0 0 0 0 0 0 93 0 0 0 39 0 0 0 0 0 0 0 0 0 0 99 0 70 0 0 0 0 0 0 77 0 0 0 0 0 33 0 0 0 0 0 0 0 0 13 0 0 42 88 0 0 0 63 
0 0 0 0 0 0 92 0 0 0 0 0 0 0 0 0 0 0 0 0 0 0 0 97 0 0 0 0 0 0 0 0 0 0 0 0 0 0 62 29 0 78 0 0 57 0 37 0 0 0 0 0 0 0 46 0 0 82 10 0 0 70 0 0 0 0 0 0 0 0 0 21 0 0 0 0 0 0 0 0 0 0 0 0 0 0 0 0 0 0 0 0 57 0 0 0 0 0 0 0 
0 0 0 0 0 0 12 0 92 0 0 22 39 0 0 0 0 0 0 0 28 0 0 0 0 0 84 83 34 0 9 0 0 0 0 0 0 0 0 0 36 0 0 0 0 9 0 0 0 0 0 0 0 0 0 0 0 0 0 86 0 0 0 0 0 0 0 0 0 0 0 0 0 0 0 0 0 0 0 0 0 0 0 0 0 0 0 0 0 0 0 0 0 0 0 0 25 0 0 0 
0 0 0 0 0 0 0 0 0 0 0 0 79 0 0 0 0 59 0 38 0 96 0 0 0 0 0 0 0 42 0 0 0 0 0 0 0 0 0 0 0 0 57 0 0 0 0 0 55 0 0 66 0 0 100 0 0 0 0 0 0 0 0 0 0 0 0 0 0 0 0 0 0 0 0 0 0 86 0 0 0 63 0 0 0 0 88 89 0 0 0 73 85 0 0 0 0 0 0 0 
99 0 0 0 0 0 77 0 0 0 0 13 0 0 0 0 0 0 0 0 0 28 0 0 0 0 0 0 0 0 17 0 40 95 0 0 0 0 0 0 0 0 0 9 0 0 0 0 0 0 0 0 0 0 16 0 0 0 46 0 0 0 0 0 67 0 0 0 0 0 0 0 0 87 0 0 0 0 0 0 0 0 0 0 35 0 0 62 58 0 0 0 0 0 0 0 0 0 0 0 
0 0 0 69 0 0 64 0 0 0 0 0 28 87 0 36 0 0 0 0 0 0 0 0 0 0 0 0 50 0 0 0 0 0 0 12 0 0 0 0 0 0 37 0 0 0 0 0 0 75 0 0 0 0 0 0 0 0 0 0 0 0 0 0 0 0 0 0 0 0 0 17 0 0 0 0 0 0 0 0 0 51 43 0 0 0 0 0 0 0 65 0 0 0 0 70 0 0 78 0 
50 0 92 0 0 0 0 47 0 0 0 0 0 0 0 0 0 0 0 0 0 79 0 0 0 0 0 13 0 45 0 0 0 0 0 0 0 0 0 0 0 0 0 0 0 0 0 0 0 0 0 0 90 0 48 0 5 0 0 58 0 0 0 0 0 0 0 88 0 0 0 0 0 0 0 0 0 0 0 0 0 0 0 0 0 0 0 0 71 0 95 0 0 86 0 0 47 0 0 0 
0 0 0 0 0 0 30 0 7 0 0 0 0 0 43 0 0 0 0 0 0 0 0 0 0 0 0 0 0 0 0 0 0 0 70 0 0 53 0 70 0 0 0 0 55 0 0 0 0 0 0 0 16 0 0 0 0 0 0 0 16 0 0 0 87 0 0 0 0 10 97 0 33 0 0 0 0 0 0 0 0 0 0 0 0 0 0 0 0 0 77 0 0 0 0 0 0 0 0 0 
0 0 0 0 0 0 0 0 0 0 0 0 0 0 0 0 0 90 0 0 0 0 0 0 0 0 0 0 0 64 0 0 0 0 0 0 0 0 0 0 0 0 0 0 0 0 75 0 0 0 0 0 0 0 0 0 0 0 2 0 0 0 0 0 0 0 0 0 0 46 0 0 0 0 3 0 0 0 7 0 0 0 0 0 0 0 0 0 0 33 0 0 91 0 0 0 0 90 0 0 
0 0 0 0 0 0 0 0 40 0 0 0 27 0 0 0 47 0 99 0 33 0 0 0 0 0 0 31 0 0 0 0 0 0 0 0 0 0 0 70 0 0 0 0 0 0 0 0 0 0 0 0 0 0 67 0 1 0 0 0 0 0 8 0 0 0 0 0 0 0 0 0 0 84 0 0 0 0 0 0 0 0 38 71 0 0 60 0 0 0 0 0 99 0 0 0 0 0 0 0 
0 0 0 0 0 0 0 0 0 48 0 100 0 82 80 0 0 0 0 0 0 0 0 0 98 0 0 0 0 0 0 57 0 0 0 0 0 0 0 0 19 0 0 0 66 0 0 0 0 0 0 0 0 49 0 0 0 0 0 0 0 0 0 0 0 0 0 0 0 41 45 0 57 0 0 70 0 0 0 0 0 0 0 0 0 0 0 0 0 0 0 0 0 0 0 0 0 52 0 73 
0 0 0 0 0 0 0 0 0 0 0 0 0 0 0 0 0 0 0 0 0 0 0 0 0 0 0 0 0 0 0 35 31 0 0 0 0 0 0 0 0 93 0 0 0 0 0 90 16 0 0 0 0 0 0 0 87 33 0 0 0 0 0 79 0 92 31 0 0 0 0 0 0 0 0 0 64 0 0 0 41 0 0 0 0 79 0 0 3 0 0 67 0 0 0 0 0 0 0 0 
0 0 0 31 0 0 0 0 0 0 65 0 0 31 0 0 0 0 0 0 0 0 0 68 0 0 0 0 0 0 0 94 0 6 83 60 0 0 16 76 0 0 0 0 0 0 0 0 0 0 0 49 0 0 0 0 0 0 0 0 0 0 0 0 0 0 0 0 0 0 0 0 0 0 0 0 0 80 0 0 0 66 0 0 0 0 0 0 0 0 0 0 41 17 0 0 0 0 0 0 
0 0 0 0 0 0 0 0 0 0 0 0 0 0 0 0 0 0 0 0 0 0 0 0 0 0 0 0 0 0 86 0 0 0 0 0 0 0 0 0 0 0 46 0 100 16 0 48 0 0 67 0 0 0 0 87 0 65 0 0 0 0 0 0 0 0 0 0 0 0 0 0 0 0 66 0 0 0 0 0 0 0 0 0 0 0 0 0 0 0 0 0 0 0 0 0 0 19 34 0 
0 0 24 0 0 0 0 0 0 30 31 0 0 0 0 0 0 6 0 0 98 0 0 0 62 0 0 0 0 0 0 0 0 0 0 0 0 0 11 0 0 0 0 0 0 0 0 0 0 0 0 0 0 0 87 0 0 0 0 0 0 0 0 0 0 95 64 0 20 0 0 0 0 0 0 68 0 44 0 0 47 0 0 0 0 0 0 0 0 0 0 0 0 0 54 0 0 0 0 0 
0 0 0 0 0 0 0 0 0 0 0 0 0 0 0 0 0 0 0 0 0 0 0 0 0 0 0 1 0 0 0 0 27 0 0 0 0 0 41 0 0 39 0 0 0 0 0 5 0 0 1 0 87 0 0 0 0 0 0 0 0 0 0 0 18 0 0 0 46 0 0 0 11 0 0 0 87 26 0 20 0 0 0 0 0 0 0 0 97 80 0 0 0 0 0 0 0 0 0 0 
0 0 0 0 0 8 96 0 0 40 35 0 0 0 0 0 0 0 47 0 0 0 0 0 0 0 0 0 0 0 0 0 0 0 0 18 63 0 53 0 0 0 82 0 0 0 0 0 0 0 0 0 33 0 65 0 0 0 0 0 0 52 0 0 0 0 0 0 0 0 0 0 0 0 0 0 0 0 88 0 0 0 0 0 0 0 0 0 73 0 0 53 0 0 0 0 0 0 0 0 
0 0 0 0 0 0 1 25 0 0 0 58 0 0 0 0 69 0 0 0 0 0 0 0 0 0 0 0 0 17 0 32 0 0 0 0 63 0 0 0 0 0 10 0 0 46 0 0 0 2 0 0 0 0 0 0 0 0 0 0 0 0 0 0 0 0 0 0 0 0 0 0 0 0 0 0 0 0 0 0 0 0 0 41 76 19 9 0 0 0 0 0 0 0 0 0 0 0 92 0 
0 0 0 0 0 0 0 61 0 0 0 0 0 0 42 59 83 0 0 0 0 49 0 0 0 0 0 0 0 74 0 0 0 0 0 96 0 0 0 0 0 0 0 86 0 0 0 58 0 0 0 0 0 0 0 0 0 0 0 0 0 0 0 0 4 0 0 0 0 0 0 0 0 0 0 0 0 0 0 0 0 0 72 0 0 0 0 0 0 0 0 0 0 0 0 0 0 0 0 0 
24 0 0 0 0 0 0 0 0 0 0 0 69 0 0 0 0 0 0 0 0 0 78 0 0 0 0 0 0 0 0 0 0 0 0 0 98 0 0 0 0 0 0 0 0 0 0 0 16 0 0 0 0 0 0 0 0 0 0 0 0 0 0 33 0 0 0 0 0 0 0 0 0 0 0 0 0 0 0 0 0 0 56 0 0 0 0 0 0 0 0 0 0 0 0 0 0 0 0 0 
85 0 0 0 0 0 0 0 0 0 56 0 0 38 66 0 0 0 0 2 0 0 0 0 0 0 19 0 0 0 0 0 0 0 0 0 0 0 0 0 0 0 70 0 0 0 0 0 0 0 0 0 0 0 0 0 0 52 0 0 0 0 0 18 59 0 0 0 0 0 58 0 0 0 0 0 0 0 0 0 32 0 0 74 52 0 0 0 0 0 0 0 32 0 0 0 0 0 0 0 
0 88 0 0 0 0 0 0 0 0 0 0 52 7 0 0 47 0 0 0 0 0 0 0 0 0 0 0 0 0 0 0 0 0 0 0 0 0 0 0 0 0 0 0 0 0 0 0 0 0 8 0 0 0 0 0 0 0 0 0 0 0 0 0 0 0 0 30 83 0 0 0 0 0 0 0 73 0 0 0 0 0 0 0 0 0 0 27 0 64 0 0 0 0 0 0 0 0 22 0 
0 0 0 0 0 0 0 0 0 0 0 0 0 60 0 0 0 0 0 0 0 0 0 0 0 0 0 0 0 0 0 63 0 0 0 95 0 0 0 0 51 0 0 0 0 0 0 0 0 0 0 0 79 0 0 0 0 0 0 0 33 18 0 0 62 0 0 0 0 0 13 0 0 0 0 0 0 0 0 0 95 0 0 34 45 0 0 0 56 0 0 0 0 0 23 0 0 0 0 50 
0 0 0 0 0 43 0 0 0 0 0 0 0 0 0 0 19 0 0 0 0 0 0 0 0 0 0 0 100 0 0 0 0 0 0 0 0 0 0 0 0 0 0 0 0 67 0 0 87 0 0 0 0 0 0 0 18 0 0 4 0 59 0 62 0 0 0 0 9 0 0 0 0 0 79 0 0 0 0 0 0 0 0 0 48 0 0 0 0 0 0 59 0 0 0 0 0 33 0 28 
0 0 0 81 0 0 37 67 0 0 0 40 40 0 80 0 0 0 0 0 0 0 0 0 0 0 0 0 0 0 0 0 58 62 0 0 0 0 0 0 0 0 0 0 0 0 0 0 0 0 0 0 92 0 0 95 0 0 0 0 0 0 0 0 0 0 0 0 0 0 0 0 0 0 52 0 0 0 0 0 19 0 0 0 0 0 93 0 0 0 0 94 0 0 0 0 30 0 0 0 
0 23 0 0 0 0 0 0 0 0 0 0 0 0 49 93 0 0 0 0 0 0 0 0 0 46 0 99 0 0 0 0 0 0 73 0 0 0 87 0 99 0 0 0 0 0 0 0 0 0 0 0 31 0 0 64 0 0 0 0 0 0 0 0 0 0 0 0 0 0 0 67 31 51 0 38 0 0 0 0 0 0 0 0 0 0 0 0 0 0 0 0 0 0 0 64 0 0 0 0 
0 0 0 0 0 56 0 16 0 0 0 0 0 0 0 60 0 0 0 0 3 0 0 0 0 56 0 0 0 0 0 0 0 0 96 0 0 64 90 15 0 99 0 0 0 0 0 88 0 0 0 0 0 0 0 0 0 0 0 0 0 0 30 0 0 0 0 0 0 0 0 0 0 11 0 0 0 0 0 0 0 0 0 0 0 0 0 0 0 0 0 0 0 0 0 0 45 0 0 67 
0 0 0 0 0 0 0 0 0 0 0 0 40 0 0 0 0 0 0 0 70 8 0 0 0 0 0 20 0 0 0 70 0 0 90 0 0 0 0 0 0 0 0 0 0 0 0 0 0 0 0 0 0 0 0 20 46 0 0 0 0 0 83 0 9 0 0 0 0 0 0 9 0 0 0 25 0 0 76 0 0 59 0 0 79 0 0 0 0 0 0 0 0 0 0 0 0 0 0 0 
0 0 0 0 0 0 0 0 0 0 0 52 0 0 0 0 0 0 0 0 0 0 0 0 0 0 0 59 0 0 14 68 0 0 0 0 0 0 0 0 0 70 0 0 0 0 0 0 10 46 0 41 0 0 0 0 0 0 0 0 0 0 0 0 0 0 0 0 0 0 22 0 0 0 0 0 0 0 0 0 0 0 0 0 0 0 0 0 0 0 0 0 36 0 0 0 0 0 0 0 
0 0 0 0 0 0 0 0 0 95 0 0 0 0 0 0 24 0 0 0 0 0 0 49 99 0 0 0 0 0 0 0 0 0 0 0 0 0 0 6 0 0 0 0 0 0 0 0 97 0 0 45 0 0 0 0 0 0 0 0 0 58 0 13 0 0 0 0 0 22 0 0 0 0 0 0 0 0 94 25 0 0 0 45 0 0 0 89 0 0 0 86 0 0 0 0 0 0 0 0 
92 0 0 0 0 0 0 0 0 0 0 0 0 0 0 0 0 0 59 0 90 0 0 0 0 0 0 0 86 0 0 0 0 0 0 0 59 0 0 0 0 0 21 0 0 0 17 0 0 0 0 0 0 0 0 0 0 0 0 0 0 0 0 0 0 0 67 0 9 0 0 0 0 0 0 0 0 0 0 0 44 0 0 0 0 0 70 35 0 44 85 0 0 0 0 0 0 0 75 0 
0 0 0 0 0 0 0 0 0 0 0 0 0 55 0 0 0 0 0 0 0 28 0 0 0 0 0 0 0 0 0 26 0 0 0 0 0 0 0 0 0 0 0 0 0 0 0 0 33 0 0 57 0 0 0 0 11 0 0 0 0 0 0 0 0 0 31 0 0 0 0 0 0 0 0 60 0 24 0 0 0 0 44 0 0 0 0 0 0 0 11 0 0 41 0 0 0 0 58 58 
0 83 0 0 0 0 0 0 0 0 86 0 0 22 36 0 0 88 0 55 0 0 0 0 0 0 0 58 0 0 0 0 0 42 0 0 0 24 0 0 0 0 0 0 0 87 0 0 0 0 84 0 0 0 0 0 0 0 0 0 0 0 0 0 0 0 51 11 0 0 0 0 0 0 0 0 0 0 0 0 0 0 0 0 0 0 0 0 0 0 0 0 0 0 0 81 55 0 0 0 
0 0 0 0 0 0 0 0 0 0 0 0 0 51 0 0 0 0 0 0 80 35 5 0 0 0 0 0 0 0 0 47 0 0 62 0 0 47 0 0 0 0 0 0 0 0 0 0 0 3 0 0 0 0 66 0 0 0 0 0 0 0 0 0 79 52 0 0 0 0 0 0 0 0 0 0 0 0 0 35 0 64 0 0 0 0 0 0 0 49 0 0 21 0 0 0 0 0 0 0 
0 72 0 0 0 0 0 0 46 0 30 0 0 0 0 0 0 0 0 0 0 0 55 0 0 0 0 0 0 0 0 0 0 86 0 0 0 0 0 0 0 0 0 0 0 0 0 0 0 0 0 70 0 0 0 68 0 0 0 0 0 0 0 0 0 0 38 0 25 0 0 0 60 0 0 0 0 0 0 0 0 0 0 0 0 0 0 0 0 0 0 0 0 0 0 0 52 0 0 0 
0 0 0 0 0 0 0 0 0 0 0 0 0 0 0 0 0 0 0 0 0 0 0 47 0 0 38 0 0 0 0 0 0 0 0 0 0 0 0 0 27 77 0 0 0 0 0 0 0 0 0 0 64 0 0 0 87 0 0 0 0 0 73 0 0 0 0 0 0 0 0 0 0 0 0 0 0 0 0 0 46 0 0 0 0 0 0 0 0 0 86 0 12 0 85 0 0 0 0 0 
0 78 0 0 42 0 0 0 0 1 0 0 0 0 0 0 0 29 0 0 0 0 53 0 0 0 0 96 0 0 0 0 0 0 0 0 0 0 0 0 0 0 0 0 86 0 0 0 0 0 0 0 0 80 0 44 26 0 0 0 0 0 0 0 0 0 0 0 0 0 0 0 24 0 0 0 0 0 0 0 0 0 0 0 0 0 0 0 86 0 0 0 69 20 87 0 0 0 0 0 
0 0 0 0 0 0 0 0 0 0 0 0 0 0 0 97 0 44 0 5 0 0 0 0 0 0 0 0 18 11 0 0 66 0 0 0 70 0 0 0 0 0 0 0 0 0 0 0 0 7 0 0 0 0 0 0 0 88 0 0 0 0 0 0 0 0 0 0 76 0 94 0 0 0 0 0 0 0 0 73 0 0 0 0 0 0 0 0 0 0 0 0 0 0 0 46 97 0 17 0 
0 0 0 0 0 0 0 97 0 0 0 39 0 0 0 0 0 0 0 0 0 0 0 0 0 0 0 0 0 0 0 0 74 67 0 0 0 0 0 16 0 0 0 0 0 0 0 0 0 0 0 0 0 0 0 0 20 0 0 0 0 0 0 0 0 0 0 0 0 0 25 0 0 0 35 0 0 0 73 0 0 52 0 63 0 0 97 98 0 0 0 0 0 0 0 0 0 0 1 2 
0 0 0 0 0 0 0 34 0 0 0 0 0 0 97 0 0 0 0 68 0 0 0 0 0 0 0 0 0 0 0 0 0 0 0 62 0 0 0 0 0 0 0 0 0 0 0 0 0 0 0 0 41 0 0 47 0 0 0 0 0 32 0 95 0 19 0 0 0 0 0 44 0 0 0 0 46 0 0 0 0 0 0 0 0 0 0 0 0 0 0 0 0 0 0 0 0 0 0 8 
87 0 0 0 0 0 0 0 55 0 0 0 0 0 0 95 0 0 0 0 0 0 0 0 0 0 0 0 0 0 0 0 28 0 0 73 0 0 0 0 0 0 0 0 63 0 51 0 0 0 0 0 0 66 0 0 0 0 0 0 0 0 0 0 0 0 0 0 59 0 0 0 0 0 64 0 0 0 0 52 0 0 87 0 0 0 0 0 0 0 0 0 0 0 0 0 0 0 0 0 
0 0 0 0 62 0 0 0 0 0 0 0 0 0 0 0 67 0 0 0 0 0 0 0 0 60 20 0 0 0 0 0 0 0 0 0 0 0 0 26 0 33 0 0 0 0 43 0 0 0 38 0 0 0 0 0 0 0 0 72 56 0 0 0 0 0 0 0 0 0 0 0 44 0 0 0 0 0 0 0 0 87 0 41 0 0 0 0 0 0 0 0 0 0 0 77 0 0 0 0 
0 0 0 0 0 0 0 0 6 0 0 0 0 0 0 0 0 0 0 0 53 0 0 0 0 0 18 0 0 0 0 0 66 0 0 0 0 0 0 0 0 0 0 0 0 0 0 0 0 0 71 0 0 0 0 0 0 0 41 0 0 74 0 34 0 0 0 0 0 0 45 0 0 0 0 0 0 0 0 63 0 0 41 0 0 0 96 0 0 0 17 0 0 0 0 0 0 0 0 0 
0 0 0 0 95 0 0 0 0 0 73 0 0 0 0 0 0 13 0 0 0 0 0 0 0 0 0 0 0 0 0 0 0 56 0 0 0 27 0 0 0 0 0 0 0 35 0 0 0 0 0 0 0 0 0 0 0 0 76 0 0 52 0 45 48 0 0 0 79 0 0 0 0 0 0 0 0 0 0 0 0 0 0 0 0 0 15 0 0 19 0 0 0 0 0 0 0 0 0 20 
0 55 0 0 0 0 0 0 42 81 49 0 0 0 0 0 0 0 0 0 0 0 56 0 0 0 47 0 0 0 0 0 0 88 0 0 0 0 0 0 0 0 0 0 0 0 0 0 0 0 0 0 79 0 0 0 0 0 19 0 0 0 0 0 0 0 0 0 0 0 0 0 0 0 0 0 0 0 0 0 0 0 0 0 0 0 0 0 0 0 0 0 4 0 0 0 0 0 67 0 
0 0 0 0 0 0 0 0 0 0 0 0 27 0 0 37 0 0 0 0 0 0 0 0 0 59 0 0 0 0 0 0 0 0 0 0 0 77 44 0 0 0 0 0 88 0 0 0 0 0 60 0 0 0 0 0 0 0 9 0 0 0 0 0 0 93 0 0 0 0 0 70 0 0 0 0 0 0 0 97 0 0 0 96 15 0 0 0 0 0 0 0 0 0 71 0 0 0 0 98 
21 0 0 0 0 0 0 0 0 0 0 0 0 0 0 0 0 0 82 0 0 0 0 87 0 0 0 0 0 0 46 0 0 0 0 0 0 0 0 0 0 0 0 0 89 62 0 0 0 0 0 0 0 0 0 0 0 0 0 0 0 0 27 0 0 0 0 0 0 0 89 35 0 0 0 0 0 0 0 98 0 0 0 0 0 0 0 0 0 0 0 0 0 0 0 0 0 0 0 0 
0 0 0 0 0 0 0 0 0 0 0 74 0 0 7 0 0 0 0 0 0 0 0 0 0 87 0 15 0 0 0 100 0 0 0 0 69 0 0 0 0 0 0 0 0 58 0 71 0 0 0 0 3 0 0 0 97 73 0 0 0 0 0 56 0 0 0 0 0 0 0 0 0 0 0 0 0 86 0 0 0 0 0 0 0 0 0 0 0 0 0 0 2 0 0 17 0 0 0 0 
0 0 0 0 0 100 0 0 0 0 0 0 79 17 0 0 0 0 0 0 0 0 45 0 0 0 0 0 0 87 0 32 0 0 0 0 30 0 0 0 0 0 0 0 0 0 0 0 0 33 0 0 0 0 0 0 80 0 0 0 0 0 64 0 0 0 0 0 0 0 0 44 0 0 49 0 0 0 0 0 0 0 0 0 19 0 0 0 0 0 0 0 0 0 0 0 0 0 0 0 
0 0 0 0 5 0 0 0 0 4 0 5 0 0 0 0 0 0 0 0 0 0 0 0 0 0 0 0 24 66 42 0 0 0 0 0 0 0 0 0 87 0 0 0 0 0 65 95 77 0 0 0 0 0 0 0 0 0 0 0 0 0 0 0 0 0 0 0 0 0 0 85 11 0 0 0 86 0 0 0 0 0 0 17 0 0 0 0 0 0 0 0 0 0 0 0 0 0 0 0 
2 0 89 0 0 0 0 0 0 0 22 0 0 0 0 98 94 0 0 0 0 0 0 0 78 0 0 0 0 0 0 0 0 0 0 0 0 0 0 0 76 13 0 0 73 0 0 0 0 0 0 0 67 0 0 0 0 53 0 0 0 0 0 0 59 94 0 0 0 0 86 0 0 0 0 0 0 0 0 0 0 0 0 0 0 0 0 0 0 0 0 0 0 0 0 0 70 0 0 0 
0 0 0 0 0 0 69 0 0 0 0 0 0 0 0 0 0 0 0 0 0 0 0 0 0 0 13 0 0 0 0 0 0 0 0 0 0 0 100 0 0 0 57 0 85 0 0 0 0 91 99 0 0 41 0 0 0 0 0 0 0 32 0 0 0 0 0 0 0 36 0 0 0 0 21 0 12 69 0 0 0 0 0 0 0 4 0 0 2 0 0 0 0 0 0 0 0 0 0 0 
0 0 0 0 0 0 0 0 0 0 0 0 0 0 0 59 0 0 0 0 0 13 0 0 0 0 0 0 0 0 0 0 69 0 0 0 0 0 0 0 61 0 0 0 0 0 0 86 0 0 0 0 0 17 0 0 0 0 0 0 0 0 0 0 0 0 0 0 0 0 0 0 41 0 0 0 0 20 0 0 0 0 0 0 0 0 0 0 0 0 0 0 0 0 0 0 0 0 0 0 
0 0 0 0 0 71 0 0 0 0 0 40 0 0 32 0 48 63 0 0 0 0 0 95 0 0 0 0 0 0 0 0 0 0 0 70 0 0 0 0 0 42 0 0 0 0 0 0 0 0 0 0 0 0 0 54 0 0 0 0 0 0 0 23 0 0 0 0 0 0 0 0 0 0 0 0 85 87 0 0 0 0 0 0 0 0 71 0 0 0 0 0 0 0 0 53 0 0 0 0 
18 0 33 0 0 78 52 0 0 0 0 0 0 0 0 0 0 0 0 0 0 0 93 0 0 0 0 0 0 0 0 0 0 0 0 0 0 0 0 0 0 88 0 0 0 0 70 0 0 0 0 0 0 0 0 0 0 0 0 0 0 0 0 0 0 0 64 0 0 0 0 0 0 81 0 0 0 0 46 0 0 0 77 0 0 0 0 0 17 0 0 0 0 0 53 0 0 0 0 0 
0 0 0 0 0 0 0 0 43 0 0 0 0 0 0 0 0 0 0 38 0 0 0 24 0 0 0 97 0 0 78 0 0 0 0 0 66 0 0 26 0 0 0 25 0 0 0 47 0 0 0 0 0 0 0 0 0 0 0 0 0 0 0 0 0 30 0 45 0 0 0 0 0 55 0 52 0 0 97 0 0 0 0 0 0 0 0 0 0 0 0 70 0 0 0 0 0 0 0 0 
0 0 0 0 61 0 0 0 0 0 0 0 0 0 0 0 0 0 0 0 0 0 72 0 0 0 0 0 0 0 0 0 63 0 0 0 35 0 0 0 74 0 0 0 0 0 0 0 0 90 0 52 0 0 19 0 0 0 0 0 0 0 0 0 33 0 0 0 0 0 0 0 0 0 0 0 0 0 0 0 0 0 0 0 0 0 0 0 0 0 0 0 0 0 0 0 0 0 0 0 
0 0 0 0 0 0 0 0 0 0 66 69 0 0 0 60 0 0 48 0 0 0 0 0 0 0 0 0 0 0 45 0 0 84 0 0 0 0 0 0 0 0 0 0 0 0 78 0 0 0 0 0 0 0 34 0 0 0 92 0 0 0 22 0 0 0 0 0 0 0 0 75 58 0 0 0 0 0 17 1 0 0 0 0 0 67 0 0 0 0 0 0 0 0 0 0 0 0 0 0 
0 0 0 0 0 0 0 0 59 0 0 0 0 0 0 0 0 0 0 90 76 0 0 0 0 0 0 0 30 0 0 0 70 0 0 0 0 0 0 0 0 63 0 0 0 0 0 0 0 0 0 73 0 0 0 0 0 0 0 0 0 0 0 50 28 0 0 67 0 0 0 0 58 0 0 0 0 0 0 2 8 0 0 0 20 0 98 0 0 0 0 0 0 0 0 0 0 0 0 0 
