0 166 105 0 0 0 0 0 0 0 0 0 0 0 0 46 0 0 0 0 0 0 0 0 0 0 111 0 0 0 0 0 0 6 0 91 0 39 72 0 0 0 0 0 0 0 21 0 0 0 58 0 0 0 0 0 0 0 0 0 0 0 0 0 0 0 0 0 193 0 0 0 0 0 0 0 0 0 0 0 0 0 0 0 0 0 70 0 0 0 0 0 23 0 0 0 0 0 0 0 
166 0 37 0 72 0 8 0 0 0 0 0 0 0 85 0 0 0 0 0 0 0 0 0 0 0 0 0 0 0 0 0 0 0 192 0 0 104 0 109 0 0 0 0 0 0 0 0 117 0 143 0 0 25 0 0 0 0 0 0 0 0 0 158 0 0 0 0 0 0 0 0 0 0 0 0 0 0 0 2 0 0 0 0 0 0 0 0 0 0 0 109 161 0 0 0 0 0 0 0 
105 37 0 0 0 0 0 0 0 0 0 0 0 0 0 0 0 0 0 0 0 0 0 0 0 0 0 0 105 0 0 173 0 0 0 0 0 0 0 79 16 0 0 0 0 0 115 0 167 0 0 0 0 0 0 0 0 0 75 0 0 0 4 0 0 0 0 0 89 168 0 0 0 0 0 0 0 0 0 0 0 0 0 0 0 0 0 0 0 0 0 0 0 110 0 0 65 0 0 0 
0 0 0 0 0 7 0 0 0 0 0 43 0 6 0 0 176 0 0 0 0 0 0 0 0 0 0 0 0 0 0 0 0 0 0 0 0 0 0 0 0 0 0 0 0 0 173 0 0 0 0 128 197 0 0 0 0 0 0 0 94 0 0 0 0 0 0 0 0 0 0 0 0 0 0 0 0 0 137 58 0 0 0 52 0 0 0 0 0 0 0 0 0 0 0 0 0 0 113 137 
0 72 0 0 0 0 0 0 0 0 0 180 63 38 0 0 0 0 0 0 0 0 0 0 0 0 0 103 0 0 43 0 0 0 0 0 0 16 0 0 0 0 11 0 0 0 0 0 0 0 0 0 0 0 0 0 0 0 0 65 0 0 0 0 0 118 0 0 0 15 0 163 0 0 0 0 0 0 0 0 0 0 0 0 0 0 0 126 2 0 0 0 0 0 0 0 0 0 0 0 
0 0 0 7 0 0 0 0 0 0 0 0 0 0 0 0 0 0 0 0 0 119 89 0 0 89 0 0 0 0 0 0 0 0 0 0 0 0 0 0 0 154 0 0 35 18 0 0 0 0 112 0 0 0 0 0 0 0 0 0 0 0 0 0 0 0 0 0 0 0 0 0 0 0 0 0 0 18 0 0 0 0 0 0 0 0 0 0 0 0 0 0 29 0 0 0 0 0 0 58 
0 8 0 0 0 0 0 19 0 0 0 0 0 0 0 0 0 0 0 0 0 0 0 0 0 181 0 0 0 0 0 0 0 0 0 0 0 0 193 0 0 0 0 0 0 0 0 0 0 0 74 0 0 0 0 0 0 0 0 0 0 0 0 48 70 0 0 0 31 0 0 0 0 0 0 0 0 0 0 0 0 151 0 0 0 0 0 0 0 0 0 0 0 0 0 0 0 0 0 145 
0 0 0 0 0 0 19 0 0 0 0 0 0 0 0 82 0 0 0 143 0 0 0 0 0 0 0 0 0 200 0 0 0 0 0 60 0 0 0 0 0 0 0 0 0 0 0 118 0 0 99 0 0 0 0 0 0 0 0 0 0 0 28 188 0 0 0 0 0 0 0 0 0 180 0 0 24 0 0 0 5 0 0 0 0 0 0 0 187 0 0 31 0 0 0 0 0 161 0 0 
0 0 0 0 0 0 0 0 0 0 0 0 0 12 0 0 0 0 0 107 0 0 102 0 0 0 0 0 41 0 0 0 0 0 0 0 0 0 0 0 169 37 0 0 173 0 0 164 0 0 0 0 0 0 0 0 0 0 0 0 0 0 0 0 0 0 31 0 0 0 0 0 0 0 0 0 0 0 0 0 0 0 0 0 0 0 0 0 23 0 0 0 29 0 0 0 0 0 0 0 
0 0 0 0 0 0 0 0 0 0 0 0 0 138 0 0 0 0 0 0 0 0 0 118 0 58 0 0 0 0 0 51 0 56 0 0 0 0 0 0 0 0 0 0 0 0 0 0 0 0 0 64 0 0 0 0 0 0 0 0 0 0 0 0 0 0 0 128 0 0 0 0 0 0 0 0 0 0 106 0 0 0 0 109 0 0 56 0 0 87 0 0 0 0 0 0 0 0 0 165 
0 0 0 0 0 0 0 0 0 0 0 0 131 0 0 0 0 0 38 0 0 0 0 0 0 0 0 0 0 0 0 0 0 0 0 140 0 0 0 0 93 0 0 0 0 0 0 0 0 0 0 48 0 0 0 0 0 0 0 0 0 0 0 0 0 0 60 0 0 0 200 0 0 0 0 0 0 0 0 0 0 95 198 0 0 0 0 0 0 0 0 105 0 0 0 0 0 122 0 0 
0 0 0 43 180 0 0 0 0 0 0 0 0 0 0 0 0 0 0 0 49 0 189 0 12 0 0 0 63 0 0 0 0 0 0 30 120 0 0 0 0 0 0 75 0 0 0 0 0 27 0 0 0 0 0 0 0 0 0 0 0 0 0 0 36 0 0 0 0 0 0 0 0 0 0 167 0 0 0 98 0 0 0 0 0 0 0 200 0 0 0 0 0 0 0 0 0 0 138 0 
0 0 0 0 63 0 0 0 0 0 131 0 0 0 0 35 0 0 0 148 0 0 0 0 0 0 0 0 0 28 0 0 0 0 0 0 0 0 0 0 0 0 0 136 93 0 0 0 0 0 0 37 0 0 0 0 0 0 0 0 0 0 0 0 0 0 167 0 0 0 0 0 0 0 0 0 161 0 0 0 0 0 0 0 0 116 0 0 0 0 87 0 0 45 175 0 0 146 0 0 
0 0 0 6 38 0 0 0 12 138 0 0 0 0 0 0 0 0 0 0 0 0 0 0 0 0 0 0 108 0 0 0 0 0 0 0 0 0 0 0 0 0 0 0 62 0 90 0 0 0 0 0 0 0 0 0 0 0 0 0 0 0 0 0 0 0 0 0 0 0 0 0 0 0 0 0 0 65 0 0 0 0 159 0 88 0 0 0 0 0 0 92 0 111 130 0 43 79 0 0 
0 85 0 0 0 0 0 0 0 0 0 0 0 0 0 0 0 0 0 0 0 0 0 0 0 131 0 0 0 65 0 0 0 101 183 0 0 0 0 0 0 29 0 77 0 0 193 6 0 0 0 55 0 0 0 0 0 0 0 0 0 82 0 0 0 0 0 0 0 171 0 8 0 0 0 0 0 0 0 0 0 0 0 0 105 0 0 0 0 0 0 0 0 0 141 0 0 0 0 0 
46 0 0 0 0 0 0 82 0 0 0 0 35 0 0 0 0 0 147 0 0 0 0 0 0 8 0 26 0 0 0 36 0 0 0 0 0 0 0 0 0 0 0 0 0 9 0 0 0 0 0 0 0 0 0 0 0 0 0 0 0 0 0 27 0 0 155 0 0 0 0 0 0 0 0 0 0 0 0 0 164 123 0 0 0 0 0 43 0 0 0 0 0 196 0 0 93 0 0 0 
0 0 0 176 0 0 0 0 0 0 0 0 0 0 0 0 0 0 0 0 0 0 0 0 0 0 0 23 0 43 0 169 42 0 0 0 0 0 0 0 8 0 0 0 0 0 0 0 0 0 104 0 0 0 0 0 0 0 0 0 51 0 0 0 146 0 0 0 0 0 0 0 49 0 147 0 0 0 0 113 0 0 0 0 0 0 0 94 0 138 0 0 0 0 0 0 0 0 0 100 
0 0 0 0 0 0 0 0 0 0 0 0 0 0 0 0 0 0 0 0 0 0 0 0 170 0 0 116 0 0 0 0 73 0 117 0 0 161 0 0 0 0 0 0 0 0 0 0 0 0 171 0 0 171 16 0 0 0 0 0 0 0 115 0 0 151 0 133 0 0 0 0 0 0 0 0 0 0 76 0 0 0 0 0 0 60 0 0 189 0 0 0 0 0 0 0 51 0 0 0 
0 0 0 0 0 0 0 0 0 0 38 0 0 0 0 147 0 0 0 0 0 0 0 0 0 0 0 9 0 0 0 0 147 0 0 0 0 0 0 0 0 0 0 0 97 0 0 0 0 49 0 0 0 0 14 0 0 92 0 0 0 0 0 0 0 0 0 0 0 0 0 0 0 112 0 0 29 91 0 142 0 0 116 0 0 0 0 0 0 107 0 0 0 0 0 0 0 0 0 0 
0 0 0 0 0 0 0 143 107 0 0 0 148 0 0 0 0 0 0 0 119 0 0 0 0 0 0 0 0 0 129 0 0 0 0 0 53 0 0 0 0 0 0 0 0 0 91 19 0 0 0 0 0 0 93 0 0 74 0 0 0 0 0 0 0 0 0 0 0 0 0 0 0 0 0 0 0 0 0 0 0 0 54 56 0 0 0 0 0 0 0 0 15 0 0 0 0 75 0 0 
0 0 0 0 0 0 0 0 0 0 0 49 0 0 0 0 0 0 0 119 0 0 0 27 0 187 0 0 0 0 0 0 0 0 0 0 0 0 72 0 103 0 0 0 0 0 0 56 0 0 0 0 0 0 0 0 0 0 0 0 0 0 0 0 0 0 0 0 0 0 116 0 0 0 53 0 0 0 0 0 0 0 0 0 0 0 64 0 0 0 0 0 0 0 0 0 0 0 0 0 
0 0 0 0 0 119 0 0 0 0 0 0 0 0 0 0 0 0 0 0 0 0 0 131 0 0 0 0 0 124 0 0 0 147 0 0 39 0 0 0 0 81 0 0 115 0 0 0 0 0 0 22 0 53 0 0 0 0 0 0 0 0 0 0 0 0 0 0 0 0 0 106 0 0 0 0 0 0 0 32 0 0 0 101 0 0 0 0 0 0 0 0 0 0 0 0 0 0 0 0 
0 0 0 0 0 89 0 0 102 0 0 189 0 0 0 0 0 0 0 0 0 0 0 0 0 0 0 0 0 0 35 0 0 0 0 0 0 0 0 0 0 0 0 0 0 0 0 0 0 0 0 0 0 0 1 0 0 54 0 0 164 0 157 0 0 110 0 86 0 0 0 0 0 0 0 0 0 0 0 0 0 0 0 0 73 0 0 0 0 0 0 0 0 7 0 0 0 0 0 0 
0 0 0 0 0 0 0 0 0 118 0 0 0 0 0 0 0 0 0 0 27 131 0 0 0 0 0 0 0 0 0 0 0 0 0 0 0 0 0 0 0 168 187 0 0 0 0 0 0 0 0 0 44 155 0 110 0 0 80 0 0 0 0 0 0 0 0 0 0 40 0 0 139 0 0 0 0 0 0 30 0 0 0 127 0 0 0 0 0 0 0 0 0 0 0 0 0 0 0 0 
0 0 0 0 0 0 0 0 0 0 0 12 0 0 0 0 0 170 0 0 0 0 0 0 0 0 175 0 0 0 0 0 0 0 38 0 0 0 199 0 93 0 0 190 13 0 0 0 89 0 0 0 0 0 0 102 29 172 0 0 0 0 129 0 75 0 0 0 0 0 0 0 0 0 0 0 0 0 0 0 0 0 0 0 0 0 0 0 0 0 0 0 0 0 0 0 0 0 0 52 
0 0 0 0 0 89 181 0 0 58 0 0 0 0 131 8 0 0 0 0 187 0 0 0 0 0 0 0 0 0 0 0 0 117 0 0 0 0 0 28 0 187 0 0 0 0 0 0 0 0 0 0 0 0 0 0 0 101 0 0 0 0 0 0 0 0 101 0 0 0 0 0 0 0 0 21 0 0 0 0 0 194 0 0 0 0 0 0 64 24 0 0 0 0 0 0 0 0 0 0 
111 0 0 0 0 0 0 0 0 0 0 0 0 0 0 0 0 0 0 0 0 0 0 0 175 0 0 0 0 0 23 0 0 0 0 0 0 0 0 0 93 79 0 0 0 131 0 0 0 0 0 0 138 0 0 0 0 0 0 0 0 150 94 0 0 0 0 0 0 0 0 0 0 0 0 0 0 0 0 105 0 0 0 0 0 170 82 0 0 0 131 35 0 0 166 0 0 0 0 0 
0 0 0 0 103 0 0 0 0 0 0 0 0 0 0 26 23 116 9 0 0 0 0 0 0 0 0 0 0 0 0 0 0 60 0 0 0 0 0 190 0 0 0 0 0 41 0 0 0 0 0 62 0 0 0 0 0 132 129 0 0 0 0 0 0 0 0 0 0 0 0 0 0 0 0 29 0 0 0 0 0 0 0 145 0 0 0 73 0 0 0 0 0 130 0 0 0 0 0 0 
0 0 105 0 0 0 0 0 41 0 0 63 0 108 0 0 0 0 0 0 0 0 0 0 0 0 0 0 0 0 0 0 0 0 70 0 0 0 73 0 118 0 0 0 103 0 0 0 0 0 0 0 0 0 0 0 0 0 0 0 0 0 0 0 0 0 0 0 0 0 0 0 0 197 0 0 0 0 0 0 0 0 0 0 0 0 0 0 0 0 0 0 0 0 0 104 0 0 0 0 
0 0 0 0 0 0 0 200 0 0 0 0 28 0 65 0 43 0 0 0 0 124 0 0 0 0 0 0 0 0 139 0 0 0 0 0 0 8 15 0 0 0 0 0 0 0 0 15 0 0 96 0 171 0 0 0 0 0 0 0 0 0 0 0 0 0 0 0 0 0 164 0 0 0 0 0 0 0 0 0 0 0 0 0 0 0 105 0 0 0 0 0 0 0 0 0 0 0 0 0 
0 0 0 0 43 0 0 0 0 0 0 0 0 0 0 0 0 0 0 129 0 0 35 0 0 0 23 0 0 139 0 0 0 0 0 0 0 0 0 0 0 0 79 0 0 0 0 0 0 0 0 0 0 0 0 0 0 0 0 69 0 0 0 0 0 0 6 174 0 0 0 147 0 0 0 167 0 0 0 0 0 0 0 0 0 0 0 0 0 0 0 0 0 0 40 0 0 97 0 70 
0 0 173 0 0 0 0 0 0 51 0 0 0 0 0 36 169 0 0 0 0 0 0 0 0 0 0 0 0 0 0 0 180 0 0 199 0 0 0 0 0 0 0 0 0 0 0 0 0 55 0 0 0 0 0 148 0 0 0 0 0 0 0 0 14 0 0 120 0 0 0 73 0 0 0 0 200 57 0 0 0 0 0 0 0 0 0 0 0 186 0 0 0 0 0 0 0 59 0 0 
0 0 0 0 0 0 0 0 0 0 0 0 0 0 0 0 42 73 147 0 0 0 0 0 0 0 0 0 0 0 0 180 0 0 0 0 0 0 0 0 0 54 65 143 0 0 0 0 0 0 0 0 0 0 0 0 174 0 0 188 0 0 0 0 156 6 0 0 0 0 0 0 0 0 0 0 0 190 0 0 0 0 0 129 0 0 0 0 0 0 0 0 0 0 0 112 0 0 0 0 
6 0 0 0 0 0 0 0 0 56 0 0 0 0 101 0 0 0 0 0 0 147 0 0 0 117 0 60 0 0 0 0 0 0 0 0 0 0 0 0 0 0 0 0 0 0 0 0 28 0 187 0 0 0 124 0 0 0 0 0 165 114 0 90 0 0 0 0 0 0 0 0 0 129 0 0 0 0 0 0 0 0 166 0 0 0 0 0 0 0 0 179 0 0 0 0 0 0 0 0 
0 192 0 0 0 0 0 0 0 0 0 0 0 0 183 0 0 117 0 0 0 0 0 0 38 0 0 0 70 0 0 0 0 0 0 0 0 0 0 0 0 0 0 137 0 0 0 0 81 103 0 197 0 100 0 0 0 0 0 0 0 0 190 0 0 142 175 0 0 0 0 0 0 0 27 0 0 0 0 0 0 0 0 0 0 0 0 0 80 0 0 0 0 0 0 0 0 0 0 0 
91 0 0 0 0 0 0 60 0 0 140 30 0 0 0 0 0 0 0 0 0 0 0 0 0 0 0 0 0 0 0 199 0 0 0 0 0 0 0 0 150 0 0 0 0 0 83 0 0 0 0 0 0 0 0 0 96 0 142 56 0 0 0 0 0 97 0 0 0 129 0 0 189 161 0 0 0 0 0 0 0 0 54 0 0 0 0 0 0 0 0 0 0 0 0 0 0 0 0 0 
0 0 0 0 0 0 0 0 0 0 0 120 0 0 0 0 0 0 0 53 0 39 0 0 0 0 0 0 0 0 0 0 0 0 0 0 0 0 84 0 0 139 0 0 0 0 0 0 0 0 0 197 80 0 0 0 0 0 0 0 164 0 0 0 0 0 0 0 0 0 0 0 0 0 0 37 0 0 0 0 0 0 0 0 0 0 0 0 0 26 0 73 189 134 0 0 0 0 2 43 
39 104 0 0 16 0 0 0 0 0 0 0 0 0 0 0 0 161 0 0 0 0 0 0 0 0 0 0 0 8 0 0 0 0 0 0 0 0 0 0 0 0 0 0 0 0 0 0 0 41 0 0 0 0 0 0 0 0 0 0 0 0 0 0 0 67 0 0 131 0 0 0 0 0 0 0 0 0 0 0 0 0 0 0 54 0 0 0 67 0 0 0 0 0 0 0 0 0 0 0 
72 0 0 0 0 0 193 0 0 0 0 0 0 0 0 0 0 0 0 0 72 0 0 0 199 0 0 0 73 15 0 0 0 0 0 0 84 0 0 0 139 0 0 0 0 0 0 0 0 157 0 0 0 0 29 0 150 0 0 0 0 0 0 0 0 141 0 0 0 0 0 0 0 0 0 0 144 0 0 0 0 0 0 192 0 0 0 0 0 50 0 0 0 0 0 0 0 0 0 0 
0 109 79 0 0 0 0 0 0 0 0 0 0 0 0 0 0 0 0 0 0 0 0 0 0 28 0 190 0 0 0 0 0 0 0 0 0 0 0 0 0 0 0 0 0 0 0 0 0 0 0 0 0 0 0 0 0 52 0 0 0 0 0 0 0 0 0 0 0 198 0 0 0 0 0 100 0 8 177 0 0 0 0 0 0 0 0 0 0 0 0 0 0 129 0 21 58 0 0 0 
0 0 16 0 0 0 0 0 169 0 93 0 0 0 0 0 8 0 0 0 103 0 0 0 93 0 93 0 118 0 0 0 0 0 0 150 0 0 139 0 0 0 0 0 0 0 0 0 0 0 0 0 0 0 0 0 11 0 0 0 0 0 0 0 0 0 0 0 0 0 0 0 0 0 0 114 107 0 0 0 73 0 0 0 0 0 0 0 0 0 0 2 0 0 0 0 0 0 0 0 
0 0 0 0 0 154 0 0 37 0 0 0 0 0 29 0 0 0 0 0 0 81 0 168 0 187 79 0 0 0 0 0 54 0 0 0 139 0 0 0 0 0 0 0 0 0 0 0 0 184 0 0 0 0 0 0 0 0 0 0 0 0 0 58 0 0 0 0 0 0 142 0 0 0 0 0 0 0 0 0 0 0 129 0 119 156 0 0 0 0 0 0 0 0 0 0 0 0 0 0 
0 0 0 0 11 0 0 0 0 0 0 0 0 0 0 0 0 0 0 0 0 0 0 187 0 0 0 0 0 0 79 0 65 0 0 0 0 0 0 0 0 0 0 0 0 0 110 0 0 0 0 0 0 0 0 181 0 0 0 5 0 0 171 30 124 188 0 0 0 0 0 0 0 0 0 0 0 90 143 0 0 0 0 0 0 0 0 0 0 0 0 0 0 0 0 0 0 0 0 0 
0 0 0 0 0 0 0 0 0 0 0 75 136 0 77 0 0 0 0 0 0 0 0 0 190 0 0 0 0 0 0 0 143 0 137 0 0 0 0 0 0 0 0 0 14 117 0 0 0 0 163 0 0 0 0 97 0 0 0 0 0 0 0 0 64 0 0 0 0 0 0 0 136 0 0 0 0 136 0 0 0 0 0 0 0 0 0 0 0 0 0 0 0 0 0 0 0 0 0 0 
0 0 0 0 0 35 0 0 173 0 0 0 93 62 0 0 0 0 97 0 0 115 0 0 13 0 0 0 103 0 0 0 0 0 0 0 0 0 0 0 0 0 0 14 0 0 0 157 0 77 0 0 0 0 0 0 0 0 127 0 0 115 0 0 0 0 0 0 0 0 0 0 0 0 0 0 0 0 0 0 0 0 0 0 0 0 0 13 0 0 0 0 0 0 0 0 0 0 0 78 
0 0 0 0 0 18 0 0 0 0 0 0 0 0 0 9 0 0 0 0 0 0 0 0 0 0 131 41 0 0 0 0 0 0 0 0 0 0 0 0 0 0 0 117 0 0 0 0 0 0 0 0 0 0 0 0 0 0 0 0 104 0 0 0 0 0 0 125 0 0 65 0 64 96 30 0 112 0 0 0 0 0 0 0 0 56 0 0 0 0 0 0 0 0 21 28 0 0 0 0 
21 0 115 173 0 0 0 0 0 0 0 0 0 90 193 0 0 0 0 91 0 0 0 0 0 0 0 0 0 0 0 0 0 0 0 83 0 0 0 0 0 0 110 0 0 0 0 166 0 0 6 135 0 0 0 0 145 0 0 0 0 0 0 0 0 0 0 0 0 0 0 0 126 0 0 0 0 0 0 0 0 0 0 0 0 0 0 0 0 0 0 168 0 0 0 0 0 0 0 0 
0 0 0 0 0 0 0 118 164 0 0 0 0 0 6 0 0 0 0 19 56 0 0 0 0 0 0 0 0 15 0 0 0 0 0 0 0 0 0 0 0 0 0 0 157 0 166 0 0 157 0 0 0 0 174 0 0 0 0 0 0 0 0 0 0 0 129 0 20 0 0 0 0 0 0 0 0 0 0 0 0 0 0 0 0 0 0 191 0 0 0 0 0 0 0 0 0 0 0 0 
0 117 167 0 0 0 0 0 0 0 0 0 0 0 0 0 0 0 0 0 0 0 0 0 89 0 0 0 0 0 0 0 0 28 81 0 0 0 0 0 0 0 0 0 0 0 0 0 0 0 0 0 0 0 0 96 0 159 0 0 0 0 0 82 0 0 20 0 144 0 0 0 0 103 51 0 65 0 0 0 0 86 48 0 0 0 0 0 0 0 0 0 0 0 0 0 0 0 0 0 
0 0 0 0 0 0 0 0 0 0 0 27 0 0 0 0 0 0 49 0 0 0 0 0 0 0 0 0 0 0 0 55 0 0 103 0 0 41 157 0 0 184 0 0 77 0 0 157 0 0 0 0 0 0 0 0 0 0 0 0 0 0 0 0 35 0 0 0 0 0 0 0 0 0 0 0 0 0 0 0 0 0 0 66 0 0 0 174 0 0 180 0 0 0 0 0 146 0 0 0 
58 143 0 0 0 112 74 99 0 0 0 0 0 0 0 0 104 171 0 0 0 0 0 0 0 0 0 0 0 96 0 0 0 187 0 0 0 0 0 0 0 0 0 163 0 0 6 0 0 0 0 0 0 0 0 0 0 0 0 0 0 0 0 0 0 0 21 145 0 0 0 0 0 0 0 0 0 0 0 0 139 0 0 0 0 0 0 0 0 0 0 0 0 0 0 0 24 0 0 0 
0 0 0 128 0 0 0 0 0 64 48 0 37 0 55 0 0 0 0 0 0 22 0 0 0 0 0 62 0 0 0 0 0 0 197 0 197 0 0 0 0 0 0 0 0 0 135 0 0 0 0 0 0 0 155 0 197 0 0 0 0 0 0 0 0 0 0 0 0 0 35 0 0 0 0 0 0 0 0 0 0 0 0 0 0 0 39 0 0 0 0 0 0 0 0 21 0 0 0 0 
0 0 0 197 0 0 0 0 0 0 0 0 0 0 0 0 0 0 0 0 0 0 0 44 0 0 138 0 0 171 0 0 0 0 0 0 80 0 0 0 0 0 0 0 0 0 0 0 0 0 0 0 0 0 142 0 0 0 0 0 0 0 0 0 0 0 0 0 0 0 192 0 0 0 0 0 131 0 0 130 0 0 0 0 0 0 0 0 0 0 0 0 0 0 0 0 0 0 0 0 
0 25 0 0 0 0 0 0 0 0 0 0 0 0 0 0 0 171 0 0 0 53 0 155 0 0 0 0 0 0 0 0 0 0 100 0 0 0 0 0 0 0 0 0 0 0 0 0 0 0 0 0 0 0 0 0 0 0 0 0 0 0 0 0 0 0 0 0 0 0 0 0 0 0 12 0 0 70 0 0 146 75 0 0 0 152 0 0 0 0 199 0 0 63 0 0 0 0 0 0 
0 0 0 0 0 0 0 0 0 0 0 0 0 0 0 0 0 16 14 93 0 0 1 0 0 0 0 0 0 0 0 0 0 124 0 0 0 0 29 0 0 0 0 0 0 0 0 174 0 0 0 155 142 0 0 0 0 0 42 0 0 0 0 0 0 0 0 0 0 0 0 0 0 23 0 0 0 0 0 0 70 0 33 0 0 0 0 0 0 0 0 0 0 0 0 0 0 0 0 0 
0 0 0 0 0 0 0 0 0 0 0 0 0 0 0 0 0 0 0 0 0 0 0 110 102 0 0 0 0 0 0 148 0 0 0 0 0 0 0 0 0 0 181 97 0 0 0 0 96 0 0 0 0 0 0 0 0 32 120 154 0 0 0 132 0 0 0 0 0 0 0 0 0 0 0 0 0 0 173 64 0 0 0 38 0 0 0 0 0 0 0 112 0 0 0 0 0 0 153 0 
0 0 0 0 0 0 0 0 0 0 0 0 0 0 0 0 0 0 0 0 0 0 0 0 29 0 0 0 0 0 0 0 174 0 0 96 0 0 150 0 11 0 0 0 0 0 145 0 0 0 0 197 0 0 0 0 0 0 16 0 0 0 0 0 0 0 0 0 45 98 0 0 0 0 0 0 93 0 0 0 0 62 0 0 0 198 0 0 161 0 0 0 0 83 0 0 0 0 0 0 
0 0 0 0 0 0 0 0 0 0 0 0 0 0 0 0 0 0 92 74 0 0 54 0 172 101 0 132 0 0 0 0 0 0 0 0 0 0 0 52 0 0 0 0 0 0 0 0 159 0 0 0 0 0 0 32 0 0 0 0 0 0 0 0 0 158 0 0 0 40 0 0 0 0 0 0 0 0 0 0 0 0 0 0 0 0 0 0 0 0 0 0 36 0 0 0 0 0 0 62 
0 0 75 0 0 0 0 0 0 0 0 0 0 0 0 0 0 0 0 0 0 0 0 80 0 0 0 129 0 0 0 0 0 0 0 142 0 0 0 0 0 0 0 0 127 0 0 0 0 0 0 0 0 0 42 120 16 0 0 24 171 0 0 0 0 0 110 149 0 0 0 0 0 0 0 0 0 0 0 0 0 0 0 0 196 178 0 0 0 0 149 0 0 0 0 0 0 0 0 0 
0 0 0 0 65 0 0 0 0 0 0 0 0 0 0 0 0 0 0 0 0 0 0 0 0 0 0 0 0 0 69 0 188 0 0 56 0 0 0 0 0 0 5 0 0 0 0 0 0 0 0 0 0 0 0 154 0 0 24 0 0 0 0 0 0 183 0 0 0 0 127 0 0 0 0 0 0 0 0 0 0 0 0 0 0 0 4 0 0 0 0 4 0 0 0 0 0 0 0 0 
0 0 0 94 0 0 0 0 0 0 0 0 0 0 0 0 51 0 0 0 0 0 164 0 0 0 0 0 0 0 0 0 0 165 0 0 164 0 0 0 0 0 0 0 0 104 0 0 0 0 0 0 0 0 0 0 0 0 171 0 0 0 0 0 0 0 0 0 0 0 0 100 0 0 103 0 4 0 0 0 95 99 0 0 0 194 0 0 0 61 0 0 0 0 0 0 0 0 0 0 
0 0 0 0 0 0 0 0 0 0 0 0 0 0 82 0 0 0 0 0 0 0 0 0 0 0 150 0 0 0 0 0 0 114 0 0 0 0 0 0 0 0 0 0 115 0 0 0 0 0 0 0 0 0 0 0 0 0 0 0 0 0 0 0 0 0 0 0 0 0 8 104 0 0 0 0 0 0 0 0 0 29 0 0 0 0 0 112 0 0 0 0 0 147 0 144 0 0 0 0 
0 0 4 0 0 0 0 28 0 0 0 0 0 0 0 0 0 115 0 0 0 0 157 0 129 0 94 0 0 0 0 0 0 0 190 0 0 0 0 0 0 0 171 0 0 0 0 0 0 0 0 0 0 0 0 0 0 0 0 0 0 0 0 0 45 0 0 0 0 0 0 0 19 0 65 0 0 0 0 0 0 0 0 17 0 0 0 37 0 0 0 0 0 0 0 0 192 0 5 0 
0 158 0 0 0 0 48 188 0 0 0 0 0 0 0 27 0 0 0 0 0 0 0 0 0 0 0 0 0 0 0 0 0 90 0 0 0 0 0 0 0 58 30 0 0 0 0 0 82 0 0 0 0 0 0 132 0 0 0 0 0 0 0 0 0 0 0 0 143 0 0 0 0 0 0 0 26 0 0 0 0 0 0 0 131 0 0 0 0 0 0 0 0 0 0 0 0 17 0 176 
0 0 0 0 0 0 70 0 0 0 0 36 0 0 0 0 146 0 0 0 0 0 0 0 75 0 0 0 0 0 0 14 156 0 0 0 0 0 0 0 0 0 124 64 0 0 0 0 0 35 0 0 0 0 0 0 0 0 0 0 0 0 45 0 0 0 0 0 47 0 0 23 0 0 0 0 0 197 0 0 0 0 0 0 200 0 0 0 0 0 0 0 0 0 0 76 0 0 0 0 
0 0 0 0 118 0 0 0 0 0 0 0 0 0 0 0 0 151 0 0 0 0 110 0 0 0 0 0 0 0 0 0 6 0 142 97 0 67 141 0 0 0 188 0 0 0 0 0 0 0 0 0 0 0 0 0 0 158 0 183 0 0 0 0 0 0 0 0 0 0 0 0 0 0 0 0 0 0 0 0 0 0 0 0 0 0 0 0 0 0 0 99 83 0 135 0 74 0 0 0 
0 0 0 0 0 0 0 0 31 0 60 0 167 0 0 155 0 0 0 0 0 0 0 0 0 101 0 0 0 0 6 0 0 0 175 0 0 0 0 0 0 0 0 0 0 0 0 129 20 0 21 0 0 0 0 0 0 0 110 0 0 0 0 0 0 0 0 0 0 0 0 0 197 0 66 0 0 0 0 0 0 0 0 0 0 0 0 144 133 0 0 0 0 0 0 0 0 0 0 0 
0 0 0 0 0 0 0 0 0 128 0 0 0 0 0 0 0 133 0 0 0 0 86 0 0 0 0 0 0 0 174 120 0 0 0 0 0 0 0 0 0 0 0 0 0 125 0 0 0 0 145 0 0 0 0 0 0 0 149 0 0 0 0 0 0 0 0 0 0 0 0 35 0 20 0 0 0 0 0 0 0 0 0 0 0 19 0 0 0 0 0 0 0 0 27 0 0 0 0 0 
193 0 89 0 0 0 31 0 0 0 0 0 0 0 0 0 0 0 0 0 0 0 0 0 0 0 0 0 0 0 0 0 0 0 0 0 0 131 0 0 0 0 0 0 0 0 0 20 144 0 0 0 0 0 0 0 45 0 0 0 0 0 0 143 47 0 0 0 0 0 0 48 0 0 0 0 0 0 0 0 0 0 0 0 80 177 0 0 147 0 0 0 0 133 0 0 0 0 0 0 
0 0 168 0 15 0 0 0 0 0 0 0 0 0 171 0 0 0 0 0 0 0 0 40 0 0 0 0 0 0 0 0 0 0 0 129 0 0 0 198 0 0 0 0 0 0 0 0 0 0 0 0 0 0 0 0 98 40 0 0 0 0 0 0 0 0 0 0 0 0 0 106 0 0 19 0 0 0 0 0 0 0 0 0 0 0 0 0 0 0 0 52 0 0 133 0 0 0 0 0 
0 0 0 0 0 0 0 0 0 0 200 0 0 0 0 0 0 0 0 0 116 0 0 0 0 0 0 0 0 164 0 0 0 0 0 0 0 0 0 0 0 142 0 0 0 65 0 0 0 0 0 35 192 0 0 0 0 0 0 127 0 8 0 0 0 0 0 0 0 0 0 0 0 0 0 0 142 77 0 0 0 0 0 0 0 0 0 0 0 94 0 0 0 0 172 0 191 0 91 0 
0 0 0 0 163 0 0 0 0 0 0 0 0 0 8 0 0 0 0 0 0 106 0 0 0 0 0 0 0 0 147 73 0 0 0 0 0 0 0 0 0 0 0 0 0 0 0 0 0 0 0 0 0 0 0 0 0 0 0 0 100 104 0 0 23 0 0 35 48 106 0 0 0 0 0 0 0 170 0 0 0 0 0 0 0 0 0 94 0 0 0 0 0 162 0 0 0 0 0 0 
0 0 0 0 0 0 0 0 0 0 0 0 0 0 0 0 49 0 0 0 0 0 0 139 0 0 0 0 0 0 0 0 0 0 0 189 0 0 0 0 0 0 0 136 0 64 126 0 0 0 0 0 0 0 0 0 0 0 0 0 0 0 19 0 0 0 197 0 0 0 0 0 0 0 0 0 0 0 0 0 0 0 0 0 0 0 0 74 0 0 0 0 0 0 0 198 0 0 0 0 
0 0 0 0 0 0 0 180 0 0 0 0 0 0 0 0 0 0 112 0 0 0 0 0 0 0 0 0 197 0 0 0 0 129 0 161 0 0 0 0 0 0 0 0 0 96 0 0 103 0 0 0 0 0 23 0 0 0 0 0 0 0 0 0 0 0 0 20 0 0 0 0 0 0 0 0 0 0 177 0 0 0 0 160 88 0 0 0 0 0 0 0 0 0 0 128 0 0 157 116 
0 0 0 0 0 0 0 0 0 0 0 0 0 0 0 0 147 0 0 0 53 0 0 0 0 0 0 0 0 0 0 0 0 0 27 0 0 0 0 0 0 0 0 0 0 30 0 0 51 0 0 0 0 12 0 0 0 0 0 0 103 0 65 0 0 0 66 0 0 19 0 0 0 0 0 0 0 0 79 0 0 87 0 0 0 0 0 0 7 0 0 0 0 0 0 0 0 0 0 0 
0 0 0 0 0 0 0 0 0 0 0 167 0 0 0 0 0 0 0 0 0 0 0 0 0 21 0 29 0 0 167 0 0 0 0 0 37 0 0 100 114 0 0 0 0 0 0 0 0 0 0 0 0 0 0 0 0 0 0 0 0 0 0 0 0 0 0 0 0 0 0 0 0 0 0 0 0 0 0 0 7 143 0 0 0 0 0 0 0 0 0 0 0 0 184 0 168 0 87 0 
0 0 0 0 0 0 0 24 0 0 0 0 161 0 0 0 0 0 29 0 0 0 0 0 0 0 0 0 0 0 0 200 0 0 0 0 0 0 144 0 107 0 0 0 0 112 0 0 65 0 0 0 131 0 0 0 93 0 0 0 4 0 0 26 0 0 0 0 0 0 142 0 0 0 0 0 0 0 0 0 0 0 0 0 122 0 0 0 0 0 0 0 0 0 0 0 0 74 0 0 
0 0 0 0 0 18 0 0 0 0 0 0 0 65 0 0 0 0 91 0 0 0 0 0 0 0 0 0 0 0 0 57 190 0 0 0 0 0 0 8 0 0 90 136 0 0 0 0 0 0 0 0 0 70 0 0 0 0 0 0 0 0 0 0 197 0 0 0 0 0 77 170 0 0 0 0 0 0 22 0 0 101 0 0 0 3 0 0 0 0 0 0 0 0 0 0 0 0 0 0 
0 0 0 137 0 0 0 0 0 106 0 0 0 0 0 0 0 76 0 0 0 0 0 0 0 0 0 0 0 0 0 0 0 0 0 0 0 0 0 177 0 0 143 0 0 0 0 0 0 0 0 0 0 0 0 173 0 0 0 0 0 0 0 0 0 0 0 0 0 0 0 0 0 177 79 0 0 22 0 0 0 0 0 0 0 0 0 0 0 0 0 0 0 0 0 0 0 0 0 128 
0 2 0 58 0 0 0 0 0 0 0 98 0 0 0 0 113 0 142 0 0 32 0 30 0 0 105 0 0 0 0 0 0 0 0 0 0 0 0 0 0 0 0 0 0 0 0 0 0 0 0 0 130 0 0 64 0 0 0 0 0 0 0 0 0 0 0 0 0 0 0 0 0 0 0 0 0 0 0 0 0 14 0 0 197 0 0 0 0 0 0 0 0 34 81 0 0 123 0 0 
0 0 0 0 0 0 0 5 0 0 0 0 0 0 0 164 0 0 0 0 0 0 0 0 0 0 0 0 0 0 0 0 0 0 0 0 0 0 0 0 73 0 0 0 0 0 0 0 0 0 139 0 0 146 70 0 0 0 0 0 95 0 0 0 0 0 0 0 0 0 0 0 0 0 0 7 0 0 0 0 0 0 0 0 0 0 184 0 0 0 0 0 0 0 0 0 0 106 0 0 
0 0 0 0 0 0 151 0 0 0 95 0 0 0 0 123 0 0 0 0 0 0 0 0 0 194 0 0 0 0 0 0 0 0 0 0 0 0 0 0 0 0 0 0 0 0 0 0 86 0 0 0 0 75 0 0 62 0 0 0 99 29 0 0 0 0 0 0 0 0 0 0 0 0 87 143 0 101 0 14 0 0 0 0 0 0 0 0 0 0 0 0 0 0 0 0 0 0 132 0 
0 0 0 0 0 0 0 0 0 0 198 0 0 159 0 0 0 0 116 54 0 0 0 0 0 0 0 0 0 0 0 0 0 166 0 54 0 0 0 0 0 129 0 0 0 0 0 0 48 0 0 0 0 0 33 0 0 0 0 0 0 0 0 0 0 0 0 0 0 0 0 0 0 0 0 0 0 0 0 0 0 0 0 0 0 100 0 0 0 0 0 0 0 0 19 0 5 0 58 0 
0 0 0 52 0 0 0 0 0 109 0 0 0 0 0 0 0 0 0 56 0 101 0 127 0 0 0 145 0 0 0 0 129 0 0 0 0 0 192 0 0 0 0 0 0 0 0 0 0 66 0 0 0 0 0 38 0 0 0 0 0 0 17 0 0 0 0 0 0 0 0 0 0 160 0 0 0 0 0 0 0 0 0 0 0 0 0 15 0 0 0 0 0 0 0 0 0 196 15 0 
0 0 0 0 0 0 0 0 0 0 0 0 0 88 105 0 0 0 0 0 0 0 73 0 0 0 0 0 0 0 0 0 0 0 0 0 0 54 0 0 0 119 0 0 0 0 0 0 0 0 0 0 0 0 0 0 0 0 196 0 0 0 0 131 200 0 0 0 80 0 0 0 0 88 0 0 122 0 0 197 0 0 0 0 0 0 0 0 122 0 0 0 0 0 0 0 14 0 18 0 
0 0 0 0 0 0 0 0 0 0 0 0 116 0 0 0 0 60 0 0 0 0 0 0 0 0 170 0 0 0 0 0 0 0 0 0 0 0 0 0 0 156 0 0 0 56 0 0 0 0 0 0 0 152 0 0 198 0 178 0 194 0 0 0 0 0 0 19 177 0 0 0 0 0 0 0 0 3 0 0 0 0 100 0 0 0 10 0 29 0 0 0 0 0 0 0 0 0 0 0 
70 0 0 0 0 0 0 0 0 56 0 0 0 0 0 0 0 0 0 0 64 0 0 0 0 0 82 0 0 105 0 0 0 0 0 0 0 0 0 0 0 0 0 0 0 0 0 0 0 0 0 39 0 0 0 0 0 0 0 4 0 0 0 0 0 0 0 0 0 0 0 0 0 0 0 0 0 0 0 0 184 0 0 0 0 10 0 0 0 0 0 0 0 0 0 0 0 0 14 0 
0 0 0 0 126 0 0 0 0 0 0 200 0 0 0 43 94 0 0 0 0 0 0 0 0 0 0 73 0 0 0 0 0 0 0 0 0 0 0 0 0 0 0 0 13 0 0 191 0 174 0 0 0 0 0 0 0 0 0 0 0 112 37 0 0 0 144 0 0 0 0 94 74 0 0 0 0 0 0 0 0 0 0 15 0 0 0 0 0 0 0 0 0 0 0 0 0 156 0 0 
0 0 0 0 2 0 0 187 23 0 0 0 0 0 0 0 0 189 0 0 0 0 0 0 0 64 0 0 0 0 0 0 0 0 80 0 0 67 0 0 0 0 0 0 0 0 0 0 0 0 0 0 0 0 0 0 161 0 0 0 0 0 0 0 0 0 133 0 147 0 0 0 0 0 7 0 0 0 0 0 0 0 0 0 122 29 0 0 0 0 0 0 0 0 0 0 0 65 0 167 
0 0 0 0 0 0 0 0 0 87 0 0 0 0 0 0 138 0 107 0 0 0 0 0 0 24 0 0 0 0 0 186 0 0 0 0 26 0 50 0 0 0 0 0 0 0 0 0 0 0 0 0 0 0 0 0 0 0 0 0 61 0 0 0 0 0 0 0 0 0 94 0 0 0 0 0 0 0 0 0 0 0 0 0 0 0 0 0 0 0 0 63 0 0 0 142 0 0 0 0 
0 0 0 0 0 0 0 0 0 0 0 0 87 0 0 0 0 0 0 0 0 0 0 0 0 0 131 0 0 0 0 0 0 0 0 0 0 0 0 0 0 0 0 0 0 0 0 0 0 180 0 0 0 199 0 0 0 0 149 0 0 0 0 0 0 0 0 0 0 0 0 0 0 0 0 0 0 0 0 0 0 0 0 0 0 0 0 0 0 0 0 18 0 0 0 0 0 0 0 0 
0 109 0 0 0 0 0 31 0 0 105 0 0 92 0 0 0 0 0 0 0 0 0 0 0 0 35 0 0 0 0 0 0 179 0 0 73 0 0 0 2 0 0 0 0 0 168 0 0 0 0 0 0 0 0 112 0 0 0 4 0 0 0 0 0 99 0 0 0 52 0 0 0 0 0 0 0 0 0 0 0 0 0 0 0 0 0 0 0 63 18 0 0 0 0 0 0 0 0 0 
23 161 0 0 0 29 0 0 29 0 0 0 0 0 0 0 0 0 0 15 0 0 0 0 0 0 0 0 0 0 0 0 0 0 0 0 189 0 0 0 0 0 0 0 0 0 0 0 0 0 0 0 0 0 0 0 0 36 0 0 0 0 0 0 0 83 0 0 0 0 0 0 0 0 0 0 0 0 0 0 0 0 0 0 0 0 0 0 0 0 0 0 0 0 0 0 0 0 0 0 
0 0 110 0 0 0 0 0 0 0 0 0 45 111 0 196 0 0 0 0 0 0 7 0 0 0 0 130 0 0 0 0 0 0 0 0 134 0 0 129 0 0 0 0 0 0 0 0 0 0 0 0 0 63 0 0 83 0 0 0 0 147 0 0 0 0 0 0 133 0 0 162 0 0 0 0 0 0 0 34 0 0 0 0 0 0 0 0 0 0 0 0 0 0 0 158 0 0 0 0 
0 0 0 0 0 0 0 0 0 0 0 0 175 130 141 0 0 0 0 0 0 0 0 0 0 0 166 0 0 0 40 0 0 0 0 0 0 0 0 0 0 0 0 0 0 21 0 0 0 0 0 0 0 0 0 0 0 0 0 0 0 0 0 0 0 135 0 27 0 133 172 0 0 0 0 184 0 0 0 81 0 0 19 0 0 0 0 0 0 0 0 0 0 0 0 0 70 0 125 0 
0 0 0 0 0 0 0 0 0 0 0 0 0 0 0 0 0 0 0 0 0 0 0 0 0 0 0 0 104 0 0 0 112 0 0 0 0 0 0 21 0 0 0 0 0 28 0 0 0 0 0 21 0 0 0 0 0 0 0 0 0 144 0 0 76 0 0 0 0 0 0 0 198 128 0 0 0 0 0 0 0 0 0 0 0 0 0 0 0 142 0 0 0 158 0 0 0 0 0 0 
0 0 65 0 0 0 0 0 0 0 0 0 0 43 0 93 0 51 0 0 0 0 0 0 0 0 0 0 0 0 0 0 0 0 0 0 0 0 0 58 0 0 0 0 0 0 0 0 0 146 24 0 0 0 0 0 0 0 0 0 0 0 192 0 0 74 0 0 0 0 191 0 0 0 0 168 0 0 0 0 0 0 5 0 14 0 0 0 0 0 0 0 0 0 70 0 0 0 0 141 
0 0 0 0 0 0 0 161 0 0 122 0 146 79 0 0 0 0 0 75 0 0 0 0 0 0 0 0 0 0 97 59 0 0 0 0 0 0 0 0 0 0 0 0 0 0 0 0 0 0 0 0 0 0 0 0 0 0 0 0 0 0 0 17 0 0 0 0 0 0 0 0 0 0 0 0 74 0 0 123 106 0 0 196 0 0 0 156 65 0 0 0 0 0 0 0 0 0 142 0 
0 0 0 113 0 0 0 0 0 0 0 138 0 0 0 0 0 0 0 0 0 0 0 0 0 0 0 0 0 0 0 0 0 0 0 0 2 0 0 0 0 0 0 0 0 0 0 0 0 0 0 0 0 0 0 153 0 0 0 0 0 0 5 0 0 0 0 0 0 0 91 0 0 157 0 87 0 0 0 0 0 132 58 15 18 0 14 0 0 0 0 0 0 0 125 0 0 142 0 0 
0 0 0 137 0 58 145 0 0 165 0 0 0 0 0 0 100 0 0 0 0 0 0 0 52 0 0 0 0 0 70 0 0 0 0 0 43 0 0 0 0 0 0 0 78 0 0 0 0 0 0 0 0 0 0 0 0 62 0 0 0 0 0 176 0 0 0 0 0 0 0 0 0 116 0 0 0 0 128 0 0 0 0 0 0 0 0 0 167 0 0 0 0 0 0 0 141 0 0 0 
