0 0 87 69 88 0 83 52 0 41 45 0 49 0 93 59 99 58 0 0 13 82 79 0 95 53 46 0 52 0 83 47 19 0 0 54 0 51 0 0 0 56 0 0 0 0 93 0 51 44 21 50 74 0 0 44 0 0 0 0 0 0 45 88 74 89 87 37 70 49 48 96 0 45 55 84 90 90 9 3 0 86 0 0 0 0 0 91 0 14 4 0 0 16 59 96 0 86 14 93 
0 0 53 5 89 45 0 0 0 0 99 0 3 97 0 6 0 23 0 59 67 0 58 68 0 0 0 9 37 71 0 23 40 25 70 79 0 92 0 0 77 0 0 72 0 18 0 26 12 30 100 34 54 68 31 0 2 0 0 60 55 5 45 8 22 0 85 31 0 0 27 0 0 0 0 0 0 0 51 77 41 37 49 99 89 0 97 50 53 0 7 0 0 98 0 11 71 37 55 19 
87 53 0 77 0 97 8 62 0 0 88 1 0 0 48 35 0 34 58 95 17 0 43 21 0 0 0 0 0 0 94 88 96 42 57 54 0 40 0 0 94 80 76 98 70 71 46 0 0 91 3 80 43 67 11 60 0 0 81 17 0 0 0 98 37 55 89 30 83 0 40 57 0 95 35 0 0 0 53 0 8 71 38 50 0 34 8 92 15 61 0 0 0 12 100 52 14 0 6 53 
69 5 77 0 2 61 0 0 0 0 0 17 0 33 75 23 0 14 0 0 70 0 0 31 0 0 0 59 0 88 86 0 16 93 0 69 0 17 65 0 42 8 26 0 0 0 13 40 66 58 26 30 43 93 89 45 0 0 63 22 59 59 0 85 23 56 77 0 0 0 0 0 68 0 51 0 17 88 71 0 99 0 72 21 100 0 17 0 92 98 0 0 0 94 0 0 10 67 0 96 
88 89 0 2 0 0 29 28 0 0 42 76 27 0 82 67 0 20 0 0 0 0 92 96 52 65 35 0 0 83 83 3 0 0 0 0 4 89 0 0 0 0 89 98 0 96 0 61 96 100 73 85 0 79 51 46 96 0 87 61 89 0 90 25 95 0 24 0 0 85 69 0 0 55 0 4 0 95 0 79 0 0 33 99 13 53 0 1 24 65 37 0 13 58 63 47 95 76 0 0 
0 45 97 61 0 0 40 0 36 62 74 0 0 2 0 0 53 68 0 58 34 0 16 86 93 42 89 86 0 0 71 41 0 15 63 64 16 0 23 0 3 0 32 0 0 3 60 0 0 22 60 0 91 0 48 0 62 69 91 2 61 25 26 0 0 26 0 0 98 0 89 0 31 1 0 29 0 0 0 0 76 4 0 92 0 0 0 48 36 36 4 0 48 96 0 0 23 56 62 75 
83 0 8 0 29 40 0 43 33 17 0 98 0 39 0 71 0 41 0 62 14 24 0 79 48 94 18 34 41 71 43 8 15 0 0 10 67 0 0 100 0 80 24 24 0 70 45 92 78 31 99 0 71 0 54 72 72 88 74 0 67 16 93 0 0 36 44 8 99 63 0 0 0 78 71 11 0 27 66 75 0 13 51 0 37 19 75 96 86 88 0 32 19 0 0 73 0 31 100 5 
52 0 62 0 28 0 43 0 7 0 39 46 67 59 0 68 87 0 0 35 93 96 8 49 0 15 18 49 55 35 31 86 10 0 31 0 58 70 29 3 87 92 0 88 11 67 0 0 16 69 1 18 62 69 0 0 85 70 0 0 81 16 70 28 68 9 9 32 43 0 5 92 31 0 0 33 86 44 64 0 0 0 9 83 75 91 83 0 0 66 1 47 0 30 0 78 0 0 11 73 
0 0 0 0 0 36 33 7 0 0 0 49 51 0 0 0 0 30 0 0 0 82 0 16 41 40 79 74 0 0 0 0 8 64 63 21 41 0 0 0 4 0 0 62 0 100 55 0 63 0 0 14 0 84 0 38 0 25 83 46 58 74 0 36 51 77 37 0 0 99 0 0 16 0 39 72 65 18 0 0 29 26 0 100 63 0 0 11 0 75 0 35 28 89 82 62 0 42 13 11 
41 0 0 0 0 62 17 0 0 0 0 87 20 46 31 18 100 24 66 26 0 0 24 19 50 89 24 53 26 12 34 62 87 0 98 0 15 78 0 0 63 0 54 84 74 12 65 3 19 27 73 0 55 0 84 78 80 41 0 48 0 46 0 0 0 20 0 98 0 0 0 58 86 0 60 97 97 46 83 73 64 0 0 90 0 10 22 14 17 69 67 0 0 58 48 0 0 12 0 0 
45 99 88 0 42 74 0 39 0 0 0 10 0 13 100 21 30 0 86 92 0 0 25 43 0 0 75 93 66 0 62 38 65 30 29 1 42 5 36 0 3 93 0 0 69 28 59 0 43 0 81 43 40 0 76 70 0 89 9 0 74 54 0 96 54 0 36 0 25 0 13 66 0 98 68 72 61 33 45 0 41 56 54 36 0 0 20 0 42 71 47 0 0 0 0 28 0 68 0 36 
0 0 1 17 76 0 98 46 49 87 10 0 72 37 55 46 17 26 7 47 32 65 22 57 0 99 65 98 100 0 54 0 3 65 0 72 5 0 31 0 0 74 75 0 0 0 76 0 0 84 42 0 13 59 26 35 0 55 0 24 34 89 13 92 17 0 47 91 0 0 0 56 0 91 90 15 44 96 91 7 98 86 46 0 98 22 0 7 0 0 41 23 67 8 53 0 59 93 59 0 
49 3 0 0 27 0 0 67 51 20 0 72 0 99 0 1 2 40 79 61 75 0 33 2 0 0 0 0 62 15 53 97 0 58 61 64 6 31 0 40 0 51 3 38 100 66 0 9 32 96 62 21 32 33 29 93 0 0 100 74 80 16 0 0 88 82 0 73 0 0 0 0 18 0 0 66 68 0 19 23 45 0 12 60 68 18 0 56 45 41 0 44 99 95 0 0 52 15 52 0 
0 97 0 33 0 2 39 59 0 46 13 37 99 0 43 0 31 91 0 47 57 95 0 0 90 0 62 53 0 87 77 70 0 84 68 30 33 0 42 0 0 2 33 31 62 81 85 72 49 23 0 0 5 44 17 0 42 0 0 4 8 23 0 56 0 31 90 0 16 57 0 44 0 76 56 0 100 70 0 26 0 37 49 2 77 0 2 42 17 0 10 0 1 28 22 12 40 85 32 86 
93 0 48 75 82 0 0 0 0 31 100 55 0 43 0 0 0 13 0 4 0 0 84 0 0 0 51 40 43 21 8 0 0 0 0 9 86 93 0 8 11 14 100 55 54 0 67 0 79 78 0 0 75 57 45 21 61 76 32 7 93 32 25 17 68 37 96 55 100 0 0 34 83 65 0 45 52 53 27 7 34 20 60 29 11 64 94 84 0 69 0 0 51 0 0 19 52 0 34 84 
59 6 35 23 67 0 71 68 0 18 21 46 1 0 0 0 53 0 28 0 24 29 0 0 32 0 0 77 94 6 59 0 0 0 0 0 97 95 59 0 45 79 0 0 4 0 0 0 71 0 19 53 0 56 55 48 0 0 68 52 8 0 68 0 0 0 49 0 0 87 0 0 52 62 0 86 7 34 99 0 0 51 51 56 54 72 0 77 20 0 62 0 46 15 91 19 11 15 85 0 
99 0 0 0 0 53 0 87 0 100 30 17 2 31 0 53 0 34 38 0 0 99 79 49 95 87 68 56 49 0 72 38 0 0 59 84 72 89 100 0 98 97 0 75 0 0 0 0 0 33 46 82 0 74 0 86 0 45 19 82 80 0 0 16 96 0 14 0 54 0 0 75 50 5 0 0 18 11 92 53 45 41 0 0 20 4 46 0 77 88 49 64 9 66 83 65 0 55 0 0 
58 23 34 14 20 68 41 0 30 24 0 26 40 91 13 0 34 0 76 84 39 37 66 0 43 0 21 11 0 71 24 37 0 0 0 87 0 27 7 94 0 0 77 0 27 30 25 50 0 0 13 54 0 93 0 0 99 79 0 0 77 89 5 46 50 72 48 85 67 80 0 0 48 26 59 0 0 62 46 0 68 28 60 96 26 0 0 0 66 97 0 0 0 42 10 19 9 25 29 84 
0 0 58 0 0 0 0 0 0 66 86 7 79 0 0 28 38 76 0 81 11 0 74 51 0 18 0 52 62 0 5 61 96 98 2 95 99 95 0 0 96 0 10 28 0 31 70 0 0 81 3 0 88 26 39 0 42 19 29 7 53 51 64 0 63 77 0 84 0 3 16 0 0 71 0 14 0 0 4 10 0 78 96 37 56 82 90 10 79 77 39 56 33 0 31 0 40 3 18 0 
0 59 95 0 0 58 62 35 0 26 92 47 61 47 4 0 0 84 81 0 71 0 0 0 6 95 30 37 0 0 0 0 0 93 40 93 37 1 0 0 77 19 45 23 91 43 67 77 93 30 67 0 33 20 87 14 0 27 0 3 18 95 40 66 0 67 0 0 0 0 66 92 0 0 15 19 53 14 0 82 0 23 69 73 0 77 86 97 0 0 0 0 96 14 18 64 0 90 6 94 
13 67 17 70 0 34 14 93 0 0 0 32 75 57 0 24 0 39 11 71 0 0 27 0 58 93 9 0 0 0 74 21 88 99 0 0 0 0 0 0 0 3 68 40 0 78 54 68 24 30 68 44 40 22 0 0 0 0 26 0 89 9 89 58 0 36 0 0 82 0 100 52 0 0 0 8 0 40 0 53 0 0 63 43 0 0 93 0 63 13 48 72 0 0 3 0 36 21 0 46 
82 0 0 0 0 0 24 96 82 0 0 65 0 95 0 29 99 37 0 0 0 0 98 78 0 5 72 8 0 1 0 0 0 57 96 0 64 8 28 6 51 0 0 37 17 15 0 0 7 66 0 0 0 29 0 0 35 81 66 11 0 46 73 46 97 0 0 93 85 0 36 30 68 31 11 0 26 31 54 0 28 98 66 18 0 42 0 0 2 36 0 70 57 16 84 67 0 7 0 88 
79 58 43 0 92 16 0 8 0 24 25 22 33 0 84 0 79 66 74 0 27 98 0 12 20 0 27 40 92 33 0 0 14 60 35 36 0 77 0 66 62 88 82 0 34 0 47 0 6 54 75 41 0 26 2 0 0 0 83 31 0 57 58 52 93 94 0 15 0 18 56 0 51 0 89 11 0 96 20 62 81 0 75 42 38 0 25 7 0 34 23 4 7 47 73 0 0 46 0 0 
0 68 21 31 96 86 79 49 16 19 43 57 2 0 0 0 49 0 51 0 0 78 12 0 0 4 26 60 15 53 55 0 67 0 69 0 95 71 60 25 0 73 23 93 0 56 55 79 55 86 0 44 39 39 78 0 66 82 12 14 96 37 58 12 0 90 0 31 18 47 83 0 0 0 85 1 0 86 0 0 1 40 0 0 0 61 0 21 7 91 36 0 0 99 0 37 43 89 0 92 
95 0 0 0 52 93 48 0 41 50 0 0 0 90 0 32 95 43 0 6 58 0 20 0 0 57 49 0 33 55 86 10 0 70 0 80 20 48 0 10 0 0 0 0 26 0 24 11 90 94 100 20 0 40 0 0 0 0 64 0 0 9 69 0 0 68 0 26 0 0 46 0 0 65 58 33 18 0 48 86 20 28 93 94 75 0 2 0 72 19 0 91 0 79 0 34 94 45 63 0 
53 0 0 0 65 42 94 15 40 89 0 99 0 0 0 0 87 0 18 95 93 5 0 4 57 0 0 0 32 0 0 89 49 5 18 52 22 61 90 19 60 0 0 0 4 87 78 47 0 0 29 0 89 0 0 0 42 100 1 9 99 26 76 39 77 62 0 65 31 55 13 0 46 0 0 21 86 15 27 0 97 64 0 55 35 0 96 67 66 90 54 6 42 90 84 94 15 23 0 67 
46 0 0 0 35 89 18 18 79 24 75 65 0 62 51 0 68 21 0 30 9 72 27 26 49 0 0 65 97 85 50 0 49 0 97 0 0 40 0 0 0 97 82 0 53 0 0 51 90 26 79 77 0 94 2 92 16 0 35 40 37 0 0 56 12 0 17 0 83 22 17 58 0 25 47 42 0 0 0 2 0 6 0 31 98 86 100 57 56 0 0 67 81 0 0 90 39 3 67 0 
0 9 0 59 0 86 34 49 74 53 93 98 0 53 40 77 56 11 52 37 0 8 40 60 0 0 65 0 0 90 59 21 0 2 14 54 75 66 0 0 0 33 76 99 65 0 0 44 19 88 32 0 87 98 60 99 58 67 6 0 95 71 0 5 0 20 48 67 0 0 83 47 3 61 0 31 0 0 47 37 0 29 13 0 55 58 36 0 0 0 0 21 11 58 0 28 20 0 0 0 
52 37 0 0 0 0 41 55 0 26 66 100 62 0 43 94 49 0 62 0 0 0 92 15 33 32 97 0 0 76 0 3 30 19 18 57 5 0 21 30 56 2 33 79 0 30 88 28 23 64 0 0 83 68 0 88 0 71 22 67 76 30 80 0 0 57 62 0 22 17 6 0 88 55 66 49 5 0 85 49 0 0 61 0 0 0 21 62 41 0 0 0 0 0 96 22 90 86 9 94 
0 71 0 88 83 0 71 35 0 12 0 0 15 87 21 6 0 71 0 0 0 1 33 53 55 0 85 90 76 0 96 12 53 0 75 0 0 0 70 30 64 34 0 45 0 58 0 48 0 61 96 20 0 21 0 0 0 36 0 0 49 0 5 56 59 49 65 0 4 47 49 57 42 60 18 25 73 0 51 0 92 23 98 0 13 50 20 4 26 0 11 0 19 0 0 94 0 0 0 10 
83 0 94 86 83 71 43 31 0 34 62 54 53 77 8 59 72 24 5 0 74 0 0 55 86 0 50 59 0 96 0 37 75 0 0 65 0 38 12 59 0 100 36 0 0 96 11 0 58 47 0 0 43 66 0 99 0 0 72 84 22 99 64 52 86 0 85 61 37 88 0 10 0 16 0 9 0 90 0 0 49 0 78 7 40 69 0 8 97 42 93 0 68 33 87 9 43 89 72 11 
47 23 88 0 3 41 8 86 0 62 38 0 97 70 0 0 38 37 61 0 21 0 0 0 10 89 0 21 3 12 37 0 62 45 24 21 0 0 84 59 0 0 76 0 1 67 0 0 12 0 79 20 0 35 28 0 0 45 0 17 51 24 89 0 60 67 10 37 45 0 72 100 83 0 61 0 7 10 7 77 0 15 90 36 71 33 0 80 0 0 76 14 26 61 0 0 21 0 0 0 
19 40 96 16 0 0 15 10 8 87 65 3 0 0 0 0 0 0 96 0 88 0 14 67 0 49 49 0 30 53 75 62 0 0 60 14 51 45 15 86 13 8 60 0 0 44 7 14 73 0 81 97 0 28 74 93 0 0 75 53 0 0 7 0 34 0 11 0 0 11 42 0 70 94 35 0 18 81 0 95 0 100 84 85 0 83 0 60 0 52 48 62 79 54 21 84 91 0 0 0 
0 25 42 93 0 15 0 0 64 0 30 65 58 84 0 0 0 0 98 93 99 57 60 0 70 5 0 2 19 0 0 45 0 0 70 15 77 47 5 32 0 48 38 81 34 94 0 36 33 0 86 9 7 0 46 53 11 26 0 0 0 0 5 0 90 0 28 0 28 5 0 76 19 0 63 0 0 85 0 62 15 0 0 0 5 0 0 42 33 0 0 0 50 0 0 58 0 34 68 65 
0 70 57 0 0 63 0 31 63 98 29 0 61 68 0 0 59 0 2 40 0 96 35 69 0 18 97 14 18 75 0 24 60 70 0 72 52 72 0 9 12 71 92 0 24 53 0 79 74 29 9 75 0 0 71 0 54 100 47 51 0 0 16 0 100 42 0 2 50 23 38 0 97 47 0 89 0 0 88 97 0 21 55 96 32 0 8 0 0 99 56 82 75 66 22 22 77 69 50 7 
54 79 54 69 0 64 10 0 21 0 1 72 64 30 9 0 84 87 95 93 0 0 36 0 80 52 0 54 57 0 65 21 14 15 72 0 16 0 0 0 0 63 71 50 83 69 48 0 0 22 97 0 0 31 21 67 42 74 0 0 0 0 0 93 49 0 30 63 52 16 0 0 0 42 41 0 0 0 11 56 0 49 0 69 61 5 14 76 10 98 62 62 0 35 0 70 97 0 22 50 
0 0 0 0 4 16 67 58 41 15 42 5 6 33 86 97 72 0 99 37 0 64 0 95 20 22 0 75 5 0 0 0 51 77 52 16 0 0 0 0 0 86 0 85 0 59 0 0 0 4 99 0 0 0 0 46 95 0 1 0 94 16 0 43 96 44 18 80 56 75 0 0 34 0 96 34 16 46 0 48 57 0 38 0 37 0 56 0 46 0 0 0 1 3 85 87 12 0 0 92 
51 92 40 17 89 0 0 70 0 78 5 0 31 0 93 95 89 27 95 1 0 8 77 71 48 61 40 66 0 0 38 0 45 47 72 0 0 0 0 13 0 41 0 96 0 5 26 30 0 2 45 0 67 88 0 4 47 0 89 0 41 5 0 0 0 76 80 0 0 0 60 5 57 4 60 0 100 0 77 39 16 0 14 67 80 0 0 94 58 30 8 0 0 58 0 62 40 0 32 0 
0 0 0 65 0 23 0 29 0 0 36 31 0 42 0 59 100 7 0 0 0 28 0 60 0 90 0 0 21 70 12 84 15 5 0 0 0 0 0 100 85 33 43 74 41 0 0 24 19 0 47 95 0 70 81 0 0 0 0 46 0 12 82 0 46 0 100 95 0 0 92 0 85 0 55 22 0 0 99 0 0 81 7 0 0 20 0 15 80 13 0 50 16 53 0 59 76 69 57 0 
0 0 0 0 0 0 100 3 0 0 0 0 40 0 8 0 0 94 0 0 0 6 66 25 10 19 0 0 30 30 59 59 86 32 9 0 0 13 100 0 39 41 66 37 46 77 0 12 87 0 59 0 98 0 0 63 84 61 23 0 0 33 19 37 0 0 0 44 95 30 0 0 0 0 36 39 0 87 0 0 66 22 0 7 69 44 89 58 32 43 0 0 10 87 67 46 73 32 0 51 
0 77 94 42 0 3 0 87 4 63 3 0 0 0 11 45 98 0 96 77 0 51 62 0 0 60 0 0 56 64 0 0 13 0 12 0 0 0 85 39 0 74 0 28 0 54 43 0 65 0 87 80 0 0 62 0 37 0 0 0 82 0 16 0 53 5 0 0 0 0 0 80 75 68 47 0 0 27 34 0 0 0 66 0 14 0 0 0 19 91 0 62 0 0 0 0 0 82 75 0 
56 0 80 8 0 0 80 92 0 0 93 74 51 2 14 79 97 0 0 19 3 0 88 73 0 0 97 33 2 34 100 0 8 48 71 63 86 41 33 41 74 0 0 72 61 100 71 62 0 86 6 0 0 95 1 81 0 21 42 0 61 14 0 0 78 30 0 8 34 52 13 0 46 0 0 0 22 15 0 0 32 68 0 63 93 0 68 77 74 31 94 3 31 0 2 66 0 0 28 0 
0 0 76 26 89 32 24 0 0 54 0 75 3 33 100 0 0 77 10 45 68 0 82 23 0 0 82 76 33 0 36 76 60 38 92 71 0 0 43 66 0 0 0 0 0 74 74 98 97 71 0 41 49 0 68 53 48 0 0 0 0 0 0 0 0 0 42 94 60 7 0 24 39 0 1 1 0 39 0 0 0 23 0 0 20 1 100 17 38 51 0 0 0 26 18 10 0 46 55 57 
0 72 98 0 98 0 24 88 62 84 0 0 38 31 55 0 75 0 28 23 40 37 0 93 0 0 0 99 79 45 0 0 0 81 0 50 85 96 74 37 28 72 0 0 0 0 0 0 20 0 41 87 88 76 44 32 0 0 69 0 73 0 0 19 0 0 0 11 100 37 41 0 26 0 0 0 4 7 0 87 0 100 98 21 0 11 52 0 77 87 27 39 54 48 32 0 0 24 0 51 
0 0 70 0 0 0 0 11 0 74 69 0 100 62 54 4 0 27 0 91 0 17 34 0 26 4 53 65 0 0 0 1 0 34 24 83 0 0 41 46 0 61 0 0 0 92 63 86 0 28 60 59 66 73 0 72 0 0 0 39 0 98 35 0 0 77 0 0 0 54 60 0 0 0 32 34 8 0 0 0 15 30 0 62 83 87 0 55 0 0 88 43 0 67 23 0 0 54 0 70 
0 18 71 0 96 3 70 67 100 12 28 0 66 81 0 0 0 30 31 43 78 15 0 56 0 87 0 0 30 58 96 67 44 94 53 69 59 5 0 77 54 100 74 0 92 0 0 47 60 33 0 0 80 8 0 7 0 49 98 78 26 70 32 0 0 0 39 42 34 26 0 84 8 0 12 0 0 1 35 8 0 31 0 0 45 0 96 0 5 52 47 70 21 68 0 0 66 0 0 0 
93 0 46 13 0 60 45 0 55 65 59 76 0 85 67 0 0 25 70 67 54 0 47 55 24 78 0 0 88 0 11 0 7 0 0 48 0 26 0 0 43 71 74 0 63 0 0 36 0 0 46 60 83 71 0 0 28 73 97 0 0 95 60 17 0 60 0 38 35 0 69 12 66 23 52 97 99 100 0 75 94 10 43 0 55 13 49 0 28 45 0 0 91 26 4 59 0 87 100 13 
0 26 0 40 61 0 92 0 0 3 0 0 9 72 0 0 0 50 0 77 68 0 0 79 11 47 51 44 28 48 0 0 14 36 79 0 0 30 24 12 0 62 98 0 86 47 36 0 48 12 53 0 48 80 54 18 36 32 81 2 55 31 84 61 49 49 23 6 0 94 67 55 90 88 46 65 44 40 20 0 0 72 0 0 0 0 97 59 92 0 88 19 38 97 100 0 0 0 0 5 
51 12 0 66 96 0 78 16 63 19 43 0 32 49 79 71 0 0 0 93 24 7 6 55 90 0 90 19 23 0 58 12 73 33 74 0 0 0 19 87 65 0 97 20 0 60 0 48 0 0 0 2 0 46 86 0 38 0 32 50 43 20 38 57 91 42 97 74 85 4 78 0 10 0 77 69 0 0 74 0 96 67 0 74 11 44 18 70 79 0 13 58 0 60 0 5 21 49 0 7 
44 30 91 58 100 22 31 69 0 27 0 84 96 23 78 0 33 0 81 30 30 66 54 86 94 0 26 88 64 61 47 0 0 0 29 22 4 2 0 0 0 86 71 0 28 33 0 12 0 0 11 0 4 99 88 87 0 67 0 52 28 0 0 0 62 23 0 27 0 0 70 20 23 0 0 0 0 58 10 0 0 50 0 24 56 37 20 8 54 99 0 86 0 93 28 0 0 0 97 0 
21 100 3 26 73 60 99 1 0 73 81 42 62 0 0 19 46 13 3 67 68 0 75 0 100 29 79 32 0 96 0 79 81 86 9 97 99 45 47 59 87 6 0 41 60 0 46 53 0 11 0 66 0 73 0 49 57 0 0 50 58 0 18 74 0 0 74 0 0 9 0 52 0 0 0 35 23 87 0 0 3 19 0 0 0 21 26 84 0 0 11 37 0 93 0 0 98 63 0 46 
50 34 80 30 85 0 0 18 14 0 43 0 21 0 0 53 82 54 0 0 44 0 41 44 20 0 77 0 0 20 0 20 97 9 75 0 0 0 95 0 80 0 41 87 59 0 60 0 2 0 66 0 0 0 7 84 0 0 24 0 53 17 50 0 71 91 92 0 0 0 67 0 98 32 59 77 0 7 0 72 83 11 42 41 0 28 58 0 20 94 38 72 9 92 0 100 41 30 90 89 
74 54 43 43 0 91 71 62 0 55 40 13 32 5 75 0 0 0 88 33 40 0 0 39 0 89 0 87 83 0 43 0 0 7 0 0 0 67 0 98 0 0 49 88 66 80 83 48 0 4 0 0 0 68 50 28 0 0 0 0 28 8 0 8 7 71 73 94 6 0 0 0 0 0 0 1 79 9 0 40 55 0 13 0 0 51 0 28 0 24 95 0 0 0 41 0 87 24 59 0 
0 68 67 93 79 0 0 69 84 0 0 59 33 44 57 56 74 93 26 20 22 29 26 39 40 0 94 98 68 21 66 35 28 0 0 31 0 88 70 0 0 95 0 76 73 8 71 80 46 99 73 0 68 0 34 77 45 60 56 35 41 85 0 0 98 32 17 74 0 0 0 0 0 90 0 70 0 0 53 75 21 24 90 67 59 0 0 29 0 12 0 37 0 0 75 36 86 21 72 0 
0 31 11 89 51 48 54 0 0 84 76 26 29 17 45 55 0 0 39 87 0 0 2 78 0 0 2 60 0 0 0 28 74 46 71 21 0 0 81 0 62 1 68 44 0 0 0 54 86 88 0 7 50 34 0 55 3 24 1 31 19 51 0 7 60 0 0 38 70 50 0 32 71 0 96 57 33 38 0 0 63 43 59 9 39 73 0 71 40 4 78 59 32 17 32 59 28 0 25 0 
44 0 60 45 46 0 72 0 38 78 70 35 93 0 21 48 86 0 0 14 0 0 0 0 0 0 92 99 88 0 99 0 93 53 0 67 46 4 0 63 0 81 53 32 72 7 0 18 0 87 49 84 28 77 55 0 0 0 0 25 7 8 1 88 71 16 55 100 0 0 49 0 82 54 0 70 91 53 0 0 0 2 26 93 60 0 50 0 34 62 72 0 28 100 0 34 0 78 0 98 
0 2 0 0 96 62 72 85 0 80 0 0 0 42 61 0 0 99 42 0 0 35 0 66 0 42 16 58 0 0 0 0 0 11 54 42 95 47 0 84 37 0 48 0 0 0 28 36 38 0 57 0 0 45 3 0 0 94 0 87 0 0 67 18 0 0 23 24 21 0 64 0 0 67 0 48 0 68 61 41 3 43 0 38 57 32 37 86 73 0 36 93 0 0 86 0 0 0 82 0 
0 0 0 0 0 69 88 70 25 41 89 55 0 0 76 0 45 79 19 27 0 81 0 82 0 100 0 67 71 36 0 45 0 26 100 74 0 0 0 61 0 21 0 0 0 49 73 32 0 67 0 0 0 60 24 0 94 0 67 0 0 5 88 27 60 0 0 0 12 77 0 0 69 0 93 18 0 28 0 93 0 26 0 0 92 11 94 93 43 79 0 34 2 18 0 83 49 52 82 29 
0 0 81 63 87 91 74 0 83 0 9 0 100 0 32 68 19 0 29 0 26 66 83 12 64 1 35 6 22 0 72 0 75 0 47 0 1 89 0 23 0 42 0 69 0 98 97 81 32 0 0 24 0 56 1 0 0 67 0 73 49 79 84 0 79 0 1 50 53 0 0 6 17 34 0 68 33 34 21 0 75 9 54 83 30 44 4 0 6 9 0 77 99 78 25 91 4 90 54 73 
0 60 17 22 61 2 0 0 46 48 0 24 74 4 7 52 82 0 7 3 0 11 31 14 0 9 40 0 67 0 84 17 53 0 51 0 0 0 46 0 0 0 0 0 39 78 0 2 50 52 50 0 0 35 31 25 87 0 73 0 13 22 64 85 60 6 45 91 0 0 0 0 73 2 18 44 43 0 0 3 0 0 0 74 42 95 0 0 11 25 0 0 52 53 86 95 52 59 56 68 
0 55 0 59 89 61 67 81 58 0 74 34 80 8 93 8 80 77 53 18 89 0 0 96 0 99 37 95 76 49 22 51 0 0 0 0 94 41 0 0 82 61 0 73 0 26 0 55 43 28 58 53 28 41 19 7 0 0 49 13 0 9 0 13 82 81 56 3 0 0 0 59 73 91 0 0 0 85 0 92 20 35 0 0 1 72 0 25 86 0 84 0 1 50 84 0 89 46 81 25 
0 5 0 59 0 25 16 16 74 46 54 89 16 23 32 0 0 89 51 95 9 46 57 37 9 26 0 71 30 0 99 24 0 0 0 0 16 5 12 33 0 14 0 0 98 70 95 31 20 0 0 17 8 85 51 8 0 5 79 22 9 0 10 75 20 0 10 74 20 11 0 36 59 99 0 0 34 80 0 0 0 69 92 0 46 65 0 55 0 24 0 82 54 37 67 0 98 0 62 0 
45 45 0 0 90 26 93 70 0 0 0 13 0 0 25 68 0 5 64 40 89 73 58 58 69 76 0 0 80 5 64 89 7 5 16 0 0 0 82 19 16 0 0 0 35 32 60 84 38 0 18 50 0 0 0 1 67 88 84 64 0 10 0 12 30 97 94 0 1 93 0 0 95 30 0 84 27 100 10 0 98 0 0 50 66 0 94 0 0 0 16 85 0 44 71 0 0 0 61 40 
88 8 98 85 25 0 0 28 36 0 96 92 0 56 17 0 16 46 0 66 58 46 52 12 0 39 56 5 0 56 52 0 0 0 0 93 43 0 0 37 0 0 0 19 0 0 17 61 57 0 74 0 8 0 7 88 18 27 0 85 13 75 12 0 13 0 0 88 66 96 0 46 0 5 93 4 30 71 62 51 0 0 0 0 44 13 0 35 13 0 0 19 88 0 0 84 42 49 26 0 
74 22 37 23 95 0 0 68 51 0 54 17 88 0 68 0 96 50 63 0 0 97 93 0 0 77 12 0 0 59 86 60 34 90 100 49 96 0 46 0 53 78 0 0 0 0 0 49 91 62 0 71 7 98 60 71 0 60 79 60 82 20 30 13 0 81 74 37 100 0 0 0 53 66 60 0 76 93 0 68 40 97 0 21 0 87 18 0 50 100 10 0 42 65 17 82 51 39 76 0 
89 0 55 56 0 26 36 9 77 20 0 0 82 31 37 0 0 72 77 67 36 0 94 90 68 62 0 20 57 49 0 67 0 0 42 0 44 76 0 0 5 30 0 0 77 0 60 49 42 23 0 91 71 32 0 16 0 0 0 6 81 0 97 0 81 0 0 14 21 25 0 0 0 0 0 46 68 0 0 0 23 43 49 42 0 98 76 84 12 81 0 0 30 0 17 0 32 18 0 35 
87 85 89 77 24 0 44 9 37 0 36 47 0 90 96 49 14 48 0 0 0 0 0 0 0 0 17 48 62 65 85 10 11 28 0 30 18 80 100 0 0 0 42 0 0 39 0 23 97 0 74 92 73 17 0 55 23 0 1 45 56 10 94 0 74 0 0 17 78 82 0 46 97 68 50 10 12 17 31 0 42 70 0 0 61 69 42 0 0 0 0 71 70 0 41 15 6 30 0 0 
37 31 30 0 0 0 8 32 0 98 0 91 73 0 55 0 0 85 84 0 0 93 15 31 26 65 0 67 0 0 61 37 0 0 2 63 80 0 95 44 0 8 94 11 0 42 38 6 74 27 0 0 94 74 38 100 24 0 50 91 3 74 0 88 37 14 17 0 82 13 0 32 0 0 56 0 0 27 0 66 0 7 14 56 0 4 46 0 0 0 66 88 23 44 21 31 68 2 68 70 
70 0 83 0 0 98 99 43 0 0 25 0 0 16 100 0 54 67 0 0 82 85 0 18 0 31 83 0 22 4 37 45 0 28 50 52 56 0 0 95 0 34 60 100 0 34 35 0 85 0 0 0 6 0 70 0 21 12 53 0 0 20 1 66 100 21 78 82 0 37 0 51 20 0 0 27 92 0 35 0 92 75 0 0 0 0 0 6 0 43 100 53 48 0 0 0 72 4 88 54 
49 0 0 0 85 0 63 0 99 0 0 0 0 57 0 87 0 80 3 0 0 0 18 47 0 55 22 0 17 47 88 0 11 5 23 16 75 0 0 30 0 52 7 37 54 26 0 94 4 0 9 0 0 0 50 0 0 77 0 0 0 11 93 96 0 25 82 13 37 0 10 0 94 51 7 0 0 0 0 98 0 90 7 36 80 0 40 96 0 84 76 7 92 0 29 9 31 18 0 47 
48 27 40 0 69 89 0 5 0 0 13 0 0 0 0 0 0 0 16 66 100 36 56 83 46 13 17 83 6 49 0 72 42 0 38 0 0 60 92 0 0 13 0 41 60 0 69 67 78 70 0 67 0 0 0 49 64 0 0 0 0 0 0 0 0 0 0 0 0 10 0 29 0 0 72 25 61 0 0 0 0 6 76 78 0 0 0 51 85 76 0 31 77 14 0 9 73 21 68 33 
96 0 57 0 0 0 0 92 0 58 66 56 0 44 34 0 75 0 0 92 52 30 0 0 0 0 58 47 0 57 10 100 0 76 0 0 0 5 0 0 80 0 24 0 0 84 12 55 0 20 52 0 0 0 32 0 0 0 6 0 59 36 0 46 0 0 46 32 51 0 29 0 0 59 73 91 55 99 0 74 11 0 13 26 45 12 26 3 87 0 66 20 0 26 0 0 0 0 0 0 
0 0 0 68 0 31 0 31 16 86 0 0 18 0 83 52 50 48 0 0 0 68 51 0 0 46 0 3 88 42 0 83 70 19 97 0 34 57 85 0 75 46 39 26 0 8 66 90 10 23 0 98 0 0 71 82 0 69 17 73 73 59 95 0 53 0 97 0 20 94 0 0 0 0 0 99 0 66 0 0 91 85 57 0 4 77 56 35 24 0 66 0 0 50 55 10 0 92 0 66 
45 0 95 0 55 1 78 0 0 0 98 91 0 76 65 62 5 26 71 0 0 31 0 0 65 0 25 61 55 60 16 0 94 0 47 42 0 4 0 0 68 0 0 0 0 0 23 88 0 0 0 32 0 90 0 54 67 0 34 2 91 99 30 5 66 0 68 0 0 51 0 59 0 0 0 0 66 0 4 0 0 0 29 40 96 0 77 0 0 54 72 74 78 0 0 4 0 2 0 0 
55 0 35 51 0 0 71 0 39 60 68 90 0 56 0 0 0 59 0 15 0 11 89 85 58 0 47 0 66 18 0 61 35 63 0 41 96 60 55 36 47 0 1 0 32 12 52 46 77 0 0 59 0 0 96 0 0 93 0 18 0 0 0 93 60 0 50 56 0 7 72 73 0 0 0 56 0 57 71 0 20 35 19 0 0 83 94 36 0 0 0 33 25 72 0 0 2 76 80 15 
84 0 0 0 4 29 11 33 72 97 72 15 66 0 45 86 0 0 14 19 8 0 11 1 33 21 42 31 49 25 9 0 0 0 89 0 34 0 22 39 0 0 1 0 34 0 97 65 69 0 35 77 1 70 57 70 48 18 68 44 0 0 84 4 0 46 10 0 27 0 25 91 99 0 56 0 88 4 0 0 9 77 52 0 23 63 19 74 8 0 0 22 65 0 0 0 0 0 0 17 
90 0 0 17 0 0 0 86 65 97 61 44 68 100 52 7 18 0 0 53 0 26 0 0 18 86 0 0 5 73 0 7 18 0 0 0 16 100 0 0 0 22 0 4 8 0 99 44 0 0 23 0 79 0 33 91 0 0 33 43 0 34 27 30 76 68 12 0 92 0 61 55 0 66 0 88 0 47 34 0 0 97 43 0 3 0 6 19 54 82 72 0 0 7 22 100 68 67 0 0 
90 0 0 88 95 0 27 44 18 46 33 96 0 70 53 34 11 62 0 14 40 31 96 86 0 15 0 0 0 0 90 10 81 85 0 0 46 0 0 87 27 15 39 7 0 1 100 40 0 58 87 7 9 0 38 53 68 28 34 0 85 80 100 71 93 0 17 27 0 0 0 99 66 0 57 4 47 0 24 95 0 47 0 73 0 47 0 98 30 38 0 52 30 2 51 26 59 47 0 43 
9 51 53 71 0 0 66 64 0 83 45 91 19 0 27 99 92 46 4 0 0 54 20 0 48 27 0 47 85 51 0 7 0 0 88 11 0 77 99 0 34 0 0 0 0 35 0 20 74 10 0 0 0 53 0 0 61 0 21 0 0 0 10 62 0 0 31 0 35 0 0 0 0 4 71 0 34 24 0 55 8 89 35 30 63 0 80 30 44 59 71 0 79 7 46 19 13 62 62 70 
3 77 0 0 79 0 75 0 0 73 0 7 23 26 7 0 53 0 10 82 53 0 62 0 86 0 2 37 49 0 0 77 95 62 97 56 48 39 0 0 0 0 0 87 0 8 75 0 0 0 0 72 40 75 0 0 41 93 0 3 92 0 0 51 68 0 0 66 0 98 0 74 0 0 0 0 0 95 55 0 0 36 0 50 0 17 2 87 39 82 0 14 68 0 47 84 49 0 74 100 
0 41 8 99 0 76 0 0 29 64 41 98 45 0 34 0 45 68 0 0 0 28 81 1 20 97 0 0 0 92 49 0 0 15 0 0 57 16 0 66 0 32 0 0 15 0 94 0 96 0 3 83 55 21 63 0 3 0 75 0 20 0 98 0 40 23 42 0 92 0 0 11 91 0 20 9 0 0 8 0 0 44 100 0 16 5 32 34 59 3 54 94 42 21 8 0 0 32 96 0 
86 37 71 0 0 4 13 0 26 0 56 86 0 37 20 51 41 28 78 23 0 98 0 40 28 64 6 29 0 23 0 15 100 0 21 49 0 0 81 22 0 68 23 100 30 31 10 72 67 50 19 11 0 24 43 2 43 26 9 0 35 69 0 0 97 43 70 7 75 90 6 0 85 0 35 77 97 47 89 36 44 0 0 17 100 17 76 0 0 0 0 0 81 0 100 18 8 0 0 0 
0 49 38 72 33 0 51 9 0 0 54 46 12 49 60 51 0 60 96 69 63 66 75 0 93 0 0 13 61 98 78 90 84 0 55 0 38 14 7 0 66 0 0 98 0 0 43 0 0 0 0 42 13 90 59 26 0 0 54 0 0 92 0 0 0 49 0 14 0 7 76 13 57 29 19 52 43 0 35 0 100 0 0 38 65 9 0 81 59 0 40 23 0 58 37 99 100 87 0 33 
0 99 50 21 99 92 0 83 100 90 36 0 60 2 29 56 0 96 37 73 43 18 42 0 94 55 31 0 0 0 7 36 85 0 96 69 0 67 0 7 0 63 0 21 62 0 0 0 74 24 0 41 0 67 9 93 38 0 83 74 0 0 50 0 21 42 0 56 0 36 78 26 0 40 0 0 0 73 30 50 0 17 38 0 83 82 51 0 0 11 0 58 76 0 0 17 0 16 0 0 
0 89 0 100 13 0 37 75 63 0 0 98 68 77 11 54 20 26 56 0 0 0 38 0 75 35 98 55 0 13 40 71 0 5 32 61 37 80 0 69 14 93 20 0 83 45 55 0 11 56 0 0 0 59 39 60 57 92 30 42 1 46 66 44 0 0 61 0 0 80 0 45 4 96 0 23 3 0 63 0 16 100 65 83 0 0 53 28 10 97 96 66 79 63 0 50 0 0 81 39 
0 0 34 0 53 0 19 91 0 10 0 22 18 0 64 72 4 0 82 77 0 42 0 61 0 0 86 58 0 50 69 33 83 0 0 5 0 0 20 44 0 0 1 11 87 0 13 0 44 37 21 28 51 0 73 0 32 11 44 95 72 65 0 13 87 98 69 4 0 0 0 12 77 0 83 63 0 47 0 17 5 17 9 82 0 0 0 93 3 0 0 67 68 0 0 0 61 5 43 13 
0 97 8 17 0 0 75 83 0 22 20 0 0 2 94 0 46 0 90 86 93 0 25 0 2 96 100 36 21 20 0 0 0 0 8 14 56 0 0 89 0 68 100 52 0 96 49 97 18 20 26 58 0 0 0 50 37 94 4 0 0 0 94 0 18 76 42 46 0 40 0 26 56 77 94 19 6 0 80 2 32 76 0 51 53 0 0 4 61 13 53 100 0 70 0 84 0 0 0 0 
91 50 92 0 1 48 96 0 11 14 0 7 56 42 84 77 0 0 10 97 0 0 7 21 0 67 57 0 62 4 8 80 60 42 0 76 0 94 15 58 0 77 17 0 55 0 0 59 70 8 84 0 28 29 71 0 86 93 0 0 25 55 0 35 0 84 0 0 6 96 51 3 35 0 36 74 19 98 30 87 34 0 81 0 28 93 4 0 19 0 12 0 0 21 96 0 21 0 0 0 
0 53 15 92 24 36 86 0 0 17 42 0 45 17 0 20 77 66 79 0 63 2 0 7 72 66 56 0 41 26 97 0 0 33 0 10 46 58 80 32 19 74 38 77 0 5 28 92 79 54 0 20 0 0 40 34 73 43 6 11 86 0 0 13 50 12 0 0 0 0 85 87 24 0 0 8 54 30 44 39 59 0 59 0 10 3 61 19 0 40 29 49 58 77 35 0 30 0 0 0 
14 0 61 98 65 36 88 66 75 69 71 0 41 0 69 0 88 97 77 0 13 36 34 91 19 90 0 0 0 0 42 0 52 0 99 98 0 30 13 43 91 31 51 87 0 52 45 0 0 99 0 94 24 12 4 62 0 79 9 25 0 24 0 0 100 81 0 0 43 84 76 0 0 54 0 0 82 38 59 82 3 0 0 11 97 0 13 0 40 0 75 44 0 0 0 68 0 18 36 7 
4 7 0 0 37 4 0 1 0 67 47 41 0 10 0 62 49 0 39 0 48 0 23 36 0 54 0 0 0 11 93 76 48 0 56 62 0 8 0 0 0 94 0 27 88 47 0 88 13 0 11 38 95 0 78 72 36 0 0 0 84 0 16 0 10 0 0 66 100 76 0 66 66 72 0 0 72 0 71 0 54 0 40 0 96 0 53 12 29 75 0 34 16 0 93 69 0 45 33 62 
0 0 0 0 0 0 32 47 35 0 0 23 44 0 0 0 64 0 56 0 72 70 4 0 91 6 67 21 0 0 0 14 62 0 82 62 0 0 50 0 62 3 0 39 43 70 0 19 58 86 37 72 0 37 59 0 93 34 77 0 0 82 85 19 0 0 71 88 53 7 31 20 0 74 33 22 0 52 0 14 94 0 23 58 66 67 100 0 49 44 34 0 94 17 0 82 22 0 0 88 
0 0 0 0 13 48 19 0 28 0 0 67 99 1 51 46 9 0 33 96 0 57 7 0 0 42 81 11 0 19 68 26 79 50 75 0 1 0 16 10 0 31 0 54 0 21 91 38 0 0 0 9 0 0 32 28 0 2 99 52 1 54 0 88 42 30 70 23 48 92 77 0 0 78 25 65 0 30 79 68 42 81 0 76 79 68 0 0 58 0 16 94 0 57 9 37 0 0 0 0 
16 98 12 94 58 96 0 30 89 58 0 8 95 28 0 15 66 42 0 14 0 16 47 99 79 90 0 58 0 0 33 61 54 0 66 35 3 58 53 87 0 0 26 48 67 68 26 97 60 93 93 92 0 0 17 100 0 18 78 53 50 37 44 0 65 0 0 44 0 0 14 26 50 0 72 0 7 2 7 0 21 0 58 0 63 0 70 21 77 0 0 17 57 0 0 60 21 56 0 12 
59 0 100 0 63 0 0 0 82 48 0 53 0 22 0 91 83 10 31 18 3 84 73 0 0 84 0 0 96 0 87 0 21 0 22 0 85 0 0 67 0 2 18 32 23 0 4 100 0 28 0 0 41 75 32 0 86 0 25 86 84 67 71 0 17 17 41 21 0 29 0 0 55 0 0 0 22 51 46 47 8 100 37 0 0 0 0 96 35 0 93 0 9 0 0 15 84 7 97 0 
96 11 52 0 47 0 73 78 62 0 28 0 0 12 19 19 65 19 0 64 0 67 0 37 34 94 90 28 22 94 9 0 84 58 22 70 87 62 59 46 0 66 10 0 0 0 59 0 5 0 0 100 0 36 59 34 0 83 91 95 0 0 0 84 82 0 15 31 0 9 9 0 10 4 0 0 100 26 19 84 0 18 99 17 50 0 84 0 0 68 69 82 37 60 15 0 0 28 0 96 
0 71 14 10 95 23 0 0 0 0 0 59 52 40 52 11 0 9 40 0 36 0 0 43 94 15 39 20 90 0 43 21 91 0 77 97 12 40 76 73 0 0 0 0 0 66 0 0 21 0 98 41 87 86 28 0 0 49 4 52 89 98 0 42 51 32 6 68 72 31 73 0 0 0 2 0 68 59 13 49 0 8 100 0 0 61 0 21 30 0 0 22 0 21 84 0 0 0 0 81 
86 37 0 67 76 56 31 0 42 12 68 93 15 85 0 15 55 25 3 90 21 7 46 89 45 23 3 0 86 0 89 0 0 34 69 0 0 0 69 32 82 0 46 24 54 0 87 0 49 0 63 30 24 21 0 78 0 52 90 59 46 0 0 49 39 18 30 2 4 18 21 0 92 2 76 0 67 47 62 0 32 0 87 16 0 5 0 0 0 18 45 0 0 56 7 28 0 0 5 17 
14 55 6 0 0 62 100 11 13 0 0 59 52 32 34 85 0 29 18 6 0 0 0 0 63 0 67 0 9 0 72 0 0 68 50 22 0 32 57 0 75 28 55 0 0 0 100 0 0 97 0 90 59 72 25 0 82 82 54 56 81 62 61 26 76 0 0 68 88 0 68 0 0 0 80 0 0 0 62 74 96 0 0 0 81 43 0 0 0 36 33 0 0 0 97 0 0 5 0 43 
93 19 53 96 0 75 5 73 11 0 36 0 0 86 84 0 0 84 0 94 46 88 0 92 0 67 0 0 94 10 11 0 0 65 7 50 92 0 0 51 0 0 57 51 70 0 13 5 7 0 46 89 0 0 0 98 0 29 73 68 25 0 40 0 0 35 0 70 54 47 33 0 66 0 15 17 0 43 70 100 0 0 33 0 39 13 0 0 0 7 62 88 0 12 0 96 81 17 43 0 
