0 0 0 7 0 96 0 0 0 70 0 48 67 0 95 47 25 0 40 0 20 0 57 0 0 0 0 76 0 0 0 11 0 0 0 30 0 0 0 0 61 25 0 0 0 0 9 45 0 0 0 0 0 0 84 0 0 0 82 29 0 0 3 0 56 0 0 0 16 0 0 54 0 0 0 0 0 0 0 0 0 0 0 0 0 0 0 84 0 0 24 13 85 0 0 0 35 0 0 0 
0 0 0 0 75 96 26 0 0 0 0 0 0 0 0 0 0 0 0 0 0 0 0 0 70 44 79 0 0 16 0 0 0 0 0 29 61 0 0 99 0 0 0 0 37 47 0 0 0 0 0 0 37 0 1 0 0 47 0 0 68 0 0 0 53 3 93 0 0 0 0 46 0 0 0 0 0 23 26 0 0 0 46 17 0 0 0 0 74 0 0 0 0 78 0 0 0 0 43 0 
0 0 0 0 0 0 0 0 0 38 70 0 0 0 0 0 71 0 30 2 0 34 0 1 66 0 68 28 0 10 0 0 56 0 0 3 0 9 0 0 0 0 87 0 0 0 74 0 0 0 0 65 87 0 0 0 0 0 0 0 58 0 47 0 0 0 0 0 26 86 0 88 72 0 0 0 0 0 5 0 49 42 0 0 0 0 0 0 0 0 0 100 0 0 0 0 0 100 0 19 
7 0 0 0 0 98 0 0 0 89 0 70 0 19 95 63 0 0 0 21 0 20 0 0 0 0 13 0 0 0 91 0 0 0 89 0 0 0 0 0 0 0 0 0 0 0 50 0 77 81 81 0 0 0 0 49 90 0 0 0 0 11 46 0 0 0 87 21 0 42 0 8 0 0 0 0 100 0 0 22 0 0 0 0 0 0 0 0 0 29 0 94 0 0 0 0 0 3 58 0 
0 75 0 0 0 0 0 0 59 0 0 0 0 0 0 0 0 0 0 0 0 0 0 0 0 0 62 0 0 0 0 15 21 0 0 0 0 0 1 0 0 43 0 92 11 0 0 0 0 0 76 0 22 0 0 43 0 0 0 0 88 54 0 0 0 0 41 0 93 0 0 92 0 48 80 68 0 94 0 0 12 87 0 0 0 0 0 0 63 0 82 0 0 26 0 0 0 81 0 0 
96 96 0 98 0 0 0 0 55 1 0 21 39 80 0 0 0 0 0 0 0 87 0 100 0 0 0 0 0 0 0 0 99 0 0 0 0 0 0 0 49 0 0 5 44 0 15 0 74 0 0 0 0 16 3 0 43 17 14 0 15 1 0 0 0 0 43 0 79 0 0 0 0 73 67 0 0 9 0 0 0 0 0 0 0 0 0 87 100 0 0 0 0 0 0 0 0 0 0 0 
0 26 0 0 0 0 0 47 0 0 0 0 14 9 0 69 0 0 54 0 59 0 20 36 0 51 94 0 0 0 0 0 0 0 0 0 0 0 13 0 47 70 72 0 95 0 0 0 0 0 0 10 0 0 0 0 0 0 30 0 0 52 0 0 0 0 0 0 0 0 0 0 0 23 0 12 53 52 0 0 0 0 0 0 0 70 0 0 0 4 25 0 97 0 0 0 0 0 52 52 
0 0 0 0 0 0 47 0 19 90 71 0 0 10 11 39 0 40 0 24 0 0 0 0 70 0 0 0 0 0 52 100 0 0 0 0 65 0 0 81 0 0 0 0 22 0 23 0 0 0 0 0 0 56 26 0 0 0 42 0 0 36 0 0 0 0 35 0 18 0 0 0 0 0 0 0 0 0 0 0 0 0 0 6 80 0 0 35 69 0 0 0 5 58 0 100 0 2 0 0 
0 0 0 0 59 55 0 19 0 0 0 0 0 0 0 0 0 0 0 0 25 0 0 0 0 43 65 0 0 0 0 0 5 0 78 0 0 0 0 53 11 40 70 0 0 0 0 0 0 18 0 0 0 0 10 12 56 0 0 3 0 89 0 0 22 0 70 92 0 0 0 0 0 94 0 86 0 0 0 95 3 57 0 0 56 0 0 0 0 0 43 0 0 0 0 0 0 19 0 79 
70 0 38 89 0 1 0 90 0 0 77 19 0 0 94 35 0 0 0 0 0 0 0 79 43 0 45 0 0 0 0 0 0 0 0 0 0 84 0 0 0 0 0 0 0 0 0 0 1 70 0 0 65 0 0 0 0 0 47 0 0 0 0 0 41 0 0 0 0 0 0 0 0 0 0 0 81 0 0 0 0 8 79 61 3 29 0 0 0 0 0 0 44 0 94 11 0 0 0 83 
0 0 70 0 0 0 0 71 0 77 0 98 0 0 39 14 0 83 67 0 38 0 0 41 0 0 0 0 8 0 0 28 0 0 0 0 5 0 0 0 0 0 0 0 0 0 88 0 0 0 0 0 0 0 11 100 84 0 0 0 0 0 0 0 23 0 0 0 46 0 0 0 0 0 0 57 5 0 0 0 0 0 41 42 0 28 0 0 0 0 0 0 0 99 43 0 0 0 0 34 
48 0 0 70 0 21 0 0 0 19 98 0 0 73 39 0 0 0 0 0 93 0 0 38 0 0 0 0 42 0 0 3 0 0 0 0 0 0 0 0 75 0 0 0 80 36 0 0 0 0 0 0 64 0 0 30 0 85 0 0 0 0 0 0 0 0 0 98 0 0 70 10 0 44 0 47 0 0 0 16 13 0 0 22 0 20 0 0 0 45 0 0 0 0 0 69 2 0 59 0 
67 0 0 0 0 39 14 0 0 0 0 0 0 0 0 15 0 37 0 0 0 0 0 0 0 0 52 0 0 0 46 70 0 0 0 0 0 25 0 0 0 0 0 0 27 35 0 0 0 0 0 39 0 0 0 0 0 0 0 0 0 80 0 0 56 0 85 61 0 0 21 0 0 0 94 0 39 0 0 0 51 0 33 0 0 0 99 52 0 0 0 26 0 0 57 35 82 0 0 0 
0 0 0 19 0 80 9 10 0 0 0 73 0 0 0 0 0 0 0 0 0 0 35 54 0 0 0 0 0 57 0 65 0 16 0 0 0 16 32 0 75 22 0 0 0 0 0 0 57 69 0 0 58 0 52 34 0 0 0 0 0 90 0 0 0 0 0 19 0 82 0 0 0 0 0 23 0 56 0 0 0 0 0 0 0 0 0 69 35 89 0 14 0 0 0 8 47 0 0 0 
95 0 0 95 0 0 0 11 0 94 39 39 0 0 0 0 89 0 0 56 0 12 0 0 0 0 0 0 59 0 0 0 0 0 0 0 0 100 0 0 58 0 0 0 0 0 0 44 0 0 0 0 0 0 0 0 0 0 0 0 0 0 0 0 0 0 0 0 19 0 31 0 0 0 0 0 0 0 0 0 17 92 0 0 0 0 0 0 0 17 0 0 0 0 0 0 0 0 0 20 
47 0 0 63 0 0 69 39 0 35 14 0 15 0 0 0 21 0 0 0 0 0 0 0 0 0 57 0 0 0 0 68 43 0 0 0 75 0 0 0 0 0 65 89 63 0 58 57 0 71 57 0 0 0 0 0 0 0 0 0 64 0 0 0 0 0 0 0 0 0 0 0 0 0 0 34 0 0 0 0 0 0 0 0 0 46 11 0 80 36 48 0 3 0 0 9 0 48 61 0 
25 0 71 0 0 0 0 0 0 0 0 0 0 0 89 21 0 91 0 0 0 0 0 13 11 52 0 0 0 11 0 0 92 0 0 72 0 6 0 0 0 0 9 0 34 62 18 0 0 0 0 26 40 0 0 0 6 0 0 0 0 0 0 0 0 0 0 21 0 0 0 0 0 0 0 0 0 0 0 0 0 0 11 0 0 44 0 0 0 0 0 0 0 85 0 0 0 0 74 0 
0 0 0 0 0 0 0 40 0 0 83 0 37 0 0 0 91 0 0 0 0 0 0 60 66 0 0 0 0 0 0 0 0 0 0 0 73 0 0 61 0 0 74 20 0 0 0 46 0 46 75 0 0 0 0 0 61 0 0 51 6 0 0 0 52 0 0 0 0 0 0 0 0 0 0 0 89 42 0 0 100 0 18 0 0 0 0 0 0 0 0 0 0 0 0 100 0 0 20 97 
40 0 30 0 0 0 54 0 0 0 67 0 0 0 0 0 0 0 0 0 0 0 0 59 0 0 32 0 0 0 0 0 0 0 0 0 0 0 0 0 0 15 0 0 0 0 0 0 71 0 0 0 0 0 0 0 0 0 0 0 93 0 0 0 0 0 99 89 0 58 0 0 0 0 0 0 0 0 0 0 65 82 0 57 77 0 0 0 0 0 59 0 22 0 0 94 0 0 65 0 
0 0 2 21 0 0 0 24 0 0 0 0 0 0 56 0 0 0 0 0 31 0 0 72 0 37 15 0 0 28 0 0 0 0 8 41 8 0 0 0 0 0 0 0 0 0 0 0 3 0 0 0 0 0 0 2 0 0 0 0 14 24 0 0 0 0 0 0 0 0 0 0 0 0 0 76 0 0 54 0 0 0 0 0 0 0 0 41 0 0 24 86 98 0 0 0 3 0 0 0 
20 0 0 0 0 0 59 0 25 0 38 93 0 0 0 0 0 0 0 31 0 57 0 0 58 54 74 0 0 0 0 0 0 0 0 87 18 10 0 0 0 0 0 0 0 0 0 0 12 59 0 72 0 0 0 0 0 4 0 0 0 0 0 0 0 0 0 0 0 0 0 85 0 0 0 95 0 23 0 78 29 65 0 0 92 0 0 84 0 23 0 0 0 0 95 22 0 0 6 0 
0 0 34 20 0 87 0 0 0 0 0 0 0 0 12 0 0 0 0 0 57 0 70 0 0 0 0 0 0 0 0 0 97 1 0 0 0 0 77 0 0 16 0 0 0 97 0 0 0 0 0 81 0 0 0 81 63 0 73 0 0 0 0 0 0 20 0 0 0 80 91 0 0 0 31 0 29 88 0 0 76 96 37 50 0 0 0 0 0 7 0 0 46 83 0 60 46 0 0 0 
57 0 0 0 0 0 20 0 0 0 0 0 0 35 0 0 0 0 0 0 0 70 0 0 30 0 0 0 61 0 52 80 0 0 0 0 0 12 68 0 0 0 0 0 0 0 0 0 0 0 0 0 0 39 0 0 0 0 0 0 89 0 17 17 17 0 0 16 32 0 0 68 0 0 0 30 66 98 0 0 0 0 0 10 37 0 0 0 65 0 0 68 0 0 23 9 0 0 0 0 
0 0 1 0 0 100 36 0 0 79 41 38 0 54 0 0 13 60 59 72 0 0 0 0 0 0 12 48 30 45 0 0 83 0 0 0 0 0 0 0 72 0 0 0 0 1 0 0 0 0 62 0 0 0 82 0 0 0 0 0 0 0 0 0 57 0 0 0 0 0 0 0 0 0 57 0 0 49 0 0 0 0 20 0 0 0 0 81 0 94 0 0 0 0 67 4 87 77 0 0 
0 70 66 0 0 0 0 70 0 43 0 0 0 0 0 0 11 66 0 0 58 0 30 0 0 0 0 0 0 53 0 0 0 0 0 0 60 0 0 0 0 0 0 0 93 0 0 0 0 0 0 0 0 0 43 0 0 0 6 20 0 0 97 0 0 0 0 38 3 87 0 0 96 77 89 0 45 0 0 87 0 21 0 16 59 0 0 53 0 0 0 36 0 79 0 12 0 0 0 0 
0 44 0 0 0 0 51 0 43 0 0 0 0 0 0 0 52 0 0 37 54 0 0 0 0 0 0 0 0 0 0 0 37 0 0 0 66 0 0 0 0 0 0 0 0 0 0 78 0 5 0 6 0 0 0 0 0 0 0 0 0 0 0 0 0 68 0 0 0 26 0 0 0 0 0 0 0 0 45 54 0 0 0 0 58 0 0 0 45 34 60 0 0 28 0 0 0 0 0 0 
0 79 68 13 62 0 94 0 65 45 0 0 52 0 0 57 0 0 32 15 74 0 0 12 0 0 0 78 0 63 0 0 43 0 0 0 0 77 0 0 0 0 0 0 0 0 43 0 0 15 0 0 0 0 0 47 0 0 0 51 38 0 0 91 0 24 0 0 0 0 0 90 0 0 0 0 0 0 0 68 0 89 0 0 0 0 0 0 31 0 0 0 0 0 0 53 70 0 0 0 
76 0 28 0 0 0 0 0 0 0 0 0 0 0 0 0 0 0 0 0 0 0 0 48 0 0 78 0 92 0 34 0 0 0 0 0 0 0 0 0 0 0 10 0 0 0 0 81 0 73 0 0 0 64 0 0 9 3 5 0 0 0 0 2 0 0 53 73 0 0 0 89 0 0 0 0 0 0 56 0 0 27 0 0 0 0 0 0 91 33 0 100 0 96 0 0 17 40 0 0 
0 0 0 0 0 0 0 0 0 0 8 42 0 0 59 0 0 0 0 0 0 0 61 30 0 0 0 92 0 0 49 0 0 0 0 0 0 0 58 0 0 9 0 6 0 0 0 0 0 0 10 0 0 0 0 0 0 0 0 0 0 0 0 0 0 0 0 0 34 39 0 0 9 0 0 0 0 1 0 0 24 0 0 0 15 67 0 0 4 0 0 0 0 0 0 0 16 0 0 0 
0 16 10 0 0 0 0 0 0 0 0 0 0 57 0 0 11 0 0 28 0 0 0 45 53 0 63 0 0 0 0 35 0 29 0 0 0 0 100 0 0 0 0 39 0 0 27 0 0 0 76 0 0 0 50 0 0 0 55 45 0 4 0 0 0 12 0 58 0 0 0 0 49 0 58 0 4 0 9 27 45 0 0 0 0 86 0 0 0 0 0 80 49 0 83 0 0 0 0 0 
0 0 0 91 0 0 0 52 0 0 0 0 46 0 0 0 0 0 0 0 0 0 52 0 0 0 0 34 49 0 0 1 0 0 0 0 0 0 0 0 62 20 0 0 0 0 89 0 0 99 0 0 0 0 74 47 0 0 82 0 0 0 0 0 0 0 0 0 0 55 71 58 0 13 0 0 0 2 28 7 44 39 68 0 0 0 0 0 91 0 0 0 0 0 0 0 43 0 19 0 
11 0 0 0 15 0 0 100 0 0 28 3 70 65 0 68 0 0 0 0 0 0 80 0 0 0 0 0 0 35 1 0 0 0 0 0 0 0 3 0 0 0 0 92 0 0 72 0 28 0 0 11 87 0 0 0 0 0 0 0 0 93 16 0 11 0 0 0 0 0 56 0 0 0 0 0 0 0 0 26 0 0 0 0 15 24 1 0 20 0 0 0 0 0 0 43 0 0 0 0 
0 0 56 0 21 99 0 0 5 0 0 0 0 0 0 43 92 0 0 0 0 97 0 83 0 37 43 0 0 0 0 0 0 0 0 0 0 0 0 0 0 70 0 0 0 0 0 0 0 0 0 0 0 0 0 0 77 0 90 0 0 0 47 0 0 47 0 0 3 64 0 0 77 0 14 0 0 38 0 0 0 0 0 47 0 0 75 34 0 0 64 47 16 36 28 0 99 94 0 0 
0 0 0 0 0 0 0 0 0 0 0 0 0 16 0 0 0 0 0 0 0 1 0 0 0 0 0 0 0 29 0 0 0 0 0 0 0 0 0 0 0 0 0 0 0 37 0 0 0 27 0 0 39 0 0 0 0 0 0 12 0 0 0 0 0 0 0 0 0 0 0 0 48 29 0 0 0 0 94 0 0 0 19 61 0 0 0 0 0 0 0 27 51 0 0 39 0 22 27 0 
0 0 0 89 0 0 0 0 78 0 0 0 0 0 0 0 0 0 0 8 0 0 0 0 0 0 0 0 0 0 0 0 0 0 0 0 0 55 0 74 0 0 0 0 0 0 0 55 0 0 62 0 0 2 0 59 0 80 32 30 0 100 0 0 0 4 99 0 0 0 41 0 0 0 0 0 0 43 37 0 0 0 0 0 0 0 64 0 0 3 76 37 6 0 58 0 0 0 0 0 
30 29 3 0 0 0 0 0 0 0 0 0 0 0 0 0 72 0 0 41 87 0 0 0 0 0 0 0 0 0 0 0 0 0 0 0 0 0 0 0 0 55 0 0 0 97 0 0 0 0 87 59 13 0 0 81 0 0 0 0 0 0 95 0 17 0 0 0 93 0 83 0 0 93 0 0 0 0 0 0 0 0 0 0 37 0 0 0 0 0 71 0 19 0 0 0 0 66 0 0 
0 61 0 0 0 0 0 65 0 0 5 0 0 0 0 75 0 73 0 8 18 0 0 0 60 66 0 0 0 0 0 0 0 0 0 0 0 0 0 0 0 0 0 0 0 0 78 0 0 63 0 0 0 46 0 0 41 0 83 10 0 0 0 13 0 0 13 0 0 77 0 0 0 41 0 0 0 41 0 0 0 79 0 72 0 0 0 0 0 15 0 0 6 0 66 0 0 29 27 78 
0 0 9 0 0 0 0 0 0 84 0 0 25 16 100 0 6 0 0 0 10 0 12 0 0 0 77 0 0 0 0 0 0 0 55 0 0 0 0 85 0 50 0 0 0 0 0 30 7 69 0 0 12 0 0 0 0 0 5 74 0 0 0 0 0 0 0 0 0 0 0 61 0 0 22 50 0 0 0 0 100 0 0 0 0 41 41 0 0 15 93 41 81 0 0 10 0 0 0 81 
0 0 0 0 1 0 13 0 0 0 0 0 0 32 0 0 0 0 0 0 0 77 68 0 0 0 0 0 58 100 0 3 0 0 0 0 0 0 0 72 0 0 0 0 0 0 45 0 0 0 29 0 96 0 20 14 0 0 0 0 0 94 0 37 10 0 0 9 98 44 0 0 0 0 0 0 0 67 0 0 89 0 0 0 0 0 0 64 0 0 0 0 69 99 90 0 0 0 27 0 
0 99 0 0 0 0 0 81 53 0 0 0 0 0 0 0 0 61 0 0 0 0 0 0 0 0 0 0 0 0 0 0 0 0 74 0 0 85 72 0 0 0 0 0 0 0 0 21 0 0 0 0 65 0 0 0 0 0 0 0 5 82 0 0 0 67 27 0 0 82 0 0 0 0 0 0 0 0 61 0 0 28 26 0 0 0 0 49 0 0 0 0 52 0 0 0 0 32 0 0 
61 0 0 0 0 49 47 0 11 0 0 75 0 75 58 0 0 0 0 0 0 0 0 72 0 0 0 0 0 0 62 0 0 0 0 0 0 0 0 0 0 0 41 1 20 0 0 0 0 0 0 0 0 0 0 0 0 0 0 0 0 0 58 0 90 0 0 0 0 0 0 0 0 0 71 0 0 45 39 0 0 0 0 0 0 8 0 0 86 49 0 0 0 0 0 0 0 0 0 86 
25 0 0 0 43 0 70 0 40 0 0 0 0 22 0 0 0 0 15 0 0 16 0 0 0 0 0 0 9 0 20 0 70 0 0 55 0 50 0 0 0 0 0 0 0 0 0 0 9 35 68 0 26 85 0 0 0 59 0 0 0 0 0 0 17 77 24 0 0 0 0 0 0 41 0 0 0 0 0 64 0 0 0 0 48 0 0 0 0 38 0 0 67 0 25 0 39 0 0 0 
0 0 87 0 0 0 72 0 70 0 0 0 0 0 0 65 9 74 0 0 0 0 0 0 0 0 0 10 0 0 0 0 0 0 0 0 0 0 0 0 41 0 0 0 0 0 0 0 8 0 0 0 0 0 0 0 0 0 0 0 0 0 0 0 42 92 0 9 0 0 0 0 0 0 78 0 0 0 0 0 0 0 0 0 95 0 0 0 1 0 0 0 0 20 0 0 0 0 0 0 
0 0 0 0 92 5 0 0 0 0 0 0 0 0 0 89 0 20 0 0 0 0 0 0 0 0 0 0 6 39 0 92 0 0 0 0 0 0 0 0 1 0 0 0 0 0 80 0 0 0 0 67 0 53 84 0 0 0 4 0 28 32 0 90 0 59 0 0 0 16 67 60 67 0 0 48 0 0 0 64 0 87 15 19 0 0 90 0 0 0 0 4 0 0 0 0 9 0 95 0 
0 37 0 0 11 44 95 22 0 0 0 80 27 0 0 63 34 0 0 0 0 0 0 0 93 0 0 0 0 0 0 0 0 0 0 0 0 0 0 0 20 0 0 0 0 92 10 0 37 1 19 0 0 0 0 96 0 5 0 42 0 0 0 0 35 0 88 0 72 0 0 21 0 0 0 0 51 0 0 20 0 0 96 0 0 0 0 0 28 0 0 0 62 0 0 0 58 78 0 0 
0 47 0 0 0 0 0 0 0 0 0 36 35 0 0 0 62 0 0 0 0 97 0 1 0 0 0 0 0 0 0 0 0 37 0 97 0 0 0 0 0 0 0 0 92 0 0 0 98 54 26 75 0 96 0 0 0 0 0 0 0 0 46 0 0 0 0 0 4 0 16 93 0 0 19 0 0 5 0 0 0 4 65 0 0 85 64 70 0 0 0 0 0 0 62 0 0 0 0 0 
9 0 74 50 0 15 0 23 0 0 88 0 0 0 0 58 18 0 0 0 0 0 0 0 0 0 43 0 0 27 89 72 0 0 0 0 78 0 45 0 0 0 0 80 10 0 0 0 0 0 0 0 14 0 0 0 0 0 0 0 0 0 0 8 0 0 0 84 0 0 95 0 0 0 89 0 62 18 0 0 0 0 0 0 0 0 54 0 0 0 0 0 0 68 0 0 0 89 0 0 
45 0 0 0 0 0 0 0 0 0 0 0 0 0 44 57 0 46 0 0 0 0 0 0 0 78 0 81 0 0 0 0 0 0 55 0 0 30 0 21 0 0 0 0 0 0 0 0 1 0 0 0 45 0 0 32 32 0 0 0 4 7 0 42 0 67 0 0 0 0 56 98 0 20 74 0 0 0 0 0 9 55 0 0 20 0 0 0 0 27 0 79 34 0 88 0 76 0 7 0 
0 0 0 77 0 74 0 0 0 1 0 0 0 57 0 0 0 0 71 3 12 0 0 0 0 0 0 0 0 0 0 28 0 0 0 0 0 7 0 0 0 9 8 0 37 98 0 1 0 0 0 71 0 0 2 0 0 0 0 0 70 64 0 0 0 0 0 0 13 0 0 74 0 16 0 0 0 0 85 37 0 0 0 91 53 12 0 0 40 0 0 0 13 15 0 0 0 0 0 82 
0 0 0 81 0 0 0 0 18 70 0 0 0 69 0 71 0 46 0 0 59 0 0 0 0 5 15 73 0 0 99 0 0 27 0 0 63 69 0 0 0 35 0 0 1 54 0 0 0 0 0 0 0 0 0 0 0 0 0 0 72 0 0 29 0 0 0 0 0 28 44 0 0 0 59 0 0 42 0 0 0 0 0 0 0 0 0 0 25 0 0 0 0 0 0 0 0 0 0 0 
0 0 0 81 76 0 0 0 0 0 0 0 0 0 0 57 0 75 0 0 0 0 0 62 0 0 0 0 10 76 0 0 0 0 62 87 0 0 29 0 0 68 0 0 19 26 0 0 0 0 0 0 0 0 0 51 0 0 77 100 8 51 0 0 0 81 86 0 0 23 0 9 0 19 0 0 0 0 0 63 0 0 0 39 12 37 0 0 70 0 0 0 0 0 0 0 34 0 0 57 
0 0 65 0 0 0 10 0 0 0 0 0 39 0 0 0 26 0 0 0 72 81 0 0 0 6 0 0 0 0 0 11 0 0 0 59 0 0 0 0 0 0 0 67 0 75 0 0 71 0 0 0 0 0 0 0 0 0 0 0 0 0 0 0 0 93 0 0 40 0 45 0 0 0 17 0 0 0 0 0 0 28 0 0 89 0 0 2 0 0 0 0 94 0 0 0 26 0 0 53 
0 37 87 0 22 0 0 0 0 65 0 64 0 58 0 0 40 0 0 0 0 0 0 0 0 0 0 0 0 0 0 87 0 39 0 13 0 12 96 65 0 26 0 0 0 0 14 45 0 0 0 0 0 0 0 29 4 0 0 0 0 0 0 0 86 0 0 0 0 0 0 0 0 0 47 40 0 0 76 0 0 0 29 0 0 23 0 0 0 16 94 0 0 71 0 0 69 52 0 0 
0 0 0 0 0 16 0 56 0 0 0 0 0 0 0 0 0 0 0 0 0 0 39 0 0 0 0 64 0 0 0 0 0 0 2 0 46 0 0 0 0 85 0 53 0 96 0 0 0 0 0 0 0 0 0 0 0 0 0 19 0 0 0 0 50 42 0 14 54 0 0 0 0 24 15 0 0 0 57 0 72 0 79 56 81 0 87 0 0 64 0 0 0 0 66 0 0 0 18 64 
84 1 0 0 0 3 0 26 10 0 11 0 0 52 0 0 0 0 0 0 0 0 0 82 43 0 0 0 0 50 74 0 0 0 0 0 0 0 20 0 0 0 0 84 0 0 0 0 2 0 0 0 0 0 0 0 0 81 21 0 0 0 79 0 0 0 0 0 41 44 5 43 44 0 0 0 0 0 0 0 0 29 0 2 2 0 2 0 8 0 0 99 0 0 0 57 0 0 0 90 
0 0 0 49 43 0 0 0 12 0 100 30 0 34 0 0 0 0 0 2 0 81 0 0 0 0 47 0 0 0 47 0 0 0 59 81 0 0 14 0 0 0 0 0 96 0 0 32 0 0 51 0 29 0 0 0 3 0 0 0 0 0 0 0 0 0 0 49 0 16 12 0 86 37 0 0 0 0 4 0 0 59 0 0 0 0 0 0 0 0 91 50 99 0 0 0 0 0 57 69 
0 0 0 90 0 43 0 0 56 0 84 0 0 0 0 0 6 61 0 0 0 63 0 0 0 0 0 9 0 0 0 0 77 0 0 0 41 0 0 0 0 0 0 0 0 0 0 32 0 0 0 0 4 0 0 3 0 91 0 0 0 94 29 0 0 0 0 56 40 79 73 0 0 0 0 0 8 0 97 19 0 0 0 0 0 75 0 0 0 0 31 0 0 0 86 0 0 0 0 0 
0 47 0 0 0 17 0 0 0 0 0 85 0 0 0 0 0 0 0 0 4 0 0 0 0 0 0 3 0 0 0 0 0 0 80 0 0 0 0 0 0 59 0 0 5 0 0 0 0 0 0 0 0 0 81 0 91 0 0 33 0 0 6 0 0 0 89 0 0 0 0 100 53 0 0 0 8 0 0 0 0 0 27 75 0 0 7 0 0 90 0 0 0 49 0 3 0 83 0 17 
82 0 0 0 0 14 30 42 0 47 0 0 0 0 0 0 0 0 0 0 0 73 0 0 6 0 0 5 0 55 82 0 90 0 32 0 83 5 0 0 0 0 0 4 0 0 0 0 0 0 77 0 0 0 21 0 0 0 0 79 70 0 41 65 0 0 3 0 0 0 0 57 73 0 19 0 0 0 9 58 0 0 0 0 0 0 30 39 95 0 0 0 0 0 0 0 0 0 0 0 
29 0 0 0 0 0 0 0 3 0 0 0 0 0 0 0 0 51 0 0 0 0 0 0 20 0 51 0 0 45 0 0 0 12 30 0 10 74 0 0 0 0 0 0 42 0 0 0 0 0 100 0 0 19 0 0 0 33 79 0 0 0 0 0 0 0 60 0 96 0 0 0 0 0 92 59 65 0 0 47 0 0 0 0 8 0 0 64 0 17 10 0 46 0 0 0 0 0 0 0 
0 68 58 0 88 15 0 0 0 0 0 0 0 0 0 64 0 6 93 14 0 0 89 0 0 0 38 0 0 0 0 0 0 0 0 0 0 0 0 5 0 0 0 28 0 0 0 4 70 72 8 0 0 0 0 0 0 0 70 0 0 0 0 86 0 25 61 0 0 0 0 0 0 0 4 0 0 0 71 55 0 51 0 0 0 19 0 0 31 0 76 0 0 0 89 31 0 0 0 12 
0 0 0 11 54 1 52 36 89 0 0 0 80 90 0 0 0 0 0 24 0 0 0 0 0 0 0 0 0 4 0 93 0 0 100 0 0 0 94 82 0 0 0 32 0 0 0 7 64 0 51 0 0 0 0 0 94 0 0 0 0 0 0 0 0 0 0 0 0 13 40 88 0 98 0 0 67 0 96 0 0 0 0 0 0 90 0 0 0 0 2 11 0 0 1 0 81 0 0 0 
3 0 47 46 0 0 0 0 0 0 0 0 0 0 0 0 0 0 0 0 0 0 17 0 97 0 0 0 0 0 0 16 47 0 0 95 0 0 0 0 58 0 0 0 0 46 0 0 0 0 0 0 0 0 79 0 29 6 41 0 0 0 0 0 36 77 0 93 0 0 78 0 0 0 0 49 0 75 0 0 0 2 75 0 96 0 0 0 99 0 0 0 0 0 0 0 12 0 0 0 
0 0 0 0 0 0 0 0 0 0 0 0 0 0 0 0 0 0 0 0 0 0 17 0 0 0 91 2 0 0 0 0 0 0 0 0 13 0 37 0 0 0 0 90 0 0 8 42 0 29 0 0 0 0 0 0 0 0 65 0 86 0 0 0 0 0 33 0 58 96 0 0 40 7 0 0 17 0 0 17 0 0 0 0 0 0 3 0 42 0 4 50 30 0 56 0 0 0 0 0 
56 53 0 0 0 0 0 0 22 41 23 0 56 0 0 0 0 52 0 0 0 0 17 57 0 0 0 0 0 0 0 11 0 0 0 17 0 0 10 0 90 17 42 0 35 0 0 0 0 0 0 0 86 50 0 0 0 0 0 0 0 0 36 0 0 77 14 34 0 0 0 0 0 81 0 0 0 0 0 0 0 0 0 0 0 0 0 0 0 0 0 0 0 0 0 61 0 0 0 0 
0 3 0 0 0 0 0 0 0 0 0 0 0 0 0 0 0 0 0 0 0 20 0 0 0 68 24 0 0 12 0 0 47 0 4 0 0 0 0 67 0 77 92 59 0 0 0 67 0 0 81 93 0 42 0 0 0 0 0 0 25 0 77 0 77 0 0 0 0 44 0 0 19 0 0 15 0 0 40 0 78 0 0 85 0 95 32 0 0 91 0 0 14 0 0 82 0 0 0 59 
0 93 0 87 41 43 0 35 70 0 0 0 85 0 0 0 0 0 99 0 0 0 0 0 0 0 0 53 0 0 0 0 0 0 99 0 13 0 0 27 0 24 0 0 88 0 0 0 0 0 86 0 0 0 0 0 0 89 3 60 61 0 0 33 14 0 0 81 0 0 0 0 12 0 0 0 0 38 0 12 0 0 49 0 0 0 76 14 0 0 0 0 0 0 46 0 0 0 35 0 
0 0 0 21 0 0 0 0 92 0 0 98 61 19 0 0 21 0 89 0 0 0 16 0 38 0 0 73 0 58 0 0 0 0 0 0 0 0 9 0 0 0 9 0 0 0 84 0 0 0 0 0 0 14 0 49 56 0 0 0 0 0 93 0 34 0 81 0 0 0 0 0 0 34 71 0 22 0 67 0 0 0 0 86 0 0 0 0 0 3 0 0 6 0 0 41 0 32 0 0 
16 0 26 0 93 79 0 18 0 0 46 0 0 0 19 0 0 0 0 0 0 0 32 0 3 0 0 0 34 0 0 0 3 0 0 93 0 0 98 0 0 0 0 0 72 4 0 0 13 0 0 40 0 54 41 0 40 0 0 96 0 0 0 58 0 0 0 0 0 0 0 0 0 0 0 0 0 0 23 64 52 0 95 0 0 81 0 0 0 0 99 0 0 65 0 0 50 0 0 0 
0 0 86 42 0 0 0 0 0 0 0 0 0 82 0 0 0 0 58 0 0 80 0 0 87 26 0 0 39 0 55 0 64 0 0 0 77 0 44 82 0 0 0 16 0 0 0 0 0 28 23 0 0 0 44 16 79 0 0 0 0 13 0 96 0 44 0 0 0 0 0 0 0 0 0 49 0 0 0 97 58 51 27 0 0 0 0 0 0 49 0 0 0 0 96 14 0 0 0 0 
0 0 0 0 0 0 0 0 0 0 0 70 21 0 31 0 0 0 0 0 0 91 0 0 0 0 0 0 0 0 71 56 0 0 41 83 0 0 0 0 0 0 0 67 0 16 95 56 0 44 0 45 0 0 5 12 73 0 0 0 0 40 78 0 0 0 0 0 0 0 0 84 0 0 0 0 49 0 0 0 76 68 0 0 0 0 0 0 0 18 81 27 0 0 0 0 12 0 0 87 
54 46 88 8 92 0 0 0 0 0 0 10 0 0 0 0 0 0 0 0 85 0 68 0 0 0 90 89 0 0 58 0 0 0 0 0 0 61 0 0 0 0 0 60 21 93 0 98 74 0 9 0 0 0 43 0 0 100 57 0 0 88 0 0 0 0 0 0 0 0 84 0 0 0 0 0 0 0 0 57 0 18 58 0 0 62 0 0 45 0 0 0 0 49 0 0 0 0 0 20 
0 0 72 0 0 0 0 0 0 0 0 0 0 0 0 0 0 0 0 0 0 0 0 0 96 0 0 0 9 49 0 0 77 48 0 0 0 0 0 0 0 0 0 67 0 0 0 0 0 0 0 0 0 0 44 86 0 53 73 0 0 0 0 40 0 19 12 0 0 0 0 0 0 0 0 0 42 98 0 0 0 0 0 0 0 0 0 0 0 0 0 0 0 0 0 0 0 0 0 0 
0 0 0 0 48 73 23 0 94 0 0 44 0 0 0 0 0 0 0 0 0 0 0 0 77 0 0 0 0 0 13 0 0 29 0 93 41 0 0 0 0 41 0 0 0 0 0 20 16 0 19 0 0 24 0 37 0 0 0 0 0 98 0 7 81 0 0 34 0 0 0 0 0 0 0 0 0 0 0 99 0 19 0 0 93 0 0 0 0 0 0 0 0 49 64 0 0 61 19 0 
0 0 0 0 80 67 0 0 0 0 0 0 94 0 0 0 0 0 0 0 0 31 0 57 89 0 0 0 0 58 0 0 14 0 0 0 0 22 0 0 71 0 78 0 0 19 89 74 0 59 0 17 47 15 0 0 0 0 19 92 4 0 0 0 0 0 0 71 0 0 0 0 0 0 0 0 91 19 0 0 72 0 20 0 0 37 0 8 0 0 0 0 0 54 0 0 38 0 0 0 
0 0 0 0 68 0 12 0 86 0 57 47 0 23 0 34 0 0 0 76 95 0 30 0 0 0 0 0 0 0 0 0 0 0 0 0 0 50 0 0 0 0 0 48 0 0 0 0 0 0 0 0 40 0 0 0 0 0 0 59 0 0 49 0 0 15 0 0 0 49 0 0 0 0 0 0 0 15 0 0 79 0 61 67 0 0 0 98 0 99 0 7 0 0 9 0 0 0 0 66 
0 0 0 100 0 0 53 0 0 81 5 0 39 0 0 0 0 89 0 0 0 29 66 0 45 0 0 0 0 4 0 0 0 0 0 0 0 0 0 0 0 0 0 0 51 0 62 0 0 0 0 0 0 0 0 0 8 8 0 65 0 67 0 17 0 0 0 22 0 0 49 0 42 0 91 0 0 38 0 0 0 0 0 0 58 78 0 0 0 0 23 0 0 0 0 66 0 0 0 0 
0 23 0 0 94 9 52 0 0 0 0 0 0 56 0 0 0 42 0 0 23 88 98 49 0 0 0 0 1 0 2 0 38 0 43 0 41 0 67 0 45 0 0 0 0 5 18 0 0 42 0 0 0 0 0 0 0 0 0 0 0 0 75 0 0 0 38 0 0 0 0 0 98 0 19 15 38 0 0 0 92 0 0 100 0 0 0 0 0 0 0 0 0 0 0 0 0 0 0 8 
0 26 5 0 0 0 0 0 0 0 0 0 0 0 0 0 0 0 0 54 0 0 0 0 0 45 0 56 0 9 28 0 0 94 37 0 0 0 0 61 39 0 0 0 0 0 0 0 85 0 0 0 76 57 0 4 97 0 9 0 71 96 0 0 0 40 0 67 23 0 0 0 0 0 0 0 0 0 0 0 0 99 0 0 12 0 75 0 0 0 0 4 0 0 35 0 0 0 0 0 
0 0 0 22 0 0 0 0 95 0 0 16 0 0 0 0 0 0 0 0 78 0 0 0 87 54 68 0 0 27 7 26 0 0 0 0 0 0 0 0 0 64 0 64 20 0 0 0 37 0 63 0 0 0 0 0 19 0 58 47 55 0 0 17 0 0 12 0 64 97 0 57 0 99 0 0 0 0 0 0 0 0 87 0 99 0 0 97 0 0 67 0 0 0 0 0 15 0 0 0 
0 0 49 0 12 0 0 0 3 0 0 13 51 0 17 0 0 100 65 0 29 76 0 0 0 0 0 0 24 45 44 0 0 0 0 0 0 100 89 0 0 0 0 0 0 0 0 9 0 0 0 0 0 72 0 0 0 0 0 0 0 0 0 0 0 78 0 0 52 58 76 0 0 0 72 79 0 92 0 0 0 0 36 18 0 0 11 0 0 89 0 92 0 0 24 0 0 0 0 0 
0 0 42 0 87 0 0 0 57 8 0 0 0 0 92 0 0 0 82 0 65 96 0 0 21 0 89 27 0 0 39 0 0 0 0 0 79 0 0 28 0 0 0 87 0 4 0 55 0 0 0 28 0 0 29 59 0 0 0 0 51 0 2 0 0 0 0 0 0 51 68 18 0 19 0 0 0 0 99 0 0 0 0 0 91 0 0 0 0 0 0 0 0 0 0 0 0 86 0 38 
0 46 0 0 0 0 0 0 0 79 41 0 33 0 0 0 11 18 0 0 0 37 0 20 0 0 0 0 0 0 68 0 0 19 0 0 0 0 0 26 0 0 0 15 96 65 0 0 0 0 0 0 29 79 0 0 0 27 0 0 0 0 75 0 0 0 49 0 95 27 0 58 0 0 20 61 0 0 0 87 36 0 0 0 0 0 0 0 44 0 0 0 0 0 0 21 0 6 0 0 
0 17 0 0 0 0 0 6 0 61 42 22 0 0 0 0 0 0 57 0 0 50 10 0 16 0 0 0 0 0 0 0 47 61 0 0 72 0 0 0 0 0 0 19 0 0 0 0 91 0 39 0 0 56 2 0 0 75 0 0 0 0 0 0 0 85 0 86 0 0 0 0 0 0 0 67 0 100 0 0 18 0 0 0 89 0 0 0 36 0 0 62 0 0 0 35 0 0 0 74 
0 0 0 0 0 0 0 80 56 3 0 0 0 0 0 0 0 0 77 0 92 0 37 0 59 58 0 0 15 0 0 15 0 0 0 37 0 0 0 0 0 48 95 0 0 0 0 20 53 0 12 89 0 81 2 0 0 0 0 8 0 0 96 0 0 0 0 0 0 0 0 0 0 93 0 0 58 0 12 99 0 91 0 89 0 0 29 0 0 0 66 0 0 0 0 0 84 0 0 0 
0 0 0 0 0 0 70 0 0 29 28 20 0 0 0 46 44 0 0 0 0 0 0 0 0 0 0 0 67 86 0 24 0 0 0 0 0 41 0 0 8 0 0 0 0 85 0 0 12 0 37 0 23 0 0 0 75 0 0 0 19 90 0 0 0 95 0 0 81 0 0 62 0 0 37 0 78 0 0 0 0 0 0 0 0 0 0 0 77 0 40 91 0 0 50 31 0 66 38 0 
0 0 0 0 0 0 0 0 0 0 0 0 99 0 0 11 0 0 0 0 0 0 0 0 0 0 0 0 0 0 0 1 75 0 64 0 0 41 0 0 0 0 0 90 0 64 54 0 0 0 0 0 0 87 2 0 0 7 30 0 0 0 0 3 0 32 76 0 0 0 0 0 0 0 0 0 0 0 75 0 11 0 0 0 29 0 0 0 0 0 0 0 0 0 0 0 0 0 0 0 
84 0 0 0 0 87 0 35 0 0 0 0 52 69 0 0 0 0 0 41 84 0 0 81 53 0 0 0 0 0 0 0 34 0 0 0 0 0 64 49 0 0 0 0 0 70 0 0 0 0 0 2 0 0 0 0 0 0 39 64 0 0 0 0 0 0 14 0 0 0 0 0 0 0 8 98 0 0 0 97 0 0 0 0 0 0 0 0 0 0 0 89 83 0 0 0 0 0 55 0 
0 74 0 0 63 100 0 69 0 0 0 0 0 35 0 80 0 0 0 0 0 0 65 0 0 45 31 91 4 0 91 20 0 0 0 0 0 0 0 0 86 0 1 0 28 0 0 0 40 25 70 0 0 0 8 0 0 0 95 0 31 0 99 42 0 0 0 0 0 0 0 45 0 0 0 0 0 0 0 0 0 0 44 36 0 77 0 0 0 0 0 0 0 3 0 0 0 0 43 0 
0 0 0 29 0 0 4 0 0 0 0 45 0 89 17 36 0 0 0 0 23 7 0 94 0 34 0 33 0 0 0 0 0 0 3 0 15 15 0 0 49 38 0 0 0 0 0 27 0 0 0 0 16 64 0 0 0 90 0 17 0 0 0 0 0 91 0 3 0 49 18 0 0 0 0 99 0 0 0 0 89 0 0 0 0 0 0 0 0 0 0 0 0 38 0 0 0 0 0 0 
24 0 0 0 82 0 25 0 43 0 0 0 0 0 0 48 0 0 59 24 0 0 0 0 0 60 0 0 0 0 0 0 64 0 76 71 0 93 0 0 0 0 0 0 0 0 0 0 0 0 0 0 94 0 0 91 31 0 0 10 76 2 0 4 0 0 0 0 99 0 81 0 0 0 0 0 23 0 0 67 0 0 0 0 66 40 0 0 0 0 0 0 0 0 0 0 32 0 0 30 
13 0 100 94 0 0 0 0 0 0 0 0 26 14 0 0 0 0 0 86 0 0 68 0 36 0 0 100 0 80 0 0 47 27 37 0 0 41 0 0 0 0 0 4 0 0 0 79 0 0 0 0 0 0 99 50 0 0 0 0 0 11 0 50 0 0 0 0 0 0 27 0 0 0 0 7 0 0 4 0 92 0 0 62 0 91 0 89 0 0 0 0 64 51 0 0 91 0 0 0 
85 0 0 0 0 0 97 5 0 44 0 0 0 0 0 3 0 0 22 98 0 46 0 0 0 0 0 0 0 49 0 0 16 51 6 19 6 81 69 52 0 67 0 0 62 0 0 34 13 0 0 94 0 0 0 99 0 0 0 46 0 0 0 30 0 14 0 6 0 0 0 0 0 0 0 0 0 0 0 0 0 0 0 0 0 0 0 83 0 0 0 64 0 0 84 0 0 0 0 0 
0 78 0 0 26 0 0 58 0 0 99 0 0 0 0 0 85 0 0 0 0 83 0 0 79 28 0 96 0 0 0 0 36 0 0 0 0 0 99 0 0 0 20 0 0 0 68 0 15 0 0 0 71 0 0 0 0 49 0 0 0 0 0 0 0 0 0 0 65 0 0 49 0 49 54 0 0 0 0 0 0 0 0 0 0 0 0 0 3 38 0 51 0 0 0 0 4 0 0 85 
0 0 0 0 0 0 0 0 0 94 43 0 57 0 0 0 0 0 0 0 95 0 23 67 0 0 0 0 0 83 0 0 28 0 58 0 66 0 90 0 0 25 0 0 0 62 0 88 0 0 0 0 0 66 0 0 86 0 0 0 89 1 0 56 0 0 46 0 0 96 0 0 0 64 0 9 0 0 35 0 24 0 0 0 0 50 0 0 0 0 0 0 84 0 0 0 0 0 0 0 
0 0 0 0 0 0 0 100 0 11 0 69 35 8 0 9 0 100 94 0 22 60 9 4 12 0 53 0 0 0 0 43 0 39 0 0 0 10 0 0 0 0 0 0 0 0 0 0 0 0 0 0 0 0 57 0 0 3 0 0 31 0 0 0 61 82 0 41 0 14 0 0 0 0 0 0 66 0 0 0 0 0 21 35 0 31 0 0 0 0 0 0 0 0 0 0 72 0 0 13 
35 0 0 0 0 0 0 0 0 0 0 2 82 47 0 0 0 0 0 3 0 46 0 87 0 0 70 17 16 0 43 0 99 0 0 0 0 0 0 0 0 39 0 9 58 0 0 76 0 0 34 26 69 0 0 0 0 0 0 0 0 81 12 0 0 0 0 0 50 0 12 0 0 0 38 0 0 0 0 15 0 0 0 0 84 0 0 0 0 0 32 91 0 4 0 72 0 0 0 0 
0 0 100 3 81 0 0 2 19 0 0 0 0 0 0 48 0 0 0 0 0 0 0 77 0 0 0 40 0 0 0 0 94 22 0 66 29 0 0 32 0 0 0 0 78 0 89 0 0 0 0 0 52 0 0 0 0 83 0 0 0 0 0 0 0 0 0 32 0 0 0 0 0 61 0 0 0 0 0 0 0 86 6 0 0 66 0 0 0 0 0 0 0 0 0 0 0 0 0 0 
0 43 0 58 0 0 52 0 0 0 0 59 0 0 0 61 74 20 65 0 6 0 0 0 0 0 0 0 0 0 19 0 0 27 0 0 27 0 27 0 0 0 0 95 0 0 0 7 0 0 0 0 0 18 0 57 0 0 0 0 0 0 0 0 0 0 35 0 0 0 0 0 0 19 0 0 0 0 0 0 0 0 0 0 0 38 0 55 43 0 0 0 0 0 0 0 0 0 0 0 
0 0 19 0 0 0 52 0 79 83 34 0 0 0 20 0 0 97 0 0 0 0 0 0 0 0 0 0 0 0 0 0 0 0 0 0 78 81 0 0 86 0 0 0 0 0 0 0 82 0 57 53 0 64 90 69 0 17 0 0 12 0 0 0 0 59 0 0 0 0 87 20 0 0 0 66 0 8 0 0 0 38 0 74 0 0 0 0 0 0 30 0 0 85 0 13 0 0 0 0 
