0 0 0 0 0 0 0 0 0 0 0 0 0 0 0 0 0 10 0 0 0 0 0 162 0 115 0 0 0 0 0 0 0 0 0 175 0 0 0 0 127 0 131 0 0 0 0 0 0 189 0 0 0 0 59 0 0 0 87 0 0 0 0 0 110 0 0 0 0 0 0 0 0 0 0 0 0 0 0 0 0 0 0 194 0 0 0 0 0 0 0 0 0 0 0 0 0 0 0 0 
0 0 0 152 0 0 0 0 105 110 0 0 193 0 0 0 0 0 0 0 0 0 161 0 0 0 0 0 0 97 17 0 0 0 0 0 0 0 0 0 0 0 0 183 0 0 0 0 0 0 0 162 0 0 0 0 0 0 0 0 0 0 0 67 0 0 0 0 0 160 0 0 176 0 0 0 0 0 0 0 39 0 0 0 0 0 0 149 0 0 0 0 0 0 113 0 0 0 0 0 
0 0 0 0 0 0 0 0 0 0 0 0 0 79 0 0 0 0 0 0 55 0 0 0 0 0 0 0 0 0 33 0 0 0 2 0 0 0 0 0 184 0 0 0 0 0 0 0 75 0 0 0 0 188 118 0 0 0 0 96 0 0 0 0 0 0 0 0 0 0 0 0 0 0 0 0 0 0 0 0 0 0 0 0 0 0 0 199 0 29 0 0 172 0 0 42 0 0 0 0 
0 152 0 0 0 0 0 0 0 0 0 0 0 0 0 0 0 117 0 0 0 0 120 0 0 0 0 133 0 0 0 0 0 0 172 96 0 0 0 0 0 0 0 0 0 65 0 0 0 16 0 46 0 52 192 0 0 0 0 0 67 0 0 0 0 0 0 0 0 0 0 0 0 0 0 0 0 0 0 0 0 0 83 0 24 0 0 0 0 0 0 0 0 0 0 0 0 0 0 0 
0 0 0 0 0 0 0 0 0 0 0 0 0 0 0 0 0 0 0 0 0 0 0 0 0 0 0 0 193 0 0 22 0 0 0 0 0 0 0 0 182 0 0 0 61 0 0 72 0 0 0 0 0 0 0 0 68 0 0 165 0 0 0 0 0 0 0 0 0 13 0 0 0 156 0 0 0 0 0 0 172 0 0 0 0 0 0 106 0 0 178 0 0 0 0 0 0 0 0 0 
0 0 0 0 0 0 93 47 0 0 0 0 164 0 0 0 12 0 0 0 15 0 0 0 0 0 0 0 0 0 0 0 0 0 0 0 0 0 0 0 0 0 0 0 0 0 0 0 84 0 0 0 0 0 0 0 0 0 0 0 0 65 0 0 0 0 0 0 11 99 0 0 0 0 45 0 0 0 0 94 0 0 0 187 0 0 0 0 0 0 72 0 141 0 0 0 0 61 0 0 
0 0 0 0 0 93 0 0 0 149 0 0 22 0 0 0 148 0 0 170 0 0 0 0 0 0 0 0 0 0 0 0 0 0 0 0 0 0 0 0 70 135 0 0 0 0 0 0 0 0 149 163 8 0 0 0 0 0 0 0 0 134 0 0 0 0 0 0 0 0 0 0 0 0 166 0 130 0 0 0 0 0 0 0 139 0 0 0 0 0 0 0 0 0 0 0 0 0 149 0 
0 0 0 0 0 47 0 0 0 0 0 0 44 0 0 0 0 0 85 0 40 0 0 0 0 32 0 0 153 0 0 0 0 0 0 42 0 0 0 0 0 0 0 0 0 0 78 0 0 0 0 0 0 0 0 0 0 0 28 0 181 156 0 0 0 0 0 0 116 0 0 0 173 0 0 0 0 0 0 0 0 0 0 0 0 0 0 0 0 0 0 0 0 0 0 51 0 65 0 0 
0 105 0 0 0 0 0 0 0 0 0 0 199 173 0 0 0 0 0 0 0 0 0 0 0 0 0 150 0 1 0 0 0 0 199 0 118 0 0 0 0 0 0 0 0 0 0 0 0 0 0 0 0 0 0 0 0 0 24 11 44 0 113 0 0 0 0 0 0 0 0 0 0 0 0 0 120 0 0 0 0 0 0 40 0 0 0 0 0 0 0 64 0 0 0 0 0 0 37 0 
0 110 0 0 0 0 149 0 0 0 0 31 0 0 0 0 0 0 57 0 0 0 0 0 0 0 0 0 0 0 0 28 0 0 0 0 0 0 0 0 0 0 0 0 0 0 22 0 0 0 185 0 0 0 0 0 139 162 0 0 0 0 0 0 0 0 16 0 0 0 0 66 78 0 0 114 0 0 0 64 0 0 0 0 0 0 5 0 0 0 0 0 0 0 0 0 0 0 0 0 
0 0 0 0 0 0 0 0 0 0 0 0 151 0 0 0 0 0 0 0 149 0 0 0 0 77 67 0 0 0 0 0 0 0 0 0 0 0 0 0 0 0 7 0 200 0 95 0 0 0 0 0 0 0 93 0 0 0 0 170 182 0 0 0 0 0 0 0 0 0 0 0 0 149 0 0 0 0 0 0 0 0 0 0 0 0 0 0 0 0 0 0 0 0 0 200 0 0 0 0 
0 0 0 0 0 0 0 0 0 31 0 0 0 0 66 131 0 0 0 75 0 0 0 0 0 0 0 0 0 0 0 49 0 0 0 52 0 0 0 106 0 0 0 0 0 0 0 0 0 0 0 0 0 0 71 0 0 0 0 0 0 0 0 0 0 0 0 0 0 0 0 0 0 0 0 0 0 0 0 179 0 0 0 0 0 0 155 0 0 167 21 0 139 0 0 103 0 0 0 8 
0 193 0 0 0 164 22 44 199 0 151 0 0 0 0 0 0 0 0 0 0 0 0 0 0 0 0 0 0 0 104 0 0 0 0 0 114 0 0 0 0 182 0 0 137 197 0 0 0 0 0 0 0 0 0 75 0 0 0 0 0 0 0 0 0 0 0 0 0 0 0 0 0 0 0 0 0 0 0 0 200 149 0 173 0 0 0 0 0 0 0 0 0 0 0 0 0 0 0 0 
0 0 79 0 0 0 0 0 173 0 0 0 0 0 0 0 0 0 0 0 0 0 0 0 0 0 0 0 0 0 0 0 0 0 91 0 0 0 0 0 0 0 0 0 136 0 0 87 0 0 0 0 0 0 0 0 0 0 0 0 0 0 47 0 0 0 0 0 0 124 0 141 0 0 0 0 0 40 0 0 0 0 21 0 0 0 0 0 143 0 0 0 170 20 0 0 0 184 0 0 
0 0 0 0 0 0 0 0 0 0 0 66 0 0 0 4 0 22 0 0 0 0 0 0 0 0 0 0 0 0 0 0 0 0 0 0 0 60 0 0 0 148 0 0 0 135 0 0 85 0 62 0 79 0 0 0 0 0 0 91 0 0 0 0 0 0 0 12 0 194 0 0 0 0 0 0 72 0 0 126 0 125 0 0 0 0 0 0 0 0 0 0 0 0 0 0 0 0 0 0 
0 0 0 0 0 0 0 0 0 0 0 131 0 0 4 0 0 0 0 0 0 0 0 0 0 0 0 0 0 0 0 0 0 0 0 62 0 0 118 0 0 0 0 0 0 0 0 133 0 0 0 0 191 0 0 0 0 0 0 0 0 0 0 0 0 0 0 0 0 71 0 0 200 0 0 20 0 0 0 0 0 0 0 0 163 0 0 0 0 0 0 0 0 0 0 58 139 0 133 0 
0 0 0 0 0 12 148 0 0 0 0 0 0 0 0 0 0 0 0 0 0 0 0 0 0 137 0 0 0 0 0 0 0 0 0 61 0 0 0 0 0 0 0 0 0 0 0 0 0 0 0 152 0 0 0 0 0 52 0 0 0 0 0 0 0 0 0 0 0 0 0 0 22 0 0 11 0 3 0 0 0 0 0 0 0 86 125 158 0 0 0 0 0 49 0 0 0 0 0 0 
10 0 0 117 0 0 0 0 0 0 0 0 0 0 22 0 0 0 0 0 64 0 0 0 0 0 0 0 0 0 0 108 0 143 0 0 0 7 0 0 0 0 0 0 0 0 121 0 8 0 0 181 165 0 0 0 0 0 35 164 0 0 0 0 0 0 0 0 0 0 0 0 0 0 0 0 0 0 0 81 0 0 0 0 0 0 0 0 0 0 0 0 0 0 0 163 0 0 0 0 
0 0 0 0 0 0 0 85 0 57 0 0 0 0 0 0 0 0 0 0 0 0 0 0 0 0 0 16 153 0 0 0 0 0 108 0 0 0 0 0 0 0 0 79 0 0 0 0 0 0 141 0 120 0 0 0 0 0 0 0 0 0 0 0 20 0 94 127 0 0 53 0 165 0 0 0 0 0 0 0 0 0 0 0 0 0 0 0 0 0 0 0 0 93 0 0 0 0 0 87 
0 0 0 0 0 0 170 0 0 0 0 75 0 0 0 0 0 0 0 0 0 0 0 105 78 159 0 0 0 86 39 0 0 0 0 0 0 0 0 0 0 0 0 0 196 0 0 0 0 0 0 0 0 0 0 0 0 0 0 0 0 0 0 0 0 0 0 0 0 192 0 0 0 0 0 0 0 0 0 149 74 0 0 0 0 109 0 0 0 0 0 9 0 0 0 0 137 168 0 0 
0 0 55 0 0 15 0 40 0 0 149 0 0 0 0 0 0 64 0 0 0 0 0 0 0 193 0 0 0 188 0 0 0 0 0 0 62 24 0 0 0 0 0 0 0 0 0 0 84 0 0 188 0 0 0 0 0 0 0 0 0 0 0 0 0 0 0 0 0 0 0 59 0 0 0 135 0 72 0 0 0 0 0 0 0 0 0 0 0 0 0 0 95 0 0 0 0 0 0 0 
0 0 0 0 0 0 0 0 0 0 0 0 0 0 0 0 0 0 0 0 0 0 0 0 0 0 0 0 0 0 0 0 0 0 0 0 197 0 0 0 0 0 0 0 0 0 0 0 0 0 0 143 0 0 0 0 0 0 0 0 0 0 0 0 0 0 165 0 0 0 0 0 0 0 124 0 0 0 65 0 0 0 101 0 0 112 0 0 0 0 0 119 0 173 0 0 0 0 0 0 
0 161 0 120 0 0 0 0 0 0 0 0 0 0 0 0 0 0 0 0 0 0 0 0 0 2 0 0 0 0 0 0 0 0 94 0 0 0 198 0 0 0 0 0 0 0 39 0 0 142 0 0 0 0 0 0 0 134 0 0 0 0 0 0 0 0 0 0 0 0 0 0 0 0 0 0 0 54 32 0 0 0 0 0 0 67 0 100 0 74 0 0 47 0 97 0 0 0 0 0 
162 0 0 0 0 0 0 0 0 0 0 0 0 0 0 0 0 0 0 105 0 0 0 0 0 0 190 0 0 0 0 0 0 0 0 25 0 0 0 125 0 0 0 0 0 0 0 0 70 0 0 0 0 0 0 0 0 0 78 0 0 0 0 0 0 0 0 0 12 0 0 0 0 0 0 0 0 0 76 0 116 0 0 190 0 0 0 0 0 0 0 0 0 0 23 150 0 11 0 0 
0 0 0 0 0 0 0 0 0 0 0 0 0 0 0 0 0 0 0 78 0 0 0 0 0 132 0 0 0 0 0 0 0 0 0 0 0 0 0 0 0 0 0 0 0 0 115 0 0 171 0 0 0 0 0 46 0 135 0 0 0 0 0 0 87 0 56 0 0 119 0 0 0 0 0 0 0 0 0 74 0 93 0 0 0 0 0 0 0 157 0 0 0 183 0 0 143 0 0 0 
115 0 0 0 0 0 0 32 0 0 77 0 0 0 0 0 137 0 0 159 193 0 2 0 132 0 0 0 0 0 0 0 0 0 0 0 0 0 0 34 0 0 0 0 0 0 0 0 158 0 0 0 0 0 0 0 0 0 0 0 0 0 0 0 0 0 0 0 0 171 0 0 0 0 0 0 0 0 0 0 0 146 172 0 0 0 0 0 0 0 0 0 0 0 0 0 0 0 0 0 
0 0 0 0 0 0 0 0 0 0 67 0 0 0 0 0 0 0 0 0 0 0 0 190 0 0 0 0 0 0 0 0 46 0 0 0 0 0 0 0 0 0 42 0 0 0 0 0 0 0 0 0 0 193 0 0 0 0 0 95 0 0 0 0 0 0 0 116 0 0 0 0 0 0 0 110 140 0 0 0 0 0 89 0 0 0 0 0 0 0 0 0 112 0 0 0 0 0 175 127 
0 0 0 133 0 0 0 0 150 0 0 0 0 0 0 0 0 0 16 0 0 0 0 0 0 0 0 0 0 0 0 0 0 0 0 0 0 0 0 0 0 0 0 0 0 0 0 0 0 0 0 42 0 0 0 0 0 0 0 0 0 0 0 106 0 0 0 96 0 0 199 174 0 0 0 0 0 0 0 0 0 0 0 0 0 0 0 124 67 0 0 0 0 166 145 136 111 0 109 0 
0 0 0 0 193 0 0 153 0 0 0 0 0 0 0 0 0 0 153 0 0 0 0 0 0 0 0 0 0 0 0 131 0 0 0 0 0 0 0 0 0 0 0 0 0 0 0 0 0 0 0 0 0 0 0 0 0 0 0 97 0 0 0 0 0 0 158 0 0 0 0 0 0 0 0 0 0 0 0 0 0 0 0 0 0 129 0 0 0 0 0 0 0 52 0 0 0 0 0 0 
0 97 0 0 0 0 0 0 1 0 0 0 0 0 0 0 0 0 0 86 188 0 0 0 0 0 0 0 0 0 176 0 98 0 0 0 0 0 0 0 0 0 167 0 0 0 0 0 148 0 0 0 0 0 0 151 0 0 0 0 0 0 0 0 0 0 0 126 0 0 0 0 0 0 0 0 0 0 0 0 0 0 0 0 0 23 0 0 0 41 0 0 0 0 0 0 0 0 0 0 
0 17 33 0 0 0 0 0 0 0 0 0 104 0 0 0 0 0 0 39 0 0 0 0 0 0 0 0 0 176 0 0 0 40 0 0 0 20 0 6 0 0 0 0 0 0 0 0 0 0 0 0 137 0 0 0 0 0 0 0 0 0 118 0 0 0 0 0 0 0 0 0 0 0 0 0 156 99 156 170 0 0 0 0 0 0 0 0 0 0 0 0 0 53 0 0 0 0 0 0 
0 0 0 0 22 0 0 0 0 28 0 49 0 0 0 0 0 108 0 0 0 0 0 0 0 0 0 0 131 0 0 0 0 0 0 96 0 0 0 0 0 0 112 0 0 0 0 0 0 0 0 0 156 0 0 0 0 0 0 0 0 0 0 0 0 0 152 142 0 0 0 0 142 0 0 0 0 0 0 0 0 0 0 0 0 0 0 0 0 31 0 0 0 0 0 0 5 0 95 112 
0 0 0 0 0 0 0 0 0 0 0 0 0 0 0 0 0 0 0 0 0 0 0 0 0 0 46 0 0 98 0 0 0 0 0 128 0 0 40 4 0 0 0 0 0 162 0 0 0 0 60 0 50 0 0 0 67 96 0 0 0 0 0 0 0 0 0 72 0 0 0 97 0 0 0 0 0 0 0 0 0 108 0 165 0 0 0 0 0 0 0 183 0 0 0 0 0 0 0 0 
0 0 0 0 0 0 0 0 0 0 0 0 0 0 0 0 0 143 0 0 0 0 0 0 0 0 0 0 0 0 40 0 0 0 199 0 0 0 36 0 0 0 0 0 0 0 0 0 0 0 0 0 0 0 0 0 185 0 0 0 0 0 0 0 0 0 0 0 0 0 0 0 0 158 144 107 0 0 0 0 0 0 0 0 56 0 0 0 0 0 0 0 0 0 0 0 112 0 163 0 
0 0 2 172 0 0 0 0 199 0 0 0 0 91 0 0 0 0 108 0 0 0 94 0 0 0 0 0 0 0 0 0 0 199 0 0 149 0 0 86 0 0 0 0 0 0 0 0 0 0 0 62 0 0 0 0 0 0 0 0 0 0 64 0 0 0 193 0 0 0 0 0 0 0 15 0 193 0 0 0 0 0 0 0 0 0 0 0 0 108 0 0 0 0 0 0 0 0 0 0 
175 0 0 96 0 0 0 42 0 0 0 52 0 0 0 62 61 0 0 0 0 0 0 25 0 0 0 0 0 0 0 96 128 0 0 0 0 0 0 0 0 0 0 0 0 0 0 0 0 0 0 0 0 0 0 1 0 0 0 0 158 0 0 23 0 0 0 0 0 0 0 0 0 0 0 0 0 12 0 0 0 129 0 0 0 0 0 0 0 0 0 0 0 0 0 0 0 0 0 0 
0 0 0 0 0 0 0 0 118 0 0 0 114 0 0 0 0 0 0 0 62 197 0 0 0 0 0 0 0 0 0 0 0 0 149 0 0 0 50 0 0 0 0 5 0 0 0 0 100 0 0 0 0 0 0 0 0 0 0 0 0 0 0 0 0 0 0 0 0 17 47 0 0 0 0 0 0 0 0 0 40 0 0 0 0 0 36 0 0 0 0 0 0 0 0 0 0 0 0 0 
0 0 0 0 0 0 0 0 0 0 0 0 0 0 60 0 0 7 0 0 24 0 0 0 0 0 0 0 0 0 20 0 0 0 0 0 0 0 0 0 93 0 0 200 20 0 0 0 0 0 0 0 0 0 0 0 0 144 0 0 129 0 0 0 0 0 0 0 0 0 0 0 65 0 0 0 0 0 0 63 0 0 0 0 0 0 188 0 0 0 103 73 0 0 0 193 0 0 0 0 
0 0 0 0 0 0 0 0 0 0 0 0 0 0 0 118 0 0 0 0 0 0 198 0 0 0 0 0 0 0 0 0 40 36 0 0 50 0 0 124 0 0 0 0 0 0 0 0 0 0 0 0 111 0 0 0 108 0 0 0 0 0 0 0 0 0 0 0 139 0 0 0 0 0 15 87 0 0 0 0 0 0 0 0 0 56 0 0 87 0 0 0 167 0 0 0 0 0 0 0 
0 0 0 0 0 0 0 0 0 0 0 106 0 0 0 0 0 0 0 0 0 0 0 125 0 34 0 0 0 0 6 0 4 0 86 0 0 0 124 0 0 0 0 0 0 0 166 0 0 0 0 0 0 0 0 0 0 0 0 0 0 0 0 0 0 0 0 0 0 0 7 90 0 143 0 0 36 0 0 0 0 0 0 147 0 0 0 0 0 0 32 0 0 0 0 125 0 0 0 0 
127 0 184 0 182 0 70 0 0 0 0 0 0 0 0 0 0 0 0 0 0 0 0 0 0 0 0 0 0 0 0 0 0 0 0 0 0 93 0 0 0 32 0 150 0 52 0 0 0 0 0 0 0 186 0 0 0 0 0 0 0 0 0 0 0 34 0 0 0 0 0 0 0 0 0 0 0 0 0 0 155 0 1 0 0 0 0 0 0 0 0 0 0 0 0 0 0 0 0 0 
0 0 0 0 0 0 135 0 0 0 0 0 182 0 148 0 0 0 0 0 0 0 0 0 0 0 0 0 0 0 0 0 0 0 0 0 0 0 0 0 32 0 0 0 0 0 136 0 0 152 0 0 0 0 0 0 0 0 0 0 0 0 187 0 0 0 0 0 101 0 0 0 0 0 0 31 0 15 0 0 0 0 0 0 0 0 56 0 0 0 0 0 0 0 0 82 0 30 0 0 
131 0 0 0 0 0 0 0 0 0 7 0 0 0 0 0 0 0 0 0 0 0 0 0 0 0 42 0 0 167 0 112 0 0 0 0 0 0 0 0 0 0 0 0 0 117 0 0 0 0 0 0 0 0 12 145 0 0 0 0 0 0 0 174 11 155 0 0 0 0 0 0 0 0 0 0 0 0 0 0 0 0 187 0 0 16 0 0 0 0 0 168 0 0 0 0 0 0 0 0 
0 183 0 0 0 0 0 0 0 0 0 0 0 0 0 0 0 0 79 0 0 0 0 0 0 0 0 0 0 0 0 0 0 0 0 0 5 200 0 0 150 0 0 0 0 132 0 0 0 119 0 0 0 0 0 149 0 0 0 0 0 0 0 0 42 0 0 0 0 0 28 0 54 0 0 0 0 0 34 0 0 0 103 82 0 0 0 0 0 0 0 0 0 0 0 0 0 0 0 37 
0 0 0 0 61 0 0 0 0 0 200 0 137 136 0 0 0 0 0 196 0 0 0 0 0 0 0 0 0 0 0 0 0 0 0 0 0 20 0 0 0 0 0 0 0 0 0 153 0 0 0 0 0 0 0 159 0 0 0 0 0 0 0 0 0 0 0 0 0 101 0 0 0 0 0 0 0 30 0 0 0 0 0 0 0 0 0 52 0 0 0 0 0 0 0 0 69 0 0 18 
0 0 0 65 0 0 0 0 0 0 0 0 197 0 135 0 0 0 0 0 0 0 0 0 0 0 0 0 0 0 0 0 162 0 0 0 0 0 0 0 52 0 117 132 0 0 0 191 85 0 0 0 0 0 0 0 0 0 0 0 0 0 0 0 0 0 0 0 0 0 0 0 161 0 0 0 0 0 0 0 0 52 0 0 0 0 0 23 0 0 0 0 0 0 0 44 0 0 0 0 
0 0 0 0 0 0 0 78 0 22 95 0 0 0 0 0 0 121 0 0 0 0 39 0 115 0 0 0 0 0 0 0 0 0 0 0 0 0 0 166 0 136 0 0 0 0 0 0 0 0 77 0 0 29 0 0 0 0 0 0 0 166 0 0 0 0 0 0 0 0 0 0 0 58 0 0 0 0 0 0 0 0 0 0 0 0 0 114 0 0 0 0 0 0 0 0 0 0 0 0 
0 0 0 0 72 0 0 0 0 0 0 0 0 87 0 133 0 0 0 0 0 0 0 0 0 0 0 0 0 0 0 0 0 0 0 0 0 0 0 0 0 0 0 0 153 191 0 0 37 0 145 0 0 0 0 0 0 0 0 0 0 0 2 50 0 0 0 0 0 0 0 50 0 0 0 0 0 0 0 0 0 0 0 0 0 0 0 0 0 0 0 154 0 0 0 0 110 116 118 0 
0 0 75 0 0 84 0 0 0 0 0 0 0 0 85 0 0 8 0 0 84 0 0 70 0 158 0 0 0 148 0 0 0 0 0 0 100 0 0 0 0 0 0 0 0 85 0 37 0 0 0 0 0 0 0 0 0 181 0 0 66 0 0 149 0 36 0 0 0 0 0 0 0 0 0 0 0 0 0 0 0 0 0 0 0 0 0 0 0 0 0 0 0 0 0 0 0 0 0 0 
189 0 0 16 0 0 0 0 0 0 0 0 0 0 0 0 0 0 0 0 0 0 142 0 171 0 0 0 0 0 0 0 0 0 0 0 0 0 0 0 0 152 0 119 0 0 0 0 0 0 0 0 0 54 146 0 0 0 0 0 0 0 0 0 191 0 0 0 0 0 0 0 0 0 0 0 0 0 0 0 0 0 0 0 0 0 0 104 0 0 22 0 0 0 0 0 0 0 0 0 
0 0 0 0 0 0 149 0 0 185 0 0 0 0 62 0 0 0 141 0 0 0 0 0 0 0 0 0 0 0 0 0 60 0 0 0 0 0 0 0 0 0 0 0 0 0 77 145 0 0 0 28 0 0 0 0 0 0 0 0 0 36 68 0 0 129 0 172 0 0 0 0 0 0 136 0 0 0 0 0 0 0 0 163 0 0 0 0 0 0 0 0 0 0 0 0 0 183 0 0 
0 162 0 46 0 0 163 0 0 0 0 0 0 0 0 0 152 181 0 0 188 143 0 0 0 0 0 42 0 0 0 0 0 0 62 0 0 0 0 0 0 0 0 0 0 0 0 0 0 0 28 0 0 0 0 0 0 17 0 0 0 0 193 0 0 136 93 0 0 0 0 0 0 0 0 56 0 0 0 0 0 0 0 0 0 0 0 0 0 0 0 0 0 0 0 0 0 0 0 0 
0 0 0 0 0 0 8 0 0 0 0 0 0 0 79 191 0 165 120 0 0 0 0 0 0 0 0 0 0 0 137 156 50 0 0 0 0 0 111 0 0 0 0 0 0 0 0 0 0 0 0 0 0 0 0 0 0 0 0 0 0 0 0 0 0 0 0 0 0 0 0 0 0 88 0 49 0 124 91 0 0 0 0 0 0 24 0 0 0 0 0 0 0 0 0 0 115 0 0 0 
0 0 188 52 0 0 0 0 0 0 0 0 0 0 0 0 0 0 0 0 0 0 0 0 0 0 193 0 0 0 0 0 0 0 0 0 0 0 0 0 186 0 0 0 0 0 29 0 0 54 0 0 0 0 40 0 0 0 0 0 0 0 0 0 0 0 0 0 0 0 0 148 0 0 0 0 0 0 0 0 0 0 0 0 0 0 0 0 0 0 105 0 0 0 0 0 0 0 0 0 
59 0 118 192 0 0 0 0 0 0 93 71 0 0 0 0 0 0 0 0 0 0 0 0 0 0 0 0 0 0 0 0 0 0 0 0 0 0 0 0 0 0 12 0 0 0 0 0 0 146 0 0 0 40 0 0 0 0 76 0 21 0 0 0 0 0 126 0 0 0 0 0 0 0 0 0 0 0 0 0 0 0 0 0 197 0 52 0 0 0 147 0 0 0 0 0 0 73 0 0 
0 0 0 0 0 0 0 0 0 0 0 0 75 0 0 0 0 0 0 0 0 0 0 0 46 0 0 0 0 151 0 0 0 0 0 1 0 0 0 0 0 0 145 149 159 0 0 0 0 0 0 0 0 0 0 0 0 5 0 35 0 0 0 0 0 80 0 0 0 0 0 0 0 0 0 0 0 0 0 0 0 0 0 0 187 0 24 0 0 0 0 0 0 0 0 0 0 163 0 0 
0 0 0 0 68 0 0 0 0 139 0 0 0 0 0 0 0 0 0 0 0 0 0 0 0 0 0 0 0 0 0 0 67 185 0 0 0 0 108 0 0 0 0 0 0 0 0 0 0 0 0 0 0 0 0 0 0 0 0 0 0 0 0 89 0 0 0 0 0 153 0 0 0 0 0 0 0 0 0 0 0 0 2 0 105 0 0 0 0 0 0 0 0 0 190 0 0 0 0 103 
0 0 0 0 0 0 0 0 0 162 0 0 0 0 0 0 52 0 0 0 0 0 134 0 135 0 0 0 0 0 0 0 96 0 0 0 0 144 0 0 0 0 0 0 0 0 0 0 181 0 0 17 0 0 0 5 0 0 0 0 0 0 186 0 0 131 0 0 0 0 118 0 0 0 121 0 0 0 0 0 0 0 0 0 20 0 0 0 117 0 0 0 0 0 0 0 0 0 0 0 
87 0 0 0 0 0 0 28 24 0 0 0 0 0 0 0 0 35 0 0 0 0 0 78 0 0 0 0 0 0 0 0 0 0 0 0 0 0 0 0 0 0 0 0 0 0 0 0 0 0 0 0 0 0 76 0 0 0 0 0 0 26 0 150 0 0 0 0 0 0 0 170 0 0 35 24 0 184 0 0 0 138 0 0 40 0 0 0 0 0 0 0 0 0 0 0 84 0 0 0 
0 0 96 0 165 0 0 0 11 0 170 0 0 0 91 0 0 164 0 0 0 0 0 0 0 0 95 0 97 0 0 0 0 0 0 0 0 0 0 0 0 0 0 0 0 0 0 0 0 0 0 0 0 0 0 35 0 0 0 0 0 0 0 167 44 0 0 0 131 0 147 0 0 0 0 0 0 0 0 0 0 70 0 0 0 0 0 0 0 191 0 0 0 0 0 0 0 0 0 0 
0 0 0 67 0 0 0 181 44 0 182 0 0 0 0 0 0 0 0 0 0 0 0 0 0 0 0 0 0 0 0 0 0 0 0 158 0 129 0 0 0 0 0 0 0 0 0 0 66 0 0 0 0 0 21 0 0 0 0 0 0 0 0 0 0 0 0 0 0 0 0 0 0 0 0 0 0 0 0 0 17 0 49 0 0 0 0 0 0 0 0 0 0 0 84 0 0 0 0 0 
0 0 0 0 0 65 134 156 0 0 0 0 0 0 0 0 0 0 0 0 0 0 0 0 0 0 0 0 0 0 0 0 0 0 0 0 0 0 0 0 0 0 0 0 0 0 166 0 0 0 36 0 0 0 0 0 0 0 26 0 0 0 0 0 88 0 0 0 171 0 0 0 0 0 0 0 0 0 199 0 0 0 0 0 0 0 0 0 0 0 123 0 0 0 0 0 0 0 0 0 
0 0 0 0 0 0 0 0 113 0 0 0 0 47 0 0 0 0 0 0 0 0 0 0 0 0 0 0 0 0 118 0 0 0 64 0 0 0 0 0 0 187 0 0 0 0 0 2 0 0 68 193 0 0 0 0 0 186 0 0 0 0 0 0 0 0 0 0 0 11 0 0 0 0 0 0 0 0 189 0 0 0 0 0 0 0 0 0 0 0 0 0 0 0 0 0 0 0 142 0 
0 67 0 0 0 0 0 0 0 0 0 0 0 0 0 0 0 0 0 0 0 0 0 0 0 0 0 106 0 0 0 0 0 0 0 23 0 0 0 0 0 0 174 0 0 0 0 50 149 0 0 0 0 0 0 0 89 0 150 167 0 0 0 0 0 0 0 0 0 0 0 118 83 0 0 0 0 0 0 0 0 0 145 0 0 0 143 0 0 0 0 0 0 141 0 0 0 181 0 0 
110 0 0 0 0 0 0 0 0 0 0 0 0 0 0 0 0 0 20 0 0 0 0 0 87 0 0 0 0 0 0 0 0 0 0 0 0 0 0 0 0 0 11 42 0 0 0 0 0 191 0 0 0 0 0 0 0 0 0 44 0 88 0 0 0 0 0 139 0 0 0 0 0 0 0 0 0 0 0 102 0 0 0 0 0 0 0 0 0 0 0 0 0 0 0 0 0 0 46 0 
0 0 0 0 0 0 0 0 0 0 0 0 0 0 0 0 0 0 0 0 0 0 0 0 0 0 0 0 0 0 0 0 0 0 0 0 0 0 0 0 34 0 155 0 0 0 0 0 36 0 129 136 0 0 0 80 0 131 0 0 0 0 0 0 0 0 0 71 0 0 199 0 0 0 0 0 0 0 39 0 0 45 0 0 0 21 0 0 0 62 0 0 0 0 0 0 0 0 0 0 
0 0 0 0 0 0 0 0 0 16 0 0 0 0 0 0 0 0 94 0 0 165 0 0 56 0 0 0 158 0 0 152 0 0 193 0 0 0 0 0 0 0 0 0 0 0 0 0 0 0 0 93 0 0 126 0 0 0 0 0 0 0 0 0 0 0 0 148 0 0 0 0 125 0 0 0 0 0 144 0 0 0 0 0 0 10 0 0 33 0 0 98 0 0 0 0 0 0 0 0 
0 0 0 0 0 0 0 0 0 0 0 0 0 0 12 0 0 0 127 0 0 0 0 0 0 0 116 96 0 126 0 142 72 0 0 0 0 0 0 0 0 0 0 0 0 0 0 0 0 0 172 0 0 0 0 0 0 0 0 0 0 0 0 0 139 71 148 0 165 0 0 0 0 0 0 0 0 0 0 0 0 0 0 4 175 0 0 0 11 0 0 0 0 0 0 0 0 0 0 0 
0 0 0 0 0 11 0 116 0 0 0 0 0 0 0 0 0 0 0 0 0 0 0 12 0 0 0 0 0 0 0 0 0 0 0 0 0 0 139 0 0 101 0 0 0 0 0 0 0 0 0 0 0 0 0 0 0 0 0 131 0 171 0 0 0 0 0 165 0 0 0 106 0 26 0 44 0 0 165 0 0 0 0 0 0 0 0 0 159 0 0 0 0 0 0 0 0 0 0 0 
0 160 0 0 13 99 0 0 0 0 0 0 0 124 194 71 0 0 0 192 0 0 0 0 119 171 0 0 0 0 0 0 0 0 0 0 17 0 0 0 0 0 0 0 101 0 0 0 0 0 0 0 0 0 0 0 153 0 0 0 0 0 11 0 0 0 0 0 0 0 0 0 0 0 0 0 0 81 0 0 0 0 0 0 0 0 0 0 0 16 0 0 0 0 0 0 0 0 0 0 
0 0 0 0 0 0 0 0 0 0 0 0 0 0 0 0 0 0 53 0 0 0 0 0 0 0 0 199 0 0 0 0 0 0 0 0 47 0 0 7 0 0 0 28 0 0 0 0 0 0 0 0 0 0 0 0 0 118 0 147 0 0 0 0 0 199 0 0 0 0 0 0 0 0 0 0 0 0 0 0 0 0 0 0 0 0 0 0 0 0 62 0 0 0 0 0 0 0 0 0 
0 0 0 0 0 0 0 0 0 66 0 0 0 141 0 0 0 0 0 0 59 0 0 0 0 0 0 174 0 0 0 0 97 0 0 0 0 0 0 90 0 0 0 0 0 0 0 50 0 0 0 0 0 148 0 0 0 0 170 0 0 0 0 118 0 0 0 0 106 0 0 0 0 0 0 0 0 0 0 0 0 0 0 0 0 0 0 0 0 0 118 193 0 0 175 98 0 0 0 0 
0 176 0 0 0 0 0 173 0 78 0 0 0 0 0 200 22 0 165 0 0 0 0 0 0 0 0 0 0 0 0 142 0 0 0 0 0 65 0 0 0 0 0 54 0 161 0 0 0 0 0 0 0 0 0 0 0 0 0 0 0 0 0 83 0 0 125 0 0 0 0 0 0 0 0 0 0 21 0 0 28 0 0 0 0 0 0 0 0 0 0 0 0 113 0 0 0 0 0 0 
0 0 0 0 156 0 0 0 0 0 149 0 0 0 0 0 0 0 0 0 0 0 0 0 0 0 0 0 0 0 0 0 0 158 0 0 0 0 0 143 0 0 0 0 0 0 58 0 0 0 0 0 88 0 0 0 0 0 0 0 0 0 0 0 0 0 0 0 26 0 0 0 0 0 0 0 115 0 47 0 45 0 0 83 0 0 0 0 0 0 0 0 0 107 0 0 0 0 0 0 
0 0 0 0 0 45 166 0 0 0 0 0 0 0 0 0 0 0 0 0 0 124 0 0 0 0 0 0 0 0 0 0 0 144 15 0 0 0 15 0 0 0 0 0 0 0 0 0 0 0 136 0 0 0 0 0 0 121 35 0 0 0 0 0 0 0 0 0 0 0 0 0 0 0 0 0 0 0 0 0 0 118 0 0 97 0 0 0 0 0 0 63 0 0 0 0 0 0 0 0 
0 0 0 0 0 0 0 0 0 114 0 0 0 0 0 20 11 0 0 0 135 0 0 0 0 0 110 0 0 0 0 0 0 107 0 0 0 0 87 0 0 31 0 0 0 0 0 0 0 0 0 56 49 0 0 0 0 0 24 0 0 0 0 0 0 0 0 0 44 0 0 0 0 0 0 0 0 42 0 0 0 0 0 0 0 0 0 0 0 0 0 180 0 0 0 95 0 0 0 0 
0 0 0 0 0 0 130 0 120 0 0 0 0 0 72 0 0 0 0 0 0 0 0 0 0 0 140 0 0 0 156 0 0 0 193 0 0 0 0 36 0 0 0 0 0 0 0 0 0 0 0 0 0 0 0 0 0 0 0 0 0 0 0 0 0 0 0 0 0 0 0 0 0 115 0 0 0 0 0 0 0 0 61 0 0 0 0 0 0 0 0 0 126 31 0 192 89 0 0 0 
0 0 0 0 0 0 0 0 0 0 0 0 0 40 0 0 3 0 0 0 72 0 54 0 0 0 0 0 0 0 99 0 0 0 0 12 0 0 0 0 0 15 0 0 30 0 0 0 0 0 0 0 124 0 0 0 0 0 184 0 0 0 0 0 0 0 0 0 0 81 0 0 21 0 0 42 0 0 0 0 0 0 0 0 0 0 0 0 0 0 0 0 0 0 0 0 0 147 0 115 
0 0 0 0 0 0 0 0 0 0 0 0 0 0 0 0 0 0 0 0 0 65 32 76 0 0 0 0 0 0 156 0 0 0 0 0 0 0 0 0 0 0 0 34 0 0 0 0 0 0 0 0 91 0 0 0 0 0 0 0 0 199 189 0 0 39 144 0 165 0 0 0 0 47 0 0 0 0 0 0 0 0 0 0 0 0 0 0 0 0 0 0 0 0 88 0 124 0 0 102 
0 0 0 0 0 94 0 0 0 64 0 179 0 0 126 0 0 81 0 149 0 0 0 0 74 0 0 0 0 0 170 0 0 0 0 0 0 63 0 0 0 0 0 0 0 0 0 0 0 0 0 0 0 0 0 0 0 0 0 0 0 0 0 0 102 0 0 0 0 0 0 0 0 0 0 0 0 0 0 0 0 188 0 0 0 73 0 9 0 0 0 0 0 0 0 0 0 0 0 0 
0 39 0 0 172 0 0 0 0 0 0 0 200 0 0 0 0 0 0 74 0 0 0 116 0 0 0 0 0 0 0 0 0 0 0 0 40 0 0 0 155 0 0 0 0 0 0 0 0 0 0 0 0 0 0 0 0 0 0 0 17 0 0 0 0 0 0 0 0 0 0 0 28 45 0 0 0 0 0 0 0 87 0 0 80 0 0 143 14 0 0 0 0 0 0 0 197 0 0 0 
0 0 0 0 0 0 0 0 0 0 0 0 149 0 125 0 0 0 0 0 0 0 0 0 93 146 0 0 0 0 0 0 108 0 0 129 0 0 0 0 0 0 0 0 0 52 0 0 0 0 0 0 0 0 0 0 0 0 138 70 0 0 0 0 0 45 0 0 0 0 0 0 0 0 118 0 0 0 0 188 87 0 0 0 0 0 0 139 0 0 0 0 0 0 0 0 0 0 0 0 
0 0 0 83 0 0 0 0 0 0 0 0 0 21 0 0 0 0 0 0 0 101 0 0 0 172 89 0 0 0 0 0 0 0 0 0 0 0 0 0 1 0 187 103 0 0 0 0 0 0 0 0 0 0 0 0 2 0 0 0 49 0 0 145 0 0 0 0 0 0 0 0 0 0 0 0 61 0 0 0 0 0 0 0 0 0 0 0 0 0 0 0 0 0 0 0 0 0 0 0 
194 0 0 0 0 187 0 0 40 0 0 0 173 0 0 0 0 0 0 0 0 0 0 190 0 0 0 0 0 0 0 0 165 0 0 0 0 0 0 147 0 0 0 82 0 0 0 0 0 0 163 0 0 0 0 0 0 0 0 0 0 0 0 0 0 0 0 4 0 0 0 0 0 83 0 0 0 0 0 0 0 0 0 0 0 0 0 0 0 62 129 135 0 195 0 0 0 0 0 0 
0 0 0 24 0 0 139 0 0 0 0 0 0 0 0 163 0 0 0 0 0 0 0 0 0 0 0 0 0 0 0 0 0 56 0 0 0 0 0 0 0 0 0 0 0 0 0 0 0 0 0 0 0 0 197 187 105 20 40 0 0 0 0 0 0 0 0 175 0 0 0 0 0 0 97 0 0 0 0 0 80 0 0 0 0 0 0 0 63 0 0 0 167 0 4 0 0 0 0 0 
0 0 0 0 0 0 0 0 0 0 0 0 0 0 0 0 86 0 0 109 0 112 67 0 0 0 0 0 129 23 0 0 0 0 0 0 0 0 56 0 0 0 16 0 0 0 0 0 0 0 0 0 24 0 0 0 0 0 0 0 0 0 0 0 0 21 10 0 0 0 0 0 0 0 0 0 0 0 0 73 0 0 0 0 0 0 0 177 0 0 0 0 0 0 0 0 0 0 0 0 
0 0 0 0 0 0 0 0 0 5 0 155 0 0 0 0 125 0 0 0 0 0 0 0 0 0 0 0 0 0 0 0 0 0 0 0 36 188 0 0 0 56 0 0 0 0 0 0 0 0 0 0 0 0 52 24 0 0 0 0 0 0 0 143 0 0 0 0 0 0 0 0 0 0 0 0 0 0 0 0 0 0 0 0 0 0 0 0 0 0 0 157 0 0 0 0 0 94 0 80 
0 149 199 0 106 0 0 0 0 0 0 0 0 0 0 0 158 0 0 0 0 0 100 0 0 0 0 124 0 0 0 0 0 0 0 0 0 0 0 0 0 0 0 0 52 23 114 0 0 104 0 0 0 0 0 0 0 0 0 0 0 0 0 0 0 0 0 0 0 0 0 0 0 0 0 0 0 0 0 9 143 139 0 0 0 177 0 0 0 0 0 0 0 0 0 0 0 0 0 0 
0 0 0 0 0 0 0 0 0 0 0 0 0 143 0 0 0 0 0 0 0 0 0 0 0 0 0 67 0 0 0 0 0 0 0 0 0 0 87 0 0 0 0 0 0 0 0 0 0 0 0 0 0 0 0 0 0 117 0 0 0 0 0 0 0 0 33 11 159 0 0 0 0 0 0 0 0 0 0 0 14 0 0 0 63 0 0 0 0 0 0 0 83 0 0 0 200 0 0 0 
0 0 29 0 0 0 0 0 0 0 0 167 0 0 0 0 0 0 0 0 0 0 74 0 157 0 0 0 0 41 0 31 0 0 108 0 0 0 0 0 0 0 0 0 0 0 0 0 0 0 0 0 0 0 0 0 0 0 0 191 0 0 0 0 0 62 0 0 0 16 0 0 0 0 0 0 0 0 0 0 0 0 0 62 0 0 0 0 0 0 0 0 0 0 10 0 0 0 0 0 
0 0 0 0 178 72 0 0 0 0 0 21 0 0 0 0 0 0 0 0 0 0 0 0 0 0 0 0 0 0 0 0 0 0 0 0 0 103 0 32 0 0 0 0 0 0 0 0 0 22 0 0 0 105 147 0 0 0 0 0 0 123 0 0 0 0 0 0 0 0 62 118 0 0 0 0 0 0 0 0 0 0 0 129 0 0 0 0 0 0 0 108 0 0 0 0 0 0 0 0 
0 0 0 0 0 0 0 0 64 0 0 0 0 0 0 0 0 0 0 9 0 119 0 0 0 0 0 0 0 0 0 0 183 0 0 0 0 73 0 0 0 0 168 0 0 0 0 154 0 0 0 0 0 0 0 0 0 0 0 0 0 0 0 0 0 0 98 0 0 0 0 193 0 0 63 180 0 0 0 0 0 0 0 135 0 0 157 0 0 0 108 0 0 0 0 0 0 92 0 0 
0 0 172 0 0 141 0 0 0 0 0 139 0 170 0 0 0 0 0 0 95 0 47 0 0 0 112 0 0 0 0 0 0 0 0 0 0 0 167 0 0 0 0 0 0 0 0 0 0 0 0 0 0 0 0 0 0 0 0 0 0 0 0 0 0 0 0 0 0 0 0 0 0 0 0 0 126 0 0 0 0 0 0 0 167 0 0 0 83 0 0 0 0 0 0 0 0 0 0 0 
0 0 0 0 0 0 0 0 0 0 0 0 0 20 0 0 49 0 93 0 0 173 0 0 183 0 0 166 52 0 53 0 0 0 0 0 0 0 0 0 0 0 0 0 0 0 0 0 0 0 0 0 0 0 0 0 0 0 0 0 0 0 0 141 0 0 0 0 0 0 0 0 113 107 0 0 31 0 0 0 0 0 0 195 0 0 0 0 0 0 0 0 0 0 0 0 35 0 0 167 
0 113 0 0 0 0 0 0 0 0 0 0 0 0 0 0 0 0 0 0 0 0 97 23 0 0 0 145 0 0 0 0 0 0 0 0 0 0 0 0 0 0 0 0 0 0 0 0 0 0 0 0 0 0 0 0 190 0 0 0 84 0 0 0 0 0 0 0 0 0 0 175 0 0 0 0 0 0 88 0 0 0 0 0 4 0 0 0 0 10 0 0 0 0 0 0 0 0 0 0 
0 0 42 0 0 0 0 51 0 0 200 103 0 0 0 58 0 163 0 0 0 0 0 150 0 0 0 136 0 0 0 0 0 0 0 0 0 193 0 125 0 82 0 0 0 44 0 0 0 0 0 0 0 0 0 0 0 0 0 0 0 0 0 0 0 0 0 0 0 0 0 98 0 0 0 95 192 0 0 0 0 0 0 0 0 0 0 0 0 0 0 0 0 0 0 0 0 0 0 0 
0 0 0 0 0 0 0 0 0 0 0 0 0 0 0 139 0 0 0 137 0 0 0 0 143 0 0 111 0 0 0 5 0 112 0 0 0 0 0 0 0 0 0 0 69 0 0 110 0 0 0 0 115 0 0 0 0 0 84 0 0 0 0 0 0 0 0 0 0 0 0 0 0 0 0 0 89 0 124 0 197 0 0 0 0 0 0 0 200 0 0 0 0 35 0 0 0 0 0 0 
0 0 0 0 0 61 0 65 0 0 0 0 0 184 0 0 0 0 0 168 0 0 0 11 0 0 0 0 0 0 0 0 0 0 0 0 0 0 0 0 0 30 0 0 0 0 0 116 0 0 183 0 0 0 73 163 0 0 0 0 0 0 0 181 0 0 0 0 0 0 0 0 0 0 0 0 0 147 0 0 0 0 0 0 0 0 94 0 0 0 0 92 0 0 0 0 0 0 0 127 
0 0 0 0 0 0 149 0 37 0 0 0 0 0 0 133 0 0 0 0 0 0 0 0 0 0 175 109 0 0 0 95 0 163 0 0 0 0 0 0 0 0 0 0 0 0 0 118 0 0 0 0 0 0 0 0 0 0 0 0 0 0 142 0 46 0 0 0 0 0 0 0 0 0 0 0 0 0 0 0 0 0 0 0 0 0 0 0 0 0 0 0 0 0 0 0 0 0 0 0 
0 0 0 0 0 0 0 0 0 0 0 8 0 0 0 0 0 0 87 0 0 0 0 0 0 0 127 0 0 0 0 112 0 0 0 0 0 0 0 0 0 0 0 37 18 0 0 0 0 0 0 0 0 0 0 0 103 0 0 0 0 0 0 0 0 0 0 0 0 0 0 0 0 0 0 0 0 115 102 0 0 0 0 0 0 0 80 0 0 0 0 0 0 167 0 0 0 127 0 0 
