0 69 0 0 0 0 0 0 55 0 0 0 20 0 0 0 0 0 0 46 0 0 48 0 0 0 0 0 0 0 0 0 27 0 0 0 0 0 0 0 76 0 0 0 0 0 0 60 0 0 0 79 0 0 0 0 0 0 0 0 0 0 0 0 0 0 19 0 0 0 0 0 0 21 0 36 0 0 0 0 0 0 0 0 0 0 0 72 0 0 0 0 0 0 0 0 0 0 13 0 
69 0 75 0 0 0 0 0 0 0 0 0 0 0 0 0 0 0 0 66 59 0 0 0 0 0 0 0 0 3 0 0 0 0 0 0 0 0 0 0 0 14 0 0 23 0 0 0 81 0 0 0 0 0 0 0 88 0 79 0 0 0 0 0 0 0 0 0 0 0 0 0 0 53 0 0 15 0 0 0 0 0 0 0 0 0 0 0 0 0 0 0 0 0 0 65 0 8 59 0 
0 75 0 67 0 0 0 0 0 0 0 0 100 0 0 99 0 0 77 18 0 0 0 0 0 0 0 49 0 0 0 86 0 0 39 0 0 0 0 0 52 0 0 0 0 0 0 0 0 0 0 97 0 0 0 0 0 0 0 0 0 0 0 0 0 0 0 0 0 0 0 0 0 0 0 0 54 0 0 87 0 0 0 0 0 35 0 0 0 0 0 0 80 0 0 0 0 0 0 0 
0 0 67 0 0 0 0 0 0 0 0 0 0 0 0 0 0 0 0 0 0 0 0 81 0 0 0 0 86 0 0 53 0 0 0 0 0 0 0 0 0 0 0 0 0 0 0 13 0 76 0 0 0 0 33 0 0 0 0 32 0 0 0 0 0 0 0 0 0 0 0 0 0 0 0 67 0 0 0 0 0 0 63 0 0 0 0 0 34 0 0 0 0 0 0 0 0 0 0 0 
0 0 0 0 0 0 0 0 0 0 49 0 0 0 0 0 0 0 0 0 0 0 0 9 0 0 0 0 31 0 0 0 0 0 0 0 0 0 0 0 0 0 9 21 0 0 0 0 56 0 0 0 0 0 0 0 0 0 0 0 0 61 8 0 50 0 0 0 0 0 0 0 0 36 0 0 0 0 0 0 0 0 0 0 0 0 0 0 0 0 0 0 0 0 0 0 0 0 0 99 
0 0 0 0 0 0 45 0 34 46 0 0 0 18 0 0 0 0 0 0 0 77 0 0 0 0 0 77 14 0 0 0 0 0 0 0 0 0 0 0 0 0 0 82 0 0 0 68 26 0 0 0 0 0 0 69 0 0 0 0 0 0 0 0 0 0 0 0 0 0 91 0 0 0 0 0 0 37 0 0 0 0 49 0 0 0 0 0 0 0 0 21 0 0 0 0 0 0 0 0 
0 0 0 0 0 45 0 0 0 0 0 0 0 41 79 0 0 0 0 80 0 0 0 0 0 0 0 0 0 34 0 0 0 0 0 81 0 0 0 0 0 92 0 0 0 83 0 0 47 0 0 82 0 0 0 0 0 0 0 0 0 0 0 0 0 43 0 0 0 0 16 0 0 91 0 0 0 0 0 0 0 0 0 0 11 0 0 0 0 0 0 0 0 0 0 0 0 0 0 0 
0 0 0 0 0 0 0 0 0 95 0 0 0 0 0 0 0 0 0 0 0 0 0 0 0 0 0 0 0 0 0 0 0 0 0 0 0 0 0 0 0 0 0 0 37 60 14 94 0 0 0 0 0 0 0 0 65 0 0 0 0 0 0 0 16 0 0 76 0 0 0 0 0 86 0 0 0 0 0 0 0 0 53 62 0 0 0 0 0 95 0 21 0 70 0 0 0 0 0 72 
55 0 0 0 0 34 0 0 0 0 0 0 0 0 0 0 13 0 0 0 0 0 0 0 0 0 0 0 0 0 0 0 85 28 0 0 0 0 0 0 0 0 0 0 0 0 0 0 0 0 0 0 0 0 0 21 0 30 0 48 0 0 0 57 0 0 0 0 0 0 0 0 0 0 0 0 0 0 0 0 0 0 0 0 0 0 0 0 7 0 0 0 11 0 0 0 0 0 0 0 
0 0 0 0 0 46 0 95 0 0 0 0 34 0 0 0 0 0 0 0 0 0 0 0 0 0 0 0 0 41 0 0 0 0 0 0 0 0 0 0 0 0 0 0 0 0 0 0 0 0 0 0 0 0 0 0 0 0 0 25 0 0 0 0 0 0 0 0 0 0 0 0 0 0 40 7 0 52 0 0 0 0 34 0 0 75 0 0 41 0 78 22 0 99 0 0 0 0 13 0 
0 0 0 0 49 0 0 0 0 0 0 0 0 0 0 0 0 0 0 0 0 41 0 0 0 64 0 0 0 0 0 0 0 0 0 44 0 0 0 0 0 7 0 0 0 0 55 0 0 0 0 0 0 0 0 0 0 0 0 0 0 45 0 0 0 0 0 0 0 0 0 0 40 0 0 0 0 0 6 11 0 77 0 0 0 0 0 51 0 0 0 0 0 0 0 93 0 60 0 0 
0 0 0 0 0 0 0 0 0 0 0 0 0 28 0 0 0 31 0 0 0 0 0 0 0 0 0 0 0 0 0 0 0 0 0 0 0 0 0 0 0 0 0 98 0 0 49 0 56 11 0 0 77 0 0 0 0 0 0 0 0 0 0 0 30 39 0 0 69 0 0 0 0 0 0 0 0 0 0 0 0 0 0 0 0 50 56 16 0 0 0 50 0 0 0 0 0 38 0 0 
20 0 100 0 0 0 0 0 0 34 0 0 0 0 0 0 51 0 0 0 0 0 52 0 0 3 0 0 0 0 0 0 0 0 0 0 0 0 0 82 0 0 72 0 0 0 0 0 0 0 0 0 0 28 0 0 0 0 0 0 0 32 0 0 0 0 0 0 0 0 0 0 0 0 0 63 0 0 0 0 0 73 0 0 86 0 0 0 0 0 31 0 0 0 0 0 0 0 0 0 
0 0 0 0 0 18 41 0 0 0 0 28 0 0 59 0 0 0 0 0 0 0 0 0 42 0 0 30 71 0 0 0 0 0 0 0 0 7 0 88 0 0 0 0 0 0 0 0 11 48 0 0 0 0 0 0 42 0 0 0 0 0 0 0 0 0 0 0 0 0 0 0 0 0 0 0 0 0 0 0 0 0 0 93 0 0 0 0 0 0 0 0 0 0 88 0 0 0 0 52 
0 0 0 0 0 0 79 0 0 0 0 0 0 59 0 29 0 0 0 0 0 53 22 0 0 0 0 0 0 0 0 79 0 0 0 0 0 0 0 0 0 0 0 49 0 0 0 1 0 0 75 0 0 0 0 0 0 0 0 0 68 0 0 15 0 0 0 0 0 0 0 0 0 0 0 62 0 0 0 0 64 0 0 34 0 0 0 0 0 0 0 0 0 0 38 0 0 0 0 0 
0 0 99 0 0 0 0 0 0 0 0 0 0 0 29 0 87 0 0 0 0 0 0 0 91 23 0 0 0 0 0 0 0 0 0 0 0 0 0 0 0 0 0 0 0 0 0 0 0 0 0 0 0 0 0 0 63 0 0 0 0 0 0 65 0 0 0 0 65 0 0 1 0 0 0 83 0 0 21 0 0 0 0 0 29 0 20 0 0 41 0 0 0 0 0 0 0 0 0 0 
0 0 0 0 0 0 0 0 13 0 0 0 51 0 0 87 0 0 0 0 0 98 0 0 16 0 0 12 0 65 0 0 0 0 0 0 16 0 0 0 0 0 0 0 0 0 0 0 0 0 0 0 0 12 0 0 0 0 0 0 0 0 95 0 0 0 0 83 0 0 0 49 0 0 31 21 0 0 0 0 0 0 0 0 0 0 0 0 0 0 0 0 0 0 0 0 65 0 0 0 
0 0 0 0 0 0 0 0 0 0 0 31 0 0 0 0 0 0 0 0 0 0 0 0 0 0 0 54 36 0 75 0 0 0 0 0 0 0 0 0 0 0 97 0 0 0 0 0 91 0 0 61 0 0 0 0 59 0 0 0 35 0 83 0 0 0 93 0 0 0 0 0 0 0 0 0 0 0 11 0 0 0 0 13 0 0 0 0 0 0 0 0 0 0 0 0 9 0 0 19 
0 0 77 0 0 0 0 0 0 0 0 0 0 0 0 0 0 0 0 0 0 0 0 0 0 0 28 0 0 0 0 0 0 46 0 69 79 0 0 0 55 85 0 0 0 0 0 97 0 0 0 0 10 0 0 0 0 0 0 0 0 0 0 0 0 0 0 0 0 0 0 0 0 0 0 0 0 0 0 9 0 0 0 0 0 0 0 0 94 0 0 0 0 0 0 0 22 0 0 0 
46 66 18 0 0 0 80 0 0 0 0 0 0 0 0 0 0 0 0 0 0 85 46 0 0 0 86 0 17 0 0 0 67 0 0 0 0 0 0 0 0 72 0 0 0 0 0 0 0 91 0 0 0 36 0 0 0 0 0 0 0 0 0 0 0 0 0 0 0 0 0 0 0 0 0 0 0 0 0 0 66 0 0 0 0 0 0 0 0 0 35 0 0 0 0 0 0 0 0 35 
0 59 0 0 0 0 0 0 0 0 0 0 0 0 0 0 0 0 0 0 0 0 0 0 0 0 0 0 0 0 0 0 0 0 0 0 2 0 0 13 0 0 0 0 0 0 0 0 0 0 0 0 0 96 0 0 0 0 0 0 0 0 80 0 0 54 0 31 0 0 0 0 0 0 0 0 72 0 0 0 0 0 0 0 0 0 0 0 0 0 0 0 0 0 28 0 0 0 0 0 
0 0 0 0 0 77 0 0 0 0 41 0 0 0 53 0 98 0 0 85 0 0 19 0 0 0 0 0 0 0 0 0 78 0 0 0 0 0 0 0 0 0 0 79 0 0 0 28 0 0 0 0 0 0 0 0 0 0 38 0 0 0 0 0 0 0 0 0 0 0 0 0 0 0 0 0 0 0 49 35 98 0 0 0 0 0 0 0 13 0 0 0 0 0 68 0 0 0 0 0 
48 0 0 0 0 0 0 0 0 0 0 0 52 0 22 0 0 0 0 46 0 19 0 0 0 0 62 0 0 0 0 0 0 0 0 65 0 0 0 0 0 0 0 0 0 0 0 0 0 0 0 0 0 0 0 0 22 0 0 3 0 0 68 0 0 0 0 0 0 0 0 0 0 0 0 0 0 0 0 0 0 0 0 0 79 0 0 0 0 0 0 0 0 0 0 0 0 57 0 0 
0 0 0 81 9 0 0 0 0 0 0 0 0 0 0 0 0 0 0 0 0 0 0 0 0 0 0 0 1 0 0 0 0 0 0 0 0 20 20 0 0 0 0 5 0 0 63 0 0 0 0 0 0 0 0 0 0 0 0 0 0 0 0 0 0 0 0 2 0 0 0 0 0 0 0 0 0 0 0 0 0 66 0 0 57 0 0 68 0 0 0 0 0 0 0 0 0 0 0 0 
0 0 0 0 0 0 0 0 0 0 0 0 0 42 0 91 16 0 0 0 0 0 0 0 0 0 0 0 0 0 0 0 0 0 0 0 0 0 0 0 0 0 0 0 0 86 0 0 0 0 0 0 0 25 0 0 0 41 0 0 0 67 0 0 0 0 0 0 0 0 0 0 0 0 84 0 0 0 0 0 0 0 0 0 58 0 0 0 0 0 0 0 0 0 0 0 0 0 0 0 
0 0 0 0 0 0 0 0 0 0 64 0 3 0 0 23 0 0 0 0 0 0 0 0 0 0 0 0 0 0 0 0 0 0 0 0 49 69 0 0 0 0 0 0 0 0 0 0 0 0 21 0 0 0 0 0 0 0 0 0 0 0 0 0 0 0 100 0 0 0 0 48 0 0 0 14 0 0 94 0 37 0 0 32 0 0 9 0 0 0 0 0 0 0 0 30 0 0 60 0 
0 0 0 0 0 0 0 0 0 0 0 0 0 0 0 0 0 0 28 86 0 0 62 0 0 0 0 0 33 99 0 0 0 0 0 0 0 0 0 0 0 0 0 22 0 0 0 0 0 0 0 0 0 71 0 0 1 0 0 0 0 0 0 0 0 0 0 37 0 0 0 46 0 0 0 0 0 0 0 0 0 0 0 0 0 0 0 0 0 0 31 0 0 0 0 0 0 0 0 0 
0 0 49 0 0 77 0 0 0 0 0 0 0 30 0 0 12 54 0 0 0 0 0 0 0 0 0 0 0 0 0 0 88 0 0 0 0 0 0 0 0 0 0 0 0 97 0 0 0 0 0 0 0 0 0 0 0 0 49 58 0 0 0 0 0 0 0 29 0 0 0 0 0 0 0 0 0 0 0 0 0 0 0 0 0 0 0 0 1 0 0 0 0 0 52 0 0 0 30 0 
0 0 0 86 31 14 0 0 0 0 0 0 0 71 0 0 0 36 0 17 0 0 0 1 0 0 33 0 0 0 0 0 0 79 0 0 0 0 0 0 0 0 0 0 0 0 0 0 0 0 4 0 0 0 0 0 0 0 0 0 0 0 0 0 0 0 71 0 0 0 0 0 0 0 0 0 17 0 0 0 0 0 0 0 0 0 0 0 84 0 0 0 0 0 0 0 0 0 10 0 
0 3 0 0 0 0 34 0 0 41 0 0 0 0 0 0 65 0 0 0 0 0 0 0 0 0 99 0 0 0 0 0 0 0 0 0 0 55 0 0 0 0 0 0 0 0 0 0 0 0 0 0 0 80 0 0 0 0 0 0 0 0 0 0 0 69 0 0 0 0 48 0 95 0 0 53 0 0 0 0 0 0 69 31 0 0 0 0 0 0 0 0 0 0 0 0 0 0 99 0 
0 0 0 0 0 0 0 0 0 0 0 0 0 0 0 0 0 75 0 0 0 0 0 0 0 0 0 0 0 0 0 0 0 0 0 0 0 0 0 92 0 64 0 0 0 0 0 0 0 0 0 96 0 0 0 0 0 0 0 0 0 0 67 0 0 30 0 0 0 0 22 0 0 20 0 0 0 0 0 0 0 0 0 0 0 0 0 0 38 0 0 0 0 0 0 0 0 62 0 0 
0 0 86 53 0 0 0 0 0 0 0 0 0 0 79 0 0 0 0 0 0 0 0 0 0 0 0 0 0 0 0 0 0 87 69 0 0 0 41 56 0 0 0 0 0 0 0 0 31 0 0 0 0 0 0 0 0 0 0 0 0 0 0 0 0 14 0 0 0 0 0 0 0 0 0 17 0 79 0 19 0 0 0 0 0 0 0 0 0 0 0 0 0 0 0 0 0 0 0 0 
27 0 0 0 0 0 0 0 85 0 0 0 0 0 0 0 0 0 0 67 0 78 0 0 0 0 0 88 0 0 0 0 0 0 0 0 0 0 0 0 0 0 0 7 0 0 0 0 0 0 0 0 0 0 0 0 0 27 7 0 0 0 0 0 0 0 0 0 0 0 64 70 57 0 0 0 0 0 0 0 0 76 0 0 0 0 0 0 0 58 0 0 44 0 0 0 0 0 7 0 
0 0 0 0 0 0 0 0 28 0 0 0 0 0 0 0 0 0 46 0 0 0 0 0 0 0 0 0 79 0 0 87 0 0 0 0 0 0 0 0 0 0 0 0 69 0 0 63 0 0 33 0 0 73 0 0 0 0 0 0 0 0 0 0 0 0 4 0 0 0 0 0 0 76 0 0 0 31 0 0 0 58 95 0 0 0 48 89 0 0 0 0 0 0 0 0 0 0 0 0 
0 0 39 0 0 0 0 0 0 0 0 0 0 0 0 0 0 0 0 0 0 0 0 0 0 0 0 0 0 0 0 69 0 0 0 77 0 0 7 0 0 0 0 0 0 0 0 0 0 0 0 0 0 0 0 0 11 95 0 0 0 0 0 82 81 0 0 0 0 0 40 0 61 0 64 0 0 37 100 0 0 0 0 0 91 0 0 26 0 0 0 0 0 0 0 0 0 0 0 0 
0 0 0 0 0 0 81 0 0 0 44 0 0 0 0 0 0 0 69 0 0 0 65 0 0 0 0 0 0 0 0 0 0 0 77 0 89 0 0 0 0 0 0 0 0 0 0 0 0 0 0 0 0 0 0 0 0 0 52 42 0 0 0 7 0 0 0 0 0 0 0 0 0 0 0 40 39 0 0 29 0 0 0 0 0 0 0 6 0 96 0 0 0 0 0 0 11 0 0 0 
0 0 0 0 0 0 0 0 0 0 0 0 0 0 0 0 16 0 79 0 2 0 0 0 0 49 0 0 0 0 0 0 0 0 0 89 0 0 0 0 29 0 0 0 0 0 0 75 0 0 0 0 0 0 0 0 0 0 0 0 70 0 0 0 0 0 0 0 2 0 0 0 0 0 0 46 0 0 0 64 0 0 0 0 0 0 0 0 40 86 0 0 0 0 0 47 0 37 0 0 
0 0 0 0 0 0 0 0 0 0 0 0 0 7 0 0 0 0 0 0 0 0 0 20 0 69 0 0 0 55 0 0 0 0 0 0 0 0 0 0 0 0 0 0 0 71 0 0 0 77 0 0 0 72 0 84 0 0 0 0 0 97 0 0 0 0 0 0 64 81 2 0 81 0 0 0 0 0 0 13 0 0 0 0 0 0 0 0 0 0 0 0 0 0 0 0 0 92 0 0 
0 0 0 0 0 0 0 0 0 0 0 0 0 0 0 0 0 0 0 0 0 0 0 20 0 0 0 0 0 0 0 41 0 0 7 0 0 0 0 0 0 0 0 0 0 22 0 28 38 0 0 0 0 0 0 0 0 0 0 0 0 0 0 0 0 0 0 0 0 0 70 0 0 0 0 0 41 0 0 0 0 0 0 80 0 0 0 0 0 0 0 96 0 0 0 0 0 0 0 0 
0 0 0 0 0 0 0 0 0 0 0 0 82 88 0 0 0 0 0 0 13 0 0 0 0 0 0 0 0 0 92 56 0 0 0 0 0 0 0 0 0 0 76 0 0 0 38 0 0 0 0 0 0 0 0 0 39 14 0 0 0 0 0 83 0 0 0 0 0 0 0 0 0 89 1 0 0 0 0 0 10 0 0 0 0 0 0 0 0 56 0 0 0 0 0 0 0 36 0 0 
76 0 52 0 0 0 0 0 0 0 0 0 0 0 0 0 0 0 55 0 0 0 0 0 0 0 0 0 0 0 0 0 0 0 0 0 29 0 0 0 0 0 0 0 0 0 0 0 0 0 0 0 0 0 0 0 0 80 0 0 0 0 0 0 0 0 0 0 0 3 0 0 0 0 69 0 0 0 0 0 0 0 0 0 0 0 0 0 0 64 0 0 54 0 0 0 0 0 0 0 
0 14 0 0 0 0 92 0 0 0 7 0 0 0 0 0 0 0 85 72 0 0 0 0 0 0 0 0 0 0 64 0 0 0 0 0 0 0 0 0 0 0 0 0 0 0 0 0 0 0 0 0 0 0 19 0 0 0 0 0 0 40 0 0 64 0 0 0 0 0 0 0 0 0 0 0 0 0 0 0 0 0 0 0 0 0 0 0 0 0 0 72 0 0 0 0 51 0 0 0 
0 0 0 0 9 0 0 0 0 0 0 0 72 0 0 0 0 97 0 0 0 0 0 0 0 0 0 0 0 0 0 0 0 0 0 0 0 0 0 76 0 0 0 0 0 0 0 0 0 0 3 0 0 0 0 0 0 45 0 0 0 0 0 0 0 0 58 0 0 0 0 0 0 0 0 0 0 0 0 0 0 0 0 45 56 0 0 0 0 0 0 0 0 0 0 68 0 0 0 0 
0 0 0 0 21 82 0 0 0 0 0 98 0 0 49 0 0 0 0 0 0 79 0 5 0 0 22 0 0 0 0 0 7 0 0 0 0 0 0 0 0 0 0 0 0 0 0 0 0 34 0 0 57 0 0 0 0 0 0 0 0 0 0 0 0 58 0 61 0 0 0 0 0 31 0 0 0 0 0 0 0 0 0 0 0 0 0 0 71 8 0 0 0 0 0 0 0 0 0 0 
0 23 0 0 0 0 0 37 0 0 0 0 0 0 0 0 0 0 0 0 0 0 0 0 0 0 0 0 0 0 0 0 0 69 0 0 0 0 0 0 0 0 0 0 0 0 0 0 0 0 0 0 0 0 0 0 0 7 0 0 0 0 0 0 0 21 0 0 0 0 62 48 0 0 0 0 0 0 58 0 0 32 0 44 0 32 76 0 0 0 0 32 0 74 41 0 0 0 0 0 
0 0 0 0 0 0 83 60 0 0 0 0 0 0 0 0 0 0 0 0 0 0 0 0 86 0 0 97 0 0 0 0 0 0 0 0 0 71 22 0 0 0 0 0 0 0 0 0 0 41 0 0 36 0 0 0 0 0 0 92 0 0 0 22 0 0 28 0 87 0 0 0 0 0 0 0 34 0 14 0 0 0 0 0 0 78 0 0 0 0 0 0 0 0 0 0 0 0 0 0 
0 0 0 0 0 0 0 14 0 0 55 49 0 0 0 0 0 0 0 0 0 0 0 63 0 0 0 0 0 0 0 0 0 0 0 0 0 0 0 38 0 0 0 0 0 0 0 0 0 0 0 0 0 0 38 0 1 0 0 0 16 0 0 0 0 0 0 0 0 81 0 0 0 0 0 0 0 0 85 0 0 0 96 11 0 0 0 0 0 0 0 69 58 0 0 0 0 0 23 0 
60 0 0 13 0 68 0 94 0 0 0 0 0 0 1 0 0 0 97 0 0 28 0 0 0 0 0 0 0 0 0 0 0 63 0 0 75 0 28 0 0 0 0 0 0 0 0 0 0 0 0 0 0 0 0 0 0 0 0 0 0 0 74 0 0 0 0 0 0 0 0 0 0 0 0 23 0 60 0 0 0 0 0 0 0 0 0 0 38 0 0 49 0 0 0 0 0 0 0 0 
0 81 0 0 56 26 47 0 0 0 0 56 0 11 0 0 0 91 0 0 0 0 0 0 0 0 0 0 0 0 0 31 0 0 0 0 0 0 38 0 0 0 0 0 0 0 0 0 0 0 0 0 0 0 0 0 0 0 0 0 0 0 0 91 0 0 0 0 0 0 0 0 0 0 20 0 0 0 0 0 0 0 31 0 0 0 0 0 0 0 0 0 0 84 0 18 0 69 0 0 
0 0 0 76 0 0 0 0 0 0 0 11 0 48 0 0 0 0 0 91 0 0 0 0 0 0 0 0 0 0 0 0 0 0 0 0 0 77 0 0 0 0 0 34 0 41 0 0 0 0 0 0 0 20 47 0 0 0 0 88 0 0 0 98 0 0 19 0 0 0 0 0 0 63 0 0 0 0 0 0 0 0 0 0 80 0 0 0 0 0 0 8 0 0 0 0 0 0 0 0 
0 0 0 0 0 0 0 0 0 0 0 0 0 0 75 0 0 0 0 0 0 0 0 0 0 21 0 0 4 0 0 0 0 33 0 0 0 0 0 0 0 0 3 0 0 0 0 0 0 0 0 43 0 0 0 0 0 0 0 0 0 0 0 0 100 0 0 0 0 0 0 0 0 0 0 0 22 0 0 0 0 0 5 0 0 0 0 0 0 0 0 0 35 0 0 0 0 0 0 0 
79 0 97 0 0 0 82 0 0 0 0 0 0 0 0 0 0 61 0 0 0 0 0 0 0 0 0 0 0 0 96 0 0 0 0 0 0 0 0 0 0 0 0 0 0 0 0 0 0 0 43 0 0 0 0 38 0 0 0 0 0 0 0 0 0 0 0 0 0 0 0 42 0 0 79 0 0 0 0 0 0 65 0 0 89 0 0 51 0 0 0 0 0 0 0 0 0 0 0 0 
0 0 0 0 0 0 0 0 0 0 0 77 0 0 0 0 0 0 10 0 0 0 0 0 0 0 0 0 0 0 0 0 0 0 0 0 0 0 0 0 0 0 0 57 0 36 0 0 0 0 0 0 0 0 0 0 0 0 0 0 94 0 0 0 0 0 27 0 0 0 0 0 0 0 0 0 55 0 0 0 0 0 0 0 0 0 0 0 0 0 0 0 0 0 34 0 0 0 0 58 
0 0 0 0 0 0 0 0 0 0 0 0 28 0 0 0 12 0 0 36 96 0 0 0 25 0 71 0 0 80 0 0 0 73 0 0 0 72 0 0 0 0 0 0 0 0 0 0 0 20 0 0 0 0 0 0 0 0 0 0 0 0 17 0 0 58 52 0 0 0 0 0 0 0 0 0 0 0 0 0 0 35 0 0 0 0 0 0 0 0 66 0 0 0 0 0 0 0 0 0 
0 0 0 33 0 0 0 0 0 0 0 0 0 0 0 0 0 0 0 0 0 0 0 0 0 0 0 0 0 0 0 0 0 0 0 0 0 0 0 0 0 19 0 0 0 0 38 0 0 47 0 0 0 0 0 0 0 0 0 0 0 0 0 0 0 0 42 0 0 7 0 0 0 0 44 0 0 0 0 0 0 0 0 0 0 0 0 0 0 0 56 0 0 37 0 0 0 0 0 0 
0 0 0 0 0 69 0 0 21 0 0 0 0 0 0 0 0 0 0 0 0 0 0 0 0 0 0 0 0 0 0 0 0 0 0 0 0 84 0 0 0 0 0 0 0 0 0 0 0 0 0 38 0 0 0 0 0 0 0 0 0 5 0 0 89 0 0 80 84 0 28 0 0 0 0 0 0 0 0 0 87 0 0 0 0 0 0 0 0 0 0 56 40 0 0 0 0 0 0 0 
0 88 0 0 0 0 0 65 0 0 0 0 0 42 0 63 0 59 0 0 0 0 22 0 0 0 1 0 0 0 0 0 0 0 11 0 0 0 0 39 0 0 0 0 0 0 1 0 0 0 0 0 0 0 0 0 0 0 0 0 0 0 0 0 86 0 0 96 0 0 0 0 0 0 0 0 0 9 0 0 0 0 0 0 0 0 0 0 0 0 97 0 0 0 0 57 0 0 0 0 
0 0 0 0 0 0 0 0 30 0 0 0 0 0 0 0 0 0 0 0 0 0 0 0 41 0 0 0 0 0 0 0 27 0 95 0 0 0 0 14 80 0 45 0 7 0 0 0 0 0 0 0 0 0 0 0 0 0 0 0 48 0 0 0 55 0 0 0 0 0 0 26 0 0 0 0 0 28 0 0 25 0 0 0 0 0 0 0 0 44 40 0 0 0 0 0 0 0 0 0 
0 79 0 0 0 0 0 0 0 0 0 0 0 0 0 0 0 0 0 0 0 38 0 0 0 0 0 49 0 0 0 0 7 0 0 52 0 0 0 0 0 0 0 0 0 0 0 0 0 0 0 0 0 0 0 0 0 0 0 0 0 0 0 0 0 0 0 0 0 43 0 80 99 0 0 0 33 0 43 0 0 0 7 24 0 19 0 0 0 0 27 0 0 10 0 0 0 0 0 0 
0 0 0 32 0 0 0 0 48 25 0 0 0 0 0 0 0 0 0 0 0 0 3 0 0 0 0 58 0 0 0 0 0 0 0 42 0 0 0 0 0 0 0 0 0 92 0 0 0 88 0 0 0 0 0 0 0 0 0 0 0 0 0 0 0 0 0 0 0 28 0 0 0 0 0 0 0 0 0 0 0 0 0 0 0 0 81 0 0 0 0 0 0 0 0 91 0 0 0 0 
0 0 0 0 0 0 0 0 0 0 0 0 0 0 68 0 0 35 0 0 0 0 0 0 0 0 0 0 0 0 0 0 0 0 0 0 70 0 0 0 0 0 0 0 0 0 16 0 0 0 0 0 94 0 0 0 0 48 0 0 0 59 0 0 0 0 0 0 69 0 0 5 0 0 28 0 0 0 56 0 10 0 0 0 0 0 0 0 0 7 0 0 25 0 0 0 0 0 0 0 
0 0 0 0 61 0 0 0 0 0 45 0 32 0 0 0 0 0 0 0 0 0 0 0 67 0 0 0 0 0 0 0 0 0 0 0 0 97 0 0 0 40 0 0 0 0 0 0 0 0 0 0 0 0 0 5 0 0 0 0 59 0 0 0 0 0 0 65 0 0 0 0 0 55 0 0 92 0 0 22 0 0 0 0 0 0 0 0 0 0 0 0 33 0 0 0 0 40 0 51 
0 0 0 0 8 0 0 0 0 0 0 0 0 0 0 0 95 83 0 0 80 0 68 0 0 0 0 0 0 0 67 0 0 0 0 0 0 0 0 0 0 0 0 0 0 0 0 74 0 0 0 0 0 17 0 0 0 0 0 0 0 0 0 18 0 0 0 0 30 0 0 0 0 0 0 25 0 58 0 0 21 0 54 0 0 50 0 0 0 0 0 0 0 0 0 0 0 0 0 0 
0 0 0 0 0 0 0 0 57 0 0 0 0 0 15 65 0 0 0 0 0 0 0 0 0 0 0 0 0 0 0 0 0 0 82 7 0 0 0 83 0 0 0 0 0 22 0 0 91 98 0 0 0 0 0 0 0 0 0 0 0 0 18 0 0 0 0 0 0 62 0 0 0 52 0 0 0 0 0 0 0 0 0 0 0 0 0 0 0 0 0 0 90 0 0 0 0 0 37 78 
0 0 0 0 50 0 0 16 0 0 0 30 0 0 0 0 0 0 0 0 0 0 0 0 0 0 0 0 0 0 0 0 0 0 81 0 0 0 0 0 0 64 0 0 0 0 0 0 0 0 100 0 0 0 0 89 86 55 0 0 0 0 0 0 0 0 0 0 0 0 0 0 95 0 0 0 0 0 0 0 0 43 0 0 0 0 0 34 0 0 0 92 0 0 9 0 0 0 0 0 
0 0 0 0 0 0 43 0 0 0 0 39 0 0 0 0 0 0 0 0 54 0 0 0 0 0 0 0 0 69 30 14 0 0 0 0 0 0 0 0 0 0 0 58 21 0 0 0 0 0 0 0 0 58 0 0 0 0 0 0 0 0 0 0 0 0 80 0 0 0 14 0 0 0 0 0 0 0 0 0 49 0 0 0 0 34 0 0 78 0 0 0 0 0 0 73 0 0 0 0 
19 0 0 0 0 0 0 0 0 0 0 0 0 0 0 0 0 93 0 0 0 0 0 0 0 100 0 0 71 0 0 0 0 4 0 0 0 0 0 0 0 0 58 0 0 28 0 0 0 19 0 0 27 52 42 0 0 0 0 0 0 0 0 0 0 80 0 0 45 0 0 0 14 0 0 0 0 0 0 0 0 0 0 0 0 0 0 0 0 0 0 0 0 0 0 0 0 0 0 0 
0 0 0 0 0 0 0 76 0 0 0 0 0 0 0 0 83 0 0 0 31 0 0 2 0 0 37 29 0 0 0 0 0 0 0 0 0 0 0 0 0 0 0 61 0 0 0 0 0 0 0 0 0 0 0 80 96 0 0 0 0 65 0 0 0 0 0 0 0 0 0 0 0 0 12 0 0 0 0 0 0 0 0 77 0 0 44 0 0 0 23 0 0 0 0 0 0 0 0 0 
0 0 0 0 0 0 0 0 0 0 0 69 0 0 0 65 0 0 0 0 0 0 0 0 0 0 0 0 0 0 0 0 0 0 0 0 2 64 0 0 0 0 0 0 0 87 0 0 0 0 0 0 0 0 0 84 0 0 0 0 69 0 30 0 0 0 45 0 0 62 0 0 0 0 0 0 0 0 0 84 0 0 0 0 0 0 0 0 0 0 0 0 0 0 0 0 87 0 0 0 
0 0 0 0 0 0 0 0 0 0 0 0 0 0 0 0 0 0 0 0 0 0 0 0 0 0 0 0 0 0 0 0 0 0 0 0 0 81 0 0 3 0 0 0 0 0 81 0 0 0 0 0 0 0 7 0 0 0 43 28 0 0 0 62 0 0 0 0 62 0 0 0 0 0 0 0 0 0 0 16 0 0 0 0 0 0 47 0 0 0 0 0 0 26 0 0 0 0 0 0 
0 0 0 0 0 91 16 0 0 0 0 0 0 0 0 0 0 0 0 0 0 0 0 0 0 0 0 0 0 48 22 0 64 0 40 0 0 2 70 0 0 0 0 0 62 0 0 0 0 0 0 0 0 0 0 28 0 0 0 0 0 0 0 0 0 14 0 0 0 0 0 0 0 0 0 0 0 0 0 17 0 0 0 0 0 11 0 0 0 0 0 0 0 43 0 0 0 0 0 0 
0 0 0 0 0 0 0 0 0 0 0 0 0 0 0 1 49 0 0 0 0 0 0 0 0 48 46 0 0 0 0 0 70 0 0 0 0 0 0 0 0 0 0 0 48 0 0 0 0 0 0 42 0 0 0 0 0 26 80 0 5 0 0 0 0 0 0 0 0 0 0 0 0 0 0 0 0 0 77 0 0 78 0 0 94 0 0 35 0 0 0 0 0 0 0 0 0 92 0 0 
0 0 0 0 0 0 0 0 0 0 40 0 0 0 0 0 0 0 0 0 0 0 0 0 0 0 0 0 0 95 0 0 57 0 61 0 0 81 0 0 0 0 0 0 0 0 0 0 0 0 0 0 0 0 0 0 0 0 99 0 0 0 0 0 95 0 14 0 0 0 0 0 0 0 0 0 74 0 0 0 0 0 0 0 0 0 0 0 0 0 0 0 0 0 0 0 0 0 0 56 
21 53 0 0 36 0 91 86 0 0 0 0 0 0 0 0 0 0 0 0 0 0 0 0 0 0 0 0 0 0 20 0 0 76 0 0 0 0 0 89 0 0 0 31 0 0 0 0 0 63 0 0 0 0 0 0 0 0 0 0 0 55 0 52 0 0 0 0 0 0 0 0 0 0 0 0 0 0 0 0 0 0 0 0 0 0 0 0 0 47 0 0 0 0 58 0 0 0 0 0 
0 0 0 0 0 0 0 0 0 40 0 0 0 0 0 0 31 0 0 0 0 0 0 0 84 0 0 0 0 0 0 0 0 0 64 0 0 0 0 1 69 0 0 0 0 0 0 0 20 0 0 79 0 0 44 0 0 0 0 0 28 0 0 0 0 0 0 12 0 0 0 0 0 0 0 0 0 0 0 0 0 0 68 0 0 0 0 0 0 0 0 0 44 0 0 0 6 0 0 94 
36 0 0 67 0 0 0 0 0 7 0 0 63 0 62 83 21 0 0 0 0 0 0 0 0 14 0 0 0 53 0 17 0 0 0 40 46 0 0 0 0 0 0 0 0 0 0 23 0 0 0 0 0 0 0 0 0 0 0 0 0 0 25 0 0 0 0 0 0 0 0 0 0 0 0 0 0 0 0 0 0 0 0 0 0 0 95 0 0 0 0 0 0 0 0 0 0 0 0 0 
0 15 54 0 0 0 0 0 0 0 0 0 0 0 0 0 0 0 0 0 72 0 0 0 0 0 0 0 17 0 0 0 0 0 0 39 0 0 41 0 0 0 0 0 0 34 0 0 0 0 22 0 55 0 0 0 0 0 33 0 0 92 0 0 0 0 0 0 0 0 0 0 74 0 0 0 0 22 0 0 0 0 60 0 0 0 0 0 0 0 0 0 0 0 0 0 0 0 0 95 
0 0 0 0 0 37 0 0 0 52 0 0 0 0 0 0 0 0 0 0 0 0 0 0 0 0 0 0 0 0 0 79 0 31 37 0 0 0 0 0 0 0 0 0 0 0 0 60 0 0 0 0 0 0 0 0 9 28 0 0 0 0 58 0 0 0 0 0 0 0 0 0 0 0 0 0 22 0 49 0 0 0 0 0 0 0 0 0 0 0 98 9 0 0 0 0 97 0 0 53 
0 0 0 0 0 0 0 0 0 0 6 0 0 0 0 21 0 11 0 0 0 49 0 0 0 94 0 0 0 0 0 0 0 0 100 0 0 0 0 0 0 0 0 0 58 14 85 0 0 0 0 0 0 0 0 0 0 0 43 0 56 0 0 0 0 0 0 0 0 0 0 77 0 0 0 0 0 49 0 0 0 0 0 0 0 0 0 0 0 0 0 0 0 30 0 0 0 0 20 0 
0 0 87 0 0 0 0 0 0 0 11 0 0 0 0 0 0 0 9 0 0 35 0 0 0 0 0 0 0 0 0 19 0 0 0 29 64 13 0 0 0 0 0 0 0 0 0 0 0 0 0 0 0 0 0 0 0 0 0 0 0 22 0 0 0 0 0 0 84 16 17 0 0 0 0 0 0 0 0 0 0 0 0 0 0 0 0 92 0 0 0 0 0 75 0 0 0 0 67 0 
0 0 0 0 0 0 0 0 0 0 0 0 0 0 64 0 0 0 0 66 0 98 0 0 0 37 0 0 0 0 0 0 0 0 0 0 0 0 0 10 0 0 0 0 0 0 0 0 0 0 0 0 0 0 0 87 0 25 0 0 10 0 21 0 0 49 0 0 0 0 0 0 0 0 0 0 0 0 0 0 0 0 0 0 17 0 0 0 0 3 0 0 0 0 0 0 0 78 0 0 
0 0 0 0 0 0 0 0 0 0 77 0 73 0 0 0 0 0 0 0 0 0 0 66 0 0 0 0 0 0 0 0 76 58 0 0 0 0 0 0 0 0 0 0 32 0 0 0 0 0 0 65 0 35 0 0 0 0 0 0 0 0 0 0 43 0 0 0 0 0 0 78 0 0 0 0 0 0 0 0 0 0 0 0 95 0 0 0 0 0 0 0 0 0 0 0 0 23 0 0 
0 0 0 63 0 49 0 53 0 34 0 0 0 0 0 0 0 0 0 0 0 0 0 0 0 0 0 0 0 69 0 0 0 95 0 0 0 0 0 0 0 0 0 0 0 0 96 0 31 0 5 0 0 0 0 0 0 0 7 0 0 0 54 0 0 0 0 0 0 0 0 0 0 0 68 0 60 0 0 0 0 0 0 0 0 0 72 0 0 0 0 0 0 56 0 0 0 0 0 0 
0 0 0 0 0 0 0 62 0 0 0 0 0 93 34 0 0 13 0 0 0 0 0 0 0 32 0 0 0 31 0 0 0 0 0 0 0 0 80 0 0 0 45 0 44 0 11 0 0 0 0 0 0 0 0 0 0 0 24 0 0 0 0 0 0 0 0 77 0 0 0 0 0 0 0 0 0 0 0 0 0 0 0 0 0 0 0 0 0 1 0 0 0 0 0 0 0 67 0 0 
0 0 0 0 0 0 11 0 0 0 0 0 86 0 0 29 0 0 0 0 0 0 79 57 58 0 0 0 0 0 0 0 0 0 91 0 0 0 0 0 0 0 56 0 0 0 0 0 0 80 0 89 0 0 0 0 0 0 0 0 0 0 0 0 0 0 0 0 0 0 0 94 0 0 0 0 0 0 0 0 17 95 0 0 0 0 0 0 67 23 0 0 0 0 0 0 0 0 0 0 
0 0 35 0 0 0 0 0 0 75 0 50 0 0 0 0 0 0 0 0 0 0 0 0 0 0 0 0 0 0 0 0 0 0 0 0 0 0 0 0 0 0 0 0 32 78 0 0 0 0 0 0 0 0 0 0 0 0 19 0 0 0 50 0 0 34 0 0 0 0 11 0 0 0 0 0 0 0 0 0 0 0 0 0 0 0 0 0 0 0 0 0 0 0 7 0 0 0 0 0 
0 0 0 0 0 0 0 0 0 0 0 56 0 0 0 20 0 0 0 0 0 0 0 0 0 9 0 0 0 0 0 0 0 48 0 0 0 0 0 0 0 0 0 0 76 0 0 0 0 0 0 0 0 0 0 0 0 0 0 81 0 0 0 0 0 0 0 44 0 47 0 0 0 0 0 95 0 0 0 0 0 0 72 0 0 0 0 0 43 0 0 0 0 0 93 0 62 0 99 0 
72 0 0 0 0 0 0 0 0 0 51 16 0 0 0 0 0 0 0 0 0 0 0 68 0 0 0 0 0 0 0 0 0 89 26 6 0 0 0 0 0 0 0 0 0 0 0 0 0 0 0 51 0 0 0 0 0 0 0 0 0 0 0 0 34 0 0 0 0 0 0 35 0 0 0 0 0 0 0 92 0 0 0 0 0 0 0 0 54 7 0 0 0 0 0 0 0 0 0 73 
0 0 0 34 0 0 0 0 7 41 0 0 0 0 0 0 0 0 94 0 0 13 0 0 0 0 0 1 84 0 38 0 0 0 0 0 40 0 0 0 0 0 0 71 0 0 0 38 0 0 0 0 0 0 0 0 0 0 0 0 0 0 0 0 0 78 0 0 0 0 0 0 0 0 0 0 0 0 0 0 0 0 0 0 67 0 43 54 0 0 0 0 0 0 0 0 0 0 0 0 
0 0 0 0 0 0 0 95 0 0 0 0 0 0 0 41 0 0 0 0 0 0 0 0 0 0 0 0 0 0 0 0 58 0 0 96 86 0 0 56 64 0 0 8 0 0 0 0 0 0 0 0 0 0 0 0 0 44 0 0 7 0 0 0 0 0 0 0 0 0 0 0 0 47 0 0 0 0 0 0 3 0 0 1 23 0 0 7 0 0 0 0 0 0 0 0 0 0 0 0 
0 0 0 0 0 0 0 0 0 78 0 0 31 0 0 0 0 0 0 35 0 0 0 0 0 0 31 0 0 0 0 0 0 0 0 0 0 0 0 0 0 0 0 0 0 0 0 0 0 0 0 0 0 66 56 0 97 40 27 0 0 0 0 0 0 0 0 23 0 0 0 0 0 0 0 0 0 98 0 0 0 0 0 0 0 0 0 0 0 0 0 0 37 0 0 56 0 0 0 0 
0 0 0 0 0 21 0 21 0 22 0 50 0 0 0 0 0 0 0 0 0 0 0 0 0 0 0 0 0 0 0 0 0 0 0 0 0 0 96 0 0 72 0 0 32 0 69 49 0 8 0 0 0 0 0 56 0 0 0 0 0 0 0 0 92 0 0 0 0 0 0 0 0 0 0 0 0 9 0 0 0 0 0 0 0 0 0 0 0 0 0 0 0 0 0 43 0 0 0 15 
0 0 80 0 0 0 0 0 11 0 0 0 0 0 0 0 0 0 0 0 0 0 0 0 0 0 0 0 0 0 0 0 44 0 0 0 0 0 0 0 54 0 0 0 0 0 58 0 0 0 35 0 0 0 0 40 0 0 0 0 25 33 0 90 0 0 0 0 0 0 0 0 0 0 44 0 0 0 0 0 0 0 0 0 0 0 0 0 0 0 37 0 0 0 0 0 0 0 0 0 
0 0 0 0 0 0 0 70 0 99 0 0 0 0 0 0 0 0 0 0 0 0 0 0 0 0 0 0 0 0 0 0 0 0 0 0 0 0 0 0 0 0 0 0 74 0 0 0 84 0 0 0 0 0 37 0 0 0 10 0 0 0 0 0 0 0 0 0 0 26 43 0 0 0 0 0 0 0 30 75 0 0 56 0 0 0 0 0 0 0 0 0 0 0 0 0 71 0 0 0 
0 0 0 0 0 0 0 0 0 0 0 0 0 88 38 0 0 0 0 0 28 68 0 0 0 0 0 52 0 0 0 0 0 0 0 0 0 0 0 0 0 0 0 0 41 0 0 0 0 0 0 0 34 0 0 0 0 0 0 0 0 0 0 0 9 0 0 0 0 0 0 0 0 58 0 0 0 0 0 0 0 0 0 0 0 7 93 0 0 0 0 0 0 0 0 0 0 26 0 0 
0 65 0 0 0 0 0 0 0 0 93 0 0 0 0 0 0 0 0 0 0 0 0 0 0 30 0 0 0 0 0 0 0 0 0 0 47 0 0 0 0 0 68 0 0 0 0 0 18 0 0 0 0 0 0 0 57 0 0 91 0 0 0 0 0 73 0 0 0 0 0 0 0 0 0 0 0 0 0 0 0 0 0 0 0 0 0 0 0 0 56 43 0 0 0 0 0 0 90 0 
0 0 0 0 0 0 0 0 0 0 0 0 0 0 0 0 65 9 22 0 0 0 0 0 0 0 0 0 0 0 0 0 0 0 0 11 0 0 0 0 0 51 0 0 0 0 0 0 0 0 0 0 0 0 0 0 0 0 0 0 0 0 0 0 0 0 0 0 87 0 0 0 0 0 6 0 0 97 0 0 0 0 0 0 0 0 62 0 0 0 0 0 0 71 0 0 0 0 58 83 
0 8 0 0 0 0 0 0 0 0 60 38 0 0 0 0 0 0 0 0 0 0 57 0 0 0 0 0 0 0 62 0 0 0 0 0 37 92 0 36 0 0 0 0 0 0 0 0 69 0 0 0 0 0 0 0 0 0 0 0 0 40 0 0 0 0 0 0 0 0 0 92 0 0 0 0 0 0 0 0 78 23 0 67 0 0 0 0 0 0 0 0 0 0 26 0 0 0 0 0 
13 59 0 0 0 0 0 0 0 13 0 0 0 0 0 0 0 0 0 0 0 0 0 0 0 60 0 30 10 99 0 0 7 0 0 0 0 0 0 0 0 0 0 0 0 0 23 0 0 0 0 0 0 0 0 0 0 0 0 0 0 0 0 37 0 0 0 0 0 0 0 0 0 0 0 0 0 0 20 67 0 0 0 0 0 0 99 0 0 0 0 0 0 0 0 90 58 0 0 0 
0 0 0 0 99 0 0 72 0 0 0 0 0 52 0 0 0 19 0 35 0 0 0 0 0 0 0 0 0 0 0 0 0 0 0 0 0 0 0 0 0 0 0 0 0 0 0 0 0 0 0 0 58 0 0 0 0 0 0 0 0 51 0 78 0 0 0 0 0 0 0 0 56 0 94 0 95 53 0 0 0 0 0 0 0 0 0 73 0 0 0 15 0 0 0 0 83 0 0 0 
