0 0 0 0 0 0 0 0 0 0 42 16 0 0 0 0 0 0 0 0 5 0 0 0 0 0 0 0 0 0 0 0 0 0 0 0 0 0 0 35 38 0 0 0 0 0 0 0 0 0 0 0 0 0 0 0 0 0 0 95 87 0 0 0 0 0 0 0 0 0 0 80 0 0 55 0 40 0 0 0 70 0 0 0 0 0 0 0 0 0 0 0 0 0 0 0 0 0 0 67 
0 0 0 69 48 68 0 0 0 0 0 73 0 0 0 0 0 0 9 0 0 0 0 0 0 0 0 0 0 0 0 0 0 0 0 0 0 0 0 17 59 0 0 0 0 0 0 10 0 0 0 0 0 0 0 0 0 9 0 0 0 0 0 0 25 0 0 0 0 0 53 0 0 0 0 0 72 0 0 0 10 0 0 0 0 0 0 0 96 76 0 0 0 0 0 0 0 0 0 0 
0 0 0 0 0 86 0 0 0 0 0 0 0 45 0 0 0 0 0 0 50 0 0 20 0 93 0 0 0 0 0 0 0 0 0 0 0 0 0 0 0 0 0 0 66 0 63 0 0 0 0 0 0 0 0 0 0 0 0 33 61 87 0 0 0 0 0 0 0 0 0 0 0 0 0 97 0 0 91 0 0 0 0 26 0 0 0 0 0 0 0 0 0 0 83 21 0 0 0 0 
0 69 0 0 0 0 0 0 0 0 0 0 0 43 0 46 0 0 0 56 0 0 0 0 0 0 0 0 0 0 34 0 0 0 0 0 0 0 0 0 0 0 0 40 0 0 0 0 0 29 0 0 0 0 16 0 0 0 0 0 0 0 0 52 0 0 0 0 0 0 0 0 99 0 39 0 0 0 0 0 0 0 0 0 0 61 0 0 0 0 0 0 0 0 0 38 43 0 0 0 
0 48 0 0 0 0 0 0 0 0 17 0 47 0 0 0 71 0 0 0 0 0 3 0 0 0 0 0 0 92 0 0 0 0 0 0 0 0 0 0 0 0 0 0 34 0 0 0 0 0 0 0 0 0 0 0 0 0 0 93 0 0 0 0 0 0 0 0 0 10 0 0 0 0 0 0 0 0 0 0 0 0 0 0 0 0 0 0 0 0 0 0 0 0 44 0 35 0 0 0 
0 68 86 0 0 0 0 0 0 0 0 0 0 0 0 0 0 0 0 0 7 0 0 0 0 0 0 58 0 0 0 0 0 0 58 0 0 0 0 0 0 0 0 34 0 0 0 0 0 0 0 0 0 0 0 0 53 0 0 0 0 87 0 97 0 0 0 43 0 0 0 0 0 52 0 0 69 0 0 0 0 0 0 0 0 0 59 0 0 0 77 0 0 0 0 51 0 0 0 0 
0 0 0 0 0 0 0 0 83 0 0 22 0 0 0 0 0 0 4 0 0 0 0 0 0 0 0 0 0 0 0 0 0 62 0 49 57 0 26 0 0 0 0 20 0 0 0 0 0 0 0 0 0 0 0 54 0 0 0 0 0 0 0 0 0 0 0 0 0 0 0 53 0 0 0 0 0 0 45 0 0 18 0 0 0 0 0 0 0 0 0 0 29 0 0 0 87 0 0 40 
0 0 0 0 0 0 0 0 0 0 0 0 0 0 0 0 0 0 0 0 0 0 0 0 0 0 0 95 0 0 0 0 0 10 0 0 0 55 0 0 0 0 0 0 34 0 0 0 0 0 0 0 0 0 0 0 0 0 0 0 0 0 0 0 0 24 0 0 0 0 0 0 0 0 0 0 0 0 0 0 0 0 0 0 0 0 0 0 0 0 0 0 0 0 0 0 0 0 19 0 
0 0 0 0 0 0 83 0 0 0 0 0 0 0 0 0 0 0 0 0 0 0 0 0 0 0 0 0 0 0 80 0 15 0 0 0 0 0 0 0 0 0 0 11 16 47 0 0 59 0 0 80 0 0 0 0 0 0 99 0 0 0 36 0 0 0 0 0 0 0 0 0 0 0 0 0 60 86 0 0 4 0 0 0 0 4 0 0 0 0 0 0 0 0 0 0 0 0 0 70 
0 0 0 0 0 0 0 0 0 0 0 0 0 0 87 0 0 0 0 0 0 0 0 0 0 0 0 0 0 0 0 0 0 0 18 0 0 0 30 0 0 17 0 0 23 0 60 0 83 0 0 0 0 0 0 0 0 0 0 0 0 0 0 0 29 0 0 0 0 0 31 0 0 0 65 0 0 0 14 0 0 0 0 0 0 0 0 0 0 0 0 0 0 0 0 0 0 0 0 0 
42 0 0 0 17 0 0 0 0 0 0 0 0 0 4 0 0 0 0 53 0 0 0 4 11 0 0 0 0 0 0 0 73 0 0 0 35 0 0 0 0 0 0 31 0 0 35 50 0 0 0 0 0 0 0 0 0 0 0 0 0 0 83 0 0 0 7 0 0 0 0 0 10 0 0 0 0 0 0 0 87 0 0 0 0 0 0 0 0 0 0 0 0 0 0 0 0 0 0 0 
16 73 0 0 0 0 22 0 0 0 0 0 34 0 0 0 0 0 0 0 0 0 0 0 0 0 1 0 0 0 0 0 0 0 0 11 0 11 0 49 0 0 34 0 0 0 0 0 0 0 0 0 0 0 0 0 0 0 0 0 0 1 0 0 0 0 0 0 0 0 61 0 0 0 0 0 0 0 0 0 0 0 0 0 0 0 0 0 63 0 0 0 0 0 0 0 0 0 0 1 
0 0 0 0 47 0 0 0 0 0 0 34 0 0 0 0 0 0 86 0 0 0 0 0 0 0 0 0 0 87 0 0 0 0 0 77 25 0 18 0 0 0 0 0 0 0 0 0 0 57 0 0 0 0 0 0 0 0 0 0 0 0 0 0 0 0 0 0 0 0 0 0 0 0 0 0 0 0 0 0 0 0 85 14 0 0 0 0 0 0 0 33 19 44 0 0 0 0 0 89 
0 0 45 43 0 0 0 0 0 0 0 0 0 0 0 39 44 0 0 0 0 0 0 0 0 0 0 0 0 0 0 82 0 79 0 54 0 0 0 0 0 0 0 0 0 0 0 0 82 0 0 0 0 0 0 0 8 0 0 45 0 0 0 0 0 0 0 0 0 68 0 0 0 0 0 0 0 0 0 0 0 37 54 0 0 0 0 0 0 0 0 0 0 0 0 5 0 0 0 0 
0 0 0 0 0 0 0 0 0 87 4 0 0 0 0 0 0 64 0 0 0 0 0 0 0 0 0 0 0 43 0 0 0 0 0 74 0 0 0 0 98 48 0 0 0 0 0 0 0 0 0 0 90 23 0 0 0 0 22 0 0 0 0 0 0 0 0 0 0 93 0 0 0 0 0 0 11 0 0 63 0 0 0 99 0 0 0 64 0 0 0 0 0 0 0 0 0 0 0 0 
0 0 0 46 0 0 0 0 0 0 0 0 0 39 0 0 0 0 0 0 0 0 0 0 0 0 68 0 0 0 68 0 0 0 0 0 0 0 0 0 0 0 0 0 0 0 0 6 0 0 72 0 0 0 0 0 0 0 0 0 0 0 0 0 0 0 0 54 0 0 0 27 0 21 0 0 0 0 22 0 0 0 0 0 3 0 0 0 0 0 61 0 67 0 0 24 0 0 0 0 
0 0 0 0 71 0 0 0 0 0 0 0 0 44 0 0 0 81 0 0 0 0 42 97 0 0 0 0 21 0 0 0 0 0 0 0 0 0 0 0 0 0 0 0 0 0 0 0 0 0 0 0 0 51 0 0 0 6 0 49 0 0 0 0 0 24 0 0 0 0 0 0 0 0 0 0 0 0 95 0 0 0 0 0 0 14 0 0 0 0 0 0 0 0 0 0 0 0 0 0 
0 0 0 0 0 0 0 0 0 0 0 0 0 0 64 0 81 0 0 0 0 0 84 0 0 0 91 0 0 8 72 37 0 0 0 0 0 0 0 0 0 16 0 0 81 0 0 0 0 0 24 0 0 0 0 0 0 0 100 0 0 0 0 0 0 0 0 0 0 0 0 0 0 0 0 0 0 0 0 0 0 0 0 0 0 0 0 0 0 0 0 0 0 0 0 0 0 0 0 0 
0 9 0 0 0 0 4 0 0 0 0 0 86 0 0 0 0 0 0 35 0 0 0 23 0 0 0 0 0 0 0 0 0 0 0 0 0 0 0 0 0 22 0 0 0 0 0 0 0 0 0 0 0 0 0 0 0 0 0 0 0 47 0 0 61 0 28 0 0 0 84 0 0 0 0 0 0 0 0 0 0 0 22 0 0 0 42 0 0 0 0 0 53 0 0 0 0 0 36 77 
0 0 0 56 0 0 0 0 0 0 53 0 0 0 0 0 0 0 35 0 54 0 0 0 0 0 0 0 0 0 0 0 76 0 0 0 0 0 0 0 0 0 0 0 0 0 0 31 0 0 0 0 0 0 24 0 0 0 0 0 0 0 23 0 0 37 0 0 0 0 0 0 0 0 0 0 0 0 0 0 0 0 98 0 0 0 0 0 32 0 0 0 0 0 0 0 0 0 0 0 
5 0 50 0 0 7 0 0 0 0 0 0 0 0 0 0 0 0 0 54 0 0 0 0 0 0 0 0 0 0 0 0 0 0 0 0 0 0 0 20 0 0 0 0 30 25 0 0 0 33 0 0 55 0 4 0 0 0 0 0 0 0 0 0 0 0 0 0 0 68 0 0 0 0 0 0 6 0 0 0 0 0 50 0 13 0 0 54 0 0 0 0 0 0 0 0 0 0 0 0 
0 0 0 0 0 0 0 0 0 0 0 0 0 0 0 0 0 0 0 0 0 0 63 0 0 99 0 0 0 0 0 0 0 0 0 0 0 0 97 0 0 0 0 0 0 0 0 0 0 0 0 20 38 0 0 0 0 0 0 0 0 0 0 0 19 37 0 62 0 0 0 0 0 16 0 0 0 7 0 0 0 1 100 0 0 35 0 86 0 0 0 0 0 0 0 0 0 33 0 0 
0 0 0 0 3 0 0 0 0 0 0 0 0 0 0 0 42 84 0 0 0 63 0 0 0 0 0 0 48 0 23 0 0 0 0 0 0 0 0 0 0 0 0 0 81 0 58 0 0 0 75 0 0 0 0 55 0 54 0 0 0 0 0 0 0 0 16 0 0 0 0 0 0 0 0 0 0 0 0 0 84 0 75 0 0 0 0 0 0 0 0 0 0 0 0 0 0 0 0 0 
0 0 20 0 0 0 0 0 0 0 4 0 0 0 0 0 97 0 23 0 0 0 0 0 0 35 0 0 0 0 29 0 0 0 61 0 0 0 0 0 0 0 0 0 0 35 0 0 0 0 0 0 0 0 0 0 0 0 0 0 0 0 49 0 57 0 0 0 0 0 0 0 0 0 0 0 0 0 92 0 0 71 0 0 0 0 0 0 0 0 0 73 0 75 0 0 0 0 0 34 
0 0 0 0 0 0 0 0 0 0 11 0 0 0 0 0 0 0 0 0 0 0 0 0 0 0 0 74 0 0 0 0 86 0 0 0 0 59 0 0 41 0 0 0 0 0 0 0 0 0 0 0 0 92 0 0 0 0 0 63 0 0 0 54 28 0 0 0 0 0 0 0 0 0 0 0 0 0 0 18 0 0 0 93 0 0 0 0 0 76 0 57 0 0 0 0 0 0 0 0 
0 0 93 0 0 0 0 0 0 0 0 0 0 0 0 0 0 0 0 0 0 99 0 35 0 0 0 0 40 0 0 0 30 0 0 0 45 0 0 96 0 0 0 0 0 0 0 0 0 0 0 0 38 0 0 0 30 0 0 0 0 0 0 0 0 0 0 0 0 0 0 0 0 0 0 29 0 0 0 0 5 0 70 55 0 0 0 0 0 0 32 57 0 0 0 0 0 0 0 0 
0 0 0 0 0 0 0 0 0 0 0 1 0 0 0 68 0 91 0 0 0 0 0 0 0 0 0 31 12 0 0 0 0 0 0 45 0 0 0 4 0 0 0 0 0 0 50 32 0 0 0 0 0 0 0 0 0 0 58 0 0 47 0 0 0 0 0 0 0 0 0 0 0 0 0 0 0 0 0 43 0 0 0 33 0 0 85 0 0 0 0 32 0 0 0 0 0 0 0 0 
0 0 0 0 0 58 0 95 0 0 0 0 0 0 0 0 0 0 0 0 0 0 0 0 74 0 31 0 0 98 0 34 0 0 0 0 0 0 0 0 0 0 0 0 0 0 0 0 24 0 0 0 0 0 0 0 0 0 0 0 91 0 0 0 0 0 0 0 0 0 0 0 0 0 0 0 0 0 0 0 0 0 0 0 0 0 0 0 0 0 0 0 44 0 22 0 0 0 0 0 
0 0 0 0 0 0 0 0 0 0 0 0 0 0 0 0 21 0 0 0 0 0 48 0 0 40 12 0 0 0 0 0 43 0 0 0 0 0 0 40 0 0 0 0 0 0 0 1 0 0 26 60 0 0 66 0 0 0 0 0 0 0 39 0 0 0 0 0 0 0 20 0 0 37 32 0 0 0 0 0 0 0 0 0 0 0 0 0 0 0 0 0 0 0 0 0 0 0 0 0 
0 0 0 0 92 0 0 0 0 0 0 0 87 0 43 0 0 8 0 0 0 0 0 0 0 0 0 98 0 0 0 0 0 0 46 0 0 0 0 0 0 0 0 0 0 0 93 0 0 0 0 0 0 0 0 0 0 18 0 0 0 0 0 93 0 0 0 0 0 0 0 0 0 0 0 48 0 0 0 0 53 0 0 0 45 0 0 39 0 9 0 0 0 7 0 0 0 0 0 0 
0 0 0 34 0 0 0 0 80 0 0 0 0 0 0 68 0 72 0 0 0 0 23 29 0 0 0 0 0 0 0 26 0 0 0 0 0 0 63 0 72 0 0 81 85 0 0 0 0 0 0 0 0 0 0 0 32 0 0 0 0 0 0 0 0 0 0 0 0 0 0 0 0 0 0 0 0 0 0 0 0 0 0 0 43 0 0 0 0 0 0 0 90 86 0 0 0 0 0 0 
0 0 0 0 0 0 0 0 0 0 0 0 0 82 0 0 0 37 0 0 0 0 0 0 0 0 0 34 0 0 26 0 0 0 0 92 89 0 0 0 0 0 0 0 0 0 0 0 0 70 0 0 0 0 0 0 30 0 0 0 0 0 0 24 0 0 0 0 76 69 0 0 0 0 0 0 0 0 0 0 0 0 0 78 0 0 0 0 0 0 0 0 0 0 0 0 85 72 0 0 
0 0 0 0 0 0 0 0 15 0 73 0 0 0 0 0 0 0 0 76 0 0 0 0 86 30 0 0 43 0 0 0 0 0 0 0 0 0 0 0 0 0 0 0 0 0 0 0 0 0 0 0 0 0 89 37 0 0 62 0 0 0 0 0 0 80 0 0 0 0 0 0 0 74 0 0 0 52 0 0 0 0 8 0 0 0 0 0 0 0 0 0 0 0 0 0 0 81 0 91 
0 0 0 0 0 0 62 10 0 0 0 0 0 79 0 0 0 0 0 0 0 0 0 0 0 0 0 0 0 0 0 0 0 0 0 0 0 0 0 0 0 0 0 0 0 0 0 0 0 0 0 0 29 0 0 0 0 0 75 0 0 0 0 0 0 89 0 0 0 0 99 0 0 0 0 0 0 0 0 4 31 0 0 0 0 0 0 0 0 0 0 0 23 0 0 0 65 0 0 0 
0 0 0 0 0 58 0 0 0 18 0 0 0 0 0 0 0 0 0 0 0 0 0 61 0 0 0 0 0 46 0 0 0 0 0 0 52 19 0 0 0 0 0 0 0 0 0 0 49 65 0 0 0 0 82 0 0 0 0 0 0 0 0 0 0 0 0 0 0 0 0 0 0 0 0 0 0 0 0 0 0 0 0 0 15 0 0 69 0 0 32 22 5 0 0 0 0 0 0 0 
0 0 0 0 0 0 49 0 0 0 0 11 77 54 74 0 0 0 0 0 0 0 0 0 0 0 45 0 0 0 0 92 0 0 0 0 60 0 0 56 0 0 46 53 0 0 0 0 0 0 0 0 91 60 0 0 0 0 0 0 0 0 0 0 0 0 0 0 0 0 0 0 0 0 0 22 0 0 0 0 0 0 0 0 0 35 0 0 0 0 0 0 0 0 0 0 0 0 0 0 
0 0 0 0 0 0 57 0 0 0 35 0 25 0 0 0 0 0 0 0 0 0 0 0 0 45 0 0 0 0 0 89 0 0 52 60 0 0 0 0 0 0 74 0 0 9 0 0 10 0 33 0 0 0 0 0 0 0 0 0 0 0 0 25 0 0 78 0 0 0 0 0 0 0 0 0 0 0 10 0 0 0 0 0 0 0 0 0 0 0 0 0 0 0 0 0 0 0 0 74 
0 0 0 0 0 0 0 55 0 0 0 11 0 0 0 0 0 0 0 0 0 0 0 0 59 0 0 0 0 0 0 0 0 0 19 0 0 0 0 0 25 0 0 0 0 0 0 0 0 31 0 0 0 0 0 0 0 0 0 0 0 97 0 0 85 0 53 0 0 0 0 0 81 0 0 0 0 85 0 26 0 46 0 0 0 0 0 0 0 0 0 0 46 0 0 0 85 0 0 0 
0 0 0 0 0 0 26 0 0 30 0 0 18 0 0 0 0 0 0 0 0 97 0 0 0 0 0 0 0 0 63 0 0 0 0 0 0 0 0 0 2 22 0 0 0 0 0 0 0 30 0 0 76 0 0 0 0 88 42 0 0 0 0 0 0 0 96 0 0 0 0 0 0 0 0 0 0 0 58 0 0 0 0 0 0 0 0 0 0 0 0 9 0 0 0 0 50 0 0 0 
35 17 0 0 0 0 0 0 0 0 0 49 0 0 0 0 0 0 0 0 20 0 0 0 0 96 4 0 40 0 0 0 0 0 0 56 0 0 0 0 0 0 0 0 0 77 0 0 0 0 53 0 0 0 25 0 0 0 13 0 0 0 0 0 0 0 0 0 0 0 0 0 0 0 0 57 0 0 0 0 0 0 0 0 39 0 0 0 0 0 0 0 0 0 0 0 0 80 0 0 
38 59 0 0 0 0 0 0 0 0 0 0 0 0 98 0 0 0 0 0 0 0 0 0 41 0 0 0 0 0 72 0 0 0 0 0 0 25 2 0 0 0 6 0 0 0 0 0 0 0 0 30 0 0 85 0 0 0 0 0 0 38 0 0 0 0 0 0 0 0 0 0 0 0 0 0 0 0 0 12 11 0 0 0 0 0 4 0 0 0 0 0 0 17 0 0 0 0 0 0 
0 0 0 0 0 0 0 0 0 17 0 0 0 0 48 0 0 16 22 0 0 0 0 0 0 0 0 0 0 0 0 0 0 0 0 0 0 0 22 0 0 0 0 0 0 0 0 0 0 0 0 0 0 23 0 0 0 0 0 0 0 0 0 0 0 0 0 0 71 0 0 0 0 0 0 3 0 9 96 40 0 1 0 0 0 0 0 0 0 0 0 0 0 0 0 80 0 0 0 0 
0 0 0 0 0 0 0 0 0 0 0 34 0 0 0 0 0 0 0 0 0 0 0 0 0 0 0 0 0 0 0 0 0 0 0 46 74 0 0 0 6 0 0 0 0 0 0 81 0 36 0 2 0 0 0 0 0 0 0 0 0 0 0 0 0 0 0 0 0 0 72 0 22 0 0 0 0 0 0 0 0 0 0 0 0 0 0 0 71 2 0 0 0 0 0 0 0 0 0 0 
0 0 0 40 0 34 20 0 11 0 31 0 0 0 0 0 0 0 0 0 0 0 0 0 0 0 0 0 0 0 81 0 0 0 0 53 0 0 0 0 0 0 0 0 0 0 0 0 0 0 0 0 0 0 0 0 0 83 0 0 0 0 0 0 0 20 0 0 0 0 0 0 91 0 29 0 0 0 0 0 0 0 0 0 11 43 0 0 81 0 0 0 0 0 0 53 0 0 0 0 
0 0 66 0 34 0 0 34 16 23 0 0 0 0 0 0 0 81 0 0 30 0 81 0 0 0 0 0 0 0 85 0 0 0 0 0 0 0 0 0 0 0 0 0 0 0 0 0 0 0 0 0 0 0 0 0 0 0 0 0 0 7 0 0 0 0 0 17 0 100 0 0 0 0 0 0 0 0 0 0 0 0 0 0 0 0 0 92 0 0 0 0 0 0 0 0 0 0 0 35 
0 0 0 0 0 0 0 0 47 0 0 0 0 0 0 0 0 0 0 0 25 0 0 35 0 0 0 0 0 0 0 0 0 0 0 0 9 0 0 77 0 0 0 0 0 0 0 0 0 0 0 0 0 0 0 0 0 0 0 75 98 0 0 0 0 0 0 0 0 0 0 0 0 0 0 0 0 0 0 0 0 0 0 0 0 55 0 16 0 4 49 0 0 0 0 0 0 0 0 0 
0 0 63 0 0 0 0 0 0 60 35 0 0 0 0 0 0 0 0 0 0 0 58 0 0 0 50 0 0 93 0 0 0 0 0 0 0 0 0 0 0 0 0 0 0 0 0 0 0 0 0 3 0 0 27 0 0 0 40 0 0 64 0 0 0 0 0 0 0 54 0 0 0 0 0 100 0 0 0 0 0 0 0 0 0 0 0 0 0 0 0 0 0 63 0 0 0 0 0 0 
0 10 0 0 0 0 0 0 0 0 50 0 0 0 0 6 0 0 0 31 0 0 0 0 0 0 32 0 1 0 0 0 0 0 0 0 0 0 0 0 0 0 81 0 0 0 0 0 0 0 0 0 82 0 0 0 39 0 61 0 0 0 0 72 0 0 0 0 0 0 0 0 0 24 0 0 0 0 0 0 0 0 0 0 0 0 0 0 0 0 0 0 0 0 0 0 0 0 0 0 
0 0 0 0 0 0 0 0 59 83 0 0 0 82 0 0 0 0 0 0 0 0 0 0 0 0 0 24 0 0 0 0 0 0 49 0 10 0 0 0 0 0 0 0 0 0 0 0 0 0 0 0 0 6 0 0 0 0 0 0 0 0 0 74 0 0 33 0 0 0 0 0 0 0 0 0 0 0 0 59 0 0 0 0 0 0 0 0 0 25 0 0 0 0 48 0 0 0 39 0 
0 0 0 29 0 0 0 0 0 0 0 0 57 0 0 0 0 0 0 0 33 0 0 0 0 0 0 0 0 0 0 70 0 0 65 0 0 31 30 0 0 0 36 0 0 0 0 0 0 0 83 0 0 93 0 56 0 0 0 43 0 0 0 0 0 0 0 0 0 0 0 0 0 0 0 0 0 0 0 0 0 0 0 0 0 0 0 60 0 0 0 0 0 85 87 0 0 0 0 0 
0 0 0 0 0 0 0 0 0 0 0 0 0 0 0 72 0 24 0 0 0 0 75 0 0 0 0 0 26 0 0 0 0 0 0 0 33 0 0 53 0 0 0 0 0 0 0 0 0 83 0 66 0 0 0 0 0 11 0 0 0 0 0 0 52 0 0 0 0 0 0 0 0 0 0 0 46 0 0 0 0 0 0 0 0 93 0 38 0 84 0 0 0 0 71 0 0 0 0 0 
0 0 0 0 0 0 0 0 80 0 0 0 0 0 0 0 0 0 0 0 0 20 0 0 0 0 0 0 60 0 0 0 0 0 0 0 0 0 0 0 30 0 2 0 0 0 3 0 0 0 66 0 68 0 0 0 0 99 74 37 0 0 0 0 0 0 0 0 25 0 0 13 0 0 0 98 0 0 0 0 0 0 0 0 0 0 5 0 0 0 0 0 0 0 0 0 0 0 0 0 
0 0 0 0 0 0 0 0 0 0 0 0 0 0 90 0 0 0 0 0 55 38 0 0 0 38 0 0 0 0 0 0 0 29 0 91 0 0 76 0 0 0 0 0 0 0 0 82 0 0 0 68 0 0 0 60 0 0 0 0 0 0 0 40 0 0 0 0 0 0 0 0 0 0 0 0 0 0 0 0 43 0 0 0 61 0 0 0 0 84 0 0 0 0 0 0 0 0 0 0 
0 0 0 0 0 0 0 0 0 0 0 0 0 0 23 0 51 0 0 0 0 0 0 0 92 0 0 0 0 0 0 0 0 0 0 60 0 0 0 0 0 23 0 0 0 0 0 0 6 93 0 0 0 0 0 0 14 0 0 0 0 0 0 0 0 0 0 0 0 0 0 46 0 0 0 0 0 0 0 0 0 0 0 0 0 0 0 82 0 19 0 0 0 0 0 0 0 14 0 0 
0 0 0 16 0 0 0 0 0 0 0 0 0 0 0 0 0 0 0 24 4 0 0 0 0 0 0 0 66 0 0 0 89 0 82 0 0 0 0 25 85 0 0 0 0 0 27 0 0 0 0 0 0 0 0 0 63 0 0 0 54 0 0 0 0 0 0 0 0 74 0 0 0 0 0 0 0 0 0 0 0 87 0 0 0 0 0 0 0 0 0 0 0 0 0 0 0 0 0 0 
0 0 0 0 0 0 54 0 0 0 0 0 0 0 0 0 0 0 0 0 0 0 55 0 0 0 0 0 0 0 0 0 37 0 0 0 0 0 0 0 0 0 0 0 0 0 0 0 0 56 0 0 60 0 0 0 0 66 0 0 0 0 0 0 0 0 86 18 0 0 0 0 0 0 0 0 0 0 0 0 0 0 0 0 79 0 0 0 0 0 0 21 16 53 3 0 48 0 24 0 
0 0 0 0 0 53 0 0 0 0 0 0 0 8 0 0 0 0 0 0 0 0 0 0 0 30 0 0 0 0 32 30 0 0 0 0 0 0 0 0 0 0 0 0 0 0 0 39 0 0 0 0 0 14 63 0 0 0 0 51 0 0 0 0 0 0 0 0 0 9 0 0 0 0 0 0 0 5 0 0 0 0 0 0 0 68 0 0 0 0 0 0 0 0 0 12 0 0 0 0 
0 9 0 0 0 0 0 0 0 0 0 0 0 0 0 0 6 0 0 0 0 0 54 0 0 0 0 0 0 18 0 0 0 0 0 0 0 0 88 0 0 0 0 83 0 0 0 0 0 0 11 99 0 0 0 66 0 0 0 0 0 0 43 0 0 0 0 0 0 0 0 0 0 0 0 0 0 0 0 0 93 0 0 0 55 98 0 0 0 78 0 0 0 0 6 0 0 0 0 0 
0 0 0 0 0 0 0 0 99 0 0 0 0 0 22 0 0 100 0 0 0 0 0 0 0 0 58 0 0 0 0 0 62 75 0 0 0 0 42 13 0 0 0 0 0 0 40 61 0 0 0 74 0 0 0 0 0 0 0 25 0 0 0 0 0 0 0 0 0 0 1 0 0 0 65 0 0 0 0 0 0 0 0 0 0 92 0 0 0 0 0 0 0 0 0 0 0 0 0 0 
95 0 33 0 93 0 0 0 0 0 0 0 0 45 0 0 49 0 0 0 0 0 0 0 63 0 0 0 0 0 0 0 0 0 0 0 0 0 0 0 0 0 0 0 0 75 0 0 0 43 0 37 0 0 0 0 51 0 25 0 0 0 0 0 0 64 0 39 0 0 0 0 0 0 0 0 0 0 0 0 0 0 0 0 5 0 93 0 0 0 0 0 0 0 0 0 0 0 0 0 
87 0 61 0 0 0 0 0 0 0 0 0 0 0 0 0 0 0 0 0 0 0 0 0 0 0 0 91 0 0 0 0 0 0 0 0 0 0 0 0 0 0 0 0 0 98 0 0 0 0 0 0 0 0 54 0 0 0 0 0 0 0 87 0 0 0 0 0 0 0 0 8 78 0 0 0 0 19 48 0 0 0 0 0 0 0 0 57 22 40 0 0 0 0 0 0 0 0 0 0 
0 0 87 0 0 87 0 0 0 0 0 1 0 0 0 0 0 0 47 0 0 0 0 0 0 0 47 0 0 0 0 0 0 0 0 0 0 97 0 0 38 0 0 0 7 0 64 0 0 0 0 0 0 0 0 0 0 0 0 0 0 0 0 0 0 0 42 0 0 0 0 0 0 34 0 0 0 56 0 0 0 0 0 0 0 0 0 0 91 21 0 0 0 0 0 0 0 41 0 0 
0 0 0 0 0 0 0 0 36 0 83 0 0 0 0 0 0 0 0 23 0 0 0 49 0 0 0 0 39 0 0 0 0 0 0 0 0 0 0 0 0 0 0 0 0 0 0 0 0 0 0 0 0 0 0 0 0 43 0 0 87 0 0 0 0 0 0 0 4 0 0 0 26 0 80 0 0 0 0 0 0 0 0 0 0 0 0 0 0 0 0 0 88 0 0 7 0 0 0 0 
0 0 0 52 0 97 0 0 0 0 0 0 0 0 0 0 0 0 0 0 0 0 0 0 54 0 0 0 0 93 0 24 0 0 0 0 25 0 0 0 0 0 0 0 0 0 0 72 74 0 0 0 40 0 0 0 0 0 0 0 0 0 0 0 0 0 0 0 0 0 0 0 31 0 0 0 0 0 0 0 0 0 7 0 0 0 85 0 49 0 0 0 0 0 0 24 0 0 40 0 
0 25 0 0 0 0 0 0 0 29 0 0 0 0 0 0 0 0 61 0 0 19 0 57 28 0 0 0 0 0 0 0 0 0 0 0 0 85 0 0 0 0 0 0 0 0 0 0 0 0 52 0 0 0 0 0 0 0 0 0 0 0 0 0 0 86 0 0 0 0 0 0 0 0 0 0 0 0 1 0 0 0 0 0 0 0 0 0 0 0 0 0 0 0 0 52 9 0 0 0 
0 0 0 0 0 0 0 24 0 0 0 0 0 0 0 0 24 0 0 37 0 37 0 0 0 0 0 0 0 0 0 0 80 89 0 0 0 0 0 0 0 0 0 20 0 0 0 0 0 0 0 0 0 0 0 0 0 0 0 64 0 0 0 0 86 0 0 0 0 99 28 0 0 0 0 0 0 0 0 0 37 0 0 0 0 0 0 0 0 0 0 0 63 0 0 94 61 0 0 0 
0 0 0 0 0 0 0 0 0 0 7 0 0 0 0 0 0 0 28 0 0 0 16 0 0 0 0 0 0 0 0 0 0 0 0 0 78 53 96 0 0 0 0 0 0 0 0 0 33 0 0 0 0 0 0 86 0 0 0 0 0 42 0 0 0 0 0 0 0 0 0 0 0 0 0 0 0 0 0 0 0 0 0 46 0 0 58 0 48 0 0 35 0 65 0 0 0 0 39 0 
0 0 0 0 0 43 0 0 0 0 0 0 0 0 0 54 0 0 0 0 0 62 0 0 0 0 0 0 0 0 0 0 0 0 0 0 0 0 0 0 0 0 0 0 17 0 0 0 0 0 0 0 0 0 0 18 0 0 0 39 0 0 0 0 0 0 0 0 0 25 0 0 0 0 11 0 0 0 0 0 0 65 0 0 0 0 0 0 0 0 0 0 0 0 0 10 0 0 0 0 
0 0 0 0 0 0 0 0 0 0 0 0 0 0 0 0 0 0 0 0 0 0 0 0 0 0 0 0 0 0 0 76 0 0 0 0 0 0 0 0 0 71 0 0 0 0 0 0 0 0 0 25 0 0 0 0 0 0 0 0 0 0 4 0 0 0 0 0 0 0 0 0 0 0 99 0 0 0 0 0 0 0 10 0 0 0 0 0 51 0 86 91 9 0 0 0 0 63 0 0 
0 0 0 0 10 0 0 0 0 0 0 0 0 68 93 0 0 0 0 0 68 0 0 0 0 0 0 0 0 0 0 69 0 0 0 0 0 0 0 0 0 0 0 0 100 0 54 0 0 0 0 0 0 0 74 0 9 0 0 0 0 0 0 0 0 99 0 25 0 0 14 0 3 0 0 0 0 63 0 0 0 0 0 0 0 0 0 0 0 0 88 0 0 0 0 0 0 0 0 0 
0 53 0 0 0 0 0 0 0 31 0 61 0 0 0 0 0 0 84 0 0 0 0 0 0 0 0 0 20 0 0 0 0 99 0 0 0 0 0 0 0 0 72 0 0 0 0 0 0 0 0 0 0 0 0 0 0 0 1 0 0 0 0 0 0 28 0 0 0 14 0 0 0 0 0 20 0 0 0 0 0 0 0 0 0 0 0 0 14 0 0 12 0 0 0 0 0 0 34 0 
80 0 0 0 0 0 53 0 0 0 0 0 0 0 0 27 0 0 0 0 0 0 0 0 0 0 0 0 0 0 0 0 0 0 0 0 0 0 0 0 0 0 0 0 0 0 0 0 0 0 0 13 0 46 0 0 0 0 0 0 8 0 0 0 0 0 0 0 0 0 0 0 0 0 0 0 52 0 0 74 0 0 0 0 0 0 0 0 0 0 0 0 0 77 0 0 0 0 0 0 
0 0 0 99 0 0 0 0 0 0 10 0 0 0 0 0 0 0 0 0 0 0 0 0 0 0 0 0 0 0 0 0 0 0 0 0 0 81 0 0 0 0 22 91 0 0 0 0 0 0 0 0 0 0 0 0 0 0 0 0 78 0 26 31 0 0 0 0 0 3 0 0 0 7 0 47 0 0 6 0 0 0 0 0 13 0 0 0 0 0 0 0 0 38 80 0 0 0 0 0 
0 0 0 0 0 52 0 0 0 0 0 0 0 0 0 21 0 0 0 0 0 16 0 0 0 0 0 0 37 0 0 0 74 0 0 0 0 0 0 0 0 0 0 0 0 0 0 24 0 0 0 0 0 0 0 0 0 0 0 0 0 34 0 0 0 0 0 0 0 0 0 0 7 0 0 0 43 0 0 56 0 0 0 0 0 0 0 0 0 0 0 0 0 0 0 0 0 0 0 0 
55 0 0 39 0 0 0 0 0 65 0 0 0 0 0 0 0 0 0 0 0 0 0 0 0 0 0 0 32 0 0 0 0 0 0 0 0 0 0 0 0 0 0 29 0 0 0 0 0 0 0 0 0 0 0 0 0 0 65 0 0 0 80 0 0 0 0 11 99 0 0 0 0 0 0 0 89 0 0 0 0 0 0 0 57 0 39 0 0 0 0 0 0 0 23 0 0 0 0 0 
0 0 97 0 0 0 0 0 0 0 0 0 0 0 0 0 0 0 0 0 0 0 0 0 0 29 0 0 0 48 0 0 0 0 0 22 0 0 0 57 0 3 0 0 0 0 100 0 0 0 0 98 0 0 0 0 0 0 0 0 0 0 0 0 0 0 0 0 0 0 20 0 47 0 0 0 0 0 0 0 0 0 0 0 0 16 71 53 0 0 0 45 0 0 0 0 32 0 0 0 
40 72 0 0 0 69 0 0 60 0 0 0 0 0 11 0 0 0 0 0 6 0 0 0 0 0 0 0 0 0 0 0 0 0 0 0 0 0 0 0 0 0 0 0 0 0 0 0 0 0 46 0 0 0 0 0 0 0 0 0 0 0 0 0 0 0 0 0 0 0 0 52 0 43 89 0 0 0 0 0 0 0 0 0 0 0 0 0 0 0 0 0 0 0 0 0 0 0 64 0 
0 0 0 0 0 0 0 0 86 0 0 0 0 0 0 0 0 0 0 0 0 7 0 0 0 0 0 0 0 0 0 0 52 0 0 0 0 85 0 0 0 9 0 0 0 0 0 0 0 0 0 0 0 0 0 0 5 0 0 0 19 56 0 0 0 0 0 0 0 63 0 0 0 0 0 0 0 0 0 64 0 0 99 0 0 0 0 0 0 0 0 0 0 0 0 0 0 0 0 96 
0 0 91 0 0 0 45 0 0 14 0 0 0 0 0 22 95 0 0 0 0 0 0 92 0 0 0 0 0 0 0 0 0 0 0 0 10 0 58 0 0 96 0 0 0 0 0 0 0 0 0 0 0 0 0 0 0 0 0 0 48 0 0 0 1 0 0 0 0 0 0 0 6 0 0 0 0 0 0 84 0 66 0 0 0 41 0 0 0 0 0 0 0 0 0 0 0 0 0 0 
0 0 0 0 0 0 0 0 0 0 0 0 0 0 63 0 0 0 0 0 0 0 0 0 18 0 43 0 0 0 0 0 0 4 0 0 0 26 0 0 12 40 0 0 0 0 0 0 59 0 0 0 0 0 0 0 0 0 0 0 0 0 0 0 0 0 0 0 0 0 0 74 0 56 0 0 0 64 84 0 0 0 0 0 0 0 0 0 0 0 0 0 0 0 0 17 65 0 26 0 
70 10 0 0 0 0 0 0 4 0 87 0 0 0 0 0 0 0 0 0 0 0 84 0 0 5 0 0 0 53 0 0 0 31 0 0 0 0 0 0 11 0 0 0 0 0 0 0 0 0 0 0 43 0 0 0 0 93 0 0 0 0 0 0 0 37 0 0 0 0 0 0 0 0 0 0 0 0 0 0 0 22 0 0 0 0 0 0 99 0 0 0 0 0 0 0 0 0 0 0 
0 0 0 0 0 0 18 0 0 0 0 0 0 37 0 0 0 0 0 0 0 1 0 71 0 0 0 0 0 0 0 0 0 0 0 0 0 46 0 0 0 1 0 0 0 0 0 0 0 0 0 0 0 0 87 0 0 0 0 0 0 0 0 0 0 0 0 65 0 0 0 0 0 0 0 0 0 0 66 0 22 0 5 0 0 0 0 0 0 0 0 0 0 10 0 0 0 0 53 0 
0 0 0 0 0 0 0 0 0 0 0 0 85 54 0 0 0 0 22 98 50 100 75 0 0 70 0 0 0 0 0 0 8 0 0 0 0 0 0 0 0 0 0 0 0 0 0 0 0 0 0 0 0 0 0 0 0 0 0 0 0 0 0 7 0 0 0 0 10 0 0 0 0 0 0 0 0 99 0 0 0 5 0 0 0 0 0 0 0 0 0 0 0 0 0 20 0 0 0 26 
0 0 26 0 0 0 0 0 0 0 0 0 14 0 99 0 0 0 0 0 0 0 0 0 93 55 33 0 0 0 0 78 0 0 0 0 0 0 0 0 0 0 0 0 0 0 0 0 0 0 0 0 0 0 0 0 0 0 0 0 0 0 0 0 0 0 46 0 0 0 0 0 0 0 0 0 0 0 0 0 0 0 0 0 0 0 0 0 0 0 0 0 0 0 0 0 0 0 0 0 
0 0 0 0 0 0 0 0 0 0 0 0 0 0 0 3 0 0 0 0 13 0 0 0 0 0 0 0 0 45 43 0 0 0 15 0 0 0 0 39 0 0 0 11 0 0 0 0 0 0 0 0 61 0 0 79 0 55 0 5 0 0 0 0 0 0 0 0 0 0 0 0 13 0 57 0 0 0 0 0 0 0 0 0 0 0 0 0 0 0 45 0 0 0 0 0 0 0 92 0 
0 0 0 61 0 0 0 0 4 0 0 0 0 0 0 0 14 0 0 0 0 35 0 0 0 0 0 0 0 0 0 0 0 0 0 35 0 0 0 0 0 0 0 43 0 55 0 0 0 0 93 0 0 0 0 0 68 98 92 0 0 0 0 0 0 0 0 0 0 0 0 0 0 0 0 16 0 0 41 0 0 0 0 0 0 0 0 0 0 0 0 0 0 0 0 0 68 0 0 0 
0 0 0 0 0 59 0 0 0 0 0 0 0 0 0 0 0 0 42 0 0 0 0 0 0 0 85 0 0 0 0 0 0 0 0 0 0 0 0 0 4 0 0 0 0 0 0 0 0 0 0 5 0 0 0 0 0 0 0 93 0 0 0 85 0 0 58 0 0 0 0 0 0 0 39 71 0 0 0 0 0 0 0 0 0 0 0 0 0 0 29 0 23 0 0 0 0 0 0 0 
0 0 0 0 0 0 0 0 0 0 0 0 0 0 64 0 0 0 0 0 54 86 0 0 0 0 0 0 0 39 0 0 0 0 69 0 0 0 0 0 0 0 0 0 92 16 0 0 0 60 38 0 0 82 0 0 0 0 0 0 57 0 0 0 0 0 0 0 0 0 0 0 0 0 0 53 0 0 0 0 0 0 0 0 0 0 0 0 25 0 0 0 0 0 0 0 0 0 0 56 
0 96 0 0 0 0 0 0 0 0 0 63 0 0 0 0 0 0 0 32 0 0 0 0 0 0 0 0 0 0 0 0 0 0 0 0 0 0 0 0 0 0 71 81 0 0 0 0 0 0 0 0 0 0 0 0 0 0 0 0 22 91 0 49 0 0 48 0 51 0 14 0 0 0 0 0 0 0 0 0 99 0 0 0 0 0 0 25 0 0 0 0 0 0 0 0 0 0 55 0 
0 76 0 0 0 0 0 0 0 0 0 0 0 0 0 0 0 0 0 0 0 0 0 0 76 0 0 0 0 9 0 0 0 0 0 0 0 0 0 0 0 0 2 0 0 4 0 0 25 0 84 0 84 19 0 0 0 78 0 0 40 21 0 0 0 0 0 0 0 0 0 0 0 0 0 0 0 0 0 0 0 0 0 0 0 0 0 0 0 0 0 0 0 0 0 0 0 38 0 0 
0 0 0 0 0 77 0 0 0 0 0 0 0 0 0 61 0 0 0 0 0 0 0 0 0 32 0 0 0 0 0 0 0 0 32 0 0 0 0 0 0 0 0 0 0 49 0 0 0 0 0 0 0 0 0 0 0 0 0 0 0 0 0 0 0 0 0 0 86 88 0 0 0 0 0 0 0 0 0 0 0 0 0 0 45 0 29 0 0 0 0 0 78 0 0 0 0 0 0 0 
0 0 0 0 0 0 0 0 0 0 0 0 33 0 0 0 0 0 0 0 0 0 0 73 57 57 32 0 0 0 0 0 0 0 22 0 0 0 9 0 0 0 0 0 0 0 0 0 0 0 0 0 0 0 0 21 0 0 0 0 0 0 0 0 0 0 35 0 91 0 12 0 0 0 0 45 0 0 0 0 0 0 0 0 0 0 0 0 0 0 0 0 0 97 0 0 16 0 0 0 
0 0 0 0 0 0 29 0 0 0 0 0 19 0 0 67 0 0 53 0 0 0 0 0 0 0 0 44 0 0 90 0 0 23 5 0 0 46 0 0 0 0 0 0 0 0 0 0 0 0 0 0 0 0 0 16 0 0 0 0 0 0 88 0 0 63 0 0 9 0 0 0 0 0 0 0 0 0 0 0 0 0 0 0 0 0 23 0 0 0 78 0 0 0 0 0 0 0 0 0 
0 0 0 0 0 0 0 0 0 0 0 0 44 0 0 0 0 0 0 0 0 0 0 75 0 0 0 0 0 7 86 0 0 0 0 0 0 0 0 0 17 0 0 0 0 0 63 0 0 85 0 0 0 0 0 53 0 0 0 0 0 0 0 0 0 0 65 0 0 0 0 77 38 0 0 0 0 0 0 0 0 10 0 0 0 0 0 0 0 0 0 97 0 0 0 0 0 0 0 0 
0 0 83 0 44 0 0 0 0 0 0 0 0 0 0 0 0 0 0 0 0 0 0 0 0 0 0 22 0 0 0 0 0 0 0 0 0 0 0 0 0 0 0 0 0 0 0 0 48 87 71 0 0 0 0 3 0 6 0 0 0 0 0 0 0 0 0 0 0 0 0 0 80 0 23 0 0 0 0 0 0 0 0 0 0 0 0 0 0 0 0 0 0 0 0 0 0 59 0 38 
0 0 21 38 0 51 0 0 0 0 0 0 0 5 0 24 0 0 0 0 0 0 0 0 0 0 0 0 0 0 0 0 0 0 0 0 0 0 0 0 0 80 0 53 0 0 0 0 0 0 0 0 0 0 0 0 12 0 0 0 0 0 7 24 52 94 0 10 0 0 0 0 0 0 0 0 0 0 0 17 0 0 20 0 0 0 0 0 0 0 0 0 0 0 0 0 0 0 0 0 
0 0 0 43 35 0 87 0 0 0 0 0 0 0 0 0 0 0 0 0 0 0 0 0 0 0 0 0 0 0 0 85 0 65 0 0 0 85 50 0 0 0 0 0 0 0 0 0 0 0 0 0 0 0 0 48 0 0 0 0 0 0 0 0 9 61 0 0 0 0 0 0 0 0 0 32 0 0 0 65 0 0 0 0 0 68 0 0 0 0 0 16 0 0 0 0 0 0 55 0 
0 0 0 0 0 0 0 0 0 0 0 0 0 0 0 0 0 0 0 0 0 33 0 0 0 0 0 0 0 0 0 72 81 0 0 0 0 0 0 80 0 0 0 0 0 0 0 0 0 0 0 0 0 14 0 0 0 0 0 0 0 41 0 0 0 0 0 0 63 0 0 0 0 0 0 0 0 0 0 0 0 0 0 0 0 0 0 0 0 38 0 0 0 0 59 0 0 0 80 0 
0 0 0 0 0 0 0 19 0 0 0 0 0 0 0 0 0 0 36 0 0 0 0 0 0 0 0 0 0 0 0 0 0 0 0 0 0 0 0 0 0 0 0 0 0 0 0 0 39 0 0 0 0 0 0 24 0 0 0 0 0 0 0 40 0 0 39 0 0 0 34 0 0 0 0 0 64 0 0 26 0 53 0 0 92 0 0 0 55 0 0 0 0 0 0 0 55 80 0 87 
67 0 0 0 0 0 40 0 70 0 0 1 89 0 0 0 0 0 77 0 0 0 0 34 0 0 0 0 0 0 0 0 91 0 0 0 74 0 0 0 0 0 0 0 35 0 0 0 0 0 0 0 0 0 0 0 0 0 0 0 0 0 0 0 0 0 0 0 0 0 0 0 0 0 0 0 0 96 0 0 0 0 26 0 0 0 0 56 0 0 0 0 0 0 38 0 0 0 87 0 
