0 0 0 0 0 0 0 0 0 0 0 0 0 0 51 0 0 67 90 0 8 96 18 0 25 0 95 0 78 0 34 0 0 82 0 39 0 0 0 0 0 99 0 0 0 0 10 70 0 71 11 0 51 54 0 39 70 34 0 0 0 0 0 0 0 0 5 35 0 0 0 0 0 0 0 11 68 58 0 0 0 0 0 0 0 0 58 0 0 0 89 74 0 0 0 0 0 0 0 0 
0 0 79 0 0 0 66 0 0 0 35 0 0 0 0 94 61 0 0 0 0 41 0 0 0 0 0 0 0 0 0 0 0 0 1 23 0 0 0 0 0 0 42 1 79 78 0 0 0 81 100 0 43 47 0 87 44 46 0 0 0 36 0 54 15 0 0 95 0 0 0 33 0 0 0 42 0 0 0 0 0 0 0 0 0 0 0 0 0 0 0 0 0 0 49 46 64 0 82 14 
0 79 0 0 0 0 0 0 55 0 83 86 0 0 0 39 32 69 0 0 85 0 13 0 0 99 11 6 0 0 0 9 0 0 0 0 0 49 0 0 0 48 0 0 0 0 0 0 0 0 85 97 13 95 0 0 58 39 0 0 0 0 0 0 0 0 0 0 0 94 54 0 0 0 0 0 70 0 58 0 0 0 65 0 19 0 0 0 0 41 0 0 21 0 0 0 96 0 0 0 
0 0 0 0 39 0 50 0 0 0 0 0 0 0 0 100 77 0 44 50 0 33 61 0 0 34 64 12 0 0 0 0 71 48 0 28 60 0 0 0 0 0 0 0 15 0 0 0 0 0 3 66 0 0 0 0 0 0 0 0 0 0 59 0 0 0 0 0 2 0 0 0 0 0 0 0 0 0 0 0 0 0 0 32 5 97 0 60 0 19 0 71 88 0 3 0 0 0 0 0 
0 0 0 39 0 1 0 27 50 63 0 43 0 0 0 98 0 65 0 0 0 0 2 0 0 0 3 0 0 0 52 63 0 50 0 0 78 0 0 0 0 0 0 0 82 0 84 0 0 0 0 0 93 0 0 0 0 0 0 0 15 0 0 0 0 0 46 12 0 0 0 0 0 0 81 0 0 95 0 0 0 0 0 0 0 19 0 0 8 42 3 0 0 61 44 0 0 0 20 0 
0 0 0 0 1 0 0 0 0 65 0 27 52 0 0 0 0 0 0 0 0 0 78 0 0 0 0 0 0 0 0 0 51 37 0 0 0 0 0 0 0 0 0 0 88 49 0 0 85 0 0 0 84 0 61 0 0 14 0 42 40 0 38 0 0 0 0 0 0 0 0 0 100 0 0 0 0 2 0 7 0 68 0 0 0 0 0 85 92 0 0 0 4 0 0 0 0 17 0 72 
0 66 0 50 0 0 0 0 32 0 0 65 0 0 0 91 0 0 0 0 0 0 0 0 0 67 0 0 0 0 0 0 0 0 65 0 0 0 9 0 0 0 0 0 6 0 0 86 27 0 0 0 92 0 36 0 0 0 0 0 0 80 18 0 0 0 82 0 0 24 98 22 0 0 0 0 0 0 60 0 0 0 0 18 0 0 0 94 0 82 0 84 0 0 0 0 0 0 0 0 
0 0 0 0 27 0 0 0 0 28 0 0 0 0 0 0 0 0 52 0 15 0 0 0 92 0 0 0 0 0 0 0 0 0 0 0 0 0 50 0 3 29 0 100 0 0 0 0 0 0 37 0 0 0 0 30 0 71 0 0 0 0 0 0 0 0 53 0 0 29 0 0 0 99 0 0 0 29 0 0 0 0 0 0 0 0 0 0 0 63 0 49 79 0 0 0 0 0 0 96 
0 0 55 0 50 0 32 0 0 0 0 0 0 0 0 0 0 0 0 0 0 0 0 0 0 0 0 0 0 0 0 89 0 0 99 0 0 0 0 71 0 0 0 0 24 0 0 0 0 54 0 0 0 0 0 0 0 0 0 0 0 0 0 0 6 83 0 0 0 0 0 0 12 72 38 0 0 0 70 96 0 8 3 0 0 63 61 0 0 0 0 0 31 0 0 0 50 0 57 19 
0 0 0 0 63 65 0 28 0 0 41 0 40 0 0 0 0 0 0 0 63 0 0 86 0 0 0 0 56 0 0 0 0 0 0 46 0 0 0 0 0 0 0 15 0 0 0 0 64 0 0 0 0 0 0 0 25 0 0 0 0 50 32 0 0 0 0 92 51 0 0 0 38 0 69 0 0 0 87 96 70 0 0 0 64 0 0 0 44 18 0 0 7 0 3 0 0 0 0 0 
0 35 83 0 0 0 0 0 0 41 0 0 0 68 0 0 0 82 23 89 0 0 10 76 0 0 0 21 0 4 0 0 0 0 0 0 0 0 0 0 0 95 0 0 0 0 0 0 0 3 70 85 0 0 0 0 0 0 63 0 0 15 0 0 0 94 0 0 0 0 1 0 0 0 0 0 0 0 0 88 55 0 0 0 0 0 0 0 0 0 0 0 0 0 78 0 0 100 0 0 
0 0 86 0 43 27 65 0 0 0 0 0 0 0 0 0 49 45 0 0 53 0 0 0 0 0 0 54 0 55 0 8 73 0 0 0 0 0 0 87 38 0 0 0 22 15 0 0 0 97 0 100 0 54 0 0 65 0 0 0 0 0 59 0 0 27 0 0 84 0 0 0 31 0 0 0 0 34 0 0 28 0 11 0 81 0 0 0 0 0 0 0 0 0 56 0 18 0 0 0 
0 0 0 0 0 52 0 0 0 40 0 0 0 0 60 0 0 0 82 0 0 0 0 0 0 0 0 7 34 20 88 0 0 0 93 0 0 0 94 96 0 0 0 0 0 31 0 33 99 0 0 0 0 0 0 0 0 0 0 0 56 0 0 66 0 86 0 0 0 0 0 0 57 83 97 0 70 0 0 0 0 0 0 0 1 0 0 0 42 0 0 65 0 0 0 0 0 0 0 21 
0 0 0 0 0 0 0 0 0 0 68 0 0 0 0 7 0 31 0 35 0 0 0 0 0 0 0 0 0 0 0 28 71 0 0 0 0 13 77 35 0 0 37 0 0 0 0 0 43 0 59 79 0 23 87 44 38 0 0 0 0 0 0 0 0 0 96 0 0 0 92 0 30 0 0 61 90 0 0 0 5 0 7 0 0 0 0 0 0 0 0 0 0 40 0 24 0 0 36 0 
51 0 0 0 0 0 0 0 0 0 0 0 60 0 0 87 0 74 85 0 0 0 0 0 0 0 92 0 0 0 0 91 0 0 69 0 0 0 43 0 0 0 0 0 0 0 0 0 84 0 0 0 0 28 30 40 0 0 0 15 0 0 36 0 0 0 25 0 0 0 0 0 88 0 0 0 0 0 53 0 0 0 0 0 0 0 0 75 0 0 85 0 0 0 0 0 0 0 0 0 
0 94 39 100 98 0 91 0 0 0 0 0 0 7 87 0 26 80 0 0 0 0 93 0 0 0 0 0 0 0 0 0 0 0 57 32 0 0 0 0 0 26 0 0 0 0 0 10 0 39 0 0 0 0 0 58 0 0 0 18 0 0 0 0 0 0 51 0 0 25 0 0 0 12 0 0 5 35 0 0 0 0 0 0 0 0 0 0 32 0 0 0 78 0 0 0 0 0 0 2 
0 61 32 77 0 0 0 0 0 0 0 49 0 0 0 26 0 0 0 85 0 0 0 0 51 0 55 63 44 64 0 0 52 93 52 0 92 0 0 0 90 0 0 11 0 68 0 0 0 0 0 0 0 0 0 0 0 0 84 0 0 0 0 29 19 0 68 0 0 0 0 0 0 0 56 0 0 0 0 71 0 0 57 0 0 0 0 16 9 0 95 0 0 0 0 100 59 0 0 0 
67 0 69 0 65 0 0 0 0 0 82 45 0 31 74 80 0 0 0 0 0 0 0 59 0 84 23 0 0 0 0 0 40 0 0 0 50 40 93 0 0 0 0 0 0 0 0 0 0 0 0 0 0 0 0 0 0 0 0 15 0 0 0 0 0 0 0 0 0 0 0 33 0 0 0 0 0 0 0 0 55 0 75 0 0 3 63 0 0 0 0 0 0 0 0 20 0 56 66 15 
90 0 0 44 0 0 0 52 0 0 23 0 82 0 85 0 0 0 0 0 0 0 58 0 0 0 56 0 0 0 0 93 0 0 75 86 0 0 0 0 62 17 0 0 0 0 17 0 0 0 0 0 0 0 0 0 0 0 0 0 40 0 0 0 58 0 87 0 25 5 98 0 0 96 0 0 0 0 0 0 0 15 0 0 0 66 0 3 0 0 26 61 0 0 50 51 0 1 0 9 
0 0 0 50 0 0 0 0 0 0 89 0 0 35 0 0 85 0 0 0 0 0 0 0 0 0 48 57 0 91 0 0 36 0 0 0 0 0 0 55 0 41 0 40 0 74 0 38 0 0 0 33 0 83 0 0 0 0 0 0 0 0 0 0 0 0 0 54 0 60 0 0 0 0 0 64 0 0 0 2 0 22 0 0 0 26 83 0 4 0 0 0 0 84 74 38 79 0 95 0 
8 0 85 0 0 0 0 15 0 63 0 53 0 0 0 0 0 0 0 0 0 0 0 0 0 0 88 0 43 0 0 91 0 0 0 0 71 95 0 0 0 77 0 0 0 0 57 83 0 0 0 0 59 0 36 0 37 0 0 0 0 0 0 1 9 0 0 0 0 9 0 9 0 0 0 1 34 0 34 0 34 0 0 0 0 5 0 0 84 0 0 82 0 0 0 0 37 0 0 0 
96 41 0 33 0 0 0 0 0 0 0 0 0 0 0 0 0 0 0 0 0 0 0 27 0 44 0 0 0 0 26 52 0 0 0 0 0 0 44 0 46 0 0 0 0 0 0 0 0 9 0 0 0 96 0 0 0 0 0 0 0 0 68 0 0 0 0 0 0 0 11 0 0 35 0 0 0 51 100 0 0 0 0 0 0 0 36 98 27 32 0 0 0 0 0 11 0 0 0 9 
18 0 13 61 2 78 0 0 0 0 10 0 0 0 0 93 0 0 58 0 0 0 0 0 0 0 0 0 0 0 0 0 91 89 0 0 0 0 59 0 90 0 0 0 36 0 50 81 0 0 70 0 0 0 0 55 0 0 0 0 0 0 0 78 0 0 0 75 0 0 0 30 0 0 0 0 0 38 0 0 0 85 0 20 0 0 68 0 0 0 0 0 0 0 0 0 0 84 0 0 
0 0 0 0 0 0 0 0 0 86 76 0 0 0 0 0 0 59 0 0 0 27 0 0 0 85 0 0 71 0 0 0 0 0 0 77 0 5 0 0 0 10 96 0 0 36 0 59 0 0 0 17 61 0 0 0 54 0 0 42 0 66 5 0 0 0 0 58 50 88 0 96 0 71 61 0 49 75 10 0 0 0 89 0 99 0 0 0 0 0 0 0 0 0 0 0 0 0 39 0 
25 0 0 0 0 0 0 92 0 0 0 0 0 0 0 0 51 0 0 0 0 0 0 0 0 0 0 0 0 0 83 42 0 10 0 0 0 0 10 58 83 0 0 0 0 0 0 0 0 0 0 53 91 0 0 5 66 0 24 92 79 0 0 0 99 0 27 0 0 58 0 99 76 0 0 0 81 36 0 48 0 87 0 0 0 0 25 0 0 0 0 0 18 0 0 0 7 49 0 20 
0 0 99 34 0 0 67 0 0 0 0 0 0 0 0 0 0 84 0 0 0 44 0 85 0 0 0 0 77 92 0 0 0 0 0 0 0 0 0 0 0 26 0 0 0 0 0 70 0 0 5 0 0 48 7 39 0 0 11 0 39 0 0 35 0 8 49 0 0 0 0 47 32 0 0 0 1 0 0 0 0 0 0 25 0 0 73 1 0 0 0 88 0 50 0 5 90 0 0 0 
95 0 11 64 3 0 0 0 0 0 0 0 0 0 92 0 55 23 56 48 88 0 0 0 0 0 0 0 0 0 94 84 0 66 0 0 37 6 0 73 0 0 0 0 0 0 0 0 0 61 0 38 0 67 0 0 14 0 99 42 1 0 0 100 0 0 0 90 0 0 0 0 0 20 0 0 0 0 35 61 0 0 0 0 0 0 0 0 14 0 75 0 0 0 0 0 0 0 0 0 
0 0 6 12 0 0 0 0 0 0 21 54 7 0 0 0 63 0 0 57 0 0 0 0 0 0 0 0 14 0 0 32 8 0 0 0 0 32 0 0 0 0 0 28 31 58 0 0 0 0 53 0 0 0 0 0 0 0 0 4 85 100 0 0 0 0 82 66 0 0 0 0 100 0 0 0 3 0 0 21 0 0 46 62 56 0 0 56 83 0 0 0 0 0 0 0 29 0 39 0 
78 0 0 0 0 0 0 0 0 56 0 0 34 0 0 0 44 0 0 0 43 0 0 71 0 77 0 14 0 0 67 0 31 43 30 0 94 0 0 0 55 76 0 0 0 0 0 0 2 44 0 0 0 51 0 0 0 5 0 0 58 0 0 0 0 27 0 0 57 0 51 0 0 0 0 0 0 0 0 0 0 54 0 0 0 89 0 0 0 0 0 0 0 0 0 0 57 74 0 0 
0 0 0 0 0 0 0 0 0 0 4 55 20 0 0 0 64 0 0 91 0 0 0 0 0 92 0 0 0 0 73 0 0 0 0 40 26 0 0 62 0 11 7 0 0 0 0 0 0 0 0 0 0 0 46 90 0 0 6 0 0 0 74 9 36 0 0 0 0 0 0 0 0 0 3 0 0 0 57 0 0 0 0 0 0 0 0 33 0 0 0 0 0 0 0 56 0 27 0 0 
34 0 0 0 52 0 0 0 0 0 0 0 88 0 0 0 0 0 0 0 0 26 0 0 83 0 94 0 67 73 0 94 40 0 0 0 0 86 0 39 0 0 0 0 0 61 89 0 0 0 38 0 28 0 0 0 0 91 0 0 0 0 58 0 0 0 21 0 0 64 22 0 0 0 0 63 0 13 55 0 0 0 0 0 0 40 0 0 0 0 93 0 0 42 0 84 57 14 0 0 
0 0 9 0 63 0 0 0 89 0 0 8 0 28 91 0 0 0 93 0 91 52 0 0 42 0 84 32 0 0 94 0 0 0 95 0 39 7 0 0 0 0 0 0 68 0 0 0 0 0 0 0 0 0 0 0 38 0 89 0 0 0 0 0 0 0 0 0 0 0 0 0 0 0 0 0 93 0 0 0 4 0 0 0 0 0 0 16 0 0 0 0 43 2 0 0 0 0 57 22 
0 0 0 71 0 51 0 0 0 0 0 73 0 71 0 0 52 40 0 36 0 0 91 0 0 0 0 8 31 0 40 0 0 0 0 0 0 0 79 0 0 0 22 0 26 0 10 0 0 0 0 0 60 25 71 0 0 0 34 0 0 0 0 0 0 0 0 0 0 0 0 29 0 0 0 0 42 0 0 24 51 0 0 82 76 0 0 0 0 0 3 5 0 0 87 26 0 0 0 9 
82 0 0 48 50 37 0 0 0 0 0 0 0 0 0 0 93 0 0 0 0 0 89 0 10 0 66 0 43 0 0 0 0 0 0 67 0 0 0 32 40 0 0 74 0 0 0 0 96 0 56 0 0 38 0 31 0 0 0 0 0 0 0 0 0 0 0 0 0 0 0 88 0 0 0 0 0 0 0 0 68 0 0 0 0 0 39 0 0 0 0 0 95 0 0 0 0 0 0 0 
0 1 0 0 0 0 65 0 99 0 0 0 93 0 69 57 52 0 75 0 0 0 0 0 0 0 0 0 30 0 0 95 0 0 0 0 0 0 0 58 53 0 0 27 96 0 0 0 0 0 0 92 28 0 0 0 0 0 68 92 0 0 0 0 0 0 0 50 9 53 54 0 17 0 0 0 0 0 0 0 0 0 0 68 69 0 0 80 0 0 30 0 0 0 27 0 0 0 0 0 
39 23 0 28 0 0 0 0 0 46 0 0 0 0 0 32 0 0 86 0 0 0 0 77 0 0 0 0 0 40 0 0 0 67 0 0 39 19 0 44 0 0 30 0 44 0 0 26 0 0 0 0 28 0 0 0 24 35 0 0 0 0 71 0 0 0 0 48 0 29 29 41 0 0 0 0 0 0 0 47 0 0 0 23 50 0 0 9 0 9 0 0 0 0 0 0 0 0 27 14 
0 0 0 60 78 0 0 0 0 0 0 0 0 0 0 0 92 50 0 0 71 0 0 0 0 0 37 0 94 26 0 39 0 0 0 39 0 53 0 0 13 0 7 0 0 0 0 0 0 0 0 0 0 0 5 0 0 0 0 0 0 0 0 0 13 77 58 70 4 0 0 95 0 66 0 28 0 0 0 0 0 0 0 0 4 0 0 0 0 38 0 12 73 81 0 0 62 0 23 49 
0 0 49 0 0 0 0 0 0 0 0 0 0 13 0 0 0 40 0 0 95 0 0 5 0 0 6 32 0 0 86 7 0 0 0 19 53 0 0 0 0 77 0 0 0 44 0 0 0 0 0 0 0 0 72 52 0 0 0 40 0 75 0 0 0 0 0 0 0 97 0 0 98 0 0 0 0 0 0 32 89 42 0 66 0 0 0 0 92 0 0 25 17 0 31 55 88 0 0 64 
0 0 0 0 0 0 9 50 0 0 0 0 94 77 43 0 0 93 0 0 0 44 59 0 10 0 0 0 0 0 0 0 79 0 0 0 0 0 0 0 0 62 0 0 0 0 0 57 0 0 0 0 0 0 0 18 52 0 63 0 0 0 0 79 77 67 0 0 79 13 0 50 77 4 0 0 94 45 70 0 0 0 84 0 0 0 0 0 0 85 0 0 0 0 0 0 0 0 0 0 
0 0 0 0 0 0 0 0 71 0 0 87 96 35 0 0 0 0 0 55 0 0 0 0 58 0 73 0 0 62 39 0 0 32 58 44 0 0 0 0 19 0 0 0 0 0 0 0 0 65 0 0 0 85 0 0 0 26 81 0 0 98 93 0 0 0 0 97 0 0 0 0 0 0 0 0 0 0 0 0 0 0 0 0 0 0 0 0 0 0 0 0 0 0 0 0 44 0 0 51 
0 0 0 0 0 0 0 3 0 0 0 38 0 0 0 0 90 0 62 0 0 46 90 0 83 0 0 0 55 0 0 0 0 40 53 0 13 0 0 19 0 0 77 96 0 22 0 0 0 0 0 1 0 0 0 0 0 0 0 0 0 0 0 94 0 0 0 75 94 0 76 0 0 0 63 0 0 0 6 12 0 0 49 0 62 26 0 0 0 26 0 0 52 0 9 0 38 0 0 0 
99 0 48 0 0 0 0 29 0 0 95 0 0 0 0 26 0 0 17 41 77 0 0 10 0 26 0 0 76 11 0 0 0 0 0 0 0 77 62 0 0 0 0 0 0 0 0 0 0 52 72 0 0 0 0 0 15 46 51 0 0 0 0 0 0 0 0 0 0 44 0 0 0 0 0 46 0 0 1 0 100 7 0 7 88 62 0 93 0 0 75 0 0 0 0 0 90 0 0 0 
0 42 0 0 0 0 0 0 0 0 0 0 0 37 0 0 0 0 0 0 0 0 0 96 0 0 0 0 0 7 0 0 22 0 0 30 7 0 0 0 77 0 0 0 0 0 0 0 65 0 70 0 74 7 0 0 0 0 0 0 67 39 0 27 47 0 0 0 0 0 0 0 0 0 0 0 17 0 0 0 0 0 0 0 0 0 0 0 0 87 0 0 88 0 0 0 0 57 95 0 
0 1 0 0 0 0 0 100 0 15 0 0 0 0 0 0 11 0 0 40 0 0 0 0 0 0 0 28 0 0 0 0 0 74 27 0 0 0 0 0 96 0 0 0 0 51 65 16 3 0 0 0 55 0 0 0 0 0 0 0 64 0 0 0 0 29 0 0 19 1 0 0 77 0 55 0 76 0 0 0 0 0 0 15 0 0 80 0 50 0 0 0 0 0 0 0 0 0 0 91 
0 79 0 15 82 88 6 0 24 0 0 22 0 0 0 0 0 0 0 0 0 0 36 0 0 0 0 31 0 0 0 68 26 0 96 44 0 0 0 0 0 0 0 0 0 14 86 0 0 0 0 0 0 35 5 38 0 95 0 70 0 0 0 0 57 0 0 0 93 0 0 0 13 0 0 0 0 79 0 0 0 13 55 34 0 35 0 0 0 0 0 0 0 0 0 18 0 0 0 48 
0 78 0 0 0 49 0 0 0 0 0 15 31 0 0 0 68 0 0 74 0 0 0 36 0 0 0 58 0 0 61 0 0 0 0 0 0 44 0 0 22 0 0 51 14 0 60 0 0 0 0 69 0 0 0 0 62 0 0 26 17 0 0 0 0 38 0 0 54 0 0 64 0 0 45 11 0 0 23 85 0 0 15 16 0 0 0 0 0 0 0 7 50 0 0 0 54 0 0 0 
10 0 0 0 84 0 0 0 0 0 0 0 0 0 0 0 0 0 17 0 57 0 50 0 0 0 0 0 0 0 89 0 10 0 0 0 0 0 0 0 0 0 0 65 86 60 0 0 0 0 0 78 0 84 17 0 3 0 0 0 44 66 0 0 0 0 0 0 34 0 0 0 0 0 0 0 0 0 93 0 0 0 0 0 0 0 0 0 0 0 0 62 0 17 41 0 4 0 0 42 
70 0 0 0 0 0 86 0 0 0 0 0 33 0 0 10 0 0 0 38 83 0 81 59 0 70 0 0 0 0 0 0 0 0 0 26 0 0 57 0 0 0 0 16 0 0 0 0 0 0 0 0 39 0 63 0 0 52 0 0 75 20 0 0 0 0 0 0 12 95 22 0 0 0 0 0 0 0 0 0 36 0 0 9 0 0 57 0 68 59 0 0 0 0 0 0 0 0 81 0 
0 0 0 0 0 85 27 0 0 64 0 0 99 43 84 0 0 0 0 0 0 0 0 0 0 0 0 0 2 0 0 0 0 96 0 0 0 0 0 0 0 0 65 3 0 0 0 0 0 59 0 0 0 0 0 0 0 0 0 0 0 0 0 0 0 40 0 61 0 16 59 0 4 0 11 0 0 0 0 0 0 0 0 0 0 0 0 32 0 0 36 0 74 90 0 0 60 0 0 0 
71 81 0 0 0 0 0 0 54 0 3 97 0 0 0 39 0 0 0 0 0 9 0 0 0 0 61 0 44 0 0 0 0 0 0 0 0 0 0 65 0 52 0 0 0 0 0 0 59 0 68 0 0 44 0 80 0 0 0 0 0 0 50 0 100 23 0 0 0 0 31 0 79 0 47 20 0 95 0 0 32 0 88 0 40 0 0 0 0 0 0 85 22 0 92 0 82 0 0 0 
11 100 85 3 0 0 0 37 0 0 70 0 0 59 0 0 0 0 0 0 0 0 70 0 0 5 0 53 0 0 38 0 0 56 0 0 0 0 0 0 0 72 70 0 0 0 0 0 0 68 0 65 0 0 0 90 0 1 0 0 0 0 0 0 0 0 0 0 0 0 0 6 0 14 0 51 5 0 0 0 0 0 0 0 92 47 0 0 0 0 0 0 0 0 70 58 0 39 62 0 
0 0 97 66 0 0 0 0 0 0 85 100 0 79 0 0 0 0 0 33 0 0 0 17 53 0 38 0 0 0 0 0 0 0 92 0 0 0 0 0 1 0 0 0 0 69 78 0 0 0 65 0 3 95 51 0 27 21 0 0 0 76 0 6 16 0 0 0 0 0 0 0 0 0 9 0 0 29 0 0 0 0 26 0 0 0 54 0 0 19 0 0 0 0 0 3 7 0 0 0 
51 43 13 0 93 84 92 0 0 0 0 0 0 0 0 0 0 0 0 0 59 0 0 61 91 0 0 0 0 0 28 0 60 0 28 28 0 0 0 0 0 0 74 55 0 0 0 39 0 0 0 3 0 0 0 0 0 0 0 0 0 0 0 0 0 0 0 0 0 0 23 5 49 19 0 100 0 0 77 0 89 47 57 0 0 0 13 0 0 0 0 0 92 0 10 0 0 14 0 0 
54 47 95 0 0 0 0 0 0 0 0 54 0 23 28 0 0 0 0 83 0 96 0 0 0 48 67 0 51 0 0 0 25 38 0 0 0 0 0 85 0 0 7 0 35 0 84 0 0 44 0 95 0 0 98 0 0 0 0 52 0 0 0 0 4 0 93 0 0 0 0 0 0 0 0 0 0 0 18 0 0 0 0 83 51 0 80 0 0 0 98 33 90 0 0 0 0 0 0 0 
0 0 0 0 0 61 36 0 0 0 0 0 0 87 30 0 0 0 0 0 36 0 0 0 0 7 0 0 0 46 0 0 71 0 0 0 5 72 0 0 0 0 0 0 5 0 17 63 0 0 0 51 0 98 0 0 0 0 44 0 0 0 0 0 0 0 0 0 10 41 63 0 0 84 0 0 41 0 0 72 0 0 54 0 0 78 0 0 41 30 0 13 71 0 43 0 0 34 0 0 
39 87 0 0 0 0 0 30 0 0 0 0 0 44 40 58 0 0 0 0 0 0 55 0 5 39 0 0 0 90 0 0 0 31 0 0 0 52 18 0 0 0 0 0 38 0 0 0 0 80 90 0 0 0 0 0 0 60 0 72 0 0 0 0 0 79 0 0 0 0 0 0 7 91 35 63 80 0 0 0 0 0 0 0 0 0 0 91 0 0 81 0 0 0 0 0 0 0 0 0 
70 44 58 0 0 0 0 0 0 25 0 65 0 38 0 0 0 0 0 0 37 0 0 54 66 0 14 0 0 0 0 38 0 0 0 24 0 0 52 0 0 15 0 0 0 62 3 0 0 0 0 27 0 0 0 0 0 0 0 0 0 0 0 0 0 0 0 0 48 95 0 98 0 0 0 0 0 0 0 0 0 0 0 0 56 96 85 0 24 14 0 85 91 0 0 2 0 26 0 0 
34 46 39 0 0 14 0 71 0 0 0 0 0 0 0 0 0 0 0 0 0 0 0 0 0 0 0 0 5 0 91 0 0 0 0 35 0 0 0 26 0 46 0 0 95 0 0 52 0 0 1 21 0 0 0 60 0 0 0 0 0 0 0 0 81 0 19 46 0 40 0 0 0 0 0 0 0 81 0 47 0 0 62 0 0 68 68 0 96 83 0 0 0 0 11 0 0 13 0 0 
0 0 0 0 0 0 0 0 0 0 63 0 0 0 0 0 84 0 0 0 0 0 0 0 24 11 99 0 0 6 0 89 34 0 68 0 0 0 63 81 0 51 0 0 0 0 0 0 0 0 0 0 0 0 44 0 0 0 0 0 56 0 0 0 0 0 0 11 49 0 0 0 0 0 0 0 0 0 0 0 54 47 16 0 0 0 0 0 0 0 0 0 0 0 0 0 19 0 52 0 
0 0 0 0 0 42 0 0 0 0 0 0 0 0 15 18 0 15 0 0 0 0 0 42 92 0 42 4 0 0 0 0 0 0 92 0 0 40 0 0 0 0 0 0 70 26 0 0 0 0 0 0 0 52 0 72 0 0 0 0 0 0 46 0 14 0 0 33 0 0 0 0 0 0 0 0 35 0 0 28 0 81 0 0 0 0 81 0 0 0 75 31 0 0 0 0 29 94 0 0 
0 0 0 0 15 40 0 0 0 0 0 0 56 0 0 0 0 0 40 0 0 0 0 0 79 39 1 85 58 0 0 0 0 0 0 0 0 0 0 0 0 0 67 64 0 17 44 75 0 0 0 0 0 0 0 0 0 0 56 0 0 0 75 0 0 85 0 82 50 52 63 0 0 0 0 0 0 0 0 70 0 0 0 61 0 0 48 0 44 0 0 0 31 0 59 0 0 0 0 91 
0 36 0 0 0 0 80 0 0 50 15 0 0 0 0 0 0 0 0 0 0 0 0 66 0 0 0 100 0 0 0 0 0 0 0 0 0 75 0 98 0 0 39 0 0 0 66 20 0 0 0 76 0 0 0 0 0 0 0 0 0 0 0 0 0 0 0 0 53 0 0 27 0 4 0 77 0 0 0 0 0 0 0 30 0 50 0 1 0 0 0 0 0 0 8 0 0 0 0 0 
0 0 0 59 0 38 18 0 0 32 0 59 0 0 36 0 0 0 0 0 0 68 0 5 0 0 0 0 0 74 58 0 0 0 0 71 0 0 0 93 0 0 0 0 0 0 0 0 0 50 0 0 0 0 0 0 0 0 0 46 75 0 0 21 13 58 81 0 70 0 0 0 0 85 0 0 0 54 0 0 0 0 78 83 22 47 47 0 0 38 0 0 0 0 82 0 0 44 0 0 
0 54 0 0 0 0 0 0 0 0 0 0 66 0 0 0 29 0 0 0 1 0 78 0 0 35 100 0 0 9 0 0 0 0 0 0 0 0 79 0 94 0 27 0 0 0 0 0 0 0 0 6 0 0 0 0 0 0 0 0 0 0 21 0 0 47 41 0 0 55 5 0 100 0 0 0 27 20 0 39 0 63 0 0 0 0 68 11 0 34 0 0 0 99 0 30 0 0 68 0 
0 15 0 0 0 0 0 0 6 0 0 0 0 0 0 0 19 0 58 0 9 0 0 0 99 0 0 0 0 36 0 0 0 0 0 0 13 0 77 0 0 0 47 0 57 0 0 0 0 100 0 16 0 4 0 0 0 81 0 14 0 0 13 0 0 43 0 0 0 6 92 0 0 0 82 0 0 0 0 99 0 0 0 0 0 0 0 0 0 0 62 0 0 10 0 0 20 0 48 0 
0 0 0 0 0 0 0 0 83 0 94 27 86 0 0 0 0 0 0 0 0 0 0 0 0 8 0 0 27 0 0 0 0 0 0 0 77 0 67 0 0 0 0 29 0 38 0 0 40 23 0 0 0 0 0 79 0 0 0 0 85 0 58 47 43 0 0 0 0 0 0 0 0 0 0 0 0 0 0 0 0 0 0 0 0 0 86 0 0 24 11 96 0 62 0 55 0 0 0 80 
5 0 0 0 46 0 82 53 0 0 0 0 0 96 25 51 68 0 87 0 0 0 0 0 27 49 0 82 0 0 21 0 0 0 0 0 58 0 0 0 0 0 0 0 0 0 0 0 0 0 0 0 0 93 0 0 0 19 0 0 0 0 81 41 0 0 0 0 0 0 0 0 0 0 0 96 0 0 59 0 0 0 0 0 0 56 0 76 0 0 0 0 0 0 41 0 0 20 0 90 
35 95 0 0 12 0 0 0 0 92 0 0 0 0 0 0 0 0 0 54 0 0 75 58 0 0 90 66 0 0 0 0 0 0 50 48 70 0 0 97 75 0 0 0 0 0 0 0 61 0 0 0 0 0 0 0 0 46 11 33 82 0 0 0 0 0 0 0 0 0 29 0 0 0 51 35 88 0 40 0 0 33 0 0 0 0 0 0 0 0 0 0 0 8 0 0 0 0 0 0 
0 0 0 2 0 0 0 0 0 51 0 84 0 0 0 0 0 0 25 0 0 0 0 50 0 0 0 0 57 0 0 0 0 0 9 0 4 0 79 0 94 0 0 19 93 54 34 12 0 0 0 0 0 0 10 0 48 0 49 0 50 53 70 0 0 0 0 0 0 0 0 0 42 0 0 0 7 77 0 59 0 0 38 0 3 0 0 0 0 0 0 0 0 0 0 40 0 27 0 0 
0 0 94 0 0 0 24 29 0 0 0 0 0 0 0 25 0 0 5 60 9 0 0 88 58 0 0 0 0 0 64 0 0 0 53 29 0 97 13 0 0 44 0 1 0 0 0 95 16 0 0 0 0 0 41 0 95 40 0 0 52 0 0 55 6 0 0 0 0 0 0 0 0 0 86 0 0 0 0 0 0 0 87 37 0 0 0 0 0 0 50 0 0 0 50 46 0 0 0 0 
0 0 54 0 0 0 98 0 0 0 1 0 0 92 0 0 0 0 98 0 0 11 0 0 0 0 0 0 51 0 22 0 0 0 54 29 0 0 0 0 76 0 0 0 0 0 0 22 59 31 0 0 23 0 63 0 0 0 0 0 63 0 0 5 92 0 0 29 0 0 0 0 0 0 0 0 0 0 55 17 0 58 13 0 0 0 0 0 80 49 0 0 0 0 0 0 0 0 60 0 
0 33 0 0 0 0 22 0 0 0 0 0 0 0 0 0 0 33 0 0 9 0 30 96 99 47 0 0 0 0 0 0 29 88 0 41 95 0 50 0 0 0 0 0 0 64 0 0 0 0 6 0 5 0 0 0 98 0 0 0 0 27 0 0 0 0 0 0 0 0 0 0 0 0 0 0 0 42 0 58 0 2 19 0 0 51 0 0 0 0 13 55 31 0 88 56 0 68 0 42 
0 0 0 0 0 100 0 0 12 38 0 31 57 30 88 0 0 0 0 0 0 0 0 0 76 32 0 100 0 0 0 0 0 0 17 0 0 98 77 0 0 0 0 77 13 0 0 0 4 79 0 0 49 0 0 7 0 0 0 0 0 0 0 100 0 0 0 0 42 0 0 0 0 95 0 48 0 37 0 0 0 22 0 0 43 0 0 0 65 89 0 0 0 0 0 0 27 81 0 0 
0 0 0 0 0 0 0 99 72 0 0 0 83 0 0 12 0 0 96 0 0 35 0 71 0 0 20 0 0 0 0 0 0 0 0 0 66 0 4 0 0 0 0 0 0 0 0 0 0 0 14 0 19 0 84 91 0 0 0 0 0 4 85 0 0 0 0 0 0 0 0 0 95 0 0 0 0 76 0 0 0 68 0 13 0 0 76 0 0 0 0 0 100 0 31 0 0 0 0 98 
0 0 0 0 81 0 0 0 38 69 0 0 97 0 0 0 56 0 0 0 0 0 0 61 0 0 0 0 0 3 0 0 0 0 0 0 0 0 0 0 63 0 0 55 0 45 0 0 11 47 0 9 0 0 0 35 0 0 0 0 0 0 0 0 82 0 0 51 0 86 0 0 0 0 0 0 88 0 0 0 29 0 0 0 88 0 0 0 0 0 0 0 0 0 0 0 0 0 0 94 
11 42 0 0 0 0 0 0 0 0 0 0 0 61 0 0 0 0 0 64 1 0 0 0 0 0 0 0 0 0 63 0 0 0 0 0 28 0 0 0 0 46 0 0 0 11 0 0 0 20 51 0 100 0 0 63 0 0 0 0 0 77 0 0 0 0 96 35 0 0 0 0 48 0 0 0 0 0 48 0 0 0 0 0 0 0 0 45 0 0 0 0 0 0 0 83 0 24 18 0 
68 0 70 0 0 0 0 0 0 0 0 0 70 90 0 5 0 0 0 0 34 0 0 49 81 1 0 3 0 0 0 93 42 0 0 0 0 0 94 0 0 0 17 76 0 0 0 0 0 0 5 0 0 0 41 80 0 0 0 35 0 0 0 27 0 0 0 88 7 0 0 0 0 0 88 0 0 0 0 82 52 0 0 0 0 16 10 0 0 0 0 35 0 0 0 0 69 0 92 0 
58 0 0 0 95 2 0 29 0 0 0 34 0 0 0 35 0 0 0 0 0 51 38 75 36 0 0 0 0 0 13 0 0 0 0 0 0 0 45 0 0 0 0 0 79 0 0 0 0 95 0 29 0 0 0 0 0 81 0 0 0 0 54 20 0 0 0 0 77 0 0 42 37 76 0 0 0 0 90 0 0 0 0 14 26 0 93 0 0 0 0 4 0 0 0 87 0 0 0 0 
0 0 58 0 0 0 60 0 70 87 0 0 0 0 53 0 0 0 0 0 34 100 0 10 0 0 35 0 0 57 55 0 0 0 0 0 0 0 70 0 6 1 0 0 0 23 93 0 0 0 0 0 77 18 0 0 0 0 0 0 0 0 0 0 0 0 59 40 0 0 55 0 0 0 0 48 0 90 0 42 45 0 0 0 63 0 0 0 45 88 0 14 0 0 0 0 0 0 0 0 
0 0 0 0 0 7 0 0 96 96 88 0 0 0 0 0 71 0 0 2 0 0 0 0 48 0 61 21 0 0 0 0 24 0 0 47 0 32 0 0 12 0 0 0 0 85 0 0 0 0 0 0 0 0 72 0 0 47 0 28 70 0 0 39 99 0 0 0 59 0 17 58 0 0 0 0 82 0 42 0 0 0 0 0 23 0 59 0 0 0 0 0 0 51 0 0 0 0 96 0 
0 0 0 0 0 0 0 0 0 70 55 28 0 5 0 0 0 55 0 0 34 0 0 0 0 0 0 0 0 0 0 4 51 68 0 0 0 89 0 0 0 100 0 0 0 0 0 36 0 32 0 0 89 0 0 0 0 0 54 0 0 0 0 0 0 0 0 0 0 0 0 0 0 0 29 0 52 0 45 0 0 0 1 0 0 0 29 0 0 0 0 0 0 0 0 70 0 0 0 0 
0 0 0 0 0 68 0 0 8 0 0 0 0 0 0 0 0 0 15 22 0 0 85 0 87 0 0 0 54 0 0 0 0 0 0 0 0 42 0 0 0 7 0 0 13 0 0 0 0 0 0 0 47 0 0 0 0 0 47 81 0 0 0 63 0 0 0 33 0 0 58 2 22 68 0 0 0 0 0 0 0 0 12 0 14 46 96 0 0 0 55 95 87 0 90 0 79 14 0 98 
0 0 65 0 0 0 0 0 3 0 0 11 0 7 0 0 57 75 0 0 0 0 0 89 0 0 0 46 0 0 0 0 0 0 0 0 0 0 84 0 49 0 0 0 55 15 0 0 0 88 0 26 57 0 54 0 0 62 16 0 0 0 78 0 0 0 0 0 38 87 13 19 0 0 0 0 0 0 0 0 1 12 0 0 75 0 0 0 0 0 0 0 0 21 0 0 0 0 0 0 
0 0 0 32 0 0 18 0 0 0 0 0 0 0 0 0 0 0 0 0 0 0 20 0 0 25 0 62 0 0 0 0 82 0 68 23 0 66 0 0 0 7 0 15 34 16 0 9 0 0 0 0 0 83 0 0 0 0 0 0 61 30 83 0 0 0 0 0 0 37 0 0 0 13 0 0 0 14 0 0 0 0 0 0 0 0 0 0 0 0 0 14 21 0 0 0 0 0 97 69 
0 0 19 5 0 0 0 0 0 64 0 81 1 0 0 0 0 0 0 0 0 0 0 99 0 0 0 56 0 0 0 0 76 0 69 50 4 0 0 0 62 88 0 0 0 0 0 0 0 40 92 0 0 51 0 0 56 0 0 0 0 0 22 0 0 0 0 0 3 0 0 0 43 0 88 0 0 26 63 23 0 14 75 0 0 38 0 0 0 0 49 0 0 0 75 0 0 0 7 0 
0 0 0 97 19 0 0 0 63 0 0 0 0 0 0 0 0 3 66 26 5 0 0 0 0 0 0 0 89 0 40 0 0 0 0 0 0 0 0 0 26 62 0 0 35 0 0 0 0 0 47 0 0 0 78 0 96 68 0 0 0 50 47 0 0 0 56 0 0 0 0 51 0 0 0 0 16 0 0 0 0 46 0 0 38 0 0 10 77 35 86 0 0 68 0 0 0 56 68 0 
58 0 0 0 0 0 0 0 61 0 0 0 0 0 0 0 0 63 0 83 0 36 68 0 25 73 0 0 0 0 0 0 0 39 0 0 0 0 0 0 0 0 0 80 0 0 0 57 0 0 0 54 13 80 0 0 85 68 0 81 48 0 47 68 0 86 0 0 0 0 0 0 0 76 0 0 10 93 0 59 29 96 0 0 0 0 0 0 0 80 0 0 0 0 93 0 0 78 0 0 
0 0 0 60 0 85 94 0 0 0 0 0 0 0 75 0 16 0 3 0 0 98 0 0 0 1 0 56 0 33 0 16 0 0 80 9 0 0 0 0 0 93 0 0 0 0 0 0 32 0 0 0 0 0 0 91 0 0 0 0 0 1 0 11 0 0 76 0 0 0 0 0 0 0 0 45 0 0 0 0 0 0 0 0 0 10 0 0 0 0 0 0 0 73 0 34 0 0 0 0 
0 0 0 0 8 92 0 0 0 44 0 0 42 0 0 32 9 0 0 4 84 27 0 0 0 0 14 83 0 0 0 0 0 0 0 0 0 92 0 0 0 0 0 50 0 0 0 68 0 0 0 0 0 0 41 0 24 96 0 0 44 0 0 0 0 0 0 0 0 0 80 0 65 0 0 0 0 0 45 0 0 0 0 0 0 77 0 0 0 0 0 0 0 0 0 0 52 0 0 0 
0 0 41 19 42 0 82 63 0 18 0 0 0 0 0 0 0 0 0 0 0 32 0 0 0 0 0 0 0 0 0 0 0 0 0 9 38 0 85 0 26 0 87 0 0 0 0 59 0 0 0 19 0 0 30 0 14 83 0 0 0 0 38 34 0 24 0 0 0 0 49 0 89 0 0 0 0 0 88 0 0 0 0 0 0 35 80 0 0 0 84 0 0 0 0 0 0 21 0 0 
89 0 0 0 3 0 0 0 0 0 0 0 0 0 85 0 95 0 26 0 0 0 0 0 0 0 75 0 0 0 93 0 3 0 30 0 0 0 0 0 0 75 0 0 0 0 0 0 36 0 0 0 0 98 0 81 0 0 0 75 0 0 0 0 62 11 0 0 0 50 0 13 0 0 0 0 0 0 0 0 0 55 0 0 49 86 0 0 0 84 0 10 93 0 0 0 0 4 0 0 
74 0 0 71 0 0 84 49 0 0 0 0 65 0 0 0 0 0 61 0 82 0 0 0 0 88 0 0 0 0 0 0 5 0 0 0 12 25 0 0 0 0 0 0 0 7 62 0 0 85 0 0 0 33 13 0 85 0 0 31 0 0 0 0 0 96 0 0 0 0 0 55 0 0 0 0 35 4 14 0 0 95 0 14 0 0 0 0 0 0 10 0 0 0 0 67 0 0 65 0 
0 0 21 88 0 4 0 79 31 7 0 0 0 0 0 78 0 0 0 0 0 0 0 0 18 0 0 0 0 0 0 43 0 95 0 0 73 17 0 0 52 0 88 0 0 50 0 0 74 22 0 0 92 90 71 0 91 0 0 0 31 0 0 0 0 0 0 0 0 0 0 31 0 100 0 0 0 0 0 0 0 87 0 21 0 0 0 0 0 0 93 0 0 67 35 0 0 30 0 0 
0 0 0 0 61 0 0 0 0 0 0 0 0 40 0 0 0 0 0 84 0 0 0 0 0 50 0 0 0 0 42 2 0 0 0 0 81 0 0 0 0 0 0 0 0 0 17 0 90 0 0 0 0 0 0 0 0 0 0 0 0 0 0 99 10 62 0 8 0 0 0 0 0 0 0 0 0 0 0 51 0 0 21 0 0 68 0 73 0 0 0 0 67 0 0 41 0 0 67 0 
0 49 0 3 44 0 0 0 0 3 78 56 0 0 0 0 0 0 50 74 0 0 0 0 0 0 0 0 0 0 0 0 87 0 27 0 0 31 0 0 9 0 0 0 0 0 41 0 0 92 70 0 10 0 43 0 0 11 0 0 59 8 82 0 0 0 41 0 0 50 0 88 0 31 0 0 0 0 0 0 0 90 0 0 75 0 93 0 0 0 0 0 35 0 0 0 0 0 0 0 
0 46 0 0 0 0 0 0 0 0 0 0 0 24 0 0 100 20 51 38 0 11 0 0 0 5 0 0 0 56 84 0 26 0 0 0 0 55 0 0 0 0 0 0 18 0 0 0 0 0 58 3 0 0 0 0 2 0 0 0 0 0 0 30 0 55 0 0 40 46 0 56 0 0 0 83 0 87 0 0 70 0 0 0 0 0 0 34 0 0 0 67 0 41 0 0 4 64 2 0 
0 64 96 0 0 0 0 0 50 0 0 18 0 0 0 0 59 0 0 79 37 0 0 0 7 90 0 29 57 0 57 0 0 0 0 0 62 88 0 44 38 90 0 0 0 54 4 0 60 82 0 7 0 0 0 0 0 0 19 29 0 0 0 0 20 0 0 0 0 0 0 0 27 0 0 0 69 0 0 0 0 79 0 0 0 0 0 0 52 0 0 0 0 0 0 4 0 0 0 0 
0 0 0 0 0 17 0 0 0 0 100 0 0 0 0 0 0 56 1 0 0 0 84 0 49 0 0 0 74 27 14 0 0 0 0 0 0 0 0 0 0 0 57 0 0 0 0 0 0 0 39 0 14 0 34 0 26 13 0 94 0 0 44 0 0 0 20 0 27 0 0 68 81 0 0 24 0 0 0 0 0 14 0 0 0 56 78 0 0 21 4 0 30 0 0 64 0 0 0 48 
0 82 0 0 20 0 0 0 57 0 0 0 0 36 0 0 0 66 0 95 0 0 0 39 0 0 0 39 0 0 0 57 0 0 0 27 23 0 0 0 0 0 95 0 0 0 0 81 0 0 62 0 0 0 0 0 0 0 52 0 0 0 0 68 48 0 0 0 0 0 60 0 0 0 0 18 92 0 0 96 0 0 0 97 7 68 0 0 0 0 0 65 0 67 0 2 0 0 0 41 
0 14 0 0 0 72 0 96 19 0 0 0 21 0 0 2 0 15 9 0 0 9 0 0 20 0 0 0 0 0 0 22 9 0 0 14 49 64 0 51 0 0 0 91 48 0 42 0 0 0 0 0 0 0 0 0 0 0 0 0 91 0 0 0 0 80 90 0 0 0 0 42 0 98 94 0 0 0 0 0 0 98 0 69 0 0 0 0 0 0 0 0 0 0 0 0 0 48 41 0 
