0 96 51 0 76 0 10 0 26 63 78 66 0 25 93 0 37 68 81 39 65 48 0 56 0 90 54 38 12 87 88 80 0 52 42 72 0 0 0 0 62 48 25 7 0 37 11 43 0 73 2 59 0 67 38 90 6 0 12 78 0 0 39 90 95 0 22 27 0 0 57 78 35 3 16 0 16 23 0 0 79 78 56 52 0 0 98 48 21 30 0 0 1 89 3 46 53 36 0 4 
96 0 0 72 47 0 69 29 0 0 51 78 19 40 5 0 0 54 26 0 0 60 29 0 14 0 72 12 3 52 59 69 80 10 90 83 40 65 0 0 32 24 38 75 24 25 83 30 56 27 40 33 0 58 63 0 0 0 17 0 0 18 13 27 0 34 18 85 95 70 42 95 68 0 4 0 0 59 60 0 73 4 7 0 0 0 37 0 3 24 0 0 53 72 0 55 10 0 7 0 
51 0 0 0 0 0 84 83 0 35 0 72 0 0 11 0 97 69 24 0 80 52 13 52 47 34 0 0 79 83 0 49 0 0 100 8 3 0 99 33 21 68 38 12 0 78 0 83 32 0 36 99 85 0 85 46 75 0 33 55 74 18 51 0 0 0 45 21 61 16 95 0 85 91 50 36 92 41 41 0 49 78 0 0 73 0 82 45 55 58 90 0 16 0 0 31 0 0 20 0 
0 72 0 0 0 53 0 26 0 0 5 52 30 75 66 43 23 0 47 0 0 0 93 56 40 35 13 0 0 27 64 0 43 0 0 0 47 20 90 61 94 45 87 99 64 26 0 91 0 11 87 75 67 24 1 61 64 67 42 0 0 86 55 99 79 72 0 66 98 67 0 100 0 0 90 15 41 5 0 9 8 8 0 96 0 0 21 25 92 82 25 14 0 38 0 79 0 0 0 76 
76 47 0 0 0 90 0 54 49 0 47 0 0 0 18 86 99 44 0 0 0 0 36 82 6 0 93 0 15 0 0 0 19 0 0 40 0 9 0 0 0 24 0 55 43 0 0 0 0 97 0 89 0 0 97 96 0 97 83 19 0 30 0 0 38 96 49 56 36 0 87 0 0 0 0 60 25 0 7 55 86 0 0 19 71 41 0 8 13 0 0 0 58 0 86 2 4 45 0 36 
0 0 0 53 90 0 29 0 12 61 0 0 44 65 1 60 0 89 9 78 0 79 0 0 0 16 12 81 90 17 61 100 65 0 93 0 0 35 86 55 64 0 70 70 92 0 0 53 0 43 28 0 0 23 21 0 47 0 0 66 26 68 2 71 0 7 66 28 8 71 96 0 0 41 0 63 77 0 29 0 0 0 93 0 78 67 37 37 0 0 0 97 77 0 0 29 0 0 50 0 
10 69 84 0 0 29 0 0 97 0 74 0 31 86 0 0 0 2 77 62 0 48 91 74 0 43 0 0 98 99 59 0 45 80 53 5 0 12 0 21 0 68 41 29 4 66 0 59 0 69 92 55 99 0 1 0 0 98 13 1 0 0 33 1 0 31 68 0 66 0 35 55 17 0 0 0 0 0 13 87 0 85 31 2 0 27 83 17 14 0 23 93 4 75 82 0 23 0 0 27 
0 29 83 26 54 0 0 0 0 0 13 0 0 67 55 56 43 43 90 11 49 0 0 0 0 20 44 19 39 73 0 73 0 0 45 86 65 0 94 0 98 3 91 88 0 11 0 93 0 0 4 0 93 0 59 0 38 54 20 0 45 13 0 19 59 53 40 35 53 68 5 0 46 72 50 12 5 0 12 0 83 98 79 0 0 63 0 2 63 50 0 87 0 59 81 0 0 0 57 0 
26 0 0 0 49 12 97 0 0 31 24 37 28 37 0 0 87 24 70 0 50 32 10 27 0 40 84 55 100 0 78 3 44 3 18 27 76 0 0 1 76 0 13 12 8 89 50 100 21 56 22 0 19 0 0 94 8 44 14 54 68 0 84 72 72 0 2 12 86 17 56 3 23 45 0 0 32 54 0 88 36 86 0 70 0 90 75 0 0 5 0 0 97 0 0 97 85 39 0 16 
63 0 35 0 0 61 0 0 31 0 61 12 0 25 6 48 8 4 80 47 0 0 0 1 92 55 53 0 0 0 71 78 0 33 29 0 25 0 63 0 0 16 0 72 0 41 52 0 60 0 85 82 85 65 87 40 1 64 55 100 72 0 0 0 0 0 97 25 75 0 72 42 0 0 83 0 7 96 0 37 0 0 0 47 0 73 85 0 0 55 85 0 0 7 0 0 73 0 0 0 
78 51 0 5 47 0 74 13 24 61 0 76 0 0 0 0 99 89 25 100 92 52 0 55 0 78 0 11 47 88 25 41 0 94 33 0 64 0 0 0 28 92 91 31 0 43 23 0 10 98 0 0 18 0 0 11 8 0 0 0 93 0 84 27 0 0 0 81 0 0 83 35 75 0 33 54 36 31 94 86 0 42 70 29 11 45 0 0 54 0 0 87 0 80 92 74 24 0 43 20 
66 78 72 52 0 0 0 0 37 12 76 0 45 88 32 0 79 0 59 60 77 81 37 5 0 0 74 79 0 0 0 37 5 0 81 0 49 70 0 68 61 0 0 58 87 73 0 78 0 20 94 41 0 83 79 23 0 19 0 76 0 0 31 28 64 88 67 0 0 0 19 0 0 60 0 90 58 0 0 0 63 10 94 0 0 0 24 0 20 10 0 50 89 0 0 34 9 54 97 0 
0 19 0 30 0 44 31 0 28 0 0 45 0 44 0 65 0 39 0 39 0 77 0 24 8 13 8 85 70 65 11 0 41 50 96 11 93 0 0 0 50 45 61 10 32 0 19 37 17 0 34 13 35 77 16 85 0 0 0 83 0 59 19 0 46 53 33 0 49 12 25 0 88 96 100 0 0 17 88 63 50 0 0 18 28 84 78 0 54 0 5 65 89 94 86 75 71 0 0 21 
25 40 0 75 0 65 86 67 37 25 0 88 44 0 0 60 89 0 0 45 0 0 96 0 0 29 18 0 54 0 79 35 73 95 59 99 98 97 0 14 5 10 28 51 65 0 0 91 5 0 0 44 0 25 54 0 94 90 0 35 26 38 44 10 29 84 23 0 0 20 0 33 8 14 97 0 0 73 0 0 24 0 1 66 15 30 0 20 0 70 48 0 16 75 85 66 0 89 0 0 
93 5 11 66 18 1 0 55 0 6 0 32 0 0 0 76 20 0 62 26 0 97 0 80 0 54 39 0 16 0 22 0 0 0 5 45 93 0 4 86 90 22 4 80 0 20 58 0 43 43 0 50 18 0 53 37 89 45 91 10 43 74 2 0 61 0 12 34 84 0 85 0 91 0 18 5 6 48 37 82 0 81 61 11 50 51 0 81 54 93 0 9 88 100 14 0 100 28 0 0 
0 0 0 43 86 60 0 56 0 48 0 0 65 60 76 0 30 16 45 0 21 0 0 96 8 0 0 93 98 88 63 11 68 59 43 25 68 0 15 0 5 74 77 41 0 96 0 14 0 0 0 0 0 40 71 57 0 37 93 0 0 24 15 15 16 62 0 14 93 61 6 0 99 74 80 45 46 70 86 0 0 0 38 0 86 0 0 76 100 89 0 21 75 0 33 49 79 93 0 84 
37 0 97 23 99 0 0 43 87 8 99 79 0 89 20 30 0 0 35 48 0 66 37 21 55 91 35 1 34 0 51 57 0 34 71 13 0 0 60 10 60 3 53 0 38 21 0 0 28 96 82 0 4 57 57 0 40 3 47 0 0 0 0 0 55 0 0 0 57 0 19 20 57 7 25 57 33 35 67 14 20 50 13 42 53 87 68 23 1 55 20 0 21 0 42 0 0 0 0 36 
68 54 69 0 44 89 2 43 24 4 89 0 39 0 0 16 0 0 51 0 0 0 83 11 15 0 95 35 0 5 29 0 0 26 14 0 73 0 14 0 0 0 0 53 0 0 30 61 83 37 65 89 42 0 86 64 10 94 17 0 49 28 69 0 52 0 0 0 0 0 74 58 0 1 0 15 0 58 0 36 66 0 82 88 80 0 21 0 99 100 75 73 36 90 34 69 0 19 90 0 
81 26 24 47 0 9 77 90 70 80 25 59 0 0 62 45 35 51 0 0 0 6 0 56 48 0 34 91 70 0 8 4 0 0 48 94 90 26 47 20 0 0 0 0 0 0 55 2 0 61 59 0 0 26 41 0 0 99 0 24 0 0 0 0 31 0 88 0 0 3 70 0 47 39 18 5 83 89 0 17 0 1 26 8 0 0 53 0 14 72 91 50 0 0 63 0 0 83 8 0 
39 0 0 0 0 78 62 11 0 47 100 60 39 45 26 0 48 0 0 0 34 26 0 0 0 31 0 61 31 0 80 99 0 23 0 18 18 0 0 0 11 66 0 0 0 0 18 67 0 29 0 1 0 32 18 67 41 85 33 0 41 0 0 55 70 0 1 23 0 82 64 62 0 1 90 0 68 0 34 32 52 74 27 0 25 40 0 0 13 20 0 0 0 33 15 0 0 33 0 20 
65 0 80 0 0 0 0 49 50 0 92 77 0 0 0 21 0 0 0 34 0 0 57 29 95 86 87 0 54 0 0 0 0 0 0 89 0 52 65 18 0 44 9 77 1 46 0 0 0 79 0 0 0 0 0 0 16 90 86 4 50 54 5 85 0 19 0 0 0 71 6 5 0 58 0 0 0 0 20 0 0 0 46 40 0 0 0 29 0 97 0 45 55 0 0 0 20 84 55 0 
48 60 52 0 0 79 48 0 32 0 52 81 77 0 97 0 66 0 6 26 0 0 21 0 56 0 0 96 0 0 2 0 0 0 4 0 0 84 0 0 32 0 61 0 50 0 0 99 0 73 43 44 18 49 35 58 0 68 36 65 0 75 4 0 0 72 0 49 24 0 0 34 36 65 71 0 28 12 53 0 57 0 83 0 93 60 60 0 79 0 0 30 34 23 0 0 0 0 67 48 
0 29 13 93 36 0 91 0 10 0 0 37 0 96 0 0 37 83 0 0 57 21 0 90 6 16 0 0 49 29 0 48 94 43 59 84 57 59 0 0 0 3 44 71 62 0 22 4 0 71 36 0 87 0 0 61 0 75 29 3 89 57 72 82 0 14 87 0 4 0 0 28 27 67 85 6 9 37 95 0 0 64 1 8 0 0 44 0 70 0 48 5 46 0 0 43 61 19 59 0 
56 0 52 56 82 0 74 0 27 1 55 5 24 0 80 96 21 11 56 0 29 0 90 0 0 39 0 0 28 71 0 70 0 66 35 0 0 8 0 0 0 100 83 76 15 34 80 0 0 22 8 80 0 96 0 0 86 97 18 15 48 23 21 54 62 26 42 5 24 0 0 0 55 38 12 67 90 11 52 0 0 31 13 70 0 0 66 37 0 0 0 94 98 0 0 0 96 0 32 28 
0 14 47 40 6 0 0 0 0 92 0 0 8 0 0 8 55 15 48 0 95 56 6 0 0 0 15 91 52 93 0 0 0 0 0 99 87 94 97 0 0 0 49 0 48 0 0 1 0 0 0 23 0 10 0 0 0 89 7 45 0 35 16 90 0 11 0 0 0 1 0 0 51 24 49 0 0 0 44 90 83 0 83 0 0 46 0 39 55 0 72 0 18 57 0 45 0 0 18 0 
90 0 34 35 0 16 43 20 40 55 78 0 13 29 54 0 91 0 0 31 86 0 16 39 0 0 80 0 37 93 53 39 47 51 99 39 0 0 38 0 0 0 0 75 43 6 0 59 31 32 38 11 63 0 100 13 10 74 0 0 95 67 66 21 62 84 71 3 51 0 54 0 0 29 0 0 16 19 0 0 0 0 0 83 94 0 96 68 0 53 51 67 94 12 51 0 71 0 96 0 
54 72 0 13 93 12 0 44 84 53 0 74 8 18 39 0 35 95 34 0 87 0 0 0 15 80 0 27 48 90 93 0 39 0 82 89 77 90 0 10 0 45 58 3 7 1 26 0 0 43 80 78 0 96 62 36 77 37 68 0 39 41 0 0 92 93 0 0 25 15 0 0 0 12 100 93 0 0 40 100 0 22 47 51 0 0 65 25 86 0 0 73 0 99 66 0 0 0 46 27 
38 12 0 0 0 81 0 19 55 0 11 79 85 0 0 93 1 35 91 61 0 96 0 0 91 0 27 0 0 56 44 92 0 59 0 46 0 0 0 65 57 63 0 0 23 71 86 0 0 0 45 40 0 77 0 60 0 0 49 0 57 0 84 0 0 0 0 0 29 0 0 66 79 37 92 0 38 0 0 89 0 0 41 0 0 97 8 0 0 18 0 59 36 63 24 0 18 0 0 90 
12 3 79 0 15 90 98 39 100 0 47 0 70 54 16 98 34 0 70 31 54 0 49 28 52 37 48 0 0 48 0 0 0 59 72 58 0 65 29 18 23 59 82 0 23 0 89 14 0 9 53 75 0 48 30 0 85 47 78 61 0 0 34 94 95 0 42 20 38 0 58 0 0 7 0 0 0 83 97 19 0 54 97 0 5 76 37 92 61 0 0 29 0 39 7 97 46 77 85 49 
87 52 83 27 0 17 99 73 0 0 88 0 65 0 0 88 0 5 0 0 0 0 29 71 93 93 90 56 48 0 12 62 29 0 0 0 16 100 70 17 0 0 43 0 0 64 84 24 0 82 8 93 55 62 98 74 1 54 96 0 48 0 53 38 9 30 67 24 0 74 10 0 39 0 70 0 71 0 10 73 88 0 0 23 0 17 60 0 67 0 14 40 56 0 73 0 0 18 74 47 
88 59 0 64 0 61 59 0 78 71 25 0 11 79 22 63 51 29 8 80 0 2 0 0 0 53 93 44 0 12 0 28 23 59 0 50 70 45 0 0 30 35 0 100 64 50 0 0 68 48 60 0 0 16 18 57 96 78 0 0 80 0 22 78 33 27 41 15 45 62 6 86 63 24 0 38 0 0 0 0 77 14 37 82 0 14 77 0 0 57 4 5 48 0 0 40 18 27 0 20 
80 69 49 0 0 100 0 73 3 78 41 37 0 35 0 11 57 0 4 99 0 0 48 70 0 39 0 92 0 62 28 0 0 3 16 1 51 90 0 0 53 92 0 70 93 100 21 46 84 0 40 42 34 0 12 0 0 9 60 38 97 49 0 16 83 0 76 8 7 45 0 82 22 0 1 36 15 0 26 0 28 59 87 0 56 0 43 56 95 0 17 87 9 79 16 8 0 92 45 0 
0 80 0 43 19 65 45 0 44 0 0 5 41 73 0 68 0 0 0 0 0 0 94 0 0 47 39 0 0 29 23 0 0 87 88 0 92 85 63 25 11 0 48 11 0 46 0 86 28 87 80 64 23 83 0 89 73 0 96 0 1 55 98 24 72 0 0 56 0 0 61 10 74 4 6 0 0 0 0 39 59 0 0 81 91 0 40 0 0 0 38 5 0 0 19 0 37 0 0 7 
52 10 0 0 0 0 80 0 3 33 94 0 50 95 0 59 34 26 0 23 0 0 43 66 0 51 0 59 59 0 59 3 87 0 68 0 0 61 71 0 0 23 55 34 54 0 35 27 37 15 0 0 25 72 48 34 0 85 0 29 8 70 76 82 0 19 0 57 51 0 0 0 0 44 91 76 0 15 57 0 0 44 62 46 99 0 63 90 53 100 45 95 0 0 12 32 0 43 13 85 
42 90 100 0 0 93 53 45 18 29 33 81 96 59 5 43 71 14 48 0 0 4 59 35 0 99 82 0 72 0 0 16 88 68 0 30 16 67 0 0 50 2 0 20 0 0 74 87 50 67 37 0 32 60 0 24 71 0 76 0 87 91 66 22 32 53 23 0 88 42 0 37 0 91 40 0 31 0 81 32 0 33 26 87 16 0 65 42 32 58 0 60 52 9 62 21 0 0 0 0 
72 83 8 0 40 0 5 86 27 0 0 0 11 99 45 25 13 0 94 18 89 0 84 0 99 39 89 46 58 0 50 1 0 0 30 0 55 0 68 0 2 57 79 80 79 86 41 9 37 17 97 75 10 28 63 0 0 0 0 0 0 0 0 0 0 21 85 57 0 0 63 15 94 56 88 48 0 0 46 11 4 0 23 83 67 0 99 0 12 0 69 47 96 0 33 0 0 11 47 40 
0 40 3 47 0 0 0 65 76 25 64 49 93 98 93 68 0 73 90 18 0 0 57 0 87 0 77 0 0 16 70 51 92 0 16 55 0 84 0 0 0 100 35 0 0 0 42 82 0 61 76 48 90 33 57 96 22 52 28 0 62 88 57 0 89 0 39 8 0 77 0 0 53 0 44 0 41 0 69 0 46 15 0 0 93 80 85 53 77 87 0 2 15 97 84 4 67 0 0 0 
0 65 0 20 9 35 12 0 0 0 0 70 0 97 0 0 0 0 26 0 52 84 59 8 94 0 90 0 65 100 45 90 85 61 67 0 84 0 5 0 0 0 38 70 0 0 0 0 0 0 0 35 0 0 98 0 1 0 91 33 87 31 75 62 0 13 0 75 12 14 0 41 0 0 80 97 51 42 0 80 57 66 6 23 30 95 0 40 64 97 44 68 0 78 69 76 13 26 4 0 
0 0 99 90 0 86 0 94 0 63 0 0 0 0 4 15 60 14 47 0 65 0 0 0 97 38 0 0 29 70 0 0 63 71 0 68 0 5 0 79 0 0 23 0 5 0 0 39 47 0 21 0 33 0 65 92 0 42 11 0 5 90 64 6 0 12 0 0 8 95 77 68 58 11 0 0 76 71 8 44 44 4 0 87 80 0 11 52 0 27 37 42 68 0 99 26 74 0 0 0 
0 0 33 61 0 55 21 0 1 0 0 68 0 14 86 0 10 0 20 0 18 0 0 0 0 0 10 65 18 17 0 0 25 0 0 0 0 0 79 0 53 32 2 89 0 0 0 0 89 0 61 0 17 42 93 91 74 0 58 45 13 0 0 0 46 0 0 15 0 0 17 0 0 87 34 0 0 70 7 0 95 55 89 0 28 33 0 5 75 32 0 0 0 0 64 90 0 27 0 46 
62 32 21 94 0 64 0 98 76 0 28 61 50 5 90 5 60 0 0 11 0 32 0 0 0 0 0 57 23 0 30 53 11 0 50 2 0 0 0 53 0 0 0 0 94 0 12 26 0 12 61 3 0 51 87 0 0 79 19 51 0 25 50 0 79 46 0 58 65 2 86 10 0 86 40 0 7 0 22 11 0 20 46 0 69 21 0 0 37 92 98 0 61 3 93 0 46 50 61 32 
48 24 68 45 24 0 68 3 0 16 92 0 45 10 22 74 3 0 0 66 44 0 3 100 0 0 45 63 59 0 35 92 0 23 2 57 100 0 0 32 0 0 56 100 80 4 40 83 0 41 21 52 0 62 0 82 37 0 0 86 21 30 1 0 62 25 90 83 0 83 90 0 0 0 39 0 6 73 45 0 0 0 55 32 0 99 0 30 93 95 0 41 78 43 28 0 20 75 39 0 
25 38 38 87 0 70 41 91 13 0 91 0 61 28 4 77 53 0 0 0 9 61 44 83 49 0 58 0 82 43 0 0 48 55 0 79 35 38 23 2 0 56 0 0 79 3 100 98 81 56 0 7 27 26 55 0 52 0 52 88 0 0 15 80 0 49 74 67 45 80 87 0 0 6 85 0 0 80 0 81 54 0 56 0 95 38 43 0 63 48 9 67 51 38 41 0 92 0 83 16 
7 75 12 99 55 70 29 88 12 72 31 58 10 51 80 41 0 53 0 0 77 0 71 76 0 75 3 0 0 0 100 70 11 34 20 80 0 70 0 89 0 100 0 0 21 10 57 33 41 0 0 0 0 0 39 0 56 21 46 0 60 44 0 73 0 0 0 13 50 38 37 27 20 13 97 0 75 2 72 0 49 97 0 41 78 37 0 0 68 63 0 0 0 57 53 61 69 95 72 79 
0 24 0 64 43 92 4 0 8 0 0 87 32 65 0 0 38 0 0 0 1 50 62 15 48 43 7 23 23 0 64 93 0 54 0 79 0 0 5 0 94 80 79 21 0 88 12 73 18 95 23 41 2 0 11 0 82 45 0 28 92 93 0 14 0 0 73 18 0 53 24 44 0 34 82 0 0 54 48 0 0 0 0 82 0 5 0 0 0 6 0 0 0 66 9 0 0 0 0 0 
37 25 78 26 0 0 66 11 89 41 43 73 0 0 20 96 21 0 0 0 46 0 0 34 0 6 1 71 0 64 50 100 46 0 0 86 0 0 0 0 0 4 3 10 88 0 0 0 79 14 0 17 25 0 46 0 66 11 37 92 86 94 30 82 0 48 61 37 94 99 0 74 42 0 76 25 0 76 47 49 8 60 70 17 0 13 0 30 19 0 0 0 43 31 87 85 75 36 0 0 
11 83 0 0 0 0 0 0 50 52 23 0 19 0 58 0 0 30 55 18 0 0 22 80 0 0 26 86 89 84 0 21 0 35 74 41 42 0 0 0 12 40 100 57 12 0 0 0 0 0 50 0 73 25 0 0 10 0 52 95 74 0 3 94 0 6 76 66 86 0 16 84 0 25 0 0 39 75 7 0 63 0 0 54 31 64 57 0 0 39 0 0 91 0 3 29 39 0 74 0 
43 30 83 91 0 53 59 93 100 0 0 78 37 91 0 14 0 61 2 67 0 99 4 0 1 59 0 0 14 24 0 46 86 27 87 9 82 0 39 0 26 83 98 33 73 0 0 0 6 7 34 34 84 13 0 63 100 65 3 60 40 46 76 95 0 0 24 0 85 0 3 50 0 85 0 74 45 0 79 12 0 48 90 26 2 60 29 0 0 0 77 27 0 3 68 0 55 7 0 65 
0 56 32 0 0 0 0 0 21 60 10 0 17 5 43 0 28 83 0 0 0 0 0 0 0 31 0 0 0 0 68 84 28 37 50 37 0 0 47 89 0 0 81 41 18 79 0 6 0 11 55 1 0 0 72 0 0 40 0 61 73 23 0 53 0 20 0 0 85 18 37 21 78 33 79 0 47 0 58 67 36 21 55 0 0 43 31 0 46 0 0 11 0 18 41 1 0 75 0 0 
73 27 0 11 97 43 69 0 56 0 98 20 0 0 43 0 96 37 61 29 79 73 71 22 0 32 43 0 9 82 48 0 87 15 67 17 61 0 0 0 12 41 56 0 95 14 0 7 11 0 0 22 35 76 0 29 0 43 82 0 20 13 46 89 96 86 0 94 51 62 0 76 33 0 77 25 0 75 7 57 25 83 37 0 48 0 7 84 0 0 6 73 4 18 53 0 0 26 0 48 
2 40 36 87 0 28 92 4 22 85 0 94 34 0 0 0 82 65 59 0 0 43 36 8 0 38 80 45 53 8 60 40 80 0 37 97 76 0 21 61 61 21 0 0 23 0 50 34 55 0 0 27 69 9 90 18 21 44 71 0 47 0 59 42 0 82 94 0 71 42 44 39 0 43 52 0 72 10 59 0 0 0 13 24 14 30 21 25 0 54 81 48 57 0 81 0 0 74 0 0 
59 33 99 75 89 0 55 0 0 82 0 41 13 44 50 0 0 89 0 1 0 44 0 80 23 11 78 40 75 93 0 42 64 0 0 75 48 35 0 0 3 52 7 0 41 17 0 34 1 22 27 0 84 0 0 0 0 53 0 79 51 17 42 15 0 15 78 84 0 0 0 0 0 50 0 26 95 43 0 50 0 0 0 0 0 95 90 0 7 0 0 72 0 9 54 20 72 0 0 0 
0 0 85 67 0 0 99 93 19 85 18 0 35 0 18 0 4 42 0 0 0 18 87 0 0 63 0 0 0 55 0 34 23 25 32 10 90 0 33 17 0 0 27 0 2 25 73 84 0 35 69 84 0 53 0 6 0 30 5 25 53 0 84 96 1 0 0 85 62 31 2 8 5 28 79 5 81 0 0 87 93 13 76 0 80 0 39 70 96 69 98 14 0 63 76 73 54 0 0 46 
67 58 0 24 0 23 0 0 0 65 0 83 77 25 0 40 57 0 26 32 0 49 0 96 10 0 96 77 48 62 16 0 83 72 60 28 33 0 0 42 51 62 26 0 0 0 25 13 0 76 9 0 53 0 0 90 0 57 0 0 0 53 0 0 89 60 0 20 59 87 86 0 0 15 0 0 65 5 14 69 70 0 20 0 0 0 52 35 56 63 84 8 0 75 0 0 70 0 0 63 
38 63 85 1 97 21 1 59 0 87 0 79 16 54 53 71 57 86 41 18 0 35 0 0 0 100 62 0 30 98 18 12 0 48 0 63 57 98 65 93 87 0 55 39 11 46 0 0 72 0 90 0 0 0 0 73 77 10 32 19 12 20 0 64 6 80 93 50 65 0 1 96 92 0 18 33 0 0 50 27 0 50 0 0 4 88 0 0 49 0 22 0 50 5 96 81 34 55 51 0 
90 0 46 61 96 0 0 0 94 40 11 23 85 0 37 57 0 64 0 67 0 58 61 0 0 13 36 60 0 74 57 0 89 34 24 0 96 0 92 91 0 82 0 0 0 0 0 63 0 29 18 0 6 90 73 0 0 38 0 68 0 0 0 0 0 89 88 33 88 4 33 32 0 92 7 38 0 0 0 36 12 78 0 63 76 10 75 7 60 6 12 90 0 0 38 0 91 55 0 53 
6 0 75 64 0 47 0 38 8 1 8 0 0 94 89 0 40 10 0 41 16 0 0 86 0 10 77 0 85 1 96 0 73 0 71 0 22 1 0 74 0 37 52 56 82 66 10 100 0 0 21 0 0 0 77 0 0 36 0 0 67 63 0 66 0 0 17 34 0 1 0 55 64 19 0 0 26 0 53 63 2 0 91 21 0 61 59 0 0 25 0 37 38 0 0 5 69 64 19 0 
0 0 0 67 97 0 98 54 44 64 0 19 0 90 45 37 3 94 99 85 90 68 75 97 89 74 37 0 47 54 78 9 0 85 0 0 52 0 42 0 79 0 0 21 45 11 0 65 40 43 44 53 30 57 10 38 36 0 35 0 9 0 91 0 0 70 0 0 0 3 21 54 97 95 39 34 0 35 26 0 48 68 54 23 69 40 10 50 52 77 56 0 66 0 18 22 7 0 0 0 
12 17 33 42 83 0 13 20 14 55 0 0 0 0 91 93 47 17 0 33 86 36 29 18 7 0 68 49 78 96 0 60 96 0 76 0 28 91 11 58 19 0 52 46 0 37 52 3 0 82 71 0 5 0 32 0 0 35 0 2 84 34 5 15 49 77 5 45 14 59 21 0 35 0 0 74 37 0 80 0 0 26 70 0 66 0 51 5 35 0 38 0 0 18 82 0 51 87 74 35 
78 0 55 0 19 66 1 0 54 100 0 76 83 35 10 0 0 0 24 0 4 65 3 15 45 0 0 0 61 0 0 38 0 29 0 0 0 33 0 45 51 86 88 0 28 92 95 60 61 0 0 79 25 0 19 68 0 0 2 0 0 93 22 0 3 27 0 0 75 5 73 0 31 0 91 0 61 56 65 0 0 64 0 0 13 56 53 37 0 0 0 0 52 0 24 27 98 80 0 32 
0 0 74 0 0 26 0 45 68 72 93 0 0 26 43 0 0 49 0 41 50 0 89 48 0 95 39 57 0 48 80 97 1 8 87 0 62 87 5 13 0 21 0 60 92 86 74 40 73 20 47 51 53 0 12 0 67 9 84 0 0 10 47 0 70 21 5 13 58 28 71 15 98 0 0 3 0 77 0 66 76 81 57 55 9 0 21 64 63 0 23 0 22 60 0 20 23 18 66 0 
0 18 18 86 30 68 0 13 0 0 0 0 59 38 74 24 0 28 0 0 54 75 57 23 35 67 41 0 0 0 0 49 55 70 91 0 88 31 90 0 25 30 0 44 93 94 0 46 23 13 0 17 0 53 20 0 63 0 34 93 10 0 98 56 22 64 44 53 12 52 76 0 68 24 40 81 0 25 62 7 0 0 96 91 74 68 24 69 0 96 75 85 32 63 0 0 0 100 35 19 
39 13 51 55 0 2 33 0 84 0 84 31 19 44 2 15 0 69 0 0 5 4 72 21 16 66 0 84 34 53 22 0 98 76 66 0 57 75 64 0 50 1 15 0 0 30 3 76 0 46 59 42 84 0 0 0 0 91 5 22 47 98 0 0 65 0 0 35 72 18 100 0 53 79 21 51 0 0 0 48 57 14 56 0 0 6 39 58 17 0 65 0 52 13 59 47 73 50 92 0 
90 27 0 99 0 71 1 19 72 0 27 28 0 10 0 15 0 0 0 55 85 0 82 54 90 21 0 0 94 38 78 16 24 82 22 0 0 62 6 0 0 0 80 73 14 82 94 95 53 89 42 15 96 0 64 0 66 0 15 0 0 56 0 0 0 79 0 15 52 15 49 74 16 0 27 0 70 12 0 58 0 0 0 17 0 97 87 0 0 0 10 18 66 0 0 0 95 51 0 71 
95 0 0 79 38 0 0 59 72 0 0 64 46 29 61 16 55 52 31 70 0 0 0 62 0 62 92 0 95 9 33 83 72 0 32 0 89 0 0 46 79 62 0 0 0 0 0 0 0 96 0 0 1 89 6 0 0 0 49 3 70 22 65 0 0 59 0 91 54 0 0 0 41 30 22 0 52 33 0 76 69 38 0 36 0 85 100 0 0 12 0 82 0 0 0 0 45 0 0 0 
0 34 0 72 96 7 31 53 0 0 0 88 53 84 0 62 0 0 0 0 19 72 14 26 11 84 93 0 0 30 27 0 0 19 53 21 0 13 12 0 46 25 49 0 0 48 6 0 20 86 82 15 0 60 80 89 0 70 77 27 21 64 0 79 59 0 19 0 72 41 0 3 44 0 0 69 14 88 50 0 0 23 40 72 12 14 37 0 17 73 0 43 70 31 77 44 9 23 55 36 
22 18 45 0 49 66 68 40 2 97 0 67 33 23 12 0 0 0 88 1 0 0 87 42 0 71 0 0 42 67 41 76 0 0 23 85 39 0 0 0 0 90 74 0 73 61 76 24 0 0 94 78 0 0 93 88 17 0 5 0 5 44 0 0 0 19 0 0 0 27 10 78 28 34 60 78 96 0 14 95 6 21 74 44 0 0 50 66 98 55 18 13 43 97 30 0 17 66 0 0 
27 85 21 66 56 28 0 35 12 25 81 0 0 0 34 14 0 0 0 23 0 49 0 5 0 3 0 0 20 24 15 8 56 57 0 57 8 75 0 15 58 83 67 13 18 37 66 0 0 94 0 84 85 20 50 33 34 0 45 0 13 53 35 15 91 0 0 0 66 49 9 31 62 38 86 66 1 51 69 0 0 85 76 73 48 0 20 0 66 18 0 0 95 0 94 99 0 0 0 31 
0 95 61 98 36 8 66 53 86 75 0 0 49 0 84 93 57 0 0 0 0 24 4 24 0 51 25 29 38 0 45 7 0 51 88 0 0 12 8 0 65 0 45 50 0 94 86 85 85 51 71 0 62 59 65 88 0 0 14 75 58 12 72 52 54 72 0 66 0 12 16 42 85 0 0 34 0 16 0 0 43 71 45 0 60 27 39 10 5 0 41 22 54 0 72 29 9 98 0 38 
0 70 16 67 0 71 0 68 17 0 0 0 12 20 0 61 0 0 3 82 71 0 0 0 1 0 15 0 0 74 62 45 0 0 42 0 77 14 95 0 2 83 80 38 53 99 0 0 18 62 42 0 31 87 0 4 1 3 59 5 28 52 18 15 0 41 27 49 12 0 90 61 0 30 71 0 0 77 0 0 99 0 0 68 45 0 84 0 38 30 0 31 61 0 24 18 15 68 0 96 
57 42 95 0 87 96 35 5 56 72 83 19 25 0 85 6 19 74 70 64 6 0 0 0 0 54 0 0 58 10 6 0 61 0 0 63 0 0 77 17 86 90 87 37 24 0 16 3 37 0 44 0 2 86 1 33 0 21 21 73 71 76 100 49 0 0 10 9 16 90 0 30 2 8 99 36 11 0 0 0 0 99 53 0 68 17 6 86 100 0 29 0 48 0 83 0 65 20 0 62 
78 95 0 100 0 0 55 0 3 42 35 0 0 33 0 0 20 58 0 62 5 34 28 0 0 0 0 66 0 0 86 82 10 0 37 15 0 41 68 0 10 0 0 27 44 74 84 50 21 76 39 0 8 0 96 32 55 54 0 0 15 0 0 74 0 3 78 31 42 61 30 0 47 13 72 11 0 85 27 43 63 85 95 11 0 0 97 12 0 38 57 0 0 68 0 93 0 45 100 71 
35 68 85 0 0 0 17 46 23 0 75 0 88 8 91 99 57 0 47 0 0 36 27 55 51 0 0 79 0 39 63 22 74 0 0 94 53 0 58 0 0 0 0 20 0 42 0 0 78 33 0 0 5 0 92 0 64 97 35 31 98 68 53 16 41 44 28 62 85 0 2 47 0 7 66 52 95 0 0 71 44 0 93 74 0 25 0 64 0 58 79 62 63 30 0 0 4 61 0 0 
3 0 91 0 0 41 0 72 45 0 0 60 96 14 0 74 7 1 39 1 58 65 67 38 24 29 12 37 7 0 24 0 4 44 91 56 0 0 11 87 86 0 6 13 34 0 25 85 33 0 43 50 28 15 0 92 19 95 0 0 0 24 79 0 30 0 34 38 0 30 8 13 7 0 85 83 34 97 0 0 23 78 0 0 22 0 91 44 74 68 41 0 69 0 0 0 72 29 46 43 
16 4 50 90 0 0 0 50 0 83 33 0 100 97 18 80 25 0 18 90 0 71 85 12 49 0 100 92 0 70 0 1 6 91 40 88 44 80 0 34 40 39 85 97 82 76 0 0 79 77 52 0 79 0 18 7 0 39 0 91 0 40 21 27 22 0 60 86 0 71 99 72 66 85 0 72 0 0 0 32 0 94 84 15 59 30 46 13 50 70 65 53 46 0 0 4 0 0 0 63 
0 0 36 15 60 63 0 12 0 0 54 90 0 0 5 45 57 15 5 0 0 0 6 67 0 0 93 0 0 0 38 36 0 76 0 48 0 97 0 0 0 0 0 0 0 25 0 74 0 25 0 26 5 0 33 38 0 34 74 0 3 81 51 0 0 69 78 66 34 0 36 11 52 83 72 0 0 73 0 0 0 0 0 9 68 49 0 85 57 64 0 0 0 54 0 77 0 35 0 54 
16 0 92 41 25 77 0 5 32 7 36 58 0 0 6 46 33 0 83 68 0 28 9 90 0 16 0 38 0 71 0 15 0 0 31 0 41 51 76 0 7 6 0 75 0 0 39 45 47 0 72 95 81 65 0 0 26 0 37 61 0 0 0 70 52 14 96 1 0 0 11 0 95 34 0 0 0 6 0 72 98 52 81 0 69 0 47 5 82 56 0 0 27 29 95 28 46 8 14 0 
23 59 41 5 0 0 0 0 54 96 31 0 17 73 48 70 35 58 89 0 0 12 37 11 0 19 0 0 83 0 0 0 0 15 0 0 0 42 71 70 0 73 80 2 54 76 75 0 0 75 10 43 0 5 0 0 0 35 0 56 77 25 0 12 33 88 0 51 16 77 0 85 0 97 0 73 6 0 0 97 96 83 50 0 0 86 0 0 53 58 75 23 47 0 87 58 27 0 0 75 
0 60 41 0 7 29 13 12 0 0 94 0 88 0 37 86 67 0 0 34 20 53 95 52 44 0 40 0 97 10 0 26 0 57 81 46 69 0 8 7 22 45 0 72 48 47 7 79 58 7 59 0 0 14 50 0 53 26 80 65 0 62 0 0 0 50 14 69 0 0 0 27 0 0 0 0 0 0 0 0 11 25 0 28 85 65 56 0 0 11 24 53 85 10 91 67 0 74 41 26 
0 0 0 9 55 0 87 0 88 37 86 0 63 0 82 0 14 36 17 32 0 0 0 0 90 0 100 89 19 73 0 0 39 0 32 11 0 80 44 0 11 0 81 0 0 49 0 12 67 57 0 50 87 69 27 36 63 0 0 0 66 7 48 58 76 0 95 0 0 0 0 43 71 0 32 0 72 97 0 0 0 0 31 42 35 71 25 30 0 8 43 0 84 18 0 26 0 0 0 3 
79 73 49 8 86 0 0 83 36 0 0 63 50 24 0 0 20 66 0 52 0 57 0 0 83 0 0 0 0 88 77 28 59 0 0 4 46 57 44 95 0 0 54 49 0 8 63 0 36 25 0 0 93 70 0 12 2 48 0 0 76 0 57 0 69 0 6 0 43 99 0 63 44 23 0 0 98 96 11 0 0 0 0 0 0 0 59 0 6 86 0 0 39 0 0 26 5 17 38 0 
78 4 78 8 0 0 85 98 86 0 42 10 0 0 81 0 50 0 1 74 0 0 64 31 0 0 22 0 54 0 14 59 0 44 33 0 15 66 4 55 20 0 0 97 0 60 0 48 21 83 0 0 13 0 50 78 0 68 26 64 81 0 14 0 38 23 21 85 71 0 99 85 0 78 94 0 52 83 25 0 0 0 3 50 0 0 0 31 79 0 0 88 63 38 0 0 77 32 47 60 
56 7 0 0 0 93 31 79 0 0 70 94 0 1 61 38 13 82 26 27 46 83 1 13 83 0 47 41 97 0 37 87 0 62 26 23 0 6 0 89 46 55 56 0 0 70 0 90 55 37 13 0 76 20 0 0 91 54 70 0 57 96 56 0 0 40 74 76 45 0 53 95 93 0 84 0 81 50 0 31 0 3 0 64 0 68 2 84 0 51 0 78 91 37 99 0 33 20 0 34 
52 0 0 96 19 0 2 0 70 47 29 0 18 66 11 0 42 88 8 0 40 0 8 70 0 83 51 0 0 23 82 0 81 46 87 83 0 23 87 0 0 32 0 41 82 17 54 26 0 0 24 0 0 0 0 63 21 23 0 0 55 91 0 17 36 72 44 73 0 68 0 11 74 0 15 9 0 0 28 42 0 50 64 0 57 64 20 57 46 21 0 48 99 12 22 0 0 0 0 59 
0 0 73 0 71 78 0 0 0 0 11 0 28 15 50 86 53 80 0 25 0 93 0 0 0 94 0 0 5 0 0 56 91 99 16 67 93 30 80 28 69 0 95 78 0 0 31 2 0 48 14 0 80 0 4 76 0 69 66 13 9 74 0 0 0 12 0 48 60 45 68 0 0 22 59 68 69 0 85 35 0 0 0 57 0 0 0 16 55 0 0 0 0 0 0 65 0 60 36 85 
0 0 0 0 41 67 27 63 90 73 45 0 84 30 51 0 87 0 0 40 0 60 0 0 46 0 0 97 76 17 14 0 0 0 0 0 80 95 0 33 21 99 38 37 5 13 64 60 43 0 30 95 0 0 88 10 61 40 0 56 0 68 6 97 85 14 0 0 27 0 17 0 25 0 30 49 0 86 65 71 0 0 68 64 0 0 0 38 73 13 96 0 0 0 27 0 48 14 0 84 
98 37 82 21 0 37 83 0 75 85 0 24 78 0 0 0 68 21 53 0 0 60 44 66 0 96 65 8 37 60 77 43 40 63 65 99 85 0 11 0 0 0 43 0 0 0 57 29 31 7 21 90 39 52 0 75 59 10 51 53 21 24 39 87 100 37 50 20 39 84 6 97 0 91 46 0 47 0 56 25 59 0 2 20 0 0 0 0 0 52 0 58 0 36 91 30 90 22 0 0 
48 0 45 25 8 37 17 2 0 0 0 0 0 20 81 76 23 0 0 0 29 0 0 37 39 68 25 0 92 0 0 56 0 90 42 0 53 40 52 5 0 30 0 0 0 30 0 0 0 84 25 0 70 35 0 7 0 50 5 37 64 69 58 0 0 0 66 0 10 0 86 12 64 44 13 85 5 0 0 30 0 31 84 57 16 38 0 0 66 0 63 83 32 74 75 79 13 56 0 98 
21 3 55 92 13 0 14 63 0 0 54 20 54 0 54 100 1 99 14 13 0 79 70 0 55 0 86 0 61 67 0 95 0 53 32 12 77 64 0 75 37 93 63 68 0 19 0 0 46 0 0 7 96 56 49 60 0 52 35 0 63 0 17 0 0 17 98 66 5 38 100 0 0 74 50 57 82 53 0 0 6 79 0 46 55 73 0 66 0 0 96 49 90 92 26 94 25 53 11 0 
30 24 58 82 0 0 0 50 5 55 0 10 0 70 93 89 55 100 72 20 97 0 0 0 0 53 0 18 0 0 57 0 0 100 58 0 87 97 27 32 92 95 48 63 6 0 39 0 0 0 54 0 69 63 0 6 25 77 0 0 0 96 0 0 12 73 55 18 0 30 0 38 58 68 70 64 56 58 11 8 86 0 51 21 0 13 52 0 0 0 2 0 0 0 22 56 0 0 0 19 
0 0 90 25 0 0 23 0 0 85 0 0 5 48 0 0 20 75 91 0 0 0 48 0 72 51 0 0 0 14 4 17 38 45 0 69 0 44 37 0 98 0 9 0 0 0 0 77 0 6 81 0 98 84 22 12 0 56 38 0 23 75 65 10 0 0 18 0 41 0 29 57 79 41 65 0 0 75 24 43 0 0 0 0 0 96 0 63 96 2 0 23 74 55 52 0 42 76 49 21 
0 0 0 14 0 97 93 87 0 0 87 50 65 0 9 21 0 73 50 0 45 30 5 94 0 67 73 59 29 40 5 87 5 95 60 47 2 68 42 0 0 41 67 0 0 0 0 27 11 73 48 72 14 8 0 90 37 0 0 0 0 85 0 18 82 43 13 0 22 31 0 0 62 0 53 0 0 23 53 0 0 88 78 48 0 0 58 83 49 0 23 0 88 50 87 57 64 8 0 24 
1 53 16 0 58 77 4 0 97 0 0 89 89 16 88 75 21 36 0 0 55 34 46 98 18 94 0 36 0 56 48 9 0 0 52 96 15 0 68 0 61 78 51 0 0 43 91 0 0 4 57 0 0 0 50 0 38 66 0 52 22 32 52 66 0 70 43 95 54 61 48 0 63 69 46 0 27 47 85 84 39 63 91 99 0 0 0 32 90 0 74 88 0 40 96 2 64 0 4 2 
89 72 0 38 0 0 75 59 0 7 80 0 94 75 100 0 0 90 0 33 0 23 0 0 57 12 99 63 39 0 0 79 0 0 9 0 97 78 0 0 3 43 38 57 66 31 0 3 18 18 0 9 63 75 5 0 0 0 18 0 60 63 13 0 0 31 97 0 0 0 0 68 30 0 0 54 29 0 10 18 0 38 37 12 0 0 36 74 92 0 55 50 40 0 0 21 0 58 0 11 
3 0 0 0 86 0 82 81 0 0 92 0 86 85 14 33 42 34 63 15 0 0 0 0 0 51 66 24 7 73 0 16 19 12 62 33 84 69 99 64 93 28 41 53 9 87 3 68 41 53 81 54 76 0 96 38 0 18 82 24 0 0 59 0 0 77 30 94 72 24 83 0 0 0 0 0 95 87 91 0 0 0 99 22 0 27 91 75 26 22 52 87 96 0 0 31 50 21 87 41 
46 55 31 79 2 29 0 0 97 0 74 34 75 66 0 49 0 69 0 0 0 0 43 0 45 0 0 0 97 0 40 8 0 32 21 0 4 76 26 90 0 0 0 61 0 85 29 0 1 0 0 20 73 0 81 0 5 22 0 27 20 0 47 0 0 44 0 99 29 18 0 93 0 0 4 77 28 58 67 26 26 0 0 0 65 0 30 79 94 56 0 57 2 21 31 0 40 84 4 0 
53 10 0 0 4 0 23 0 85 73 24 9 71 0 100 79 0 0 0 0 20 0 61 96 0 71 0 18 46 0 18 0 37 0 0 0 67 13 74 0 46 20 92 69 0 75 39 55 0 0 0 72 54 70 34 91 69 7 51 98 23 0 73 95 45 9 17 0 9 15 65 0 4 72 0 0 46 27 0 0 5 77 33 0 0 48 90 13 25 0 42 64 64 0 50 40 0 54 34 20 
36 0 0 0 45 0 0 0 39 0 0 54 0 89 28 93 0 19 83 33 84 0 19 0 0 0 0 0 77 18 27 92 0 43 0 11 0 26 0 27 50 75 0 95 0 36 0 7 75 26 74 0 0 0 55 55 64 0 87 80 18 100 50 51 0 23 66 0 98 68 20 45 61 29 0 35 8 0 74 0 17 32 20 0 60 14 22 56 53 0 76 8 0 58 21 84 54 0 0 26 
0 7 20 0 0 50 0 57 0 0 43 97 0 0 0 0 0 90 8 0 55 67 59 32 18 96 46 0 85 74 0 45 0 13 0 47 0 4 0 0 61 39 83 72 0 0 74 0 0 0 0 0 0 0 51 0 19 0 74 0 66 35 92 0 0 55 0 0 0 0 0 100 0 46 0 0 14 0 41 0 38 47 0 0 36 0 0 0 11 0 49 0 4 0 87 4 34 0 0 76 
4 0 0 76 36 0 27 0 16 0 20 0 21 0 0 84 36 0 0 20 0 48 0 28 0 0 27 90 49 47 20 0 7 85 0 40 0 0 0 46 32 0 16 79 0 0 0 65 0 48 0 0 46 63 0 53 0 0 35 32 0 19 0 71 0 36 0 31 38 96 62 71 0 43 63 54 0 75 26 3 0 60 34 59 85 84 0 98 0 19 21 24 2 11 41 0 20 26 76 0 
