0 0 70 0 0 0 0 0 0 0 0 0 0 9 0 49 0 0 68 80 0 0 0 0 0 0 0 0 0 89 0 0 0 0 76 0 0 0 0 0 90 0 0 0 0 0 0 0 0 0 31 0 0 0 73 0 0 0 12 86 0 0 0 0 0 0 0 0 0 68 0 0 0 0 92 0 0 0 0 0 0 0 0 0 0 0 0 0 0 0 0 0 0 0 0 0 42 0 0 0 
0 0 0 48 0 0 35 85 0 0 0 0 0 0 42 0 63 0 0 0 11 0 0 0 25 0 0 7 0 30 0 0 0 0 0 0 0 0 0 0 84 0 0 0 0 0 0 0 0 0 0 0 0 0 0 0 0 0 0 0 0 0 98 0 0 0 0 0 0 0 0 0 0 0 0 0 0 0 0 0 0 0 0 42 0 0 0 0 0 1 0 0 0 53 0 96 0 0 0 0 
70 0 0 0 0 0 0 0 0 14 0 0 0 64 0 0 85 38 0 0 0 0 0 0 0 0 0 0 0 0 35 0 0 54 0 0 95 0 0 0 0 0 0 0 0 0 0 0 0 0 0 0 0 0 0 0 0 71 0 0 0 0 0 22 0 0 0 0 0 0 0 0 0 0 0 0 0 0 0 0 13 52 0 0 0 0 0 0 0 0 92 0 0 89 0 0 0 0 67 0 
0 48 0 0 0 0 0 0 0 0 0 0 0 0 0 0 0 0 0 80 0 0 0 0 42 69 0 0 45 0 0 0 0 0 6 0 0 0 0 0 0 0 0 0 57 0 0 0 0 0 0 0 0 0 0 0 0 0 0 0 0 0 0 0 0 0 0 0 0 72 0 53 91 0 0 57 36 0 0 0 0 0 72 6 0 0 0 0 98 0 0 0 0 0 0 0 0 0 0 0 
0 0 0 0 0 0 0 0 0 0 0 0 0 0 0 0 55 0 32 0 0 0 0 0 0 0 0 0 0 54 0 0 1 0 0 0 11 0 0 0 0 0 0 0 0 12 0 0 0 0 0 36 26 0 0 0 0 0 88 0 0 88 0 0 0 0 0 84 0 0 0 28 0 0 0 0 67 0 0 0 0 0 0 0 0 0 0 0 0 0 0 5 0 0 0 32 0 0 0 0 
0 0 0 0 0 0 0 0 11 0 0 0 0 0 0 0 0 0 0 0 0 0 80 0 0 21 0 71 0 0 0 0 0 0 0 0 36 0 0 0 0 0 0 19 0 0 0 0 0 0 0 0 0 0 0 0 0 0 0 0 0 0 54 0 0 0 0 0 0 0 0 0 0 0 0 0 0 8 0 0 0 56 0 0 13 0 0 0 64 0 0 0 0 0 0 0 0 0 0 0 
0 35 0 0 0 0 0 0 0 0 0 0 0 0 0 0 0 0 0 0 0 0 0 0 0 0 0 100 0 0 0 42 0 0 0 76 0 0 0 93 0 0 0 0 0 0 0 0 0 0 33 0 0 0 0 0 77 50 0 0 0 44 0 0 55 0 0 0 21 0 0 0 0 0 0 0 0 0 0 50 0 0 0 0 0 0 0 0 0 0 0 0 77 24 0 13 0 0 0 0 
0 85 0 0 0 0 0 0 0 0 0 0 0 0 0 0 0 0 0 0 0 0 3 0 0 0 0 0 0 0 19 0 0 0 0 0 0 0 0 0 0 0 0 0 0 1 0 0 0 0 0 0 0 33 0 0 64 0 0 0 0 0 0 0 0 3 15 0 0 0 0 0 0 0 0 0 53 0 0 0 0 4 0 0 0 0 0 0 0 0 33 0 0 45 0 0 86 0 0 0 
0 0 0 0 0 11 0 0 0 0 0 0 0 0 0 0 0 0 0 0 0 0 0 0 0 0 0 0 0 0 0 0 44 0 66 0 0 0 0 0 0 0 0 0 0 0 0 0 0 0 4 0 0 0 0 0 26 0 74 0 0 0 0 26 0 0 0 0 0 0 0 0 0 0 0 45 0 0 0 0 0 0 0 0 0 92 0 0 63 0 0 0 0 0 0 0 0 0 0 0 
0 0 14 0 0 0 0 0 0 0 66 0 28 0 98 0 0 0 0 0 0 0 0 0 0 0 0 0 0 60 0 0 0 0 0 0 0 0 0 0 60 0 0 0 0 0 0 0 0 0 0 0 0 0 0 51 0 0 0 0 0 0 58 0 0 0 0 0 0 0 0 59 0 22 0 16 0 0 0 0 0 0 99 0 0 0 0 37 0 0 0 0 0 0 14 0 0 0 0 17 
0 0 0 0 0 0 0 0 0 66 0 0 0 0 0 0 0 0 0 0 0 0 0 0 0 36 0 0 0 0 63 0 0 0 0 0 0 0 0 0 0 54 0 0 0 63 0 0 0 34 0 0 67 0 0 0 81 0 0 0 0 0 0 69 0 0 0 0 0 88 0 0 0 0 0 0 0 0 0 0 0 0 0 0 0 0 0 59 0 0 97 0 0 0 0 0 0 0 0 0 
0 0 0 0 0 0 0 0 0 0 0 0 0 0 0 0 0 0 0 0 0 0 97 0 0 0 0 0 11 0 0 0 0 0 0 21 0 0 0 0 0 0 97 0 0 0 0 55 18 0 0 0 0 0 88 0 0 0 0 0 0 0 0 0 0 0 0 0 59 0 82 0 0 0 0 0 0 0 0 51 0 58 48 0 0 0 50 0 0 0 0 0 0 34 19 0 0 0 0 0 
0 0 0 0 0 0 0 0 0 28 0 0 0 0 0 0 97 83 0 7 0 0 0 0 47 50 89 0 46 0 0 62 0 0 0 0 0 0 0 44 0 0 0 69 0 0 33 0 0 0 0 0 0 0 0 0 0 0 0 0 0 0 0 0 0 0 0 0 0 0 0 16 0 0 0 0 0 0 0 0 4 0 0 0 0 0 0 0 0 0 0 0 0 0 0 0 0 41 0 0 
9 0 64 0 0 0 0 0 0 0 0 0 0 0 0 20 0 0 0 0 5 0 0 0 0 0 0 0 0 43 0 0 30 0 0 0 0 0 0 0 0 85 0 0 0 0 0 0 12 0 0 0 0 0 0 0 0 0 0 0 0 0 0 0 0 0 0 0 0 0 0 0 0 0 0 0 96 56 0 0 87 0 0 0 0 0 0 0 0 0 0 0 32 0 34 74 56 0 0 0 
0 42 0 0 0 0 0 0 0 98 0 0 0 0 0 67 0 0 0 0 0 0 0 0 0 0 0 0 0 0 0 0 0 0 0 0 0 72 0 0 0 0 27 0 0 0 0 8 0 0 0 0 0 0 75 0 0 0 0 0 45 0 0 0 81 41 77 0 1 0 0 0 0 0 0 0 0 0 0 0 0 0 0 0 0 0 0 11 0 0 0 0 0 0 0 0 0 0 88 0 
49 0 0 0 0 0 0 0 0 0 0 0 0 20 67 0 0 62 0 0 28 0 0 0 0 80 0 0 0 0 0 0 0 43 0 0 58 0 0 0 0 0 0 0 0 0 0 0 0 58 0 0 0 0 0 0 0 0 0 0 0 0 0 0 0 0 0 0 64 0 0 0 0 0 0 7 0 0 68 0 0 0 0 0 0 14 0 0 0 0 0 0 0 0 0 0 0 0 69 0 
0 63 85 0 55 0 0 0 0 0 0 0 97 0 0 0 0 0 34 0 0 0 0 0 0 0 0 0 0 0 0 0 0 0 0 0 0 0 0 0 0 0 0 0 0 0 0 0 0 0 0 0 30 0 0 0 0 0 0 61 0 0 0 0 0 0 0 0 0 0 0 0 0 0 0 8 13 0 45 0 0 0 0 0 0 11 33 0 0 0 89 0 0 0 0 0 0 7 82 0 
0 0 38 0 0 0 0 0 0 0 0 0 83 0 0 62 0 0 0 0 0 32 0 0 0 0 0 0 0 0 25 0 0 80 0 0 0 0 0 29 0 0 0 0 0 0 0 0 0 0 0 0 0 0 0 0 0 0 0 0 27 0 0 71 0 0 0 0 0 0 0 0 0 58 0 0 0 33 0 0 52 0 0 28 0 0 0 0 0 0 3 0 0 0 0 95 0 0 0 0 
68 0 0 0 32 0 0 0 0 0 0 0 0 0 0 0 34 0 0 0 0 0 0 0 0 0 0 0 0 0 0 0 0 0 8 0 0 0 0 0 0 0 0 0 0 3 0 0 0 0 0 90 0 0 29 76 0 0 0 0 0 62 0 0 0 0 27 0 0 0 0 0 0 0 0 0 0 0 0 0 0 0 0 0 0 0 0 29 0 0 0 0 0 0 0 0 0 0 0 0 
80 0 0 80 0 0 0 0 0 0 0 0 7 0 0 0 0 0 0 0 0 0 0 4 0 0 0 0 0 0 0 0 0 0 0 0 0 0 5 0 0 0 0 0 0 0 0 0 0 0 0 0 0 0 0 0 0 0 0 0 0 0 42 0 5 0 0 8 0 0 0 97 74 0 0 0 0 0 0 0 0 0 0 0 36 0 12 51 18 0 0 0 0 0 0 0 0 0 0 0 
0 11 0 0 0 0 0 0 0 0 0 0 0 5 0 28 0 0 0 0 0 0 20 0 0 0 21 95 9 0 0 0 0 0 0 0 0 0 0 63 89 0 0 0 0 0 0 58 0 0 0 0 0 0 0 74 0 0 78 0 0 39 0 0 82 0 0 0 0 0 0 0 0 0 0 0 0 0 0 0 0 0 0 0 0 0 18 0 0 0 0 0 0 0 0 0 0 0 0 0 
0 0 0 0 0 0 0 0 0 0 0 0 0 0 0 0 0 32 0 0 0 0 0 15 0 0 0 0 0 0 0 0 0 0 0 0 0 0 0 0 0 0 0 0 0 0 0 0 0 0 0 0 0 12 0 0 29 0 0 0 0 0 0 0 0 0 100 0 0 0 0 0 0 33 0 0 0 0 0 0 0 0 0 0 0 55 0 0 0 0 0 0 0 97 0 0 0 0 0 0 
0 0 0 0 0 80 0 3 0 0 0 97 0 0 0 0 0 0 0 0 20 0 0 0 0 0 0 0 0 0 0 0 0 0 0 0 0 0 0 0 0 25 0 70 0 0 0 0 0 0 0 0 0 0 0 0 33 0 0 0 0 0 0 0 0 0 0 0 0 0 0 0 36 0 0 0 0 0 0 0 0 0 12 0 22 0 0 0 0 13 97 0 0 0 0 0 0 0 0 26 
0 0 0 0 0 0 0 0 0 0 0 0 0 0 0 0 0 0 0 4 0 15 0 0 0 0 0 0 0 0 0 0 0 0 0 0 0 68 0 57 0 0 0 0 0 0 0 0 0 80 0 93 0 0 0 0 0 47 0 0 0 0 0 0 0 0 0 0 0 26 0 0 0 0 0 0 0 0 0 0 55 0 0 0 0 0 0 0 0 0 0 0 0 58 0 53 0 0 0 0 
0 25 0 42 0 0 0 0 0 0 0 0 47 0 0 0 0 0 0 0 0 0 0 0 0 0 0 0 23 0 0 0 0 0 78 0 0 0 0 16 0 54 0 0 0 0 0 0 0 0 0 0 0 0 78 0 0 0 0 0 0 0 0 0 0 0 0 0 0 0 0 0 66 0 49 0 0 0 0 0 0 0 0 0 0 0 33 0 0 3 36 0 0 0 0 0 0 0 0 0 
0 0 0 69 0 21 0 0 0 0 36 0 50 0 0 80 0 0 0 0 0 0 0 0 0 0 0 0 0 0 0 96 0 0 0 0 100 0 0 0 0 0 0 0 0 0 0 0 0 0 0 0 24 0 0 0 0 90 0 0 0 0 12 0 0 0 0 0 0 0 0 0 0 0 0 0 0 0 0 0 0 1 0 0 72 31 0 0 0 0 0 0 0 0 23 6 0 0 0 0 
0 0 0 0 0 0 0 0 0 0 0 0 89 0 0 0 0 0 0 0 21 0 0 0 0 0 0 62 0 0 0 68 0 0 0 0 0 0 0 0 0 0 0 0 70 0 0 0 0 0 0 0 9 0 0 0 0 0 74 0 0 97 0 79 0 0 0 0 0 0 0 0 0 0 0 0 0 0 52 61 0 0 0 0 0 95 15 0 0 0 52 0 0 0 64 0 0 0 0 0 
0 7 0 0 0 71 100 0 0 0 0 0 0 0 0 0 0 0 0 0 95 0 0 0 0 0 62 0 0 0 0 0 77 0 0 56 0 0 0 0 0 0 0 0 0 0 36 0 0 44 0 0 26 0 0 0 0 0 0 0 0 0 0 0 0 0 0 0 48 0 0 0 0 0 0 0 0 0 0 0 0 0 0 0 0 39 0 0 0 0 0 0 42 0 0 0 0 0 0 0 
0 0 0 45 0 0 0 0 0 0 0 11 46 0 0 0 0 0 0 0 9 0 0 0 23 0 0 0 0 0 0 0 100 0 0 0 0 8 0 0 0 0 0 0 0 0 0 0 0 0 0 0 0 0 0 0 0 0 0 48 0 0 56 0 0 47 0 45 0 0 0 0 0 0 0 89 0 0 0 0 0 0 0 0 0 0 31 0 0 0 0 0 0 0 75 0 0 0 0 51 
89 30 0 0 54 0 0 0 0 60 0 0 0 43 0 0 0 0 0 0 0 0 0 0 0 0 0 0 0 0 0 0 0 0 0 0 0 14 0 0 10 0 0 0 0 0 0 0 0 0 20 100 0 61 0 0 0 0 0 0 62 0 0 0 0 0 0 0 0 0 0 0 0 0 65 0 0 0 0 0 0 0 0 0 0 0 0 0 7 0 0 0 0 0 20 57 0 0 0 0 
0 0 35 0 0 0 0 19 0 0 63 0 0 0 0 0 0 25 0 0 0 0 0 0 0 0 0 0 0 0 0 0 0 0 0 0 0 0 0 0 0 0 0 0 0 0 0 0 0 0 0 0 0 0 0 0 0 0 0 0 92 91 0 81 0 0 0 0 0 0 0 0 0 0 0 0 0 0 0 0 0 0 0 13 0 0 0 0 0 64 0 0 0 0 0 0 0 0 18 0 
0 0 0 0 0 0 42 0 0 0 0 0 62 0 0 0 0 0 0 0 0 0 0 0 0 96 68 0 0 0 0 0 0 0 0 69 68 0 0 0 0 0 0 0 0 0 0 0 44 0 0 2 74 0 3 86 2 0 0 0 0 0 13 0 0 0 0 90 69 0 0 0 0 0 0 0 0 0 0 0 0 0 0 0 0 0 0 0 0 0 0 0 0 0 0 0 0 0 0 0 
0 0 0 0 1 0 0 0 44 0 0 0 0 30 0 0 0 0 0 0 0 0 0 0 0 0 0 77 100 0 0 0 0 0 0 0 0 0 0 0 0 0 0 0 0 0 0 0 94 0 90 0 0 0 0 0 0 0 0 0 0 0 0 0 0 0 0 0 95 0 0 0 0 0 0 0 0 0 0 56 0 0 0 0 0 0 0 0 57 0 0 0 96 0 0 0 5 0 0 0 
0 0 54 0 0 0 0 0 0 0 0 0 0 0 0 43 0 80 0 0 0 0 0 0 0 0 0 0 0 0 0 0 0 0 0 0 0 0 0 0 0 0 77 0 88 0 0 0 0 1 0 0 0 51 0 0 0 0 0 0 16 93 0 0 0 91 25 0 0 0 0 0 0 0 0 0 0 0 0 0 0 0 49 0 0 0 0 0 0 0 0 0 0 0 0 0 32 0 0 0 
76 0 0 6 0 0 0 0 66 0 0 0 0 0 0 0 0 0 8 0 0 0 0 0 78 0 0 0 0 0 0 0 0 0 0 0 0 0 0 0 0 0 0 0 0 0 0 0 0 0 0 4 0 0 0 0 0 0 0 7 77 0 0 0 0 1 0 4 0 0 0 0 0 0 52 0 2 0 50 0 0 0 33 0 0 0 0 0 0 0 0 0 0 0 73 0 0 0 0 0 
0 0 0 0 0 0 76 0 0 0 0 21 0 0 0 0 0 0 0 0 0 0 0 0 0 0 0 56 0 0 0 69 0 0 0 0 0 0 60 78 45 0 0 0 0 0 0 0 0 0 0 0 0 0 0 0 0 64 0 0 0 0 0 26 0 0 0 0 0 0 0 0 0 0 0 0 32 70 0 0 0 0 0 78 0 0 0 0 0 0 31 49 0 0 0 6 0 0 0 0 
0 0 95 0 11 36 0 0 0 0 0 0 0 0 0 58 0 0 0 0 0 0 0 0 0 100 0 0 0 0 0 68 0 0 0 0 0 0 47 0 71 0 63 0 0 23 0 0 65 0 0 0 0 0 0 0 97 0 0 0 0 0 0 0 0 0 0 0 0 0 0 0 0 0 0 0 49 0 0 0 0 0 63 0 0 0 0 0 0 0 0 0 0 0 64 0 0 0 0 0 
0 0 0 0 0 0 0 0 0 0 0 0 0 0 72 0 0 0 0 0 0 0 0 68 0 0 0 0 8 14 0 0 0 0 0 0 0 0 0 0 0 0 0 31 0 0 0 0 0 0 0 0 0 0 0 0 0 0 0 0 0 0 0 86 37 34 0 0 0 0 68 0 0 0 0 54 0 0 92 0 8 0 66 0 0 64 0 0 0 0 0 0 0 0 0 0 0 0 0 0 
0 0 0 0 0 0 0 0 0 0 0 0 0 0 0 0 0 0 0 5 0 0 0 0 0 0 0 0 0 0 0 0 0 0 0 60 47 0 0 41 0 87 0 0 0 0 0 44 0 0 87 2 0 0 0 0 0 0 0 0 0 0 0 0 0 0 0 26 0 0 0 0 0 0 0 48 0 37 56 0 0 0 0 0 0 0 0 89 0 0 0 0 0 0 0 0 0 58 82 0 
0 0 0 0 0 0 93 0 0 0 0 0 44 0 0 0 0 29 0 0 63 0 0 57 16 0 0 0 0 0 0 0 0 0 0 78 0 0 41 0 0 62 0 0 0 0 0 0 0 0 0 8 0 0 51 0 0 0 0 0 0 0 0 0 0 0 0 0 0 0 19 0 0 0 0 0 0 0 0 0 0 0 0 0 0 0 0 13 0 0 0 36 61 0 0 0 0 0 0 0 
90 84 0 0 0 0 0 0 0 60 0 0 0 0 0 0 0 0 0 0 89 0 0 0 0 0 0 0 0 10 0 0 0 0 0 45 71 0 0 0 0 0 0 8 0 0 0 78 0 72 0 0 27 0 0 0 0 0 0 0 0 83 0 0 0 0 0 0 0 0 0 0 0 0 0 0 0 0 0 0 0 0 0 0 0 0 0 85 78 0 0 7 0 0 0 0 0 0 0 0 
0 0 0 0 0 0 0 0 0 0 54 0 0 85 0 0 0 0 0 0 0 0 25 0 54 0 0 0 0 0 0 0 0 0 0 0 0 0 87 62 0 0 0 0 0 0 0 98 0 0 0 0 0 17 0 0 0 94 0 0 0 0 0 80 0 0 0 0 0 0 0 0 0 0 0 0 0 84 0 0 0 0 0 0 0 0 49 0 0 0 0 0 0 0 0 0 0 0 0 0 
0 0 0 0 0 0 0 0 0 0 0 97 0 0 27 0 0 0 0 0 0 0 0 0 0 0 0 0 0 0 0 0 0 77 0 0 63 0 0 0 0 0 0 99 0 0 0 46 0 0 0 0 0 33 0 0 0 0 0 0 0 0 0 0 0 96 0 0 0 0 64 0 0 0 90 0 0 0 0 0 0 0 0 0 0 0 0 0 0 0 0 0 0 0 0 0 0 0 0 0 
0 0 0 0 0 19 0 0 0 0 0 0 69 0 0 0 0 0 0 0 0 0 70 0 0 0 0 0 0 0 0 0 0 0 0 0 0 31 0 0 8 0 99 0 0 0 0 0 0 0 0 93 0 0 0 0 83 0 0 88 69 0 96 0 0 96 89 0 0 0 0 0 0 0 0 0 0 4 0 26 0 0 0 0 0 0 0 0 0 0 0 0 0 0 0 0 0 0 0 0 
0 0 0 57 0 0 0 0 0 0 0 0 0 0 0 0 0 0 0 0 0 0 0 0 0 0 70 0 0 0 0 0 0 88 0 0 0 0 0 0 0 0 0 0 0 0 0 92 0 0 0 0 0 0 0 0 0 0 0 0 0 62 0 0 0 0 16 0 0 0 0 0 0 0 0 17 1 0 0 0 0 0 0 0 0 0 0 44 0 0 0 0 0 0 0 0 0 0 0 0 
0 0 0 0 12 0 0 1 0 0 63 0 0 0 0 0 0 0 3 0 0 0 0 0 0 0 0 0 0 0 0 0 0 0 0 0 23 0 0 0 0 0 0 0 0 0 0 0 0 0 0 0 0 5 0 0 0 0 0 0 0 0 4 0 0 0 0 0 0 0 0 0 0 39 0 95 0 63 42 0 0 0 76 0 0 0 0 0 0 0 0 0 22 0 86 93 0 0 0 0 
0 0 0 0 0 0 0 0 0 0 0 0 33 0 0 0 0 0 0 0 0 0 0 0 0 0 0 36 0 0 0 0 0 0 0 0 0 0 0 0 0 0 0 0 0 0 0 0 0 0 0 0 0 0 0 0 0 0 0 0 2 0 0 0 0 0 0 0 0 29 0 27 0 0 0 0 0 0 0 0 0 0 0 0 0 0 0 0 24 0 0 0 0 0 0 0 13 69 0 0 
0 0 0 0 0 0 0 0 0 0 0 55 0 0 8 0 0 0 0 0 58 0 0 0 0 0 0 0 0 0 0 0 0 0 0 0 0 0 44 0 78 98 46 0 92 0 0 0 49 0 0 0 0 0 0 0 96 77 0 0 0 0 0 25 0 0 0 0 0 0 0 0 0 55 0 0 0 0 0 0 2 8 0 0 0 0 0 0 0 0 0 0 0 0 0 0 0 0 0 0 
0 0 0 0 0 0 0 0 0 0 0 18 0 12 0 0 0 0 0 0 0 0 0 0 0 0 0 0 0 0 0 44 94 0 0 0 65 0 0 0 0 0 0 0 0 0 0 49 0 0 0 0 0 0 87 0 28 0 26 95 0 0 0 0 0 0 0 0 0 0 0 0 0 0 0 0 0 0 97 0 100 0 0 0 11 0 0 0 0 71 0 0 0 0 0 0 37 0 0 0 
0 0 0 0 0 0 0 0 0 0 34 0 0 0 0 58 0 0 0 0 0 0 0 80 0 0 0 44 0 0 0 0 0 1 0 0 0 0 0 0 72 0 0 0 0 0 0 0 0 0 0 0 0 0 0 36 0 0 58 85 0 0 5 0 0 0 0 0 0 64 0 22 0 0 0 88 0 1 0 0 0 0 0 0 0 0 0 0 0 0 0 0 0 26 0 0 0 0 0 0 
31 0 0 0 0 0 33 0 4 0 0 0 0 0 0 0 0 0 0 0 0 0 0 0 0 0 0 0 0 20 0 0 90 0 0 0 0 0 87 0 0 0 0 0 0 0 0 0 0 0 0 0 0 0 0 0 0 0 0 30 68 41 25 0 24 0 0 0 0 0 0 0 0 0 92 0 0 0 0 0 0 23 0 95 0 0 0 62 0 0 0 0 0 0 0 0 0 0 0 0 
0 0 0 0 36 0 0 0 0 0 0 0 0 0 0 0 0 0 90 0 0 0 0 93 0 0 0 0 0 100 0 2 0 0 4 0 0 0 2 8 0 0 0 93 0 0 0 0 0 0 0 0 0 0 0 75 0 0 0 0 0 69 0 0 0 0 0 0 0 0 0 0 0 0 0 0 0 0 0 76 0 0 0 0 0 0 0 0 0 0 0 0 0 0 0 45 0 0 0 0 
0 0 0 0 26 0 0 0 0 0 67 0 0 0 0 0 30 0 0 0 0 0 0 0 0 24 9 26 0 0 0 74 0 0 0 0 0 0 0 0 27 0 0 0 0 0 0 0 0 0 0 0 0 0 0 0 0 13 0 0 16 0 0 0 92 0 0 0 0 27 0 0 0 0 0 0 0 0 0 0 0 0 0 0 0 19 0 90 0 0 0 0 0 0 0 0 0 0 70 0 
0 0 0 0 0 0 0 33 0 0 0 0 0 0 0 0 0 0 0 0 0 12 0 0 0 0 0 0 0 61 0 0 0 51 0 0 0 0 0 0 0 17 33 0 0 5 0 0 0 0 0 0 0 0 0 0 0 0 0 0 0 0 0 0 68 0 0 0 0 0 0 48 0 23 0 46 0 0 0 0 0 0 0 0 0 0 0 0 30 0 0 0 0 0 0 0 0 22 67 0 
73 0 0 0 0 0 0 0 0 0 0 88 0 0 75 0 0 0 29 0 0 0 0 0 78 0 0 0 0 0 0 3 0 0 0 0 0 0 0 51 0 0 0 0 0 0 0 0 87 0 0 0 0 0 0 0 0 0 0 0 0 0 0 0 0 0 0 0 0 0 0 0 0 0 16 0 0 9 0 0 0 0 0 0 0 0 0 0 0 0 0 0 0 0 0 0 0 36 0 0 
0 0 0 0 0 0 0 0 0 51 0 0 0 0 0 0 0 0 76 0 74 0 0 0 0 0 0 0 0 0 0 86 0 0 0 0 0 0 0 0 0 0 0 0 0 0 0 0 0 36 0 75 0 0 0 0 0 0 0 0 0 0 0 0 0 0 19 20 0 0 0 5 0 0 0 0 0 0 0 0 1 0 0 0 0 0 0 0 0 0 0 0 0 0 0 0 88 0 0 0 
0 0 0 0 0 0 77 64 26 0 81 0 0 0 0 0 0 0 0 0 0 29 33 0 0 0 0 0 0 0 0 2 0 0 0 0 97 0 0 0 0 0 0 83 0 0 0 96 28 0 0 0 0 0 0 0 0 0 96 0 0 0 0 0 0 0 0 0 8 0 0 0 0 0 0 0 0 96 0 0 0 0 0 0 0 0 0 0 0 0 0 0 0 0 11 0 0 0 0 0 
0 0 71 0 0 0 50 0 0 0 0 0 0 0 0 0 0 0 0 0 0 0 0 47 0 90 0 0 0 0 0 0 0 0 0 64 0 0 0 0 0 94 0 0 0 0 0 77 0 0 0 0 13 0 0 0 0 0 0 0 0 0 0 0 0 0 0 0 0 0 0 0 0 0 67 0 55 0 37 0 72 84 0 0 0 0 0 0 0 0 11 33 0 0 0 0 0 0 0 0 
12 0 0 0 88 0 0 0 74 0 0 0 0 0 0 0 0 0 0 0 78 0 0 0 0 0 74 0 0 0 0 0 0 0 0 0 0 0 0 0 0 0 0 0 0 0 0 0 26 58 0 0 0 0 0 0 96 0 0 0 68 0 0 0 0 0 0 0 28 0 0 0 0 0 0 0 0 0 0 0 0 0 0 0 0 0 0 0 0 0 0 0 94 0 0 0 0 0 0 0 
86 0 0 0 0 0 0 0 0 0 0 0 0 0 0 0 61 0 0 0 0 0 0 0 0 0 0 0 48 0 0 0 0 0 7 0 0 0 0 0 0 0 0 88 0 0 0 0 95 85 30 0 0 0 0 0 0 0 0 0 0 90 0 0 0 0 0 0 0 0 0 0 0 0 0 0 83 0 0 0 0 0 0 0 0 0 0 0 30 0 21 0 0 0 0 0 0 0 0 0 
0 0 0 0 0 0 0 0 0 0 0 0 0 0 45 0 0 27 0 0 0 0 0 0 0 0 0 0 0 62 92 0 0 16 77 0 0 0 0 0 0 0 0 69 0 0 2 0 0 0 68 0 16 0 0 0 0 0 68 0 0 0 0 0 0 0 0 0 0 0 0 0 0 0 0 0 0 27 0 0 0 0 0 0 0 0 84 0 0 0 0 0 0 66 0 0 0 0 96 0 
0 0 0 0 88 0 44 0 0 0 0 0 0 0 0 0 0 0 62 0 39 0 0 0 0 0 97 0 0 0 91 0 0 93 0 0 0 0 0 0 83 0 0 0 62 0 0 0 0 0 41 69 0 0 0 0 0 0 0 90 0 0 0 0 0 8 0 0 0 0 0 0 0 0 0 0 0 0 0 0 0 0 63 0 0 44 0 0 0 0 0 0 0 0 0 0 0 0 0 0 
0 98 0 0 0 54 0 0 0 58 0 0 0 0 0 0 0 0 0 42 0 0 0 0 0 12 0 0 56 0 0 13 0 0 0 0 0 0 0 0 0 0 0 96 0 4 0 0 0 5 25 0 0 0 0 0 0 0 0 0 0 0 0 0 0 0 0 0 16 0 0 0 0 0 0 0 0 0 0 0 0 0 0 0 0 0 0 0 0 62 0 0 0 28 83 0 0 0 0 0 
0 0 22 0 0 0 0 0 26 0 69 0 0 0 0 0 0 71 0 0 0 0 0 0 0 0 79 0 0 0 81 0 0 0 0 26 0 86 0 0 0 80 0 0 0 0 0 25 0 0 0 0 0 0 0 0 0 0 0 0 0 0 0 0 74 0 0 0 0 0 71 0 0 0 0 0 0 0 0 37 0 0 0 0 0 0 0 0 0 0 0 0 49 19 0 0 0 0 0 0 
0 0 0 0 0 0 55 0 0 0 0 0 0 0 81 0 0 0 0 5 82 0 0 0 0 0 0 0 0 0 0 0 0 0 0 0 0 37 0 0 0 0 0 0 0 0 0 0 0 0 24 0 92 68 0 0 0 0 0 0 0 0 0 74 0 0 0 83 0 0 94 0 0 0 1 0 0 0 0 0 0 0 0 0 53 0 0 89 0 0 0 0 0 0 0 0 0 0 40 0 
0 0 0 0 0 0 0 3 0 0 0 0 0 0 41 0 0 0 0 0 0 0 0 0 0 0 0 0 47 0 0 0 0 91 1 0 0 34 0 0 0 0 96 96 0 0 0 0 0 0 0 0 0 0 0 0 0 0 0 0 0 8 0 0 0 0 0 98 0 0 0 0 0 0 72 0 0 0 0 80 0 0 0 0 0 19 0 0 0 0 0 0 0 0 0 0 6 0 33 0 
0 0 0 0 0 0 0 15 0 0 0 0 0 0 77 0 0 0 27 0 0 100 0 0 0 0 0 0 0 0 0 0 0 25 0 0 0 0 0 0 0 0 0 89 16 0 0 0 0 0 0 0 0 0 0 19 0 0 0 0 0 0 0 0 0 0 0 11 0 14 13 0 0 0 0 0 0 0 0 0 0 44 0 0 0 100 0 0 0 53 0 0 59 0 0 0 0 0 0 0 
0 0 0 0 84 0 0 0 0 0 0 0 0 0 0 0 0 0 0 8 0 0 0 0 0 0 0 0 45 0 0 90 0 0 4 0 0 0 26 0 0 0 0 0 0 0 0 0 0 0 0 0 0 0 0 20 0 0 0 0 0 0 0 0 83 98 11 0 63 0 37 0 0 0 0 0 40 0 0 0 0 0 0 0 0 0 0 0 0 0 0 0 0 0 0 0 0 0 0 0 
0 0 0 0 0 0 21 0 0 0 0 59 0 0 1 64 0 0 0 0 0 0 0 0 0 0 0 48 0 0 0 69 95 0 0 0 0 0 0 0 0 0 0 0 0 0 0 0 0 0 0 0 0 0 0 0 8 0 28 0 0 0 16 0 0 0 0 63 0 85 0 0 0 0 0 0 0 0 0 0 0 0 0 0 0 0 15 0 0 0 0 0 0 90 0 0 0 0 36 0 
68 0 0 72 0 0 0 0 0 0 88 0 0 0 0 0 0 0 0 0 0 0 0 26 0 0 0 0 0 0 0 0 0 0 0 0 0 0 0 0 0 0 0 0 0 0 29 0 0 64 0 0 27 0 0 0 0 0 0 0 0 0 0 0 0 0 14 0 85 0 0 0 0 0 0 0 0 0 67 0 0 74 0 0 0 0 0 0 0 51 0 0 0 0 0 0 0 0 20 0 
0 0 0 0 0 0 0 0 0 0 0 82 0 0 0 0 0 0 0 0 0 0 0 0 0 0 0 0 0 0 0 0 0 0 0 0 0 68 0 19 0 0 64 0 0 0 0 0 0 0 0 0 0 0 0 0 0 0 0 0 0 0 0 71 94 0 13 37 0 0 0 0 0 0 0 0 0 0 0 85 0 0 0 0 0 49 0 0 0 20 0 0 0 0 0 0 0 0 0 0 
0 0 0 53 28 0 0 0 0 59 0 0 16 0 0 0 0 0 0 97 0 0 0 0 0 0 0 0 0 0 0 0 0 0 0 0 0 0 0 0 0 0 0 0 0 0 27 0 0 22 0 0 0 48 0 5 0 0 0 0 0 0 0 0 0 0 0 0 0 0 0 0 0 0 0 0 0 0 0 0 86 0 0 44 0 0 0 79 0 0 0 0 6 29 0 0 0 0 0 0 
0 0 0 91 0 0 0 0 0 0 0 0 0 0 0 0 0 0 0 74 0 0 36 0 66 0 0 0 0 0 0 0 0 0 0 0 0 0 0 0 0 0 0 0 0 0 0 0 0 0 0 0 0 0 0 0 0 0 0 0 0 0 0 0 0 0 0 0 0 0 0 0 0 0 0 0 0 0 0 19 0 91 77 0 0 0 22 0 0 0 0 0 15 28 0 13 4 0 0 0 
0 0 0 0 0 0 0 0 0 22 0 0 0 0 0 0 0 58 0 0 0 33 0 0 0 0 0 0 0 0 0 0 0 0 0 0 0 0 0 0 0 0 0 0 0 39 0 55 0 0 0 0 0 23 0 0 0 0 0 0 0 0 0 0 0 0 0 0 0 0 0 0 0 0 0 0 41 0 0 0 0 0 0 0 0 0 0 0 0 0 0 0 0 0 53 0 0 0 0 80 
92 0 0 0 0 0 0 0 0 0 0 0 0 0 0 0 0 0 0 0 0 0 0 0 49 0 0 0 0 65 0 0 0 0 52 0 0 0 0 0 0 0 90 0 0 0 0 0 0 0 92 0 0 0 16 0 0 67 0 0 0 0 0 0 1 72 0 0 0 0 0 0 0 0 0 0 28 0 0 0 0 0 66 96 61 0 0 0 0 0 0 0 0 0 0 0 20 0 0 0 
0 0 0 57 0 0 0 0 45 16 0 0 0 0 0 7 8 0 0 0 0 0 0 0 0 0 0 0 89 0 0 0 0 0 0 0 0 54 48 0 0 0 0 0 17 95 0 0 0 88 0 0 0 46 0 0 0 0 0 0 0 0 0 0 0 0 0 0 0 0 0 0 0 0 0 0 0 0 0 0 0 19 0 0 0 0 0 0 0 0 0 0 0 0 0 0 0 0 0 0 
0 0 0 36 67 0 0 53 0 0 0 0 0 96 0 0 13 0 0 0 0 0 0 0 0 0 0 0 0 0 0 0 0 0 2 32 49 0 0 0 0 0 0 0 1 0 0 0 0 0 0 0 0 0 0 0 0 55 0 83 0 0 0 0 0 0 0 40 0 0 0 0 0 41 28 0 0 0 0 0 0 0 0 0 0 0 0 0 0 0 0 0 0 0 0 0 0 0 0 0 
0 0 0 0 0 8 0 0 0 0 0 0 0 56 0 0 0 33 0 0 0 0 0 0 0 0 0 0 0 0 0 0 0 0 0 70 0 0 37 0 0 84 0 4 0 63 0 0 0 1 0 0 0 0 9 0 96 0 0 0 27 0 0 0 0 0 0 0 0 0 0 0 0 0 0 0 0 0 0 0 66 0 0 0 0 0 0 0 0 37 0 0 0 0 0 0 0 0 0 90 
0 0 0 0 0 0 0 0 0 0 0 0 0 0 0 68 45 0 0 0 0 0 0 0 0 0 52 0 0 0 0 0 0 0 50 0 0 92 56 0 0 0 0 0 0 42 0 0 97 0 0 0 0 0 0 0 0 37 0 0 0 0 0 0 0 0 0 0 0 67 0 0 0 0 0 0 0 0 0 0 0 0 0 30 0 0 57 0 0 45 0 0 0 0 0 0 0 0 35 32 
0 0 0 0 0 0 50 0 0 0 0 51 0 0 0 0 0 0 0 0 0 0 0 0 0 0 61 0 0 0 0 0 56 0 0 0 0 0 0 0 0 0 0 26 0 0 0 0 0 0 0 76 0 0 0 0 0 0 0 0 0 0 0 37 0 80 0 0 0 0 85 0 19 0 0 0 0 0 0 0 0 0 0 0 57 0 0 0 0 0 0 0 0 0 0 0 0 0 0 0 
0 0 13 0 0 0 0 0 0 0 0 0 4 87 0 0 0 52 0 0 0 0 0 55 0 0 0 0 0 0 0 0 0 0 0 0 0 8 0 0 0 0 0 0 0 0 0 2 100 0 0 0 0 0 0 1 0 72 0 0 0 0 0 0 0 0 0 0 0 0 0 86 0 0 0 0 0 66 0 0 0 0 0 0 0 0 0 0 0 26 0 0 0 0 76 0 0 0 0 74 
0 0 52 0 0 56 0 4 0 0 0 58 0 0 0 0 0 0 0 0 0 0 0 0 0 1 0 0 0 0 0 0 0 0 0 0 0 0 0 0 0 0 0 0 0 0 0 8 0 0 23 0 0 0 0 0 0 84 0 0 0 0 0 0 0 0 44 0 0 74 0 0 91 0 0 19 0 0 0 0 0 0 0 0 4 0 0 0 40 0 0 0 0 0 0 0 0 39 0 0 
0 0 0 72 0 0 0 0 0 99 0 48 0 0 0 0 0 0 0 0 0 0 12 0 0 0 0 0 0 0 0 0 0 49 33 0 63 66 0 0 0 0 0 0 0 76 0 0 0 0 0 0 0 0 0 0 0 0 0 0 0 63 0 0 0 0 0 0 0 0 0 0 77 0 66 0 0 0 0 0 0 0 0 0 2 0 10 0 0 0 0 0 0 0 0 12 0 0 0 0 
0 42 0 6 0 0 0 0 0 0 0 0 0 0 0 0 0 28 0 0 0 0 0 0 0 0 0 0 0 0 13 0 0 0 0 78 0 0 0 0 0 0 0 0 0 0 0 0 0 0 95 0 0 0 0 0 0 0 0 0 0 0 0 0 0 0 0 0 0 0 0 44 0 0 96 0 0 0 30 0 0 0 0 0 0 0 0 0 0 0 0 0 0 0 0 0 0 0 0 0 
0 0 0 0 0 13 0 0 0 0 0 0 0 0 0 0 0 0 0 36 0 0 22 0 0 72 0 0 0 0 0 0 0 0 0 0 0 0 0 0 0 0 0 0 0 0 0 0 11 0 0 0 0 0 0 0 0 0 0 0 0 0 0 0 53 0 0 0 0 0 0 0 0 0 61 0 0 0 0 57 0 4 2 0 0 0 0 0 0 0 19 0 0 0 0 0 0 0 0 0 
0 0 0 0 0 0 0 0 92 0 0 0 0 0 0 14 11 0 0 0 0 55 0 0 0 31 95 39 0 0 0 0 0 0 0 0 0 64 0 0 0 0 0 0 0 0 0 0 0 0 0 0 19 0 0 0 0 0 0 0 0 44 0 0 0 19 100 0 0 0 49 0 0 0 0 0 0 0 0 0 0 0 0 0 0 0 0 0 0 0 0 0 33 0 97 0 0 0 0 0 
0 0 0 0 0 0 0 0 0 0 0 50 0 0 0 0 33 0 0 12 18 0 0 0 33 0 15 0 31 0 0 0 0 0 0 0 0 0 0 0 0 49 0 0 0 0 0 0 0 0 0 0 0 0 0 0 0 0 0 0 84 0 0 0 0 0 0 0 15 0 0 0 22 0 0 0 0 0 57 0 0 0 10 0 0 0 0 0 0 80 0 0 0 0 0 0 0 54 0 0 
0 0 0 0 0 0 0 0 0 37 59 0 0 0 11 0 0 0 29 51 0 0 0 0 0 0 0 0 0 0 0 0 0 0 0 0 0 0 89 13 85 0 0 0 44 0 0 0 0 0 62 0 90 0 0 0 0 0 0 0 0 0 0 0 89 0 0 0 0 0 0 79 0 0 0 0 0 0 0 0 0 0 0 0 0 0 0 0 0 0 0 0 12 0 0 0 0 52 0 0 
0 0 0 98 0 64 0 0 63 0 0 0 0 0 0 0 0 0 0 18 0 0 0 0 0 0 0 0 0 7 0 0 57 0 0 0 0 0 0 0 78 0 0 0 0 0 24 0 0 0 0 0 0 30 0 0 0 0 0 30 0 0 0 0 0 0 0 0 0 0 0 0 0 0 0 0 0 0 0 0 0 40 0 0 0 0 0 0 0 11 0 0 56 0 0 0 0 0 0 0 
0 1 0 0 0 0 0 0 0 0 0 0 0 0 0 0 0 0 0 0 0 0 13 0 3 0 0 0 0 0 64 0 0 0 0 0 0 0 0 0 0 0 0 0 0 0 0 0 71 0 0 0 0 0 0 0 0 0 0 0 0 0 62 0 0 0 53 0 0 51 20 0 0 0 0 0 0 37 45 0 26 0 0 0 0 0 80 0 11 0 0 0 0 0 0 0 0 0 7 0 
0 0 92 0 0 0 0 33 0 0 97 0 0 0 0 0 89 3 0 0 0 0 97 0 36 0 52 0 0 0 0 0 0 0 0 31 0 0 0 0 0 0 0 0 0 0 0 0 0 0 0 0 0 0 0 0 0 11 0 21 0 0 0 0 0 0 0 0 0 0 0 0 0 0 0 0 0 0 0 0 0 0 0 0 19 0 0 0 0 0 0 0 0 0 0 15 0 0 0 0 
0 0 0 0 5 0 0 0 0 0 0 0 0 0 0 0 0 0 0 0 0 0 0 0 0 0 0 0 0 0 0 0 0 0 0 49 0 0 0 36 7 0 0 0 0 0 0 0 0 0 0 0 0 0 0 0 0 33 0 0 0 0 0 0 0 0 0 0 0 0 0 0 0 0 0 0 0 0 0 0 0 0 0 0 0 0 0 0 0 0 0 0 0 63 0 0 0 9 0 0 
0 0 0 0 0 0 77 0 0 0 0 0 0 32 0 0 0 0 0 0 0 0 0 0 0 0 0 42 0 0 0 0 96 0 0 0 0 0 0 61 0 0 0 0 0 22 0 0 0 0 0 0 0 0 0 0 0 0 94 0 0 0 0 49 0 0 59 0 0 0 0 6 15 0 0 0 0 0 0 0 0 0 0 0 0 33 0 12 56 0 0 0 0 0 0 0 0 0 0 66 
0 53 89 0 0 0 24 45 0 0 0 34 0 0 0 0 0 0 0 0 0 97 0 58 0 0 0 0 0 0 0 0 0 0 0 0 0 0 0 0 0 0 0 0 0 0 0 0 0 26 0 0 0 0 0 0 0 0 0 0 66 0 28 19 0 0 0 0 90 0 0 29 28 0 0 0 0 0 0 0 0 0 0 0 0 0 0 0 0 0 0 63 0 0 0 0 0 0 0 0 
0 0 0 0 0 0 0 0 0 14 0 19 0 34 0 0 0 0 0 0 0 0 0 0 0 23 64 0 75 20 0 0 0 0 73 0 64 0 0 0 0 0 0 0 0 86 0 0 0 0 0 0 0 0 0 0 11 0 0 0 0 0 83 0 0 0 0 0 0 0 0 0 0 53 0 0 0 0 0 0 76 0 0 0 0 97 0 0 0 0 0 0 0 0 0 0 0 0 0 0 
0 96 0 0 32 0 13 0 0 0 0 0 0 74 0 0 0 95 0 0 0 0 0 53 0 6 0 0 0 57 0 0 0 0 0 6 0 0 0 0 0 0 0 0 0 93 0 0 0 0 0 45 0 0 0 0 0 0 0 0 0 0 0 0 0 0 0 0 0 0 0 0 13 0 0 0 0 0 0 0 0 0 12 0 0 0 0 0 0 0 15 0 0 0 0 0 0 0 0 45 
42 0 0 0 0 0 0 86 0 0 0 0 0 56 0 0 0 0 0 0 0 0 0 0 0 0 0 0 0 0 0 0 5 32 0 0 0 0 0 0 0 0 0 0 0 0 13 0 37 0 0 0 0 0 0 88 0 0 0 0 0 0 0 0 0 6 0 0 0 0 0 0 4 0 20 0 0 0 0 0 0 0 0 0 0 0 0 0 0 0 0 0 0 0 0 0 0 0 0 0 
0 0 0 0 0 0 0 0 0 0 0 0 41 0 0 0 7 0 0 0 0 0 0 0 0 0 0 0 0 0 0 0 0 0 0 0 0 0 58 0 0 0 0 0 0 0 69 0 0 0 0 0 0 22 36 0 0 0 0 0 0 0 0 0 0 0 0 0 0 0 0 0 0 0 0 0 0 0 0 0 0 39 0 0 0 0 54 52 0 0 0 9 0 0 0 0 0 0 0 0 
0 0 67 0 0 0 0 0 0 0 0 0 0 0 88 69 82 0 0 0 0 0 0 0 0 0 0 0 0 0 18 0 0 0 0 0 0 0 82 0 0 0 0 0 0 0 0 0 0 0 0 0 70 67 0 0 0 0 0 0 96 0 0 0 40 33 0 0 36 20 0 0 0 0 0 0 0 0 35 0 0 0 0 0 0 0 0 0 0 7 0 0 0 0 0 0 0 0 0 0 
0 0 0 0 0 0 0 0 0 17 0 0 0 0 0 0 0 0 0 0 0 0 26 0 0 0 0 0 51 0 0 0 0 0 0 0 0 0 0 0 0 0 0 0 0 0 0 0 0 0 0 0 0 0 0 0 0 0 0 0 0 0 0 0 0 0 0 0 0 0 0 0 0 80 0 0 0 90 32 0 74 0 0 0 0 0 0 0 0 0 0 0 66 0 0 45 0 0 0 0 
