0 0 0 0 0 0 63 51 8 59 29 0 0 0 90 43 0 0 0 0 10 0 0 0 0 0 0 0 0 0 0 0 0 0 0 69 0 0 0 0 0 0 0 0 0 1 0 53 0 0 74 0 0 0 55 0 94 0 0 0 0 31 0 48 0 18 90 0 0 0 0 46 0 0 0 0 0 81 0 0 0 0 0 0 0 100 0 0 46 9 0 93 0 0 0 0 0 13 0 0 
0 0 0 25 0 0 0 0 0 82 0 36 0 0 0 70 0 0 0 42 0 4 0 47 29 0 0 0 0 0 14 0 0 0 0 0 0 0 0 0 11 0 0 0 64 28 0 0 0 28 0 0 52 11 0 98 0 0 93 0 0 0 0 0 0 0 0 8 0 0 0 12 0 0 75 0 0 0 0 3 56 0 0 0 0 0 0 0 0 0 0 0 13 0 0 0 0 43 0 0 
0 0 0 75 0 0 0 8 0 0 0 0 0 5 0 0 0 0 0 0 0 0 65 0 0 0 41 0 0 0 0 0 92 0 0 0 48 0 28 93 0 0 86 0 98 52 0 0 0 0 0 0 85 0 0 0 0 0 83 0 0 0 0 82 0 69 0 0 0 0 0 27 0 0 0 0 0 0 0 0 0 0 0 0 27 0 59 93 0 0 98 0 9 0 0 17 0 0 0 0 
0 25 75 0 0 0 0 0 24 0 38 14 0 0 0 0 0 0 32 0 0 0 0 0 19 0 96 53 67 0 0 0 0 0 27 0 0 0 0 0 54 6 0 67 0 0 7 0 0 38 1 52 35 0 0 0 2 0 0 0 0 0 41 0 33 0 0 0 26 0 0 0 0 31 0 0 18 0 0 0 34 87 68 0 0 0 0 0 0 0 0 0 27 0 0 0 0 0 75 0 
0 0 0 0 0 0 0 0 0 0 0 81 0 0 62 0 0 0 36 0 43 27 70 0 0 48 0 0 97 10 0 0 91 0 34 0 0 95 0 0 0 19 0 58 0 0 0 0 0 0 0 13 0 0 67 0 0 0 83 0 0 0 0 0 0 0 53 0 0 0 0 50 0 0 0 0 40 0 0 78 0 0 0 9 0 20 0 0 4 0 0 0 16 0 93 0 0 26 0 0 
0 0 0 0 0 0 0 0 2 49 0 0 15 0 0 0 94 68 0 0 51 0 0 0 0 0 0 63 0 0 0 0 28 0 26 0 62 1 0 68 0 0 0 78 17 0 0 69 0 46 0 0 0 0 0 0 0 0 0 0 0 5 22 0 0 82 0 0 42 0 0 0 0 0 0 29 69 0 0 0 0 7 0 42 41 0 21 0 0 86 0 0 72 0 0 0 0 26 30 0 
63 0 0 0 0 0 0 0 0 99 0 22 0 80 0 79 16 0 68 42 0 0 0 0 0 0 0 50 0 30 19 0 65 0 0 13 47 0 0 40 0 0 0 0 0 0 40 0 0 0 30 0 0 64 0 75 30 0 0 0 0 0 0 80 0 0 0 0 76 2 0 0 0 39 0 6 0 0 0 0 0 0 0 0 0 6 0 40 0 0 0 0 0 0 0 0 0 0 0 0 
51 0 8 0 0 0 0 0 0 0 100 84 0 0 0 99 72 0 0 0 0 2 0 18 26 0 0 0 24 0 0 0 0 77 0 0 0 0 0 0 0 0 0 6 19 31 11 4 0 0 0 0 0 0 0 0 0 0 64 0 0 0 30 0 0 0 0 0 0 0 98 0 0 0 31 0 0 0 0 0 43 91 75 0 0 0 33 71 91 0 0 65 9 0 45 14 0 0 0 0 
8 0 0 24 0 2 0 0 0 0 0 0 57 8 0 0 0 66 0 6 0 0 0 1 75 21 43 0 0 0 51 0 0 0 55 51 0 0 0 0 0 17 0 0 0 0 22 0 0 0 0 0 0 78 0 31 0 0 5 0 11 0 0 0 0 0 0 98 9 0 0 77 0 0 0 68 0 0 58 94 0 0 0 0 0 0 0 0 0 33 0 34 0 0 0 17 0 0 0 38 
59 82 0 0 0 49 99 0 0 0 0 77 0 0 0 0 0 0 0 0 0 95 0 0 0 0 0 0 0 0 83 0 0 0 0 0 0 0 0 0 56 0 0 18 72 0 0 2 25 0 0 77 0 46 0 17 0 0 0 84 70 0 0 0 82 0 92 0 0 0 0 0 0 0 0 0 0 0 72 0 7 0 0 0 19 0 0 0 0 0 0 62 24 0 77 0 0 0 84 75 
29 0 0 38 0 0 0 100 0 0 0 0 0 0 12 0 43 0 0 0 23 0 0 0 56 74 81 0 0 0 0 90 0 0 0 0 0 31 0 0 34 61 0 30 14 0 83 0 0 0 73 26 0 0 0 0 0 0 0 0 43 57 57 0 41 0 0 0 0 0 0 52 0 0 0 0 0 0 0 0 0 0 0 0 0 0 90 0 68 57 0 0 0 0 0 0 40 0 0 0 
0 36 0 14 81 0 22 84 0 77 0 0 90 0 0 0 0 10 22 0 99 29 0 0 0 0 0 0 0 0 0 0 0 0 0 0 0 30 0 0 0 0 0 0 0 0 100 0 0 0 0 96 51 0 44 0 63 66 10 0 0 0 0 0 24 0 7 0 0 68 0 51 0 0 0 0 0 0 0 0 0 0 0 0 0 0 93 60 41 0 0 0 0 42 0 0 0 0 8 36 
0 0 0 0 0 15 0 0 57 0 0 90 0 52 0 30 0 0 0 0 0 0 0 0 0 0 0 0 46 34 7 0 0 68 57 0 0 0 0 0 0 0 66 0 0 0 0 57 0 0 14 0 40 0 0 0 0 0 76 0 0 32 94 97 0 0 0 0 0 0 0 0 0 0 0 17 0 0 0 29 0 0 0 0 0 0 0 87 0 0 0 0 47 100 0 0 0 0 55 0 
0 0 5 0 0 0 80 0 8 0 0 0 52 0 7 0 0 2 85 0 5 0 0 0 0 0 0 0 0 0 0 0 0 69 0 0 0 0 0 0 45 0 0 0 0 0 0 89 0 0 0 87 0 78 19 0 0 0 0 0 0 0 79 0 0 0 0 0 0 0 53 0 0 40 79 0 0 0 0 0 0 0 0 0 57 0 0 35 0 63 82 40 0 0 85 8 29 0 0 78 
90 0 0 0 62 0 0 0 0 0 12 0 0 7 0 0 0 47 0 64 0 0 7 0 0 0 0 0 0 0 0 0 0 34 0 0 0 16 0 81 0 60 0 0 0 0 0 0 44 0 0 50 0 44 0 0 94 0 0 26 0 19 0 0 71 0 0 85 0 0 0 0 0 0 45 0 0 0 0 0 0 0 0 53 2 42 0 0 0 0 57 0 32 52 42 0 24 31 0 30 
43 70 0 0 0 0 79 99 0 0 0 0 30 0 0 0 50 0 0 0 66 0 78 0 100 0 0 0 0 0 0 0 70 49 0 0 0 94 0 0 53 0 0 0 19 0 0 47 43 0 0 9 0 0 0 0 0 0 0 0 0 0 0 0 76 0 0 0 0 100 0 11 0 80 56 0 0 38 14 70 37 90 100 0 0 0 0 0 0 0 63 0 0 0 0 0 0 0 25 0 
0 0 0 0 0 94 16 72 0 0 43 0 0 0 0 50 0 0 0 0 0 91 0 0 51 0 0 0 3 28 0 0 0 0 0 0 0 0 0 0 0 0 0 0 0 0 0 0 78 0 0 0 29 35 0 37 79 0 92 0 0 0 0 0 0 93 0 86 87 0 0 0 85 0 0 0 0 0 0 0 0 29 0 71 72 0 0 0 0 0 0 0 0 0 0 46 0 0 0 0 
0 0 0 0 0 68 0 0 66 0 0 10 0 2 47 0 0 0 0 0 14 0 0 72 0 44 64 0 0 0 0 78 0 0 0 0 0 0 19 0 0 0 0 0 37 0 75 0 22 0 0 0 0 0 42 87 0 0 0 0 0 76 0 0 35 49 0 97 0 16 0 0 59 0 0 0 85 0 0 0 42 0 0 0 0 7 18 0 0 0 0 71 86 92 0 0 0 0 0 32 
0 0 0 32 36 0 68 0 0 0 0 22 0 85 0 0 0 0 0 36 0 0 0 0 0 8 63 0 0 29 0 0 0 49 0 97 0 43 0 0 0 0 0 57 0 0 0 0 0 0 0 0 84 0 0 4 52 0 0 0 0 0 0 0 60 50 0 2 0 79 0 0 0 0 81 0 0 0 0 0 0 26 27 0 54 0 0 4 41 0 43 0 0 38 0 43 50 0 0 0 
0 42 0 0 0 0 42 0 6 0 0 0 0 0 64 0 0 0 36 0 52 0 4 0 0 0 39 64 0 0 0 0 0 91 0 83 0 0 0 93 76 0 85 52 0 0 0 0 72 0 0 0 0 0 92 0 0 0 36 0 0 0 0 57 0 10 0 0 0 0 0 99 0 8 0 0 0 0 0 0 0 0 0 0 0 20 0 0 0 0 0 0 31 0 21 93 0 0 0 0 
10 0 0 0 43 51 0 0 0 0 23 99 0 5 0 66 0 14 0 52 0 15 7 0 0 0 0 0 0 0 0 0 0 0 0 76 39 0 0 36 0 62 0 0 0 0 0 0 0 83 0 10 0 0 0 0 0 0 0 0 0 0 0 0 63 97 0 41 23 0 0 0 0 7 71 0 0 0 0 0 89 0 0 0 90 0 0 0 0 53 16 0 0 0 92 0 30 0 0 55 
0 4 0 0 27 0 0 2 0 95 0 29 0 0 0 0 91 0 0 0 15 0 0 0 0 95 0 0 91 0 0 0 0 0 0 0 0 99 0 66 0 0 0 0 0 88 0 62 0 0 97 0 0 0 0 0 61 10 0 0 57 0 24 0 0 0 0 0 0 60 0 73 0 0 0 0 55 0 87 73 27 0 33 0 42 0 0 0 0 0 0 98 0 13 36 0 0 68 0 0 
0 0 65 0 70 0 0 0 0 0 0 0 0 0 7 78 0 0 0 4 7 0 0 83 68 37 0 0 0 0 26 0 0 0 12 0 0 0 0 46 0 0 0 0 0 0 81 0 0 0 0 0 0 0 0 0 0 1 0 0 0 0 0 0 0 0 0 92 94 0 0 0 0 0 2 0 48 0 10 0 0 60 0 0 0 49 39 0 58 0 67 0 0 0 0 0 0 0 10 13 
0 47 0 0 0 0 0 18 1 0 0 0 0 0 0 0 0 72 0 0 0 0 83 0 0 12 0 0 0 0 0 0 69 0 88 48 0 73 0 0 41 0 0 0 0 0 46 0 0 0 0 0 0 0 0 0 0 0 0 2 18 96 0 0 71 0 0 67 29 0 0 0 0 0 0 0 0 27 51 0 37 0 64 0 0 0 0 0 0 0 0 0 0 0 44 44 0 0 0 0 
0 29 0 19 0 0 0 26 75 0 56 0 0 0 0 100 51 0 0 0 0 0 68 0 0 52 0 0 0 0 0 60 0 0 0 41 70 0 12 0 0 0 0 0 0 29 64 0 0 0 0 0 0 0 15 0 88 0 0 21 0 63 64 0 0 0 0 0 77 0 0 0 0 55 0 0 0 0 39 0 0 0 0 0 0 0 0 0 80 0 0 0 76 0 41 0 99 0 0 0 
0 0 0 0 48 0 0 0 21 0 74 0 0 0 0 0 0 44 8 0 0 95 37 12 52 0 8 0 0 0 16 0 0 68 60 0 0 0 0 0 0 80 84 0 0 26 0 0 0 0 0 0 14 81 0 0 23 0 0 0 0 86 0 0 0 0 0 0 0 0 0 0 52 0 0 0 0 47 0 0 0 0 0 0 11 0 0 2 0 0 35 0 23 55 0 0 75 0 70 11 
0 0 41 96 0 0 0 0 43 0 81 0 0 0 0 0 0 64 63 39 0 0 0 0 0 8 0 0 97 0 0 31 0 0 0 99 0 0 0 18 0 0 0 0 0 0 9 0 0 0 0 0 71 0 0 19 0 64 6 0 0 0 0 0 0 61 77 0 0 0 0 0 89 0 0 0 82 0 18 50 55 0 0 0 0 0 0 0 0 0 0 0 0 0 0 0 0 42 13 0 
0 0 0 53 0 63 50 0 0 0 0 0 0 0 0 0 0 0 0 64 0 0 0 0 0 0 0 0 0 0 0 0 71 0 98 7 0 0 20 0 0 0 0 0 0 0 0 0 0 0 0 54 0 0 0 0 0 0 0 0 0 26 0 36 0 0 0 0 8 15 17 0 0 0 0 78 0 0 0 0 17 0 0 39 50 74 0 0 0 0 0 0 0 0 17 21 0 0 0 4 
0 0 0 67 97 0 0 24 0 0 0 0 46 0 0 0 3 0 0 0 0 91 0 0 0 0 97 0 0 100 98 0 0 0 0 0 0 0 81 0 89 0 0 0 0 0 0 0 0 0 0 43 0 0 0 91 0 0 88 0 14 96 23 0 19 0 66 0 0 73 0 0 0 59 0 0 0 0 0 96 0 0 0 15 69 68 11 73 0 0 0 0 9 1 0 0 0 0 0 25 
0 0 0 0 10 0 30 0 0 0 0 0 34 0 0 0 28 0 29 0 0 0 0 0 0 0 0 0 100 0 0 0 0 0 0 0 0 0 0 0 0 0 82 0 0 94 0 0 0 81 0 52 89 0 18 0 0 0 0 64 0 0 67 0 0 23 0 0 52 0 0 0 0 0 0 65 0 25 79 0 0 0 0 0 0 0 0 50 0 0 0 0 0 0 0 0 0 0 0 0 
0 14 0 0 0 0 19 0 51 83 0 0 7 0 0 0 0 0 0 0 0 0 26 0 0 16 0 0 98 0 0 0 0 0 42 0 0 0 46 0 0 0 0 0 34 56 0 27 0 0 0 95 90 0 50 0 0 0 0 0 71 0 0 15 0 0 0 0 0 62 0 4 0 69 0 0 0 0 0 69 16 40 62 0 0 31 0 0 11 0 0 0 0 5 0 76 13 0 0 0 
0 0 0 0 0 0 0 0 0 0 90 0 0 0 0 0 0 78 0 0 0 0 0 0 60 0 31 0 0 0 0 0 0 17 0 0 0 96 0 0 0 0 0 0 0 0 83 0 34 0 0 0 0 0 0 0 54 0 0 0 56 14 0 0 14 0 0 0 0 0 42 0 55 0 0 0 65 89 88 73 0 47 0 0 0 0 0 0 0 0 0 0 0 0 0 77 0 0 85 0 
0 0 92 0 91 28 65 0 0 0 0 0 0 0 0 70 0 0 0 0 0 0 0 69 0 0 0 71 0 0 0 0 0 0 66 0 36 20 70 0 0 0 0 39 0 0 0 0 45 58 98 0 0 47 0 0 0 41 0 14 0 0 0 0 2 0 0 0 0 22 0 38 93 0 0 67 0 0 0 0 0 0 0 57 16 0 0 28 0 0 45 62 0 0 0 0 71 31 0 0 
0 0 0 0 0 0 0 77 0 0 0 0 68 69 34 49 0 0 49 91 0 0 0 0 0 68 0 0 0 0 0 17 0 0 51 0 0 47 0 0 0 0 64 0 0 0 0 0 59 0 8 0 0 0 0 49 0 0 0 0 0 0 0 0 2 37 0 0 0 0 0 76 0 86 0 72 55 0 0 0 0 0 46 0 74 85 44 0 0 43 0 0 0 10 0 41 0 0 30 93 
0 0 0 27 34 26 0 0 55 0 0 0 57 0 0 0 0 0 0 0 0 0 12 88 0 60 0 98 0 0 42 0 66 51 0 0 68 0 22 0 0 67 96 0 0 81 0 0 0 0 0 0 0 0 0 0 0 0 0 0 63 0 0 0 0 0 96 0 62 0 0 50 18 16 0 0 0 0 97 0 78 0 0 0 81 0 61 69 0 0 0 0 0 0 0 0 0 0 0 0 
69 0 0 0 0 0 13 0 51 0 0 0 0 0 0 0 0 0 97 83 76 0 0 48 41 0 99 7 0 0 0 0 0 0 0 0 0 0 0 0 0 9 0 0 0 78 0 90 0 0 0 0 53 0 0 0 0 0 60 0 19 0 0 0 0 0 36 0 0 21 0 17 0 0 0 0 0 0 26 71 0 0 0 79 0 0 84 0 0 34 38 0 46 26 0 0 0 66 0 0 
0 0 48 0 0 62 47 0 0 0 0 0 0 0 0 0 0 0 0 0 39 0 0 0 70 0 0 0 0 0 0 0 36 0 68 0 0 0 0 76 0 0 38 72 0 0 0 0 0 0 0 0 0 0 0 0 42 0 0 38 0 0 0 47 0 0 0 0 0 0 28 0 0 0 0 84 0 82 0 0 0 0 0 0 0 0 7 92 0 0 0 61 0 0 31 0 73 97 0 0 
0 0 0 0 95 1 0 0 0 0 31 30 0 0 16 94 0 0 43 0 0 99 0 73 0 0 0 0 0 0 0 96 20 47 0 0 0 0 0 0 0 0 97 0 0 24 0 0 0 0 0 0 36 0 0 63 73 0 0 3 0 25 40 0 0 0 66 63 0 98 41 0 41 27 0 0 0 0 0 0 0 0 38 0 0 0 0 52 0 0 0 51 0 0 0 83 0 0 0 0 
0 0 28 0 0 0 0 0 0 0 0 0 0 0 0 0 0 19 0 0 0 0 0 0 12 0 0 20 81 0 46 0 70 0 22 0 0 0 0 0 72 0 86 0 0 0 0 0 0 0 0 0 0 0 0 0 0 0 0 18 0 0 0 0 23 0 23 75 0 70 0 0 0 100 0 0 0 0 0 0 0 90 46 84 0 0 64 0 19 77 0 0 0 0 0 59 80 0 0 0 
0 0 93 0 0 68 40 0 0 0 0 0 0 0 81 0 0 0 0 93 36 66 46 0 0 0 18 0 0 0 0 0 0 0 0 0 76 0 0 0 0 67 0 0 10 0 0 0 0 44 0 0 0 0 0 0 0 0 0 75 0 0 0 0 0 0 0 25 0 13 0 0 23 33 0 22 0 5 57 0 25 0 92 0 0 72 0 91 69 0 75 11 0 0 66 0 0 0 81 0 
0 11 0 54 0 0 0 0 0 56 34 0 0 45 0 53 0 0 0 76 0 0 0 41 0 0 0 0 89 0 0 0 0 0 0 0 0 0 72 0 0 34 70 16 97 0 0 0 0 0 0 30 0 0 19 14 14 0 96 53 0 0 0 0 0 56 0 65 31 0 0 7 0 0 94 0 0 39 0 0 0 58 0 0 0 0 0 0 0 0 9 0 0 0 0 0 12 0 0 0 
0 0 0 6 19 0 0 0 17 0 61 0 0 0 60 0 0 0 0 0 62 0 0 0 0 80 0 0 0 0 0 0 0 0 67 9 0 0 0 67 34 0 0 0 66 0 88 56 20 0 0 0 66 93 0 0 0 7 0 0 0 62 0 0 0 25 0 0 0 51 0 0 3 100 0 0 79 0 0 14 0 0 0 0 74 0 0 0 0 0 0 93 18 5 0 0 0 0 0 58 
0 0 86 0 0 0 0 0 0 0 0 0 66 0 0 0 0 0 0 85 0 0 0 0 0 84 0 0 0 82 0 0 0 64 96 0 38 97 86 0 70 0 0 82 0 0 0 97 0 50 22 72 47 0 0 89 6 46 0 0 65 11 0 87 96 0 0 0 21 0 12 0 0 0 0 0 0 0 0 19 0 0 63 0 0 0 0 0 14 0 0 0 0 0 0 0 0 0 0 0 
0 0 0 67 58 78 0 6 0 18 30 0 0 0 0 0 0 0 57 52 0 0 0 0 0 0 0 0 0 0 0 0 39 0 0 0 72 0 0 0 16 0 82 0 0 0 0 0 0 0 0 65 61 65 0 0 42 0 32 86 0 0 0 0 77 0 0 0 74 0 0 0 36 0 0 0 8 0 0 0 0 66 0 0 69 0 0 0 0 0 0 61 0 0 0 82 0 32 0 0 
0 64 98 0 0 17 0 19 0 72 14 0 0 0 0 19 0 37 0 0 0 0 0 0 0 0 0 0 0 0 34 0 0 0 0 0 0 0 0 10 97 66 0 0 0 0 0 0 23 49 0 0 56 52 0 0 15 0 0 0 0 0 0 0 36 0 0 0 12 0 3 0 65 0 8 0 99 0 75 0 43 0 0 3 46 0 0 0 0 56 0 0 0 0 0 0 0 0 0 0 
1 28 52 0 0 0 0 31 0 0 0 0 0 0 0 0 0 0 0 0 0 88 0 0 29 26 0 0 0 94 56 0 0 0 81 78 0 24 0 0 0 0 0 0 0 0 0 0 0 22 0 0 74 0 0 2 0 40 61 0 33 0 0 0 59 0 0 0 0 0 0 0 0 0 0 84 0 61 0 0 0 0 18 0 0 0 17 0 0 0 0 32 0 99 0 0 0 44 0 0 
0 0 0 7 0 0 40 11 22 0 83 100 0 0 0 0 0 75 0 0 0 0 81 46 64 0 9 0 0 0 0 83 0 0 0 0 0 0 0 0 0 88 0 0 0 0 0 0 0 0 0 0 0 0 4 0 76 0 0 24 0 0 0 0 0 0 88 63 0 0 0 0 53 0 73 89 2 0 0 0 0 50 2 99 72 92 0 0 0 0 49 7 44 0 0 0 0 0 0 0 
53 0 0 0 0 69 0 4 0 2 0 0 57 89 0 47 0 0 0 0 0 62 0 0 0 0 0 0 0 0 27 0 0 0 0 90 0 0 0 0 0 56 97 0 0 0 0 0 0 0 0 82 0 0 20 0 0 0 0 0 0 0 0 0 69 0 0 0 15 21 0 0 0 61 63 0 0 0 10 0 0 0 7 85 0 90 0 55 0 0 9 0 0 0 0 0 4 0 0 24 
0 0 0 0 0 0 0 0 0 25 0 0 0 0 44 43 78 22 0 72 0 0 0 0 0 0 0 0 0 0 0 34 45 59 0 0 0 0 0 0 0 20 0 0 23 0 0 0 0 0 30 0 0 0 0 0 68 87 0 0 0 0 20 0 0 0 0 0 0 0 0 0 69 0 0 0 0 0 0 0 0 40 40 0 0 82 0 0 0 0 0 41 14 82 0 0 0 0 17 0 
0 28 0 38 0 46 0 0 0 0 0 0 0 0 0 0 0 0 0 0 83 0 0 0 0 0 0 0 0 81 0 0 58 0 0 0 0 0 0 44 0 0 50 0 49 22 0 0 0 0 0 0 0 37 39 0 0 0 0 13 61 0 0 96 84 0 46 86 0 50 0 0 0 58 0 5 0 75 0 84 15 49 38 66 0 0 0 0 0 0 0 0 0 0 53 0 0 0 52 0 
74 0 0 1 0 0 30 0 0 0 73 0 14 0 0 0 0 0 0 0 0 97 0 0 0 0 0 0 0 0 0 0 98 8 0 0 0 0 0 0 0 0 22 0 0 0 0 0 30 0 0 0 0 0 0 48 0 66 12 0 0 33 0 0 0 10 0 82 0 59 0 82 0 0 0 82 0 75 0 0 0 68 54 0 0 85 0 67 0 0 0 0 0 0 0 0 0 0 0 0 
0 0 0 52 13 0 0 0 0 77 26 96 0 87 50 9 0 0 0 0 10 0 0 0 0 0 0 54 43 52 95 0 0 0 0 0 0 0 0 0 30 0 72 65 0 0 0 82 0 0 0 0 0 0 0 0 0 51 50 0 0 0 0 0 0 0 0 73 0 0 0 0 0 0 63 0 95 0 0 0 0 67 79 0 0 0 0 0 0 49 0 0 0 0 70 0 0 0 0 0 
0 52 85 35 0 0 0 0 0 0 0 51 40 0 0 0 29 0 84 0 0 0 0 0 0 14 71 0 0 89 90 0 0 0 0 53 0 36 0 0 0 66 47 61 56 74 0 0 0 0 0 0 0 61 0 0 91 0 0 0 0 0 0 82 0 0 0 0 12 61 0 0 0 0 0 99 0 0 0 0 0 0 66 0 0 20 0 26 0 0 51 0 0 0 0 16 50 0 0 0 
0 11 0 0 0 0 64 0 78 46 0 0 0 78 44 0 35 0 0 0 0 0 0 0 0 81 0 0 0 0 0 0 47 0 0 0 0 0 0 0 0 93 0 65 52 0 0 0 0 37 0 0 61 0 0 0 0 0 0 0 0 0 29 0 13 32 17 4 0 4 86 0 34 17 0 0 0 70 0 9 0 0 0 0 0 0 11 0 0 36 0 0 44 0 43 80 0 0 0 0 
55 0 0 0 67 0 0 0 0 0 0 44 0 19 0 0 0 42 0 92 0 0 0 0 15 0 0 0 0 18 50 0 0 0 0 0 0 0 0 0 19 0 0 0 0 0 4 20 0 39 0 0 0 0 0 70 0 0 0 0 0 62 0 0 0 0 12 64 0 0 0 0 0 0 0 17 0 0 0 4 55 25 0 0 39 0 0 91 0 0 0 0 7 0 84 0 0 83 0 10 
0 98 0 0 0 0 75 0 31 17 0 0 0 0 0 0 37 87 4 0 0 0 0 0 0 0 19 0 91 0 0 0 0 49 0 0 0 63 0 0 14 0 89 0 0 2 0 0 0 0 48 0 0 0 70 0 80 50 71 88 25 0 0 7 42 0 0 0 0 51 0 0 0 0 79 0 0 0 90 0 0 0 0 0 0 0 0 0 0 0 79 58 0 79 0 0 0 90 0 0 
94 0 0 2 0 0 30 0 0 0 0 63 0 0 94 0 79 0 52 0 0 61 0 0 88 23 0 0 0 0 0 54 0 0 0 0 42 73 0 0 14 0 6 42 15 0 76 0 68 0 0 0 91 0 0 80 0 0 0 0 0 0 41 94 0 0 18 0 0 53 0 0 0 0 0 0 0 0 0 0 0 0 0 0 0 0 19 34 0 0 0 79 27 18 0 0 0 0 0 0 
0 0 0 0 0 0 0 0 0 0 0 66 0 0 0 0 0 0 0 0 0 10 1 0 0 0 64 0 0 0 0 0 41 0 0 0 0 0 0 0 0 7 46 0 0 40 0 0 87 0 66 51 0 0 0 50 0 0 0 0 0 0 16 0 43 19 0 0 0 0 0 0 31 0 0 74 98 100 13 0 0 0 0 0 0 0 0 0 0 0 0 0 0 0 0 9 24 0 11 0 
0 93 83 0 83 0 0 64 5 0 0 10 76 0 0 0 92 0 0 36 0 0 0 0 0 0 6 0 88 0 0 0 0 0 0 60 0 0 0 0 96 0 0 32 0 61 0 0 0 0 12 50 0 0 0 71 0 0 0 0 0 0 0 0 0 0 100 64 85 0 0 0 0 0 0 0 0 0 0 0 0 0 96 54 0 0 0 0 0 0 0 0 0 0 0 0 20 95 0 0 
0 0 0 0 0 0 0 0 0 84 0 0 0 0 26 0 0 0 0 0 0 0 0 2 21 0 0 0 0 64 0 0 14 0 0 0 38 3 18 75 53 0 0 86 0 0 24 0 0 13 0 0 0 0 0 88 0 0 0 0 0 0 0 0 0 0 0 0 0 0 0 0 0 0 0 0 55 78 82 89 10 0 0 0 0 0 53 0 0 0 0 0 0 0 0 0 0 0 0 0 
0 0 0 0 0 0 0 0 11 70 43 0 0 0 0 0 0 0 0 0 0 57 0 18 0 0 0 0 14 0 71 56 0 0 63 19 0 0 0 0 0 0 65 0 0 33 0 0 0 61 0 0 0 0 0 25 0 0 0 0 0 70 68 0 0 99 0 0 0 0 0 0 0 89 23 0 0 45 0 0 47 0 70 0 68 0 0 50 0 22 99 58 0 47 27 0 29 0 0 0 
31 0 0 0 0 5 0 0 0 0 57 0 32 0 19 0 0 76 0 0 0 0 0 96 63 86 0 26 96 0 0 14 0 0 0 0 0 25 0 0 0 62 11 0 0 0 0 0 0 0 33 0 0 0 62 0 0 0 0 0 70 0 0 0 0 0 66 0 0 0 11 70 16 0 0 0 77 0 0 0 0 25 28 38 0 0 0 46 0 0 72 0 0 18 0 68 0 0 0 0 
0 0 0 41 0 22 0 30 0 0 57 0 94 79 0 0 0 0 0 0 0 24 0 0 64 0 0 0 23 67 0 0 0 0 0 0 0 40 0 0 0 0 0 0 0 0 0 0 20 0 0 0 0 29 0 0 41 16 0 0 68 0 0 47 0 0 0 41 0 88 0 0 98 0 0 18 90 0 83 56 0 0 38 24 0 0 56 0 0 16 0 0 39 0 0 10 0 0 0 0 
48 0 82 0 0 0 80 0 0 0 0 0 97 0 0 0 0 0 0 57 0 0 0 0 0 0 0 36 0 0 15 0 0 0 0 0 47 0 0 0 0 0 87 0 0 0 0 0 0 96 0 0 82 0 0 7 94 0 0 0 0 0 47 0 91 0 0 0 0 0 0 44 0 0 0 0 87 0 0 0 0 0 0 0 0 0 45 99 3 0 0 0 0 0 0 0 0 0 0 0 
0 0 0 33 0 0 0 0 0 82 41 24 0 0 71 76 0 35 60 0 63 0 0 71 0 0 0 0 19 0 0 14 2 2 0 0 0 0 23 0 0 0 96 77 36 59 0 69 0 84 0 0 0 13 0 42 0 43 0 0 0 0 0 91 0 22 0 0 10 0 0 0 0 0 63 0 0 0 0 66 0 0 0 0 0 0 0 0 48 0 0 0 0 0 0 0 0 0 0 0 
18 0 69 0 0 82 0 0 0 0 0 0 0 0 0 0 93 49 50 10 97 0 0 0 0 0 61 0 0 23 0 0 0 37 0 0 0 0 0 0 56 25 0 0 0 0 0 0 0 0 10 0 0 32 0 0 0 19 0 0 99 0 0 0 22 0 0 0 0 0 0 0 80 0 6 0 0 0 0 29 0 0 15 0 0 0 0 0 58 0 60 13 0 0 70 0 0 63 0 0 
90 0 0 0 53 0 0 0 0 92 0 7 0 0 0 0 0 0 0 0 0 0 0 0 0 0 77 0 66 0 0 0 0 0 96 36 0 66 23 0 0 0 0 0 0 0 88 0 0 46 0 0 0 17 12 0 18 0 100 0 0 66 0 0 0 0 0 0 32 0 0 0 0 0 0 0 0 0 0 0 0 100 63 0 71 0 0 0 0 20 0 0 0 0 0 29 34 0 0 0 
0 8 0 0 0 0 0 0 98 0 0 0 0 0 85 0 86 97 2 0 41 0 92 67 0 0 0 0 0 0 0 0 0 0 0 0 0 63 75 25 65 0 0 0 0 0 63 0 0 86 82 73 0 4 64 0 0 0 64 0 0 0 41 0 0 0 0 0 0 0 0 0 0 31 89 0 92 0 0 0 0 0 0 99 0 0 0 0 0 0 0 0 0 47 0 0 0 0 0 0 
0 0 0 26 0 42 76 0 9 0 0 0 0 0 0 0 87 0 0 0 23 0 94 29 77 0 0 8 0 52 0 0 0 0 62 0 0 0 0 0 31 0 21 74 12 0 0 15 0 0 0 0 12 0 0 0 0 0 85 0 0 0 0 0 10 0 32 0 0 0 0 0 0 0 0 0 0 0 0 0 63 0 0 0 0 0 0 0 0 0 73 24 0 92 0 96 0 0 7 12 
0 0 0 0 0 0 2 0 0 0 0 68 0 0 0 100 0 16 79 0 0 60 0 0 0 0 0 15 73 0 62 0 22 0 0 21 0 98 70 13 0 51 0 0 0 0 0 21 0 50 59 0 61 4 0 51 53 0 0 0 0 0 88 0 0 0 0 0 0 0 0 67 0 0 69 3 0 0 34 36 51 97 0 0 0 0 0 0 0 0 0 0 0 0 0 0 0 0 0 0 
0 0 0 0 0 0 0 98 0 0 0 0 0 53 0 0 0 0 0 0 0 0 0 0 0 0 0 17 0 0 0 42 0 0 0 0 28 41 0 0 0 0 12 0 3 0 0 0 0 0 0 0 0 86 0 0 0 0 0 0 0 11 0 0 0 0 0 0 0 0 0 20 0 0 0 0 0 0 0 30 0 8 0 0 0 0 0 0 23 0 11 0 90 0 0 0 0 0 0 0 
46 12 27 0 50 0 0 0 77 0 52 51 0 0 0 11 0 0 0 99 0 73 0 0 0 0 0 0 0 0 4 0 38 76 50 17 0 0 0 0 7 0 0 0 0 0 0 0 0 0 82 0 0 0 0 0 0 0 0 0 0 70 0 44 0 0 0 0 0 67 20 0 0 65 0 0 53 0 0 0 0 92 0 0 0 0 0 0 0 0 97 0 0 0 0 0 26 32 0 0 
0 0 0 0 0 0 0 0 0 0 0 0 0 0 0 0 85 59 0 0 0 0 0 0 0 52 89 0 0 0 0 55 93 0 18 0 0 41 0 23 0 3 0 36 65 0 53 0 69 0 0 0 0 34 0 0 0 31 0 0 0 16 98 0 0 80 0 0 0 0 0 0 0 26 32 0 0 0 0 0 0 0 5 0 0 0 12 75 0 34 0 76 3 0 0 0 40 100 50 0 
0 0 0 31 0 0 39 0 0 0 0 0 0 40 0 80 0 0 0 8 7 0 0 0 55 0 0 0 59 0 69 0 0 86 16 0 0 27 100 33 0 100 0 0 0 0 0 61 0 58 0 0 0 17 0 0 0 0 0 0 89 0 0 0 0 0 0 31 0 0 0 65 26 0 0 0 0 0 0 0 68 0 0 0 2 0 0 0 0 0 44 0 0 78 0 0 0 0 90 8 
0 75 0 0 0 0 0 31 0 0 0 0 0 79 45 56 0 0 81 0 71 0 2 0 0 0 0 0 0 0 0 0 0 0 0 0 0 0 0 0 94 0 0 0 8 0 73 63 0 0 0 63 0 0 0 79 0 0 0 0 23 0 0 0 63 6 0 89 0 69 0 0 32 0 0 0 0 0 80 0 0 0 0 0 0 0 5 0 0 0 0 0 23 100 0 0 0 57 71 0 
0 0 0 0 0 29 6 0 68 0 0 0 17 0 0 0 0 0 0 0 0 0 0 0 0 0 0 78 0 65 0 0 67 72 0 0 84 0 0 22 0 0 0 0 0 84 89 0 0 5 82 0 99 0 17 0 0 74 0 0 0 0 18 0 0 0 0 0 0 3 0 0 0 0 0 0 0 0 88 0 0 56 0 0 0 0 0 0 0 0 0 0 66 0 0 79 0 0 0 0 
0 0 0 18 40 69 0 0 0 0 0 0 0 0 0 0 0 85 0 0 0 55 48 0 0 0 82 0 0 0 0 65 0 55 0 0 0 0 0 0 0 79 0 8 99 0 2 0 0 0 0 95 0 0 0 0 0 98 0 55 0 77 90 87 0 0 0 92 0 0 0 53 0 0 0 0 0 0 0 5 0 0 0 10 0 0 0 38 0 71 0 0 0 52 0 0 0 18 0 14 
81 0 0 0 0 0 0 0 0 0 0 0 0 0 0 38 0 0 0 0 0 0 0 27 0 47 0 0 0 25 0 89 0 0 0 0 82 0 0 5 39 0 0 0 0 61 0 0 0 75 75 0 0 70 0 0 0 100 0 78 45 0 0 0 0 0 0 0 0 0 0 0 0 0 0 0 0 0 0 0 91 60 0 0 0 0 66 0 0 0 70 0 0 49 0 21 18 61 0 51 
0 0 0 0 0 0 0 0 58 72 0 0 0 0 0 14 0 0 0 0 0 87 10 51 39 0 18 0 0 79 0 88 0 0 97 26 0 0 0 57 0 0 0 0 75 0 0 10 0 0 0 0 0 0 0 90 0 13 0 82 0 0 83 0 0 0 0 0 0 34 0 0 0 0 80 88 0 0 0 0 78 0 0 0 43 0 0 0 0 0 0 0 0 0 0 0 0 0 0 0 
0 3 0 0 78 0 0 0 94 0 0 0 29 0 0 70 0 0 0 0 0 73 0 0 0 0 50 0 96 0 69 73 0 0 0 71 0 0 0 0 0 14 19 0 0 0 0 0 0 84 0 0 0 9 4 0 0 0 0 89 0 0 56 0 66 29 0 0 0 36 30 0 0 0 0 0 5 0 0 0 95 6 0 0 4 85 20 0 0 0 0 0 0 40 0 0 0 79 0 0 
0 56 0 34 0 0 0 43 0 7 0 0 0 0 0 37 0 42 0 0 89 27 0 37 0 0 55 17 0 0 16 0 0 0 78 0 0 0 0 25 0 0 0 0 43 0 0 0 0 15 0 0 0 0 55 0 0 0 0 10 47 0 0 0 0 0 0 0 63 51 0 0 0 68 0 0 0 91 78 95 0 0 0 0 0 0 28 0 23 0 0 56 0 0 0 0 0 0 73 28 
0 0 0 87 0 7 0 91 0 0 0 0 0 0 0 90 29 0 26 0 0 0 60 0 0 0 0 0 0 0 40 47 0 0 0 0 0 0 90 0 58 0 0 66 0 0 50 0 40 49 68 67 0 0 25 0 0 0 0 0 0 25 0 0 0 0 100 0 0 97 8 92 0 0 0 56 0 60 0 6 0 0 0 64 0 0 0 0 0 0 0 11 0 0 0 0 0 0 88 73 
0 0 0 68 0 0 0 75 0 0 0 0 0 0 0 100 0 0 27 0 0 33 0 64 0 0 0 0 0 0 62 0 0 46 0 0 0 38 46 92 0 0 63 0 0 18 2 7 40 38 54 79 66 0 0 0 0 0 96 0 70 28 38 0 0 15 63 0 0 0 0 0 5 0 0 0 0 0 0 0 0 0 0 0 0 0 0 57 5 0 0 0 0 0 0 0 0 0 0 7 
0 0 0 0 9 42 0 0 0 0 0 0 0 0 53 0 71 0 0 0 0 0 0 0 0 0 0 39 15 0 0 0 57 0 0 79 0 0 84 0 0 0 0 0 3 0 99 85 0 66 0 0 0 0 0 0 0 0 54 0 0 38 24 0 0 0 0 99 0 0 0 0 0 0 0 0 10 0 0 0 0 64 0 0 22 79 0 0 0 41 0 41 0 0 100 63 0 0 0 0 
0 0 27 0 0 41 0 0 0 19 0 0 0 57 2 0 72 0 54 0 90 42 0 0 0 11 0 50 69 0 0 0 16 74 81 0 0 0 0 0 0 74 0 69 46 0 72 0 0 0 0 0 0 0 39 0 0 0 0 0 68 0 0 0 0 0 71 0 0 0 0 0 0 2 0 0 0 0 43 4 0 0 0 22 0 0 0 56 0 0 0 0 0 54 0 0 33 35 0 0 
100 0 0 0 20 0 6 0 0 0 0 0 0 0 42 0 0 7 0 20 0 0 49 0 0 0 0 74 68 0 31 0 0 85 0 0 0 0 0 72 0 0 0 0 0 0 92 90 82 0 85 0 20 0 0 0 0 0 0 0 0 0 0 0 0 0 0 0 0 0 0 0 0 0 0 0 0 0 0 85 0 0 0 79 0 0 0 0 0 0 0 0 0 0 0 60 0 11 0 0 
0 0 59 0 0 21 0 33 0 0 90 93 0 0 0 0 0 18 0 0 0 0 39 0 0 0 0 0 11 0 0 0 0 44 61 84 7 0 64 0 0 0 0 0 0 17 0 0 0 0 0 0 0 11 0 0 19 0 0 53 0 0 56 45 0 0 0 0 0 0 0 0 12 0 5 0 0 66 0 20 28 0 0 0 0 0 0 86 0 0 0 86 0 56 0 0 0 0 0 0 
0 0 93 0 0 0 40 71 0 0 0 60 87 35 0 0 0 0 4 0 0 0 0 0 0 2 0 0 73 50 0 0 28 0 69 0 92 52 0 91 0 0 0 0 0 0 0 55 0 0 67 0 26 0 91 0 34 0 0 0 50 46 0 99 0 0 0 0 0 0 0 0 75 0 0 0 38 0 0 0 0 0 57 0 56 0 86 0 0 0 0 54 0 0 0 0 0 0 89 0 
46 0 0 0 4 0 0 91 0 0 68 41 0 0 0 0 0 0 41 0 0 0 58 0 80 0 0 0 0 0 11 0 0 0 0 0 0 0 19 69 0 0 14 0 0 0 0 0 0 0 0 0 0 0 0 0 0 0 0 0 0 0 0 3 48 58 0 0 0 0 23 0 0 0 0 0 0 0 0 0 23 0 5 0 0 0 0 0 0 0 0 97 0 77 0 0 0 59 0 0 
9 0 0 0 0 86 0 0 33 0 57 0 0 63 0 0 0 0 0 0 53 0 0 0 0 0 0 0 0 0 0 0 0 43 0 34 0 0 77 0 0 0 0 0 56 0 0 0 0 0 0 49 0 36 0 0 0 0 0 0 22 0 16 0 0 0 20 0 0 0 0 0 34 0 0 0 71 0 0 0 0 0 0 41 0 0 0 0 0 0 0 0 0 0 94 19 0 0 0 0 
0 0 98 0 0 0 0 0 0 0 0 0 0 82 57 63 0 0 43 0 16 0 67 0 0 35 0 0 0 0 0 0 45 0 0 38 0 0 0 75 9 0 0 0 0 0 49 9 0 0 0 0 51 0 0 79 0 0 0 0 99 72 0 0 0 60 0 0 73 0 11 97 0 44 0 0 0 70 0 0 0 0 0 0 0 0 0 0 0 0 0 0 0 0 88 100 0 0 0 0 
93 0 0 0 0 0 0 65 34 62 0 0 0 40 0 0 0 71 0 0 0 98 0 0 0 0 0 0 0 0 0 0 62 0 0 0 61 51 0 11 0 93 0 61 0 32 7 0 41 0 0 0 0 0 0 58 79 0 0 0 58 0 0 0 0 13 0 0 24 0 0 0 76 0 0 0 0 0 0 0 56 11 0 41 0 0 86 54 97 0 0 0 3 0 0 0 0 0 32 0 
0 13 9 27 16 72 0 9 0 24 0 0 47 0 32 0 0 86 0 31 0 0 0 0 76 23 0 0 9 0 0 0 0 0 0 46 0 0 0 0 0 18 0 0 0 0 44 0 14 0 0 0 0 44 7 0 27 0 0 0 0 0 39 0 0 0 0 0 0 0 90 0 3 0 23 66 0 0 0 0 0 0 0 0 0 0 0 0 0 0 0 3 0 0 0 34 34 0 96 0 
0 0 0 0 0 0 0 0 0 0 0 42 100 0 52 0 0 92 38 0 0 13 0 0 0 55 0 0 1 0 5 0 0 10 0 26 0 0 0 0 0 5 0 0 0 99 0 0 82 0 0 0 0 0 0 79 18 0 0 0 47 18 0 0 0 0 0 47 92 0 0 0 0 78 100 0 52 49 0 40 0 0 0 0 54 0 56 0 77 0 0 0 0 0 89 0 0 92 0 0 
0 0 0 0 93 0 0 45 0 77 0 0 0 85 42 0 0 0 0 21 92 36 0 44 41 0 0 17 0 0 0 0 0 0 0 0 31 0 0 66 0 0 0 0 0 0 0 0 0 53 0 70 0 43 84 0 0 0 0 0 27 0 0 0 0 70 0 0 0 0 0 0 0 0 0 0 0 0 0 0 0 0 0 100 0 0 0 0 0 94 88 0 0 89 0 0 0 2 0 0 
0 0 17 0 0 0 0 14 17 0 0 0 0 8 0 0 46 0 43 93 0 0 0 44 0 0 0 21 0 0 76 77 0 41 0 0 0 83 59 0 0 0 0 82 0 0 0 0 0 0 0 0 16 80 0 0 0 9 0 0 0 68 10 0 0 0 29 0 96 0 0 0 0 0 0 79 0 21 0 0 0 0 0 63 0 60 0 0 0 19 100 0 34 0 0 0 0 66 0 0 
0 0 0 0 0 0 0 0 0 0 40 0 0 29 24 0 0 0 50 0 30 0 0 0 99 75 0 0 0 0 13 0 71 0 0 0 73 0 80 0 12 0 0 0 0 0 0 4 0 0 0 0 50 0 0 0 0 24 20 0 29 0 0 0 0 0 34 0 0 0 0 26 40 0 0 0 0 18 0 0 0 0 0 0 33 0 0 0 0 0 0 0 34 0 0 0 0 39 80 0 
13 43 0 0 26 26 0 0 0 0 0 0 0 0 31 0 0 0 0 0 0 68 0 0 0 0 42 0 0 0 0 0 31 0 0 66 97 0 0 0 0 0 0 32 0 44 0 0 0 0 0 0 0 0 83 90 0 0 95 0 0 0 0 0 0 63 0 0 0 0 0 32 100 0 57 0 18 61 0 79 0 0 0 0 35 11 0 0 59 0 0 0 0 92 2 66 39 0 99 0 
0 0 0 75 0 30 0 0 0 84 0 8 55 0 0 25 0 0 0 0 0 0 10 0 0 70 13 0 0 0 0 85 0 30 0 0 0 0 0 81 0 0 0 0 0 0 0 0 17 52 0 0 0 0 0 0 0 11 0 0 0 0 0 0 0 0 0 0 7 0 0 0 50 90 71 0 0 0 0 0 73 88 0 0 0 0 0 89 0 0 0 32 96 0 0 0 80 99 0 0 
0 0 0 0 0 0 0 0 38 75 0 36 0 78 30 0 0 32 0 0 55 0 13 0 0 11 0 4 25 0 0 0 0 93 0 0 0 0 0 0 0 58 0 0 0 0 0 24 0 0 0 0 0 0 10 0 0 0 0 0 0 0 0 0 0 0 0 0 12 0 0 0 0 8 0 0 14 51 0 0 28 73 7 0 0 0 0 0 0 0 0 0 0 0 0 0 0 0 0 0 
