0 0 0 0 252 0 148 0 0 0 0 0 0 0 0 0 0 0 0 242 0 0 0 392 0 0 0 0 0 0 0 0 0 0 0 0 0 0 0 0 0 415 0 0 0 0 0 0 0 300 0 0 0 0 0 0 0 0 495 354 0 0 0 169 0 0 0 0 0 0 381 0 0 0 9 0 48 0 0 0 0 0 0 326 0 74 0 0 0 0 0 427 0 0 0 0 0 0 0 0 
0 0 0 325 0 0 0 0 196 0 0 0 0 0 0 179 0 0 0 0 0 0 0 0 50 0 0 0 111 0 0 248 0 0 0 308 0 0 0 0 0 0 0 0 0 0 0 0 0 0 0 0 0 0 459 0 0 0 0 0 0 0 0 0 0 0 0 308 0 0 0 0 0 0 0 0 0 0 431 0 0 0 0 0 0 0 272 0 0 72 0 0 0 0 0 0 0 0 0 0 
0 0 0 0 0 0 0 0 67 0 0 0 28 0 0 0 0 0 0 0 0 0 0 0 0 0 0 0 0 79 0 0 0 0 0 0 0 0 0 0 0 0 0 0 0 302 101 0 0 0 0 0 0 0 0 278 0 0 472 239 0 0 0 0 0 0 440 252 0 0 0 0 0 0 28 0 500 0 0 350 0 0 0 0 22 0 0 392 0 0 0 0 0 0 0 0 0 0 0 0 
0 325 0 0 0 0 0 0 0 0 0 0 0 0 0 0 0 0 0 0 0 0 142 417 0 0 0 0 0 0 0 0 0 0 0 0 0 0 0 0 278 0 0 0 198 0 0 0 0 0 0 0 0 185 224 0 223 0 0 0 86 0 0 0 0 0 0 0 0 0 0 0 0 0 0 322 268 134 0 0 0 0 0 0 0 0 0 256 0 0 0 0 0 383 0 391 0 0 0 0 
252 0 0 0 0 0 0 0 0 0 0 0 393 202 0 0 99 0 0 73 0 0 0 0 304 0 0 0 0 0 0 0 0 0 0 0 0 0 0 0 6 0 0 0 0 0 0 0 0 0 0 0 4 0 0 0 0 0 0 294 0 0 488 41 0 0 0 0 0 197 494 0 0 0 0 0 0 0 94 0 0 0 0 0 0 0 0 0 0 0 0 0 0 0 0 0 0 0 0 0 
0 0 0 0 0 0 0 0 0 0 0 0 0 0 0 0 64 0 1 0 161 0 0 0 0 0 0 0 0 0 0 148 0 0 0 0 0 258 0 0 0 0 0 0 0 0 0 0 0 0 0 0 0 0 459 0 0 0 0 74 0 402 0 0 0 0 468 0 0 0 62 0 387 0 0 0 351 0 0 61 0 0 0 0 448 0 0 0 0 0 0 325 0 0 0 0 0 0 0 0 
148 0 0 0 0 0 0 0 0 0 0 0 0 0 422 0 0 0 0 0 0 0 0 0 0 0 0 0 0 0 0 0 0 0 0 119 207 0 0 427 0 93 168 168 0 0 0 0 0 0 0 0 0 0 0 427 0 0 0 0 0 0 0 411 0 0 0 0 0 279 0 0 0 0 0 0 0 0 0 0 0 0 0 0 0 0 0 0 287 248 0 0 0 0 0 0 0 0 136 0 
0 0 0 0 0 0 0 0 0 0 0 0 0 0 341 0 0 0 0 0 0 0 427 0 0 0 0 0 0 0 0 0 0 0 0 0 0 0 0 142 0 0 0 0 0 226 0 0 0 0 0 0 0 323 0 0 0 0 0 0 0 0 127 0 0 0 0 0 0 0 0 0 0 0 0 0 0 0 0 189 0 0 0 396 0 0 0 0 0 0 0 0 34 0 0 0 0 0 0 0 
0 196 67 0 0 0 0 0 0 0 0 0 0 0 0 0 0 0 0 0 0 0 0 0 0 0 192 0 0 0 0 0 0 0 0 0 0 0 0 0 0 0 0 0 0 115 0 0 0 0 0 0 0 0 492 347 0 0 0 0 0 0 212 0 0 0 137 0 330 0 0 0 0 0 266 0 0 0 337 0 0 0 0 0 192 0 0 0 0 391 0 0 496 0 0 0 0 0 103 0 
0 0 0 0 0 0 0 0 0 0 0 0 0 0 0 0 0 0 0 0 0 0 324 0 0 0 0 204 0 0 183 0 0 0 0 0 0 0 325 0 0 0 0 0 0 0 0 80 0 0 0 0 341 0 0 6 0 0 0 0 0 0 0 0 0 0 0 65 0 0 0 487 218 0 0 0 0 0 0 0 0 0 0 0 0 0 56 478 0 0 0 0 0 0 0 0 0 0 241 0 
0 0 0 0 0 0 0 0 0 0 0 0 0 0 0 0 0 79 0 0 0 0 0 0 0 0 0 0 446 0 487 0 0 0 0 463 0 0 0 0 0 93 0 0 0 0 0 0 0 166 0 0 0 108 0 0 0 0 0 0 355 17 113 0 0 0 0 0 0 0 430 0 0 0 0 137 0 0 0 0 0 0 0 0 0 0 0 0 0 0 0 0 143 351 0 0 0 35 0 0 
0 0 0 0 0 0 0 0 0 0 0 0 0 0 0 0 0 0 0 0 0 0 0 0 0 0 0 0 0 0 0 0 0 0 0 0 0 0 0 200 0 0 0 0 0 0 0 0 0 0 0 0 0 0 0 0 0 0 0 0 0 0 0 0 0 0 0 0 89 0 0 0 0 0 0 0 172 0 0 0 0 0 0 202 0 0 0 0 0 0 0 0 0 254 384 0 28 0 0 0 
0 0 28 0 393 0 0 0 0 0 0 0 0 0 0 95 0 0 0 0 0 0 0 0 0 0 0 0 0 0 0 0 441 0 0 0 0 0 0 309 0 0 0 0 0 0 278 0 401 0 398 0 0 0 0 0 255 0 480 0 0 0 0 0 0 0 0 0 0 0 0 294 0 0 0 0 0 0 0 0 0 238 0 58 0 0 0 0 0 0 0 0 0 0 0 0 0 0 0 248 
0 0 0 0 202 0 0 0 0 0 0 0 0 0 0 0 0 0 0 0 0 121 0 0 0 0 0 0 0 0 145 0 0 0 0 0 261 0 0 0 0 275 0 0 0 0 0 0 0 0 0 0 0 0 0 0 0 0 0 0 0 0 0 0 0 0 198 0 0 0 0 0 0 102 81 370 81 0 237 296 0 0 0 0 0 0 0 0 0 0 0 0 0 0 0 0 0 0 0 0 
0 0 0 0 0 0 422 341 0 0 0 0 0 0 0 281 307 0 0 0 0 0 0 0 299 0 0 0 488 0 0 0 0 0 0 0 0 0 0 0 0 0 0 0 0 0 0 0 0 0 0 0 0 0 0 0 280 0 0 0 346 0 0 52 0 0 0 0 328 0 122 0 0 0 0 0 0 0 419 0 0 0 0 0 0 0 0 0 0 78 0 0 0 0 47 0 0 0 0 25 
0 179 0 0 0 0 0 0 0 0 0 0 95 0 281 0 0 0 0 0 0 129 0 0 0 0 0 404 0 0 0 0 0 0 0 0 0 0 0 0 0 0 0 0 0 0 0 0 0 0 0 0 105 0 406 0 0 0 0 0 0 0 0 0 335 0 0 0 0 248 154 0 0 0 0 0 0 0 0 0 466 0 0 0 0 0 0 0 0 0 0 0 0 0 413 0 0 0 0 0 
0 0 0 0 99 64 0 0 0 0 0 0 0 0 307 0 0 0 0 184 0 0 111 0 0 412 0 0 0 0 0 0 0 0 0 0 0 0 0 0 0 0 0 0 0 0 0 0 0 0 0 5 0 0 0 0 0 0 0 0 145 0 0 0 0 0 0 329 0 297 0 0 0 0 0 0 0 210 0 478 0 0 0 301 0 0 0 0 0 0 262 0 0 0 0 0 0 445 0 0 
0 0 0 0 0 0 0 0 0 0 79 0 0 0 0 0 0 0 1 0 0 0 0 0 21 0 0 0 0 0 0 0 0 374 261 0 0 0 0 0 0 94 0 0 0 0 314 0 0 0 0 0 0 0 0 0 0 0 0 0 0 0 0 0 0 0 0 0 0 0 0 0 0 0 0 0 0 0 0 0 417 207 0 166 252 0 0 350 0 0 0 0 0 0 0 0 499 0 0 0 
0 0 0 0 0 1 0 0 0 0 0 0 0 0 0 0 0 1 0 0 0 0 0 203 0 0 0 165 0 0 0 132 0 0 0 126 55 92 418 0 0 0 0 0 0 0 0 0 0 0 4 0 0 0 0 0 0 0 0 0 0 0 412 0 0 0 0 45 0 0 0 0 0 0 0 0 0 0 0 0 0 164 0 0 0 435 0 0 0 0 0 0 0 0 0 0 0 0 460 0 
242 0 0 0 73 0 0 0 0 0 0 0 0 0 0 0 184 0 0 0 481 0 0 0 0 0 0 0 0 0 0 0 0 0 0 0 0 0 0 0 142 0 0 0 0 0 438 0 0 0 0 0 0 0 366 0 0 0 0 0 0 0 0 0 0 0 416 0 0 0 0 223 0 0 0 0 0 0 170 309 0 0 0 0 0 442 0 0 0 0 454 0 0 0 0 0 0 0 0 0 
0 0 0 0 0 161 0 0 0 0 0 0 0 0 0 0 0 0 0 481 0 0 0 0 0 0 0 0 0 0 0 0 0 0 0 0 0 0 0 0 484 0 0 489 0 0 0 0 0 0 28 0 0 0 0 405 0 180 0 0 278 206 0 0 0 366 0 0 0 0 0 0 0 0 0 0 0 0 0 0 51 0 129 0 52 0 214 0 0 0 0 0 0 0 0 0 0 0 0 0 
0 0 0 0 0 0 0 0 0 0 0 0 0 121 0 129 0 0 0 0 0 0 0 0 0 0 131 0 0 0 0 0 0 0 0 0 41 0 0 0 0 0 0 0 77 0 0 0 0 0 135 0 0 0 0 0 0 0 0 0 156 496 0 0 108 0 0 0 28 0 0 0 0 0 0 0 229 0 0 0 0 184 0 0 0 0 0 0 0 0 0 0 0 0 0 0 0 0 0 0 
0 0 0 142 0 0 0 427 0 324 0 0 0 0 0 0 111 0 0 0 0 0 0 0 0 0 0 0 0 0 0 107 0 0 0 0 0 0 0 0 0 0 0 0 0 0 173 0 0 0 0 0 0 0 0 0 463 0 0 0 0 0 0 0 0 0 0 0 0 0 0 0 0 0 0 352 0 0 0 107 0 0 0 478 0 0 0 0 0 0 0 0 0 0 0 430 0 0 0 0 
392 0 0 417 0 0 0 0 0 0 0 0 0 0 0 0 0 0 203 0 0 0 0 0 0 0 0 0 0 0 0 0 0 216 174 0 0 0 0 0 0 251 317 0 0 0 0 0 0 0 0 0 0 0 0 199 125 0 0 0 0 0 0 0 429 0 0 0 0 0 0 329 0 0 0 301 0 0 0 0 0 0 0 0 0 0 183 0 0 496 0 0 0 0 0 0 0 0 260 0 
0 50 0 0 304 0 0 0 0 0 0 0 0 0 299 0 0 21 0 0 0 0 0 0 0 0 0 0 0 0 0 0 0 0 0 0 0 0 0 0 0 0 150 147 0 0 0 0 0 285 0 0 0 64 0 0 0 0 111 0 231 0 127 0 0 0 0 0 0 0 116 196 0 0 0 0 0 0 0 0 0 0 0 0 343 0 0 0 0 0 0 176 0 0 0 0 0 0 0 0 
0 0 0 0 0 0 0 0 0 0 0 0 0 0 0 0 412 0 0 0 0 0 0 0 0 0 0 0 0 0 0 0 0 0 0 0 488 0 0 0 481 132 0 0 275 0 0 0 0 0 0 0 0 0 0 0 0 436 0 0 0 81 0 0 0 0 0 0 0 0 0 0 0 166 0 0 0 46 0 0 0 0 0 0 242 0 0 0 0 223 0 0 183 0 0 0 0 0 0 81 
0 0 0 0 0 0 0 0 192 0 0 0 0 0 0 0 0 0 0 0 0 131 0 0 0 0 0 262 0 0 0 110 0 0 0 355 0 0 0 9 0 0 0 0 0 0 0 0 340 60 82 0 0 0 0 0 0 0 0 0 0 0 244 129 0 0 0 0 0 0 0 0 0 451 0 223 0 0 0 0 0 0 0 0 0 0 0 0 0 0 0 0 0 0 0 59 0 0 0 328 
0 0 0 0 0 0 0 0 0 204 0 0 0 0 0 404 0 0 165 0 0 0 0 0 0 0 262 0 0 0 0 0 0 0 0 0 0 265 191 0 0 0 0 0 0 0 0 0 0 0 0 0 0 6 0 0 0 0 0 0 0 0 0 0 0 0 253 174 18 0 0 0 0 237 0 0 0 0 0 0 0 0 0 0 0 302 0 0 0 0 0 0 0 0 0 0 0 0 0 0 
0 111 0 0 0 0 0 0 0 0 446 0 0 0 488 0 0 0 0 0 0 0 0 0 0 0 0 0 0 0 0 0 0 0 0 0 0 0 0 0 0 0 0 0 0 0 0 111 0 169 0 0 0 368 0 266 464 0 0 0 0 0 0 0 0 0 0 158 0 0 0 0 0 0 0 0 0 0 0 0 0 0 0 0 0 254 0 0 0 0 0 0 0 0 51 0 0 0 0 0 
0 0 79 0 0 0 0 0 0 0 0 0 0 0 0 0 0 0 0 0 0 0 0 0 0 0 0 0 0 0 0 0 0 277 0 0 0 0 0 0 0 0 0 0 84 0 0 0 0 0 449 0 0 0 0 0 0 0 0 232 0 0 0 85 0 312 0 0 0 0 0 0 0 0 0 0 0 0 0 498 0 0 0 0 437 0 0 0 0 0 0 0 0 0 0 0 3 283 0 0 
0 0 0 0 0 0 0 0 0 183 487 0 0 145 0 0 0 0 0 0 0 0 0 0 0 0 0 0 0 0 0 218 0 0 0 0 0 0 0 0 0 0 0 0 0 0 0 0 0 41 0 0 186 0 0 0 90 0 406 0 0 0 0 0 0 0 0 0 0 0 0 0 0 0 278 0 0 494 0 0 0 0 0 449 0 0 246 0 127 0 0 0 0 0 0 0 0 436 98 0 
0 248 0 0 0 148 0 0 0 0 0 0 0 0 0 0 0 0 132 0 0 0 107 0 0 0 110 0 0 0 218 0 0 0 0 0 192 0 0 0 0 0 249 96 0 0 0 0 0 0 0 275 0 0 0 0 0 0 0 270 0 0 0 0 0 418 0 0 0 0 0 0 0 0 0 0 0 0 0 0 0 0 0 0 0 0 0 0 0 499 0 0 0 0 0 0 135 0 0 0 
0 0 0 0 0 0 0 0 0 0 0 0 441 0 0 0 0 0 0 0 0 0 0 0 0 0 0 0 0 0 0 0 0 0 0 286 0 0 0 0 0 238 0 0 0 0 194 84 0 0 0 0 0 0 0 0 0 0 0 468 0 0 20 0 0 0 484 0 0 0 0 0 0 0 0 0 0 0 0 400 146 0 0 0 0 0 376 0 0 164 0 389 0 0 0 0 0 0 0 0 
0 0 0 0 0 0 0 0 0 0 0 0 0 0 0 0 0 374 0 0 0 0 0 216 0 0 0 0 0 277 0 0 0 0 363 0 0 0 80 495 0 0 0 0 0 148 0 215 0 0 0 0 0 0 0 0 0 0 0 0 0 0 0 0 0 0 0 0 0 0 0 0 0 0 0 379 0 0 0 0 0 0 0 0 307 268 0 0 0 0 0 126 0 0 0 194 0 0 0 0 
0 0 0 0 0 0 0 0 0 0 0 0 0 0 0 0 0 261 0 0 0 0 0 174 0 0 0 0 0 0 0 0 0 363 0 316 0 2 0 465 0 0 0 0 0 0 0 0 0 0 0 0 0 0 0 0 0 0 85 0 0 0 0 0 0 422 0 0 0 294 0 0 307 0 0 0 0 0 132 0 0 0 0 0 0 0 0 283 0 0 0 0 0 0 0 0 0 0 0 0 
0 308 0 0 0 0 119 0 0 0 463 0 0 0 0 0 0 0 126 0 0 0 0 0 0 0 355 0 0 0 0 0 286 0 316 0 0 0 0 0 0 0 0 0 0 0 0 0 0 0 0 0 0 0 0 176 0 0 0 0 0 0 0 0 0 0 0 0 0 0 0 0 0 326 0 0 0 0 0 0 0 468 0 0 396 0 0 0 0 0 0 0 0 0 0 457 0 0 0 0 
0 0 0 0 0 0 207 0 0 0 0 0 0 261 0 0 0 0 55 0 0 41 0 0 0 488 0 0 0 0 0 192 0 0 0 0 0 0 0 0 63 0 0 0 0 0 0 0 0 0 0 0 0 0 0 0 0 0 0 0 0 0 0 0 0 0 0 0 80 0 0 0 0 0 0 0 0 0 179 0 0 199 0 0 0 0 87 279 0 0 302 0 0 0 466 248 0 0 0 0 
0 0 0 0 0 258 0 0 0 0 0 0 0 0 0 0 0 0 92 0 0 0 0 0 0 0 0 265 0 0 0 0 0 0 2 0 0 0 0 0 0 0 0 0 0 310 0 0 0 0 0 0 0 0 0 0 0 397 259 265 0 300 0 20 0 0 0 0 464 0 0 0 0 0 290 0 0 0 0 0 0 0 0 0 0 0 0 0 0 0 0 0 0 203 0 15 0 0 0 199 
0 0 0 0 0 0 0 0 0 325 0 0 0 0 0 0 0 0 418 0 0 0 0 0 0 0 0 191 0 0 0 0 0 80 0 0 0 0 0 0 0 0 0 0 0 317 0 217 0 337 0 13 363 0 0 464 0 0 0 0 0 0 0 0 0 0 0 0 0 0 0 0 0 0 0 0 0 161 0 0 0 291 0 258 0 0 0 0 0 0 0 13 0 0 0 0 0 302 0 0 
0 0 0 0 0 0 427 142 0 0 0 200 309 0 0 0 0 0 0 0 0 0 0 0 0 0 9 0 0 0 0 0 0 495 465 0 0 0 0 0 22 0 126 0 283 0 0 0 0 0 0 0 0 24 0 0 0 0 0 254 0 0 162 0 0 0 0 0 0 0 0 0 0 0 0 0 31 0 0 0 0 0 0 0 0 155 0 0 0 0 0 0 0 0 0 0 0 0 0 0 
0 0 0 278 6 0 0 0 0 0 0 0 0 0 0 0 0 0 0 142 484 0 0 0 0 481 0 0 0 0 0 0 0 0 0 0 63 0 0 22 0 0 0 0 0 0 456 0 0 0 398 10 0 0 0 0 0 0 0 0 0 0 0 0 0 0 0 0 0 0 359 0 0 274 0 0 250 0 0 0 0 0 0 323 0 0 0 0 0 0 0 0 0 0 0 0 0 0 166 0 
415 0 0 0 0 0 93 0 0 0 93 0 0 275 0 0 0 94 0 0 0 0 0 251 0 132 0 0 0 0 0 0 238 0 0 0 0 0 0 0 0 0 0 0 0 0 0 0 19 0 0 0 458 0 0 0 0 0 0 0 490 0 0 0 0 0 0 0 0 0 0 0 0 0 247 0 0 0 0 0 0 0 0 0 0 0 0 0 0 0 0 0 0 0 0 0 218 0 0 309 
0 0 0 0 0 0 168 0 0 0 0 0 0 0 0 0 0 0 0 0 0 0 0 317 150 0 0 0 0 0 0 249 0 0 0 0 0 0 0 126 0 0 0 102 0 0 0 0 0 0 0 0 420 0 0 0 227 0 0 0 0 409 0 0 0 0 0 0 5 0 288 0 0 0 0 262 0 0 460 0 400 0 0 0 0 0 0 0 0 0 0 0 223 0 0 0 0 0 0 0 
0 0 0 0 0 0 168 0 0 0 0 0 0 0 0 0 0 0 0 0 489 0 0 0 147 0 0 0 0 0 0 96 0 0 0 0 0 0 0 0 0 0 102 0 0 0 0 14 0 0 0 0 1 0 0 0 213 0 0 0 199 0 0 0 0 0 0 0 0 0 0 0 0 0 0 0 0 0 0 125 0 0 43 0 0 0 0 0 0 0 0 0 0 0 0 0 0 0 365 0 
0 0 0 198 0 0 0 0 0 0 0 0 0 0 0 0 0 0 0 0 0 77 0 0 0 275 0 0 0 84 0 0 0 0 0 0 0 0 0 283 0 0 0 0 0 0 398 0 0 334 0 0 0 0 0 0 0 0 305 0 0 406 0 0 0 258 0 0 257 0 0 0 0 0 0 0 0 0 0 0 0 394 0 274 0 0 0 0 0 0 0 460 123 0 0 0 0 0 0 0 
0 0 302 0 0 0 0 226 115 0 0 0 0 0 0 0 0 0 0 0 0 0 0 0 0 0 0 0 0 0 0 0 0 148 0 0 0 310 317 0 0 0 0 0 0 0 0 146 0 0 0 0 0 0 0 0 0 216 0 0 0 0 0 210 0 0 0 0 0 0 0 0 0 0 0 0 0 0 0 0 0 0 0 0 0 0 0 0 90 0 0 0 0 0 0 0 0 0 0 0 
0 0 101 0 0 0 0 0 0 0 0 0 278 0 0 0 0 314 0 438 0 0 173 0 0 0 0 0 0 0 0 0 194 0 0 0 0 0 0 0 456 0 0 0 398 0 0 0 0 0 0 0 412 0 0 0 0 0 0 0 0 0 0 0 0 0 0 0 441 0 0 0 373 0 0 0 0 0 0 0 344 0 0 0 463 0 390 0 0 0 0 0 0 0 0 0 0 0 0 0 
0 0 0 0 0 0 0 0 0 80 0 0 0 0 0 0 0 0 0 0 0 0 0 0 0 0 0 0 111 0 0 0 84 215 0 0 0 0 217 0 0 0 0 14 0 146 0 0 0 0 0 0 0 390 0 0 0 0 0 0 81 0 0 0 0 0 0 0 0 0 0 35 0 0 0 0 0 0 0 0 0 0 0 242 0 0 0 0 0 0 274 0 0 0 0 0 0 0 0 0 
0 0 0 0 0 0 0 0 0 0 0 0 401 0 0 0 0 0 0 0 0 0 0 0 0 0 340 0 0 0 0 0 0 0 0 0 0 0 0 0 0 19 0 0 0 0 0 0 0 0 0 0 0 0 0 0 0 401 0 0 0 0 0 0 44 0 0 0 0 0 61 0 0 346 0 97 0 0 0 0 0 0 302 0 0 0 0 0 486 381 0 405 0 0 0 0 0 0 0 0 
300 0 0 0 0 0 0 0 0 0 166 0 0 0 0 0 0 0 0 0 0 0 0 0 285 0 60 0 169 0 41 0 0 0 0 0 0 0 337 0 0 0 0 0 334 0 0 0 0 0 0 0 0 0 0 0 0 0 410 0 0 0 0 0 0 0 0 0 0 0 0 0 0 0 0 0 0 219 0 0 0 0 241 0 0 0 302 0 0 0 0 0 0 0 153 0 0 0 82 330 
0 0 0 0 0 0 0 0 0 0 0 0 398 0 0 0 0 0 4 0 28 135 0 0 0 0 82 0 0 449 0 0 0 0 0 0 0 0 0 0 398 0 0 0 0 0 0 0 0 0 0 176 268 0 0 0 0 215 0 0 0 0 0 0 0 0 0 0 0 0 0 9 0 0 183 0 0 0 360 0 0 0 0 0 0 0 0 0 0 0 0 0 0 0 0 0 0 0 0 0 
0 0 0 0 0 0 0 0 0 0 0 0 0 0 0 0 5 0 0 0 0 0 0 0 0 0 0 0 0 0 0 275 0 0 0 0 0 0 13 0 10 0 0 0 0 0 0 0 0 0 176 0 0 0 0 0 0 0 0 0 0 0 0 0 296 0 101 0 0 212 0 0 0 0 0 0 0 0 0 0 0 0 0 0 0 0 0 0 0 0 121 0 0 408 0 0 161 0 0 0 
0 0 0 0 4 0 0 0 0 341 0 0 0 0 0 105 0 0 0 0 0 0 0 0 0 0 0 0 0 0 186 0 0 0 0 0 0 0 363 0 0 458 420 1 0 0 412 0 0 0 268 0 0 0 0 0 0 0 0 0 0 0 0 0 0 0 0 0 234 0 0 0 0 0 0 0 23 0 151 0 0 10 0 0 0 0 0 0 0 0 0 0 180 0 0 0 0 0 0 0 
0 0 0 185 0 0 0 323 0 0 108 0 0 0 0 0 0 0 0 0 0 0 0 0 64 0 0 6 368 0 0 0 0 0 0 0 0 0 0 24 0 0 0 0 0 0 0 390 0 0 0 0 0 0 238 0 0 0 0 0 0 0 109 0 0 0 0 328 0 0 0 0 0 0 240 0 0 352 0 0 0 0 0 0 0 0 0 206 0 0 0 0 0 0 0 0 0 0 500 0 
0 459 0 224 0 459 0 0 492 0 0 0 0 0 0 406 0 0 0 366 0 0 0 0 0 0 0 0 0 0 0 0 0 0 0 0 0 0 0 0 0 0 0 0 0 0 0 0 0 0 0 0 0 238 0 491 108 0 0 0 0 0 0 0 0 0 0 0 0 155 0 0 0 449 305 0 0 0 0 0 0 0 0 0 0 0 76 0 0 0 0 0 0 105 120 0 0 0 0 0 
0 0 278 0 0 0 427 0 347 6 0 0 0 0 0 0 0 0 0 0 405 0 0 199 0 0 0 0 266 0 0 0 0 0 0 176 0 0 464 0 0 0 0 0 0 0 0 0 0 0 0 0 0 0 491 0 0 0 0 0 0 0 0 0 0 0 0 0 0 0 0 0 0 111 0 0 0 0 93 0 0 0 0 0 0 0 0 0 0 0 0 138 0 0 0 210 0 243 0 0 
0 0 0 223 0 0 0 0 0 0 0 0 255 0 280 0 0 0 0 0 0 0 463 125 0 0 0 0 464 0 90 0 0 0 0 0 0 0 0 0 0 0 227 213 0 0 0 0 0 0 0 0 0 0 108 0 0 0 0 0 0 0 0 11 0 0 0 0 0 0 0 410 0 0 0 0 0 0 0 0 0 0 457 0 104 0 0 0 0 0 0 0 0 0 84 0 0 0 0 0 
0 0 0 0 0 0 0 0 0 0 0 0 0 0 0 0 0 0 0 0 180 0 0 0 0 436 0 0 0 0 0 0 0 0 0 0 0 397 0 0 0 0 0 0 0 216 0 0 401 0 215 0 0 0 0 0 0 0 0 0 0 0 0 185 0 0 0 0 0 0 0 0 0 92 0 165 0 0 0 0 0 0 0 0 0 0 0 0 0 0 0 0 0 0 0 0 0 0 0 0 
495 0 472 0 0 0 0 0 0 0 0 0 480 0 0 0 0 0 0 0 0 0 0 0 111 0 0 0 0 0 406 0 0 0 85 0 0 259 0 0 0 0 0 0 305 0 0 0 0 410 0 0 0 0 0 0 0 0 0 0 0 0 0 0 0 0 0 0 0 0 107 0 21 0 401 0 0 0 0 0 0 0 16 0 0 0 0 0 335 0 0 0 0 0 0 0 111 0 0 0 
354 0 239 0 294 74 0 0 0 0 0 0 0 0 0 0 0 0 0 0 0 0 0 0 0 0 0 0 0 232 0 270 468 0 0 0 0 265 0 254 0 0 0 0 0 0 0 0 0 0 0 0 0 0 0 0 0 0 0 0 0 0 0 0 0 457 0 0 0 0 0 54 0 0 0 0 0 0 0 452 0 0 0 0 0 0 0 0 0 373 0 0 0 0 0 466 0 0 52 0 
0 0 0 86 0 0 0 0 0 0 355 0 0 0 346 0 145 0 0 0 278 156 0 0 231 0 0 0 0 0 0 0 0 0 0 0 0 0 0 0 0 490 0 199 0 0 0 81 0 0 0 0 0 0 0 0 0 0 0 0 0 0 0 0 0 0 0 0 0 280 0 0 0 0 0 0 0 0 0 0 0 0 0 0 0 106 0 0 0 0 404 0 0 0 0 0 0 218 0 125 
0 0 0 0 0 402 0 0 0 0 17 0 0 0 0 0 0 0 0 0 206 496 0 0 0 81 0 0 0 0 0 0 0 0 0 0 0 300 0 0 0 0 409 0 406 0 0 0 0 0 0 0 0 0 0 0 0 0 0 0 0 0 0 449 220 0 0 0 0 0 0 0 0 0 0 0 0 0 0 0 0 0 0 0 0 0 0 405 0 0 396 0 82 0 0 0 0 0 155 236 
0 0 0 0 488 0 0 127 212 0 113 0 0 0 0 0 0 0 412 0 0 0 0 0 127 0 244 0 0 0 0 0 20 0 0 0 0 0 0 162 0 0 0 0 0 0 0 0 0 0 0 0 0 109 0 0 0 0 0 0 0 0 0 0 0 0 0 0 0 491 0 0 0 0 0 0 0 0 0 146 373 0 0 0 0 0 0 0 0 0 0 0 290 0 0 0 0 0 160 0 
169 0 0 0 41 0 411 0 0 0 0 0 0 0 52 0 0 0 0 0 0 0 0 0 0 0 129 0 0 85 0 0 0 0 0 0 0 20 0 0 0 0 0 0 0 210 0 0 0 0 0 0 0 0 0 0 11 185 0 0 0 449 0 0 0 0 365 0 0 0 0 0 0 0 0 0 0 0 0 0 0 0 0 0 0 0 0 0 0 0 0 0 0 0 408 324 0 0 0 276 
0 0 0 0 0 0 0 0 0 0 0 0 0 0 0 335 0 0 0 0 0 108 0 429 0 0 0 0 0 0 0 0 0 0 0 0 0 0 0 0 0 0 0 0 0 0 0 0 44 0 0 296 0 0 0 0 0 0 0 0 0 220 0 0 0 0 0 0 0 0 0 0 94 0 0 0 0 0 0 0 0 0 0 0 0 0 0 0 0 0 0 7 0 0 0 0 0 0 0 0 
0 0 0 0 0 0 0 0 0 0 0 0 0 0 0 0 0 0 0 0 366 0 0 0 0 0 0 0 0 312 0 418 0 0 422 0 0 0 0 0 0 0 0 0 258 0 0 0 0 0 0 0 0 0 0 0 0 0 0 457 0 0 0 0 0 0 0 379 0 0 0 0 0 0 0 170 318 0 0 306 0 0 0 0 0 0 95 402 0 0 0 0 0 440 0 0 0 0 0 0 
0 0 440 0 0 468 0 0 137 0 0 0 0 198 0 0 0 0 0 416 0 0 0 0 0 0 0 253 0 0 0 0 484 0 0 0 0 0 0 0 0 0 0 0 0 0 0 0 0 0 0 101 0 0 0 0 0 0 0 0 0 0 0 365 0 0 0 0 0 0 466 0 0 0 0 244 173 491 0 0 0 0 0 0 0 0 0 0 0 0 0 0 0 0 0 0 0 0 0 0 
0 308 252 0 0 0 0 0 0 65 0 0 0 0 0 0 329 0 45 0 0 0 0 0 0 0 0 174 158 0 0 0 0 0 0 0 0 0 0 0 0 0 0 0 0 0 0 0 0 0 0 0 0 328 0 0 0 0 0 0 0 0 0 0 0 379 0 0 0 244 196 0 10 306 0 0 0 437 0 0 0 0 0 0 0 0 0 0 0 0 0 0 0 0 0 0 0 0 0 0 
0 0 0 0 0 0 0 0 330 0 0 89 0 0 328 0 0 0 0 0 0 28 0 0 0 0 0 18 0 0 0 0 0 0 0 0 80 464 0 0 0 0 5 0 257 0 441 0 0 0 0 0 234 0 0 0 0 0 0 0 0 0 0 0 0 0 0 0 0 0 0 0 0 0 0 0 0 0 0 0 0 0 0 0 0 0 0 248 0 0 17 0 0 0 0 0 80 0 0 380 
0 0 0 0 197 0 279 0 0 0 0 0 0 0 0 248 297 0 0 0 0 0 0 0 0 0 0 0 0 0 0 0 0 0 294 0 0 0 0 0 0 0 0 0 0 0 0 0 0 0 0 212 0 0 155 0 0 0 0 0 280 0 491 0 0 0 0 244 0 0 0 0 0 0 0 0 0 87 0 0 0 0 0 0 0 0 0 498 0 44 0 0 0 0 0 0 0 0 0 236 
381 0 0 0 494 62 0 0 0 0 430 0 0 0 122 154 0 0 0 0 0 0 0 0 116 0 0 0 0 0 0 0 0 0 0 0 0 0 0 0 359 0 288 0 0 0 0 0 61 0 0 0 0 0 0 0 0 0 107 0 0 0 0 0 0 0 466 196 0 0 0 0 0 0 0 0 0 0 0 0 0 0 0 0 0 0 0 0 0 0 0 285 0 238 0 0 0 0 0 0 
0 0 0 0 0 0 0 0 0 487 0 0 294 0 0 0 0 0 0 223 0 0 0 329 196 0 0 0 0 0 0 0 0 0 0 0 0 0 0 0 0 0 0 0 0 0 0 35 0 0 9 0 0 0 0 0 410 0 0 54 0 0 0 0 0 0 0 0 0 0 0 0 0 0 0 302 0 0 0 0 0 0 0 0 0 0 0 0 0 53 0 315 0 0 0 0 0 272 0 0 
0 0 0 0 0 387 0 0 0 218 0 0 0 0 0 0 0 0 0 0 0 0 0 0 0 0 0 0 0 0 0 0 0 0 307 0 0 0 0 0 0 0 0 0 0 0 373 0 0 0 0 0 0 0 0 0 0 0 21 0 0 0 0 0 94 0 0 10 0 0 0 0 0 0 0 131 0 0 0 0 0 229 0 449 0 0 0 0 0 0 319 0 445 0 0 0 0 0 0 0 
0 0 0 0 0 0 0 0 0 0 0 0 0 102 0 0 0 0 0 0 0 0 0 0 0 166 451 237 0 0 0 0 0 0 0 326 0 0 0 0 274 0 0 0 0 0 0 0 346 0 0 0 0 0 449 111 0 92 0 0 0 0 0 0 0 0 0 306 0 0 0 0 0 0 0 0 0 0 0 0 0 0 0 0 0 0 0 0 0 0 0 0 0 0 0 488 265 0 250 0 
9 0 28 0 0 0 0 0 266 0 0 0 0 81 0 0 0 0 0 0 0 0 0 0 0 0 0 0 0 0 278 0 0 0 0 0 0 290 0 0 0 247 0 0 0 0 0 0 0 0 183 0 0 240 305 0 0 0 401 0 0 0 0 0 0 0 0 0 0 0 0 0 0 0 0 0 0 292 0 0 0 452 0 0 0 0 0 0 0 0 88 0 307 0 0 0 0 0 0 0 
0 0 0 322 0 0 0 0 0 0 137 0 0 370 0 0 0 0 0 0 0 0 352 301 0 0 223 0 0 0 0 0 0 379 0 0 0 0 0 0 0 0 262 0 0 0 0 0 97 0 0 0 0 0 0 0 0 165 0 0 0 0 0 0 0 170 244 0 0 0 0 302 131 0 0 0 0 0 0 0 0 0 0 0 0 0 98 0 0 0 0 0 0 0 0 0 0 0 0 0 
48 0 500 268 0 351 0 0 0 0 0 172 0 81 0 0 0 0 0 0 0 229 0 0 0 0 0 0 0 0 0 0 0 0 0 0 0 0 0 31 250 0 0 0 0 0 0 0 0 0 0 0 23 0 0 0 0 0 0 0 0 0 0 0 0 318 173 0 0 0 0 0 0 0 0 0 0 0 0 0 0 0 0 0 0 0 0 0 0 0 0 0 0 0 245 0 0 0 0 0 
0 0 0 134 0 0 0 0 0 0 0 0 0 0 0 0 210 0 0 0 0 0 0 0 0 46 0 0 0 0 494 0 0 0 0 0 0 0 161 0 0 0 0 0 0 0 0 0 0 219 0 0 0 352 0 0 0 0 0 0 0 0 0 0 0 0 491 437 0 87 0 0 0 0 292 0 0 0 0 0 0 0 145 114 301 0 0 0 270 0 0 0 0 0 0 0 0 0 0 0 
0 431 0 0 94 0 0 0 337 0 0 0 0 237 419 0 0 0 0 170 0 0 0 0 0 0 0 0 0 0 0 0 0 0 132 0 179 0 0 0 0 0 460 0 0 0 0 0 0 0 360 0 151 0 0 93 0 0 0 0 0 0 0 0 0 0 0 0 0 0 0 0 0 0 0 0 0 0 0 0 0 0 55 0 0 454 0 0 0 0 0 0 21 0 0 0 0 0 0 0 
0 0 350 0 0 61 0 189 0 0 0 0 0 296 0 0 478 0 0 309 0 0 107 0 0 0 0 0 0 498 0 0 400 0 0 0 0 0 0 0 0 0 0 125 0 0 0 0 0 0 0 0 0 0 0 0 0 0 0 452 0 0 146 0 0 306 0 0 0 0 0 0 0 0 0 0 0 0 0 0 0 0 0 0 347 0 0 0 0 0 0 0 0 0 0 0 0 0 0 0 
0 0 0 0 0 0 0 0 0 0 0 0 0 0 0 466 0 417 0 0 51 0 0 0 0 0 0 0 0 0 0 0 146 0 0 0 0 0 0 0 0 0 400 0 0 0 344 0 0 0 0 0 0 0 0 0 0 0 0 0 0 0 373 0 0 0 0 0 0 0 0 0 0 0 0 0 0 0 0 0 0 0 0 0 0 0 0 0 0 0 0 0 0 250 0 0 0 0 0 0 
0 0 0 0 0 0 0 0 0 0 0 0 238 0 0 0 0 207 164 0 0 184 0 0 0 0 0 0 0 0 0 0 0 0 0 468 199 0 291 0 0 0 0 0 394 0 0 0 0 0 0 0 10 0 0 0 0 0 0 0 0 0 0 0 0 0 0 0 0 0 0 0 229 0 452 0 0 0 0 0 0 0 0 0 0 0 0 0 0 0 0 0 0 0 366 0 0 0 0 0 
0 0 0 0 0 0 0 0 0 0 0 0 0 0 0 0 0 0 0 0 129 0 0 0 0 0 0 0 0 0 0 0 0 0 0 0 0 0 0 0 0 0 0 43 0 0 0 0 302 241 0 0 0 0 0 0 457 0 16 0 0 0 0 0 0 0 0 0 0 0 0 0 0 0 0 0 0 145 55 0 0 0 0 0 0 0 0 0 0 0 195 0 0 0 0 316 321 0 0 0 
326 0 0 0 0 0 0 396 0 0 0 202 58 0 0 0 301 166 0 0 0 0 478 0 0 0 0 0 0 0 449 0 0 0 0 0 0 0 258 0 323 0 0 0 274 0 0 242 0 0 0 0 0 0 0 0 0 0 0 0 0 0 0 0 0 0 0 0 0 0 0 0 449 0 0 0 0 114 0 0 0 0 0 0 0 0 0 171 0 0 0 0 0 0 0 0 0 0 0 0 
0 0 22 0 0 448 0 0 192 0 0 0 0 0 0 0 0 252 0 0 52 0 0 0 343 242 0 0 0 437 0 0 0 307 0 396 0 0 0 0 0 0 0 0 0 0 463 0 0 0 0 0 0 0 0 0 104 0 0 0 0 0 0 0 0 0 0 0 0 0 0 0 0 0 0 0 0 301 0 347 0 0 0 0 0 0 0 0 0 0 0 225 0 0 0 0 0 0 0 0 
74 0 0 0 0 0 0 0 0 0 0 0 0 0 0 0 0 0 435 442 0 0 0 0 0 0 0 302 254 0 0 0 0 268 0 0 0 0 0 155 0 0 0 0 0 0 0 0 0 0 0 0 0 0 0 0 0 0 0 0 106 0 0 0 0 0 0 0 0 0 0 0 0 0 0 0 0 0 454 0 0 0 0 0 0 0 0 137 0 0 223 0 0 0 346 0 433 143 0 0 
0 272 0 0 0 0 0 0 0 56 0 0 0 0 0 0 0 0 0 0 214 0 0 183 0 0 0 0 0 0 246 0 376 0 0 0 87 0 0 0 0 0 0 0 0 0 390 0 0 302 0 0 0 0 76 0 0 0 0 0 0 0 0 0 0 95 0 0 0 0 0 0 0 0 0 98 0 0 0 0 0 0 0 0 0 0 0 0 0 0 0 0 0 0 112 0 0 0 0 0 
0 0 392 256 0 0 0 0 0 478 0 0 0 0 0 0 0 350 0 0 0 0 0 0 0 0 0 0 0 0 0 0 0 0 283 0 279 0 0 0 0 0 0 0 0 0 0 0 0 0 0 0 0 206 0 0 0 0 0 0 0 405 0 0 0 402 0 0 248 498 0 0 0 0 0 0 0 0 0 0 0 0 0 171 0 137 0 0 0 0 0 0 0 0 48 199 0 0 0 0 
0 0 0 0 0 0 287 0 0 0 0 0 0 0 0 0 0 0 0 0 0 0 0 0 0 0 0 0 0 0 127 0 0 0 0 0 0 0 0 0 0 0 0 0 0 90 0 0 486 0 0 0 0 0 0 0 0 0 335 0 0 0 0 0 0 0 0 0 0 0 0 0 0 0 0 0 0 270 0 0 0 0 0 0 0 0 0 0 0 0 0 0 66 386 0 0 210 0 0 0 
0 72 0 0 0 0 248 0 391 0 0 0 0 0 78 0 0 0 0 0 0 0 0 496 0 223 0 0 0 0 0 499 164 0 0 0 0 0 0 0 0 0 0 0 0 0 0 0 381 0 0 0 0 0 0 0 0 0 0 373 0 0 0 0 0 0 0 0 0 44 0 53 0 0 0 0 0 0 0 0 0 0 0 0 0 0 0 0 0 0 0 0 0 0 340 131 310 0 0 0 
0 0 0 0 0 0 0 0 0 0 0 0 0 0 0 0 262 0 0 454 0 0 0 0 0 0 0 0 0 0 0 0 0 0 0 0 302 0 0 0 0 0 0 0 0 0 0 274 0 0 0 121 0 0 0 0 0 0 0 0 404 396 0 0 0 0 0 0 17 0 0 0 319 0 88 0 0 0 0 0 0 0 195 0 0 223 0 0 0 0 0 81 411 0 0 263 0 0 0 0 
427 0 0 0 0 325 0 0 0 0 0 0 0 0 0 0 0 0 0 0 0 0 0 0 176 0 0 0 0 0 0 0 389 126 0 0 0 0 13 0 0 0 0 0 460 0 0 0 405 0 0 0 0 0 0 138 0 0 0 0 0 0 0 0 7 0 0 0 0 0 285 315 0 0 0 0 0 0 0 0 0 0 0 0 225 0 0 0 0 0 81 0 0 0 0 0 0 0 350 0 
0 0 0 0 0 0 0 34 496 0 143 0 0 0 0 0 0 0 0 0 0 0 0 0 0 183 0 0 0 0 0 0 0 0 0 0 0 0 0 0 0 0 223 0 123 0 0 0 0 0 0 0 180 0 0 0 0 0 0 0 0 82 290 0 0 0 0 0 0 0 0 0 445 0 307 0 0 0 21 0 0 0 0 0 0 0 0 0 66 0 411 0 0 0 0 0 444 0 0 0 
0 0 0 383 0 0 0 0 0 0 351 254 0 0 0 0 0 0 0 0 0 0 0 0 0 0 0 0 0 0 0 0 0 0 0 0 0 203 0 0 0 0 0 0 0 0 0 0 0 0 0 408 0 0 105 0 0 0 0 0 0 0 0 0 0 440 0 0 0 0 238 0 0 0 0 0 0 0 0 0 250 0 0 0 0 0 0 0 386 0 0 0 0 0 0 0 0 391 0 0 
0 0 0 0 0 0 0 0 0 0 0 384 0 0 47 413 0 0 0 0 0 0 0 0 0 0 0 0 51 0 0 0 0 0 0 0 466 0 0 0 0 0 0 0 0 0 0 0 0 153 0 0 0 0 120 0 84 0 0 0 0 0 0 408 0 0 0 0 0 0 0 0 0 0 0 0 245 0 0 0 0 366 0 0 0 346 112 48 0 340 0 0 0 0 0 0 0 0 0 0 
0 0 0 391 0 0 0 0 0 0 0 0 0 0 0 0 0 0 0 0 0 0 430 0 0 0 59 0 0 0 0 0 0 194 0 457 248 15 0 0 0 0 0 0 0 0 0 0 0 0 0 0 0 0 0 210 0 0 0 466 0 0 0 324 0 0 0 0 0 0 0 0 0 488 0 0 0 0 0 0 0 0 316 0 0 0 0 199 0 131 263 0 0 0 0 0 0 0 0 0 
0 0 0 0 0 0 0 0 0 0 0 28 0 0 0 0 0 499 0 0 0 0 0 0 0 0 0 0 0 3 0 135 0 0 0 0 0 0 0 0 0 218 0 0 0 0 0 0 0 0 0 161 0 0 0 0 0 0 111 0 0 0 0 0 0 0 0 0 80 0 0 0 0 265 0 0 0 0 0 0 0 0 321 0 0 433 0 0 210 310 0 0 444 0 0 0 0 0 0 0 
0 0 0 0 0 0 0 0 0 0 35 0 0 0 0 0 445 0 0 0 0 0 0 0 0 0 0 0 0 283 436 0 0 0 0 0 0 0 302 0 0 0 0 0 0 0 0 0 0 0 0 0 0 0 0 243 0 0 0 0 218 0 0 0 0 0 0 0 0 0 0 272 0 0 0 0 0 0 0 0 0 0 0 0 0 143 0 0 0 0 0 0 0 391 0 0 0 0 0 0 
0 0 0 0 0 0 136 0 103 241 0 0 0 0 0 0 0 0 460 0 0 0 0 260 0 0 0 0 0 0 98 0 0 0 0 0 0 0 0 0 166 0 0 365 0 0 0 0 0 82 0 0 0 500 0 0 0 0 0 52 0 155 160 0 0 0 0 0 0 0 0 0 0 250 0 0 0 0 0 0 0 0 0 0 0 0 0 0 0 0 0 350 0 0 0 0 0 0 0 0 
0 0 0 0 0 0 0 0 0 0 0 0 248 0 25 0 0 0 0 0 0 0 0 0 0 81 328 0 0 0 0 0 0 0 0 0 0 199 0 0 0 309 0 0 0 0 0 0 0 330 0 0 0 0 0 0 0 0 0 0 125 236 0 276 0 0 0 0 380 236 0 0 0 0 0 0 0 0 0 0 0 0 0 0 0 0 0 0 0 0 0 0 0 0 0 0 0 0 0 0 
