0 0 0 0 0 0 0 0 0 0 0 0 0 0 0 0 0 0 1 0 0 0 0 0 0 0 0 0 0 0 0 0 0 0 0 0 0 0 0 0 0 0 85 0 0 0 0 0 0 0 0 0 75 0 22 0 37 0 0 0 72 0 0 0 0 0 0 0 0 0 0 0 0 0 0 0 61 0 72 0 0 0 93 3 0 21 0 0 0 0 87 0 0 66 0 0 63 0 0 0 
0 0 0 0 0 0 0 0 0 23 0 0 0 30 0 0 0 0 0 81 0 0 0 0 0 0 0 0 0 0 0 0 0 3 56 0 0 0 0 0 0 0 50 0 0 0 0 86 0 0 0 34 0 0 0 0 0 0 0 0 0 0 0 0 0 0 0 0 9 0 0 0 27 0 0 0 0 0 0 0 0 0 0 0 14 0 0 0 0 0 0 0 73 0 0 0 0 0 95 0 
0 0 0 55 0 0 0 55 0 41 0 0 0 0 0 0 0 0 0 0 0 0 0 0 0 0 0 0 0 0 0 0 87 0 0 0 0 44 0 0 0 78 0 0 0 0 0 0 0 0 0 4 0 0 0 0 0 0 0 0 16 16 0 0 0 0 26 0 10 0 0 0 0 0 0 0 0 0 0 0 0 0 0 0 0 97 0 0 0 0 37 0 0 0 0 0 0 62 0 0 
0 0 55 0 0 0 0 0 0 0 0 0 0 0 0 0 0 0 26 0 0 13 0 0 0 0 0 0 91 0 8 0 0 0 0 0 0 0 0 0 0 0 0 0 73 0 0 0 0 0 54 0 0 85 95 0 0 0 0 0 0 0 0 0 0 0 0 0 0 0 45 0 0 0 0 0 0 0 0 0 0 0 0 0 0 0 0 25 0 0 0 0 0 0 0 0 52 0 0 0 
0 0 0 0 0 19 0 0 0 0 85 0 0 0 0 0 0 0 0 0 0 0 85 0 0 0 0 0 1 76 0 0 6 0 0 0 0 0 0 0 0 10 0 0 0 58 21 0 0 0 0 0 0 0 0 20 0 0 0 0 0 0 0 0 0 0 0 0 0 0 0 0 0 19 0 0 0 0 38 0 0 0 0 0 0 0 38 0 0 0 0 13 0 0 0 0 0 0 0 17 
0 0 0 0 19 0 71 0 0 0 0 0 0 0 0 0 0 0 0 0 0 0 0 0 0 0 0 0 0 0 0 0 0 0 0 0 0 0 67 0 16 0 0 0 0 0 0 60 0 0 0 0 30 0 0 0 0 53 62 0 0 0 43 0 0 0 0 0 0 0 0 0 0 89 0 0 21 97 0 0 0 0 0 0 0 0 0 0 0 73 0 5 0 0 0 0 0 0 0 0 
0 0 0 0 0 71 0 0 0 0 0 0 0 0 0 0 0 0 0 0 0 0 0 0 0 10 0 0 0 0 0 86 0 0 0 0 0 0 0 0 0 0 0 0 0 0 0 0 0 0 0 0 0 0 0 0 0 77 94 0 0 0 0 0 61 0 0 0 0 82 0 6 0 0 0 0 56 0 0 38 0 0 0 0 0 0 0 0 0 0 0 0 0 38 0 0 0 0 0 0 
0 0 55 0 0 0 0 0 0 0 0 0 0 13 71 0 0 0 63 0 0 0 0 0 0 0 54 0 0 0 24 39 36 0 0 0 0 0 91 0 0 0 0 0 0 0 0 58 83 0 0 0 0 0 0 41 0 0 0 0 0 0 0 0 0 0 0 0 0 0 0 0 0 0 0 0 0 0 0 57 92 0 0 0 0 0 0 0 0 0 0 0 0 0 0 57 0 0 0 0 
0 0 0 0 0 0 0 0 0 97 2 0 0 0 0 84 0 0 0 0 0 0 0 0 0 0 0 0 0 0 0 0 0 0 0 0 6 0 0 0 0 0 0 0 0 0 0 0 46 33 0 0 0 0 0 0 45 0 0 0 89 0 0 0 0 76 49 0 0 0 0 0 0 0 0 0 0 0 12 73 0 0 0 0 0 0 0 0 0 0 0 0 0 0 76 0 0 0 0 0 
0 23 41 0 0 0 0 0 97 0 0 22 59 0 0 0 0 0 0 0 0 0 23 0 0 0 0 0 0 0 0 0 0 22 0 0 0 0 0 0 0 0 0 42 0 0 0 0 54 0 0 0 0 0 30 0 0 0 0 0 0 55 0 0 0 0 0 0 71 0 0 0 0 0 0 0 0 81 0 0 0 0 0 0 0 0 0 0 0 0 0 0 0 0 0 0 0 44 0 0 
0 0 0 0 85 0 0 0 2 0 0 85 0 0 0 11 0 0 0 0 0 0 0 0 0 0 0 42 0 0 0 0 0 0 0 0 67 0 0 77 0 0 0 0 0 0 0 0 0 0 0 0 0 0 0 0 0 0 0 0 0 0 50 0 0 0 0 0 0 17 0 0 63 0 0 0 88 0 0 75 0 0 0 0 0 0 0 0 0 0 0 0 0 0 48 0 0 0 0 15 
0 0 0 0 0 0 0 0 0 22 85 0 0 0 0 0 0 0 0 0 0 0 0 0 0 0 0 0 0 0 0 0 0 0 0 0 0 11 0 0 0 0 0 0 0 0 0 0 0 57 35 0 0 0 0 0 0 0 0 0 0 0 0 39 0 0 0 0 0 0 0 0 0 0 26 0 0 83 0 62 25 0 0 0 0 0 0 0 0 0 0 0 0 0 61 95 55 0 0 84 
0 0 0 0 0 0 0 0 0 59 0 0 0 0 0 0 0 0 0 0 0 0 0 0 0 0 0 0 0 74 0 53 52 0 61 0 0 0 40 0 0 0 0 0 0 0 0 0 0 0 0 0 0 33 0 0 0 0 0 0 0 87 43 0 69 0 0 0 0 0 0 0 0 0 0 0 0 0 0 0 0 0 99 0 0 0 0 0 0 35 0 31 0 0 11 0 0 0 0 32 
0 30 0 0 0 0 0 13 0 0 0 0 0 0 0 0 0 0 0 0 0 0 0 0 0 31 0 0 0 0 0 0 0 0 0 0 0 0 44 0 0 0 0 0 0 0 0 0 0 0 30 0 0 0 0 0 0 0 0 25 0 0 0 0 0 0 0 0 0 0 0 37 0 0 0 0 0 54 0 0 28 0 0 0 0 0 0 0 45 0 68 0 0 0 0 0 0 0 0 0 
0 0 0 0 0 0 0 71 0 0 0 0 0 0 0 0 0 0 0 0 0 0 0 0 58 0 0 0 72 0 0 0 0 0 0 0 0 54 22 0 0 0 24 0 0 0 0 0 0 0 0 45 0 5 0 0 0 0 0 0 0 0 76 0 0 0 12 0 0 0 0 0 0 28 0 0 0 0 0 0 0 0 0 0 0 0 0 0 0 0 0 0 0 0 0 0 0 0 8 0 
0 0 0 0 0 0 0 0 84 0 11 0 0 0 0 0 99 0 0 0 0 38 0 45 0 0 0 0 0 0 0 0 0 0 0 0 1 0 0 0 0 0 0 0 0 0 0 0 0 0 0 0 0 0 0 93 0 0 0 0 0 0 67 0 0 0 0 0 0 0 60 0 0 0 0 0 0 0 95 0 0 0 0 0 89 0 0 55 0 41 0 0 0 0 0 0 97 71 0 0 
0 0 0 0 0 0 0 0 0 0 0 0 0 0 0 99 0 0 0 0 0 0 0 0 0 0 0 0 0 75 0 39 42 0 0 0 0 0 59 0 0 0 0 0 76 0 0 19 0 0 0 0 0 0 0 0 0 0 0 72 0 0 50 0 88 0 0 0 0 0 0 0 0 0 0 45 0 0 0 0 0 0 0 0 65 0 31 0 0 0 0 0 0 12 0 0 0 0 17 0 
0 0 0 0 0 0 0 0 0 0 0 0 0 0 0 0 0 0 0 0 0 89 0 0 0 0 0 0 0 0 0 0 0 0 75 0 0 0 0 0 35 0 0 0 0 0 0 0 61 0 0 0 0 0 0 0 0 0 0 0 80 0 0 0 0 0 0 45 0 0 0 0 9 0 0 0 0 0 0 0 0 49 41 0 0 0 0 0 24 0 0 0 2 0 0 0 0 0 0 0 
1 0 0 26 0 0 0 63 0 0 0 0 0 0 0 0 0 0 0 0 0 0 0 0 0 0 0 0 0 86 0 0 0 0 0 0 0 0 0 0 0 0 0 0 0 13 0 0 0 69 0 0 0 0 0 0 0 81 0 0 0 0 0 0 0 0 88 0 0 77 0 0 0 100 36 0 0 0 0 0 0 0 0 0 99 0 0 0 0 0 0 0 0 0 0 0 75 0 0 0 
0 81 0 0 0 0 0 0 0 0 0 0 0 0 0 0 0 0 0 0 0 0 0 0 27 0 0 0 0 0 0 0 70 0 0 0 0 0 0 52 0 0 0 0 0 0 0 43 4 0 0 0 0 53 0 0 0 24 0 0 31 0 0 0 0 0 0 0 0 0 28 0 0 0 0 0 0 0 3 0 94 0 0 0 0 0 0 0 0 0 0 4 25 0 0 0 0 78 0 0 
0 0 0 0 0 0 0 0 0 0 0 0 0 0 0 0 0 0 0 0 0 25 0 69 0 61 0 0 0 0 0 0 0 0 0 0 0 0 0 0 0 33 0 84 0 5 0 57 0 0 0 8 0 0 0 0 0 0 0 0 0 0 0 0 0 0 0 0 0 0 0 0 81 0 0 0 0 0 0 0 0 0 0 0 0 0 0 0 0 62 82 0 0 0 0 0 19 49 0 0 
0 0 0 13 0 0 0 0 0 0 0 0 0 0 0 38 0 89 0 0 25 0 0 0 0 0 0 51 0 0 68 0 0 0 0 0 58 0 0 0 0 0 0 0 92 0 27 0 0 0 0 45 0 0 0 0 0 0 0 0 0 0 0 0 0 0 67 0 0 0 0 0 51 0 0 0 0 0 0 0 33 0 0 0 34 0 13 0 0 0 0 0 0 0 0 0 0 0 0 0 
0 0 0 0 85 0 0 0 0 23 0 0 0 0 0 0 0 0 0 0 0 0 0 4 0 0 0 0 41 0 0 94 88 0 0 0 0 0 0 0 0 0 0 0 0 70 0 0 0 66 0 0 0 0 81 13 0 0 0 0 0 61 0 0 0 0 0 0 0 0 0 0 0 0 0 0 33 0 0 0 0 0 0 0 0 0 0 0 20 0 0 0 0 89 0 0 0 0 22 0 
0 0 0 0 0 0 0 0 0 0 0 0 0 0 0 45 0 0 0 0 69 0 4 0 49 0 0 0 68 78 0 0 0 0 18 0 0 0 84 0 0 0 0 0 0 0 0 0 0 0 0 0 0 0 57 0 0 0 0 0 0 0 0 0 0 69 0 0 0 0 0 0 0 0 0 0 0 0 0 18 0 0 9 0 0 0 0 0 52 0 0 0 0 0 0 0 0 0 53 8 
0 0 0 0 0 0 0 0 0 0 0 0 0 0 58 0 0 0 0 27 0 0 0 49 0 53 0 0 0 0 0 0 0 0 0 0 0 0 0 0 0 99 0 0 0 0 0 0 90 0 0 0 0 0 0 0 0 0 0 0 0 0 40 0 0 0 0 0 0 0 25 0 0 0 0 33 0 0 0 0 0 0 0 0 0 0 79 0 0 0 0 0 79 85 0 0 0 0 0 0 
0 0 0 0 0 0 10 0 0 0 0 0 0 31 0 0 0 0 0 0 61 0 0 0 53 0 0 19 0 0 0 0 98 0 0 0 0 54 0 0 0 0 7 0 0 0 0 22 0 0 0 53 0 0 0 0 0 0 0 0 0 0 0 0 0 0 0 0 0 0 0 0 0 0 0 0 0 0 51 0 0 0 0 0 0 0 0 0 0 0 0 0 0 0 78 0 0 0 0 0 
0 0 0 0 0 0 0 54 0 0 0 0 0 0 0 0 0 0 0 0 0 0 0 0 0 0 0 0 0 0 0 0 0 0 0 0 0 0 23 0 0 47 0 29 0 0 0 86 0 0 0 0 0 70 0 0 0 0 0 0 0 0 0 0 61 0 1 0 0 51 0 0 0 0 0 0 0 0 0 0 0 28 0 0 0 0 0 0 0 0 0 0 3 0 0 0 0 21 0 0 
0 0 0 0 0 0 0 0 0 0 42 0 0 0 0 0 0 0 0 0 0 51 0 0 0 19 0 0 24 0 0 0 0 46 0 67 0 0 0 0 0 0 0 0 0 43 0 0 0 0 0 0 0 0 0 0 0 0 0 0 0 0 0 0 30 0 52 100 0 0 0 0 0 42 0 0 0 0 0 0 0 0 0 0 0 0 0 0 0 0 0 0 0 0 0 0 0 0 0 35 
0 0 0 91 1 0 0 0 0 0 0 0 0 0 72 0 0 0 0 0 0 0 41 68 0 0 0 24 0 0 0 0 0 0 0 0 0 0 0 80 0 0 0 90 0 0 0 0 0 0 0 0 0 0 100 0 0 0 0 0 0 3 0 8 0 0 0 0 0 0 0 0 0 39 0 0 0 33 0 0 32 0 0 0 0 0 0 0 0 0 0 0 0 0 0 25 0 0 0 0 
0 0 0 0 76 0 0 0 0 0 0 0 74 0 0 0 75 0 86 0 0 0 0 78 0 0 0 0 0 0 0 0 0 0 0 25 0 0 0 0 13 0 0 0 0 68 0 0 0 0 52 0 0 0 17 0 0 0 0 0 0 19 0 69 0 56 0 0 0 0 0 0 72 0 0 0 0 0 0 0 0 0 0 0 0 0 0 0 0 0 0 0 0 0 0 19 0 0 0 0 
0 0 0 8 0 0 0 24 0 0 0 0 0 0 0 0 0 0 0 0 0 68 0 0 0 0 0 0 0 0 0 73 86 0 0 19 0 0 0 0 0 0 0 0 0 58 0 0 81 0 43 0 0 70 0 0 0 0 0 0 0 86 0 86 0 0 0 0 0 0 0 0 0 0 0 0 0 0 0 0 0 0 12 75 0 0 0 0 0 0 0 0 0 0 0 0 0 0 0 0 
0 0 0 0 0 0 86 39 0 0 0 0 53 0 0 0 39 0 0 0 0 0 94 0 0 0 0 0 0 0 73 0 0 0 0 0 0 0 0 0 0 0 0 0 0 0 0 0 0 0 0 0 0 0 0 0 3 0 0 1 58 0 0 50 0 0 0 0 0 0 0 0 0 0 0 0 0 0 0 0 0 0 0 0 67 0 0 0 0 0 0 0 0 0 0 55 0 41 0 0 
0 0 87 0 6 0 0 36 0 0 0 0 52 0 0 0 42 0 0 70 0 0 88 0 0 98 0 0 0 0 86 0 0 0 0 0 0 0 0 0 0 0 0 0 44 0 0 0 0 0 0 0 0 0 0 0 0 0 43 24 0 92 0 0 0 0 0 0 0 0 0 26 0 0 62 0 0 0 0 0 0 0 0 0 0 0 0 0 0 0 0 0 0 0 0 0 0 0 0 0 
0 3 0 0 0 0 0 0 0 22 0 0 0 0 0 0 0 0 0 0 0 0 0 0 0 0 0 46 0 0 0 0 0 0 0 49 74 0 0 0 0 0 19 45 0 0 0 0 0 0 0 0 0 74 0 0 0 0 0 8 0 26 0 0 0 0 0 0 0 0 0 0 0 0 0 0 32 0 0 72 0 0 0 74 19 0 0 0 0 0 0 0 0 0 92 0 0 0 0 0 
0 56 0 0 0 0 0 0 0 0 0 0 61 0 0 0 0 75 0 0 0 0 0 18 0 0 0 0 0 0 0 0 0 0 0 0 0 0 0 81 0 0 5 14 32 0 0 0 0 8 0 0 59 0 0 97 0 0 0 0 0 0 0 0 30 0 0 0 0 0 97 0 0 0 0 0 0 31 0 0 0 0 0 0 0 0 0 0 0 0 0 0 0 0 0 0 85 0 0 0 
0 0 0 0 0 0 0 0 0 0 0 0 0 0 0 0 0 0 0 0 0 0 0 0 0 0 0 67 0 25 19 0 0 49 0 0 0 0 0 0 0 0 0 0 0 0 0 47 0 0 0 0 0 0 0 90 0 17 0 0 0 67 0 0 0 0 0 58 0 0 0 0 45 0 0 0 0 0 0 0 0 0 0 0 0 51 0 0 0 0 57 0 0 0 0 32 0 16 0 0 
0 0 0 0 0 0 0 0 6 0 67 0 0 0 0 1 0 0 0 0 0 58 0 0 0 0 0 0 0 0 0 0 0 74 0 0 0 0 0 0 0 89 0 0 0 0 0 0 0 0 0 0 0 0 0 97 0 0 10 36 78 0 47 0 0 0 0 0 0 0 0 0 0 0 0 0 25 0 0 0 0 0 0 0 0 0 0 74 20 0 0 0 0 0 0 0 0 0 0 0 
0 0 44 0 0 0 0 0 0 0 0 11 0 0 54 0 0 0 0 0 0 0 0 0 0 54 0 0 0 0 0 0 0 0 0 0 0 0 0 6 0 23 13 0 0 0 0 0 0 0 58 0 0 0 0 45 0 0 0 0 0 0 0 0 0 0 0 0 0 88 0 0 0 0 48 0 0 0 0 59 0 0 7 0 0 0 0 0 0 0 0 100 0 18 0 0 0 0 0 0 
0 0 0 0 0 67 0 91 0 0 0 0 40 44 22 0 59 0 0 0 0 0 0 84 0 0 23 0 0 0 0 0 0 0 0 0 0 0 0 0 0 0 0 0 0 0 0 0 0 0 0 0 0 0 0 0 0 0 0 0 28 0 0 0 20 83 0 0 0 0 0 0 0 0 97 0 0 0 0 0 0 0 0 0 0 0 0 0 0 0 88 0 0 0 0 0 0 80 0 0 
0 0 0 0 0 0 0 0 0 0 77 0 0 0 0 0 0 0 0 52 0 0 0 0 0 0 0 0 80 0 0 0 0 0 81 0 0 6 0 0 0 0 0 0 0 40 0 0 0 0 29 0 0 0 0 0 0 0 49 0 0 24 0 18 0 0 0 0 0 28 0 0 0 0 0 0 0 0 0 0 0 0 0 0 12 0 0 0 89 70 0 0 0 58 0 0 0 0 0 0 
0 0 0 0 0 16 0 0 0 0 0 0 0 0 0 0 0 35 0 0 0 0 0 0 0 0 0 0 0 13 0 0 0 0 0 0 0 0 0 0 0 0 0 39 0 0 0 0 0 0 49 0 0 0 0 0 23 0 6 65 51 0 0 0 0 67 0 0 0 29 0 0 0 0 0 0 0 61 0 0 79 0 48 0 0 0 0 0 0 0 0 0 0 80 0 0 0 0 0 0 
0 0 78 0 10 0 0 0 0 0 0 0 0 0 0 0 0 0 0 0 33 0 0 0 99 0 47 0 0 0 0 0 0 0 0 0 89 23 0 0 0 0 0 0 24 0 0 0 0 0 0 0 0 0 0 96 0 71 0 18 0 0 0 0 0 0 0 0 0 0 0 0 23 90 0 0 0 0 0 13 0 0 0 0 0 0 0 0 0 0 0 0 0 0 0 0 0 0 65 0 
85 50 0 0 0 0 0 0 0 0 0 0 0 0 24 0 0 0 0 0 0 0 0 0 0 7 0 0 0 0 0 0 0 19 5 0 0 13 0 0 0 0 0 0 0 0 0 0 32 0 0 0 0 0 0 0 82 0 0 0 0 0 0 0 0 0 0 0 0 0 0 70 0 0 1 0 0 55 0 0 83 0 0 0 0 0 0 90 0 0 0 0 0 0 0 0 0 0 0 0 
0 0 0 0 0 0 0 0 0 42 0 0 0 0 0 0 0 0 0 0 84 0 0 0 0 0 29 0 90 0 0 0 0 45 14 0 0 0 0 0 39 0 0 0 0 55 0 0 0 0 53 0 0 0 0 20 0 0 0 0 0 0 0 11 0 0 0 0 0 0 0 60 0 0 0 0 0 0 0 7 0 0 0 0 0 0 0 0 0 0 0 96 0 0 0 0 0 0 0 0 
0 0 0 73 0 0 0 0 0 0 0 0 0 0 0 0 76 0 0 0 0 92 0 0 0 0 0 0 0 0 0 0 44 0 32 0 0 0 0 0 0 24 0 0 0 0 0 6 0 0 0 53 0 98 0 0 0 0 0 0 0 0 0 0 0 0 0 0 0 0 0 0 0 77 0 0 0 0 0 0 0 0 0 64 15 51 0 57 0 0 0 0 12 0 0 0 0 0 0 0 
0 0 0 0 58 0 0 0 0 0 0 0 0 0 0 0 0 0 13 0 5 0 70 0 0 0 0 43 0 68 58 0 0 0 0 0 0 0 0 40 0 0 0 55 0 0 0 0 0 0 0 0 0 0 0 0 0 0 0 0 0 0 0 0 0 0 0 0 0 0 0 0 0 0 0 0 0 0 0 0 0 0 0 0 0 0 0 11 0 0 0 0 0 0 0 0 0 0 0 0 
0 0 0 0 21 0 0 0 0 0 0 0 0 0 0 0 0 0 0 0 0 27 0 0 0 0 0 0 0 0 0 0 0 0 0 0 0 0 0 0 0 0 0 0 0 0 0 0 0 0 0 86 0 72 0 0 49 0 0 0 24 0 0 0 0 0 0 0 0 0 15 0 0 0 0 0 0 0 0 42 0 0 0 0 0 0 70 0 0 51 0 0 0 0 0 0 0 0 0 0 
0 86 0 0 0 60 0 58 0 0 0 0 0 0 0 0 19 0 0 43 57 0 0 0 0 22 86 0 0 0 0 0 0 0 0 47 0 0 0 0 0 0 0 0 6 0 0 0 0 0 0 0 0 0 0 0 0 0 0 0 0 0 0 0 0 0 0 0 0 0 0 0 0 0 0 0 0 0 0 0 0 96 0 26 26 0 0 0 0 0 0 0 0 0 0 0 0 0 0 55 
0 0 0 0 0 0 0 83 46 54 0 0 0 0 0 0 0 61 0 4 0 0 0 0 90 0 0 0 0 0 81 0 0 0 0 0 0 0 0 0 0 0 32 0 0 0 0 0 0 0 0 0 0 0 5 0 0 0 0 0 0 0 0 0 0 78 0 0 0 0 0 0 0 0 0 0 0 0 0 0 0 0 82 0 0 0 0 0 0 0 0 0 0 0 0 25 0 0 0 0 
0 0 0 0 0 0 0 0 33 0 0 57 0 0 0 0 0 0 69 0 0 0 66 0 0 0 0 0 0 0 0 0 0 0 8 0 0 0 0 0 0 0 0 0 0 0 0 0 0 0 0 0 0 0 0 0 0 0 0 0 0 0 0 0 0 0 0 0 0 0 0 0 0 0 0 80 0 87 0 0 0 0 0 0 27 0 36 0 5 0 91 0 0 0 0 29 77 0 26 0 
0 0 0 54 0 0 0 0 0 0 0 35 0 30 0 0 0 0 0 0 0 0 0 0 0 0 0 0 0 52 43 0 0 0 0 0 0 58 0 29 49 0 0 53 0 0 0 0 0 0 0 70 0 0 0 0 44 0 0 0 0 0 0 0 0 54 0 0 0 0 0 40 0 92 0 0 0 0 0 0 0 0 0 0 0 0 0 0 0 0 0 48 0 0 0 0 0 0 0 0 
0 34 4 0 0 0 0 0 0 0 0 0 0 0 45 0 0 0 0 0 8 45 0 0 0 53 0 0 0 0 0 0 0 0 0 0 0 0 0 0 0 0 0 0 53 0 86 0 0 0 70 0 0 0 0 0 0 0 0 0 47 74 0 0 0 0 25 0 0 0 0 0 0 0 0 0 0 0 0 0 0 0 0 0 0 0 0 0 0 0 33 0 0 0 0 0 0 0 0 20 
75 0 0 0 0 30 0 0 0 0 0 0 0 0 0 0 0 0 0 0 0 0 0 0 0 0 0 0 0 0 0 0 0 0 59 0 0 0 0 0 0 0 0 0 0 0 0 0 0 0 0 0 0 50 0 0 64 0 0 0 90 0 0 0 0 0 0 0 0 0 0 0 0 0 0 83 0 0 0 0 0 0 0 0 0 28 0 0 0 60 0 9 0 0 0 0 0 0 0 0 
0 0 0 85 0 0 0 0 0 0 0 0 33 0 5 0 0 0 0 53 0 0 0 0 0 0 70 0 0 0 70 0 0 74 0 0 0 0 0 0 0 0 0 0 98 0 72 0 0 0 0 0 50 0 0 0 0 0 0 0 0 0 0 0 0 0 0 0 0 0 0 0 0 0 0 37 0 0 0 0 0 0 0 39 0 0 0 0 0 0 0 20 0 0 0 0 0 0 0 0 
22 0 0 95 0 0 0 0 0 30 0 0 0 0 0 0 0 0 0 0 0 0 81 57 0 0 0 0 100 17 0 0 0 0 0 0 0 0 0 0 0 0 0 0 0 0 0 0 5 0 0 0 0 0 0 0 0 0 0 38 0 56 0 0 1 0 0 0 0 0 0 99 0 0 0 0 0 0 0 0 0 0 54 0 0 66 0 0 0 0 0 0 30 0 0 0 0 0 0 0 
0 0 0 0 20 0 0 41 0 0 0 0 0 0 0 93 0 0 0 0 0 0 13 0 0 0 0 0 0 0 0 0 0 0 97 90 97 45 0 0 0 96 0 20 0 0 0 0 0 0 0 0 0 0 0 0 0 0 0 0 0 0 0 0 27 0 0 83 68 0 0 0 0 0 0 0 0 0 0 0 0 0 0 0 0 0 0 0 80 0 0 0 0 0 59 0 0 0 0 0 
37 0 0 0 0 0 0 0 45 0 0 0 0 0 0 0 0 0 0 0 0 0 0 0 0 0 0 0 0 0 0 3 0 0 0 0 0 0 0 0 23 0 82 0 0 0 49 0 0 0 44 0 64 0 0 0 0 0 0 0 0 52 0 0 95 0 0 93 0 0 0 0 0 0 0 0 0 0 0 0 0 0 78 0 0 0 0 0 0 0 17 0 0 0 0 0 0 0 0 0 
0 0 0 0 0 53 77 0 0 0 0 0 0 0 0 0 0 0 81 24 0 0 0 0 0 0 0 0 0 0 0 0 0 0 0 17 0 0 0 0 0 71 0 0 0 0 0 0 0 0 0 0 0 0 0 0 0 0 0 0 0 0 0 0 0 0 0 0 0 81 0 0 0 0 0 42 0 0 0 0 0 0 0 0 0 0 0 0 0 23 0 0 0 0 70 0 0 0 61 0 
0 0 0 0 0 62 94 0 0 0 0 0 0 0 0 0 0 0 0 0 0 0 0 0 0 0 0 0 0 0 0 0 43 0 0 0 10 0 0 49 6 0 0 0 0 0 0 0 0 0 0 0 0 0 0 0 0 0 0 0 29 0 0 0 0 7 0 0 0 72 0 0 0 0 0 49 0 0 0 0 0 0 0 0 0 0 56 0 0 0 0 84 24 0 0 90 0 0 0 0 
0 0 0 0 0 0 0 0 0 0 0 0 0 25 0 0 72 0 0 0 0 0 0 0 0 0 0 0 0 0 0 1 24 8 0 0 36 0 0 0 65 18 0 0 0 0 0 0 0 0 0 0 0 0 38 0 0 0 0 0 0 0 0 0 0 38 0 0 0 79 0 0 0 64 0 0 0 0 0 0 0 0 0 0 84 0 0 0 0 42 46 0 0 0 0 0 0 0 0 0 
72 0 16 0 0 0 0 0 89 0 0 0 0 0 0 0 0 80 0 31 0 0 0 0 0 0 0 0 0 0 0 58 0 0 0 0 78 0 28 0 51 0 0 0 0 0 24 0 0 0 0 47 90 0 0 0 0 0 29 0 0 0 0 0 0 0 0 72 0 32 0 0 0 0 0 0 0 0 0 0 0 0 0 0 0 0 0 0 0 0 0 0 0 0 0 0 0 0 0 0 
0 0 16 0 0 0 0 0 0 55 0 0 87 0 0 0 0 0 0 0 0 0 61 0 0 0 0 0 3 19 86 0 92 26 0 67 0 0 0 24 0 0 0 0 0 0 0 0 0 0 0 74 0 0 56 0 52 0 0 0 0 0 28 0 0 0 0 0 0 0 0 0 0 0 0 0 0 0 0 0 0 0 0 0 0 0 0 0 0 0 0 0 0 0 0 0 0 0 0 0 
0 0 0 0 0 43 0 0 0 0 50 0 43 0 76 67 50 0 0 0 0 0 0 0 40 0 0 0 0 0 0 0 0 0 0 0 47 0 0 0 0 0 0 0 0 0 0 0 0 0 0 0 0 0 0 0 0 0 0 0 0 28 0 88 0 0 0 0 0 0 0 0 0 0 0 0 0 0 0 0 0 0 0 0 0 0 66 0 55 0 0 0 0 0 0 0 83 50 0 7 
0 0 0 0 0 0 0 0 0 0 0 39 0 0 0 0 0 0 0 0 0 0 0 0 0 0 0 0 8 69 86 50 0 0 0 0 0 0 0 18 0 0 0 11 0 0 0 0 0 0 0 0 0 0 0 0 0 0 0 0 0 0 88 0 0 0 0 92 0 0 0 88 0 0 0 0 0 0 0 0 89 0 60 0 6 0 0 0 66 0 0 0 0 0 0 0 45 0 0 0 
0 0 0 0 0 0 61 0 0 0 0 0 69 0 0 0 88 0 0 0 0 0 0 0 0 0 61 30 0 0 0 0 0 0 30 0 0 0 20 0 0 0 0 0 0 0 0 0 0 0 0 0 0 0 1 27 95 0 0 0 0 0 0 0 0 0 2 40 21 0 0 0 0 0 18 0 0 0 0 0 0 0 0 0 0 0 0 0 0 0 0 0 0 38 0 0 0 0 0 0 
0 0 0 0 0 0 0 0 76 0 0 0 0 0 0 0 0 0 0 0 0 0 0 69 0 0 0 0 0 56 0 0 0 0 0 0 0 0 83 0 67 0 0 0 0 0 0 0 78 0 54 0 0 0 0 0 0 0 7 38 0 0 0 0 0 0 54 0 0 0 0 0 0 0 0 0 20 0 0 0 0 0 0 0 0 84 0 0 0 0 0 0 0 0 0 0 0 0 0 0 
0 0 26 0 0 0 0 0 49 0 0 0 0 0 12 0 0 0 88 0 0 67 0 0 0 0 1 52 0 0 0 0 0 0 0 0 0 0 0 0 0 0 0 0 0 0 0 0 0 0 0 25 0 0 0 0 0 0 0 0 0 0 0 0 2 54 0 39 0 0 0 0 0 0 0 1 0 0 0 0 0 0 0 0 0 0 0 0 0 59 0 0 0 29 0 0 0 0 0 0 
0 0 0 0 0 0 0 0 0 0 0 0 0 0 0 0 0 45 0 0 0 0 0 0 0 0 0 100 0 0 0 0 0 0 0 58 0 0 0 0 0 0 0 0 0 0 0 0 0 0 0 0 0 0 0 83 93 0 0 0 72 0 0 92 40 0 39 0 0 0 5 57 0 0 0 0 0 19 0 0 0 0 0 0 0 0 19 89 80 0 0 0 0 0 0 0 0 0 0 0 
0 9 10 0 0 0 0 0 0 71 0 0 0 0 0 0 0 0 0 0 0 0 0 0 0 0 0 0 0 0 0 0 0 0 0 0 0 0 0 0 0 0 0 0 0 0 0 0 0 0 0 0 0 0 0 68 0 0 0 0 0 0 0 0 21 0 0 0 0 83 0 0 0 0 0 0 0 0 0 0 0 0 0 0 0 0 0 0 0 0 0 0 0 0 0 0 0 78 0 0 
0 0 0 0 0 0 82 0 0 0 17 0 0 0 0 0 0 0 77 0 0 0 0 0 0 0 51 0 0 0 0 0 0 0 0 0 0 88 0 28 29 0 0 0 0 0 0 0 0 0 0 0 0 0 0 0 0 81 72 79 32 0 0 0 0 0 0 0 83 0 88 0 0 0 0 70 0 0 0 0 0 0 0 1 0 0 0 0 0 0 0 0 0 0 0 0 0 0 0 0 
0 0 0 45 0 0 0 0 0 0 0 0 0 0 0 60 0 0 0 28 0 0 0 0 25 0 0 0 0 0 0 0 0 0 97 0 0 0 0 0 0 0 0 0 0 0 15 0 0 0 0 0 0 0 0 0 0 0 0 0 0 0 0 0 0 0 0 5 0 88 0 0 0 0 6 0 0 0 0 0 0 0 0 0 0 0 45 0 0 0 0 0 42 94 0 72 0 0 0 0 
0 0 0 0 0 0 6 0 0 0 0 0 0 37 0 0 0 0 0 0 0 0 0 0 0 0 0 0 0 0 0 0 26 0 0 0 0 0 0 0 0 0 70 60 0 0 0 0 0 0 40 0 0 0 99 0 0 0 0 0 0 0 0 88 0 0 0 57 0 0 0 0 0 0 0 0 0 0 0 0 0 0 0 0 0 0 40 53 0 0 0 0 0 22 0 0 76 0 0 0 
0 27 0 0 0 0 0 0 0 0 63 0 0 0 0 0 0 9 0 0 81 51 0 0 0 0 0 0 0 72 0 0 0 0 0 45 0 0 0 0 0 23 0 0 0 0 0 0 0 0 0 0 0 0 0 0 0 0 0 0 0 0 0 0 0 0 0 0 0 0 0 0 0 0 0 0 0 0 48 0 0 0 0 0 0 0 0 0 0 0 0 0 0 0 0 0 65 0 0 0 
0 0 0 0 19 89 0 0 0 0 0 0 0 0 28 0 0 0 100 0 0 0 0 0 0 0 0 42 39 0 0 0 0 0 0 0 0 0 0 0 0 90 0 0 77 0 0 0 0 0 92 0 0 0 0 0 0 0 0 64 0 0 0 0 0 0 0 0 0 0 0 0 0 0 0 87 0 0 0 0 0 0 0 35 0 95 0 0 0 0 0 0 0 0 0 36 0 0 0 0 
0 0 0 0 0 0 0 0 0 0 0 26 0 0 0 0 0 0 36 0 0 0 0 0 0 0 0 0 0 0 0 0 62 0 0 0 0 48 97 0 0 0 1 0 0 0 0 0 0 0 0 0 0 0 0 0 0 0 0 0 0 0 0 0 18 0 0 0 0 0 6 0 0 0 0 0 0 0 0 0 0 0 0 0 0 62 0 0 0 0 0 67 0 0 34 0 0 0 0 0 
0 0 0 0 0 0 0 0 0 0 0 0 0 0 0 0 45 0 0 0 0 0 0 0 33 0 0 0 0 0 0 0 0 0 0 0 0 0 0 0 0 0 0 0 0 0 0 0 0 80 0 0 83 37 0 0 0 42 49 0 0 0 0 0 0 0 1 0 0 70 0 0 0 87 0 0 0 0 0 0 61 0 0 0 0 0 0 0 8 0 0 0 88 3 0 73 0 0 0 0 
61 0 0 0 0 21 56 0 0 0 88 0 0 0 0 0 0 0 0 0 0 0 33 0 0 0 0 0 0 0 0 0 0 32 0 0 25 0 0 0 0 0 0 0 0 0 0 0 0 0 0 0 0 0 0 0 0 0 0 0 0 0 0 0 0 20 0 0 0 0 0 0 0 0 0 0 0 0 0 22 0 0 29 0 0 3 0 87 0 0 16 0 0 0 0 0 52 0 0 0 
0 0 0 0 0 97 0 0 0 81 0 83 0 54 0 0 0 0 0 0 0 0 0 0 0 0 0 0 33 0 0 0 0 0 31 0 0 0 0 0 61 0 55 0 0 0 0 0 0 87 0 0 0 0 0 0 0 0 0 0 0 0 0 0 0 0 0 19 0 0 0 0 0 0 0 0 0 0 0 0 0 0 0 0 0 0 44 0 0 9 0 55 0 99 0 0 0 86 0 0 
72 0 0 0 38 0 0 0 12 0 0 0 0 0 0 95 0 0 0 3 0 0 0 0 0 51 0 0 0 0 0 0 0 0 0 0 0 0 0 0 0 0 0 0 0 0 0 0 0 0 0 0 0 0 0 0 0 0 0 0 0 0 0 0 0 0 0 0 0 0 0 0 48 0 0 0 0 0 0 51 0 8 24 0 0 0 0 0 0 94 0 0 0 0 0 36 0 0 0 0 
0 0 0 0 0 0 38 57 73 0 75 62 0 0 0 0 0 0 0 0 0 0 0 18 0 0 0 0 0 0 0 0 0 72 0 0 0 59 0 0 0 13 0 7 0 0 42 0 0 0 0 0 0 0 0 0 0 0 0 0 0 0 0 0 0 0 0 0 0 0 0 0 0 0 0 0 22 0 51 0 0 0 0 0 0 0 0 0 3 0 0 0 0 0 0 0 68 0 0 0 
0 0 0 0 0 0 0 92 0 0 0 25 0 28 0 0 0 0 0 94 0 33 0 0 0 0 0 0 32 0 0 0 0 0 0 0 0 0 0 0 79 0 83 0 0 0 0 0 0 0 0 0 0 0 0 0 0 0 0 0 0 0 0 89 0 0 0 0 0 0 0 0 0 0 0 61 0 0 0 0 0 0 0 97 0 0 0 0 94 0 0 0 0 0 0 0 0 0 0 0 
0 0 0 0 0 0 0 0 0 0 0 0 0 0 0 0 0 49 0 0 0 0 0 0 0 0 28 0 0 0 0 0 0 0 0 0 0 0 0 0 0 0 0 0 0 0 0 96 0 0 0 0 0 0 0 0 0 0 0 0 0 0 0 0 0 0 0 0 0 0 0 0 0 0 0 0 0 0 8 0 0 0 0 9 0 0 0 0 0 0 0 0 0 0 0 0 0 0 0 20 
93 0 0 0 0 0 0 0 0 0 0 0 99 0 0 0 0 41 0 0 0 0 0 9 0 0 0 0 0 0 12 0 0 0 0 0 0 7 0 0 48 0 0 0 0 0 0 0 82 0 0 0 0 0 54 0 78 0 0 0 0 0 0 60 0 0 0 0 0 0 0 0 0 0 0 0 29 0 24 0 0 0 0 0 55 0 0 0 0 0 0 0 0 0 0 0 0 0 0 0 
3 0 0 0 0 0 0 0 0 0 0 0 0 0 0 0 0 0 0 0 0 0 0 0 0 0 0 0 0 0 75 0 0 74 0 0 0 0 0 0 0 0 0 0 64 0 0 26 0 0 0 0 0 39 0 0 0 0 0 0 0 0 0 0 0 0 0 0 0 1 0 0 0 35 0 0 0 0 0 0 97 9 0 0 0 0 0 0 0 0 0 0 0 0 0 0 0 0 0 0 
0 14 0 0 0 0 0 0 0 0 0 0 0 0 0 89 65 0 99 0 0 34 0 0 0 0 0 0 0 0 0 67 0 19 0 0 0 0 0 12 0 0 0 0 15 0 0 26 0 27 0 0 0 0 0 0 0 0 0 84 0 0 0 6 0 0 0 0 0 0 0 0 0 0 0 0 0 0 0 0 0 0 55 0 0 0 0 0 0 0 0 0 0 0 0 68 0 0 0 0 
21 0 97 0 0 0 0 0 0 0 0 0 0 0 0 0 0 0 0 0 0 0 0 0 0 0 0 0 0 0 0 0 0 0 0 51 0 0 0 0 0 0 0 0 51 0 0 0 0 0 0 0 28 0 66 0 0 0 0 0 0 0 0 0 0 84 0 0 0 0 0 0 0 95 62 0 3 0 0 0 0 0 0 0 0 0 0 0 0 0 99 19 0 0 0 0 83 0 41 95 
0 0 0 0 38 0 0 0 0 0 0 0 0 0 0 0 31 0 0 0 0 13 0 0 79 0 0 0 0 0 0 0 0 0 0 0 0 0 0 0 0 0 0 0 0 0 70 0 0 36 0 0 0 0 0 0 0 0 56 0 0 0 66 0 0 0 0 19 0 0 45 40 0 0 0 0 0 44 0 0 0 0 0 0 0 0 0 0 0 0 0 26 0 0 0 0 0 0 0 0 
0 0 0 25 0 0 0 0 0 0 0 0 0 0 0 55 0 0 0 0 0 0 0 0 0 0 0 0 0 0 0 0 0 0 0 0 74 0 0 0 0 0 90 0 57 11 0 0 0 0 0 0 0 0 0 0 0 0 0 0 0 0 0 0 0 0 0 89 0 0 0 53 0 0 0 0 87 0 0 0 0 0 0 0 0 0 0 0 0 0 83 0 0 0 24 0 0 0 0 0 
0 0 0 0 0 0 0 0 0 0 0 0 0 45 0 0 0 24 0 0 0 0 20 52 0 0 0 0 0 0 0 0 0 0 0 0 20 0 0 89 0 0 0 0 0 0 0 0 0 5 0 0 0 0 0 80 0 0 0 0 0 0 55 66 0 0 0 80 0 0 0 0 0 0 0 8 0 0 0 3 94 0 0 0 0 0 0 0 0 0 0 0 72 0 0 0 0 0 0 0 
0 0 0 0 0 73 0 0 0 0 0 0 35 0 0 41 0 0 0 0 62 0 0 0 0 0 0 0 0 0 0 0 0 0 0 0 0 0 0 70 0 0 0 0 0 0 51 0 0 0 0 0 60 0 0 0 0 23 0 42 0 0 0 0 0 0 59 0 0 0 0 0 0 0 0 0 0 9 94 0 0 0 0 0 0 0 0 0 0 0 0 0 83 75 40 0 0 0 0 0 
87 0 37 0 0 0 0 0 0 0 0 0 0 68 0 0 0 0 0 0 82 0 0 0 0 0 0 0 0 0 0 0 0 0 0 57 0 0 88 0 0 0 0 0 0 0 0 0 0 91 0 33 0 0 0 0 17 0 0 46 0 0 0 0 0 0 0 0 0 0 0 0 0 0 0 0 16 0 0 0 0 0 0 0 0 99 0 83 0 0 0 0 20 0 0 0 0 0 0 43 
0 0 0 0 13 5 0 0 0 0 0 0 31 0 0 0 0 0 0 4 0 0 0 0 0 0 0 0 0 0 0 0 0 0 0 0 0 100 0 0 0 0 0 96 0 0 0 0 0 0 48 0 9 20 0 0 0 0 84 0 0 0 0 0 0 0 0 0 0 0 0 0 0 0 67 0 0 55 0 0 0 0 0 0 0 19 26 0 0 0 0 0 0 0 0 0 0 0 0 0 
0 73 0 0 0 0 0 0 0 0 0 0 0 0 0 0 0 2 0 25 0 0 0 0 79 0 3 0 0 0 0 0 0 0 0 0 0 0 0 0 0 0 0 0 12 0 0 0 0 0 0 0 0 0 30 0 0 0 24 0 0 0 0 0 0 0 0 0 0 0 42 0 0 0 0 88 0 0 0 0 0 0 0 0 0 0 0 0 72 83 20 0 0 0 0 0 0 0 0 64 
66 0 0 0 0 0 38 0 0 0 0 0 0 0 0 0 12 0 0 0 0 0 89 0 85 0 0 0 0 0 0 0 0 0 0 0 0 18 0 58 80 0 0 0 0 0 0 0 0 0 0 0 0 0 0 0 0 0 0 0 0 0 0 0 38 0 29 0 0 0 94 22 0 0 0 3 0 99 0 0 0 0 0 0 0 0 0 0 0 75 0 0 0 0 0 0 0 0 0 0 
0 0 0 0 0 0 0 0 76 0 48 61 11 0 0 0 0 0 0 0 0 0 0 0 0 78 0 0 0 0 0 0 0 92 0 0 0 0 0 0 0 0 0 0 0 0 0 0 0 0 0 0 0 0 0 59 0 70 0 0 0 0 0 0 0 0 0 0 0 0 0 0 0 0 34 0 0 0 0 0 0 0 0 0 0 0 0 24 0 40 0 0 0 0 0 0 0 0 0 0 
0 0 0 0 0 0 0 57 0 0 0 95 0 0 0 0 0 0 0 0 0 0 0 0 0 0 0 0 25 19 0 55 0 0 0 32 0 0 0 0 0 0 0 0 0 0 0 0 25 29 0 0 0 0 0 0 0 0 90 0 0 0 0 0 0 0 0 0 0 0 72 0 0 36 0 73 0 0 36 0 0 0 0 0 68 0 0 0 0 0 0 0 0 0 0 0 0 0 43 0 
63 0 0 52 0 0 0 0 0 0 0 55 0 0 0 97 0 0 75 0 19 0 0 0 0 0 0 0 0 0 0 0 0 0 85 0 0 0 0 0 0 0 0 0 0 0 0 0 0 77 0 0 0 0 0 0 0 0 0 0 0 0 83 45 0 0 0 0 0 0 0 76 65 0 0 0 52 0 0 68 0 0 0 0 0 83 0 0 0 0 0 0 0 0 0 0 0 0 0 0 
0 0 62 0 0 0 0 0 0 44 0 0 0 0 0 71 0 0 0 78 49 0 0 0 0 0 21 0 0 0 0 41 0 0 0 16 0 0 80 0 0 0 0 0 0 0 0 0 0 0 0 0 0 0 0 0 0 0 0 0 0 0 50 0 0 0 0 0 78 0 0 0 0 0 0 0 0 86 0 0 0 0 0 0 0 0 0 0 0 0 0 0 0 0 0 0 0 0 0 0 
0 95 0 0 0 0 0 0 0 0 0 0 0 0 8 0 17 0 0 0 0 0 22 53 0 0 0 0 0 0 0 0 0 0 0 0 0 0 0 0 0 65 0 0 0 0 0 0 0 26 0 0 0 0 0 0 0 61 0 0 0 0 0 0 0 0 0 0 0 0 0 0 0 0 0 0 0 0 0 0 0 0 0 0 0 41 0 0 0 0 0 0 0 0 0 43 0 0 0 95 
0 0 0 0 17 0 0 0 0 0 15 84 32 0 0 0 0 0 0 0 0 0 0 8 0 0 0 35 0 0 0 0 0 0 0 0 0 0 0 0 0 0 0 0 0 0 0 55 0 0 0 20 0 0 0 0 0 0 0 0 0 0 7 0 0 0 0 0 0 0 0 0 0 0 0 0 0 0 0 0 0 20 0 0 0 95 0 0 0 0 43 0 64 0 0 0 0 0 95 0 
