0 0 0 65 0 0 27 0 0 22 0 0 0 0 0 0 0 0 0 0 0 0 0 0 0 0 0 0 78 0 0 0 9 0 0 0 0 0 0 0 0 0 50 0 72 0 0 0 0 0 0 0 0 0 0 0 0 0 0 0 0 0 0 0 0 0 0 0 0 21 0 79 0 74 62 0 0 0 0 0 0 0 0 0 0 95 99 0 0 0 0 0 40 0 0 0 0 0 25 0 
0 0 0 0 0 0 0 0 0 0 0 0 0 0 0 0 0 0 0 0 0 0 0 14 0 96 0 0 0 0 0 0 0 0 0 0 0 0 0 0 0 49 0 0 0 0 0 0 0 12 78 0 0 0 0 0 0 0 9 0 0 0 59 0 0 0 0 0 0 0 0 0 0 0 0 0 62 0 0 0 0 0 0 0 0 23 0 0 0 0 0 50 0 0 0 51 0 0 0 0 
0 0 0 0 0 0 47 0 0 0 0 0 0 0 4 0 0 0 0 0 0 0 0 0 0 0 0 0 14 0 0 0 0 0 89 2 0 0 0 0 0 0 0 0 83 0 38 0 0 0 0 0 0 0 0 0 0 0 90 0 0 0 0 0 0 0 0 0 0 0 0 0 0 0 0 47 0 0 0 5 17 0 0 0 0 0 0 69 0 0 0 0 0 0 18 0 0 0 0 0 
65 0 0 0 0 25 0 91 0 0 0 0 0 80 24 0 0 0 0 0 0 27 0 0 0 0 45 0 0 0 0 0 26 0 0 0 0 0 0 1 0 0 0 0 0 0 0 0 0 7 0 0 58 0 0 0 0 0 0 0 34 0 0 0 0 0 0 0 0 0 0 0 0 0 0 0 0 0 0 0 0 0 0 68 0 0 0 0 0 0 0 0 0 0 0 0 80 18 0 0 
0 0 0 0 0 0 0 0 0 0 0 86 0 0 0 0 0 0 0 0 0 0 19 0 54 0 0 0 0 0 0 0 0 0 0 0 0 0 0 0 0 0 0 0 0 49 0 0 0 0 0 94 0 0 0 0 15 0 0 0 0 0 0 81 0 0 0 54 11 0 85 0 59 0 100 41 0 0 0 99 0 0 0 0 0 0 0 0 0 0 0 0 0 1 0 0 0 0 0 0 
0 0 0 25 0 0 0 0 0 0 89 0 0 0 0 0 0 0 0 51 0 0 0 0 0 0 22 0 0 85 0 0 0 74 0 0 0 80 21 0 0 0 0 0 0 0 0 0 0 75 0 0 0 0 0 0 0 0 0 0 0 0 0 51 10 25 0 0 0 0 0 0 0 0 0 53 0 0 0 0 0 0 0 0 0 0 0 0 0 0 0 0 0 0 0 95 0 0 0 0 
27 0 47 0 0 0 0 0 38 0 0 0 0 0 0 0 0 0 0 0 0 0 0 0 0 0 0 0 0 0 88 80 0 0 0 53 0 0 0 0 0 0 0 0 0 0 0 0 0 0 0 0 0 0 0 0 0 0 0 76 0 0 0 0 0 0 92 0 0 0 0 0 0 0 64 0 67 0 0 0 0 0 0 0 0 8 0 0 0 51 48 0 0 0 18 0 0 0 0 41 
0 0 0 91 0 0 0 0 61 0 0 0 0 0 0 0 0 0 0 0 29 0 0 0 0 0 0 0 0 0 0 0 94 0 34 0 32 0 0 0 0 0 0 0 0 0 0 0 0 0 0 0 0 0 0 0 0 0 0 0 0 3 0 0 45 79 0 0 0 0 0 92 0 0 0 0 38 0 0 0 0 0 0 0 0 0 0 0 0 17 0 0 0 0 0 0 0 0 0 0 
0 0 0 0 0 0 38 61 0 0 0 0 0 9 0 0 0 0 0 0 0 0 0 0 0 98 0 0 0 44 0 0 0 16 0 0 2 0 0 0 0 0 55 0 0 81 62 0 0 0 0 0 0 0 0 0 0 83 3 0 0 0 0 0 0 0 0 25 0 0 0 0 0 41 0 0 0 0 86 0 0 0 0 0 0 0 0 0 0 0 0 0 0 0 0 0 0 0 0 0 
22 0 0 0 0 0 0 0 0 0 0 0 0 0 0 0 0 100 0 0 0 0 0 69 0 0 0 92 0 0 0 0 0 0 0 0 0 3 0 0 0 0 0 0 0 0 45 0 0 61 0 0 0 0 0 0 0 0 0 0 0 0 0 0 0 79 0 0 0 0 0 0 0 0 0 0 32 0 0 0 0 0 0 0 31 0 0 0 0 15 0 0 0 0 0 0 0 0 85 0 
0 0 0 0 0 89 0 0 0 0 0 0 0 0 0 17 0 0 0 0 0 13 0 0 0 70 0 0 0 0 26 47 0 0 0 66 0 0 41 0 0 0 0 0 0 0 0 0 7 0 0 0 0 0 0 0 0 0 0 0 96 0 0 0 0 0 0 0 0 0 0 0 0 0 0 0 8 0 0 94 0 0 63 70 0 0 0 0 0 81 0 0 0 0 0 0 0 0 0 0 
0 0 0 0 86 0 0 0 0 0 0 0 0 0 0 0 0 0 0 7 11 0 0 0 60 0 0 0 0 0 0 0 0 9 0 0 0 0 23 0 0 0 0 0 0 0 0 28 0 0 0 0 0 0 0 0 0 0 0 0 0 0 0 0 0 30 0 0 0 59 0 0 0 0 0 0 0 0 0 0 0 0 0 0 0 0 0 0 0 0 0 0 0 0 0 0 0 0 0 0 
0 0 0 0 0 0 0 0 0 0 0 0 0 0 0 0 0 0 0 0 0 57 0 0 0 0 0 0 0 0 50 0 0 0 0 0 0 0 31 0 0 0 0 0 31 0 0 0 0 0 0 41 0 0 56 0 0 0 0 47 37 0 0 0 27 0 0 0 0 0 82 0 3 0 0 0 0 0 0 0 52 0 0 0 0 0 0 25 0 0 0 26 60 0 0 0 0 0 0 0 
0 0 0 80 0 0 0 0 9 0 0 0 0 0 88 0 0 0 0 39 67 0 0 0 0 0 0 0 0 0 0 0 0 0 0 0 0 0 0 0 0 0 0 0 0 0 0 0 0 0 0 0 4 0 35 41 0 0 0 0 21 0 0 0 0 0 98 79 23 0 0 0 0 0 0 0 0 0 0 0 0 0 0 0 0 0 0 0 0 0 0 0 0 0 0 0 0 0 91 0 
0 0 4 24 0 0 0 0 0 0 0 0 0 88 0 0 0 0 0 0 50 54 0 0 0 0 0 65 0 0 0 0 0 0 0 0 0 0 0 0 0 0 0 0 0 0 0 0 0 0 21 0 0 0 0 0 72 27 0 0 0 0 0 0 0 0 0 15 63 0 0 0 56 0 0 36 0 0 0 0 0 75 0 0 0 0 0 0 48 0 0 0 0 0 0 0 0 0 0 0 
0 0 0 0 0 0 0 0 0 0 17 0 0 0 0 0 0 0 8 78 0 0 0 0 0 0 0 17 0 0 0 0 0 0 0 0 0 0 0 0 0 0 47 0 0 0 0 0 0 0 86 1 0 0 0 0 0 0 74 0 0 0 0 0 0 0 0 0 0 0 0 0 0 0 24 0 0 0 93 0 0 0 15 0 0 0 56 73 0 0 44 0 0 0 21 0 0 0 0 0 
0 0 0 0 0 0 0 0 0 0 0 0 0 0 0 0 0 0 0 0 0 0 0 0 0 0 0 0 0 0 0 0 0 94 0 0 0 0 0 0 0 0 0 0 0 49 0 0 0 0 0 0 0 0 12 0 62 0 0 0 0 0 0 0 0 25 0 0 0 0 0 26 79 0 0 0 0 0 0 52 0 0 0 0 0 0 0 78 0 0 0 0 0 74 0 0 0 0 0 0 
0 0 0 0 0 0 0 0 0 100 0 0 0 0 0 0 0 0 39 0 0 0 49 0 0 0 0 0 1 8 0 0 0 0 0 0 73 0 0 0 0 3 0 0 0 18 0 0 0 0 0 97 0 7 0 0 0 0 0 0 0 0 0 0 0 0 0 0 0 35 0 0 0 0 0 0 0 0 0 0 0 0 30 33 0 0 0 0 0 0 0 55 98 0 0 0 0 0 0 0 
0 0 0 0 0 0 0 0 0 0 0 0 0 0 0 8 0 39 0 0 0 0 0 0 15 0 0 0 0 0 0 0 0 0 0 4 94 0 0 0 0 0 0 0 0 0 0 0 0 0 0 0 0 0 0 6 0 0 0 0 0 0 0 0 0 0 0 0 23 0 0 0 0 0 0 0 0 0 0 0 0 0 0 0 0 0 0 0 0 18 0 0 89 68 0 0 57 0 0 0 
0 0 0 0 0 51 0 0 0 0 0 7 0 39 0 78 0 0 0 0 0 0 0 72 0 0 0 0 31 0 0 0 0 79 0 0 100 0 0 0 0 0 0 0 0 0 0 0 0 0 0 0 0 62 0 0 0 0 12 48 76 0 0 0 0 0 0 0 0 0 0 0 80 0 0 0 0 0 0 0 0 0 0 0 0 0 0 0 37 0 0 52 0 0 0 0 0 0 0 0 
0 0 0 0 0 0 0 29 0 0 0 11 0 67 50 0 0 0 0 0 0 0 99 0 0 84 78 0 0 0 59 0 0 0 0 0 0 0 0 0 0 0 85 0 39 0 19 0 0 0 0 0 0 0 77 0 0 0 0 43 0 0 0 0 0 0 0 0 0 0 0 0 0 0 0 83 0 0 0 0 0 0 0 0 65 0 0 0 0 0 0 0 0 0 0 0 0 0 0 0 
0 0 0 27 0 0 0 0 0 0 13 0 57 0 54 0 0 0 0 0 0 0 52 0 65 22 89 0 0 0 61 0 0 0 0 0 0 0 0 0 0 0 0 0 0 0 0 0 0 0 23 0 11 0 0 79 0 0 0 0 0 0 92 29 0 0 0 0 0 0 0 0 0 0 0 0 0 0 0 0 0 0 0 0 0 0 0 41 0 0 0 0 0 0 0 0 0 0 0 0 
0 0 0 0 19 0 0 0 0 0 0 0 0 0 0 0 0 49 0 0 99 52 0 0 84 0 0 0 0 0 0 43 0 0 0 0 0 0 0 0 85 58 0 0 0 0 0 0 0 0 0 0 0 0 0 0 0 0 0 0 0 82 0 0 0 0 0 0 0 92 0 0 0 0 0 0 0 28 59 0 0 0 0 0 0 0 0 65 0 60 0 0 15 0 0 0 0 0 0 0 
0 14 0 0 0 0 0 0 0 69 0 0 0 0 0 0 0 0 0 72 0 0 0 0 0 36 0 0 0 0 0 0 0 0 73 0 0 0 0 0 0 0 0 0 0 0 30 0 57 0 0 0 0 0 0 0 0 0 0 0 0 16 0 0 0 0 0 0 0 0 0 0 3 3 0 0 0 0 0 83 0 0 0 62 0 0 81 0 0 0 7 0 0 0 0 0 0 0 0 0 
0 0 0 0 54 0 0 0 0 0 0 60 0 0 0 0 0 0 15 0 0 65 84 0 0 0 77 0 0 84 0 0 0 0 0 0 0 0 20 94 0 0 0 0 0 0 0 0 0 0 0 0 0 0 0 0 0 0 0 0 0 0 0 0 0 0 0 0 0 74 0 0 0 0 0 0 0 61 0 0 0 60 0 0 26 46 0 0 0 0 0 0 0 30 0 0 0 0 0 0 
0 96 0 0 0 0 0 0 98 0 70 0 0 0 0 0 0 0 0 0 84 22 0 36 0 0 0 0 0 0 0 0 0 0 66 0 0 0 0 0 0 30 0 4 0 0 0 0 79 0 0 0 0 0 0 0 0 0 0 0 0 0 15 0 0 0 0 74 0 53 0 34 0 0 0 0 0 0 0 0 0 0 0 0 24 0 0 0 0 0 0 0 0 0 0 0 0 0 0 0 
0 0 0 45 0 22 0 0 0 0 0 0 0 0 0 0 0 0 0 0 78 89 0 0 77 0 0 53 0 0 0 0 0 49 0 0 0 0 0 0 19 0 0 0 0 0 0 0 26 0 0 0 0 67 0 83 0 0 0 0 0 80 0 0 84 0 0 0 0 0 0 0 0 0 0 0 0 0 0 0 0 0 0 0 0 0 0 0 0 0 0 0 0 0 0 0 46 0 0 0 
0 0 0 0 0 0 0 0 0 92 0 0 0 0 65 17 0 0 0 0 0 0 0 0 0 0 53 0 0 0 0 0 0 0 9 0 0 0 0 0 34 0 0 0 0 0 0 0 0 0 0 0 0 0 0 0 0 0 0 0 0 0 0 0 0 19 52 84 0 0 0 0 0 0 0 0 0 0 0 0 0 0 0 0 0 0 11 0 0 0 0 0 0 0 0 88 0 0 0 0 
78 0 14 0 0 0 0 0 0 0 0 0 0 0 0 0 0 1 0 31 0 0 0 0 0 0 0 0 0 0 90 0 0 0 63 0 0 0 0 0 0 0 0 0 0 16 0 0 0 0 0 0 0 0 0 0 0 0 0 0 29 0 0 0 0 0 0 0 0 0 0 0 0 0 0 0 0 0 0 0 0 0 0 0 0 0 0 0 0 0 0 0 59 0 0 0 0 0 0 0 
0 0 0 0 0 85 0 0 44 0 0 0 0 0 0 0 0 8 0 0 0 0 0 0 84 0 0 0 0 0 0 86 0 0 0 5 80 0 0 0 0 0 0 0 0 0 0 0 0 0 6 0 0 0 0 0 0 0 4 0 61 0 0 0 0 0 0 0 0 0 0 0 0 63 87 0 0 0 0 0 0 0 0 0 0 0 0 0 0 0 0 0 60 76 0 0 0 0 0 0 
0 0 0 0 0 0 88 0 0 0 26 0 50 0 0 0 0 0 0 0 59 61 0 0 0 0 0 0 90 0 0 0 0 0 0 0 0 0 0 0 0 0 0 0 0 0 0 0 50 0 0 0 0 0 60 0 0 0 0 0 0 0 0 0 0 0 0 0 34 0 0 0 0 0 0 0 0 0 0 0 0 13 0 0 48 0 0 0 38 48 0 0 33 0 0 0 0 70 0 0 
0 0 0 0 0 0 80 0 0 0 47 0 0 0 0 0 0 0 0 0 0 0 43 0 0 0 0 0 0 86 0 0 0 0 0 0 0 0 0 21 0 0 54 0 8 63 0 0 5 0 0 84 0 0 0 0 0 0 0 0 0 0 0 0 0 0 0 0 0 0 67 0 0 0 0 0 0 0 91 27 0 0 95 0 0 0 0 0 0 0 0 0 0 0 0 0 0 0 0 0 
9 0 0 26 0 0 0 94 0 0 0 0 0 0 0 0 0 0 0 0 0 0 0 0 0 0 0 0 0 0 0 0 0 0 0 94 0 0 0 0 92 0 0 83 0 0 0 0 0 0 0 84 0 94 0 0 0 0 0 37 0 0 0 86 0 0 46 0 0 0 0 92 0 0 0 0 0 0 0 0 0 0 0 0 0 25 4 0 0 0 35 0 0 0 0 0 0 0 0 0 
0 0 0 0 0 74 0 0 16 0 0 9 0 0 0 0 94 0 0 79 0 0 0 0 0 0 49 0 0 0 0 0 0 0 0 24 0 0 0 0 0 0 40 0 0 0 0 0 37 0 0 0 71 75 0 0 0 0 0 0 0 0 0 3 0 0 0 0 0 0 0 0 0 44 0 31 0 0 0 0 0 0 0 0 0 0 0 56 0 0 0 0 0 0 0 0 0 0 0 0 
0 0 89 0 0 0 0 34 0 0 0 0 0 0 0 0 0 0 0 0 0 0 0 73 0 66 0 9 63 0 0 0 0 0 0 0 0 41 0 0 20 0 0 0 0 0 0 0 0 42 0 0 0 0 0 0 0 0 0 8 0 0 97 0 0 0 0 0 0 0 0 78 0 0 0 0 0 0 0 0 89 73 0 0 0 0 0 0 0 0 0 0 0 0 0 0 0 0 0 92 
0 0 2 0 0 0 53 0 0 0 66 0 0 0 0 0 0 0 4 0 0 0 0 0 0 0 0 0 0 5 0 0 94 24 0 0 0 0 0 0 0 0 0 0 0 0 0 0 0 0 0 0 0 0 78 0 0 6 0 0 0 0 0 0 0 1 0 0 0 0 0 0 4 0 0 0 0 0 0 0 0 0 0 0 0 0 0 0 0 0 0 0 0 0 6 0 0 0 0 0 
0 0 0 0 0 0 0 32 2 0 0 0 0 0 0 0 0 73 94 100 0 0 0 0 0 0 0 0 0 80 0 0 0 0 0 0 0 0 0 0 0 0 0 0 0 0 0 0 0 0 0 85 40 0 0 0 0 72 0 0 0 0 0 0 0 0 0 0 0 0 15 0 0 0 0 0 0 0 0 0 0 0 72 0 0 24 81 0 0 0 0 22 46 0 0 0 0 0 0 0 
0 0 0 0 0 80 0 0 0 3 0 0 0 0 0 0 0 0 0 0 0 0 0 0 0 0 0 0 0 0 0 0 0 0 41 0 0 0 0 0 0 0 0 0 0 0 98 0 0 0 0 0 57 0 0 0 0 5 0 0 33 0 0 0 0 0 0 0 95 0 0 0 0 0 0 0 0 0 0 0 0 0 0 0 0 0 0 0 0 0 0 0 0 0 0 0 0 0 0 0 
0 0 0 0 0 21 0 0 0 0 41 23 31 0 0 0 0 0 0 0 0 0 0 0 20 0 0 0 0 0 0 0 0 0 0 0 0 0 0 0 0 0 0 0 0 0 60 33 0 0 0 0 0 0 0 0 0 0 0 0 0 0 0 0 0 12 81 0 3 0 0 0 0 0 0 0 0 11 0 0 0 0 0 93 0 0 0 0 0 0 100 0 0 0 78 0 59 0 0 0 
0 0 0 1 0 0 0 0 0 0 0 0 0 0 0 0 0 0 0 0 0 0 0 0 94 0 0 0 0 0 0 21 0 0 0 0 0 0 0 0 18 0 0 0 0 0 0 0 46 0 0 0 0 0 96 0 15 0 0 44 8 0 86 0 0 0 0 0 0 0 0 0 11 0 0 0 0 0 24 0 0 0 0 0 0 0 0 0 0 0 0 86 0 0 0 0 0 0 0 99 
0 0 0 0 0 0 0 0 0 0 0 0 0 0 0 0 0 0 0 0 0 0 85 0 0 0 19 34 0 0 0 0 92 0 20 0 0 0 0 18 0 0 0 0 0 0 0 0 0 66 0 0 0 0 0 0 0 90 0 0 0 0 55 80 0 0 0 0 0 89 78 19 0 0 0 0 0 0 0 19 0 0 0 0 0 0 0 0 0 0 0 0 0 0 0 0 0 0 0 0 
0 49 0 0 0 0 0 0 0 0 0 0 0 0 0 0 0 3 0 0 0 0 58 0 0 30 0 0 0 0 0 0 0 0 0 0 0 0 0 0 0 0 0 0 0 0 0 0 0 0 0 0 0 0 0 0 0 0 0 0 0 0 0 28 0 0 94 0 0 0 83 0 0 0 0 54 0 0 0 66 93 0 17 0 0 0 0 95 0 21 81 0 78 0 0 0 0 0 0 0 
50 0 0 0 0 0 0 0 55 0 0 0 0 0 0 47 0 0 0 0 85 0 0 0 0 0 0 0 0 0 0 54 0 40 0 0 0 0 0 0 0 0 0 0 0 89 0 0 0 0 59 0 83 0 0 0 0 62 0 0 0 0 0 0 0 54 0 0 42 0 19 0 0 24 0 0 0 0 0 0 0 0 0 0 0 0 30 0 0 0 0 0 0 0 0 0 0 0 0 0 
0 0 0 0 0 0 0 0 0 0 0 0 0 0 0 0 0 0 0 0 0 0 0 0 0 4 0 0 0 0 0 0 83 0 0 0 0 0 0 0 0 0 0 0 0 50 0 3 58 0 0 0 0 11 0 0 0 0 0 0 0 0 0 0 0 0 0 0 0 0 0 0 0 0 0 0 0 0 0 0 0 0 0 0 0 0 0 61 0 0 77 0 0 0 92 0 97 11 45 0 
72 0 83 0 0 0 0 0 0 0 0 0 31 0 0 0 0 0 0 0 39 0 0 0 0 0 0 0 0 0 0 8 0 0 0 0 0 0 0 0 0 0 0 0 0 0 0 0 12 0 81 0 0 0 0 96 0 0 0 63 25 0 77 0 0 0 0 0 79 0 0 0 0 0 0 75 0 0 0 0 20 0 0 0 0 0 0 0 68 0 0 0 0 0 0 0 0 0 0 0 
0 0 0 0 49 0 0 0 81 0 0 0 0 0 0 0 49 18 0 0 0 0 0 0 0 0 0 0 16 0 0 63 0 0 0 0 0 0 0 0 0 0 89 50 0 0 0 0 0 0 0 0 0 0 98 0 0 0 17 0 0 0 56 0 0 0 0 0 11 0 0 0 0 0 0 0 0 0 0 0 0 8 0 0 0 0 0 0 0 0 0 0 0 0 0 0 0 0 0 0 
0 0 38 0 0 0 0 0 62 45 0 0 0 0 0 0 0 0 0 0 19 0 0 30 0 0 0 0 0 0 0 0 0 0 0 0 0 98 60 0 0 0 0 0 0 0 0 0 0 0 94 0 0 0 0 0 0 0 0 0 0 0 0 0 0 0 0 0 0 32 0 0 0 14 0 0 86 91 0 0 0 100 0 0 0 0 0 0 0 0 0 0 0 0 0 0 0 0 0 0 
0 0 0 0 0 0 0 0 0 0 0 28 0 0 0 0 0 0 0 0 0 0 0 0 0 0 0 0 0 0 0 0 0 0 0 0 0 0 33 0 0 0 0 3 0 0 0 0 0 0 0 0 0 0 0 0 0 0 0 71 50 30 0 0 0 0 0 0 0 0 0 22 19 0 0 0 0 0 0 0 39 0 0 0 0 0 0 0 0 0 41 0 0 0 6 0 0 0 0 0 
0 0 0 0 0 0 0 0 0 0 7 0 0 0 0 0 0 0 0 0 0 0 0 57 0 79 26 0 0 0 50 5 0 37 0 0 0 0 0 46 0 0 0 58 12 0 0 0 0 0 0 0 0 0 75 0 0 0 0 0 0 0 0 0 0 0 0 0 0 0 0 0 0 0 0 0 0 0 0 0 0 28 0 57 0 0 0 0 0 68 0 0 0 0 0 0 0 0 0 34 
0 12 0 7 0 75 0 0 0 61 0 0 0 0 0 0 0 0 0 0 0 0 0 0 0 0 0 0 0 0 0 0 0 0 42 0 0 0 0 0 66 0 0 0 0 0 0 0 0 0 0 49 0 0 0 0 0 40 0 0 0 0 0 0 0 81 0 0 0 0 0 0 0 0 0 61 71 95 0 0 0 0 0 0 0 63 41 0 0 0 0 0 0 64 0 0 0 0 0 0 
0 78 0 0 0 0 0 0 0 0 0 0 0 0 21 86 0 0 0 0 0 23 0 0 0 0 0 0 0 6 0 0 0 0 0 0 0 0 0 0 0 0 59 0 81 0 94 0 0 0 0 69 0 0 0 0 0 0 72 0 0 48 0 0 0 0 0 0 0 0 0 0 0 0 0 0 0 0 5 80 0 0 0 0 0 0 0 70 0 0 0 38 0 0 0 0 0 0 0 0 
0 0 0 0 94 0 0 0 0 0 0 0 41 0 0 1 0 97 0 0 0 0 0 0 0 0 0 0 0 0 0 84 84 0 0 0 85 0 0 0 0 0 0 0 0 0 0 0 0 49 69 0 0 0 0 0 0 0 37 0 0 0 0 0 0 0 31 0 0 0 0 0 0 0 0 7 0 97 83 0 0 0 0 0 58 0 0 0 0 0 0 0 0 0 0 0 0 0 0 0 
0 0 0 58 0 0 0 0 0 0 0 0 0 4 0 0 0 0 0 0 0 11 0 0 0 0 0 0 0 0 0 0 0 71 0 0 40 57 0 0 0 0 83 0 0 0 0 0 0 0 0 0 0 0 0 0 59 0 0 0 0 0 0 0 0 0 0 0 0 0 0 0 20 0 31 0 0 0 0 0 0 4 0 0 0 0 0 0 0 0 0 0 0 41 0 0 42 0 0 0 
0 0 0 0 0 0 0 0 0 0 0 0 0 0 0 0 0 7 0 62 0 0 0 0 0 0 67 0 0 0 0 0 94 75 0 0 0 0 0 0 0 0 0 11 0 0 0 0 0 0 0 0 0 0 0 0 26 93 9 0 0 0 0 78 0 0 0 0 63 0 0 0 0 0 76 0 0 0 0 0 0 0 0 0 0 0 0 0 0 40 0 0 0 0 0 51 0 0 0 0 
0 0 0 0 0 0 0 0 0 0 0 0 56 35 0 0 12 0 0 0 77 0 0 0 0 0 0 0 0 0 60 0 0 0 0 78 0 0 0 96 0 0 0 0 0 98 0 0 75 0 0 0 0 0 0 0 0 0 0 0 0 0 0 0 0 5 0 0 0 67 0 0 0 0 0 0 0 0 0 0 0 0 0 0 0 96 0 0 84 74 0 0 0 0 46 0 0 0 0 0 
0 0 0 0 0 0 0 0 0 0 0 0 0 41 0 0 0 0 6 0 0 79 0 0 0 0 83 0 0 0 0 0 0 0 0 0 0 0 0 0 0 0 0 0 96 0 0 0 0 0 0 0 0 0 0 0 0 85 0 0 67 0 0 0 0 0 0 11 0 2 0 0 0 0 0 0 39 0 0 0 0 0 0 0 0 0 16 0 0 0 59 0 0 0 0 0 0 0 60 0 
0 0 0 0 15 0 0 0 0 0 0 0 0 0 72 0 62 0 0 0 0 0 0 0 0 0 0 0 0 0 0 0 0 0 0 0 0 0 0 15 0 0 0 0 0 0 0 0 0 0 0 0 59 26 0 0 0 0 10 0 0 20 0 0 0 31 97 0 0 0 0 0 0 0 0 0 0 0 0 0 0 0 0 0 0 0 0 0 0 0 0 21 0 0 0 0 75 0 84 0 
0 0 0 0 0 0 0 0 83 0 0 0 0 0 27 0 0 0 0 0 0 0 0 0 0 0 0 0 0 0 0 0 0 0 0 6 72 5 0 0 90 0 62 0 0 0 0 0 0 40 0 0 0 93 0 85 0 0 0 0 0 10 0 64 0 0 38 0 0 0 0 91 0 0 74 0 0 0 0 0 0 0 0 0 0 0 0 0 0 0 0 0 0 0 0 0 0 0 0 0 
0 9 90 0 0 0 0 0 3 0 0 0 0 0 0 74 0 0 0 12 0 0 0 0 0 0 0 0 0 4 0 0 0 0 0 0 0 0 0 0 0 0 0 0 0 17 0 0 0 0 72 37 0 9 0 0 10 0 0 0 0 0 0 0 0 5 0 0 0 0 60 0 0 0 0 0 0 0 0 0 0 0 55 0 0 7 0 0 0 0 0 0 0 0 0 0 0 0 0 0 
0 0 0 0 0 0 76 0 0 0 0 0 47 0 0 0 0 0 0 48 43 0 0 0 0 0 0 0 0 0 0 0 37 0 8 0 0 0 0 44 0 0 0 0 63 0 0 71 0 0 0 0 0 0 0 0 0 0 0 0 0 0 49 0 0 0 0 69 0 0 0 0 24 0 0 0 0 0 5 0 0 0 0 0 0 0 0 0 0 74 0 0 0 40 0 0 0 0 0 0 
0 0 0 34 0 0 0 0 0 0 96 0 37 21 0 0 0 0 0 76 0 0 0 0 0 0 0 0 29 61 0 0 0 0 0 0 0 33 0 8 0 0 0 0 25 0 0 50 0 0 0 0 0 0 0 67 0 0 0 0 0 0 93 0 0 0 0 0 0 0 0 0 0 0 0 0 0 0 0 0 62 0 0 0 0 0 0 0 0 0 0 0 0 0 0 0 0 83 0 0 
0 0 0 0 0 0 0 3 0 0 0 0 0 0 0 0 0 0 0 0 0 0 82 16 0 0 80 0 0 0 0 0 0 0 0 0 0 0 0 0 0 0 0 0 0 0 0 30 0 0 48 0 0 0 0 0 20 10 0 0 0 0 0 1 0 0 0 0 0 0 0 0 0 0 0 0 0 0 0 0 0 0 23 0 0 0 0 0 0 0 0 0 7 0 7 62 0 0 0 0 
0 59 0 0 0 0 0 0 0 0 0 0 0 0 0 0 0 0 0 0 0 92 0 0 0 15 0 0 0 0 0 0 0 0 97 0 0 0 0 86 55 0 0 0 77 56 0 0 0 0 0 0 0 0 0 0 0 0 0 49 93 0 0 0 0 0 0 0 0 0 0 0 0 0 0 0 0 0 0 0 0 0 0 0 0 0 0 36 0 0 0 25 0 0 0 0 0 0 0 0 
0 0 0 0 81 51 0 0 0 0 0 0 0 0 0 0 0 0 0 0 0 29 0 0 0 0 0 0 0 0 0 0 86 3 0 0 0 0 0 0 80 28 0 0 0 0 0 0 0 0 0 0 0 78 0 0 0 64 0 0 0 1 0 0 0 0 0 0 67 0 40 0 0 0 0 0 0 0 0 0 0 0 0 0 0 0 0 0 0 26 18 0 0 0 32 0 0 0 0 0 
0 0 0 0 0 10 0 45 0 0 0 0 27 0 0 0 0 0 0 0 0 0 0 0 0 0 84 0 0 0 0 0 0 0 0 0 0 0 0 0 0 0 0 0 0 0 0 0 0 0 0 0 0 0 0 0 0 0 0 0 0 0 0 0 0 0 0 0 0 0 0 0 0 0 0 0 0 0 0 0 0 0 0 0 0 0 0 0 53 0 0 0 0 0 0 0 0 67 0 0 
0 0 0 0 0 25 0 79 0 79 0 30 0 0 0 0 25 0 0 0 0 0 0 0 0 0 0 19 0 0 0 0 0 0 0 1 0 0 12 0 0 0 54 0 0 0 0 0 0 81 0 0 0 0 5 0 31 0 5 0 0 0 0 0 0 0 0 0 0 0 0 0 0 0 0 0 0 0 0 0 0 4 0 0 0 0 0 0 0 0 0 0 0 0 0 0 16 0 0 0 
0 0 0 0 0 0 92 0 0 0 0 0 0 98 0 0 0 0 0 0 0 0 0 0 0 0 0 52 0 0 0 0 46 0 0 0 0 0 81 0 0 94 0 0 0 0 0 0 0 0 0 31 0 0 0 0 97 38 0 0 0 0 0 0 0 0 0 0 0 0 0 15 0 0 85 0 0 0 0 0 0 0 0 13 0 0 0 19 0 0 0 0 0 0 0 0 80 0 58 0 
0 0 0 0 54 0 0 0 25 0 0 0 0 79 15 0 0 0 0 0 0 0 0 0 0 74 0 84 0 0 0 0 0 0 0 0 0 0 0 0 0 0 0 0 0 0 0 0 0 0 0 0 0 0 0 11 0 0 0 69 0 0 0 0 0 0 0 0 74 0 0 0 38 0 0 47 0 93 0 0 0 0 0 81 0 44 0 0 0 0 0 0 0 0 0 0 0 36 0 0 
0 0 0 0 11 0 0 0 0 0 0 0 0 23 63 0 0 0 23 0 0 0 0 0 0 0 0 0 0 0 34 0 0 0 0 0 0 95 3 0 0 0 42 0 79 11 0 0 0 0 0 0 0 63 0 0 0 0 0 0 0 0 0 67 0 0 0 74 0 0 0 75 0 0 0 0 0 0 0 0 0 0 0 30 0 0 0 0 0 0 0 0 0 0 0 0 0 0 0 0 
21 0 0 0 0 0 0 0 0 0 0 59 0 0 0 0 0 35 0 0 0 0 92 0 74 53 0 0 0 0 0 0 0 0 0 0 0 0 0 0 89 0 0 0 0 0 32 0 0 0 0 0 0 0 67 2 0 0 0 0 0 0 0 0 0 0 0 0 0 0 0 54 0 0 0 0 0 0 0 50 0 39 23 0 0 0 0 0 0 0 0 61 0 0 0 0 0 0 0 0 
0 0 0 0 85 0 0 0 0 0 0 0 82 0 0 0 0 0 0 0 0 0 0 0 0 0 0 0 0 0 0 67 0 0 0 0 15 0 0 0 78 83 19 0 0 0 0 0 0 0 0 0 0 0 0 0 0 0 60 0 0 0 0 40 0 0 0 0 0 0 0 0 0 0 0 0 0 0 0 0 0 0 0 0 92 0 77 0 0 0 0 0 0 89 0 0 0 0 0 0 
79 0 0 0 0 0 0 92 0 0 0 0 0 0 0 0 26 0 0 0 0 0 0 0 0 34 0 0 0 0 0 0 92 0 78 0 0 0 0 0 19 0 0 0 0 0 0 22 0 0 0 0 0 0 0 0 0 91 0 0 0 0 0 0 0 0 15 0 75 54 0 0 0 0 0 0 0 0 0 0 0 0 0 0 73 0 0 15 0 0 52 0 0 0 0 0 0 0 0 0 
0 0 0 0 59 0 0 0 0 0 0 0 3 0 56 0 79 0 0 80 0 0 0 3 0 0 0 0 0 0 0 0 0 0 0 4 0 0 0 11 0 0 0 0 0 0 0 19 0 0 0 0 20 0 0 0 0 0 0 24 0 0 0 0 0 0 0 38 0 0 0 0 0 0 0 0 0 0 0 8 0 0 44 0 0 64 0 0 0 0 0 0 0 0 0 0 0 0 0 0 
74 0 0 0 0 0 0 0 41 0 0 0 0 0 0 0 0 0 0 0 0 0 0 3 0 0 0 0 0 63 0 0 0 44 0 0 0 0 0 0 0 0 24 0 0 0 14 0 0 0 0 0 0 0 0 0 0 0 0 0 0 0 0 0 0 0 0 0 0 0 0 0 0 0 0 0 0 0 0 73 0 0 0 0 0 0 70 0 0 0 0 0 83 0 0 0 0 0 0 0 
62 0 0 0 100 0 64 0 0 0 0 0 0 0 0 24 0 0 0 0 0 0 0 0 0 0 0 0 0 87 0 0 0 0 0 0 0 0 0 0 0 0 0 0 0 0 0 0 0 0 0 0 31 76 0 0 0 74 0 0 0 0 0 0 0 0 85 0 0 0 0 0 0 0 0 0 0 0 0 0 0 15 0 0 0 0 0 0 48 0 0 0 0 0 87 0 20 3 0 0 
0 0 47 0 41 53 0 0 0 0 0 0 0 0 36 0 0 0 0 0 83 0 0 0 0 0 0 0 0 0 0 0 0 31 0 0 0 0 0 0 0 54 0 0 75 0 0 0 0 61 0 7 0 0 0 0 0 0 0 0 0 0 0 0 0 0 0 47 0 0 0 0 0 0 0 0 0 0 0 0 67 0 0 0 34 0 0 0 66 0 0 0 29 0 0 0 0 0 0 0 
0 62 0 0 0 0 67 38 0 32 8 0 0 0 0 0 0 0 0 0 0 0 0 0 0 0 0 0 0 0 0 0 0 0 0 0 0 0 0 0 0 0 0 0 0 0 86 0 0 71 0 0 0 0 0 39 0 0 0 0 0 0 0 0 0 0 0 0 0 0 0 0 0 0 0 0 0 0 0 60 0 0 83 0 0 0 0 65 95 0 0 0 67 0 0 0 0 0 0 0 
0 0 0 0 0 0 0 0 0 0 0 0 0 0 0 0 0 0 0 0 0 0 28 0 61 0 0 0 0 0 0 0 0 0 0 0 0 0 11 0 0 0 0 0 0 0 91 0 0 95 0 97 0 0 0 0 0 0 0 0 0 0 0 0 0 0 0 93 0 0 0 0 0 0 0 0 0 0 0 0 0 0 0 0 0 0 0 0 0 0 0 0 0 0 0 0 0 0 0 0 
0 0 0 0 0 0 0 0 86 0 0 0 0 0 0 93 0 0 0 0 0 0 59 0 0 0 0 0 0 0 0 91 0 0 0 0 0 0 0 24 0 0 0 0 0 0 0 0 0 0 5 83 0 0 0 0 0 0 0 5 0 0 0 0 0 0 0 0 0 0 0 0 0 0 0 0 0 0 0 0 14 0 0 1 0 0 0 0 0 39 0 0 0 0 0 0 91 0 0 0 
0 0 5 0 99 0 0 0 0 0 94 0 0 0 0 0 52 0 0 0 0 0 0 83 0 0 0 0 0 0 0 27 0 0 0 0 0 0 0 0 19 66 0 0 0 0 0 0 0 0 80 0 0 0 0 0 0 0 0 0 0 0 0 0 0 0 0 0 0 50 0 0 8 73 0 0 60 0 0 0 40 0 11 0 0 0 0 0 0 0 0 0 0 0 0 0 0 0 0 0 
0 0 17 0 0 0 0 0 0 0 0 0 52 0 0 0 0 0 0 0 0 0 0 0 0 0 0 0 0 0 0 0 0 0 89 0 0 0 0 0 0 93 0 0 20 0 0 39 0 0 0 0 0 0 0 0 0 0 0 0 62 0 0 0 0 0 0 0 0 0 0 0 0 0 0 67 0 0 14 40 0 0 0 0 0 20 0 0 0 0 0 0 80 0 0 24 4 0 0 69 
0 0 0 0 0 0 0 0 0 0 0 0 0 0 75 0 0 0 0 0 0 0 0 0 60 0 0 0 0 0 13 0 0 0 73 0 0 0 0 0 0 0 0 0 0 8 100 0 28 0 0 0 4 0 0 0 0 0 0 0 0 0 0 0 0 4 0 0 0 39 0 0 0 0 15 0 0 0 0 0 0 0 0 0 0 99 0 0 86 0 20 0 0 0 0 0 0 0 53 0 
0 0 0 0 0 0 0 0 0 0 63 0 0 0 0 15 0 30 0 0 0 0 0 0 0 0 0 0 0 0 0 95 0 0 0 0 72 0 0 0 0 17 0 0 0 0 0 0 0 0 0 0 0 0 0 0 0 0 55 0 0 23 0 0 0 0 0 0 0 23 0 0 44 0 0 0 83 0 0 11 0 0 0 0 0 22 19 0 0 0 0 0 0 0 0 55 0 0 0 0 
0 0 0 68 0 0 0 0 0 0 70 0 0 0 0 0 0 33 0 0 0 0 0 62 0 0 0 0 0 0 0 0 0 0 0 0 0 0 93 0 0 0 0 0 0 0 0 0 57 0 0 0 0 0 0 0 0 0 0 0 0 0 0 0 0 0 13 81 30 0 0 0 0 0 0 0 0 0 1 0 0 0 0 0 0 0 46 0 0 0 0 0 0 42 0 0 0 0 0 0 
0 0 0 0 0 0 0 0 0 31 0 0 0 0 0 0 0 0 0 0 65 0 0 0 26 24 0 0 0 0 48 0 0 0 0 0 0 0 0 0 0 0 0 0 0 0 0 0 0 0 0 58 0 0 0 0 0 0 0 0 0 0 0 0 0 0 0 0 0 0 92 73 0 0 0 34 0 0 0 0 0 0 0 0 0 0 0 0 0 0 0 0 0 0 0 0 0 0 0 0 
95 23 0 0 0 0 8 0 0 0 0 0 0 0 0 0 0 0 0 0 0 0 0 0 46 0 0 0 0 0 0 0 25 0 0 0 24 0 0 0 0 0 0 0 0 0 0 0 0 63 0 0 0 0 96 0 0 0 7 0 0 0 0 0 0 0 0 44 0 0 0 0 64 0 0 0 0 0 0 0 20 99 22 0 0 0 0 0 0 0 0 0 0 0 76 0 0 0 0 0 
99 0 0 0 0 0 0 0 0 0 0 0 0 0 0 56 0 0 0 0 0 0 0 81 0 0 0 11 0 0 0 0 4 0 0 0 81 0 0 0 0 0 30 0 0 0 0 0 0 41 0 0 0 0 0 16 0 0 0 0 0 0 0 0 0 0 0 0 0 0 77 0 0 70 0 0 0 0 0 0 0 0 19 46 0 0 0 0 0 0 0 45 0 25 0 0 0 0 0 0 
0 0 69 0 0 0 0 0 0 0 0 0 25 0 0 73 78 0 0 0 0 41 65 0 0 0 0 0 0 0 0 0 0 56 0 0 0 0 0 0 0 95 0 61 0 0 0 0 0 0 70 0 0 0 0 0 0 0 0 0 0 0 36 0 0 0 19 0 0 0 0 15 0 0 0 0 65 0 0 0 0 0 0 0 0 0 0 0 0 0 0 0 0 0 0 61 0 0 0 0 
0 0 0 0 0 0 0 0 0 0 0 0 0 0 48 0 0 0 0 37 0 0 0 0 0 0 0 0 0 0 38 0 0 0 0 0 0 0 0 0 0 0 0 0 68 0 0 0 0 0 0 0 0 0 84 0 0 0 0 0 0 0 0 0 53 0 0 0 0 0 0 0 0 0 48 66 95 0 0 0 0 86 0 0 0 0 0 0 0 0 0 0 0 0 0 20 0 29 0 0 
0 0 0 0 0 0 51 17 0 15 81 0 0 0 0 0 0 0 18 0 0 0 60 0 0 0 0 0 0 0 48 0 0 0 0 0 0 0 0 0 0 21 0 0 0 0 0 0 68 0 0 0 0 40 74 0 0 0 0 74 0 0 0 26 0 0 0 0 0 0 0 0 0 0 0 0 0 0 39 0 0 0 0 0 0 0 0 0 0 0 0 0 0 0 0 0 0 0 0 0 
0 0 0 0 0 0 48 0 0 0 0 0 0 0 0 44 0 0 0 0 0 0 0 7 0 0 0 0 0 0 0 0 35 0 0 0 0 0 100 0 0 81 0 77 0 0 0 41 0 0 0 0 0 0 0 59 0 0 0 0 0 0 0 18 0 0 0 0 0 0 0 52 0 0 0 0 0 0 0 0 0 20 0 0 0 0 0 0 0 0 0 0 0 88 0 0 0 29 11 0 
0 50 0 0 0 0 0 0 0 0 0 0 26 0 0 0 0 55 0 52 0 0 0 0 0 0 0 0 0 0 0 0 0 0 0 0 22 0 0 86 0 0 0 0 0 0 0 0 0 0 38 0 0 0 0 0 21 0 0 0 0 0 25 0 0 0 0 0 0 61 0 0 0 0 0 0 0 0 0 0 0 0 0 0 0 0 45 0 0 0 0 0 0 79 0 0 0 0 0 0 
40 0 0 0 0 0 0 0 0 0 0 0 60 0 0 0 0 98 89 0 0 0 15 0 0 0 0 0 59 60 33 0 0 0 0 0 46 0 0 0 0 78 0 0 0 0 0 0 0 0 0 0 0 0 0 0 0 0 0 0 0 7 0 0 0 0 0 0 0 0 0 0 0 83 0 29 67 0 0 0 80 0 0 0 0 0 0 0 0 0 0 0 0 0 0 0 0 0 0 0 
0 0 0 0 1 0 0 0 0 0 0 0 0 0 0 0 74 0 68 0 0 0 0 0 30 0 0 0 0 76 0 0 0 0 0 0 0 0 0 0 0 0 0 0 0 0 0 0 0 64 0 0 41 0 0 0 0 0 0 40 0 0 0 0 0 0 0 0 0 0 89 0 0 0 0 0 0 0 0 0 0 0 0 42 0 0 25 0 0 0 88 79 0 0 3 22 0 0 0 0 
0 0 18 0 0 0 18 0 0 0 0 0 0 0 0 21 0 0 0 0 0 0 0 0 0 0 0 0 0 0 0 0 0 0 0 6 0 0 78 0 0 0 0 92 0 0 0 6 0 0 0 0 0 0 46 0 0 0 0 0 0 7 0 32 0 0 0 0 0 0 0 0 0 0 87 0 0 0 0 0 0 0 0 0 0 76 0 0 0 0 0 0 0 3 0 36 0 0 0 54 
0 51 0 0 0 95 0 0 0 0 0 0 0 0 0 0 0 0 0 0 0 0 0 0 0 0 0 88 0 0 0 0 0 0 0 0 0 0 0 0 0 0 0 0 0 0 0 0 0 0 0 0 0 51 0 0 0 0 0 0 0 62 0 0 0 0 0 0 0 0 0 0 0 0 0 0 0 0 0 0 24 0 55 0 0 0 0 61 20 0 0 0 0 22 36 0 0 0 0 10 
0 0 0 80 0 0 0 0 0 0 0 0 0 0 0 0 0 0 57 0 0 0 0 0 0 0 46 0 0 0 0 0 0 0 0 0 0 0 59 0 0 0 0 97 0 0 0 0 0 0 0 0 42 0 0 0 75 0 0 0 0 0 0 0 0 16 80 0 0 0 0 0 0 0 20 0 0 0 91 0 4 0 0 0 0 0 0 0 0 0 0 0 0 0 0 0 0 49 0 0 
0 0 0 18 0 0 0 0 0 0 0 0 0 0 0 0 0 0 0 0 0 0 0 0 0 0 0 0 0 0 70 0 0 0 0 0 0 0 0 0 0 0 0 11 0 0 0 0 0 0 0 0 0 0 0 0 0 0 0 0 83 0 0 0 67 0 0 36 0 0 0 0 0 0 3 0 0 0 0 0 0 0 0 0 0 0 0 0 29 0 29 0 0 0 0 0 49 0 0 0 
25 0 0 0 0 0 0 0 0 85 0 0 0 91 0 0 0 0 0 0 0 0 0 0 0 0 0 0 0 0 0 0 0 0 0 0 0 0 0 0 0 0 0 45 0 0 0 0 0 0 0 0 0 0 0 60 84 0 0 0 0 0 0 0 0 0 58 0 0 0 0 0 0 0 0 0 0 0 0 0 0 53 0 0 0 0 0 0 0 0 11 0 0 0 0 0 0 0 0 0 
0 0 0 0 0 0 41 0 0 0 0 0 0 0 0 0 0 0 0 0 0 0 0 0 0 0 0 0 0 0 0 0 0 0 92 0 0 0 0 99 0 0 0 0 0 0 0 0 34 0 0 0 0 0 0 0 0 0 0 0 0 0 0 0 0 0 0 0 0 0 0 0 0 0 0 0 0 0 0 0 69 0 0 0 0 0 0 0 0 0 0 0 0 0 54 10 0 0 0 0 
