0 0 0 0 0 0 174 0 24 0 0 0 0 0 0 188 0 0 8 0 0 0 0 0 0 199 0 0 175 0 0 0 0 0 0 0 0 0 0 0 0 0 0 159 4 0 0 0 0 0 0 0 0 0 0 0 0 0 16 0 0 0 0 0 0 0 0 0 0 0 0 0 0 0 0 132 0 0 0 0 0 0 0 61 67 0 0 0 0 0 134 0 0 0 0 0 0 155 0 0 
0 0 0 0 0 0 0 0 0 63 0 0 0 25 0 0 0 0 0 0 147 0 0 0 0 0 0 0 0 0 172 0 0 0 0 0 0 0 0 0 0 0 0 0 0 0 86 0 151 53 126 0 176 0 0 0 0 0 0 153 0 0 0 0 0 0 0 0 0 0 0 0 0 0 0 0 168 0 0 0 0 0 0 0 0 0 0 0 0 0 0 0 0 0 0 0 0 0 184 192 
0 0 0 0 0 102 0 0 0 195 114 0 0 0 116 0 0 0 0 0 10 0 0 0 0 0 0 0 0 0 0 0 135 24 0 0 0 0 0 65 0 0 0 0 0 49 0 199 0 0 0 0 0 0 141 0 11 0 0 0 0 0 0 0 0 0 0 0 0 0 80 0 0 0 93 0 0 0 0 0 0 0 0 0 0 0 0 0 0 0 165 0 0 0 0 0 0 0 0 0 
0 0 0 0 0 0 0 0 120 0 0 0 0 0 0 0 172 0 0 0 0 0 0 0 29 0 0 0 75 0 0 0 0 0 0 0 0 0 0 0 0 0 0 0 0 0 0 0 35 0 0 0 0 0 166 0 0 0 56 0 0 0 0 0 0 0 150 0 0 0 0 0 159 0 0 169 16 0 0 122 0 0 0 0 0 0 0 0 0 0 0 0 0 0 0 79 117 0 73 0 
0 0 0 0 0 0 0 0 0 0 158 0 0 119 0 0 0 0 0 0 0 0 0 0 0 0 0 74 0 0 0 0 40 21 0 161 0 19 0 0 118 0 0 0 0 0 0 0 0 0 188 0 0 0 173 0 141 0 0 0 149 0 0 0 0 0 0 0 0 0 0 0 0 0 0 0 0 0 0 0 0 0 0 0 0 70 0 0 131 0 0 0 0 190 0 0 0 0 0 0 
0 0 102 0 0 0 0 0 0 1 0 0 171 0 0 0 0 0 0 0 160 0 0 0 0 0 0 0 0 0 0 0 0 0 0 0 0 0 0 0 0 0 152 0 0 0 0 0 0 0 0 0 0 0 0 0 138 0 0 0 0 0 0 0 0 0 0 0 151 0 0 0 0 0 0 152 0 0 0 184 0 9 0 0 0 0 0 0 0 0 0 0 0 0 0 0 0 0 0 0 
174 0 0 0 0 0 0 0 0 0 55 0 0 0 0 0 0 0 0 0 80 0 25 192 0 0 0 37 0 0 0 0 93 0 0 0 0 0 0 0 28 0 0 0 0 0 0 0 0 0 0 0 0 0 0 7 0 0 0 0 0 0 181 0 0 0 12 0 0 0 10 0 0 54 27 0 0 0 0 0 0 0 0 0 0 0 0 0 0 0 0 0 0 0 0 0 0 0 0 0 
0 0 0 0 0 0 0 0 0 0 0 28 0 0 5 0 0 0 0 0 0 0 0 0 104 0 0 0 0 0 0 0 102 0 0 0 0 0 25 0 0 0 0 0 0 0 65 0 0 0 0 0 0 0 0 0 0 0 0 0 0 0 0 0 0 0 0 0 0 0 0 0 0 0 0 0 0 0 0 0 119 0 173 0 168 0 0 0 0 0 0 0 0 0 171 0 0 0 0 0 
24 0 0 120 0 0 0 0 0 0 0 0 175 0 0 0 0 0 0 0 29 138 0 0 0 0 0 18 0 0 0 0 0 0 0 0 0 0 190 0 0 0 157 0 89 0 0 0 0 0 0 0 0 0 0 0 0 0 0 0 0 170 0 0 13 0 0 0 0 0 0 0 0 0 0 0 0 0 0 0 0 0 0 0 0 0 0 0 0 14 0 0 0 0 0 0 0 0 0 0 
0 63 195 0 0 1 0 0 0 0 0 0 0 0 114 0 0 0 0 0 0 0 56 0 0 0 0 0 0 0 0 0 0 0 0 0 0 0 33 0 0 133 0 0 0 0 0 0 0 0 0 0 0 0 0 0 0 0 0 161 0 0 0 0 0 0 10 0 0 0 0 0 0 0 0 0 0 0 0 0 0 199 97 0 0 0 0 0 0 0 0 0 0 0 0 0 177 0 0 0 
0 0 114 0 158 0 55 0 0 0 0 0 0 0 0 0 83 0 0 0 0 152 0 0 0 0 0 0 0 0 0 0 0 46 0 0 19 0 76 0 0 0 0 0 0 0 0 0 0 0 0 0 125 0 0 0 0 0 0 0 0 0 0 0 57 0 0 0 0 0 31 0 0 50 0 0 0 0 0 109 0 0 0 0 0 0 0 0 0 0 0 0 0 0 0 184 0 0 121 0 
0 0 0 0 0 0 0 28 0 0 0 0 20 0 0 0 0 0 40 0 0 153 0 0 0 30 0 0 179 0 0 0 0 0 0 0 0 0 0 0 128 0 0 0 0 0 0 0 0 0 0 0 0 103 0 0 0 0 0 0 0 0 0 0 83 0 0 0 0 0 0 99 0 0 86 0 0 0 0 0 111 0 0 0 0 0 0 0 0 158 0 134 0 0 0 0 21 0 0 0 
0 0 0 0 0 171 0 0 175 0 0 20 0 0 0 0 0 0 153 0 0 0 0 0 0 0 0 0 0 0 0 0 0 0 0 0 163 0 0 0 0 0 0 0 0 0 0 0 166 0 0 141 0 0 0 0 0 147 0 0 0 0 0 0 0 0 0 0 55 0 0 0 0 0 0 0 0 0 0 0 0 0 139 0 0 184 0 0 0 0 0 0 80 43 0 0 0 0 0 0 
0 25 0 0 119 0 0 0 0 0 0 0 0 0 0 0 0 141 0 0 0 0 146 176 81 0 0 0 0 0 0 0 0 0 0 0 0 0 0 0 0 13 0 0 0 0 0 0 0 0 0 0 0 0 0 0 0 0 0 0 0 0 0 0 103 0 0 0 0 0 0 0 0 0 0 109 0 0 0 0 0 0 82 0 0 0 0 92 0 55 166 0 0 84 64 0 0 0 0 0 
0 0 116 0 0 0 0 5 0 114 0 0 0 0 0 0 0 200 0 0 0 0 0 0 0 0 0 0 0 0 0 0 0 35 0 0 0 0 0 0 0 157 0 0 0 0 0 0 0 95 0 0 0 0 0 162 0 34 0 0 0 0 0 0 0 0 0 0 0 0 0 0 0 0 0 0 0 0 0 0 0 0 0 0 176 0 0 0 0 0 0 0 0 0 0 104 0 0 0 0 
188 0 0 0 0 0 0 0 0 0 0 0 0 0 0 0 0 0 96 0 0 0 1 184 0 0 0 0 0 0 0 0 0 75 0 0 0 24 34 29 0 0 0 187 0 0 0 0 114 0 0 0 95 0 0 0 0 0 0 0 0 0 135 0 0 0 0 0 0 0 0 0 0 0 0 0 0 0 0 0 0 0 0 0 0 0 0 0 0 69 0 0 0 0 0 0 0 0 0 0 
0 0 0 172 0 0 0 0 0 0 83 0 0 0 0 0 0 0 0 0 0 0 0 0 0 0 0 0 0 0 0 57 0 93 0 0 58 0 0 0 0 0 0 0 0 74 39 0 7 0 0 0 186 0 0 0 0 0 0 0 0 0 0 0 0 141 0 0 0 0 0 0 0 0 0 0 0 0 148 0 0 0 0 0 0 0 0 114 0 0 0 123 0 0 0 0 0 0 0 0 
0 0 0 0 0 0 0 0 0 0 0 0 0 141 200 0 0 0 0 0 0 0 0 0 163 0 0 0 0 0 0 0 0 0 0 0 44 0 0 0 112 0 0 0 0 0 0 0 0 0 0 0 0 0 0 0 0 0 0 0 0 0 0 0 0 0 88 0 133 0 0 0 0 10 0 48 0 63 0 0 0 0 0 0 0 0 0 148 0 0 0 0 0 0 0 0 0 0 0 0 
8 0 0 0 0 0 0 0 0 0 0 40 153 0 0 96 0 0 0 0 0 0 0 0 0 0 178 16 0 0 0 0 0 0 69 0 0 0 0 0 0 104 0 0 0 0 0 0 0 169 0 0 193 0 0 0 0 0 108 0 0 0 0 0 129 0 0 0 0 0 0 0 0 0 0 0 137 0 0 0 0 0 0 0 150 0 0 0 0 0 52 0 0 0 0 0 0 0 0 0 
0 0 0 0 0 0 0 0 0 0 0 0 0 0 0 0 0 0 0 0 0 0 0 0 0 0 0 23 0 0 0 0 0 0 0 0 0 0 0 0 0 0 0 0 0 0 0 39 0 0 0 100 0 0 187 0 0 0 0 0 96 0 0 169 0 175 0 0 0 0 0 0 0 0 144 0 0 11 63 0 0 0 0 0 0 0 0 0 133 172 0 0 0 0 0 0 18 64 0 0 
0 147 10 0 0 160 80 0 29 0 0 0 0 0 0 0 0 0 0 0 0 0 0 0 0 0 0 0 0 0 0 115 17 135 0 0 0 0 0 0 0 0 0 0 0 0 0 0 0 0 0 22 0 0 0 0 158 0 0 0 0 0 0 0 0 0 171 0 0 0 0 0 0 0 0 0 0 0 0 0 0 0 0 0 0 0 0 0 0 0 21 0 0 0 32 0 0 0 0 119 
0 0 0 0 0 0 0 0 138 0 152 153 0 0 0 0 0 0 0 0 0 0 128 0 0 0 0 0 125 0 0 58 0 0 132 0 0 152 194 0 0 0 0 0 0 0 0 0 0 0 0 0 0 0 0 0 0 0 78 0 0 0 0 0 0 0 0 0 0 0 0 0 0 0 0 0 0 0 0 0 0 0 0 0 0 0 56 0 0 188 0 0 77 63 0 0 146 0 0 0 
0 0 0 0 0 0 25 0 0 56 0 0 0 146 0 1 0 0 0 0 0 128 0 0 0 0 0 0 0 0 0 0 0 0 0 0 0 0 0 0 0 0 0 39 43 137 0 0 0 0 0 0 0 0 0 0 0 0 0 0 0 0 0 0 0 0 45 0 0 0 0 0 0 0 0 0 0 0 0 0 0 0 33 0 0 0 0 63 0 0 0 0 152 0 0 0 0 0 141 0 
0 0 0 0 0 0 192 0 0 0 0 0 0 176 0 184 0 0 0 0 0 0 0 0 0 0 0 0 0 0 0 0 0 0 0 77 0 0 0 0 0 0 0 0 0 0 121 0 0 0 0 0 0 0 0 0 0 0 0 0 0 0 0 0 0 102 0 0 0 0 159 0 0 0 0 5 0 0 0 0 54 0 0 0 0 0 0 0 0 0 0 108 0 0 0 0 0 147 0 0 
0 0 0 29 0 0 0 104 0 0 0 0 0 81 0 0 0 163 0 0 0 0 0 0 0 0 49 0 116 0 0 0 0 0 0 0 0 38 173 0 0 0 0 0 0 0 0 0 0 0 0 0 0 0 0 0 0 68 0 0 0 0 0 0 0 0 0 0 0 0 0 0 0 0 0 0 0 0 0 0 0 74 0 0 0 188 0 0 0 41 0 0 0 65 0 0 0 126 0 149 
199 0 0 0 0 0 0 0 0 0 0 30 0 0 0 0 0 0 0 0 0 0 0 0 0 0 0 84 0 0 0 0 0 0 0 0 0 0 0 0 0 0 0 51 0 0 72 0 0 27 0 0 0 0 0 13 38 0 0 0 0 0 0 0 119 0 0 0 0 0 126 0 0 0 0 0 0 0 0 0 73 0 0 152 0 0 34 0 0 0 0 0 0 0 110 0 0 0 93 0 
0 0 0 0 0 0 0 0 0 0 0 0 0 0 0 0 0 0 178 0 0 0 0 0 49 0 0 0 0 158 0 0 0 0 165 0 0 0 0 0 189 0 0 0 0 0 0 0 0 0 0 0 0 0 15 0 88 0 61 0 0 0 137 0 0 0 0 0 0 0 0 0 0 0 0 0 0 0 0 82 0 0 0 0 0 0 0 0 0 0 0 0 0 0 0 0 132 0 0 0 
0 0 0 0 74 0 37 0 18 0 0 0 0 0 0 0 0 0 16 23 0 0 0 0 0 84 0 0 0 0 0 0 42 0 0 0 107 28 153 0 132 0 0 0 0 0 0 0 0 0 13 0 0 0 0 0 0 0 0 0 0 0 0 0 0 0 0 0 0 0 0 0 0 0 0 0 0 0 0 179 0 0 0 0 0 104 0 0 0 0 0 0 0 0 0 129 0 0 0 0 
175 0 0 75 0 0 0 0 0 0 0 179 0 0 0 0 0 0 0 0 0 125 0 0 116 0 0 0 0 0 0 0 0 0 0 0 0 0 0 0 0 129 0 0 62 0 45 0 58 112 0 0 0 0 0 0 86 0 0 0 0 0 0 155 0 0 0 0 0 0 0 0 0 0 0 0 0 173 0 0 0 87 0 0 0 0 0 0 0 0 0 0 0 0 0 0 0 0 75 0 
0 0 0 0 0 0 0 0 0 0 0 0 0 0 0 0 0 0 0 0 0 0 0 0 0 0 158 0 0 0 0 0 0 0 0 0 0 113 0 84 0 146 0 0 0 0 0 0 0 0 0 0 150 14 0 0 0 0 0 170 0 0 0 0 0 0 0 0 0 0 0 0 0 0 0 0 0 0 0 120 16 0 43 145 0 0 0 0 0 0 0 0 0 142 0 149 162 0 0 0 
0 172 0 0 0 0 0 0 0 0 0 0 0 0 0 0 0 0 0 0 0 0 0 0 0 0 0 0 0 0 0 142 0 0 0 0 0 0 0 0 0 0 0 0 121 0 152 0 0 0 0 0 74 0 0 0 0 0 0 0 0 0 0 0 0 0 0 0 0 0 0 0 127 0 0 0 0 0 120 0 91 0 199 186 43 0 0 0 0 156 0 0 0 0 0 0 0 122 59 0 
0 0 0 0 0 0 0 0 0 0 0 0 0 0 0 0 57 0 0 0 115 58 0 0 0 0 0 0 0 0 142 0 0 0 0 0 0 0 0 0 0 0 0 0 0 0 0 0 6 0 84 77 0 105 0 0 200 0 0 0 0 0 160 0 0 142 23 0 0 0 0 23 0 0 0 0 0 137 0 0 0 0 175 0 0 0 0 0 0 0 0 0 0 0 0 0 0 0 0 0 
0 0 135 0 40 0 93 102 0 0 0 0 0 0 0 0 0 0 0 0 17 0 0 0 0 0 0 42 0 0 0 0 0 0 0 0 95 0 0 0 0 162 113 0 0 0 0 66 114 0 0 0 0 0 176 0 0 0 0 0 55 0 0 0 0 0 0 0 0 0 0 0 86 0 0 0 0 0 0 0 66 0 0 0 0 0 0 0 0 0 0 0 0 0 0 0 0 0 0 0 
0 0 24 0 21 0 0 0 0 0 46 0 0 0 35 75 93 0 0 0 135 0 0 0 0 0 0 0 0 0 0 0 0 0 0 0 0 0 6 0 0 0 0 0 0 0 0 0 185 0 0 0 0 0 0 0 0 0 0 0 0 0 0 0 0 0 0 0 0 94 0 0 0 0 74 0 0 0 0 0 0 0 0 134 0 0 0 0 0 0 53 0 0 0 0 0 0 65 0 0 
0 0 0 0 0 0 0 0 0 0 0 0 0 0 0 0 0 0 69 0 0 132 0 0 0 0 165 0 0 0 0 0 0 0 0 0 0 0 0 0 0 0 0 163 0 0 0 0 0 0 0 0 0 0 0 0 181 0 0 0 198 0 0 34 123 0 0 177 163 0 0 0 33 33 0 173 0 0 0 0 0 0 0 0 0 0 39 0 0 0 0 0 0 140 0 0 0 0 0 0 
0 0 0 0 161 0 0 0 0 0 0 0 0 0 0 0 0 0 0 0 0 0 0 77 0 0 0 0 0 0 0 0 0 0 0 0 10 0 0 0 0 0 0 0 0 0 109 28 0 0 0 0 160 0 0 0 0 99 133 0 0 0 0 0 0 0 0 45 0 0 77 0 0 0 110 0 0 0 141 0 0 0 0 135 0 0 143 0 0 0 0 0 0 0 147 0 0 0 0 0 
0 0 0 0 0 0 0 0 0 0 19 0 163 0 0 0 58 44 0 0 0 0 0 0 0 0 0 107 0 0 0 0 95 0 0 10 0 0 0 0 196 0 0 0 122 0 0 0 0 0 0 0 0 0 0 0 0 0 152 0 39 105 0 0 0 0 0 0 0 28 0 0 0 0 0 0 109 0 0 0 0 0 0 0 0 0 0 0 89 0 0 0 0 0 0 0 0 0 0 0 
0 0 0 0 19 0 0 0 0 0 0 0 0 0 0 24 0 0 0 0 0 152 0 0 38 0 0 28 0 113 0 0 0 0 0 0 0 0 0 0 0 148 8 0 13 179 0 0 0 0 0 167 0 0 0 0 0 0 0 0 0 0 0 0 0 0 0 0 0 0 0 0 0 0 0 0 43 0 0 0 9 0 0 0 0 0 0 0 171 0 0 0 0 109 0 0 0 0 0 0 
0 0 0 0 0 0 0 25 190 33 76 0 0 0 0 34 0 0 0 0 0 194 0 0 173 0 0 153 0 0 0 0 0 6 0 0 0 0 0 0 0 0 0 0 0 0 0 24 0 0 0 0 0 0 0 0 0 157 0 0 0 0 0 0 0 0 0 0 0 0 145 0 0 0 130 67 0 0 0 0 0 0 158 0 0 0 0 0 0 0 0 0 0 0 0 0 0 0 0 0 
0 0 65 0 0 0 0 0 0 0 0 0 0 0 0 29 0 0 0 0 0 0 0 0 0 0 0 0 0 84 0 0 0 0 0 0 0 0 0 0 0 0 0 0 0 0 110 0 0 0 0 0 0 0 69 51 0 0 0 116 0 0 0 0 0 0 0 0 0 0 0 0 0 0 0 72 0 15 0 0 0 0 0 0 0 0 0 0 0 0 0 0 0 0 0 2 0 52 0 0 
0 0 0 0 118 0 28 0 0 0 0 128 0 0 0 0 0 112 0 0 0 0 0 0 0 0 189 132 0 0 0 0 0 0 0 0 196 0 0 0 0 0 115 0 0 0 153 0 0 0 0 0 0 0 129 0 0 0 0 0 88 64 0 0 0 0 0 0 0 159 0 0 0 0 0 0 0 0 0 0 0 0 0 0 0 0 0 0 0 0 0 0 0 0 168 0 0 0 0 0 
0 0 0 0 0 0 0 0 0 133 0 0 0 13 157 0 0 0 104 0 0 0 0 0 0 0 0 0 129 146 0 0 162 0 0 0 0 148 0 0 0 0 0 0 141 0 0 0 0 0 0 137 0 0 0 0 0 0 0 0 0 0 0 0 199 0 0 0 0 0 141 0 0 0 0 0 0 143 0 0 188 0 0 0 0 0 0 0 0 0 0 121 0 0 0 0 0 0 0 0 
0 0 0 0 0 152 0 0 157 0 0 0 0 0 0 0 0 0 0 0 0 0 0 0 0 0 0 0 0 0 0 0 113 0 0 0 0 8 0 0 115 0 0 0 0 0 0 0 0 0 0 0 0 0 0 0 0 127 93 0 0 184 0 0 0 0 0 0 0 0 0 0 0 0 0 0 0 0 0 0 0 22 0 0 0 93 90 0 0 194 0 0 0 0 11 0 0 0 0 0 
159 0 0 0 0 0 0 0 0 0 0 0 0 0 0 187 0 0 0 0 0 0 39 0 0 51 0 0 0 0 0 0 0 0 163 0 0 0 0 0 0 0 0 0 0 0 0 0 0 0 129 0 40 0 138 0 0 0 0 0 0 0 0 0 0 0 0 0 0 0 0 0 0 0 146 0 0 65 0 0 0 0 0 0 0 105 0 178 0 0 0 0 0 0 0 163 0 0 0 0 
4 0 0 0 0 0 0 0 89 0 0 0 0 0 0 0 0 0 0 0 0 0 43 0 0 0 0 0 62 0 121 0 0 0 0 0 122 13 0 0 0 141 0 0 0 0 0 0 26 0 0 126 0 0 0 0 0 0 0 0 0 0 37 0 0 0 0 0 157 0 0 0 0 0 0 0 0 0 0 0 0 20 0 0 0 0 0 0 0 0 0 0 0 0 0 0 0 0 0 0 
0 0 49 0 0 0 0 0 0 0 0 0 0 0 0 0 74 0 0 0 0 0 137 0 0 0 0 0 0 0 0 0 0 0 0 0 0 179 0 0 0 0 0 0 0 0 8 0 0 32 74 0 0 0 0 0 0 0 0 0 0 0 0 0 0 0 0 0 0 0 0 98 0 0 0 0 0 74 0 0 0 0 186 0 0 0 131 131 0 91 0 0 0 0 0 158 0 0 22 0 
0 86 0 0 0 0 0 65 0 0 0 0 0 0 0 0 39 0 0 0 0 0 0 121 0 72 0 0 45 0 152 0 0 0 0 109 0 0 0 110 153 0 0 0 0 8 0 0 0 0 0 0 26 0 0 0 0 0 0 0 0 0 0 0 0 0 0 0 0 0 27 0 0 0 0 0 0 0 0 0 78 0 0 0 0 0 0 0 0 0 0 0 0 0 0 0 0 0 0 24 
0 0 199 0 0 0 0 0 0 0 0 0 0 0 0 0 0 0 0 39 0 0 0 0 0 0 0 0 0 0 0 0 66 0 0 28 0 0 24 0 0 0 0 0 0 0 0 0 0 109 0 0 0 0 0 0 0 57 0 50 0 139 0 0 0 0 0 81 0 0 0 0 0 0 0 0 0 0 0 0 0 0 0 0 0 0 0 0 0 0 0 0 0 0 0 0 0 0 0 0 
0 151 0 35 0 0 0 0 0 0 0 0 166 0 0 114 7 0 0 0 0 0 0 0 0 0 0 0 58 0 0 6 114 185 0 0 0 0 0 0 0 0 0 0 26 0 0 0 0 0 0 0 0 0 0 0 0 0 0 0 0 0 0 0 0 0 0 0 0 101 0 0 0 0 0 0 0 0 0 0 120 0 0 0 64 0 24 0 0 0 0 0 5 0 0 0 0 0 0 0 
0 53 0 0 0 0 0 0 0 0 0 0 0 0 95 0 0 0 169 0 0 0 0 0 0 27 0 0 112 0 0 0 0 0 0 0 0 0 0 0 0 0 0 0 0 32 0 109 0 0 0 0 0 0 0 52 0 0 0 0 0 0 148 133 0 0 0 122 124 0 0 70 0 0 0 0 0 164 0 0 0 0 0 0 0 0 0 0 0 0 0 0 52 0 0 0 0 0 0 0 
0 126 0 0 188 0 0 0 0 0 0 0 0 0 0 0 0 0 0 0 0 0 0 0 0 0 0 13 0 0 0 84 0 0 0 0 0 0 0 0 0 0 0 129 0 74 0 0 0 0 0 0 176 0 0 0 0 0 159 0 0 0 0 0 0 0 0 0 0 0 177 0 0 0 105 0 24 0 0 0 0 0 0 0 0 0 0 0 0 0 163 0 0 195 0 0 0 162 0 0 
0 0 0 0 0 0 0 0 0 0 0 0 141 0 0 0 0 0 0 100 22 0 0 0 0 0 0 0 0 0 0 77 0 0 0 0 0 167 0 0 0 137 0 0 126 0 0 0 0 0 0 0 0 141 0 0 40 0 0 0 0 0 0 0 0 0 169 0 0 180 0 129 0 0 0 0 0 0 0 0 0 0 0 0 0 0 0 0 0 0 43 0 0 0 0 0 0 0 0 0 
0 176 0 0 0 0 0 0 0 0 125 0 0 0 0 95 186 0 193 0 0 0 0 0 0 0 0 0 0 150 74 0 0 0 0 160 0 0 0 0 0 0 0 40 0 0 26 0 0 0 176 0 0 0 0 0 0 0 0 0 49 0 0 0 0 0 0 0 0 0 0 0 0 0 0 0 0 0 0 0 0 0 50 0 0 0 0 0 0 0 0 135 0 0 0 0 0 0 0 89 
0 0 0 0 0 0 0 0 0 0 0 103 0 0 0 0 0 0 0 0 0 0 0 0 0 0 0 0 0 14 0 105 0 0 0 0 0 0 0 0 0 0 0 0 0 0 0 0 0 0 0 141 0 0 0 0 0 103 0 0 0 0 0 0 0 0 0 110 177 0 0 0 0 0 0 0 0 0 0 0 0 85 0 0 0 0 0 0 127 0 180 0 95 0 193 195 0 0 15 191 
0 0 141 166 173 0 0 0 0 0 0 0 0 0 0 0 0 0 0 187 0 0 0 0 0 0 15 0 0 0 0 0 176 0 0 0 0 0 0 69 129 0 0 138 0 0 0 0 0 0 0 0 0 0 0 0 44 0 0 0 0 0 0 0 0 0 0 0 0 0 0 0 0 0 0 0 0 0 0 0 0 0 0 0 0 0 0 0 0 0 113 146 0 79 0 0 0 0 0 0 
0 0 0 0 0 0 7 0 0 0 0 0 0 0 162 0 0 0 0 0 0 0 0 0 0 13 0 0 0 0 0 0 0 0 0 0 0 0 0 51 0 0 0 0 0 0 0 0 0 52 0 0 0 0 0 0 0 0 0 0 0 49 0 0 0 0 0 0 10 0 0 0 0 199 0 0 0 0 0 0 188 0 0 0 0 0 17 142 0 0 0 61 113 0 0 0 0 91 0 0 
0 0 11 0 141 138 0 0 0 0 0 0 0 0 0 0 0 0 0 0 158 0 0 0 0 38 88 0 86 0 0 200 0 0 181 0 0 0 0 0 0 0 0 0 0 0 0 0 0 0 0 40 0 0 44 0 0 0 0 0 0 0 0 0 0 0 54 0 0 0 0 0 114 0 0 0 0 42 0 0 0 186 0 0 0 0 0 0 0 0 0 0 0 0 0 0 0 0 0 0 
0 0 0 0 0 0 0 0 0 0 0 0 147 0 34 0 0 0 0 0 0 0 0 0 68 0 0 0 0 0 0 0 0 0 0 99 0 0 157 0 0 0 127 0 0 0 0 57 0 0 0 0 0 103 0 0 0 0 0 0 0 0 0 0 0 0 0 0 188 0 0 0 0 0 0 39 0 0 65 0 0 89 0 0 0 84 0 0 0 0 0 0 0 169 0 0 0 0 0 0 
16 0 0 56 0 0 0 0 0 0 0 0 0 0 0 0 0 0 108 0 0 78 0 0 0 0 61 0 0 0 0 0 0 0 0 133 152 0 0 0 0 0 93 0 0 0 0 0 0 0 159 0 0 0 0 0 0 0 0 0 62 0 0 0 0 0 0 0 0 0 0 183 0 0 0 0 0 0 0 0 0 0 0 0 0 0 0 134 38 0 48 0 0 0 168 0 0 0 0 0 
0 153 0 0 0 0 0 0 0 161 0 0 0 0 0 0 0 0 0 0 0 0 0 0 0 0 0 0 0 170 0 0 0 0 0 0 0 0 0 116 0 0 0 0 0 0 0 50 0 0 0 0 0 0 0 0 0 0 0 0 0 0 0 0 0 0 0 0 0 0 92 0 0 0 0 156 0 0 0 0 0 165 0 0 156 0 0 0 0 0 0 117 0 0 30 0 0 0 0 0 
0 0 0 0 149 0 0 0 0 0 0 0 0 0 0 0 0 0 0 96 0 0 0 0 0 0 0 0 0 0 0 0 55 0 198 0 39 0 0 0 88 0 0 0 0 0 0 0 0 0 0 0 49 0 0 0 0 0 62 0 0 0 0 0 0 0 0 0 0 0 0 76 124 0 0 0 0 0 0 0 0 176 0 0 0 65 0 69 0 13 0 0 0 0 0 0 0 0 0 0 
0 0 0 0 0 0 0 0 170 0 0 0 0 0 0 0 0 0 0 0 0 0 0 0 0 0 0 0 0 0 0 0 0 0 0 0 105 0 0 0 64 0 184 0 0 0 0 139 0 0 0 0 0 0 0 49 0 0 0 0 0 0 0 0 0 41 0 0 0 0 0 102 0 0 186 12 0 48 133 0 0 0 0 0 0 0 0 0 0 0 0 0 0 0 0 0 0 0 0 181 
0 0 0 0 0 0 181 0 0 0 0 0 0 0 0 135 0 0 0 0 0 0 0 0 0 0 137 0 0 0 0 160 0 0 0 0 0 0 0 0 0 0 0 0 37 0 0 0 0 148 0 0 0 0 0 0 0 0 0 0 0 0 0 0 0 0 0 0 0 0 0 170 0 0 0 0 0 0 0 0 0 0 145 0 58 0 0 0 0 0 190 0 0 72 0 59 0 0 0 60 
0 0 0 0 0 0 0 0 0 0 0 0 0 0 0 0 0 0 0 169 0 0 0 0 0 0 0 0 155 0 0 0 0 0 34 0 0 0 0 0 0 0 0 0 0 0 0 0 0 133 0 0 0 0 0 0 0 0 0 0 0 0 0 0 0 0 0 0 0 98 0 0 49 0 0 0 0 0 0 0 0 0 135 0 0 0 0 0 0 0 0 0 163 0 138 0 0 0 0 0 
0 0 0 0 0 0 0 0 13 0 57 83 0 103 0 0 0 0 129 0 0 0 0 0 0 119 0 0 0 0 0 0 0 0 123 0 0 0 0 0 0 199 0 0 0 0 0 0 0 0 0 0 0 0 0 0 0 0 0 0 0 0 0 0 0 121 0 0 0 0 0 0 0 3 0 0 0 0 168 0 0 0 0 0 0 0 0 0 0 146 0 0 0 0 0 0 0 0 9 0 
0 0 0 0 0 0 0 0 0 0 0 0 0 0 0 0 141 0 0 175 0 0 0 102 0 0 0 0 0 0 0 142 0 0 0 0 0 0 0 0 0 0 0 0 0 0 0 0 0 0 0 0 0 0 0 0 0 0 0 0 0 41 0 0 121 0 0 0 0 0 0 0 0 0 0 0 0 0 0 0 0 0 0 50 33 0 0 0 0 0 0 0 0 0 0 0 0 0 0 189 
0 0 0 150 0 0 12 0 0 10 0 0 0 0 0 0 0 88 0 0 171 0 45 0 0 0 0 0 0 0 0 23 0 0 0 0 0 0 0 0 0 0 0 0 0 0 0 0 0 0 0 169 0 0 0 0 54 0 0 0 0 0 0 0 0 0 0 0 0 52 0 0 0 0 0 0 0 0 148 0 0 29 0 0 0 0 47 0 0 0 0 0 0 0 0 0 0 0 0 0 
0 0 0 0 0 0 0 0 0 0 0 0 0 0 0 0 0 0 0 0 0 0 0 0 0 0 0 0 0 0 0 0 0 0 177 45 0 0 0 0 0 0 0 0 0 0 0 81 0 122 0 0 0 110 0 0 0 0 0 0 0 0 0 0 0 0 0 0 0 0 96 179 55 0 0 0 0 0 0 0 0 0 0 164 0 0 0 0 117 0 0 0 0 0 0 0 0 0 0 0 
0 0 0 0 0 151 0 0 0 0 0 0 55 0 0 0 0 133 0 0 0 0 0 0 0 0 0 0 0 0 0 0 0 0 163 0 0 0 0 0 0 0 0 0 157 0 0 0 0 124 0 0 0 177 0 10 0 188 0 0 0 0 0 0 0 0 0 0 0 0 0 0 0 0 0 0 0 0 60 0 0 0 0 0 0 0 0 0 13 0 0 0 0 0 0 0 0 0 0 0 
0 0 0 0 0 0 0 0 0 0 0 0 0 0 0 0 0 0 0 0 0 0 0 0 0 0 0 0 0 0 0 0 0 94 0 0 28 0 0 0 159 0 0 0 0 0 0 0 101 0 0 180 0 0 0 0 0 0 0 0 0 0 0 98 0 0 52 0 0 0 0 0 0 0 0 0 0 0 0 32 14 0 0 1 0 15 0 6 0 0 0 72 0 0 0 108 0 186 0 0 
0 0 80 0 0 0 10 0 0 0 31 0 0 0 0 0 0 0 0 0 0 0 0 159 0 126 0 0 0 0 0 0 0 0 0 77 0 0 145 0 0 141 0 0 0 0 27 0 0 0 177 0 0 0 0 0 0 0 0 92 0 0 0 0 0 0 0 96 0 0 0 0 0 0 0 0 0 0 0 0 0 0 0 78 0 0 0 0 4 0 0 0 0 0 0 0 116 0 0 0 
0 0 0 0 0 0 0 0 0 0 0 99 0 0 0 0 0 0 0 0 0 0 0 0 0 0 0 0 0 0 0 23 0 0 0 0 0 0 0 0 0 0 0 0 0 98 0 0 0 70 0 129 0 0 0 0 0 0 183 0 76 102 170 0 0 0 0 179 0 0 0 0 20 0 0 0 0 117 196 0 0 0 0 0 0 0 0 0 0 0 0 0 0 0 0 0 0 0 0 0 
0 0 0 159 0 0 0 0 0 0 0 0 0 0 0 0 0 0 0 0 0 0 0 0 0 0 0 0 0 0 127 0 86 0 33 0 0 0 0 0 0 0 0 0 0 0 0 0 0 0 0 0 0 0 0 0 114 0 0 0 124 0 0 49 0 0 0 55 0 0 0 20 0 123 57 0 0 0 0 0 0 0 0 0 0 0 0 0 1 0 0 0 173 148 0 0 0 0 28 0 
0 0 0 0 0 0 54 0 0 0 50 0 0 0 0 0 0 10 0 0 0 0 0 0 0 0 0 0 0 0 0 0 0 0 33 0 0 0 0 0 0 0 0 0 0 0 0 0 0 0 0 0 0 0 0 199 0 0 0 0 0 0 0 0 3 0 0 0 0 0 0 0 123 0 20 0 0 139 0 0 0 0 0 0 0 0 0 0 0 0 0 0 0 0 0 71 0 0 0 0 
0 0 93 0 0 0 27 0 0 0 0 86 0 0 0 0 0 0 0 144 0 0 0 0 0 0 0 0 0 0 0 0 0 74 0 110 0 0 130 0 0 0 0 146 0 0 0 0 0 0 105 0 0 0 0 0 0 0 0 0 0 186 0 0 0 0 0 0 0 0 0 0 57 20 0 0 55 0 0 0 0 0 0 0 0 0 0 0 0 0 0 0 189 0 0 0 0 116 0 0 
132 0 0 169 0 152 0 0 0 0 0 0 0 109 0 0 0 48 0 0 0 0 0 5 0 0 0 0 0 0 0 0 0 0 173 0 0 0 67 72 0 0 0 0 0 0 0 0 0 0 0 0 0 0 0 0 0 39 0 156 0 12 0 0 0 0 0 0 0 0 0 0 0 0 0 0 0 0 0 7 0 0 0 0 0 0 0 0 0 0 0 130 141 0 0 0 0 0 0 0 
0 168 0 16 0 0 0 0 0 0 0 0 0 0 0 0 0 0 137 0 0 0 0 0 0 0 0 0 0 0 0 0 0 0 0 0 109 43 0 0 0 0 0 0 0 0 0 0 0 0 24 0 0 0 0 0 0 0 0 0 0 0 0 0 0 0 0 0 0 0 0 0 0 0 55 0 0 0 0 0 119 0 0 0 0 0 0 0 0 0 0 19 16 0 0 0 0 0 0 0 
0 0 0 0 0 0 0 0 0 0 0 0 0 0 0 0 0 63 0 11 0 0 0 0 0 0 0 0 173 0 0 137 0 0 0 0 0 0 0 15 0 143 0 65 0 74 0 0 0 164 0 0 0 0 0 0 42 0 0 0 0 48 0 0 0 0 0 0 0 0 0 117 0 139 0 0 0 0 0 0 0 0 0 0 0 52 0 0 0 0 0 32 0 0 0 0 0 0 0 0 
0 0 0 0 0 0 0 0 0 0 0 0 0 0 0 0 148 0 0 63 0 0 0 0 0 0 0 0 0 0 120 0 0 0 0 141 0 0 0 0 0 0 0 0 0 0 0 0 0 0 0 0 0 0 0 0 0 65 0 0 0 133 0 0 168 0 148 0 60 0 0 196 0 0 0 0 0 0 0 0 0 114 0 0 0 0 0 0 0 0 0 181 86 0 0 0 133 16 0 0 
0 0 0 122 0 184 0 0 0 0 109 0 0 0 0 0 0 0 0 0 0 0 0 0 0 0 82 179 0 120 0 0 0 0 0 0 0 0 0 0 0 0 0 0 0 0 0 0 0 0 0 0 0 0 0 0 0 0 0 0 0 0 0 0 0 0 0 0 0 32 0 0 0 0 0 7 0 0 0 0 0 0 0 0 174 0 0 0 122 0 0 0 0 0 0 0 0 0 0 0 
0 0 0 0 0 0 0 119 0 0 0 111 0 0 0 0 0 0 0 0 0 0 0 54 0 73 0 0 0 16 91 0 66 0 0 0 0 9 0 0 0 188 0 0 0 0 78 0 120 0 0 0 0 0 0 188 0 0 0 0 0 0 0 0 0 0 0 0 0 14 0 0 0 0 0 0 119 0 0 0 0 0 0 0 0 0 0 0 0 0 194 0 0 0 0 0 0 0 0 0 
0 0 0 0 0 9 0 0 0 199 0 0 0 0 0 0 0 0 0 0 0 0 0 0 74 0 0 0 87 0 0 0 0 0 0 0 0 0 0 0 0 0 22 0 20 0 0 0 0 0 0 0 0 85 0 0 186 89 0 165 176 0 0 0 0 0 29 0 0 0 0 0 0 0 0 0 0 0 114 0 0 0 0 0 0 103 0 0 0 0 0 0 0 0 0 109 0 0 0 0 
0 0 0 0 0 0 0 173 0 97 0 0 139 82 0 0 0 0 0 0 0 0 33 0 0 0 0 0 0 43 199 175 0 0 0 0 0 0 158 0 0 0 0 0 0 186 0 0 0 0 0 0 50 0 0 0 0 0 0 0 0 0 145 135 0 0 0 0 0 0 0 0 0 0 0 0 0 0 0 0 0 0 0 0 0 0 0 77 0 0 0 0 0 0 0 41 0 0 0 0 
61 0 0 0 0 0 0 0 0 0 0 0 0 0 0 0 0 0 0 0 0 0 0 0 0 152 0 0 0 145 186 0 0 134 0 135 0 0 0 0 0 0 0 0 0 0 0 0 0 0 0 0 0 0 0 0 0 0 0 0 0 0 0 0 0 50 0 164 0 1 78 0 0 0 0 0 0 0 0 0 0 0 0 0 0 0 0 0 0 106 0 51 133 0 0 0 0 0 0 0 
67 0 0 0 0 0 0 168 0 0 0 0 0 0 176 0 0 0 150 0 0 0 0 0 0 0 0 0 0 0 43 0 0 0 0 0 0 0 0 0 0 0 0 0 0 0 0 0 64 0 0 0 0 0 0 0 0 0 0 156 0 0 58 0 0 33 0 0 0 0 0 0 0 0 0 0 0 0 0 174 0 0 0 0 0 0 0 0 0 0 0 0 76 0 0 0 0 0 0 0 
0 0 0 0 70 0 0 0 0 0 0 0 184 0 0 0 0 0 0 0 0 0 0 0 188 0 0 104 0 0 0 0 0 0 0 0 0 0 0 0 0 0 93 105 0 0 0 0 0 0 0 0 0 0 0 0 0 84 0 0 65 0 0 0 0 0 0 0 0 15 0 0 0 0 0 0 0 52 0 0 0 103 0 0 0 0 0 10 0 0 0 0 0 17 84 0 0 0 117 0 
0 0 0 0 0 0 0 0 0 0 0 0 0 0 0 0 0 0 0 0 0 56 0 0 0 34 0 0 0 0 0 0 0 0 39 143 0 0 0 0 0 0 90 0 0 131 0 0 24 0 0 0 0 0 0 17 0 0 0 0 0 0 0 0 0 0 47 0 0 0 0 0 0 0 0 0 0 0 0 0 0 0 0 0 0 0 0 0 0 146 0 0 0 0 0 0 0 0 0 0 
0 0 0 0 0 0 0 0 0 0 0 0 0 92 0 0 114 148 0 0 0 0 63 0 0 0 0 0 0 0 0 0 0 0 0 0 0 0 0 0 0 0 0 178 0 131 0 0 0 0 0 0 0 0 0 142 0 0 134 0 69 0 0 0 0 0 0 0 0 6 0 0 0 0 0 0 0 0 0 0 0 0 77 0 0 10 0 0 0 0 0 0 0 72 0 0 0 0 188 125 
0 0 0 0 131 0 0 0 0 0 0 0 0 0 0 0 0 0 0 133 0 0 0 0 0 0 0 0 0 0 0 0 0 0 0 0 89 171 0 0 0 0 0 0 0 0 0 0 0 0 0 0 0 127 0 0 0 0 38 0 0 0 0 0 0 0 0 117 13 0 4 0 1 0 0 0 0 0 0 122 0 0 0 0 0 0 0 0 0 0 0 0 0 0 106 0 0 0 0 0 
0 0 0 0 0 0 0 0 14 0 0 158 0 55 0 69 0 0 0 172 0 188 0 0 41 0 0 0 0 0 156 0 0 0 0 0 0 0 0 0 0 0 194 0 0 91 0 0 0 0 0 0 0 0 0 0 0 0 0 0 13 0 0 0 146 0 0 0 0 0 0 0 0 0 0 0 0 0 0 0 0 0 0 106 0 0 146 0 0 0 24 0 0 0 0 0 0 0 0 0 
134 0 165 0 0 0 0 0 0 0 0 0 0 166 0 0 0 0 52 0 21 0 0 0 0 0 0 0 0 0 0 0 0 53 0 0 0 0 0 0 0 0 0 0 0 0 0 0 0 0 163 43 0 180 113 0 0 0 48 0 0 0 190 0 0 0 0 0 0 0 0 0 0 0 0 0 0 0 0 0 194 0 0 0 0 0 0 0 0 24 0 0 0 0 0 0 0 0 0 0 
0 0 0 0 0 0 0 0 0 0 0 134 0 0 0 0 123 0 0 0 0 0 0 108 0 0 0 0 0 0 0 0 0 0 0 0 0 0 0 0 0 121 0 0 0 0 0 0 0 0 0 0 135 0 146 61 0 0 0 117 0 0 0 0 0 0 0 0 0 72 0 0 0 0 0 130 19 32 181 0 0 0 0 51 0 0 0 0 0 0 0 0 0 0 0 0 0 0 0 0 
0 0 0 0 0 0 0 0 0 0 0 0 80 0 0 0 0 0 0 0 0 77 152 0 0 0 0 0 0 0 0 0 0 0 0 0 0 0 0 0 0 0 0 0 0 0 0 0 5 52 0 0 0 95 0 113 0 0 0 0 0 0 0 163 0 0 0 0 0 0 0 0 173 0 189 141 16 0 86 0 0 0 0 133 76 0 0 0 0 0 0 0 0 0 0 0 0 0 0 0 
0 0 0 0 190 0 0 0 0 0 0 0 43 84 0 0 0 0 0 0 0 63 0 0 65 0 0 0 0 142 0 0 0 0 140 0 0 109 0 0 0 0 0 0 0 0 0 0 0 0 195 0 0 0 79 0 0 169 0 0 0 0 72 0 0 0 0 0 0 0 0 0 148 0 0 0 0 0 0 0 0 0 0 0 0 17 0 72 0 0 0 0 0 0 0 0 0 0 0 0 
0 0 0 0 0 0 0 171 0 0 0 0 0 64 0 0 0 0 0 0 32 0 0 0 0 110 0 0 0 0 0 0 0 0 0 147 0 0 0 0 168 0 11 0 0 0 0 0 0 0 0 0 0 193 0 0 0 0 168 30 0 0 0 138 0 0 0 0 0 0 0 0 0 0 0 0 0 0 0 0 0 0 0 0 0 84 0 0 106 0 0 0 0 0 0 0 0 84 70 0 
0 0 0 79 0 0 0 0 0 0 184 0 0 0 104 0 0 0 0 0 0 0 0 0 0 0 0 129 0 149 0 0 0 0 0 0 0 0 0 2 0 0 0 163 0 158 0 0 0 0 0 0 0 195 0 0 0 0 0 0 0 0 59 0 0 0 0 0 0 108 0 0 0 71 0 0 0 0 0 0 0 109 41 0 0 0 0 0 0 0 0 0 0 0 0 0 0 75 0 0 
0 0 0 117 0 0 0 0 0 177 0 21 0 0 0 0 0 0 0 18 0 146 0 0 0 0 132 0 0 162 0 0 0 0 0 0 0 0 0 0 0 0 0 0 0 0 0 0 0 0 0 0 0 0 0 0 0 0 0 0 0 0 0 0 0 0 0 0 0 0 116 0 0 0 0 0 0 0 133 0 0 0 0 0 0 0 0 0 0 0 0 0 0 0 0 0 0 0 0 0 
155 0 0 0 0 0 0 0 0 0 0 0 0 0 0 0 0 0 0 64 0 0 0 147 126 0 0 0 0 0 122 0 0 65 0 0 0 0 0 52 0 0 0 0 0 0 0 0 0 0 162 0 0 0 0 91 0 0 0 0 0 0 0 0 0 0 0 0 0 186 0 0 0 0 116 0 0 0 16 0 0 0 0 0 0 0 0 0 0 0 0 0 0 0 84 75 0 0 0 0 
0 184 0 73 0 0 0 0 0 0 121 0 0 0 0 0 0 0 0 0 0 0 141 0 0 93 0 0 75 0 59 0 0 0 0 0 0 0 0 0 0 0 0 0 0 22 0 0 0 0 0 0 0 15 0 0 0 0 0 0 0 0 0 0 9 0 0 0 0 0 0 0 28 0 0 0 0 0 0 0 0 0 0 0 0 117 0 188 0 0 0 0 0 0 70 0 0 0 0 29 
0 192 0 0 0 0 0 0 0 0 0 0 0 0 0 0 0 0 0 0 119 0 0 0 149 0 0 0 0 0 0 0 0 0 0 0 0 0 0 0 0 0 0 0 0 0 24 0 0 0 0 0 89 191 0 0 0 0 0 0 0 181 60 0 0 189 0 0 0 0 0 0 0 0 0 0 0 0 0 0 0 0 0 0 0 0 0 125 0 0 0 0 0 0 0 0 0 0 29 0 
