0 4 26 48 15 89 36 25 78 30 41 28 37 0 81 95 94 97 0 0 32 57 98 11 54 0 0 0 0 7 63 79 75 17 91 0 89 92 0 45 62 81 18 4 61 15 97 27 57 92 100 86 40 61 90 42 41 6 25 83 30 2 9 72 83 60 0 78 34 24 32 18 30 93 96 25 0 74 67 74 4 64 6 0 29 84 7 25 78 93 0 95 0 0 79 0 36 65 79 75 
4 0 0 0 44 72 9 24 37 64 63 43 38 15 44 4 0 60 74 0 79 44 31 45 41 36 72 32 0 49 0 79 0 71 76 63 27 28 67 6 0 100 0 40 35 52 0 0 0 23 39 95 20 7 94 35 4 97 0 0 6 26 1 65 68 0 92 99 88 26 90 79 44 44 3 2 0 0 87 19 11 63 0 21 47 22 20 32 54 88 94 18 17 80 86 96 67 55 21 60 
26 0 0 19 11 0 37 54 94 56 14 5 58 20 75 0 34 98 0 37 16 79 9 88 94 87 39 93 49 9 6 0 80 0 55 51 59 0 84 81 99 62 9 0 7 99 0 88 58 0 70 5 0 42 95 76 67 97 94 45 86 4 75 20 59 96 37 51 62 0 49 94 0 9 39 88 0 34 29 3 54 0 63 14 0 13 23 99 66 80 60 4 0 92 83 3 2 0 32 5 
48 0 19 0 72 52 23 37 64 50 0 25 95 42 64 80 59 0 12 0 86 0 28 1 68 35 88 0 14 31 83 46 43 47 46 7 46 34 64 90 95 11 71 0 19 25 56 11 85 99 7 51 0 11 5 15 2 39 0 87 62 0 0 64 55 3 67 0 99 0 71 0 0 6 15 79 74 92 85 70 0 87 47 87 28 85 81 45 1 0 67 31 0 0 0 72 43 55 10 0 
15 44 11 72 0 66 18 0 67 39 26 91 8 0 89 0 0 0 16 46 43 22 26 18 15 23 55 86 89 77 39 39 45 97 0 78 35 47 49 26 79 25 22 14 10 43 60 0 95 42 88 23 79 0 86 29 0 93 35 24 0 88 22 0 76 3 15 9 15 16 0 0 94 1 98 80 3 61 0 31 30 0 25 29 0 67 0 41 0 0 54 0 0 97 30 93 0 79 0 11 
89 72 0 52 66 0 0 55 62 64 52 37 86 0 0 98 40 26 85 0 83 86 31 0 16 8 8 31 30 36 71 19 45 64 30 25 63 61 56 56 0 5 0 100 76 44 0 17 24 81 6 31 0 48 87 83 35 8 0 65 9 90 3 0 30 81 49 1 12 43 0 63 73 3 26 69 89 51 0 26 27 97 11 72 13 48 84 44 0 14 33 0 10 100 27 21 31 3 0 95 
36 9 37 23 18 0 0 86 39 63 53 76 9 74 53 20 0 100 90 66 27 94 68 51 93 2 56 0 65 98 0 77 61 5 87 57 18 39 0 82 100 94 91 53 48 5 0 0 16 0 99 54 44 32 50 89 74 0 79 18 0 98 92 74 66 95 53 85 28 44 0 17 93 99 34 23 3 98 94 0 58 23 7 72 0 56 88 89 1 88 80 0 48 43 0 82 42 24 1 1 
25 24 54 37 0 55 86 0 76 56 36 85 28 11 8 55 70 83 0 80 88 0 63 79 49 36 81 0 0 21 32 39 24 57 12 81 63 96 79 13 0 71 0 0 19 23 9 17 16 61 16 0 19 41 95 5 69 24 15 91 25 7 71 0 54 0 54 0 79 7 44 0 0 25 85 81 98 7 0 96 95 83 86 41 0 0 40 13 32 82 97 79 74 73 12 38 30 0 73 2 
78 37 94 64 67 62 39 76 0 100 74 53 36 61 100 22 77 10 0 9 0 0 71 65 18 0 20 89 3 100 66 21 79 53 51 18 54 87 70 7 41 82 13 62 87 17 0 71 41 84 65 33 25 5 97 12 16 94 29 9 98 47 73 39 39 70 59 0 87 0 24 28 0 89 36 12 23 88 31 0 0 98 0 10 2 81 92 11 41 67 42 64 86 98 35 80 66 60 7 22 
30 64 56 50 39 64 63 56 100 0 3 24 24 79 51 100 0 8 29 93 82 31 18 64 60 93 39 0 43 2 97 0 95 0 50 74 29 28 98 99 97 62 11 51 85 61 48 61 82 91 0 48 79 16 54 78 0 52 1 68 0 0 83 19 97 39 0 93 0 0 0 45 11 38 40 48 93 81 74 39 0 0 24 95 28 27 37 62 33 98 73 0 66 13 81 17 92 73 12 69 
41 63 14 0 26 52 53 36 74 3 0 0 0 23 96 32 69 36 0 0 78 79 44 1 84 0 41 29 0 13 36 36 95 69 82 99 12 99 19 0 76 98 0 36 0 60 95 0 0 0 78 84 7 87 3 82 31 11 11 4 17 42 1 26 0 43 64 55 85 14 69 22 57 11 16 0 98 0 70 16 95 3 34 22 58 13 62 75 0 23 83 3 0 15 42 0 64 82 56 71 
28 43 5 25 91 37 76 85 53 24 0 0 46 64 66 7 97 0 0 99 0 85 43 93 29 57 63 65 80 60 98 54 0 0 12 87 0 26 0 0 63 91 21 48 81 0 0 0 0 1 61 65 60 48 89 36 16 15 25 14 35 88 0 40 64 99 56 55 2 0 27 26 35 34 97 70 50 0 44 96 68 12 82 93 40 53 26 16 23 0 68 35 86 31 97 80 0 66 31 50 
37 38 58 95 8 86 9 28 36 24 0 46 0 53 0 92 34 12 80 26 58 18 58 60 81 68 72 0 6 99 11 19 78 0 0 18 74 32 37 48 25 0 37 59 87 97 66 55 28 28 20 38 56 0 88 89 50 95 80 3 50 88 92 68 80 0 59 32 44 32 51 91 74 0 2 19 10 58 52 8 48 5 41 63 31 80 38 74 72 54 55 18 93 50 25 47 26 72 0 18 
0 15 20 42 0 0 74 11 61 79 23 64 53 0 3 87 0 50 0 18 22 55 83 78 51 98 87 62 64 93 88 81 33 27 10 11 31 63 93 0 87 84 47 74 87 64 87 83 0 21 72 46 64 6 26 53 3 26 0 85 11 0 0 54 0 38 0 25 38 0 98 43 7 80 87 54 1 20 0 98 0 1 43 79 80 0 56 26 66 9 57 99 42 0 19 5 94 60 50 96 
81 44 75 64 89 0 53 8 100 51 96 66 0 3 0 69 40 99 55 0 23 100 98 0 33 57 12 2 89 70 34 6 11 74 89 11 13 0 0 52 84 25 14 0 100 4 10 54 81 1 4 75 8 18 44 0 86 6 49 36 64 0 81 32 46 0 0 2 23 0 21 65 73 36 47 0 0 66 46 33 75 73 0 33 0 0 63 77 89 1 65 62 90 51 35 94 49 0 0 0 
95 4 0 80 0 98 20 55 22 100 32 7 92 87 69 0 0 94 97 67 92 1 27 7 37 54 24 37 2 63 22 12 90 0 89 5 92 51 85 32 15 91 71 90 0 31 63 17 22 45 86 23 35 52 84 0 36 95 98 45 62 46 70 47 0 35 0 81 0 52 70 9 0 22 97 36 29 18 22 23 26 0 0 63 40 99 81 29 52 39 27 95 44 17 0 81 61 70 98 17 
94 0 34 59 0 40 0 70 77 0 69 97 34 0 40 0 0 70 3 24 0 0 0 44 7 71 0 4 20 63 0 6 22 68 45 60 0 58 0 76 55 65 0 67 81 0 15 4 46 49 85 69 96 0 0 89 38 77 0 25 52 34 62 18 85 61 73 14 0 75 33 77 25 73 67 0 17 38 99 53 0 16 0 60 0 3 36 80 64 22 14 40 0 46 10 29 0 6 76 82 
97 60 98 0 0 26 100 83 10 8 36 0 12 50 99 94 70 0 95 46 73 14 0 72 3 65 66 54 74 36 72 0 2 83 0 99 93 0 39 72 94 62 21 9 57 27 4 0 52 56 18 57 69 0 0 11 0 65 49 80 55 17 75 26 22 97 0 82 79 64 1 29 57 91 51 31 68 29 89 0 97 89 0 0 47 0 17 73 94 0 37 4 22 44 0 38 36 22 0 21 
0 74 0 12 16 85 90 0 0 29 0 0 80 0 55 97 3 95 0 65 6 29 0 47 2 50 47 82 0 0 22 0 45 74 78 2 67 98 13 75 11 0 14 67 83 48 4 0 61 53 94 0 18 47 6 67 87 44 15 42 0 1 57 65 97 0 0 8 33 93 7 0 20 71 42 86 46 0 78 70 47 60 14 69 18 44 20 28 64 0 0 0 80 35 17 18 69 0 0 0 
0 0 37 0 46 0 66 80 9 93 0 99 26 18 0 67 24 46 65 0 21 12 27 95 0 0 24 0 26 0 17 0 10 69 96 69 36 27 12 65 60 89 80 73 25 0 27 25 0 80 40 53 7 19 0 4 18 36 49 42 0 77 1 10 99 12 72 95 0 0 57 42 0 56 58 0 86 41 0 77 0 73 0 56 50 17 51 50 93 34 0 44 77 65 69 28 13 51 21 59 
32 79 16 86 43 83 27 88 0 82 78 0 58 22 23 92 0 73 6 21 0 0 0 74 18 67 74 14 0 12 75 38 19 0 8 53 0 78 47 17 21 1 0 75 16 3 79 9 63 15 84 43 78 13 79 0 77 78 50 52 0 8 36 0 14 3 88 84 38 0 26 90 4 19 0 0 0 19 76 69 53 0 1 90 60 13 0 61 36 9 83 86 53 13 77 89 43 19 36 0 
57 44 79 0 22 86 94 0 0 31 79 85 18 55 100 1 0 14 29 12 0 0 66 18 47 0 35 89 39 57 7 17 0 61 33 51 70 88 35 85 64 4 29 56 18 53 72 77 48 0 65 80 35 99 14 40 87 38 10 21 48 81 84 0 83 36 96 61 63 29 58 0 0 86 71 74 4 73 70 81 100 90 24 8 95 18 39 17 0 0 65 91 93 99 25 92 43 89 0 25 
98 31 9 28 26 31 68 63 71 18 44 43 58 83 98 27 0 0 0 27 0 66 0 17 0 15 67 23 27 0 33 52 0 51 97 27 19 0 0 91 81 63 13 54 87 0 97 15 30 79 38 40 53 69 36 36 2 14 57 0 98 36 72 21 0 73 0 0 9 75 72 93 7 84 16 0 0 83 7 95 22 86 69 15 99 58 57 0 0 12 30 55 67 4 35 58 10 17 93 48 
11 45 88 1 18 0 51 79 65 64 1 93 60 78 0 7 44 72 47 95 74 18 17 0 63 89 14 72 62 91 6 0 0 87 0 0 28 32 51 38 0 93 0 74 95 47 0 50 38 30 78 0 23 95 100 97 0 52 15 0 31 3 46 51 0 0 51 23 26 85 0 47 27 58 96 42 88 21 20 95 49 29 50 53 0 79 71 19 93 14 31 96 77 53 92 21 53 45 4 22 
54 41 94 68 15 16 93 49 18 60 84 29 81 51 33 37 7 3 2 0 18 47 0 63 0 0 7 17 0 61 52 59 0 15 81 71 31 92 71 1 18 0 33 49 55 92 51 20 61 63 90 14 83 49 60 75 9 95 98 7 50 73 68 81 66 11 34 51 91 76 4 0 43 98 78 59 14 2 85 51 25 9 22 75 91 92 89 17 15 62 29 83 86 10 6 9 36 0 0 100 
0 36 87 35 23 8 2 36 0 93 0 57 68 98 57 54 71 65 50 0 67 0 15 89 0 0 47 69 35 18 63 59 44 86 44 40 17 69 0 9 86 51 73 55 88 0 41 34 52 0 37 78 60 4 64 0 33 0 26 19 64 60 0 26 15 49 89 19 13 82 3 71 0 78 88 60 64 14 0 53 77 85 39 86 90 43 5 8 53 84 52 34 0 0 67 94 5 18 28 50 
0 72 39 88 55 8 56 81 20 39 41 63 72 87 12 24 0 66 47 24 74 35 67 14 7 47 0 33 25 100 19 12 0 0 98 1 90 90 76 72 73 33 1 0 42 47 48 57 95 4 74 21 0 33 0 19 12 56 87 74 27 74 44 0 64 51 20 43 70 81 15 24 7 92 36 48 79 7 0 45 31 9 40 28 10 65 0 52 0 83 20 82 14 0 36 29 95 98 87 78 
0 32 93 0 86 31 0 0 89 0 29 65 0 62 2 37 4 54 82 0 14 89 23 72 17 69 33 0 25 68 33 58 0 0 1 65 32 50 51 8 96 77 69 0 93 71 23 52 65 99 40 12 59 13 0 61 69 0 36 38 78 6 50 89 44 31 87 0 5 54 28 89 80 72 14 0 5 0 26 93 26 86 79 39 0 87 0 53 82 89 82 12 28 39 87 14 5 1 88 17 
0 0 49 14 89 30 65 0 3 43 0 80 6 64 89 2 20 74 0 26 0 39 27 62 0 35 25 25 0 8 47 94 34 43 0 0 0 0 66 0 53 56 0 55 21 19 11 77 38 0 8 98 5 69 42 0 43 80 33 96 98 62 14 95 26 84 0 62 11 94 43 0 48 28 0 46 0 66 32 0 55 0 33 19 53 85 0 79 66 39 43 97 8 78 34 21 71 2 78 91 
7 49 9 31 77 36 98 21 100 2 13 60 99 93 70 63 63 36 0 0 12 57 0 91 61 18 100 68 8 0 26 69 74 24 83 31 42 50 0 0 42 0 88 65 0 15 59 22 100 0 10 16 64 98 89 0 58 100 4 93 20 13 44 68 34 66 36 93 0 0 0 89 90 0 17 76 47 57 88 81 89 0 19 68 5 0 74 0 67 1 0 5 74 8 0 0 33 0 22 1 
63 0 6 83 39 71 0 32 66 97 36 98 11 88 34 22 0 72 22 17 75 7 33 6 52 63 19 33 47 26 0 50 19 27 0 14 36 0 89 0 38 41 90 2 86 61 33 52 99 7 38 12 47 3 64 86 47 22 73 19 73 64 20 84 55 62 12 0 27 92 75 15 51 63 0 0 35 47 1 44 0 12 1 54 25 99 18 88 13 75 66 16 0 85 82 59 0 99 52 8 
79 79 0 46 39 19 77 39 21 0 36 54 19 81 6 12 6 0 0 0 38 17 52 0 59 59 12 58 94 69 50 0 28 87 36 12 38 0 0 5 72 54 32 66 86 63 57 17 95 60 21 54 0 95 53 32 83 73 25 97 0 96 61 50 2 98 83 37 12 74 96 94 0 26 77 5 72 0 91 62 56 0 0 44 3 97 81 72 50 0 27 95 72 0 21 5 26 99 65 0 
75 0 80 43 45 45 61 24 79 95 95 0 78 33 11 90 22 2 45 10 19 0 0 0 0 44 0 0 34 74 19 28 0 25 39 0 34 50 9 94 0 98 4 67 7 90 72 1 0 14 40 42 71 41 0 0 90 19 91 23 0 46 56 49 70 23 42 6 55 0 37 0 71 15 52 0 62 46 69 68 0 43 90 0 0 36 0 0 0 47 0 26 0 0 0 53 0 21 58 47 
17 71 0 47 97 64 5 57 53 0 69 0 0 27 74 0 68 83 74 69 0 61 51 87 15 86 0 0 43 24 27 87 25 0 88 74 66 79 0 0 85 35 29 80 41 0 7 50 15 0 0 70 64 53 42 38 0 92 85 10 19 99 80 0 88 77 0 32 27 40 84 0 4 57 3 0 84 45 0 0 26 86 35 60 65 0 0 0 86 69 41 3 57 87 0 40 90 59 0 58 
91 76 55 46 0 30 87 12 51 50 82 12 0 10 89 89 45 0 78 96 8 33 97 0 81 44 98 1 0 83 0 36 39 88 0 29 99 71 63 41 63 57 0 100 75 21 0 87 24 90 95 0 20 1 9 68 97 8 51 12 0 31 33 12 16 34 68 31 78 0 22 5 0 40 17 53 100 0 14 7 0 3 0 70 41 98 34 32 66 97 18 72 68 76 7 0 19 68 76 26 
0 63 51 7 78 25 57 81 18 74 99 87 18 11 11 5 60 99 2 69 53 51 27 0 71 40 1 65 0 31 14 12 0 74 29 0 94 64 94 27 0 53 53 36 50 32 96 54 31 88 79 9 98 55 68 37 80 50 37 36 8 69 81 2 66 47 90 0 59 32 0 14 28 99 41 100 21 51 73 80 18 82 26 53 49 45 57 97 0 80 66 0 0 0 31 46 43 57 31 46 
89 27 59 46 35 63 18 63 54 29 12 0 74 31 13 92 0 93 67 36 0 70 19 28 31 17 90 32 0 42 36 38 34 66 99 94 0 0 88 10 24 0 48 0 100 45 0 21 2 91 1 41 0 55 58 88 56 5 70 0 0 21 83 35 0 12 0 76 39 38 0 40 83 0 23 67 0 92 0 13 0 47 0 0 92 18 0 0 75 13 60 35 0 0 0 40 99 0 65 0 
92 28 0 34 47 61 39 96 87 28 99 26 32 63 0 51 58 0 98 27 78 88 0 32 92 69 90 50 0 50 0 0 50 79 71 64 0 0 63 41 47 60 42 0 31 0 25 0 75 0 11 21 88 82 0 56 62 0 60 75 47 68 65 2 13 8 84 43 8 0 55 43 48 9 91 38 11 0 70 47 7 0 71 0 8 82 74 0 11 98 69 8 87 42 11 30 52 82 67 0 
0 67 84 64 49 56 0 79 70 98 19 0 37 93 0 85 0 39 13 12 47 35 0 51 71 0 76 51 66 0 89 0 9 0 63 94 88 63 0 71 0 60 98 0 60 25 0 40 5 88 40 12 93 33 32 99 30 41 51 71 55 51 59 6 92 98 93 10 73 0 0 0 92 66 51 0 41 84 78 31 68 55 35 0 12 4 32 27 17 80 87 0 32 91 0 40 0 93 23 97 
45 6 81 90 26 56 82 13 7 99 0 0 48 0 52 32 76 72 75 65 17 85 91 38 1 9 72 8 0 0 0 5 94 0 41 27 10 41 71 0 3 80 21 37 5 0 92 99 85 52 87 0 72 85 91 24 30 11 38 100 80 67 20 0 86 99 81 0 34 0 0 80 43 7 36 62 56 80 79 53 38 3 1 26 50 0 14 0 67 59 0 7 95 25 62 31 60 51 70 2 
62 0 99 95 79 0 100 0 41 97 76 63 25 87 84 15 55 94 11 60 21 64 81 0 18 86 73 96 53 42 38 72 0 85 63 0 24 47 0 3 0 34 79 56 97 29 2 53 99 0 0 30 57 71 64 100 90 100 55 51 83 31 80 94 15 12 0 78 92 25 22 99 0 23 0 67 96 85 28 41 36 0 0 36 92 37 64 54 0 4 33 0 80 48 66 3 71 0 43 77 
81 100 62 11 25 5 94 71 82 62 98 91 0 84 25 91 65 62 0 89 1 4 63 93 0 51 33 77 56 0 41 54 98 35 57 53 0 60 60 80 34 0 17 75 65 24 95 37 99 88 10 0 38 0 93 49 0 79 57 36 0 75 62 0 46 96 39 19 20 65 78 44 12 10 0 42 30 6 37 87 0 16 69 87 70 0 38 48 36 0 0 0 83 14 0 13 88 20 33 92 
18 0 9 71 22 0 91 0 13 11 0 21 37 47 14 71 0 21 14 80 0 29 13 0 33 73 1 69 0 88 90 32 4 29 0 53 48 42 98 21 79 17 0 46 81 0 59 85 100 100 96 72 0 23 25 9 19 53 70 24 88 66 46 0 92 92 76 78 0 0 36 89 32 64 70 92 63 88 64 10 62 2 31 63 71 72 0 87 89 80 0 0 0 5 78 31 57 51 86 0 
4 40 0 0 14 100 53 0 62 51 36 48 59 74 0 90 67 9 67 73 75 56 54 74 49 55 0 0 55 65 2 66 67 80 100 36 0 0 0 37 56 75 46 0 29 24 0 0 26 0 79 59 32 0 0 0 93 83 54 26 76 24 76 17 23 59 0 99 0 41 92 50 94 87 62 81 25 6 73 35 46 2 27 89 62 36 35 1 90 4 0 12 73 0 0 45 34 23 97 0 
61 35 7 19 10 76 48 19 87 85 0 81 87 87 100 0 81 57 83 25 16 18 87 95 55 88 42 93 21 0 86 86 7 41 75 50 100 31 60 5 97 65 81 29 0 16 36 0 18 67 81 19 29 7 70 37 30 70 27 0 4 10 43 91 6 51 100 93 59 29 0 0 20 74 0 24 42 74 37 60 56 90 77 94 64 39 26 0 36 64 25 46 68 33 92 2 18 47 69 34 
15 52 99 25 43 44 5 23 17 61 60 0 97 64 4 31 0 27 48 0 3 53 0 47 92 0 47 71 19 15 61 63 90 0 21 32 45 0 25 0 29 24 0 24 16 0 0 52 0 86 12 3 27 0 56 0 75 29 0 13 59 89 29 33 74 56 69 20 0 4 24 93 13 0 13 28 66 98 25 10 15 0 88 46 38 42 40 93 18 95 90 0 17 8 100 0 0 48 52 30 
97 0 0 56 60 0 0 9 0 48 95 0 66 87 10 63 15 4 4 27 79 72 97 0 51 41 48 23 11 59 33 57 72 7 0 96 0 25 0 92 2 95 59 0 36 0 0 0 0 67 21 71 0 83 15 0 31 0 74 0 32 95 27 50 0 30 69 96 34 13 59 7 0 66 73 0 0 14 0 62 66 70 0 0 41 30 16 2 0 14 45 77 10 8 0 29 94 14 23 59 
27 0 88 11 0 17 0 17 71 61 0 0 55 83 54 17 4 0 0 25 9 77 15 50 20 34 57 52 77 22 52 17 1 50 87 54 21 0 40 99 53 37 85 0 0 52 0 0 0 60 43 0 83 28 71 24 15 20 72 35 93 59 39 41 14 89 84 74 3 37 41 57 0 56 23 55 36 70 0 26 0 15 5 9 0 73 85 59 53 62 7 61 30 0 0 71 56 31 49 73 
57 0 58 85 95 24 16 16 41 82 0 0 28 0 81 22 46 52 61 0 63 48 30 38 61 52 95 65 38 100 99 95 0 15 24 31 2 75 5 85 99 99 100 26 18 0 0 0 0 54 38 71 51 93 33 16 57 78 44 91 32 32 39 84 0 70 44 0 71 0 50 73 81 9 0 87 74 58 92 2 9 84 86 90 1 46 58 4 38 86 22 22 94 9 0 65 0 5 92 0 
92 23 0 99 42 81 0 61 84 91 0 1 28 21 1 45 49 56 53 80 15 0 79 30 63 0 4 99 0 0 7 60 14 0 90 88 91 0 88 52 0 88 100 0 67 86 67 60 54 0 39 92 73 3 0 28 53 0 26 0 0 0 98 18 88 34 0 0 0 75 41 95 0 94 45 67 0 82 19 92 87 0 10 34 0 100 0 71 1 9 66 57 43 23 0 48 56 0 0 75 
100 39 70 7 88 6 99 16 65 0 78 61 20 72 4 86 85 18 94 40 84 65 38 78 90 37 74 40 8 10 38 21 40 0 95 79 1 11 40 87 0 10 96 79 81 12 21 43 38 39 0 75 28 72 0 92 93 38 90 86 86 79 27 45 54 55 12 35 86 62 53 59 9 10 0 52 63 0 97 76 13 29 8 100 37 0 27 26 98 17 94 8 44 10 0 72 0 34 21 46 
86 95 5 51 23 31 54 0 33 48 84 65 38 46 75 23 69 57 0 53 43 80 40 0 14 78 21 12 98 16 12 54 42 70 0 9 41 21 12 0 30 0 72 59 19 3 71 0 71 92 75 0 0 96 0 67 90 89 0 0 10 0 40 0 0 14 87 56 12 64 58 85 29 65 85 53 0 34 54 16 95 14 58 0 0 7 100 0 43 71 0 0 86 15 0 0 59 95 95 3 
40 20 0 0 79 0 44 19 25 79 7 60 56 64 8 35 96 69 18 7 78 35 53 23 83 60 0 59 5 64 47 0 71 64 20 98 0 88 93 72 57 38 0 32 29 27 0 83 51 73 28 0 0 74 94 0 43 31 0 97 0 80 15 86 57 11 1 43 44 20 24 0 0 79 15 0 83 38 6 83 81 98 0 12 4 33 22 25 97 59 0 37 94 11 9 72 36 50 22 24 
61 7 42 11 0 48 32 41 5 16 87 48 0 6 18 52 0 0 47 19 13 99 69 95 49 4 33 13 69 98 3 95 41 53 1 55 55 82 33 85 71 0 23 0 7 0 83 28 93 3 72 96 74 0 26 0 0 31 59 90 65 80 1 36 23 75 60 45 51 59 46 59 60 28 0 77 9 4 73 93 14 33 6 85 0 58 85 10 0 40 71 32 82 13 53 27 90 0 56 0 
90 94 95 5 86 87 50 95 97 54 3 89 88 26 44 84 0 0 6 0 79 14 36 100 60 64 0 0 42 89 64 53 0 42 9 68 58 0 32 91 64 93 25 0 70 56 15 71 33 0 0 0 94 26 0 0 80 74 55 0 39 0 6 6 0 32 79 0 100 32 22 86 3 39 93 81 61 0 39 0 30 0 39 78 94 61 26 59 56 13 5 0 7 0 88 45 68 100 0 79 
42 35 76 15 29 83 89 5 12 78 82 36 89 53 0 0 89 11 67 4 0 40 36 97 75 0 19 61 0 0 86 32 0 38 68 37 88 56 99 24 100 49 9 0 37 0 0 24 16 28 92 67 0 0 0 0 42 65 63 98 56 91 0 23 75 64 8 17 0 57 0 18 0 0 4 48 0 0 0 0 49 0 79 30 0 11 0 0 0 28 98 9 0 34 0 30 20 94 38 25 
41 4 67 2 0 35 74 69 16 0 31 16 50 3 86 36 38 0 87 18 77 87 2 0 9 33 12 69 43 58 47 83 90 0 97 80 56 62 30 30 90 0 19 93 30 75 31 15 57 53 93 90 43 0 80 42 0 49 10 30 85 0 39 5 20 21 43 72 48 21 26 0 9 9 88 24 73 27 8 44 45 3 0 13 17 52 0 43 0 17 68 64 85 79 10 45 100 75 28 15 
6 97 97 39 93 8 0 24 94 52 11 15 95 26 6 95 77 65 44 36 78 38 14 52 95 0 56 0 80 100 22 73 19 92 8 50 5 0 41 11 100 79 53 83 70 29 0 20 78 0 38 89 31 31 74 65 49 0 0 91 28 26 14 95 28 88 37 25 73 56 28 9 0 15 27 64 57 48 0 4 13 14 44 22 46 71 29 0 16 84 0 58 71 98 0 0 19 64 75 0 
25 0 94 0 35 0 79 15 29 1 11 25 80 0 49 98 0 49 15 49 50 10 57 15 98 26 87 36 33 4 73 25 91 85 51 37 70 60 51 38 55 57 70 54 27 0 74 72 44 26 90 0 0 59 55 63 10 0 0 92 46 53 29 97 4 12 10 56 48 96 93 48 4 18 67 50 0 87 29 77 63 59 86 24 44 9 0 0 34 62 20 94 40 69 0 64 7 49 69 32 
83 0 45 87 24 65 18 91 9 68 4 14 3 85 36 45 25 80 42 42 52 21 0 0 7 19 74 38 96 93 19 97 23 10 12 36 0 75 71 100 51 36 24 26 0 13 0 35 91 0 86 0 97 90 0 98 30 91 92 0 24 97 47 12 92 26 0 15 86 32 0 37 26 61 10 87 34 74 17 64 58 0 1 62 0 90 49 60 91 29 31 42 79 87 21 54 46 79 0 90 
30 6 86 62 0 9 0 25 98 0 17 35 50 11 64 62 52 55 0 0 0 48 98 31 50 64 27 78 98 20 73 0 0 19 0 8 0 47 55 80 83 0 88 76 4 59 32 93 32 0 86 10 0 65 39 56 85 28 46 24 0 37 93 36 75 49 20 8 99 0 28 21 1 70 0 21 0 59 43 100 27 21 61 0 52 3 9 6 26 0 45 37 1 0 34 79 97 0 5 67 
2 26 4 0 88 90 98 7 47 0 42 88 88 0 0 46 34 17 1 77 8 81 36 3 73 60 74 6 62 13 64 96 46 99 31 69 21 68 51 67 31 75 66 24 10 89 95 59 32 0 79 0 80 80 0 91 0 26 53 97 37 0 16 14 52 26 17 44 0 62 67 0 60 88 38 74 96 0 21 0 73 0 98 79 0 48 23 28 67 3 0 87 81 0 50 19 57 38 21 30 
9 1 75 0 22 3 92 71 73 83 1 0 92 0 81 70 62 75 57 1 36 84 72 46 68 0 44 50 14 44 20 61 56 80 33 81 83 65 59 20 80 62 46 76 43 29 27 39 39 98 27 40 15 1 6 0 39 14 29 47 93 16 0 54 57 70 0 97 68 13 53 82 54 30 15 43 58 31 25 14 54 87 42 0 80 85 80 59 15 77 0 38 55 29 0 19 50 91 38 26 
72 65 20 64 0 0 74 0 39 19 26 40 68 54 32 47 18 26 65 10 0 0 21 51 81 26 0 89 95 68 84 50 49 0 12 2 35 2 6 0 94 0 0 17 91 33 50 41 84 18 45 0 86 36 6 23 5 95 97 12 36 14 54 0 88 73 95 39 17 79 49 11 6 70 62 83 95 0 52 51 74 91 23 0 70 0 1 20 7 33 49 48 29 76 45 20 14 86 30 74 
83 68 59 55 76 30 66 54 39 97 0 64 80 0 46 0 85 22 97 99 14 83 0 0 66 15 64 44 26 34 55 2 70 88 16 66 0 13 92 86 15 46 92 23 6 74 0 14 0 88 54 0 57 23 0 75 20 28 4 92 75 52 57 88 0 0 0 0 97 31 89 0 70 51 26 0 54 15 6 54 81 59 93 29 91 96 23 23 32 0 0 77 65 6 1 15 0 4 20 0 
60 0 96 3 3 81 95 0 70 39 43 99 0 38 0 35 61 97 0 12 3 36 73 0 11 49 51 31 84 66 62 98 23 77 34 47 12 8 98 99 12 96 92 59 51 56 30 89 70 34 55 14 11 75 32 64 21 88 12 26 49 26 70 73 0 0 70 19 54 72 64 42 53 47 38 37 41 16 16 57 82 89 71 49 0 16 50 42 56 75 17 30 72 75 99 41 0 60 100 87 
0 92 37 67 15 49 53 54 59 0 64 56 59 0 0 0 73 0 0 72 88 96 0 51 34 89 20 87 0 36 12 83 42 0 68 90 0 84 93 81 0 39 76 0 100 69 69 84 44 0 12 87 1 60 79 8 43 37 10 0 20 17 0 95 0 70 0 0 73 36 70 28 40 43 0 45 0 82 97 77 12 63 13 84 91 75 0 94 7 78 0 2 25 0 68 72 71 32 74 28 
78 99 51 0 9 1 85 0 0 93 55 55 32 25 2 81 14 82 8 95 84 61 0 23 51 19 43 0 62 93 0 37 6 32 31 0 76 43 10 0 78 19 78 99 93 20 96 74 0 0 35 56 43 45 0 17 72 25 56 15 8 44 97 39 0 19 0 0 10 75 59 16 48 32 0 1 0 89 0 35 42 94 0 0 5 0 0 45 0 16 11 91 0 70 61 58 8 22 42 44 
34 88 62 99 15 12 28 79 87 0 85 2 44 38 23 0 0 79 33 0 38 63 9 26 91 13 70 5 11 0 27 12 55 27 78 59 39 8 73 34 92 20 0 0 59 0 34 3 71 0 86 12 44 51 100 0 48 73 48 86 99 0 68 17 97 54 73 10 0 47 0 28 33 0 34 65 57 69 68 89 92 0 95 44 27 10 37 0 0 60 47 0 6 86 26 0 0 39 44 33 
24 26 0 0 16 43 44 7 0 0 14 0 32 0 0 52 75 64 93 0 0 29 75 85 76 82 81 54 94 0 92 74 0 40 0 32 38 0 0 0 25 65 0 41 29 4 13 37 0 75 62 64 20 59 32 57 21 56 96 32 0 62 13 79 31 72 36 75 47 0 12 63 48 8 52 92 0 63 44 100 68 88 0 58 62 15 0 53 63 93 98 89 45 16 48 21 0 16 0 2 
32 90 49 71 0 0 0 44 24 0 69 27 51 98 21 70 33 1 7 57 26 58 72 0 4 3 15 28 43 0 75 96 37 84 22 0 0 55 0 0 22 78 36 92 0 24 59 41 50 41 53 58 24 46 22 0 26 28 93 0 28 67 53 49 89 64 70 59 0 12 0 37 42 91 67 0 88 22 91 75 57 54 79 52 0 18 13 0 21 70 95 77 0 0 17 36 13 65 11 89 
18 79 94 0 0 63 17 0 28 45 22 26 91 43 65 9 77 29 0 42 90 0 93 47 0 71 24 89 0 89 15 94 0 0 5 14 40 43 0 80 99 44 89 50 0 93 7 57 73 95 59 85 0 59 86 18 0 9 48 37 21 0 82 11 0 42 28 16 28 63 37 0 0 83 9 0 0 64 88 3 28 79 66 64 84 60 4 22 91 83 51 0 35 93 95 81 58 100 99 35 
30 44 0 0 94 73 93 0 0 11 57 35 74 7 73 0 25 57 20 0 4 0 7 27 43 0 7 80 48 90 51 0 71 4 0 28 83 48 92 43 0 12 32 94 20 13 0 0 81 0 9 29 0 60 3 0 9 0 4 26 1 60 54 6 70 53 40 48 33 48 42 0 0 8 1 29 5 0 57 70 0 0 18 51 5 10 6 63 58 98 0 31 0 19 5 50 4 22 66 85 
93 44 9 6 1 3 99 25 89 38 11 34 0 80 36 22 73 91 71 56 19 86 84 58 98 78 92 72 28 0 63 26 15 57 40 99 0 9 66 7 23 10 64 87 74 0 66 56 9 94 10 65 79 28 39 0 9 15 18 61 70 88 30 70 51 47 43 32 0 8 91 83 8 0 71 95 43 12 43 14 63 44 0 14 81 78 15 0 38 9 0 67 35 24 0 4 24 17 0 81 
96 3 39 15 98 26 34 85 36 40 16 97 2 87 47 97 67 51 42 58 0 71 16 96 78 88 36 14 0 17 0 77 52 3 17 41 23 91 51 36 0 0 70 62 0 13 73 23 0 45 0 85 15 0 93 4 88 27 67 10 0 38 15 62 26 38 0 0 34 52 67 9 1 71 0 65 49 29 94 26 65 79 7 0 96 94 27 9 21 0 0 89 67 31 0 80 73 37 0 78 
25 2 88 79 80 69 23 81 12 48 0 70 19 54 0 36 0 31 86 0 0 74 0 42 59 60 48 0 46 76 0 5 0 0 53 100 67 38 0 62 67 42 92 81 24 28 0 55 87 67 52 53 0 77 81 48 24 64 50 87 21 74 43 83 0 37 45 1 65 92 0 0 29 95 65 0 19 53 0 23 17 100 15 42 53 62 0 19 7 0 33 90 40 8 0 0 66 54 0 98 
0 0 0 74 3 89 3 98 23 93 98 50 10 1 0 29 17 68 46 86 0 4 0 88 14 64 79 5 0 47 35 72 62 84 100 21 0 11 41 56 96 30 63 25 42 66 0 36 74 0 63 0 83 9 61 0 73 57 0 34 0 96 58 95 54 41 0 0 57 0 88 0 5 43 49 19 0 99 14 33 69 5 36 47 0 0 71 41 96 85 17 34 0 75 90 57 44 54 16 0 
74 0 34 92 61 51 98 7 88 81 0 0 58 20 66 18 38 29 0 41 19 73 83 21 2 14 7 0 66 57 47 0 46 45 0 51 92 0 84 80 85 6 88 6 74 98 14 70 58 82 0 34 38 4 0 0 27 48 87 74 59 0 31 0 15 16 82 89 69 63 22 64 0 12 29 53 99 0 4 28 44 57 88 30 0 3 7 83 0 0 82 31 15 0 55 60 39 29 67 62 
67 87 29 85 0 0 94 0 31 74 70 44 52 0 46 22 99 89 78 0 76 70 7 20 85 0 0 26 32 88 1 91 69 0 14 73 0 70 78 79 28 37 64 73 37 25 0 0 92 19 97 54 6 73 39 0 8 0 29 17 43 21 25 52 6 16 97 0 68 44 91 88 57 43 94 0 14 4 0 84 56 0 68 16 94 59 31 70 94 67 21 88 38 34 71 90 37 95 31 60 
74 19 3 70 31 26 0 96 0 39 16 96 8 98 33 23 53 0 70 77 69 81 95 95 51 53 45 93 0 81 44 62 68 0 7 80 13 47 31 53 41 87 10 35 60 10 62 26 2 92 76 16 83 93 0 0 44 4 77 64 100 0 14 51 54 57 77 35 89 100 75 3 70 14 26 23 33 28 84 0 58 15 98 88 81 0 51 32 86 12 55 51 3 88 10 94 21 49 65 62 
4 11 54 0 30 27 58 95 0 0 95 68 48 0 75 26 0 97 47 0 53 100 22 49 25 77 31 26 55 89 0 56 0 26 0 18 0 7 68 38 36 0 62 46 56 15 66 0 9 87 13 95 81 14 30 49 45 13 63 58 27 73 54 74 81 82 12 42 92 68 57 28 0 63 65 17 69 44 56 58 0 8 84 28 3 28 94 25 0 2 23 39 63 4 32 29 24 79 0 0 
64 63 0 87 0 97 23 83 98 0 3 12 5 1 73 0 16 89 60 73 0 90 86 29 9 85 9 86 0 0 12 0 43 86 3 82 47 0 55 3 0 16 2 2 90 0 70 15 84 0 29 14 98 33 0 0 3 14 59 0 21 0 87 91 59 89 63 94 0 88 54 79 0 44 79 100 5 57 0 15 8 0 31 84 44 58 0 0 65 53 8 80 59 89 19 69 70 18 1 60 
6 0 63 47 25 11 7 86 0 24 34 82 41 43 0 0 0 0 14 0 1 24 69 50 22 39 40 79 33 19 1 0 90 35 0 26 0 71 35 1 0 69 31 27 77 88 0 5 86 10 8 58 0 6 39 79 0 44 86 1 61 98 42 23 93 71 13 0 95 0 79 66 18 0 7 15 36 88 68 98 84 31 0 22 67 47 15 77 36 26 31 44 77 91 38 30 17 100 0 85 
0 21 14 87 29 72 72 41 10 95 22 93 63 79 33 63 60 0 69 56 90 8 15 53 75 86 28 39 19 68 54 44 0 60 70 53 0 0 0 26 36 87 63 89 94 46 0 9 90 34 100 0 12 85 78 30 13 22 24 62 0 79 0 0 29 49 84 0 44 58 52 64 51 14 0 42 47 30 16 88 28 84 22 0 0 39 81 8 13 0 84 40 52 58 97 20 53 0 57 0 
29 47 0 28 0 13 0 0 2 28 58 40 31 80 0 40 0 47 18 50 60 95 99 0 91 90 10 0 53 5 25 3 0 65 41 49 92 8 12 50 92 70 71 62 64 38 41 0 1 0 37 0 4 0 94 0 17 46 44 0 52 0 80 70 91 0 91 5 27 62 0 84 5 81 96 53 0 0 94 81 3 44 67 0 0 37 43 88 65 66 95 88 60 54 100 74 0 27 62 0 
84 22 13 85 67 48 56 0 81 27 13 53 80 0 0 99 3 0 44 17 13 18 58 79 92 43 65 87 85 0 99 97 36 0 98 45 18 82 4 0 37 0 72 36 39 42 30 73 46 100 0 7 33 58 61 11 52 71 9 90 3 48 85 0 96 16 75 0 10 15 18 60 10 78 94 62 0 3 59 0 28 58 47 39 37 0 37 71 17 46 40 0 19 80 88 87 61 52 0 81 
7 20 23 81 0 84 88 40 92 37 62 26 38 56 63 81 36 17 20 51 0 39 57 71 89 5 0 0 0 74 18 81 0 0 34 57 0 74 32 14 64 38 0 35 26 40 16 85 58 0 27 100 22 85 26 0 0 29 0 49 9 23 80 1 23 50 0 0 37 0 13 4 6 15 27 0 71 7 31 51 94 0 15 81 43 37 0 39 12 11 78 0 64 14 29 61 26 0 69 80 
25 32 99 45 41 44 89 13 11 62 75 16 74 26 77 29 80 73 28 50 61 17 0 19 17 8 52 53 79 0 88 72 0 0 32 97 0 0 27 0 54 48 87 1 0 93 2 59 4 71 26 0 25 10 59 0 43 0 0 60 6 28 59 20 23 42 94 45 0 53 0 22 63 0 9 19 41 83 70 32 25 0 77 8 88 71 39 0 67 71 52 68 45 39 48 18 29 0 24 84 
78 54 66 1 0 0 1 32 41 33 0 23 72 66 89 52 64 94 64 93 36 0 0 93 15 53 0 82 66 67 13 50 0 86 66 0 75 11 17 67 0 36 89 90 36 18 0 53 38 1 98 43 97 0 56 0 0 16 34 91 26 67 15 7 32 56 7 0 0 63 21 91 58 38 21 7 96 0 94 86 0 65 36 13 65 17 12 67 0 53 72 24 79 99 0 96 0 24 44 84 
93 88 80 0 0 14 88 82 67 98 23 0 54 9 1 39 22 0 0 34 9 0 12 14 62 84 83 89 39 1 75 0 47 69 97 80 13 98 80 59 4 0 80 4 64 95 14 62 86 9 17 71 59 40 13 28 17 84 62 29 0 3 77 33 0 75 78 16 60 93 70 83 98 9 0 0 85 0 67 12 2 53 26 0 66 46 11 71 53 0 6 48 11 7 9 61 0 32 0 78 
0 94 60 67 54 33 80 97 42 73 83 68 55 57 65 27 14 37 0 0 83 65 30 31 29 52 20 82 43 0 66 27 0 41 18 66 60 69 87 0 33 0 0 0 25 90 45 7 22 66 94 0 0 71 5 98 68 0 20 31 45 0 0 49 0 17 0 11 47 98 95 51 0 0 0 33 17 82 21 55 23 8 31 84 95 40 78 52 72 6 0 79 79 81 47 0 12 81 0 90 
95 18 4 31 0 0 0 79 64 0 3 35 18 99 62 95 40 4 0 44 86 91 55 96 83 34 82 12 97 5 16 95 26 3 72 0 35 8 0 7 0 0 0 12 46 0 77 61 22 57 8 0 37 32 0 9 64 58 94 42 37 87 38 48 77 30 2 91 0 89 77 0 31 67 89 90 34 31 88 51 39 80 44 40 88 0 0 68 24 48 79 0 93 82 38 46 76 0 0 41 
0 17 0 0 0 10 48 74 86 66 0 86 93 42 90 44 0 22 80 77 53 93 67 77 86 0 14 28 8 74 0 72 0 57 68 0 0 87 32 95 80 83 0 73 68 17 10 30 94 43 44 86 94 82 7 0 85 71 40 79 1 81 55 29 65 72 25 0 6 45 0 35 0 35 67 40 0 15 38 3 63 59 77 52 60 19 64 45 79 11 79 93 0 60 0 64 0 38 47 80 
0 80 92 0 97 100 43 73 98 13 15 31 50 0 51 17 46 44 35 65 13 99 4 53 10 0 0 39 78 8 85 0 0 87 76 0 0 42 91 25 48 14 5 0 33 8 8 0 9 23 10 15 11 13 0 34 79 98 69 87 0 0 29 76 6 75 0 70 86 16 0 93 19 24 31 8 75 0 34 88 4 89 91 58 54 80 14 39 99 7 81 82 60 0 74 84 29 88 7 44 
79 86 83 0 30 27 0 12 35 81 42 97 25 19 35 0 10 0 17 69 77 25 35 92 6 67 36 87 34 0 82 21 0 0 7 31 0 11 0 62 66 0 78 0 92 100 0 0 0 0 0 0 9 53 88 0 10 0 0 21 34 50 0 45 1 99 68 61 26 48 17 95 5 0 0 0 90 55 71 10 32 19 38 97 100 88 29 48 0 9 47 38 0 74 0 49 24 69 23 33 
0 96 3 72 93 21 82 38 80 17 0 80 47 5 94 81 29 38 18 28 89 92 58 21 9 94 29 14 21 0 59 5 53 40 0 46 40 30 40 31 3 13 31 45 2 0 29 71 65 48 72 0 72 27 45 30 45 0 64 54 79 19 19 20 15 41 72 58 0 21 36 81 50 4 80 0 57 60 90 94 29 69 30 20 74 87 61 18 96 61 0 46 64 84 49 0 51 0 0 95 
36 67 2 43 0 31 42 30 66 92 64 0 26 94 49 61 0 36 69 13 43 43 10 53 36 5 95 5 71 33 0 26 0 90 19 43 99 52 0 60 71 88 57 34 18 0 94 56 0 56 0 59 36 90 68 20 100 19 7 46 97 57 50 14 0 0 71 8 0 0 13 58 4 24 73 66 44 39 37 21 24 70 17 53 0 61 26 29 0 0 12 76 0 29 24 51 0 0 0 5 
65 55 0 55 79 3 24 0 60 73 82 66 72 60 0 70 6 22 0 51 19 89 17 45 0 18 98 1 2 0 99 99 21 59 68 57 0 82 93 51 0 20 51 23 47 48 14 31 5 0 34 95 50 0 100 94 75 64 49 79 0 38 91 86 4 60 32 22 39 16 65 100 22 17 37 54 54 29 95 49 79 18 100 0 27 52 0 0 24 32 81 0 38 88 69 0 0 0 38 64 
79 21 32 10 0 0 1 73 7 12 56 31 0 50 0 98 76 0 0 21 36 0 93 4 0 28 87 88 78 22 52 65 58 0 76 31 65 67 23 70 43 33 86 97 69 52 23 49 92 0 21 95 22 56 0 38 28 75 69 0 5 21 38 30 20 100 74 42 44 0 11 99 66 0 0 0 16 67 31 65 0 1 0 57 62 0 69 24 44 0 0 0 47 7 23 0 0 38 0 0 
75 60 5 0 11 95 1 2 22 69 71 50 18 96 0 17 82 21 0 59 0 25 48 22 100 50 78 17 91 1 8 0 47 58 26 46 0 0 97 2 77 92 0 0 34 30 59 73 0 75 46 3 24 0 79 25 15 0 32 90 67 30 26 74 0 87 28 44 33 2 89 35 85 81 78 98 0 62 60 62 0 60 85 0 0 81 80 84 84 78 90 41 80 44 33 95 5 64 0 0 
