0 0 0 0 0 0 0 0 0 0 7 0 0 0 0 0 0 0 0 0 0 0 0 0 0 0 0 0 0 0 0 0 0 0 0 0 0 0 0 0 0 0 68 0 0 0 0 130 0 0 0 145 0 0 0 0 0 0 0 0 0 0 0 144 0 0 0 0 0 0 0 56 0 0 0 0 0 0 0 98 0 85 0 40 0 0 0 0 0 0 118 104 0 0 0 0 0 0 146 0 
0 0 0 115 0 0 0 9 0 120 0 0 0 0 0 0 0 0 0 0 23 12 0 0 0 0 0 0 21 0 0 0 0 59 0 0 2 0 0 77 0 0 0 0 0 0 0 0 0 0 0 0 0 0 0 0 0 0 0 0 0 0 0 0 0 0 0 0 0 0 0 0 33 0 0 0 0 0 0 0 0 0 0 0 0 0 72 0 0 0 0 0 0 67 43 0 0 0 9 0 
0 0 0 0 0 0 0 0 0 24 0 0 116 0 0 0 98 0 0 0 0 0 0 54 0 0 143 0 0 0 0 0 0 0 0 0 0 39 0 0 0 135 0 0 0 0 0 0 0 9 0 45 0 99 0 0 47 0 0 0 0 0 0 0 0 0 0 0 0 0 123 0 0 0 0 0 0 0 0 0 0 0 0 0 0 0 0 0 0 0 95 0 0 0 0 0 66 0 0 94 
0 115 0 0 0 0 21 120 0 88 0 0 0 0 0 0 0 0 0 0 0 0 0 0 0 0 0 0 0 144 0 0 0 0 0 0 0 0 0 0 0 0 0 0 0 68 61 1 0 0 0 0 76 0 0 0 0 0 0 0 0 0 0 0 0 0 0 0 0 58 0 27 0 0 107 0 0 115 0 0 0 0 0 0 0 0 0 0 0 0 0 0 0 0 0 0 146 0 6 0 
0 0 0 0 0 0 0 0 0 0 0 0 0 0 0 0 0 0 0 0 0 0 0 0 0 0 150 75 0 0 0 25 0 0 0 0 0 0 0 0 0 0 0 0 67 0 0 0 0 143 0 0 116 0 0 0 0 32 0 0 0 0 0 108 0 0 0 0 0 56 0 0 53 72 0 0 100 0 0 99 0 0 0 0 122 0 0 0 0 0 0 0 0 0 0 39 0 0 0 0 
0 0 0 0 0 0 86 0 0 0 0 56 0 0 104 0 0 0 0 0 0 0 0 0 0 0 0 128 83 0 0 122 90 19 0 0 0 0 0 0 60 0 0 0 0 0 0 0 32 0 0 0 0 0 0 0 0 0 0 0 0 0 0 0 0 0 0 0 50 0 0 0 0 0 0 0 0 0 0 0 0 0 0 0 0 0 109 0 140 70 0 0 103 0 0 0 0 0 0 0 
0 0 0 21 0 86 0 0 0 0 0 0 0 0 0 0 0 0 0 83 0 0 0 0 93 143 0 0 0 0 0 0 0 0 98 77 0 0 0 62 0 0 0 0 0 0 0 10 0 0 0 0 112 0 0 0 0 149 0 111 0 0 0 0 0 0 0 0 0 0 0 0 0 0 0 0 0 0 0 0 0 0 0 0 0 0 0 0 0 0 0 0 0 0 97 0 0 0 0 0 
0 9 0 120 0 0 0 0 0 0 0 0 0 0 0 0 0 0 0 0 0 0 0 0 0 45 0 0 0 98 0 0 0 0 0 0 0 0 0 0 0 0 0 0 0 0 0 0 0 0 0 0 0 0 142 150 0 0 0 0 0 0 0 0 0 0 0 0 0 0 0 37 0 43 0 15 0 0 0 101 0 44 0 0 144 0 0 0 0 0 0 0 0 77 87 0 0 0 38 0 
0 0 0 0 0 0 0 0 0 0 0 0 0 72 0 0 0 0 0 78 0 0 0 0 0 0 0 0 0 110 33 0 0 148 0 0 0 0 0 0 0 0 0 0 0 127 0 49 0 38 0 0 0 0 0 0 0 0 0 98 0 0 0 0 0 0 0 0 101 0 0 0 0 0 0 0 0 0 116 0 0 76 0 0 0 0 111 0 0 0 0 0 2 0 34 0 0 0 0 0 
0 120 24 88 0 0 0 0 0 0 0 0 0 0 114 0 0 0 0 0 0 0 0 0 0 0 0 0 0 0 0 0 0 0 0 0 1 0 0 0 0 0 47 0 0 0 0 0 0 0 0 0 0 0 0 0 0 0 0 0 0 0 0 0 92 0 0 0 0 0 0 0 0 89 0 0 0 0 0 0 0 0 0 79 0 0 102 0 0 0 78 0 0 0 0 0 0 0 0 0 
7 0 0 0 0 0 0 0 0 0 0 0 0 0 0 0 0 0 30 0 0 0 86 0 0 0 0 0 0 0 0 0 130 0 0 25 0 0 0 0 0 0 62 0 15 0 0 0 0 0 0 0 0 0 0 0 81 0 0 3 0 70 0 0 0 0 0 66 0 0 0 0 0 0 0 74 0 0 0 62 0 0 0 0 0 0 0 0 0 0 0 100 0 0 0 0 0 0 102 0 
0 0 0 0 0 56 0 0 0 0 0 0 110 0 0 0 0 0 0 0 0 0 0 0 0 0 0 0 61 88 0 0 0 0 0 0 0 0 34 0 0 0 0 0 0 0 0 0 146 0 0 0 0 0 0 0 50 0 0 0 0 0 67 0 0 0 0 0 0 0 0 0 0 0 0 0 57 0 0 0 0 0 0 33 0 0 0 0 0 0 0 45 0 0 0 0 0 19 108 0 
0 0 116 0 0 0 0 0 0 0 0 110 0 0 70 0 0 101 0 132 0 0 0 0 0 0 0 0 0 0 0 0 0 0 0 0 34 0 133 20 6 0 0 0 0 0 0 0 0 0 0 0 145 0 14 0 0 0 0 0 0 0 0 0 0 21 0 0 0 0 0 60 0 0 0 0 0 82 0 0 0 0 116 0 0 0 0 0 0 0 0 0 0 0 0 0 0 0 0 0 
0 0 0 0 0 0 0 0 72 0 0 0 0 0 22 0 0 0 0 0 0 0 0 0 0 0 0 0 0 0 149 0 0 0 0 0 0 0 0 0 0 40 0 0 0 0 0 0 0 0 0 0 40 0 0 0 0 0 0 0 0 0 0 0 62 0 0 0 0 0 0 0 0 0 0 0 0 0 18 0 0 0 0 0 0 0 0 78 128 0 0 0 0 0 0 119 0 0 0 0 
0 0 0 0 0 104 0 0 0 114 0 0 70 22 0 0 0 0 0 0 0 0 0 61 0 0 0 85 0 0 0 0 0 0 0 0 0 9 0 0 0 0 0 0 0 0 0 0 0 0 0 0 0 0 0 0 0 0 0 0 0 0 0 127 0 0 0 0 0 0 0 65 12 0 0 0 0 0 0 0 0 0 0 83 0 0 0 0 0 142 0 0 0 0 0 0 0 0 0 122 
0 0 0 0 0 0 0 0 0 0 0 0 0 0 0 0 0 0 0 0 0 13 0 0 0 0 0 0 0 0 68 0 0 0 0 0 0 0 0 0 0 94 0 0 0 0 0 0 0 0 0 0 0 0 0 41 0 0 0 48 0 0 0 0 0 0 0 0 0 0 0 4 0 0 0 0 0 0 0 0 0 0 0 0 0 85 0 0 0 0 0 0 0 0 0 150 0 0 0 0 
0 0 98 0 0 0 0 0 0 0 0 0 0 0 0 0 0 0 0 0 38 0 0 0 0 0 0 0 0 81 1 0 0 0 0 0 74 0 0 0 0 0 150 0 0 0 0 0 78 0 0 82 0 2 0 0 0 0 0 0 0 0 0 0 0 0 0 0 0 0 0 0 0 0 0 0 0 0 0 0 0 0 0 0 0 24 139 0 0 0 106 115 0 0 0 81 0 0 0 0 
0 0 0 0 0 0 0 0 0 0 0 0 101 0 0 0 0 0 0 0 0 0 0 0 0 0 0 0 0 0 0 0 0 130 0 0 0 0 0 139 0 0 0 0 0 0 0 0 0 0 0 0 0 0 0 0 0 0 0 0 0 0 0 48 0 0 0 0 0 0 142 0 0 0 14 0 0 77 0 0 0 89 118 0 0 90 0 0 0 0 0 0 0 0 0 0 0 0 0 0 
0 0 0 0 0 0 0 0 0 0 30 0 0 0 0 0 0 0 0 0 0 0 0 0 0 0 0 0 0 0 0 0 0 0 0 0 0 0 0 0 0 0 0 148 0 34 65 90 0 0 0 0 126 71 42 0 0 0 0 0 0 55 0 49 0 0 0 0 0 0 0 0 0 0 0 0 0 0 0 0 0 0 149 0 0 0 82 0 0 78 0 0 0 143 0 0 0 1 0 0 
0 0 0 0 0 0 83 0 78 0 0 0 132 0 0 0 0 0 0 0 0 0 0 0 72 103 135 0 0 0 0 0 0 0 0 0 0 0 0 0 0 0 59 0 0 0 0 0 0 129 0 0 0 57 0 0 0 0 0 74 0 0 0 0 0 0 0 0 0 59 0 0 0 0 0 0 133 0 0 15 0 0 28 0 0 0 0 0 0 0 57 0 0 0 0 0 0 0 0 0 
0 23 0 0 0 0 0 0 0 0 0 0 0 0 0 0 38 0 0 0 0 0 0 25 107 0 0 0 0 0 0 0 0 0 64 0 44 0 0 0 0 0 0 0 0 0 0 0 0 0 0 0 0 0 0 0 0 0 0 0 0 0 0 0 0 0 0 0 0 0 0 0 0 0 0 0 0 117 0 0 32 0 0 0 0 0 0 0 0 0 0 0 73 0 0 0 0 0 0 0 
0 12 0 0 0 0 0 0 0 0 0 0 0 0 0 13 0 0 0 0 0 0 0 0 97 0 0 48 0 0 25 0 68 0 83 0 0 68 0 0 0 0 0 0 0 0 0 0 0 112 0 0 0 0 123 0 0 0 0 0 0 0 0 0 0 95 0 0 0 0 0 0 0 0 0 0 0 0 0 0 0 0 0 88 0 0 87 0 97 0 0 0 0 0 0 0 0 0 0 0 
0 0 0 0 0 0 0 0 0 0 86 0 0 0 0 0 0 0 0 0 0 0 0 108 0 0 17 0 0 29 0 0 0 0 0 0 0 0 0 0 0 0 0 0 0 0 0 0 0 0 126 0 0 0 0 0 0 0 0 0 94 0 0 0 0 0 0 0 0 0 46 0 0 0 0 0 0 0 0 0 0 0 0 0 78 10 0 0 77 0 87 0 0 0 0 0 0 0 0 0 
0 0 54 0 0 0 0 0 0 0 0 0 0 0 61 0 0 0 0 0 25 0 108 0 0 0 0 0 0 0 0 0 0 0 0 3 0 0 0 0 0 0 37 0 0 42 0 2 0 0 0 0 0 0 0 98 0 0 71 0 0 0 0 0 0 0 0 0 0 0 0 0 0 0 0 0 0 141 0 0 0 0 0 0 0 0 0 141 0 81 0 0 0 0 25 0 81 0 0 0 
0 0 0 0 0 0 93 0 0 0 0 0 0 0 0 0 0 0 0 72 107 97 0 0 0 108 0 0 0 0 0 0 0 0 0 0 0 14 0 0 0 0 104 0 0 0 0 0 0 0 0 141 0 0 0 0 0 0 0 0 0 0 0 54 0 0 0 0 0 0 0 0 145 0 0 0 121 0 82 90 0 0 0 0 0 0 0 0 0 0 91 0 0 0 0 0 0 0 0 144 
0 0 0 0 0 0 143 45 0 0 0 0 0 0 0 0 0 0 0 103 0 0 0 0 108 0 0 0 31 0 29 0 0 0 0 0 0 139 0 0 0 0 0 0 98 0 0 0 0 0 0 0 0 0 0 0 0 0 0 0 0 0 0 0 0 0 0 11 64 0 76 0 0 0 0 132 0 0 0 0 84 0 0 0 0 0 0 58 0 0 0 0 0 39 0 0 0 0 0 0 
0 0 143 0 150 0 0 0 0 0 0 0 0 0 0 0 0 0 0 135 0 0 17 0 0 0 0 54 0 0 0 0 0 0 0 0 0 0 0 0 0 0 0 0 0 0 0 0 0 0 0 0 0 0 0 0 0 0 0 0 0 0 0 112 100 0 0 0 0 14 0 0 0 7 0 23 0 0 0 0 0 129 0 0 0 23 0 0 75 93 0 0 0 0 64 0 0 0 0 0 
0 0 0 0 75 128 0 0 0 0 0 0 0 0 85 0 0 0 0 0 0 48 0 0 0 0 54 0 0 0 0 0 0 0 0 128 0 0 0 0 0 0 0 0 0 0 0 0 0 0 123 0 0 0 0 21 0 0 0 40 0 0 0 0 19 0 0 0 0 37 0 0 0 0 0 0 0 0 0 0 0 0 0 0 0 0 0 94 0 0 0 0 0 0 0 0 0 0 0 34 
0 21 0 0 0 83 0 0 0 0 0 61 0 0 0 0 0 0 0 0 0 0 0 0 0 31 0 0 0 0 0 0 0 0 0 0 36 0 0 0 0 0 0 0 0 0 0 0 0 36 0 0 0 0 0 0 0 0 0 0 0 0 0 0 0 133 0 137 0 0 147 0 0 0 87 0 0 0 11 0 0 0 0 0 0 0 0 0 0 84 108 0 0 0 0 0 11 0 0 29 
0 0 0 144 0 0 0 98 110 0 0 88 0 0 0 0 81 0 0 0 0 0 29 0 0 0 0 0 0 0 0 0 148 0 0 0 0 0 0 0 121 130 0 0 0 0 0 0 0 0 0 0 87 0 0 0 0 0 0 0 0 0 0 0 46 0 0 0 0 0 0 0 0 0 0 0 0 0 0 0 0 0 0 0 0 81 0 0 0 0 0 114 0 0 0 0 95 121 0 0 
0 0 0 0 0 0 0 0 33 0 0 0 0 149 0 68 1 0 0 0 0 25 0 0 0 29 0 0 0 0 0 0 0 0 0 0 0 0 51 0 0 0 0 0 0 0 0 0 0 0 0 0 0 0 0 0 0 0 0 0 0 0 0 0 135 0 0 0 0 0 0 0 0 0 0 0 0 0 0 0 0 0 0 0 0 0 0 0 0 0 0 119 0 0 0 0 0 0 0 0 
0 0 0 0 25 122 0 0 0 0 0 0 0 0 0 0 0 0 0 0 0 0 0 0 0 0 0 0 0 0 0 0 0 0 31 0 120 0 0 0 0 0 0 49 0 0 0 0 0 0 0 79 0 63 0 0 0 0 0 49 1 0 0 0 0 0 0 0 0 0 0 0 97 0 0 44 0 0 0 0 0 0 0 0 0 0 0 0 0 0 0 0 0 0 0 0 0 0 0 0 
0 0 0 0 0 90 0 0 0 0 130 0 0 0 0 0 0 0 0 0 0 68 0 0 0 0 0 0 0 148 0 0 0 0 0 40 35 0 0 0 0 0 0 0 0 0 0 0 0 0 0 0 95 0 49 0 0 0 64 0 0 0 0 144 0 0 0 0 0 0 0 0 0 0 0 0 38 0 0 0 0 0 72 0 0 0 0 0 0 55 0 0 0 0 0 0 0 0 0 0 
0 59 0 0 0 19 0 0 148 0 0 0 0 0 0 0 0 130 0 0 0 0 0 0 0 0 0 0 0 0 0 0 0 0 0 0 128 0 46 0 0 0 0 0 0 0 64 0 0 0 0 0 0 0 0 0 0 0 0 0 0 0 0 0 0 69 0 0 0 0 0 0 0 0 144 57 0 0 0 0 0 0 0 0 54 0 0 108 0 0 0 96 0 93 99 0 0 0 0 0 
0 0 0 0 0 0 98 0 0 0 0 0 0 0 0 0 0 0 0 0 64 83 0 0 0 0 0 0 0 0 0 31 0 0 0 0 0 0 0 0 83 0 0 0 0 0 0 55 0 0 36 0 39 0 0 0 0 0 0 0 25 0 0 131 0 0 0 13 0 0 0 0 0 0 0 0 0 0 0 55 0 0 0 0 0 0 0 0 0 0 0 0 109 94 50 0 0 0 0 0 
0 0 0 0 0 0 77 0 0 0 25 0 0 0 0 0 0 0 0 0 0 0 0 3 0 0 0 128 0 0 0 0 40 0 0 0 0 0 117 0 5 0 0 0 0 0 0 0 0 128 0 0 0 0 0 0 0 0 0 0 0 27 0 0 85 0 0 0 0 0 0 0 109 0 0 0 0 0 0 0 5 0 0 0 110 0 0 0 0 0 0 0 0 0 0 136 0 2 0 0 
0 2 0 0 0 0 0 0 0 1 0 0 34 0 0 0 74 0 0 0 44 0 0 0 0 0 0 0 36 0 0 120 35 128 0 0 0 0 0 0 0 0 0 0 0 0 51 0 0 0 0 0 0 0 0 37 0 0 0 30 0 129 0 0 0 0 0 0 0 0 0 0 0 0 0 0 0 0 0 0 0 0 0 19 0 0 0 0 0 0 0 0 0 0 0 0 22 0 0 0 
0 0 39 0 0 0 0 0 0 0 0 0 0 0 9 0 0 0 0 0 0 68 0 0 14 139 0 0 0 0 0 0 0 0 0 0 0 0 90 0 0 0 0 0 0 0 0 0 0 0 0 0 112 0 0 0 0 0 0 0 0 0 112 0 0 34 0 0 0 0 0 0 0 0 0 0 0 0 0 0 0 0 0 0 0 0 22 114 0 0 0 117 0 0 0 0 78 0 0 0 
0 0 0 0 0 0 0 0 0 0 0 34 133 0 0 0 0 0 0 0 0 0 0 0 0 0 0 0 0 0 51 0 0 46 0 117 0 90 0 0 0 0 3 0 0 0 113 0 0 0 0 0 0 0 0 0 0 0 0 0 0 0 0 0 0 73 0 0 134 64 0 0 0 0 0 0 0 0 0 0 0 0 104 0 85 0 0 0 0 0 0 147 0 0 0 0 0 0 45 0 
0 77 0 0 0 0 62 0 0 0 0 0 20 0 0 0 0 139 0 0 0 0 0 0 0 0 0 0 0 0 0 0 0 0 0 0 0 0 0 0 0 0 0 85 0 57 0 0 0 0 12 0 0 0 0 0 0 0 0 0 0 0 48 68 8 0 0 36 0 0 0 0 62 0 0 0 0 0 0 0 0 0 0 0 0 0 0 0 0 0 109 0 0 0 0 0 0 0 0 21 
0 0 0 0 0 60 0 0 0 0 0 0 6 0 0 0 0 0 0 0 0 0 0 0 0 0 0 0 0 121 0 0 0 0 83 5 0 0 0 0 0 0 0 0 0 0 0 0 0 42 72 0 0 0 0 0 0 0 0 0 0 0 0 0 0 0 0 0 0 0 0 0 0 0 0 0 0 0 0 0 0 0 0 0 0 0 49 0 0 0 0 0 0 0 0 0 0 0 0 0 
0 0 135 0 0 0 0 0 0 0 0 0 0 40 0 94 0 0 0 0 0 0 0 0 0 0 0 0 0 130 0 0 0 0 0 0 0 0 0 0 0 0 0 0 104 0 0 122 0 0 0 0 0 0 0 12 0 0 0 26 0 0 0 35 0 0 0 0 0 0 67 0 0 131 0 59 0 0 0 67 0 0 0 0 0 0 0 0 0 0 0 0 117 0 0 0 48 0 0 0 
68 0 0 0 0 0 0 0 0 47 62 0 0 0 0 0 150 0 0 59 0 0 0 37 104 0 0 0 0 0 0 0 0 0 0 0 0 0 3 0 0 0 0 0 0 0 0 64 0 0 0 0 0 0 120 0 69 0 0 0 0 0 0 0 0 0 45 0 13 0 0 0 0 0 0 0 0 13 0 0 0 0 0 0 0 0 0 0 0 0 0 0 0 0 0 0 0 0 0 0 
0 0 0 0 0 0 0 0 0 0 0 0 0 0 0 0 0 0 148 0 0 0 0 0 0 0 0 0 0 0 0 49 0 0 0 0 0 0 0 85 0 0 0 0 0 0 0 0 146 127 0 0 0 0 0 43 0 0 0 0 0 0 0 33 0 127 10 0 0 0 0 0 0 0 60 0 9 0 0 0 0 0 0 0 0 43 3 0 0 0 2 0 0 0 0 104 0 0 0 0 
0 0 0 0 67 0 0 0 0 0 15 0 0 0 0 0 0 0 0 0 0 0 0 0 0 98 0 0 0 0 0 0 0 0 0 0 0 0 0 0 0 104 0 0 0 0 0 119 0 142 99 12 0 0 0 0 0 0 0 0 0 0 0 0 0 0 0 0 117 0 0 0 0 0 0 0 131 33 0 61 0 0 0 0 0 52 0 0 0 0 0 0 109 0 51 0 0 0 0 0 
0 0 0 68 0 0 0 0 127 0 0 0 0 0 0 0 0 0 34 0 0 0 0 42 0 0 0 0 0 0 0 0 0 0 0 0 0 0 0 57 0 0 0 0 0 0 0 0 0 0 39 0 0 0 87 0 0 0 0 0 0 0 0 0 0 0 0 0 0 0 0 0 0 43 0 0 0 0 0 0 148 0 0 0 0 0 0 0 0 0 0 0 87 0 64 0 0 0 0 143 
0 0 0 61 0 0 0 0 0 0 0 0 0 0 0 0 0 0 65 0 0 0 0 0 0 0 0 0 0 0 0 0 0 64 0 0 51 0 113 0 0 0 0 0 0 0 0 0 0 0 35 0 0 0 0 0 0 0 84 0 0 0 91 0 0 0 0 75 0 0 136 0 0 0 0 3 0 0 0 0 0 0 0 0 0 66 143 0 0 76 0 0 117 0 0 0 0 0 0 0 
130 0 0 1 0 0 10 0 49 0 0 0 0 0 0 0 0 0 90 0 0 0 0 2 0 0 0 0 0 0 0 0 0 0 55 0 0 0 0 0 0 122 64 0 119 0 0 0 0 0 0 0 0 0 0 0 0 0 0 0 130 0 0 0 0 0 0 0 17 0 0 0 0 0 0 0 0 0 0 0 0 0 0 0 0 0 0 0 49 0 0 0 0 0 0 125 31 0 0 0 
0 0 0 0 0 32 0 0 0 0 0 146 0 0 0 0 78 0 0 0 0 0 0 0 0 0 0 0 0 0 0 0 0 0 0 0 0 0 0 0 0 0 0 146 0 0 0 0 0 0 0 0 0 0 0 43 0 0 142 0 45 0 0 0 0 0 0 0 0 0 0 0 119 65 49 142 0 0 0 0 0 0 0 9 0 0 0 33 0 0 0 12 0 0 0 0 0 62 0 0 
0 0 9 0 143 0 0 0 38 0 0 0 0 0 0 0 0 0 0 129 0 112 0 0 0 0 0 0 36 0 0 0 0 0 0 128 0 0 0 0 42 0 0 127 142 0 0 0 0 0 0 0 0 0 0 49 0 0 0 0 0 0 0 0 0 0 0 0 0 0 0 0 0 0 0 0 0 0 55 99 0 103 0 0 0 0 0 0 0 0 0 0 61 0 0 0 0 0 0 0 
0 0 0 0 0 0 0 0 0 0 0 0 0 0 0 0 0 0 0 0 0 0 126 0 0 0 0 123 0 0 0 0 0 0 36 0 0 0 0 12 72 0 0 0 99 39 35 0 0 0 0 0 0 0 50 0 73 0 0 0 0 0 0 0 0 0 0 0 0 0 0 0 0 0 0 0 0 0 0 0 0 0 0 0 0 0 0 134 0 0 0 0 0 0 57 0 0 0 0 0 
145 0 45 0 0 0 0 0 0 0 0 0 0 0 0 0 82 0 0 0 0 0 0 0 141 0 0 0 0 0 0 79 0 0 0 0 0 0 0 0 0 0 0 0 12 0 0 0 0 0 0 0 0 0 0 0 0 0 0 132 0 26 0 0 0 0 0 58 0 0 46 0 0 0 95 0 0 0 0 0 0 0 0 0 0 0 0 0 0 0 0 0 0 0 0 84 0 0 0 0 
0 0 0 76 116 0 112 0 0 0 0 0 145 40 0 0 0 0 126 0 0 0 0 0 0 0 0 0 0 87 0 0 95 0 39 0 0 112 0 0 0 0 0 0 0 0 0 0 0 0 0 0 0 0 0 0 0 0 0 0 0 0 0 0 0 0 0 0 0 0 0 0 0 0 0 0 0 0 0 0 0 0 0 0 0 0 0 0 75 0 0 0 0 0 0 0 0 0 0 0 
0 0 99 0 0 0 0 0 0 0 0 0 0 0 0 0 2 0 71 57 0 0 0 0 0 0 0 0 0 0 0 63 0 0 0 0 0 0 0 0 0 0 0 0 0 0 0 0 0 0 0 0 0 0 0 0 149 29 0 0 0 32 0 0 0 0 65 0 0 0 0 0 0 0 0 0 0 0 0 0 36 39 0 0 0 0 0 0 0 0 0 0 0 0 0 0 0 0 0 0 
0 0 0 0 0 0 0 142 0 0 0 0 14 0 0 0 0 0 42 0 0 123 0 0 0 0 0 0 0 0 0 0 49 0 0 0 0 0 0 0 0 0 120 0 0 87 0 0 0 0 50 0 0 0 0 0 0 30 0 0 0 0 0 0 0 0 0 0 0 0 0 0 0 0 0 0 59 0 108 0 0 0 0 69 0 0 0 0 0 0 0 0 13 0 128 0 0 0 0 13 
0 0 0 0 0 0 0 150 0 0 0 0 0 0 0 41 0 0 0 0 0 0 0 98 0 0 0 21 0 0 0 0 0 0 0 0 37 0 0 0 0 12 0 43 0 0 0 0 43 49 0 0 0 0 0 0 0 118 0 0 68 0 0 0 0 0 0 0 0 0 0 0 0 0 15 0 0 0 0 0 0 0 0 147 0 123 0 0 0 130 0 0 0 0 0 0 0 0 0 0 
0 0 47 0 0 0 0 0 0 0 81 50 0 0 0 0 0 0 0 0 0 0 0 0 0 0 0 0 0 0 0 0 0 0 0 0 0 0 0 0 0 0 69 0 0 0 0 0 0 0 73 0 0 149 0 0 0 0 0 13 51 0 0 0 0 0 0 0 0 0 0 0 0 0 0 0 0 0 0 0 0 66 0 76 0 0 0 0 0 38 0 0 0 0 0 0 0 0 93 0 
0 0 0 0 32 0 149 0 0 0 0 0 0 0 0 0 0 0 0 0 0 0 0 0 0 0 0 0 0 0 0 0 0 0 0 0 0 0 0 0 0 0 0 0 0 0 0 0 0 0 0 0 0 29 30 118 0 0 0 0 0 0 37 0 0 0 24 92 0 0 131 0 0 0 0 0 0 0 0 0 0 0 0 0 0 96 0 0 0 0 0 0 0 0 0 46 0 0 0 0 
0 0 0 0 0 0 0 0 0 0 0 0 0 0 0 0 0 0 0 0 0 0 0 71 0 0 0 0 0 0 0 0 64 0 0 0 0 0 0 0 0 0 0 0 0 0 84 0 142 0 0 0 0 0 0 0 0 0 0 0 0 97 0 44 0 103 0 85 0 0 0 0 0 0 0 0 0 0 0 0 0 0 0 119 142 104 0 0 0 0 0 0 0 0 0 0 0 138 0 0 
0 0 0 0 0 0 111 0 98 0 3 0 0 0 0 48 0 0 0 74 0 0 0 0 0 0 0 40 0 0 0 49 0 0 0 0 30 0 0 0 0 26 0 0 0 0 0 0 0 0 0 132 0 0 0 0 13 0 0 0 0 0 0 0 37 0 106 0 0 0 0 0 0 0 0 0 0 0 0 0 0 0 0 0 0 0 13 0 0 0 0 0 0 0 0 0 67 0 0 0 
0 0 0 0 0 0 0 0 0 0 0 0 0 0 0 0 0 0 0 0 0 0 94 0 0 0 0 0 0 0 0 1 0 0 25 0 0 0 0 0 0 0 0 0 0 0 0 130 45 0 0 0 0 0 0 68 51 0 0 0 0 140 0 0 0 0 0 0 129 139 0 0 0 0 0 0 0 0 0 104 0 0 0 0 0 0 0 0 0 0 0 0 0 0 0 0 0 0 0 0 
0 0 0 0 0 0 0 0 0 0 70 0 0 0 0 0 0 0 55 0 0 0 0 0 0 0 0 0 0 0 0 0 0 0 0 27 129 0 0 0 0 0 0 0 0 0 0 0 0 0 0 26 0 32 0 0 0 0 97 0 140 0 0 0 0 147 0 0 0 0 0 0 0 0 143 0 0 0 0 0 27 0 0 0 0 0 0 0 0 0 0 122 0 91 0 0 0 15 0 0 
0 0 0 0 0 0 0 0 0 0 0 67 0 0 0 0 0 0 0 0 0 0 0 0 0 0 0 0 0 0 0 0 0 0 0 0 0 112 0 48 0 0 0 0 0 0 91 0 0 0 0 0 0 0 0 0 0 37 0 0 0 0 0 0 0 0 0 0 42 0 0 0 0 109 0 91 0 0 103 0 0 0 137 0 0 0 0 138 0 0 0 0 0 0 64 75 0 120 0 0 
144 0 0 0 108 0 0 0 0 0 0 0 0 0 127 0 0 48 49 0 0 0 0 0 54 0 112 0 0 0 0 0 144 0 131 0 0 0 0 68 0 35 0 33 0 0 0 0 0 0 0 0 0 0 0 0 0 0 44 0 0 0 0 0 0 0 0 0 0 0 0 0 0 0 0 0 0 0 0 0 0 0 0 0 0 0 0 0 0 0 0 0 0 0 0 0 108 0 0 116 
0 0 0 0 0 0 0 0 0 92 0 0 0 62 0 0 0 0 0 0 0 0 0 0 0 0 100 19 0 46 135 0 0 0 0 85 0 0 0 8 0 0 0 0 0 0 0 0 0 0 0 0 0 0 0 0 0 0 0 37 0 0 0 0 0 0 0 0 42 0 0 0 0 0 13 0 0 0 0 0 0 0 65 0 0 0 0 42 69 0 0 0 0 0 0 0 0 0 121 0 
0 0 0 0 0 0 0 0 0 0 0 0 21 0 0 0 0 0 0 0 0 95 0 0 0 0 0 0 133 0 0 0 0 69 0 0 0 34 73 0 0 0 0 127 0 0 0 0 0 0 0 0 0 0 0 0 0 0 103 0 0 147 0 0 0 0 0 0 0 0 111 0 0 0 0 0 0 0 0 0 0 0 0 0 0 0 0 0 0 0 0 0 0 150 0 0 0 0 0 0 
0 0 0 0 0 0 0 0 0 0 0 0 0 0 0 0 0 0 0 0 0 0 0 0 0 0 0 0 0 0 0 0 0 0 0 0 0 0 0 0 0 0 45 10 0 0 0 0 0 0 0 0 0 65 0 0 0 24 0 106 0 0 0 0 0 0 0 0 0 0 0 0 0 0 0 0 0 19 0 0 88 0 0 0 0 0 0 0 0 0 0 0 0 0 0 0 0 0 0 53 
0 0 0 0 0 0 0 0 0 0 66 0 0 0 0 0 0 0 0 0 0 0 0 0 0 11 0 0 137 0 0 0 0 0 13 0 0 0 0 36 0 0 0 0 0 0 75 0 0 0 0 58 0 0 0 0 0 92 85 0 0 0 0 0 0 0 0 0 0 0 0 0 0 0 58 0 0 0 0 0 0 0 0 103 0 0 0 42 0 0 0 0 0 0 0 99 122 59 0 0 
0 0 0 0 0 50 0 0 101 0 0 0 0 0 0 0 0 0 0 0 0 0 0 0 0 64 0 0 0 0 0 0 0 0 0 0 0 0 134 0 0 0 13 0 117 0 0 17 0 0 0 0 0 0 0 0 0 0 0 0 129 0 42 0 42 0 0 0 0 0 119 0 0 0 0 0 0 0 0 147 4 0 0 0 0 0 0 0 0 0 0 0 0 35 0 0 145 0 0 0 
0 0 0 58 56 0 0 0 0 0 0 0 0 0 0 0 0 0 0 59 0 0 0 0 0 0 14 37 0 0 0 0 0 0 0 0 0 0 64 0 0 0 0 0 0 0 0 0 0 0 0 0 0 0 0 0 0 0 0 0 139 0 0 0 0 0 0 0 0 0 0 0 69 0 0 0 0 0 0 0 0 0 0 0 0 94 0 0 0 0 0 145 0 0 0 107 0 0 0 0 
0 0 123 0 0 0 0 0 0 0 0 0 0 0 0 0 0 142 0 0 0 0 46 0 0 76 0 0 147 0 0 0 0 0 0 0 0 0 0 0 0 67 0 0 0 0 136 0 0 0 0 46 0 0 0 0 0 131 0 0 0 0 0 0 0 111 0 0 119 0 0 0 0 0 0 50 0 0 0 0 0 0 0 0 71 0 0 0 0 0 0 0 0 0 0 43 14 0 0 0 
56 0 0 27 0 0 0 37 0 0 0 0 60 0 65 4 0 0 0 0 0 0 0 0 0 0 0 0 0 0 0 0 0 0 0 0 0 0 0 0 0 0 0 0 0 0 0 0 0 0 0 0 0 0 0 0 0 0 0 0 0 0 0 0 0 0 0 0 0 0 0 0 0 0 0 0 27 106 102 0 0 0 0 15 0 0 0 0 0 107 0 0 0 0 0 0 0 0 117 0 
0 33 0 0 53 0 0 0 0 0 0 0 0 0 12 0 0 0 0 0 0 0 0 0 145 0 0 0 0 0 0 97 0 0 0 109 0 0 0 62 0 0 0 0 0 0 0 0 119 0 0 0 0 0 0 0 0 0 0 0 0 0 0 0 0 0 0 0 0 69 0 0 0 0 0 0 0 107 0 0 144 0 0 0 0 0 0 0 0 0 60 128 10 0 0 0 0 0 113 0 
0 0 0 0 72 0 0 43 0 89 0 0 0 0 0 0 0 0 0 0 0 0 0 0 0 0 7 0 0 0 0 0 0 0 0 0 0 0 0 0 0 131 0 0 0 43 0 0 65 0 0 0 0 0 0 0 0 0 0 0 0 0 109 0 0 0 0 0 0 0 0 0 0 0 100 0 106 0 0 0 123 101 0 0 0 0 146 0 0 0 0 0 0 7 0 0 0 0 0 0 
0 0 0 107 0 0 0 0 0 0 0 0 0 0 0 0 0 14 0 0 0 0 0 0 0 0 0 0 87 0 0 0 0 144 0 0 0 0 0 0 0 0 0 60 0 0 0 0 49 0 0 95 0 0 0 15 0 0 0 0 0 143 0 0 13 0 0 58 0 0 0 0 0 100 0 0 0 102 0 0 0 0 0 0 0 0 0 131 0 0 0 0 0 0 0 0 0 0 0 0 
0 0 0 0 0 0 0 15 0 0 74 0 0 0 0 0 0 0 0 0 0 0 0 0 0 132 23 0 0 0 0 44 0 57 0 0 0 0 0 0 0 59 0 0 0 0 3 0 142 0 0 0 0 0 0 0 0 0 0 0 0 0 91 0 0 0 0 0 0 0 50 0 0 0 0 0 0 0 0 0 0 0 0 48 0 0 0 119 0 0 0 0 105 0 0 0 0 0 0 125 
0 0 0 0 100 0 0 0 0 0 0 57 0 0 0 0 0 0 0 133 0 0 0 0 121 0 0 0 0 0 0 0 38 0 0 0 0 0 0 0 0 0 0 9 131 0 0 0 0 0 0 0 0 0 59 0 0 0 0 0 0 0 0 0 0 0 0 0 0 0 0 27 0 106 0 0 0 0 0 0 0 0 0 0 0 0 0 0 134 0 0 0 0 0 0 119 0 142 58 117 
0 0 0 115 0 0 0 0 0 0 0 0 82 0 0 0 0 77 0 0 117 0 0 141 0 0 0 0 0 0 0 0 0 0 0 0 0 0 0 0 0 0 13 0 33 0 0 0 0 0 0 0 0 0 0 0 0 0 0 0 0 0 0 0 0 0 19 0 0 0 0 106 107 0 102 0 0 0 0 89 0 0 0 0 0 21 0 0 0 0 38 90 0 0 0 0 0 0 0 0 
0 0 0 0 0 0 0 0 116 0 0 0 0 18 0 0 0 0 0 0 0 0 0 0 82 0 0 0 11 0 0 0 0 0 0 0 0 0 0 0 0 0 0 0 0 0 0 0 0 55 0 0 0 0 108 0 0 0 0 0 0 0 103 0 0 0 0 0 0 0 0 102 0 0 0 0 0 0 0 0 0 0 0 0 84 0 0 0 0 16 0 0 0 0 0 0 0 0 0 0 
98 0 0 0 99 0 0 101 0 0 62 0 0 0 0 0 0 0 0 15 0 0 0 0 90 0 0 0 0 0 0 0 0 0 55 0 0 0 0 0 0 67 0 0 61 0 0 0 0 99 0 0 0 0 0 0 0 0 0 0 104 0 0 0 0 0 0 0 147 0 0 0 0 0 0 0 0 89 0 0 0 0 0 0 0 0 0 0 0 0 0 0 0 0 0 0 0 0 38 6 
0 0 0 0 0 0 0 0 0 0 0 0 0 0 0 0 0 0 0 0 32 0 0 0 0 84 0 0 0 0 0 0 0 0 0 5 0 0 0 0 0 0 0 0 0 148 0 0 0 0 0 0 0 36 0 0 0 0 0 0 0 27 0 0 0 0 88 0 4 0 0 0 144 123 0 0 0 0 0 0 0 0 0 0 0 0 0 0 70 0 42 0 0 21 0 0 0 0 81 0 
85 0 0 0 0 0 0 44 76 0 0 0 0 0 0 0 0 89 0 0 0 0 0 0 0 0 129 0 0 0 0 0 0 0 0 0 0 0 0 0 0 0 0 0 0 0 0 0 0 103 0 0 0 39 0 0 66 0 0 0 0 0 0 0 0 0 0 0 0 0 0 0 0 101 0 0 0 0 0 0 0 0 0 0 0 0 0 0 0 0 0 0 0 0 0 0 0 0 0 0 
0 0 0 0 0 0 0 0 0 0 0 0 116 0 0 0 0 118 149 28 0 0 0 0 0 0 0 0 0 0 0 0 72 0 0 0 0 0 104 0 0 0 0 0 0 0 0 0 0 0 0 0 0 0 0 0 0 0 0 0 0 0 137 0 65 0 0 0 0 0 0 0 0 0 0 0 0 0 0 0 0 0 0 0 0 0 0 0 55 0 0 0 0 0 0 0 0 0 0 0 
40 0 0 0 0 0 0 0 0 79 0 33 0 0 83 0 0 0 0 0 0 88 0 0 0 0 0 0 0 0 0 0 0 0 0 0 19 0 0 0 0 0 0 0 0 0 0 0 9 0 0 0 0 0 69 147 76 0 119 0 0 0 0 0 0 0 0 103 0 0 0 15 0 0 0 48 0 0 0 0 0 0 0 0 0 0 0 0 0 0 0 0 0 99 0 0 0 0 0 0 
0 0 0 0 122 0 0 144 0 0 0 0 0 0 0 0 0 0 0 0 0 0 78 0 0 0 0 0 0 0 0 0 0 54 0 110 0 0 85 0 0 0 0 0 0 0 0 0 0 0 0 0 0 0 0 0 0 0 142 0 0 0 0 0 0 0 0 0 0 0 71 0 0 0 0 0 0 0 84 0 0 0 0 0 0 0 0 0 0 0 0 0 0 0 0 0 0 0 0 0 
0 0 0 0 0 0 0 0 0 0 0 0 0 0 0 85 24 90 0 0 0 0 10 0 0 0 23 0 0 81 0 0 0 0 0 0 0 0 0 0 0 0 0 43 52 0 66 0 0 0 0 0 0 0 0 123 0 96 104 0 0 0 0 0 0 0 0 0 0 94 0 0 0 0 0 0 0 21 0 0 0 0 0 0 0 0 0 0 0 0 0 0 0 0 0 0 0 57 0 0 
0 72 0 0 0 109 0 0 111 102 0 0 0 0 0 0 139 0 82 0 0 87 0 0 0 0 0 0 0 0 0 0 0 0 0 0 0 22 0 0 49 0 0 3 0 0 143 0 0 0 0 0 0 0 0 0 0 0 0 13 0 0 0 0 0 0 0 0 0 0 0 0 0 146 0 0 0 0 0 0 0 0 0 0 0 0 0 0 0 0 0 0 0 10 0 0 97 0 0 0 
0 0 0 0 0 0 0 0 0 0 0 0 0 78 0 0 0 0 0 0 0 0 0 141 0 58 0 94 0 0 0 0 0 108 0 0 0 114 0 0 0 0 0 0 0 0 0 0 33 0 134 0 0 0 0 0 0 0 0 0 0 0 138 0 42 0 0 42 0 0 0 0 0 0 131 119 0 0 0 0 0 0 0 0 0 0 0 0 0 0 0 34 0 0 0 0 0 5 0 0 
0 0 0 0 0 140 0 0 0 0 0 0 0 128 0 0 0 0 0 0 0 97 77 0 0 0 75 0 0 0 0 0 0 0 0 0 0 0 0 0 0 0 0 0 0 0 0 49 0 0 0 0 75 0 0 0 0 0 0 0 0 0 0 0 69 0 0 0 0 0 0 0 0 0 0 0 134 0 0 0 70 0 55 0 0 0 0 0 0 0 0 0 0 0 0 0 0 0 40 138 
0 0 0 0 0 70 0 0 0 0 0 0 0 0 142 0 0 0 78 0 0 0 0 81 0 0 93 0 84 0 0 0 55 0 0 0 0 0 0 0 0 0 0 0 0 0 76 0 0 0 0 0 0 0 0 130 38 0 0 0 0 0 0 0 0 0 0 0 0 0 0 107 0 0 0 0 0 0 16 0 0 0 0 0 0 0 0 0 0 0 147 0 68 131 0 0 0 0 0 0 
118 0 95 0 0 0 0 0 0 78 0 0 0 0 0 0 106 0 0 57 0 0 87 0 91 0 0 0 108 0 0 0 0 0 0 0 0 0 0 109 0 0 0 2 0 0 0 0 0 0 0 0 0 0 0 0 0 0 0 0 0 0 0 0 0 0 0 0 0 0 0 0 60 0 0 0 0 38 0 0 42 0 0 0 0 0 0 0 0 147 0 0 149 0 0 0 0 0 0 0 
104 0 0 0 0 0 0 0 0 0 100 45 0 0 0 0 115 0 0 0 0 0 0 0 0 0 0 0 0 114 119 0 0 96 0 0 0 117 147 0 0 0 0 0 0 0 0 0 12 0 0 0 0 0 0 0 0 0 0 0 0 122 0 0 0 0 0 0 0 145 0 0 128 0 0 0 0 90 0 0 0 0 0 0 0 0 0 34 0 0 0 0 0 0 0 0 0 0 0 0 
0 0 0 0 0 103 0 0 2 0 0 0 0 0 0 0 0 0 0 0 73 0 0 0 0 0 0 0 0 0 0 0 0 0 109 0 0 0 0 0 0 117 0 0 109 87 117 0 0 61 0 0 0 0 13 0 0 0 0 0 0 0 0 0 0 0 0 0 0 0 0 0 10 0 0 105 0 0 0 0 0 0 0 0 0 0 0 0 0 68 149 0 0 0 0 0 0 0 0 147 
0 67 0 0 0 0 0 77 0 0 0 0 0 0 0 0 0 0 143 0 0 0 0 0 0 39 0 0 0 0 0 0 0 93 94 0 0 0 0 0 0 0 0 0 0 0 0 0 0 0 0 0 0 0 0 0 0 0 0 0 0 91 0 0 0 150 0 0 35 0 0 0 0 7 0 0 0 0 0 0 21 0 0 99 0 0 10 0 0 131 0 0 0 0 0 0 0 56 0 0 
0 43 0 0 0 0 97 87 34 0 0 0 0 0 0 0 0 0 0 0 0 0 0 25 0 0 64 0 0 0 0 0 0 99 50 0 0 0 0 0 0 0 0 0 51 64 0 0 0 0 57 0 0 0 128 0 0 0 0 0 0 0 64 0 0 0 0 0 0 0 0 0 0 0 0 0 0 0 0 0 0 0 0 0 0 0 0 0 0 0 0 0 0 0 0 0 0 0 0 0 
0 0 0 0 39 0 0 0 0 0 0 0 0 119 0 150 81 0 0 0 0 0 0 0 0 0 0 0 0 0 0 0 0 0 0 136 0 0 0 0 0 0 0 104 0 0 0 125 0 0 0 84 0 0 0 0 0 46 0 0 0 0 75 0 0 0 0 99 0 107 43 0 0 0 0 0 119 0 0 0 0 0 0 0 0 0 0 0 0 0 0 0 0 0 0 0 0 132 0 0 
0 0 66 146 0 0 0 0 0 0 0 0 0 0 0 0 0 0 0 0 0 0 0 81 0 0 0 0 11 95 0 0 0 0 0 0 22 78 0 0 0 48 0 0 0 0 0 31 0 0 0 0 0 0 0 0 0 0 0 67 0 0 0 108 0 0 0 122 145 0 14 0 0 0 0 0 0 0 0 0 0 0 0 0 0 0 97 0 0 0 0 0 0 0 0 0 0 0 0 0 
0 0 0 0 0 0 0 0 0 0 0 19 0 0 0 0 0 0 1 0 0 0 0 0 0 0 0 0 0 121 0 0 0 0 0 2 0 0 0 0 0 0 0 0 0 0 0 0 62 0 0 0 0 0 0 0 0 0 138 0 0 15 120 0 0 0 0 59 0 0 0 0 0 0 0 0 142 0 0 0 0 0 0 0 0 57 0 5 0 0 0 0 0 56 0 132 0 0 0 0 
146 9 0 6 0 0 0 38 0 0 102 108 0 0 0 0 0 0 0 0 0 0 0 0 0 0 0 0 0 0 0 0 0 0 0 0 0 0 45 0 0 0 0 0 0 0 0 0 0 0 0 0 0 0 0 0 93 0 0 0 0 0 0 0 121 0 0 0 0 0 0 117 113 0 0 0 58 0 0 38 81 0 0 0 0 0 0 0 40 0 0 0 0 0 0 0 0 0 0 0 
0 0 94 0 0 0 0 0 0 0 0 0 0 0 122 0 0 0 0 0 0 0 0 0 144 0 0 34 29 0 0 0 0 0 0 0 0 0 0 21 0 0 0 0 0 143 0 0 0 0 0 0 0 0 13 0 0 0 0 0 0 0 0 116 0 0 53 0 0 0 0 0 0 0 0 125 117 0 0 6 0 0 0 0 0 0 0 0 138 0 0 0 147 0 0 0 0 0 0 0 
