0 0 0 0 0 0 0 0 0 0 0 0 0 0 0 0 0 0 0 0 0 261 0 0 0 0 0 0 0 0 0 0 0 0 0 145 0 8 0 0 0 0 0 0 494 453 423 188 0 0 0 0 420 0 0 0 0 30 0 0 0 0 0 0 0 0 0 0 0 0 0 0 279 0 0 0 362 0 0 0 326 0 0 0 0 0 0 47 0 0 0 0 0 0 337 0 0 0 0 44 
0 0 270 0 399 0 0 0 0 0 0 0 0 0 0 0 0 117 0 0 0 0 0 0 0 0 0 0 0 0 0 0 0 0 0 0 0 334 0 0 0 0 0 0 0 0 0 0 0 0 0 0 0 215 0 0 0 0 0 0 0 90 0 0 167 0 0 0 0 111 410 0 202 0 0 0 404 0 0 406 0 0 0 0 0 0 0 126 0 0 0 0 0 0 0 466 0 0 0 102 
0 270 0 0 0 0 0 0 0 0 0 0 0 0 0 231 0 0 173 0 0 0 0 0 380 0 0 0 0 0 0 0 0 0 0 498 0 489 0 0 0 0 0 352 0 0 378 0 37 0 0 0 0 0 165 0 0 0 0 0 0 0 0 0 0 495 0 0 235 0 0 0 0 0 0 0 0 0 0 278 0 0 0 0 0 0 0 41 0 0 0 16 0 0 0 0 0 0 0 0 
0 0 0 0 0 160 281 0 0 0 0 267 0 0 0 0 0 0 340 0 0 0 0 0 0 385 0 0 0 0 0 0 0 0 0 0 0 0 0 0 55 0 0 470 0 0 0 0 0 0 0 116 0 226 0 252 0 0 0 415 0 457 0 0 0 0 0 0 0 0 49 470 0 0 0 0 0 0 0 0 0 0 0 0 0 0 0 0 0 0 0 0 0 0 351 0 0 0 0 0 
0 399 0 0 0 125 0 0 0 0 0 0 0 0 0 0 0 0 0 0 0 0 14 0 0 0 14 0 0 232 0 0 259 0 0 0 0 0 297 0 0 0 0 0 0 0 0 0 0 0 0 0 85 220 0 0 0 325 0 0 0 0 0 0 0 235 0 0 0 0 439 78 0 0 0 0 0 0 0 0 0 0 0 0 0 0 0 0 0 0 389 285 0 0 0 0 0 0 0 0 
0 0 0 160 125 0 0 0 366 0 0 55 0 295 0 0 433 0 0 0 0 0 0 0 0 0 0 164 0 0 0 184 0 411 156 0 0 0 0 0 0 0 0 0 0 0 0 0 0 0 0 0 0 0 0 0 0 0 0 0 0 0 0 0 0 0 0 0 0 0 0 0 0 0 0 441 0 0 0 0 0 0 0 0 0 0 75 447 0 0 0 0 0 0 0 0 0 0 0 0 
0 0 0 281 0 0 0 243 0 305 472 0 0 0 0 0 0 0 393 0 0 0 0 0 0 124 0 0 0 0 188 0 478 0 0 0 0 0 0 0 0 0 0 0 0 0 0 0 0 0 0 0 0 0 0 0 487 0 0 0 0 0 0 0 0 0 131 0 0 195 0 0 0 0 0 0 0 0 132 0 0 0 0 0 450 0 0 0 0 476 0 0 0 0 0 482 0 0 0 0 
0 0 0 0 0 0 243 0 0 0 0 0 0 0 0 0 0 458 0 0 0 0 0 0 0 0 0 0 0 0 0 0 404 0 0 0 0 0 0 0 0 0 290 482 0 0 0 0 0 0 0 496 0 0 0 0 0 0 0 414 0 0 0 0 0 0 107 0 469 0 0 0 0 0 0 259 477 0 0 0 413 0 0 0 0 108 0 0 0 0 0 0 0 0 354 0 0 0 0 0 
0 0 0 0 0 366 0 0 0 0 0 0 0 54 303 128 5 0 494 0 0 226 0 0 309 0 0 251 123 0 0 0 0 0 0 217 0 0 132 0 0 0 0 0 0 0 0 0 0 155 0 0 317 0 0 0 0 0 0 0 0 0 0 0 0 0 0 0 0 0 0 0 0 0 0 0 0 0 0 0 0 0 0 0 0 0 0 0 0 0 0 0 0 326 0 0 0 0 0 0 
0 0 0 0 0 0 305 0 0 0 0 151 0 0 0 0 0 0 0 0 0 177 0 0 0 0 0 0 0 164 0 0 0 0 0 0 0 325 0 0 0 0 0 0 0 0 470 0 0 0 0 0 461 70 0 24 0 0 0 0 0 0 0 0 0 0 0 135 0 0 0 0 0 0 110 0 21 0 0 0 0 0 0 0 0 0 0 0 0 0 0 0 136 0 28 0 0 0 0 0 
0 0 0 0 0 0 472 0 0 0 0 211 0 0 0 0 0 0 0 0 0 0 349 0 0 0 0 0 0 0 0 0 0 0 0 0 66 0 0 0 0 0 0 0 36 0 0 0 0 0 0 0 0 0 0 0 0 186 0 291 0 182 0 0 0 191 164 232 0 0 413 0 0 0 0 0 0 0 0 0 0 0 0 81 0 90 0 0 0 0 0 399 0 0 0 0 0 0 0 0 
0 0 0 267 0 55 0 0 0 151 211 0 347 0 0 0 0 177 0 0 0 0 0 0 0 321 0 0 0 292 0 0 0 0 102 0 0 180 0 0 0 0 0 0 0 0 0 0 0 0 0 0 0 0 0 0 0 0 50 0 0 0 0 0 0 416 0 0 0 0 0 0 0 0 0 152 0 0 0 0 0 0 77 0 0 292 0 0 0 0 0 0 0 0 0 0 0 0 0 0 
0 0 0 0 0 0 0 0 0 0 0 347 0 0 0 0 0 0 0 0 0 0 0 218 0 0 0 0 0 0 0 0 0 0 0 0 383 0 0 0 0 0 0 0 0 0 0 0 0 145 85 0 0 0 0 0 0 0 0 0 0 0 364 0 0 0 0 0 0 0 0 0 0 0 0 0 0 0 0 0 91 306 0 0 0 0 0 0 0 0 52 0 0 0 0 11 0 0 254 434 
0 0 0 0 0 295 0 0 54 0 0 0 0 0 0 0 0 0 0 0 0 0 0 0 0 0 0 0 0 0 0 0 0 0 0 378 0 110 0 0 0 0 0 0 0 0 0 0 0 0 0 0 0 0 0 0 240 56 0 0 0 0 0 0 0 0 437 0 0 0 0 0 0 0 0 0 0 0 0 0 0 0 0 0 0 0 0 0 0 0 0 0 0 0 414 0 0 0 376 0 
0 0 0 0 0 0 0 0 303 0 0 0 0 0 0 0 0 0 0 0 0 0 0 0 0 0 0 0 0 0 0 0 0 0 0 0 0 0 0 0 442 0 0 0 0 0 0 0 0 0 491 0 0 0 0 0 0 0 0 0 0 0 0 0 0 0 0 0 0 0 0 0 254 0 0 0 0 416 0 0 0 0 0 361 0 0 0 0 0 0 0 0 413 0 0 0 163 0 0 0 
0 0 231 0 0 0 0 0 128 0 0 0 0 0 0 0 19 0 0 0 0 0 0 139 0 0 0 0 66 0 0 0 0 0 0 0 0 0 0 0 0 0 0 0 0 0 0 0 439 0 0 0 0 0 0 0 0 0 0 0 0 0 0 0 0 0 0 0 0 0 0 106 0 0 0 0 0 119 0 133 0 0 335 406 0 0 0 0 0 0 0 0 0 0 290 0 0 0 0 445 
0 0 0 0 0 433 0 0 5 0 0 0 0 0 0 19 0 0 0 0 0 0 203 429 0 0 0 0 0 0 0 0 0 0 0 315 0 0 0 0 0 0 305 0 0 0 0 0 419 58 0 67 0 0 0 0 0 0 0 0 0 0 0 0 0 0 499 0 0 404 0 0 140 0 0 0 0 0 0 0 0 0 0 0 0 0 0 0 0 0 0 0 0 0 134 0 168 0 0 0 
0 117 0 0 0 0 0 458 0 0 0 177 0 0 0 0 0 0 0 0 0 0 0 0 462 0 0 0 0 0 0 349 0 184 0 159 0 0 0 0 0 0 0 284 0 414 0 12 0 0 0 0 0 0 0 0 0 0 0 0 0 0 0 0 0 0 369 0 307 0 0 205 0 0 0 0 0 0 0 0 0 83 0 0 0 0 0 0 0 0 0 0 0 309 0 0 0 0 0 0 
0 0 173 340 0 0 393 0 494 0 0 0 0 0 0 0 0 0 0 0 0 0 0 0 0 0 0 0 0 0 0 0 37 0 0 0 0 0 0 0 0 449 0 0 209 0 0 0 0 0 111 0 0 0 0 0 0 0 0 0 0 0 0 0 0 0 0 0 0 0 0 0 0 109 0 230 0 0 0 0 0 0 0 350 0 0 0 0 0 0 440 0 0 0 0 0 0 0 139 0 
0 0 0 0 0 0 0 0 0 0 0 0 0 0 0 0 0 0 0 0 0 110 0 459 0 0 0 0 0 0 0 0 0 258 104 183 90 0 181 0 0 0 0 0 0 0 0 0 0 0 0 0 0 0 0 0 232 0 0 0 0 0 0 0 0 0 470 0 0 0 0 325 0 0 0 43 0 0 0 0 157 0 0 0 0 0 0 0 0 0 0 0 438 0 0 11 399 0 0 0 
0 0 0 0 0 0 0 0 0 0 0 0 0 0 0 0 0 0 0 0 0 262 0 0 0 0 0 0 0 0 436 54 0 0 0 235 0 140 0 0 0 0 0 0 0 0 0 0 0 0 0 0 0 0 0 0 0 0 0 0 0 0 0 0 0 0 0 0 0 0 0 0 0 0 0 0 0 0 0 54 0 0 0 0 0 0 0 75 0 0 0 0 0 0 0 0 0 0 0 130 
261 0 0 0 0 0 0 0 226 177 0 0 0 0 0 0 0 0 0 110 262 0 0 0 0 272 0 0 402 0 0 0 0 0 0 0 0 0 0 0 0 0 0 0 0 0 0 440 0 0 0 0 0 0 0 0 0 0 0 0 0 0 0 193 0 0 0 0 0 0 0 0 0 0 0 0 0 0 0 0 0 0 0 278 312 0 0 322 0 0 0 0 0 0 0 0 289 0 0 0 
0 0 0 0 14 0 0 0 0 0 349 0 0 0 0 0 203 0 0 0 0 0 0 0 0 0 0 0 0 0 0 0 0 0 0 0 0 0 0 0 0 462 489 0 0 0 0 0 429 0 0 0 0 0 141 0 0 0 329 0 0 0 0 0 0 0 0 0 0 0 0 0 0 0 0 0 0 0 319 0 343 0 0 0 495 0 0 0 0 0 370 0 0 0 0 459 14 0 0 293 
0 0 0 0 0 0 0 0 0 0 0 0 218 0 0 139 429 0 0 459 0 0 0 0 0 0 0 0 0 0 0 0 0 0 80 0 0 0 0 0 0 0 0 0 0 0 0 0 24 0 0 0 0 0 111 0 0 0 0 0 0 0 0 0 0 0 0 0 278 0 0 0 0 0 0 0 0 0 0 0 0 159 0 74 0 109 0 0 0 0 0 0 0 0 0 0 0 0 200 0 
0 0 380 0 0 0 0 0 309 0 0 0 0 0 0 0 0 462 0 0 0 0 0 0 0 0 0 0 0 0 448 0 0 0 0 0 0 0 0 0 0 0 0 0 0 0 320 0 0 0 0 0 44 460 50 0 0 389 0 0 0 0 325 0 0 0 0 70 0 0 0 0 0 0 0 0 287 0 0 134 0 0 0 0 336 0 23 0 0 0 0 0 0 0 0 0 0 0 0 0 
0 0 0 385 0 0 124 0 0 0 0 321 0 0 0 0 0 0 0 0 0 272 0 0 0 0 0 0 420 0 0 0 77 0 0 0 0 0 0 0 126 24 0 0 0 0 0 0 0 0 0 0 0 0 0 0 0 0 0 0 0 176 0 0 0 0 0 0 0 0 0 0 228 0 0 0 0 271 0 0 0 0 0 0 467 0 0 0 0 0 0 0 0 0 274 0 0 0 0 0 
0 0 0 0 14 0 0 0 0 0 0 0 0 0 0 0 0 0 0 0 0 0 0 0 0 0 0 0 0 0 0 0 134 0 0 0 0 0 0 0 132 273 0 0 0 0 106 392 0 0 276 307 1 0 0 0 272 0 0 0 0 0 0 0 0 0 0 0 0 0 0 0 0 0 0 0 0 0 0 300 0 0 0 0 382 0 0 0 0 0 0 0 0 0 171 383 0 0 0 0 
0 0 0 0 0 164 0 0 251 0 0 0 0 0 0 0 0 0 0 0 0 0 0 0 0 0 0 0 0 0 0 0 434 0 70 0 0 0 0 0 34 0 0 0 0 0 0 0 0 0 0 0 0 0 76 0 235 0 0 0 0 0 0 0 458 0 0 0 0 247 226 0 295 0 0 0 0 0 0 0 178 346 0 0 0 0 239 0 0 0 0 0 0 117 0 0 0 0 0 0 
0 0 0 0 0 0 0 0 123 0 0 0 0 0 0 66 0 0 0 0 0 402 0 0 0 420 0 0 0 0 0 0 0 0 196 0 0 0 0 0 0 0 0 0 0 72 0 0 49 0 0 0 0 0 0 0 0 0 0 0 0 0 0 290 0 353 0 0 0 0 0 0 0 0 0 224 0 0 0 0 0 0 0 0 165 0 282 0 0 0 0 0 0 214 0 155 0 0 0 0 
0 0 0 0 232 0 0 0 0 164 0 292 0 0 0 0 0 0 0 0 0 0 0 0 0 0 0 0 0 0 0 0 279 0 355 156 0 0 0 0 146 0 0 0 0 0 0 0 0 0 0 104 411 0 0 328 0 0 0 0 0 0 0 0 0 0 0 0 0 0 0 0 0 473 0 0 0 0 0 0 0 0 0 0 179 0 0 181 0 0 0 0 0 38 0 0 77 0 0 0 
0 0 0 0 0 0 188 0 0 0 0 0 0 0 0 0 0 0 0 0 436 0 0 0 448 0 0 0 0 0 0 0 0 0 0 0 0 0 227 0 0 0 0 0 0 0 0 0 0 0 0 306 0 0 173 0 0 0 302 0 457 0 224 335 0 0 0 0 0 0 0 0 0 0 0 0 0 0 204 0 0 0 0 0 0 90 0 0 75 0 0 62 0 0 0 0 0 0 484 0 
0 0 0 0 0 184 0 0 0 0 0 0 0 0 0 0 0 349 0 0 54 0 0 0 0 0 0 0 0 0 0 0 0 90 0 0 0 0 0 0 0 0 0 0 0 140 0 0 0 0 0 354 0 0 0 0 0 0 0 0 0 0 0 0 0 0 187 0 0 0 0 0 0 0 0 0 284 0 0 0 0 432 0 0 0 0 0 25 0 0 0 0 0 0 0 0 0 0 0 0 
0 0 0 0 259 0 478 404 0 0 0 0 0 0 0 0 0 0 37 0 0 0 0 0 0 77 134 434 0 279 0 0 0 0 0 0 0 0 0 444 0 0 0 0 0 0 0 0 0 0 52 0 0 0 0 0 0 0 171 0 0 0 0 0 0 0 0 0 0 0 111 0 0 0 80 0 0 0 0 0 0 0 0 0 0 0 0 0 0 77 0 0 0 0 0 0 441 0 0 0 
0 0 0 0 0 411 0 0 0 0 0 0 0 0 0 0 0 184 0 258 0 0 0 0 0 0 0 0 0 0 0 90 0 0 0 0 0 0 0 0 0 0 0 0 468 0 0 411 0 0 97 0 0 0 0 0 263 0 212 0 0 0 0 0 0 0 0 321 0 409 0 0 0 281 0 0 38 0 0 0 0 0 0 0 0 0 0 0 0 0 0 264 418 0 0 0 0 0 0 0 
0 0 0 0 0 156 0 0 0 0 0 102 0 0 0 0 0 0 0 104 0 0 0 80 0 0 0 70 196 355 0 0 0 0 0 0 257 427 0 0 164 197 0 0 0 0 0 0 0 0 0 0 0 0 0 0 0 0 0 0 2 0 0 0 0 0 0 0 0 0 0 0 0 79 0 0 0 0 0 266 0 0 0 0 0 0 0 0 0 0 0 0 110 0 0 0 0 0 0 0 
145 0 498 0 0 0 0 0 217 0 0 0 0 378 0 0 315 159 0 183 235 0 0 0 0 0 0 0 0 156 0 0 0 0 0 0 0 0 0 0 0 309 0 0 0 0 0 0 0 0 0 0 0 0 0 0 0 327 0 209 0 0 0 0 0 0 0 0 0 0 0 0 0 0 0 0 0 0 0 0 0 0 0 0 0 0 0 205 0 0 0 0 0 0 0 322 0 374 0 0 
0 0 0 0 0 0 0 0 0 0 66 0 383 0 0 0 0 0 0 90 0 0 0 0 0 0 0 0 0 0 0 0 0 0 257 0 0 0 0 0 0 0 251 0 0 0 0 0 0 455 0 0 0 471 0 264 18 0 0 433 0 0 0 0 251 0 0 0 0 0 0 0 0 0 379 0 0 0 0 0 0 0 0 0 0 0 0 0 0 0 438 0 0 0 284 0 0 0 39 0 
8 334 489 0 0 0 0 0 0 325 0 180 0 110 0 0 0 0 0 0 140 0 0 0 0 0 0 0 0 0 0 0 0 0 427 0 0 0 0 0 0 145 0 0 0 0 175 0 0 0 0 0 0 0 0 0 0 0 0 0 24 0 0 53 0 0 0 0 0 0 137 0 0 0 0 0 0 0 0 0 0 0 0 0 0 0 0 0 0 0 0 142 0 0 467 0 0 0 0 0 
0 0 0 0 297 0 0 0 132 0 0 0 0 0 0 0 0 0 0 181 0 0 0 0 0 0 0 0 0 0 227 0 0 0 0 0 0 0 0 0 0 0 0 0 0 0 0 332 0 0 0 0 0 0 114 0 0 0 0 0 360 0 0 0 105 475 0 0 0 0 0 0 0 0 0 0 0 0 0 0 0 0 0 0 0 0 0 25 0 0 0 0 0 0 0 0 253 0 0 0 
0 0 0 0 0 0 0 0 0 0 0 0 0 0 0 0 0 0 0 0 0 0 0 0 0 0 0 0 0 0 0 0 444 0 0 0 0 0 0 0 0 0 0 119 153 0 0 0 0 0 0 0 326 0 0 0 0 0 0 0 0 0 262 0 0 0 113 0 0 0 441 0 0 0 276 0 0 0 0 0 0 0 0 0 0 0 0 0 0 0 28 0 0 0 0 0 0 0 0 0 
0 0 0 55 0 0 0 0 0 0 0 0 0 0 442 0 0 0 0 0 0 0 0 0 0 126 132 34 0 146 0 0 0 0 164 0 0 0 0 0 0 0 0 0 0 0 0 0 0 0 0 0 26 0 0 0 0 0 253 0 0 0 0 0 0 0 222 0 0 0 0 0 0 0 0 0 321 245 0 0 0 335 0 0 0 0 0 0 0 0 0 0 349 0 0 0 441 0 0 0 
0 0 0 0 0 0 0 0 0 0 0 0 0 0 0 0 0 0 449 0 0 0 462 0 0 24 273 0 0 0 0 0 0 0 197 309 0 145 0 0 0 0 0 0 0 0 0 0 0 483 0 0 0 0 0 0 0 0 0 0 0 0 0 0 0 0 0 0 0 0 0 387 0 0 0 119 0 0 0 0 0 0 0 0 0 0 312 0 10 0 0 171 0 0 0 249 0 90 0 0 
0 0 0 0 0 0 0 290 0 0 0 0 0 0 0 0 305 0 0 0 0 0 489 0 0 0 0 0 0 0 0 0 0 0 0 0 251 0 0 0 0 0 0 0 0 231 29 0 0 0 0 0 0 0 57 0 245 0 0 0 0 0 0 0 0 0 0 0 0 0 0 0 393 0 0 0 411 0 53 0 0 0 397 66 0 0 0 0 0 0 0 0 0 360 0 0 61 0 0 0 
0 0 352 470 0 0 0 482 0 0 0 0 0 0 0 0 0 284 0 0 0 0 0 0 0 0 0 0 0 0 0 0 0 0 0 0 0 0 0 119 0 0 0 0 0 0 0 0 0 0 0 53 0 0 0 0 0 0 337 0 0 0 0 0 0 0 0 0 0 0 0 0 0 0 0 40 0 0 0 0 0 0 32 0 0 0 0 0 373 0 0 0 0 130 0 0 0 67 0 130 
494 0 0 0 0 0 0 0 0 0 36 0 0 0 0 0 0 0 209 0 0 0 0 0 0 0 0 0 0 0 0 0 0 468 0 0 0 0 0 153 0 0 0 0 0 0 0 159 0 0 0 0 0 0 0 0 388 0 0 438 366 0 0 0 0 0 0 94 0 0 339 372 0 0 0 0 0 0 0 0 293 0 0 0 0 0 0 426 0 0 137 0 0 0 0 0 0 0 0 0 
453 0 0 0 0 0 0 0 0 0 0 0 0 0 0 0 0 414 0 0 0 0 0 0 0 0 0 0 72 0 0 140 0 0 0 0 0 0 0 0 0 0 231 0 0 0 447 0 0 0 0 311 204 0 0 0 0 418 0 0 0 48 0 0 0 0 0 0 0 0 0 37 0 0 0 0 0 0 0 0 0 0 0 0 0 0 0 0 391 180 0 390 0 0 0 323 0 0 0 0 
423 0 378 0 0 0 0 0 0 470 0 0 0 0 0 0 0 0 0 0 0 0 0 0 320 0 106 0 0 0 0 0 0 0 0 0 0 175 0 0 0 0 29 0 0 447 0 0 0 0 0 0 0 0 0 0 0 0 0 0 108 124 0 4 463 317 0 0 0 0 0 0 0 0 0 0 0 0 0 0 0 138 0 0 0 0 0 0 0 0 0 0 0 240 0 0 0 0 0 0 
188 0 0 0 0 0 0 0 0 0 0 0 0 0 0 0 0 12 0 0 0 440 0 0 0 0 392 0 0 0 0 0 0 411 0 0 0 0 332 0 0 0 0 0 159 0 0 0 0 0 0 0 0 0 247 0 0 0 0 0 0 0 0 0 0 0 0 0 0 0 0 0 0 0 0 0 0 81 257 0 0 32 0 0 0 0 0 0 0 0 0 0 0 90 0 0 0 0 0 0 
0 0 37 0 0 0 0 0 0 0 0 0 0 0 0 439 419 0 0 0 0 0 429 24 0 0 0 0 49 0 0 0 0 0 0 0 0 0 0 0 0 0 0 0 0 0 0 0 0 0 0 0 0 0 0 0 0 0 300 0 100 0 274 0 0 214 0 0 0 0 0 0 338 0 0 0 0 326 0 0 0 253 0 0 0 336 0 0 0 0 0 0 0 0 340 0 0 0 0 0 
0 0 0 0 0 0 0 0 155 0 0 0 145 0 0 0 58 0 0 0 0 0 0 0 0 0 0 0 0 0 0 0 0 0 0 0 455 0 0 0 0 483 0 0 0 0 0 0 0 0 0 0 0 0 0 0 0 0 0 0 0 182 0 0 0 0 0 0 0 0 0 0 0 374 0 0 0 431 0 0 0 0 0 0 0 0 363 0 0 0 0 0 0 418 0 0 0 103 0 0 
0 0 0 0 0 0 0 0 0 0 0 0 85 0 491 0 0 0 111 0 0 0 0 0 0 0 276 0 0 0 0 0 52 97 0 0 0 0 0 0 0 0 0 0 0 0 0 0 0 0 0 0 0 0 0 0 0 0 0 0 0 0 0 0 0 0 0 0 0 0 0 0 0 0 494 0 0 0 151 0 46 0 0 0 305 0 6 0 0 307 0 0 0 343 0 77 0 0 0 475 
0 0 0 116 0 0 0 496 0 0 0 0 0 0 0 0 67 0 0 0 0 0 0 0 0 0 307 0 0 104 306 354 0 0 0 0 0 0 0 0 0 0 0 53 0 311 0 0 0 0 0 0 0 0 0 0 0 0 0 0 0 0 0 0 0 0 135 0 0 0 0 0 0 0 0 0 0 0 0 0 0 0 0 0 0 0 0 0 0 0 0 0 0 0 0 0 0 0 376 0 
420 0 0 0 85 0 0 0 317 461 0 0 0 0 0 0 0 0 0 0 0 0 0 0 44 0 1 0 0 411 0 0 0 0 0 0 0 0 0 326 26 0 0 0 0 204 0 0 0 0 0 0 0 0 0 42 0 0 0 0 0 0 0 0 0 0 0 0 0 0 0 0 0 0 0 0 0 0 0 0 0 498 0 0 0 194 0 453 428 0 0 0 0 0 0 0 0 0 0 0 
0 215 0 226 220 0 0 0 0 70 0 0 0 0 0 0 0 0 0 0 0 0 0 0 460 0 0 0 0 0 0 0 0 0 0 0 471 0 0 0 0 0 0 0 0 0 0 0 0 0 0 0 0 0 34 0 0 307 0 0 0 354 0 0 0 0 0 0 0 0 0 288 309 277 0 0 0 41 0 0 0 0 0 0 140 0 156 0 0 0 0 0 0 0 0 0 0 0 0 0 
0 0 165 0 0 0 0 0 0 0 0 0 0 0 0 0 0 0 0 0 0 0 141 111 50 0 0 76 0 0 173 0 0 0 0 0 0 0 114 0 0 0 57 0 0 0 0 247 0 0 0 0 0 34 0 0 0 322 0 0 0 0 0 0 0 0 0 0 0 0 0 0 0 0 0 0 0 0 0 0 0 0 0 0 0 0 360 0 0 0 0 0 0 0 0 0 0 0 30 0 
0 0 0 252 0 0 0 0 0 24 0 0 0 0 0 0 0 0 0 0 0 0 0 0 0 0 0 0 0 328 0 0 0 0 0 0 264 0 0 0 0 0 0 0 0 0 0 0 0 0 0 0 42 0 0 0 0 0 201 0 0 0 117 0 0 0 0 0 328 0 0 349 0 0 0 0 0 0 0 0 0 0 0 0 0 0 0 0 0 0 0 167 0 0 0 0 0 0 116 0 
0 0 0 0 0 0 487 0 0 0 0 0 0 240 0 0 0 0 0 232 0 0 0 0 0 0 272 235 0 0 0 0 0 263 0 0 18 0 0 0 0 0 245 0 388 0 0 0 0 0 0 0 0 0 0 0 0 0 373 0 156 0 0 0 0 0 0 0 0 0 0 0 0 0 259 0 0 0 250 0 0 0 0 0 0 0 0 0 0 0 273 5 0 0 0 0 0 0 0 0 
30 0 0 0 325 0 0 0 0 0 186 0 0 56 0 0 0 0 0 0 0 0 0 0 389 0 0 0 0 0 0 0 0 0 0 327 0 0 0 0 0 0 0 0 0 418 0 0 0 0 0 0 0 307 322 0 0 0 0 0 0 0 138 0 0 0 0 0 0 0 409 273 0 0 0 0 0 0 0 0 191 0 0 0 0 0 0 0 0 0 0 0 0 0 0 0 0 389 0 342 
0 0 0 0 0 0 0 0 0 0 0 50 0 0 0 0 0 0 0 0 0 0 329 0 0 0 0 0 0 0 302 0 171 212 0 0 0 0 0 0 253 0 0 337 0 0 0 0 300 0 0 0 0 0 0 201 373 0 0 0 88 0 0 0 0 0 212 0 0 0 0 480 0 0 0 0 0 0 0 0 0 0 0 0 0 47 0 0 0 0 0 0 0 0 0 0 0 148 0 0 
0 0 0 415 0 0 0 414 0 0 291 0 0 0 0 0 0 0 0 0 0 0 0 0 0 0 0 0 0 0 0 0 0 0 0 209 433 0 0 0 0 0 0 0 438 0 0 0 0 0 0 0 0 0 0 0 0 0 0 0 0 0 0 0 0 0 0 0 0 0 0 0 0 0 0 0 0 0 0 0 0 0 0 0 0 421 0 0 0 0 0 0 0 0 0 0 0 0 0 0 
0 0 0 0 0 0 0 0 0 0 0 0 0 0 0 0 0 0 0 0 0 0 0 0 0 0 0 0 0 0 457 0 0 0 2 0 0 24 360 0 0 0 0 0 366 0 108 0 100 0 0 0 0 0 0 0 156 0 88 0 0 0 0 0 0 0 0 0 0 0 0 0 330 0 0 436 0 0 0 0 0 0 0 0 0 0 0 0 0 0 0 0 0 0 0 0 0 0 0 0 
0 90 0 457 0 0 0 0 0 0 182 0 0 0 0 0 0 0 0 0 0 0 0 0 0 176 0 0 0 0 0 0 0 0 0 0 0 0 0 0 0 0 0 0 0 48 124 0 0 182 0 0 0 354 0 0 0 0 0 0 0 0 0 0 0 0 0 67 54 0 0 0 0 0 0 0 0 0 244 0 0 0 0 0 0 0 0 0 0 0 0 0 0 0 0 0 0 96 0 0 
0 0 0 0 0 0 0 0 0 0 0 0 364 0 0 0 0 0 0 0 0 0 0 0 325 0 0 0 0 0 224 0 0 0 0 0 0 0 0 262 0 0 0 0 0 0 0 0 274 0 0 0 0 0 0 117 0 138 0 0 0 0 0 0 407 0 446 0 0 0 442 0 0 0 0 0 0 0 0 0 0 0 0 0 0 0 0 0 0 0 0 0 0 0 0 0 0 0 84 0 
0 0 0 0 0 0 0 0 0 0 0 0 0 0 0 0 0 0 0 0 0 193 0 0 0 0 0 0 290 0 335 0 0 0 0 0 0 53 0 0 0 0 0 0 0 0 4 0 0 0 0 0 0 0 0 0 0 0 0 0 0 0 0 0 0 0 0 210 0 0 0 0 80 0 342 500 0 0 0 0 0 172 0 0 0 0 283 0 0 0 204 0 0 0 0 0 0 152 0 0 
0 167 0 0 0 0 0 0 0 0 0 0 0 0 0 0 0 0 0 0 0 0 0 0 0 0 0 458 0 0 0 0 0 0 0 0 251 0 105 0 0 0 0 0 0 0 463 0 0 0 0 0 0 0 0 0 0 0 0 0 0 0 407 0 0 0 0 0 0 0 0 0 0 0 0 0 0 72 0 0 0 0 15 0 0 0 0 0 77 0 0 0 0 212 0 0 0 139 0 0 
0 0 495 0 235 0 0 0 0 0 191 416 0 0 0 0 0 0 0 0 0 0 0 0 0 0 0 0 353 0 0 0 0 0 0 0 0 0 475 0 0 0 0 0 0 0 317 0 214 0 0 0 0 0 0 0 0 0 0 0 0 0 0 0 0 0 0 0 0 0 0 0 0 0 0 0 0 0 0 0 214 0 165 0 0 0 0 32 275 318 370 0 0 0 0 0 0 0 0 0 
0 0 0 0 0 0 131 107 0 0 164 0 0 437 0 0 499 369 0 470 0 0 0 0 0 0 0 0 0 0 0 187 0 0 0 0 0 0 0 113 222 0 0 0 0 0 0 0 0 0 0 135 0 0 0 0 0 0 212 0 0 0 446 0 0 0 0 0 0 0 0 0 0 0 0 0 0 0 0 0 0 0 0 0 0 188 0 0 0 0 0 0 0 0 0 0 0 0 0 40 
0 0 0 0 0 0 0 0 0 135 232 0 0 0 0 0 0 0 0 0 0 0 0 0 70 0 0 0 0 0 0 0 0 321 0 0 0 0 0 0 0 0 0 0 94 0 0 0 0 0 0 0 0 0 0 0 0 0 0 0 0 67 0 210 0 0 0 0 0 0 0 0 0 23 0 0 0 0 0 0 0 0 0 346 260 0 468 0 0 0 0 0 0 356 0 0 0 0 0 0 
0 0 235 0 0 0 0 469 0 0 0 0 0 0 0 0 0 307 0 0 0 0 0 278 0 0 0 0 0 0 0 0 0 0 0 0 0 0 0 0 0 0 0 0 0 0 0 0 0 0 0 0 0 0 0 328 0 0 0 0 0 54 0 0 0 0 0 0 0 417 0 0 0 188 139 427 0 0 0 0 0 0 0 94 0 0 0 0 0 0 0 0 0 0 0 0 0 0 0 0 
0 111 0 0 0 0 195 0 0 0 0 0 0 0 0 0 404 0 0 0 0 0 0 0 0 0 0 247 0 0 0 0 0 409 0 0 0 0 0 0 0 0 0 0 0 0 0 0 0 0 0 0 0 0 0 0 0 0 0 0 0 0 0 0 0 0 0 0 417 0 0 0 240 0 0 0 0 164 0 0 0 0 328 0 0 0 0 0 0 395 160 0 0 0 0 0 0 0 0 450 
0 410 0 49 439 0 0 0 0 0 413 0 0 0 0 0 0 0 0 0 0 0 0 0 0 0 0 226 0 0 0 0 111 0 0 0 0 137 0 441 0 0 0 0 339 0 0 0 0 0 0 0 0 0 0 0 0 409 0 0 0 0 442 0 0 0 0 0 0 0 0 0 0 0 0 0 0 0 0 0 0 0 0 0 0 0 0 386 0 91 0 0 0 0 0 0 0 0 0 0 
0 0 0 470 78 0 0 0 0 0 0 0 0 0 0 106 0 205 0 325 0 0 0 0 0 0 0 0 0 0 0 0 0 0 0 0 0 0 0 0 0 387 0 0 372 37 0 0 0 0 0 0 0 288 0 349 0 273 480 0 0 0 0 0 0 0 0 0 0 0 0 0 0 0 0 0 0 0 0 0 0 0 0 0 375 0 0 0 231 0 0 0 0 0 0 197 0 0 0 0 
279 202 0 0 0 0 0 0 0 0 0 0 0 0 254 0 140 0 0 0 0 0 0 0 0 228 0 295 0 0 0 0 0 0 0 0 0 0 0 0 0 0 393 0 0 0 0 0 338 0 0 0 0 309 0 0 0 0 0 0 330 0 0 80 0 0 0 0 0 240 0 0 0 0 0 0 0 76 0 0 42 0 0 0 0 0 0 0 0 0 0 413 0 0 0 0 0 0 0 0 
0 0 0 0 0 0 0 0 0 0 0 0 0 0 0 0 0 0 109 0 0 0 0 0 0 0 0 0 0 473 0 0 0 281 79 0 0 0 0 0 0 0 0 0 0 0 0 0 0 374 0 0 0 277 0 0 0 0 0 0 0 0 0 0 0 0 0 23 188 0 0 0 0 0 28 0 19 0 473 0 0 56 0 0 0 0 0 0 0 0 0 348 0 0 0 0 0 0 0 190 
0 0 0 0 0 0 0 0 0 110 0 0 0 0 0 0 0 0 0 0 0 0 0 0 0 0 0 0 0 0 0 0 80 0 0 0 379 0 0 276 0 0 0 0 0 0 0 0 0 0 494 0 0 0 0 0 259 0 0 0 0 0 0 342 0 0 0 0 139 0 0 0 0 28 0 34 0 0 0 0 0 0 0 396 0 0 49 0 0 0 0 0 0 0 0 494 0 86 0 376 
0 0 0 0 0 441 0 259 0 0 0 152 0 0 0 0 0 0 230 43 0 0 0 0 0 0 0 0 224 0 0 0 0 0 0 0 0 0 0 0 0 119 0 40 0 0 0 0 0 0 0 0 0 0 0 0 0 0 0 0 436 0 0 500 0 0 0 0 427 0 0 0 0 0 34 0 0 64 0 0 0 0 0 0 0 0 0 0 166 0 0 0 0 0 0 0 0 0 19 0 
362 404 0 0 0 0 0 477 0 21 0 0 0 0 0 0 0 0 0 0 0 0 0 0 287 0 0 0 0 0 0 284 0 38 0 0 0 0 0 0 321 0 411 0 0 0 0 0 0 0 0 0 0 0 0 0 0 0 0 0 0 0 0 0 0 0 0 0 0 0 0 0 0 19 0 0 0 0 0 0 395 83 0 0 0 149 0 0 334 0 0 0 0 0 0 0 0 373 0 0 
0 0 0 0 0 0 0 0 0 0 0 0 0 0 416 119 0 0 0 0 0 0 0 0 0 271 0 0 0 0 0 0 0 0 0 0 0 0 0 0 245 0 0 0 0 0 0 81 326 431 0 0 0 41 0 0 0 0 0 0 0 0 0 0 72 0 0 0 0 164 0 0 76 0 0 64 0 0 4 0 229 0 0 0 0 0 0 0 0 0 0 0 0 0 347 0 0 0 0 0 
0 0 0 0 0 0 132 0 0 0 0 0 0 0 0 0 0 0 0 0 0 0 319 0 0 0 0 0 0 0 204 0 0 0 0 0 0 0 0 0 0 0 53 0 0 0 0 257 0 0 151 0 0 0 0 0 250 0 0 0 0 244 0 0 0 0 0 0 0 0 0 0 0 473 0 0 0 4 0 0 0 169 0 0 0 0 0 0 0 0 0 0 55 0 0 0 0 0 0 0 
0 406 278 0 0 0 0 0 0 0 0 0 0 0 0 133 0 0 0 0 54 0 0 0 134 0 300 0 0 0 0 0 0 0 266 0 0 0 0 0 0 0 0 0 0 0 0 0 0 0 0 0 0 0 0 0 0 0 0 0 0 0 0 0 0 0 0 0 0 0 0 0 0 0 0 0 0 0 0 0 0 0 0 0 0 0 0 0 0 292 0 0 0 0 0 0 235 0 0 0 
326 0 0 0 0 0 0 413 0 0 0 0 91 0 0 0 0 0 0 157 0 0 343 0 0 0 0 178 0 0 0 0 0 0 0 0 0 0 0 0 0 0 0 0 293 0 0 0 0 0 46 0 0 0 0 0 0 191 0 0 0 0 0 0 0 214 0 0 0 0 0 0 42 0 0 0 395 229 0 0 0 0 0 0 0 0 0 0 0 412 0 0 0 145 0 0 0 0 0 0 
0 0 0 0 0 0 0 0 0 0 0 0 306 0 0 0 0 83 0 0 0 0 0 159 0 0 0 346 0 0 0 432 0 0 0 0 0 0 0 0 335 0 0 0 0 0 138 32 253 0 0 0 498 0 0 0 0 0 0 0 0 0 0 172 0 0 0 0 0 0 0 0 0 56 0 0 83 0 169 0 0 0 0 0 5 0 0 0 0 0 0 0 0 0 0 0 0 0 0 0 
0 0 0 0 0 0 0 0 0 0 0 77 0 0 0 335 0 0 0 0 0 0 0 0 0 0 0 0 0 0 0 0 0 0 0 0 0 0 0 0 0 0 397 32 0 0 0 0 0 0 0 0 0 0 0 0 0 0 0 0 0 0 0 0 15 165 0 0 0 328 0 0 0 0 0 0 0 0 0 0 0 0 0 0 0 0 0 0 128 0 0 0 0 0 33 0 0 0 0 0 
0 0 0 0 0 0 0 0 0 0 81 0 0 0 361 406 0 0 350 0 0 278 0 74 0 0 0 0 0 0 0 0 0 0 0 0 0 0 0 0 0 0 66 0 0 0 0 0 0 0 0 0 0 0 0 0 0 0 0 0 0 0 0 0 0 0 0 346 94 0 0 0 0 0 396 0 0 0 0 0 0 0 0 0 0 0 0 0 141 0 0 0 0 0 0 0 0 0 0 0 
0 0 0 0 0 0 450 0 0 0 0 0 0 0 0 0 0 0 0 0 0 312 495 0 336 467 382 0 165 179 0 0 0 0 0 0 0 0 0 0 0 0 0 0 0 0 0 0 0 0 305 0 0 140 0 0 0 0 0 0 0 0 0 0 0 0 0 260 0 0 0 375 0 0 0 0 0 0 0 0 0 5 0 0 0 0 0 0 0 204 0 0 0 0 0 0 0 0 0 215 
0 0 0 0 0 0 0 108 0 0 90 292 0 0 0 0 0 0 0 0 0 0 0 109 0 0 0 0 0 0 90 0 0 0 0 0 0 0 0 0 0 0 0 0 0 0 0 0 336 0 0 0 194 0 0 0 0 0 47 421 0 0 0 0 0 0 188 0 0 0 0 0 0 0 0 0 149 0 0 0 0 0 0 0 0 0 0 0 0 0 462 0 0 0 0 351 0 0 28 0 
0 0 0 0 0 75 0 0 0 0 0 0 0 0 0 0 0 0 0 0 0 0 0 0 23 0 0 239 282 0 0 0 0 0 0 0 0 0 0 0 0 312 0 0 0 0 0 0 0 363 6 0 0 156 360 0 0 0 0 0 0 0 0 283 0 0 0 468 0 0 0 0 0 0 49 0 0 0 0 0 0 0 0 0 0 0 0 0 0 75 333 0 0 0 0 0 0 451 0 0 
47 126 41 0 0 447 0 0 0 0 0 0 0 0 0 0 0 0 0 0 75 322 0 0 0 0 0 0 0 181 0 25 0 0 0 205 0 0 25 0 0 0 0 0 426 0 0 0 0 0 0 0 453 0 0 0 0 0 0 0 0 0 0 0 0 32 0 0 0 0 386 0 0 0 0 0 0 0 0 0 0 0 0 0 0 0 0 0 0 0 0 0 0 0 0 0 0 0 0 35 
0 0 0 0 0 0 0 0 0 0 0 0 0 0 0 0 0 0 0 0 0 0 0 0 0 0 0 0 0 0 75 0 0 0 0 0 0 0 0 0 0 10 0 373 0 391 0 0 0 0 0 0 428 0 0 0 0 0 0 0 0 0 0 0 77 275 0 0 0 0 0 231 0 0 0 166 334 0 0 0 0 0 128 141 0 0 0 0 0 0 0 0 0 0 0 0 0 0 0 0 
0 0 0 0 0 0 476 0 0 0 0 0 0 0 0 0 0 0 0 0 0 0 0 0 0 0 0 0 0 0 0 0 77 0 0 0 0 0 0 0 0 0 0 0 0 180 0 0 0 0 307 0 0 0 0 0 0 0 0 0 0 0 0 0 0 318 0 0 0 395 91 0 0 0 0 0 0 0 0 292 412 0 0 0 204 0 75 0 0 0 0 0 0 0 0 0 0 0 341 0 
0 0 0 0 389 0 0 0 0 0 0 0 52 0 0 0 0 0 440 0 0 0 370 0 0 0 0 0 0 0 0 0 0 0 0 0 438 0 0 28 0 0 0 0 137 0 0 0 0 0 0 0 0 0 0 0 273 0 0 0 0 0 0 204 0 370 0 0 0 160 0 0 0 0 0 0 0 0 0 0 0 0 0 0 0 462 333 0 0 0 0 0 0 0 0 0 360 68 0 0 
0 0 16 0 285 0 0 0 0 0 399 0 0 0 0 0 0 0 0 0 0 0 0 0 0 0 0 0 0 0 62 0 0 264 0 0 0 142 0 0 0 171 0 0 0 390 0 0 0 0 0 0 0 0 0 167 5 0 0 0 0 0 0 0 0 0 0 0 0 0 0 0 413 348 0 0 0 0 0 0 0 0 0 0 0 0 0 0 0 0 0 0 0 204 0 0 438 0 156 0 
0 0 0 0 0 0 0 0 0 136 0 0 0 0 413 0 0 0 0 438 0 0 0 0 0 0 0 0 0 0 0 0 0 418 110 0 0 0 0 0 349 0 0 0 0 0 0 0 0 0 0 0 0 0 0 0 0 0 0 0 0 0 0 0 0 0 0 0 0 0 0 0 0 0 0 0 0 0 55 0 0 0 0 0 0 0 0 0 0 0 0 0 0 0 0 0 0 0 0 0 
0 0 0 0 0 0 0 0 326 0 0 0 0 0 0 0 0 309 0 0 0 0 0 0 0 0 0 117 214 38 0 0 0 0 0 0 0 0 0 0 0 0 360 130 0 0 240 90 0 418 343 0 0 0 0 0 0 0 0 0 0 0 0 0 212 0 0 356 0 0 0 0 0 0 0 0 0 0 0 0 145 0 0 0 0 0 0 0 0 0 0 204 0 0 0 0 0 0 0 0 
337 0 0 351 0 0 0 354 0 28 0 0 0 414 0 290 134 0 0 0 0 0 0 0 0 274 171 0 0 0 0 0 0 0 0 0 284 467 0 0 0 0 0 0 0 0 0 0 340 0 0 0 0 0 0 0 0 0 0 0 0 0 0 0 0 0 0 0 0 0 0 0 0 0 0 0 0 347 0 0 0 0 33 0 0 0 0 0 0 0 0 0 0 0 0 0 49 0 0 0 
0 466 0 0 0 0 482 0 0 0 0 0 11 0 0 0 0 0 0 11 0 0 459 0 0 0 383 0 155 0 0 0 0 0 0 322 0 0 0 0 0 249 0 0 0 323 0 0 0 0 77 0 0 0 0 0 0 0 0 0 0 0 0 0 0 0 0 0 0 0 0 197 0 0 494 0 0 0 0 0 0 0 0 0 0 351 0 0 0 0 0 0 0 0 0 0 463 0 0 0 
0 0 0 0 0 0 0 0 0 0 0 0 0 0 163 0 168 0 0 399 0 289 14 0 0 0 0 0 0 77 0 0 441 0 0 0 0 0 253 0 441 0 61 0 0 0 0 0 0 0 0 0 0 0 0 0 0 0 0 0 0 0 0 0 0 0 0 0 0 0 0 0 0 0 0 0 0 0 0 235 0 0 0 0 0 0 0 0 0 0 360 438 0 0 49 463 0 0 0 0 
0 0 0 0 0 0 0 0 0 0 0 0 0 0 0 0 0 0 0 0 0 0 0 0 0 0 0 0 0 0 0 0 0 0 0 374 0 0 0 0 0 90 0 67 0 0 0 0 0 103 0 0 0 0 0 0 0 389 148 0 0 96 0 152 139 0 0 0 0 0 0 0 0 0 86 0 373 0 0 0 0 0 0 0 0 0 451 0 0 0 68 0 0 0 0 0 0 0 0 0 
0 0 0 0 0 0 0 0 0 0 0 0 254 376 0 0 0 0 139 0 0 0 0 200 0 0 0 0 0 0 484 0 0 0 0 0 39 0 0 0 0 0 0 0 0 0 0 0 0 0 0 376 0 0 30 116 0 0 0 0 0 0 84 0 0 0 0 0 0 0 0 0 0 0 0 19 0 0 0 0 0 0 0 0 0 28 0 0 0 341 0 156 0 0 0 0 0 0 0 0 
44 102 0 0 0 0 0 0 0 0 0 0 434 0 0 445 0 0 0 0 130 0 293 0 0 0 0 0 0 0 0 0 0 0 0 0 0 0 0 0 0 0 0 130 0 0 0 0 0 0 475 0 0 0 0 0 0 342 0 0 0 0 0 0 0 0 40 0 0 450 0 0 0 190 376 0 0 0 0 0 0 0 0 0 215 0 0 35 0 0 0 0 0 0 0 0 0 0 0 0 
