0 57 0 56 93 95 80 0 62 4 58 0 62 0 0 4 0 18 92 63 53 15 0 41 10 0 53 0 11 4 7 25 55 0 65 92 17 53 0 0 0 0 0 0 90 14 0 68 59 75 53 89 13 26 0 51 0 0 50 0 0 0 81 61 47 28 62 0 77 51 0 0 19 0 0 0 100 97 2 0 0 63 0 44 0 98 0 81 79 83 0 64 56 97 23 76 66 77 74 6 
57 0 36 17 0 58 93 0 0 0 0 87 83 64 7 96 71 8 88 97 0 17 65 22 97 0 38 19 0 86 88 43 88 0 13 65 0 47 94 22 60 3 0 0 0 19 42 34 0 9 11 1 0 9 91 63 33 96 0 0 53 67 84 0 0 0 45 100 56 4 0 51 33 36 16 91 14 29 14 100 93 0 91 57 77 49 23 77 0 0 49 35 0 16 72 0 0 55 0 0 
0 36 0 0 91 44 37 12 0 5 57 74 87 14 0 0 14 0 72 5 0 78 69 0 0 11 85 84 41 91 14 71 0 0 15 0 10 76 56 0 0 0 65 49 71 35 0 47 44 0 81 0 0 81 54 58 0 42 40 37 0 30 0 37 6 9 69 67 40 57 0 91 0 24 58 13 59 100 13 66 79 0 82 59 0 0 6 0 99 83 0 13 28 73 66 0 36 29 77 36 
56 17 0 0 0 25 9 21 89 77 25 83 0 55 92 25 71 97 98 39 13 0 83 95 76 0 46 8 79 52 39 0 39 26 0 91 96 13 0 0 40 95 56 19 0 8 0 0 84 0 79 0 25 0 11 54 0 0 0 80 50 22 81 97 78 0 0 92 0 83 0 24 86 35 83 84 48 24 65 43 3 35 35 32 44 49 16 33 0 0 31 34 18 0 0 0 0 0 11 70 
93 0 91 0 0 88 0 0 69 0 90 0 0 0 87 67 19 0 31 15 0 0 0 38 45 26 89 0 65 41 0 93 0 9 26 0 89 0 97 0 0 92 0 0 0 0 0 77 17 64 54 0 89 0 50 1 0 82 56 39 91 0 40 54 0 0 46 0 0 0 68 0 98 77 0 0 60 33 0 0 12 49 46 82 75 43 0 54 37 22 0 4 69 22 2 84 15 0 76 30 
95 58 44 25 88 0 31 0 78 3 76 53 57 16 91 0 98 23 84 11 19 0 87 76 70 20 7 38 53 0 85 90 96 63 67 79 0 0 0 4 47 70 57 8 37 0 0 97 0 0 44 45 4 0 0 47 91 0 63 35 97 3 20 0 11 45 0 65 0 44 7 28 53 0 0 28 0 0 6 0 98 25 28 0 36 77 38 17 80 23 72 0 0 0 32 0 21 0 0 26 
80 93 37 9 0 31 0 94 0 96 0 79 67 0 29 0 0 0 0 59 0 49 98 0 74 60 84 70 0 9 44 100 0 0 29 97 87 4 71 0 37 1 54 16 0 74 0 28 0 0 23 72 30 0 0 30 8 38 3 52 95 0 16 2 0 0 40 48 24 2 88 0 0 0 0 75 0 82 39 31 61 18 68 69 89 12 29 0 37 26 18 52 38 77 51 0 5 91 0 50 
0 0 12 21 0 0 94 0 72 70 95 42 71 0 15 0 0 8 61 62 0 81 72 75 27 0 0 63 0 90 19 20 41 0 31 0 61 0 35 0 24 46 47 99 0 0 10 0 62 0 27 95 76 0 0 0 56 91 55 82 0 17 93 0 7 71 69 0 0 0 22 45 33 12 0 78 11 0 26 0 0 40 45 0 95 63 0 100 98 7 77 0 0 86 53 0 45 94 81 14 
62 0 0 89 69 78 0 72 0 0 98 79 0 76 0 0 0 0 14 0 92 0 49 44 71 91 8 66 0 5 0 0 0 35 58 0 40 82 74 15 60 77 0 26 0 19 78 99 13 52 0 0 68 83 60 0 3 2 88 15 76 71 63 0 0 59 0 0 81 0 17 2 30 69 26 47 57 2 22 0 0 6 72 37 0 88 54 70 0 0 0 70 98 44 48 5 90 88 49 24 
4 0 5 77 0 3 96 70 0 0 38 10 55 0 28 52 71 89 18 26 26 0 0 0 0 86 55 72 14 55 0 0 11 0 0 76 59 0 0 0 29 31 0 0 0 0 57 30 47 74 49 0 0 39 0 0 0 8 64 93 0 4 46 92 20 0 0 42 18 43 0 92 98 88 46 0 22 0 100 81 52 90 36 28 11 0 0 79 0 59 92 0 0 89 1 48 0 94 0 61 
58 0 57 25 90 76 0 95 98 38 0 7 0 68 0 35 47 79 1 0 51 0 0 0 0 0 30 74 60 0 96 0 0 13 0 0 53 85 0 0 20 0 5 100 100 21 82 24 82 40 51 91 48 68 0 0 28 0 0 75 33 13 86 23 0 65 26 78 11 72 55 14 67 0 73 61 14 82 0 0 85 0 9 0 20 0 43 89 0 41 82 0 0 63 19 48 49 63 23 16 
0 87 74 83 0 53 79 42 79 10 7 0 7 14 0 0 24 19 0 22 0 87 46 30 57 0 88 0 0 8 0 0 97 0 0 37 10 79 76 0 72 13 89 18 82 17 7 76 40 52 0 34 65 18 0 0 40 67 86 68 3 9 13 0 99 50 38 0 46 0 97 0 27 92 0 0 63 0 0 8 59 0 91 0 1 0 0 69 33 45 14 56 37 0 75 56 43 0 0 22 
62 83 87 0 0 57 67 71 0 55 0 7 0 25 0 19 0 0 0 0 0 0 0 40 0 19 99 54 75 0 30 0 0 28 0 1 34 40 0 41 0 63 62 0 0 32 0 34 40 28 33 21 0 83 22 0 69 82 52 29 0 0 28 0 44 61 0 77 27 43 0 0 24 65 0 0 85 32 70 59 12 22 79 85 49 0 84 0 94 0 58 36 60 77 21 0 0 22 0 50 
0 64 14 55 0 16 0 0 76 0 68 14 25 0 26 0 0 98 0 83 74 20 0 63 86 0 67 0 0 0 93 0 46 0 0 38 71 48 17 95 59 0 0 9 0 44 38 0 44 84 0 0 0 31 0 16 0 50 31 73 75 0 2 0 7 91 15 0 23 0 0 84 0 0 55 78 74 0 82 78 96 19 24 0 0 66 0 54 0 0 96 82 14 0 54 11 0 25 0 0 
0 7 0 92 87 91 29 15 0 28 0 0 0 26 0 49 0 16 0 57 17 43 54 67 68 0 46 0 71 57 0 0 41 50 80 84 0 0 0 34 35 0 0 85 69 26 19 0 42 0 0 98 0 97 0 65 88 17 86 28 0 0 79 0 96 51 4 56 38 35 0 27 0 76 0 69 23 0 75 89 82 45 0 21 7 58 22 9 30 0 99 58 0 0 79 0 60 0 0 26 
4 96 0 25 67 0 0 0 0 52 35 0 19 0 49 0 4 0 32 9 39 45 71 75 84 0 0 0 0 38 1 75 83 56 0 60 77 47 29 0 0 60 30 0 0 0 0 0 0 0 12 71 0 38 87 8 63 15 90 0 0 81 31 0 7 27 38 67 0 0 94 0 68 65 47 30 23 0 34 30 92 0 29 22 3 57 89 15 0 10 8 95 0 0 0 1 0 74 22 35 
0 71 14 71 19 98 0 0 0 71 47 24 0 0 0 4 0 47 0 6 91 0 49 38 63 50 0 0 43 78 36 0 41 82 3 50 62 83 84 59 89 26 71 0 0 24 0 78 23 0 43 0 35 33 0 0 87 0 0 81 66 55 0 0 0 42 94 73 0 0 0 0 60 56 0 77 32 0 59 2 71 0 0 36 30 50 0 62 55 0 64 0 0 69 0 59 85 66 84 54 
18 8 0 97 0 23 0 8 0 89 79 19 0 98 16 0 47 0 50 96 57 55 0 0 48 0 0 0 39 0 59 0 50 0 56 80 0 0 14 27 0 86 20 28 21 0 66 0 45 45 80 27 0 11 44 84 2 60 15 13 0 0 6 0 7 0 30 0 17 9 0 65 41 79 90 0 0 86 0 70 0 80 46 0 8 0 41 9 82 33 88 15 40 52 0 16 85 44 7 0 
92 88 72 98 31 84 0 61 14 18 1 0 0 0 0 32 0 50 0 4 15 0 68 73 0 0 85 89 24 18 42 0 63 15 0 0 0 69 2 52 0 2 0 40 96 38 0 0 62 0 0 0 0 0 87 91 0 0 97 59 0 0 0 0 0 0 0 0 0 0 68 0 0 40 0 85 50 0 0 0 0 20 0 88 35 94 74 72 10 15 51 97 16 0 74 8 94 0 0 75 
63 97 5 39 15 11 59 62 0 26 0 22 0 83 57 9 6 96 4 0 74 0 17 75 97 0 25 0 84 98 42 0 4 45 36 43 51 21 0 0 0 0 0 10 0 14 0 1 37 0 95 0 97 27 53 0 89 0 14 63 0 67 0 0 6 65 51 74 0 0 77 63 100 27 0 0 29 47 0 0 0 0 9 0 0 0 100 0 0 59 47 11 0 2 11 63 0 67 10 21 
53 0 0 13 0 19 0 0 92 26 51 0 0 74 17 39 91 57 15 74 0 8 23 0 95 38 39 84 60 46 0 4 1 72 24 0 0 0 47 77 59 24 0 0 31 4 40 100 6 48 32 3 84 88 8 61 0 69 28 0 0 0 82 0 6 17 0 39 68 0 38 0 0 26 0 0 0 73 66 58 77 0 0 0 58 39 0 81 0 36 50 17 32 86 44 23 0 0 33 58 
15 17 78 0 0 0 49 81 0 0 0 87 0 20 43 45 0 55 0 0 8 0 21 25 82 67 7 0 28 0 11 0 0 85 0 0 0 1 87 13 0 0 87 48 56 63 3 0 43 60 8 27 5 0 68 47 0 0 63 0 71 30 0 0 89 27 0 33 0 21 19 58 59 0 79 6 80 13 21 0 10 0 0 17 28 1 0 51 74 60 0 0 63 9 5 0 59 59 0 28 
0 65 69 83 0 87 98 72 49 0 0 46 0 0 54 71 49 0 68 17 23 21 0 0 36 29 28 54 0 19 37 84 0 28 39 17 0 0 47 0 0 0 0 0 87 52 78 31 0 97 35 87 10 3 0 3 55 15 24 0 91 11 19 24 20 43 0 0 45 20 0 3 34 29 73 0 0 0 36 0 0 0 98 0 85 0 0 91 33 60 44 0 0 23 75 0 22 44 3 11 
41 22 0 95 38 76 0 75 44 0 0 30 40 63 67 75 38 0 73 75 0 25 0 0 0 46 0 77 0 42 0 0 83 44 0 89 0 0 85 81 0 0 26 0 77 97 63 41 57 49 0 21 0 47 0 0 16 96 70 17 14 0 0 0 0 22 0 39 0 44 21 0 74 69 0 0 0 0 25 0 0 0 0 48 0 24 0 94 0 0 42 7 84 0 0 0 75 39 94 98 
10 97 0 76 45 70 74 27 71 0 0 57 0 86 68 84 63 48 0 97 95 82 36 0 0 21 0 90 0 0 48 46 0 64 0 46 61 45 90 3 64 0 88 0 0 91 53 63 7 21 41 36 36 46 9 0 0 91 0 67 96 25 0 63 27 0 10 31 0 15 10 4 0 0 0 62 0 61 71 53 0 81 4 0 0 82 0 60 37 33 52 9 92 30 0 55 7 25 77 47 
0 0 11 0 26 20 60 0 91 86 0 0 19 0 0 0 50 0 0 0 38 67 29 46 21 0 30 62 63 32 80 0 0 79 64 89 19 74 72 48 0 75 24 98 0 0 21 0 0 43 16 38 66 40 65 0 99 6 66 80 0 0 0 0 68 3 0 0 77 23 75 26 11 0 50 0 8 68 57 66 0 0 58 11 40 0 23 88 0 28 0 2 14 43 68 0 0 0 75 47 
53 38 85 46 89 7 84 0 8 55 30 88 99 67 46 0 0 0 85 25 39 7 28 0 0 30 0 7 0 0 26 91 1 0 66 54 8 0 87 46 33 29 79 97 0 77 0 98 12 67 97 0 32 6 59 92 0 57 0 0 0 12 0 64 0 3 0 82 92 2 58 37 0 0 0 84 0 0 0 21 0 36 7 0 6 54 0 0 0 29 20 26 0 35 43 55 0 28 17 0 
0 19 84 8 0 38 70 63 66 72 74 0 54 0 0 0 0 0 89 0 84 0 54 77 90 62 7 0 39 81 0 5 0 96 90 92 30 67 0 0 0 0 35 59 1 29 0 45 73 6 29 37 0 0 0 0 0 1 23 43 0 11 0 0 76 0 62 0 68 0 0 88 15 0 8 0 0 0 0 71 0 84 33 85 83 86 0 0 63 0 9 43 45 0 0 84 42 11 0 51 
11 0 41 79 65 53 0 0 0 14 60 0 75 0 71 0 43 39 24 84 60 28 0 0 0 63 0 39 0 28 44 31 87 16 0 88 76 51 18 1 0 3 84 1 14 43 70 86 0 69 72 11 0 0 0 0 64 33 26 41 79 12 30 60 64 0 83 0 51 0 0 0 0 0 89 66 45 0 22 66 0 2 11 0 48 3 0 5 37 0 82 5 13 79 12 45 0 0 47 30 
4 86 91 52 41 0 9 90 5 55 0 8 0 0 57 38 78 0 18 98 46 0 19 42 0 32 0 81 28 0 49 0 11 60 33 22 43 0 0 0 35 100 28 0 0 2 60 34 0 0 31 39 0 0 0 0 0 0 23 82 8 0 0 43 90 8 92 0 59 0 81 31 0 0 2 0 0 0 52 47 0 0 26 11 42 0 0 0 10 0 31 22 0 33 0 99 0 62 21 63 
7 88 14 39 0 85 44 19 0 0 96 0 30 93 0 1 36 59 42 42 0 11 37 0 48 80 26 0 44 49 0 35 89 32 30 0 0 80 0 34 0 5 56 35 53 34 65 69 89 88 19 23 0 100 0 0 15 0 1 48 15 39 3 0 76 0 42 17 0 72 73 0 4 42 0 0 0 27 0 21 20 0 0 0 50 74 33 0 43 87 83 0 26 29 3 57 72 18 13 91 
25 43 71 0 93 90 100 20 0 0 0 0 0 0 0 75 0 0 0 0 4 0 84 0 46 0 91 5 31 0 35 0 0 0 30 0 0 46 0 0 96 0 100 79 0 68 0 0 55 0 60 84 14 0 58 21 52 0 8 84 49 56 0 0 43 65 57 0 23 69 0 28 0 0 0 0 0 0 56 0 94 56 0 100 71 57 0 0 9 0 0 56 53 40 0 18 33 0 82 80 
55 88 0 39 0 96 0 41 0 11 0 97 0 46 41 83 41 50 63 4 1 0 0 83 0 0 1 0 87 11 89 0 0 69 1 59 0 75 0 27 55 50 39 43 44 34 0 87 0 96 63 93 28 0 88 5 93 67 0 83 99 0 4 46 0 34 43 33 0 0 24 0 19 12 0 49 0 0 0 0 20 74 75 60 0 0 0 4 0 0 61 71 0 29 0 0 0 51 0 0 
0 0 0 26 9 63 0 0 35 0 13 0 28 0 50 56 82 0 15 45 72 85 28 44 64 79 0 96 16 60 32 0 69 0 0 61 3 65 13 9 0 26 0 0 11 0 73 39 0 24 0 75 78 47 9 64 0 0 85 28 0 64 32 0 42 77 11 0 0 0 0 31 0 46 0 0 83 0 96 6 84 0 94 47 0 81 0 0 67 40 0 50 0 57 71 0 44 76 0 80 
65 13 15 0 26 67 29 31 58 0 0 0 0 0 80 0 3 56 0 36 24 0 39 0 0 64 66 90 0 33 30 30 1 0 0 16 21 23 13 96 86 100 0 63 73 54 86 22 0 44 62 33 0 97 12 0 33 0 74 30 60 12 46 37 16 87 0 2 0 71 0 60 0 43 0 0 0 83 0 94 93 6 12 77 90 22 0 33 59 45 0 28 94 92 0 11 1 67 0 66 
92 65 0 91 0 79 97 0 0 76 0 37 1 38 84 60 50 80 0 43 0 0 17 89 46 89 54 92 88 22 0 0 59 61 16 0 14 1 93 0 39 31 0 0 35 19 0 34 66 20 13 33 29 0 58 80 0 90 0 73 8 53 15 43 77 78 9 4 0 46 0 81 17 0 0 0 67 0 0 0 26 13 94 54 0 0 36 16 83 17 51 73 0 10 6 51 5 0 24 36 
17 0 10 96 89 0 87 61 40 59 53 10 34 71 0 77 62 0 0 51 0 0 0 0 61 19 8 30 76 43 0 0 0 3 21 14 0 0 43 74 63 0 66 2 15 0 0 87 1 47 74 0 100 91 0 88 61 0 14 0 0 37 0 29 0 9 37 0 21 80 0 99 97 26 0 29 22 59 11 50 6 0 93 0 0 77 61 0 0 39 52 0 0 72 0 0 0 64 0 0 
53 47 76 13 0 0 4 0 82 0 85 79 40 48 0 47 83 0 69 21 0 1 0 0 45 74 0 67 51 0 80 46 75 65 23 1 0 0 85 0 72 0 18 69 0 75 66 82 40 40 81 30 9 47 0 41 20 28 71 0 0 0 40 44 77 37 99 0 84 74 0 0 29 69 0 40 26 65 0 0 49 8 86 27 32 3 94 0 18 0 35 97 97 68 29 0 0 44 34 35 
0 94 56 0 97 0 71 35 74 0 0 76 0 17 0 29 84 14 2 0 47 87 47 85 90 72 87 0 18 0 0 0 0 13 13 93 43 85 0 19 36 98 88 77 94 33 40 46 0 0 35 15 51 74 41 60 6 0 63 48 48 9 41 0 85 0 15 0 23 43 0 0 9 0 0 31 0 71 24 0 65 0 0 34 15 44 49 0 0 57 53 94 79 5 0 0 61 10 31 73 
0 22 0 0 0 4 0 0 15 0 0 0 41 95 34 0 59 27 52 0 77 13 0 81 3 48 46 0 1 0 34 0 27 9 96 0 74 0 19 0 14 20 0 75 0 76 22 0 0 0 90 0 67 85 70 33 18 0 24 35 71 5 28 55 99 28 52 0 2 56 78 50 0 80 71 0 79 0 54 97 54 34 0 92 0 47 39 32 36 0 0 83 3 92 0 16 0 89 10 43 
0 60 0 40 0 47 37 24 60 29 20 72 0 59 35 0 89 0 0 0 59 0 0 0 64 0 33 0 0 35 0 96 55 0 86 39 63 72 36 14 0 0 0 41 0 42 0 0 63 83 0 94 47 38 1 35 14 71 100 0 0 0 95 9 8 44 0 64 27 0 0 0 0 34 0 25 0 22 0 74 0 53 64 87 10 0 80 72 50 21 60 0 57 59 90 92 75 15 0 70 
0 3 0 95 92 70 1 46 77 31 0 13 63 0 0 60 26 86 2 0 24 0 0 0 0 75 29 0 3 100 5 0 50 26 100 31 0 0 98 20 0 0 11 25 0 30 100 40 32 39 0 50 0 80 0 66 0 67 73 50 0 88 61 96 8 90 95 12 68 33 0 65 9 0 89 57 67 35 6 63 90 48 0 98 0 27 78 0 16 17 0 19 0 62 0 89 87 24 94 23 
0 0 65 56 0 57 54 47 0 0 5 89 62 0 0 30 71 20 0 0 0 87 0 26 88 24 79 35 84 28 56 100 39 0 0 0 66 18 88 0 0 11 0 0 14 0 44 28 2 11 49 36 65 0 0 0 23 0 66 16 15 36 52 95 0 37 86 83 0 86 0 82 0 0 0 15 0 0 64 14 66 0 28 84 0 49 0 4 0 0 0 0 68 87 0 0 0 0 0 0 
0 0 49 19 0 8 16 99 26 0 100 18 0 9 85 0 0 28 40 10 0 48 0 0 0 98 97 59 1 0 35 79 43 0 63 0 2 69 77 75 41 25 0 0 41 0 63 0 19 13 88 99 59 77 0 56 36 0 43 80 47 31 0 72 37 0 65 36 0 51 0 30 81 38 47 0 93 19 1 0 83 5 60 90 0 16 0 10 80 69 99 0 0 0 52 0 65 0 0 0 
90 0 71 0 0 37 0 0 0 0 100 82 0 0 69 0 0 21 96 0 31 56 87 77 0 0 0 1 14 0 53 0 44 11 73 35 15 0 94 0 0 0 14 41 0 22 75 82 0 0 0 58 38 0 0 25 0 0 75 0 69 0 37 34 0 29 0 0 0 63 0 57 29 28 0 92 15 0 97 0 8 0 67 0 0 0 0 0 4 52 46 0 0 25 0 51 0 41 0 40 
14 19 35 8 0 0 74 0 19 0 21 17 32 44 26 0 24 0 38 14 4 63 52 97 91 0 77 29 43 2 34 68 34 0 54 19 0 75 33 76 42 30 0 0 22 0 0 48 0 0 37 0 63 27 0 69 73 0 72 21 41 92 0 0 21 0 64 68 0 2 0 0 90 45 21 0 0 59 19 62 2 36 93 29 0 27 0 83 36 14 78 46 0 33 0 9 0 0 0 56 
0 42 0 0 0 0 0 10 78 57 82 7 0 38 19 0 0 66 0 0 40 3 78 63 53 21 0 0 70 60 65 0 0 73 86 0 0 66 40 22 0 100 44 63 75 0 0 0 0 30 0 59 0 11 0 10 94 0 1 0 18 96 84 93 0 0 21 16 0 0 97 4 69 0 0 0 23 0 0 0 0 0 6 0 75 0 22 13 83 71 78 41 39 10 95 93 0 15 2 0 
68 34 47 0 77 97 28 0 99 30 24 76 34 0 0 0 78 0 0 1 100 0 31 41 63 0 98 45 86 34 69 0 87 39 22 34 87 82 46 0 0 40 28 0 82 48 0 0 0 51 94 0 0 37 54 28 21 0 49 24 0 0 83 15 20 0 84 0 61 0 12 73 77 6 68 54 37 59 34 2 25 0 0 9 83 0 0 3 41 76 20 76 70 96 0 0 75 49 27 55 
59 0 44 84 17 0 0 62 13 47 82 40 40 44 42 0 23 45 62 37 6 43 0 57 7 0 12 73 0 0 89 55 0 0 0 66 1 40 0 0 63 32 2 19 0 0 0 0 0 14 71 2 7 51 59 33 97 0 58 94 67 10 36 0 11 79 4 63 36 90 0 0 69 0 24 0 0 0 92 0 0 41 61 0 77 85 27 48 95 31 65 0 62 89 0 24 0 18 0 52 
75 9 0 0 64 0 0 0 52 74 40 52 28 84 0 0 0 45 0 0 48 60 97 49 21 43 67 6 69 0 88 0 96 24 44 20 47 40 0 0 83 39 11 13 0 0 30 51 14 0 66 78 56 95 67 9 0 0 0 0 0 0 0 90 0 68 60 91 88 61 95 53 97 5 0 57 0 0 11 0 60 0 0 0 94 89 99 30 17 0 0 0 0 17 85 0 67 70 75 0 
53 11 81 79 54 44 23 27 0 49 51 0 33 0 0 12 43 80 0 95 32 8 35 0 41 16 97 29 72 31 19 60 63 0 62 13 74 81 35 90 0 0 49 88 0 37 0 94 71 66 0 0 0 70 0 46 56 0 0 0 0 68 75 57 21 84 51 65 1 4 0 0 15 55 17 0 0 44 0 95 0 56 0 42 36 82 0 0 0 96 83 0 57 27 0 0 0 0 67 38 
89 1 0 0 0 45 72 95 0 0 91 34 21 0 98 71 0 27 0 0 3 27 87 21 36 38 0 37 11 39 23 84 93 75 33 33 0 30 15 0 94 50 36 99 58 0 59 0 2 78 0 0 0 0 60 22 0 0 80 12 85 0 47 27 31 82 97 79 0 43 30 7 57 99 84 33 0 0 21 65 12 0 85 99 62 82 79 0 0 90 0 22 70 35 0 23 63 0 24 39 
13 0 0 25 89 4 30 76 68 0 48 65 0 0 0 0 35 0 0 97 84 5 10 0 36 66 32 0 0 0 0 14 28 78 0 29 100 9 51 67 47 0 65 59 38 63 0 0 7 56 0 0 0 0 84 93 7 0 8 71 11 14 40 0 23 38 0 0 9 30 0 86 7 0 40 28 0 69 55 42 38 48 56 55 95 69 88 36 55 77 3 0 0 43 23 48 59 0 0 2 
26 9 81 0 0 0 0 0 83 39 68 18 83 31 97 38 33 11 0 27 88 0 3 47 46 40 6 0 0 0 100 0 0 47 97 0 91 47 74 85 38 80 0 77 0 27 11 37 51 95 70 0 0 0 71 0 0 0 77 0 98 65 50 0 0 48 0 0 45 0 11 0 94 28 22 2 0 0 13 9 30 30 0 0 0 0 88 47 0 99 14 100 0 0 0 41 75 78 33 79 
0 91 54 11 50 0 0 0 60 0 0 0 22 0 0 87 0 44 87 53 8 68 0 0 9 65 59 0 0 0 0 58 88 9 12 58 0 0 41 70 1 0 0 0 0 0 0 54 59 67 0 60 84 71 0 0 0 0 24 0 0 0 15 0 82 0 0 0 55 46 46 0 20 25 30 15 0 0 38 89 0 53 48 88 18 0 43 0 0 85 83 91 0 55 0 0 0 0 73 0 
51 63 58 54 1 47 30 0 0 0 0 0 0 16 65 8 0 84 91 0 61 47 3 0 0 0 92 0 0 0 0 21 5 64 0 80 88 41 60 33 35 66 0 56 25 69 10 28 33 9 46 22 93 0 0 0 50 0 0 42 0 22 0 68 0 28 10 0 49 47 87 48 0 47 31 0 0 0 22 82 0 72 89 66 60 2 0 49 0 26 30 0 0 100 63 0 54 88 0 0 
0 33 0 0 0 91 8 56 3 0 28 40 69 0 88 63 87 2 0 89 0 0 55 16 0 99 0 0 64 0 15 52 93 0 33 0 61 20 6 18 14 0 23 36 0 73 94 21 97 0 56 0 7 0 0 50 0 0 0 41 0 31 0 0 42 0 32 68 39 95 0 22 41 16 0 0 49 0 17 0 88 98 0 44 56 0 0 52 0 0 60 0 0 50 63 0 0 1 70 24 
0 96 42 0 82 0 38 91 2 8 0 67 82 50 17 15 0 60 0 0 69 0 15 96 91 6 57 1 33 0 0 0 67 0 0 90 0 28 0 0 71 67 0 0 0 0 0 0 0 0 0 0 0 0 0 0 0 0 25 0 93 0 74 9 0 0 62 0 0 0 0 0 0 97 0 0 72 97 0 72 0 19 78 0 55 85 4 55 0 33 52 23 85 68 0 87 66 12 99 95 
50 0 40 0 56 63 3 55 88 64 0 86 52 31 86 90 0 15 97 14 28 63 24 70 0 66 0 23 26 23 1 8 0 85 74 0 14 71 63 24 100 73 66 43 75 72 1 49 58 0 0 80 8 77 24 0 0 25 0 0 75 16 9 45 0 52 0 39 55 0 0 0 81 32 5 0 0 0 78 0 39 0 39 18 5 0 36 91 0 0 0 0 48 2 93 19 0 49 68 71 
0 0 37 80 39 35 52 82 15 93 75 68 29 73 28 0 81 13 59 63 0 0 0 17 67 80 0 43 41 82 48 84 83 28 30 73 0 0 48 35 0 50 16 80 0 21 0 24 94 0 0 12 71 0 0 42 41 0 0 0 56 86 41 61 97 60 0 0 60 0 0 0 20 48 27 0 0 17 57 0 94 0 12 0 30 83 90 24 87 30 56 0 0 0 16 95 15 0 0 0 
0 53 0 50 91 97 95 0 76 0 33 3 0 75 0 0 66 0 0 0 0 71 91 14 96 0 0 0 79 8 15 49 99 0 60 8 0 0 48 71 0 0 15 47 69 41 18 0 67 0 0 85 11 98 0 0 0 93 75 56 0 66 92 0 4 0 0 57 0 0 53 0 96 0 20 10 0 64 88 6 21 75 0 0 91 47 78 35 47 0 74 70 0 0 0 41 67 27 8 53 
0 67 30 22 0 3 0 17 71 4 13 9 0 0 0 81 55 0 0 67 0 30 11 0 25 0 12 11 12 0 39 56 0 64 12 53 37 0 9 5 0 88 36 31 0 92 96 0 10 0 68 0 14 65 0 22 31 0 16 86 66 0 35 0 0 0 0 44 0 64 0 0 35 19 75 35 49 0 17 39 0 31 87 0 29 0 0 47 71 0 94 9 31 26 32 0 0 0 99 0 
81 84 0 81 40 20 16 93 63 46 86 13 28 2 79 31 0 6 0 0 82 0 19 0 0 0 0 0 30 0 3 0 4 32 46 15 0 40 41 28 95 61 52 0 37 0 84 83 36 0 75 47 40 50 15 0 0 74 9 41 92 35 0 41 64 57 73 0 10 79 58 0 56 46 0 0 63 0 0 16 81 0 49 19 19 0 28 94 36 0 49 0 44 0 0 0 0 23 97 50 
61 0 37 97 54 0 2 0 0 92 23 0 0 0 0 0 0 0 0 0 0 0 24 0 63 0 64 0 60 43 0 0 46 0 37 43 29 44 0 55 9 96 95 72 34 0 93 15 0 90 57 27 0 0 0 68 0 9 45 61 0 0 41 0 69 54 75 2 75 47 89 0 0 0 92 0 35 0 23 57 11 43 77 8 100 30 22 51 0 78 55 0 51 96 35 0 46 0 5 43 
47 0 6 78 0 11 0 7 0 20 0 99 44 7 96 7 0 7 0 6 6 89 20 0 27 68 0 76 64 90 76 43 0 42 16 77 0 77 85 99 8 8 0 37 0 21 0 20 11 0 21 31 23 0 82 0 42 0 0 97 4 0 64 69 0 0 87 56 0 0 72 74 0 0 40 0 38 11 40 0 0 0 59 73 0 96 64 5 49 43 34 76 81 0 0 0 68 35 62 5 
28 0 9 0 0 45 0 71 59 0 65 50 61 91 51 27 42 0 0 65 17 27 43 22 0 3 3 0 0 8 0 65 34 77 87 78 9 37 0 28 44 90 37 0 29 0 0 0 79 68 84 82 38 48 0 28 0 0 52 60 0 0 57 54 0 0 49 0 15 40 69 76 0 23 0 0 0 82 48 66 45 57 0 84 71 55 0 0 95 98 26 80 15 0 0 0 0 27 67 0 
62 45 69 0 46 0 40 69 0 0 26 38 0 15 4 38 94 30 0 51 0 0 0 0 10 0 0 62 83 92 42 57 43 11 0 9 37 99 15 52 0 95 86 65 0 64 21 84 4 60 51 97 0 0 0 10 32 62 0 0 0 0 73 75 87 49 0 0 92 30 92 0 95 0 0 0 57 82 82 0 22 85 0 0 67 30 61 0 31 17 75 6 2 76 29 14 88 51 62 0 
0 100 67 92 0 65 48 0 0 42 78 0 77 0 56 67 73 0 0 74 39 33 0 39 31 0 82 0 0 0 17 0 33 0 2 4 0 0 0 0 64 12 83 36 0 68 16 0 63 91 65 79 0 0 0 0 68 0 39 0 57 44 0 2 56 0 0 0 0 64 0 0 98 59 0 0 0 0 47 20 69 38 0 0 0 30 41 71 16 0 3 54 77 0 43 0 73 76 15 12 
77 56 40 0 0 0 24 0 81 18 11 46 27 23 38 0 0 17 0 0 68 0 45 0 0 77 92 68 51 59 0 23 0 0 0 0 21 84 23 2 27 68 0 0 0 0 0 61 36 88 1 0 9 45 55 49 39 0 55 60 0 0 10 75 0 15 92 0 0 99 0 34 0 0 72 0 14 25 75 0 0 84 0 0 44 0 0 0 0 17 33 92 0 0 79 33 0 55 80 0 
51 4 57 83 0 44 2 0 0 43 72 0 43 0 35 0 0 9 0 0 0 21 20 44 15 23 2 0 0 0 72 69 0 0 71 46 80 74 43 56 0 33 86 51 63 2 0 0 90 61 4 43 30 0 46 47 95 0 0 0 0 64 79 47 0 40 30 64 99 0 82 96 55 0 0 37 0 7 0 0 0 19 49 34 40 22 20 76 39 11 0 26 0 91 93 10 92 20 21 55 
0 0 0 0 68 7 88 22 17 0 55 97 0 0 0 94 0 0 68 77 38 19 0 21 10 75 58 0 0 81 73 0 24 0 0 0 0 0 0 78 0 0 0 0 0 0 97 12 0 95 0 30 0 11 46 87 0 0 0 0 53 0 58 89 72 69 92 0 0 82 0 79 0 0 48 81 0 52 0 89 74 0 72 0 0 0 55 98 43 0 15 0 51 71 43 98 0 50 0 28 
0 51 91 24 0 28 0 45 2 92 14 0 0 84 27 0 0 65 0 63 0 58 3 0 4 26 37 88 0 31 0 28 0 31 60 81 99 0 0 50 0 65 82 30 57 0 4 73 0 53 0 7 86 0 0 48 22 0 0 0 0 0 0 0 74 76 0 0 34 96 79 0 62 10 88 5 0 0 37 60 0 8 0 70 0 0 22 86 92 0 0 0 93 0 0 44 72 43 89 0 
19 33 0 86 98 53 0 33 30 98 67 27 24 0 0 68 60 41 0 100 0 59 34 74 0 11 0 15 0 0 4 0 19 0 0 17 97 29 9 0 0 9 0 81 29 90 69 77 69 97 15 57 7 94 20 0 41 0 81 20 96 35 56 0 0 0 95 98 0 55 0 62 0 0 97 98 92 13 0 0 69 0 4 59 24 11 50 3 100 17 0 0 0 0 0 9 18 23 19 56 
0 36 24 35 77 0 0 12 69 88 0 92 65 0 76 65 56 79 40 27 26 0 29 69 0 0 0 0 0 0 42 0 12 46 43 0 26 69 0 80 34 0 0 38 28 45 0 6 0 5 55 99 0 28 25 47 16 97 32 48 0 19 46 0 0 23 0 59 0 0 0 10 0 0 100 12 0 15 0 19 35 0 24 0 90 88 0 0 7 81 0 29 94 0 0 73 90 31 63 20 
0 16 58 83 0 0 0 0 26 46 73 0 0 55 0 47 0 90 0 0 0 79 73 0 0 50 0 8 89 2 0 0 0 0 0 0 0 0 0 71 0 89 0 47 0 21 0 68 24 0 17 84 40 22 30 31 0 0 5 27 20 75 0 92 40 0 0 0 72 0 48 88 97 100 0 0 0 90 33 38 5 59 79 90 30 0 3 27 28 35 0 4 97 0 49 0 0 0 46 0 
0 91 13 84 0 28 75 78 47 0 61 0 0 78 69 30 77 0 85 0 0 6 0 0 62 0 84 0 66 0 0 0 49 0 0 0 29 40 31 0 25 57 15 0 92 0 0 54 0 57 0 33 28 2 15 0 0 0 0 0 10 35 0 0 0 0 0 0 0 37 81 5 98 12 0 0 0 48 0 74 0 0 66 0 99 0 28 40 82 95 0 67 40 0 55 69 0 28 2 0 
100 14 59 48 60 0 0 11 57 22 14 63 85 74 23 23 32 0 50 29 0 80 0 0 0 8 0 0 45 0 0 0 0 83 0 67 22 26 0 79 0 67 0 93 15 0 23 37 0 0 0 0 0 0 0 0 49 72 0 0 0 49 63 35 38 0 57 0 14 0 0 0 92 0 0 0 0 27 67 0 0 98 46 0 100 92 0 0 34 0 49 0 0 0 8 97 58 0 5 0 
97 29 100 24 33 0 82 0 2 0 82 0 32 0 0 0 0 86 0 47 73 13 0 0 61 68 0 0 0 0 27 0 0 0 83 0 59 65 71 0 22 35 0 19 0 59 0 59 0 0 44 0 69 0 0 0 0 97 0 17 64 0 0 0 11 82 82 0 25 7 52 0 13 15 90 48 27 0 77 0 0 0 57 0 0 0 59 0 0 17 93 38 0 40 78 2 0 87 100 11 
2 14 13 65 0 6 39 26 22 100 0 0 70 82 75 34 59 0 0 0 66 21 36 25 71 57 0 0 22 52 0 56 0 96 0 0 11 0 24 54 0 6 64 1 97 19 0 34 92 11 0 21 55 13 38 22 17 0 78 57 88 17 0 23 40 48 82 47 75 0 0 37 0 0 33 0 67 77 0 0 11 0 8 22 91 27 46 0 60 0 85 76 0 53 48 17 33 0 54 0 
0 100 66 43 0 0 31 0 0 81 0 8 59 78 89 30 2 70 0 0 58 0 0 0 53 66 21 71 66 47 21 0 0 6 94 0 50 0 0 97 74 63 14 0 0 62 0 2 0 0 95 65 42 9 89 82 0 72 0 0 6 39 16 57 0 66 0 20 0 0 89 60 0 19 38 74 0 0 0 0 0 64 26 43 100 96 0 74 27 0 92 71 76 19 38 29 83 0 57 0 
0 93 79 3 12 98 61 0 0 52 85 59 12 96 82 92 71 0 0 0 77 10 0 0 0 0 0 0 0 0 20 94 20 84 93 26 6 49 65 54 0 90 66 83 8 2 0 25 0 60 0 12 38 30 0 0 88 0 39 94 21 0 81 11 0 45 22 69 0 0 74 0 69 35 5 0 0 0 11 0 0 0 48 89 23 2 80 61 83 42 97 97 0 48 0 86 0 82 90 74 
63 0 0 35 49 25 18 40 6 90 0 0 22 19 45 0 0 80 20 0 0 0 0 0 81 0 36 84 2 0 0 56 74 0 6 13 0 8 0 34 53 48 0 5 0 36 0 0 41 0 56 0 48 30 53 72 98 19 0 0 75 31 0 43 0 57 85 38 84 19 0 8 0 0 59 0 98 0 0 64 0 0 0 31 0 22 0 81 0 0 37 54 0 31 0 0 43 2 7 89 
0 91 82 35 46 28 68 45 72 36 9 91 79 24 0 29 0 46 0 9 0 0 98 0 4 58 7 33 11 26 0 0 75 94 12 94 93 86 0 0 64 0 28 60 67 93 6 0 61 0 0 85 56 0 48 89 0 78 39 12 0 87 49 77 59 0 0 0 0 49 72 0 4 24 79 66 46 57 8 26 48 0 0 45 0 75 0 0 19 0 62 36 3 0 0 0 0 0 0 0 
44 57 59 32 82 0 69 0 37 28 0 0 85 0 21 22 36 0 88 0 0 17 0 48 0 11 0 85 0 11 0 100 60 47 77 54 0 27 34 92 87 98 84 90 0 29 0 9 0 0 42 99 55 0 88 66 44 0 18 0 0 0 19 8 73 84 0 0 0 34 0 70 59 0 90 0 0 0 22 43 89 31 45 0 0 64 0 67 63 32 15 37 0 88 0 62 83 83 33 11 
0 77 0 44 75 36 89 95 0 11 20 1 49 0 7 3 30 8 35 0 58 28 85 0 0 40 6 83 48 42 50 71 0 0 90 0 0 32 15 0 10 0 0 0 0 0 75 83 77 94 36 62 95 0 18 60 56 55 5 30 91 29 19 100 0 71 67 0 44 40 0 0 24 90 30 99 100 0 91 100 23 0 0 0 0 88 43 0 78 0 0 8 0 65 0 68 87 41 90 77 
98 49 0 49 43 77 12 63 88 0 0 0 0 66 58 57 50 0 94 0 39 1 0 24 82 0 54 86 3 0 74 57 0 81 22 0 77 3 44 47 0 27 49 16 0 27 0 0 85 89 82 82 69 0 0 2 0 85 0 83 47 0 0 30 96 55 30 30 0 22 0 0 11 88 0 0 92 0 27 96 2 22 75 64 88 0 62 71 22 64 73 0 62 88 21 31 82 50 0 69 
0 23 6 16 0 38 29 0 54 0 43 0 84 0 22 89 0 41 74 100 0 0 0 0 0 23 0 0 0 0 33 0 0 0 0 36 61 94 49 39 80 78 0 0 0 0 22 0 27 99 0 79 88 88 43 0 0 4 36 90 78 0 28 22 64 0 61 41 0 20 55 22 50 0 3 28 0 59 46 0 80 0 0 0 43 62 0 0 0 5 18 42 21 66 0 0 9 0 46 4 
81 77 0 33 54 17 0 100 70 79 89 69 0 54 9 15 62 9 72 0 81 51 91 94 60 88 0 0 5 0 0 0 4 0 33 16 0 0 0 32 72 0 4 10 0 83 13 3 48 30 0 0 36 47 0 49 52 55 91 24 35 47 94 51 5 0 0 71 0 76 98 86 3 0 27 40 0 0 0 74 61 81 0 67 0 71 0 0 84 81 87 0 0 68 69 11 61 14 0 0 
79 0 99 0 37 80 37 98 0 0 0 33 94 0 30 0 55 82 10 0 0 74 33 0 37 0 0 63 37 10 43 9 0 67 59 83 0 18 0 36 50 16 0 80 4 36 83 41 95 17 0 0 55 0 0 0 0 0 0 87 47 71 36 0 49 95 31 16 0 39 43 92 100 7 28 82 34 0 60 27 83 0 19 63 78 22 0 84 0 52 0 0 49 0 6 24 47 33 3 68 
83 0 83 0 22 23 26 7 0 59 41 45 0 0 0 10 0 33 15 59 36 60 60 0 33 28 29 0 0 0 87 0 0 40 45 17 39 0 57 0 21 17 0 69 52 14 71 76 31 0 96 90 77 99 85 26 0 33 0 30 0 0 0 78 43 98 17 0 17 11 0 0 17 81 35 95 0 17 0 0 42 0 0 32 0 64 5 81 52 0 0 44 0 0 46 82 35 74 83 0 
0 49 0 31 0 72 18 77 0 92 82 14 58 96 99 8 64 88 51 47 50 0 44 42 52 0 20 9 82 31 83 0 61 0 0 51 52 35 53 0 60 0 0 99 46 78 78 20 65 0 83 0 3 14 83 30 60 52 0 56 74 94 49 55 34 26 75 3 33 0 15 0 0 0 0 0 49 93 85 92 97 37 62 15 0 73 18 87 0 0 0 0 19 0 0 71 38 99 0 0 
64 35 13 34 4 0 52 0 70 0 0 56 36 82 58 95 0 15 97 11 17 0 0 7 9 2 26 43 5 22 0 56 71 50 28 73 0 97 94 83 0 19 0 0 0 46 41 76 0 0 0 22 0 100 91 0 0 23 0 0 70 9 0 0 76 80 6 54 92 26 0 0 0 29 4 67 0 38 76 71 97 54 36 37 8 0 42 0 0 44 0 0 59 0 9 83 87 0 53 0 
56 0 28 18 69 0 38 0 98 0 0 37 60 14 0 0 0 40 16 0 32 63 0 84 92 14 0 45 13 0 26 53 0 0 94 0 0 97 79 3 57 0 68 0 0 0 39 70 62 0 57 70 0 0 0 0 0 85 48 0 0 31 44 51 81 15 2 77 0 0 51 93 0 94 97 40 0 0 0 76 0 0 3 0 0 62 21 0 49 0 19 59 0 0 95 32 88 0 45 99 
97 16 73 0 22 0 77 86 44 89 63 0 77 0 0 0 69 52 0 2 86 9 23 0 30 43 35 0 79 33 29 40 29 57 92 10 72 68 5 92 59 62 87 0 25 33 10 96 89 17 27 35 43 0 55 100 50 68 2 0 0 26 0 96 0 0 76 0 0 91 71 0 0 0 0 0 0 40 53 19 48 31 0 88 65 88 66 68 0 0 0 0 0 0 35 0 0 22 60 25 
23 72 66 0 2 32 51 53 48 1 19 75 21 54 79 0 0 0 74 11 44 5 75 0 0 68 43 0 12 0 3 0 0 71 0 6 0 29 0 0 90 0 0 52 0 0 95 0 0 85 0 0 23 0 0 63 63 0 93 16 0 32 0 35 0 0 29 43 79 93 43 0 0 0 49 55 8 78 48 38 0 0 0 0 0 21 0 69 6 46 0 9 95 35 0 9 17 62 0 7 
76 0 0 0 84 0 0 0 5 48 48 56 0 11 0 1 59 16 8 63 23 0 0 0 55 0 55 84 45 99 57 18 0 0 11 51 0 0 0 16 92 89 0 0 51 9 93 0 24 0 0 23 48 41 0 0 0 87 19 95 41 0 0 0 0 0 14 0 33 10 98 44 9 73 0 69 97 2 17 29 86 0 0 62 68 31 0 11 24 82 71 83 32 0 9 0 0 96 91 0 
66 0 36 0 15 21 5 45 90 0 49 43 0 0 60 0 85 85 94 0 0 59 22 75 7 0 0 42 0 0 72 33 0 44 1 5 0 0 61 0 75 87 0 65 0 0 0 75 0 67 0 63 59 75 0 54 0 66 0 15 67 0 0 46 68 0 88 73 0 92 0 72 18 90 0 0 58 0 33 83 0 43 0 83 87 82 9 61 47 35 38 87 88 0 17 0 0 16 26 83 
77 55 29 0 0 0 91 94 88 94 63 0 22 25 0 74 66 44 0 67 0 59 44 39 25 0 28 11 0 62 18 0 51 76 67 0 64 44 10 89 15 24 0 0 41 0 15 49 18 70 0 0 0 78 0 88 1 12 49 0 27 0 23 0 35 27 51 76 55 20 50 43 23 31 0 28 0 87 0 0 82 2 0 83 41 50 0 14 33 74 99 0 0 22 62 96 16 0 4 98 
74 0 77 11 76 0 0 81 49 0 23 0 0 0 0 22 84 7 0 10 33 0 3 94 77 75 17 0 47 21 13 82 0 0 0 24 0 34 31 10 0 94 0 0 0 0 2 27 0 75 67 24 0 33 73 0 70 99 68 0 8 99 97 5 62 67 62 15 80 21 0 89 19 63 46 2 5 100 54 57 90 7 0 33 90 0 46 0 3 83 0 53 45 60 0 91 26 4 0 86 
6 0 36 70 30 26 50 14 24 61 16 22 50 0 26 35 54 0 75 21 58 28 11 98 47 47 0 51 30 63 91 80 0 80 66 36 0 35 73 43 70 23 0 0 40 56 0 55 52 0 38 39 2 79 0 0 24 95 71 0 53 0 50 43 5 0 0 12 0 55 28 0 56 20 0 0 0 11 0 0 74 89 0 11 77 69 4 0 68 0 0 0 99 25 7 0 83 98 86 0 
