0 0 0 0 0 0 113 0 0 0 0 0 0 0 0 154 290 0 0 186 104 0 0 0 0 0 0 0 0 0 261 0 0 190 65 0 0 0 0 0 0 0 0 0 0 0 0 0 0 0 0 0 0 0 0 0 0 0 0 0 0 0 0 0 0 114 0 0 0 0 0 0 206 0 190 249 0 0 0 0 0 0 0 0 0 0 0 0 0 216 0 0 0 0 0 0 0 0 121 141 
0 0 0 55 0 0 56 0 0 0 88 49 0 0 0 0 0 0 0 0 0 0 0 0 0 0 0 0 0 0 0 0 0 0 0 0 0 139 0 0 0 0 0 0 0 0 89 296 185 0 0 0 0 0 0 200 0 0 0 221 0 0 57 0 0 0 0 0 0 0 0 0 0 0 0 0 0 0 0 277 0 66 0 0 0 0 0 0 0 238 0 0 0 0 0 0 0 117 0 0 
0 0 0 0 0 0 0 0 0 0 0 198 0 0 0 0 0 0 0 0 0 0 0 0 0 0 174 0 223 0 118 0 0 0 0 0 0 0 0 41 0 0 0 0 0 0 0 0 0 0 0 0 0 0 0 0 0 0 0 0 0 18 0 0 0 0 0 0 0 0 45 0 0 0 0 0 0 210 0 0 0 0 0 159 154 0 0 0 0 0 0 0 0 0 0 0 0 0 0 0 
0 55 0 0 0 0 0 260 0 0 0 0 0 0 0 0 0 0 0 0 0 0 0 0 0 0 0 0 298 0 0 0 0 0 0 103 0 0 0 0 0 0 0 0 0 0 0 0 0 0 0 0 0 0 0 239 0 0 0 0 248 0 0 0 0 0 0 0 0 0 0 0 0 0 0 0 0 0 81 0 4 0 77 0 0 0 0 33 0 0 0 0 0 0 0 0 64 0 0 133 
0 0 0 0 0 77 0 0 0 0 0 64 0 0 0 0 0 230 0 0 0 0 0 0 0 0 0 0 0 0 0 0 0 283 0 141 0 0 0 0 0 0 0 235 0 178 0 0 0 0 0 0 0 149 0 0 0 0 0 0 0 0 0 0 0 0 0 0 0 0 0 0 0 276 272 63 285 0 0 45 0 241 0 0 0 0 0 0 0 0 0 0 0 0 0 0 0 279 0 0 
0 0 0 0 77 0 0 0 0 0 157 0 0 0 0 0 0 0 0 0 0 0 0 0 0 0 108 0 0 0 0 0 0 0 0 0 16 0 0 101 213 0 0 14 0 0 0 0 0 0 0 0 174 0 0 0 135 0 0 149 0 0 0 0 0 0 0 0 0 0 0 0 0 156 0 0 0 0 0 0 0 0 0 0 0 0 70 0 150 0 0 0 0 0 42 0 75 0 0 0 
113 56 0 0 0 0 0 0 0 0 0 0 138 0 0 0 0 0 0 0 0 0 0 140 0 0 88 0 0 0 0 0 0 0 0 0 0 0 0 0 0 0 11 13 0 0 0 0 0 0 0 0 0 0 0 262 0 0 0 165 0 0 0 0 0 0 248 0 0 0 54 0 0 0 0 0 0 0 17 0 0 0 0 0 0 0 0 0 0 254 105 0 0 79 0 0 0 0 0 0 
0 0 0 260 0 0 0 0 0 0 0 0 0 0 0 0 0 0 0 0 0 0 0 0 0 100 0 0 0 0 0 0 0 0 100 0 0 0 0 0 0 0 0 0 0 0 0 0 0 0 0 0 0 0 0 0 0 156 83 0 133 0 51 0 0 0 0 135 0 0 0 0 0 0 0 0 0 0 0 0 0 0 0 0 0 0 0 0 0 0 0 0 28 0 0 0 246 0 0 187 
0 0 0 0 0 0 0 0 0 0 0 162 0 0 297 0 0 0 0 0 0 0 0 63 288 0 0 0 0 0 135 0 0 46 0 0 0 0 165 0 0 86 0 0 0 0 0 0 0 0 0 0 0 296 0 0 0 0 127 0 0 126 0 0 0 0 206 0 0 0 0 0 0 0 0 13 0 0 0 0 0 0 0 0 218 0 0 0 0 0 0 0 0 171 0 0 0 0 0 0 
0 0 0 0 0 0 0 0 0 0 0 0 0 91 0 0 0 0 0 269 0 0 0 0 0 282 0 0 0 139 0 0 0 0 0 0 0 0 0 0 0 0 0 172 0 0 0 0 0 0 0 0 86 0 0 0 203 0 282 0 0 0 0 0 0 0 0 0 0 0 111 0 0 0 0 23 0 0 146 0 0 0 0 0 0 0 0 0 0 13 152 0 0 0 0 17 0 267 0 0 
0 88 0 0 0 157 0 0 0 0 0 0 0 0 0 0 0 0 0 0 0 0 22 0 0 0 0 0 0 0 64 0 0 130 0 0 0 0 0 83 0 0 0 0 0 0 0 0 49 0 0 0 0 0 163 0 202 0 0 0 0 0 127 0 0 177 0 0 36 0 0 0 0 0 0 0 0 0 0 0 0 0 0 0 0 0 147 0 0 0 0 0 0 0 0 38 0 0 276 0 
0 49 198 0 64 0 0 0 162 0 0 0 0 0 0 0 134 0 0 0 0 0 0 0 0 0 0 0 0 0 0 0 0 0 0 0 0 0 0 0 217 0 0 0 0 18 0 0 0 0 0 0 0 0 0 0 0 0 99 0 0 227 0 0 0 0 0 0 282 0 0 0 0 0 61 0 0 0 0 0 208 0 0 0 0 0 0 0 0 65 0 172 0 0 0 0 0 0 0 0 
0 0 0 0 0 0 138 0 0 0 0 0 0 0 0 0 300 0 0 0 0 0 0 0 0 0 0 0 0 0 0 0 120 0 0 0 56 0 210 280 0 150 0 0 0 0 0 0 0 0 107 0 0 0 269 0 0 140 0 0 0 0 0 0 0 121 0 0 0 233 0 0 68 0 0 0 0 0 0 0 0 0 0 0 0 103 0 0 0 0 0 0 0 0 0 0 0 0 244 0 
0 0 0 0 0 0 0 0 0 91 0 0 0 0 0 21 125 0 286 9 0 272 0 0 0 87 0 0 0 0 0 0 0 0 0 0 0 0 0 192 0 0 0 0 0 250 198 0 0 0 0 0 0 0 0 211 0 0 0 0 0 0 0 0 0 0 0 0 0 0 0 0 0 259 0 66 0 0 84 0 0 0 0 0 0 0 0 0 0 0 0 0 0 0 0 264 0 0 0 0 
0 0 0 0 0 0 0 0 297 0 0 0 0 0 0 0 111 0 0 0 0 0 0 294 0 0 0 0 0 0 0 0 0 0 0 0 0 279 0 0 0 0 0 0 0 179 0 45 0 0 0 0 0 0 232 0 0 0 0 0 0 0 0 0 0 0 0 0 0 0 0 0 123 111 0 0 0 158 0 0 0 245 0 0 0 0 0 0 59 0 60 0 0 0 0 109 0 0 0 34 
154 0 0 0 0 0 0 0 0 0 0 0 0 21 0 0 0 0 0 0 77 0 0 0 0 0 149 0 0 0 0 0 268 0 130 0 0 0 0 0 165 0 0 0 0 0 0 0 0 0 144 0 0 0 0 0 55 0 0 0 0 0 0 0 0 244 0 0 0 0 0 0 0 0 130 0 0 0 0 0 0 0 0 0 0 0 0 0 0 119 0 0 0 0 0 141 0 0 0 122 
290 0 0 0 0 0 0 0 0 0 0 134 300 125 111 0 0 0 0 0 22 0 0 0 0 0 0 0 0 0 0 0 0 0 0 0 251 0 0 0 0 0 0 0 0 138 0 12 0 0 0 0 0 0 0 0 0 0 0 0 0 0 186 197 281 0 0 184 0 0 0 0 0 0 0 0 0 0 0 118 0 0 0 0 0 0 0 0 0 0 0 0 0 206 0 0 0 0 0 0 
0 0 0 0 230 0 0 0 0 0 0 0 0 0 0 0 0 0 0 0 0 0 0 0 0 0 292 0 0 0 0 173 0 0 0 0 129 0 0 0 0 5 157 0 0 0 0 0 0 0 0 0 0 0 0 0 0 0 0 0 0 0 0 0 0 0 0 0 0 0 0 0 0 137 120 0 0 46 186 0 0 0 0 0 0 0 0 0 0 0 0 0 0 115 100 110 0 0 0 0 
0 0 0 0 0 0 0 0 0 0 0 0 0 286 0 0 0 0 0 0 0 0 0 179 0 0 0 0 0 47 0 0 0 0 0 0 0 209 0 0 0 125 0 0 0 0 0 0 0 0 0 0 0 0 0 0 0 0 0 120 0 0 0 0 0 293 296 0 0 81 0 0 0 0 0 0 0 0 0 0 59 5 0 0 0 0 0 283 0 0 0 0 0 0 0 0 0 122 0 0 
186 0 0 0 0 0 0 0 0 269 0 0 0 9 0 0 0 0 0 0 272 0 0 0 0 0 0 0 236 0 0 0 0 0 0 0 0 103 0 0 0 0 0 0 0 0 35 0 0 0 0 0 0 42 231 0 0 74 0 0 0 0 0 0 0 0 0 0 0 0 0 200 0 0 0 0 0 0 0 0 0 0 152 0 0 0 0 0 0 0 0 0 0 0 0 0 0 0 0 199 
104 0 0 0 0 0 0 0 0 0 0 0 0 0 0 77 22 0 0 272 0 0 0 151 0 0 0 0 0 0 0 0 0 0 0 0 0 0 0 0 0 0 0 0 37 0 0 0 49 0 0 0 122 0 0 185 0 0 0 0 0 0 0 0 0 0 0 0 208 0 0 0 0 0 0 0 0 0 0 263 0 0 114 250 0 0 0 0 67 0 0 0 0 0 0 0 0 181 0 0 
0 0 0 0 0 0 0 0 0 0 0 0 0 272 0 0 0 0 0 0 0 0 0 0 0 0 85 0 0 0 0 0 0 0 16 0 0 0 0 0 223 0 74 0 0 298 0 0 0 0 0 0 0 0 0 0 0 0 0 0 0 65 0 0 0 0 0 0 0 0 0 264 0 110 0 57 0 0 3 0 0 0 80 0 0 0 73 32 0 0 39 0 0 0 0 0 0 0 0 0 
0 0 0 0 0 0 0 0 0 0 22 0 0 0 0 0 0 0 0 0 0 0 0 0 0 0 101 0 0 198 0 0 111 0 0 0 264 0 0 0 0 0 0 0 0 183 0 0 0 0 221 0 0 23 0 0 0 0 0 0 0 267 0 0 0 0 0 289 0 0 0 0 0 0 0 222 0 0 0 0 206 15 113 0 0 0 0 0 0 0 0 0 0 0 18 0 0 0 0 0 
0 0 0 0 0 0 140 0 63 0 0 0 0 0 294 0 0 0 179 0 151 0 0 0 0 0 0 0 0 0 0 0 0 0 0 0 0 0 0 0 0 249 0 0 0 0 0 0 0 242 122 0 0 281 0 0 0 0 270 0 0 0 0 0 0 0 0 0 0 0 0 0 0 0 0 0 0 0 0 201 0 104 0 0 0 0 0 0 0 0 0 213 0 0 121 0 0 0 101 0 
0 0 0 0 0 0 0 0 288 0 0 0 0 0 0 0 0 0 0 0 0 0 0 0 0 0 0 0 0 0 0 0 0 0 0 0 0 0 0 0 0 0 0 0 98 0 0 0 0 0 0 0 0 0 0 237 0 0 0 147 3 0 0 0 0 0 0 0 0 0 0 0 0 0 59 0 0 0 0 0 0 0 0 0 0 0 0 0 0 0 0 0 0 0 0 0 0 0 0 0 
0 0 0 0 0 0 0 100 0 282 0 0 0 87 0 0 0 0 0 0 0 0 0 0 0 0 0 0 0 0 0 0 0 0 0 0 0 0 0 200 0 0 0 0 0 0 0 29 0 0 0 0 0 0 0 0 0 0 0 0 283 0 0 0 0 0 0 0 246 0 0 0 0 0 0 0 260 0 0 0 0 0 0 0 0 0 0 13 0 199 0 0 0 201 0 0 0 202 0 0 
0 0 174 0 0 108 88 0 0 0 0 0 0 0 0 149 0 292 0 0 0 85 101 0 0 0 0 0 0 0 55 0 0 0 0 16 0 0 0 248 0 0 0 0 0 0 0 0 0 0 0 0 0 0 0 0 0 0 0 0 0 0 0 0 0 0 0 0 0 0 0 4 0 0 0 0 0 0 0 0 0 0 0 0 116 46 75 0 0 0 47 0 0 0 0 0 0 0 0 0 
0 0 0 0 0 0 0 0 0 0 0 0 0 0 0 0 0 0 0 0 0 0 0 0 0 0 0 0 0 0 0 220 0 0 0 0 0 237 0 0 0 0 243 260 196 0 0 144 0 0 106 0 0 0 0 0 0 0 0 8 145 0 0 0 0 0 0 0 233 43 0 0 0 0 0 0 0 186 0 0 0 0 0 0 0 74 0 0 60 0 0 0 0 0 0 0 0 0 115 0 
0 0 223 298 0 0 0 0 0 0 0 0 0 0 0 0 0 0 0 236 0 0 0 0 0 0 0 0 0 0 0 0 0 169 0 0 0 0 42 0 0 0 0 0 0 0 0 0 0 169 0 0 0 33 0 0 0 0 0 0 0 0 0 0 0 0 0 0 120 0 0 0 0 0 150 259 0 0 0 0 91 0 0 0 0 186 299 0 0 0 0 0 0 0 0 0 0 0 123 67 
0 0 0 0 0 0 0 0 0 139 0 0 0 0 0 0 0 0 47 0 0 0 198 0 0 0 0 0 0 0 0 0 0 0 0 289 0 147 0 0 0 0 0 0 0 0 0 0 0 0 0 98 0 0 0 0 0 0 0 0 15 0 0 0 0 0 0 0 0 0 0 0 0 0 0 0 0 0 0 0 79 0 0 0 0 0 86 0 0 0 0 0 0 0 0 0 0 0 138 72 
261 0 118 0 0 0 0 0 135 0 64 0 0 0 0 0 0 0 0 0 0 0 0 0 0 0 55 0 0 0 0 0 0 0 0 0 0 0 0 0 0 0 51 0 0 0 0 0 0 0 0 225 0 0 0 0 0 0 0 0 86 0 0 0 0 205 18 0 0 271 0 265 0 0 0 0 0 130 0 0 0 0 0 0 0 0 0 0 0 0 245 0 0 0 0 0 0 0 0 0 
0 0 0 0 0 0 0 0 0 0 0 0 0 0 0 0 0 173 0 0 0 0 0 0 0 0 0 220 0 0 0 0 0 0 297 0 119 158 0 0 0 0 0 0 0 263 0 104 0 0 0 250 0 195 0 0 0 0 0 0 0 0 0 0 0 0 0 0 0 0 0 0 0 0 0 0 0 0 0 222 0 49 248 288 0 0 0 61 237 0 0 0 0 0 0 0 0 0 0 0 
0 0 0 0 0 0 0 0 0 0 0 0 120 0 0 268 0 0 0 0 0 0 111 0 0 0 0 0 0 0 0 0 0 0 0 0 0 0 0 35 231 0 0 0 0 81 0 0 0 0 0 0 0 0 44 0 0 0 0 0 0 0 0 0 0 0 0 206 0 0 0 0 0 0 0 0 201 0 0 0 0 25 0 0 0 0 0 0 0 0 0 0 0 0 0 0 197 0 0 0 
190 0 0 0 283 0 0 0 46 0 130 0 0 0 0 0 0 0 0 0 0 0 0 0 0 0 0 0 169 0 0 0 0 0 0 115 0 0 0 0 0 0 0 0 0 0 192 0 0 0 0 268 0 0 0 0 0 0 67 0 0 0 0 0 0 0 0 0 0 0 0 0 0 0 0 0 0 0 0 0 117 0 0 0 247 0 0 0 72 0 0 0 197 0 165 296 0 0 0 0 
65 0 0 0 0 0 0 100 0 0 0 0 0 0 0 130 0 0 0 0 0 16 0 0 0 0 0 0 0 0 0 297 0 0 0 288 0 0 0 0 0 0 0 0 0 0 0 0 0 0 0 0 0 0 0 0 248 0 0 0 0 12 0 0 0 0 177 0 0 0 0 0 0 0 0 0 0 0 3 0 0 0 0 0 0 0 0 0 0 0 0 0 0 0 0 161 0 0 191 0 
0 0 0 103 141 0 0 0 0 0 0 0 0 0 0 0 0 0 0 0 0 0 0 0 0 0 16 0 0 289 0 0 0 115 288 0 0 0 0 0 0 0 0 0 237 0 0 0 0 0 0 0 0 0 0 0 0 0 0 0 0 0 0 0 0 6 0 0 0 0 0 0 0 0 0 0 0 119 0 0 0 0 0 0 0 0 0 0 35 0 0 0 0 0 0 0 0 0 114 0 
0 0 0 0 0 16 0 0 0 0 0 0 56 0 0 0 251 129 0 0 0 0 264 0 0 0 0 0 0 0 0 119 0 0 0 0 0 0 0 0 0 0 8 0 0 0 0 0 0 0 28 0 0 0 235 0 0 0 0 0 0 0 0 0 0 0 0 266 0 0 0 0 0 0 0 0 0 297 0 0 0 0 0 0 86 0 0 149 0 0 0 0 0 0 0 0 0 0 0 0 
0 139 0 0 0 0 0 0 0 0 0 0 0 0 279 0 0 0 209 103 0 0 0 0 0 0 0 237 0 147 0 158 0 0 0 0 0 0 0 0 165 166 0 0 0 0 188 0 0 0 0 0 0 0 0 0 224 0 0 0 0 0 0 284 0 41 0 209 0 0 0 0 0 0 0 0 0 0 0 0 0 0 0 0 0 0 0 0 0 0 266 0 0 0 0 0 0 0 0 0 
0 0 0 0 0 0 0 0 165 0 0 0 210 0 0 0 0 0 0 0 0 0 0 0 0 0 0 0 42 0 0 0 0 0 0 0 0 0 0 0 0 0 74 0 0 0 0 0 0 0 0 0 0 0 0 0 0 0 0 0 0 0 0 0 0 0 0 0 0 0 0 206 0 0 0 69 0 0 0 0 0 0 202 148 0 0 0 0 224 0 0 0 0 0 0 0 0 0 0 0 
0 0 41 0 0 101 0 0 0 0 83 0 280 192 0 0 0 0 0 0 0 0 0 0 0 200 248 0 0 0 0 0 35 0 0 0 0 0 0 0 0 0 0 0 263 0 0 0 277 0 0 0 0 0 0 0 0 0 0 0 0 0 0 0 248 0 0 0 0 53 0 0 131 0 0 0 0 0 0 223 0 0 0 0 0 0 0 0 0 0 0 0 0 0 0 0 0 0 0 15 
0 0 0 0 0 213 0 0 0 0 0 217 0 0 0 165 0 0 0 0 0 223 0 0 0 0 0 0 0 0 0 0 231 0 0 0 0 165 0 0 0 0 0 0 0 0 0 0 0 0 0 283 0 0 0 122 0 0 0 0 0 0 160 189 0 0 0 0 0 0 0 0 0 144 0 122 24 0 0 0 150 0 0 0 0 0 0 0 0 0 0 0 0 0 0 0 217 0 0 0 
0 0 0 0 0 0 0 0 86 0 0 0 150 0 0 0 0 5 125 0 0 0 0 249 0 0 0 0 0 0 0 0 0 0 0 0 0 166 0 0 0 0 0 0 153 0 0 0 0 186 0 93 0 0 0 0 0 0 0 0 0 68 0 0 0 175 0 0 0 0 0 0 0 0 0 0 0 0 0 0 0 0 161 0 0 0 0 85 0 0 0 0 188 0 0 115 0 0 0 0 
0 0 0 0 0 0 11 0 0 0 0 0 0 0 0 0 0 157 0 0 0 74 0 0 0 0 0 243 0 0 51 0 0 0 0 0 8 0 74 0 0 0 0 0 0 0 0 0 0 0 0 0 0 194 62 171 0 0 195 37 0 0 0 0 0 0 0 0 283 0 0 0 0 0 0 0 0 0 0 0 174 0 0 0 0 0 0 0 0 0 39 0 0 0 0 0 0 0 0 0 
0 0 0 0 235 14 13 0 0 172 0 0 0 0 0 0 0 0 0 0 0 0 0 0 0 0 0 260 0 0 0 0 0 0 0 0 0 0 0 0 0 0 0 0 0 0 0 0 0 83 0 0 0 0 221 0 0 0 0 0 0 0 10 0 173 0 0 0 0 0 0 0 0 0 0 0 0 0 0 0 0 0 0 0 197 0 0 0 0 0 0 0 0 0 0 0 268 0 0 138 
0 0 0 0 0 0 0 0 0 0 0 0 0 0 0 0 0 0 0 0 37 0 0 0 98 0 0 196 0 0 0 0 0 0 0 237 0 0 0 263 0 153 0 0 0 0 0 0 170 0 0 0 0 0 0 0 0 0 261 158 0 0 0 0 0 0 138 0 0 0 0 0 0 0 0 0 0 0 0 0 129 0 0 0 0 0 0 0 0 0 0 0 0 0 0 0 0 0 136 0 
0 0 0 0 178 0 0 0 0 0 0 18 0 250 179 0 138 0 0 0 0 298 183 0 0 0 0 0 0 0 0 263 81 0 0 0 0 0 0 0 0 0 0 0 0 0 0 0 0 0 0 0 0 0 0 0 4 0 0 0 0 0 0 0 0 0 297 0 0 0 0 0 0 0 0 0 0 0 228 0 0 147 0 0 0 0 0 0 0 0 67 125 0 0 0 0 0 0 0 0 
0 89 0 0 0 0 0 0 0 0 0 0 0 198 0 0 0 0 0 35 0 0 0 0 0 0 0 0 0 0 0 0 0 192 0 0 0 188 0 0 0 0 0 0 0 0 0 0 161 0 0 0 0 0 270 0 0 0 0 0 0 114 0 0 295 0 0 0 0 0 0 11 0 0 0 0 0 0 15 0 0 0 0 0 21 0 0 32 0 0 221 0 130 0 0 0 0 0 0 0 
0 296 0 0 0 0 0 0 0 0 0 0 0 0 45 0 12 0 0 0 0 0 0 0 0 29 0 144 0 0 0 104 0 0 0 0 0 0 0 0 0 0 0 0 0 0 0 0 0 0 0 0 0 0 0 0 0 0 0 0 0 0 0 158 0 0 0 0 0 0 0 0 0 0 0 146 0 0 0 244 0 174 0 0 4 0 0 17 112 0 0 0 0 0 0 292 238 0 0 0 
0 185 0 0 0 0 0 0 0 0 49 0 0 0 0 0 0 0 0 0 49 0 0 0 0 0 0 0 0 0 0 0 0 0 0 0 0 0 0 277 0 0 0 0 170 0 161 0 0 0 0 0 42 216 0 0 0 0 0 0 0 21 0 0 0 0 0 0 0 0 0 0 129 0 0 0 0 9 0 52 0 0 0 0 0 0 0 0 0 0 0 0 254 16 212 0 0 0 0 0 
0 0 0 0 0 0 0 0 0 0 0 0 0 0 0 0 0 0 0 0 0 0 0 242 0 0 0 0 169 0 0 0 0 0 0 0 0 0 0 0 0 186 0 83 0 0 0 0 0 0 0 0 0 0 0 5 0 0 0 0 0 0 0 0 0 0 0 0 0 0 0 0 0 0 152 0 0 0 0 0 0 0 0 0 0 0 0 0 0 0 0 0 0 94 0 0 0 0 0 0 
0 0 0 0 0 0 0 0 0 0 0 0 107 0 0 144 0 0 0 0 0 0 221 122 0 0 0 106 0 0 0 0 0 0 0 0 28 0 0 0 0 0 0 0 0 0 0 0 0 0 0 0 0 0 0 0 0 0 0 0 0 0 0 167 0 0 0 0 0 236 0 0 0 0 0 0 0 0 0 0 0 0 0 0 9 0 0 0 138 0 0 0 0 0 0 0 0 0 0 0 
0 0 0 0 0 0 0 0 0 0 0 0 0 0 0 0 0 0 0 0 0 0 0 0 0 0 0 0 0 98 225 250 0 268 0 0 0 0 0 0 283 93 0 0 0 0 0 0 0 0 0 0 0 0 0 0 0 255 0 0 0 88 0 0 0 0 0 0 0 0 31 24 261 0 0 0 0 0 0 0 0 0 33 0 0 0 0 0 0 0 0 0 0 0 0 0 206 0 0 0 
0 0 0 0 0 174 0 0 0 86 0 0 0 0 0 0 0 0 0 0 122 0 0 0 0 0 0 0 0 0 0 0 0 0 0 0 0 0 0 0 0 0 0 0 0 0 0 0 42 0 0 0 0 0 0 274 85 0 46 0 0 0 0 0 0 0 167 0 0 0 0 0 0 0 281 0 259 0 0 253 0 0 164 0 129 0 0 0 0 0 0 0 190 0 0 0 242 0 0 0 
0 0 0 0 149 0 0 0 296 0 0 0 0 0 0 0 0 0 0 42 0 0 23 281 0 0 0 0 33 0 0 195 0 0 0 0 0 0 0 0 0 0 194 0 0 0 0 0 216 0 0 0 0 0 0 0 0 0 0 0 0 0 0 0 0 0 0 20 0 0 0 0 0 0 0 0 170 0 0 0 0 0 0 258 0 0 0 0 0 120 0 0 0 0 0 0 0 0 0 0 
0 0 0 0 0 0 0 0 0 0 163 0 269 0 232 0 0 0 0 231 0 0 0 0 0 0 0 0 0 0 0 0 44 0 0 0 235 0 0 0 0 0 62 221 0 0 270 0 0 0 0 0 0 0 0 0 0 0 0 0 0 197 0 0 0 0 151 174 0 0 77 158 0 186 0 0 0 0 0 0 0 0 0 0 0 0 0 0 0 0 0 0 0 0 0 0 0 0 0 0 
0 200 0 239 0 0 262 0 0 0 0 0 0 211 0 0 0 0 0 0 185 0 0 0 237 0 0 0 0 0 0 0 0 0 0 0 0 0 0 0 122 0 171 0 0 0 0 0 0 5 0 0 274 0 0 0 0 0 0 0 209 0 0 0 0 88 0 18 0 0 0 0 170 0 0 0 0 0 0 0 0 0 0 0 0 0 0 0 0 0 0 0 0 212 0 0 0 0 0 0 
0 0 0 0 0 135 0 0 0 203 202 0 0 0 0 55 0 0 0 0 0 0 0 0 0 0 0 0 0 0 0 0 0 0 248 0 0 224 0 0 0 0 0 0 0 4 0 0 0 0 0 0 85 0 0 0 0 0 182 0 0 0 0 0 0 0 0 173 0 62 0 0 33 0 77 0 0 0 0 0 0 0 225 0 0 0 0 0 0 0 0 0 0 139 0 0 0 0 0 0 
0 0 0 0 0 0 0 156 0 0 0 0 140 0 0 0 0 0 0 74 0 0 0 0 0 0 0 0 0 0 0 0 0 0 0 0 0 0 0 0 0 0 0 0 0 0 0 0 0 0 0 255 0 0 0 0 0 0 0 0 0 0 0 0 243 0 0 0 5 88 295 199 0 0 0 0 0 0 0 0 0 0 0 0 0 0 0 0 0 0 267 0 0 0 0 0 0 0 0 39 
0 0 0 0 0 0 0 83 127 282 0 99 0 0 0 0 0 0 0 0 0 0 0 270 0 0 0 0 0 0 0 0 0 67 0 0 0 0 0 0 0 0 195 0 261 0 0 0 0 0 0 0 46 0 0 0 182 0 0 0 0 0 0 0 0 0 0 0 0 150 0 0 0 0 0 0 0 0 0 187 0 0 0 0 0 0 0 0 0 0 0 0 0 0 0 0 0 0 0 0 
0 221 0 0 0 149 165 0 0 0 0 0 0 0 0 0 0 0 120 0 0 0 0 0 147 0 0 8 0 0 0 0 0 0 0 0 0 0 0 0 0 0 37 0 158 0 0 0 0 0 0 0 0 0 0 0 0 0 0 0 0 0 0 2 0 0 182 0 0 0 285 0 0 0 0 0 4 0 0 0 0 0 0 0 0 0 0 0 0 98 0 0 0 0 0 0 0 0 0 0 
0 0 0 248 0 0 0 133 0 0 0 0 0 0 0 0 0 0 0 0 0 0 0 0 3 283 0 145 0 15 86 0 0 0 0 0 0 0 0 0 0 0 0 0 0 0 0 0 0 0 0 0 0 0 0 209 0 0 0 0 0 0 0 264 0 0 223 0 0 0 0 0 0 0 112 0 0 0 0 0 0 0 0 0 0 0 0 141 0 99 0 0 0 0 140 0 0 0 0 0 
0 0 18 0 0 0 0 0 126 0 0 227 0 0 0 0 0 0 0 0 0 65 267 0 0 0 0 0 0 0 0 0 0 0 12 0 0 0 0 0 0 68 0 0 0 0 114 0 21 0 0 88 0 0 197 0 0 0 0 0 0 0 35 144 0 0 0 0 0 0 0 0 0 224 0 0 0 0 0 0 0 201 0 0 0 0 0 0 0 0 0 0 0 0 0 0 0 0 0 0 
0 57 0 0 0 0 0 51 0 0 127 0 0 0 0 0 186 0 0 0 0 0 0 0 0 0 0 0 0 0 0 0 0 0 0 0 0 0 0 0 160 0 0 10 0 0 0 0 0 0 0 0 0 0 0 0 0 0 0 0 0 35 0 0 0 244 0 0 274 0 0 112 0 0 0 0 0 0 0 0 0 0 0 66 0 127 0 0 138 0 149 288 0 0 0 0 0 0 0 0 
0 0 0 0 0 0 0 0 0 0 0 0 0 0 0 0 197 0 0 0 0 0 0 0 0 0 0 0 0 0 0 0 0 0 0 0 0 284 0 0 189 0 0 0 0 0 0 158 0 0 167 0 0 0 0 0 0 0 0 2 264 144 0 0 0 0 0 0 0 80 0 0 0 0 265 0 100 0 0 0 0 0 0 0 85 0 269 0 0 122 0 0 0 0 0 13 0 0 0 0 
0 0 0 0 0 0 0 0 0 0 0 0 0 0 0 0 281 0 0 0 0 0 0 0 0 0 0 0 0 0 0 0 0 0 0 0 0 0 0 248 0 0 0 173 0 0 295 0 0 0 0 0 0 0 0 0 0 243 0 0 0 0 0 0 0 0 0 0 0 0 0 24 0 0 98 0 0 0 0 0 0 0 0 90 0 0 0 0 0 0 0 0 173 0 224 0 0 0 0 0 
114 0 0 0 0 0 0 0 0 0 177 0 121 0 0 244 0 0 293 0 0 0 0 0 0 0 0 0 0 0 205 0 0 0 0 6 0 41 0 0 0 175 0 0 0 0 0 0 0 0 0 0 0 0 0 88 0 0 0 0 0 0 244 0 0 0 0 0 0 0 0 12 60 0 0 0 0 0 0 0 0 0 0 298 0 0 0 0 0 0 0 0 30 0 0 0 0 0 0 0 
0 0 0 0 0 0 248 0 206 0 0 0 0 0 0 0 0 0 296 0 0 0 0 0 0 0 0 0 0 0 18 0 0 0 177 0 0 0 0 0 0 0 0 0 138 297 0 0 0 0 0 0 167 0 151 0 0 0 0 182 223 0 0 0 0 0 0 0 0 0 0 0 0 0 0 0 267 204 0 0 0 0 0 0 0 0 0 0 0 0 0 0 0 0 0 0 0 0 0 0 
0 0 0 0 0 0 0 135 0 0 0 0 0 0 0 0 184 0 0 0 0 0 289 0 0 0 0 0 0 0 0 0 206 0 0 0 266 209 0 0 0 0 0 0 0 0 0 0 0 0 0 0 0 20 174 18 173 0 0 0 0 0 0 0 0 0 0 0 0 0 0 0 0 0 0 201 0 0 53 247 0 0 198 0 0 0 0 0 0 0 0 0 0 0 187 0 0 0 0 0 
0 0 0 0 0 0 0 0 0 0 36 282 0 0 0 0 0 0 0 0 208 0 0 0 0 246 0 233 120 0 0 0 0 0 0 0 0 0 0 0 0 0 283 0 0 0 0 0 0 0 0 0 0 0 0 0 0 5 0 0 0 0 274 0 0 0 0 0 0 0 0 0 0 0 0 133 0 0 0 0 0 0 0 0 0 0 74 0 0 0 0 67 0 164 0 0 0 87 196 0 
0 0 0 0 0 0 0 0 0 0 0 0 233 0 0 0 0 0 81 0 0 0 0 0 0 0 0 43 0 0 271 0 0 0 0 0 0 0 0 53 0 0 0 0 0 0 0 0 0 0 236 0 0 0 0 0 62 88 150 0 0 0 0 80 0 0 0 0 0 0 0 0 0 0 0 0 0 0 0 0 0 0 0 0 0 0 0 0 0 0 0 0 0 0 0 0 182 0 0 0 
0 0 45 0 0 0 54 0 0 111 0 0 0 0 0 0 0 0 0 0 0 0 0 0 0 0 0 0 0 0 0 0 0 0 0 0 0 0 0 0 0 0 0 0 0 0 0 0 0 0 0 31 0 0 77 0 0 295 0 285 0 0 0 0 0 0 0 0 0 0 0 0 170 245 0 0 226 0 0 0 0 0 0 0 0 247 0 0 165 0 0 0 0 0 0 0 0 0 183 0 
0 0 0 0 0 0 0 0 0 0 0 0 0 0 0 0 0 0 0 200 0 264 0 0 0 0 4 0 0 0 265 0 0 0 0 0 0 0 206 0 0 0 0 0 0 0 11 0 0 0 0 24 0 0 158 0 0 199 0 0 0 0 112 0 24 12 0 0 0 0 0 0 0 0 0 0 0 0 0 0 0 0 0 0 0 0 0 0 0 0 0 0 0 0 0 0 0 0 0 0 
206 0 0 0 0 0 0 0 0 0 0 0 68 0 123 0 0 0 0 0 0 0 0 0 0 0 0 0 0 0 0 0 0 0 0 0 0 0 0 131 0 0 0 0 0 0 0 0 129 0 0 261 0 0 0 170 33 0 0 0 0 0 0 0 0 60 0 0 0 0 170 0 0 0 0 0 0 215 0 0 0 0 0 0 0 0 0 204 0 0 0 47 0 0 0 0 0 0 24 0 
0 0 0 0 276 156 0 0 0 0 0 0 0 259 111 0 0 137 0 0 0 110 0 0 0 0 0 0 0 0 0 0 0 0 0 0 0 0 0 0 144 0 0 0 0 0 0 0 0 0 0 0 0 0 186 0 0 0 0 0 0 224 0 0 0 0 0 0 0 0 245 0 0 0 0 0 0 0 0 0 206 0 0 0 0 0 0 0 0 0 0 0 0 95 0 0 299 0 0 0 
190 0 0 0 272 0 0 0 0 0 0 61 0 0 0 130 0 120 0 0 0 0 0 0 59 0 0 0 150 0 0 0 0 0 0 0 0 0 0 0 0 0 0 0 0 0 0 0 0 152 0 0 281 0 0 0 77 0 0 0 112 0 0 265 98 0 0 0 0 0 0 0 0 0 0 0 0 0 0 0 0 0 43 0 0 0 0 0 154 0 0 0 0 0 0 0 0 0 0 0 
249 0 0 0 63 0 0 0 13 23 0 0 0 66 0 0 0 0 0 0 0 57 222 0 0 0 0 0 259 0 0 0 0 0 0 0 0 0 69 0 122 0 0 0 0 0 0 146 0 0 0 0 0 0 0 0 0 0 0 0 0 0 0 0 0 0 0 201 133 0 0 0 0 0 0 0 0 0 0 0 0 0 0 0 145 0 0 0 0 0 0 0 0 0 0 107 0 0 0 0 
0 0 0 0 285 0 0 0 0 0 0 0 0 0 0 0 0 0 0 0 0 0 0 0 0 260 0 0 0 0 0 0 201 0 0 0 0 0 0 0 24 0 0 0 0 0 0 0 0 0 0 0 259 170 0 0 0 0 0 4 0 0 0 100 0 0 267 0 0 0 226 0 0 0 0 0 0 0 0 0 0 0 0 0 0 0 0 26 0 0 0 0 0 0 0 31 0 0 0 0 
0 0 210 0 0 0 0 0 0 0 0 0 0 0 158 0 0 46 0 0 0 0 0 0 0 0 0 186 0 0 130 0 0 0 0 119 297 0 0 0 0 0 0 0 0 0 0 0 9 0 0 0 0 0 0 0 0 0 0 0 0 0 0 0 0 0 204 0 0 0 0 0 215 0 0 0 0 0 0 0 178 0 0 255 276 0 0 0 0 133 0 0 59 0 0 0 0 0 0 0 
0 0 0 81 0 0 17 0 0 146 0 0 0 84 0 0 0 186 0 0 0 3 0 0 0 0 0 0 0 0 0 0 0 0 3 0 0 0 0 0 0 0 0 0 0 228 15 0 0 0 0 0 0 0 0 0 0 0 0 0 0 0 0 0 0 0 0 53 0 0 0 0 0 0 0 0 0 0 0 31 0 0 0 30 72 0 0 0 0 278 180 0 0 0 0 0 0 0 0 0 
0 277 0 0 45 0 0 0 0 0 0 0 0 0 0 0 118 0 0 0 263 0 0 201 0 0 0 0 0 0 0 222 0 0 0 0 0 0 0 223 0 0 0 0 0 0 0 244 52 0 0 0 253 0 0 0 0 0 187 0 0 0 0 0 0 0 0 247 0 0 0 0 0 0 0 0 0 0 31 0 0 0 0 203 0 0 68 0 0 0 0 0 0 0 0 0 0 0 0 0 
0 0 0 4 0 0 0 0 0 0 0 208 0 0 0 0 0 0 59 0 0 0 206 0 0 0 0 0 91 79 0 0 0 117 0 0 0 0 0 0 150 0 174 0 129 0 0 0 0 0 0 0 0 0 0 0 0 0 0 0 0 0 0 0 0 0 0 0 0 0 0 0 0 206 0 0 0 178 0 0 0 0 0 0 0 0 90 180 0 0 0 219 0 0 0 0 0 0 0 0 
0 66 0 0 241 0 0 0 0 0 0 0 0 0 245 0 0 0 5 0 0 0 15 104 0 0 0 0 0 0 0 49 25 0 0 0 0 0 0 0 0 0 0 0 0 147 0 174 0 0 0 0 0 0 0 0 0 0 0 0 0 201 0 0 0 0 0 0 0 0 0 0 0 0 0 0 0 0 0 0 0 0 0 0 0 95 0 0 0 82 0 0 0 0 0 0 0 0 0 0 
0 0 0 77 0 0 0 0 0 0 0 0 0 0 0 0 0 0 0 152 114 80 113 0 0 0 0 0 0 0 0 248 0 0 0 0 0 0 202 0 0 161 0 0 0 0 0 0 0 0 0 33 164 0 0 0 225 0 0 0 0 0 0 0 0 0 0 198 0 0 0 0 0 0 43 0 0 0 0 0 0 0 0 0 0 0 0 0 0 0 0 0 0 0 0 0 0 0 0 252 
0 0 159 0 0 0 0 0 0 0 0 0 0 0 0 0 0 0 0 0 250 0 0 0 0 0 0 0 0 0 0 288 0 0 0 0 0 0 148 0 0 0 0 0 0 0 0 0 0 0 0 0 0 258 0 0 0 0 0 0 0 0 66 0 90 298 0 0 0 0 0 0 0 0 0 0 0 255 30 203 0 0 0 0 0 0 0 80 0 0 0 0 0 0 0 0 0 0 0 0 
0 0 154 0 0 0 0 0 218 0 0 0 0 0 0 0 0 0 0 0 0 0 0 0 0 0 116 0 0 0 0 0 0 247 0 0 86 0 0 0 0 0 0 197 0 0 21 4 0 0 9 0 129 0 0 0 0 0 0 0 0 0 0 85 0 0 0 0 0 0 0 0 0 0 0 145 0 276 72 0 0 0 0 0 0 108 0 0 0 0 0 0 0 0 0 0 0 0 0 0 
0 0 0 0 0 0 0 0 0 0 0 0 103 0 0 0 0 0 0 0 0 0 0 0 0 0 46 74 186 0 0 0 0 0 0 0 0 0 0 0 0 0 0 0 0 0 0 0 0 0 0 0 0 0 0 0 0 0 0 0 0 0 127 0 0 0 0 0 0 0 247 0 0 0 0 0 0 0 0 0 0 95 0 0 108 0 0 0 0 0 0 0 0 0 0 0 0 0 0 0 
0 0 0 0 0 70 0 0 0 0 147 0 0 0 0 0 0 0 0 0 0 73 0 0 0 0 75 0 299 86 0 0 0 0 0 0 0 0 0 0 0 0 0 0 0 0 0 0 0 0 0 0 0 0 0 0 0 0 0 0 0 0 0 269 0 0 0 0 74 0 0 0 0 0 0 0 0 0 0 68 90 0 0 0 0 0 0 0 0 280 0 0 121 0 0 0 119 0 177 257 
0 0 0 33 0 0 0 0 0 0 0 0 0 0 0 0 0 0 283 0 0 32 0 0 0 13 0 0 0 0 0 61 0 0 0 0 149 0 0 0 0 85 0 0 0 0 32 17 0 0 0 0 0 0 0 0 0 0 0 0 141 0 0 0 0 0 0 0 0 0 0 0 204 0 0 0 26 0 0 0 180 0 0 80 0 0 0 0 0 0 0 0 0 0 0 0 0 0 0 0 
0 0 0 0 0 150 0 0 0 0 0 0 0 0 59 0 0 0 0 0 67 0 0 0 0 0 0 60 0 0 0 237 0 72 0 35 0 0 224 0 0 0 0 0 0 0 0 112 0 0 138 0 0 0 0 0 0 0 0 0 0 0 138 0 0 0 0 0 0 0 165 0 0 0 154 0 0 0 0 0 0 0 0 0 0 0 0 0 0 0 0 231 0 0 0 113 0 0 0 0 
216 238 0 0 0 0 254 0 0 13 0 65 0 0 0 119 0 0 0 0 0 0 0 0 0 199 0 0 0 0 0 0 0 0 0 0 0 0 0 0 0 0 0 0 0 0 0 0 0 0 0 0 0 120 0 0 0 0 0 98 99 0 0 122 0 0 0 0 0 0 0 0 0 0 0 0 0 133 278 0 0 82 0 0 0 0 280 0 0 0 0 0 0 0 0 0 0 0 0 0 
0 0 0 0 0 0 105 0 0 152 0 0 0 0 60 0 0 0 0 0 0 39 0 0 0 0 47 0 0 0 245 0 0 0 0 0 0 266 0 0 0 0 39 0 0 67 221 0 0 0 0 0 0 0 0 0 0 267 0 0 0 0 149 0 0 0 0 0 0 0 0 0 0 0 0 0 0 0 180 0 0 0 0 0 0 0 0 0 0 0 0 0 0 0 0 0 236 0 0 85 
0 0 0 0 0 0 0 0 0 0 0 172 0 0 0 0 0 0 0 0 0 0 0 213 0 0 0 0 0 0 0 0 0 0 0 0 0 0 0 0 0 0 0 0 0 125 0 0 0 0 0 0 0 0 0 0 0 0 0 0 0 0 288 0 0 0 0 0 67 0 0 0 47 0 0 0 0 0 0 0 219 0 0 0 0 0 0 0 231 0 0 0 0 0 0 0 0 0 0 0 
0 0 0 0 0 0 0 28 0 0 0 0 0 0 0 0 0 0 0 0 0 0 0 0 0 0 0 0 0 0 0 0 0 197 0 0 0 0 0 0 0 188 0 0 0 0 130 0 254 0 0 0 190 0 0 0 0 0 0 0 0 0 0 0 173 30 0 0 0 0 0 0 0 0 0 0 0 59 0 0 0 0 0 0 0 0 121 0 0 0 0 0 0 0 0 0 0 0 34 0 
0 0 0 0 0 0 79 0 171 0 0 0 0 0 0 0 206 115 0 0 0 0 0 0 0 201 0 0 0 0 0 0 0 0 0 0 0 0 0 0 0 0 0 0 0 0 0 0 16 94 0 0 0 0 0 212 139 0 0 0 0 0 0 0 0 0 0 0 164 0 0 0 0 95 0 0 0 0 0 0 0 0 0 0 0 0 0 0 0 0 0 0 0 0 0 0 109 0 0 0 
0 0 0 0 0 42 0 0 0 0 0 0 0 0 0 0 0 100 0 0 0 0 18 121 0 0 0 0 0 0 0 0 0 165 0 0 0 0 0 0 0 0 0 0 0 0 0 0 212 0 0 0 0 0 0 0 0 0 0 0 140 0 0 0 224 0 0 187 0 0 0 0 0 0 0 0 0 0 0 0 0 0 0 0 0 0 0 0 0 0 0 0 0 0 0 0 0 60 0 244 
0 0 0 0 0 0 0 0 0 17 38 0 0 264 109 141 0 110 0 0 0 0 0 0 0 0 0 0 0 0 0 0 0 296 161 0 0 0 0 0 0 115 0 0 0 0 0 292 0 0 0 0 0 0 0 0 0 0 0 0 0 0 0 13 0 0 0 0 0 0 0 0 0 0 0 107 31 0 0 0 0 0 0 0 0 0 0 0 113 0 0 0 0 0 0 0 50 0 0 0 
0 0 0 64 0 75 0 246 0 0 0 0 0 0 0 0 0 0 0 0 0 0 0 0 0 0 0 0 0 0 0 0 197 0 0 0 0 0 0 0 217 0 0 268 0 0 0 238 0 0 0 206 242 0 0 0 0 0 0 0 0 0 0 0 0 0 0 0 0 182 0 0 0 299 0 0 0 0 0 0 0 0 0 0 0 0 119 0 0 0 236 0 0 109 0 50 0 0 0 0 
0 117 0 0 279 0 0 0 0 267 0 0 0 0 0 0 0 0 122 0 181 0 0 0 0 202 0 0 0 0 0 0 0 0 0 0 0 0 0 0 0 0 0 0 0 0 0 0 0 0 0 0 0 0 0 0 0 0 0 0 0 0 0 0 0 0 0 0 87 0 0 0 0 0 0 0 0 0 0 0 0 0 0 0 0 0 0 0 0 0 0 0 0 0 60 0 0 0 0 0 
121 0 0 0 0 0 0 0 0 0 276 0 244 0 0 0 0 0 0 0 0 0 0 101 0 0 0 115 123 138 0 0 0 0 191 114 0 0 0 0 0 0 0 0 136 0 0 0 0 0 0 0 0 0 0 0 0 0 0 0 0 0 0 0 0 0 0 0 196 0 183 0 24 0 0 0 0 0 0 0 0 0 0 0 0 0 177 0 0 0 0 0 34 0 0 0 0 0 0 0 
141 0 0 133 0 0 0 187 0 0 0 0 0 0 34 122 0 0 0 199 0 0 0 0 0 0 0 0 67 72 0 0 0 0 0 0 0 0 0 15 0 0 0 138 0 0 0 0 0 0 0 0 0 0 0 0 0 39 0 0 0 0 0 0 0 0 0 0 0 0 0 0 0 0 0 0 0 0 0 0 0 0 252 0 0 0 257 0 0 0 85 0 0 0 244 0 0 0 0 0 
