0 108 440 0 0 0 0 0 0 0 0 0 145 0 0 0 0 0 0 0 0 0 0 0 0 0 0 0 0 0 0 0 0 0 0 0 0 300 0 0 391 0 0 123 0 0 417 0 270 0 0 0 0 0 0 0 0 0 0 13 0 0 0 0 0 0 0 0 0 0 0 0 0 0 0 0 0 0 0 0 0 0 0 0 269 441 0 0 0 368 0 0 325 0 0 183 0 0 0 0 
108 0 0 0 0 0 0 0 0 0 0 0 0 0 0 0 0 0 0 0 493 0 272 0 0 113 195 0 0 0 0 0 0 0 0 0 0 0 0 0 0 485 0 0 0 0 0 0 0 0 0 0 0 0 0 343 0 0 0 0 0 0 46 0 223 0 0 0 0 0 0 0 0 0 280 0 0 485 336 0 0 0 0 0 0 0 0 0 0 498 0 121 0 0 0 391 0 0 0 0 
440 0 0 0 0 0 86 0 0 114 490 0 0 0 0 0 0 34 0 13 0 0 0 0 0 0 0 0 0 0 0 0 0 0 0 0 0 0 115 0 0 0 0 0 0 0 0 0 0 0 0 291 0 0 0 0 0 0 0 0 0 0 0 0 0 194 0 339 0 263 0 0 0 0 0 0 479 0 0 399 313 276 0 0 0 0 0 0 0 0 0 0 0 0 0 0 0 0 0 0 
0 0 0 0 0 0 0 0 144 140 0 0 0 0 322 0 332 0 0 0 0 0 0 0 0 0 0 0 0 0 0 0 0 0 0 0 0 0 0 0 0 0 0 0 0 0 0 414 0 0 119 419 0 0 0 0 0 0 0 0 0 0 0 0 0 0 0 0 0 0 0 0 0 0 0 0 0 239 0 240 0 0 0 261 0 0 0 0 0 0 0 0 0 0 0 0 0 452 102 450 
0 0 0 0 0 379 391 0 0 0 0 0 105 0 0 0 0 0 0 0 0 0 0 0 430 0 0 0 0 0 0 0 0 0 0 0 0 0 0 260 0 0 0 0 0 0 0 0 0 0 0 190 0 0 0 0 0 0 0 0 0 0 0 0 0 0 0 0 0 302 0 0 0 0 0 0 0 0 0 0 0 500 0 0 0 0 0 0 0 0 0 0 0 0 0 0 0 0 0 0 
0 0 0 0 379 0 0 184 0 293 0 0 0 0 0 0 0 0 0 0 0 0 0 333 0 0 30 0 33 352 0 0 0 0 0 0 0 0 0 0 0 0 0 0 0 0 0 0 0 0 109 0 0 0 0 0 0 0 0 0 0 0 73 0 0 0 0 0 0 0 0 0 73 274 0 0 0 0 0 0 0 0 0 0 474 0 0 0 0 0 470 0 0 13 356 0 0 0 0 0 
0 0 86 0 391 0 0 0 374 0 0 0 348 0 0 0 0 0 184 0 61 0 0 0 0 0 0 0 0 0 0 0 0 0 0 0 0 168 0 0 0 0 0 0 0 0 0 0 0 0 0 0 0 0 327 0 0 0 0 0 0 0 0 0 0 262 0 0 0 329 0 0 349 0 346 0 0 0 0 0 0 427 0 0 0 0 0 0 0 339 0 0 0 0 0 0 0 0 0 261 
0 0 0 0 0 184 0 0 0 0 136 0 0 0 0 0 0 0 0 0 0 239 0 0 0 0 0 0 0 0 0 0 0 0 0 314 0 0 0 0 0 0 0 0 0 0 0 279 0 0 0 0 0 0 0 0 117 0 0 0 0 0 0 0 0 0 0 0 0 0 0 0 0 0 0 433 0 0 0 0 0 0 268 0 0 434 0 489 0 173 0 0 2 0 0 234 0 255 0 0 
0 0 0 144 0 0 374 0 0 0 0 457 0 0 0 0 0 0 0 0 0 0 0 0 220 0 0 0 189 292 0 0 0 0 0 0 216 0 0 0 0 0 0 0 414 0 478 0 0 0 0 0 0 0 0 28 0 0 0 0 0 0 0 0 0 0 269 25 0 0 0 0 0 0 0 372 0 0 0 0 0 0 0 0 0 0 0 0 0 0 0 0 0 169 0 0 323 0 0 0 
0 0 114 140 0 293 0 0 0 0 0 0 0 0 0 0 0 0 0 0 243 0 0 232 0 0 0 0 0 0 0 0 0 0 0 0 0 0 0 0 0 0 0 0 0 0 0 0 0 0 0 0 0 0 0 0 0 0 0 0 0 0 0 0 0 0 0 0 0 0 0 179 0 0 0 0 0 0 0 0 0 0 45 0 413 0 0 0 0 0 0 0 0 0 0 37 0 0 0 0 
0 0 490 0 0 0 0 136 0 0 0 0 0 0 0 0 0 0 0 0 0 0 0 0 0 0 219 0 0 451 0 54 0 294 0 0 0 294 0 0 0 0 0 0 372 0 459 0 0 0 0 0 357 0 239 0 0 361 0 0 0 0 0 0 0 0 0 0 0 0 0 0 0 0 0 0 0 0 0 0 239 90 0 0 0 0 0 0 0 0 0 0 0 0 0 0 0 0 0 0 
0 0 0 0 0 0 0 0 457 0 0 0 0 0 0 488 0 0 0 0 0 0 0 147 0 0 0 0 0 0 18 0 0 0 0 0 0 0 0 0 0 0 0 0 0 0 454 0 79 0 0 0 0 0 0 0 0 0 0 0 0 0 0 0 0 0 0 0 0 0 0 0 350 0 0 478 0 0 0 0 10 0 0 0 172 0 447 0 31 454 0 0 387 0 0 0 0 0 0 0 
145 0 0 0 105 0 348 0 0 0 0 0 0 0 0 0 0 0 115 0 0 0 0 0 0 0 0 0 0 0 0 0 0 0 0 0 0 242 420 0 0 0 0 0 0 0 0 0 0 0 436 0 262 0 0 0 0 0 0 0 0 0 213 0 0 0 333 0 0 0 0 0 0 0 311 0 0 0 328 0 0 0 0 0 0 0 0 0 0 0 0 18 0 0 0 278 0 0 0 317 
0 0 0 0 0 0 0 0 0 0 0 0 0 0 0 0 0 0 0 0 0 0 236 0 0 474 0 0 0 313 0 0 0 0 0 324 0 0 0 0 0 0 0 0 0 0 0 90 0 0 0 0 0 0 0 0 0 0 0 214 0 0 0 0 0 0 0 0 0 0 0 0 324 0 0 0 0 0 0 0 0 0 282 0 0 0 0 0 346 0 33 0 0 0 0 0 0 0 0 0 
0 0 0 322 0 0 0 0 0 0 0 0 0 0 0 0 0 100 0 0 0 0 0 0 0 0 445 4 336 272 345 0 0 0 0 0 0 316 0 0 0 0 0 322 0 0 0 111 0 0 0 0 0 0 0 0 0 0 464 0 0 0 0 275 0 312 0 0 0 0 0 0 0 0 0 0 0 0 0 0 0 0 0 0 0 0 0 0 0 0 0 0 0 0 0 0 183 0 0 0 
0 0 0 0 0 0 0 0 0 0 0 488 0 0 0 0 0 0 0 0 0 0 242 0 0 0 0 0 0 133 1 0 0 0 0 0 0 0 0 0 0 0 0 0 0 373 0 0 0 0 0 0 0 0 0 0 0 16 0 0 121 0 33 0 236 0 0 168 0 0 0 0 0 0 0 0 18 0 0 0 0 0 0 0 0 0 0 0 0 0 0 0 0 0 0 0 0 0 0 0 
0 0 0 332 0 0 0 0 0 0 0 0 0 0 0 0 0 0 0 0 0 0 0 0 0 0 0 0 0 0 0 0 0 449 0 0 66 0 19 0 0 0 0 363 0 0 0 0 352 0 0 0 0 0 0 194 0 0 0 0 0 0 0 0 0 216 0 0 0 0 3 0 0 0 0 0 0 0 0 0 0 0 0 0 0 388 53 0 13 0 0 0 0 0 0 0 0 0 0 0 
0 0 34 0 0 0 0 0 0 0 0 0 0 0 100 0 0 0 0 0 0 0 0 0 0 0 0 0 0 0 0 0 0 0 0 0 0 0 0 318 0 0 0 0 0 0 0 0 0 109 0 0 0 0 0 0 0 0 0 0 0 0 0 0 0 0 379 0 0 0 0 0 0 0 0 0 0 0 0 0 0 0 264 0 0 70 0 0 0 188 369 0 0 232 409 0 0 0 14 0 
0 0 0 0 0 0 184 0 0 0 0 0 115 0 0 0 0 0 0 0 0 0 0 0 128 497 0 0 0 0 0 0 0 0 0 408 0 142 0 0 443 0 0 0 0 184 0 0 0 0 0 0 392 0 0 0 0 0 0 0 0 0 308 0 0 313 0 0 0 0 0 0 0 0 0 0 113 0 0 0 446 71 0 0 0 0 0 0 0 0 0 0 222 0 0 0 0 0 0 0 
0 0 13 0 0 0 0 0 0 0 0 0 0 0 0 0 0 0 0 0 0 0 0 0 0 224 0 0 0 0 0 0 0 0 0 85 0 121 0 39 0 0 0 81 0 0 0 0 0 0 0 0 0 261 0 0 0 0 0 0 320 0 0 0 0 0 135 0 441 0 0 0 0 3 210 0 0 0 313 0 0 0 0 0 0 0 0 0 0 0 0 0 0 34 0 0 0 0 0 0 
0 493 0 0 0 0 61 0 0 243 0 0 0 0 0 0 0 0 0 0 0 0 0 398 0 0 0 0 0 0 0 0 0 0 0 0 0 0 0 0 0 0 0 0 0 353 0 0 0 0 0 0 0 0 0 0 39 0 0 0 0 0 0 447 0 0 0 0 0 0 448 30 0 0 0 0 307 0 0 0 0 0 0 0 486 0 0 30 141 0 0 0 0 0 0 0 0 0 0 0 
0 0 0 0 0 0 0 239 0 0 0 0 0 0 0 0 0 0 0 0 0 0 0 0 0 0 398 236 0 0 0 0 0 0 334 336 0 0 0 0 0 0 0 0 0 0 0 0 0 0 0 269 0 0 0 0 0 174 0 0 0 0 0 0 0 0 0 0 0 0 385 438 0 0 244 0 0 0 0 0 0 0 0 150 133 0 0 365 0 0 411 0 0 0 0 0 0 0 0 46 
0 272 0 0 0 0 0 0 0 0 0 0 0 236 0 242 0 0 0 0 0 0 0 0 0 0 0 0 0 0 0 317 0 0 0 10 0 0 0 0 96 0 0 0 0 0 0 0 7 0 0 0 0 0 65 0 0 0 0 230 0 0 331 0 0 0 0 109 0 0 0 0 0 454 0 0 0 0 8 0 0 0 0 0 175 0 0 0 0 171 0 0 0 0 0 0 0 0 0 0 
0 0 0 0 0 333 0 0 0 232 0 147 0 0 0 0 0 0 0 0 398 0 0 0 0 0 0 0 0 491 96 0 0 0 0 0 0 74 0 0 0 0 0 268 0 0 0 0 0 344 0 307 0 0 0 0 0 0 0 0 0 0 100 349 0 0 0 0 313 0 168 0 214 0 0 0 0 0 0 0 0 0 0 0 0 0 0 0 0 0 0 0 0 0 0 0 0 0 0 0 
0 0 0 0 430 0 0 0 220 0 0 0 0 0 0 0 0 0 128 0 0 0 0 0 0 0 0 372 0 0 8 0 0 0 0 0 0 0 0 0 210 0 0 423 0 0 0 0 0 0 0 96 0 0 0 0 0 190 362 0 0 0 0 0 0 0 0 0 352 0 0 0 0 370 0 0 0 0 0 0 0 0 183 0 60 0 0 0 0 0 0 0 0 0 0 0 217 0 0 0 
0 113 0 0 0 0 0 0 0 0 0 0 0 474 0 0 0 0 497 224 0 0 0 0 0 0 0 0 0 0 0 0 0 0 0 0 0 0 0 0 0 0 0 0 0 0 0 0 0 0 0 0 0 0 0 0 0 0 0 299 0 0 0 0 5 153 0 0 0 480 0 0 201 243 0 0 0 0 0 0 410 0 143 0 0 0 0 0 0 0 0 0 0 0 0 0 0 223 0 0 
0 195 0 0 0 30 0 0 0 0 219 0 0 0 445 0 0 0 0 0 0 398 0 0 0 0 0 0 0 0 0 0 0 0 0 0 0 268 0 0 0 0 0 0 0 0 0 0 409 0 0 0 451 0 0 0 0 0 0 0 0 0 0 0 0 0 0 0 0 0 0 0 0 0 0 0 0 0 0 0 0 0 0 0 0 0 393 481 0 0 0 0 0 0 0 0 0 408 0 0 
0 0 0 0 0 0 0 0 0 0 0 0 0 0 4 0 0 0 0 0 0 236 0 0 372 0 0 0 0 0 0 0 0 0 188 0 0 0 0 0 0 0 0 0 0 56 495 0 0 0 0 0 0 277 0 238 0 0 0 0 0 0 0 0 0 0 0 0 0 0 0 0 0 0 0 0 458 0 0 0 0 0 0 178 480 0 0 0 0 0 0 479 0 0 0 0 0 0 0 0 
0 0 0 0 0 33 0 0 189 0 0 0 0 0 336 0 0 0 0 0 0 0 0 0 0 0 0 0 0 0 0 0 0 0 0 0 330 240 0 0 0 0 0 0 0 0 0 367 0 0 0 0 179 0 0 274 0 0 0 0 0 0 0 0 0 0 292 0 0 0 0 0 466 484 0 0 0 363 0 0 0 0 0 0 0 0 338 0 0 348 231 0 0 0 0 0 0 0 0 0 
0 0 0 0 0 352 0 0 292 0 451 0 0 313 272 133 0 0 0 0 0 0 0 491 0 0 0 0 0 0 0 0 0 0 0 0 0 0 0 0 0 0 0 0 0 0 0 0 0 0 0 0 0 0 0 500 0 0 0 0 0 0 0 0 0 0 0 0 0 0 320 0 0 0 0 0 0 452 0 0 0 0 0 0 0 0 0 0 0 0 23 0 0 0 0 0 0 0 0 0 
0 0 0 0 0 0 0 0 0 0 0 18 0 0 345 1 0 0 0 0 0 0 0 96 8 0 0 0 0 0 0 0 0 381 0 0 0 0 227 0 0 0 0 0 0 0 0 0 277 0 0 0 0 0 0 0 0 0 0 0 0 0 0 0 0 0 0 0 0 179 0 0 0 0 0 0 0 305 0 0 0 0 0 0 0 0 77 0 298 0 0 0 461 0 0 0 0 0 0 0 
0 0 0 0 0 0 0 0 0 0 54 0 0 0 0 0 0 0 0 0 0 0 317 0 0 0 0 0 0 0 0 0 344 0 0 0 0 0 365 199 0 0 0 0 0 0 0 0 0 0 0 0 338 59 412 0 0 0 0 0 423 0 0 0 0 397 0 0 0 0 0 0 0 0 0 0 462 141 0 0 0 0 0 0 0 0 0 0 0 0 0 0 0 0 0 153 0 0 0 0 
0 0 0 0 0 0 0 0 0 0 0 0 0 0 0 0 0 0 0 0 0 0 0 0 0 0 0 0 0 0 0 344 0 247 0 0 0 0 0 0 0 462 0 0 0 0 0 128 0 0 0 157 208 0 401 0 0 0 0 0 0 4 0 0 0 0 0 0 0 0 0 0 0 111 0 217 0 0 0 0 0 459 0 0 4 0 0 0 0 0 0 0 0 0 0 0 0 0 0 0 
0 0 0 0 0 0 0 0 0 0 294 0 0 0 0 0 449 0 0 0 0 0 0 0 0 0 0 0 0 0 381 0 247 0 0 0 0 0 0 0 0 0 0 0 123 0 0 0 0 0 0 0 0 0 0 0 0 0 0 0 0 214 0 0 0 0 0 0 0 0 0 0 0 0 0 197 0 0 0 0 0 0 0 0 0 0 0 0 0 0 0 0 0 0 0 0 0 215 0 394 
0 0 0 0 0 0 0 0 0 0 0 0 0 0 0 0 0 0 0 0 0 334 0 0 0 0 0 188 0 0 0 0 0 0 0 0 0 0 0 0 0 0 0 0 0 0 0 0 0 142 0 221 0 0 0 0 0 0 302 0 0 0 0 0 0 127 0 0 0 0 47 0 0 255 0 135 418 0 0 0 0 0 0 0 0 0 397 0 0 0 0 0 0 0 0 0 0 0 0 0 
0 0 0 0 0 0 0 314 0 0 0 0 0 324 0 0 0 0 408 85 0 336 10 0 0 0 0 0 0 0 0 0 0 0 0 0 0 0 0 0 0 0 383 0 0 0 457 0 0 57 0 0 0 0 0 0 0 0 0 0 0 185 0 0 0 0 0 350 0 0 0 73 0 0 0 0 147 0 0 0 338 0 0 0 0 0 0 0 0 0 0 0 24 0 0 0 0 0 0 0 
0 0 0 0 0 0 0 0 216 0 0 0 0 0 0 0 66 0 0 0 0 0 0 0 0 0 0 0 330 0 0 0 0 0 0 0 0 0 402 0 0 0 0 0 0 0 0 167 0 0 0 0 0 260 0 0 0 0 0 29 0 0 0 283 0 0 0 0 0 171 0 0 255 0 241 346 0 0 0 0 0 200 0 0 0 0 0 0 0 0 0 0 0 0 0 0 0 0 0 0 
300 0 0 0 0 0 168 0 0 0 294 0 242 0 316 0 0 0 142 121 0 0 0 74 0 0 268 0 240 0 0 0 0 0 0 0 0 0 0 0 0 0 0 0 0 0 0 0 0 0 0 0 0 0 0 0 12 0 0 0 263 0 0 0 0 0 0 0 0 0 0 0 0 0 0 0 0 0 0 0 166 0 202 0 0 0 0 0 0 0 0 0 0 0 0 0 0 22 0 0 
0 0 115 0 0 0 0 0 0 0 0 0 420 0 0 0 19 0 0 0 0 0 0 0 0 0 0 0 0 0 227 365 0 0 0 0 402 0 0 0 0 0 0 255 372 397 0 0 0 0 311 0 0 0 0 0 0 0 0 0 104 0 90 0 0 442 0 0 0 0 0 242 0 0 0 0 0 0 0 0 0 0 0 0 0 0 0 0 0 0 0 0 0 0 0 0 0 0 0 0 
0 0 0 0 260 0 0 0 0 0 0 0 0 0 0 0 0 318 0 39 0 0 0 0 0 0 0 0 0 0 0 199 0 0 0 0 0 0 0 0 0 0 219 0 0 0 0 335 0 11 0 0 246 0 0 103 0 0 409 0 0 0 0 0 0 0 0 0 0 0 0 0 0 0 0 0 0 0 369 0 0 20 0 0 0 0 0 0 427 0 0 0 223 0 0 0 0 0 168 0 
391 0 0 0 0 0 0 0 0 0 0 0 0 0 0 0 0 0 443 0 0 0 96 0 210 0 0 0 0 0 0 0 0 0 0 0 0 0 0 0 0 0 0 0 0 0 0 0 129 23 0 0 0 0 0 0 0 0 459 0 0 0 8 0 0 0 0 34 0 0 0 0 0 0 0 129 0 0 0 0 0 0 0 0 0 0 0 0 0 0 0 0 0 0 0 0 0 42 0 0 
0 485 0 0 0 0 0 0 0 0 0 0 0 0 0 0 0 0 0 0 0 0 0 0 0 0 0 0 0 0 0 0 462 0 0 0 0 0 0 0 0 0 420 0 0 0 0 376 351 0 0 0 0 0 0 0 0 0 93 0 0 0 0 0 0 0 0 0 0 0 0 0 0 0 0 0 11 0 199 0 0 0 0 0 0 0 0 0 202 0 0 0 0 0 0 0 265 0 0 0 
0 0 0 0 0 0 0 0 0 0 0 0 0 0 0 0 0 0 0 0 0 0 0 0 0 0 0 0 0 0 0 0 0 0 0 383 0 0 0 219 0 420 0 0 389 0 102 189 0 0 8 296 352 0 0 0 0 0 0 0 0 0 0 0 444 0 0 0 0 0 0 0 0 492 0 271 0 0 0 0 0 351 0 0 0 0 0 0 400 0 281 0 0 0 0 0 0 0 0 0 
123 0 0 0 0 0 0 0 0 0 0 0 0 0 322 0 363 0 0 81 0 0 0 268 423 0 0 0 0 0 0 0 0 0 0 0 0 0 255 0 0 0 0 0 0 0 0 0 0 0 389 463 0 430 0 0 0 0 0 252 0 483 0 0 0 0 0 0 0 0 0 0 0 0 0 0 0 0 0 0 0 0 0 0 0 0 0 149 0 0 0 0 0 20 0 0 0 0 0 0 
0 0 0 0 0 0 0 0 414 0 372 0 0 0 0 0 0 0 0 0 0 0 0 0 0 0 0 0 0 0 0 0 0 123 0 0 0 0 372 0 0 0 389 0 0 0 28 0 0 0 175 0 0 0 475 0 71 0 0 0 442 0 0 0 0 0 0 0 0 0 0 0 0 0 0 0 0 0 189 0 0 433 0 0 0 0 0 0 281 0 0 189 0 0 0 0 0 0 472 0 
0 0 0 0 0 0 0 0 0 0 0 0 0 0 0 373 0 0 184 0 353 0 0 0 0 0 0 56 0 0 0 0 0 0 0 0 0 0 397 0 0 0 0 0 0 0 475 0 0 37 0 433 0 0 0 0 0 0 0 394 0 0 0 0 0 0 0 38 0 0 0 345 0 0 0 0 0 0 0 0 0 0 0 0 0 0 0 0 0 0 0 0 255 0 0 0 0 0 0 0 
417 0 0 0 0 0 0 0 478 0 459 454 0 0 0 0 0 0 0 0 0 0 0 0 0 0 0 495 0 0 0 0 0 0 0 457 0 0 0 0 0 0 102 0 28 475 0 0 0 0 0 0 0 0 0 0 0 0 0 0 0 0 0 0 118 0 0 0 0 0 0 0 0 0 0 0 0 0 0 0 0 0 34 0 0 0 0 0 0 0 0 0 0 0 0 0 0 448 0 0 
0 0 0 414 0 0 0 279 0 0 0 0 0 90 111 0 0 0 0 0 0 0 0 0 0 0 0 0 367 0 0 0 128 0 0 0 167 0 0 335 0 376 189 0 0 0 0 0 0 0 0 0 0 0 24 0 0 0 198 0 0 0 0 0 0 0 0 172 0 0 0 0 0 0 0 0 0 0 0 0 78 0 0 0 0 0 0 0 0 0 0 0 0 0 0 0 0 0 0 0 
270 0 0 0 0 0 0 0 0 0 0 79 0 0 0 0 352 0 0 0 0 0 7 0 0 0 409 0 0 0 277 0 0 0 0 0 0 0 0 0 129 351 0 0 0 0 0 0 0 0 0 0 0 0 0 0 0 94 0 0 0 101 0 0 0 0 0 0 0 0 0 0 0 0 0 0 0 0 373 143 0 0 0 0 0 0 0 0 0 0 123 0 81 281 0 0 0 0 0 0 
0 0 0 0 0 0 0 0 0 0 0 0 0 0 0 0 0 109 0 0 0 0 0 344 0 0 0 0 0 0 0 0 0 0 142 57 0 0 0 11 23 0 0 0 0 37 0 0 0 0 481 0 0 0 0 0 0 0 0 0 0 0 0 0 0 0 174 0 0 0 0 0 0 0 0 0 0 0 0 0 0 0 0 0 0 0 0 0 0 0 153 71 0 0 0 0 0 462 75 420 
0 0 0 119 0 109 0 0 0 0 0 0 436 0 0 0 0 0 0 0 0 0 0 0 0 0 0 0 0 0 0 0 0 0 0 0 0 0 311 0 0 0 8 389 175 0 0 0 0 481 0 0 141 0 0 167 0 0 0 0 0 151 0 0 0 0 0 0 0 0 0 0 0 0 0 0 0 0 0 334 0 0 0 0 91 0 0 87 0 0 0 0 0 0 0 0 198 0 0 0 
0 0 291 419 190 0 0 0 0 0 0 0 0 0 0 0 0 0 0 0 0 269 0 307 96 0 0 0 0 0 0 0 157 0 221 0 0 0 0 0 0 0 296 463 0 433 0 0 0 0 0 0 0 0 0 0 0 0 0 0 0 0 0 133 0 178 0 0 0 0 0 479 0 485 0 0 0 0 0 0 0 0 0 0 0 0 0 0 0 0 0 0 0 0 0 0 0 0 0 0 
0 0 0 0 0 0 0 0 0 0 357 0 262 0 0 0 0 0 392 0 0 0 0 0 0 0 451 0 179 0 0 338 208 0 0 0 0 0 0 246 0 0 352 0 0 0 0 0 0 0 141 0 0 0 0 0 0 0 0 0 0 0 0 107 0 0 0 0 0 304 0 0 0 0 422 0 190 0 0 0 0 0 176 0 0 0 0 0 0 0 0 0 0 0 0 0 0 0 0 0 
0 0 0 0 0 0 0 0 0 0 0 0 0 0 0 0 0 0 0 261 0 0 0 0 0 0 0 277 0 0 0 59 0 0 0 0 260 0 0 0 0 0 0 430 0 0 0 0 0 0 0 0 0 0 0 0 0 0 339 18 0 0 0 100 0 0 0 0 0 0 144 0 0 0 0 0 249 0 0 0 16 0 0 259 0 0 424 402 0 0 0 0 0 0 0 0 0 0 361 0 
0 0 0 0 0 0 327 0 0 0 239 0 0 0 0 0 0 0 0 0 0 0 65 0 0 0 0 0 0 0 0 412 401 0 0 0 0 0 0 0 0 0 0 0 475 0 0 24 0 0 0 0 0 0 0 434 0 0 0 252 218 0 0 0 0 164 425 0 0 0 0 0 0 0 167 0 0 0 12 0 0 0 0 0 0 0 0 0 327 0 0 0 0 0 0 0 0 0 0 0 
0 343 0 0 0 0 0 0 28 0 0 0 0 0 0 0 194 0 0 0 0 0 0 0 0 0 0 238 274 500 0 0 0 0 0 0 0 0 0 103 0 0 0 0 0 0 0 0 0 0 167 0 0 0 434 0 0 0 0 0 160 0 0 0 0 0 404 0 0 187 0 0 0 0 0 0 0 0 0 0 127 0 0 0 0 0 250 0 0 0 0 0 0 0 0 0 0 0 31 0 
0 0 0 0 0 0 0 117 0 0 0 0 0 0 0 0 0 0 0 0 39 0 0 0 0 0 0 0 0 0 0 0 0 0 0 0 0 12 0 0 0 0 0 0 71 0 0 0 0 0 0 0 0 0 0 0 0 0 0 0 0 0 0 0 0 0 0 0 0 0 471 0 0 0 404 0 0 0 0 0 0 0 423 0 0 403 0 0 0 0 0 0 0 0 0 0 0 157 0 484 
0 0 0 0 0 0 0 0 0 0 361 0 0 0 0 16 0 0 0 0 0 174 0 0 190 0 0 0 0 0 0 0 0 0 0 0 0 0 0 0 0 0 0 0 0 0 0 0 94 0 0 0 0 0 0 0 0 0 0 0 0 0 0 0 0 0 0 0 0 0 0 145 0 486 0 0 0 0 111 125 286 0 305 0 0 0 0 0 0 0 0 0 0 194 0 0 0 0 0 0 
0 0 0 0 0 0 0 0 0 0 0 0 0 0 464 0 0 0 0 0 0 0 0 0 362 0 0 0 0 0 0 0 0 0 302 0 0 0 0 409 459 93 0 0 0 0 0 198 0 0 0 0 0 339 0 0 0 0 0 0 0 0 484 0 0 0 0 0 0 0 0 0 0 0 0 0 0 0 0 0 0 0 0 48 186 0 0 0 0 0 0 203 399 0 0 0 0 485 0 0 
13 0 0 0 0 0 0 0 0 0 0 0 0 214 0 0 0 0 0 0 0 0 230 0 0 299 0 0 0 0 0 0 0 0 0 0 29 0 0 0 0 0 0 252 0 394 0 0 0 0 0 0 0 18 252 0 0 0 0 0 0 0 0 0 0 0 0 0 0 0 0 155 0 0 0 0 0 0 0 0 0 465 0 0 0 0 0 0 0 0 0 11 0 0 212 0 0 0 224 0 
0 0 0 0 0 0 0 0 0 0 0 0 0 0 0 121 0 0 0 320 0 0 0 0 0 0 0 0 0 0 0 423 0 0 0 0 0 263 104 0 0 0 0 0 442 0 0 0 0 0 0 0 0 0 218 160 0 0 0 0 0 0 0 0 0 232 0 0 417 0 0 0 0 0 0 0 0 0 0 0 0 0 0 0 0 0 468 0 0 0 0 0 0 370 0 0 0 0 243 0 
0 0 0 0 0 0 0 0 0 0 0 0 0 0 0 0 0 0 0 0 0 0 0 0 0 0 0 0 0 0 0 0 4 214 0 185 0 0 0 0 0 0 0 483 0 0 0 0 101 0 151 0 0 0 0 0 0 0 0 0 0 0 0 0 0 0 0 0 0 0 225 0 0 0 434 0 0 0 0 0 0 0 0 141 0 0 308 0 0 0 245 342 0 0 0 0 0 6 0 0 
0 46 0 0 0 73 0 0 0 0 0 0 213 0 0 33 0 0 308 0 0 0 331 100 0 0 0 0 0 0 0 0 0 0 0 0 0 0 90 0 8 0 0 0 0 0 0 0 0 0 0 0 0 0 0 0 0 0 484 0 0 0 0 0 0 0 0 0 0 0 0 0 0 0 0 0 0 464 351 0 0 0 0 0 0 0 0 0 0 203 285 0 0 0 0 0 0 0 166 0 
0 0 0 0 0 0 0 0 0 0 0 0 0 0 275 0 0 0 0 0 447 0 0 349 0 0 0 0 0 0 0 0 0 0 0 0 283 0 0 0 0 0 0 0 0 0 0 0 0 0 0 133 107 100 0 0 0 0 0 0 0 0 0 0 97 0 40 0 0 0 0 0 0 0 0 0 0 0 0 0 0 0 0 0 0 347 113 0 0 0 0 0 0 0 0 0 0 0 0 0 
0 223 0 0 0 0 0 0 0 0 0 0 0 0 0 236 0 0 0 0 0 0 0 0 0 5 0 0 0 0 0 0 0 0 0 0 0 0 0 0 0 0 444 0 0 0 118 0 0 0 0 0 0 0 0 0 0 0 0 0 0 0 0 97 0 0 0 0 0 0 259 281 398 0 473 202 0 415 0 0 0 0 0 0 349 0 0 0 0 0 0 0 0 0 37 441 0 0 0 0 
0 0 194 0 0 0 262 0 0 0 0 0 0 0 312 0 216 0 313 0 0 0 0 0 0 153 0 0 0 0 0 397 0 0 127 0 0 0 442 0 0 0 0 0 0 0 0 0 0 0 0 178 0 0 164 0 0 0 0 0 232 0 0 0 0 0 0 0 0 16 0 0 0 0 0 0 0 345 0 0 0 0 0 0 0 0 293 0 0 0 0 0 0 0 0 0 0 0 0 0 
0 0 0 0 0 0 0 0 269 0 0 0 333 0 0 0 0 379 0 135 0 0 0 0 0 0 0 0 292 0 0 0 0 0 0 0 0 0 0 0 0 0 0 0 0 0 0 0 0 174 0 0 0 0 425 404 0 0 0 0 0 0 0 40 0 0 0 467 393 143 500 0 0 0 0 0 0 0 0 10 0 0 0 177 0 0 0 0 0 0 0 0 0 0 0 0 0 0 0 0 
0 0 339 0 0 0 0 0 25 0 0 0 0 0 0 168 0 0 0 0 0 0 109 0 0 0 0 0 0 0 0 0 0 0 0 350 0 0 0 0 34 0 0 0 0 38 0 172 0 0 0 0 0 0 0 0 0 0 0 0 0 0 0 0 0 0 467 0 0 0 0 0 273 220 0 0 0 0 88 0 0 0 0 0 0 357 0 0 0 0 0 476 0 330 0 0 0 0 0 0 
0 0 0 0 0 0 0 0 0 0 0 0 0 0 0 0 0 0 0 441 0 0 0 313 352 0 0 0 0 0 0 0 0 0 0 0 0 0 0 0 0 0 0 0 0 0 0 0 0 0 0 0 0 0 0 0 0 0 0 0 417 0 0 0 0 0 393 0 0 0 0 0 0 0 0 0 0 0 0 243 0 0 0 0 0 55 0 0 0 0 0 0 0 0 98 0 0 0 55 0 
0 0 263 0 302 0 329 0 0 0 0 0 0 0 0 0 0 0 0 0 0 0 0 0 0 480 0 0 0 0 179 0 0 0 0 0 171 0 0 0 0 0 0 0 0 0 0 0 0 0 0 0 304 0 0 187 0 0 0 0 0 0 0 0 0 16 143 0 0 0 50 0 0 239 0 0 0 0 0 0 0 0 0 0 0 0 0 148 0 0 0 0 123 0 0 0 0 0 0 0 
0 0 0 0 0 0 0 0 0 0 0 0 0 0 0 0 3 0 0 0 448 385 0 168 0 0 0 0 0 320 0 0 0 0 47 0 0 0 0 0 0 0 0 0 0 0 0 0 0 0 0 0 0 144 0 0 471 0 0 0 0 225 0 0 259 0 500 0 0 50 0 0 0 0 359 0 0 0 0 0 0 153 0 0 0 0 0 0 0 0 0 0 0 0 0 0 0 0 0 0 
0 0 0 0 0 0 0 0 0 179 0 0 0 0 0 0 0 0 0 0 30 438 0 0 0 0 0 0 0 0 0 0 0 0 0 73 0 0 242 0 0 0 0 0 0 345 0 0 0 0 0 479 0 0 0 0 0 145 0 155 0 0 0 0 281 0 0 0 0 0 0 0 0 0 0 0 0 0 0 412 0 0 0 0 0 0 0 361 0 0 400 0 0 0 0 0 0 0 0 0 
0 0 0 0 0 73 349 0 0 0 0 350 0 324 0 0 0 0 0 0 0 0 0 214 0 201 0 0 466 0 0 0 0 0 0 0 255 0 0 0 0 0 0 0 0 0 0 0 0 0 0 0 0 0 0 0 0 0 0 0 0 0 0 0 398 0 0 273 0 0 0 0 0 0 0 0 0 0 0 0 0 0 258 12 0 0 256 0 0 305 0 0 0 0 0 61 0 0 0 0 
0 0 0 0 0 274 0 0 0 0 0 0 0 0 0 0 0 0 0 3 0 0 454 0 370 243 0 0 484 0 0 0 111 0 255 0 0 0 0 0 0 0 492 0 0 0 0 0 0 0 0 485 0 0 0 0 0 486 0 0 0 0 0 0 0 0 0 220 0 239 0 0 0 0 0 0 0 0 0 0 0 0 0 0 0 217 0 0 0 0 0 0 0 0 0 339 0 0 0 0 
0 280 0 0 0 0 346 0 0 0 0 0 311 0 0 0 0 0 0 210 0 244 0 0 0 0 0 0 0 0 0 0 0 0 0 0 241 0 0 0 0 0 0 0 0 0 0 0 0 0 0 0 422 0 167 0 404 0 0 0 0 434 0 0 473 0 0 0 0 0 359 0 0 0 0 0 0 0 0 394 0 0 0 0 0 0 0 0 0 0 0 0 0 0 0 282 0 0 280 0 
0 0 0 0 0 0 0 433 372 0 0 478 0 0 0 0 0 0 0 0 0 0 0 0 0 0 0 0 0 0 0 0 217 197 135 0 346 0 0 0 129 0 271 0 0 0 0 0 0 0 0 0 0 0 0 0 0 0 0 0 0 0 0 0 202 0 0 0 0 0 0 0 0 0 0 0 169 0 0 0 0 0 74 0 0 388 0 0 0 0 0 226 0 0 0 0 0 0 0 431 
0 0 479 0 0 0 0 0 0 0 0 0 0 0 0 18 0 0 113 0 307 0 0 0 0 0 0 458 0 0 0 462 0 0 418 147 0 0 0 0 0 11 0 0 0 0 0 0 0 0 0 0 190 249 0 0 0 0 0 0 0 0 0 0 0 0 0 0 0 0 0 0 0 0 0 169 0 0 0 267 0 0 0 350 0 0 0 0 0 0 60 0 0 0 0 0 0 0 0 0 
0 485 0 239 0 0 0 0 0 0 0 0 0 0 0 0 0 0 0 0 0 0 0 0 0 0 0 0 363 452 305 141 0 0 0 0 0 0 0 0 0 0 0 0 0 0 0 0 0 0 0 0 0 0 0 0 0 0 0 0 0 0 464 0 415 345 0 0 0 0 0 0 0 0 0 0 0 0 0 53 0 0 0 0 0 0 0 0 0 0 0 0 0 0 0 0 0 0 0 0 
0 336 0 0 0 0 0 0 0 0 0 0 328 0 0 0 0 0 0 313 0 0 8 0 0 0 0 0 0 0 0 0 0 0 0 0 0 0 0 369 0 199 0 0 189 0 0 0 373 0 0 0 0 0 12 0 0 111 0 0 0 0 351 0 0 0 0 88 0 0 0 0 0 0 0 0 0 0 0 0 0 127 0 0 0 96 0 0 0 0 0 0 0 0 425 0 0 0 0 0 
0 0 399 240 0 0 0 0 0 0 0 0 0 0 0 0 0 0 0 0 0 0 0 0 0 0 0 0 0 0 0 0 0 0 0 0 0 0 0 0 0 0 0 0 0 0 0 0 143 0 334 0 0 0 0 0 0 125 0 0 0 0 0 0 0 0 10 0 243 0 0 412 0 0 394 0 267 53 0 0 0 0 0 0 0 0 0 0 295 0 0 0 0 0 0 0 0 0 0 0 
0 0 313 0 0 0 0 0 0 0 239 10 0 0 0 0 0 0 446 0 0 0 0 0 0 410 0 0 0 0 0 0 0 0 0 338 0 166 0 0 0 0 0 0 0 0 0 78 0 0 0 0 0 16 0 127 0 286 0 0 0 0 0 0 0 0 0 0 0 0 0 0 0 0 0 0 0 0 0 0 0 0 0 434 0 432 0 0 0 0 0 0 0 0 0 361 0 0 0 278 
0 0 276 0 500 0 427 0 0 0 90 0 0 0 0 0 0 0 71 0 0 0 0 0 0 0 0 0 0 0 0 0 459 0 0 0 200 0 0 20 0 0 351 0 433 0 0 0 0 0 0 0 0 0 0 0 0 0 0 465 0 0 0 0 0 0 0 0 0 0 153 0 0 0 0 0 0 0 127 0 0 0 0 0 0 0 417 0 282 0 0 0 0 0 0 0 0 0 0 0 
0 0 0 0 0 0 0 268 0 45 0 0 0 282 0 0 0 264 0 0 0 0 0 0 183 143 0 0 0 0 0 0 0 0 0 0 0 202 0 0 0 0 0 0 0 0 34 0 0 0 0 0 176 0 0 0 423 305 0 0 0 0 0 0 0 0 0 0 0 0 0 0 258 0 0 74 0 0 0 0 0 0 0 0 0 0 0 379 0 0 0 0 0 0 316 0 0 0 0 0 
0 0 0 261 0 0 0 0 0 0 0 0 0 0 0 0 0 0 0 0 0 150 0 0 0 0 0 178 0 0 0 0 0 0 0 0 0 0 0 0 0 0 0 0 0 0 0 0 0 0 0 0 0 259 0 0 0 0 48 0 0 141 0 0 0 0 177 0 0 0 0 0 12 0 0 0 350 0 0 0 434 0 0 0 0 97 0 0 335 0 0 0 0 0 189 441 0 0 0 446 
269 0 0 0 0 474 0 0 0 413 0 172 0 0 0 0 0 0 0 0 486 133 175 0 60 0 0 480 0 0 0 0 4 0 0 0 0 0 0 0 0 0 0 0 0 0 0 0 0 0 91 0 0 0 0 0 0 0 186 0 0 0 0 0 349 0 0 0 0 0 0 0 0 0 0 0 0 0 0 0 0 0 0 0 0 0 0 235 0 0 0 0 0 0 297 0 0 0 0 0 
441 0 0 0 0 0 0 434 0 0 0 0 0 0 0 0 388 70 0 0 0 0 0 0 0 0 0 0 0 0 0 0 0 0 0 0 0 0 0 0 0 0 0 0 0 0 0 0 0 0 0 0 0 0 0 0 403 0 0 0 0 0 0 347 0 0 0 357 55 0 0 0 0 217 0 388 0 0 96 0 432 0 0 97 0 0 0 0 0 0 0 0 0 0 233 0 0 0 0 0 
0 0 0 0 0 0 0 0 0 0 0 447 0 0 0 0 53 0 0 0 0 0 0 0 0 0 393 0 338 0 77 0 0 0 397 0 0 0 0 0 0 0 0 0 0 0 0 0 0 0 0 0 0 424 0 250 0 0 0 0 468 308 0 113 0 293 0 0 0 0 0 0 256 0 0 0 0 0 0 0 0 417 0 0 0 0 0 0 0 0 298 0 0 0 0 0 0 0 0 0 
0 0 0 0 0 0 0 489 0 0 0 0 0 0 0 0 0 0 0 0 30 365 0 0 0 0 481 0 0 0 0 0 0 0 0 0 0 0 0 0 0 0 0 149 0 0 0 0 0 0 87 0 0 402 0 0 0 0 0 0 0 0 0 0 0 0 0 0 0 148 0 361 0 0 0 0 0 0 0 0 0 0 379 0 235 0 0 0 0 63 84 0 0 0 267 0 0 0 0 143 
0 0 0 0 0 0 0 0 0 0 0 31 0 346 0 0 13 0 0 0 141 0 0 0 0 0 0 0 0 0 298 0 0 0 0 0 0 0 0 427 0 202 400 0 281 0 0 0 0 0 0 0 0 0 327 0 0 0 0 0 0 0 0 0 0 0 0 0 0 0 0 0 0 0 0 0 0 0 0 295 0 282 0 335 0 0 0 0 0 0 0 0 355 0 101 0 0 0 0 0 
368 498 0 0 0 0 339 173 0 0 0 454 0 0 0 0 0 188 0 0 0 0 171 0 0 0 0 0 348 0 0 0 0 0 0 0 0 0 0 0 0 0 0 0 0 0 0 0 0 0 0 0 0 0 0 0 0 0 0 0 0 0 203 0 0 0 0 0 0 0 0 0 305 0 0 0 0 0 0 0 0 0 0 0 0 0 0 63 0 0 0 145 367 0 167 0 0 0 0 453 
0 0 0 0 0 470 0 0 0 0 0 0 0 33 0 0 0 369 0 0 0 411 0 0 0 0 0 0 231 23 0 0 0 0 0 0 0 0 0 0 0 0 281 0 0 0 0 0 123 153 0 0 0 0 0 0 0 0 0 0 0 245 285 0 0 0 0 0 0 0 0 400 0 0 0 0 60 0 0 0 0 0 0 0 0 0 298 84 0 0 0 0 0 0 0 0 0 0 0 0 
0 121 0 0 0 0 0 0 0 0 0 0 18 0 0 0 0 0 0 0 0 0 0 0 0 0 0 479 0 0 0 0 0 0 0 0 0 0 0 0 0 0 0 0 189 0 0 0 0 71 0 0 0 0 0 0 0 0 203 11 0 342 0 0 0 0 0 476 0 0 0 0 0 0 0 226 0 0 0 0 0 0 0 0 0 0 0 0 0 145 0 0 0 0 0 0 0 0 56 0 
325 0 0 0 0 0 0 2 0 0 0 387 0 0 0 0 0 0 222 0 0 0 0 0 0 0 0 0 0 0 461 0 0 0 0 24 0 0 0 223 0 0 0 0 0 255 0 0 81 0 0 0 0 0 0 0 0 0 399 0 0 0 0 0 0 0 0 0 0 123 0 0 0 0 0 0 0 0 0 0 0 0 0 0 0 0 0 0 355 367 0 0 0 0 0 0 0 203 0 301 
0 0 0 0 0 13 0 0 169 0 0 0 0 0 0 0 0 232 0 34 0 0 0 0 0 0 0 0 0 0 0 0 0 0 0 0 0 0 0 0 0 0 0 20 0 0 0 0 281 0 0 0 0 0 0 0 0 194 0 0 370 0 0 0 0 0 0 330 0 0 0 0 0 0 0 0 0 0 0 0 0 0 0 0 0 0 0 0 0 0 0 0 0 0 0 0 164 0 0 0 
0 0 0 0 0 356 0 0 0 0 0 0 0 0 0 0 0 409 0 0 0 0 0 0 0 0 0 0 0 0 0 0 0 0 0 0 0 0 0 0 0 0 0 0 0 0 0 0 0 0 0 0 0 0 0 0 0 0 0 212 0 0 0 0 37 0 0 0 98 0 0 0 0 0 0 0 0 0 425 0 0 0 316 189 297 233 0 267 101 167 0 0 0 0 0 0 0 0 0 436 
183 391 0 0 0 0 0 234 0 37 0 0 278 0 0 0 0 0 0 0 0 0 0 0 0 0 0 0 0 0 0 153 0 0 0 0 0 0 0 0 0 0 0 0 0 0 0 0 0 0 0 0 0 0 0 0 0 0 0 0 0 0 0 0 441 0 0 0 0 0 0 0 61 339 282 0 0 0 0 0 361 0 0 441 0 0 0 0 0 0 0 0 0 0 0 0 0 0 0 478 
0 0 0 0 0 0 0 0 323 0 0 0 0 0 183 0 0 0 0 0 0 0 0 0 217 0 0 0 0 0 0 0 0 0 0 0 0 0 0 0 0 265 0 0 0 0 0 0 0 0 198 0 0 0 0 0 0 0 0 0 0 0 0 0 0 0 0 0 0 0 0 0 0 0 0 0 0 0 0 0 0 0 0 0 0 0 0 0 0 0 0 0 0 164 0 0 0 0 0 0 
0 0 0 452 0 0 0 255 0 0 0 0 0 0 0 0 0 0 0 0 0 0 0 0 0 223 408 0 0 0 0 0 0 215 0 0 0 22 0 0 42 0 0 0 0 0 448 0 0 462 0 0 0 0 0 0 157 0 485 0 0 6 0 0 0 0 0 0 0 0 0 0 0 0 0 0 0 0 0 0 0 0 0 0 0 0 0 0 0 0 0 0 203 0 0 0 0 0 0 0 
0 0 0 102 0 0 0 0 0 0 0 0 0 0 0 0 0 14 0 0 0 0 0 0 0 0 0 0 0 0 0 0 0 0 0 0 0 0 0 168 0 0 0 0 472 0 0 0 0 75 0 0 0 361 0 31 0 0 0 224 243 0 166 0 0 0 0 0 55 0 0 0 0 0 280 0 0 0 0 0 0 0 0 0 0 0 0 0 0 0 0 56 0 0 0 0 0 0 0 0 
0 0 0 450 0 0 261 0 0 0 0 0 317 0 0 0 0 0 0 0 0 46 0 0 0 0 0 0 0 0 0 0 0 394 0 0 0 0 0 0 0 0 0 0 0 0 0 0 0 420 0 0 0 0 0 0 484 0 0 0 0 0 0 0 0 0 0 0 0 0 0 0 0 0 0 431 0 0 0 0 278 0 0 446 0 0 0 143 0 453 0 0 301 0 436 478 0 0 0 0 
