0 3 56 36 0 92 31 0 61 19 0 80 0 47 0 0 0 82 32 0 0 6 87 90 56 3 0 40 7 77 0 4 25 0 54 27 29 0 6 50 98 37 62 0 100 20 6 0 0 26 47 20 40 26 0 68 63 80 77 0 63 37 29 75 14 0 0 81 33 0 33 17 52 0 89 93 0 33 0 35 33 65 42 41 0 9 82 2 0 95 54 48 84 98 37 26 0 31 0 0 
3 0 0 0 0 79 0 28 8 0 0 54 0 20 60 0 60 27 86 53 0 24 0 68 29 0 72 17 73 50 0 22 0 0 70 0 28 43 0 0 74 50 0 52 0 0 31 55 0 0 59 0 0 47 0 59 0 0 82 14 86 89 0 0 99 0 18 47 0 96 0 0 94 55 70 0 0 0 59 0 8 0 77 0 0 79 91 7 0 39 0 0 0 84 0 13 0 62 53 33 
56 0 0 0 92 45 9 56 0 0 0 0 0 56 0 29 30 0 38 42 18 52 0 50 37 20 9 0 15 78 22 0 32 0 22 56 39 49 0 93 12 0 0 44 0 0 0 0 0 0 62 82 46 11 30 0 86 16 27 0 52 78 54 19 0 0 17 0 38 24 94 0 0 82 0 9 23 51 0 65 0 49 93 90 0 66 0 0 0 93 47 0 0 26 0 0 0 56 18 0 
36 0 0 0 0 0 63 30 0 33 98 94 54 0 28 0 28 2 26 16 27 83 44 44 89 0 76 0 0 0 29 0 86 0 88 75 0 6 25 0 0 76 0 62 4 80 0 4 69 41 85 1 1 0 48 0 9 0 67 0 84 10 40 12 0 63 36 69 18 47 85 0 100 96 0 0 0 38 90 22 15 61 25 13 82 0 0 0 17 81 4 75 54 0 0 0 0 0 0 3 
0 0 92 0 0 40 69 28 0 1 0 0 81 45 0 0 0 51 0 0 81 51 0 81 13 43 52 79 50 0 0 0 66 94 46 20 47 0 0 80 0 76 0 0 0 27 55 0 0 38 0 10 0 0 0 17 20 87 83 83 0 0 0 77 0 88 99 69 0 91 41 0 0 0 0 79 31 0 0 60 11 52 0 72 80 0 9 0 58 81 79 23 39 81 29 34 75 25 47 90 
92 79 45 0 40 0 56 0 8 48 54 77 0 0 50 0 17 7 35 34 39 50 0 0 53 22 62 80 0 70 12 0 0 0 13 0 42 22 16 0 85 10 71 34 86 0 90 64 32 0 17 0 0 43 0 28 0 99 47 50 51 10 0 0 37 84 0 0 26 0 0 0 69 50 58 45 6 0 85 11 0 51 0 75 0 0 0 74 0 98 32 0 71 84 44 56 0 0 2 30 
31 0 9 63 69 56 0 25 86 0 19 0 64 67 3 98 0 40 87 9 89 49 0 2 47 4 0 72 57 45 0 73 30 0 70 0 0 0 2 9 0 71 13 0 0 60 0 68 0 41 68 1 40 50 0 77 56 86 0 0 0 63 21 0 0 43 55 26 0 89 100 77 64 66 0 0 2 16 0 0 74 93 0 36 8 72 0 26 0 0 70 47 83 27 0 39 41 62 0 85 
0 28 56 30 28 0 25 0 0 0 77 54 53 56 0 8 0 0 0 0 36 25 3 39 3 25 0 81 0 0 20 6 37 45 51 0 0 19 0 11 92 66 98 92 22 93 90 0 86 82 0 0 97 86 25 0 64 56 25 73 0 44 29 42 0 29 95 91 36 86 92 19 2 0 84 0 95 0 74 91 91 66 9 0 16 20 0 8 0 92 54 33 96 0 78 0 0 75 73 11 
61 8 0 0 0 8 86 0 0 0 0 18 50 5 0 61 0 0 75 97 0 65 99 0 34 0 56 64 95 16 86 46 0 39 82 0 68 7 55 21 31 0 92 0 0 14 65 5 100 79 9 59 88 90 82 47 23 0 69 22 0 0 21 5 16 0 0 53 61 98 25 25 49 84 53 0 42 74 97 92 64 35 88 0 0 99 10 89 49 0 68 72 97 0 0 11 25 84 0 23 
19 0 0 33 1 48 0 0 0 0 0 63 12 0 86 35 0 80 0 38 19 0 0 0 73 19 48 76 1 0 0 19 15 0 77 52 0 8 5 92 86 24 0 0 0 0 0 0 0 31 0 0 97 0 48 38 91 54 0 28 42 0 0 0 0 8 68 81 0 0 23 0 60 0 55 83 0 0 0 0 28 15 0 0 39 36 2 97 13 93 0 60 86 48 1 25 3 75 53 51 
0 0 0 98 0 54 19 77 0 0 0 0 18 80 65 0 73 86 70 95 22 24 14 41 35 40 0 0 0 71 38 0 26 55 84 92 0 58 0 100 0 40 0 99 29 54 2 0 0 0 11 22 43 18 0 29 50 0 15 99 81 35 45 27 59 67 40 81 0 53 21 0 65 0 0 83 95 53 0 0 0 83 24 38 0 0 83 49 0 0 0 0 0 0 0 0 6 31 79 0 
80 54 0 94 0 77 0 54 18 63 0 0 82 0 28 22 7 0 0 32 79 77 0 95 12 97 12 47 44 15 23 54 3 7 0 91 25 12 94 0 60 0 0 0 0 0 9 23 33 25 0 0 90 0 77 4 91 76 42 0 0 23 12 43 0 0 0 0 0 69 61 97 0 49 0 12 50 0 100 7 10 65 0 0 0 0 99 54 0 0 0 16 0 99 0 93 61 81 71 55 
0 0 0 54 81 0 64 53 50 12 18 82 0 0 0 0 93 41 31 84 48 0 24 100 35 50 56 0 85 22 88 0 23 12 7 53 82 0 0 97 91 36 0 0 92 99 0 0 0 99 0 0 53 0 0 58 0 0 11 0 75 0 10 20 88 0 97 49 76 83 46 0 0 19 0 72 0 27 26 53 0 0 92 0 26 45 82 0 3 97 41 4 66 0 0 0 27 0 78 64 
47 20 56 0 45 0 67 56 5 0 80 0 0 0 28 7 47 0 9 45 0 29 68 0 0 34 91 83 0 73 64 10 58 12 59 11 61 0 64 0 29 0 2 0 98 59 62 27 0 0 22 0 0 25 26 45 0 16 0 24 36 0 82 46 0 0 35 0 0 0 0 38 45 0 0 42 91 0 74 0 0 51 38 0 65 0 28 31 0 0 82 0 78 0 0 0 0 74 0 0 
0 60 0 28 0 50 3 0 0 86 65 28 0 28 0 38 33 86 93 0 53 39 21 60 44 88 0 0 0 0 22 1 82 0 75 60 14 0 97 79 0 53 0 13 59 0 33 0 77 37 0 0 25 28 3 33 0 8 0 0 48 48 0 16 24 0 46 0 0 0 0 81 56 0 0 0 46 0 26 0 62 100 54 54 42 45 0 23 99 0 9 0 3 1 22 58 0 36 47 0 
0 0 29 0 0 0 98 8 61 35 0 22 0 7 38 0 81 0 0 72 0 0 0 0 0 0 73 3 9 94 41 92 20 0 25 0 51 34 0 37 61 0 0 74 0 26 0 97 0 0 0 6 61 0 4 0 33 54 5 17 0 97 76 0 45 0 82 0 16 4 75 8 17 93 66 0 74 60 0 51 8 94 0 76 40 0 0 0 0 0 0 46 19 21 0 0 0 0 35 26 
0 60 30 28 0 17 0 0 0 0 73 7 93 47 33 81 0 65 62 2 84 13 34 0 48 44 5 14 0 56 6 0 90 16 46 9 43 0 0 66 91 0 0 78 0 21 2 25 0 67 0 14 0 61 45 0 0 0 30 75 81 40 73 0 52 0 0 20 60 80 41 60 0 37 0 0 91 83 0 36 0 0 11 10 75 0 0 76 0 24 70 0 0 54 0 0 0 0 0 87 
82 27 0 2 51 7 40 0 0 80 86 0 41 0 86 0 65 0 0 0 85 0 52 83 93 65 79 0 34 56 94 35 95 0 70 0 33 0 85 42 0 0 57 0 65 68 51 0 83 84 98 84 31 89 35 0 0 11 0 10 49 48 61 85 0 0 30 0 17 0 0 57 68 12 70 0 11 91 95 0 37 67 0 53 81 0 72 15 0 0 47 74 45 0 0 0 31 0 0 6 
32 86 38 26 0 35 87 0 75 0 70 0 31 9 93 0 62 0 0 45 26 45 60 36 0 19 0 83 0 33 0 0 0 97 0 22 22 64 23 0 0 13 0 6 85 44 94 60 65 0 0 28 0 27 0 45 0 0 42 46 70 50 0 83 44 47 5 0 23 0 0 0 34 41 0 35 0 46 0 35 0 6 0 59 0 81 51 73 0 70 68 66 16 0 8 84 0 0 62 0 
0 53 42 16 0 34 9 0 97 38 95 32 84 45 0 72 2 0 45 0 76 66 46 76 98 0 0 0 69 66 63 52 81 61 86 95 0 70 13 0 67 79 16 0 67 64 55 0 45 0 25 0 0 35 56 16 26 99 6 67 0 59 0 89 0 0 84 0 0 43 0 18 25 0 69 0 29 95 88 0 93 91 0 74 53 28 19 99 77 52 26 62 33 0 46 21 96 67 0 0 
0 0 18 27 81 39 89 36 0 19 22 79 48 0 53 0 84 85 26 76 0 0 0 0 38 81 52 70 0 22 71 0 0 0 89 9 53 32 0 16 0 1 0 72 0 77 86 0 37 10 61 27 0 92 5 0 71 0 0 83 72 71 79 0 63 33 48 26 0 57 0 36 0 47 0 0 27 28 0 92 0 20 76 0 55 0 0 4 70 0 32 0 0 0 0 60 36 0 22 32 
6 24 52 83 51 50 49 25 65 0 24 77 0 29 39 0 13 0 45 66 0 0 1 11 14 0 23 40 8 96 92 76 0 0 98 32 0 0 0 0 0 0 0 39 98 0 36 0 23 74 77 68 72 86 0 0 36 49 0 85 0 0 0 0 50 44 0 42 49 0 83 0 19 0 0 0 79 84 0 74 61 0 41 80 77 21 46 93 99 99 0 0 50 89 57 8 80 77 56 71 
87 0 0 44 0 0 0 3 99 0 14 0 24 68 21 0 34 52 60 46 0 1 0 15 13 60 78 3 99 23 50 0 82 28 50 52 43 14 22 100 19 65 84 80 23 86 93 0 29 0 28 54 0 7 0 99 0 66 18 0 51 60 38 15 12 0 91 38 21 29 73 35 32 92 86 82 0 0 15 25 0 0 48 60 100 0 81 0 78 0 4 77 64 0 68 74 0 0 0 0 
90 68 50 44 81 0 2 39 0 0 41 95 100 0 60 0 0 83 36 76 0 11 15 0 0 94 77 89 0 92 79 0 56 69 0 71 41 20 0 0 22 0 35 65 19 50 97 29 93 0 19 16 49 0 8 44 0 100 50 36 20 0 27 61 99 93 10 0 65 0 9 0 54 48 0 53 80 76 0 19 21 16 35 0 65 0 59 81 0 0 70 15 6 90 76 40 0 0 13 50 
56 29 37 89 13 53 47 3 34 73 35 12 35 0 44 0 48 93 0 98 38 14 13 0 0 13 36 0 67 28 100 0 82 0 40 79 14 19 0 6 93 23 37 0 91 29 0 28 53 9 20 80 52 0 92 0 0 57 10 79 79 43 31 0 0 66 4 41 0 38 0 0 66 22 0 9 0 0 66 0 33 4 25 82 0 0 0 0 0 0 0 47 32 61 0 0 11 71 53 33 
3 0 20 0 43 22 4 25 0 19 40 97 50 34 88 0 44 65 19 0 81 0 60 94 13 0 80 97 41 18 18 0 85 0 0 0 1 54 66 0 61 53 6 87 11 47 15 58 99 0 69 0 45 93 0 0 0 0 0 0 100 0 37 48 59 88 98 25 38 65 42 64 73 0 0 85 27 0 43 8 72 40 20 0 0 0 11 3 0 93 92 0 79 0 66 0 52 0 55 51 
0 72 9 76 52 62 0 0 56 48 0 12 56 91 0 73 5 79 0 0 52 23 78 77 36 80 0 0 0 74 55 15 40 33 0 35 34 0 0 55 0 0 40 67 0 98 75 79 0 34 4 39 0 0 88 45 0 85 0 25 28 0 92 6 0 24 9 18 0 2 81 0 41 0 6 72 0 0 73 12 0 0 98 86 0 31 37 44 0 67 84 46 7 67 0 59 0 5 31 61 
40 17 0 0 79 80 72 81 64 76 0 47 0 83 0 3 14 0 83 0 70 40 3 89 0 97 0 0 0 0 0 65 0 65 72 0 84 88 91 68 0 96 55 49 69 0 92 32 34 90 0 77 0 71 11 51 65 84 0 3 71 95 49 3 7 12 1 0 61 74 91 5 50 69 0 0 58 91 49 23 22 65 4 88 0 84 7 0 0 0 82 0 75 6 22 0 41 40 53 0 
7 73 15 0 50 0 57 0 95 1 0 44 85 0 0 9 0 34 0 69 0 8 99 0 67 41 0 0 0 28 0 0 0 30 83 82 0 0 7 0 53 82 0 0 5 56 0 0 0 0 51 62 49 0 19 0 50 0 3 0 0 68 0 37 0 14 89 66 83 31 76 71 19 93 90 10 90 97 57 25 0 29 0 36 83 0 0 11 0 68 94 0 16 44 17 33 80 0 61 0 
77 50 78 0 0 70 45 0 16 0 71 15 22 73 0 94 56 56 33 66 22 96 23 92 28 18 74 0 28 0 59 74 38 0 85 15 75 87 83 0 31 0 29 5 51 13 75 21 68 0 0 0 0 0 0 0 60 82 0 0 47 22 0 40 0 15 0 33 33 15 0 0 21 55 74 4 89 0 0 0 57 81 17 48 94 32 37 53 49 22 0 79 64 96 0 33 65 38 0 39 
0 0 22 29 0 12 0 20 86 0 38 23 88 64 22 41 6 94 0 63 71 92 50 79 100 18 55 0 0 59 0 93 1 79 56 16 99 70 2 32 0 0 0 0 91 79 49 59 42 0 65 0 58 37 40 58 12 0 0 0 33 0 0 52 84 0 17 37 0 0 49 44 33 45 96 11 3 91 87 0 100 56 0 22 0 70 0 64 49 67 0 57 0 0 0 0 79 0 61 41 
4 22 0 0 0 0 73 6 46 19 0 54 0 10 1 92 0 35 0 52 0 76 0 0 0 0 15 65 0 74 93 0 0 96 88 72 82 8 44 21 49 11 0 0 0 55 75 0 91 26 27 50 12 0 0 0 0 0 0 0 60 0 66 0 71 0 0 60 0 17 51 86 56 3 22 0 14 31 0 1 4 0 93 80 0 14 1 16 0 46 0 64 18 100 0 71 26 56 28 12 
25 0 32 86 66 0 30 37 0 15 26 3 23 58 82 20 90 95 0 81 0 0 82 56 82 85 40 0 0 38 1 0 0 17 0 0 98 0 55 37 69 0 5 17 0 39 44 0 0 70 76 62 0 0 0 52 35 0 0 0 89 0 59 38 15 0 14 39 31 6 2 40 0 0 58 86 73 5 75 97 65 10 0 0 0 0 0 83 38 0 0 0 17 0 63 1 83 98 4 40 
0 0 0 0 94 0 0 45 39 0 55 7 12 12 0 0 16 0 97 61 0 0 28 69 0 0 33 65 30 0 79 96 17 0 42 50 0 89 11 0 72 92 0 35 0 77 16 76 41 0 18 0 0 96 24 0 35 0 0 0 37 13 0 6 0 39 7 0 0 0 0 0 0 0 61 80 88 25 0 9 85 71 92 61 78 0 0 41 0 0 0 19 70 66 75 24 54 0 0 92 
54 70 22 88 46 13 70 51 82 77 84 0 7 59 75 25 46 70 0 86 89 98 50 0 40 0 0 72 83 85 56 88 0 42 0 65 89 0 0 46 15 0 0 0 12 0 0 26 33 90 0 0 47 75 58 80 5 22 76 53 97 40 0 37 48 0 0 93 57 22 88 0 36 0 39 0 20 94 70 79 0 0 16 14 0 21 42 0 24 52 69 75 0 58 0 0 43 0 65 64 
27 0 56 75 20 0 0 0 0 52 92 91 53 11 60 0 9 0 22 95 9 32 52 71 79 0 35 0 82 15 16 72 0 50 65 0 77 66 41 25 0 55 0 18 0 83 54 0 0 69 0 0 6 96 22 86 30 11 0 90 24 43 26 13 0 70 2 42 27 84 50 87 66 4 0 21 61 0 24 27 0 68 37 0 37 74 0 27 27 0 0 80 0 32 12 27 0 0 20 31 
29 28 39 0 47 42 0 0 68 0 0 25 82 61 14 51 43 33 22 0 53 0 43 41 14 1 34 84 0 75 99 82 98 0 89 77 0 0 31 27 0 0 1 78 91 0 0 0 50 0 24 52 40 42 0 93 19 99 0 41 0 28 26 62 49 16 98 81 56 11 0 0 92 60 0 28 0 2 0 0 98 25 12 22 0 82 37 74 0 57 23 26 33 49 0 40 25 0 73 94 
0 43 49 6 0 22 0 19 7 8 58 12 0 0 0 34 0 0 64 70 32 0 14 20 19 54 0 88 0 87 70 8 0 89 0 66 0 0 0 0 40 0 77 0 43 53 44 0 0 0 51 46 25 0 66 97 52 32 42 0 0 0 38 0 99 0 86 22 86 0 100 44 0 3 79 67 0 55 0 0 33 64 94 21 23 0 26 81 23 45 44 0 0 0 14 68 75 66 96 0 
6 0 0 25 0 16 2 0 55 5 0 94 0 64 97 0 0 85 23 13 0 0 22 0 0 66 0 91 7 83 2 44 55 11 0 41 31 0 0 17 97 0 0 6 79 0 0 0 5 96 53 0 90 8 0 97 55 86 64 41 0 0 83 81 30 32 6 51 8 92 17 0 95 40 0 49 0 67 0 99 73 0 49 17 100 87 0 0 0 59 37 59 74 98 72 0 95 61 0 52 
50 0 93 0 80 0 9 11 21 92 100 0 97 0 79 37 66 42 0 0 16 0 100 0 6 0 55 68 0 0 32 21 37 0 46 25 27 0 17 0 2 84 0 51 14 40 4 0 84 11 0 12 5 11 79 85 0 45 26 0 94 49 86 55 85 0 26 48 72 1 0 20 34 0 34 0 72 0 0 95 30 0 75 0 0 10 0 0 39 41 88 0 0 0 0 85 75 76 45 63 
98 74 12 0 0 85 0 92 31 86 0 60 91 29 0 61 91 0 0 67 0 0 19 22 93 61 0 0 53 31 0 49 69 72 15 0 0 40 97 2 0 56 84 44 89 26 0 1 84 33 38 83 0 0 0 84 75 99 0 0 65 35 0 2 0 0 0 82 10 0 15 29 0 0 84 0 12 0 0 0 21 0 23 7 68 18 48 8 35 92 19 75 85 56 0 51 45 10 64 98 
37 50 0 76 76 10 71 66 0 24 40 0 36 0 53 0 0 0 13 79 1 0 65 0 23 53 0 96 82 0 0 11 0 92 0 55 0 0 0 84 56 0 14 33 91 0 0 0 33 28 62 0 37 60 0 14 0 0 13 0 0 10 42 0 63 78 50 24 34 83 25 5 0 88 4 20 0 77 54 84 0 38 52 9 0 10 50 0 76 0 90 92 50 26 90 0 95 62 0 0 
62 0 0 0 0 71 13 98 92 0 0 0 0 2 0 0 0 57 0 16 0 0 84 35 37 6 40 55 0 29 0 0 5 0 0 0 1 77 0 0 84 14 0 0 41 0 0 0 76 15 77 0 87 29 0 30 0 0 87 0 0 85 19 44 20 0 17 82 74 96 0 0 0 0 58 59 8 0 0 25 0 59 0 81 0 14 50 41 0 43 92 81 0 86 58 31 0 0 0 39 
0 52 44 62 0 34 0 92 0 0 99 0 0 0 13 74 78 0 6 0 72 39 80 65 0 87 67 49 0 5 0 0 17 35 0 18 78 0 6 51 44 33 0 0 62 0 0 0 61 0 0 60 0 29 0 5 1 28 21 0 66 70 0 0 6 0 0 0 0 0 0 0 93 74 14 0 89 34 13 93 27 84 0 78 0 74 0 62 40 6 16 0 0 0 0 0 69 5 79 0 
100 0 0 4 0 86 0 22 0 0 29 0 92 98 59 0 0 65 85 67 0 98 23 19 91 11 0 69 5 51 91 0 0 0 12 0 91 43 79 14 89 91 41 62 0 0 97 56 40 38 0 0 0 0 0 47 58 0 75 59 90 0 59 92 90 10 0 0 23 0 53 0 91 53 0 78 0 0 17 64 93 0 59 0 84 37 0 84 57 45 12 88 84 94 41 48 0 77 83 0 
20 0 0 80 27 0 60 93 14 0 54 0 99 59 0 26 21 68 44 64 77 0 86 50 29 47 98 0 56 13 79 55 39 77 0 83 0 53 0 40 26 0 0 0 0 0 55 0 20 65 0 82 0 21 0 58 0 91 75 54 52 11 0 0 30 93 30 58 62 19 16 0 61 65 43 0 87 11 11 28 10 23 11 12 24 0 27 18 0 65 0 0 0 96 92 8 94 0 28 0 
6 31 0 0 55 90 0 90 65 0 2 9 0 62 33 0 2 51 94 55 86 36 93 97 0 15 75 92 0 75 49 75 44 16 0 54 0 44 0 4 0 0 0 0 97 55 0 0 69 86 29 0 0 0 0 39 12 72 70 0 18 43 47 0 73 64 88 72 90 0 0 12 0 91 0 0 0 0 0 49 0 84 11 6 10 45 47 14 57 52 0 0 59 87 0 42 0 59 51 21 
0 55 0 4 0 64 68 0 5 0 0 23 0 27 0 97 25 0 60 0 0 0 0 29 28 58 79 32 0 21 59 0 0 76 26 0 0 0 0 0 1 0 0 0 56 0 0 0 0 84 76 10 0 74 0 0 0 0 89 94 94 87 62 18 0 0 0 0 79 0 33 71 83 84 0 4 0 0 0 70 24 67 0 45 0 62 0 0 51 34 3 19 23 0 56 38 0 0 57 31 
0 0 0 69 0 32 0 86 100 0 0 33 0 0 77 0 0 83 65 45 37 23 29 93 53 99 0 34 0 68 42 91 0 41 33 0 50 0 5 84 84 33 76 61 40 20 69 0 0 0 0 18 0 0 27 0 79 0 0 0 0 40 62 0 0 0 0 13 47 0 21 0 97 10 0 0 57 0 0 0 0 0 70 28 0 85 99 0 0 0 2 93 95 92 15 84 67 0 99 0 
26 0 0 41 38 0 41 82 79 31 0 25 99 0 37 0 67 84 0 0 10 74 0 0 9 0 34 90 0 0 0 26 70 0 90 69 0 0 96 11 33 28 15 0 38 65 86 84 0 0 97 0 30 0 7 0 50 64 0 3 0 21 99 60 1 29 0 0 35 55 66 42 0 3 15 44 0 15 76 99 97 41 91 85 71 62 0 66 0 69 0 0 96 87 0 0 18 0 54 0 
47 59 62 85 0 17 68 0 9 0 11 0 0 22 0 0 0 98 0 25 61 77 28 19 20 69 4 0 51 0 65 27 76 18 0 0 24 51 53 0 38 62 77 0 0 0 29 76 0 97 0 0 0 38 0 43 5 0 0 13 0 36 73 64 30 35 14 0 60 41 38 0 0 37 58 0 0 52 65 0 37 0 62 65 0 82 0 0 0 0 0 0 82 93 75 28 100 0 100 0 
20 0 82 1 10 0 1 0 59 0 22 0 0 0 0 6 14 84 28 0 27 68 54 16 80 0 39 77 62 0 0 50 62 0 0 0 52 46 0 12 83 0 0 60 0 82 0 10 18 0 0 0 84 40 37 0 99 10 17 51 87 0 0 39 30 0 0 34 0 0 0 91 71 78 0 0 0 46 99 3 33 0 0 93 74 0 21 12 43 6 60 54 74 0 4 0 0 41 0 18 
40 0 46 1 0 0 40 97 88 97 43 90 53 0 25 61 0 31 0 0 0 72 0 49 52 45 0 0 49 0 58 12 0 0 47 6 40 25 90 5 0 37 87 0 0 0 0 0 0 30 0 84 0 0 0 25 88 63 71 43 91 62 0 0 0 15 23 69 0 54 0 44 10 17 0 73 0 39 4 38 0 0 0 0 0 98 89 14 15 100 61 41 71 0 18 56 84 25 29 32 
26 47 11 0 0 43 50 86 90 0 18 0 0 25 28 0 61 89 27 35 92 86 7 0 0 93 0 71 0 0 37 0 0 96 75 96 42 0 8 11 0 60 29 29 0 21 0 74 0 0 38 40 0 0 0 32 0 15 34 0 0 57 47 0 0 86 41 21 0 65 80 0 0 0 36 56 19 45 0 8 71 0 0 53 98 53 29 86 100 78 84 56 24 0 0 3 39 7 48 94 
0 0 30 48 0 0 0 25 82 48 0 77 0 26 3 4 45 35 0 56 5 0 0 8 92 0 88 11 19 0 40 0 0 24 58 22 0 66 0 79 0 0 0 0 0 0 0 0 27 7 0 37 0 0 0 6 0 4 0 73 67 27 7 6 72 0 0 68 96 31 100 0 0 25 0 0 0 0 0 0 0 0 0 18 26 0 97 0 60 0 0 0 77 0 94 0 0 0 0 0 
68 59 0 0 17 28 77 0 47 38 29 4 58 45 33 0 0 0 45 16 0 0 99 44 0 0 45 51 0 0 58 0 52 0 80 86 93 97 97 85 84 14 30 5 47 58 39 0 0 0 43 0 25 32 6 0 63 0 48 0 78 78 32 0 28 33 0 52 0 29 88 95 0 92 38 48 9 79 0 95 65 36 60 26 0 0 0 86 0 1 84 50 56 0 93 0 0 92 82 0 
63 0 86 9 20 0 56 64 23 91 50 91 0 0 0 33 0 0 0 26 71 36 0 0 0 0 0 65 50 60 12 0 35 35 5 30 19 52 55 0 75 0 0 1 58 0 12 0 79 50 5 99 88 0 0 63 0 96 48 36 0 0 0 0 29 7 1 49 0 18 65 0 0 28 81 79 0 48 0 62 0 0 59 0 48 13 87 17 35 1 0 87 53 63 0 0 13 0 16 61 
80 0 16 0 87 99 86 56 0 54 0 76 0 16 8 54 0 11 0 99 0 49 66 100 57 0 85 84 0 82 0 0 0 0 22 11 99 32 86 45 99 0 0 28 0 91 72 0 0 64 0 10 63 15 4 0 96 0 52 42 35 59 27 27 97 0 24 27 0 74 73 0 22 40 13 0 20 72 82 0 2 44 0 0 34 91 66 38 90 62 0 52 54 60 83 0 0 44 0 40 
77 82 27 67 83 47 0 25 69 0 15 42 11 0 0 5 30 0 42 6 0 0 18 50 10 0 0 0 3 0 0 0 0 0 76 0 0 42 64 26 0 13 87 21 75 75 70 89 0 0 0 17 71 34 0 48 48 52 0 71 58 92 0 49 57 28 70 0 27 55 27 0 0 0 95 90 57 0 73 0 0 76 0 66 47 28 0 0 50 13 73 0 75 29 26 81 37 0 88 0 
0 14 0 0 83 50 0 73 22 28 99 0 0 24 0 17 75 10 46 67 83 85 0 36 79 0 25 3 0 0 0 0 0 0 53 90 41 0 41 0 0 0 0 0 59 54 0 94 0 3 13 51 43 0 73 0 36 42 71 0 0 0 32 44 67 79 75 100 0 45 37 35 52 0 46 0 37 41 21 45 49 38 22 99 38 99 4 82 0 0 0 23 34 65 0 0 0 38 0 0 
63 86 52 84 0 51 0 0 0 42 81 0 75 36 48 0 81 49 70 0 72 0 51 20 79 100 28 71 0 47 33 60 89 37 97 24 0 0 0 94 65 0 0 66 90 52 18 94 0 0 0 87 91 0 67 78 0 35 58 0 0 0 96 0 0 37 76 33 20 40 50 0 32 0 0 70 0 0 10 0 24 65 88 0 0 0 0 15 0 32 0 50 0 72 12 0 0 75 36 0 
37 89 78 10 0 10 63 44 0 0 35 23 0 0 48 97 40 48 50 59 71 0 60 0 43 0 0 95 68 22 0 0 0 13 40 43 28 0 0 49 35 10 85 70 0 11 43 87 40 21 36 0 62 57 27 78 0 59 92 0 0 0 86 72 65 59 10 81 92 47 50 0 0 43 22 73 0 27 78 0 72 74 0 0 81 14 0 12 44 0 0 12 0 0 8 35 89 18 25 23 
29 0 54 40 0 0 21 29 21 0 45 12 10 82 0 76 73 61 0 0 79 0 38 27 31 37 92 49 0 0 0 66 59 0 0 26 26 38 83 86 0 42 19 0 59 0 47 62 62 99 73 0 0 47 7 32 0 27 0 32 96 86 0 83 77 72 31 0 95 16 63 37 79 95 24 25 96 0 2 55 38 33 0 93 19 17 0 88 0 10 20 0 58 64 0 77 94 0 0 87 
75 0 19 12 77 0 0 42 5 0 27 43 20 46 16 0 0 85 83 89 0 0 15 61 0 48 6 3 37 40 52 0 38 6 37 13 62 0 81 55 2 0 44 0 92 0 0 18 0 60 64 39 0 0 6 0 0 27 49 44 0 72 83 0 97 3 1 12 76 0 79 68 0 47 97 0 51 84 76 59 0 0 1 65 22 42 20 0 39 0 18 0 1 14 9 9 97 100 0 13 
14 99 0 0 0 37 0 0 16 0 59 0 88 0 24 45 52 0 44 0 63 50 12 99 0 59 0 7 0 0 84 71 15 0 48 0 49 99 30 85 0 63 20 6 90 30 73 0 0 1 30 30 0 0 72 28 29 97 57 67 0 65 77 97 0 0 0 0 35 46 0 68 0 12 0 0 26 52 33 54 93 0 73 19 67 0 0 10 64 70 57 60 66 0 0 0 83 24 89 13 
0 0 0 63 88 84 43 29 0 8 67 0 0 0 0 0 0 0 47 0 33 44 0 93 66 88 24 12 14 15 0 0 0 39 0 70 16 0 32 0 0 78 0 0 10 93 64 0 0 29 35 0 15 86 0 33 7 0 28 79 37 59 72 3 0 0 14 35 49 0 32 100 94 29 16 57 9 0 48 9 9 87 95 0 39 0 0 31 63 38 36 0 0 60 39 0 37 93 19 0 
0 18 17 36 99 0 55 95 0 68 40 0 97 35 46 82 0 30 5 84 48 0 91 10 4 98 9 1 89 0 17 0 14 7 0 2 98 86 6 26 0 50 17 0 0 30 88 0 0 0 14 0 23 41 0 0 1 24 70 75 76 10 31 1 0 14 0 0 30 80 68 7 12 83 0 83 0 0 4 89 57 79 0 37 0 2 26 63 60 64 31 87 0 44 86 94 41 0 0 0 
81 47 0 69 69 0 26 91 53 81 81 0 49 0 0 0 20 0 0 0 26 42 38 0 41 25 18 0 66 33 37 60 39 0 93 42 81 22 51 48 82 24 82 0 0 58 72 0 13 0 0 34 69 21 68 52 49 27 0 100 33 81 0 12 0 35 0 0 0 96 3 58 14 61 54 54 0 47 0 46 1 0 0 0 66 0 0 81 27 45 7 14 49 0 37 6 66 6 45 69 
33 0 38 18 0 26 0 36 61 0 0 0 76 0 0 16 60 17 23 0 0 49 21 65 0 38 0 61 83 33 0 0 31 0 57 27 56 86 8 72 10 34 74 0 23 62 90 79 47 35 60 0 0 0 96 0 0 0 27 0 20 92 95 76 35 49 30 0 0 18 3 14 99 41 0 0 8 81 0 86 38 0 0 0 44 98 0 0 75 0 48 22 0 0 0 34 70 60 37 8 
0 96 24 47 91 0 89 86 98 0 53 69 83 0 0 4 80 0 0 43 57 0 29 0 38 65 2 74 31 15 0 17 6 0 22 84 11 0 92 1 0 83 96 0 0 19 0 0 0 55 41 0 54 65 31 29 18 74 55 45 40 47 16 0 46 0 80 96 18 0 0 32 0 82 70 92 90 63 31 39 0 60 31 0 0 59 0 63 29 0 0 72 87 86 44 57 21 16 52 12 
33 0 94 85 41 0 100 92 25 23 21 61 46 0 0 75 41 0 0 0 0 83 73 9 0 42 81 91 76 0 49 51 2 0 88 50 0 100 17 0 15 25 0 0 53 16 0 33 21 66 38 0 0 80 100 88 65 73 27 37 50 50 63 79 0 32 68 3 3 0 0 0 96 84 93 68 69 0 5 34 0 0 33 63 97 0 12 2 68 38 85 14 25 0 0 96 0 0 74 81 
17 0 0 0 0 0 77 19 25 0 0 97 0 38 81 8 60 57 0 18 36 0 35 0 0 64 0 5 71 0 44 86 40 0 0 87 0 44 0 20 29 5 0 0 0 0 12 71 0 42 0 91 44 0 0 95 0 0 0 35 0 0 37 68 68 100 7 58 14 32 0 0 0 13 0 72 88 65 0 18 59 36 31 0 3 0 58 29 0 0 80 76 56 96 0 5 0 23 3 74 
52 94 0 100 0 69 64 2 49 60 65 0 0 45 56 17 0 68 34 25 0 19 32 54 66 73 41 50 19 21 33 56 0 0 36 66 92 0 95 34 0 0 0 93 91 61 0 83 97 0 0 71 10 0 0 0 0 22 0 52 32 0 79 0 0 94 12 14 99 0 96 0 0 41 0 95 67 81 14 0 8 49 0 88 11 33 93 98 10 40 0 95 59 40 0 12 10 24 0 70 
0 55 82 96 0 50 66 0 84 0 0 49 19 0 0 93 37 12 41 0 47 0 92 48 22 0 0 69 93 55 45 3 0 0 0 4 60 3 40 0 0 88 0 74 53 65 91 84 10 3 37 78 17 0 25 92 28 40 0 0 0 43 95 47 12 29 83 61 41 82 84 13 41 0 0 0 0 97 52 0 65 0 78 0 69 77 14 79 37 73 0 54 66 3 0 45 59 67 77 39 
89 70 0 0 0 58 0 84 53 55 0 0 0 0 0 66 0 70 0 69 0 0 86 0 0 0 6 0 90 74 96 22 58 61 39 0 0 79 0 34 84 4 58 14 0 43 0 0 0 15 58 0 0 36 0 38 81 13 95 46 0 22 24 97 0 16 0 54 0 70 93 0 0 0 0 82 20 0 20 11 0 20 0 0 68 25 19 0 0 0 74 55 0 0 0 73 90 0 0 0 
93 0 9 0 79 45 0 0 0 83 83 12 72 42 0 0 0 0 35 0 0 0 82 53 9 85 72 0 10 4 11 0 86 80 0 21 28 67 49 0 0 20 59 0 78 0 0 4 0 44 0 0 73 56 0 48 79 0 90 0 70 73 25 0 0 57 83 54 0 92 68 72 95 0 82 0 52 88 0 90 0 32 0 0 0 0 0 58 20 17 18 0 96 48 0 64 45 37 24 89 
0 0 23 0 31 6 2 95 42 0 95 50 0 91 46 74 91 11 0 29 27 79 0 80 0 27 0 58 90 89 3 14 73 88 20 61 0 0 0 72 12 0 8 89 0 87 0 0 57 0 0 0 0 19 0 9 0 20 57 37 0 0 96 51 26 9 0 0 8 90 69 88 67 0 20 52 0 32 91 61 0 0 15 24 0 0 13 0 49 28 90 1 66 84 85 0 48 0 71 0 
33 0 51 38 0 0 16 0 74 0 53 0 27 0 0 60 83 91 46 95 28 84 0 76 0 0 0 91 97 0 91 31 5 25 94 0 2 55 67 0 0 77 0 34 0 11 0 0 0 15 52 46 39 45 0 79 48 72 0 41 0 27 0 84 52 0 0 47 81 63 0 65 81 97 0 88 32 0 34 0 93 0 0 96 39 0 0 31 0 86 8 95 0 0 63 60 37 0 94 0 
0 59 0 90 0 85 0 74 97 0 0 100 26 74 26 0 0 95 0 88 0 0 15 0 66 43 73 49 57 0 87 0 75 0 70 24 0 0 0 0 0 54 0 13 17 11 0 0 0 76 65 99 4 0 0 0 0 82 73 21 10 78 2 76 33 48 4 0 0 31 5 0 14 52 20 0 91 34 0 17 0 21 23 0 0 51 0 16 77 57 0 0 0 0 42 0 81 44 0 69 
35 0 65 22 60 11 0 91 92 0 0 7 53 0 0 51 36 0 35 0 92 74 25 19 0 8 12 23 25 0 0 1 97 9 79 27 0 0 99 95 0 84 25 93 64 28 49 70 0 99 0 3 38 8 0 95 62 0 0 45 0 0 55 59 54 9 89 46 86 39 34 18 0 0 11 90 61 0 17 0 24 30 58 86 32 84 55 82 56 25 0 31 0 19 0 10 0 100 0 80 
33 8 0 15 11 0 74 91 64 28 0 10 0 0 62 8 0 37 0 93 0 61 0 21 33 72 0 22 0 57 100 4 65 85 0 0 98 33 73 30 21 0 0 27 93 10 0 24 0 97 37 33 0 71 0 65 0 2 0 49 24 72 38 0 93 9 57 1 38 0 0 59 8 65 0 0 0 93 0 24 0 77 87 74 2 0 22 8 80 20 0 44 9 15 13 19 82 2 77 0 
65 0 49 61 52 51 93 66 35 15 83 65 0 51 100 94 0 67 6 91 20 0 0 16 4 40 0 65 29 81 56 0 10 71 0 68 25 64 0 0 0 38 59 84 0 23 84 67 0 41 0 0 0 0 0 36 0 44 76 38 65 74 33 0 0 87 79 0 0 60 0 36 49 0 20 32 0 0 21 30 77 0 0 0 5 0 32 99 0 69 35 100 0 18 0 55 29 85 3 40 
42 77 93 25 0 0 0 9 88 0 24 0 92 38 54 0 11 0 0 0 76 41 48 35 25 20 98 4 0 17 0 93 0 92 16 37 12 94 49 75 23 52 0 0 59 11 11 0 70 91 62 0 0 0 0 60 59 0 0 22 88 0 0 1 73 95 0 0 0 31 33 31 0 78 0 0 15 0 23 58 87 0 0 0 0 0 0 92 41 93 57 0 0 6 0 0 0 64 53 86 
41 0 90 13 72 75 36 0 0 0 38 0 0 0 54 76 10 53 59 74 0 80 60 0 82 0 86 88 36 48 22 80 0 61 14 0 22 21 17 0 7 9 81 78 0 12 6 45 28 85 65 93 0 53 18 26 0 0 66 99 0 0 93 65 19 0 37 0 0 0 63 0 88 0 0 0 24 96 0 86 74 0 0 0 0 0 0 0 7 0 0 52 77 0 0 0 27 0 64 33 
0 0 0 82 80 0 8 16 0 39 0 0 26 65 42 40 75 81 0 53 55 77 100 65 0 0 0 0 83 94 0 0 0 78 0 37 0 23 100 0 68 0 0 0 84 24 10 0 0 71 0 74 0 98 26 0 48 34 47 38 0 81 19 22 67 39 0 66 44 0 97 3 11 69 68 0 0 39 0 32 2 5 0 0 0 0 73 10 55 4 69 25 17 0 53 29 29 0 58 9 
9 79 66 0 0 0 72 20 99 36 0 0 45 0 45 0 0 0 81 28 0 21 0 0 0 0 31 84 0 32 70 14 0 0 21 74 82 0 87 10 18 10 14 74 37 0 45 62 85 62 82 0 98 53 0 0 13 91 28 99 0 14 17 42 0 0 2 0 98 59 0 0 33 77 25 0 0 0 51 84 0 0 0 0 0 0 85 0 0 30 0 60 31 0 0 58 0 46 49 0 
82 91 0 0 9 0 0 0 10 2 83 99 82 28 0 0 0 72 51 19 0 46 81 59 0 11 37 7 0 37 0 1 0 0 42 0 37 26 0 0 48 50 50 0 0 27 47 0 99 0 0 21 89 29 97 0 87 66 0 4 0 0 0 20 0 0 26 0 0 0 12 58 93 14 19 0 13 0 0 55 22 32 0 0 73 85 0 0 6 71 96 43 54 0 0 94 0 0 51 25 
2 7 0 0 0 74 26 8 89 97 49 54 0 31 23 0 76 15 73 99 4 93 0 81 0 3 44 0 11 53 64 16 83 41 0 27 74 81 0 0 8 0 41 62 84 18 14 0 0 66 0 12 14 86 0 86 17 38 0 82 15 12 88 0 10 31 63 81 0 63 2 29 98 79 0 58 0 31 16 82 8 99 92 0 10 0 0 0 94 3 59 69 88 0 85 0 0 0 0 32 
0 0 0 17 58 0 0 0 49 13 0 0 3 0 99 0 0 0 0 77 70 99 78 0 0 0 0 0 0 49 49 0 38 0 24 27 0 23 0 39 35 76 0 40 57 0 57 51 0 0 0 43 15 100 60 0 35 90 50 0 0 44 0 39 64 63 60 27 75 29 68 0 10 37 0 20 49 0 77 56 80 0 41 7 55 0 6 94 0 0 0 0 0 0 33 24 0 0 87 0 
95 39 93 81 81 98 0 92 0 93 0 0 97 0 0 0 24 0 70 52 0 99 0 0 0 93 67 0 68 22 67 46 0 0 52 0 57 45 59 41 92 0 43 6 45 65 52 34 0 69 0 6 100 78 0 1 1 62 13 0 32 0 10 0 70 38 64 45 0 0 38 0 40 73 0 17 28 86 57 25 20 69 93 0 4 30 71 3 0 0 0 0 62 0 0 27 63 0 0 42 
54 0 47 4 79 32 70 54 68 0 0 0 41 82 9 0 70 47 68 26 32 0 4 70 0 92 84 82 94 0 0 0 0 0 69 0 23 44 37 88 19 90 92 16 12 0 0 3 2 0 0 60 61 84 0 84 0 0 73 0 0 0 20 18 57 36 31 7 48 0 85 80 0 0 74 18 90 8 0 0 0 35 57 0 69 0 96 59 0 0 0 17 15 27 0 0 0 0 20 99 
48 0 0 75 23 0 47 33 72 60 0 16 4 0 0 46 0 74 66 62 0 0 77 15 47 0 46 0 0 79 57 64 0 19 75 80 26 0 59 0 75 92 81 0 88 0 0 19 93 0 0 54 41 56 0 50 87 52 0 23 50 12 0 0 60 0 87 14 22 72 14 76 95 54 55 0 1 95 0 31 44 100 0 52 25 60 43 69 0 0 17 0 0 31 11 0 52 46 34 0 
84 0 0 54 39 71 83 96 97 86 0 0 66 78 3 19 0 45 16 33 0 50 64 6 32 79 7 75 16 64 0 18 17 70 0 0 33 0 74 0 85 50 0 0 84 0 59 23 95 96 82 74 71 24 77 56 53 54 75 34 0 0 58 1 66 0 0 49 0 87 25 56 59 66 0 96 66 0 0 0 9 0 0 77 17 31 54 88 0 62 15 0 0 86 91 3 97 0 16 0 
98 84 26 0 81 84 27 0 0 48 0 99 0 0 1 21 54 0 0 0 0 89 0 90 61 0 67 6 44 96 0 100 0 66 58 32 49 0 98 0 56 26 86 0 94 96 87 0 92 87 93 0 0 0 0 0 63 60 29 65 72 0 64 14 0 60 44 0 0 86 0 96 40 3 0 48 84 0 0 19 15 18 6 0 0 0 0 0 0 0 27 31 86 0 81 29 64 71 54 18 
37 0 0 0 29 44 0 78 0 1 0 0 0 0 22 0 0 0 8 46 0 57 68 76 0 66 0 22 17 0 0 0 63 75 0 12 0 14 72 0 0 90 58 0 41 92 0 56 15 0 75 4 18 0 94 93 0 83 26 0 12 8 0 9 0 39 86 37 0 44 0 0 0 0 0 0 85 63 42 0 13 0 0 0 53 0 0 85 33 0 0 11 91 81 0 83 0 0 0 17 
26 13 0 0 34 56 39 0 11 25 0 93 0 0 58 0 0 0 84 21 60 8 74 40 0 0 59 0 33 33 0 71 1 24 0 27 40 68 0 85 51 0 31 0 48 8 42 38 84 0 28 0 56 3 0 0 0 0 81 0 0 35 77 9 0 0 94 6 34 57 96 5 12 45 73 64 0 60 0 10 19 55 0 0 29 58 94 0 24 27 0 0 3 29 83 0 0 5 70 84 
0 0 0 0 75 0 41 0 25 3 6 61 27 0 0 0 0 31 0 96 36 80 0 0 11 52 0 41 80 65 79 26 83 54 43 0 25 75 95 75 45 95 0 69 0 94 0 0 67 18 100 0 84 39 0 0 13 0 37 0 0 89 94 97 83 37 41 66 70 21 0 0 10 59 90 45 48 37 81 0 82 29 0 27 29 0 0 0 0 63 0 52 97 64 0 0 0 52 78 0 
31 62 56 0 25 0 62 75 84 75 31 81 0 74 36 0 0 0 0 67 0 77 0 0 71 0 5 40 0 38 0 56 98 0 0 0 0 66 61 76 10 62 0 5 77 0 59 0 0 0 0 41 25 7 0 92 0 44 0 38 75 18 0 100 24 93 0 6 60 16 0 23 24 67 0 37 0 0 44 100 2 85 64 0 0 46 0 0 0 0 0 46 0 71 0 5 52 0 0 96 
0 53 18 0 47 2 0 73 0 53 79 71 78 0 47 35 0 0 62 0 22 56 0 13 53 55 31 53 61 0 61 28 4 0 65 20 73 96 0 45 64 0 0 79 83 28 51 57 99 54 100 0 29 48 0 82 16 0 88 0 36 25 0 0 89 19 0 45 37 52 74 3 0 77 0 24 71 94 0 0 77 3 53 64 58 49 51 0 87 0 20 34 16 54 0 70 78 0 0 13 
0 33 0 3 90 30 85 11 23 51 0 55 64 0 0 26 87 6 0 0 32 71 0 50 33 51 61 0 0 39 41 12 40 92 64 31 94 0 52 63 98 0 39 0 0 0 21 31 0 0 0 18 32 94 0 0 61 40 0 0 0 23 87 13 13 0 0 69 8 12 81 74 70 39 0 89 0 0 69 80 0 40 86 33 9 0 25 32 0 42 99 0 0 18 17 84 0 96 13 0 
