0 0 0 0 0 10 0 0 0 64 0 0 0 0 6 0 0 0 0 0 0 0 43 0 96 0 0 0 0 0 0 47 0 92 0 0 0 0 16 0 0 0 0 0 0 0 10 0 0 0 0 0 0 0 0 0 39 93 16 0 0 4 90 0 0 0 0 0 0 0 0 42 0 0 0 0 0 0 0 0 0 0 82 0 53 0 0 0 70 0 68 2 16 0 1 0 0 47 0 0 
0 0 0 100 50 0 50 0 82 0 71 0 0 65 91 81 0 0 35 0 84 4 0 0 0 0 0 0 0 0 19 96 60 0 0 0 0 0 0 58 42 0 0 0 0 0 0 0 82 0 0 3 59 0 0 94 26 0 0 46 0 0 0 0 0 0 0 0 0 0 0 52 75 0 0 0 0 0 0 37 0 0 70 0 0 31 22 76 0 0 0 0 0 0 0 0 93 0 0 0 
0 0 0 0 0 0 67 0 0 0 0 12 68 0 0 0 0 0 85 0 0 0 0 0 0 0 0 100 91 0 18 3 0 0 0 48 87 0 0 0 0 0 0 0 0 0 0 68 0 0 0 87 13 0 0 97 0 74 0 0 0 0 32 0 0 0 92 0 12 0 80 0 51 0 0 58 0 39 65 0 0 7 0 0 0 0 23 95 15 0 0 0 0 0 51 0 0 61 0 0 
0 100 0 0 0 0 0 0 0 0 0 0 0 0 0 0 0 0 0 97 0 75 0 43 0 0 0 0 0 65 0 0 0 0 0 0 0 23 0 0 0 43 0 0 0 70 60 0 0 75 0 27 0 39 96 0 0 0 0 0 0 0 23 0 0 0 75 100 0 29 0 0 4 0 0 0 0 0 0 0 0 0 37 0 0 0 0 66 0 0 0 37 0 74 0 0 0 0 0 57 
0 50 0 0 0 0 0 0 73 0 42 0 35 92 37 0 0 0 0 20 0 0 0 0 0 0 0 0 0 52 75 0 0 0 0 0 0 29 0 0 0 44 0 0 0 0 0 61 84 0 0 0 0 0 0 40 0 50 76 0 0 0 0 0 0 0 41 81 71 0 0 0 0 35 0 14 0 0 0 0 48 0 0 0 24 0 0 0 0 41 0 0 87 0 11 0 0 0 41 0 
10 0 0 0 0 0 0 17 0 72 86 13 0 0 0 0 0 0 0 0 82 0 58 43 0 52 0 0 0 0 0 0 79 0 0 0 0 0 46 50 0 0 0 0 0 70 0 99 0 13 53 0 0 48 0 0 0 0 0 0 0 0 0 0 0 0 0 11 4 0 0 0 0 0 0 0 0 71 4 0 44 0 29 0 1 0 96 80 0 0 0 0 0 0 0 43 89 0 22 4 
0 50 67 0 0 0 0 0 0 0 0 72 0 0 0 27 0 0 46 0 0 79 0 50 0 0 0 0 49 0 0 0 0 32 0 0 0 62 0 0 41 0 41 32 3 0 0 64 0 74 0 0 0 0 51 57 0 0 0 72 88 20 59 0 51 0 86 0 0 0 43 0 0 0 0 0 0 0 0 0 0 0 0 15 0 69 78 0 0 0 0 0 0 0 0 0 0 59 0 0 
0 0 0 0 0 17 0 0 0 0 0 0 0 0 0 0 0 0 0 20 4 0 0 0 0 0 76 0 0 39 0 41 93 0 0 0 0 44 0 0 0 6 0 0 0 0 5 0 0 24 0 0 0 0 0 0 0 0 0 0 0 0 0 97 0 0 0 0 0 99 0 0 0 0 0 0 0 0 0 65 0 92 0 0 5 63 0 0 0 21 75 79 0 0 0 0 0 0 6 0 
0 82 0 0 73 0 0 0 0 0 93 14 0 0 4 17 0 46 0 0 0 0 0 0 0 0 82 0 0 0 0 3 0 0 0 41 0 0 0 0 0 29 0 0 0 0 0 0 0 62 0 0 22 0 0 0 0 0 44 0 4 0 85 0 97 0 0 0 59 0 0 0 0 87 0 41 22 0 0 16 0 0 0 0 0 0 0 0 0 0 0 55 0 0 0 0 0 19 99 32 
64 0 0 0 0 72 0 0 0 0 0 0 0 0 0 0 0 0 0 78 90 0 0 31 24 0 52 16 12 4 0 0 89 0 0 44 0 0 9 22 0 0 8 0 0 96 0 46 0 49 0 0 26 47 0 0 0 0 0 0 0 0 0 49 0 0 0 0 77 0 0 0 0 0 0 0 0 0 0 0 6 0 0 29 0 0 0 0 48 0 5 81 88 45 0 0 39 0 0 0 
0 71 0 0 42 86 0 0 93 0 0 6 53 0 100 0 12 0 0 0 0 0 0 17 0 0 0 61 0 68 0 0 0 0 43 0 49 0 0 18 33 0 40 0 16 0 0 0 71 14 63 0 43 0 44 0 0 0 0 0 0 0 0 0 99 0 0 0 47 38 0 0 0 0 41 0 0 94 0 0 0 0 66 0 0 0 23 0 0 0 0 0 0 0 0 0 0 8 0 0 
0 0 12 0 0 13 72 0 14 0 6 0 0 36 15 0 0 0 0 0 0 0 0 0 0 0 0 69 9 87 49 0 82 0 0 0 0 46 0 0 0 0 0 72 0 56 65 0 0 0 0 0 23 0 22 0 4 0 0 0 0 0 0 0 0 56 33 0 14 0 0 9 0 0 0 0 0 0 73 0 0 17 0 0 0 0 40 0 0 0 0 75 0 14 0 0 70 0 0 66 
0 0 68 0 35 0 0 0 0 0 53 0 0 99 0 35 74 0 0 0 22 0 0 0 0 0 57 0 0 0 0 16 0 97 0 0 0 93 2 12 0 0 0 0 0 0 0 0 0 32 0 0 0 92 49 0 0 99 0 0 0 20 42 42 0 0 0 0 0 0 0 0 44 0 0 0 20 67 27 95 0 0 0 0 0 75 66 0 0 0 34 0 0 0 91 0 0 0 0 0 
0 65 0 0 92 0 0 0 0 0 0 36 99 0 0 7 0 0 0 98 0 0 0 0 0 3 0 98 96 0 0 33 0 0 0 90 0 0 87 0 0 0 0 0 0 0 0 0 0 0 0 0 0 0 0 0 0 0 0 0 0 99 0 93 82 0 43 0 0 17 0 0 0 0 0 0 0 70 0 0 90 0 0 0 0 34 0 0 0 26 0 0 0 0 53 0 0 0 0 0 
6 91 0 0 37 0 0 0 4 0 100 15 0 0 0 0 75 0 0 0 16 0 0 0 0 0 0 0 0 0 0 0 18 0 0 0 80 0 0 50 0 20 99 0 93 0 0 76 62 83 0 67 10 0 0 0 0 0 0 35 0 0 14 0 0 96 0 0 0 27 0 0 8 0 0 0 0 0 0 0 0 0 0 0 0 0 36 0 0 0 0 0 0 0 0 0 43 64 0 0 
0 81 0 0 0 0 27 0 17 0 0 0 35 7 0 0 0 0 0 0 48 0 0 0 0 0 74 0 0 0 61 0 0 0 0 0 26 0 0 0 0 0 60 0 0 0 0 36 0 58 0 0 0 0 89 0 0 0 47 0 1 36 0 0 0 0 0 0 38 91 0 0 31 0 43 0 29 0 0 0 0 76 74 0 0 0 86 0 0 35 0 0 91 33 13 0 30 0 0 0 
0 0 0 0 0 0 0 0 0 0 12 0 74 0 75 0 0 5 0 0 0 0 0 0 0 22 0 0 0 0 0 0 0 17 0 0 0 0 0 0 78 0 0 0 0 26 92 0 0 0 0 0 0 0 0 0 32 63 0 0 0 0 0 0 0 0 0 32 0 0 0 0 0 0 0 0 72 0 79 0 0 0 0 40 0 0 0 0 26 0 0 0 2 86 0 0 0 0 0 0 
0 0 0 0 0 0 0 0 46 0 0 0 0 0 0 0 5 0 0 0 0 0 0 19 0 98 0 0 0 5 0 0 0 0 0 0 47 0 0 0 0 0 0 0 96 0 0 69 0 0 0 45 45 0 0 0 0 0 0 0 0 30 0 13 42 0 0 0 0 0 0 0 21 37 0 43 22 0 0 0 0 0 0 47 0 0 0 0 0 69 0 0 0 0 0 3 0 0 0 0 
0 35 85 0 0 0 46 0 0 0 0 0 0 0 0 0 0 0 0 0 0 0 38 0 0 0 0 59 0 0 0 0 0 49 0 78 66 0 0 8 0 0 98 89 97 99 0 0 0 0 0 25 2 0 78 0 0 0 0 0 0 23 0 0 0 68 0 0 0 0 0 0 0 0 0 0 58 0 59 0 0 0 42 0 0 22 33 0 0 0 0 0 0 0 0 20 0 0 54 0 
0 0 0 97 20 0 0 20 0 78 0 0 0 98 0 0 0 0 0 0 36 0 59 0 0 0 0 0 0 0 0 0 0 0 12 0 0 0 0 0 58 62 0 61 4 0 0 1 0 0 0 0 0 0 0 53 10 0 0 7 0 55 0 0 0 0 0 0 0 41 0 29 54 0 0 0 0 0 0 0 0 0 0 0 0 0 0 58 0 39 0 30 0 0 0 0 0 42 0 0 
0 84 0 0 0 82 0 4 0 90 0 0 22 0 16 48 0 0 0 36 0 0 0 0 23 0 0 0 60 0 0 38 0 0 0 0 0 0 0 8 0 0 97 0 0 0 89 0 87 0 0 0 0 88 0 0 0 0 35 95 14 0 0 52 0 0 0 0 0 0 0 0 0 0 0 46 3 0 0 0 15 0 0 0 0 57 52 0 0 3 0 25 0 0 0 96 87 0 0 49 
0 4 0 75 0 0 79 0 0 0 0 0 0 0 0 0 0 0 0 0 0 0 99 12 88 0 0 0 0 44 0 18 61 42 0 84 99 0 0 0 0 0 0 0 0 67 0 2 0 0 45 17 0 0 0 0 0 43 0 0 0 0 0 0 0 0 0 0 0 0 0 0 94 0 41 44 0 55 0 0 0 0 0 46 0 0 0 0 0 51 0 0 0 62 0 0 0 0 0 0 
43 0 0 0 0 58 0 0 0 0 0 0 0 0 0 0 0 0 38 59 0 99 0 0 0 0 0 0 0 0 0 47 0 0 55 0 76 0 0 71 0 0 0 0 0 0 0 0 32 0 0 59 77 0 0 0 0 0 0 0 0 0 0 0 0 0 0 0 0 0 0 0 0 95 0 0 63 0 0 0 43 0 0 0 0 49 0 0 0 0 0 0 73 62 6 0 0 0 0 0 
0 0 0 43 0 43 50 0 0 31 17 0 0 0 0 0 0 19 0 0 0 12 0 0 0 88 14 0 0 88 0 28 71 0 0 0 0 0 0 0 0 0 70 0 0 0 0 95 0 0 32 40 0 52 0 0 0 17 0 0 0 0 0 0 0 45 46 0 0 89 0 0 79 0 34 0 0 95 0 0 0 0 0 0 0 0 0 0 41 0 88 80 0 0 0 34 11 0 48 0 
96 0 0 0 0 0 0 0 0 24 0 0 0 0 0 0 0 0 0 0 23 88 0 0 0 30 0 0 0 0 0 0 0 0 92 0 79 30 49 0 0 0 0 0 0 0 91 77 0 0 0 0 0 0 0 0 0 0 0 0 0 0 0 0 47 0 0 0 0 0 0 78 0 0 0 0 0 0 0 45 0 4 47 8 0 62 0 0 91 0 0 0 0 0 0 0 0 0 0 96 
0 0 0 0 0 52 0 0 0 0 0 0 0 3 0 0 22 98 0 0 0 0 0 88 30 0 0 0 0 86 0 0 0 75 0 0 92 0 0 92 0 0 0 0 0 95 0 0 69 0 21 0 0 0 91 16 8 0 77 0 0 0 0 5 0 36 0 0 27 0 0 0 68 0 85 0 98 0 0 0 0 23 97 0 66 0 0 0 0 0 0 0 0 0 0 10 0 0 0 0 
0 0 0 0 0 0 0 76 82 52 0 0 57 0 0 74 0 0 0 0 0 0 0 14 0 0 0 0 18 0 28 0 0 0 0 0 0 0 0 0 0 40 0 0 93 0 82 0 0 0 0 0 0 0 0 0 44 38 100 54 0 0 0 0 0 0 49 89 0 0 0 0 40 0 17 0 0 0 0 0 0 0 0 72 0 0 0 81 0 77 0 0 0 0 0 0 100 0 0 0 
0 0 100 0 0 0 0 0 0 16 61 69 0 98 0 0 0 0 59 0 0 0 0 0 0 0 0 0 2 0 0 44 0 0 25 0 0 0 0 0 0 38 0 77 0 0 0 56 0 0 0 0 53 71 0 0 3 0 31 0 0 0 65 0 0 0 0 0 0 0 0 0 0 0 0 0 0 0 0 28 0 0 0 0 0 77 0 0 0 0 65 0 0 0 0 0 58 54 0 0 
0 0 91 0 0 0 49 0 0 12 0 9 0 96 0 0 0 0 0 0 60 0 0 0 0 0 18 2 0 0 2 0 0 0 0 0 52 8 0 0 0 0 0 0 0 70 0 0 0 0 0 0 0 0 0 0 0 0 0 19 0 0 0 0 0 0 0 16 0 0 0 86 0 0 0 24 50 0 0 0 0 0 0 0 76 0 0 0 0 0 0 0 71 0 3 33 82 48 15 0 
0 0 0 65 52 0 0 39 0 4 68 87 0 0 0 0 0 5 0 0 0 44 0 88 0 86 0 0 0 0 0 30 0 0 0 0 6 0 0 0 0 0 0 0 0 0 0 0 0 92 0 0 69 0 64 37 85 0 0 0 86 0 0 0 0 38 0 0 0 0 0 0 34 0 0 0 75 75 16 0 0 85 7 30 0 86 0 57 0 0 6 0 97 0 0 0 0 0 0 0 
0 19 18 0 75 0 0 0 0 0 0 49 0 0 0 61 0 0 0 0 0 0 0 0 0 0 28 0 2 0 0 0 40 0 0 45 0 61 40 0 0 0 0 15 0 13 0 0 0 0 0 75 100 99 0 15 0 4 0 0 61 0 0 5 0 0 33 27 0 0 0 80 0 62 0 0 0 0 0 87 63 0 0 0 0 0 87 0 0 0 66 0 0 0 0 60 64 0 0 0 
47 96 3 0 0 0 0 41 3 0 0 0 16 33 0 0 0 0 0 0 38 18 47 28 0 0 0 44 0 30 0 0 0 0 0 0 0 87 63 0 0 0 0 0 88 0 0 0 0 0 0 0 10 0 0 0 78 85 0 0 0 0 48 35 0 0 0 66 0 13 0 0 56 0 0 46 0 0 0 0 0 0 34 0 0 0 69 0 65 0 0 0 0 0 0 0 78 0 0 0 
0 60 0 0 0 79 0 93 0 89 0 82 0 0 18 0 0 0 0 0 0 61 0 71 0 0 0 0 0 0 40 0 0 50 0 0 77 0 0 0 36 91 0 89 0 2 0 0 7 0 0 0 0 0 0 0 0 0 0 35 0 0 0 23 58 0 0 0 0 0 0 97 0 17 25 0 0 0 0 0 0 63 100 0 0 0 37 0 0 0 44 35 63 0 49 0 0 0 0 30 
92 0 0 0 0 0 32 0 0 0 0 0 97 0 0 0 17 0 49 0 0 42 0 0 0 75 0 0 0 0 0 0 50 0 0 0 0 47 0 0 0 53 0 0 6 0 0 66 0 0 0 8 0 0 0 0 0 0 0 0 0 0 74 0 0 0 0 0 0 0 0 0 0 38 0 0 0 0 17 63 0 0 12 0 56 0 0 38 57 0 0 0 0 0 0 0 0 2 87 0 
0 0 0 0 0 0 0 0 0 0 43 0 0 0 0 0 0 0 0 12 0 0 55 0 92 0 0 25 0 0 0 0 0 0 0 74 0 0 0 0 93 56 56 0 0 0 0 0 0 0 0 0 0 0 0 0 0 51 84 0 6 0 0 0 0 61 0 0 0 0 0 0 0 0 0 79 0 0 0 16 0 0 70 0 89 0 0 0 0 88 39 51 0 0 0 0 0 0 0 49 
0 0 48 0 0 0 0 0 41 44 0 0 0 90 0 0 0 0 78 0 0 84 0 0 0 0 0 0 0 0 45 0 0 0 74 0 13 0 65 0 0 8 94 0 0 0 0 88 0 0 43 0 0 32 90 0 0 33 0 0 0 0 26 0 0 83 0 0 0 0 0 42 0 0 100 52 0 0 0 0 33 76 0 0 0 0 60 35 79 0 0 0 0 0 0 0 73 19 0 79 
0 0 87 0 0 0 0 0 0 0 49 0 0 0 80 26 0 47 66 0 0 99 76 0 79 92 0 0 52 6 0 0 77 0 0 13 0 0 0 0 72 0 0 21 0 26 0 0 19 0 0 0 0 0 0 0 0 78 0 0 0 0 0 0 75 0 0 0 0 0 0 0 24 0 0 0 0 0 90 10 0 0 0 0 0 0 0 0 0 26 0 0 81 0 33 86 81 0 1 75 
0 0 0 23 29 0 62 44 0 0 0 46 93 0 0 0 0 0 0 0 0 0 0 0 30 0 0 0 8 0 61 87 0 47 0 0 0 0 0 7 0 0 0 83 84 0 0 0 71 0 0 0 0 0 0 0 0 0 55 24 0 92 94 0 0 0 0 0 17 0 0 55 0 0 0 97 0 0 0 0 0 0 0 0 0 0 59 0 0 0 0 0 0 56 0 0 0 0 0 28 
16 0 0 0 0 46 0 0 0 9 0 0 2 87 0 0 0 0 0 0 0 0 0 0 49 0 0 0 0 0 40 63 0 0 0 65 0 0 0 0 0 0 0 11 0 0 0 0 0 0 0 0 0 0 0 55 0 77 0 0 0 60 4 28 0 0 85 21 56 0 0 0 0 0 34 0 0 31 0 0 0 0 84 76 91 0 29 0 0 0 0 0 30 19 96 0 0 0 0 31 
0 58 0 0 0 50 0 0 0 22 18 0 12 0 50 0 0 0 8 0 8 0 71 0 0 92 0 0 0 0 0 0 0 0 0 0 0 7 0 0 0 0 0 9 12 0 0 0 95 13 0 0 4 0 30 0 0 0 89 37 62 27 0 0 0 0 0 0 0 0 96 1 0 0 0 0 0 0 35 0 0 56 0 89 0 0 0 0 0 0 0 0 0 0 69 26 56 0 0 0 
0 42 0 0 0 0 41 0 0 0 33 0 0 0 0 0 78 0 0 58 0 0 0 0 0 0 0 0 0 0 0 0 36 0 93 0 72 0 0 0 0 8 28 67 32 83 0 0 26 0 0 76 99 0 0 0 0 0 0 83 46 0 83 0 49 11 0 0 0 0 0 76 0 0 0 67 0 0 0 0 0 0 0 97 3 0 46 0 0 0 0 0 0 0 87 0 0 0 0 0 
0 0 0 43 44 0 0 6 29 0 0 0 0 0 20 0 0 0 0 62 0 0 0 0 0 0 40 38 0 0 0 0 91 53 56 8 0 0 0 0 8 0 0 1 0 67 80 0 0 0 0 0 25 0 0 0 0 0 53 0 63 12 0 0 0 0 0 55 37 31 0 0 0 0 0 0 0 0 0 0 67 39 0 0 86 0 30 0 0 0 0 0 0 22 0 0 75 12 0 0 
0 0 0 0 0 0 41 0 0 8 40 0 0 0 99 60 0 0 98 0 97 0 0 70 0 0 0 0 0 0 0 0 0 0 56 94 0 0 0 0 28 0 0 0 0 3 0 0 0 0 0 11 61 13 0 0 0 15 0 0 62 0 0 65 0 25 0 88 0 60 0 0 50 0 69 0 0 96 49 0 94 90 0 0 0 0 29 33 0 0 0 0 0 0 0 97 0 0 0 0 
0 0 0 0 0 0 32 0 0 0 0 72 0 0 0 0 0 0 89 61 0 0 0 0 0 0 0 77 0 0 15 0 89 0 0 0 21 83 11 9 67 1 0 0 0 0 84 0 13 45 0 0 96 0 0 41 96 0 0 0 0 0 29 0 96 0 0 0 0 0 46 0 0 72 16 86 0 0 0 88 0 0 0 0 0 29 17 0 0 32 0 0 0 0 0 8 0 0 0 0 
0 0 0 0 0 0 3 0 0 0 16 0 0 0 93 0 0 96 97 4 0 0 0 0 0 0 93 0 0 0 0 88 0 6 0 0 0 84 0 12 32 0 0 0 0 0 0 0 0 0 0 0 93 0 0 0 0 11 0 0 0 0 0 0 62 60 47 0 11 0 0 24 12 0 0 20 0 0 52 0 0 0 45 89 17 0 0 0 36 80 58 0 0 0 61 0 0 0 16 0 
0 0 0 70 0 70 0 0 0 96 0 56 0 0 0 0 26 0 99 0 0 67 0 0 0 95 0 0 70 0 13 0 2 0 0 0 26 0 0 0 83 67 3 0 0 0 0 0 33 0 0 69 0 0 0 0 0 0 11 0 0 0 0 0 0 0 0 30 0 0 51 0 0 0 0 0 0 91 21 65 0 44 0 72 0 0 17 0 43 0 0 25 15 0 0 0 27 0 0 0 
10 0 0 60 0 0 0 5 0 0 0 65 0 0 0 0 92 0 0 0 89 0 0 0 91 0 82 0 0 0 0 0 0 0 0 0 0 0 0 0 0 80 0 84 0 0 0 44 62 0 0 0 0 34 0 0 18 0 0 0 0 0 0 0 0 0 0 0 34 0 0 0 50 0 0 54 79 0 0 0 0 0 0 0 38 85 0 0 72 17 0 0 0 0 0 0 0 0 0 96 
0 0 68 0 61 99 64 0 0 46 0 0 0 0 76 36 0 69 0 1 0 2 0 95 77 0 0 56 0 0 0 0 0 66 0 88 0 0 0 0 0 0 0 0 0 0 44 0 0 0 0 0 0 0 0 0 63 62 0 0 0 22 0 83 0 0 0 0 0 26 0 0 0 0 0 0 16 0 0 0 22 0 0 0 0 71 61 0 0 4 0 0 0 0 0 0 0 69 0 0 
0 82 0 0 84 0 0 0 0 0 71 0 0 0 62 0 0 0 0 0 87 0 32 0 0 69 0 0 0 0 0 0 7 0 0 0 19 71 0 95 26 0 0 13 0 33 62 0 0 0 0 93 0 34 0 0 0 0 0 0 0 0 0 0 0 0 0 0 0 0 0 89 0 26 0 13 0 0 0 0 0 0 18 54 0 54 0 78 0 0 0 73 0 77 0 0 81 25 88 51 
0 0 0 75 0 13 74 24 62 49 14 0 32 0 83 58 0 0 0 0 0 0 0 0 0 0 0 0 0 92 0 0 0 0 0 0 0 0 0 13 0 0 0 45 0 0 0 0 0 0 51 0 86 47 0 0 64 0 0 30 0 0 0 0 0 0 0 0 9 0 34 12 0 50 0 0 0 0 65 11 0 0 0 0 0 0 0 1 0 69 32 100 0 0 0 0 0 0 75 2 
0 0 0 0 0 53 0 0 0 0 63 0 0 0 0 0 0 0 0 0 0 45 0 32 0 21 0 0 0 0 0 0 0 0 0 43 0 0 0 0 0 0 0 0 0 0 0 0 0 51 0 98 0 45 0 39 0 0 0 0 0 0 0 0 58 0 0 83 0 0 34 37 42 99 0 39 55 38 0 0 0 0 0 0 0 38 0 46 0 0 0 0 62 61 0 0 0 42 0 89 
0 3 87 27 0 0 0 0 0 0 0 0 0 0 67 0 0 45 25 0 0 17 59 40 0 0 0 0 0 0 75 0 0 8 0 0 0 0 0 0 76 0 11 0 0 69 0 0 93 0 98 0 0 21 0 62 0 0 25 0 77 0 0 0 0 52 0 0 0 0 0 0 83 0 0 0 0 0 0 0 78 0 0 49 0 0 0 0 0 0 0 0 40 11 0 0 40 0 13 0 
0 59 13 0 0 0 0 0 22 26 43 23 0 0 10 0 0 45 2 0 0 0 77 0 0 0 0 53 0 69 100 10 0 0 0 0 0 0 0 4 99 25 61 96 93 0 0 0 0 86 0 0 0 45 0 0 0 0 0 0 92 0 0 0 0 0 0 0 75 0 0 0 0 0 0 0 46 0 0 36 0 42 0 13 0 0 0 0 0 0 0 97 0 0 75 0 0 0 0 0 
0 0 0 39 0 48 0 0 0 47 0 0 92 0 0 0 0 0 0 0 88 0 0 52 0 0 0 71 0 0 99 0 0 0 0 32 0 0 0 0 0 0 13 0 0 0 34 0 34 47 45 21 45 0 0 0 0 75 0 55 0 0 0 83 0 92 83 0 0 92 0 0 0 43 0 0 0 0 0 34 30 0 0 0 0 0 31 0 0 91 0 0 0 0 0 0 44 73 90 0 
0 0 0 96 0 0 51 0 0 0 44 22 49 0 0 89 0 0 78 0 0 0 0 0 0 91 0 0 0 64 0 0 0 0 0 90 0 0 0 30 0 0 0 0 0 0 0 0 0 0 0 0 0 0 0 0 0 72 0 0 0 0 0 0 10 99 0 0 6 90 0 0 0 0 26 66 68 0 0 0 86 0 0 0 61 0 0 56 0 0 0 43 0 80 62 0 0 9 0 0 
0 94 97 0 40 0 57 0 0 0 0 0 0 0 0 0 0 0 0 53 0 0 0 0 0 16 0 0 0 37 15 0 0 0 0 0 0 0 55 0 0 0 0 41 0 0 0 0 0 0 39 62 0 0 0 0 0 0 0 0 24 0 79 0 29 49 0 0 66 3 0 15 53 0 0 0 0 0 0 44 0 19 0 0 0 0 0 0 59 0 0 35 48 0 0 0 0 0 0 81 
39 26 0 0 0 0 0 0 0 0 0 4 0 0 0 0 32 0 0 10 0 0 0 0 0 8 44 3 0 85 0 78 0 0 0 0 0 0 0 0 0 0 0 96 0 0 18 63 0 64 0 0 0 0 0 0 0 0 0 0 0 0 32 0 100 0 0 0 0 0 62 0 0 0 0 0 0 0 0 0 77 0 0 64 100 0 0 0 0 0 0 0 0 0 0 76 0 2 0 21 
93 0 74 0 50 0 0 0 0 0 0 0 99 0 0 0 63 0 0 0 0 43 0 17 0 0 38 0 0 0 4 85 0 0 51 33 78 0 77 0 0 0 15 0 11 0 0 62 0 0 0 0 0 75 72 0 0 0 0 0 0 0 58 0 88 71 0 0 0 31 0 0 0 0 0 0 0 68 0 0 0 0 86 0 0 0 0 0 75 0 43 0 13 89 0 24 0 0 0 0 
16 0 0 0 76 0 0 0 44 0 0 0 0 0 0 47 0 0 0 0 35 0 0 0 0 77 100 31 0 0 0 0 0 0 84 0 0 55 0 89 0 53 0 0 0 11 0 0 0 0 0 25 0 0 0 0 0 0 0 0 0 81 0 0 7 0 0 0 0 0 0 29 0 0 0 0 93 0 69 0 0 85 45 0 13 0 73 0 0 56 76 15 11 0 0 0 0 0 39 64 
0 46 0 0 0 0 72 0 0 0 0 0 0 0 35 0 0 0 0 7 95 0 0 0 0 0 54 0 19 0 0 0 35 0 0 0 0 24 0 37 83 0 0 0 0 0 0 0 0 30 0 0 0 55 0 0 0 0 0 0 38 81 0 0 41 0 0 0 0 0 0 0 33 0 0 0 49 0 0 0 0 98 82 15 0 0 0 0 0 14 0 0 0 0 0 0 0 0 0 0 
0 0 0 0 0 0 88 0 4 0 0 0 0 0 0 1 0 0 0 0 14 0 0 0 0 0 0 0 0 86 61 0 0 0 6 0 0 0 0 62 46 63 62 0 0 0 0 0 0 0 0 77 92 0 0 24 0 0 0 38 0 0 0 39 70 0 47 0 0 0 0 0 0 17 0 47 63 0 0 44 38 77 0 0 0 2 0 42 0 100 28 0 0 44 0 0 0 0 31 0 
4 0 0 0 0 0 20 0 0 0 0 0 20 99 0 36 0 30 23 55 0 0 0 0 0 0 0 0 0 0 0 0 0 0 0 0 0 92 60 27 0 12 0 0 0 0 0 22 0 0 0 0 0 0 0 0 0 0 81 81 0 0 0 20 0 0 0 0 0 0 0 0 0 99 0 61 0 0 0 0 52 0 67 0 0 0 0 0 0 0 0 18 0 0 0 12 0 0 70 0 
90 0 32 23 0 0 59 0 85 0 0 0 42 0 14 0 0 0 0 0 0 0 0 0 0 0 0 65 0 0 0 48 0 74 0 26 0 94 4 0 83 0 0 29 0 0 0 0 0 0 0 0 0 0 0 79 32 58 0 0 0 0 0 0 0 0 0 0 13 93 77 0 0 45 0 22 47 0 0 0 73 0 0 0 0 0 0 0 0 76 7 0 0 73 71 0 0 0 35 0 
0 0 0 0 0 0 0 97 0 49 0 0 42 93 0 0 0 13 0 0 52 0 0 0 0 5 0 0 0 0 5 35 23 0 0 0 0 0 28 0 0 0 65 0 0 0 0 83 0 0 0 0 0 83 0 0 0 0 0 0 39 20 0 0 0 99 0 0 0 37 14 0 0 0 36 91 0 0 0 71 0 0 0 12 100 0 0 0 10 0 23 0 88 11 87 0 0 95 0 0 
0 0 0 0 0 0 51 0 97 0 99 0 0 82 0 0 0 42 0 0 0 0 0 0 47 0 0 0 0 0 0 0 58 0 0 0 75 0 0 0 49 0 0 96 62 0 0 0 0 0 58 0 0 0 10 29 100 88 7 41 70 0 0 0 0 0 0 96 0 98 0 0 0 68 0 0 0 0 100 0 0 0 0 0 59 0 0 0 0 0 0 42 0 1 0 0 0 10 52 0 
0 0 0 0 0 0 0 0 0 0 0 56 0 0 96 0 0 0 68 0 0 0 0 45 0 36 0 0 0 38 0 0 0 0 61 83 0 0 0 0 11 0 25 0 60 0 0 0 0 0 0 52 0 92 99 49 0 71 0 0 0 0 0 99 0 0 0 0 98 0 23 78 0 37 0 10 0 0 20 0 0 58 92 0 0 57 0 0 0 64 0 10 0 2 0 0 0 0 0 53 
0 0 92 75 41 0 86 0 0 0 0 33 0 43 0 0 0 0 0 0 0 0 0 46 0 0 49 0 0 0 33 0 0 0 0 0 0 0 85 0 0 0 0 0 47 0 0 0 0 0 0 0 0 83 0 0 0 0 0 0 47 0 0 0 0 0 0 0 0 38 64 0 0 69 0 0 97 49 0 0 0 0 0 0 0 0 0 37 0 0 0 0 90 0 10 0 99 57 0 0 
0 0 0 100 81 11 0 0 0 0 0 0 0 0 0 0 32 0 0 0 0 0 0 0 0 0 89 0 16 0 27 66 0 0 0 0 0 0 21 0 0 55 88 0 0 30 0 0 0 0 83 0 0 0 0 0 0 0 0 0 0 0 0 0 96 0 0 0 0 0 1 1 70 0 0 0 0 0 0 0 0 87 83 0 0 0 0 52 0 0 0 0 87 0 0 0 0 0 0 0 
0 0 12 0 71 4 0 0 59 77 47 14 0 0 0 38 0 0 0 0 0 0 0 0 0 27 0 0 0 0 0 0 0 0 0 0 0 17 56 0 0 37 0 0 11 0 34 0 0 9 0 0 75 0 6 66 0 0 0 0 0 0 13 0 0 98 0 0 0 0 0 0 0 23 0 59 10 0 0 32 26 0 100 0 0 0 0 43 0 0 0 49 0 0 0 0 51 17 0 0 
0 0 0 29 0 0 0 99 0 0 38 0 0 17 27 91 0 0 0 41 0 0 0 89 0 0 0 0 0 0 0 13 0 0 0 0 0 0 0 0 0 31 60 0 0 0 0 26 0 0 0 0 0 92 90 3 0 31 0 0 0 0 93 37 98 0 38 0 0 0 0 0 0 0 0 0 0 0 0 65 0 0 0 0 0 0 34 0 50 24 91 3 71 0 54 65 0 0 0 0 
0 0 80 0 0 0 43 0 0 0 0 0 0 0 0 0 0 0 0 0 0 0 0 0 0 0 0 0 0 0 0 0 0 0 0 0 0 0 0 96 0 0 0 46 0 51 0 0 0 34 34 0 0 0 0 0 62 0 0 0 0 0 77 14 0 23 64 1 0 0 0 0 0 0 23 33 0 0 0 0 0 39 0 98 0 79 0 0 53 0 0 0 0 4 0 0 0 0 94 41 
42 52 0 0 0 0 0 0 0 0 0 9 0 0 0 0 0 0 0 29 0 0 0 0 78 0 0 0 86 0 80 0 97 0 0 42 0 55 0 1 76 0 0 0 24 0 0 0 89 12 37 0 0 0 0 15 0 0 29 0 0 0 0 0 0 78 0 1 0 0 0 0 0 0 0 0 0 100 0 31 0 0 0 39 35 25 9 15 41 0 0 0 0 0 0 26 0 0 0 76 
0 75 51 4 0 0 0 0 0 0 0 0 44 0 8 31 0 21 0 54 0 94 0 79 0 68 40 0 0 34 0 56 0 0 0 0 24 0 0 0 0 0 50 0 12 0 50 0 0 0 42 83 0 0 0 53 0 0 0 33 0 0 0 0 0 0 0 70 0 0 0 0 0 0 0 0 0 0 66 0 0 82 0 48 0 0 0 0 0 0 0 0 0 85 99 51 5 0 0 0 
0 0 0 0 35 0 0 0 87 0 0 0 0 0 0 0 0 37 0 0 0 0 95 0 0 0 0 0 0 0 62 0 17 38 0 0 0 0 0 0 0 0 0 72 0 0 0 0 26 50 99 0 0 43 0 0 0 0 0 0 17 99 45 0 68 37 69 0 23 0 0 0 0 0 0 0 63 0 55 0 0 0 0 0 0 0 0 48 56 0 0 87 57 0 0 0 0 0 0 0 
0 0 0 0 0 0 0 0 0 0 41 0 0 0 0 43 0 0 0 0 0 41 0 34 0 85 17 0 0 0 0 0 25 0 0 100 0 0 34 0 0 0 69 16 0 0 0 0 0 0 0 0 0 0 26 0 0 0 0 0 0 0 0 36 0 0 0 0 0 0 23 0 0 0 0 12 0 53 0 73 0 0 0 0 14 0 0 0 60 0 0 0 0 5 0 0 0 0 0 0 
0 0 58 0 14 0 0 0 41 0 0 0 0 0 0 0 0 43 0 0 46 44 0 0 0 0 0 0 24 0 0 46 0 0 79 52 0 97 0 0 67 0 0 86 20 0 54 0 13 0 39 0 0 0 66 0 0 0 0 0 47 61 22 91 0 10 0 0 59 0 33 0 0 0 12 0 0 0 0 0 32 0 0 0 0 0 0 0 0 83 0 0 0 0 24 0 52 0 0 0 
0 0 0 0 0 0 0 0 22 0 0 0 20 0 0 29 72 22 58 0 3 0 63 0 0 98 0 0 50 75 0 0 0 0 0 0 0 0 0 0 0 0 0 0 0 0 79 16 0 0 55 0 46 0 68 0 0 0 93 49 63 0 47 0 0 0 97 0 10 0 0 0 0 63 0 0 0 0 0 0 91 0 0 0 68 0 0 86 0 0 0 0 86 0 0 0 0 0 0 9 
0 0 39 0 0 71 0 0 0 0 94 0 67 70 0 0 0 0 0 0 0 55 0 95 0 0 0 0 0 75 0 0 0 0 0 0 0 0 31 0 0 0 96 0 0 91 0 0 0 0 38 0 0 0 0 0 0 68 0 0 0 0 0 0 0 0 49 0 0 0 0 100 0 0 53 0 0 0 0 0 0 0 0 0 0 0 30 26 0 0 49 99 0 23 0 0 0 0 62 0 
0 0 65 0 0 4 0 0 0 0 0 73 27 0 0 0 79 0 59 0 0 0 0 0 0 0 0 0 0 16 0 0 0 17 0 0 90 0 0 35 0 0 49 0 52 21 0 0 0 65 0 0 0 0 0 0 0 0 69 0 0 0 0 0 100 20 0 0 0 0 0 0 66 55 0 0 0 0 0 0 99 0 0 0 0 30 0 95 5 78 0 14 60 0 17 44 0 0 1 23 
0 37 0 0 0 0 0 65 16 0 0 0 95 0 0 0 0 0 0 0 0 0 0 0 45 0 0 28 0 0 87 0 0 63 16 0 10 0 0 0 0 0 0 88 0 65 0 0 0 11 0 0 36 34 0 44 0 0 0 0 44 0 0 71 0 0 0 0 32 65 0 31 0 0 73 0 0 0 0 0 76 0 41 0 5 0 0 0 0 0 0 77 0 0 24 0 0 0 0 0 
0 0 0 0 48 44 0 0 0 6 0 0 0 90 0 0 0 0 0 0 15 0 43 0 0 0 0 0 0 0 63 0 0 0 0 33 0 0 0 0 0 67 94 0 0 0 0 22 0 0 0 78 0 30 86 0 77 0 0 0 38 52 73 0 0 0 0 0 26 0 0 0 0 0 0 32 91 0 99 76 0 0 0 0 26 0 26 51 0 2 0 0 0 0 64 78 0 0 0 0 
0 0 7 0 0 0 0 92 0 0 0 17 0 0 0 76 0 0 0 0 0 0 0 0 4 23 0 0 0 85 0 0 63 0 0 76 0 0 0 56 0 39 90 0 0 44 0 0 0 0 0 0 42 0 0 19 0 0 85 98 77 0 0 0 0 58 0 87 0 0 39 0 82 0 0 0 0 0 0 0 0 0 0 0 0 0 0 0 10 0 69 0 0 0 0 0 0 0 69 0 
82 70 0 37 0 29 0 0 0 0 66 0 0 0 0 74 0 0 42 0 0 0 0 0 47 97 0 0 0 7 0 34 100 12 70 0 0 0 84 0 0 0 0 0 45 0 0 0 18 0 0 0 0 0 0 0 0 86 45 82 0 67 0 0 0 92 0 83 100 0 0 0 0 0 0 0 0 0 0 41 0 0 0 0 0 0 0 36 49 0 0 0 68 0 84 0 83 0 0 0 
0 0 0 0 0 0 15 0 0 29 0 0 0 0 0 0 40 47 0 0 0 46 0 0 8 0 72 0 0 30 0 0 0 0 0 0 0 0 76 89 97 0 0 0 89 72 0 0 54 0 0 49 13 0 0 0 64 0 0 15 0 0 0 12 0 0 0 0 0 0 98 39 48 0 0 0 0 0 0 0 0 0 0 0 0 0 0 0 0 0 49 71 0 0 23 64 0 0 27 0 
53 0 0 0 24 1 0 5 0 0 0 0 0 0 0 0 0 0 0 0 0 0 0 0 0 66 0 0 76 0 0 0 0 56 89 0 0 0 91 0 3 86 0 0 17 0 38 0 0 0 0 0 0 0 61 0 100 0 13 0 0 0 0 100 59 0 0 0 0 0 0 35 0 0 14 0 68 0 0 5 26 0 0 0 0 0 0 0 0 6 68 0 0 0 0 0 0 0 0 46 
0 31 0 0 0 0 69 63 0 0 0 0 75 34 0 0 0 0 22 0 57 0 49 0 62 0 0 77 0 86 0 0 0 0 0 0 0 0 0 0 0 0 0 29 0 0 85 71 54 0 38 0 0 0 0 0 0 0 0 0 2 0 0 0 0 57 0 0 0 0 79 25 0 0 0 0 0 0 30 0 0 0 0 0 0 0 0 58 0 0 0 0 0 56 0 9 15 0 0 1 
0 22 23 0 0 96 78 0 0 0 23 40 66 0 36 86 0 0 33 0 52 0 0 0 0 0 0 0 0 0 87 69 37 0 0 60 0 59 29 0 46 30 29 17 0 17 0 61 0 0 0 0 0 31 0 0 0 0 73 0 0 0 0 0 0 0 0 0 0 34 0 9 0 0 0 0 0 30 0 0 26 0 0 0 0 0 0 0 0 0 0 0 2 0 0 0 0 0 0 0 
0 76 95 66 0 80 0 0 0 0 0 0 0 0 0 0 0 0 0 58 0 0 0 0 0 0 81 0 0 57 0 0 0 38 0 35 0 0 0 0 0 0 33 0 0 0 0 0 78 1 46 0 0 0 56 0 0 0 0 0 42 0 0 0 0 0 37 52 43 0 0 15 0 48 0 0 86 26 95 0 51 0 36 0 0 58 0 0 0 56 0 0 0 0 91 23 0 0 0 85 
70 0 15 0 0 0 0 0 0 48 0 0 0 0 0 0 26 0 0 0 0 0 0 41 91 0 0 0 0 0 0 65 0 57 0 79 0 0 0 0 0 0 0 0 36 43 72 0 0 0 0 0 0 0 0 59 0 75 0 0 0 0 0 10 0 0 0 0 0 50 53 41 0 56 60 0 0 0 5 0 0 10 49 0 0 0 0 0 0 0 0 0 0 14 0 70 0 0 0 0 
0 0 0 0 41 0 0 21 0 0 0 0 0 26 0 35 0 69 0 39 3 51 0 0 0 0 77 0 0 0 0 0 0 0 88 0 26 0 0 0 0 0 0 32 80 0 17 4 0 69 0 0 0 91 0 0 0 0 56 14 100 0 76 0 0 64 0 0 0 24 0 0 0 0 0 83 0 0 78 0 2 0 0 0 6 0 0 56 0 0 0 0 0 0 0 72 0 96 0 0 
68 0 0 0 0 0 0 75 0 5 0 0 34 0 0 0 0 0 0 0 0 0 0 88 0 0 0 65 0 6 66 0 44 0 39 0 0 0 0 0 0 0 0 0 58 0 0 0 0 32 0 0 0 0 0 0 0 43 76 0 28 0 7 23 0 0 0 0 0 91 0 0 0 0 0 0 0 49 0 0 0 69 0 49 68 0 0 0 0 0 0 0 0 0 0 31 0 0 99 0 
2 0 0 37 0 0 0 79 55 81 0 75 0 0 0 0 0 0 0 30 25 0 0 80 0 0 0 0 0 0 0 0 35 0 51 0 0 0 0 0 0 0 0 0 0 25 0 0 73 100 0 0 97 0 43 35 0 0 15 0 0 18 0 0 42 10 0 0 49 3 0 0 0 87 0 0 0 99 14 77 0 0 0 71 0 0 0 0 0 0 0 0 91 0 0 0 0 60 0 0 
16 0 0 0 87 0 0 0 0 88 0 0 0 0 0 91 2 0 0 0 0 0 73 0 0 0 0 0 71 97 0 0 63 0 0 0 81 0 30 0 0 0 0 0 0 15 0 0 0 0 62 40 0 0 0 48 0 13 11 0 0 0 0 88 0 0 90 87 0 71 0 0 0 57 0 0 86 0 60 0 0 0 68 0 0 0 2 0 0 0 0 91 0 0 0 0 0 80 55 44 
0 0 0 74 0 0 0 0 0 45 0 14 0 0 0 33 86 0 0 0 0 62 62 0 0 0 0 0 0 0 0 0 0 0 0 0 0 56 19 0 0 22 0 0 0 0 0 0 77 0 61 11 0 0 80 0 0 89 0 0 44 0 73 11 1 2 0 0 0 0 4 0 85 0 5 0 0 23 0 0 0 0 0 0 0 56 0 0 14 0 0 0 0 0 0 0 0 85 1 34 
1 0 51 0 11 0 0 0 0 0 0 0 91 53 0 13 0 0 0 0 0 0 6 0 0 0 0 0 3 0 0 0 49 0 0 0 33 0 96 69 87 0 0 0 61 0 0 0 0 0 0 0 75 0 62 0 0 0 0 0 0 0 71 87 0 0 10 0 0 54 0 0 99 0 0 24 0 0 17 24 64 0 84 23 0 0 0 91 0 0 0 0 0 0 0 0 77 0 34 0 
0 0 0 0 0 43 0 0 0 0 0 0 0 0 0 0 0 3 20 0 96 0 0 34 0 10 0 0 33 0 60 0 0 0 0 0 86 0 0 26 0 0 97 8 0 0 0 0 0 0 0 0 0 0 0 0 76 24 0 0 0 12 0 0 0 0 0 0 0 65 0 26 51 0 0 0 0 0 44 0 78 0 0 64 0 9 0 23 70 72 31 0 0 0 0 0 59 0 0 0 
0 93 0 0 0 89 0 0 0 39 0 70 0 0 43 30 0 0 0 0 87 0 0 11 0 0 100 58 82 0 64 78 0 0 0 73 81 0 0 56 0 75 0 0 0 27 0 0 81 0 0 40 0 44 0 0 0 0 0 0 0 0 0 0 0 0 99 0 51 0 0 0 5 0 0 52 0 0 0 0 0 0 83 0 0 15 0 0 0 0 0 0 0 0 77 59 0 0 0 0 
47 0 61 0 0 0 59 0 19 0 8 0 0 0 64 0 0 0 0 42 0 0 0 0 0 0 0 54 48 0 0 0 0 2 0 19 0 0 0 0 0 12 0 0 0 0 0 69 25 0 42 0 0 73 9 0 2 0 0 0 0 0 0 95 10 0 57 0 17 0 0 0 0 0 0 0 0 0 0 0 0 0 0 0 0 0 0 0 0 96 0 60 80 85 0 0 0 0 0 0 
0 0 0 0 41 22 0 6 99 0 0 0 0 0 0 0 0 0 54 0 0 0 0 48 0 0 0 0 15 0 0 0 0 87 0 0 1 0 0 0 0 0 0 0 16 0 0 0 88 75 0 13 0 90 0 0 0 0 39 0 31 70 35 0 52 0 0 0 0 0 94 0 0 0 0 0 0 62 1 0 0 69 0 27 0 0 0 0 0 0 99 0 55 1 34 0 0 0 0 0 
0 0 0 57 0 4 0 0 32 0 0 66 0 0 0 0 0 0 0 0 49 0 0 0 96 0 0 0 0 0 0 0 30 0 49 79 75 28 31 0 0 0 0 0 0 0 96 0 51 2 89 0 0 0 0 81 21 0 64 0 0 0 0 0 0 53 0 0 0 0 41 76 0 0 0 0 9 0 23 0 0 0 0 0 46 1 0 85 0 0 0 0 44 34 0 0 0 0 0 0 
