0 67 43 0 67 25 0 0 36 23 18 34 0 0 44 14 63 34 84 0 87 4 94 58 9 23 0 74 0 0 77 81 94 69 0 0 91 0 86 0 11 98 51 0 0 96 50 0 82 0 99 81 95 0 94 0 23 0 6 91 77 0 16 65 0 0 0 21 0 61 0 0 19 0 52 0 0 39 0 4 0 100 0 45 83 63 40 0 87 0 0 0 0 51 5 0 0 0 48 68 
67 0 0 0 69 9 9 90 43 0 0 0 0 0 27 0 58 29 0 68 60 69 0 76 36 0 60 0 77 0 71 43 38 45 0 0 65 0 39 57 99 17 0 0 0 97 0 0 40 53 0 61 0 59 21 11 31 9 97 0 0 0 0 0 0 0 0 96 57 77 26 0 0 38 32 0 0 100 66 29 54 79 0 69 48 0 50 59 93 69 0 54 45 0 32 22 0 78 0 16 
43 0 0 0 0 0 0 0 0 14 85 4 0 98 0 45 78 5 0 0 0 88 92 0 21 46 0 61 0 0 0 0 0 69 52 0 55 15 8 77 0 95 4 50 0 92 44 5 62 95 32 19 97 27 0 0 41 36 0 0 80 0 0 76 67 0 9 10 0 84 82 62 57 0 60 0 12 0 6 97 0 0 62 0 86 0 0 9 41 0 0 97 0 0 36 0 23 0 0 21 
0 0 0 0 90 94 0 77 0 49 15 34 0 5 0 0 88 43 24 0 41 74 0 0 69 99 0 3 50 57 0 14 80 0 0 0 64 89 63 48 60 93 20 84 74 7 85 69 23 42 7 11 0 89 80 98 86 0 97 30 42 0 73 0 26 29 98 17 77 84 29 4 77 89 0 13 84 18 65 68 50 0 0 0 31 0 80 55 95 0 36 88 57 0 11 57 0 99 0 85 
67 69 0 90 0 0 43 0 0 89 0 8 73 11 31 0 0 76 0 81 55 0 0 30 13 0 0 50 41 0 0 51 9 45 73 0 41 0 0 0 70 49 0 55 30 98 68 74 89 32 8 29 61 100 47 0 0 56 15 34 0 91 70 20 0 96 0 39 26 55 47 0 22 0 11 94 60 0 0 38 98 39 0 0 7 98 0 89 0 84 13 50 66 57 0 38 0 0 12 8 
25 9 0 94 0 0 33 0 58 62 0 30 0 81 12 57 95 1 0 20 51 74 15 0 92 88 0 63 23 0 23 70 39 0 83 0 0 0 50 39 0 0 65 46 64 17 48 54 67 100 0 0 33 0 98 1 73 80 38 77 81 100 0 0 13 13 30 89 0 0 45 1 11 35 0 9 31 11 82 0 35 0 28 26 45 12 0 11 46 72 18 0 22 0 0 98 0 20 44 46 
0 9 0 0 43 33 0 0 0 18 56 0 0 0 99 89 46 43 0 0 93 86 0 79 7 54 49 0 0 0 0 0 61 25 67 80 0 4 39 36 34 68 37 42 17 64 41 0 4 49 89 33 42 0 43 73 0 59 68 15 87 0 2 6 0 10 16 37 0 0 9 13 93 68 0 72 36 0 0 48 31 6 0 68 0 98 79 15 11 0 0 0 52 0 79 60 36 54 20 68 
0 90 0 77 0 0 0 0 0 82 17 20 6 68 33 50 21 0 53 12 83 65 90 0 14 60 0 46 49 1 11 57 0 65 50 2 51 0 92 81 38 91 35 79 0 57 81 59 0 0 81 0 0 41 0 72 66 54 0 56 82 88 86 0 70 61 76 0 36 29 0 0 0 34 39 0 46 0 0 95 0 0 29 0 36 27 74 22 0 6 45 0 0 95 90 0 0 13 17 81 
36 43 0 0 0 58 0 0 0 87 74 0 29 71 0 31 65 0 0 91 11 84 92 0 36 56 0 61 88 0 95 75 33 49 79 63 0 60 0 42 4 20 0 26 71 32 99 98 0 16 72 26 4 0 4 0 0 60 67 25 72 92 86 0 21 0 58 28 0 64 70 0 0 0 0 0 0 100 76 21 0 74 0 0 55 10 19 11 0 100 49 88 94 0 74 0 0 67 0 0 
23 0 14 49 89 62 18 82 87 0 38 0 16 14 0 90 56 62 0 42 0 0 30 64 0 0 0 0 0 0 36 0 0 82 45 32 70 0 92 33 85 74 58 26 79 0 2 82 56 0 92 52 0 84 49 0 0 31 0 62 56 72 0 0 76 0 0 13 98 0 43 69 49 0 53 75 86 88 53 66 100 0 17 19 8 40 41 0 100 92 50 58 60 55 0 0 37 40 8 90 
18 0 85 15 0 0 56 17 74 38 0 19 64 82 0 79 17 93 8 0 99 89 31 32 88 0 0 84 72 0 0 10 0 49 86 58 56 0 46 0 0 0 0 0 0 0 42 26 76 28 79 0 18 70 0 60 0 41 30 0 66 32 64 67 36 34 0 68 0 93 89 0 30 95 89 45 64 66 45 0 2 45 0 48 73 0 89 0 16 0 0 4 74 0 81 0 81 44 52 54 
34 0 4 34 8 30 0 20 0 0 19 0 0 0 81 28 0 74 29 77 46 0 0 0 63 15 42 30 84 0 54 23 25 0 60 0 69 53 95 0 36 0 0 95 74 8 0 84 0 1 39 0 99 71 2 70 48 0 42 57 66 0 62 79 54 99 43 13 30 81 74 0 0 60 0 0 24 15 71 8 13 13 0 13 89 0 0 0 79 0 44 41 33 78 15 0 39 44 58 32 
0 0 0 0 73 0 0 6 29 16 64 0 0 88 4 38 20 35 0 0 5 99 78 71 0 0 0 0 0 72 8 68 0 0 43 79 84 0 14 0 80 60 81 31 82 0 35 71 52 89 0 2 91 60 31 0 0 96 0 0 89 76 0 87 79 0 0 0 0 0 14 0 0 0 0 0 32 26 86 0 0 2 73 6 7 0 84 86 50 99 49 0 0 7 0 0 59 0 75 43 
0 0 98 5 11 81 0 68 71 14 82 0 88 0 81 60 0 0 0 23 0 12 56 5 24 0 0 3 82 0 11 0 44 62 54 0 72 35 0 34 87 44 1 15 0 42 99 29 0 43 90 0 85 41 0 29 66 4 60 0 0 47 35 35 0 0 3 28 0 0 80 14 0 0 0 64 74 26 66 10 0 49 29 10 0 0 56 17 0 0 95 81 0 0 67 70 1 13 17 55 
44 27 0 0 31 12 99 33 0 0 0 81 4 81 0 0 0 0 41 71 71 0 51 80 84 22 2 0 0 0 68 40 56 45 0 0 71 87 73 11 0 47 0 0 1 1 96 0 0 0 0 23 21 27 0 70 0 88 0 28 47 43 94 22 51 0 0 0 0 86 11 30 46 0 18 0 39 0 50 90 0 75 94 40 34 29 8 93 69 27 0 70 0 46 90 0 64 0 76 13 
14 0 45 0 0 57 89 50 31 90 79 28 38 60 0 0 30 0 5 0 82 24 0 0 66 27 0 0 21 0 70 59 0 69 0 0 36 0 41 0 66 63 0 98 0 0 57 88 78 80 33 61 97 0 0 0 85 34 0 66 69 0 84 38 0 0 0 95 55 70 0 0 0 75 23 0 53 0 4 0 91 3 46 56 94 0 70 0 0 0 0 45 0 44 0 51 23 93 69 67 
63 58 78 88 0 95 46 21 65 56 17 0 20 0 0 30 0 0 0 4 0 21 23 0 0 0 6 1 62 91 0 49 98 0 0 0 0 80 100 0 0 40 94 29 0 80 0 96 76 88 86 16 13 61 0 55 0 0 45 0 0 55 19 73 92 32 0 98 85 0 24 7 9 57 37 24 0 53 0 93 0 0 0 34 33 0 0 71 26 0 68 90 93 0 0 43 48 37 0 26 
34 29 5 43 76 1 43 0 0 62 93 74 35 0 0 0 0 0 0 18 0 16 82 61 0 0 100 58 4 37 53 28 0 70 80 36 39 0 0 46 73 21 19 0 84 61 8 0 0 82 20 0 0 32 31 40 68 53 0 26 81 0 3 0 77 37 56 31 62 28 83 0 59 0 80 49 0 85 0 20 0 39 60 83 0 21 51 96 39 23 65 86 53 0 41 44 0 85 44 34 
84 0 0 24 0 0 0 53 0 0 8 29 0 0 41 5 0 0 0 42 72 0 40 0 74 87 0 36 0 31 70 31 0 0 74 22 73 0 41 95 35 32 76 0 0 78 73 9 93 33 0 0 20 0 0 0 73 6 48 0 0 76 100 79 0 51 1 0 24 0 96 0 64 54 19 77 0 0 98 0 71 12 49 19 62 19 79 30 0 1 63 0 26 69 78 0 0 86 0 56 
0 68 0 0 81 20 0 12 91 42 0 77 0 23 71 0 4 18 42 0 31 72 0 74 0 0 73 0 0 97 0 10 63 99 21 0 46 0 1 16 0 34 66 40 36 0 79 89 0 0 0 0 97 70 58 37 29 0 10 84 0 0 0 0 66 30 0 0 0 35 0 91 30 53 39 0 0 54 0 25 27 18 24 99 58 0 2 63 0 61 42 0 41 0 64 6 88 8 0 14 
87 60 0 41 55 51 93 83 11 0 99 46 5 0 71 82 0 0 72 31 0 80 61 36 41 93 23 92 0 76 20 57 37 19 0 0 0 99 35 0 0 15 0 0 28 28 100 43 55 69 0 35 9 31 32 0 95 90 0 0 22 47 7 0 84 27 89 65 97 0 39 51 0 43 0 13 0 41 27 0 0 26 39 56 0 36 0 4 0 48 26 30 16 56 0 0 75 4 65 86 
4 69 88 74 0 74 86 65 84 0 89 0 99 12 0 24 21 16 0 72 80 0 63 86 40 0 99 100 47 0 25 0 87 11 12 0 31 42 55 1 34 37 0 0 71 63 7 28 12 90 68 35 0 80 0 25 19 99 54 0 32 67 66 19 0 88 38 5 0 0 7 0 79 63 51 39 52 0 16 0 0 1 0 0 37 0 44 0 40 91 0 0 0 26 17 69 49 18 0 0 
94 0 92 0 0 15 0 90 92 30 31 0 78 56 51 0 23 82 40 0 61 63 0 0 40 89 7 0 0 0 0 87 26 0 0 33 70 91 0 55 15 65 0 0 16 51 64 75 31 0 0 0 2 16 4 74 0 0 51 47 81 31 0 83 41 26 4 78 79 0 45 44 54 96 0 9 10 26 0 71 26 0 11 59 65 19 15 74 77 2 80 0 55 48 0 1 37 0 25 67 
58 76 0 0 30 0 79 0 0 64 32 0 71 5 80 0 0 61 0 74 36 86 0 0 76 85 89 0 30 99 35 99 0 0 46 85 70 0 15 0 24 75 95 15 7 89 59 45 0 0 0 0 10 93 18 0 67 0 0 13 0 0 69 0 0 15 58 50 33 0 0 0 37 67 14 0 19 0 0 0 0 28 44 0 0 33 62 4 87 0 0 13 80 0 89 0 14 22 0 96 
9 36 21 69 13 92 7 14 36 0 88 63 0 24 84 66 0 0 74 0 41 40 40 76 0 0 0 0 0 75 91 0 0 27 99 0 60 0 0 24 0 0 79 79 5 3 68 0 14 50 94 84 52 51 75 55 24 30 18 39 0 7 0 100 0 20 13 1 0 0 20 54 14 0 0 0 88 8 88 14 92 0 53 0 65 96 55 69 48 38 66 0 59 39 39 0 0 78 0 0 
23 0 46 99 0 88 54 60 56 0 0 15 0 0 22 27 0 0 87 0 93 0 89 85 0 0 70 22 42 67 0 0 84 90 28 8 6 0 35 81 35 57 32 2 0 0 57 82 62 14 70 26 11 13 29 38 0 60 25 12 91 98 9 0 18 0 51 40 0 55 43 0 96 70 11 65 0 100 51 76 0 27 14 15 0 42 73 57 35 13 77 0 80 0 0 0 7 25 0 20 
0 60 0 0 0 0 49 0 0 0 0 42 0 0 2 0 6 100 0 73 23 99 7 89 0 70 0 60 0 0 71 0 0 0 0 54 59 40 29 0 21 0 0 45 89 17 69 0 0 88 35 27 60 0 0 0 14 0 0 91 37 0 68 0 71 49 0 0 0 28 35 0 49 24 24 98 38 0 61 0 72 0 0 64 26 0 46 75 81 0 0 94 0 68 85 0 95 43 24 0 
74 0 61 3 50 63 0 46 61 0 84 30 0 3 0 0 1 58 36 0 92 100 0 0 0 22 60 0 7 89 87 0 68 35 12 0 8 81 67 48 82 49 30 24 81 44 3 8 84 21 2 82 14 78 0 36 0 0 0 28 64 0 0 0 0 0 5 21 0 0 65 0 59 0 8 0 63 69 10 48 49 34 0 1 43 0 0 0 91 94 0 50 90 0 5 45 24 0 0 0 
0 77 0 50 41 23 0 49 88 0 72 84 0 82 0 21 62 4 0 0 0 47 0 30 0 42 0 7 0 0 0 0 0 79 0 65 85 27 21 0 0 0 64 0 66 79 23 26 73 86 36 0 34 79 0 62 95 0 0 98 33 0 0 2 0 51 0 0 69 71 0 0 75 0 0 56 37 70 90 25 0 75 0 0 0 0 0 0 73 74 95 68 0 0 33 41 0 56 48 58 
0 0 0 57 0 0 0 1 0 0 0 0 72 0 0 0 91 37 31 97 76 0 0 99 75 67 0 89 0 0 95 0 96 96 95 94 0 27 16 0 0 20 45 0 0 3 79 100 0 0 0 42 13 0 0 0 7 45 11 0 88 0 2 100 92 4 0 0 0 56 0 24 0 41 0 47 68 71 87 52 7 49 18 52 89 50 29 81 0 39 37 0 14 51 57 68 39 36 0 0 
77 71 0 0 0 23 0 11 95 36 0 54 8 11 68 70 0 53 70 0 20 25 0 35 91 0 71 87 0 95 0 0 49 0 0 2 0 70 0 21 48 40 0 32 0 0 0 45 47 99 0 1 81 0 0 6 0 0 55 15 0 0 0 77 18 63 0 16 0 0 0 0 37 0 0 100 35 1 0 0 0 70 52 66 0 0 71 0 0 46 54 0 36 33 94 55 0 0 67 89 
81 43 0 14 51 70 0 57 75 0 10 23 68 0 40 59 49 28 31 10 57 0 87 99 0 0 0 0 0 0 0 0 0 0 55 60 0 93 0 76 83 53 0 0 0 42 72 82 0 0 80 57 15 0 58 0 0 53 0 0 0 57 20 2 85 80 91 75 0 0 68 90 26 27 1 0 0 80 79 8 58 0 0 0 0 0 66 0 0 0 84 91 0 54 0 0 0 14 77 33 
94 38 0 80 9 39 61 0 33 0 0 25 0 44 56 0 98 0 0 63 37 87 26 0 0 84 0 68 0 96 49 0 0 0 97 15 0 24 0 11 37 64 30 19 0 22 82 16 37 77 100 48 86 13 60 47 0 5 47 2 39 0 53 0 0 70 89 85 89 81 40 0 0 51 28 38 0 51 0 0 11 99 63 29 0 19 0 75 25 19 69 30 43 42 97 78 0 0 0 80 
69 45 69 0 45 0 25 65 49 82 49 0 0 62 45 69 0 70 0 99 19 11 0 0 27 90 0 35 79 96 0 0 0 0 2 28 0 0 48 57 73 4 18 91 76 0 0 69 37 6 11 0 46 0 20 0 88 99 0 26 0 41 0 19 0 15 0 74 85 0 92 0 52 28 11 0 82 76 85 0 0 0 55 69 22 76 28 0 0 0 72 19 43 37 61 52 55 0 0 35 
0 0 52 0 73 83 67 50 79 45 86 60 43 54 0 0 0 80 74 21 0 12 0 46 99 28 0 12 0 95 0 55 97 2 0 18 0 0 99 14 0 0 0 20 86 62 64 54 0 0 85 43 63 0 0 19 0 23 43 98 79 1 93 46 81 17 26 18 0 90 94 95 0 99 63 0 63 0 0 0 78 0 77 98 100 10 32 3 0 22 46 0 0 67 0 7 0 26 55 74 
0 0 0 0 0 0 80 2 63 32 58 0 79 0 0 0 0 36 22 0 0 0 33 85 0 8 54 0 65 94 2 60 15 28 18 0 97 0 76 69 0 0 3 70 100 50 3 0 0 56 65 0 38 0 59 0 36 64 67 100 0 62 94 0 0 10 11 52 0 0 75 77 0 0 0 0 47 32 89 0 36 21 56 0 0 73 37 0 98 91 32 27 72 0 80 0 0 0 65 0 
91 65 55 64 41 0 0 51 0 70 56 69 84 72 71 36 0 39 73 46 0 31 70 70 60 6 59 8 85 0 0 0 0 0 0 97 0 75 0 0 16 97 0 0 6 0 2 50 22 40 0 0 81 6 43 40 46 66 71 85 11 25 0 15 0 0 0 34 27 6 59 99 77 14 0 23 67 0 41 58 2 95 0 0 0 86 65 0 13 92 0 14 54 0 1 100 0 0 15 26 
0 0 15 89 0 0 4 0 60 0 0 53 0 35 87 0 80 0 0 0 99 42 91 0 0 0 40 81 27 27 70 93 24 0 0 0 75 0 59 42 0 5 0 7 11 79 56 34 0 36 0 0 17 52 65 65 15 50 0 87 0 0 93 87 73 71 0 63 0 0 0 48 7 95 93 0 24 0 0 60 74 99 27 0 59 62 23 59 0 47 55 34 0 0 0 38 20 38 60 0 
86 39 8 63 0 50 39 92 0 92 46 95 14 0 73 41 100 0 41 1 35 55 0 15 0 35 29 67 21 16 0 0 0 48 99 76 0 59 0 4 0 0 0 50 0 19 0 68 0 33 18 75 0 0 36 0 32 0 77 19 89 76 22 0 0 86 94 38 20 0 0 45 47 0 50 92 75 0 0 0 0 37 7 64 36 0 62 19 0 61 0 4 0 94 62 34 21 83 0 31 
0 57 77 48 0 39 36 81 42 33 0 0 0 34 11 0 0 46 95 16 0 1 55 0 24 81 0 48 0 0 21 76 11 57 14 69 0 42 4 0 20 53 59 0 77 50 82 81 3 69 92 32 36 0 15 0 9 40 0 39 46 70 0 0 39 12 16 0 0 24 0 22 0 84 0 62 35 52 29 0 63 0 0 83 27 74 73 0 76 0 35 11 0 63 0 9 0 2 79 75 
11 99 0 60 70 0 34 38 4 85 0 36 80 87 0 66 0 73 35 0 0 34 15 24 0 35 21 82 0 0 48 83 37 73 0 0 16 0 0 20 0 46 73 0 0 34 37 0 29 10 0 0 48 0 92 12 29 53 83 0 71 60 96 0 0 41 84 58 0 63 0 73 41 0 51 63 11 10 0 58 0 67 0 0 67 81 55 45 94 0 75 90 43 97 27 74 32 27 0 98 
98 17 95 93 49 0 68 91 20 74 0 0 60 44 47 63 40 21 32 34 15 37 65 75 0 57 0 49 0 20 40 53 64 4 0 0 97 5 0 53 46 0 72 0 72 0 25 93 66 50 85 30 0 60 23 0 74 20 0 0 58 14 12 0 84 0 21 44 80 19 0 19 0 1 70 1 0 77 0 47 88 0 26 0 57 0 67 8 0 57 0 0 5 0 0 0 0 82 0 0 
51 0 4 20 0 65 37 35 0 58 0 0 81 1 0 0 94 19 76 66 0 0 0 95 79 32 0 30 64 45 0 0 30 18 0 3 0 0 0 59 73 72 0 39 0 8 55 78 0 0 59 0 20 38 85 0 24 15 31 94 69 79 65 46 0 41 0 54 0 9 0 60 98 17 12 37 0 67 0 0 8 0 53 90 80 80 0 0 0 6 98 0 57 35 98 0 56 79 0 2 
0 0 50 84 55 46 42 79 26 26 0 95 31 15 0 98 29 0 0 40 0 0 0 15 79 2 45 24 0 0 32 0 19 91 20 70 0 7 50 0 0 0 39 0 96 46 40 33 42 0 0 0 0 10 0 36 8 8 4 0 1 72 0 92 95 74 75 0 0 0 21 92 91 80 8 61 43 0 22 78 0 11 0 89 63 7 34 60 0 86 0 48 84 50 69 3 4 32 31 3 
0 0 0 74 30 64 17 0 71 79 0 74 82 0 1 0 0 84 0 36 28 71 16 7 5 0 89 81 66 0 0 0 0 76 86 100 6 11 0 77 0 72 0 96 0 2 53 0 37 54 62 17 0 0 27 0 80 77 48 0 61 0 83 0 0 0 50 17 2 87 0 0 1 0 76 25 0 25 0 91 0 57 22 9 0 71 0 0 34 36 8 41 0 0 80 0 0 53 0 31 
96 97 92 7 98 17 64 57 32 0 0 8 0 42 1 0 80 61 78 0 28 63 51 89 3 0 17 44 79 3 0 42 22 0 62 50 0 79 19 50 34 0 8 46 2 0 35 0 0 33 16 81 0 74 82 0 0 8 0 0 23 35 0 0 0 0 0 0 0 68 88 0 44 46 0 16 72 0 72 0 64 72 0 46 5 76 4 29 0 62 51 43 0 77 0 11 2 0 0 100 
50 0 44 85 68 48 41 81 99 2 42 0 35 99 96 57 0 8 73 79 100 7 64 59 68 57 69 3 23 79 0 72 82 0 64 3 2 56 0 82 37 25 55 40 53 35 0 0 33 0 31 0 92 3 48 0 0 30 0 0 0 39 74 0 40 21 49 0 0 57 58 0 70 0 0 90 0 0 0 12 0 3 91 93 11 0 0 8 0 14 75 40 0 72 0 9 93 15 93 74 
0 0 5 69 74 54 0 59 98 82 26 84 71 29 0 88 96 0 9 89 43 28 75 45 0 82 0 8 26 100 45 82 16 69 54 0 50 34 68 81 0 93 78 33 0 0 0 0 0 13 0 0 0 26 0 0 60 61 13 59 0 52 63 29 88 91 100 71 0 0 0 58 64 30 35 80 41 63 26 0 11 0 0 0 33 0 86 0 76 58 25 100 53 34 23 0 97 67 82 13 
82 40 62 23 89 67 4 0 0 56 76 0 52 0 0 78 76 0 93 0 55 12 31 0 14 62 0 84 73 0 47 0 37 37 0 0 22 0 0 3 29 66 0 42 37 0 33 0 0 25 52 0 64 72 0 0 0 15 17 2 73 22 93 69 0 30 0 48 0 67 7 0 47 36 6 82 46 0 76 0 15 40 21 0 25 16 0 13 46 0 67 0 15 11 0 67 27 77 67 0 
0 53 95 42 32 100 49 0 16 0 28 1 89 43 0 80 88 82 33 0 69 90 0 0 50 14 88 21 86 0 99 0 77 6 0 56 40 36 33 69 10 50 0 0 54 33 0 13 25 0 33 18 9 60 85 0 0 0 74 14 54 0 38 74 50 0 40 85 0 62 23 0 16 88 16 42 0 12 29 80 0 0 16 0 8 0 0 28 40 8 99 83 36 0 51 78 0 0 92 0 
99 0 32 7 8 0 89 81 72 92 79 39 0 90 0 33 86 20 0 0 0 68 0 0 94 70 35 2 36 0 0 80 100 11 85 65 0 0 18 92 0 85 59 0 62 16 31 0 52 33 0 40 28 11 0 85 0 68 0 34 31 31 0 92 0 0 15 0 45 89 0 0 68 26 39 91 8 75 22 0 0 60 93 8 0 0 0 0 0 0 30 0 92 14 11 20 0 0 24 0 
81 61 19 11 29 0 33 0 26 52 0 0 2 0 23 61 16 0 0 0 35 35 0 0 84 26 27 82 0 42 1 57 48 0 43 0 0 0 75 32 0 30 0 0 17 81 0 0 0 18 40 0 25 0 89 24 0 71 0 5 93 14 0 40 0 62 43 73 34 0 0 80 9 92 0 0 68 44 42 28 0 0 0 0 12 0 8 21 50 0 0 19 0 78 21 14 92 21 0 0 
95 0 97 0 61 33 42 0 4 0 18 99 91 85 21 97 13 0 20 97 9 0 2 10 52 11 60 14 34 13 81 15 86 46 63 38 81 17 0 36 48 0 20 0 0 0 92 0 64 9 28 25 0 0 0 0 38 80 0 0 86 0 0 25 63 56 39 0 2 66 46 28 98 0 18 93 0 0 7 95 37 9 52 55 0 2 52 8 0 56 0 9 75 0 29 0 5 35 0 94 
0 59 27 89 100 0 0 41 0 84 70 71 60 41 27 0 61 32 0 70 31 80 16 93 51 13 0 78 79 0 0 0 13 0 0 0 6 52 0 0 0 60 38 10 0 74 3 26 72 60 11 0 0 0 0 65 86 84 0 33 84 58 73 1 19 5 56 53 6 100 63 0 79 0 44 37 8 70 61 0 92 30 2 0 4 0 31 5 0 9 28 63 87 0 49 0 0 13 0 9 
94 21 0 80 47 98 43 0 4 49 0 2 31 0 0 0 0 31 0 58 32 0 4 18 75 29 0 0 0 0 0 58 60 20 0 59 43 65 36 15 92 23 85 0 27 82 48 0 0 85 0 89 0 0 0 28 0 33 84 65 2 42 63 5 0 58 75 94 93 0 0 0 0 17 41 73 80 0 0 86 4 79 12 99 0 0 14 0 64 0 0 0 0 0 30 35 0 0 36 0 
0 11 0 98 0 1 73 72 0 0 60 70 0 29 70 0 55 40 0 37 0 25 74 0 55 38 0 36 62 0 6 0 47 0 19 0 40 65 0 0 12 0 0 36 0 0 0 0 0 0 85 24 0 65 28 0 53 4 57 0 92 64 0 0 0 52 76 0 0 29 82 0 81 21 58 42 97 68 27 0 0 0 25 33 2 0 23 72 0 0 3 0 0 0 0 0 0 45 87 0 
23 31 41 86 0 73 0 66 0 0 0 48 0 66 0 85 0 68 73 29 95 19 0 67 24 0 14 0 95 7 0 0 0 88 0 36 46 15 32 9 29 74 24 8 80 0 0 60 0 0 0 0 38 86 0 53 0 61 83 32 52 84 71 94 0 39 0 0 0 0 0 58 67 20 73 0 0 100 28 84 0 12 90 35 76 88 75 16 0 98 0 44 6 0 12 0 73 0 67 56 
0 9 36 0 56 80 59 54 60 31 41 0 96 4 88 34 0 53 6 0 90 99 0 0 30 60 0 0 0 45 0 53 5 99 23 64 66 50 0 40 53 20 15 8 77 8 30 61 15 0 68 71 80 84 33 4 61 0 95 100 77 0 0 0 16 99 0 4 0 0 0 79 49 99 0 96 58 6 0 5 65 0 40 0 95 25 0 0 41 70 42 16 100 0 0 0 62 87 35 20 
6 97 0 97 15 38 68 0 67 0 30 42 0 60 0 0 45 0 48 10 0 54 51 0 18 25 0 0 0 11 55 0 47 0 43 67 71 0 77 0 83 0 31 4 48 0 0 13 17 74 0 0 0 0 84 57 83 95 0 78 0 0 22 22 16 69 0 42 45 0 0 79 61 0 39 0 96 14 0 0 81 3 94 77 65 0 54 73 8 0 58 18 0 1 4 0 0 63 20 96 
91 0 0 30 34 77 15 56 25 62 0 57 0 0 28 66 0 26 0 84 0 0 47 13 39 12 91 28 98 0 15 0 2 26 98 100 85 87 19 39 0 0 94 0 0 0 0 59 2 14 34 5 0 33 65 0 32 100 78 0 26 0 0 35 71 9 48 49 39 97 2 0 0 85 11 0 97 11 0 41 100 2 0 92 0 0 0 0 0 48 32 6 0 8 0 0 0 30 0 87 
77 0 80 42 0 81 87 82 72 56 66 66 89 0 47 69 0 81 0 0 22 32 81 0 0 91 37 64 33 88 0 0 39 0 79 0 11 0 89 46 71 58 69 1 61 23 0 0 73 54 31 93 86 84 2 92 52 77 0 26 0 0 0 89 0 16 68 0 51 0 41 0 57 0 63 24 81 28 20 50 0 22 81 33 3 0 0 60 95 18 0 91 0 0 61 25 15 28 46 97 
0 0 0 0 91 100 0 88 92 72 32 0 76 47 43 0 55 0 76 0 47 67 31 0 7 98 0 0 0 0 0 57 0 41 1 62 25 0 76 70 60 14 79 72 0 35 39 52 22 0 31 14 0 58 42 64 84 0 0 0 0 0 55 0 45 81 0 0 72 0 88 0 70 0 0 93 0 37 0 80 56 7 0 0 77 0 35 98 0 34 0 0 83 100 0 71 44 91 15 0 
16 0 0 73 70 0 2 86 86 0 64 62 0 35 94 84 19 3 100 0 7 66 0 69 0 9 68 0 0 2 0 20 53 0 93 94 0 93 22 0 96 12 65 0 83 0 74 63 93 38 0 0 0 73 63 0 71 0 22 0 0 55 0 0 88 81 66 0 54 0 87 67 0 34 92 15 34 8 0 80 0 18 68 0 0 6 93 2 42 23 0 49 67 25 0 0 10 81 73 9 
65 0 76 0 20 0 6 0 0 0 67 79 87 35 22 38 73 0 79 0 0 19 83 0 100 0 0 0 2 100 77 2 0 19 46 0 15 87 0 0 0 0 46 92 0 0 0 29 69 74 92 40 25 1 5 0 94 0 22 35 89 0 0 0 38 84 0 0 0 31 0 68 75 95 0 93 1 0 62 15 4 0 7 0 28 52 18 25 0 0 0 0 0 0 9 41 69 45 0 11 
0 0 67 26 0 13 0 70 21 76 36 54 79 0 51 0 92 77 0 66 84 0 41 0 0 18 71 0 0 92 18 85 0 0 81 0 0 73 0 39 0 84 0 95 0 0 40 88 0 50 0 0 63 19 0 0 0 16 16 71 0 45 88 38 0 0 89 17 0 0 2 0 11 0 0 91 7 0 10 91 0 60 89 95 85 21 73 22 44 0 76 18 0 60 56 22 10 0 70 67 
0 0 0 29 96 13 10 61 0 0 34 99 0 0 0 0 32 37 51 30 27 88 26 15 20 0 49 0 51 4 63 80 70 15 17 10 0 71 86 12 41 0 41 74 0 0 21 91 30 0 0 62 56 5 58 52 39 99 69 9 16 81 81 84 0 0 69 36 19 0 36 0 42 51 97 0 95 0 0 25 0 0 17 5 75 85 0 0 96 44 0 55 5 0 68 65 61 35 64 6 
0 0 9 98 0 30 16 76 58 0 0 43 0 3 0 0 0 56 1 0 89 38 4 58 13 51 0 5 0 0 0 91 89 0 26 11 0 0 94 16 84 21 0 75 50 0 49 100 0 40 15 43 39 56 75 76 0 0 0 48 68 0 66 0 89 69 0 12 0 0 0 81 94 60 0 0 4 85 18 0 0 39 47 0 23 52 0 60 0 0 0 23 69 48 79 55 71 52 18 26 
21 96 10 17 39 89 37 0 28 13 68 13 0 28 0 95 98 31 0 0 65 5 78 50 1 40 0 21 0 0 16 75 85 74 18 52 34 63 38 0 58 44 54 0 17 0 0 71 48 85 0 73 0 53 94 0 0 4 42 49 0 0 0 0 17 36 12 0 44 65 59 0 56 94 0 0 83 86 0 0 0 0 22 29 0 96 0 92 0 48 11 37 0 0 0 72 0 0 78 28 
0 57 0 77 26 0 0 36 0 98 0 30 0 0 0 55 85 62 24 0 97 0 79 33 0 0 0 0 69 0 0 0 89 85 0 0 27 0 20 0 0 80 0 0 2 0 0 0 0 0 45 34 2 6 93 0 0 0 45 39 51 72 54 0 0 19 0 44 0 0 52 12 41 0 0 0 81 0 0 54 0 0 48 41 31 8 0 85 0 97 0 91 0 0 2 0 0 0 6 0 
61 77 84 84 55 0 0 29 64 0 93 81 0 0 86 70 0 28 0 35 0 0 0 0 0 55 28 0 71 56 0 0 81 0 90 0 6 0 0 24 63 19 9 0 87 68 57 0 67 62 89 0 66 100 0 29 0 0 0 97 0 0 0 31 0 0 0 65 0 0 22 90 0 0 0 52 8 40 0 0 0 0 53 75 0 41 12 0 0 13 38 0 46 96 40 11 36 0 12 0 
0 26 82 29 47 45 9 0 70 43 89 74 14 80 11 0 24 83 96 0 39 7 45 0 20 43 35 65 0 0 0 68 40 92 94 75 59 0 0 0 0 0 0 21 0 88 58 0 7 23 0 0 46 63 0 82 0 0 0 2 41 88 87 0 2 36 0 59 52 22 0 0 0 5 17 0 75 34 22 37 36 67 29 0 0 39 0 89 0 0 38 0 41 0 65 67 85 99 0 0 
0 0 62 4 0 1 13 0 0 69 0 0 0 14 30 0 7 0 0 91 51 0 44 0 54 0 0 0 0 24 0 90 0 0 95 77 99 48 45 22 73 19 60 92 0 0 0 58 0 0 0 80 28 0 0 0 58 79 79 0 0 0 67 68 0 0 81 0 12 90 0 0 56 0 1 0 12 1 0 2 0 0 25 0 0 0 0 88 49 60 59 84 62 0 89 0 0 0 0 73 
19 0 57 77 22 11 93 0 0 49 30 0 0 0 46 0 9 59 64 30 0 79 54 37 14 96 49 59 75 0 37 26 0 52 0 0 77 7 47 0 41 0 98 91 1 44 70 64 47 16 68 9 98 79 0 81 67 49 61 0 57 70 0 75 11 42 94 56 41 0 0 56 0 83 0 0 2 0 26 36 0 89 0 65 6 47 0 40 0 0 0 0 11 35 74 89 0 38 60 34 
0 38 0 89 0 35 68 34 0 0 95 60 0 0 0 75 57 0 54 53 43 63 96 67 0 70 24 0 0 41 0 27 51 28 99 0 14 95 0 84 0 1 17 80 0 46 0 30 36 88 26 92 0 0 17 21 20 99 0 85 0 0 34 95 0 51 60 94 0 0 5 0 83 0 96 60 14 0 24 56 7 76 37 10 78 50 0 33 0 38 45 45 41 64 32 96 28 41 0 0 
52 32 60 0 11 0 0 39 0 53 89 0 0 0 18 23 37 80 19 39 0 51 0 14 0 11 24 8 0 0 0 1 28 11 63 0 0 93 50 0 51 70 12 8 76 0 0 35 6 16 39 0 18 44 41 58 73 0 39 11 63 0 92 0 0 97 0 0 0 0 17 1 0 96 0 77 0 2 63 0 0 31 0 0 90 43 0 27 39 71 78 54 0 0 26 0 0 44 49 3 
0 0 0 13 94 9 72 0 0 75 45 0 0 64 0 0 24 49 77 0 13 39 9 0 0 65 98 0 56 47 100 0 38 0 0 0 23 0 92 62 63 1 37 61 25 16 90 80 82 42 91 0 93 37 73 42 0 96 0 0 24 93 15 93 91 0 0 0 0 52 0 0 0 60 77 0 0 41 23 42 1 64 0 0 46 0 72 0 62 90 89 0 17 37 0 66 26 75 0 0 
0 0 12 84 60 31 36 46 0 86 64 24 32 74 39 53 0 0 0 0 0 52 10 19 88 0 38 63 37 68 35 0 0 82 63 47 67 24 75 35 11 0 0 43 0 72 0 41 46 0 8 68 0 8 80 97 0 58 96 97 81 0 34 1 7 95 4 83 81 8 75 12 2 14 0 0 0 85 0 0 33 26 0 14 64 28 44 99 0 100 41 73 13 0 0 0 83 75 0 51 
39 100 0 18 0 11 0 0 100 88 66 15 26 26 0 0 53 85 0 54 41 0 26 0 8 100 0 69 70 71 1 80 51 76 0 32 0 0 0 52 10 77 67 0 25 0 0 63 0 12 75 44 0 70 0 68 100 6 14 11 28 37 8 0 0 0 85 86 0 40 34 1 0 0 2 41 85 0 0 0 15 22 92 100 0 0 94 95 0 1 95 22 70 55 0 12 60 0 0 31 
0 66 6 65 0 82 0 0 76 53 45 71 86 66 50 4 0 0 98 0 27 16 0 0 88 51 61 10 90 87 0 79 0 85 0 89 41 0 0 29 0 0 0 22 0 72 0 26 76 29 22 42 7 61 0 27 28 0 0 0 20 0 0 62 10 0 18 0 0 0 22 0 26 24 63 23 0 0 0 52 0 0 0 50 0 19 66 3 65 0 1 8 81 0 13 31 0 4 0 0 
4 29 97 68 38 0 48 95 21 66 0 8 0 10 90 0 93 20 0 25 0 0 71 0 14 76 0 48 25 52 0 8 0 0 0 0 58 60 0 0 58 47 0 78 91 0 12 0 0 80 0 28 95 0 86 0 84 5 0 41 50 80 80 15 91 25 0 0 54 0 37 2 36 56 0 42 0 0 52 0 100 0 0 0 100 0 0 0 0 26 22 0 0 0 84 76 0 22 17 77 
0 54 0 50 98 35 31 0 0 100 2 13 0 0 0 91 0 0 71 27 0 0 26 0 92 0 72 49 0 7 0 58 11 0 78 36 2 74 0 63 0 88 8 0 0 64 0 11 15 0 0 0 37 92 4 0 0 65 81 100 0 56 0 4 0 0 0 0 0 0 36 0 0 7 0 1 33 15 0 100 0 28 75 94 0 0 74 82 69 9 39 71 0 1 75 29 0 0 0 0 
100 79 0 0 39 0 6 0 74 0 45 13 2 49 75 3 0 39 12 18 26 1 0 28 0 27 0 34 75 49 70 0 99 0 0 21 95 99 37 0 67 0 0 11 57 72 3 0 40 0 60 0 9 30 79 0 12 0 3 2 22 7 18 0 60 0 39 0 0 0 67 0 89 76 31 64 26 22 0 0 28 0 21 54 0 96 61 7 70 77 28 87 50 67 22 26 32 73 33 0 
0 0 62 0 0 28 0 29 0 17 0 0 73 29 94 46 0 60 49 24 39 0 11 44 53 14 0 0 0 18 52 0 63 55 77 56 0 27 7 0 0 26 53 0 22 0 91 0 21 16 93 0 52 2 12 25 90 40 94 0 81 0 68 7 89 17 47 22 48 53 29 25 0 37 0 0 0 92 0 0 75 21 0 1 56 0 65 22 79 0 0 0 18 23 41 35 49 0 0 97 
45 69 0 0 0 26 68 0 0 19 48 13 6 10 40 56 34 83 19 99 56 0 59 0 0 15 64 1 0 52 66 0 29 69 98 0 0 0 64 83 0 0 90 89 9 46 93 0 0 0 8 0 55 0 99 33 35 0 77 92 33 0 0 0 95 5 0 29 41 75 0 0 65 10 0 0 14 100 50 0 94 54 1 0 21 74 65 100 88 73 14 0 2 0 0 86 51 18 0 0 
83 48 86 31 7 45 0 36 55 8 73 89 7 0 34 94 33 0 62 58 0 37 65 0 65 0 26 43 0 89 0 0 0 22 100 0 0 59 36 27 67 57 80 63 0 5 11 33 25 8 0 12 0 4 0 2 76 95 65 0 3 77 0 28 85 75 23 0 31 0 0 0 6 78 90 46 64 0 0 100 0 0 56 21 0 0 0 42 0 87 32 24 98 32 0 99 33 77 0 14 
63 0 0 0 98 12 98 27 10 40 0 0 0 0 29 0 0 21 19 0 36 0 19 33 96 42 0 0 0 50 0 0 19 76 10 73 86 62 0 74 81 0 80 7 71 76 0 0 16 0 0 0 2 0 0 0 88 25 0 0 0 0 6 52 21 85 52 96 8 41 39 0 47 50 43 0 28 0 19 0 0 96 0 74 0 0 0 0 96 31 0 85 0 0 8 31 99 40 0 0 
40 50 0 80 0 0 79 74 19 41 89 0 84 56 8 70 0 51 79 2 0 44 15 62 55 73 46 0 0 29 71 66 0 28 32 37 65 23 62 73 55 67 0 34 0 4 0 86 0 0 0 8 52 31 14 23 75 0 54 0 0 35 93 18 73 0 0 0 0 12 0 0 0 0 0 72 44 94 66 0 74 61 65 65 0 0 0 20 90 12 30 95 0 0 53 40 0 81 6 85 
0 59 9 55 89 11 15 22 11 0 0 0 86 17 93 0 71 96 30 63 4 0 74 4 69 57 75 0 0 81 0 0 75 0 3 0 0 59 19 0 45 8 0 60 0 29 8 0 13 28 0 21 8 5 0 72 16 0 73 0 60 98 2 25 22 0 60 92 85 0 89 88 40 33 27 0 99 95 3 0 82 7 22 100 42 0 20 0 35 5 0 33 0 33 88 65 0 92 22 93 
87 93 41 95 0 46 11 0 0 100 16 79 50 0 69 0 26 39 0 0 0 40 77 87 48 35 81 91 73 0 0 0 25 0 0 98 13 0 0 76 94 0 0 0 34 0 0 76 46 40 0 50 0 0 64 0 0 41 8 0 95 0 42 0 44 96 0 0 0 0 0 49 0 0 39 62 0 0 65 0 69 70 79 88 0 96 90 35 0 10 0 36 0 0 37 0 51 0 0 94 
0 69 0 0 84 72 0 6 100 92 0 0 99 0 27 0 0 23 1 61 48 91 2 0 38 13 0 94 74 39 46 0 19 0 22 91 92 47 61 0 0 57 6 86 36 62 14 58 0 8 0 0 56 9 0 0 98 70 0 48 18 34 23 0 0 44 0 48 97 13 0 60 0 38 71 90 100 1 0 26 9 77 0 73 87 31 12 5 10 0 0 40 68 0 0 0 0 63 25 6 
0 0 0 36 13 18 0 45 49 50 0 44 49 95 0 0 68 65 63 42 26 0 80 0 66 77 0 0 95 37 54 84 69 72 46 32 0 55 0 35 75 0 98 0 8 51 75 25 67 99 30 0 0 28 0 3 0 42 58 32 0 0 0 0 76 0 0 11 0 38 38 59 0 45 78 89 41 95 1 22 39 28 0 14 32 0 30 0 0 0 0 0 9 0 8 8 30 67 0 0 
0 54 97 88 50 0 0 0 88 58 4 41 0 81 70 45 90 86 0 0 30 0 0 13 0 0 94 50 68 0 0 91 30 19 0 27 14 34 4 11 90 0 0 48 41 43 40 100 0 83 0 19 9 63 0 0 44 16 18 6 91 0 49 0 18 55 23 37 91 0 0 84 0 45 54 0 73 22 8 0 71 87 0 0 24 85 95 33 36 40 0 0 0 0 36 57 1 45 51 7 
0 45 0 57 66 22 52 0 94 60 74 33 0 0 0 0 93 53 26 41 16 0 55 80 59 80 0 90 0 14 36 0 43 43 0 72 54 0 0 0 43 5 57 84 0 0 0 53 15 36 92 0 75 87 0 0 6 100 0 0 0 83 67 0 0 5 69 0 0 46 41 62 11 41 0 17 13 70 81 0 0 50 18 2 98 0 0 0 0 68 9 0 0 0 30 49 6 32 51 88 
51 0 0 0 57 0 0 95 0 55 0 78 7 0 46 44 0 0 69 0 56 26 48 0 39 0 68 0 0 51 33 54 42 37 67 0 0 0 94 63 97 0 35 50 0 77 72 34 11 0 14 78 0 0 0 0 0 0 1 8 0 100 25 0 60 0 48 0 0 96 0 0 35 64 0 37 0 55 0 0 1 67 23 0 32 0 0 33 0 0 0 0 0 0 57 58 5 85 0 0 
5 32 36 11 0 0 79 90 74 0 81 15 0 67 90 0 0 41 78 64 0 17 0 89 39 0 85 5 33 57 94 0 97 61 0 80 1 0 62 0 27 0 98 69 80 0 0 23 0 51 11 21 29 49 30 0 12 0 4 0 61 0 0 9 56 68 79 0 2 40 65 89 74 32 26 0 0 0 13 84 75 22 41 0 0 8 53 88 37 0 8 36 30 57 0 28 40 0 2 56 
0 22 0 57 38 98 60 0 0 0 0 0 0 70 0 51 43 44 0 6 0 69 1 0 0 0 0 45 41 68 55 0 78 52 7 0 100 38 34 9 74 0 0 3 0 11 9 0 67 78 20 14 0 0 35 0 0 0 0 0 25 71 0 41 22 65 55 72 0 11 67 0 89 96 0 66 0 12 31 76 29 26 35 86 99 31 40 65 0 0 8 57 49 58 28 0 13 0 70 23 
0 0 23 0 0 0 36 0 0 37 81 39 59 1 64 23 48 0 0 88 75 49 37 14 0 7 95 24 0 39 0 0 0 55 0 0 0 20 21 0 32 0 56 4 0 2 93 97 27 0 0 92 5 0 0 0 73 62 0 0 15 44 10 69 10 61 71 0 0 36 85 0 0 28 0 26 83 60 0 0 0 32 49 51 33 99 0 0 51 0 30 1 6 5 40 13 0 3 0 67 
0 78 0 99 0 20 54 13 67 40 44 44 0 13 0 93 37 85 86 8 4 18 0 22 78 25 43 0 56 36 0 14 0 0 26 0 0 38 83 2 27 82 79 32 53 0 15 67 77 0 0 21 35 13 0 45 0 87 63 30 28 91 81 45 0 35 52 0 0 0 99 0 38 41 44 75 75 0 4 22 0 73 0 18 77 40 81 92 0 63 67 45 32 85 0 0 3 0 0 0 
48 0 0 0 12 44 20 17 0 8 52 58 75 17 76 69 0 44 0 0 65 0 25 0 0 0 24 0 48 0 67 77 0 0 55 65 15 60 0 79 0 0 0 31 0 0 93 82 67 92 24 0 0 0 36 87 67 35 20 0 46 15 73 0 70 64 18 78 6 12 0 0 60 0 49 0 0 0 0 17 0 33 0 0 0 0 6 22 0 25 0 51 51 0 2 70 0 0 0 74 
68 16 21 85 8 46 68 81 0 90 54 32 43 55 13 67 26 34 56 14 86 0 67 96 0 20 0 0 58 0 89 33 80 35 74 0 26 0 31 75 98 0 2 3 31 100 74 13 0 0 0 0 94 9 0 0 56 20 96 87 97 0 9 11 67 6 26 28 0 0 0 73 34 0 3 0 51 31 0 77 0 0 97 0 14 0 85 93 94 6 0 7 88 0 56 23 67 0 74 0 
