0 0 0 0 0 0 0 0 0 0 0 0 0 0 0 0 50 0 35 0 93 0 0 0 97 0 0 0 0 0 0 12 0 82 0 0 0 0 0 0 0 0 0 0 0 0 0 60 0 0 0 0 0 0 3 0 0 0 0 0 0 0 0 0 0 0 0 0 0 0 0 0 0 24 0 0 0 0 0 0 0 0 12 62 100 0 20 0 0 0 0 0 0 0 0 0 0 0 0 0 
0 0 0 0 0 0 0 31 0 0 0 51 0 0 0 0 0 0 0 0 0 0 0 20 0 0 0 0 0 0 0 0 0 0 0 0 0 0 41 0 0 0 0 0 0 0 0 87 0 0 0 0 0 0 0 72 0 0 0 0 0 0 0 9 0 44 39 0 0 0 0 0 0 0 0 49 14 0 0 0 0 0 0 0 96 0 0 0 0 85 0 0 30 0 0 0 0 0 0 38 
0 0 0 0 0 0 0 0 0 0 0 0 0 0 0 72 0 0 0 0 0 0 0 0 0 0 0 0 0 0 0 0 0 0 0 0 0 70 0 0 0 0 0 0 0 0 0 0 0 0 0 0 87 0 0 0 7 94 0 0 0 0 0 0 0 0 0 0 83 0 0 0 0 9 0 0 0 0 17 0 0 85 0 0 0 0 0 0 0 0 96 0 90 0 0 44 91 50 0 0 
0 0 0 0 0 0 0 0 0 0 0 0 0 0 34 0 0 0 0 0 0 0 0 0 0 0 99 34 0 0 0 0 0 0 64 0 0 0 0 0 0 0 0 0 46 0 0 0 0 0 0 0 0 0 0 0 0 0 0 0 0 0 0 0 0 0 26 0 0 0 11 0 0 0 0 0 5 48 0 0 0 0 89 0 0 0 85 0 0 0 0 0 0 0 0 0 0 0 0 0 
0 0 0 0 0 71 92 0 0 0 0 0 0 0 0 0 0 0 0 87 0 0 0 0 0 0 0 0 76 0 0 0 0 0 0 0 0 0 0 65 0 0 0 0 0 0 0 0 0 0 0 0 0 0 0 0 0 72 100 51 0 0 0 0 0 0 30 94 0 0 0 0 0 0 0 0 0 0 0 0 49 0 0 0 0 0 67 0 0 0 0 0 37 0 0 29 0 84 0 0 
0 0 0 0 71 0 72 0 84 0 0 0 0 0 0 53 0 0 0 0 0 0 0 0 0 0 0 0 0 0 43 0 0 1 0 0 0 0 0 0 86 0 53 0 0 0 0 0 0 0 0 0 0 0 0 0 0 0 61 0 19 0 0 0 0 0 0 0 0 0 0 0 0 0 91 0 0 0 0 0 0 0 0 0 0 43 0 0 0 0 0 0 0 0 0 0 0 0 0 0 
0 0 0 0 92 72 0 0 0 0 0 0 0 0 0 0 96 0 81 0 0 0 0 0 0 0 0 0 0 0 0 0 0 32 0 0 0 0 0 0 0 0 0 14 0 0 0 0 0 86 0 0 0 0 23 0 20 0 0 0 0 51 0 0 0 0 0 0 0 0 0 0 63 0 0 0 0 0 0 0 0 16 0 0 0 63 0 93 0 0 0 0 0 56 0 0 0 0 0 0 
0 31 0 0 0 0 0 0 0 0 0 0 0 0 0 0 0 0 59 0 0 0 0 0 0 38 0 0 0 0 0 0 0 0 0 0 0 0 0 0 0 0 0 0 55 0 24 0 0 0 0 0 53 0 0 0 39 0 0 0 96 0 63 0 0 0 0 0 0 0 0 0 0 0 0 0 77 0 0 24 0 0 0 0 0 0 57 0 0 0 0 0 0 0 0 0 0 0 0 0 
0 0 0 0 0 84 0 0 0 0 0 0 0 0 0 0 0 0 0 0 0 50 0 0 48 0 0 0 0 0 0 0 0 18 0 0 72 0 0 0 0 0 0 0 0 64 0 0 0 0 0 0 0 0 0 91 0 0 0 0 0 0 0 0 0 0 0 0 0 0 9 0 0 67 0 0 0 0 0 0 0 0 0 0 77 0 0 0 0 94 81 0 25 69 0 0 0 0 0 0 
0 0 0 0 0 0 0 0 0 0 0 0 0 90 0 0 0 0 0 0 0 50 0 0 34 15 0 0 0 69 0 85 0 61 0 0 0 0 0 0 100 66 0 0 0 0 0 0 0 0 0 0 73 47 0 0 0 0 0 0 0 95 0 0 0 0 0 0 0 0 0 0 0 0 0 0 0 99 0 0 0 0 0 0 0 0 0 0 0 0 32 0 0 0 0 0 0 0 0 0 
0 0 0 0 0 0 0 0 0 0 0 0 0 0 82 0 0 12 0 0 0 0 0 0 0 0 0 0 0 0 0 45 0 0 0 0 0 47 25 0 0 0 0 0 0 0 0 27 0 0 0 0 0 0 0 0 0 0 10 0 0 0 0 0 41 0 37 0 0 0 0 0 0 0 0 82 0 81 0 0 0 0 0 0 0 0 65 0 0 0 37 0 0 0 0 0 58 84 0 0 
0 51 0 0 0 0 0 0 0 0 0 0 0 0 64 0 0 0 0 0 0 0 0 0 0 0 0 0 0 35 0 0 0 0 0 71 0 29 0 0 0 0 0 0 0 0 0 0 0 0 0 0 0 0 1 19 93 0 0 0 0 75 34 0 0 0 0 0 0 0 0 0 0 0 0 0 0 0 0 0 41 0 11 0 0 0 0 0 0 33 0 7 0 0 68 0 0 0 0 0 
0 0 0 0 0 0 0 0 0 0 0 0 0 0 0 0 80 0 0 0 0 0 0 0 72 0 0 0 0 0 0 0 0 67 0 0 25 0 0 0 0 53 0 0 0 0 9 0 0 0 0 0 0 0 0 59 0 0 0 69 0 0 0 0 0 0 0 0 97 0 0 59 0 0 0 0 0 0 0 78 0 0 0 0 0 0 0 0 0 0 42 47 0 0 0 0 2 22 0 0 
0 0 0 0 0 0 0 0 0 90 0 0 0 0 0 0 0 0 0 0 0 0 0 40 0 0 0 0 0 0 0 0 0 0 2 67 0 89 0 0 0 27 3 0 0 0 0 0 0 0 78 0 0 0 0 0 27 0 29 0 0 0 0 0 88 0 0 0 0 0 0 0 0 0 88 0 0 75 0 0 0 0 0 0 55 7 0 0 0 0 0 0 0 0 0 0 0 0 0 0 
0 0 0 34 0 0 0 0 0 0 82 64 0 0 0 0 0 0 0 0 0 91 0 0 0 0 0 27 0 0 0 0 0 0 0 0 0 0 0 0 0 0 0 0 14 0 0 0 0 0 0 0 0 0 0 0 0 0 1 0 0 0 0 75 0 0 0 0 0 0 0 0 0 0 0 0 0 0 0 0 0 0 0 0 0 0 0 0 63 0 0 0 0 60 0 34 0 0 0 55 
0 0 72 0 0 53 0 0 0 0 0 0 0 0 0 0 0 0 47 0 96 0 0 0 0 0 0 35 0 0 0 37 24 0 0 0 0 0 0 0 0 0 0 78 0 50 0 0 0 0 1 0 0 0 0 0 0 0 0 0 0 37 9 45 0 0 0 0 0 70 0 0 0 0 0 12 0 0 0 0 0 0 0 0 0 0 0 0 0 0 0 0 0 0 0 0 0 0 0 0 
50 0 0 0 0 0 96 0 0 0 0 0 80 0 0 0 0 0 0 0 0 0 0 0 0 0 0 78 0 0 0 0 93 0 0 12 0 0 0 0 0 0 0 0 0 41 0 0 0 0 0 0 0 80 62 0 0 0 0 0 0 0 0 0 0 0 0 0 0 0 0 79 0 0 0 0 0 69 0 0 27 0 0 0 0 29 0 0 0 0 0 0 0 0 12 0 0 0 0 0 
0 0 0 0 0 0 0 0 0 0 12 0 0 0 0 0 0 0 0 0 0 0 0 0 0 57 0 0 22 0 0 0 0 0 0 0 0 0 0 0 0 0 0 67 1 0 0 0 16 0 0 0 0 34 52 0 0 39 0 0 0 0 0 0 0 0 0 0 0 59 0 0 84 0 0 58 0 0 0 0 0 0 0 0 0 0 0 0 0 72 0 92 0 0 0 0 0 0 0 36 
35 0 0 0 0 0 81 59 0 0 0 0 0 0 0 47 0 0 0 0 0 0 0 0 0 26 0 0 0 0 73 0 0 0 39 0 0 0 0 0 0 0 0 0 0 0 72 0 0 0 0 0 0 0 0 0 0 0 0 0 0 0 0 0 0 0 0 0 0 0 81 0 0 0 0 0 0 0 0 0 0 0 0 0 0 0 0 0 0 0 0 0 99 0 0 0 63 0 0 0 
0 0 0 0 87 0 0 0 0 0 0 0 0 0 0 0 0 0 0 0 0 0 46 0 0 0 0 0 0 0 0 0 0 0 0 0 0 0 0 0 30 0 0 86 0 0 21 27 0 0 0 0 0 0 0 0 0 0 0 0 0 0 0 0 0 0 56 0 0 35 87 0 0 0 0 0 9 0 0 26 0 0 0 0 0 0 0 0 0 0 0 0 0 0 0 0 0 0 0 0 
93 0 0 0 0 0 0 0 0 0 0 0 0 0 0 96 0 0 0 0 0 0 0 0 0 0 0 0 48 0 67 0 0 0 0 0 0 0 0 0 0 0 0 0 0 0 0 0 0 15 0 0 0 0 0 0 0 0 0 0 0 26 0 0 0 78 0 0 67 0 0 0 0 66 0 0 0 0 0 0 0 0 0 64 0 0 0 0 0 80 65 0 0 0 0 51 0 0 5 0 
0 0 0 0 0 0 0 0 50 50 0 0 0 0 91 0 0 0 0 0 0 0 0 0 37 0 0 87 0 0 0 0 0 0 0 0 0 0 0 0 0 0 0 0 0 0 0 0 0 0 0 9 0 54 0 0 0 0 0 0 0 0 11 0 0 34 0 0 0 33 0 51 0 0 0 84 0 0 0 0 87 0 89 0 0 0 0 0 0 0 0 0 0 0 0 46 0 0 0 0 
0 0 0 0 0 0 0 0 0 0 0 0 0 0 0 0 0 0 0 46 0 0 0 0 98 0 0 0 0 0 0 0 0 0 43 0 0 0 0 0 0 0 0 0 8 0 0 0 63 0 0 0 0 0 0 0 0 78 0 0 24 20 0 0 0 0 0 25 0 0 0 0 0 0 0 22 0 0 0 0 0 0 0 0 0 0 0 0 0 78 0 30 0 0 0 0 0 0 0 0 
0 20 0 0 0 0 0 0 0 0 0 0 0 40 0 0 0 0 0 0 0 0 0 0 0 0 0 0 0 14 0 0 0 0 0 0 0 0 0 0 0 0 0 0 0 0 0 0 0 36 0 0 0 0 0 0 0 0 0 0 0 0 0 0 0 0 0 0 0 0 0 0 0 40 23 0 0 0 0 0 0 0 30 0 0 0 59 0 0 0 0 0 0 0 0 0 0 0 0 0 
97 0 0 0 0 0 0 0 48 34 0 0 72 0 0 0 0 0 0 0 0 37 98 0 0 0 0 0 0 0 0 0 0 0 0 0 0 0 0 0 0 0 0 0 0 0 0 0 17 0 0 0 0 0 0 48 0 91 0 86 0 14 0 0 0 0 0 0 0 0 0 0 0 43 0 47 0 0 0 0 0 0 0 0 0 0 0 0 96 0 0 0 0 0 0 0 0 0 0 0 
0 0 0 0 0 0 0 38 0 15 0 0 0 0 0 0 0 57 26 0 0 0 0 0 0 0 0 0 0 0 0 58 0 0 5 0 0 19 0 0 0 0 0 0 0 0 0 0 0 0 0 0 58 0 0 0 0 0 0 0 0 0 0 14 0 0 0 0 0 0 0 86 0 0 0 52 0 0 0 0 0 0 0 0 95 0 0 0 0 0 0 0 0 31 0 0 0 0 94 0 
0 0 0 99 0 0 0 0 0 0 0 0 0 0 0 0 0 0 0 0 0 0 0 0 0 0 0 0 0 0 0 0 74 0 0 0 76 55 0 0 0 88 0 0 0 0 0 0 0 0 0 0 0 0 0 0 0 0 3 0 0 36 0 0 0 15 0 0 0 0 0 0 0 0 0 0 0 0 0 0 0 12 0 0 0 0 0 0 0 0 0 0 0 0 0 0 0 0 0 0 
0 0 0 34 0 0 0 0 0 0 0 0 0 0 27 35 78 0 0 0 0 87 0 0 0 0 0 0 0 86 0 0 0 0 0 0 0 0 0 0 0 0 0 0 0 64 0 0 0 0 0 0 0 0 0 0 0 0 0 0 0 0 0 0 0 0 0 0 0 0 0 0 0 0 0 0 0 0 0 0 35 0 0 25 0 0 94 0 0 0 0 0 0 0 0 0 0 0 0 0 
0 0 0 0 76 0 0 0 0 0 0 0 0 0 0 0 0 22 0 0 48 0 0 0 0 0 0 0 0 0 97 0 0 0 0 0 0 0 0 0 0 0 0 0 0 0 50 21 0 0 0 0 0 0 0 0 0 0 0 0 0 0 0 0 0 8 89 0 0 0 47 7 0 0 0 0 0 0 0 86 0 0 0 0 0 0 56 0 0 0 99 47 0 0 0 0 0 31 0 0 
0 0 0 0 0 0 0 0 0 69 0 35 0 0 0 0 0 0 0 0 0 0 0 14 0 0 0 86 0 0 0 0 0 0 40 0 4 0 0 0 65 0 0 62 0 0 0 0 0 0 0 47 0 0 0 0 0 0 0 18 0 0 0 0 0 0 0 100 0 0 0 0 31 0 0 0 83 0 20 0 0 0 0 0 0 0 0 0 0 0 0 0 0 34 0 0 0 0 0 0 
0 0 0 0 0 43 0 0 0 0 0 0 0 0 0 0 0 0 73 0 67 0 0 0 0 0 0 0 97 0 0 0 0 0 0 0 0 0 0 0 0 0 39 0 0 0 26 0 64 0 0 0 23 0 0 0 0 0 0 0 0 29 0 0 74 91 0 0 0 0 0 0 0 0 0 0 0 36 0 0 0 0 0 0 0 0 0 0 0 0 0 0 0 0 17 0 0 0 0 0 
12 0 0 0 0 0 0 0 0 85 45 0 0 0 0 37 0 0 0 0 0 0 0 0 0 58 0 0 0 0 0 0 0 0 0 0 73 0 0 0 0 0 0 0 0 0 19 0 0 0 0 0 0 0 0 0 76 93 0 0 39 0 0 0 0 0 0 0 0 0 54 0 0 0 0 0 0 0 0 0 0 0 0 87 0 0 0 86 0 0 0 0 0 0 0 0 16 0 0 62 
0 0 0 0 0 0 0 0 0 0 0 0 0 0 0 24 93 0 0 0 0 0 0 0 0 0 74 0 0 0 0 0 0 21 0 0 0 0 0 0 0 0 0 0 0 0 0 0 4 27 0 98 0 0 0 0 0 0 0 0 0 0 0 0 98 0 0 0 0 0 0 0 0 0 0 0 0 0 0 0 0 0 55 0 0 0 0 0 0 0 0 66 0 0 0 0 0 0 0 0 
82 0 0 0 0 1 32 0 18 61 0 0 67 0 0 0 0 0 0 0 0 0 0 0 0 0 0 0 0 0 0 0 21 0 0 0 0 0 0 28 0 0 0 0 68 0 0 0 0 0 91 0 0 0 0 46 0 0 0 0 0 2 0 0 1 0 0 0 0 30 0 0 0 0 0 0 0 0 0 0 0 0 0 0 0 0 0 0 0 0 0 40 0 0 0 0 0 0 0 0 
0 0 0 64 0 0 0 0 0 0 0 0 0 2 0 0 0 0 39 0 0 0 43 0 0 5 0 0 0 40 0 0 0 0 0 0 0 0 80 51 0 0 0 0 0 0 0 0 0 0 0 0 0 0 0 85 0 0 0 0 0 0 0 0 0 0 0 0 0 0 0 0 0 0 0 0 0 0 0 0 0 0 0 0 92 0 0 0 0 0 0 0 0 0 8 0 41 43 76 0 
0 0 0 0 0 0 0 0 0 0 0 71 0 67 0 0 12 0 0 0 0 0 0 0 0 0 0 0 0 0 0 0 0 0 0 0 62 0 0 0 0 0 0 0 0 0 0 0 0 0 0 0 0 0 0 0 0 0 0 20 0 0 0 32 0 0 0 0 0 0 88 0 0 0 0 0 0 0 0 0 0 0 0 32 0 0 0 0 0 0 0 0 0 0 0 0 0 0 0 0 
0 0 0 0 0 0 0 0 72 0 0 0 25 0 0 0 0 0 0 0 0 0 0 0 0 0 76 0 0 4 0 73 0 0 0 62 0 0 25 0 0 61 0 0 0 0 0 0 63 0 0 0 0 0 0 0 0 0 0 0 0 0 63 0 0 0 91 0 100 0 0 0 0 0 0 90 0 0 0 0 0 0 0 0 0 0 0 50 0 0 0 6 0 0 0 0 0 0 0 0 
0 0 70 0 0 0 0 0 0 0 47 29 0 89 0 0 0 0 0 0 0 0 0 0 0 19 55 0 0 0 0 0 0 0 0 0 0 0 0 0 0 0 0 0 13 46 0 0 0 0 0 88 25 0 0 0 0 52 0 0 0 0 0 0 0 0 0 24 0 0 0 0 0 0 0 0 0 56 0 0 0 0 0 0 0 0 0 0 0 0 0 0 14 0 0 30 0 0 0 0 
0 41 0 0 0 0 0 0 0 0 25 0 0 0 0 0 0 0 0 0 0 0 0 0 0 0 0 0 0 0 0 0 0 0 80 0 25 0 0 0 0 0 0 0 0 0 0 0 49 0 0 0 0 78 0 0 0 67 0 0 0 0 0 0 0 0 0 0 0 0 0 0 89 0 27 0 0 10 0 0 0 0 0 69 0 0 0 0 0 0 0 0 0 0 0 0 0 16 72 0 
0 0 0 0 65 0 0 0 0 0 0 0 0 0 0 0 0 0 0 0 0 0 0 0 0 0 0 0 0 0 0 0 0 28 51 0 0 0 0 0 0 0 0 37 41 0 0 0 0 0 0 0 0 0 0 0 27 0 0 0 0 0 0 0 0 1 0 0 0 0 0 0 0 0 0 0 0 20 99 26 22 0 0 0 0 0 0 0 0 0 0 0 0 0 25 80 0 0 0 0 
0 0 0 0 0 86 0 0 0 100 0 0 0 0 0 0 0 0 0 30 0 0 0 0 0 0 0 0 0 65 0 0 0 0 0 0 0 0 0 0 0 0 0 0 0 0 0 0 0 0 0 0 0 14 0 0 0 0 0 0 0 0 0 0 0 6 0 0 0 53 55 0 0 0 0 3 0 0 0 0 0 0 0 0 0 0 0 89 0 35 0 0 0 0 70 0 0 0 74 0 
0 0 0 0 0 0 0 0 0 66 0 0 53 27 0 0 0 0 0 0 0 0 0 0 0 0 88 0 0 0 0 0 0 0 0 0 61 0 0 0 0 0 0 0 0 0 0 0 0 0 0 0 0 0 41 0 0 0 0 0 0 0 0 0 0 0 0 0 51 0 0 0 0 0 0 0 0 0 0 0 0 0 0 0 0 0 63 0 0 0 0 0 0 0 0 0 0 0 0 0 
0 0 0 0 0 53 0 0 0 0 0 0 0 3 0 0 0 0 0 0 0 0 0 0 0 0 0 0 0 0 39 0 0 0 0 0 0 0 0 0 0 0 0 0 0 0 0 0 53 0 0 0 0 0 0 0 84 0 0 0 0 0 0 0 44 0 0 0 0 0 0 0 0 0 0 0 0 0 0 82 0 0 33 95 0 0 26 0 0 70 0 0 0 5 59 0 15 0 0 12 
0 0 0 0 0 0 14 0 0 0 0 0 0 0 0 78 0 67 0 86 0 0 0 0 0 0 0 0 0 62 0 0 0 0 0 0 0 0 0 37 0 0 0 0 0 0 0 0 0 0 49 35 0 0 0 0 0 0 64 0 0 0 0 0 0 0 0 0 0 0 0 0 0 20 23 0 0 12 0 0 0 0 0 0 0 0 0 0 0 0 0 0 18 0 0 0 0 19 39 0 
0 0 0 46 0 0 0 55 0 0 0 0 0 0 14 0 0 1 0 0 0 0 8 0 0 0 0 0 0 0 0 0 0 68 0 0 0 13 0 41 0 0 0 0 0 0 0 30 0 0 0 0 0 0 0 0 84 0 22 0 0 0 0 0 0 0 0 0 0 0 0 0 0 19 30 38 0 0 50 0 0 0 0 0 0 0 0 0 0 0 0 0 0 0 0 0 0 0 0 0 
0 0 0 0 0 0 0 0 64 0 0 0 0 0 0 50 41 0 0 0 0 0 0 0 0 0 0 64 0 0 0 0 0 0 0 0 0 46 0 0 0 0 0 0 0 0 6 0 0 0 0 0 0 0 66 0 0 0 0 0 0 62 0 0 0 0 0 0 0 0 0 0 0 0 0 0 0 66 0 0 0 0 0 0 42 0 0 0 0 72 0 0 0 0 88 0 0 0 54 0 
0 0 0 0 0 0 0 24 0 0 0 0 9 0 0 0 0 0 72 21 0 0 0 0 0 0 0 0 50 0 26 19 0 0 0 0 0 0 0 0 0 0 0 0 0 6 0 0 0 50 0 0 0 0 0 0 0 0 0 0 94 0 0 0 0 0 0 0 0 0 0 37 0 0 0 0 0 0 0 0 0 0 0 0 0 0 0 0 27 48 0 0 0 0 0 0 0 88 0 4 
60 87 0 0 0 0 0 0 0 0 27 0 0 0 0 0 0 0 0 27 0 0 0 0 0 0 0 0 21 0 0 0 0 0 0 0 0 0 0 0 0 0 0 0 30 0 0 0 0 0 0 0 10 0 48 0 0 0 0 0 0 0 0 0 0 0 0 0 0 0 0 0 0 0 15 0 0 0 0 0 0 0 0 97 0 0 0 0 0 0 19 0 0 0 0 21 0 0 0 1 
0 0 0 0 0 0 0 0 0 0 0 0 0 0 0 0 0 16 0 0 0 0 63 0 17 0 0 0 0 0 64 0 4 0 0 0 63 0 49 0 0 0 53 0 0 0 0 0 0 0 0 0 0 0 0 0 0 0 22 76 0 0 0 0 0 0 0 0 0 0 0 0 13 0 0 0 0 0 0 0 0 0 0 0 0 0 0 0 28 0 0 0 0 0 0 54 0 67 32 0 
0 0 0 0 0 0 86 0 0 0 0 0 0 0 0 0 0 0 0 0 15 0 0 36 0 0 0 0 0 0 0 0 27 0 0 0 0 0 0 0 0 0 0 0 0 0 50 0 0 0 69 0 0 0 0 55 0 0 0 0 0 0 52 0 0 15 0 0 0 0 0 37 0 0 0 0 84 0 0 75 0 0 0 0 0 0 0 35 0 0 0 0 0 0 0 0 0 0 0 0 
0 0 0 0 0 0 0 0 0 0 0 0 0 78 0 1 0 0 0 0 0 0 0 0 0 0 0 0 0 0 0 0 0 91 0 0 0 0 0 0 0 0 0 49 0 0 0 0 0 69 0 0 10 0 82 0 0 0 0 0 0 0 56 0 31 0 54 96 0 0 0 0 0 0 0 0 0 0 0 41 0 99 0 0 0 21 0 0 85 0 0 0 0 0 0 0 0 0 0 0 
0 0 0 0 0 0 0 0 0 0 0 0 0 0 0 0 0 0 0 0 0 9 0 0 0 0 0 0 0 47 0 0 98 0 0 0 0 88 0 0 0 0 0 35 0 0 0 0 0 0 0 0 26 0 0 0 0 0 0 0 0 0 0 0 0 0 0 87 0 0 0 0 54 0 0 0 24 0 0 0 0 0 0 60 0 0 0 0 0 0 0 0 97 55 97 0 0 0 0 0 
0 0 87 0 0 0 0 53 0 73 0 0 0 0 0 0 0 0 0 0 0 0 0 0 0 58 0 0 0 0 23 0 0 0 0 0 0 25 0 0 0 0 0 0 0 0 0 10 0 0 10 26 0 0 0 0 0 0 0 0 0 0 0 0 0 0 63 0 0 40 0 0 0 0 0 0 31 0 0 0 42 0 0 0 0 0 0 0 0 0 0 0 0 0 0 0 0 0 0 47 
0 0 0 0 0 0 0 0 0 47 0 0 0 0 0 0 80 34 0 0 0 54 0 0 0 0 0 0 0 0 0 0 0 0 0 0 0 0 78 0 14 0 0 0 0 0 0 0 0 0 0 0 0 0 59 0 0 0 0 0 0 0 0 0 46 0 0 12 0 0 0 0 0 0 68 0 0 0 0 0 0 0 0 0 0 0 0 24 0 0 0 0 0 0 76 0 0 0 45 0 
3 0 0 0 0 0 23 0 0 0 0 1 0 0 0 0 62 52 0 0 0 0 0 0 0 0 0 0 0 0 0 0 0 0 0 0 0 0 0 0 0 41 0 0 0 66 0 48 0 0 82 0 0 59 0 0 0 95 0 69 0 0 0 0 0 0 0 0 0 0 0 0 0 0 48 0 0 0 77 97 0 0 0 0 0 0 0 0 0 0 0 0 0 0 0 0 0 0 0 0 
0 72 0 0 0 0 0 0 91 0 0 19 59 0 0 0 0 0 0 0 0 0 0 0 48 0 0 0 0 0 0 0 0 46 85 0 0 0 0 0 0 0 0 0 0 0 0 0 0 55 0 0 0 0 0 0 0 0 0 0 0 0 0 0 10 0 0 0 0 63 0 68 42 0 0 0 0 0 0 49 0 0 51 0 0 0 0 10 0 0 0 0 0 0 0 0 0 0 0 0 
0 0 7 0 0 0 20 39 0 0 0 93 0 27 0 0 0 0 0 0 0 0 0 0 0 0 0 0 0 0 0 76 0 0 0 0 0 0 0 27 0 0 84 0 84 0 0 0 0 0 0 0 0 0 0 0 0 0 0 13 0 0 27 0 27 0 0 0 0 0 0 0 0 0 0 0 0 0 0 0 0 51 0 0 0 0 0 8 0 0 0 0 0 0 0 0 0 0 0 17 
0 0 94 0 72 0 0 0 0 0 0 0 0 0 0 0 0 39 0 0 0 0 78 0 91 0 0 0 0 0 0 93 0 0 0 0 0 52 67 0 0 0 0 0 0 0 0 0 0 0 0 0 0 0 95 0 0 0 0 0 0 21 0 0 0 63 0 0 0 0 0 0 0 14 0 0 0 0 0 0 0 0 18 0 6 0 0 0 0 0 0 0 0 0 48 0 0 0 0 0 
0 0 0 0 100 61 0 0 0 0 10 0 0 29 1 0 0 0 0 0 0 0 0 0 0 0 3 0 0 0 0 0 0 0 0 0 0 0 0 0 0 0 0 64 22 0 0 0 22 0 0 0 0 0 0 0 0 0 0 63 85 0 0 0 0 0 92 0 0 0 0 0 0 0 0 0 0 0 0 0 0 0 0 0 0 0 0 0 0 0 61 0 0 0 0 64 0 50 0 0 
0 0 0 0 51 0 0 0 0 0 0 0 69 0 0 0 0 0 0 0 0 0 0 0 86 0 0 0 0 18 0 0 0 0 0 20 0 0 0 0 0 0 0 0 0 0 0 0 76 0 0 0 0 0 69 0 13 0 63 0 76 0 0 89 0 0 0 0 0 55 0 0 0 0 0 0 99 0 0 0 0 0 0 0 34 0 0 0 0 29 0 0 0 0 0 0 0 0 0 0 
0 0 0 0 0 19 0 96 0 0 0 0 0 0 0 0 0 0 0 0 0 0 24 0 0 0 0 0 0 0 0 39 0 0 0 0 0 0 0 0 0 0 0 0 0 0 94 0 0 0 0 0 0 0 0 0 0 0 85 76 0 0 0 0 0 0 0 0 84 0 0 0 0 0 0 0 0 0 0 0 0 0 0 0 0 0 0 0 47 0 0 17 0 0 0 0 83 0 0 0 
0 0 0 0 0 0 51 0 0 95 0 75 0 0 0 37 0 0 0 0 26 0 20 0 14 0 36 0 0 0 29 0 0 2 0 0 0 0 0 0 0 0 0 0 0 62 0 0 0 0 0 0 0 0 0 0 0 21 0 0 0 0 0 0 0 98 0 0 0 0 0 0 0 0 0 0 0 0 0 0 0 0 0 0 88 0 0 0 0 0 79 0 0 0 0 0 0 0 0 0 
0 0 0 0 0 0 0 63 0 0 0 34 0 0 0 9 0 0 0 0 0 11 0 0 0 0 0 0 0 0 0 0 0 0 0 0 63 0 0 0 0 0 0 0 0 0 0 0 0 52 56 0 0 0 0 0 27 0 0 0 0 0 0 0 0 0 0 0 0 0 0 0 0 0 0 0 0 0 34 0 0 82 0 0 0 0 0 0 9 35 0 0 0 42 0 78 0 0 0 0 
0 9 0 0 0 0 0 0 0 0 0 0 0 0 75 45 0 0 0 0 0 0 0 0 0 14 0 0 0 0 0 0 0 0 0 32 0 0 0 0 0 0 0 0 0 0 0 0 0 0 0 0 0 0 0 0 0 0 0 89 0 0 0 0 0 0 0 0 0 0 0 0 36 92 0 0 0 0 0 0 0 0 0 0 0 0 16 1 0 0 0 0 0 0 0 0 0 0 0 0 
0 0 0 0 0 0 0 0 0 0 41 0 0 88 0 0 0 0 0 0 0 0 0 0 0 0 0 0 0 0 74 0 98 1 0 0 0 0 0 0 0 0 44 0 0 0 0 0 0 0 31 0 0 46 0 10 27 0 0 0 0 0 0 0 0 0 0 0 0 0 48 0 0 0 0 0 0 0 0 0 0 0 0 0 0 38 0 0 0 0 14 0 4 0 0 0 0 17 0 0 
0 44 0 0 0 0 0 0 0 0 0 0 0 0 0 0 0 0 0 0 78 34 0 0 0 0 15 0 8 0 91 0 0 0 0 0 0 0 0 1 6 0 0 0 0 0 0 0 0 15 0 0 0 0 0 0 0 63 0 0 0 98 0 0 0 0 0 0 0 0 95 0 0 71 0 0 0 0 0 49 42 0 0 0 0 0 0 0 0 0 0 0 0 0 0 0 0 0 0 0 
0 39 0 26 30 0 0 0 0 0 37 0 0 0 0 0 0 0 0 56 0 0 0 0 0 0 0 0 89 0 0 0 0 0 0 0 91 0 0 0 0 0 0 0 0 0 0 0 0 0 54 0 63 0 0 0 0 0 92 0 0 0 0 0 0 0 0 36 0 0 0 0 0 68 0 0 0 0 0 0 0 0 0 0 0 0 0 38 88 0 77 0 0 0 0 0 0 0 0 0 
0 0 0 0 94 0 0 0 0 0 0 0 0 0 0 0 0 0 0 0 0 0 25 0 0 0 0 0 0 100 0 0 0 0 0 0 0 24 0 0 0 0 0 0 0 0 0 0 0 0 96 87 0 12 0 0 0 0 0 0 0 0 0 0 0 0 36 0 0 0 0 0 0 0 0 31 0 0 0 0 0 27 0 0 0 50 0 0 0 0 85 0 0 0 0 0 0 0 0 0 
0 0 83 0 0 0 0 0 0 0 0 0 97 0 0 0 0 0 0 0 67 0 0 0 0 0 0 0 0 0 0 0 0 0 0 0 100 0 0 0 0 51 0 0 0 0 0 0 0 0 0 0 0 0 0 0 0 0 0 0 84 0 0 0 0 0 0 0 0 20 0 0 0 0 0 83 0 0 0 0 0 0 0 0 0 89 0 0 0 0 0 0 0 0 0 8 0 0 0 60 
0 0 0 0 0 0 0 0 0 0 0 0 0 0 0 70 0 59 0 35 0 33 0 0 0 0 0 0 0 0 0 0 0 30 0 0 0 0 0 0 53 0 0 0 0 0 0 0 0 0 0 0 40 0 0 63 0 0 0 55 0 0 0 0 0 0 0 0 20 0 0 0 0 0 0 0 0 0 73 0 0 0 45 0 0 0 0 0 44 0 0 100 3 0 0 0 0 0 0 0 
0 0 0 11 0 0 0 0 9 0 0 0 0 0 0 0 0 0 81 87 0 0 0 0 0 0 0 0 47 0 0 54 0 0 0 88 0 0 0 0 55 0 0 0 0 0 0 0 0 0 0 0 0 0 0 0 0 0 0 0 0 0 0 0 48 95 0 0 0 0 0 0 0 0 0 0 0 0 0 0 0 0 0 0 34 92 62 0 0 6 0 0 0 43 0 0 0 0 0 0 
0 0 0 0 0 0 0 0 0 0 0 0 59 0 0 0 79 0 0 0 0 51 0 0 0 86 0 0 7 0 0 0 0 0 0 0 0 0 0 0 0 0 0 0 0 0 37 0 0 37 0 0 0 0 0 68 0 0 0 0 0 0 0 0 0 0 0 0 0 0 0 0 0 0 85 0 0 0 64 8 0 0 0 93 0 0 0 0 0 0 0 0 87 0 0 0 0 0 0 0 
0 0 0 0 0 0 63 0 0 0 0 0 0 0 0 0 0 84 0 0 0 0 0 0 0 0 0 0 0 31 0 0 0 0 0 0 0 0 89 0 0 0 0 0 0 0 0 0 13 0 0 54 0 0 0 42 0 0 0 0 0 0 0 36 0 0 0 0 0 0 0 0 0 0 0 0 79 0 0 0 0 0 0 0 0 16 0 0 22 80 0 0 0 0 73 0 0 0 0 0 
24 0 9 0 0 0 0 0 67 0 0 0 0 0 0 0 0 0 0 0 66 0 0 40 43 0 0 0 0 0 0 0 0 0 0 0 0 0 0 0 0 0 0 20 19 0 0 0 0 0 0 0 0 0 0 0 0 14 0 0 0 0 0 92 0 71 68 0 0 0 0 0 0 0 0 0 0 19 0 0 0 0 0 0 0 0 0 0 0 0 0 43 0 0 0 0 0 0 65 0 
0 0 0 0 0 91 0 0 0 0 0 0 0 88 0 0 0 0 0 0 0 0 0 23 0 0 0 0 0 0 0 0 0 0 0 0 0 0 27 0 0 0 0 23 30 0 0 15 0 0 0 0 0 68 48 0 0 0 0 0 0 0 0 0 0 0 0 0 0 0 0 85 0 0 0 0 0 34 9 0 0 0 0 0 0 0 0 92 0 0 0 0 0 95 0 0 0 0 24 0 
0 49 0 0 0 0 0 0 0 0 82 0 0 0 0 12 0 58 0 0 0 84 22 0 47 52 0 0 0 0 0 0 0 0 0 0 90 0 0 0 3 0 0 0 38 0 0 0 0 0 0 0 0 0 0 0 0 0 0 0 0 0 0 0 0 0 0 31 83 0 0 0 0 0 0 0 0 0 0 80 0 0 0 0 0 0 0 0 19 0 0 0 0 0 0 0 0 0 0 0 
0 14 0 5 0 0 0 77 0 0 0 0 0 0 0 0 0 0 0 9 0 0 0 0 0 0 0 0 0 83 0 0 0 0 0 0 0 0 0 0 0 0 0 0 0 0 0 0 0 84 0 24 31 0 0 0 0 0 0 99 0 0 0 0 0 0 0 0 0 0 0 0 79 0 0 0 0 0 0 0 2 0 0 0 0 0 0 0 54 40 0 0 0 0 0 44 45 0 0 0 
0 0 0 48 0 0 0 0 0 99 81 0 0 75 0 0 69 0 0 0 0 0 0 0 0 0 0 0 0 0 36 0 0 0 0 0 0 56 10 20 0 0 0 12 0 66 0 0 0 0 0 0 0 0 0 0 0 0 0 0 0 0 0 0 0 0 0 0 0 0 0 0 0 19 34 0 0 0 0 0 0 0 0 0 0 0 0 0 28 0 9 0 0 0 0 0 0 0 0 0 
0 0 17 0 0 0 0 0 0 0 0 0 0 0 0 0 0 0 0 0 0 0 0 0 0 0 0 0 0 20 0 0 0 0 0 0 0 0 0 99 0 0 0 0 50 0 0 0 0 0 0 0 0 0 77 0 0 0 0 0 0 0 34 0 0 0 0 0 0 73 0 64 0 0 9 0 0 0 0 0 0 0 0 0 0 0 37 82 0 0 0 0 0 0 0 0 0 43 0 0 
0 0 0 0 0 0 0 24 0 0 0 0 78 0 0 0 0 0 0 26 0 0 0 0 0 0 0 0 86 0 0 0 0 0 0 0 0 0 0 26 0 0 82 0 0 0 0 0 0 75 41 0 0 0 97 49 0 0 0 0 0 0 0 0 0 49 0 0 0 0 0 8 0 0 0 80 0 0 0 0 0 0 0 0 0 9 0 11 0 0 0 0 0 0 0 0 0 0 0 0 
0 0 0 0 49 0 0 0 0 0 0 41 0 0 0 0 27 0 0 0 0 87 0 0 0 0 0 35 0 0 0 0 0 0 0 0 0 0 0 22 0 0 0 0 0 0 0 0 0 0 0 0 42 0 0 0 0 0 0 0 0 0 0 0 0 42 0 0 0 0 0 0 0 0 0 0 2 0 0 0 0 0 0 0 66 0 0 36 0 0 0 46 57 30 0 0 57 0 0 0 
0 0 85 0 0 0 16 0 0 0 0 0 0 0 0 0 0 0 0 0 0 0 0 0 0 0 12 0 0 0 0 0 0 0 0 0 0 0 0 0 0 0 0 0 0 0 0 0 0 0 99 0 0 0 0 0 51 0 0 0 0 0 82 0 0 0 0 27 0 0 0 0 0 0 0 0 0 0 0 0 0 0 0 0 60 0 0 0 0 0 0 0 0 0 0 0 0 0 0 0 
12 0 0 89 0 0 0 0 0 0 0 11 0 0 0 0 0 0 0 0 0 89 0 30 0 0 0 0 0 0 0 0 55 0 0 0 0 0 0 0 0 0 33 0 0 0 0 0 0 0 0 0 0 0 0 51 0 18 0 0 0 0 0 0 0 0 0 0 0 45 0 0 0 0 0 0 0 0 0 0 0 0 0 0 0 0 0 0 0 0 0 0 0 0 0 0 0 0 0 0 
62 0 0 0 0 0 0 0 0 0 0 0 0 0 0 0 0 0 0 0 64 0 0 0 0 0 0 25 0 0 0 87 0 0 0 32 0 0 69 0 0 0 95 0 0 0 0 97 0 0 0 60 0 0 0 0 0 0 0 0 0 0 0 0 0 0 0 0 0 0 0 93 0 0 0 0 0 0 0 0 0 0 0 0 0 0 0 0 0 0 0 0 0 0 0 0 0 0 0 0 
100 96 0 0 0 0 0 0 77 0 0 0 0 55 0 0 0 0 0 0 0 0 0 0 0 95 0 0 0 0 0 0 0 0 92 0 0 0 0 0 0 0 0 0 0 42 0 0 0 0 0 0 0 0 0 0 0 6 0 34 0 88 0 0 0 0 0 0 0 0 34 0 0 0 0 0 0 0 0 0 66 60 0 0 0 0 0 0 0 0 0 35 0 0 0 0 0 0 52 0 
0 0 0 0 0 43 63 0 0 0 0 0 0 7 0 0 29 0 0 0 0 0 0 0 0 0 0 0 0 0 0 0 0 0 0 0 0 0 0 0 0 0 0 0 0 0 0 0 0 0 21 0 0 0 0 0 0 0 0 0 0 0 0 0 38 0 0 50 89 0 92 0 16 0 0 0 0 0 0 9 0 0 0 0 0 0 0 0 0 0 0 0 65 0 0 0 62 20 0 88 
20 0 0 85 67 0 0 57 0 0 65 0 0 0 0 0 0 0 0 0 0 0 0 59 0 0 0 94 56 0 0 0 0 0 0 0 0 0 0 0 0 63 26 0 0 0 0 0 0 0 0 0 0 0 0 0 0 0 0 0 0 0 0 16 0 0 0 0 0 0 62 0 0 0 0 0 0 0 37 0 0 0 0 0 0 0 0 0 0 0 0 0 0 0 0 0 0 0 0 0 
0 0 0 0 0 0 93 0 0 0 0 0 0 0 0 0 0 0 0 0 0 0 0 0 0 0 0 0 0 0 0 86 0 0 0 0 50 0 0 0 89 0 0 0 0 0 0 0 0 35 0 0 0 24 0 10 8 0 0 0 0 0 0 1 0 0 38 0 0 0 0 0 0 0 92 0 0 0 82 11 36 0 0 0 0 0 0 0 0 0 0 0 0 0 0 11 0 0 0 0 
0 0 0 0 0 0 0 0 0 0 0 0 0 0 63 0 0 0 0 0 0 0 0 0 96 0 0 0 0 0 0 0 0 0 0 0 0 0 0 0 0 0 0 0 0 0 27 0 28 0 85 0 0 0 0 0 0 0 0 0 47 0 9 0 0 0 88 0 0 44 0 0 22 0 0 19 54 28 0 0 0 0 0 0 0 0 0 0 0 0 55 0 0 0 0 0 0 0 0 0 
0 85 0 0 0 0 0 0 94 0 0 33 0 0 0 0 0 72 0 0 80 0 78 0 0 0 0 0 0 0 0 0 0 0 0 0 0 0 0 0 35 0 70 0 0 72 48 0 0 0 0 0 0 0 0 0 0 0 0 29 0 0 35 0 0 0 0 0 0 0 6 0 80 0 0 0 40 0 0 0 0 0 0 0 0 0 0 0 0 0 0 0 0 0 0 0 0 0 0 0 
0 0 96 0 0 0 0 0 81 32 37 0 42 0 0 0 0 0 0 0 65 0 0 0 0 0 0 0 99 0 0 0 0 0 0 0 0 0 0 0 0 0 0 0 0 0 0 19 0 0 0 0 0 0 0 0 0 0 61 0 0 79 0 0 14 0 77 85 0 0 0 0 0 0 0 0 0 9 0 0 0 0 0 0 0 0 0 0 55 0 0 0 0 0 0 0 0 0 0 0 
0 0 0 0 0 0 0 0 0 0 0 7 47 0 0 0 0 92 0 0 0 0 30 0 0 0 0 0 47 0 0 0 66 40 0 0 6 0 0 0 0 0 0 0 0 0 0 0 0 0 0 0 0 0 0 0 0 0 0 0 17 0 0 0 0 0 0 0 0 100 0 0 0 43 0 0 0 0 0 0 46 0 0 0 35 0 0 0 0 0 0 0 0 0 0 0 0 0 36 0 
0 30 90 0 37 0 0 0 25 0 0 0 0 0 0 0 0 0 99 0 0 0 0 0 0 0 0 0 0 0 0 0 0 0 0 0 0 14 0 0 0 0 0 18 0 0 0 0 0 0 0 97 0 0 0 0 0 0 0 0 0 0 0 0 4 0 0 0 0 3 0 87 0 0 0 0 0 0 0 0 57 0 0 0 0 65 0 0 0 0 0 0 0 0 0 0 15 0 0 0 
0 0 0 0 0 0 56 0 69 0 0 0 0 0 60 0 0 0 0 0 0 0 0 0 0 31 0 0 0 34 0 0 0 0 0 0 0 0 0 0 0 0 5 0 0 0 0 0 0 0 0 55 0 0 0 0 0 0 0 0 0 0 42 0 0 0 0 0 0 0 43 0 0 0 95 0 0 0 0 0 30 0 0 0 0 0 0 0 0 0 0 0 0 0 0 0 0 0 0 57 
0 0 0 0 0 0 0 0 0 0 0 68 0 0 0 0 12 0 0 0 0 0 0 0 0 0 0 0 0 0 17 0 0 0 8 0 0 0 0 25 70 0 59 0 0 88 0 0 0 0 0 97 0 76 0 0 0 48 0 0 0 0 0 0 0 0 0 0 0 0 0 0 73 0 0 0 0 0 0 0 0 0 0 0 0 0 0 0 0 0 0 0 0 0 0 0 0 0 0 0 
0 0 44 0 29 0 0 0 0 0 0 0 0 0 34 0 0 0 0 0 51 46 0 0 0 0 0 0 0 0 0 0 0 0 0 0 0 30 0 80 0 0 0 0 0 0 0 21 54 0 0 0 0 0 0 0 0 0 64 0 0 0 78 0 0 0 0 0 8 0 0 0 0 0 0 0 44 0 0 0 0 0 0 0 0 0 0 11 0 0 0 0 0 0 0 0 0 0 15 0 
0 0 91 0 0 0 0 0 0 0 58 0 2 0 0 0 0 0 63 0 0 0 0 0 0 0 0 0 0 0 0 16 0 0 41 0 0 0 0 0 0 0 15 0 0 0 0 0 0 0 0 0 0 0 0 0 0 0 0 0 83 0 0 0 0 0 0 0 0 0 0 0 0 0 0 0 45 0 0 0 57 0 0 0 0 62 0 0 0 0 0 0 15 0 0 0 0 0 0 0 
0 0 50 0 84 0 0 0 0 0 84 0 22 0 0 0 0 0 0 0 0 0 0 0 0 0 0 0 31 0 0 0 0 0 43 0 0 0 16 0 0 0 0 19 0 0 88 0 67 0 0 0 0 0 0 0 0 0 50 0 0 0 0 0 17 0 0 0 0 0 0 0 0 0 0 0 0 0 43 0 0 0 0 0 0 20 0 0 0 0 0 0 0 0 0 0 0 0 0 0 
0 0 0 0 0 0 0 0 0 0 0 0 0 0 0 0 0 0 0 0 5 0 0 0 0 94 0 0 0 0 0 0 0 0 76 0 0 0 72 0 74 0 0 39 0 54 0 0 32 0 0 0 0 45 0 0 0 0 0 0 0 0 0 0 0 0 0 0 0 0 0 0 0 65 24 0 0 0 0 0 0 0 0 0 52 0 0 0 0 0 0 36 0 0 0 15 0 0 0 0 
0 38 0 0 0 0 0 0 0 0 0 0 0 0 55 0 0 36 0 0 0 0 0 0 0 0 0 0 0 0 0 62 0 0 0 0 0 0 0 0 0 0 12 0 0 0 4 1 0 0 0 0 47 0 0 0 17 0 0 0 0 0 0 0 0 0 0 0 60 0 0 0 0 0 0 0 0 0 0 0 0 0 0 0 0 88 0 0 0 0 0 0 0 57 0 0 0 0 0 0 
