0 0 0 4 72 0 38 10 98 71 40 35 74 89 0 0 52 54 99 63 65 95 0 1 80 0 0 48 100 8 66 6 59 79 21 96 0 81 0 44 30 38 74 10 17 46 7 12 58 87 33 100 66 69 1 55 0 17 0 38 49 50 78 0 80 83 0 0 31 60 18 77 77 67 89 76 74 8 10 49 86 14 11 3 49 0 41 69 44 45 83 92 0 0 32 16 0 0 63 74 
0 0 38 96 10 19 37 64 19 0 0 78 59 20 0 37 47 43 32 62 0 54 82 25 97 25 57 13 3 19 61 16 54 11 0 70 0 70 38 66 59 0 33 58 50 97 82 45 43 0 32 74 22 70 37 90 54 97 41 51 0 40 86 67 99 95 0 52 51 6 98 90 70 46 92 8 41 50 0 19 83 25 57 3 78 90 0 88 66 89 54 0 31 31 44 76 4 95 74 50 
0 38 0 54 68 55 44 55 25 35 66 25 27 0 8 83 25 75 34 90 36 78 51 45 41 3 87 23 22 59 91 38 58 34 68 72 54 28 66 8 75 15 43 52 70 66 52 60 88 2 0 0 67 0 45 80 0 68 62 0 62 70 35 0 83 87 21 99 58 19 35 96 47 79 98 10 39 53 3 87 53 21 25 78 6 65 96 43 55 10 31 77 51 43 0 33 70 92 79 11 
4 96 54 0 33 0 0 80 69 0 56 12 44 0 0 0 16 65 0 25 29 4 47 51 86 1 0 0 32 30 0 27 57 20 4 65 28 53 50 64 25 80 60 98 0 49 81 8 46 56 23 0 69 0 83 0 47 21 0 0 0 81 14 89 63 28 0 81 48 64 32 0 99 4 68 0 81 86 62 53 38 0 83 69 0 50 0 58 77 0 51 0 30 0 25 75 21 74 57 43 
72 10 68 33 0 6 41 51 90 82 18 79 72 0 28 100 40 6 59 96 73 78 10 0 48 51 0 46 33 94 19 66 72 95 97 0 94 39 70 81 7 51 0 38 34 89 97 26 100 76 97 97 39 21 60 99 0 59 8 87 59 1 9 0 4 30 94 54 28 90 58 47 43 79 65 69 0 35 21 57 14 100 0 19 0 78 12 75 25 16 0 74 25 12 5 0 90 100 52 49 
0 19 55 0 6 0 0 51 99 42 43 30 4 66 75 37 74 80 12 60 67 0 41 76 66 0 64 50 54 84 76 32 100 0 0 75 69 42 49 0 0 0 88 74 84 38 94 0 29 69 36 90 13 89 0 79 0 54 54 44 0 0 0 83 58 4 75 76 4 79 30 55 61 76 57 65 61 85 27 0 23 0 77 0 17 91 42 76 0 70 47 77 0 84 64 99 0 23 38 79 
38 37 44 0 41 0 0 0 42 29 16 22 0 26 0 26 0 0 58 79 45 66 48 0 30 58 0 61 0 8 0 12 25 12 0 83 37 21 21 0 11 36 84 32 29 31 0 99 40 79 34 61 40 2 17 12 77 68 99 48 61 80 88 98 33 33 27 62 58 20 0 21 0 0 12 32 97 31 34 12 52 10 93 48 68 56 71 97 78 63 0 45 23 72 87 24 68 1 53 22 
10 64 55 80 51 51 0 0 63 68 48 9 0 0 85 87 0 9 36 48 69 0 82 88 9 31 46 0 39 54 94 69 92 0 39 0 19 0 62 55 49 85 44 0 27 0 0 14 11 87 89 71 84 7 16 43 59 68 3 41 3 57 24 0 62 0 95 90 82 69 94 96 79 54 53 0 0 12 26 15 39 59 31 47 90 0 28 22 87 60 28 29 91 14 93 5 0 24 81 94 
98 19 25 69 90 99 42 63 0 0 32 0 2 35 11 0 11 81 65 0 82 56 26 95 0 84 13 77 13 50 50 0 0 21 71 74 55 24 100 0 0 73 0 29 21 20 0 36 12 85 0 49 13 59 41 70 0 81 29 93 75 66 86 71 0 61 0 9 0 20 50 92 71 82 95 0 6 0 68 6 37 37 38 28 48 96 0 2 23 74 44 52 63 3 39 65 44 0 65 4 
71 0 35 0 82 42 29 68 0 0 54 0 86 9 71 43 0 0 55 45 91 36 6 64 15 0 77 97 0 32 20 53 12 75 0 89 75 0 15 67 14 0 89 13 74 57 56 63 0 43 79 40 59 80 44 59 45 27 56 50 65 26 63 82 0 84 62 58 83 37 0 51 34 0 13 86 81 15 19 43 70 63 30 12 82 49 61 89 77 17 1 68 0 97 4 3 46 77 72 72 
40 0 66 56 18 43 16 48 32 54 0 4 67 55 0 17 11 33 34 0 0 0 87 32 0 0 38 72 0 62 2 34 37 53 34 51 50 2 66 0 75 55 0 79 71 6 0 69 42 16 0 23 18 0 0 0 43 28 95 73 6 0 91 63 70 52 0 38 73 13 79 43 0 0 62 27 74 17 100 0 6 0 3 43 50 23 60 71 95 21 94 0 0 0 0 76 17 83 67 28 
35 78 25 12 79 30 22 9 0 0 4 0 44 15 33 24 60 5 10 50 54 3 40 7 91 7 76 49 20 57 0 0 82 87 45 83 43 7 92 41 72 0 14 40 61 37 46 40 48 77 34 29 10 31 3 13 49 35 4 65 0 19 13 11 11 20 81 53 16 78 53 30 73 23 0 0 78 38 66 30 94 52 50 73 28 16 61 32 0 91 0 78 0 85 100 36 37 0 64 20 
74 59 27 44 72 4 0 0 2 86 67 44 0 71 33 31 51 19 93 4 0 0 4 2 77 71 55 78 63 43 47 12 20 75 33 100 0 75 22 45 0 43 16 42 90 0 93 25 86 8 98 68 52 5 49 10 46 99 85 36 79 62 1 59 25 15 1 26 81 86 43 22 31 78 8 0 39 0 95 5 24 39 0 85 0 78 22 89 60 30 64 12 0 58 54 0 30 64 12 0 
89 20 0 0 0 66 26 0 35 9 55 15 71 0 66 0 40 0 10 63 91 94 44 13 62 10 0 83 39 0 95 53 0 47 50 57 46 48 0 33 55 68 69 55 86 0 91 51 81 78 75 72 63 80 92 84 7 56 5 7 35 63 50 10 6 25 88 17 54 0 86 65 8 33 75 50 0 81 26 71 13 57 80 51 48 0 33 17 67 53 62 73 65 20 71 77 45 56 51 40 
0 0 8 0 28 75 0 85 11 71 0 33 33 66 0 99 46 96 0 71 39 93 36 92 76 49 52 4 30 34 59 11 12 0 7 61 0 24 62 71 0 79 42 100 0 0 19 16 50 6 14 37 0 71 85 27 58 15 42 0 52 50 51 46 50 46 86 0 27 98 50 10 31 0 15 0 0 22 0 74 8 59 30 51 1 0 32 94 0 2 21 12 23 75 71 73 76 52 0 0 
0 37 83 0 100 37 26 87 0 43 17 24 31 0 99 0 59 100 85 82 43 14 49 82 3 0 44 68 72 46 67 0 85 25 99 51 0 93 0 63 50 48 97 29 66 98 0 76 62 94 45 55 54 10 5 33 36 3 82 0 61 0 10 85 80 42 75 52 7 64 57 98 18 64 86 38 0 0 38 25 58 49 9 0 69 78 0 0 0 17 84 97 11 0 0 0 74 0 85 0 
52 47 25 16 40 74 0 0 11 0 11 60 51 40 46 59 0 64 10 46 19 0 0 0 83 8 99 95 95 1 0 74 37 0 0 0 0 0 96 0 100 16 75 97 43 18 5 0 29 37 2 29 61 9 27 46 75 0 98 0 32 92 28 61 0 29 5 68 79 47 100 54 93 0 16 52 65 75 1 4 41 63 91 67 25 19 38 0 81 57 69 91 82 93 0 4 28 47 0 89 
54 43 75 65 6 80 0 9 81 0 33 5 19 0 96 100 64 0 0 79 6 0 1 39 34 0 43 94 92 94 15 75 0 41 0 0 92 100 93 14 58 19 23 54 0 84 73 85 0 0 0 0 0 38 37 31 78 22 31 60 25 53 4 64 19 0 0 0 77 0 19 38 0 51 12 80 74 69 76 5 21 81 67 0 0 27 24 65 0 96 73 22 24 0 24 43 24 89 31 0 
99 32 34 0 59 12 58 36 65 55 34 10 93 10 0 85 10 0 0 82 89 27 58 19 83 76 0 75 46 30 69 38 0 41 9 100 23 0 71 7 11 9 23 56 0 0 55 0 83 90 0 0 0 83 58 78 91 54 99 53 8 96 67 68 69 59 21 64 45 4 58 45 55 0 92 97 0 82 22 0 64 43 52 32 5 0 73 0 12 60 81 19 65 12 1 100 43 64 36 46 
63 62 90 25 96 60 79 48 0 45 0 50 4 63 71 82 46 79 82 0 87 72 16 97 48 0 12 0 59 84 33 58 69 72 27 31 7 27 55 33 44 49 7 1 87 82 32 99 100 90 33 0 61 91 0 37 75 3 32 35 95 65 36 55 54 34 16 8 44 77 0 64 10 5 49 58 29 8 99 0 49 0 68 29 7 66 5 27 0 75 25 40 17 100 41 57 72 68 0 12 
65 0 36 29 73 67 45 69 82 91 0 54 0 91 39 43 19 6 89 87 0 19 30 52 21 51 0 25 25 9 28 0 35 74 34 16 51 12 74 64 91 0 7 31 34 11 66 0 0 72 72 65 0 70 84 0 92 94 12 31 25 47 0 82 24 68 10 53 58 36 0 5 47 30 87 19 81 99 57 55 71 0 10 0 59 97 98 9 59 70 56 66 38 59 85 41 89 29 99 35 
95 54 78 4 78 0 66 0 56 36 0 3 0 94 93 14 0 0 27 72 19 0 13 50 80 84 62 72 0 13 58 95 46 8 32 70 67 21 60 89 0 87 0 6 35 1 73 70 80 20 0 86 58 23 35 30 29 60 56 59 13 62 8 43 77 12 90 77 68 0 5 63 88 84 67 28 51 39 2 50 24 8 96 68 0 44 0 93 0 38 87 0 35 36 74 99 30 6 71 21 
0 82 51 47 10 41 48 82 26 6 87 40 4 44 36 49 0 1 58 16 30 13 0 51 7 76 57 90 94 7 19 2 3 29 67 95 0 73 83 24 74 4 83 66 85 54 42 0 4 53 47 38 1 34 39 59 59 0 63 85 0 55 33 68 91 28 0 0 48 0 66 80 39 58 7 97 47 0 57 0 0 41 19 30 93 92 19 36 71 91 9 13 0 92 84 0 49 42 2 96 
1 25 45 51 0 76 0 88 95 64 32 7 2 13 92 82 0 39 19 97 52 50 51 0 24 47 31 35 22 35 0 39 82 81 30 0 0 78 17 96 0 0 72 32 0 2 76 49 70 27 0 27 56 100 69 76 26 0 87 89 0 63 53 98 0 0 0 48 65 38 70 51 0 0 17 59 0 0 9 96 39 93 3 83 0 24 1 0 91 17 41 76 63 0 0 0 87 52 50 4 
80 97 41 86 48 66 30 9 0 15 0 91 77 62 76 3 83 34 83 48 21 80 7 24 0 100 0 61 46 39 97 72 11 83 54 81 0 87 48 22 5 73 62 86 42 64 45 51 57 83 65 0 33 15 22 79 86 86 32 77 32 32 3 42 71 97 35 23 58 17 84 0 2 33 45 0 89 39 12 46 78 58 0 1 97 60 88 18 46 47 97 56 100 20 59 0 78 8 27 0 
0 25 3 1 51 0 58 31 84 0 0 7 71 10 49 0 8 0 76 0 51 84 76 47 100 0 56 56 80 95 0 60 5 55 62 0 0 96 4 84 0 38 32 62 66 65 53 77 18 47 12 14 33 64 7 83 0 99 0 87 43 12 47 0 60 0 72 53 72 16 8 87 49 3 25 30 66 34 84 43 0 0 47 0 14 26 14 0 0 29 69 20 0 0 75 54 0 88 59 14 
0 57 87 0 0 64 0 46 13 77 38 76 55 0 52 44 99 43 0 12 0 62 57 31 0 56 0 29 50 0 70 45 75 0 93 1 0 0 75 36 0 43 4 14 98 85 95 63 75 43 69 47 30 27 94 72 58 69 1 28 0 67 40 0 59 0 20 37 44 0 36 29 0 82 48 37 52 66 0 95 0 64 33 52 86 88 36 8 59 86 88 47 29 20 49 25 57 86 26 20 
48 13 23 0 46 50 61 0 77 97 72 49 78 83 4 68 95 94 75 0 25 72 90 35 61 56 29 0 57 97 96 62 16 69 5 55 70 81 12 0 49 49 6 92 76 69 17 0 19 98 0 95 54 91 5 9 37 55 94 0 0 29 66 100 41 17 67 77 0 23 40 33 33 0 67 0 0 39 0 4 97 7 27 0 88 30 20 59 0 0 84 84 0 0 54 0 58 18 0 39 
100 3 22 32 33 54 0 39 13 0 0 20 63 39 30 72 95 92 46 59 25 0 94 22 46 80 50 57 0 21 32 0 50 41 0 0 35 1 0 0 45 59 33 89 0 64 19 0 71 96 100 0 12 25 77 10 65 39 94 39 95 89 62 0 32 10 39 77 90 35 92 52 36 0 38 3 0 4 40 0 62 0 37 0 61 13 68 78 93 77 0 25 46 4 52 0 73 0 92 0 
8 19 59 30 94 84 8 54 50 32 62 57 43 0 34 46 1 94 30 84 9 13 7 35 39 95 0 97 21 0 47 33 0 57 27 65 10 72 44 94 0 79 94 38 75 71 67 0 77 47 18 65 77 89 51 9 92 50 57 32 9 98 70 18 54 4 20 0 0 29 40 82 28 86 26 0 34 9 84 92 34 100 1 56 0 18 74 84 58 0 59 34 32 90 51 77 67 50 51 100 
66 61 91 0 19 76 0 94 50 20 2 0 47 95 59 67 0 15 69 33 28 58 19 0 97 0 70 96 32 47 0 0 91 54 0 19 49 0 0 0 84 0 74 0 72 0 18 86 0 15 50 0 68 0 20 56 0 56 19 66 57 46 35 39 66 55 0 0 30 0 0 98 37 0 15 92 0 60 0 0 94 100 95 76 0 2 87 82 8 42 0 67 19 24 11 5 29 0 0 0 
6 16 38 27 66 32 12 69 0 53 34 0 12 53 11 0 74 75 38 58 0 95 2 39 72 60 45 62 0 33 0 0 89 67 0 82 53 20 22 86 74 0 77 82 0 0 10 86 99 60 92 96 62 81 8 47 1 0 0 96 50 12 37 81 71 38 25 0 46 55 0 32 10 22 70 0 62 60 72 32 74 0 3 89 40 77 35 47 80 0 35 21 62 0 15 0 29 0 16 0 
59 54 58 57 72 100 25 92 0 12 37 82 20 0 12 85 37 0 0 69 35 46 3 82 11 5 75 16 50 0 91 89 0 20 80 29 38 0 85 9 94 0 37 68 45 45 100 27 0 58 38 24 91 0 63 65 41 60 46 0 97 0 69 53 41 80 60 98 87 13 73 86 4 81 0 58 4 26 95 39 100 34 23 43 41 93 45 32 58 39 52 21 9 77 0 25 0 86 86 32 
79 11 34 20 95 0 12 0 21 75 53 87 75 47 0 25 0 41 41 72 74 8 29 81 83 55 0 69 41 57 54 67 20 0 13 24 51 0 19 87 21 4 84 10 94 45 35 0 0 39 44 51 71 4 4 0 0 48 51 0 12 13 72 88 94 29 44 74 20 47 51 42 65 64 93 45 15 0 14 77 64 0 40 84 98 1 31 35 78 26 58 56 22 49 45 100 0 35 24 31 
21 0 68 4 97 0 0 39 71 0 34 45 33 50 7 99 0 0 9 27 34 32 67 30 54 62 93 5 0 27 0 0 80 13 0 32 19 0 5 38 0 0 7 44 0 58 75 65 94 29 0 0 69 41 10 54 46 81 26 37 65 46 25 0 0 0 86 69 84 0 2 23 2 0 4 81 0 75 0 44 26 26 15 0 17 94 4 34 73 8 41 92 70 56 0 0 5 87 40 13 
96 70 72 65 0 75 83 0 74 89 51 83 100 57 61 51 0 0 100 31 16 70 95 0 81 0 1 55 0 65 19 82 29 24 32 0 0 1 63 83 0 37 61 2 0 63 0 40 48 78 90 71 38 52 87 77 78 32 38 92 72 0 59 29 0 4 0 68 90 86 70 52 46 46 0 76 0 18 37 16 0 57 89 0 36 21 44 36 77 31 7 9 0 44 25 89 48 4 99 53 
0 0 54 28 94 69 37 19 55 75 50 43 0 46 0 0 0 92 23 7 51 67 0 0 0 0 0 70 35 10 49 53 38 51 19 0 0 29 65 100 68 46 69 88 63 0 2 33 83 0 0 91 36 0 9 0 15 94 7 43 0 32 61 0 69 32 0 93 0 0 0 97 0 99 42 0 75 74 0 84 43 76 34 6 84 34 55 23 0 12 58 0 21 57 20 0 10 25 2 35 
81 70 28 53 39 42 21 0 24 0 2 7 75 48 24 93 0 100 0 27 12 21 73 78 87 96 0 81 1 72 0 20 0 0 0 1 29 0 0 49 29 56 92 37 9 5 80 45 100 71 7 45 54 72 1 48 40 24 60 16 0 79 65 32 0 75 21 67 19 0 42 22 91 85 79 54 79 0 54 1 27 98 0 96 47 79 32 8 85 16 6 0 16 46 8 50 70 46 37 17 
0 38 66 50 70 49 21 62 100 15 66 92 22 0 62 0 96 93 71 55 74 60 83 17 48 4 75 12 0 44 0 22 85 19 5 63 65 0 0 54 55 59 0 0 67 9 39 15 51 16 79 0 23 73 0 33 59 0 63 72 43 25 20 0 7 12 0 0 22 22 21 73 70 16 0 80 77 0 24 96 84 69 31 21 0 62 0 0 91 84 45 17 92 0 0 34 21 98 3 76 
44 66 8 64 81 0 0 55 0 67 0 41 45 33 71 63 0 14 7 33 64 89 24 96 22 84 36 0 0 94 0 86 9 87 38 83 100 49 54 0 41 66 51 0 0 35 29 75 50 21 86 77 34 27 0 43 43 9 98 14 83 91 41 2 79 76 88 0 94 88 37 9 5 0 36 49 0 0 0 56 43 16 88 43 0 65 0 30 11 44 0 62 11 2 34 87 6 28 0 0 
30 59 75 25 7 0 11 49 0 14 75 72 0 55 0 50 100 58 11 44 91 0 74 0 5 0 0 49 45 0 84 74 94 21 0 0 68 29 55 41 0 28 36 1 69 78 64 0 35 89 0 45 59 30 60 26 29 34 72 84 78 58 86 69 3 0 72 50 0 29 23 33 100 0 46 47 22 71 44 25 91 0 39 37 24 34 51 0 25 31 54 89 87 68 0 95 41 74 62 45 
38 0 15 80 51 0 36 85 73 0 55 0 43 68 79 48 16 19 9 49 0 87 4 0 73 38 43 49 59 79 0 0 0 4 0 37 46 56 59 66 28 0 0 32 89 36 84 0 32 7 76 90 35 43 85 0 0 7 0 46 0 45 39 46 25 15 66 98 96 42 93 55 61 0 77 92 9 50 30 63 54 1 69 66 59 65 12 0 82 95 64 97 45 62 0 71 50 10 25 3 
74 33 43 60 0 88 84 44 0 89 0 14 16 69 42 97 75 23 23 7 7 0 83 72 62 32 4 6 33 94 74 77 37 84 7 61 69 92 0 51 36 0 0 70 0 60 37 27 0 57 62 77 0 62 62 85 21 26 87 91 42 0 87 88 10 19 70 22 74 56 92 0 50 73 97 43 67 90 0 34 0 8 25 24 2 94 72 1 0 5 69 0 11 57 51 34 91 34 3 0 
10 58 52 98 38 74 32 0 29 13 79 40 42 55 100 29 97 54 56 1 31 6 66 32 86 62 14 92 89 38 0 82 68 10 44 2 88 37 0 0 1 32 70 0 64 0 41 0 74 0 37 5 29 6 95 87 42 6 11 0 0 34 24 19 50 13 92 61 96 46 68 36 34 59 92 79 0 28 60 67 13 55 21 0 14 89 50 13 59 76 10 53 2 30 14 47 0 67 8 38 
17 50 70 0 34 84 29 27 21 74 71 61 90 86 0 66 43 0 0 87 34 35 85 0 42 66 98 76 0 75 72 0 45 94 0 0 63 9 67 0 69 89 0 64 0 0 0 0 5 80 20 62 32 84 31 55 51 0 84 49 0 63 48 23 0 48 37 44 53 63 46 77 88 0 95 0 41 65 0 22 0 96 100 88 63 27 99 13 56 13 21 74 69 5 0 68 3 20 2 0 
46 97 66 49 89 38 31 0 20 57 6 37 0 0 0 98 18 84 0 82 11 1 54 2 64 65 85 69 64 71 0 0 45 45 58 63 0 5 9 35 78 36 60 0 0 0 94 79 85 37 0 25 18 4 50 60 56 82 87 68 90 6 38 87 72 0 1 10 97 77 62 1 34 47 76 0 87 0 89 50 83 52 88 1 37 77 18 87 20 91 64 5 77 81 31 17 87 89 95 0 
7 82 52 81 97 94 0 0 0 56 0 46 93 91 19 0 5 73 55 32 66 73 42 76 45 53 95 17 19 67 18 10 100 35 75 0 2 80 39 29 64 84 37 41 0 94 0 93 67 83 42 0 43 42 95 62 56 0 3 0 81 82 40 68 0 86 23 0 91 0 13 0 87 95 0 0 64 36 86 35 27 0 42 0 0 54 92 0 93 21 73 25 16 70 78 52 0 71 66 42 
12 45 60 8 26 0 99 14 36 63 69 40 25 51 16 76 0 85 0 99 0 70 0 49 51 77 63 0 0 0 86 86 27 0 65 40 33 45 15 75 0 0 27 0 0 79 93 0 94 1 0 2 91 87 31 88 62 27 57 18 82 9 42 0 0 90 11 6 37 88 50 34 29 10 89 31 23 0 0 71 44 63 63 81 9 88 9 83 0 11 45 0 1 0 81 6 41 96 11 16 
58 43 88 46 100 29 40 11 12 0 42 48 86 81 50 62 29 0 83 100 0 80 4 70 57 18 75 19 71 77 0 99 0 0 94 48 83 100 51 50 35 32 0 74 5 85 67 94 0 100 74 28 65 57 6 62 38 4 62 39 29 47 46 18 18 14 83 78 85 33 86 97 94 46 24 17 19 84 59 34 69 55 28 0 0 14 71 16 76 32 37 9 73 14 9 0 75 0 63 16 
87 0 2 56 76 69 79 87 85 43 16 77 8 78 6 94 37 0 90 90 72 20 53 27 83 47 43 98 96 47 15 60 58 39 29 78 0 71 16 21 89 7 57 0 80 37 83 1 100 0 11 0 51 54 0 61 36 77 0 97 40 0 49 20 0 65 74 86 93 78 21 52 0 88 56 24 37 38 13 4 74 46 0 97 14 0 72 31 31 49 40 0 0 43 55 65 98 28 80 0 
33 32 0 23 97 36 34 89 0 79 0 34 98 75 14 45 2 0 0 33 72 0 47 0 65 12 69 0 100 18 50 92 38 44 0 90 0 7 79 86 0 76 62 37 20 0 42 0 74 11 0 0 69 99 0 0 0 0 95 0 98 57 50 79 0 0 1 94 58 57 39 43 67 0 0 4 0 47 59 96 15 78 12 84 43 0 83 67 0 13 53 30 35 95 54 0 0 91 44 66 
100 74 0 0 97 90 61 71 49 40 23 29 68 72 37 55 29 0 0 0 65 86 38 27 0 14 47 95 0 65 0 96 24 51 0 71 91 45 0 77 45 90 77 5 62 25 0 2 28 0 0 0 87 7 0 0 37 57 79 81 0 0 0 25 32 0 64 38 51 0 8 0 8 67 0 81 47 28 50 87 0 72 86 1 13 14 0 81 28 27 0 0 0 27 0 0 48 36 48 0 
66 22 67 69 39 13 40 84 13 59 18 10 52 63 0 54 61 0 0 61 0 58 1 56 33 33 30 54 12 77 68 62 91 71 69 38 36 54 23 34 59 35 0 29 32 18 43 91 65 51 69 87 0 39 63 7 0 86 76 69 0 55 75 0 44 48 54 77 84 99 59 95 0 0 23 3 80 20 51 39 81 0 29 97 77 51 14 71 0 0 61 47 14 76 75 47 0 42 64 4 
69 70 0 0 21 89 2 7 59 80 0 31 5 80 71 10 9 38 83 91 70 23 34 100 15 64 27 91 25 89 0 81 0 4 41 52 0 72 73 27 30 43 62 6 84 4 42 87 57 54 99 7 39 0 55 63 42 86 59 67 0 1 6 88 12 0 1 15 14 82 50 84 0 45 0 61 65 95 54 52 3 61 0 0 33 17 16 48 37 5 0 28 14 53 4 0 6 3 65 44 
1 37 45 83 60 0 17 16 41 44 0 3 49 92 85 5 27 37 58 0 84 35 39 69 22 7 94 5 77 51 20 8 63 4 10 87 9 1 0 0 60 85 62 95 31 50 95 31 6 0 0 0 63 55 0 77 12 71 37 26 29 0 43 68 87 24 97 0 0 0 28 53 10 54 36 18 10 0 19 37 30 66 4 33 67 24 37 0 80 100 0 45 75 35 19 21 18 71 72 35 
55 90 80 0 99 79 12 43 70 59 0 13 10 84 27 33 46 31 78 37 0 30 59 76 79 83 72 9 10 9 56 47 65 0 54 77 0 48 33 43 26 0 85 87 55 60 62 88 62 61 0 0 7 63 77 0 0 98 48 12 0 32 77 0 95 84 95 56 5 64 6 39 80 92 96 84 17 0 0 28 0 48 0 27 0 59 66 3 14 47 70 21 60 12 83 46 0 20 79 33 
0 54 0 47 0 0 77 59 0 45 43 49 46 7 58 36 75 78 91 75 92 29 59 26 86 0 58 37 65 92 0 1 41 0 46 78 15 40 59 43 29 0 21 42 51 56 56 62 38 36 0 37 0 42 12 0 0 43 46 26 44 41 25 32 96 22 0 0 42 13 51 0 17 77 78 46 72 23 54 4 1 98 83 91 64 60 94 56 2 93 49 49 84 41 54 100 53 57 25 57 
17 97 68 21 59 54 68 68 81 27 28 35 99 56 15 3 0 22 54 3 94 60 0 0 86 99 69 55 39 50 56 0 60 48 81 32 94 24 0 9 34 7 26 6 0 82 0 27 4 77 0 57 86 86 71 98 43 0 34 0 51 92 67 90 26 72 2 14 72 98 27 57 70 11 0 73 20 0 41 0 36 64 41 50 54 85 88 0 20 65 76 33 0 0 92 19 90 14 75 0 
0 41 62 0 8 54 99 3 29 56 95 4 85 5 42 82 98 31 99 32 12 56 63 87 32 0 1 94 94 57 19 0 46 51 26 38 7 60 63 98 72 0 87 11 84 87 3 57 62 0 95 79 76 59 37 48 46 34 0 0 14 80 19 99 66 22 9 76 99 0 33 8 62 3 72 51 64 42 58 47 96 17 20 53 9 68 89 65 0 44 38 15 14 57 19 37 4 73 95 62 
38 51 0 0 87 44 48 41 93 50 73 65 36 7 0 0 0 60 53 35 31 59 85 89 77 87 28 0 39 32 66 96 0 0 37 92 43 16 72 14 84 46 91 0 49 68 0 18 39 97 0 81 69 67 26 12 26 0 0 0 6 87 62 21 47 80 8 0 46 36 67 7 0 0 0 66 56 18 52 9 41 0 21 17 92 36 60 54 71 29 41 91 2 71 56 9 0 19 13 43 
49 0 62 0 59 0 61 3 75 65 6 0 79 35 52 61 32 25 8 95 25 13 0 0 32 43 0 0 95 9 57 50 97 12 65 72 0 0 43 83 78 0 42 0 0 90 81 82 29 40 98 0 0 0 29 0 44 51 14 6 0 50 42 51 77 50 47 79 0 0 0 0 94 53 65 0 0 19 61 8 0 73 45 80 40 0 43 39 56 9 50 95 26 58 4 58 95 1 21 73 
50 40 70 81 1 0 80 57 66 26 0 19 62 63 50 0 92 53 96 65 47 62 55 63 32 12 67 29 89 98 46 12 0 13 46 0 32 79 25 91 58 45 0 34 63 6 82 9 47 0 57 0 55 1 0 32 41 92 80 87 50 0 0 92 0 0 60 8 13 0 50 80 0 89 72 75 0 72 13 4 29 0 45 89 41 13 100 0 6 0 70 0 25 83 83 22 96 53 27 70 
78 86 35 14 9 0 88 24 86 63 91 13 1 50 51 10 28 4 67 36 0 8 33 53 3 47 40 66 62 70 35 37 69 72 25 59 61 65 20 41 86 39 87 24 48 38 40 42 46 49 50 0 75 6 43 77 25 67 19 62 42 0 0 27 0 94 55 81 31 5 19 65 3 0 0 95 12 85 33 26 52 0 84 65 99 72 40 14 98 8 74 7 36 76 95 7 70 0 67 58 
0 67 0 89 0 83 98 0 71 82 63 11 59 10 46 85 61 64 68 55 82 43 68 98 42 0 0 100 0 18 39 81 53 88 0 29 0 32 0 2 69 46 88 19 23 87 68 0 18 20 79 25 0 88 68 0 32 90 99 21 51 92 27 0 83 86 0 92 50 0 27 32 7 100 60 32 52 82 7 60 16 0 94 57 66 52 17 93 40 84 73 18 85 43 80 31 74 58 38 13 
80 99 83 63 4 58 33 62 0 0 70 11 25 6 50 80 0 19 69 54 24 77 91 0 71 60 59 41 32 54 66 71 41 94 0 0 69 0 7 79 3 25 10 50 0 72 0 0 18 0 0 32 44 12 87 95 96 26 66 47 77 0 0 83 0 87 9 90 58 94 43 79 0 62 0 59 56 0 80 74 64 21 0 0 81 39 51 19 1 79 32 24 8 21 59 87 99 47 25 0 
83 95 87 28 30 4 33 0 61 84 52 20 15 25 46 42 29 0 59 34 68 12 28 0 97 0 0 17 10 4 55 38 80 29 0 4 32 75 12 76 0 15 19 13 48 0 86 90 14 65 0 0 48 0 24 84 22 72 22 80 50 0 94 86 87 0 80 0 51 94 52 94 99 50 39 22 89 17 0 42 4 0 39 66 50 6 54 15 5 38 36 11 36 82 60 33 8 60 0 3 
0 0 21 0 94 75 27 95 0 62 0 81 1 88 86 75 5 0 21 16 10 90 0 0 35 72 20 67 39 20 0 25 60 44 86 0 0 21 0 88 72 66 70 92 37 1 23 11 83 74 1 64 54 1 97 95 0 2 9 8 47 60 55 0 9 80 0 0 30 74 45 12 59 60 94 0 16 38 79 57 4 23 0 0 49 92 42 80 33 53 94 2 0 39 0 76 38 11 11 53 
0 52 99 81 54 76 62 90 9 58 38 53 26 17 0 52 68 0 64 8 53 77 0 48 23 53 37 77 77 0 0 0 98 74 69 68 93 67 0 0 50 98 22 61 44 10 0 6 78 86 94 38 77 15 0 56 0 14 76 0 79 8 81 92 90 0 0 0 1 0 21 85 32 48 71 13 0 18 66 69 59 39 97 17 0 13 0 0 0 0 25 9 65 42 0 0 0 20 47 51 
31 51 58 48 28 4 58 82 0 83 73 16 81 54 27 7 79 77 45 44 58 68 48 65 58 72 44 0 90 0 30 46 87 20 84 90 0 19 22 94 0 96 74 96 53 97 91 37 85 93 58 51 84 14 0 5 42 72 99 46 0 13 31 50 58 51 30 1 0 19 10 92 0 13 0 0 98 46 30 64 44 0 90 86 69 4 67 89 39 83 51 93 50 81 15 0 48 64 42 63 
60 6 19 64 90 79 20 69 20 37 13 78 86 0 98 64 47 0 4 77 36 0 0 38 17 16 0 23 35 29 0 55 13 47 0 86 0 0 22 88 29 42 56 46 63 77 0 88 33 78 57 0 99 82 0 64 13 98 0 36 0 0 5 0 94 94 74 0 19 0 89 0 62 0 0 80 7 78 78 96 63 34 3 54 44 25 60 0 82 9 0 55 45 18 47 39 27 43 85 10 
18 98 35 32 58 30 0 94 50 0 79 53 43 86 50 57 100 19 58 0 0 5 66 70 84 8 36 40 92 40 0 0 73 51 2 70 0 42 21 37 23 93 92 68 46 62 13 50 86 21 39 8 59 50 28 6 51 27 33 67 0 50 19 27 43 52 45 21 10 89 0 16 35 0 18 4 84 73 53 40 95 0 85 80 57 0 76 11 63 18 32 19 18 95 78 36 24 0 85 36 
77 90 96 0 47 55 21 96 92 51 43 30 22 65 10 98 54 38 45 64 5 63 80 51 0 87 29 33 52 82 98 32 86 42 23 52 97 22 73 9 33 55 0 36 77 1 0 34 97 52 43 0 95 84 53 39 0 57 8 7 0 80 65 32 79 94 12 85 92 0 16 0 39 67 73 14 0 100 69 26 29 63 80 0 0 100 89 100 0 50 53 63 0 94 16 0 36 92 13 0 
77 70 47 99 43 61 0 79 71 34 0 73 31 8 31 18 93 0 55 10 47 88 39 0 2 49 0 33 36 28 37 10 4 65 2 46 0 91 70 5 100 61 50 34 88 34 87 29 94 0 67 8 0 0 10 80 17 70 62 0 94 0 3 7 0 99 59 32 0 62 35 39 0 43 100 57 0 27 36 0 63 30 89 52 23 26 88 92 0 53 38 61 0 0 87 46 0 9 65 3 
67 46 79 4 79 76 0 54 82 0 0 23 78 33 0 64 0 51 0 5 30 84 58 0 33 3 82 0 0 86 0 22 81 64 0 46 99 85 16 0 0 0 73 59 0 47 95 10 46 88 0 67 0 45 54 92 77 11 3 0 53 89 0 100 62 50 60 48 13 0 0 67 43 0 75 18 0 36 50 80 100 91 65 59 48 99 82 76 21 47 34 12 36 6 99 70 49 76 58 33 
89 92 98 68 65 57 12 53 95 13 62 0 8 75 15 86 16 12 92 49 87 67 7 17 45 25 48 67 38 26 15 70 0 93 4 0 42 79 0 36 46 77 97 92 95 76 0 89 24 56 0 0 23 0 36 96 78 0 72 0 65 72 0 60 0 39 94 71 0 0 18 73 100 75 0 0 0 52 12 48 0 0 91 85 24 63 95 23 47 62 40 85 36 86 37 73 4 36 3 63 
76 8 10 0 69 65 32 0 0 86 27 0 0 50 0 38 52 80 97 58 19 28 97 59 0 30 37 0 3 0 92 0 58 45 81 76 0 54 80 49 47 92 43 79 0 0 0 31 17 24 4 81 3 61 18 84 46 73 51 66 0 75 95 32 59 22 0 13 0 80 4 14 57 18 0 0 22 43 0 52 91 14 17 63 0 0 23 99 0 51 0 52 0 0 24 70 0 24 93 0 
74 41 39 81 0 61 97 0 6 81 74 78 39 0 0 0 65 74 0 29 81 51 47 0 89 66 52 0 0 34 0 62 4 15 0 0 75 79 77 0 22 9 67 0 41 87 64 23 19 37 0 47 80 65 10 17 72 20 64 56 0 0 12 52 56 89 16 0 98 7 84 0 0 0 0 22 0 21 84 26 65 98 99 76 57 49 9 8 73 29 56 24 39 0 3 41 15 12 62 1 
8 50 53 86 35 85 31 12 0 15 17 38 0 81 22 0 75 69 82 8 99 39 0 0 39 34 66 39 4 9 60 60 26 0 75 18 74 0 0 0 71 50 90 28 65 0 36 0 84 38 47 28 20 95 0 0 23 0 42 18 19 72 85 82 0 17 38 18 46 78 73 100 27 36 52 43 21 0 4 26 43 42 57 39 41 91 11 0 0 25 98 0 0 44 43 6 59 53 14 0 
10 0 3 62 21 27 34 26 68 19 100 66 95 26 0 38 1 76 22 99 57 2 57 9 12 84 0 0 40 84 0 72 95 14 0 37 0 54 24 0 44 30 0 60 0 89 86 0 59 13 59 50 51 54 19 0 54 41 58 52 61 13 33 7 80 0 79 66 30 78 53 69 36 50 12 0 84 4 0 3 0 7 28 67 92 76 60 65 17 43 62 8 28 14 35 53 24 54 96 64 
49 19 87 53 57 0 12 15 6 43 0 30 5 71 74 25 4 5 0 0 55 50 0 96 46 43 95 4 0 92 0 32 39 77 44 16 84 1 96 56 25 63 34 67 22 50 35 71 34 4 96 87 39 52 37 28 4 0 47 9 8 4 26 60 74 42 57 69 64 96 40 26 0 80 48 52 26 26 3 0 0 99 0 0 0 29 71 90 37 14 26 32 0 19 10 32 1 42 61 17 
86 83 53 38 14 23 52 39 37 70 6 94 24 13 8 58 41 21 64 49 71 24 0 39 78 0 0 97 62 34 94 74 100 64 26 0 43 27 84 43 91 54 0 13 0 83 27 44 69 74 15 0 81 3 30 0 1 36 96 41 0 29 52 16 64 4 4 59 44 63 95 29 63 100 0 91 65 43 0 0 0 0 81 72 3 74 52 0 0 0 0 8 85 0 20 6 0 15 0 41 
14 25 21 0 100 0 10 59 37 63 0 52 39 57 59 49 63 81 43 0 0 8 41 93 58 0 64 7 0 100 100 0 34 0 26 57 76 98 69 16 0 1 8 55 96 52 0 63 55 46 78 72 0 61 66 48 98 64 17 0 73 0 0 0 21 0 23 39 0 34 0 63 30 91 0 14 98 42 7 99 0 0 0 17 46 0 20 0 54 47 14 37 71 94 30 46 27 36 79 86 
11 57 25 83 0 77 93 31 38 30 3 50 0 80 30 9 91 67 52 68 10 96 19 3 0 47 33 27 37 1 95 3 23 40 15 89 34 0 31 88 39 69 25 21 100 88 42 63 28 0 12 86 29 0 4 0 83 41 20 21 45 45 84 94 0 39 0 97 90 3 85 80 89 65 91 17 99 57 28 0 81 0 0 0 41 44 91 0 26 32 95 40 40 78 70 40 67 54 84 50 
3 3 78 69 19 0 48 47 28 12 43 73 85 51 51 0 67 0 32 29 0 68 30 83 1 0 52 0 0 56 76 89 43 84 0 0 6 96 21 43 37 66 24 0 88 1 0 81 0 97 84 1 97 0 33 27 91 50 53 17 80 89 65 57 0 66 0 17 86 54 80 0 52 59 85 63 76 39 67 0 72 17 0 0 6 59 70 0 67 42 85 0 7 68 32 11 80 0 48 0 
49 78 6 0 0 17 68 90 48 82 50 28 0 48 1 69 25 0 5 7 59 0 93 0 97 14 86 88 61 0 0 40 41 98 17 36 84 47 0 0 24 59 2 14 63 37 0 9 0 14 43 13 77 33 67 0 64 54 9 92 40 41 99 66 81 50 49 0 69 44 57 0 23 48 24 0 57 41 92 0 3 46 41 6 0 24 72 22 4 0 77 0 34 10 0 45 0 67 61 77 
0 90 65 50 78 91 56 0 96 49 23 16 78 0 0 78 19 27 0 66 97 44 92 24 60 26 88 30 13 18 2 77 93 1 94 21 34 79 62 65 34 65 94 89 27 77 54 88 14 0 0 14 51 17 24 59 60 85 68 36 0 13 72 52 39 6 92 13 4 25 0 100 26 99 63 0 49 91 76 29 74 0 44 59 24 0 4 14 23 52 14 76 41 61 0 86 7 86 38 44 
41 0 96 0 12 42 71 28 0 61 60 61 22 33 32 0 38 24 73 5 98 0 19 1 88 14 36 20 68 74 87 35 45 31 4 44 55 32 0 0 51 12 72 50 99 18 92 9 71 72 83 0 14 16 37 66 94 88 89 60 43 100 40 17 51 54 42 0 67 60 76 89 88 82 95 23 9 11 60 71 52 20 91 70 72 4 0 86 3 18 57 47 30 35 0 12 12 93 38 23 
69 88 43 58 75 76 97 22 2 89 71 32 89 17 94 0 0 65 0 27 9 93 36 0 18 0 8 59 78 84 82 47 32 35 34 36 23 8 0 30 0 0 1 13 13 87 0 83 16 31 67 81 71 48 0 3 56 0 65 54 39 0 14 93 19 15 80 0 89 0 11 100 92 76 23 99 8 0 65 90 0 0 0 0 22 14 86 0 40 40 66 3 100 0 38 95 0 40 1 0 
44 66 55 77 25 0 78 87 23 77 95 0 60 67 0 0 81 0 12 0 59 0 71 91 46 0 59 0 93 58 8 80 58 78 73 77 0 85 91 11 25 82 0 59 56 20 93 0 76 31 0 28 0 37 80 14 2 20 0 71 56 6 98 40 1 5 33 0 39 82 63 0 0 21 47 0 73 0 17 37 0 54 26 67 4 23 3 40 0 57 42 95 4 95 48 53 80 88 1 95 
45 89 10 0 16 70 63 60 74 17 21 91 30 53 2 17 57 96 60 75 70 38 91 17 47 29 86 0 77 0 42 0 39 26 8 31 12 16 84 44 31 95 5 76 13 91 21 11 32 49 13 27 0 5 100 47 93 65 44 29 9 0 8 84 79 38 53 0 83 9 18 50 53 47 62 51 29 25 43 14 0 47 32 42 0 52 18 40 57 0 69 47 37 45 27 67 48 60 12 86 
83 54 31 51 0 47 0 28 44 1 94 0 64 62 21 84 69 73 81 25 56 87 9 41 97 69 88 84 0 59 0 35 52 58 41 7 58 6 45 0 54 64 69 10 21 64 73 45 37 40 53 0 61 0 0 70 49 76 38 41 50 70 74 73 32 36 94 25 51 0 32 53 38 34 40 0 56 98 62 26 0 14 95 85 77 14 57 66 42 69 0 36 47 58 56 19 69 38 1 14 
92 0 77 0 74 77 45 29 52 68 0 78 12 73 12 97 91 22 19 40 66 0 13 76 56 20 47 84 25 34 67 21 21 56 92 9 0 0 17 62 89 97 0 53 74 5 25 0 9 0 30 0 47 28 45 21 49 33 15 91 95 0 7 18 24 11 2 9 93 55 19 63 61 12 85 52 24 0 8 32 8 37 40 0 0 76 47 3 95 47 36 0 23 86 29 0 30 47 92 88 
0 31 51 30 25 0 23 91 63 0 0 0 0 65 23 11 82 24 65 17 38 35 0 63 100 0 29 0 46 32 19 62 9 22 70 0 21 16 92 11 87 45 11 2 69 77 16 1 73 0 35 0 14 14 75 60 84 0 14 2 26 25 36 85 8 36 0 65 50 45 18 0 0 36 36 0 39 0 28 0 85 71 40 7 34 41 30 100 4 37 47 23 0 42 15 0 100 2 25 58 
0 31 43 0 12 84 72 14 3 97 0 85 58 20 75 0 93 0 12 100 59 36 92 0 20 0 20 0 4 90 24 0 77 49 56 44 57 46 0 2 68 62 57 30 5 81 70 0 14 43 95 27 76 53 35 12 41 0 57 71 58 83 76 43 21 82 39 42 81 18 95 94 0 6 86 0 0 44 14 19 0 94 78 68 10 61 35 0 95 45 58 86 42 0 26 34 52 0 7 54 
32 44 0 25 5 64 87 93 39 4 0 100 54 71 71 0 0 24 1 41 85 74 84 0 59 75 49 54 52 51 11 15 0 45 0 25 20 8 0 34 0 0 51 14 0 31 78 81 9 55 54 0 75 4 19 83 54 92 19 56 4 83 95 80 59 60 0 0 15 47 78 16 87 99 37 24 3 43 35 10 20 30 70 32 0 0 0 38 48 27 56 29 15 26 0 0 17 12 2 21 
16 76 33 75 0 99 24 5 65 3 76 36 0 77 73 0 4 43 100 57 41 99 0 0 0 54 25 0 0 77 5 0 25 100 0 89 0 50 34 87 95 71 34 47 68 17 52 6 0 65 0 0 47 0 21 46 100 19 37 9 58 22 7 31 87 33 76 0 0 39 36 0 46 70 73 70 41 6 53 32 6 46 40 11 45 86 12 95 53 67 19 0 0 34 0 0 73 0 0 25 
0 4 70 21 90 0 68 0 44 46 17 37 30 45 76 74 28 24 43 72 89 30 49 87 78 0 57 58 73 67 29 29 0 0 5 48 10 70 21 6 41 50 91 0 3 87 0 41 75 98 0 48 0 6 18 0 53 90 4 0 95 96 70 74 99 8 38 0 48 27 24 36 0 49 4 0 15 59 24 1 0 27 67 80 0 7 12 0 80 48 69 30 100 52 17 73 0 73 99 61 
0 95 92 74 100 23 1 24 0 77 83 0 64 56 52 0 47 89 64 68 29 6 42 52 8 88 86 18 0 50 0 0 86 35 87 4 25 46 98 28 74 10 34 67 20 89 71 96 0 28 91 36 42 3 71 20 57 14 73 19 1 53 0 58 47 60 11 20 64 43 0 92 9 76 36 24 12 53 54 42 15 36 54 0 67 86 93 40 88 60 38 47 2 0 12 0 73 0 22 39 
63 74 79 57 52 38 53 81 65 72 67 64 12 51 0 85 0 31 36 0 99 71 2 50 27 59 26 0 92 51 0 16 86 24 40 99 2 37 3 0 62 25 3 8 2 95 66 11 63 80 44 48 64 65 72 79 25 75 95 13 21 27 67 38 25 0 11 47 42 85 85 13 65 58 3 93 62 14 96 61 0 79 84 48 61 38 38 1 1 12 1 92 25 7 2 0 99 22 0 27 
74 50 11 43 49 79 22 94 4 72 28 20 0 40 0 0 89 0 46 12 35 21 96 4 0 14 20 39 0 100 0 0 32 31 13 53 35 17 76 0 45 3 0 38 0 0 42 16 16 0 66 0 4 44 35 33 57 0 62 43 73 70 58 13 0 3 53 51 63 10 36 0 3 33 63 0 1 0 64 17 41 86 50 0 77 44 23 0 95 86 14 88 58 54 21 25 61 39 27 0 
