0 0 0 0 0 0 21 0 0 0 0 0 0 0 0 0 0 0 97 0 0 0 0 0 0 0 0 0 0 85 0 0 0 0 86 0 0 0 0 0 98 0 0 0 0 0 0 0 0 0 0 0 90 0 0 0 0 0 0 0 0 0 0 0 0 0 0 16 0 0 0 0 0 0 48 0 0 0 0 0 0 11 0 0 0 0 0 0 94 0 0 0 0 0 4 0 0 0 0 79 
0 0 0 0 61 0 0 0 0 0 0 0 0 0 0 0 0 0 0 0 0 0 0 0 0 0 0 0 0 0 0 0 0 56 0 0 0 0 0 0 0 0 0 31 0 0 0 0 0 0 0 0 0 0 0 0 0 0 0 0 0 0 0 0 0 0 0 0 0 0 0 35 68 0 0 0 0 15 0 0 0 0 0 0 61 52 0 0 0 0 0 0 0 0 0 36 0 0 0 0 
0 0 0 49 0 0 0 0 0 0 0 0 0 0 0 0 0 22 60 0 0 0 0 0 0 0 0 0 0 0 20 0 0 0 0 0 9 0 0 0 0 0 0 0 0 0 0 0 0 0 25 0 0 0 0 0 0 0 1 86 0 0 0 89 0 0 0 0 0 51 0 0 0 0 0 0 0 0 0 0 11 0 0 68 0 4 36 0 0 0 0 0 0 0 0 0 0 0 91 0 
0 0 49 0 8 0 0 0 0 0 0 0 0 46 2 0 0 0 0 76 47 0 0 0 0 0 0 34 0 0 0 0 0 0 0 0 0 0 0 0 78 0 0 0 0 0 62 0 0 0 0 0 0 0 0 0 0 0 0 26 0 0 0 0 42 0 0 0 0 0 0 0 60 0 0 0 0 0 13 0 0 0 0 0 0 0 0 0 0 0 0 0 0 53 0 0 0 0 0 35 
0 61 0 8 0 84 0 0 0 0 0 0 0 0 0 0 0 0 0 0 0 43 0 0 0 0 0 0 0 0 75 0 34 0 0 0 0 0 0 0 0 0 0 0 0 0 16 0 0 5 0 0 0 0 0 5 81 0 0 0 0 0 0 0 0 0 38 0 0 0 0 0 0 0 0 0 0 0 0 0 0 0 0 0 19 56 0 80 0 0 0 0 0 0 0 0 0 0 37 0 
0 0 0 0 84 0 0 0 0 0 9 0 0 0 55 71 0 0 0 0 0 0 0 0 0 0 0 0 0 0 0 0 0 0 82 0 0 0 0 0 0 44 0 73 34 0 0 0 0 0 0 0 0 0 0 0 0 54 0 0 0 0 11 0 0 0 81 0 0 0 27 0 0 0 0 0 48 0 0 0 0 0 0 0 0 0 0 0 0 81 0 0 0 0 0 62 0 0 0 0 
21 0 0 0 0 0 0 0 0 0 0 0 78 6 0 0 39 0 0 0 0 0 0 0 0 0 0 0 0 0 0 0 0 0 45 54 0 0 0 0 0 0 0 87 72 20 0 6 17 6 0 0 98 0 0 0 0 0 0 0 0 0 0 30 0 0 0 0 0 0 0 0 0 0 0 0 0 0 0 0 0 0 0 2 0 0 0 0 0 0 0 0 0 0 0 0 0 0 0 0 
0 0 0 0 0 0 0 0 0 19 77 0 0 0 0 0 83 0 0 44 0 0 13 63 0 0 0 0 85 0 0 0 0 0 0 0 0 0 0 0 0 0 0 0 0 0 0 0 0 0 0 0 0 0 0 0 0 19 0 0 0 0 0 0 0 35 89 0 0 0 0 0 0 0 53 0 0 48 0 0 0 0 0 0 0 0 0 0 17 0 0 78 0 0 0 0 0 0 0 92 
0 0 0 0 0 0 0 0 0 0 0 0 0 0 0 0 0 0 52 0 0 0 0 0 0 0 0 0 0 0 0 0 0 0 0 5 0 0 0 0 0 0 55 0 0 0 37 0 0 48 0 0 0 0 0 0 0 0 0 0 0 0 94 0 0 0 0 0 0 0 0 0 0 17 0 0 0 0 57 0 0 0 0 0 0 0 0 0 85 0 0 0 0 0 0 0 0 100 0 53 
0 0 0 0 0 0 0 19 0 0 0 0 0 0 0 0 66 29 48 0 0 0 0 0 0 0 0 0 0 0 0 0 0 0 0 0 0 59 41 0 0 52 0 0 0 0 0 0 0 0 0 0 2 0 0 0 0 0 0 0 0 0 0 0 0 0 0 0 0 0 0 0 0 0 0 8 0 0 69 0 16 0 0 0 0 0 0 0 13 48 0 0 0 0 0 29 64 0 0 0 
0 0 0 0 0 9 0 77 0 0 0 0 0 0 0 0 0 0 0 0 0 0 0 0 95 0 0 0 0 0 0 0 70 0 0 0 0 0 0 0 0 0 0 0 0 0 0 74 0 0 0 0 0 0 0 0 0 0 42 0 0 52 0 0 0 0 0 78 0 0 0 0 0 0 0 0 0 0 0 0 0 0 0 0 0 0 0 0 0 0 0 0 60 0 0 0 0 27 0 0 
0 0 0 0 0 0 0 0 0 0 0 0 0 0 0 0 0 0 0 0 0 0 0 0 0 56 0 0 0 0 0 51 0 0 0 0 0 56 0 0 0 77 0 2 66 0 0 0 0 0 0 0 0 30 0 6 86 0 0 0 0 0 0 0 0 92 0 0 0 10 0 0 0 0 3 0 12 0 0 0 0 0 0 0 0 0 0 0 0 0 0 0 0 0 0 28 0 0 0 92 
0 0 0 0 0 0 78 0 0 0 0 0 0 0 0 78 0 0 0 0 76 0 0 0 0 62 0 0 59 0 12 0 0 0 55 0 0 0 0 0 0 0 0 0 0 0 0 40 0 0 0 0 0 61 0 0 0 0 0 0 0 0 0 0 0 0 0 0 0 0 99 0 0 0 0 0 0 0 0 0 0 0 0 20 0 31 0 0 0 0 0 0 0 0 34 0 0 0 0 0 
0 0 0 46 0 0 6 0 0 0 0 0 0 0 0 0 0 79 0 0 0 0 0 0 0 95 0 0 0 18 0 0 0 0 0 0 0 0 10 50 0 0 0 0 0 0 0 0 0 6 0 0 0 0 0 0 0 0 0 0 0 0 65 0 0 0 0 0 0 0 0 0 0 0 0 49 0 0 0 53 0 0 0 0 0 0 0 0 0 0 0 0 0 0 0 0 0 0 0 0 
0 0 0 2 0 55 0 0 0 0 0 0 0 0 0 0 0 0 0 0 0 0 0 9 0 0 5 0 60 18 48 0 0 0 82 0 0 0 0 0 0 0 0 0 0 0 0 0 0 0 0 0 0 0 0 0 0 0 0 0 0 0 0 0 0 0 0 0 0 0 82 0 0 87 0 0 0 0 0 18 0 0 0 0 22 0 0 41 0 0 0 0 0 72 0 0 0 0 41 0 
0 0 0 0 0 71 0 0 0 0 0 0 78 0 0 0 0 0 0 0 0 0 0 0 0 0 0 0 0 0 76 0 0 0 0 0 0 0 0 0 0 0 0 0 0 0 57 0 0 0 0 0 8 0 0 0 0 0 0 0 0 52 0 0 0 0 0 0 22 0 0 0 94 0 0 0 0 0 0 0 0 0 0 0 37 0 0 0 0 0 58 0 0 0 88 0 0 0 10 0 
0 0 0 0 0 0 39 83 0 66 0 0 0 0 0 0 0 74 0 0 68 0 0 0 0 0 0 0 0 0 0 72 0 0 0 0 0 0 0 0 0 0 0 0 0 0 0 0 0 0 0 0 0 0 0 0 18 0 0 0 0 0 0 0 0 0 0 0 0 0 0 1 0 0 0 0 2 0 0 0 0 0 0 0 0 0 0 0 0 0 0 0 0 0 0 0 0 19 0 0 
0 0 22 0 0 0 0 0 0 29 0 0 0 79 0 0 74 0 0 0 0 0 0 0 0 0 0 0 0 0 0 0 0 0 0 0 0 3 0 0 0 0 0 0 0 0 0 0 0 0 0 0 42 0 0 0 0 0 1 0 30 0 0 0 56 93 0 0 0 0 39 0 0 0 0 0 0 0 0 21 0 0 75 0 0 0 0 0 0 0 0 0 42 0 0 0 0 0 0 0 
97 0 60 0 0 0 0 0 52 48 0 0 0 0 0 0 0 0 0 0 85 0 0 0 0 0 0 0 1 0 0 0 0 0 0 0 87 0 0 0 18 0 0 15 0 5 0 0 0 0 0 0 0 32 0 0 0 0 0 49 0 0 0 0 0 0 0 0 0 0 0 0 0 0 0 0 27 0 0 0 0 0 0 0 0 0 0 0 17 0 0 0 0 0 0 0 43 0 0 0 
0 0 0 76 0 0 0 44 0 0 0 0 0 0 0 0 0 0 0 0 55 0 0 0 0 0 0 0 0 0 0 53 0 0 0 0 0 96 0 0 0 0 0 0 0 0 0 0 0 0 0 0 0 0 0 40 42 0 92 0 0 0 0 0 0 0 0 0 0 0 0 0 0 40 0 0 0 0 0 0 0 0 0 0 0 0 0 0 47 0 0 64 9 0 0 0 0 0 0 0 
0 0 0 47 0 0 0 0 0 0 0 0 76 0 0 0 68 0 85 55 0 0 0 0 0 0 0 0 0 97 76 0 0 86 0 0 99 0 0 0 0 0 0 0 0 0 63 0 0 0 0 62 0 0 0 0 0 0 0 84 0 0 0 0 0 0 0 0 0 19 0 0 0 0 0 0 0 0 0 0 0 0 81 0 0 0 0 48 0 0 0 0 0 0 0 0 0 0 0 0 
0 0 0 0 43 0 0 0 0 0 0 0 0 0 0 0 0 0 0 0 0 0 0 0 0 0 34 0 0 0 0 60 0 0 0 0 0 0 0 70 0 0 0 0 0 0 0 0 0 0 0 94 63 0 0 33 0 0 0 0 97 0 0 0 0 0 0 0 0 0 0 0 0 0 0 0 0 0 0 0 61 0 0 34 0 0 0 0 0 52 0 0 0 0 0 95 37 0 0 0 
0 0 0 0 0 0 0 13 0 0 0 0 0 0 0 0 0 0 0 0 0 0 0 0 0 0 0 0 0 0 64 87 0 0 0 78 0 0 0 0 0 0 0 0 0 0 0 8 0 0 0 0 0 39 0 0 0 0 0 0 3 0 0 0 0 0 0 0 0 0 89 0 0 0 0 0 0 0 0 0 0 0 73 0 0 1 0 0 0 61 0 0 0 0 89 0 84 0 0 0 
0 0 0 0 0 0 0 63 0 0 0 0 0 0 9 0 0 0 0 0 0 0 0 0 14 0 0 0 0 0 0 0 0 0 0 0 0 0 0 0 0 0 0 0 0 0 0 0 0 0 0 0 0 0 0 0 0 94 0 44 0 0 44 28 0 0 0 0 0 0 0 0 0 0 0 85 0 0 0 75 0 73 0 0 0 0 0 0 0 0 54 0 0 0 0 0 0 92 0 0 
0 0 0 0 0 0 0 0 0 0 95 0 0 0 0 0 0 0 0 0 0 0 0 14 0 0 0 0 0 0 0 0 0 0 0 13 0 0 70 0 0 0 0 0 0 0 64 0 0 72 0 0 0 0 0 0 0 0 0 0 71 0 0 0 0 0 32 0 0 0 0 0 0 0 0 0 0 0 50 0 0 0 0 0 0 0 0 0 0 0 0 0 0 0 0 0 0 0 26 0 
0 0 0 0 0 0 0 0 0 0 0 56 62 95 0 0 0 0 0 0 0 0 0 0 0 0 0 0 0 38 0 0 0 0 0 0 0 0 0 0 0 5 0 0 61 0 0 0 0 0 0 54 0 0 0 0 96 0 0 82 0 0 0 0 0 0 29 0 48 0 0 0 38 0 0 0 0 0 0 0 0 82 0 0 0 0 0 0 0 0 0 0 0 0 42 0 0 0 0 0 
0 0 0 0 0 0 0 0 0 0 0 0 0 0 5 0 0 0 0 0 0 34 0 0 0 0 0 0 0 18 0 0 0 0 0 0 0 0 0 0 44 0 60 0 0 0 0 46 8 0 0 42 0 0 0 0 66 0 0 0 0 0 0 0 0 0 0 0 0 0 51 0 0 0 89 0 0 98 0 54 35 0 83 0 0 0 0 0 0 0 0 0 0 0 0 0 0 0 0 0 
0 0 0 34 0 0 0 0 0 0 0 0 0 0 0 0 0 0 0 0 0 0 0 0 0 0 0 0 0 0 0 0 0 0 0 0 0 25 0 0 0 0 0 0 0 97 0 0 0 0 0 0 0 58 0 0 19 0 0 0 0 0 0 0 0 0 0 0 0 0 0 0 0 6 31 0 0 0 0 0 0 0 0 0 33 57 0 0 0 0 0 0 5 45 0 0 0 0 0 0 
0 0 0 0 0 0 0 85 0 0 0 0 59 0 60 0 0 0 1 0 0 0 0 0 0 0 0 0 0 0 5 0 0 0 0 0 0 0 0 0 71 0 84 0 0 0 0 0 0 0 0 0 0 62 0 0 0 0 0 0 0 0 0 0 0 0 0 0 0 0 0 0 0 0 0 0 83 0 0 0 0 57 5 9 0 0 0 0 0 87 23 0 0 48 0 0 0 0 0 0 
85 0 0 0 0 0 0 0 0 0 0 0 0 18 18 0 0 0 0 0 97 0 0 0 0 38 18 0 0 0 0 0 0 0 0 0 0 0 47 0 0 0 0 68 0 0 0 0 78 0 0 0 0 0 0 0 0 0 0 0 0 65 0 21 0 0 0 56 0 0 0 98 0 0 0 0 0 0 0 0 0 0 0 0 87 0 0 0 0 0 3 0 0 0 0 0 0 0 0 0 
0 0 20 0 75 0 0 0 0 0 0 0 12 0 48 76 0 0 0 0 76 0 64 0 0 0 0 0 5 0 0 0 0 0 64 0 0 0 0 0 0 0 0 89 0 0 0 0 0 0 0 0 0 0 0 0 0 0 0 0 16 0 0 0 0 0 0 0 0 0 0 0 0 0 0 0 0 0 0 0 0 0 0 0 0 0 0 0 0 0 0 0 0 0 0 0 0 0 0 0 
0 0 0 0 0 0 0 0 0 0 0 51 0 0 0 0 72 0 0 53 0 60 87 0 0 0 0 0 0 0 0 0 10 0 0 0 0 0 0 89 0 0 0 0 0 0 0 72 0 0 0 0 0 0 61 0 0 0 0 0 50 10 0 0 0 0 0 33 0 0 0 0 0 0 14 0 0 0 0 0 0 0 0 0 0 0 0 0 0 0 0 0 0 35 0 0 0 0 20 0 
0 0 0 0 34 0 0 0 0 0 70 0 0 0 0 0 0 0 0 0 0 0 0 0 0 0 0 0 0 0 0 10 0 0 78 0 7 0 0 0 0 0 0 0 0 0 0 0 0 0 0 0 0 0 0 0 0 0 0 0 0 0 89 25 0 0 0 83 60 0 0 0 0 41 0 0 0 0 0 0 0 0 0 0 91 0 0 40 0 0 0 0 29 0 0 0 0 0 61 21 
0 56 0 0 0 0 0 0 0 0 0 0 0 0 0 0 0 0 0 0 86 0 0 0 0 0 0 0 0 0 0 0 0 0 11 0 0 0 0 0 0 0 0 0 0 0 0 0 0 0 0 65 0 0 0 0 0 0 68 2 0 0 0 0 0 0 0 0 0 0 5 0 1 0 86 0 0 0 0 0 0 0 0 0 0 0 0 0 0 0 0 0 0 0 49 0 0 0 0 0 
86 0 0 0 0 82 45 0 0 0 0 0 55 0 82 0 0 0 0 0 0 0 0 0 0 0 0 0 0 0 64 0 78 11 0 0 0 56 0 0 0 0 0 0 0 0 0 0 0 0 0 0 0 0 0 0 0 0 0 0 0 0 64 0 0 0 0 0 0 0 0 0 94 0 0 89 0 0 0 0 4 0 0 0 0 0 0 0 0 19 61 0 0 0 0 0 0 0 0 0 
0 0 0 0 0 0 54 0 5 0 0 0 0 0 0 0 0 0 0 0 0 0 78 0 13 0 0 0 0 0 0 0 0 0 0 0 0 0 73 0 0 98 0 0 0 0 0 0 0 99 0 82 0 0 0 0 35 0 53 92 0 0 0 0 0 0 0 0 0 0 12 49 0 0 0 0 0 0 0 0 0 0 0 0 0 0 0 0 0 0 36 0 0 0 0 0 0 0 0 0 
0 0 9 0 0 0 0 0 0 0 0 0 0 0 0 0 0 0 87 0 99 0 0 0 0 0 0 0 0 0 0 0 7 0 0 0 0 56 19 0 0 0 0 0 0 0 0 0 0 0 0 0 0 0 73 0 0 0 0 46 0 0 0 0 41 0 5 0 0 67 0 0 0 62 0 0 0 0 83 0 0 0 0 4 0 0 0 0 0 0 0 0 0 0 0 0 0 0 0 0 
0 0 0 0 0 0 0 0 0 59 0 56 0 0 0 0 0 3 0 96 0 0 0 0 0 0 0 25 0 0 0 0 0 0 56 0 56 0 0 52 0 0 77 0 0 0 28 0 0 0 78 0 0 0 0 0 0 0 0 0 0 0 0 0 0 0 0 0 0 0 0 0 0 0 0 0 0 0 0 53 0 65 0 0 0 0 0 0 0 0 0 0 0 92 0 0 0 0 41 0 
0 0 0 0 0 0 0 0 0 41 0 0 0 10 0 0 0 0 0 0 0 0 0 0 70 0 0 0 0 47 0 0 0 0 0 73 19 0 0 0 0 0 0 0 90 0 0 0 0 0 0 0 0 0 0 87 0 51 0 0 0 0 0 0 0 0 0 0 0 0 0 0 0 0 0 0 0 34 72 0 0 0 0 0 0 48 0 0 0 0 0 96 32 0 0 0 0 0 61 0 
0 0 0 0 0 0 0 0 0 0 0 0 0 50 0 0 0 0 0 0 0 70 0 0 0 0 0 0 0 0 0 89 0 0 0 0 0 52 0 0 0 0 0 0 0 0 0 0 0 14 0 82 0 0 0 67 0 0 0 0 0 0 0 84 0 0 0 0 0 0 0 0 0 0 0 0 0 0 27 0 0 0 0 0 0 0 0 94 19 0 0 0 0 0 0 39 0 0 0 0 
98 0 0 78 0 0 0 0 0 0 0 0 0 0 0 0 0 0 18 0 0 0 0 0 0 0 44 0 71 0 0 0 0 0 0 0 0 0 0 0 0 0 0 0 0 35 11 0 0 0 0 0 0 88 0 0 0 85 0 0 0 65 0 0 0 0 0 0 38 0 0 0 0 0 0 0 0 0 0 0 0 0 0 0 0 0 31 0 0 0 0 0 0 0 90 0 0 0 0 0 
0 0 0 0 0 44 0 0 0 52 0 77 0 0 0 0 0 0 0 0 0 0 0 0 0 5 0 0 0 0 0 0 0 0 0 98 0 0 0 0 0 0 0 0 6 0 0 0 68 0 0 0 0 48 0 0 0 0 0 40 0 0 0 52 0 0 0 0 0 0 26 0 0 0 0 0 0 0 0 73 0 0 0 0 0 0 0 0 0 0 0 71 0 0 0 0 0 0 0 0 
0 0 0 0 0 0 0 0 55 0 0 0 0 0 0 0 0 0 0 0 0 0 0 0 0 0 60 0 84 0 0 0 0 0 0 0 0 77 0 0 0 0 0 0 94 0 0 0 0 0 0 0 0 0 0 22 0 0 0 0 0 49 0 0 0 0 0 0 0 0 0 0 15 0 0 0 0 81 0 28 0 0 0 0 0 0 0 53 0 0 67 0 0 0 0 0 80 0 0 0 
0 31 0 0 0 73 87 0 0 0 0 2 0 0 0 0 0 0 15 0 0 0 0 0 0 0 0 0 0 68 89 0 0 0 0 0 0 0 0 0 0 0 0 0 0 93 98 0 0 0 0 0 0 0 64 0 0 0 0 0 0 7 0 0 0 0 0 0 27 0 0 0 63 0 0 0 0 0 0 0 0 0 0 0 2 0 0 0 0 0 0 0 0 0 0 0 0 21 0 0 
0 0 0 0 0 34 72 0 0 0 0 66 0 0 0 0 0 0 0 0 0 0 0 0 0 61 0 0 0 0 0 0 0 0 0 0 0 0 90 0 0 6 94 0 0 0 0 0 0 0 0 0 0 0 0 0 0 0 0 0 0 0 0 0 0 0 0 45 0 57 0 0 0 0 0 0 0 0 33 0 0 0 0 0 0 0 95 32 0 0 0 0 0 0 0 0 18 24 0 0 
0 0 0 0 0 0 20 0 0 0 0 0 0 0 0 0 0 0 5 0 0 0 0 0 0 0 0 97 0 0 0 0 0 0 0 0 0 0 0 0 35 0 0 93 0 0 0 34 0 0 0 0 0 0 8 0 0 0 0 0 0 0 0 0 0 0 0 0 0 0 0 0 20 0 90 0 0 0 0 0 93 0 37 0 0 54 0 77 0 18 0 0 0 0 0 0 0 0 0 54 
0 0 0 62 16 0 0 0 37 0 0 0 0 0 0 57 0 0 0 0 63 0 0 0 64 0 0 0 0 0 0 0 0 0 0 0 0 28 0 0 11 0 0 98 0 0 0 39 0 0 0 0 0 10 0 0 0 0 0 0 0 0 0 0 36 0 0 65 89 0 0 13 0 0 0 0 0 0 0 0 0 0 0 0 0 0 0 0 0 0 0 0 0 0 0 0 0 0 0 0 
0 0 0 0 0 0 6 0 0 0 74 0 40 0 0 0 0 0 0 0 0 0 8 0 0 0 46 0 0 0 0 72 0 0 0 0 0 0 0 0 0 0 0 0 0 34 39 0 0 0 0 0 0 0 0 0 0 0 0 0 0 0 0 0 40 0 5 0 0 0 0 86 35 0 0 0 0 0 0 0 83 0 0 0 0 0 0 0 0 0 0 0 0 0 0 0 0 0 0 0 
0 0 0 0 0 0 17 0 0 0 0 0 0 0 0 0 0 0 0 0 0 0 0 0 0 0 8 0 0 78 0 0 0 0 0 0 0 0 0 0 0 68 0 0 0 0 0 0 0 0 0 58 0 0 0 0 0 0 37 0 0 0 0 62 0 68 0 0 0 56 99 25 0 0 0 0 0 0 0 0 0 0 0 0 61 0 0 57 0 0 0 0 0 0 0 0 88 0 0 0 
0 0 0 0 5 0 6 0 48 0 0 0 0 6 0 0 0 0 0 0 0 0 0 0 72 0 0 0 0 0 0 0 0 0 0 99 0 0 0 14 0 0 0 0 0 0 0 0 0 0 0 0 0 0 0 0 0 0 0 0 23 0 64 90 83 0 0 0 44 0 0 0 0 0 0 0 0 0 0 34 0 0 0 0 0 0 0 0 0 26 0 0 0 0 0 0 0 0 20 0 
0 0 25 0 0 0 0 0 0 0 0 0 0 0 0 0 0 0 0 0 0 0 0 0 0 0 0 0 0 0 0 0 0 0 0 0 0 78 0 0 0 0 0 0 0 0 0 0 0 0 0 0 0 0 0 0 0 0 0 0 0 0 11 13 0 0 0 0 0 0 0 0 0 0 0 0 0 89 0 0 10 22 6 0 0 0 0 0 0 0 0 0 53 0 0 0 0 0 0 0 
0 0 0 0 0 0 0 0 0 0 0 0 0 0 0 0 0 0 0 0 62 94 0 0 0 54 42 0 0 0 0 0 0 65 0 82 0 0 0 82 0 0 0 0 0 0 0 0 58 0 0 0 0 0 0 0 0 54 0 0 0 94 0 0 0 0 0 0 0 0 0 0 0 0 0 0 91 0 0 0 0 0 0 0 0 0 0 0 0 0 36 0 0 0 0 62 8 0 6 0 
90 0 0 0 0 0 98 0 0 2 0 0 0 0 0 8 0 42 0 0 0 63 0 0 0 0 0 0 0 0 0 0 0 0 0 0 0 0 0 0 0 0 0 0 0 0 0 0 0 0 0 0 0 0 0 0 0 0 0 62 0 0 0 0 59 44 0 0 0 0 0 0 0 27 0 45 0 91 0 0 0 0 0 55 36 0 0 0 0 54 0 0 0 0 0 0 0 0 0 0 
0 0 0 0 0 0 0 0 0 0 0 30 61 0 0 0 0 0 32 0 0 0 39 0 0 0 0 58 62 0 0 0 0 0 0 0 0 0 0 0 88 48 0 0 0 0 10 0 0 0 0 0 0 0 67 0 0 0 0 75 37 0 0 0 0 0 0 0 0 0 0 0 95 37 0 0 0 0 0 66 0 0 0 0 0 0 0 0 0 0 0 0 0 0 0 0 0 0 0 0 
0 0 0 0 0 0 0 0 0 0 0 0 0 0 0 0 0 0 0 0 0 0 0 0 0 0 0 0 0 0 0 61 0 0 0 0 73 0 0 0 0 0 0 64 0 8 0 0 0 0 0 0 0 67 0 69 0 0 0 0 0 0 0 0 0 0 0 0 0 0 0 0 0 0 0 0 0 0 0 0 0 48 0 0 6 0 0 0 0 0 0 0 0 0 0 0 0 0 0 0 
0 0 0 0 5 0 0 0 0 0 0 6 0 0 0 0 0 0 0 40 0 33 0 0 0 0 0 0 0 0 0 0 0 0 0 0 0 0 87 67 0 0 22 0 0 0 0 0 0 0 0 0 0 0 69 0 0 0 0 0 0 0 0 0 0 0 0 0 0 0 0 0 0 0 0 0 12 0 0 0 2 0 0 60 0 0 87 0 0 0 0 0 0 0 0 0 0 97 0 77 
0 0 0 0 81 0 0 0 0 0 0 86 0 0 0 0 18 0 0 42 0 0 0 0 0 96 66 19 0 0 0 0 0 0 0 35 0 0 0 0 0 0 0 0 0 0 0 0 0 0 0 0 0 0 0 0 0 0 0 0 87 0 0 0 0 0 0 0 0 0 40 0 0 0 0 0 85 0 23 0 82 35 31 0 0 0 0 0 0 0 0 0 0 0 0 0 0 0 0 0 
0 0 0 0 0 54 0 19 0 0 0 0 0 0 0 0 0 0 0 0 0 0 0 94 0 0 0 0 0 0 0 0 0 0 0 0 0 0 51 0 85 0 0 0 0 0 0 0 0 0 0 54 0 0 0 0 0 0 0 0 23 0 0 0 58 46 30 0 0 0 0 0 0 0 0 0 0 0 0 0 0 0 0 32 0 0 0 0 0 52 0 0 0 0 0 0 0 0 0 0 
0 0 1 0 0 0 0 0 0 0 42 0 0 0 0 0 0 1 0 92 0 0 0 0 0 0 0 0 0 0 0 0 0 68 0 53 0 0 0 0 0 0 0 0 0 0 0 0 37 0 0 0 0 0 0 0 0 0 0 0 0 0 0 0 0 69 0 84 0 0 0 0 0 0 5 0 0 0 0 0 0 0 0 70 0 0 0 29 0 0 0 0 47 35 51 0 0 0 0 0 
0 0 86 26 0 0 0 0 0 0 0 0 0 0 0 0 0 0 49 0 84 0 0 44 0 82 0 0 0 0 0 0 0 2 0 92 46 0 0 0 0 40 0 0 0 0 0 0 0 0 0 0 62 75 0 0 0 0 0 0 0 0 0 66 0 0 0 0 0 0 0 0 0 0 0 0 0 0 0 0 0 0 0 54 0 0 0 0 0 0 0 0 0 0 0 0 15 0 0 0 
0 0 0 0 0 0 0 0 0 0 0 0 0 0 0 0 0 30 0 0 0 97 3 0 71 0 0 0 0 0 16 50 0 0 0 0 0 0 0 0 0 0 0 0 0 0 0 0 0 23 0 0 0 37 0 0 87 23 0 0 0 53 19 0 0 0 49 0 0 0 0 0 0 0 0 0 0 0 33 0 63 0 0 0 0 0 0 0 0 0 0 0 0 0 0 0 0 0 0 0 
0 0 0 0 0 0 0 0 0 0 52 0 0 0 0 52 0 0 0 0 0 0 0 0 0 0 0 0 0 65 0 10 0 0 0 0 0 0 0 0 65 0 49 7 0 0 0 0 0 0 0 94 0 0 0 0 0 0 0 0 53 0 0 0 0 65 34 0 0 0 0 0 0 0 0 0 91 0 0 0 0 0 0 0 0 0 0 0 0 0 0 0 0 0 0 0 0 0 95 43 
0 0 0 0 0 11 0 0 94 0 0 0 0 65 0 0 0 0 0 0 0 0 0 44 0 0 0 0 0 0 0 0 89 0 64 0 0 0 0 0 0 0 0 0 0 0 0 0 0 64 11 0 0 0 0 0 0 0 0 0 19 0 0 0 0 0 0 0 76 0 0 0 0 0 0 0 0 0 0 27 0 0 0 0 0 0 10 0 88 0 0 0 36 0 65 0 0 0 0 0 
0 0 89 0 0 0 30 0 0 0 0 0 0 0 0 0 0 0 0 0 0 0 0 28 0 0 0 0 0 21 0 0 25 0 0 0 0 0 0 84 0 52 0 0 0 0 0 0 62 90 13 0 0 0 0 0 0 0 0 66 0 0 0 0 0 0 0 0 0 0 0 0 0 0 0 0 0 0 0 0 0 0 0 0 93 94 0 71 0 0 0 0 0 0 0 0 0 0 0 0 
0 0 0 42 0 0 0 0 0 0 0 0 0 0 0 0 0 56 0 0 0 0 0 0 0 0 0 0 0 0 0 0 0 0 0 0 41 0 0 0 0 0 0 0 0 0 36 40 0 83 0 0 59 0 0 0 0 58 0 0 0 0 0 0 0 0 0 0 0 0 0 0 0 0 0 0 0 0 0 0 0 0 0 0 0 0 0 0 0 0 0 0 0 0 0 16 85 0 0 0 
0 0 0 0 0 0 0 35 0 0 0 92 0 0 0 0 0 93 0 0 0 0 0 0 0 0 0 0 0 0 0 0 0 0 0 0 0 0 0 0 0 0 0 0 0 0 0 0 68 0 0 0 44 0 0 0 0 46 69 0 0 65 0 0 0 0 97 0 0 0 0 0 0 0 0 8 0 0 0 0 0 0 0 0 0 0 0 0 25 0 23 0 0 0 0 0 0 0 0 0 
0 0 0 0 38 81 0 89 0 0 0 0 0 0 0 0 0 0 0 0 0 0 0 0 32 29 0 0 0 0 0 0 0 0 0 0 5 0 0 0 0 0 0 0 0 0 0 5 0 0 0 0 0 0 0 0 0 30 0 0 49 34 0 0 0 97 0 0 0 0 0 0 0 0 0 0 0 0 0 0 0 36 0 0 0 5 0 61 0 0 0 25 0 0 0 0 0 0 0 0 
16 0 0 0 0 0 0 0 0 0 78 0 0 0 0 0 0 0 0 0 0 0 0 0 0 0 0 0 0 56 0 33 83 0 0 0 0 0 0 0 0 0 0 0 45 0 65 0 0 0 0 0 0 0 0 0 0 0 84 0 0 0 0 0 0 0 0 0 0 0 0 25 0 0 0 0 0 0 0 0 69 0 0 0 0 20 0 0 0 36 0 3 0 0 0 0 0 0 0 0 
0 0 0 0 0 0 0 0 0 0 0 0 0 0 0 22 0 0 0 0 0 0 0 0 0 48 0 0 0 0 0 0 60 0 0 0 0 0 0 0 38 0 0 27 0 0 89 0 0 44 0 0 0 0 0 0 0 0 0 0 0 0 76 0 0 0 0 0 0 0 0 0 0 0 88 0 0 0 0 0 0 0 38 92 2 0 0 0 0 0 0 0 0 0 0 0 0 91 0 0 
0 0 51 0 0 0 0 0 0 0 0 10 0 0 0 0 0 0 0 0 19 0 0 0 0 0 0 0 0 0 0 0 0 0 0 0 67 0 0 0 0 0 0 0 57 0 0 0 56 0 0 0 0 0 0 0 0 0 0 0 0 0 0 0 0 0 0 0 0 0 30 0 0 0 0 0 0 86 0 0 0 59 0 0 0 0 0 0 96 0 0 0 0 0 0 0 70 0 63 41 
0 0 0 0 0 27 0 0 0 0 0 0 99 0 82 0 0 39 0 0 0 0 89 0 0 0 51 0 0 0 0 0 0 5 0 12 0 0 0 0 0 26 0 0 0 0 0 0 99 0 0 0 0 0 0 0 40 0 0 0 0 0 0 0 0 0 0 0 0 30 0 43 0 0 0 81 0 0 0 0 0 0 81 0 0 0 0 0 0 0 0 0 0 0 0 0 0 0 0 0 
0 35 0 0 0 0 0 0 0 0 0 0 0 0 0 0 1 0 0 0 0 0 0 0 0 0 0 0 0 98 0 0 0 0 0 49 0 0 0 0 0 0 0 0 0 0 13 86 25 0 0 0 0 0 0 0 0 0 0 0 0 0 0 0 0 0 0 25 0 0 43 0 0 0 0 0 0 56 0 90 0 0 27 0 0 0 0 81 16 0 0 0 0 0 0 0 43 0 0 0 
0 68 0 60 0 0 0 0 0 0 0 0 0 0 0 94 0 0 0 0 0 0 0 0 0 38 0 0 0 0 0 0 0 1 94 0 0 0 0 0 0 0 15 63 0 20 0 35 0 0 0 0 0 95 0 0 0 0 0 0 0 0 0 0 0 0 0 0 0 0 0 0 0 0 0 0 0 12 0 0 0 0 0 0 0 0 0 0 0 0 0 0 0 0 63 0 0 0 88 75 
0 0 0 0 0 0 0 0 17 0 0 0 0 0 87 0 0 0 0 40 0 0 0 0 0 0 0 6 0 0 0 0 41 0 0 0 62 0 0 0 0 0 0 0 0 0 0 0 0 0 0 0 27 37 0 0 0 0 0 0 0 0 0 0 0 0 0 0 0 0 0 0 0 0 58 0 60 0 0 0 67 0 49 0 0 0 0 0 9 19 20 0 0 0 0 0 0 0 0 0 
48 0 0 0 0 0 0 53 0 0 0 3 0 0 0 0 0 0 0 0 0 0 0 0 0 0 89 31 0 0 0 14 0 86 0 0 0 0 0 0 0 0 0 0 0 90 0 0 0 0 0 0 0 0 0 0 0 0 5 0 0 0 0 0 0 0 0 0 88 0 0 0 0 58 0 69 0 0 0 0 0 0 0 0 0 0 0 71 51 17 0 0 0 0 0 0 0 0 0 0 
0 0 0 0 0 0 0 0 0 8 0 0 0 49 0 0 0 0 0 0 0 0 0 85 0 0 0 0 0 0 0 0 0 0 89 0 0 0 0 0 0 0 0 0 0 0 0 0 0 0 0 0 45 0 0 0 0 0 0 0 0 0 0 0 0 8 0 0 0 0 81 0 0 0 69 0 0 0 23 0 0 0 0 39 0 0 0 0 0 0 7 0 0 0 0 0 0 0 0 0 
0 0 0 0 0 48 0 0 0 0 0 12 0 0 0 0 2 0 27 0 0 0 0 0 0 0 0 0 83 0 0 0 0 0 0 0 0 0 0 0 0 0 0 0 0 0 0 0 0 0 0 91 0 0 0 12 85 0 0 0 0 91 0 0 0 0 0 0 0 0 0 0 0 60 0 0 0 0 75 0 0 44 53 0 0 0 0 0 0 0 0 0 0 0 0 0 0 0 0 76 
0 15 0 0 0 0 0 48 0 0 0 0 0 0 0 0 0 0 0 0 0 0 0 0 0 0 98 0 0 0 0 0 0 0 0 0 0 0 34 0 0 0 81 0 0 0 0 0 0 0 89 0 91 0 0 0 0 0 0 0 0 0 0 0 0 0 0 0 0 86 0 56 12 0 0 0 0 0 0 0 0 0 0 0 93 0 0 0 0 0 0 0 43 0 16 77 0 0 0 13 
0 0 0 13 0 0 0 0 57 69 0 0 0 0 0 0 0 0 0 0 0 0 0 0 50 0 0 0 0 0 0 0 0 0 0 0 83 0 72 27 0 0 0 0 33 0 0 0 0 0 0 0 0 0 0 0 23 0 0 0 33 0 0 0 0 0 0 0 0 0 0 0 0 0 0 23 75 0 0 0 0 0 0 0 0 0 0 0 0 0 0 38 0 0 0 0 37 0 0 0 
0 0 0 0 0 0 0 0 0 0 0 0 0 53 18 0 0 21 0 0 0 0 0 75 0 0 54 0 0 0 0 0 0 0 0 0 0 53 0 0 0 73 28 0 0 0 0 0 0 34 0 0 0 66 0 0 0 0 0 0 0 0 27 0 0 0 0 0 0 0 0 90 0 0 0 0 0 0 0 0 0 0 0 0 0 0 0 0 0 61 35 0 0 43 0 0 0 0 0 0 
0 0 11 0 0 0 0 0 0 16 0 0 0 0 0 0 0 0 0 0 0 61 0 0 0 0 35 0 0 0 0 0 0 0 4 0 0 0 0 0 0 0 0 0 0 93 0 83 0 0 10 0 0 0 0 2 82 0 0 0 63 0 0 0 0 0 0 69 0 0 0 0 0 67 0 0 0 0 0 0 0 0 0 0 0 0 0 0 0 0 0 0 11 0 14 0 0 0 0 0 
11 0 0 0 0 0 0 0 0 0 0 0 0 0 0 0 0 0 0 0 0 0 0 73 0 82 0 0 57 0 0 0 0 0 0 0 0 65 0 0 0 0 0 0 0 0 0 0 0 0 22 0 0 0 48 0 35 0 0 0 0 0 0 0 0 0 36 0 0 59 0 0 0 0 0 0 44 0 0 0 0 0 0 0 0 0 54 0 0 0 0 26 0 12 0 0 0 0 0 0 
0 0 0 0 0 0 0 0 0 0 0 0 0 0 0 0 0 75 0 0 81 0 73 0 0 0 83 0 5 0 0 0 0 0 0 0 0 0 0 0 0 0 0 0 0 37 0 0 0 0 6 0 0 0 0 0 31 0 0 0 0 0 0 0 0 0 0 0 38 0 81 27 0 49 0 0 53 0 0 0 0 0 0 0 0 0 0 0 0 0 0 0 48 0 0 0 0 0 0 0 
0 0 68 0 0 0 2 0 0 0 0 0 20 0 0 0 0 0 0 0 0 34 0 0 0 0 0 0 9 0 0 0 0 0 0 0 4 0 0 0 0 0 0 0 0 0 0 0 0 0 0 0 55 0 0 60 0 32 70 54 0 0 0 0 0 0 0 0 92 0 0 0 0 0 0 39 0 0 0 0 0 0 0 0 0 0 0 0 0 0 0 0 0 0 0 65 54 0 0 0 
0 61 0 0 19 0 0 0 0 0 0 0 0 0 22 37 0 0 0 0 0 0 0 0 0 0 0 33 0 87 0 0 91 0 0 0 0 0 0 0 0 0 0 2 0 0 0 0 61 0 0 0 36 0 6 0 0 0 0 0 0 0 0 93 0 0 0 0 2 0 0 0 0 0 0 0 0 93 0 0 0 0 0 0 0 0 0 0 0 0 0 0 0 0 0 0 0 0 0 81 
0 52 4 0 56 0 0 0 0 0 0 0 31 0 0 0 0 0 0 0 0 0 1 0 0 0 0 57 0 0 0 0 0 0 0 0 0 0 48 0 0 0 0 0 0 54 0 0 0 0 0 0 0 0 0 0 0 0 0 0 0 0 0 94 0 0 5 20 0 0 0 0 0 0 0 0 0 0 0 0 0 0 0 0 0 0 0 0 0 0 0 0 0 0 0 0 0 0 0 0 
0 0 36 0 0 0 0 0 0 0 0 0 0 0 0 0 0 0 0 0 0 0 0 0 0 0 0 0 0 0 0 0 0 0 0 0 0 0 0 0 31 0 0 0 95 0 0 0 0 0 0 0 0 0 0 87 0 0 0 0 0 0 10 0 0 0 0 0 0 0 0 0 0 0 0 0 0 0 0 0 0 54 0 0 0 0 0 0 0 11 0 52 0 70 27 70 0 0 0 0 
0 0 0 0 80 0 0 0 0 0 0 0 0 0 41 0 0 0 0 0 48 0 0 0 0 0 0 0 0 0 0 0 40 0 0 0 0 0 0 94 0 0 53 0 32 77 0 0 57 0 0 0 0 0 0 0 0 0 29 0 0 0 0 71 0 0 61 0 0 0 0 81 0 0 71 0 0 0 0 0 0 0 0 0 0 0 0 0 0 0 0 0 0 0 0 0 98 0 0 0 
94 0 0 0 0 0 0 17 85 13 0 0 0 0 0 0 0 0 17 47 0 0 0 0 0 0 0 0 0 0 0 0 0 0 0 0 0 0 0 19 0 0 0 0 0 0 0 0 0 0 0 0 0 0 0 0 0 0 0 0 0 0 88 0 0 25 0 0 0 96 0 16 0 9 51 0 0 0 0 0 0 0 0 0 0 0 0 0 0 0 0 0 0 0 0 0 0 10 0 75 
0 0 0 0 0 81 0 0 0 48 0 0 0 0 0 0 0 0 0 0 0 52 61 0 0 0 0 0 87 0 0 0 0 0 19 0 0 0 0 0 0 0 0 0 0 18 0 0 0 26 0 0 54 0 0 0 0 52 0 0 0 0 0 0 0 0 0 36 0 0 0 0 0 19 17 0 0 0 0 61 0 0 0 0 0 0 11 0 0 0 0 0 0 0 0 0 0 0 0 0 
0 0 0 0 0 0 0 0 0 0 0 0 0 0 0 58 0 0 0 0 0 0 0 54 0 0 0 0 23 3 0 0 0 0 61 36 0 0 0 0 0 0 67 0 0 0 0 0 0 0 0 36 0 0 0 0 0 0 0 0 0 0 0 0 0 23 0 0 0 0 0 0 0 20 0 7 0 0 0 35 0 0 0 0 0 0 0 0 0 0 0 0 0 0 0 0 0 0 0 0 
0 0 0 0 0 0 0 78 0 0 0 0 0 0 0 0 0 0 0 64 0 0 0 0 0 0 0 0 0 0 0 0 0 0 0 0 0 0 96 0 0 71 0 0 0 0 0 0 0 0 0 0 0 0 0 0 0 0 0 0 0 0 0 0 0 0 25 3 0 0 0 0 0 0 0 0 0 0 38 0 0 26 0 0 0 0 52 0 0 0 0 0 66 0 0 0 0 0 0 0 
0 0 0 0 0 0 0 0 0 0 60 0 0 0 0 0 0 42 0 9 0 0 0 0 0 0 0 5 0 0 0 0 29 0 0 0 0 0 32 0 0 0 0 0 0 0 0 0 0 0 53 0 0 0 0 0 0 0 47 0 0 0 36 0 0 0 0 0 0 0 0 0 0 0 0 0 0 43 0 0 11 0 48 0 0 0 0 0 0 0 0 66 0 0 0 0 0 60 0 0 
0 0 0 53 0 0 0 0 0 0 0 0 0 0 72 0 0 0 0 0 0 0 0 0 0 0 0 45 48 0 0 35 0 0 0 0 0 92 0 0 0 0 0 0 0 0 0 0 0 0 0 0 0 0 0 0 0 0 35 0 0 0 0 0 0 0 0 0 0 0 0 0 0 0 0 0 0 0 0 43 0 12 0 0 0 0 70 0 0 0 0 0 0 0 0 0 0 0 0 0 
4 0 0 0 0 0 0 0 0 0 0 0 34 0 0 88 0 0 0 0 0 0 89 0 0 42 0 0 0 0 0 0 0 49 0 0 0 0 0 0 90 0 0 0 0 0 0 0 0 0 0 0 0 0 0 0 0 0 51 0 0 0 65 0 0 0 0 0 0 0 0 0 63 0 0 0 0 16 0 0 14 0 0 0 0 0 27 0 0 0 0 0 0 0 0 0 0 58 0 0 
0 36 0 0 0 62 0 0 0 29 0 28 0 0 0 0 0 0 0 0 0 95 0 0 0 0 0 0 0 0 0 0 0 0 0 0 0 0 0 39 0 0 0 0 0 0 0 0 0 0 0 62 0 0 0 0 0 0 0 0 0 0 0 0 16 0 0 0 0 0 0 0 0 0 0 0 0 77 0 0 0 0 0 65 0 0 70 0 0 0 0 0 0 0 0 0 0 0 0 0 
0 0 0 0 0 0 0 0 0 64 0 0 0 0 0 0 0 0 43 0 0 37 84 0 0 0 0 0 0 0 0 0 0 0 0 0 0 0 0 0 0 0 80 0 18 0 0 0 88 0 0 8 0 0 0 0 0 0 0 15 0 0 0 0 85 0 0 0 0 70 0 43 0 0 0 0 0 0 37 0 0 0 0 54 0 0 0 98 0 0 0 0 0 0 0 0 0 0 0 0 
0 0 0 0 0 0 0 0 100 0 27 0 0 0 0 0 19 0 0 0 0 0 0 92 0 0 0 0 0 0 0 0 0 0 0 0 0 0 0 0 0 0 0 21 24 0 0 0 0 0 0 0 0 0 0 97 0 0 0 0 0 0 0 0 0 0 0 0 91 0 0 0 0 0 0 0 0 0 0 0 0 0 0 0 0 0 0 0 10 0 0 0 60 0 58 0 0 0 0 0 
0 0 91 0 37 0 0 0 0 0 0 0 0 0 41 10 0 0 0 0 0 0 0 0 26 0 0 0 0 0 0 20 61 0 0 0 0 41 61 0 0 0 0 0 0 0 0 0 0 20 0 6 0 0 0 0 0 0 0 0 0 95 0 0 0 0 0 0 0 63 0 0 88 0 0 0 0 0 0 0 0 0 0 0 0 0 0 0 0 0 0 0 0 0 0 0 0 0 0 0 
79 0 0 35 0 0 0 92 53 0 0 92 0 0 0 0 0 0 0 0 0 0 0 0 0 0 0 0 0 0 0 0 21 0 0 0 0 0 0 0 0 0 0 0 0 54 0 0 0 0 0 0 0 0 0 77 0 0 0 0 0 43 0 0 0 0 0 0 0 41 0 0 75 0 0 0 76 13 0 0 0 0 0 0 81 0 0 0 75 0 0 0 0 0 0 0 0 0 0 0 
