0 0 0 0 0 0 0 94 0 0 0 0 0 0 0 87 0 0 0 0 0 13 0 81 0 0 0 0 0 0 0 0 0 0 0 0 9 0 0 0 0 0 0 0 0 0 0 0 41 0 0 0 0 0 0 0 30 0 0 0 0 0 0 0 0 0 0 0 0 0 0 82 0 0 0 0 100 0 74 0 0 0 0 0 0 0 0 0 0 0 0 0 0 0 0 0 0 0 22 0 
0 0 0 0 0 0 0 0 0 0 0 41 0 0 0 0 36 0 0 0 0 0 34 0 0 0 0 0 0 44 0 0 0 0 0 0 0 65 0 0 0 0 0 0 0 0 0 0 0 0 0 0 0 0 27 0 0 66 0 0 35 0 0 0 0 6 0 0 0 0 0 0 0 0 0 0 0 0 0 0 0 0 0 0 0 0 0 0 0 0 0 0 0 0 0 0 0 0 0 28 
0 0 0 0 0 0 0 0 0 0 0 0 0 100 0 76 0 0 0 0 0 0 12 0 0 0 0 0 0 0 0 0 43 47 0 0 0 0 95 0 0 0 0 0 0 0 0 0 0 0 0 0 0 80 54 0 0 93 0 0 0 0 0 0 0 0 0 81 0 0 87 0 0 0 0 0 0 0 0 0 0 0 0 0 0 37 0 0 0 29 49 0 0 0 0 0 57 0 0 0 
0 0 0 0 0 0 0 0 0 0 0 0 0 0 0 0 0 0 0 19 0 0 0 0 0 0 0 0 0 0 0 0 0 0 0 0 0 0 0 0 0 98 0 7 0 0 40 0 0 0 0 0 0 0 0 0 0 0 0 70 0 85 83 21 0 0 0 0 0 0 0 99 77 0 0 14 0 0 0 0 0 0 0 0 0 0 0 0 0 0 0 0 83 23 0 0 0 0 40 0 
0 0 0 0 0 0 0 58 0 0 41 7 0 0 0 0 0 0 0 47 0 11 0 0 19 0 0 0 0 70 0 0 0 0 0 0 0 0 0 0 97 0 0 0 0 0 0 0 0 98 0 0 0 0 0 0 0 0 0 0 0 0 0 0 0 0 0 0 0 0 0 0 0 84 94 0 0 0 0 0 0 0 26 30 0 0 0 0 13 0 0 0 0 0 0 0 0 0 0 58 
0 0 0 0 0 0 0 0 0 0 0 0 33 0 0 0 0 0 0 0 0 0 0 0 0 0 0 0 0 0 24 0 0 0 81 79 0 0 33 0 0 0 0 0 23 0 0 0 93 0 0 0 0 0 0 0 0 0 0 0 0 0 4 0 1 18 0 0 0 0 0 0 0 11 0 44 0 0 67 0 0 0 0 0 73 0 0 0 0 0 0 5 0 0 0 0 0 0 0 0 
0 0 0 0 0 0 0 0 0 0 0 0 0 42 0 0 0 0 0 0 0 0 0 0 0 0 6 0 0 0 0 0 0 67 0 21 0 0 0 0 56 86 0 0 0 10 0 31 0 0 0 0 0 0 0 6 0 0 0 0 0 0 0 0 18 0 0 0 0 34 0 0 55 0 0 0 0 90 0 1 0 0 0 0 0 0 0 0 0 0 0 0 4 0 0 0 0 0 0 0 
94 0 0 0 58 0 0 0 0 0 0 17 0 77 16 80 0 26 0 0 18 0 0 0 0 0 0 0 0 0 0 0 32 0 0 0 0 0 0 0 66 0 0 0 0 0 0 0 0 0 0 0 0 0 0 0 0 0 0 0 0 0 0 0 0 0 75 0 0 0 0 0 0 0 0 0 0 0 0 0 0 32 0 0 0 0 0 0 0 0 0 62 0 0 0 0 47 0 51 0 
0 0 0 0 0 0 0 0 0 0 0 0 0 55 0 0 0 0 46 0 0 0 0 34 64 91 0 0 0 0 0 0 0 98 0 0 0 0 0 0 0 0 0 0 0 72 0 0 0 0 0 0 0 0 0 0 0 8 0 0 0 0 0 0 0 0 0 0 0 0 0 0 0 0 0 0 0 0 0 0 0 0 0 85 0 0 0 0 0 0 30 51 0 0 0 0 0 0 0 0 
0 0 0 0 0 0 0 0 0 0 0 0 0 0 0 0 53 0 0 0 0 69 0 0 0 0 55 46 0 0 0 0 0 0 0 0 0 0 67 0 72 0 0 0 0 0 0 0 0 29 0 0 0 0 0 0 0 0 0 0 63 0 0 0 0 0 0 0 0 0 0 0 0 0 0 0 78 95 25 52 81 0 0 0 0 0 0 0 0 0 0 0 0 0 0 79 0 96 0 0 
0 0 0 0 41 0 0 0 0 0 0 22 0 0 0 0 0 88 0 9 0 0 0 0 0 0 0 0 0 0 76 0 0 0 0 0 60 0 0 0 0 0 0 0 0 0 0 0 0 0 0 0 0 0 0 0 0 0 0 0 0 0 55 0 0 0 0 0 95 0 0 0 0 0 0 0 0 0 0 0 0 0 0 0 0 0 43 0 0 0 0 39 0 29 0 0 0 0 0 0 
0 41 0 0 7 0 0 17 0 0 22 0 0 0 0 0 0 0 0 0 0 90 0 0 0 0 0 0 0 0 0 0 0 0 41 0 0 0 0 0 0 0 0 0 0 0 0 0 0 0 0 36 0 0 0 0 0 0 0 0 0 0 0 0 0 0 0 0 0 0 0 0 0 0 0 0 0 0 0 0 0 0 0 0 0 0 0 0 0 0 0 0 16 0 0 0 0 0 0 0 
0 0 0 0 0 33 0 0 0 0 0 0 0 0 0 0 0 0 0 0 0 0 0 0 0 0 0 0 0 0 0 7 0 40 0 0 72 0 48 0 0 12 41 0 0 0 55 97 0 0 0 0 0 0 0 0 0 0 0 0 0 0 0 0 0 0 10 0 0 82 13 35 0 0 0 0 0 0 0 0 0 0 0 0 0 17 0 0 0 0 0 0 0 0 71 0 0 0 0 0 
0 0 100 0 0 0 42 77 55 0 0 0 0 0 0 0 0 0 5 19 0 0 0 0 0 0 0 0 0 0 0 0 0 0 0 0 0 4 0 0 0 0 0 0 0 0 0 0 0 0 0 0 0 0 0 0 0 0 0 0 0 0 70 0 0 0 58 0 0 93 0 20 0 0 0 0 0 0 0 0 0 0 0 0 50 0 0 0 0 93 0 0 85 0 0 0 0 0 38 0 
0 0 0 0 0 0 0 16 0 0 0 0 0 0 0 0 0 0 0 0 76 0 0 0 0 0 0 0 98 0 0 0 0 0 0 0 0 0 0 0 0 0 31 0 0 0 65 0 0 0 0 30 0 100 0 0 0 0 89 0 0 0 4 0 0 0 0 0 0 0 0 0 0 0 0 0 0 0 0 0 0 0 0 0 0 0 0 0 0 0 0 0 0 0 0 0 0 0 0 88 
87 0 76 0 0 0 0 80 0 0 0 0 0 0 0 0 71 0 0 0 0 0 0 0 23 0 84 0 0 73 0 0 0 0 0 0 0 0 0 0 0 0 0 0 0 0 0 0 0 0 42 0 0 0 0 0 0 79 0 0 0 0 0 0 0 0 0 0 26 0 69 0 0 68 25 0 0 0 0 0 0 0 0 13 0 0 0 0 0 0 0 0 0 0 0 0 38 0 0 0 
0 36 0 0 0 0 0 0 0 53 0 0 0 0 0 71 0 0 0 0 0 0 0 0 0 0 0 0 0 0 0 0 0 69 0 32 0 0 0 0 5 0 97 35 0 0 0 0 0 0 0 0 0 0 0 0 67 0 0 0 70 0 0 0 0 0 0 0 0 0 0 75 0 0 0 0 24 0 0 98 0 0 0 0 56 0 0 0 0 0 100 0 0 0 0 0 0 0 0 0 
0 0 0 0 0 0 0 26 0 0 88 0 0 0 0 0 0 0 0 0 89 0 0 0 56 0 0 0 83 0 0 0 0 0 0 55 0 0 0 72 0 0 0 0 0 0 0 0 0 40 0 0 0 0 0 0 0 0 0 19 0 0 0 0 0 54 77 0 0 0 0 0 0 0 0 0 0 0 23 0 0 0 0 10 0 0 0 60 0 0 0 0 0 0 0 0 0 0 0 0 
0 0 0 0 0 0 0 0 46 0 0 0 0 5 0 0 0 0 0 0 0 36 0 0 0 0 0 0 0 0 0 0 0 0 0 0 0 19 0 0 68 0 0 0 0 68 0 0 0 0 0 0 41 0 11 0 0 0 0 0 0 0 94 0 7 0 0 0 0 0 0 0 0 0 75 0 0 0 14 61 0 0 0 0 0 0 0 0 0 0 0 87 0 0 0 0 0 0 97 0 
0 0 0 19 47 0 0 0 0 0 9 0 0 19 0 0 0 0 0 0 0 0 0 0 0 59 0 1 0 0 0 0 0 0 0 0 0 0 30 0 0 0 0 0 0 0 0 0 0 0 0 0 0 0 93 32 0 0 96 0 0 0 0 0 13 0 0 0 91 0 0 14 0 0 0 0 0 0 0 0 0 0 0 0 0 0 0 0 0 0 87 0 0 0 0 44 0 0 0 0 
0 0 0 0 0 0 0 18 0 0 0 0 0 0 76 0 0 89 0 0 0 0 0 0 0 46 0 28 0 0 0 0 0 65 1 0 0 0 0 0 0 0 0 75 0 0 0 0 0 0 0 0 46 0 0 0 0 0 0 0 0 0 0 0 0 0 0 75 0 0 0 0 0 0 0 0 0 0 30 0 75 0 0 0 0 0 0 38 0 0 0 0 0 0 48 0 0 25 0 0 
13 0 0 0 11 0 0 0 0 69 0 90 0 0 0 0 0 0 36 0 0 0 0 0 0 0 0 92 0 0 0 79 0 0 0 0 0 0 0 0 0 0 0 0 0 54 0 0 0 0 0 0 0 50 10 0 65 0 0 85 0 0 0 51 0 0 0 0 0 0 0 0 0 0 0 0 18 0 0 0 0 0 0 0 0 0 0 0 0 0 23 0 0 0 0 0 0 0 0 0 
0 34 12 0 0 0 0 0 0 0 0 0 0 0 0 0 0 0 0 0 0 0 0 0 41 0 0 0 0 0 0 0 0 0 0 0 0 0 0 0 0 0 17 42 51 89 0 0 0 0 0 0 0 0 0 0 0 0 18 0 0 0 23 0 0 0 0 0 0 0 0 0 0 0 0 0 0 0 0 0 0 0 0 0 0 0 5 0 0 0 0 0 0 0 0 0 0 0 0 0 
81 0 0 0 0 0 0 0 34 0 0 0 0 0 0 0 0 0 0 0 0 0 0 0 0 0 0 0 0 0 0 0 0 0 0 0 0 0 0 0 0 0 0 0 0 0 0 0 0 28 26 0 0 0 89 0 0 0 32 0 98 0 0 0 0 0 9 0 0 0 0 0 0 0 0 0 0 9 70 78 14 0 79 0 0 0 10 0 74 0 0 0 0 0 0 0 0 0 0 0 
0 0 0 0 19 0 0 0 64 0 0 0 0 0 0 23 0 56 0 0 0 0 41 0 0 0 0 73 0 0 0 58 0 0 0 0 0 0 0 0 0 0 61 0 0 0 0 56 0 0 0 0 0 0 0 0 0 0 0 0 0 0 0 0 0 0 0 0 0 0 0 0 0 0 0 34 0 0 4 0 0 0 0 0 0 0 0 0 0 0 0 0 38 0 0 0 0 0 0 0 
0 0 0 0 0 0 0 0 91 0 0 0 0 0 0 0 0 0 0 59 46 0 0 0 0 0 0 0 0 0 0 0 0 0 0 22 0 0 0 0 0 0 28 0 0 0 0 0 0 0 0 0 83 0 0 0 0 0 66 0 28 0 0 0 0 0 0 0 0 0 0 0 3 46 0 0 0 0 0 0 0 89 0 0 0 0 0 0 0 0 57 0 0 0 0 0 0 0 0 0 
0 0 0 0 0 0 6 0 0 55 0 0 0 0 0 84 0 0 0 0 0 0 0 0 0 0 0 22 55 0 0 86 0 0 0 0 0 89 61 0 0 0 0 0 0 0 0 0 0 0 0 0 0 0 0 98 0 0 0 0 0 0 0 0 0 0 60 52 0 0 57 0 0 99 0 0 0 0 0 0 0 0 0 0 0 0 0 0 0 0 0 0 0 0 53 0 0 0 20 0 
0 0 0 0 0 0 0 0 0 46 0 0 0 0 0 0 0 0 0 1 28 92 0 0 73 0 22 0 0 0 0 0 0 0 0 0 0 0 0 0 0 0 0 0 0 0 0 0 82 0 0 0 0 52 0 0 11 0 0 0 0 0 0 0 0 0 0 0 0 0 74 0 0 0 0 100 0 0 0 90 0 0 0 0 0 0 77 91 0 0 0 0 0 0 16 0 0 0 0 0 
0 0 0 0 0 0 0 0 0 0 0 0 0 0 98 0 0 83 0 0 0 0 0 0 0 0 55 0 0 0 0 0 0 14 0 0 0 0 0 0 0 0 0 0 0 0 0 0 0 0 0 0 0 0 0 2 0 0 0 8 0 0 0 54 0 0 0 0 0 51 0 0 0 0 91 0 0 0 0 0 0 0 0 0 0 0 45 0 0 0 0 58 0 87 14 0 77 0 0 3 
0 44 0 0 70 0 0 0 0 0 0 0 0 0 0 73 0 0 0 0 0 0 0 0 0 0 0 0 0 0 0 0 0 0 0 0 0 0 0 0 11 0 0 0 28 0 0 0 0 0 72 0 0 0 66 0 0 0 0 0 0 0 0 0 0 0 0 0 0 0 0 0 0 0 98 0 0 23 0 0 0 0 0 48 0 0 0 0 0 0 0 0 0 0 0 0 0 0 0 0 
0 0 0 0 0 24 0 0 0 0 76 0 0 0 0 0 0 0 0 0 0 0 0 0 0 0 0 0 0 0 0 0 0 0 0 0 0 42 0 0 0 0 0 39 54 0 0 0 0 64 0 0 0 0 50 81 97 0 0 0 0 0 0 0 0 80 0 0 0 0 0 0 0 0 6 0 17 0 0 0 0 0 0 0 0 77 0 0 0 0 0 0 38 0 0 0 0 0 0 0 
0 0 0 0 0 0 0 0 0 0 0 0 7 0 0 0 0 0 0 0 0 79 0 0 58 0 86 0 0 0 0 0 0 81 0 0 0 0 28 0 0 0 0 0 0 0 0 0 0 61 0 17 0 0 0 0 0 0 0 0 0 0 0 0 0 0 0 0 0 0 0 0 0 88 0 0 28 0 0 87 0 0 0 0 0 0 0 0 77 0 0 0 53 0 35 0 0 0 77 0 
0 0 43 0 0 0 0 32 0 0 0 0 0 0 0 0 0 0 0 0 0 0 0 0 0 0 0 0 0 0 0 0 0 0 0 20 0 27 0 10 0 28 0 0 0 0 0 0 0 0 0 0 0 0 58 0 43 0 0 0 0 0 0 0 0 0 0 0 0 0 0 0 0 0 0 0 0 0 30 0 0 0 0 0 0 90 0 54 0 0 0 0 0 0 0 0 0 0 62 0 
0 0 47 0 0 0 67 0 98 0 0 0 40 0 0 0 69 0 0 0 65 0 0 0 0 0 0 0 14 0 0 81 0 0 0 0 0 0 0 0 0 0 0 0 0 0 0 0 0 0 0 0 0 0 0 0 0 0 0 0 0 0 0 0 0 0 0 76 0 0 0 0 0 0 0 33 0 0 0 0 0 22 0 12 0 0 0 0 0 0 0 0 0 74 0 0 0 0 15 0 
0 0 0 0 0 81 0 0 0 0 0 41 0 0 0 0 0 0 0 0 1 0 0 0 0 0 0 0 0 0 0 0 0 0 0 78 0 0 67 0 0 0 0 0 42 42 79 0 0 0 0 0 95 0 0 0 0 0 0 0 0 0 0 0 0 0 0 0 0 60 0 0 0 0 0 0 0 0 0 0 0 0 0 49 65 24 0 0 0 0 0 0 0 0 0 0 0 0 0 0 
0 0 0 0 0 79 21 0 0 0 0 0 0 0 0 0 32 55 0 0 0 0 0 0 0 22 0 0 0 0 0 0 20 0 78 0 0 97 57 0 0 0 0 0 0 14 0 0 43 0 0 0 0 0 0 0 0 0 0 0 0 0 0 0 0 0 0 0 0 0 0 0 0 0 0 0 0 90 0 0 0 0 0 0 0 0 0 0 0 0 0 0 0 0 0 0 0 0 0 0 
9 0 0 0 0 0 0 0 0 0 60 0 72 0 0 0 0 0 0 0 0 0 0 0 0 0 0 0 0 0 0 0 0 0 0 0 0 54 0 0 12 0 0 0 0 0 50 0 0 0 0 25 0 0 0 0 0 78 12 0 0 0 0 0 0 0 0 0 0 99 0 0 58 0 0 0 0 0 0 0 0 0 78 0 0 0 0 0 13 100 0 0 0 13 0 0 0 0 0 0 
0 65 0 0 0 0 0 0 0 0 0 0 0 4 0 0 0 0 19 0 0 0 0 0 0 0 89 0 0 0 42 0 27 0 0 97 54 0 0 0 0 0 0 0 0 0 0 0 0 0 0 0 0 0 62 95 0 0 0 0 69 0 0 0 0 0 0 0 0 0 0 0 0 0 0 88 0 0 0 22 0 0 0 0 0 71 0 0 0 67 0 0 0 0 0 0 0 0 0 0 
0 0 95 0 0 33 0 0 0 67 0 0 48 0 0 0 0 0 0 30 0 0 0 0 0 0 61 0 0 0 0 28 0 0 67 57 0 0 0 0 0 0 0 0 0 0 0 0 0 0 0 0 0 0 0 0 65 0 0 0 0 0 0 0 0 24 0 0 0 40 0 0 3 0 0 0 0 0 0 0 0 0 0 0 0 0 64 0 0 0 0 0 0 0 17 0 0 0 0 0 
0 0 0 0 0 0 0 0 0 0 0 0 0 0 0 0 0 72 0 0 0 0 0 0 0 0 0 0 0 0 0 0 10 0 0 0 0 0 0 0 0 0 0 0 0 0 0 0 0 0 0 0 0 0 0 0 0 0 0 88 58 0 0 0 0 0 0 0 0 0 0 0 0 0 0 0 0 31 0 28 52 44 0 0 0 0 0 58 21 0 0 0 72 0 0 0 0 63 0 0 
0 0 0 0 97 0 56 66 0 72 0 0 0 0 0 0 5 0 68 0 0 0 0 0 0 0 0 0 0 11 0 0 0 0 0 0 12 0 0 0 0 0 0 0 0 0 0 0 0 0 0 0 0 0 0 0 0 0 0 0 0 0 0 0 0 0 0 0 0 10 0 0 0 0 0 0 93 0 0 0 0 54 60 55 0 0 0 0 0 0 18 13 0 0 0 0 0 0 0 0 
0 0 0 98 0 0 86 0 0 0 0 0 12 0 0 0 0 0 0 0 0 0 0 0 0 0 0 0 0 0 0 0 28 0 0 0 0 0 0 0 0 0 0 0 0 0 0 0 0 100 0 0 1 0 0 0 0 0 0 0 0 0 0 0 0 0 0 53 77 0 63 0 22 58 0 0 0 0 0 0 0 17 0 0 0 0 72 0 0 85 0 0 0 0 84 0 0 0 0 0 
0 0 0 0 0 0 0 0 0 0 0 0 41 0 31 0 97 0 0 0 0 0 17 0 61 28 0 0 0 0 0 0 0 0 0 0 0 0 0 0 0 0 0 0 0 0 0 86 0 0 0 0 71 7 0 0 0 0 0 0 0 0 0 10 0 59 0 47 0 0 0 58 0 0 0 0 0 0 0 0 100 0 0 0 0 0 0 0 0 45 0 0 0 0 0 0 0 0 0 0 
0 0 0 7 0 0 0 0 0 0 0 0 0 0 0 0 35 0 0 0 75 0 42 0 0 0 0 0 0 0 39 0 0 0 0 0 0 0 0 0 0 0 0 0 86 38 0 0 20 86 0 0 0 0 0 0 0 0 0 0 78 86 38 0 0 0 0 79 0 0 59 0 0 0 0 0 0 0 0 0 0 0 0 0 0 0 0 0 0 0 56 0 0 0 0 0 0 0 0 0 
0 0 0 0 0 23 0 0 0 0 0 0 0 0 0 0 0 0 0 0 0 0 51 0 0 0 0 0 0 28 54 0 0 0 42 0 0 0 0 0 0 0 0 86 0 0 0 0 0 0 0 0 0 58 0 14 0 55 0 0 40 0 0 0 0 0 0 0 0 0 0 0 0 0 0 0 79 0 0 0 0 0 0 0 0 0 0 0 78 0 0 0 0 0 0 0 40 0 0 38 
0 0 0 0 0 0 10 0 72 0 0 0 0 0 0 0 0 0 68 0 0 54 89 0 0 0 0 0 0 0 0 0 0 0 42 14 0 0 0 0 0 0 0 38 0 0 0 0 0 0 0 0 0 0 0 0 0 0 74 0 0 0 0 0 0 0 0 0 0 0 0 0 0 0 0 48 0 0 0 0 0 0 7 0 0 0 0 78 0 0 0 0 0 0 0 0 0 0 0 0 
0 0 0 40 0 0 0 0 0 0 0 0 55 0 65 0 0 0 0 0 0 0 0 0 0 0 0 0 0 0 0 0 0 0 79 0 50 0 0 0 0 0 0 0 0 0 0 0 76 0 51 0 0 76 69 15 0 0 20 0 0 0 0 11 0 0 0 0 0 0 0 0 0 0 0 0 0 0 0 0 0 0 0 0 0 0 0 0 0 0 0 9 0 0 0 1 77 0 0 0 
0 0 0 0 0 0 31 0 0 0 0 0 97 0 0 0 0 0 0 0 0 0 0 0 56 0 0 0 0 0 0 0 0 0 0 0 0 0 0 0 0 0 86 0 0 0 0 0 56 0 0 0 0 0 0 43 0 0 0 70 0 0 0 0 0 0 2 0 0 79 0 0 0 0 0 7 0 0 0 0 0 0 0 0 0 0 0 0 52 0 0 0 0 0 0 0 0 0 0 0 
41 0 0 0 0 93 0 0 0 0 0 0 0 0 0 0 0 0 0 0 0 0 0 0 0 0 0 82 0 0 0 0 0 0 0 43 0 0 0 0 0 0 0 20 0 0 76 56 0 0 0 0 0 46 98 81 0 0 0 0 0 0 94 0 21 0 0 0 39 0 0 0 0 0 0 0 0 0 0 0 0 0 0 0 71 0 0 0 0 0 62 0 0 0 0 0 0 0 0 0 
0 0 0 0 98 0 0 0 0 29 0 0 0 0 0 0 0 40 0 0 0 0 0 28 0 0 0 0 0 0 64 61 0 0 0 0 0 0 0 0 0 100 0 86 0 0 0 0 0 0 0 0 37 0 0 0 38 0 0 0 0 0 0 82 0 0 0 0 0 0 0 55 0 0 0 12 0 0 0 0 0 0 0 0 71 0 90 0 0 0 0 0 0 0 0 0 0 0 0 0 
0 0 0 0 0 0 0 0 0 0 0 0 0 0 0 42 0 0 0 0 0 0 0 26 0 0 0 0 0 72 0 0 0 0 0 0 0 0 0 0 0 0 0 0 0 0 51 0 0 0 0 0 34 0 0 0 0 0 0 0 0 0 0 0 0 0 0 0 0 0 0 0 0 99 0 22 0 0 0 0 0 93 0 0 85 0 0 0 0 0 0 0 0 67 44 92 0 0 0 0 
0 0 0 0 0 0 0 0 0 0 0 36 0 0 30 0 0 0 0 0 0 0 0 0 0 0 0 0 0 0 0 17 0 0 0 0 25 0 0 0 0 0 0 0 0 0 0 0 0 0 0 0 0 0 0 0 0 0 0 0 0 0 0 0 0 79 0 0 0 0 0 0 0 37 0 0 0 0 0 0 0 0 0 0 0 0 0 0 0 0 24 0 0 0 0 8 0 60 0 0 
0 0 0 0 0 0 0 0 0 0 0 0 0 0 0 0 0 0 41 0 46 0 0 0 0 83 0 0 0 0 0 0 0 0 95 0 0 0 0 0 0 1 71 0 0 0 0 0 0 37 34 0 0 0 0 0 0 0 0 0 0 0 0 0 0 0 0 0 0 0 0 0 0 0 0 0 0 0 0 0 0 0 0 0 12 8 37 0 0 0 96 0 0 37 0 0 0 0 0 0 
0 0 80 0 0 0 0 0 0 0 0 0 0 0 100 0 0 0 0 0 0 50 0 0 0 0 0 52 0 0 0 0 0 0 0 0 0 0 0 0 0 0 7 0 58 0 76 0 46 0 0 0 0 0 0 0 13 0 0 0 64 0 0 0 0 77 0 0 0 0 0 0 0 0 0 100 0 0 0 0 0 0 0 0 0 0 0 0 99 0 0 0 0 0 0 47 0 0 0 0 
0 27 54 0 0 0 0 0 0 0 0 0 0 0 0 0 0 0 11 93 0 10 0 89 0 0 0 0 0 66 50 0 58 0 0 0 0 62 0 0 0 0 0 0 0 0 69 0 98 0 0 0 0 0 0 0 0 0 0 0 0 0 0 24 0 0 1 0 0 0 0 0 0 0 0 0 0 0 0 0 0 0 0 0 0 0 0 0 0 0 0 14 0 0 0 0 0 0 0 0 
0 0 0 0 0 0 6 0 0 0 0 0 0 0 0 0 0 0 0 32 0 0 0 0 0 0 98 0 2 0 81 0 0 0 0 0 0 95 0 0 0 0 0 0 14 0 15 43 81 0 0 0 0 0 0 0 0 39 0 0 0 4 0 0 0 32 95 0 0 99 0 0 0 0 0 0 0 0 0 0 0 0 0 0 0 0 0 0 0 0 0 0 0 0 0 0 0 0 0 0 
30 0 0 0 0 0 0 0 0 0 0 0 0 0 0 0 67 0 0 0 0 65 0 0 0 0 0 11 0 0 97 0 43 0 0 0 0 0 65 0 0 0 0 0 0 0 0 0 0 38 0 0 0 13 0 0 0 0 0 0 0 0 0 0 27 0 0 0 0 0 0 0 71 0 0 0 0 0 0 0 0 0 65 0 0 0 0 0 0 47 0 0 12 44 0 0 0 0 0 0 
0 66 93 0 0 0 0 0 8 0 0 0 0 0 0 79 0 0 0 0 0 0 0 0 0 0 0 0 0 0 0 0 0 0 0 0 78 0 0 0 0 0 0 0 55 0 0 0 0 0 0 0 0 0 0 39 0 0 0 0 0 0 0 0 0 0 0 0 0 0 0 0 0 0 0 33 0 0 0 0 0 0 0 54 54 0 0 0 0 0 0 0 0 0 0 0 9 0 0 0 
0 0 0 0 0 0 0 0 0 0 0 0 0 0 89 0 0 0 0 96 0 0 18 32 0 66 0 0 0 0 0 0 0 0 0 0 12 0 0 0 0 0 0 0 0 74 20 0 0 0 0 0 0 0 0 0 0 0 0 0 0 85 0 0 0 0 0 0 81 0 0 30 0 0 0 0 0 0 0 0 0 0 0 0 0 0 4 55 0 0 0 0 0 81 0 0 0 0 0 39 
0 0 0 70 0 0 0 0 0 0 0 0 0 0 0 0 0 19 0 0 0 85 0 0 0 0 0 0 8 0 0 0 0 0 0 0 0 0 0 88 0 0 0 0 0 0 0 70 0 0 0 0 0 0 0 0 0 0 0 0 0 0 0 0 25 0 0 0 0 0 0 0 0 0 0 0 0 0 11 6 0 0 0 0 0 94 0 0 0 34 0 52 86 0 0 36 0 0 0 55 
0 35 0 0 0 0 0 0 0 63 0 0 0 0 0 0 70 0 0 0 0 0 0 98 0 28 0 0 0 0 0 0 0 0 0 0 0 69 0 58 0 0 0 78 40 0 0 0 0 0 0 0 0 64 0 0 0 0 0 0 0 0 0 37 0 0 0 0 0 0 0 0 0 0 0 0 0 0 0 0 0 0 0 47 5 0 0 0 0 0 0 0 0 70 49 0 0 0 0 0 
0 0 0 85 0 0 0 0 0 0 0 0 0 0 0 0 0 0 0 0 0 0 0 0 0 0 0 0 0 0 0 0 0 0 0 0 0 0 0 0 0 0 0 86 0 0 0 0 0 0 0 0 0 0 0 4 0 0 85 0 0 0 0 0 3 0 0 0 23 0 0 77 0 68 0 0 0 0 0 0 92 57 0 0 94 98 0 0 0 91 42 0 0 0 0 0 53 0 0 0 
0 0 0 83 0 4 0 0 0 0 55 0 0 70 4 0 0 0 94 0 0 0 23 0 0 0 0 0 0 0 0 0 0 0 0 0 0 0 0 0 0 0 0 38 0 0 0 0 94 0 0 0 0 0 0 0 0 0 0 0 0 0 0 0 9 0 0 51 0 0 0 0 0 0 0 0 59 0 0 0 12 0 4 0 0 0 0 0 0 0 0 0 0 0 0 0 0 0 0 0 
0 0 0 21 0 0 0 0 0 0 0 0 0 0 0 0 0 0 0 0 0 51 0 0 0 0 0 0 54 0 0 0 0 0 0 0 0 0 0 0 0 0 10 0 0 0 11 0 0 82 0 0 0 0 24 0 0 0 0 0 37 0 0 0 90 0 0 0 0 0 0 0 84 90 0 0 0 63 0 0 0 0 86 0 0 0 0 0 64 50 0 0 0 0 0 0 0 0 0 0 
0 0 0 0 0 1 18 0 0 0 0 0 0 0 0 0 0 0 7 13 0 0 0 0 0 0 0 0 0 0 0 0 0 0 0 0 0 0 0 0 0 0 0 0 0 0 0 0 21 0 0 0 0 0 0 0 27 0 0 25 0 3 9 90 0 0 0 0 0 0 0 0 0 0 0 0 0 0 0 69 0 0 0 0 0 0 0 0 61 0 0 0 0 0 0 0 0 0 0 0 
0 6 0 0 0 18 0 0 0 0 0 0 0 0 0 0 0 54 0 0 0 0 0 0 0 0 0 0 0 0 80 0 0 0 0 0 0 0 24 0 0 0 59 0 0 0 0 0 0 0 0 79 0 77 0 32 0 0 0 0 0 0 0 0 0 0 0 0 0 0 0 0 0 0 0 89 0 0 0 0 0 0 0 0 0 0 0 0 0 47 36 0 0 0 0 28 100 0 0 0 
0 0 0 0 0 0 0 75 0 0 0 0 10 58 0 0 0 77 0 0 0 0 0 9 0 0 60 0 0 0 0 0 0 0 0 0 0 0 0 0 0 0 0 0 0 0 0 2 0 0 0 0 0 0 1 95 0 0 0 0 0 0 0 0 0 0 0 0 0 0 13 0 0 0 0 0 0 0 0 0 0 0 0 0 0 0 0 0 0 0 0 0 0 76 0 1 98 0 0 0 
0 0 81 0 0 0 0 0 0 0 0 0 0 0 0 0 0 0 0 0 75 0 0 0 0 0 52 0 0 0 0 0 0 76 0 0 0 0 0 0 0 53 47 79 0 0 0 0 0 0 0 0 0 0 0 0 0 0 0 0 0 0 51 0 0 0 0 0 0 0 0 74 0 0 0 0 0 0 0 0 0 0 5 32 0 31 0 73 53 0 0 0 0 0 0 0 32 0 0 0 
0 0 0 0 0 0 0 0 0 0 95 0 0 0 0 26 0 0 0 91 0 0 0 0 0 0 0 0 0 0 0 0 0 0 0 0 0 0 0 0 0 77 0 0 0 0 0 0 39 0 0 0 0 0 0 0 0 0 81 0 0 23 0 0 0 0 0 0 0 0 0 0 52 0 44 0 0 0 0 0 0 0 0 0 0 0 0 0 0 0 0 0 0 0 24 0 0 22 0 0 
0 0 0 0 0 0 34 0 0 0 0 0 82 93 0 0 0 0 0 0 0 0 0 0 0 0 0 0 51 0 0 0 0 0 60 0 99 0 40 0 10 0 0 0 0 0 0 79 0 0 0 0 0 0 0 99 0 0 0 0 0 0 0 0 0 0 0 0 0 0 0 0 0 0 0 0 0 0 0 0 0 0 0 0 0 0 0 21 0 0 0 0 0 0 19 0 0 0 0 0 
0 0 87 0 0 0 0 0 0 0 0 0 13 0 0 69 0 0 0 0 0 0 0 0 0 0 57 74 0 0 0 0 0 0 0 0 0 0 0 0 0 63 0 59 0 0 0 0 0 0 0 0 0 0 0 0 0 0 0 0 0 0 0 0 0 0 13 0 0 0 0 0 0 0 0 62 0 73 0 0 0 0 49 0 0 9 0 0 0 0 0 0 0 0 0 53 0 0 0 0 
82 0 0 99 0 0 0 0 0 0 0 0 35 20 0 0 75 0 0 14 0 0 0 0 0 0 0 0 0 0 0 0 0 0 0 0 0 0 0 0 0 0 58 0 0 0 0 0 0 55 0 0 0 0 0 0 0 0 30 0 0 77 0 0 0 0 0 74 0 0 0 0 0 0 0 0 0 0 0 0 0 0 0 0 0 36 0 10 0 0 0 0 0 0 0 0 0 0 73 0 
0 0 0 77 0 0 55 0 0 0 0 0 0 0 0 0 0 0 0 0 0 0 0 0 0 3 0 0 0 0 0 0 0 0 0 0 58 0 3 0 0 22 0 0 0 0 0 0 0 0 0 0 0 0 0 0 71 0 0 0 0 0 0 84 0 0 0 0 52 0 0 0 0 0 38 0 0 0 0 0 40 0 0 0 0 0 0 0 0 0 0 0 0 0 0 0 0 0 0 0 
0 0 0 0 84 11 0 0 0 0 0 0 0 0 0 68 0 0 0 0 0 0 0 0 0 46 99 0 0 0 0 88 0 0 0 0 0 0 0 0 0 58 0 0 0 0 0 0 0 0 99 37 0 0 0 0 0 0 0 0 0 68 0 90 0 0 0 0 0 0 0 0 0 0 0 0 0 0 0 0 0 0 0 44 0 77 0 17 0 0 0 0 0 0 0 0 0 0 0 53 
0 0 0 0 94 0 0 0 0 0 0 0 0 0 0 25 0 0 75 0 0 0 0 0 0 0 0 0 91 98 6 0 0 0 0 0 0 0 0 0 0 0 0 0 0 0 0 0 0 0 0 0 0 0 0 0 0 0 0 0 0 0 0 0 0 0 0 0 44 0 0 0 38 0 0 0 0 0 45 78 0 0 0 0 0 0 0 0 0 0 0 0 0 0 0 0 0 0 0 65 
0 0 0 14 0 44 0 0 0 0 0 0 0 0 0 0 0 0 0 0 0 0 0 0 34 0 0 100 0 0 0 0 0 33 0 0 0 88 0 0 0 0 0 0 0 48 0 7 0 12 22 0 0 100 0 0 0 33 0 0 0 0 0 0 0 89 0 0 0 0 62 0 0 0 0 0 0 0 46 0 0 0 0 0 0 0 0 0 0 0 0 0 0 0 0 0 0 0 0 0 
100 0 0 0 0 0 0 0 0 78 0 0 0 0 0 0 24 0 0 0 0 18 0 0 0 0 0 0 0 0 17 28 0 0 0 0 0 0 0 0 93 0 0 0 79 0 0 0 0 0 0 0 0 0 0 0 0 0 0 0 0 0 59 0 0 0 0 0 0 0 0 0 0 0 0 0 0 0 0 0 0 0 0 47 0 0 0 0 36 0 58 0 0 0 53 52 0 0 0 0 
0 0 0 0 0 0 90 0 0 95 0 0 0 0 0 0 0 0 0 0 0 0 0 9 0 0 0 0 0 23 0 0 0 0 0 90 0 0 0 31 0 0 0 0 0 0 0 0 0 0 0 0 0 0 0 0 0 0 0 0 0 0 0 63 0 0 0 0 0 0 73 0 0 0 0 0 0 0 34 0 0 74 0 0 0 0 0 0 0 0 0 0 0 0 0 0 0 0 0 0 
74 0 0 0 0 67 0 0 0 25 0 0 0 0 0 0 0 23 14 0 30 0 0 70 4 0 0 0 0 0 0 0 30 0 0 0 0 0 0 0 0 0 0 0 0 0 0 0 0 0 0 0 0 0 0 0 0 0 0 11 0 0 0 0 0 0 0 0 0 0 0 0 0 0 45 46 0 34 0 0 0 0 0 82 0 0 0 0 0 0 0 0 0 0 0 0 0 0 0 77 
0 0 0 0 0 0 1 0 0 52 0 0 0 0 0 0 98 0 61 0 0 0 0 78 0 0 0 90 0 0 0 87 0 0 0 0 0 22 0 28 0 0 0 0 0 0 0 0 0 0 0 0 0 0 0 0 0 0 0 6 0 0 0 0 69 0 0 0 0 0 0 0 0 0 78 0 0 0 0 0 44 0 0 0 0 0 0 9 0 0 0 0 20 0 0 0 0 0 0 0 
0 0 0 0 0 0 0 0 0 81 0 0 0 0 0 0 0 0 0 0 75 0 0 14 0 0 0 0 0 0 0 0 0 0 0 0 0 0 0 52 0 0 100 0 0 0 0 0 0 0 0 0 0 0 0 0 0 0 0 0 0 92 12 0 0 0 0 0 0 0 0 0 40 0 0 0 0 0 0 44 0 0 0 0 0 0 0 0 0 37 0 0 0 0 0 0 60 94 0 0 
0 0 0 0 0 0 0 32 0 0 0 0 0 0 0 0 0 0 0 0 0 0 0 0 0 89 0 0 0 0 0 0 0 22 0 0 0 0 0 44 54 17 0 0 0 0 0 0 0 0 93 0 0 0 0 0 0 0 0 0 0 57 0 0 0 0 0 0 0 0 0 0 0 0 0 0 0 74 0 0 0 0 0 0 0 0 0 0 40 0 0 0 0 21 0 0 0 0 0 0 
0 0 0 0 26 0 0 0 0 0 0 0 0 0 0 0 0 0 0 0 0 0 0 79 0 0 0 0 0 0 0 0 0 0 0 0 78 0 0 0 60 0 0 0 0 7 0 0 0 0 0 0 0 0 0 0 65 0 0 0 0 0 4 86 0 0 0 5 0 0 49 0 0 0 0 0 0 0 0 0 0 0 0 0 0 0 0 45 75 0 0 83 0 0 22 0 0 34 0 0 
0 0 0 0 30 0 0 0 85 0 0 0 0 0 0 13 0 10 0 0 0 0 0 0 0 0 0 0 0 48 0 0 0 12 49 0 0 0 0 0 55 0 0 0 0 0 0 0 0 0 0 0 0 0 0 0 0 54 0 0 47 0 0 0 0 0 0 32 0 0 0 0 0 44 0 0 47 0 82 0 0 0 0 0 0 0 0 0 0 0 0 0 0 65 0 0 0 0 0 0 
0 0 0 0 0 73 0 0 0 0 0 0 0 50 0 0 56 0 0 0 0 0 0 0 0 0 0 0 0 0 0 0 0 0 65 0 0 0 0 0 0 0 0 0 0 0 0 0 71 71 85 0 12 0 0 0 0 54 0 0 5 94 0 0 0 0 0 0 0 0 0 0 0 0 0 0 0 0 0 0 0 0 0 0 0 0 0 42 0 0 0 0 0 0 0 0 0 0 0 0 
0 0 37 0 0 0 0 0 0 0 0 0 17 0 0 0 0 0 0 0 0 0 0 0 0 0 0 0 0 0 77 0 90 0 24 0 0 71 0 0 0 0 0 0 0 0 0 0 0 0 0 0 8 0 0 0 0 0 0 94 0 98 0 0 0 0 0 31 0 0 9 36 0 77 0 0 0 0 0 0 0 0 0 0 0 0 0 0 0 0 0 0 0 0 0 0 0 0 43 77 
0 0 0 0 0 0 0 0 0 0 43 0 0 0 0 0 0 0 0 0 0 0 5 10 0 0 0 77 45 0 0 0 0 0 0 0 0 0 64 0 0 72 0 0 0 0 0 0 0 90 0 0 37 0 0 0 0 0 4 0 0 0 0 0 0 0 0 0 0 0 0 0 0 0 0 0 0 0 0 0 0 0 0 0 0 0 0 0 0 0 0 0 60 0 0 0 0 94 0 22 
0 0 0 0 0 0 0 0 0 0 0 0 0 0 0 0 0 60 0 0 38 0 0 0 0 0 0 91 0 0 0 0 54 0 0 0 0 0 0 58 0 0 0 0 0 78 0 0 0 0 0 0 0 0 0 0 0 0 55 0 0 0 0 0 0 0 0 73 0 21 0 10 0 17 0 0 0 0 0 9 0 0 45 0 42 0 0 0 0 0 0 0 0 0 0 0 0 0 0 0 
0 0 0 0 13 0 0 0 0 0 0 0 0 0 0 0 0 0 0 0 0 0 0 74 0 0 0 0 0 0 0 77 0 0 0 0 13 0 0 21 0 0 0 0 78 0 0 52 0 0 0 0 0 99 0 0 0 0 0 0 0 0 0 64 61 0 0 53 0 0 0 0 0 0 0 0 36 0 0 0 0 40 75 0 0 0 0 0 0 0 0 0 84 0 0 0 0 0 0 0 
0 0 29 0 0 0 0 0 0 0 0 0 0 93 0 0 0 0 0 0 0 0 0 0 0 0 0 0 0 0 0 0 0 0 0 0 100 67 0 0 0 85 45 0 0 0 0 0 0 0 0 0 0 0 0 0 47 0 0 34 0 91 0 50 0 47 0 0 0 0 0 0 0 0 0 0 0 0 0 0 37 0 0 0 0 0 0 0 0 0 0 0 63 0 0 0 81 0 0 55 
0 0 49 0 0 0 0 0 30 0 0 0 0 0 0 0 100 0 0 87 0 23 0 0 0 57 0 0 0 0 0 0 0 0 0 0 0 0 0 0 18 0 0 56 0 0 0 0 62 0 0 24 96 0 0 0 0 0 0 0 0 42 0 0 0 36 0 0 0 0 0 0 0 0 0 0 58 0 0 0 0 0 0 0 0 0 0 0 0 0 0 0 0 0 0 0 0 0 0 35 
0 0 0 0 0 5 0 62 51 0 39 0 0 0 0 0 0 0 87 0 0 0 0 0 0 0 0 0 58 0 0 0 0 0 0 0 0 0 0 0 13 0 0 0 0 0 9 0 0 0 0 0 0 0 14 0 0 0 0 52 0 0 0 0 0 0 0 0 0 0 0 0 0 0 0 0 0 0 0 0 0 0 83 0 0 0 0 0 0 0 0 0 0 0 0 0 0 0 0 37 
0 0 0 83 0 0 4 0 0 0 0 16 0 85 0 0 0 0 0 0 0 0 0 0 38 0 0 0 0 0 38 53 0 0 0 0 0 0 0 72 0 0 0 0 0 0 0 0 0 0 0 0 0 0 0 0 12 0 0 86 0 0 0 0 0 0 0 0 0 0 0 0 0 0 0 0 0 0 0 20 0 0 0 0 0 0 60 0 84 63 0 0 0 0 0 27 0 0 0 0 
0 0 0 23 0 0 0 0 0 0 29 0 0 0 0 0 0 0 0 0 0 0 0 0 0 0 0 0 87 0 0 0 0 74 0 0 13 0 0 0 0 0 0 0 0 0 0 0 0 0 67 0 37 0 0 0 44 0 81 0 70 0 0 0 0 0 76 0 0 0 0 0 0 0 0 0 0 0 0 0 0 21 0 65 0 0 0 0 0 0 0 0 0 0 0 0 0 0 0 0 
0 0 0 0 0 0 0 0 0 0 0 0 71 0 0 0 0 0 0 0 48 0 0 0 0 0 53 16 14 0 0 35 0 0 0 0 0 0 17 0 0 84 0 0 0 0 0 0 0 0 44 0 0 0 0 0 0 0 0 0 49 0 0 0 0 0 0 0 24 19 0 0 0 0 0 0 53 0 0 0 0 0 22 0 0 0 0 0 0 0 0 0 0 0 0 0 0 0 0 0 
0 0 0 0 0 0 0 0 0 79 0 0 0 0 0 0 0 0 0 44 0 0 0 0 0 0 0 0 0 0 0 0 0 0 0 0 0 0 0 0 0 0 0 0 0 0 1 0 0 0 92 8 0 47 0 0 0 0 0 36 0 0 0 0 0 28 1 0 0 0 53 0 0 0 0 0 52 0 0 0 0 0 0 0 0 0 0 0 0 0 0 0 27 0 0 0 0 0 0 0 
0 0 57 0 0 0 0 47 0 0 0 0 0 0 0 38 0 0 0 0 0 0 0 0 0 0 0 0 77 0 0 0 0 0 0 0 0 0 0 0 0 0 0 0 40 0 77 0 0 0 0 0 0 0 0 0 0 9 0 0 0 53 0 0 0 100 98 32 0 0 0 0 0 0 0 0 0 0 0 0 60 0 0 0 0 0 0 0 0 81 0 0 0 0 0 0 0 0 0 0 
0 0 0 0 0 0 0 0 0 96 0 0 0 0 0 0 0 0 0 0 25 0 0 0 0 0 0 0 0 0 0 0 0 0 0 0 0 0 0 63 0 0 0 0 0 0 0 0 0 0 0 60 0 0 0 0 0 0 0 0 0 0 0 0 0 0 0 0 22 0 0 0 0 0 0 0 0 0 0 0 94 0 34 0 0 0 94 0 0 0 0 0 0 0 0 0 0 0 0 0 
22 0 0 40 0 0 0 51 0 0 0 0 0 38 0 0 0 0 97 0 0 0 0 0 0 0 20 0 0 0 0 77 62 15 0 0 0 0 0 0 0 0 0 0 0 0 0 0 0 0 0 0 0 0 0 0 0 0 0 0 0 0 0 0 0 0 0 0 0 0 0 73 0 0 0 0 0 0 0 0 0 0 0 0 0 43 0 0 0 0 0 0 0 0 0 0 0 0 0 0 
0 28 0 0 58 0 0 0 0 0 0 0 0 0 88 0 0 0 0 0 0 0 0 0 0 0 0 0 3 0 0 0 0 0 0 0 0 0 0 0 0 0 0 0 38 0 0 0 0 0 0 0 0 0 0 0 0 0 39 55 0 0 0 0 0 0 0 0 0 0 0 0 0 53 65 0 0 0 77 0 0 0 0 0 0 77 22 0 0 55 35 37 0 0 0 0 0 0 0 0 
