0 24 71 0 84 16 0 65 64 28 58 10 78 58 0 77 99 51 0 57 57 0 4 93 51 0 82 62 88 45 60 22 39 91 16 32 31 79 34 3 48 0 52 0 93 27 0 0 94 59 45 0 5 71 97 28 0 83 0 78 12 47 46 0 64 33 76 53 81 65 91 0 14 64 32 0 24 79 0 97 0 2 39 73 23 31 63 0 0 0 20 0 49 40 73 81 8 54 54 77 
24 0 51 63 62 0 25 0 43 0 0 0 67 0 84 82 15 41 83 0 44 100 0 0 51 54 85 32 81 24 48 27 96 2 0 7 0 67 0 98 16 69 31 0 0 22 0 87 0 95 73 62 83 0 0 66 78 0 71 78 47 0 48 86 0 8 97 0 37 43 33 21 0 0 46 11 32 87 71 0 0 88 70 75 75 66 41 31 75 90 0 73 20 24 63 0 27 76 0 73 
71 51 0 0 66 46 73 2 34 29 27 50 40 0 67 76 32 54 4 36 81 97 72 3 67 0 27 55 55 59 55 29 0 15 24 67 13 40 10 0 60 82 54 27 73 59 69 33 49 50 52 0 48 0 52 31 45 83 44 83 76 34 58 75 0 24 96 70 38 36 68 0 17 55 79 0 0 76 73 89 90 0 91 9 8 23 32 52 99 15 75 0 0 18 23 82 24 93 11 1 
0 63 0 0 77 13 38 0 21 47 0 72 75 44 7 19 76 45 90 82 79 100 75 59 51 51 88 90 25 76 87 73 0 98 47 71 62 2 75 71 0 10 7 69 91 80 15 3 40 26 32 75 0 80 51 0 21 13 14 39 0 73 38 0 79 70 92 83 45 42 43 44 93 0 75 32 0 10 0 0 0 1 0 46 13 74 65 39 0 88 42 57 42 0 55 47 76 1 13 56 
84 62 66 77 0 82 12 63 28 64 41 73 14 24 58 17 84 25 50 59 96 92 34 56 60 11 0 7 63 70 80 58 74 64 28 4 34 10 6 0 2 57 12 17 68 0 34 16 58 71 58 87 50 26 6 0 89 51 0 79 52 42 12 38 95 81 53 0 16 15 38 11 89 28 54 92 83 57 69 39 94 0 69 46 0 75 73 24 18 0 0 42 80 71 0 0 0 8 84 0 
16 0 46 13 82 0 45 46 39 85 96 38 83 15 53 0 45 89 47 1 89 34 0 35 44 86 64 47 0 85 88 80 6 44 0 48 6 29 88 85 30 39 29 85 96 13 42 4 75 75 31 74 46 0 0 62 8 77 24 60 88 49 40 0 100 47 73 9 13 3 13 91 16 33 85 0 25 83 93 43 0 99 76 100 39 11 74 45 78 0 75 62 37 52 15 13 74 27 12 60 
0 25 73 38 12 45 0 52 0 50 95 55 4 40 36 0 89 16 42 0 67 24 99 0 17 51 63 7 69 52 67 3 67 60 4 13 38 0 79 13 59 22 47 13 0 83 86 25 81 80 63 92 80 55 0 31 9 84 71 0 0 59 54 13 0 90 41 100 52 64 86 74 34 0 26 0 27 45 77 1 30 58 79 58 62 22 59 61 16 7 36 45 16 26 11 0 0 90 77 1 
65 0 2 0 63 46 52 0 45 61 49 51 0 2 2 0 83 0 27 7 72 73 28 96 33 0 3 48 6 58 0 78 98 12 92 28 45 31 61 0 0 16 83 58 0 0 0 0 0 10 0 71 0 85 25 0 0 0 28 93 69 75 87 9 0 30 75 0 97 86 82 53 0 99 8 68 47 75 42 25 43 16 68 54 0 38 57 0 40 0 83 40 56 27 85 0 100 45 21 78 
64 43 34 21 28 39 0 45 0 7 92 0 44 93 89 54 37 81 50 49 9 17 10 95 91 27 89 58 98 58 20 5 13 36 30 23 21 72 64 35 62 59 0 82 47 6 42 68 97 14 63 0 16 39 69 71 58 61 79 4 47 58 0 39 57 61 70 90 56 19 16 0 92 61 19 83 21 91 69 0 0 77 18 39 68 48 17 0 99 74 38 82 0 0 47 84 74 60 62 22 
28 0 29 47 64 85 50 61 7 0 95 9 48 86 48 62 97 4 79 58 37 81 73 38 17 69 54 88 7 2 80 92 17 25 27 51 47 12 59 93 4 87 42 0 0 1 33 0 0 75 8 94 3 89 6 42 69 0 64 28 8 23 34 66 41 75 6 21 0 57 75 72 0 0 20 10 61 0 2 30 72 33 52 3 0 0 39 9 77 0 14 34 0 43 0 0 93 9 0 37 
58 0 27 0 41 96 95 49 92 95 0 16 0 0 32 29 0 67 89 92 73 24 91 26 78 49 0 20 22 0 98 79 92 97 46 14 99 0 53 0 20 0 54 95 77 92 18 85 0 0 5 80 13 97 13 32 94 0 28 0 0 35 50 47 0 82 0 0 27 60 0 64 1 0 17 73 54 73 0 75 0 38 51 69 98 0 8 92 10 0 12 0 67 0 85 0 0 80 0 17 
10 0 50 72 73 38 55 51 0 9 16 0 51 6 0 87 21 62 76 27 75 43 33 53 48 32 74 33 0 0 0 88 24 27 70 0 88 94 52 90 3 74 43 50 0 6 0 81 82 82 82 1 0 36 0 72 19 30 41 97 48 61 0 0 0 54 12 28 14 0 76 56 0 0 16 64 93 37 91 59 0 17 65 36 0 13 11 0 3 54 49 16 88 0 78 0 92 63 0 0 
78 67 40 75 14 83 4 0 44 48 0 51 0 87 66 26 87 72 64 0 82 7 0 0 20 53 3 65 2 57 0 0 64 0 68 5 3 0 93 12 69 50 16 93 95 17 73 61 1 26 77 17 79 83 0 30 0 74 26 94 17 43 37 0 5 61 45 49 27 51 0 48 0 58 0 56 54 86 78 9 63 41 0 56 0 1 0 9 33 98 97 75 72 60 93 2 59 20 22 0 
58 0 0 44 24 15 40 2 93 86 0 6 87 0 0 0 76 13 43 0 57 92 67 74 90 0 62 84 5 64 24 7 53 79 56 9 46 14 12 79 9 32 91 97 15 70 15 89 0 58 84 0 32 34 24 30 38 88 85 82 89 29 54 19 0 48 80 61 9 29 5 5 1 19 96 94 70 4 31 89 64 0 71 58 0 90 92 0 0 9 32 56 76 43 0 84 6 0 97 0 
0 84 67 7 58 53 36 2 89 48 32 0 66 0 0 83 78 84 32 38 19 82 44 67 49 42 100 78 72 37 36 32 92 0 74 11 27 0 96 92 66 57 41 48 94 0 8 11 86 77 42 39 100 73 74 0 39 81 0 26 31 35 28 30 7 17 55 71 15 15 90 91 11 67 47 66 15 50 78 9 86 0 85 67 51 18 16 75 18 0 68 32 65 77 0 69 81 29 82 50 
77 82 76 19 17 0 0 0 54 62 29 87 26 0 83 0 94 23 52 5 93 24 79 68 92 27 21 16 0 33 35 40 0 86 36 0 36 13 44 33 39 85 54 99 0 0 84 0 0 9 86 57 55 0 0 26 13 13 0 48 29 70 58 65 61 9 58 24 87 12 67 54 0 0 72 87 95 95 94 0 54 0 9 0 70 52 12 0 86 90 27 0 84 48 47 7 0 64 6 0 
99 15 32 76 84 45 89 83 37 97 0 21 87 76 78 94 0 7 56 57 56 45 0 44 0 45 91 6 40 76 3 77 0 77 30 58 59 76 45 100 9 22 0 84 0 84 69 7 48 55 9 16 69 0 0 0 8 0 20 87 0 0 36 33 68 86 40 49 54 59 98 0 26 33 31 1 33 66 0 40 84 39 0 15 47 0 44 83 29 0 89 0 89 95 67 22 0 73 91 0 
51 41 54 45 25 89 16 0 81 4 67 62 72 13 84 23 7 0 61 0 3 98 0 7 58 54 41 77 38 75 0 44 7 0 70 72 51 31 61 0 48 63 6 34 93 13 19 54 28 31 81 96 0 83 49 0 23 84 57 33 27 54 0 15 27 0 0 10 77 89 0 61 32 83 17 93 0 82 0 21 34 53 0 15 88 36 99 4 69 60 22 86 67 9 78 50 0 72 16 90 
0 83 4 90 50 47 42 27 50 79 89 76 64 43 32 52 56 61 0 72 0 54 0 88 0 68 72 80 41 0 0 55 47 52 65 0 15 93 29 51 71 93 76 43 39 89 81 0 88 0 65 19 41 65 3 50 15 41 41 94 66 35 79 28 38 1 73 14 59 42 47 0 0 27 50 91 0 97 10 56 1 62 53 85 88 44 62 6 48 0 69 34 6 0 0 0 86 0 65 78 
57 0 36 82 59 1 0 7 49 58 92 27 0 0 38 5 57 0 72 0 37 30 65 0 1 12 43 36 25 57 91 28 75 0 33 99 90 39 23 45 42 52 78 13 17 33 64 55 68 4 83 90 2 6 64 42 44 51 92 21 48 99 0 0 0 97 74 22 69 0 64 70 0 74 65 85 46 47 46 49 83 29 59 38 2 2 96 10 64 0 1 75 41 90 87 0 89 46 48 9 
57 44 81 79 96 89 67 72 9 37 73 75 82 57 19 93 56 3 0 37 0 35 39 16 73 84 100 30 96 94 19 17 3 56 92 0 84 0 55 3 58 32 94 32 75 0 0 62 91 61 20 88 58 2 72 91 53 28 86 78 64 0 1 0 19 0 65 0 26 32 6 53 42 95 74 16 55 94 14 100 0 1 48 80 0 1 92 77 59 52 65 91 1 0 70 1 0 84 40 0 
0 100 97 100 92 34 24 73 17 81 24 43 7 92 82 24 45 98 54 30 35 0 7 90 0 46 48 0 78 69 93 19 99 4 51 0 0 92 33 91 77 1 25 41 28 33 61 28 0 17 59 0 44 54 0 59 40 3 17 0 85 10 27 79 59 33 1 24 19 69 97 10 5 0 15 20 56 77 54 4 89 3 64 0 13 54 0 15 20 90 34 3 0 80 98 67 55 56 72 29 
4 0 72 75 34 0 99 28 10 73 91 33 0 67 44 79 0 0 0 65 39 7 0 39 32 17 80 15 87 65 11 15 83 0 10 86 0 22 40 58 89 52 9 76 86 2 65 4 18 40 17 0 0 30 99 35 6 33 15 0 35 60 3 13 15 42 63 21 41 33 27 11 8 37 67 96 51 70 80 45 74 91 0 86 85 0 36 80 52 0 25 8 79 31 32 43 45 95 51 58 
93 0 3 59 56 35 0 96 95 38 26 53 0 74 67 68 44 7 88 0 16 90 39 0 0 16 84 77 6 21 64 58 0 0 0 0 79 8 84 15 31 77 23 59 20 83 47 18 87 79 84 73 0 30 17 98 60 0 78 90 58 86 31 55 83 0 0 80 40 4 22 18 19 0 0 11 28 0 4 0 0 0 45 50 49 28 46 71 32 66 65 39 92 0 51 0 57 69 91 92 
51 51 67 51 60 44 17 33 91 17 78 48 20 90 49 92 0 58 0 1 73 0 32 0 0 0 71 61 48 69 21 0 95 74 0 73 51 98 18 39 44 98 0 14 30 31 30 91 62 57 78 0 25 94 74 66 55 13 82 64 53 1 0 96 12 74 92 0 98 58 35 12 0 78 87 0 67 12 34 7 0 80 0 83 0 60 0 42 0 62 28 11 97 0 25 51 64 98 0 0 
0 54 0 51 11 86 51 0 27 69 49 32 53 0 42 27 45 54 68 12 84 46 17 16 0 0 48 42 33 11 0 3 11 84 3 94 72 76 0 0 18 0 87 23 30 51 0 0 0 34 83 95 55 68 0 66 0 61 18 80 25 53 24 14 70 0 0 31 0 41 72 17 70 10 13 3 23 99 100 0 0 95 0 15 98 0 16 34 17 17 85 37 45 27 56 18 0 46 33 96 
82 85 27 88 0 64 63 3 89 54 0 74 3 62 100 21 91 41 72 43 100 48 80 84 71 48 0 10 0 0 7 31 74 0 29 0 26 49 62 78 59 17 0 85 42 67 46 15 55 83 52 3 86 44 16 0 7 0 11 97 76 23 88 39 82 21 0 81 79 56 47 68 91 11 0 89 0 97 60 9 59 55 0 22 29 59 66 75 45 57 66 73 0 30 0 49 0 69 48 0 
62 32 55 90 7 47 7 48 58 88 20 33 65 84 78 16 6 77 80 36 30 0 15 77 61 42 10 0 100 0 36 48 0 19 0 94 0 44 76 0 41 69 22 46 23 17 41 0 95 9 39 50 0 66 15 33 54 0 48 0 43 29 0 17 0 7 32 44 5 41 79 13 28 76 65 0 16 57 67 70 0 12 0 37 28 88 17 53 22 49 3 22 40 25 31 78 14 0 37 0 
88 81 55 25 63 0 69 6 98 7 22 0 2 5 72 0 40 38 41 25 96 78 87 6 48 33 0 100 0 4 32 28 90 86 16 5 0 100 14 62 29 28 45 87 5 55 14 100 76 56 5 45 37 11 69 49 63 77 81 90 93 51 63 16 80 1 1 34 78 22 36 46 56 70 92 0 46 95 52 19 89 37 8 36 0 85 30 42 51 55 0 86 51 62 0 72 31 100 61 28 
45 24 59 76 70 85 52 58 58 2 0 0 57 64 37 33 76 75 0 57 94 69 65 21 69 11 0 0 4 0 49 78 80 89 37 46 58 40 46 15 30 26 24 10 11 0 100 0 0 63 73 67 50 30 22 21 84 0 89 0 52 0 0 11 31 62 0 53 40 68 49 5 27 1 37 66 89 66 83 0 7 54 44 45 0 29 0 44 77 37 43 95 56 0 24 34 72 60 99 29 
60 48 55 87 80 88 67 0 20 80 98 0 0 24 36 35 3 0 0 91 19 93 11 64 21 0 7 36 32 49 0 66 41 40 82 50 0 0 14 96 29 63 0 39 36 79 0 53 0 65 90 0 57 0 99 62 44 0 85 30 59 61 0 0 78 78 77 46 81 9 5 44 22 15 62 0 12 0 97 68 67 3 11 89 51 71 13 38 0 72 44 14 20 56 0 98 0 9 98 0 
22 27 29 73 58 80 3 78 5 92 79 88 0 7 32 40 77 44 55 28 17 19 15 58 0 3 31 48 28 78 66 0 34 35 0 0 65 12 18 37 0 87 43 63 52 32 68 46 94 0 64 89 73 42 17 63 45 38 59 62 38 69 86 43 45 0 1 38 93 9 79 92 19 83 0 72 25 28 58 68 0 69 62 95 0 74 81 90 0 1 10 37 0 42 52 0 89 84 92 0 
39 96 0 0 74 6 67 98 13 17 92 24 64 53 92 0 0 7 47 75 3 99 83 0 95 11 74 0 90 80 41 34 0 92 56 50 23 26 25 0 13 38 28 49 87 62 20 83 0 69 68 100 60 63 23 97 53 0 12 92 0 0 0 0 11 0 0 69 42 12 0 0 17 17 99 0 47 25 63 73 0 57 70 5 17 96 23 37 62 4 30 0 12 0 0 0 28 85 29 0 
91 2 15 98 64 44 60 12 36 25 97 27 0 79 0 86 77 0 52 0 56 4 0 0 74 84 0 19 86 89 40 35 92 0 15 92 2 41 73 12 79 73 11 68 58 0 88 67 93 6 52 36 61 9 24 66 71 19 0 28 69 2 67 85 38 83 76 45 0 0 58 17 0 87 12 67 31 99 0 12 0 59 92 0 65 79 26 39 51 45 39 19 47 77 73 0 30 0 0 57 
16 0 24 47 28 0 4 92 30 27 46 70 68 56 74 36 30 70 65 33 92 51 10 0 0 3 29 0 16 37 82 0 56 15 0 0 61 51 42 51 34 84 38 0 0 28 70 68 71 65 57 0 25 97 98 93 46 49 53 51 34 12 72 34 4 27 40 40 98 81 2 34 27 23 91 5 0 33 89 0 95 62 71 77 88 98 8 56 54 0 96 96 30 72 5 90 53 75 18 13 
32 7 67 71 4 48 13 28 23 51 14 0 5 9 11 0 58 72 0 99 0 0 86 0 73 94 0 94 5 46 50 0 50 92 0 0 0 44 100 21 56 10 72 93 14 50 96 29 76 69 86 16 77 49 50 93 38 49 38 81 1 15 54 22 88 0 61 58 21 89 85 0 7 35 17 31 0 34 3 3 12 88 79 20 29 6 63 0 62 36 72 26 44 94 76 45 21 65 40 10 
31 0 13 62 34 6 38 45 21 47 99 88 3 46 27 36 59 51 15 90 84 0 0 79 51 72 26 0 0 58 0 65 23 2 61 0 0 93 0 80 11 30 62 80 63 80 81 65 23 48 100 20 18 42 78 28 32 61 52 0 0 86 0 8 49 17 93 92 86 97 39 23 9 60 0 81 27 0 10 11 10 25 100 4 95 22 67 20 0 0 51 100 77 0 89 0 82 54 50 58 
79 67 40 2 10 29 0 31 72 12 0 94 0 14 0 13 76 31 93 39 0 92 22 8 98 76 49 44 100 40 0 12 26 41 51 44 93 0 7 36 55 52 88 34 59 28 50 45 85 49 94 82 64 62 32 19 19 78 73 43 22 78 0 42 24 10 43 22 27 100 18 8 0 74 2 27 21 31 34 34 83 57 70 84 71 70 22 43 93 0 0 70 0 9 35 74 70 22 85 83 
34 0 10 75 6 88 79 61 64 59 53 52 93 12 96 44 45 61 29 23 55 33 40 84 18 0 62 76 14 46 14 18 25 73 42 100 0 7 0 99 84 49 75 13 0 62 0 0 6 62 7 52 91 57 83 71 36 19 75 80 72 38 43 96 2 10 55 89 34 61 73 0 76 0 27 17 44 0 30 77 80 91 17 82 19 57 9 73 34 0 46 80 0 83 0 68 21 8 78 0 
3 98 0 71 0 85 13 0 35 93 0 90 12 79 92 33 100 0 51 45 3 91 58 15 39 0 78 0 62 15 96 37 0 12 51 21 80 36 99 0 23 30 54 85 54 97 15 75 92 89 26 94 81 77 0 38 43 84 89 0 0 38 25 8 62 0 38 54 81 23 65 7 70 32 0 20 0 91 21 0 47 91 0 0 2 55 43 64 26 49 12 0 97 15 96 54 42 99 33 0 
48 16 60 0 2 30 59 0 62 4 20 3 69 9 66 39 9 48 71 42 58 77 89 31 44 18 59 41 29 30 29 0 13 79 34 56 11 55 84 23 0 55 8 0 45 72 29 0 6 0 70 15 0 73 50 0 90 20 86 0 88 61 42 83 59 12 85 71 0 91 0 46 0 67 25 20 91 68 94 45 5 39 93 46 98 0 49 16 98 92 71 91 11 77 23 42 0 87 63 26 
0 69 82 10 57 39 22 16 59 87 0 74 50 32 57 85 22 63 93 52 32 1 52 77 98 0 17 69 28 26 63 87 38 73 84 10 30 52 49 30 55 0 51 92 54 24 0 49 67 47 64 33 22 85 72 3 72 0 34 0 23 0 0 2 60 98 0 72 73 2 92 7 95 29 40 22 0 0 86 17 35 41 0 38 0 0 52 53 4 97 15 25 54 31 32 90 44 77 5 0 
52 31 54 7 12 29 47 83 0 42 54 43 16 91 41 54 0 6 76 78 94 25 9 23 0 87 0 22 45 24 0 43 28 11 38 72 62 88 75 54 8 51 0 38 65 90 94 9 46 37 10 94 52 47 50 87 48 82 75 64 0 33 25 52 4 34 98 69 62 71 0 53 0 50 89 80 76 39 98 85 57 49 60 35 74 54 86 40 95 5 23 1 76 91 13 0 56 19 25 34 
0 0 27 69 17 85 13 58 82 0 95 50 93 97 48 99 84 34 43 13 32 41 76 59 14 23 85 46 87 10 39 63 49 68 0 93 80 34 13 85 0 92 38 0 26 52 22 0 67 50 68 14 69 94 0 10 80 79 54 49 90 17 70 37 21 71 26 0 0 12 69 79 0 73 0 29 81 0 13 17 0 71 15 95 48 16 52 79 70 76 66 65 100 74 24 14 98 9 37 0 
93 0 73 91 68 96 0 0 47 0 77 0 95 15 94 0 0 93 39 17 75 28 86 20 30 30 42 23 5 11 36 52 87 58 0 14 63 59 0 54 45 54 65 26 0 70 64 20 66 71 11 24 94 50 32 26 81 73 21 94 66 55 12 67 41 43 62 47 45 81 35 87 95 34 16 100 71 66 36 61 65 36 82 40 80 93 2 69 0 15 9 14 18 31 0 0 80 36 100 0 
27 22 59 80 0 13 83 0 6 1 92 6 17 70 0 0 84 13 89 33 0 33 2 83 31 51 67 17 55 0 79 32 62 0 28 50 80 28 62 97 72 24 90 52 70 0 61 66 58 93 69 61 0 63 0 86 20 83 89 0 0 40 0 55 6 52 12 67 77 67 24 39 84 83 90 33 95 0 62 60 91 0 0 37 48 21 27 23 73 78 44 54 42 10 17 74 78 20 24 35 
0 0 69 15 34 42 86 0 42 33 18 0 73 15 8 84 69 19 81 64 0 61 65 47 30 0 46 41 14 100 0 68 20 88 70 96 81 50 0 15 29 0 94 22 64 61 0 45 55 0 98 55 0 0 20 13 53 0 62 0 52 34 0 55 0 40 0 6 89 46 36 26 27 0 97 72 55 97 70 24 0 0 0 4 18 81 14 52 35 53 98 55 51 29 41 45 0 0 0 0 
0 87 33 3 16 4 25 0 68 0 85 81 61 89 11 0 7 54 0 55 62 28 4 18 91 0 15 0 100 0 53 46 83 67 68 29 65 45 0 75 0 49 9 0 20 66 45 0 0 7 19 13 0 4 0 98 14 61 0 0 0 2 88 86 0 61 56 42 83 52 43 9 21 46 87 1 96 0 27 93 50 100 82 27 7 10 34 10 20 56 74 22 2 0 87 0 0 78 46 28 
94 0 49 40 58 75 81 0 97 0 0 82 1 0 86 0 48 28 88 68 91 0 18 87 62 0 55 95 76 0 0 94 0 93 71 76 23 85 6 92 6 67 46 67 66 58 55 0 0 0 1 1 8 96 22 0 0 0 31 0 55 0 18 83 87 0 7 0 69 5 70 62 0 8 99 39 48 30 4 58 1 47 0 75 93 97 71 82 94 91 59 64 48 68 4 35 0 66 63 0 
59 95 50 26 71 75 80 10 14 75 0 82 26 58 77 9 55 31 0 4 61 17 40 79 57 34 83 9 56 63 65 0 69 6 65 69 48 49 62 89 0 47 37 50 71 93 0 7 0 0 93 95 72 0 53 7 45 37 39 0 0 0 0 0 0 86 47 56 66 90 1 49 32 0 0 32 71 32 5 7 0 59 0 0 0 0 95 5 6 1 42 30 54 54 69 7 0 29 85 87 
45 73 52 32 58 31 63 0 63 8 5 82 77 84 42 86 9 81 65 83 20 59 17 84 78 83 52 39 5 73 90 64 68 52 57 86 100 94 7 26 70 64 10 68 11 69 98 19 1 93 0 0 0 24 21 48 0 67 42 0 93 75 0 54 78 65 22 95 85 65 51 35 18 32 31 32 9 15 39 59 47 8 90 23 68 28 73 28 0 28 33 0 31 0 3 0 0 6 79 0 
0 62 0 75 87 74 92 71 0 94 80 1 17 0 39 57 16 96 19 90 88 0 0 73 0 95 3 50 45 67 0 89 100 36 0 16 20 82 52 94 15 33 94 14 24 61 55 13 1 95 0 0 0 38 96 64 33 0 28 99 81 7 0 88 4 0 95 0 48 18 80 6 56 26 0 100 25 9 47 37 37 0 56 74 32 72 97 2 0 38 52 73 72 77 0 2 61 23 52 35 
5 83 48 0 50 46 80 0 16 3 13 0 79 32 100 55 69 0 41 2 58 44 0 0 25 55 86 0 37 50 57 73 60 61 25 77 18 64 91 81 0 22 52 69 94 0 0 0 8 72 0 0 0 95 0 25 17 28 83 0 98 20 5 35 50 0 0 7 89 9 47 39 63 85 51 0 7 31 0 29 47 76 87 80 0 29 42 48 44 55 88 88 30 91 26 0 0 77 12 34 
71 0 0 80 26 0 55 85 39 89 97 36 83 34 73 0 0 83 65 6 2 54 30 30 94 68 44 66 11 30 0 42 63 9 97 49 42 62 57 77 73 85 47 94 50 63 0 4 96 0 24 38 95 0 11 63 27 0 100 77 85 81 21 29 0 75 8 37 36 88 7 99 37 66 96 0 51 43 57 12 0 0 0 46 0 0 46 22 0 22 98 69 46 4 82 16 0 76 37 41 
97 0 52 51 6 0 0 25 69 6 13 0 0 24 74 0 0 49 3 64 72 0 99 17 74 0 16 15 69 22 99 17 23 24 98 50 78 32 83 0 50 72 50 0 32 0 20 0 22 53 21 96 0 11 0 33 77 82 0 38 73 19 82 49 68 34 91 0 0 61 81 49 66 82 38 11 1 0 88 93 89 19 70 30 89 93 0 0 64 20 86 33 19 88 64 0 14 30 81 85 
28 66 31 0 0 62 31 0 71 42 32 72 30 30 0 26 0 0 50 42 91 59 35 98 66 66 0 33 49 21 62 63 97 66 93 93 28 19 71 38 0 3 87 10 26 86 13 98 0 7 48 64 25 63 33 0 75 45 0 47 62 12 31 75 5 50 0 82 80 97 67 95 33 32 49 0 70 25 100 93 0 89 18 81 17 12 55 100 79 0 91 10 0 14 28 80 84 13 74 77 
0 78 45 21 89 8 9 0 58 69 94 19 0 38 39 13 8 23 15 44 53 40 6 60 55 0 7 54 63 84 44 45 53 71 46 38 32 19 36 43 90 72 48 80 81 20 53 14 0 45 0 33 17 27 77 75 0 6 78 87 57 74 94 89 54 0 55 76 55 64 67 27 0 93 0 74 0 13 48 60 80 0 33 67 14 57 90 82 77 52 33 0 71 64 0 0 57 60 70 0 
83 0 83 13 51 77 84 0 61 0 0 30 74 88 81 13 0 84 41 51 28 3 33 0 13 61 0 0 77 0 0 38 0 19 49 49 61 78 19 84 20 0 82 79 73 83 0 61 0 37 67 0 28 0 82 45 6 0 50 7 89 58 45 47 100 0 1 71 31 47 72 79 0 27 85 59 0 45 37 0 50 0 31 0 90 0 84 63 50 69 0 0 8 68 69 98 81 20 22 44 
0 71 44 14 0 24 71 28 79 64 28 41 26 85 0 0 20 57 41 92 86 17 15 78 82 18 11 48 81 89 85 59 12 0 53 38 52 73 75 89 86 34 75 54 21 89 62 0 31 39 42 28 83 100 0 0 78 50 0 1 36 1 27 28 73 24 0 68 47 100 24 87 50 16 4 23 5 59 31 0 7 3 3 12 6 0 29 1 27 0 77 55 0 0 66 98 83 50 0 14 
78 78 83 39 79 60 0 93 4 28 0 97 94 82 26 48 87 33 94 21 78 0 0 90 64 80 97 0 90 0 30 62 92 28 51 81 0 43 80 0 0 0 64 49 94 0 0 0 0 0 0 99 0 77 38 47 87 7 1 0 11 75 33 93 7 17 93 72 14 34 23 15 0 20 59 51 64 56 30 69 0 74 48 57 76 21 76 0 85 46 16 18 76 44 61 42 68 0 64 32 
12 47 76 0 52 88 0 69 47 8 0 48 17 89 31 29 0 27 66 48 64 85 35 58 53 25 76 43 93 52 59 38 0 69 34 1 0 22 72 0 88 23 0 90 66 0 52 0 55 0 93 81 98 85 73 62 57 89 36 11 0 69 0 0 63 5 42 38 54 78 90 17 21 49 85 25 35 0 75 86 0 92 49 99 30 96 81 20 87 0 47 49 0 0 13 67 0 63 5 0 
47 0 34 73 42 49 59 75 58 23 35 61 43 29 35 70 0 54 35 99 0 10 60 86 1 53 23 29 51 0 61 69 0 2 12 15 86 78 38 38 61 0 33 17 55 40 34 2 0 0 75 7 20 81 19 12 74 58 1 75 69 0 53 83 43 0 36 75 24 9 17 53 0 0 60 0 21 91 57 8 0 24 45 85 76 62 35 100 42 88 6 67 84 0 86 67 56 0 11 0 
46 48 58 38 12 40 54 87 0 34 50 0 37 54 28 58 36 0 79 0 1 27 3 31 0 24 88 0 63 0 0 86 0 67 72 54 0 0 43 25 42 0 25 70 12 0 0 88 18 0 0 0 5 21 82 31 94 45 27 33 0 53 0 29 53 81 0 59 79 62 67 85 0 23 28 0 4 79 81 99 86 29 23 6 16 99 67 40 98 0 9 0 1 36 0 2 53 0 72 0 
0 86 75 0 38 0 13 9 39 66 47 0 0 19 30 65 33 15 28 0 0 79 13 55 96 14 39 17 16 11 0 43 0 85 34 22 8 42 96 8 83 2 52 37 67 55 55 86 83 0 54 88 35 29 49 75 89 47 28 93 0 83 29 0 0 0 1 15 57 15 35 58 60 24 62 51 0 0 22 84 0 0 13 11 44 0 61 69 59 0 20 49 0 0 61 0 0 25 0 13 
64 0 0 79 95 100 0 0 57 41 0 0 5 0 7 61 68 27 38 0 19 59 15 83 12 70 82 0 80 31 78 45 11 38 4 88 49 24 2 62 59 60 4 21 41 6 0 0 87 0 78 4 50 0 68 5 54 100 73 7 63 43 53 0 0 51 75 0 55 71 87 17 47 38 40 0 49 51 19 4 39 21 74 26 13 0 26 1 75 34 0 18 0 19 25 86 0 29 0 58 
33 8 24 70 81 47 90 30 61 75 82 54 61 48 17 9 86 0 1 97 0 33 42 0 74 0 21 7 1 62 78 0 0 83 27 0 17 10 10 0 12 98 34 71 43 52 40 61 0 86 65 0 0 75 34 50 0 0 24 17 5 0 81 0 51 0 66 7 26 22 91 92 16 81 38 60 0 49 73 0 0 100 67 38 18 8 53 19 83 0 62 77 0 25 36 0 97 52 52 53 
76 97 96 92 53 73 41 75 70 6 0 12 45 80 55 58 40 0 73 74 65 1 63 0 92 0 0 32 1 0 77 1 0 76 40 61 93 43 55 38 85 0 98 26 62 12 0 56 7 47 22 95 0 8 91 0 55 1 0 93 42 36 0 1 75 66 0 81 0 0 8 19 0 10 80 2 31 12 33 81 0 58 57 2 76 0 10 16 27 34 0 62 0 0 0 0 57 50 6 78 
53 0 70 83 0 9 100 0 90 21 0 28 49 61 71 24 49 10 14 22 0 24 21 80 0 31 81 44 34 53 46 38 69 45 40 58 92 22 89 54 71 72 69 0 47 67 6 42 0 56 95 0 7 37 0 82 76 71 68 72 38 75 59 15 0 7 81 0 84 33 95 87 19 68 94 8 0 48 78 86 48 72 83 27 23 15 1 42 38 62 99 38 26 0 1 36 16 78 10 0 
81 37 38 45 16 13 52 97 56 0 27 14 27 9 15 87 54 77 59 69 26 19 41 40 98 0 79 5 78 40 81 93 42 0 98 21 86 27 34 81 0 73 62 0 45 77 89 83 69 66 85 48 89 36 0 80 55 31 47 14 54 24 79 57 55 26 0 84 0 40 28 51 28 48 62 38 0 88 89 21 83 0 58 19 83 16 20 71 32 0 3 0 15 99 40 0 0 57 43 0 
65 43 36 42 15 3 64 86 19 57 60 0 51 29 15 12 59 89 42 0 32 69 33 4 58 41 56 41 22 68 9 9 12 0 81 89 97 100 61 23 91 2 71 12 81 67 46 52 5 90 65 18 9 88 61 97 64 47 100 34 78 9 62 15 71 22 0 33 40 0 39 43 63 57 51 53 89 40 81 58 53 66 49 2 0 57 94 89 62 68 0 12 0 0 91 0 96 88 37 83 
91 33 68 43 38 13 86 82 16 75 0 76 0 5 90 67 98 0 47 64 6 97 27 22 35 72 47 79 36 49 5 79 0 58 2 85 39 18 73 65 0 92 0 69 35 24 36 43 70 1 51 80 47 7 81 67 67 72 24 23 90 17 67 35 87 91 8 95 28 39 0 39 99 74 9 31 0 36 99 14 0 4 12 27 80 89 10 61 8 92 13 76 0 76 73 28 12 33 19 55 
0 21 0 44 11 91 74 53 0 72 64 56 48 5 91 54 0 61 0 70 53 10 11 18 12 17 68 13 46 5 44 92 0 17 34 0 23 8 0 7 46 7 53 79 87 39 26 9 62 49 35 6 39 99 49 95 27 79 87 15 17 53 85 58 17 92 19 87 51 43 39 0 77 91 93 27 16 59 79 12 13 10 77 55 16 17 33 83 41 29 100 95 0 60 47 83 53 47 21 34 
14 0 17 93 89 16 34 0 92 0 1 0 0 1 11 0 26 32 0 0 42 5 8 19 0 70 91 28 56 27 22 19 17 0 27 7 9 0 76 70 0 95 0 0 95 84 27 21 0 32 18 56 63 37 66 33 0 0 50 0 21 0 0 60 47 16 0 19 28 63 99 77 0 69 6 0 0 35 0 0 10 0 0 0 6 88 65 76 31 24 99 0 95 0 59 0 37 73 19 48 
64 0 55 0 28 33 0 99 61 0 0 0 58 19 67 0 33 83 27 74 95 0 37 0 78 10 11 76 70 1 15 83 17 87 23 35 60 74 0 32 67 29 50 73 34 83 0 46 8 0 32 26 85 66 82 32 93 27 16 20 49 0 23 24 38 81 10 68 48 57 74 91 69 0 39 92 3 30 4 78 21 4 99 85 47 76 89 80 92 46 89 1 71 77 26 48 57 83 45 43 
32 46 79 75 54 85 26 8 19 20 17 16 0 96 47 72 31 17 50 65 74 15 67 0 87 13 0 65 92 37 62 0 99 12 91 17 0 2 27 0 25 40 89 0 16 90 97 87 99 0 31 0 51 96 38 49 0 85 4 59 85 60 28 62 40 38 80 94 62 51 9 93 6 39 0 45 6 52 75 12 43 55 0 61 0 77 88 48 0 0 0 21 90 57 50 0 80 0 47 58 
0 11 0 32 92 0 0 68 83 10 73 64 56 94 66 87 1 93 91 85 16 20 96 11 0 3 89 0 0 66 0 72 0 67 5 31 81 27 17 20 20 22 80 29 100 33 72 1 39 32 32 100 0 0 11 0 74 59 23 51 25 0 0 51 0 60 2 8 38 53 31 27 0 92 45 0 71 0 86 10 99 98 57 63 96 56 4 81 6 0 1 4 0 22 37 55 81 0 0 42 
24 32 0 0 83 25 27 47 21 61 54 93 54 70 15 95 33 0 0 46 55 56 51 28 67 23 0 16 46 89 12 25 47 31 0 0 27 21 44 0 91 0 76 81 71 95 55 96 48 71 9 25 7 51 1 70 0 0 5 64 35 21 4 0 49 0 31 0 0 89 0 16 0 3 6 71 0 29 92 63 6 50 0 98 86 32 53 59 80 75 35 0 35 13 95 86 11 96 70 100 
79 87 76 10 57 83 45 75 91 0 73 37 86 4 50 95 66 82 97 47 94 77 70 0 12 99 97 57 95 66 0 28 25 99 33 34 0 31 0 91 68 0 39 0 66 0 97 0 30 32 15 9 31 43 0 25 13 45 59 56 0 91 79 0 51 49 12 48 88 40 36 59 35 30 52 0 29 0 41 88 21 87 40 97 60 8 38 45 67 91 28 35 56 0 51 0 93 0 36 0 
0 71 73 0 69 93 77 42 69 2 0 91 78 31 78 94 0 0 10 46 14 54 80 4 34 100 60 67 52 83 97 58 63 0 89 3 10 34 30 21 94 86 98 13 36 62 70 27 4 5 39 47 0 57 88 100 48 37 31 30 75 57 81 22 19 73 33 78 89 81 99 79 0 4 75 86 92 41 0 57 88 59 81 39 25 39 22 20 2 57 89 82 0 3 95 57 52 72 68 37 
97 0 89 0 39 43 1 25 0 30 75 59 9 89 9 0 40 21 56 49 100 4 45 0 7 0 9 70 19 0 68 68 73 12 0 3 11 34 77 0 45 17 85 17 61 60 24 93 58 7 59 37 29 12 93 93 60 0 0 69 86 8 99 84 4 0 81 86 21 58 14 12 0 78 12 10 63 88 57 0 39 38 91 76 66 70 93 5 46 100 40 19 39 74 14 83 5 0 41 0 
0 0 90 0 94 0 30 43 0 72 0 0 63 64 86 54 84 34 1 83 0 89 74 0 0 0 59 0 89 7 67 0 0 0 95 12 10 83 80 47 5 35 57 0 65 91 0 50 1 0 47 37 47 0 89 0 80 50 7 0 0 0 86 0 39 0 0 48 83 53 0 13 10 21 43 99 6 21 88 39 0 23 64 19 73 72 0 0 0 4 59 0 66 56 79 83 0 78 90 7 
2 88 0 1 0 99 58 16 77 33 38 17 41 0 0 0 39 53 62 29 1 3 91 0 80 95 55 12 37 54 3 69 57 59 62 88 25 57 91 91 39 41 49 71 36 0 0 100 47 59 8 0 76 0 19 89 0 0 3 74 92 24 29 0 21 100 58 72 0 66 4 10 0 4 55 98 50 87 59 38 23 0 89 83 75 30 78 75 33 57 94 41 52 21 0 47 59 45 5 39 
39 70 91 0 69 76 79 68 18 52 51 65 0 71 85 9 0 0 53 59 48 64 0 45 0 0 0 0 8 44 11 62 70 92 71 79 100 70 17 0 93 0 60 15 82 0 0 82 0 0 90 56 87 0 70 18 33 31 3 48 49 45 23 13 74 67 57 83 58 49 12 77 0 99 0 57 0 40 81 91 64 89 0 74 9 81 0 59 84 61 20 33 12 7 29 7 0 26 26 64 
73 75 9 46 46 100 58 54 39 3 69 36 56 58 67 0 15 15 85 38 80 0 86 50 83 15 22 37 36 45 89 95 5 0 77 20 4 84 82 0 46 38 35 95 40 37 4 27 75 0 23 74 80 46 30 81 67 0 12 57 99 85 6 11 26 38 2 27 19 2 27 55 0 85 61 63 98 97 39 76 19 83 74 0 6 33 0 20 51 54 1 48 0 18 4 49 51 74 60 96 
23 75 8 13 0 39 62 0 68 0 98 0 0 0 51 70 47 88 88 2 0 13 85 49 0 98 29 28 0 0 51 0 17 65 88 29 95 71 19 2 98 0 74 48 80 48 18 7 93 0 68 32 0 0 89 17 14 90 6 76 30 76 16 44 13 18 76 23 83 0 80 16 6 47 0 96 86 60 25 66 73 75 9 6 0 20 42 86 67 90 65 69 0 30 51 23 89 92 61 0 
31 66 23 74 75 11 22 38 48 0 0 13 1 90 18 52 0 36 44 2 1 54 0 28 60 0 59 88 85 29 71 74 96 79 98 6 22 70 57 55 0 0 54 16 93 21 81 10 97 0 28 72 29 0 93 12 57 0 0 21 96 62 99 0 0 8 0 15 16 57 89 17 88 76 77 56 32 8 39 70 72 30 81 33 20 0 15 39 0 68 40 98 39 89 95 42 12 3 0 58 
63 41 32 65 73 74 59 57 17 39 8 11 0 92 16 12 44 99 62 96 92 0 36 46 0 16 66 17 30 0 13 81 23 26 8 63 67 22 9 43 49 52 86 52 2 27 14 34 71 95 73 97 42 46 0 55 90 84 29 76 81 35 67 61 26 53 10 1 20 94 10 33 65 89 88 4 53 38 22 93 0 78 0 0 42 15 0 78 74 16 24 99 0 10 63 0 58 62 67 25 
0 31 52 39 24 45 61 0 0 9 92 0 9 0 75 0 83 4 6 10 77 15 80 71 42 34 75 53 42 44 38 90 37 39 56 0 20 43 73 64 16 53 40 79 69 23 52 10 82 5 28 2 48 22 0 100 82 63 1 0 20 100 40 69 1 19 16 42 71 89 61 83 76 80 48 81 59 45 20 5 0 75 59 20 86 39 78 0 31 93 84 10 0 31 0 61 81 57 41 64 
0 75 99 0 18 78 16 40 99 77 10 3 33 0 18 86 29 69 48 64 59 20 52 32 0 17 45 22 51 77 0 0 62 51 54 62 0 93 34 26 98 4 95 70 0 73 35 20 94 6 0 0 44 0 64 79 77 50 27 85 87 42 98 59 75 83 27 38 32 62 8 41 31 92 0 6 80 67 2 46 0 33 84 51 67 0 74 31 0 89 61 64 87 68 54 67 57 66 61 0 
0 90 15 88 0 0 7 0 74 0 0 54 98 9 0 90 0 60 0 0 52 90 0 66 62 17 57 49 55 37 72 1 4 45 0 36 0 0 0 49 92 97 5 76 15 78 53 56 91 1 28 38 55 22 20 0 52 69 0 46 0 88 0 0 34 0 34 62 0 68 92 29 24 46 0 0 75 91 57 100 4 57 61 54 90 68 16 93 89 0 23 78 0 0 11 0 0 24 30 8 
20 0 75 42 0 75 36 83 38 14 12 49 97 32 68 27 89 22 69 1 65 34 25 65 28 85 66 3 0 43 44 10 30 39 96 72 51 0 46 12 71 15 23 66 9 44 98 74 59 42 33 52 88 98 86 91 33 0 77 16 47 6 9 20 0 62 0 99 3 0 13 100 99 89 0 1 35 28 89 40 59 94 20 1 65 40 24 84 61 23 0 93 83 85 62 31 10 61 20 89 
0 73 0 57 42 62 45 40 82 34 0 16 75 56 32 0 0 86 34 75 91 3 8 39 11 37 73 22 86 95 14 37 0 19 96 26 100 70 80 0 91 25 1 65 14 54 55 22 64 30 0 73 88 69 33 10 0 0 55 18 49 67 0 49 18 77 62 38 0 12 76 95 0 1 21 4 0 35 82 19 0 41 33 48 69 98 99 10 64 78 93 0 57 92 5 56 24 35 62 0 
49 20 0 42 80 37 16 56 0 0 67 88 72 76 65 84 89 67 6 41 1 0 79 92 97 45 0 40 51 56 20 0 12 47 30 44 77 0 0 97 11 54 76 100 18 42 51 2 48 54 31 72 30 46 19 0 71 8 0 76 0 84 1 0 0 0 0 26 15 0 0 0 95 71 90 0 35 56 0 39 66 52 12 0 0 39 0 0 87 0 83 57 0 0 76 0 40 0 59 68 
40 24 18 0 71 52 26 27 0 43 0 0 60 43 77 48 95 9 0 90 0 80 31 0 0 27 30 25 62 0 56 42 0 77 72 94 0 9 83 15 77 31 91 74 31 10 29 0 68 54 0 77 91 4 88 14 64 68 0 44 0 0 36 0 19 25 0 0 99 0 76 60 0 77 57 22 13 0 3 74 56 21 7 18 30 89 10 31 68 0 85 92 0 0 29 22 0 4 61 0 
73 63 23 55 0 15 11 85 47 0 85 78 93 0 0 47 67 78 0 87 70 98 32 51 25 56 0 31 0 24 0 52 0 73 5 76 89 35 0 96 23 32 13 24 0 17 41 87 4 69 3 0 26 82 64 28 0 69 66 61 13 86 0 61 25 36 0 1 40 91 73 47 59 26 50 37 95 51 95 14 79 0 29 4 51 95 63 0 54 11 62 5 76 29 0 59 66 12 66 0 
81 0 82 47 0 13 0 0 84 0 0 0 2 84 69 7 22 50 0 0 1 67 43 0 51 18 49 78 72 34 98 0 0 0 90 45 0 74 68 54 42 90 0 14 0 74 45 0 35 7 0 2 0 16 0 80 0 98 98 42 67 67 2 0 86 0 0 36 0 0 28 83 0 48 0 55 86 0 57 83 83 47 7 49 23 42 0 61 67 0 31 56 0 22 59 0 0 0 62 79 
8 27 24 76 0 74 0 100 74 93 0 92 59 6 81 0 0 0 86 89 0 55 45 57 64 0 0 14 31 72 0 89 28 30 53 21 82 70 21 42 0 44 56 98 80 78 0 0 0 0 0 61 0 0 14 84 57 81 83 68 0 56 53 0 0 97 57 16 0 96 12 53 37 57 80 81 11 93 52 5 0 59 0 51 89 12 58 81 57 0 10 24 40 0 66 0 0 57 28 2 
54 76 93 1 8 27 90 45 60 9 80 63 20 0 29 64 73 72 0 46 84 56 95 69 98 46 69 0 100 60 9 84 85 0 75 65 54 22 8 99 87 77 19 9 36 20 0 78 66 29 6 23 77 76 30 13 60 20 50 0 63 0 0 25 29 52 50 78 57 88 33 47 73 83 0 0 96 0 72 0 78 45 26 74 92 3 62 57 66 24 61 35 0 4 12 0 57 0 0 0 
54 0 11 13 84 12 77 21 62 0 0 0 22 97 82 6 91 16 65 48 40 72 51 91 0 33 48 37 61 99 98 92 29 0 18 40 50 85 78 33 63 5 25 37 100 24 0 46 63 85 79 52 12 37 81 74 70 22 0 64 5 11 72 0 0 52 6 10 43 37 19 21 19 45 47 0 70 36 68 41 90 5 26 60 61 0 67 41 61 30 20 62 59 61 66 62 28 0 0 71 
77 73 1 56 0 60 1 78 22 37 17 0 0 0 50 0 0 90 78 9 0 29 58 92 0 96 0 0 28 29 0 0 0 57 13 10 58 83 0 0 26 0 34 0 0 35 0 28 0 87 0 35 34 41 85 77 0 44 14 32 0 0 0 13 58 53 78 0 0 83 55 34 48 43 58 42 100 0 37 0 7 39 64 96 0 58 25 64 0 8 89 0 68 0 0 79 2 0 71 0 
