0 78 0 43 0 68 0 0 0 0 0 0 0 3 80 63 0 38 0 0 0 0 0 0 93 0 0 32 0 17 0 0 0 0 38 0 54 92 24 0 0 0 0 0 0 0 0 0 0 0 0 0 44 0 0 21 0 0 0 0 0 100 0 0 0 28 0 0 0 38 6 80 0 0 0 0 0 83 0 0 0 0 0 0 73 0 0 100 0 2 14 0 0 93 0 8 0 37 90 0 
78 0 0 0 81 40 4 93 80 0 0 83 15 0 0 60 93 14 0 0 20 0 0 0 0 0 0 0 0 0 0 0 0 0 11 0 0 0 0 0 0 0 50 0 0 53 0 0 0 0 0 75 0 0 0 0 0 82 0 0 0 89 83 0 0 0 0 0 0 0 0 0 0 0 0 0 0 0 86 0 80 0 81 0 0 0 0 0 0 13 0 0 79 0 0 0 0 0 0 0 
0 0 0 0 0 0 0 18 0 0 0 0 0 0 82 0 0 0 72 0 71 88 0 0 0 0 69 8 0 0 0 0 0 34 7 0 0 53 0 0 0 0 0 0 4 0 98 0 0 0 0 0 0 0 0 0 71 0 0 0 0 0 0 0 42 0 81 0 50 88 0 0 0 0 51 0 25 0 0 0 89 0 0 0 0 0 0 0 0 0 0 16 0 4 8 0 0 35 0 0 
43 0 0 0 0 0 0 0 0 45 0 0 0 0 0 0 0 0 0 0 0 27 0 0 0 37 0 0 0 0 0 24 60 7 0 72 0 91 55 42 36 0 71 0 55 0 0 0 57 0 23 96 0 0 0 0 0 0 0 0 63 0 0 0 0 0 0 0 0 92 0 79 0 0 0 0 0 98 77 0 0 0 0 65 18 23 0 0 0 0 0 0 0 0 79 40 74 58 15 0 
0 81 0 0 0 0 0 0 0 0 18 0 0 14 0 0 100 0 0 15 0 57 0 0 24 0 32 0 65 0 0 74 0 0 0 0 0 0 0 0 0 0 7 93 0 0 0 93 0 0 0 0 7 0 0 0 0 0 32 0 99 0 37 54 0 0 0 0 0 18 0 0 0 0 0 0 0 47 87 0 26 96 0 9 33 0 14 0 0 17 98 51 0 0 0 0 0 0 0 13 
68 40 0 0 0 0 69 0 31 0 37 0 0 0 0 0 0 0 5 0 0 0 5 96 0 0 0 39 53 33 87 0 0 37 0 58 0 0 0 24 66 0 0 0 87 0 0 0 92 0 0 0 0 0 0 0 24 80 48 0 0 0 0 55 0 0 0 0 0 97 0 0 0 0 0 0 0 32 0 0 14 0 31 49 0 1 0 0 0 0 66 0 0 0 0 0 0 0 0 0 
0 4 0 0 0 69 0 0 0 25 30 0 0 0 0 0 0 0 0 0 40 60 52 0 0 0 0 35 77 0 33 0 0 0 0 29 100 36 0 0 0 0 18 0 0 0 0 0 0 53 0 0 54 0 0 0 0 0 0 18 0 0 89 0 5 0 0 0 0 65 0 0 52 0 0 84 0 0 0 0 45 0 0 96 0 59 0 62 0 0 78 3 0 0 80 0 0 9 0 0 
0 93 18 0 0 0 0 0 0 0 0 0 0 7 0 0 0 0 0 0 0 28 0 0 0 8 0 0 0 0 0 59 97 0 0 0 0 0 0 20 0 0 0 100 0 0 52 0 74 80 0 49 93 0 0 92 0 63 0 0 0 0 10 0 0 43 0 84 0 46 0 0 6 0 0 0 0 0 0 0 0 0 0 0 33 0 0 13 60 23 0 27 84 0 0 12 47 0 0 0 
0 80 0 0 0 31 0 0 0 0 12 0 55 0 18 0 51 67 0 10 0 0 0 0 0 73 0 0 0 0 0 0 0 0 0 0 0 0 0 0 0 0 0 0 0 0 0 36 0 0 0 0 28 75 0 55 0 0 0 25 0 0 0 0 14 0 0 9 0 0 0 43 0 0 74 0 16 0 66 21 92 0 0 0 0 0 0 0 0 62 0 0 0 0 0 0 0 0 0 71 
0 0 0 45 0 0 25 0 0 0 31 0 0 55 19 0 68 0 0 78 0 9 0 0 0 54 0 0 0 0 55 0 0 36 0 0 0 0 0 0 0 27 0 0 0 69 0 0 0 0 0 0 0 0 0 0 0 0 0 0 0 0 89 0 0 0 0 95 0 8 0 72 0 0 17 26 39 0 0 13 0 0 51 0 0 0 0 0 0 0 0 81 0 0 0 0 0 38 0 7 
0 0 0 0 18 37 30 0 12 31 0 0 75 0 0 47 0 0 0 0 0 0 39 0 30 0 0 0 0 0 0 37 0 0 0 0 15 73 11 0 0 0 0 0 0 0 0 0 0 0 0 28 0 70 0 0 0 67 85 0 54 38 92 0 0 0 0 86 0 0 0 0 0 0 0 0 44 0 0 0 0 0 26 47 0 91 57 0 26 0 0 0 75 0 0 0 0 0 24 37 
0 83 0 0 0 0 0 0 0 0 0 0 0 9 0 0 0 33 0 22 11 0 0 0 0 0 0 0 0 0 0 0 47 0 0 0 0 0 88 0 0 2 0 45 13 0 0 0 28 0 6 0 0 41 0 0 65 0 14 0 0 0 0 0 57 0 0 0 0 0 0 0 0 0 0 0 0 0 34 0 0 0 0 0 15 0 0 0 0 0 0 0 0 64 54 0 0 0 0 0 
0 15 0 0 0 0 0 0 55 0 75 0 0 0 70 0 0 0 0 0 0 0 0 0 0 0 19 0 0 0 0 0 0 0 0 70 0 0 61 0 0 0 0 0 97 99 0 0 0 0 0 0 93 0 0 0 0 0 0 0 69 0 3 0 0 0 0 84 89 0 0 0 0 0 51 0 0 0 0 0 0 0 0 0 85 4 0 94 60 0 20 0 20 0 16 0 0 86 0 0 
3 0 0 0 14 0 0 7 0 55 0 9 0 0 0 48 26 25 0 61 3 0 0 0 0 0 0 64 0 0 0 0 0 0 33 0 0 8 0 16 55 0 0 0 53 0 3 95 0 0 0 0 73 0 34 0 53 0 0 0 0 53 0 0 0 33 0 0 0 0 0 0 63 0 0 0 0 0 0 0 0 0 0 0 0 0 0 0 0 0 77 0 0 0 3 44 14 17 0 66 
80 0 82 0 0 0 0 0 18 19 0 0 70 0 0 0 0 0 0 0 0 45 0 0 0 0 0 0 0 0 0 66 0 0 0 0 75 0 0 0 0 0 0 0 0 0 0 0 0 61 0 0 0 0 0 0 0 0 91 0 0 0 0 0 0 0 0 0 75 7 0 0 0 0 0 76 0 0 21 35 8 59 0 0 0 0 0 0 0 0 0 13 0 66 0 6 0 0 0 42 
63 60 0 0 0 0 0 0 0 0 47 0 0 48 0 0 71 0 0 0 21 0 0 68 0 0 0 0 0 0 2 0 0 0 80 2 0 0 9 51 0 0 0 0 0 70 0 0 0 0 0 70 0 64 69 0 0 0 0 0 14 40 0 0 0 0 0 0 0 27 0 0 0 33 0 0 49 47 0 72 0 0 0 94 0 0 0 0 0 0 0 0 0 0 0 0 0 0 0 0 
0 93 0 0 100 0 0 0 51 68 0 0 0 26 0 71 0 89 19 0 0 0 29 0 0 0 0 0 0 0 0 0 0 0 0 0 0 0 0 38 36 0 0 29 0 61 0 0 0 0 0 0 0 46 0 13 0 0 0 0 31 0 28 0 51 0 0 0 51 0 0 0 0 0 0 28 0 0 0 0 0 0 0 0 0 0 92 0 0 55 65 0 20 71 0 0 0 0 6 40 
38 14 0 0 0 0 0 0 67 0 0 33 0 25 0 0 89 0 17 3 0 0 0 0 74 0 94 0 0 77 0 0 0 0 0 52 0 0 74 59 0 27 0 84 82 36 0 0 0 0 92 0 0 0 29 0 0 0 0 0 0 0 0 0 63 21 0 0 0 0 0 83 0 0 0 51 83 0 78 0 0 46 0 0 0 0 0 0 0 0 0 29 0 0 0 0 50 0 42 0 
0 0 72 0 0 5 0 0 0 0 0 0 0 0 0 0 19 17 0 0 0 66 10 0 0 0 0 0 77 0 0 0 0 90 0 0 0 0 10 0 0 0 0 76 0 65 0 0 89 0 0 0 0 0 0 63 43 0 80 0 39 0 6 5 13 0 0 96 0 0 17 0 32 0 0 67 0 0 0 0 0 0 1 0 0 96 0 0 0 20 99 54 0 0 49 0 0 0 0 83 
0 0 0 0 15 0 0 0 10 78 0 22 0 61 0 0 0 3 0 0 0 17 40 0 0 0 55 57 0 0 0 32 20 0 0 0 0 0 0 0 0 0 0 0 0 83 0 0 0 0 0 0 0 0 0 0 0 0 0 0 0 0 0 0 0 0 69 42 0 0 0 0 0 0 0 0 0 0 0 0 0 74 53 13 0 0 0 0 0 0 0 0 0 0 0 55 39 0 82 0 
0 20 71 0 0 0 40 0 0 0 0 11 0 3 0 21 0 0 0 0 0 0 44 0 0 0 6 0 0 10 0 30 0 0 9 0 0 0 0 0 0 0 0 0 0 0 26 0 0 0 0 0 89 0 0 0 61 40 65 95 0 0 0 90 0 0 85 0 1 0 11 9 35 0 45 0 28 0 0 0 23 44 0 0 0 0 52 0 0 0 83 82 0 0 0 0 0 0 0 0 
0 0 88 27 57 0 60 28 0 9 0 0 0 0 45 0 0 0 66 17 0 0 0 0 0 0 0 0 0 0 13 6 0 0 0 0 48 0 0 0 0 0 0 0 0 0 83 28 0 0 0 0 0 0 0 0 77 0 0 0 44 18 0 0 0 0 0 0 0 13 0 93 17 0 0 0 0 0 0 0 0 69 6 54 62 0 0 0 0 0 0 0 26 0 0 0 57 16 29 0 
0 0 0 0 0 5 52 0 0 0 39 0 0 0 0 0 29 0 10 40 44 0 0 0 0 0 0 77 0 0 18 0 0 0 36 0 0 0 0 0 11 0 0 0 9 0 0 0 0 10 47 43 0 24 0 0 0 0 0 73 90 0 0 0 0 0 25 0 26 0 0 0 0 43 65 11 21 0 0 49 0 0 0 37 0 0 75 0 79 34 0 0 0 0 0 85 0 0 0 0 
0 0 0 0 0 96 0 0 0 0 0 0 0 0 0 68 0 0 0 0 0 0 0 0 12 0 88 60 28 0 21 30 41 0 0 0 0 0 0 0 0 0 3 0 0 20 0 0 0 0 0 0 0 0 25 0 0 0 0 0 0 7 65 20 0 0 78 0 0 0 0 0 0 0 0 0 0 64 4 0 0 0 9 0 0 36 0 45 15 58 0 0 0 34 0 28 0 5 0 0 
93 0 0 0 24 0 0 0 0 0 30 0 0 0 0 0 0 74 0 0 0 0 0 12 0 0 0 0 0 5 21 0 0 0 0 0 1 0 0 0 0 42 0 86 0 0 38 29 9 0 0 35 0 0 0 0 0 0 23 0 24 0 0 0 16 79 40 0 0 73 0 92 0 0 55 0 0 81 0 0 85 74 0 0 0 0 0 0 84 0 80 0 26 0 0 0 0 91 0 17 
0 0 0 37 0 0 0 8 73 54 0 0 0 0 0 0 0 0 0 0 0 0 0 0 0 0 0 21 0 0 99 42 0 0 0 17 70 0 17 0 0 0 0 0 35 0 0 0 93 0 0 0 0 0 0 0 55 0 0 0 1 42 95 60 0 96 0 0 0 63 0 0 95 33 91 0 97 0 0 20 2 0 0 40 0 0 0 74 0 0 53 0 0 0 0 76 0 0 0 67 
0 0 69 0 32 0 0 0 0 0 0 0 19 0 0 0 0 94 0 55 6 0 0 88 0 0 0 0 0 0 0 0 0 81 35 51 85 0 0 99 0 85 57 0 0 0 0 0 0 0 0 0 0 0 0 0 0 0 0 0 0 0 0 0 0 0 0 32 40 3 0 0 0 1 82 0 0 0 47 62 45 18 18 0 0 85 0 8 0 0 0 51 0 0 0 0 0 0 0 95 
32 0 8 0 0 39 35 0 0 0 0 0 0 64 0 0 0 0 0 57 0 0 77 60 0 21 0 0 64 0 0 0 0 73 0 0 0 32 22 0 0 0 0 19 0 0 0 0 0 0 0 0 0 0 0 0 72 0 0 0 0 0 0 0 50 0 0 0 0 0 0 51 0 0 25 7 2 0 0 14 28 18 0 0 0 0 40 0 0 0 0 0 0 0 0 0 0 79 0 0 
0 0 0 0 65 53 77 0 0 0 0 0 0 0 0 0 0 0 77 0 0 0 0 28 0 0 0 64 0 0 0 0 0 0 83 0 72 54 0 0 0 0 66 7 0 26 0 52 34 0 0 0 0 37 10 0 0 0 0 82 71 0 0 72 0 61 0 0 0 0 0 0 14 0 67 93 0 0 0 0 0 0 0 0 54 0 0 0 0 0 22 63 0 0 65 0 0 0 0 0 
17 0 0 0 0 33 0 0 0 0 0 0 0 0 0 0 0 77 0 0 10 0 0 0 5 0 0 0 0 0 0 0 79 26 0 35 34 0 89 0 33 0 0 54 0 0 92 0 0 0 0 0 0 0 54 22 0 0 0 0 25 40 67 0 0 0 0 73 0 0 67 0 0 0 0 0 0 0 19 0 98 0 0 0 0 0 0 0 0 0 84 0 0 0 0 45 0 69 0 0 
0 0 0 0 0 87 33 0 0 55 0 0 0 0 0 2 0 0 0 0 0 13 18 21 21 99 0 0 0 0 0 0 81 54 100 0 4 0 27 0 0 23 40 0 0 41 0 0 0 68 0 0 0 0 0 49 0 0 87 0 0 84 0 0 0 0 0 0 0 0 0 0 0 73 2 0 0 0 0 0 0 45 2 0 48 0 0 0 0 0 0 0 0 0 91 62 0 0 76 17 
0 0 0 24 74 0 0 59 0 0 37 0 0 0 66 0 0 0 0 32 30 6 0 30 0 42 0 0 0 0 0 0 0 11 0 66 0 0 0 0 81 80 0 82 0 0 0 0 0 98 0 0 0 10 0 0 0 0 0 54 36 0 0 50 80 0 0 97 0 0 0 29 0 0 0 100 0 0 87 0 0 0 0 0 0 0 99 0 0 0 0 0 0 0 0 0 0 10 3 0 
0 0 0 60 0 0 0 97 0 0 0 47 0 0 0 0 0 0 0 20 0 0 0 41 0 0 0 0 0 79 81 0 0 40 0 0 0 0 34 21 29 0 0 56 38 0 0 0 0 0 99 3 0 0 0 0 19 0 0 47 0 0 0 48 67 70 0 0 31 26 3 0 8 0 42 0 0 0 11 0 0 0 38 0 0 0 56 0 0 0 0 0 0 0 0 22 30 0 0 0 
0 0 34 7 0 37 0 0 0 36 0 0 0 0 0 0 0 0 90 0 0 0 0 0 0 0 81 73 0 26 54 11 40 0 0 15 0 0 0 56 0 10 0 0 31 0 0 0 0 67 0 0 0 0 0 0 0 0 0 0 0 0 13 43 0 33 0 0 0 5 0 6 0 0 54 0 0 0 0 0 0 0 100 0 0 0 0 0 32 0 0 7 52 0 56 0 76 91 0 0 
38 11 7 0 0 0 0 0 0 0 0 0 0 33 0 80 0 0 0 0 9 0 36 0 0 0 35 0 83 0 100 0 0 0 0 0 0 0 0 0 0 0 55 0 0 0 0 0 0 0 0 20 0 0 0 0 0 84 55 0 43 0 0 58 0 0 0 0 91 0 0 0 0 0 0 96 0 54 0 44 37 73 0 47 0 0 82 0 58 0 70 0 45 0 0 29 0 50 0 82 
0 0 0 72 0 58 29 0 0 0 0 0 70 0 0 2 0 52 0 0 0 0 0 0 0 17 51 0 0 35 0 66 0 15 0 0 0 28 7 0 0 0 52 25 14 80 0 0 0 0 0 84 0 10 0 0 0 0 23 0 0 0 0 0 12 43 48 0 23 97 0 0 0 0 0 0 0 0 0 0 0 6 0 0 0 0 22 0 0 0 0 21 0 0 0 0 0 0 0 41 
54 0 0 0 0 0 100 0 0 0 15 0 0 0 75 0 0 0 0 0 0 48 0 0 1 70 85 0 72 34 4 0 0 0 0 0 0 0 0 0 0 0 0 0 0 0 0 0 3 0 0 44 32 24 0 0 46 0 0 0 17 0 75 0 22 5 0 95 0 0 0 0 96 0 0 0 0 0 0 0 16 0 0 0 0 55 0 0 14 68 23 33 88 90 0 0 0 0 0 0 
92 0 53 91 0 0 36 0 0 0 73 0 0 8 0 0 0 0 0 0 0 0 0 0 0 0 0 32 54 0 0 0 0 0 0 28 0 0 0 0 0 90 0 0 0 26 0 0 0 69 92 0 0 79 0 0 0 51 18 0 0 0 0 56 0 67 0 0 30 50 97 22 0 0 45 0 0 91 0 93 58 0 35 66 0 6 0 0 0 0 0 0 0 0 87 0 0 0 0 0 
24 0 0 55 0 0 0 0 0 0 11 88 61 0 0 9 0 74 10 0 0 0 0 0 0 17 0 22 0 89 27 0 34 0 0 7 0 0 0 96 0 0 0 0 0 0 91 0 0 0 0 0 0 27 0 0 0 0 48 0 42 0 0 0 0 0 0 0 0 0 0 0 0 41 0 0 0 0 0 37 0 0 0 80 0 0 0 0 0 0 97 0 0 0 0 0 0 0 0 0 
0 0 0 42 0 24 0 20 0 0 0 0 0 16 0 51 38 59 0 0 0 0 0 0 0 0 99 0 0 0 0 0 21 56 0 0 0 0 96 0 75 0 97 0 0 0 0 0 0 0 0 0 0 0 0 100 0 94 0 87 0 0 0 34 0 0 0 0 0 0 75 0 0 0 0 71 0 0 0 0 0 39 0 0 0 0 0 83 0 0 0 56 0 65 0 0 0 80 0 53 
0 0 0 36 0 66 0 0 0 0 0 0 0 55 0 0 36 0 0 0 0 0 11 0 0 0 0 0 0 33 0 81 29 0 0 0 0 0 0 75 0 0 49 0 70 0 79 0 0 0 64 0 0 0 48 0 0 0 0 0 0 0 0 0 0 34 10 94 0 0 60 0 0 0 0 0 0 0 0 73 0 0 0 0 0 0 0 0 0 77 0 0 73 0 0 0 0 0 0 82 
0 0 0 0 0 0 0 0 0 27 0 2 0 0 0 0 0 27 0 0 0 0 0 0 42 0 85 0 0 0 23 80 0 10 0 0 0 90 0 0 0 0 0 0 45 0 41 0 0 0 83 0 0 85 0 99 0 0 0 55 0 0 0 0 0 22 33 38 13 0 0 20 0 0 2 88 0 0 3 97 0 66 0 0 0 0 89 23 0 0 0 0 0 100 0 87 22 0 0 0 
0 50 0 71 7 0 18 0 0 0 0 0 0 0 0 0 0 0 0 0 0 0 0 3 0 0 57 0 66 0 40 0 0 0 55 52 0 0 0 97 49 0 0 0 66 0 0 0 0 0 0 0 0 0 0 0 0 0 40 0 29 0 0 0 0 22 0 24 0 0 0 0 61 86 0 12 0 0 14 58 57 0 0 0 0 0 0 0 0 0 69 0 0 0 0 0 33 0 0 48 
0 0 0 0 93 0 0 100 0 0 0 45 0 0 0 0 29 84 76 0 0 0 0 0 86 0 0 19 7 54 0 82 56 0 0 25 0 0 0 0 0 0 0 0 40 82 0 0 0 7 6 0 0 57 0 0 66 57 0 0 0 0 0 0 0 0 26 92 21 19 0 0 71 0 0 0 0 0 100 78 0 26 0 0 0 0 0 0 0 0 0 0 0 0 0 0 0 0 55 36 
0 0 4 55 0 87 0 0 0 0 0 13 97 53 0 0 0 82 0 0 0 0 9 0 0 35 0 0 0 0 0 0 38 31 0 14 0 0 0 0 70 45 66 40 0 0 0 0 0 4 0 38 91 0 0 0 0 0 0 0 0 0 71 0 0 13 41 10 0 0 0 0 22 0 0 61 0 80 0 0 0 0 2 0 0 62 0 0 0 0 0 0 0 94 0 0 0 0 0 0 
0 53 0 0 0 0 0 0 0 69 0 0 99 0 0 70 61 36 65 83 0 0 0 20 0 0 0 0 26 0 41 0 0 0 0 80 0 26 0 0 0 0 0 82 0 0 0 0 0 87 0 0 92 0 0 0 47 0 99 0 43 0 47 0 0 0 0 0 0 0 43 0 36 0 0 0 42 0 38 0 0 72 18 0 0 84 97 0 0 0 0 0 0 0 75 71 0 0 0 0 
0 0 98 0 0 0 0 52 0 0 0 0 0 3 0 0 0 0 0 0 26 83 0 0 38 0 0 0 0 92 0 0 0 0 0 0 0 0 91 0 79 41 0 0 0 0 0 0 0 0 0 0 0 0 0 0 0 82 0 17 46 0 41 0 0 0 0 0 0 0 71 0 0 0 0 0 0 0 0 0 0 24 0 0 0 0 56 0 0 0 14 57 0 0 0 0 0 40 0 0 
0 0 0 0 93 0 0 0 36 0 0 0 0 95 0 0 0 0 0 0 0 28 0 0 29 0 0 0 52 0 0 0 0 0 0 0 0 0 0 0 0 0 0 0 0 0 0 0 73 99 91 0 0 0 0 0 87 0 80 0 100 6 0 0 2 0 0 0 0 0 0 0 0 10 96 10 0 81 39 0 0 0 0 0 6 97 22 0 0 0 0 0 0 0 0 0 0 0 76 0 
0 0 0 57 0 92 0 74 0 0 0 28 0 0 0 0 0 0 89 0 0 0 0 0 9 93 0 0 34 0 0 0 0 0 0 0 3 0 0 0 0 0 0 0 0 0 0 73 0 0 76 0 0 0 17 0 33 0 95 5 100 95 0 0 0 0 67 0 0 55 0 65 0 25 0 16 74 68 0 0 0 92 38 0 0 0 0 0 0 0 0 88 0 75 18 0 0 0 0 0 
0 0 0 0 0 0 53 80 0 0 0 0 0 0 61 0 0 0 0 0 0 0 10 0 0 0 0 0 0 0 68 98 0 67 0 0 0 69 0 0 0 0 0 7 4 87 0 99 0 0 0 0 0 0 85 0 0 36 0 72 0 0 0 24 0 0 80 0 0 7 0 5 0 0 44 0 0 80 0 23 97 0 60 86 0 0 0 81 0 67 43 0 0 0 0 0 0 26 68 0 
0 0 0 23 0 0 0 0 0 0 0 6 0 0 0 0 0 92 0 0 0 0 47 0 0 0 0 0 0 0 0 0 99 0 0 0 0 92 0 0 64 83 0 6 0 0 0 91 76 0 0 46 0 3 0 0 0 0 94 0 0 0 59 0 0 0 0 0 0 0 0 28 22 0 0 0 0 75 65 0 0 41 15 0 0 0 29 0 0 0 0 0 0 0 10 0 8 0 0 0 
0 75 0 96 0 0 0 49 0 0 28 0 0 0 0 70 0 0 0 0 0 0 43 0 35 0 0 0 0 0 0 0 3 0 20 84 44 0 0 0 0 0 0 0 38 0 0 0 0 0 46 0 0 43 100 0 9 35 0 0 0 0 0 68 0 28 0 0 0 0 71 0 0 0 32 0 95 72 0 0 0 13 0 0 0 0 0 0 0 0 0 47 0 1 0 64 0 0 53 0 
44 0 0 0 7 0 54 93 28 0 0 0 93 73 0 0 0 0 0 0 89 0 0 0 0 0 0 0 0 0 0 0 0 0 0 0 32 0 0 0 0 0 0 0 91 92 0 0 0 0 0 0 0 19 0 9 0 84 0 75 20 0 0 0 79 0 80 0 0 0 0 0 0 0 0 0 26 0 0 69 0 0 0 0 0 0 0 0 0 0 0 96 0 0 70 0 0 98 0 0 
0 0 0 0 0 0 0 0 75 0 70 41 0 0 0 64 46 0 0 0 0 0 24 0 0 0 0 0 37 0 0 10 0 0 0 10 24 79 27 0 0 85 0 57 0 0 0 0 0 0 3 43 19 0 59 0 0 0 0 0 90 0 0 82 0 0 60 60 93 0 0 0 46 0 66 0 0 64 0 0 0 0 0 0 0 0 12 0 4 0 0 0 0 33 0 89 0 0 0 0 
0 0 0 0 0 0 0 0 0 0 0 0 0 34 0 69 0 29 0 0 0 0 0 25 0 0 0 0 10 54 0 0 0 0 0 0 0 0 0 0 48 0 0 0 0 0 0 0 17 85 0 100 0 59 0 0 0 0 0 12 0 0 0 52 0 56 0 0 96 0 79 0 0 0 0 0 0 0 0 0 0 27 0 0 0 0 0 0 20 0 0 0 0 0 45 3 0 85 0 100 
21 0 0 0 0 0 0 92 55 0 0 0 0 0 0 0 13 0 63 0 0 0 0 0 0 0 0 0 0 22 49 0 0 0 0 0 0 0 0 100 0 99 0 0 0 0 0 0 0 0 0 0 9 0 0 0 0 0 17 0 39 0 22 88 0 0 66 91 0 0 0 72 0 48 0 43 0 0 0 86 0 0 0 0 55 0 0 0 0 25 0 51 0 0 0 0 0 0 0 0 
0 0 71 0 0 24 0 0 0 0 0 65 0 53 0 0 0 0 43 0 61 77 0 0 0 55 0 72 0 0 0 0 19 0 0 0 46 0 0 0 0 0 0 66 0 47 0 87 33 0 0 9 0 0 0 0 0 0 0 0 0 0 0 0 0 0 0 8 0 0 0 0 1 11 16 0 0 0 0 0 0 0 0 78 0 0 0 0 0 0 0 0 0 19 34 0 0 0 0 0 
0 82 0 0 0 80 0 63 0 0 67 0 0 0 0 0 0 0 0 0 40 0 0 0 0 0 0 0 0 0 0 0 0 0 84 0 0 51 0 94 0 0 0 57 0 0 82 0 0 36 0 35 84 0 0 0 0 0 0 10 0 0 0 0 0 48 0 0 0 0 0 0 0 75 0 0 67 93 10 55 0 0 0 0 0 0 79 0 0 41 0 0 38 0 14 0 31 0 0 24 
0 0 0 0 32 48 0 0 0 0 85 14 0 0 91 0 0 0 80 0 65 0 0 0 23 0 0 0 0 0 87 0 0 0 55 23 0 18 48 0 0 0 40 0 0 99 0 80 95 0 94 0 0 0 0 17 0 0 0 4 0 0 0 0 0 0 0 0 85 0 0 0 0 14 0 0 0 0 0 0 100 0 63 16 0 14 30 33 0 0 0 0 0 0 0 0 0 89 38 0 
0 0 0 0 0 0 18 0 25 0 0 0 0 0 0 0 0 0 0 0 95 0 73 0 0 0 0 0 82 0 0 54 47 0 0 0 0 0 0 87 0 55 0 0 0 0 17 0 5 72 0 0 75 0 12 0 0 10 4 0 0 0 0 61 0 0 0 0 93 0 96 49 0 0 0 0 0 0 0 0 36 0 0 89 4 65 0 0 70 0 26 0 0 70 33 0 1 0 0 38 
0 0 0 63 99 0 0 0 0 0 54 0 69 0 0 14 31 0 39 0 0 44 90 0 24 1 0 0 71 25 0 36 0 0 43 0 17 0 42 0 0 0 29 0 0 43 46 100 100 0 0 0 20 90 0 39 0 0 0 0 0 21 0 0 0 0 0 0 0 0 0 0 0 0 0 99 0 0 7 0 0 0 0 0 0 0 0 0 0 7 0 0 0 0 0 0 0 0 89 0 
100 89 0 0 0 0 0 0 0 0 38 0 0 53 0 40 0 0 0 0 0 18 0 7 0 42 0 0 0 40 84 0 0 0 0 0 0 0 0 0 0 0 0 0 0 0 0 6 95 0 0 0 0 0 0 0 0 0 0 0 21 0 0 0 35 36 0 0 12 0 0 40 0 0 0 0 0 0 0 0 0 1 0 0 46 0 0 0 0 0 0 23 0 0 0 32 75 42 0 99 
0 83 0 0 37 0 89 10 0 89 92 0 3 0 0 0 28 0 6 0 0 0 0 65 0 95 0 0 0 67 0 0 0 13 0 0 75 0 0 0 0 0 0 0 71 47 41 0 0 0 59 0 0 0 0 22 0 0 0 0 0 0 0 0 86 37 0 0 32 0 0 0 88 0 18 0 0 0 19 50 0 62 0 0 0 0 10 0 0 97 0 0 0 0 0 0 0 0 50 0 
0 0 0 0 54 55 0 0 0 0 0 0 0 0 0 0 0 0 5 0 90 0 0 20 0 60 0 0 72 0 0 50 48 43 58 0 0 56 0 34 0 0 0 0 0 0 0 0 0 24 0 68 0 82 52 88 0 0 0 61 0 0 0 0 0 54 0 0 0 0 0 0 0 85 0 0 0 0 86 55 0 0 0 54 0 0 4 55 0 0 0 0 0 0 0 63 0 0 0 0 
0 0 42 0 0 0 5 0 14 0 0 57 0 0 0 0 51 63 13 0 0 0 0 0 16 0 0 50 0 0 0 80 67 0 0 12 22 0 0 0 0 0 0 0 0 0 0 2 0 0 0 0 79 0 0 0 0 0 0 0 0 35 86 0 0 0 0 0 0 0 0 0 0 0 31 0 0 0 99 0 0 0 13 0 0 0 0 74 0 0 0 0 0 0 0 15 0 91 0 0 
28 0 0 0 0 0 0 43 0 0 0 0 0 33 0 0 0 21 0 0 0 0 0 0 79 96 0 0 61 0 0 0 70 33 0 43 5 67 0 0 34 22 22 0 13 0 0 0 0 0 0 28 0 0 56 0 0 48 0 0 0 36 37 54 0 0 41 0 0 0 0 82 0 0 0 85 0 15 0 0 0 0 0 0 0 0 0 25 0 0 92 0 0 69 0 0 0 0 29 0 
0 0 81 0 0 0 0 0 0 0 0 0 0 0 0 0 0 0 0 69 85 0 25 78 40 0 0 0 0 0 0 0 0 0 0 48 0 0 0 0 10 33 0 26 41 0 0 0 67 80 0 0 80 60 0 66 0 0 0 0 0 0 0 0 0 41 0 0 0 84 0 0 18 99 0 74 24 0 0 0 0 0 73 33 0 0 0 0 17 0 44 87 0 0 0 0 0 42 8 57 
0 0 0 0 0 0 0 84 9 95 86 0 84 0 0 0 0 0 96 42 0 0 0 0 0 0 32 0 0 73 0 97 0 0 0 0 95 0 0 0 94 38 24 92 10 0 0 0 0 0 0 0 0 60 0 91 8 0 0 0 0 0 0 0 0 0 0 0 30 0 0 0 0 0 0 0 0 0 0 0 0 0 24 2 58 0 33 58 59 0 0 0 90 0 0 24 71 0 28 0 
0 0 50 0 0 0 0 0 0 0 0 0 89 0 75 0 51 0 0 0 1 0 26 0 0 0 40 0 0 0 0 0 31 0 91 23 0 30 0 0 0 13 0 21 0 0 0 0 0 0 0 0 0 93 96 0 0 0 85 93 0 12 32 0 0 0 0 30 0 53 0 0 0 0 0 0 0 0 0 16 96 0 0 28 0 44 0 0 0 0 55 67 0 0 67 30 0 0 70 0 
38 0 88 92 18 97 65 46 0 8 0 0 0 0 7 27 0 0 0 0 0 13 0 0 73 63 3 0 0 0 0 0 26 5 0 97 0 50 0 0 0 0 0 19 0 0 0 0 55 7 0 0 0 0 0 0 0 0 0 0 0 0 0 0 0 0 84 0 53 0 0 0 0 0 0 0 0 0 0 0 0 0 0 0 0 8 41 0 0 33 91 0 0 0 5 0 0 0 0 0 
6 0 0 0 0 0 0 0 0 0 0 0 0 0 0 0 0 0 17 0 11 0 0 0 0 0 0 0 0 67 0 0 3 0 0 0 0 97 0 75 60 0 0 0 0 43 71 0 0 0 0 71 0 0 79 0 0 0 0 96 0 0 0 0 0 0 0 0 0 0 0 82 0 72 0 0 6 0 0 0 0 0 0 0 0 0 0 24 2 0 0 0 83 0 0 0 0 0 0 10 
80 0 0 79 0 0 0 0 43 72 0 0 0 0 0 0 0 83 0 0 9 93 0 0 92 0 0 51 0 0 0 29 0 6 0 0 0 22 0 0 0 20 0 0 0 0 0 0 65 5 28 0 0 0 0 72 0 0 0 49 0 40 0 0 0 82 0 0 0 0 82 0 84 0 0 0 0 0 0 0 0 0 0 36 81 0 0 0 0 0 0 26 0 0 71 29 0 0 0 0 
0 0 0 0 0 0 52 6 0 0 0 0 0 63 0 0 0 0 32 0 35 17 0 0 0 95 0 0 14 0 0 0 8 0 0 0 96 0 0 0 0 0 61 71 22 36 0 0 0 0 22 0 0 46 0 0 1 0 0 0 0 0 88 0 0 0 18 0 0 0 0 84 0 0 0 0 0 0 81 0 0 0 0 0 0 0 0 71 0 15 0 0 24 10 59 0 69 0 55 0 
0 0 0 0 0 0 0 0 0 0 0 0 0 0 0 33 0 0 0 0 0 0 43 0 0 33 1 0 0 0 73 0 0 0 0 0 0 0 41 0 0 0 86 0 0 0 0 10 25 0 0 0 0 0 0 48 11 75 14 0 0 0 0 85 0 0 99 0 0 0 72 0 0 0 0 0 0 0 0 0 0 0 61 0 0 0 0 0 0 0 0 0 0 0 23 18 0 0 4 0 
0 0 51 0 0 0 0 0 74 17 0 0 51 0 0 0 0 0 0 0 45 0 65 0 55 91 82 25 67 0 2 0 42 54 0 0 0 45 0 0 0 2 0 0 0 0 0 96 0 44 0 32 0 66 0 0 16 0 0 0 0 0 18 0 31 0 0 0 0 0 0 0 0 0 0 0 99 72 0 0 100 0 33 0 0 0 0 86 0 0 0 0 0 0 37 0 0 0 57 0 
0 0 0 0 0 0 84 0 0 26 0 0 0 0 76 0 28 51 67 0 0 0 11 0 0 0 0 7 93 0 0 100 0 0 96 0 0 0 0 71 0 88 12 0 61 0 0 10 16 0 0 0 0 0 0 43 0 0 0 0 99 0 0 0 0 85 74 0 0 0 0 0 0 0 0 0 0 9 0 0 0 0 0 0 0 0 0 0 0 15 0 28 0 30 0 0 32 45 43 0 
0 0 25 0 0 0 0 0 16 39 44 0 0 0 0 49 0 83 0 0 28 0 21 0 0 97 0 2 0 0 0 0 0 0 0 0 0 0 0 0 0 0 0 0 0 42 0 0 74 0 0 95 26 0 0 0 0 67 0 0 0 0 0 0 0 0 24 0 0 0 6 0 0 0 99 0 0 56 0 0 83 90 0 0 0 55 0 0 0 0 0 24 0 0 0 0 0 51 0 0 
83 0 0 98 47 32 0 0 0 0 0 0 0 0 0 47 0 0 0 0 0 0 0 64 81 0 0 0 0 0 0 0 0 0 54 0 0 91 0 0 0 0 0 0 80 0 0 81 68 80 75 72 0 64 0 0 0 93 0 0 0 0 0 0 0 15 0 0 0 0 0 0 0 0 72 9 56 0 0 0 67 74 0 83 0 0 97 0 0 39 69 91 0 47 0 0 0 0 0 69 
0 86 0 77 87 0 0 0 66 0 0 34 0 0 21 0 0 78 0 0 0 0 0 4 0 0 47 0 0 19 0 87 11 0 0 0 0 0 0 0 0 3 14 100 0 38 0 39 0 0 65 0 0 0 0 0 0 10 0 0 7 0 19 86 99 0 0 0 0 0 0 0 81 0 0 0 0 0 0 86 0 0 0 0 0 4 0 0 11 0 0 0 0 41 0 61 0 0 0 66 
0 0 0 0 0 0 0 0 21 13 0 0 0 0 35 72 0 0 0 0 0 0 49 0 0 20 62 14 0 0 0 0 0 0 44 0 0 93 37 0 73 97 58 78 0 0 0 0 0 23 0 0 69 0 0 86 0 55 0 0 0 0 50 55 0 0 0 0 16 0 0 0 0 0 0 0 0 0 86 0 0 48 0 0 0 0 0 0 68 0 0 0 0 60 0 0 0 82 0 0 
0 80 89 0 26 14 45 0 92 0 0 0 0 0 8 0 0 0 0 0 23 0 0 0 85 2 45 28 0 98 0 0 0 0 37 0 16 58 0 0 0 0 57 0 0 0 0 0 0 97 0 0 0 0 0 0 0 0 100 36 0 0 0 0 0 0 0 0 96 0 0 0 0 0 100 0 83 67 0 0 0 0 53 14 0 0 0 0 0 0 53 0 0 10 0 0 0 0 73 0 
0 0 0 0 96 0 0 0 0 0 0 0 0 0 59 0 0 46 0 74 44 69 0 0 74 0 18 18 0 0 45 0 0 0 73 6 0 0 0 39 0 66 0 26 0 72 24 0 92 0 41 13 0 0 27 0 0 0 0 0 0 1 62 0 0 0 0 0 0 0 0 0 0 0 0 0 90 74 0 48 0 0 0 0 0 0 0 0 80 0 0 2 0 85 0 0 0 0 0 0 
0 81 0 0 0 31 0 0 0 51 26 0 0 0 0 0 0 0 1 53 0 6 0 9 0 0 18 0 0 0 2 0 38 100 0 0 0 35 0 0 0 0 0 0 2 18 0 0 38 60 15 0 0 0 0 0 0 0 63 0 0 0 0 0 13 0 73 24 0 0 0 0 0 61 33 0 0 0 0 0 53 0 0 0 72 86 3 0 0 0 0 0 53 38 0 0 0 0 0 0 
0 0 0 65 9 49 96 0 0 0 47 0 0 0 0 94 0 0 0 13 0 54 37 0 0 40 0 0 0 0 0 0 0 0 47 0 0 66 80 0 0 0 0 0 0 0 0 0 0 86 0 0 0 0 0 0 78 0 16 89 0 0 0 54 0 0 33 2 28 0 0 36 0 0 0 0 0 83 0 0 14 0 0 0 0 30 0 0 0 46 0 0 0 13 0 0 0 0 0 21 
73 0 0 18 33 0 0 33 0 0 0 15 85 0 0 0 0 0 0 0 0 62 0 0 0 0 0 0 54 0 48 0 0 0 0 0 0 0 0 0 0 0 0 0 0 0 0 6 0 0 0 0 0 0 0 55 0 0 0 4 0 46 0 0 0 0 0 58 0 0 0 81 0 0 0 0 0 0 0 0 0 0 72 0 0 0 0 0 0 0 39 0 0 0 0 0 69 0 59 0 
0 0 0 23 0 1 59 0 0 0 91 0 4 0 0 0 0 0 96 0 0 0 0 36 0 0 85 0 0 0 0 0 0 0 0 0 55 6 0 0 0 0 0 0 62 84 0 97 0 0 0 0 0 0 0 0 0 0 14 65 0 0 0 0 0 0 0 0 44 8 0 0 0 0 0 0 55 0 4 0 0 0 86 30 0 0 68 0 73 47 0 0 0 5 0 0 0 0 0 0 
0 0 0 0 14 0 0 0 0 0 57 0 0 0 0 0 92 0 0 0 52 0 75 0 0 0 0 40 0 0 0 99 56 0 82 22 0 0 0 0 0 89 0 0 0 97 56 22 0 0 29 0 0 12 0 0 0 79 30 0 0 0 10 4 0 0 0 33 0 41 0 0 0 0 0 0 0 97 0 0 0 0 3 0 0 68 0 88 0 0 0 0 0 0 38 0 89 0 0 0 
100 0 0 0 0 0 62 13 0 0 0 0 94 0 0 0 0 0 0 0 0 0 0 45 0 74 8 0 0 0 0 0 0 0 0 0 0 0 0 83 0 23 0 0 0 0 0 0 0 81 0 0 0 0 0 0 0 0 33 0 0 0 0 55 74 25 0 58 0 0 24 0 71 0 86 0 0 0 0 0 0 0 0 0 0 0 88 0 0 0 0 0 0 0 94 55 0 0 0 18 
0 0 0 0 0 0 0 60 0 0 26 0 60 0 0 0 0 0 0 0 0 0 79 15 84 0 0 0 0 0 0 0 0 32 58 0 14 0 0 0 0 0 0 0 0 0 0 0 0 0 0 0 0 4 20 0 0 0 0 70 0 0 0 0 0 0 17 59 0 0 2 0 0 0 0 0 0 0 11 68 0 80 0 0 0 73 0 0 0 0 0 0 0 0 0 36 0 0 0 0 
2 13 0 0 17 0 0 23 62 0 0 0 0 0 0 0 55 0 20 0 0 0 34 58 0 0 0 0 0 0 0 0 0 0 0 0 68 0 0 0 77 0 0 0 0 0 0 0 0 67 0 0 0 0 0 25 0 41 0 0 7 0 97 0 0 0 0 0 0 33 0 0 15 0 0 15 0 39 0 0 0 0 0 46 0 47 0 0 0 0 14 0 0 0 0 0 13 7 0 0 
14 0 0 0 98 66 78 0 0 0 0 0 20 77 0 0 65 0 99 0 83 0 0 0 80 53 0 0 22 84 0 0 0 0 70 0 23 0 97 0 0 0 69 0 0 0 14 0 0 43 0 0 0 0 0 0 0 0 0 26 0 0 0 0 0 92 44 0 55 91 0 0 0 0 0 0 0 69 0 0 53 0 0 0 39 0 0 0 0 14 0 0 59 0 0 0 0 0 0 61 
0 0 16 0 51 0 3 27 0 81 0 0 0 0 13 0 0 29 54 0 82 0 0 0 0 0 51 0 63 0 0 0 0 7 0 21 33 0 0 56 0 0 0 0 0 0 57 0 88 0 0 47 96 0 0 51 0 0 0 0 0 23 0 0 0 0 87 0 67 0 0 26 0 0 0 28 24 91 0 0 0 2 0 0 0 0 0 0 0 0 0 0 0 33 0 0 0 0 36 0 
0 79 0 0 0 0 0 84 0 0 75 0 20 0 0 0 20 0 0 0 0 26 0 0 26 0 0 0 0 0 0 0 0 52 45 0 88 0 0 0 73 0 0 0 0 0 0 0 0 0 0 0 0 0 0 0 0 38 0 0 0 0 0 0 0 0 0 90 0 0 83 0 24 0 0 0 0 0 0 0 0 0 53 0 0 0 0 0 0 0 59 0 0 0 0 0 92 47 0 0 
93 0 4 0 0 0 0 0 0 0 0 64 0 0 66 0 71 0 0 0 0 0 0 34 0 0 0 0 0 0 0 0 0 0 0 0 90 0 0 65 0 100 0 0 94 0 0 0 75 0 0 1 0 33 0 0 19 0 0 70 0 0 0 0 0 69 0 0 0 0 0 0 10 0 0 30 0 47 41 60 10 85 38 13 0 5 0 0 0 0 0 33 0 0 0 0 0 0 38 0 
0 0 8 79 0 0 80 0 0 0 0 54 16 3 0 0 0 0 49 0 0 0 0 0 0 0 0 0 65 0 91 0 0 56 0 0 0 87 0 0 0 0 0 0 0 75 0 0 18 0 10 0 70 0 45 0 34 14 0 33 0 0 0 0 0 0 0 0 67 5 0 71 59 23 37 0 0 0 0 0 0 0 0 0 0 0 38 94 0 0 0 0 0 0 0 29 0 0 70 0 
8 0 0 40 0 0 0 12 0 0 0 0 0 44 6 0 0 0 0 55 0 0 85 28 0 76 0 0 0 45 62 0 22 0 29 0 0 0 0 0 0 87 0 0 0 71 0 0 0 0 0 64 0 89 3 0 0 0 0 0 0 32 0 63 15 0 0 24 30 0 0 29 0 18 0 0 0 0 61 0 0 0 0 0 0 0 0 55 36 0 0 0 0 0 29 0 0 67 0 0 
0 0 0 74 0 0 0 47 0 0 0 0 0 14 0 0 0 50 0 39 0 57 0 0 0 0 0 0 0 0 0 0 30 76 0 0 0 0 0 0 0 22 33 0 0 0 0 0 0 0 8 0 0 0 0 0 0 31 0 1 0 75 0 0 0 0 0 71 0 0 0 0 69 0 0 32 0 0 0 0 0 0 0 0 69 0 89 0 0 13 0 0 92 0 0 0 0 0 89 0 
37 0 35 58 0 0 9 0 0 38 0 0 86 17 0 0 0 0 0 0 0 16 0 5 91 0 0 79 0 69 0 10 0 91 50 0 0 0 0 80 0 0 0 0 0 0 40 0 0 26 0 0 98 0 85 0 0 0 89 0 0 42 0 0 91 0 42 0 0 0 0 0 0 0 0 45 51 0 0 82 0 0 0 0 0 0 0 0 0 7 0 0 47 0 0 67 0 0 0 0 
90 0 0 15 0 0 0 0 0 0 24 0 0 0 0 0 6 42 0 82 0 29 0 0 0 0 0 0 0 0 76 3 0 0 0 0 0 0 0 0 0 0 0 55 0 0 0 76 0 68 0 53 0 0 0 0 0 0 38 0 89 0 50 0 0 29 8 28 70 0 0 0 55 4 57 43 0 0 0 0 73 0 0 0 59 0 0 0 0 0 0 36 0 38 70 0 89 0 0 0 
0 0 0 0 13 0 0 0 71 7 37 0 0 66 42 0 40 0 83 0 0 0 0 0 17 67 95 0 0 0 17 0 0 0 82 41 0 0 0 53 82 0 48 36 0 0 0 0 0 0 0 0 0 0 100 0 0 24 0 38 0 99 0 0 0 0 57 0 0 0 10 0 0 0 0 0 0 69 66 0 0 0 0 21 0 0 0 18 0 0 61 0 0 0 0 0 0 0 0 0 
