0 8 76 33 84 0 17 28 94 78 0 58 8 9 29 95 46 92 2 0 0 0 73 0 65 0 72 0 20 18 49 65 81 89 76 68 96 78 0 0 0 100 0 0 46 5 1 31 55 64 0 91 0 88 0 0 0 40 0 0 0 0 29 99 74 0 0 10 75 30 26 6 57 42 13 41 0 0 66 6 43 32 0 96 39 0 0 5 50 91 64 0 45 80 21 1 58 31 3 60 
8 0 29 22 0 94 0 86 40 69 0 14 94 0 43 0 16 47 0 100 88 90 0 14 58 38 0 46 55 15 96 48 49 0 47 29 0 0 2 33 10 0 0 0 0 0 1 73 0 0 30 45 0 0 10 19 25 17 18 43 0 0 51 17 68 24 0 0 55 4 85 0 0 0 0 0 10 31 0 0 0 53 0 0 34 0 0 0 56 12 35 43 10 72 12 72 31 34 16 74 
76 29 0 57 0 46 0 0 47 13 33 0 85 0 23 0 0 57 0 73 99 57 90 42 0 0 2 0 18 10 10 0 0 71 38 79 1 27 0 86 82 96 0 69 53 56 48 9 14 0 76 12 0 0 98 53 0 0 0 77 0 46 46 0 88 19 49 37 0 0 0 0 82 92 0 49 0 89 68 86 0 0 63 74 43 0 19 73 51 24 4 92 57 88 9 0 0 0 0 6 
33 22 57 0 0 65 28 12 25 0 0 0 11 0 0 25 73 25 0 0 16 22 27 84 84 0 0 36 57 0 0 23 0 36 57 1 94 0 5 50 0 52 0 29 74 99 0 0 0 24 43 0 48 17 96 0 63 0 83 34 36 0 0 0 21 75 76 54 79 96 43 0 0 37 0 31 54 50 0 0 81 83 45 71 0 90 46 94 28 12 16 50 45 36 0 15 60 0 75 90 
84 0 0 0 0 45 97 0 55 2 0 0 3 10 55 93 79 0 94 0 76 0 59 58 94 38 51 80 82 46 86 58 0 0 9 50 0 7 15 96 21 0 0 0 0 0 0 0 75 0 0 35 0 0 27 78 7 53 44 36 78 37 45 43 3 59 25 0 36 0 33 0 26 91 0 0 11 0 0 9 80 0 0 6 0 0 74 0 99 77 31 83 79 14 0 0 55 18 0 0 
0 94 46 65 45 0 5 0 90 45 46 0 9 0 35 67 0 1 6 0 5 5 0 53 0 8 100 15 41 0 90 51 5 0 0 31 0 47 0 0 0 7 0 42 0 0 77 0 86 0 41 0 0 36 35 74 77 0 75 0 95 80 57 0 0 21 0 42 76 86 60 0 98 81 0 0 0 0 22 25 0 0 38 3 71 54 85 27 53 74 0 81 39 69 15 33 62 0 52 22 
17 0 0 28 97 5 0 13 0 20 79 0 97 0 99 20 0 0 66 82 83 76 77 0 82 32 0 9 15 45 91 0 11 53 93 0 71 0 0 0 69 16 27 81 87 33 7 20 71 0 84 37 79 100 0 0 22 0 60 28 53 0 0 0 0 29 35 44 0 49 1 57 42 33 0 0 7 16 0 0 52 2 77 18 0 81 34 0 0 11 93 52 0 0 57 61 0 42 0 32 
28 86 0 12 0 0 13 0 13 51 84 0 3 53 57 62 0 0 0 77 0 68 56 95 0 54 19 83 44 87 0 98 2 22 0 88 0 95 7 27 0 88 40 5 3 6 35 0 20 0 7 53 5 50 95 0 96 6 0 0 0 84 0 33 49 0 11 0 52 0 76 0 0 48 0 18 76 5 24 0 14 76 0 30 24 61 38 72 84 44 43 24 96 87 35 59 23 98 0 20 
94 40 47 25 55 90 0 13 0 25 71 0 0 14 25 0 0 86 0 49 26 7 91 0 55 67 0 47 0 99 77 50 39 0 40 4 96 50 11 94 8 0 28 0 51 3 1 66 65 98 28 24 0 0 7 0 94 37 31 0 59 0 26 4 40 73 41 71 0 0 39 28 0 98 0 0 0 0 85 0 14 71 0 0 0 16 95 0 61 0 0 41 92 73 0 47 0 0 74 53 
78 69 13 0 2 45 20 51 25 0 49 97 58 81 0 20 77 64 0 49 84 13 0 16 76 0 25 64 66 65 0 4 47 0 13 0 3 13 0 0 39 43 13 0 38 24 78 24 46 88 0 58 0 1 0 42 83 0 0 73 0 0 10 4 48 70 17 7 79 82 88 15 0 42 0 38 86 0 0 69 3 100 49 0 0 39 0 87 67 0 0 95 12 23 0 29 60 2 59 0 
0 0 33 0 0 46 79 84 71 49 0 54 72 34 55 25 13 0 53 0 0 81 0 5 0 0 8 69 0 55 5 0 0 22 30 0 64 9 80 36 35 91 26 27 0 91 0 0 78 47 66 0 43 0 0 52 93 20 59 3 77 74 93 85 2 0 79 0 0 65 50 0 65 0 76 0 0 85 0 0 55 46 0 65 34 98 33 0 34 80 0 92 100 0 0 0 0 72 5 22 
58 14 0 0 0 0 0 0 0 97 54 0 0 67 0 4 0 0 0 92 69 0 0 2 72 77 0 0 0 40 74 0 87 0 66 95 0 0 13 0 96 0 0 59 43 37 59 0 0 70 0 0 58 56 27 28 0 82 37 96 90 54 39 31 0 26 11 52 5 0 0 0 45 6 0 16 26 0 63 33 22 97 66 42 61 0 78 0 18 0 16 0 97 6 36 0 4 88 0 38 
8 94 85 11 3 9 97 3 0 58 72 0 0 17 80 10 38 0 8 16 56 77 75 5 16 0 56 0 26 3 71 0 88 80 32 75 0 0 74 0 0 39 69 83 86 55 0 97 65 36 0 0 21 100 0 11 37 90 22 13 0 24 0 27 0 0 8 20 0 0 7 73 0 0 33 62 94 0 0 69 92 52 93 42 0 52 0 61 50 0 2 0 14 61 92 0 0 0 56 25 
9 0 0 0 10 0 0 53 14 81 34 67 17 0 94 36 0 14 0 0 0 66 0 41 0 0 0 32 89 77 0 83 5 0 38 99 86 0 0 12 31 23 15 96 0 54 0 48 46 71 65 40 40 0 24 82 0 0 48 5 0 47 0 86 67 0 11 58 0 0 30 7 42 38 57 50 0 32 0 0 83 1 0 75 73 89 52 60 0 0 0 18 0 23 0 0 0 12 21 43 
29 43 23 0 55 35 99 57 25 0 55 0 80 94 0 54 50 37 0 59 0 0 0 43 48 31 69 65 0 99 33 88 11 9 24 17 24 16 76 0 0 0 0 17 0 19 29 33 36 0 82 70 0 0 8 29 0 48 76 68 6 0 0 0 71 66 0 44 71 49 0 0 0 0 98 0 0 95 66 0 87 20 82 36 16 70 35 24 0 15 0 46 58 18 40 0 39 0 97 44 
95 0 0 25 93 67 20 62 0 20 25 4 10 36 54 0 36 78 58 70 40 0 80 63 76 14 0 0 48 52 90 0 0 85 64 0 38 39 16 0 7 0 55 76 0 94 89 49 60 73 49 0 0 0 0 12 48 0 33 1 0 73 93 0 32 67 0 3 29 31 24 0 0 0 18 90 58 0 0 0 26 87 85 33 28 2 96 52 0 89 0 84 52 15 86 33 31 72 0 42 
46 16 0 73 79 0 0 0 0 77 13 0 38 0 50 36 0 10 0 0 5 39 36 0 96 21 85 46 44 54 58 0 20 0 0 69 49 0 70 0 48 0 0 16 35 79 51 98 33 83 23 10 0 0 0 81 91 0 0 6 83 0 0 11 22 21 0 43 94 11 90 52 6 0 0 56 31 0 0 79 55 28 96 0 31 44 0 95 74 0 74 0 16 17 59 69 0 43 18 76 
92 47 57 25 0 1 0 0 86 64 0 0 0 14 37 78 10 0 9 94 17 67 0 16 0 15 37 0 19 0 69 90 0 95 0 71 54 0 18 0 0 0 79 0 0 0 0 43 0 52 0 42 45 18 66 87 50 54 24 48 0 19 0 46 77 78 83 0 0 0 18 0 0 34 0 90 0 0 0 29 0 0 49 0 21 0 0 54 0 8 0 0 26 0 0 8 0 64 76 57 
2 0 0 0 94 6 66 0 0 0 53 0 8 0 0 58 0 9 0 0 0 82 26 21 63 79 0 0 74 17 0 85 30 79 77 75 0 80 0 0 7 84 66 72 0 15 0 34 20 88 0 86 39 36 0 79 22 73 0 0 0 16 0 0 0 32 96 0 0 11 52 0 65 0 0 0 0 0 52 28 0 67 16 1 0 0 46 0 82 53 90 62 0 3 39 46 0 48 0 15 
0 100 73 0 0 0 82 77 49 49 0 92 16 0 59 70 0 94 0 0 82 0 0 99 0 43 46 35 0 54 0 100 47 48 78 72 0 66 0 0 0 46 0 65 0 0 0 87 0 7 0 69 0 25 79 42 0 77 85 47 7 26 18 72 0 0 20 0 20 86 85 0 64 11 0 72 0 37 0 36 55 29 78 0 44 41 71 0 59 0 15 50 45 0 79 10 0 0 61 85 
0 88 99 16 76 5 83 0 26 84 0 69 56 0 0 40 5 17 0 82 0 0 31 0 32 70 54 72 22 73 0 81 0 0 0 87 54 86 96 10 1 71 0 0 44 97 96 68 0 0 26 0 0 34 31 84 66 34 8 12 91 0 40 35 0 56 63 59 85 0 0 0 21 54 68 0 50 60 11 53 29 81 99 49 0 92 0 0 98 92 2 0 52 34 0 91 93 48 72 9 
0 90 57 22 0 5 76 68 7 13 81 0 77 66 0 0 39 67 82 0 0 0 91 98 98 62 31 80 86 30 0 0 31 85 0 0 45 63 0 42 11 0 0 77 0 1 53 60 26 98 0 32 0 85 26 18 11 70 3 0 51 53 56 55 90 90 0 66 37 26 0 0 0 47 0 0 0 0 0 0 61 0 0 0 96 83 14 11 7 98 70 70 0 27 44 51 79 15 0 23 
73 0 90 27 59 0 77 56 91 0 0 0 75 0 0 80 36 0 26 0 31 91 0 0 0 18 0 14 60 0 53 34 75 36 46 21 89 20 67 61 96 87 0 0 94 26 19 90 61 0 92 52 0 99 0 93 0 33 0 0 0 0 22 15 42 90 83 0 89 33 40 82 12 90 9 0 60 1 0 4 0 0 18 81 0 0 0 99 72 0 0 15 0 78 24 0 35 31 11 51 
0 14 42 84 58 53 0 95 0 16 5 2 5 41 43 63 0 16 21 99 0 98 0 0 41 23 56 0 73 0 0 0 0 82 0 54 60 0 0 0 43 89 0 0 18 0 14 58 75 25 82 99 0 0 23 0 25 0 20 50 0 0 0 0 82 0 2 0 0 5 0 32 8 0 0 0 41 82 24 99 83 71 0 100 0 0 43 71 0 86 0 9 52 0 66 74 0 100 74 0 
65 58 0 84 94 0 82 0 55 76 0 72 16 0 48 76 96 0 63 0 32 98 0 41 0 12 98 0 90 27 0 0 79 69 51 81 0 0 93 0 0 41 0 56 84 54 80 0 67 61 69 45 0 75 13 89 22 99 0 0 0 0 53 67 100 0 0 96 65 37 0 0 22 13 99 57 71 0 43 35 72 0 78 78 33 53 57 94 26 0 0 2 0 76 100 59 35 0 13 11 
0 38 0 0 38 8 32 54 67 0 0 77 0 0 31 14 21 15 79 43 70 62 18 23 12 0 31 50 0 0 0 0 40 45 0 70 0 0 0 0 74 0 13 0 0 84 0 0 0 5 28 82 0 0 42 77 0 0 46 100 85 0 32 49 0 67 0 62 0 97 0 72 0 49 75 2 0 6 0 41 0 56 42 39 0 79 57 0 59 17 73 0 25 68 80 44 51 0 63 0 
72 0 2 0 51 100 0 19 0 25 8 0 56 0 69 0 85 37 0 46 54 31 0 56 98 31 0 0 82 19 5 0 68 97 0 46 0 9 0 0 90 25 0 0 23 30 0 91 0 0 0 0 27 0 31 51 96 0 21 86 33 51 70 0 0 39 56 0 44 55 0 93 16 95 13 0 0 90 58 0 0 4 14 0 0 0 56 70 64 10 0 45 40 0 19 0 8 0 74 37 
0 46 0 36 80 15 9 83 47 64 69 0 0 32 65 0 46 0 0 35 72 80 14 0 0 50 0 0 31 98 72 90 7 0 0 71 92 61 53 0 0 0 0 3 78 0 95 72 33 13 76 0 25 62 53 73 31 0 52 0 49 0 20 64 69 9 64 6 7 54 94 12 0 94 0 55 65 0 68 75 40 0 13 96 0 0 7 0 69 23 0 4 18 27 90 60 14 0 86 54 
20 55 18 57 82 41 15 44 0 66 0 0 26 89 0 48 44 19 74 0 22 86 60 73 90 0 82 31 0 79 61 0 21 27 0 58 43 0 0 69 15 0 46 0 2 0 21 0 0 0 0 90 40 0 44 39 10 32 32 48 0 54 82 82 0 0 68 0 0 98 80 87 90 0 75 22 68 95 84 14 0 0 0 0 32 2 0 24 69 27 47 0 21 0 0 34 10 9 37 0 
18 15 10 0 46 0 45 87 99 65 55 40 3 77 99 52 54 0 17 54 73 30 0 0 27 0 19 98 79 0 28 70 0 43 1 0 29 0 74 18 0 0 22 0 28 80 10 0 55 51 18 38 0 30 61 96 13 7 11 6 0 61 53 3 27 0 0 0 0 96 35 0 54 70 34 16 98 0 0 70 16 0 0 28 0 95 78 62 0 64 0 13 0 40 0 0 0 71 86 0 
49 96 10 0 86 90 91 0 77 0 5 74 71 0 33 90 58 69 0 0 0 0 53 0 0 0 5 72 61 28 0 11 0 60 81 0 0 36 85 0 0 19 73 6 53 49 0 83 75 15 0 0 70 0 0 0 38 17 19 25 20 0 16 72 0 25 58 5 100 49 18 38 43 0 82 50 79 0 91 0 59 62 34 69 93 73 26 13 62 53 66 57 0 0 43 80 0 0 0 0 
65 48 0 23 58 51 0 98 50 4 0 0 0 83 88 0 0 90 85 100 81 0 34 0 0 0 0 90 0 70 11 0 0 92 53 0 18 0 30 100 88 93 0 72 66 100 35 47 8 0 11 22 0 20 46 89 91 9 32 0 100 0 19 34 69 0 80 3 82 54 0 0 34 54 18 0 80 71 43 18 0 53 73 7 0 89 58 72 0 98 31 0 0 0 79 0 0 33 34 58 
81 49 0 0 0 5 11 2 39 47 0 87 88 5 11 0 20 0 30 47 0 31 75 0 79 40 68 7 21 0 0 0 0 0 0 0 70 0 0 42 7 37 70 65 0 0 10 33 0 0 0 0 71 30 91 37 0 61 0 43 0 0 37 67 0 26 55 86 0 0 82 0 28 0 0 64 0 25 73 40 0 19 3 80 0 88 89 0 25 0 27 15 6 54 0 40 19 0 0 11 
89 0 71 36 0 0 53 22 0 0 22 0 80 0 9 85 0 95 79 48 0 85 36 82 69 45 97 0 27 43 60 92 0 0 82 0 0 0 0 22 0 52 0 62 69 17 85 99 62 0 93 0 41 74 9 79 25 98 0 24 0 86 77 24 92 54 96 0 0 97 0 69 52 0 0 56 50 37 38 79 82 0 93 0 96 82 43 17 0 0 0 26 0 0 0 28 81 51 88 0 
76 47 38 57 9 0 93 0 40 13 30 66 32 38 24 64 0 0 77 78 0 0 46 0 51 0 0 0 0 1 81 53 0 82 0 0 0 0 0 0 3 67 36 0 72 37 85 67 43 55 81 0 47 51 0 19 100 22 59 26 29 0 31 8 0 0 99 55 99 0 0 0 0 0 87 0 0 52 27 46 31 82 0 58 0 0 0 0 54 0 58 0 2 68 46 65 0 2 2 98 
68 29 79 1 50 31 0 88 4 0 0 95 75 99 17 0 69 71 75 72 87 0 21 54 81 70 46 71 58 0 0 0 0 0 0 0 0 4 4 8 29 93 0 5 60 18 11 93 0 81 76 98 97 67 0 0 46 49 93 0 48 14 0 51 98 52 0 52 0 79 0 34 89 0 96 77 33 0 18 0 82 27 0 95 44 0 0 0 22 80 74 0 14 0 0 71 0 43 0 0 
96 0 1 94 0 0 71 0 96 3 64 0 0 86 24 38 49 54 0 0 54 45 89 60 0 0 0 92 43 29 0 18 70 0 0 0 0 73 0 27 47 0 0 0 5 24 0 0 45 14 56 78 67 21 0 35 0 0 100 57 0 67 42 0 0 0 97 1 0 0 4 0 56 43 62 61 19 0 41 0 0 66 20 39 40 0 0 0 0 0 79 1 0 11 90 82 7 0 44 18 
78 0 27 0 7 47 0 95 50 13 9 0 0 0 16 39 0 0 80 66 86 63 20 0 0 0 9 61 0 0 36 0 0 0 0 4 73 0 0 34 0 36 43 48 0 97 65 40 0 71 32 0 99 0 0 87 42 79 0 11 0 8 3 28 94 69 83 69 0 0 0 2 0 10 50 18 0 43 81 0 0 0 76 96 35 0 62 42 87 50 83 51 97 35 0 37 48 14 42 22 
0 2 0 5 15 0 0 7 11 0 80 13 74 0 76 16 70 18 0 0 96 0 67 0 93 0 0 53 0 74 85 30 0 0 0 4 0 0 0 0 37 35 0 62 0 17 90 0 32 65 100 43 36 20 0 91 60 10 10 74 0 0 31 0 0 48 49 81 0 1 0 0 14 100 32 34 0 93 33 0 0 0 22 0 44 54 35 32 0 62 27 0 0 0 25 0 97 0 58 35 
0 33 86 50 96 0 0 27 94 0 36 0 0 12 0 0 0 0 0 0 10 42 61 0 0 0 0 0 69 18 0 100 42 22 0 8 27 34 0 0 22 0 23 22 52 0 57 36 94 0 32 43 38 0 0 74 40 0 0 87 57 79 95 51 21 0 32 0 0 4 95 0 0 0 56 46 42 94 98 0 37 43 0 0 0 27 75 73 70 0 13 54 0 0 93 0 0 0 36 77 
0 10 82 0 21 0 69 0 8 39 35 96 0 31 0 7 48 0 7 0 1 11 96 43 0 74 90 0 15 0 0 88 7 0 3 29 47 0 37 22 0 3 0 26 1 90 79 11 0 50 0 0 0 52 57 91 32 53 54 0 0 42 60 0 96 0 37 40 99 73 0 80 74 17 0 4 0 50 0 44 0 0 27 76 91 0 0 0 60 55 27 47 36 14 20 15 92 2 43 77 
100 0 96 52 0 7 16 88 0 43 91 0 39 23 0 0 0 0 84 46 71 0 87 89 41 0 25 0 0 0 19 93 37 52 67 93 0 36 35 0 3 0 0 98 0 0 0 0 75 24 0 57 0 85 94 84 35 0 0 21 29 0 0 10 56 0 0 0 67 51 73 68 0 46 79 0 28 85 57 0 0 0 0 0 6 56 64 0 68 0 66 16 0 17 44 0 10 0 0 5 
0 0 0 0 0 0 27 40 28 13 26 0 69 15 0 55 0 79 66 0 0 0 0 0 0 13 0 0 46 22 73 0 70 0 36 0 0 43 0 23 0 0 0 0 37 75 0 7 28 0 64 33 0 87 48 0 73 0 0 63 34 45 0 0 0 0 41 21 0 0 0 0 0 0 0 41 18 98 0 43 0 0 45 80 65 100 75 0 0 95 35 0 84 0 22 27 23 0 32 0 
0 0 69 29 0 42 81 5 0 0 27 59 83 96 17 76 16 0 72 65 0 77 0 0 56 0 0 3 0 0 6 72 65 62 0 5 0 48 62 22 26 98 0 0 0 70 81 0 69 8 19 23 0 94 16 32 0 57 42 0 53 7 0 0 82 0 0 0 0 53 0 0 90 76 60 0 0 59 62 0 42 0 89 41 73 0 0 60 54 1 0 0 0 0 51 0 85 67 39 0 
46 0 53 74 0 0 87 3 51 38 0 43 86 0 0 0 35 0 0 0 44 0 94 18 84 0 23 78 2 28 53 66 0 69 72 60 5 0 0 52 1 0 37 0 0 57 52 0 0 45 1 76 99 84 58 8 26 0 0 0 36 9 49 0 0 0 9 0 0 0 55 94 0 67 45 14 15 51 77 0 21 56 91 0 0 0 36 65 0 69 52 96 0 98 2 0 33 19 7 63 
5 0 56 99 0 0 33 6 3 24 91 37 55 54 19 94 79 0 15 0 97 1 26 0 54 84 30 0 0 80 49 100 0 17 37 18 24 97 17 0 90 0 75 70 57 0 78 31 0 0 28 0 0 0 0 24 0 61 86 0 81 0 77 49 11 0 0 5 0 27 41 0 67 98 8 22 0 0 72 0 0 0 0 33 19 0 31 7 0 0 14 49 62 92 0 37 0 0 92 11 
1 1 48 0 0 77 7 35 1 78 0 59 0 0 29 89 51 0 0 0 96 53 19 14 80 0 0 95 21 10 0 35 10 85 85 11 0 65 90 57 79 0 0 81 52 78 0 75 30 60 16 56 0 71 41 1 0 77 17 64 29 47 0 24 27 17 88 44 0 63 17 73 67 0 100 0 12 76 0 0 87 78 51 0 98 0 6 0 61 36 0 26 58 53 0 79 0 0 38 50 
31 73 9 0 0 0 20 0 66 24 0 0 97 48 33 49 98 43 34 87 68 60 90 58 0 0 91 72 0 0 83 47 33 99 67 93 0 40 0 36 11 0 7 0 0 31 75 0 44 0 15 9 39 68 0 0 0 32 12 7 0 0 26 45 82 0 0 83 0 32 37 0 71 98 97 59 15 20 54 93 79 0 47 0 0 0 84 0 0 32 78 72 2 0 0 56 0 0 86 0 
55 0 14 0 75 86 71 20 65 46 78 0 65 46 36 60 33 0 20 0 0 26 61 75 67 0 0 33 0 55 75 8 0 62 43 0 45 0 32 94 0 75 28 69 0 0 30 44 0 0 39 0 32 0 86 0 58 0 0 86 39 17 57 87 0 22 31 87 31 0 68 0 83 42 67 14 0 47 27 83 0 0 0 0 0 0 0 77 79 3 0 21 3 15 25 42 52 60 70 63 
64 0 0 24 0 0 0 0 98 88 47 70 36 71 0 73 83 52 88 7 0 98 0 25 61 5 0 13 0 51 15 0 0 0 55 81 14 71 65 0 50 24 0 8 45 0 60 0 0 0 11 0 60 0 0 69 62 86 75 32 0 87 40 34 0 0 66 0 38 34 2 91 27 0 97 52 67 40 0 92 0 99 96 65 86 95 0 13 2 0 0 0 77 85 0 45 18 22 27 68 
0 30 76 43 0 41 84 7 28 0 66 0 0 65 82 49 23 0 0 0 26 0 92 82 69 28 0 76 0 18 0 11 0 93 81 76 56 32 100 32 0 0 64 19 1 28 16 15 39 11 0 8 0 10 80 61 0 79 0 39 25 89 56 83 88 0 100 0 0 0 0 83 95 65 6 0 0 28 17 73 19 62 55 80 99 0 0 3 0 26 6 5 52 0 65 70 35 94 96 77 
91 45 12 0 35 0 37 53 24 58 0 0 0 40 70 0 10 42 86 69 0 32 52 99 45 82 0 0 90 38 0 22 0 0 0 98 78 0 43 43 0 57 33 23 76 0 56 9 0 0 8 0 8 0 19 58 0 0 0 32 88 29 28 93 48 0 79 50 4 0 45 0 49 0 0 0 80 0 23 52 60 75 0 66 28 0 89 0 0 75 45 36 63 79 1 21 83 61 40 91 
0 0 0 48 0 0 79 5 0 0 43 58 21 40 0 0 0 45 39 0 0 0 0 0 0 0 27 25 40 0 70 0 71 41 47 97 67 99 36 38 0 0 0 0 99 0 0 39 32 60 0 8 0 24 0 76 0 87 0 12 50 0 86 0 35 0 0 0 0 0 0 70 0 0 9 62 10 0 47 0 82 65 0 0 71 37 3 64 68 0 84 100 60 80 31 68 0 89 75 0 
88 0 0 17 0 36 100 50 0 1 0 56 100 0 0 0 0 18 36 25 34 85 99 0 75 0 0 62 0 30 0 20 30 74 51 67 21 0 20 0 52 85 87 94 84 0 71 68 0 0 10 0 24 0 3 0 76 59 0 13 3 39 76 83 0 57 38 0 63 0 88 0 19 36 0 95 4 0 75 22 93 33 67 46 67 0 46 71 24 0 0 0 0 27 67 73 0 0 62 22 
0 10 98 96 27 35 0 95 7 0 0 27 0 24 8 0 0 66 0 79 31 26 0 23 13 42 31 53 44 61 0 46 91 9 0 0 0 0 0 0 57 94 48 16 58 0 41 0 86 0 80 19 0 3 0 86 56 0 31 100 50 50 29 0 11 62 80 14 59 0 80 57 66 0 0 80 0 14 99 72 57 0 84 0 0 27 74 35 84 15 42 0 64 0 61 83 95 0 0 0 
0 19 53 0 78 74 0 0 0 42 52 28 11 82 29 12 81 87 79 42 84 18 93 0 89 77 51 73 39 96 0 89 37 79 19 0 35 87 91 74 91 84 0 32 8 24 1 0 0 69 61 58 76 0 86 0 0 0 15 17 0 0 41 52 9 68 60 0 48 0 50 0 57 40 80 0 0 0 85 78 0 24 72 0 0 87 60 90 54 21 68 97 0 40 0 25 60 0 24 0 
0 25 0 63 7 77 22 96 94 83 93 0 37 0 0 48 91 50 22 0 66 11 0 25 22 0 96 31 10 13 38 91 0 25 100 46 0 42 60 40 32 35 73 0 26 0 0 0 58 62 0 0 0 76 56 0 0 54 54 0 0 0 0 40 0 1 17 0 17 86 29 61 11 0 54 95 9 37 0 43 11 81 1 65 0 0 97 81 11 69 0 0 0 0 0 81 65 0 0 0 
40 17 0 0 53 0 0 6 37 0 20 82 90 0 48 0 0 54 73 77 34 70 33 0 99 0 0 0 32 7 17 9 61 98 22 49 0 79 10 0 53 0 0 57 0 61 77 32 0 86 79 0 87 59 0 0 54 0 56 1 0 0 64 47 40 98 93 76 35 0 0 0 1 97 36 92 48 79 31 49 94 60 16 0 31 86 90 0 85 0 0 59 0 13 56 64 26 22 80 0 
0 18 0 83 44 75 60 0 31 0 59 37 22 48 76 33 0 24 0 85 8 3 0 20 0 46 21 52 32 11 19 32 0 0 59 93 100 0 10 0 54 0 0 42 0 86 17 12 0 75 0 0 0 0 31 15 54 56 0 0 74 44 0 29 0 42 64 0 0 92 30 86 0 0 59 45 0 0 96 0 0 0 0 97 78 0 54 0 0 58 30 7 7 90 60 0 18 8 21 46 
0 43 77 34 36 0 28 0 0 73 3 96 13 5 68 1 6 48 0 47 12 0 0 50 0 100 86 0 48 6 25 0 43 24 26 0 57 11 74 87 0 21 63 0 0 0 64 7 86 32 39 32 12 13 100 17 0 1 0 0 79 26 27 0 0 0 47 74 44 21 9 0 0 0 45 0 51 81 45 0 83 81 87 74 0 0 84 95 41 0 31 72 57 0 0 0 12 0 58 24 
0 0 0 36 78 95 53 0 59 0 77 90 0 0 6 0 83 0 0 7 91 51 0 0 0 85 33 49 0 0 20 100 0 0 29 48 0 0 0 57 0 29 34 53 36 81 29 0 39 0 25 88 50 3 50 0 0 0 74 79 0 0 85 30 0 0 99 60 0 0 0 85 0 93 10 0 97 57 0 94 62 17 85 29 0 0 13 95 87 66 21 2 14 68 0 0 0 0 92 48 
0 0 46 0 37 80 0 84 0 0 74 54 24 47 0 73 0 19 16 26 0 53 0 0 0 0 51 0 54 61 0 0 0 86 0 14 67 8 0 79 42 0 45 7 9 0 47 0 17 87 89 29 0 39 50 0 0 0 44 26 0 0 0 12 9 98 0 5 0 34 44 0 0 0 50 92 0 76 41 38 0 0 96 0 0 0 10 81 65 0 70 1 41 54 93 30 60 0 8 16 
29 51 46 0 45 57 0 0 26 10 93 39 0 0 0 93 0 0 0 18 40 56 22 0 53 32 70 20 82 53 16 19 37 77 31 0 42 3 31 95 60 0 0 0 49 77 0 26 57 40 56 28 86 76 29 41 0 64 0 27 85 0 0 23 27 1 72 0 66 0 93 0 82 0 0 0 0 0 0 0 0 65 48 5 0 28 28 98 0 0 0 42 68 93 69 48 78 6 0 0 
99 17 0 0 43 0 0 33 4 4 85 31 27 86 0 0 11 46 0 72 35 55 15 0 67 49 0 64 82 3 72 34 67 24 8 51 0 28 0 51 0 10 0 0 0 49 24 45 87 34 83 93 0 83 0 52 40 47 29 0 30 12 23 0 0 90 7 1 99 13 4 0 0 0 49 0 0 42 0 0 73 21 50 66 0 15 79 7 71 40 37 1 86 9 92 28 96 0 0 93 
74 68 88 21 3 0 0 49 40 48 2 0 0 67 71 32 22 77 0 0 0 90 42 82 100 0 0 69 0 27 0 69 0 92 0 98 0 94 0 21 96 56 0 82 0 11 27 82 0 0 88 48 35 0 11 9 0 40 0 0 0 9 27 0 0 31 40 28 0 100 0 96 46 70 97 1 75 0 29 0 0 0 4 47 15 0 48 30 79 15 0 75 84 24 76 12 0 9 77 73 
0 24 19 75 59 21 29 0 73 70 0 26 0 0 66 67 21 78 32 0 56 90 90 0 0 67 39 9 0 0 25 0 26 54 0 52 0 69 48 0 0 0 0 0 0 0 17 0 22 0 0 0 0 57 62 68 1 98 42 0 0 98 1 90 31 0 0 0 0 30 0 0 57 0 86 0 6 0 0 86 15 52 50 0 0 0 61 0 0 0 95 0 0 52 2 90 40 65 77 46 
0 0 49 76 25 0 35 11 41 17 79 11 8 11 0 0 0 83 96 20 63 0 83 2 0 0 56 64 68 0 58 80 55 96 99 0 97 83 49 32 37 0 41 0 9 0 88 0 31 66 100 79 0 38 80 60 17 93 64 47 99 0 72 7 40 0 0 51 0 91 71 42 22 94 2 0 0 91 38 0 5 45 0 15 0 80 0 30 44 3 38 0 95 0 52 93 32 72 0 0 
10 0 37 54 0 42 44 0 71 7 0 52 20 58 44 3 43 0 0 0 59 66 0 0 96 62 0 6 0 0 5 3 86 0 55 52 1 69 81 0 40 0 21 0 0 5 44 83 87 0 0 50 0 0 14 0 0 76 0 74 60 5 0 1 28 0 51 0 27 45 0 95 0 62 22 68 84 54 61 35 61 0 83 45 66 0 69 82 39 53 92 100 35 0 11 29 70 7 0 17 
75 55 0 79 36 76 0 52 0 79 0 5 0 0 71 29 94 0 0 20 85 37 89 0 65 0 44 7 0 0 100 82 0 0 99 0 0 0 0 0 99 67 0 0 0 0 0 0 31 38 0 4 0 63 59 48 17 35 0 44 0 0 66 99 0 0 0 27 0 18 30 33 93 4 30 80 0 0 53 35 0 0 0 30 29 90 52 29 7 0 0 58 77 0 27 34 0 71 100 0 
30 4 0 96 0 86 49 0 0 82 65 0 0 0 49 31 11 0 11 86 0 26 33 5 37 97 55 54 98 96 49 54 0 97 0 79 0 0 1 4 73 51 0 53 0 27 63 32 0 34 0 0 0 0 0 0 86 0 92 21 0 34 0 13 100 30 91 45 18 0 4 0 70 88 73 43 22 0 74 99 0 86 0 0 0 47 59 0 0 0 34 13 0 0 4 0 0 0 4 0 
26 85 0 43 33 60 1 76 39 88 50 0 7 30 0 24 90 18 52 85 0 0 40 0 0 0 0 94 80 35 18 0 82 0 0 0 4 0 0 95 0 73 0 0 55 41 17 37 68 2 0 45 0 88 80 50 29 0 30 9 0 44 93 4 0 0 71 0 30 4 0 0 38 1 59 0 37 25 0 42 27 23 0 49 45 98 0 0 67 0 0 0 0 54 64 41 0 0 0 86 
6 0 0 0 0 0 57 0 28 15 0 0 73 7 0 0 52 0 0 0 0 0 82 32 0 72 93 12 87 0 38 0 0 69 0 34 0 2 0 0 80 68 0 0 94 0 73 0 0 91 83 0 70 0 57 0 61 0 86 0 85 0 0 0 96 0 42 95 33 0 0 0 66 56 77 13 0 0 8 24 49 9 50 21 53 60 47 24 54 0 0 67 76 83 0 0 0 0 15 3 
57 0 82 0 26 98 42 0 0 0 65 45 0 42 0 0 6 0 65 64 21 0 12 8 22 0 16 0 90 54 43 34 28 52 0 89 56 0 14 0 74 0 0 90 0 67 67 71 83 27 95 49 0 19 66 57 11 1 0 0 0 0 82 0 46 57 22 0 93 70 38 66 0 0 0 82 0 0 84 35 0 0 28 86 22 33 86 1 34 0 0 0 53 0 94 3 0 0 24 82 
42 0 92 37 91 81 33 48 98 42 0 6 0 38 0 0 0 34 0 11 54 47 90 0 13 49 95 94 0 70 0 54 0 0 0 0 43 10 100 0 17 46 0 76 67 98 0 98 42 0 65 0 0 36 0 40 0 97 0 0 93 0 0 0 70 0 94 62 4 88 1 56 0 0 49 83 0 0 94 57 80 66 62 8 93 59 77 77 0 0 29 41 0 72 65 97 91 0 98 27 
13 0 0 0 0 0 0 0 0 0 76 0 33 57 98 18 0 0 0 0 68 0 9 0 99 75 13 0 75 34 82 18 0 0 87 96 62 50 32 56 0 79 0 60 45 8 100 97 67 97 6 0 9 0 0 80 54 36 59 45 10 50 0 49 97 86 2 22 30 73 59 77 0 49 0 0 82 72 0 76 18 33 82 85 0 53 0 74 2 0 92 86 46 0 65 82 11 0 99 0 
41 0 49 31 0 0 0 18 0 38 0 16 62 50 0 90 56 90 0 72 0 0 0 0 57 2 0 55 22 16 50 0 64 56 0 77 61 18 34 46 4 0 41 0 14 22 0 59 14 52 0 0 62 95 80 0 95 92 45 0 0 92 0 0 1 0 0 68 80 43 0 13 82 83 0 0 66 78 2 49 31 0 0 69 0 50 0 30 59 0 4 64 0 0 0 28 75 0 0 2 
0 10 0 54 11 0 7 76 0 86 0 26 94 0 0 58 31 0 0 0 50 0 60 41 71 0 0 65 68 98 79 80 0 50 0 33 19 0 0 42 0 28 18 0 15 0 12 15 0 67 0 80 10 4 0 0 9 48 0 51 97 0 0 0 75 6 0 84 0 22 37 0 0 0 82 66 0 8 100 25 0 0 0 76 59 43 46 97 99 0 0 0 44 0 0 26 76 60 0 40 
0 31 89 50 0 0 16 5 0 0 85 0 0 32 95 0 0 0 0 37 60 0 1 82 0 6 90 0 95 0 0 71 25 37 52 0 0 43 93 94 50 85 98 59 51 0 76 20 47 40 28 0 0 0 14 0 37 79 0 81 57 76 0 42 0 0 91 54 0 0 25 0 0 0 72 78 8 0 0 0 3 31 0 76 0 56 89 0 26 0 0 52 0 91 34 77 0 0 97 86 
66 0 68 0 0 22 0 24 85 0 0 63 0 0 66 0 0 0 52 0 11 0 0 24 43 0 58 68 84 0 91 43 73 38 27 18 41 81 33 98 0 57 0 62 77 72 0 54 27 0 17 23 47 75 99 85 0 31 96 45 0 41 0 0 29 0 38 61 53 74 0 8 84 94 0 2 100 0 0 58 0 30 0 40 0 27 0 0 14 0 0 82 94 0 0 78 0 55 0 0 
6 0 86 0 9 25 0 0 0 69 0 33 69 0 0 0 79 29 28 36 53 0 4 99 35 41 0 75 14 70 0 18 40 79 46 0 0 0 0 0 44 0 43 0 0 0 0 93 83 92 73 52 0 22 72 78 43 49 0 0 94 38 0 0 0 86 0 35 35 99 42 24 35 57 76 49 25 0 58 0 11 0 0 0 59 3 17 0 0 22 7 0 20 42 0 51 17 70 60 13 
43 0 0 81 80 0 52 14 14 3 55 22 92 83 87 26 55 0 0 55 29 61 0 83 72 0 0 40 0 16 59 0 0 82 31 82 0 0 0 37 0 0 0 42 21 0 87 79 0 0 19 60 82 93 57 0 11 94 0 83 62 0 0 73 0 15 5 61 0 0 27 49 0 80 18 31 0 3 0 11 0 55 0 93 0 37 0 22 17 87 9 82 92 0 28 62 5 0 59 0 
32 53 0 83 0 0 2 76 71 100 46 97 52 1 20 87 28 0 67 29 81 0 0 71 0 56 4 0 0 0 62 53 19 0 82 27 66 0 0 43 0 0 0 0 56 0 78 0 0 99 62 75 65 33 0 24 81 60 0 81 17 0 65 21 0 52 45 0 0 86 23 9 0 66 33 0 0 31 30 0 55 0 4 56 23 63 0 27 45 53 100 0 0 0 0 0 0 53 95 68 
0 0 63 45 0 38 77 0 0 49 0 66 93 0 82 85 96 49 16 78 99 0 18 0 78 42 14 13 0 0 34 73 3 93 0 0 20 76 22 0 27 0 45 89 91 0 51 47 0 96 55 0 0 67 84 72 1 16 0 87 85 96 48 50 4 50 0 83 0 0 0 50 28 62 82 0 0 0 0 0 0 4 0 90 0 83 39 99 67 0 75 47 0 48 0 76 0 0 0 53 
96 0 74 71 6 3 18 30 0 0 65 42 42 75 36 33 0 0 1 0 49 0 81 100 78 39 0 96 0 28 69 7 80 0 58 95 39 96 0 0 76 0 80 41 0 33 0 0 0 65 80 66 0 46 0 0 65 0 97 74 29 0 5 66 47 0 15 45 30 0 49 21 86 8 85 69 76 76 40 0 93 56 90 0 0 69 78 92 41 29 26 86 0 79 100 0 0 45 0 85 
39 34 43 0 0 71 0 24 0 0 34 61 0 73 16 28 31 21 0 44 0 96 0 0 33 0 0 0 32 0 93 0 0 96 0 44 40 35 44 0 91 6 65 73 0 19 98 0 0 86 99 28 71 67 0 0 0 31 78 0 0 0 0 0 15 0 0 66 29 0 45 53 22 93 0 0 59 0 0 59 0 23 0 0 0 83 82 0 28 0 0 0 21 59 0 0 22 0 49 87 
0 0 0 90 0 54 81 61 16 39 98 0 52 89 70 2 44 0 0 41 92 83 0 0 53 79 0 0 2 95 73 89 88 82 0 0 0 0 54 27 0 56 100 0 0 0 0 0 0 95 0 0 37 0 27 87 0 86 0 0 0 0 28 15 0 0 80 0 90 47 98 60 33 59 53 50 43 56 27 3 37 63 83 69 83 0 80 65 55 38 0 0 0 79 4 48 39 0 0 48 
0 0 19 46 74 85 34 38 95 0 33 78 0 52 35 96 0 0 46 71 0 14 0 43 57 57 56 7 0 78 26 58 89 43 0 0 0 62 35 75 0 64 75 0 36 31 6 84 0 0 0 89 3 46 74 60 97 90 54 84 13 10 28 79 48 61 0 69 52 59 0 47 86 77 0 0 46 89 0 17 0 0 39 78 82 80 0 32 86 49 0 0 0 64 21 0 79 13 0 14 
5 0 73 94 0 27 0 72 0 87 0 0 61 60 24 52 95 54 0 0 0 11 99 71 94 0 70 0 24 62 13 72 0 17 0 0 0 42 32 73 0 0 0 60 65 7 0 0 77 13 3 0 64 71 35 90 81 0 0 95 95 81 98 7 30 0 30 82 29 0 0 24 1 77 74 30 97 0 0 0 22 27 99 92 0 65 32 0 86 91 92 30 17 70 22 0 8 0 0 85 
50 56 51 28 99 53 0 84 61 67 34 18 50 0 0 0 74 0 82 59 98 7 72 0 26 59 64 69 69 0 62 0 25 0 54 22 0 87 0 70 60 68 0 54 0 0 61 0 79 2 0 0 68 24 84 54 11 85 0 41 87 65 0 71 79 0 44 39 7 0 67 54 34 0 2 59 99 26 14 0 17 45 67 41 28 55 86 86 0 1 21 0 0 84 56 0 0 0 0 0 
91 12 24 12 77 74 11 44 0 0 80 0 0 0 15 89 0 8 53 0 92 98 0 86 0 17 10 23 27 64 53 98 0 0 0 80 0 50 62 0 55 0 95 1 69 0 36 32 3 0 26 75 0 0 15 21 69 0 58 0 66 0 0 40 15 0 3 53 0 0 0 0 0 0 0 0 0 0 0 22 87 53 0 29 0 38 49 91 1 0 52 16 36 49 22 21 0 69 21 4 
64 35 4 16 31 0 93 43 0 0 0 16 2 0 0 0 74 0 90 15 2 70 0 0 0 73 0 0 47 0 66 31 27 0 58 74 79 83 27 13 27 66 35 0 52 14 0 78 0 0 6 45 84 0 42 68 0 0 30 31 21 70 0 37 0 95 38 92 0 34 0 0 0 29 92 4 0 0 0 7 9 100 75 26 0 0 0 92 21 52 0 1 0 0 0 0 52 66 0 39 
0 43 92 50 83 81 52 24 41 95 92 0 0 18 46 84 0 0 62 50 0 70 15 9 2 0 45 4 0 13 57 0 15 26 0 0 1 51 0 54 47 16 0 0 96 49 26 72 21 0 5 36 100 0 0 97 0 59 7 72 2 1 42 1 75 0 0 100 58 13 0 67 0 41 86 64 0 52 82 0 82 0 47 86 0 0 0 30 0 16 1 0 0 30 43 0 40 24 0 0 
45 10 57 45 79 39 0 96 92 12 100 97 14 0 58 52 16 26 0 45 52 0 0 52 0 25 40 18 21 0 0 0 6 0 2 14 0 97 0 0 36 0 84 0 0 62 58 2 3 77 52 63 60 0 64 0 0 0 7 57 14 41 68 86 84 0 95 35 77 0 0 76 53 0 46 0 44 0 94 20 92 0 0 0 21 0 0 17 0 36 0 0 0 43 0 88 68 0 58 0 
80 72 88 36 14 69 0 87 73 23 0 6 61 23 18 15 17 0 3 0 34 27 78 0 76 68 0 27 0 40 0 0 54 0 68 0 11 35 0 0 14 17 0 0 98 92 53 0 15 85 0 79 80 27 0 40 0 13 90 0 68 54 93 9 24 52 0 0 0 0 54 83 0 72 0 0 0 91 0 42 0 0 48 79 59 79 64 70 84 49 0 30 43 0 39 0 78 0 0 0 
21 12 9 0 0 15 57 35 0 0 0 36 92 0 40 86 59 0 39 79 0 44 24 66 100 80 19 90 0 0 43 79 0 0 46 0 90 0 25 93 20 44 22 51 2 0 0 0 25 0 65 1 31 67 61 0 0 56 60 0 0 93 69 92 76 2 52 11 27 4 64 0 94 65 65 0 0 34 0 0 28 0 0 100 0 4 21 22 56 22 0 43 0 39 0 7 17 0 19 99 
1 72 0 15 0 33 61 59 47 29 0 0 0 0 0 33 69 8 46 10 91 51 0 74 59 44 0 60 34 0 80 0 40 28 65 71 82 37 0 0 15 0 27 0 0 37 79 56 42 45 70 21 68 73 83 25 81 64 0 0 0 30 48 28 12 90 93 29 34 0 41 0 3 97 82 28 26 77 78 51 62 0 76 0 0 48 0 0 0 21 0 0 88 0 7 0 74 68 86 28 
58 31 0 60 55 62 0 23 0 60 0 4 0 0 39 31 0 0 0 0 93 79 35 0 35 51 8 14 10 0 0 0 19 81 0 0 7 48 97 0 92 10 23 85 33 0 0 0 52 18 35 83 0 0 95 60 65 26 18 12 0 60 78 96 0 40 32 70 0 0 0 0 0 91 11 75 76 0 0 17 5 0 0 0 22 39 79 8 0 0 52 40 68 78 17 74 0 0 10 82 
31 34 0 0 18 0 42 98 0 2 72 88 0 12 0 72 43 64 48 0 48 15 31 100 0 0 0 0 9 71 0 33 0 51 2 43 0 14 0 0 2 0 0 67 19 0 0 0 60 22 94 61 89 0 0 0 0 22 8 0 0 0 6 0 9 65 72 7 71 0 0 0 0 0 0 0 60 0 55 70 0 53 0 45 0 0 13 0 0 69 66 24 0 0 0 68 0 0 50 6 
3 16 0 75 0 52 0 0 74 59 5 0 56 21 97 0 18 76 0 61 72 0 11 74 13 63 74 86 37 86 0 34 0 88 2 0 44 42 58 36 43 0 32 39 7 92 38 86 70 27 96 40 75 62 0 24 0 80 21 58 92 8 0 0 77 77 0 0 100 4 0 15 24 98 99 0 0 97 0 60 59 95 0 0 49 0 0 0 0 21 0 0 58 0 19 86 10 50 0 0 
60 74 6 90 0 22 32 20 53 0 22 38 25 43 44 42 76 57 15 85 9 23 51 0 11 0 37 54 0 0 0 58 11 0 98 0 18 22 35 77 77 5 0 0 63 11 50 0 63 68 77 91 0 22 0 0 0 0 46 24 48 16 0 93 73 46 0 17 0 0 86 3 82 27 0 2 40 86 0 13 0 68 53 85 87 48 14 85 0 4 39 0 0 0 99 28 82 6 0 0 
