0 62 0 99 0 0 0 69 0 0 0 0 43 0 0 26 0 72 0 0 0 0 0 0 0 0 0 0 0 0 0 0 0 0 0 0 0 0 0 0 0 0 0 0 0 0 0 0 0 0 0 0 0 61 36 0 0 0 0 21 0 0 0 0 0 0 0 0 0 0 0 0 0 0 0 0 0 0 0 0 0 0 0 97 0 0 0 0 0 0 0 21 0 0 0 16 96 0 0 0 
62 0 0 0 0 0 0 0 0 0 0 0 0 0 0 0 0 0 0 0 0 0 0 0 34 0 0 0 0 17 0 54 0 0 0 44 0 0 0 0 0 0 38 0 0 0 0 0 73 0 0 0 0 0 0 58 0 55 0 62 0 0 0 59 55 0 0 0 0 0 0 0 0 0 0 0 0 0 0 0 62 0 0 82 0 0 0 0 0 27 0 0 0 0 0 0 0 0 0 0 
0 0 0 0 94 0 0 0 0 0 20 0 0 0 27 0 0 0 0 0 54 11 0 83 0 0 0 0 0 0 0 0 0 0 0 0 0 0 16 0 0 30 0 73 45 0 0 0 0 0 0 0 0 0 0 0 7 0 0 17 0 0 0 0 0 32 0 71 0 0 0 0 0 0 0 0 0 0 0 0 0 0 0 0 0 0 0 0 0 0 0 0 0 0 0 27 0 0 0 0 
99 0 0 0 0 0 0 0 0 13 0 27 61 7 0 0 0 0 0 0 79 0 0 0 0 0 0 0 0 0 0 0 0 0 0 0 0 0 0 70 0 0 0 83 0 83 0 0 0 0 0 0 0 42 0 0 0 0 0 0 15 0 0 0 0 0 7 0 0 0 91 0 35 0 0 0 0 78 0 0 0 0 0 0 0 0 0 0 0 0 0 0 0 0 0 0 0 0 0 0 
0 0 94 0 0 0 0 0 0 0 0 58 0 0 0 0 0 0 0 0 0 12 0 0 0 0 0 0 0 0 0 0 0 0 0 0 0 0 0 0 0 0 0 0 0 0 0 0 0 0 33 82 0 0 14 0 0 0 0 0 0 13 61 93 0 0 0 0 0 0 0 0 0 0 0 0 0 0 0 28 0 0 93 0 0 47 0 9 0 0 0 0 0 53 0 0 0 0 0 0 
0 0 0 0 0 0 0 0 0 0 0 0 0 0 0 0 0 0 0 0 0 0 0 5 0 0 0 0 0 0 19 13 0 0 64 0 0 0 0 0 81 0 0 0 0 0 0 0 0 0 0 61 0 0 0 0 0 0 0 0 0 0 0 0 0 0 0 0 0 0 0 0 0 0 0 0 0 0 0 0 0 0 0 0 0 0 0 0 0 0 45 0 0 0 0 0 63 0 0 0 
0 0 0 0 0 0 0 0 0 0 78 54 0 0 14 0 0 0 0 80 0 0 0 0 0 0 0 0 0 0 0 0 0 0 0 0 0 0 0 0 0 0 0 0 0 0 0 0 99 0 0 0 0 0 0 84 0 0 0 0 26 0 47 0 0 0 0 0 0 0 0 0 0 0 0 0 0 25 0 0 38 46 0 81 0 0 0 0 0 37 0 0 0 0 0 0 0 0 0 55 
69 0 0 0 0 0 0 0 26 0 0 0 0 0 0 0 0 0 0 0 0 0 0 74 0 0 0 0 0 0 0 0 0 0 0 0 33 0 0 0 0 0 40 0 0 0 18 0 0 76 0 45 60 0 0 0 92 0 0 0 0 0 0 0 0 0 0 0 0 0 0 0 0 0 0 0 0 0 45 58 0 0 0 0 74 0 0 0 0 0 67 0 0 0 76 0 0 0 0 0 
0 0 0 0 0 0 0 26 0 0 0 0 21 0 0 0 0 0 0 0 89 0 0 0 0 0 0 0 0 84 0 0 0 0 0 90 0 0 0 0 0 2 0 0 0 0 0 0 0 0 0 0 12 0 0 0 0 0 0 0 63 0 0 0 0 0 83 0 6 0 0 0 0 0 0 0 5 0 0 0 0 0 0 0 0 0 0 0 0 0 0 0 0 0 0 0 50 0 0 0 
0 0 0 13 0 0 0 0 0 0 0 0 0 0 0 0 0 0 0 0 0 0 0 0 81 49 0 0 0 0 0 26 0 0 0 87 0 0 6 0 0 0 0 81 0 0 0 0 0 0 0 27 0 0 0 88 0 0 0 0 0 0 0 60 0 0 0 40 0 0 0 0 0 0 0 0 0 0 61 0 0 0 0 0 0 0 0 0 0 0 81 0 0 0 0 0 0 0 0 0 
0 0 20 0 0 0 78 0 0 0 0 0 0 0 0 0 0 79 0 0 0 0 0 0 0 28 0 38 92 37 0 0 0 0 0 0 0 0 0 0 0 0 0 0 0 93 0 0 0 0 0 12 0 0 0 0 0 0 19 0 99 0 0 0 0 0 0 0 0 0 0 0 0 0 0 0 0 0 40 0 0 0 0 0 0 0 6 0 0 0 0 0 10 0 0 53 0 0 0 0 
0 0 0 27 58 0 54 0 0 0 0 0 0 0 0 0 0 0 0 0 47 0 0 0 0 0 0 38 0 36 0 0 80 0 0 0 98 0 0 0 0 0 0 0 0 0 0 0 97 0 0 0 0 0 0 0 10 45 0 0 0 0 0 0 0 0 0 70 90 0 23 0 0 0 0 0 0 0 0 0 0 0 0 0 0 0 0 0 0 0 0 0 0 0 0 0 0 0 0 0 
43 0 0 61 0 0 0 0 21 0 0 0 0 0 0 0 0 0 97 0 84 0 0 0 0 0 0 0 0 0 0 0 0 0 0 0 0 0 42 0 0 0 0 0 14 76 95 0 0 88 0 0 0 0 0 0 25 0 0 0 0 0 0 0 74 0 0 0 0 0 0 0 0 0 0 63 0 0 0 27 0 0 0 0 0 0 0 0 0 0 0 0 0 0 0 0 0 86 0 0 
0 0 0 7 0 0 0 0 0 0 0 0 0 0 0 0 58 0 0 0 0 17 0 0 0 0 0 19 0 0 0 0 0 0 0 0 0 69 0 0 0 0 0 0 0 0 0 0 0 0 0 0 0 0 0 24 0 0 0 0 0 0 0 0 0 0 74 0 0 0 0 0 36 0 0 0 0 0 0 9 0 10 0 38 0 0 72 0 0 83 0 94 0 0 0 0 0 0 0 0 
0 0 27 0 0 0 14 0 0 0 0 0 0 0 0 0 0 0 0 70 0 0 0 0 0 0 0 0 0 0 0 0 36 0 0 0 0 3 0 0 0 0 0 23 0 0 0 45 0 0 0 0 0 0 0 0 0 0 0 0 0 0 0 84 0 54 0 0 0 0 52 0 0 0 0 0 0 0 0 0 0 67 0 0 0 33 0 0 0 0 93 0 13 0 0 34 0 0 0 0 
26 0 0 0 0 0 0 0 0 0 0 0 0 0 0 0 52 65 0 0 0 14 0 0 0 0 0 0 51 12 0 0 0 0 75 0 0 0 0 0 0 0 35 0 0 0 0 0 0 0 0 97 0 0 7 0 0 0 0 0 0 0 0 0 0 0 0 18 0 0 0 0 0 0 0 0 0 0 0 0 0 0 0 0 41 0 0 0 0 0 0 0 0 0 0 66 0 0 0 78 
0 0 0 0 0 0 0 0 0 0 0 0 0 58 0 52 0 0 0 0 0 94 0 41 37 0 0 0 0 0 0 0 0 0 0 0 0 0 0 38 0 0 0 0 0 0 0 0 0 92 0 0 0 0 0 0 0 0 0 0 0 0 0 0 0 0 0 0 2 58 0 0 0 0 0 0 0 82 0 0 0 33 0 0 2 0 0 0 89 0 0 0 50 0 0 3 0 0 0 0 
72 0 0 0 0 0 0 0 0 0 79 0 0 0 0 65 0 0 0 0 0 0 0 0 0 0 0 0 18 0 0 0 0 0 0 0 0 4 0 0 0 0 0 0 81 0 0 0 0 0 4 0 0 41 0 0 0 0 0 0 0 0 0 0 42 0 94 0 76 16 26 0 0 0 0 0 0 37 0 0 0 0 0 0 0 0 0 0 0 0 0 0 0 0 0 0 32 0 0 0 
0 0 0 0 0 0 0 0 0 0 0 0 97 0 0 0 0 0 0 56 0 9 0 45 97 0 0 0 0 0 0 0 0 0 37 0 0 74 39 0 0 0 0 0 0 0 0 0 0 0 0 0 0 0 0 0 0 55 0 0 92 0 0 0 0 0 0 0 0 0 0 0 44 0 0 0 0 0 0 0 22 0 0 0 0 0 0 0 0 0 0 0 0 0 0 0 0 0 0 0 
0 0 0 0 0 0 80 0 0 0 0 0 0 0 70 0 0 0 56 0 0 0 0 0 0 0 0 0 0 0 0 0 0 35 0 0 0 0 0 0 96 0 20 0 0 0 0 0 0 0 0 0 0 0 0 86 39 0 0 0 0 0 0 0 0 0 0 0 0 0 0 0 0 0 0 0 0 67 69 0 0 33 0 92 0 0 0 50 0 0 46 0 0 0 0 0 0 0 33 0 
0 0 54 79 0 0 0 0 89 0 0 47 84 0 0 0 0 0 0 0 0 0 0 0 74 0 0 0 4 0 0 69 0 58 0 0 0 0 0 0 0 0 0 0 0 0 35 0 0 0 0 0 0 0 0 33 0 0 0 60 0 41 0 0 0 51 0 0 0 0 0 0 0 0 0 0 0 0 0 96 0 0 0 0 0 0 0 0 0 0 0 0 0 0 0 0 0 0 0 0 
0 0 11 0 12 0 0 0 0 0 0 0 0 17 0 14 94 0 9 0 0 0 0 0 0 69 94 0 0 0 0 0 0 0 0 0 0 0 0 0 0 0 43 0 92 0 0 0 0 0 26 0 0 0 0 0 0 0 0 0 0 0 0 0 0 0 0 0 0 0 0 0 0 0 0 0 0 0 0 50 0 0 0 1 0 0 0 0 0 0 93 0 0 0 0 0 0 0 0 36 
0 0 0 0 0 0 0 0 0 0 0 0 0 0 0 0 0 0 0 0 0 0 0 0 0 0 0 0 0 73 0 0 0 0 43 55 0 0 0 0 0 0 0 0 0 49 0 0 0 0 0 0 0 0 0 81 0 0 0 0 21 0 0 0 70 0 8 0 0 0 54 99 0 0 0 0 0 0 0 0 0 0 0 0 0 0 0 0 0 0 0 0 0 0 85 0 0 0 0 0 
0 0 83 0 0 5 0 74 0 0 0 0 0 0 0 0 41 0 45 0 0 0 0 0 0 0 0 0 0 0 29 0 0 0 0 0 0 0 0 0 0 0 0 0 0 0 0 38 0 0 0 0 0 0 0 0 0 0 0 0 0 0 0 42 20 0 0 0 0 10 0 0 0 0 0 0 0 0 0 0 0 0 0 0 0 0 0 83 0 0 0 0 0 0 0 0 0 0 0 0 
0 34 0 0 0 0 0 0 0 81 0 0 0 0 0 0 37 0 97 0 74 0 0 0 0 0 0 0 0 0 0 0 0 66 0 0 0 0 75 0 0 0 7 99 97 0 0 0 0 0 0 0 0 0 0 0 44 0 0 0 0 0 0 0 0 0 0 0 0 0 0 0 0 0 0 0 24 0 0 0 0 0 0 0 86 0 0 0 0 30 0 0 0 0 32 0 0 0 0 0 
0 0 0 0 0 0 0 0 0 49 28 0 0 0 0 0 0 0 0 0 0 69 0 0 0 0 0 86 0 0 0 0 0 93 0 93 70 0 0 0 0 0 97 0 0 0 0 0 91 0 0 0 0 0 0 0 0 0 0 0 0 64 0 0 0 0 0 40 0 0 0 0 0 0 0 90 0 0 0 0 0 0 0 0 0 0 0 0 0 0 0 0 3 0 0 59 0 0 0 0 
0 0 0 0 0 0 0 0 0 0 0 0 0 0 0 0 0 0 0 0 0 94 0 0 0 0 0 0 70 0 0 0 0 0 0 0 0 0 0 0 0 0 0 0 0 0 0 53 0 0 71 0 0 0 0 0 86 0 0 0 0 0 0 0 0 0 0 0 0 0 0 0 0 0 0 0 0 32 0 0 0 0 0 0 0 0 58 0 0 0 0 0 0 0 98 81 19 50 0 0 
0 0 0 0 0 0 0 0 0 0 38 38 0 19 0 0 0 0 0 0 0 0 0 0 0 86 0 0 72 0 0 36 0 0 0 0 0 0 0 0 0 0 44 0 0 22 70 0 0 0 0 45 0 0 63 0 0 0 0 0 0 0 0 0 0 0 23 0 0 0 43 0 0 0 0 0 0 0 0 0 0 0 0 28 0 0 0 0 0 0 0 0 0 0 0 0 43 0 0 0 
0 0 0 0 0 0 0 0 0 0 92 0 0 0 0 51 0 18 0 0 4 0 0 0 0 0 70 72 0 0 60 0 0 0 0 0 0 0 0 0 0 0 0 0 0 88 0 0 0 36 56 0 0 0 0 0 0 0 0 0 0 0 0 0 0 0 0 0 27 28 0 0 0 0 0 0 0 0 0 0 0 0 0 0 0 0 0 0 0 0 0 0 8 7 0 0 0 94 0 0 
0 17 0 0 0 0 0 0 84 0 37 36 0 0 0 12 0 0 0 0 0 0 73 0 0 0 0 0 0 0 0 0 0 0 75 0 0 0 0 0 0 0 0 0 0 0 0 0 0 0 16 0 0 0 0 0 0 0 0 0 0 71 0 0 0 0 0 88 0 0 0 0 24 17 0 0 0 0 0 0 0 89 0 0 0 30 0 0 0 0 0 0 0 0 95 0 0 0 0 0 
0 0 0 0 0 19 0 0 0 0 0 0 0 0 0 0 0 0 0 0 0 0 0 29 0 0 0 0 60 0 0 0 0 45 0 0 0 0 0 0 0 47 0 0 98 0 0 0 0 0 0 0 0 0 0 0 0 0 0 0 0 0 0 0 0 0 73 0 0 0 0 0 0 0 0 0 59 0 0 0 0 0 0 0 0 0 0 0 0 0 96 0 87 0 19 0 0 0 0 0 
0 54 0 0 0 13 0 0 0 26 0 0 0 0 0 0 0 0 0 0 69 0 0 0 0 0 0 36 0 0 0 0 0 98 0 0 0 0 0 0 0 0 63 0 0 0 0 0 0 0 0 0 0 0 12 0 0 0 0 0 0 0 39 0 0 0 0 0 0 0 0 0 0 0 0 7 0 74 3 0 0 0 0 59 0 0 55 0 0 0 0 0 98 0 0 0 0 0 0 0 
0 0 0 0 0 0 0 0 0 0 0 80 0 0 36 0 0 0 0 0 0 0 0 0 0 0 0 0 0 0 0 0 0 33 76 0 35 0 36 37 45 0 0 0 0 0 0 84 0 0 0 0 0 0 87 0 0 0 0 0 0 0 0 0 0 0 78 0 0 0 0 0 0 0 0 0 0 0 0 0 7 0 0 66 0 0 0 0 91 0 0 0 0 0 0 0 0 0 17 0 
0 0 0 0 0 0 0 0 0 0 0 0 0 0 0 0 0 0 0 35 58 0 0 0 66 93 0 0 0 0 45 98 33 0 0 0 0 0 0 0 0 0 0 0 0 0 0 0 0 0 0 0 0 0 0 0 0 0 0 0 0 0 0 0 0 0 0 0 0 10 0 76 39 0 0 0 0 0 0 0 0 0 19 0 0 0 0 0 0 87 0 0 0 43 0 0 0 0 41 0 
0 0 0 0 0 64 0 0 0 0 0 0 0 0 0 75 0 0 37 0 0 0 43 0 0 0 0 0 0 75 0 0 76 0 0 0 0 0 97 0 0 17 0 0 0 0 92 2 0 0 0 0 0 0 0 0 0 0 0 0 0 0 0 0 0 0 0 0 0 0 0 40 0 0 3 0 0 0 0 0 0 0 0 80 0 0 0 0 0 0 0 0 0 0 0 0 9 0 0 0 
0 44 0 0 0 0 0 0 90 87 0 0 0 0 0 0 0 0 0 0 0 0 55 0 0 93 0 0 0 0 0 0 0 0 0 0 0 0 0 0 33 0 0 0 0 0 0 0 0 45 0 0 0 0 0 0 0 0 0 0 0 0 0 0 0 0 0 0 0 0 0 0 0 0 0 0 88 0 23 0 0 35 62 0 0 0 0 0 0 0 0 0 0 0 0 0 0 0 0 0 
0 0 0 0 0 0 0 33 0 0 0 98 0 0 0 0 0 0 0 0 0 0 0 0 0 70 0 0 0 0 0 0 35 0 0 0 0 0 0 0 0 0 0 0 45 0 34 0 0 0 0 0 0 0 0 0 0 0 93 52 0 0 81 0 71 0 0 79 0 0 41 0 0 0 56 0 0 0 0 0 0 0 0 0 0 0 0 0 0 12 0 0 0 0 0 0 0 0 47 0 
0 0 0 0 0 0 0 0 0 0 0 0 0 69 3 0 0 4 74 0 0 0 0 0 0 0 0 0 0 0 0 0 0 0 0 0 0 0 0 0 0 0 0 29 0 0 0 0 0 0 0 59 0 38 0 0 0 0 0 0 0 0 0 0 0 0 0 0 11 0 0 0 0 0 0 0 0 0 0 0 88 0 78 0 0 0 0 0 0 0 12 0 0 0 0 0 0 16 0 0 
0 0 16 0 0 0 0 0 0 6 0 0 42 0 0 0 0 0 39 0 0 0 0 0 75 0 0 0 0 0 0 0 36 0 97 0 0 0 0 18 0 0 22 0 0 0 0 0 0 0 0 100 0 0 0 0 0 35 0 0 0 0 0 0 0 0 0 0 0 0 0 21 0 0 0 0 0 0 84 0 57 0 0 0 0 0 0 0 0 0 0 15 0 0 0 0 0 0 0 0 
0 0 0 70 0 0 0 0 0 0 0 0 0 0 0 0 38 0 0 0 0 0 0 0 0 0 0 0 0 0 0 0 37 0 0 0 0 0 18 0 0 64 0 0 0 0 0 0 0 0 0 0 0 0 0 0 89 0 0 0 0 0 0 0 0 0 0 0 0 0 16 0 0 0 0 0 0 0 0 0 0 0 0 0 90 0 0 0 0 0 0 0 35 0 0 0 0 0 0 0 
0 0 0 0 0 81 0 0 0 0 0 0 0 0 0 0 0 0 0 96 0 0 0 0 0 0 0 0 0 0 0 0 45 0 0 33 0 0 0 0 0 0 42 0 0 0 3 79 0 0 0 0 0 0 0 0 0 0 53 0 0 0 13 0 48 0 0 0 0 0 4 0 0 65 0 0 0 0 61 0 0 0 0 0 0 0 0 0 0 100 0 13 0 0 0 0 0 0 0 0 
0 0 30 0 0 0 0 0 2 0 0 0 0 0 0 0 0 0 0 0 0 0 0 0 0 0 0 0 0 0 47 0 0 0 17 0 0 0 0 64 0 0 0 0 0 0 0 0 0 0 0 5 0 0 0 53 0 0 0 0 0 0 64 0 15 32 0 16 0 0 0 0 0 0 0 0 0 0 0 0 0 0 0 0 0 0 0 0 0 0 0 0 0 8 55 0 0 0 0 0 
0 38 0 0 0 0 0 40 0 0 0 0 0 0 0 35 0 0 0 20 0 43 0 0 7 97 0 44 0 0 0 63 0 0 0 0 0 0 22 0 42 0 0 7 0 0 0 0 0 0 0 0 0 0 0 0 0 0 0 0 0 0 0 0 0 0 0 0 0 0 0 0 0 0 0 0 0 0 0 0 0 0 0 0 0 35 0 0 0 0 0 0 0 0 0 0 21 0 0 0 
0 0 73 83 0 0 0 0 0 81 0 0 0 0 23 0 0 0 0 0 0 0 0 0 99 0 0 0 0 0 0 0 0 0 0 0 0 29 0 0 0 0 7 0 0 0 0 0 0 0 0 0 0 0 0 0 0 0 0 0 0 0 0 0 0 0 0 95 0 0 0 0 0 0 0 15 22 0 0 0 0 0 0 0 0 14 0 0 0 0 0 0 0 0 0 0 0 0 0 30 
0 0 45 0 0 0 0 0 0 0 0 0 14 0 0 0 0 81 0 0 0 92 0 0 97 0 0 0 0 0 98 0 0 0 0 0 45 0 0 0 0 0 0 0 0 59 0 0 0 0 0 0 0 0 0 0 100 12 0 0 0 0 0 70 54 0 0 0 0 0 0 0 0 0 0 0 0 0 0 0 0 0 0 0 0 0 0 0 0 0 0 0 18 0 66 23 0 0 0 0 
0 0 0 83 0 0 0 0 0 0 93 0 76 0 0 0 0 0 0 0 0 0 49 0 0 0 0 22 88 0 0 0 0 0 0 0 0 0 0 0 0 0 0 0 59 0 0 0 76 0 0 0 0 0 0 0 0 0 55 0 0 0 48 38 0 0 95 0 0 0 0 0 0 0 0 0 0 0 0 0 78 0 0 0 0 0 0 0 0 0 0 0 0 56 0 0 0 0 76 0 
0 0 0 0 0 0 0 18 0 0 0 0 95 0 0 0 0 0 0 0 35 0 0 0 0 0 0 70 0 0 0 0 0 0 92 0 34 0 0 0 3 0 0 0 0 0 0 0 0 0 0 0 0 0 0 0 0 0 0 0 0 74 0 23 0 0 94 0 0 0 0 0 0 18 0 0 25 0 22 0 0 0 0 0 0 0 0 0 27 0 49 0 0 0 0 0 0 0 0 0 
0 0 0 0 0 0 0 0 0 0 0 0 0 0 45 0 0 0 0 0 0 0 0 38 0 0 53 0 0 0 0 0 84 0 2 0 0 0 0 0 79 0 0 0 0 0 0 0 0 0 5 0 0 0 0 0 0 0 0 0 0 0 0 0 0 0 0 0 8 0 0 0 0 0 0 39 0 29 0 0 0 0 0 0 0 56 22 0 0 0 0 0 1 0 0 0 0 0 55 22 
0 73 0 0 0 0 99 0 0 0 0 97 0 0 0 0 0 0 0 0 0 0 0 0 0 91 0 0 0 0 0 0 0 0 0 0 0 0 0 0 0 0 0 0 0 76 0 0 0 0 4 0 0 0 0 0 0 96 0 0 0 0 0 0 0 0 64 0 98 0 0 0 0 73 0 0 0 0 0 0 0 66 0 0 0 0 43 0 0 0 16 0 30 0 0 0 0 0 81 0 
0 0 0 0 0 0 0 76 0 0 0 0 88 0 0 0 92 0 0 0 0 0 0 0 0 0 0 0 36 0 0 0 0 0 0 45 0 0 0 0 0 0 0 0 0 0 0 0 0 0 0 0 0 0 0 0 0 0 90 49 0 0 0 0 57 0 0 0 0 0 0 0 68 0 0 0 0 0 0 0 0 0 0 0 0 0 0 0 0 0 0 0 48 0 0 0 0 0 0 0 
0 0 0 0 33 0 0 0 0 0 0 0 0 0 0 0 0 4 0 0 0 26 0 0 0 0 71 0 56 16 0 0 0 0 0 0 0 0 0 0 0 0 0 0 0 0 0 5 4 0 0 0 0 0 0 0 0 0 59 0 0 0 0 0 0 0 0 0 0 0 0 0 98 0 0 0 0 0 0 0 0 0 0 19 0 0 0 68 0 0 0 0 0 0 0 0 0 0 0 0 
0 0 0 0 82 61 0 45 0 27 12 0 0 0 0 97 0 0 0 0 0 0 0 0 0 0 0 45 0 0 0 0 0 0 0 0 0 59 100 0 0 5 0 0 0 0 0 0 0 0 0 0 0 0 0 6 0 0 0 0 0 0 0 0 0 0 0 0 0 0 0 1 0 0 0 0 0 0 0 0 0 0 41 0 96 0 0 0 0 0 0 9 0 0 0 0 0 0 0 0 
0 0 0 0 0 0 0 60 12 0 0 0 0 0 0 0 0 0 0 0 0 0 0 0 0 0 0 0 0 0 0 0 0 0 0 0 0 0 0 0 0 0 0 0 0 0 0 0 0 0 0 0 0 0 0 0 0 0 0 0 0 0 0 17 47 0 0 0 41 0 0 36 0 0 0 0 37 0 0 0 0 0 0 0 28 96 0 77 0 96 0 0 0 86 0 0 0 0 0 0 
61 0 0 42 0 0 0 0 0 0 0 0 0 0 0 0 0 41 0 0 0 0 0 0 0 0 0 0 0 0 0 0 0 0 0 0 0 38 0 0 0 0 0 0 0 0 0 0 0 0 0 0 0 0 51 0 55 0 0 0 0 0 0 0 0 0 0 0 0 0 0 0 0 0 34 42 73 0 0 0 0 0 89 0 0 0 0 40 0 0 0 0 0 0 0 0 0 0 0 0 
36 0 0 0 14 0 0 0 0 0 0 0 0 0 0 7 0 0 0 0 0 0 0 0 0 0 0 63 0 0 0 12 87 0 0 0 0 0 0 0 0 0 0 0 0 0 0 0 0 0 0 0 0 51 0 0 0 0 0 0 0 0 0 30 0 0 0 0 0 0 0 0 0 0 0 0 21 0 0 50 0 0 0 0 0 0 0 0 0 0 0 0 0 0 0 0 0 0 15 0 
0 58 0 0 0 0 84 0 0 88 0 0 0 24 0 0 0 0 0 86 33 0 81 0 0 0 0 0 0 0 0 0 0 0 0 0 0 0 0 0 0 53 0 0 0 0 0 0 0 0 0 6 0 0 0 0 0 0 74 0 0 0 0 0 0 0 0 70 82 0 32 0 0 0 0 0 0 45 0 0 55 0 0 0 0 0 0 0 0 0 0 0 0 0 0 0 0 0 0 0 
0 0 7 0 0 0 0 92 0 0 0 10 25 0 0 0 0 0 0 39 0 0 0 0 44 0 86 0 0 0 0 0 0 0 0 0 0 0 0 89 0 0 0 0 100 0 0 0 0 0 0 0 0 55 0 0 0 54 10 0 0 0 25 0 0 14 0 0 0 0 0 0 0 0 0 0 0 0 0 18 0 0 0 0 0 0 0 0 0 0 0 0 0 0 0 0 0 0 0 0 
0 55 0 0 0 0 0 0 0 0 0 45 0 0 0 0 0 0 55 0 0 0 0 0 0 0 0 0 0 0 0 0 0 0 0 0 0 0 35 0 0 0 0 0 12 0 0 0 96 0 0 0 0 0 0 0 54 0 0 22 86 0 0 0 0 0 0 0 0 0 0 52 0 0 0 0 0 0 0 0 0 0 0 0 4 0 0 18 10 0 0 0 0 0 14 0 94 0 0 0 
0 0 0 0 0 0 0 0 0 0 19 0 0 0 0 0 0 0 0 0 0 0 0 0 0 0 0 0 0 0 0 0 0 0 0 0 93 0 0 0 53 0 0 0 0 55 0 0 0 90 59 0 0 0 0 74 10 0 0 0 65 0 0 0 59 0 0 0 0 0 0 0 69 0 0 0 0 0 0 0 0 0 0 0 0 43 0 95 0 0 0 0 0 0 0 0 0 88 0 0 
21 62 17 0 0 0 0 0 0 0 0 0 0 0 0 0 0 0 0 0 60 0 0 0 0 0 0 0 0 0 0 0 0 0 0 0 52 0 0 0 0 0 0 0 0 0 0 0 0 49 0 0 0 0 0 0 0 22 0 0 0 0 0 0 0 0 0 0 0 0 8 0 0 0 76 0 0 0 0 0 0 0 0 0 0 0 0 73 25 68 0 20 0 0 0 0 32 0 0 0 
0 0 0 15 0 0 26 0 63 0 99 0 0 0 0 0 0 0 92 0 0 0 21 0 0 0 0 0 0 0 0 0 0 0 0 0 0 0 0 0 0 0 0 0 0 0 0 0 0 0 0 0 0 0 0 0 0 86 65 0 0 80 0 0 0 0 15 0 0 0 0 0 0 0 53 0 0 0 0 0 39 0 0 0 0 0 0 0 48 0 66 0 0 0 42 0 0 0 0 0 
0 0 0 0 13 0 0 0 0 0 0 0 0 0 0 0 0 0 0 0 41 0 0 0 0 64 0 0 0 71 0 0 0 0 0 0 0 0 0 0 0 0 0 0 0 0 74 0 0 0 0 0 0 0 0 0 0 0 0 0 80 0 0 0 0 0 0 0 0 0 0 85 0 33 0 0 0 0 0 0 81 9 0 0 0 0 0 0 0 0 0 24 0 0 0 0 0 0 0 0 
0 0 0 0 61 0 47 0 0 0 0 0 0 0 0 0 0 0 0 0 0 0 0 0 0 0 0 0 0 0 0 39 0 0 0 0 81 0 0 0 13 64 0 0 0 48 0 0 0 0 0 0 0 0 0 0 25 0 0 0 0 0 0 2 18 0 0 0 0 0 0 0 0 0 0 0 0 0 11 0 0 0 0 0 0 0 0 0 0 0 0 0 0 0 0 0 0 0 0 0 
0 59 0 0 93 0 0 0 0 60 0 0 0 0 84 0 0 0 0 0 0 0 0 42 0 0 0 0 0 0 0 0 0 0 0 0 0 0 0 0 0 0 0 0 70 38 23 0 0 0 0 0 17 0 30 0 0 0 0 0 0 0 2 0 0 0 0 0 0 0 0 0 0 0 0 40 0 69 0 0 0 0 0 0 0 0 76 0 0 0 0 0 0 0 0 0 0 36 0 0 
0 55 0 0 0 0 0 0 0 0 0 0 74 0 0 0 0 42 0 0 0 0 70 20 0 0 0 0 0 0 0 0 0 0 0 0 71 0 0 0 48 15 0 0 54 0 0 0 0 57 0 0 47 0 0 0 0 0 59 0 0 0 18 0 0 54 0 0 0 0 0 0 0 0 0 0 0 0 0 0 0 0 23 0 0 0 0 0 0 0 0 0 0 0 0 0 0 0 0 0 
0 0 32 0 0 0 0 0 0 0 0 0 0 0 54 0 0 0 0 0 51 0 0 0 0 0 0 0 0 0 0 0 0 0 0 0 0 0 0 0 0 32 0 0 0 0 0 0 0 0 0 0 0 0 0 0 14 0 0 0 0 0 0 0 54 0 0 0 0 0 50 60 0 0 0 92 0 0 2 0 0 48 0 0 0 0 42 0 0 0 0 0 0 0 0 0 0 0 0 0 
0 0 0 7 0 0 0 0 83 0 0 0 0 74 0 0 0 94 0 0 0 0 8 0 0 0 0 23 0 0 73 0 78 0 0 0 0 0 0 0 0 0 0 0 0 95 94 0 64 0 0 0 0 0 0 0 0 0 0 0 15 0 0 0 0 0 0 0 0 0 0 0 0 29 0 0 57 0 0 0 0 0 0 0 0 0 0 0 0 0 0 0 0 0 0 0 0 0 0 18 
0 0 71 0 0 0 0 0 0 40 0 70 0 0 0 18 0 0 0 0 0 0 0 0 0 40 0 0 0 88 0 0 0 0 0 0 79 0 0 0 0 16 0 95 0 0 0 0 0 0 0 0 0 0 0 70 0 0 0 0 0 0 0 0 0 0 0 0 0 0 0 0 0 0 0 0 0 0 0 0 0 0 0 58 0 0 5 96 0 31 0 0 0 0 0 0 34 0 0 0 
0 0 0 0 0 0 0 0 6 0 0 90 0 0 0 0 2 76 0 0 0 0 0 0 0 0 0 0 27 0 0 0 0 0 0 0 0 11 0 0 0 0 0 0 0 0 0 8 98 0 0 0 41 0 0 82 0 0 0 0 0 0 0 0 0 0 0 0 0 0 0 0 0 0 0 0 0 0 0 100 0 70 0 0 0 73 0 0 0 0 0 0 0 0 0 0 58 0 0 20 
0 0 0 0 0 0 0 0 0 0 0 0 0 0 0 0 58 16 0 0 0 0 0 10 0 0 0 0 28 0 0 0 0 10 0 0 0 0 0 0 0 0 0 0 0 0 0 0 0 0 0 0 0 0 0 0 0 0 0 0 0 0 0 0 0 0 0 0 0 0 0 0 0 0 0 0 0 0 0 0 0 0 0 0 0 0 0 61 0 0 0 0 0 0 0 0 0 0 71 0 
0 0 0 91 0 0 0 0 0 0 0 23 0 0 52 0 0 26 0 0 0 0 54 0 0 0 0 43 0 0 0 0 0 0 0 0 41 0 0 16 4 0 0 0 0 0 0 0 0 0 0 0 0 0 0 32 0 0 0 8 0 0 0 0 0 50 0 0 0 0 0 0 0 0 23 0 0 0 0 0 0 0 0 0 0 0 0 50 0 0 0 0 0 0 0 0 0 0 97 0 
0 0 0 0 0 0 0 0 0 0 0 0 0 0 0 0 0 0 0 0 0 0 99 0 0 0 0 0 0 0 0 0 0 76 40 0 0 0 21 0 0 0 0 0 0 0 0 0 0 0 0 1 36 0 0 0 0 52 0 0 0 85 0 0 0 60 0 0 0 0 0 0 0 0 0 0 42 0 0 0 0 0 22 0 0 29 0 0 0 0 0 0 0 0 0 0 0 0 0 0 
0 0 0 35 0 0 0 0 0 0 0 0 0 36 0 0 0 0 44 0 0 0 0 0 0 0 0 0 0 24 0 0 0 39 0 0 0 0 0 0 0 0 0 0 0 0 0 0 0 68 98 0 0 0 0 0 0 0 69 0 0 0 0 0 0 0 0 0 0 0 0 0 0 0 0 0 100 0 0 0 0 68 0 0 76 0 0 0 0 0 0 0 0 0 0 0 0 39 0 0 
0 0 0 0 0 0 0 0 0 0 0 0 0 0 0 0 0 0 0 0 0 0 0 0 0 0 0 0 0 17 0 0 0 0 0 0 0 0 0 0 65 0 0 0 0 0 18 0 73 0 0 0 0 0 0 0 0 0 0 0 0 33 0 0 0 0 29 0 0 0 0 0 0 0 84 58 0 35 0 94 0 63 9 0 0 0 0 79 76 0 0 29 0 0 0 0 0 0 0 0 
0 0 0 0 0 0 0 0 0 0 0 0 0 0 0 0 0 0 0 0 0 0 0 0 0 0 0 0 0 0 0 0 0 0 3 0 56 0 0 0 0 0 0 0 0 0 0 0 0 0 0 0 0 34 0 0 0 0 0 76 53 0 0 0 0 0 0 0 0 0 23 0 0 84 0 0 0 0 0 0 0 0 40 0 0 0 0 100 0 0 0 0 0 92 0 0 0 0 0 0 
0 0 0 0 0 0 0 0 0 0 0 0 63 0 0 0 0 0 0 0 0 0 0 0 0 90 0 0 0 0 0 7 0 0 0 0 0 0 0 0 0 0 0 15 0 0 0 39 0 0 0 0 0 42 0 0 0 0 0 0 0 0 0 40 0 92 0 0 0 0 0 0 0 58 0 0 81 0 0 0 0 0 0 0 0 0 0 0 0 0 0 0 0 0 0 2 0 0 0 0 
0 0 0 0 0 0 0 0 5 0 0 0 0 0 0 0 0 0 0 0 0 0 0 0 24 0 0 0 0 0 59 0 0 0 0 88 0 0 0 0 0 0 0 22 0 0 25 0 0 0 0 0 37 73 21 0 0 0 0 0 0 0 0 0 0 0 57 0 0 0 0 42 100 0 0 81 0 0 0 4 0 0 0 0 0 46 0 0 0 0 0 0 0 0 0 0 0 0 0 0 
0 0 0 78 0 0 25 0 0 0 0 0 0 0 0 0 82 37 0 67 0 0 0 0 0 0 32 0 0 0 0 74 0 0 0 0 0 0 0 0 0 0 0 0 0 0 0 29 0 0 0 0 0 0 0 45 0 0 0 0 0 0 0 69 0 0 0 0 0 0 0 0 0 35 0 0 0 0 35 44 0 0 6 0 0 0 0 0 0 0 0 0 0 70 0 0 0 0 0 0 
0 0 0 0 0 0 0 45 0 61 40 0 0 0 0 0 0 0 0 69 0 0 0 0 0 0 0 0 0 0 0 3 0 0 0 23 0 0 84 0 61 0 0 0 0 0 22 0 0 0 0 0 0 0 0 0 0 0 0 0 0 0 11 0 0 2 0 0 0 0 0 0 0 0 0 0 0 35 0 0 0 0 0 0 0 63 0 0 0 0 0 0 0 0 88 0 0 0 44 0 
0 0 0 0 28 0 0 58 0 0 0 0 27 9 0 0 0 0 0 0 96 50 0 0 0 0 0 0 0 0 0 0 0 0 0 0 0 0 0 0 0 0 0 0 0 0 0 0 0 0 0 0 0 0 50 0 18 0 0 0 0 0 0 0 0 0 0 0 100 0 0 0 0 94 0 0 4 44 0 0 0 0 0 0 0 38 0 0 28 0 0 0 0 0 51 0 0 0 0 0 
0 62 0 0 0 0 38 0 0 0 0 0 0 0 0 0 0 0 22 0 0 0 0 0 0 0 0 0 0 0 0 0 7 0 0 0 0 88 57 0 0 0 0 0 0 78 0 0 0 0 0 0 0 0 0 55 0 0 0 0 39 81 0 0 0 0 0 0 0 0 0 0 0 0 0 0 0 0 0 0 0 0 0 0 0 0 0 0 0 0 0 0 0 0 56 0 0 0 0 0 
0 0 0 0 0 0 46 0 0 0 0 0 0 10 67 0 33 0 0 33 0 0 0 0 0 0 0 0 0 89 0 0 0 0 0 35 0 0 0 0 0 0 0 0 0 0 0 0 66 0 0 0 0 0 0 0 0 0 0 0 0 9 0 0 0 48 0 0 70 0 0 0 68 63 0 0 0 0 0 0 0 0 0 0 0 0 0 0 0 0 0 27 0 0 0 13 0 0 0 0 
0 0 0 0 93 0 0 0 0 0 0 0 0 0 0 0 0 0 0 0 0 0 0 0 0 0 0 0 0 0 0 0 0 19 0 62 0 78 0 0 0 0 0 0 0 0 0 0 0 0 0 41 0 89 0 0 0 0 0 0 0 0 0 0 23 0 0 0 0 0 0 22 0 9 40 0 0 6 0 0 0 0 0 0 10 0 21 0 0 0 25 0 0 0 0 0 0 14 0 0 
97 82 0 0 0 0 81 0 0 0 0 0 0 38 0 0 0 0 0 92 0 1 0 0 0 0 0 28 0 0 0 59 66 0 80 0 0 0 0 0 0 0 0 0 0 0 0 0 0 0 19 0 0 0 0 0 0 0 0 0 0 0 0 0 0 0 0 58 0 0 0 0 0 0 0 0 0 0 0 0 0 0 0 0 0 0 0 0 0 0 72 0 0 0 0 0 0 0 0 0 
0 0 0 0 0 0 0 74 0 0 0 0 0 0 0 41 2 0 0 0 0 0 0 0 86 0 0 0 0 0 0 0 0 0 0 0 0 0 0 90 0 0 0 0 0 0 0 0 0 0 0 96 28 0 0 0 0 4 0 0 0 0 0 0 0 0 0 0 0 0 0 0 76 0 0 0 0 0 0 0 0 0 10 0 0 0 0 0 0 0 0 0 0 0 0 0 0 0 0 0 
0 0 0 0 47 0 0 0 0 0 0 0 0 0 33 0 0 0 0 0 0 0 0 0 0 0 0 0 0 30 0 0 0 0 0 0 0 0 0 0 0 0 35 14 0 0 0 56 0 0 0 0 96 0 0 0 0 0 43 0 0 0 0 0 0 0 0 0 73 0 0 29 0 0 0 0 46 0 63 38 0 0 0 0 0 0 0 0 0 0 1 9 0 0 0 0 0 0 0 0 
0 0 0 0 0 0 0 0 0 0 6 0 0 72 0 0 0 0 0 0 0 0 0 0 0 0 58 0 0 0 0 55 0 0 0 0 0 0 0 0 0 0 0 0 0 0 0 22 43 0 0 0 0 0 0 0 0 0 0 0 0 0 0 76 0 42 0 5 0 0 0 0 0 0 0 0 0 0 0 0 0 0 21 0 0 0 0 0 2 54 0 0 0 81 0 0 0 0 66 0 
0 0 0 0 9 0 0 0 0 0 0 0 0 0 0 0 0 0 0 50 0 0 0 83 0 0 0 0 0 0 0 0 0 0 0 0 0 0 0 0 0 0 0 0 0 0 0 0 0 0 68 0 77 40 0 0 0 18 95 73 0 0 0 0 0 0 0 96 0 61 50 0 0 79 100 0 0 0 0 0 0 0 0 0 0 0 0 0 0 0 0 0 0 0 0 0 0 0 0 0 
0 0 0 0 0 0 0 0 0 0 0 0 0 0 0 0 89 0 0 0 0 0 0 0 0 0 0 0 0 0 0 0 91 0 0 0 0 0 0 0 0 0 0 0 0 0 27 0 0 0 0 0 0 0 0 0 0 10 0 25 48 0 0 0 0 0 0 0 0 0 0 0 0 76 0 0 0 0 0 28 0 0 0 0 0 0 2 0 0 0 0 0 58 0 0 74 0 18 0 0 
0 27 0 0 0 0 37 0 0 0 0 0 0 83 0 0 0 0 0 0 0 0 0 0 30 0 0 0 0 0 0 0 0 87 0 0 12 0 0 0 100 0 0 0 0 0 0 0 0 0 0 0 96 0 0 0 0 0 0 68 0 0 0 0 0 0 0 31 0 0 0 0 0 0 0 0 0 0 0 0 0 0 0 0 0 0 54 0 0 0 0 0 0 0 24 0 77 0 0 0 
0 0 0 0 0 45 0 67 0 81 0 0 0 0 93 0 0 0 0 46 0 93 0 0 0 0 0 0 0 0 96 0 0 0 0 0 0 12 0 0 0 0 0 0 0 0 49 0 16 0 0 0 0 0 0 0 0 0 0 0 66 0 0 0 0 0 0 0 0 0 0 0 0 0 0 0 0 0 0 0 0 0 25 72 0 1 0 0 0 0 0 0 0 33 0 0 0 0 0 0 
21 0 0 0 0 0 0 0 0 0 0 0 0 94 0 0 0 0 0 0 0 0 0 0 0 0 0 0 0 0 0 0 0 0 0 0 0 0 15 0 13 0 0 0 0 0 0 0 0 0 0 9 0 0 0 0 0 0 0 20 0 24 0 0 0 0 0 0 0 0 0 0 0 29 0 0 0 0 0 0 0 27 0 0 0 9 0 0 0 0 0 0 9 91 0 45 98 0 0 44 
0 0 0 0 0 0 0 0 0 0 10 0 0 0 13 0 50 0 0 0 0 0 0 0 0 3 0 0 8 0 87 98 0 0 0 0 0 0 0 35 0 0 0 0 18 0 0 1 30 48 0 0 0 0 0 0 0 0 0 0 0 0 0 0 0 0 0 0 0 0 0 0 0 0 0 0 0 0 0 0 0 0 0 0 0 0 0 0 58 0 0 9 0 0 0 0 0 0 0 64 
0 0 0 0 53 0 0 0 0 0 0 0 0 0 0 0 0 0 0 0 0 0 0 0 0 0 0 0 7 0 0 0 0 43 0 0 0 0 0 0 0 8 0 0 0 56 0 0 0 0 0 0 86 0 0 0 0 0 0 0 0 0 0 0 0 0 0 0 0 0 0 0 0 0 92 0 0 70 0 0 0 0 0 0 0 0 81 0 0 0 33 91 0 0 0 0 0 0 0 0 
0 0 0 0 0 0 0 76 0 0 0 0 0 0 0 0 0 0 0 0 0 0 85 0 32 0 98 0 0 95 19 0 0 0 0 0 0 0 0 0 0 55 0 0 66 0 0 0 0 0 0 0 0 0 0 0 0 14 0 0 42 0 0 0 0 0 0 0 0 0 0 0 0 0 0 0 0 0 88 51 56 0 0 0 0 0 0 0 0 24 0 0 0 0 0 0 0 77 0 0 
16 0 27 0 0 0 0 0 0 0 53 0 0 0 34 66 3 0 0 0 0 0 0 0 0 59 81 0 0 0 0 0 0 0 0 0 0 0 0 0 0 0 0 0 23 0 0 0 0 0 0 0 0 0 0 0 0 0 0 0 0 0 0 0 0 0 0 0 0 0 0 0 0 0 0 2 0 0 0 0 0 13 0 0 0 0 0 0 74 0 0 45 0 0 0 0 0 18 0 0 
96 0 0 0 0 63 0 0 50 0 0 0 0 0 0 0 0 32 0 0 0 0 0 0 0 0 19 43 0 0 0 0 0 0 9 0 0 0 0 0 0 0 21 0 0 0 0 0 0 0 0 0 0 0 0 0 0 94 0 32 0 0 0 0 0 0 0 34 58 0 0 0 0 0 0 0 0 0 0 0 0 0 0 0 0 0 0 0 0 77 0 98 0 0 0 0 0 68 0 0 
0 0 0 0 0 0 0 0 0 0 0 0 86 0 0 0 0 0 0 0 0 0 0 0 0 0 50 0 94 0 0 0 0 0 0 0 0 16 0 0 0 0 0 0 0 0 0 0 0 0 0 0 0 0 0 0 0 0 88 0 0 0 0 36 0 0 0 0 0 0 0 0 39 0 0 0 0 0 0 0 0 0 14 0 0 0 0 0 18 0 0 0 0 0 77 18 68 0 0 0 
0 0 0 0 0 0 0 0 0 0 0 0 0 0 0 0 0 0 0 33 0 0 0 0 0 0 0 0 0 0 0 0 17 41 0 0 47 0 0 0 0 0 0 0 0 76 0 55 81 0 0 0 0 0 15 0 0 0 0 0 0 0 0 0 0 0 0 0 0 71 97 0 0 0 0 0 0 0 44 0 0 0 0 0 0 0 66 0 0 0 0 0 0 0 0 0 0 0 0 0 
0 0 0 0 0 0 55 0 0 0 0 0 0 0 0 78 0 0 0 0 0 36 0 0 0 0 0 0 0 0 0 0 0 0 0 0 0 0 0 0 0 0 0 30 0 0 0 22 0 0 0 0 0 0 0 0 0 0 0 0 0 0 0 0 0 0 18 0 20 0 0 0 0 0 0 0 0 0 0 0 0 0 0 0 0 0 0 0 0 0 0 44 64 0 0 0 0 0 0 0 
