0 0 0 0 0 89 0 84 176 0 0 0 0 0 0 0 0 0 0 0 0 0 0 151 38 0 0 35 0 0 0 0 0 0 0 0 0 0 37 0 0 10 0 0 0 69 0 0 0 0 7 0 0 0 0 0 0 0 0 0 0 161 0 190 0 0 0 0 0 0 0 0 59 0 0 0 0 0 0 138 0 50 0 0 0 0 0 0 0 0 0 0 0 0 0 0 0 0 0 0 
0 0 0 0 55 0 0 173 0 124 0 0 0 0 0 0 0 0 149 0 0 0 0 0 0 0 0 0 0 0 0 0 0 0 0 0 3 0 0 0 0 0 0 0 0 0 0 0 0 0 110 0 0 35 0 0 0 73 0 0 0 0 0 108 0 0 0 0 0 0 0 0 0 0 0 168 0 0 0 0 0 0 0 0 0 0 163 0 0 0 0 0 0 0 0 0 0 0 0 0 
0 0 0 0 54 0 0 0 0 0 5 0 0 0 0 50 0 0 0 0 0 0 0 164 0 0 0 0 0 0 0 0 0 0 0 0 0 59 0 0 170 0 0 0 68 70 0 0 0 0 44 0 0 0 0 0 0 0 0 0 0 186 0 0 0 0 0 0 0 134 0 0 0 0 0 0 0 0 0 0 0 0 0 161 123 0 131 0 0 0 0 0 0 0 0 121 0 0 0 0 
0 0 0 0 0 0 0 0 0 0 0 0 0 91 0 0 0 0 0 0 0 0 0 0 44 0 0 0 94 143 0 0 0 0 38 0 0 0 0 0 0 0 0 0 148 0 0 0 0 0 0 0 0 0 0 0 0 0 137 0 0 0 0 0 0 0 89 99 0 0 0 0 0 0 0 0 0 0 0 0 0 46 0 0 0 0 0 0 0 31 0 55 0 0 0 0 0 0 0 0 
0 55 54 0 0 0 26 0 0 0 0 0 0 0 0 0 188 0 0 0 0 0 0 72 0 0 49 45 0 0 0 0 0 18 0 0 0 0 0 0 0 0 0 0 0 0 0 0 127 0 0 0 11 0 0 0 7 0 0 0 0 0 0 0 0 0 0 0 0 0 0 0 0 0 0 0 20 0 0 0 0 0 0 0 0 0 0 82 0 0 0 0 161 0 0 0 0 42 0 0 
89 0 0 0 0 0 0 0 0 0 0 0 0 0 0 0 0 0 0 0 84 171 0 0 0 85 0 0 0 0 105 0 0 0 0 147 0 0 0 81 0 0 0 0 0 21 0 106 0 0 100 93 0 0 22 0 0 0 0 116 0 107 0 0 0 0 0 0 0 0 0 0 0 0 0 200 0 0 0 0 0 0 0 0 0 0 0 0 0 0 0 0 0 0 0 0 0 0 0 0 
0 0 0 0 26 0 0 0 0 0 0 114 0 0 105 49 0 0 0 54 0 113 0 0 0 0 0 13 0 169 0 0 0 0 0 0 0 0 0 0 0 0 0 0 0 0 0 0 0 0 0 0 21 0 0 0 0 145 0 0 0 0 0 0 0 0 0 0 0 0 0 13 0 0 0 0 0 150 0 0 0 0 0 0 118 196 0 0 0 0 0 37 0 0 0 0 0 0 0 0 
84 173 0 0 0 0 0 0 0 0 0 0 131 0 0 43 141 198 0 0 0 0 0 0 0 0 0 0 0 160 0 45 11 0 0 0 0 0 0 0 0 0 0 0 0 0 0 0 19 0 0 146 0 0 0 0 0 96 0 0 0 0 0 0 0 0 0 5 0 0 0 0 0 0 0 100 0 0 0 0 0 0 0 0 0 0 0 23 0 0 0 0 0 0 0 0 0 0 0 0 
176 0 0 0 0 0 0 0 0 96 133 0 0 0 0 0 0 0 0 0 0 0 0 0 0 0 0 0 0 0 0 133 0 170 0 0 0 13 0 109 0 0 0 0 0 0 39 73 99 0 0 0 0 0 0 0 0 0 0 165 0 0 0 0 84 0 0 0 0 0 0 0 0 0 0 0 0 0 54 0 0 0 0 0 0 0 0 0 164 0 0 0 0 0 0 97 0 0 0 0 
0 124 0 0 0 0 0 0 96 0 0 0 0 0 0 0 0 0 189 0 0 174 0 0 0 0 0 0 0 0 0 0 0 16 0 0 0 0 0 0 1 0 0 0 0 0 0 0 0 46 133 0 123 0 0 0 0 0 0 0 0 0 0 0 0 0 0 0 0 0 0 0 0 0 181 0 0 0 0 0 0 0 0 0 0 44 0 0 0 0 0 0 0 0 0 0 0 0 0 0 
0 0 5 0 0 0 0 0 133 0 0 0 0 0 0 0 103 0 0 0 0 0 0 0 124 0 0 90 0 0 130 0 0 0 0 0 0 0 0 0 0 0 162 24 0 0 0 0 0 0 0 0 0 0 0 0 0 0 0 0 0 0 0 0 0 0 0 173 0 0 0 121 0 0 0 0 0 0 0 0 0 0 179 0 32 0 0 133 0 0 0 0 0 0 197 0 0 0 0 163 
0 0 0 0 0 0 114 0 0 0 0 0 0 0 0 0 0 0 0 0 0 0 0 0 0 0 0 0 0 0 0 0 0 0 122 0 0 0 0 143 0 0 0 0 0 0 0 0 0 0 0 0 0 0 0 200 0 0 0 0 0 0 0 0 0 0 55 0 110 0 107 0 0 140 0 0 0 0 129 0 0 0 0 0 72 0 0 0 0 0 0 0 87 0 0 0 0 0 0 0 
0 0 0 0 0 0 0 131 0 0 0 0 0 0 0 0 0 194 0 0 0 0 0 0 0 0 188 0 0 11 0 83 0 0 0 0 0 0 113 0 0 135 0 0 0 0 0 0 0 0 0 0 0 79 20 0 0 0 0 0 0 0 0 0 104 20 172 82 0 0 0 0 0 0 0 0 101 0 0 0 0 0 0 0 0 0 0 0 0 0 0 0 0 0 0 0 0 119 0 0 
0 0 0 91 0 0 0 0 0 0 0 0 0 0 0 0 179 0 0 167 0 0 0 0 0 31 69 0 0 0 2 48 0 0 84 0 0 0 0 0 0 0 0 0 0 0 0 0 0 0 0 0 0 0 0 0 85 0 0 0 0 0 0 0 0 0 0 0 136 0 0 0 0 0 0 0 0 0 88 58 162 0 0 0 132 0 0 0 0 0 0 79 0 0 0 0 0 0 0 0 
0 0 0 0 0 0 105 0 0 0 0 0 0 0 0 0 159 0 0 0 0 118 0 0 0 0 0 0 0 88 0 0 73 0 81 0 176 0 0 0 156 0 0 0 152 0 0 0 0 39 0 0 0 0 0 0 0 0 0 0 0 0 0 0 0 0 0 0 0 0 0 141 0 0 0 0 0 0 0 0 0 0 0 0 0 0 0 0 0 76 0 0 0 0 0 0 0 0 0 0 
0 0 50 0 0 0 49 43 0 0 0 0 0 0 0 0 0 0 0 0 0 0 194 0 0 0 0 0 0 0 0 0 0 0 44 130 0 0 0 80 0 0 0 0 50 0 0 0 0 0 0 0 37 0 0 0 0 0 0 0 0 0 0 0 0 0 0 69 0 0 0 0 0 0 0 0 0 0 0 0 0 0 0 0 0 0 0 61 2 0 0 0 0 0 46 0 0 0 0 0 
0 0 0 0 188 0 0 141 0 0 103 0 0 179 159 0 0 0 35 0 0 0 0 0 105 0 0 0 0 47 0 0 0 0 0 0 0 0 0 0 0 0 0 0 0 0 0 0 0 177 0 157 0 0 0 82 0 0 0 0 0 0 0 0 0 0 0 100 0 128 0 0 0 0 0 0 0 0 0 0 0 0 0 0 0 0 0 0 0 0 0 0 116 0 96 0 0 0 0 0 
0 0 0 0 0 0 0 198 0 0 0 0 194 0 0 0 0 0 0 0 0 0 0 0 107 190 0 0 0 142 0 0 0 0 0 0 0 0 102 0 0 0 0 0 0 0 0 0 0 0 0 0 0 155 0 99 0 0 0 0 0 0 0 0 0 0 0 0 13 0 0 0 0 0 34 0 0 0 0 0 173 0 0 0 0 52 0 0 0 0 0 0 0 0 0 0 0 0 0 0 
0 149 0 0 0 0 0 0 0 189 0 0 0 0 0 0 35 0 0 0 0 0 58 0 103 0 0 0 0 0 0 0 0 0 0 0 0 0 0 0 42 0 0 0 0 0 0 184 64 0 0 0 0 0 0 0 0 0 39 0 0 0 0 0 0 0 0 0 140 0 0 0 0 0 81 0 0 0 0 0 0 0 0 0 0 0 0 0 0 135 0 0 0 0 66 167 0 0 0 151 
0 0 0 0 0 0 54 0 0 0 0 0 0 167 0 0 0 0 0 0 0 0 77 0 0 96 0 0 0 0 26 0 42 0 165 0 0 0 0 0 0 0 0 0 0 0 0 0 198 66 0 0 0 0 0 0 0 0 0 0 21 0 27 0 0 0 0 0 0 0 0 0 0 0 0 0 0 0 0 0 0 110 0 0 0 0 0 0 0 0 0 83 0 0 0 0 0 0 0 0 
0 0 0 0 0 84 0 0 0 0 0 0 0 0 0 0 0 0 0 0 0 0 0 0 0 142 0 0 0 0 0 0 0 0 0 0 0 0 40 0 57 0 0 96 0 0 0 0 0 0 0 27 0 183 0 82 148 0 0 0 0 176 0 0 0 0 0 0 0 0 0 0 165 0 0 0 0 0 73 0 0 0 0 0 0 0 0 167 0 64 0 169 0 0 0 0 0 0 0 0 
0 0 0 0 0 171 113 0 0 174 0 0 0 0 118 0 0 0 0 0 0 0 0 0 0 0 0 122 0 0 0 0 139 0 0 0 0 0 0 0 0 0 0 0 0 0 0 0 0 0 0 0 0 0 0 0 0 0 0 0 0 0 86 129 0 0 0 0 102 0 0 117 0 127 0 0 0 0 0 0 0 0 0 0 0 0 0 0 0 0 0 0 0 0 0 0 0 0 0 192 
0 0 0 0 0 0 0 0 0 0 0 0 0 0 0 194 0 0 58 77 0 0 0 0 0 0 0 0 0 0 172 0 0 0 0 0 122 0 0 0 0 0 36 0 0 0 0 0 0 0 0 0 0 0 0 0 0 0 0 84 0 0 0 0 99 0 184 0 0 0 0 0 0 0 105 0 0 0 30 0 0 0 0 0 0 0 0 0 0 0 1 0 0 2 0 0 0 0 0 0 
151 0 164 0 72 0 0 0 0 0 0 0 0 0 0 0 0 0 0 0 0 0 0 0 0 4 135 0 0 0 0 0 0 0 0 0 0 0 90 0 0 28 0 0 0 0 0 0 0 0 148 0 0 0 0 0 0 0 0 0 0 0 0 0 0 0 0 0 163 0 73 0 0 0 49 0 126 0 0 0 0 0 0 109 0 0 0 0 0 0 0 0 0 67 0 0 0 0 0 0 
38 0 0 44 0 0 0 0 0 0 124 0 0 0 0 0 105 107 103 0 0 0 0 0 0 0 0 0 0 160 0 0 0 0 0 0 0 0 0 0 0 0 68 0 0 0 0 0 0 0 0 0 0 0 0 0 0 0 0 0 19 0 0 0 0 0 0 0 0 0 0 0 0 0 0 0 0 161 0 0 0 0 0 84 0 169 90 0 0 0 0 0 0 0 0 173 0 0 0 55 
0 0 0 0 0 85 0 0 0 0 0 0 0 31 0 0 0 190 0 96 142 0 0 4 0 0 0 0 0 0 0 0 0 159 0 0 0 0 0 0 0 0 100 0 20 170 0 0 0 0 0 0 0 0 0 0 0 0 0 0 0 0 0 0 0 0 0 0 0 123 0 0 0 0 0 0 0 0 0 0 0 0 127 0 0 0 0 0 159 0 0 0 0 0 0 0 0 0 17 12 
0 0 0 0 49 0 0 0 0 0 0 0 188 69 0 0 0 0 0 0 0 0 0 135 0 0 0 0 0 0 0 0 0 0 126 0 0 0 0 0 0 0 0 0 0 0 0 5 0 0 0 188 0 0 0 0 0 0 0 0 0 88 0 0 0 0 0 63 0 0 71 174 0 0 0 0 0 0 0 0 0 15 0 0 25 0 0 0 0 0 0 187 0 39 0 0 0 0 0 0 
35 0 0 0 45 0 13 0 0 0 90 0 0 0 0 0 0 0 0 0 0 122 0 0 0 0 0 0 0 0 0 0 0 0 0 0 0 0 0 0 0 0 0 43 84 155 84 0 0 0 0 0 0 0 0 0 0 0 0 12 0 0 0 0 0 0 0 0 0 0 0 0 0 0 0 0 106 0 128 0 0 0 0 0 0 0 0 0 0 0 0 0 0 0 0 0 0 0 0 0 
0 0 0 94 0 0 0 0 0 0 0 0 0 0 0 0 0 0 0 0 0 0 0 0 0 0 0 0 0 0 0 0 0 178 0 0 168 193 0 0 103 0 0 0 0 0 0 0 0 0 0 0 0 0 0 0 0 0 0 0 115 0 0 0 0 0 0 0 0 24 0 0 0 0 0 0 0 142 0 0 0 0 0 0 169 55 111 73 0 0 41 0 0 0 0 0 0 109 18 0 
0 0 0 143 0 0 169 160 0 0 0 0 11 0 88 0 47 142 0 0 0 0 0 0 160 0 0 0 0 0 0 102 0 39 0 0 0 0 0 0 0 106 0 0 0 0 0 0 0 0 0 0 0 0 0 0 0 0 0 0 0 0 0 0 0 0 149 0 0 0 0 0 0 177 0 0 0 0 0 0 0 0 0 67 0 0 147 0 0 0 0 0 0 0 0 0 0 0 0 0 
0 0 0 0 0 105 0 0 0 0 130 0 0 2 0 0 0 0 0 26 0 0 172 0 0 0 0 0 0 0 0 0 0 0 0 0 0 0 0 0 0 61 0 23 0 157 0 0 0 0 0 0 110 0 0 0 0 0 95 0 0 40 0 0 0 0 0 0 0 0 106 0 0 0 0 0 29 0 0 0 0 0 0 0 0 0 0 0 0 30 68 0 0 0 0 0 0 0 0 0 
0 0 0 0 0 0 0 45 133 0 0 0 83 48 0 0 0 0 0 0 0 0 0 0 0 0 0 0 0 102 0 0 0 83 0 0 77 0 0 0 0 23 0 151 0 0 0 0 0 0 0 0 184 0 0 0 0 182 0 0 0 167 0 0 0 0 0 0 0 195 0 0 0 0 0 0 0 0 0 0 0 0 0 0 0 0 0 0 117 0 0 0 0 0 0 0 79 0 0 0 
0 0 0 0 0 0 0 11 0 0 0 0 0 0 73 0 0 0 0 42 0 139 0 0 0 0 0 0 0 0 0 0 0 0 0 0 0 0 0 0 0 55 0 113 0 0 0 0 0 0 0 0 0 0 134 13 0 0 0 0 0 0 0 138 0 0 0 0 0 0 193 0 125 0 0 0 0 0 177 0 0 0 0 0 0 0 0 0 0 140 0 0 0 0 0 64 0 0 0 0 
0 0 0 0 18 0 0 0 170 16 0 0 0 0 0 0 0 0 0 0 0 0 0 0 0 159 0 0 178 39 0 83 0 0 0 0 0 0 0 0 0 0 0 0 0 0 0 0 0 0 0 0 0 0 0 190 0 0 0 0 0 0 0 0 0 0 0 0 0 53 0 0 0 0 0 0 0 0 0 0 0 0 0 58 90 65 0 185 0 0 0 0 0 0 0 0 0 0 0 0 
0 0 0 38 0 0 0 0 0 0 0 122 0 84 81 44 0 0 0 165 0 0 0 0 0 0 126 0 0 0 0 0 0 0 0 0 0 0 0 0 0 0 0 0 0 0 0 0 0 0 0 0 0 0 0 0 0 0 0 29 0 0 0 0 0 0 0 0 0 0 0 0 0 0 0 0 0 0 0 0 49 0 34 0 0 0 0 0 0 0 0 0 0 0 0 0 0 0 0 0 
0 0 0 0 0 147 0 0 0 0 0 0 0 0 0 130 0 0 0 0 0 0 0 0 0 0 0 0 0 0 0 0 0 0 0 0 0 0 0 0 0 184 0 0 128 0 0 0 0 0 188 57 0 0 0 0 121 57 0 0 0 0 0 0 0 0 0 0 0 0 0 0 0 0 0 0 0 0 0 0 0 0 0 0 0 0 0 0 0 0 0 4 0 0 0 0 0 0 0 108 
0 3 0 0 0 0 0 0 0 0 0 0 0 0 176 0 0 0 0 0 0 0 122 0 0 0 0 0 168 0 0 77 0 0 0 0 0 0 0 0 0 0 0 0 0 0 186 34 10 78 0 0 0 0 0 0 0 0 0 89 0 0 0 0 0 0 0 0 85 0 69 0 0 0 0 0 0 50 0 0 0 0 35 0 0 0 0 0 0 0 0 0 0 117 0 0 0 0 0 0 
0 0 59 0 0 0 0 0 13 0 0 0 0 0 0 0 0 0 0 0 0 0 0 0 0 0 0 0 193 0 0 0 0 0 0 0 0 0 0 199 0 0 0 0 0 0 0 0 0 0 0 160 0 0 145 0 0 0 0 0 0 0 0 49 0 0 0 0 125 0 0 0 0 0 0 0 0 0 0 0 181 0 0 0 0 0 0 0 0 0 0 0 0 0 0 0 0 0 0 0 
37 0 0 0 0 0 0 0 0 0 0 0 113 0 0 0 0 102 0 0 40 0 0 90 0 0 0 0 0 0 0 0 0 0 0 0 0 0 0 79 0 0 0 0 0 0 0 0 0 0 0 0 0 0 0 0 0 0 0 67 0 0 172 0 0 49 0 0 0 0 0 0 166 171 0 0 0 122 0 0 196 0 0 0 71 0 0 0 0 0 0 0 0 0 0 0 0 31 0 0 
0 0 0 0 0 81 0 0 109 0 0 143 0 0 0 80 0 0 0 0 0 0 0 0 0 0 0 0 0 0 0 0 0 0 0 0 0 199 79 0 0 0 0 0 0 0 45 0 0 0 0 0 0 0 0 97 0 0 79 54 0 0 0 0 0 0 0 0 0 0 141 0 0 0 0 0 10 0 155 0 0 195 0 0 0 0 0 0 0 0 0 0 0 0 0 0 0 0 99 0 
0 0 170 0 0 0 0 0 0 1 0 0 0 0 156 0 0 0 42 0 57 0 0 0 0 0 0 0 103 0 0 0 0 0 0 0 0 0 0 0 0 0 0 0 30 0 0 0 0 0 0 0 0 0 0 0 0 0 0 0 0 0 0 0 0 200 0 0 0 0 178 0 0 0 0 0 0 0 0 0 181 0 0 134 0 0 0 0 144 0 0 0 0 0 0 0 0 0 10 45 
10 0 0 0 0 0 0 0 0 0 0 0 135 0 0 0 0 0 0 0 0 0 0 28 0 0 0 0 0 106 61 23 55 0 0 184 0 0 0 0 0 0 112 0 0 0 0 0 15 0 0 0 0 0 0 0 0 0 0 166 175 0 0 0 0 0 0 0 0 0 0 0 0 0 0 95 0 0 0 0 0 0 0 100 0 0 0 0 0 0 0 115 0 0 0 0 0 0 0 0 
0 0 0 0 0 0 0 0 0 0 162 0 0 0 0 0 0 0 0 0 0 0 36 0 68 100 0 0 0 0 0 0 0 0 0 0 0 0 0 0 0 112 0 0 0 0 143 0 0 0 0 0 0 101 0 0 0 0 0 0 0 0 31 0 0 30 0 0 0 25 0 0 0 0 0 65 0 166 0 0 0 0 0 169 0 0 0 0 0 125 0 0 0 164 0 0 0 0 0 0 
0 0 0 0 0 0 0 0 0 0 24 0 0 0 0 0 0 0 0 0 96 0 0 0 0 0 0 43 0 0 23 151 113 0 0 0 0 0 0 0 0 0 0 0 117 149 0 0 0 60 0 0 0 169 0 0 0 0 0 47 31 0 0 0 0 0 0 0 4 0 0 0 55 0 0 0 0 0 0 0 0 0 0 0 0 0 0 0 0 0 0 0 0 0 0 0 0 0 0 0 
0 0 68 148 0 0 0 0 0 0 0 0 0 0 152 50 0 0 0 0 0 0 0 0 0 20 0 84 0 0 0 0 0 0 0 128 0 0 0 0 30 0 0 117 0 0 0 0 0 123 0 0 0 0 0 44 0 0 0 181 0 0 0 0 0 0 0 0 0 0 0 11 0 0 0 0 0 0 0 0 0 0 0 0 0 0 10 0 0 0 0 0 0 0 0 190 0 0 0 0 
69 0 70 0 0 21 0 0 0 0 0 0 0 0 0 0 0 0 0 0 0 0 0 0 0 170 0 155 0 0 157 0 0 0 0 0 0 0 0 0 0 0 0 149 0 0 0 0 0 0 0 0 86 0 0 0 107 0 0 0 0 73 0 0 0 0 120 0 0 0 0 0 0 0 0 0 183 0 0 0 126 0 0 0 0 0 107 0 0 0 0 0 0 0 0 0 0 0 194 0 
0 0 0 0 0 0 0 0 39 0 0 0 0 0 0 0 0 0 0 0 0 0 0 0 0 0 0 84 0 0 0 0 0 0 0 0 186 0 0 45 0 0 143 0 0 0 0 0 0 0 0 0 0 0 0 0 0 0 0 0 171 0 0 82 167 0 0 0 0 0 0 0 0 0 0 0 0 127 0 0 0 0 106 0 0 0 0 0 56 0 109 0 0 0 179 0 181 0 0 0 
0 0 0 0 0 106 0 0 73 0 0 0 0 0 0 0 0 0 184 0 0 0 0 0 0 0 5 0 0 0 0 0 0 0 0 0 34 0 0 0 0 0 0 0 0 0 0 0 0 0 0 0 6 0 0 0 0 163 0 0 0 0 0 0 0 0 0 0 0 0 0 0 0 0 0 0 0 0 0 0 0 0 0 0 184 0 0 190 0 0 0 0 0 0 0 0 0 0 46 0 
0 0 0 0 127 0 0 19 99 0 0 0 0 0 0 0 0 0 64 198 0 0 0 0 0 0 0 0 0 0 0 0 0 0 0 0 10 0 0 0 0 15 0 0 0 0 0 0 0 0 0 0 0 0 84 0 0 0 0 0 200 0 0 0 0 0 0 0 0 158 0 0 139 0 0 0 0 0 0 0 126 0 0 0 0 0 0 3 0 0 0 0 0 0 63 0 0 42 0 0 
0 0 0 0 0 0 0 0 0 46 0 0 0 0 39 0 177 0 0 66 0 0 0 0 0 0 0 0 0 0 0 0 0 0 0 0 78 0 0 0 0 0 0 60 123 0 0 0 0 0 0 0 0 0 0 0 0 0 0 0 0 0 0 0 86 0 0 0 0 0 0 0 0 0 0 0 0 0 0 0 0 0 0 0 0 20 0 0 140 0 0 0 45 0 0 0 0 87 0 0 
7 110 44 0 0 100 0 0 0 133 0 0 0 0 0 0 0 0 0 0 0 0 0 148 0 0 0 0 0 0 0 0 0 0 0 188 0 0 0 0 0 0 0 0 0 0 0 0 0 0 0 0 0 0 0 0 0 0 32 0 0 0 75 90 0 178 0 0 0 0 0 0 0 0 0 0 0 0 0 0 0 0 0 0 0 0 0 0 0 158 0 96 0 0 0 0 0 0 0 0 
0 0 0 0 0 93 0 146 0 0 0 0 0 0 0 0 157 0 0 0 27 0 0 0 0 0 188 0 0 0 0 0 0 0 0 57 0 160 0 0 0 0 0 0 0 0 0 0 0 0 0 0 0 0 0 0 0 0 0 0 0 0 0 0 0 0 0 0 0 142 0 0 0 0 75 0 0 0 119 0 0 0 48 0 0 0 0 0 0 0 0 0 0 174 0 0 127 0 0 0 
0 0 0 0 11 0 21 0 0 123 0 0 0 0 0 37 0 0 0 0 0 0 0 0 0 0 0 0 0 0 110 184 0 0 0 0 0 0 0 0 0 0 0 0 0 86 0 6 0 0 0 0 0 0 0 0 0 0 0 0 66 0 0 0 78 94 0 0 0 0 0 0 0 0 0 115 0 25 0 0 0 0 113 0 0 51 0 0 0 0 0 0 0 0 0 0 0 0 0 0 
0 35 0 0 0 0 0 0 0 0 0 0 79 0 0 0 0 155 0 0 183 0 0 0 0 0 0 0 0 0 0 0 0 0 0 0 0 0 0 0 0 0 101 169 0 0 0 0 0 0 0 0 0 0 0 50 0 0 0 0 0 117 0 0 0 0 0 0 0 0 172 0 0 0 75 0 0 0 0 0 192 0 0 119 0 0 0 0 0 0 131 194 0 0 0 0 26 0 0 0 
0 0 0 0 0 22 0 0 0 0 0 0 20 0 0 0 0 0 0 0 0 0 0 0 0 0 0 0 0 0 0 0 134 0 0 0 0 145 0 0 0 0 0 0 0 0 0 0 84 0 0 0 0 0 0 0 0 0 55 0 0 0 179 0 101 0 0 166 0 0 0 190 0 129 0 0 0 0 0 0 0 0 0 0 0 89 0 175 0 27 0 0 0 0 0 0 0 0 0 65 
0 0 0 0 0 0 0 0 0 0 0 200 0 0 0 0 82 99 0 0 82 0 0 0 0 0 0 0 0 0 0 0 13 190 0 0 0 0 0 97 0 0 0 0 44 0 0 0 0 0 0 0 0 50 0 0 0 21 0 0 0 0 52 0 0 0 0 0 0 0 0 0 0 0 0 0 0 0 0 0 0 0 42 0 0 0 15 0 0 0 0 0 0 55 0 0 0 0 0 0 
0 0 0 0 7 0 0 0 0 0 0 0 0 85 0 0 0 0 0 0 148 0 0 0 0 0 0 0 0 0 0 0 0 0 0 121 0 0 0 0 0 0 0 0 0 107 0 0 0 0 0 0 0 0 0 0 0 0 0 0 0 0 0 0 36 0 0 181 0 0 112 64 40 0 0 0 0 0 0 116 0 0 83 0 0 0 36 0 85 0 108 0 0 0 0 0 0 0 0 0 
0 73 0 0 0 0 145 96 0 0 0 0 0 0 0 0 0 0 0 0 0 0 0 0 0 0 0 0 0 0 0 182 0 0 0 57 0 0 0 0 0 0 0 0 0 0 0 163 0 0 0 0 0 0 0 21 0 0 22 0 0 0 0 0 0 0 0 0 0 0 0 0 0 0 0 0 111 0 0 0 6 0 0 0 0 0 0 0 0 0 0 0 0 198 0 185 0 0 0 0 
0 0 0 137 0 0 0 0 0 0 0 0 0 0 0 0 0 0 39 0 0 0 0 0 0 0 0 0 0 0 95 0 0 0 0 0 0 0 0 79 0 0 0 0 0 0 0 0 0 0 32 0 0 0 55 0 0 22 0 74 0 0 0 12 0 0 0 0 0 0 0 47 0 0 0 0 121 0 0 0 0 157 0 126 0 0 0 0 0 0 0 0 0 0 0 0 0 0 0 98 
0 0 0 0 0 116 0 0 165 0 0 0 0 0 0 0 0 0 0 0 0 0 84 0 0 0 0 12 0 0 0 0 0 0 29 0 89 0 67 54 0 166 0 47 181 0 0 0 0 0 0 0 0 0 0 0 0 0 74 0 0 0 0 0 0 0 0 0 0 41 0 0 0 0 0 0 0 0 0 0 0 0 0 0 0 0 0 0 0 104 0 0 0 0 0 0 0 0 0 29 
0 0 0 0 0 0 0 0 0 0 0 0 0 0 0 0 0 0 0 21 0 0 0 0 19 0 0 0 115 0 0 0 0 0 0 0 0 0 0 0 0 175 0 31 0 0 171 0 200 0 0 0 66 0 0 0 0 0 0 0 0 0 0 0 0 156 0 180 0 0 0 0 0 0 0 0 112 0 0 180 0 0 0 0 0 0 0 0 0 0 0 0 0 0 0 0 0 125 97 0 
161 0 186 0 0 107 0 0 0 0 0 0 0 0 0 0 0 0 0 0 176 0 0 0 0 0 88 0 0 0 40 167 0 0 0 0 0 0 0 0 0 0 0 0 0 73 0 0 0 0 0 0 0 117 0 0 0 0 0 0 0 0 0 0 0 0 0 0 0 0 0 0 181 0 0 0 0 0 29 0 0 0 0 166 0 122 0 0 0 0 0 0 0 0 0 6 0 0 0 0 
0 0 0 0 0 0 0 0 0 0 0 0 0 0 0 0 0 0 0 27 0 86 0 0 0 0 0 0 0 0 0 0 0 0 0 0 0 0 172 0 0 0 31 0 0 0 0 0 0 0 75 0 0 0 179 52 0 0 0 0 0 0 0 0 0 0 0 0 0 0 0 0 0 0 0 0 51 0 172 0 0 0 0 155 0 0 0 40 0 0 192 0 0 0 0 0 0 0 0 0 
190 108 0 0 0 0 0 0 0 0 0 0 0 0 0 0 0 0 0 0 0 129 0 0 0 0 0 0 0 0 0 0 138 0 0 0 0 49 0 0 0 0 0 0 0 0 82 0 0 0 90 0 0 0 0 0 0 0 12 0 0 0 0 0 0 0 0 12 0 0 0 0 0 72 0 0 0 0 0 0 0 0 0 0 0 0 0 0 0 63 0 0 0 0 0 17 0 66 13 129 
0 0 0 0 0 0 0 0 84 0 0 0 104 0 0 0 0 0 0 0 0 0 99 0 0 0 0 0 0 0 0 0 0 0 0 0 0 0 0 0 0 0 0 0 0 0 167 0 0 86 0 0 78 0 101 0 36 0 0 0 0 0 0 0 0 0 0 0 3 0 0 0 0 0 50 0 0 0 0 0 0 0 0 0 0 0 0 0 0 159 2 0 7 0 66 0 0 0 41 0 
0 0 0 0 0 0 0 0 0 0 0 0 20 0 0 0 0 0 0 0 0 0 0 0 0 0 0 0 0 0 0 0 0 0 0 0 0 0 49 0 200 0 30 0 0 0 0 0 0 0 178 0 94 0 0 0 0 0 0 0 156 0 0 0 0 0 0 0 0 0 183 0 0 0 0 0 0 0 0 0 0 0 0 0 0 0 0 0 0 0 0 0 0 0 146 0 0 75 0 0 
0 0 0 89 0 0 0 0 0 0 0 55 172 0 0 0 0 0 0 0 0 0 184 0 0 0 0 0 0 149 0 0 0 0 0 0 0 0 0 0 0 0 0 0 0 120 0 0 0 0 0 0 0 0 0 0 0 0 0 0 0 0 0 0 0 0 0 62 0 59 0 0 0 110 0 0 0 0 0 0 0 0 0 0 0 0 0 0 143 0 49 0 0 0 0 0 0 122 0 68 
0 0 0 99 0 0 0 5 0 0 173 0 82 0 0 69 100 0 0 0 0 0 0 0 0 0 63 0 0 0 0 0 0 0 0 0 0 0 0 0 0 0 0 0 0 0 0 0 0 0 0 0 0 0 166 0 181 0 0 0 180 0 0 12 0 0 62 0 0 0 0 0 0 0 0 0 0 88 0 48 0 0 0 0 0 0 0 0 0 0 0 0 0 0 0 0 0 0 0 173 
0 0 0 0 0 0 0 0 0 0 0 110 0 136 0 0 0 13 140 0 0 102 0 163 0 0 0 0 0 0 0 0 0 0 0 0 85 125 0 0 0 0 0 4 0 0 0 0 0 0 0 0 0 0 0 0 0 0 0 0 0 0 0 0 3 0 0 0 0 0 0 129 0 0 0 0 0 0 0 0 0 0 0 170 0 16 0 7 0 0 0 0 0 0 155 0 0 0 0 0 
0 0 134 0 0 0 0 0 0 0 0 0 0 0 0 0 128 0 0 0 0 0 0 0 0 123 0 0 24 0 0 195 0 53 0 0 0 0 0 0 0 0 25 0 0 0 0 0 158 0 0 142 0 0 0 0 0 0 0 41 0 0 0 0 0 0 59 0 0 0 0 0 0 0 0 0 0 0 0 0 131 0 15 0 0 0 0 0 0 0 0 0 0 0 0 0 0 0 0 0 
0 0 0 0 0 0 0 0 0 0 0 107 0 0 0 0 0 0 0 0 0 0 0 73 0 0 71 0 0 0 106 0 193 0 0 0 69 0 0 141 178 0 0 0 0 0 0 0 0 0 0 0 0 172 0 0 112 0 0 0 0 0 0 0 0 183 0 0 0 0 0 0 0 0 0 0 0 0 0 14 0 0 83 0 0 0 0 0 0 0 0 106 0 0 135 0 0 0 0 0 
0 0 0 0 0 0 13 0 0 0 121 0 0 0 141 0 0 0 0 0 0 117 0 0 0 0 174 0 0 0 0 0 0 0 0 0 0 0 0 0 0 0 0 0 11 0 0 0 0 0 0 0 0 0 190 0 64 0 47 0 0 0 0 0 0 0 0 0 129 0 0 0 140 0 0 41 0 0 0 0 0 0 0 88 0 0 0 0 0 0 0 0 0 0 0 0 56 0 21 0 
59 0 0 0 0 0 0 0 0 0 0 0 0 0 0 0 0 0 0 0 165 0 0 0 0 0 0 0 0 0 0 0 125 0 0 0 0 0 166 0 0 0 0 55 0 0 0 0 139 0 0 0 0 0 0 0 40 0 0 0 0 181 0 0 0 0 0 0 0 0 0 140 0 0 0 0 0 0 0 0 0 0 0 0 0 0 0 0 0 0 0 0 0 0 0 0 0 0 0 0 
0 0 0 0 0 0 0 0 0 0 0 140 0 0 0 0 0 0 0 0 0 127 0 0 0 0 0 0 0 177 0 0 0 0 0 0 0 0 171 0 0 0 0 0 0 0 0 0 0 0 0 0 0 0 129 0 0 0 0 0 0 0 0 72 0 0 110 0 0 0 0 0 0 0 0 0 0 0 0 0 0 186 0 14 0 0 0 0 0 0 0 0 0 194 0 0 0 0 73 0 
0 0 0 0 0 0 0 0 0 181 0 0 0 0 0 0 0 34 81 0 0 0 105 49 0 0 0 0 0 0 0 0 0 0 0 0 0 0 0 0 0 0 0 0 0 0 0 0 0 0 0 75 0 75 0 0 0 0 0 0 0 0 0 0 50 0 0 0 0 0 0 0 0 0 0 140 11 0 0 0 0 0 0 0 0 0 0 0 0 78 10 0 6 0 0 0 0 0 0 0 
0 168 0 0 0 200 0 100 0 0 0 0 0 0 0 0 0 0 0 0 0 0 0 0 0 0 0 0 0 0 0 0 0 0 0 0 0 0 0 0 0 95 65 0 0 0 0 0 0 0 0 0 115 0 0 0 0 0 0 0 0 0 0 0 0 0 0 0 0 0 0 41 0 0 140 0 0 0 0 0 0 0 0 0 0 0 0 0 0 0 0 0 0 0 0 0 0 0 0 0 
0 0 0 0 20 0 0 0 0 0 0 0 101 0 0 0 0 0 0 0 0 0 0 126 0 0 0 106 0 0 29 0 0 0 0 0 0 0 0 10 0 0 0 0 0 183 0 0 0 0 0 0 0 0 0 0 0 111 121 0 112 0 51 0 0 0 0 0 0 0 0 0 0 0 11 0 0 0 0 0 0 0 0 0 0 0 0 126 0 0 0 0 0 0 0 0 0 94 0 0 
0 0 0 0 0 0 150 0 0 0 0 0 0 0 0 0 0 0 0 0 0 0 0 0 161 0 0 0 142 0 0 0 0 0 0 0 50 0 122 0 0 0 166 0 0 0 127 0 0 0 0 0 25 0 0 0 0 0 0 0 0 0 0 0 0 0 0 88 0 0 0 0 0 0 0 0 0 0 0 23 0 0 2 0 0 0 0 0 117 0 0 0 0 0 0 0 0 0 0 0 
0 0 0 0 0 0 0 0 54 0 0 129 0 88 0 0 0 0 0 0 73 0 30 0 0 0 0 128 0 0 0 0 177 0 0 0 0 0 0 155 0 0 0 0 0 0 0 0 0 0 0 119 0 0 0 0 0 0 0 0 0 29 172 0 0 0 0 0 0 0 0 0 0 0 0 0 0 0 0 0 0 0 0 0 0 0 0 0 0 0 0 0 0 0 0 0 0 0 0 0 
138 0 0 0 0 0 0 0 0 0 0 0 0 58 0 0 0 0 0 0 0 0 0 0 0 0 0 0 0 0 0 0 0 0 0 0 0 0 0 0 0 0 0 0 0 0 0 0 0 0 0 0 0 0 0 0 116 0 0 0 180 0 0 0 0 0 0 48 0 0 14 0 0 0 0 0 0 23 0 0 0 0 135 0 0 0 0 0 0 0 0 0 0 79 39 0 0 0 178 0 
0 0 0 0 0 0 0 0 0 0 0 0 0 162 0 0 0 173 0 0 0 0 0 0 0 0 0 0 0 0 0 0 0 0 49 0 0 181 196 0 181 0 0 0 0 126 0 0 126 0 0 0 0 192 0 0 0 6 0 0 0 0 0 0 0 0 0 0 0 131 0 0 0 0 0 0 0 0 0 0 0 0 136 0 0 0 0 0 0 0 0 0 60 137 0 0 0 0 139 0 
50 0 0 46 0 0 0 0 0 0 0 0 0 0 0 0 0 0 0 110 0 0 0 0 0 0 15 0 0 0 0 0 0 0 0 0 0 0 0 195 0 0 0 0 0 0 0 0 0 0 0 0 0 0 0 0 0 0 157 0 0 0 0 0 0 0 0 0 0 0 0 0 0 186 0 0 0 0 0 0 0 0 0 0 0 143 0 0 0 0 0 0 165 0 7 0 0 0 0 0 
0 0 0 0 0 0 0 0 0 0 179 0 0 0 0 0 0 0 0 0 0 0 0 0 0 127 0 0 0 0 0 0 0 0 34 0 35 0 0 0 0 0 0 0 0 0 106 0 0 0 0 48 113 0 0 42 83 0 0 0 0 0 0 0 0 0 0 0 0 15 83 0 0 0 0 0 0 2 0 135 136 0 0 0 0 0 0 0 0 0 0 0 114 0 0 0 0 0 0 0 
0 0 161 0 0 0 0 0 0 0 0 0 0 0 0 0 0 0 0 0 0 0 0 109 84 0 0 0 0 67 0 0 0 58 0 0 0 0 0 0 134 100 169 0 0 0 0 0 0 0 0 0 0 119 0 0 0 0 126 0 0 166 155 0 0 0 0 0 170 0 0 88 0 14 0 0 0 0 0 0 0 0 0 0 0 0 0 0 0 0 0 0 0 0 0 0 0 0 0 0 
0 0 123 0 0 0 118 0 0 0 32 72 0 132 0 0 0 0 0 0 0 0 0 0 0 0 25 0 169 0 0 0 0 90 0 0 0 0 71 0 0 0 0 0 0 0 0 184 0 0 0 0 0 0 0 0 0 0 0 0 0 0 0 0 0 0 0 0 0 0 0 0 0 0 0 0 0 0 0 0 0 0 0 0 0 0 103 0 0 196 45 0 0 0 0 0 0 67 0 101 
0 0 0 0 0 0 196 0 0 44 0 0 0 0 0 0 0 52 0 0 0 0 0 0 169 0 0 0 55 0 0 0 0 65 0 0 0 0 0 0 0 0 0 0 0 0 0 0 0 20 0 0 51 0 89 0 0 0 0 0 0 122 0 0 0 0 0 0 16 0 0 0 0 0 0 0 0 0 0 0 0 143 0 0 0 0 0 0 0 0 124 0 0 0 0 0 0 172 0 0 
0 163 131 0 0 0 0 0 0 0 0 0 0 0 0 0 0 0 0 0 0 0 0 0 90 0 0 0 111 147 0 0 0 0 0 0 0 0 0 0 0 0 0 0 10 107 0 0 0 0 0 0 0 0 0 15 36 0 0 0 0 0 0 0 0 0 0 0 0 0 0 0 0 0 0 0 0 0 0 0 0 0 0 0 103 0 0 190 0 0 0 135 0 0 0 0 0 0 0 0 
0 0 0 0 82 0 0 23 0 0 133 0 0 0 0 61 0 0 0 0 167 0 0 0 0 0 0 0 73 0 0 0 0 185 0 0 0 0 0 0 0 0 0 0 0 0 0 190 3 0 0 0 0 0 175 0 0 0 0 0 0 0 40 0 0 0 0 0 7 0 0 0 0 0 0 0 126 0 0 0 0 0 0 0 0 0 190 0 0 0 0 0 0 0 0 0 184 0 0 0 
0 0 0 0 0 0 0 0 164 0 0 0 0 0 0 2 0 0 0 0 0 0 0 0 0 159 0 0 0 0 0 117 0 0 0 0 0 0 0 0 144 0 0 0 0 0 56 0 0 140 0 0 0 0 0 0 85 0 0 0 0 0 0 0 0 0 143 0 0 0 0 0 0 0 0 0 0 117 0 0 0 0 0 0 0 0 0 0 0 0 0 0 0 0 0 0 0 0 0 0 
0 0 0 31 0 0 0 0 0 0 0 0 0 0 76 0 0 0 135 0 64 0 0 0 0 0 0 0 0 0 30 0 140 0 0 0 0 0 0 0 0 0 125 0 0 0 0 0 0 0 158 0 0 0 27 0 0 0 0 104 0 0 0 63 159 0 0 0 0 0 0 0 0 0 78 0 0 0 0 0 0 0 0 0 196 0 0 0 0 0 0 0 0 0 26 0 0 0 0 0 
0 0 0 0 0 0 0 0 0 0 0 0 0 0 0 0 0 0 0 0 0 0 1 0 0 0 0 0 41 0 68 0 0 0 0 0 0 0 0 0 0 0 0 0 0 0 109 0 0 0 0 0 0 131 0 0 108 0 0 0 0 0 192 0 2 0 49 0 0 0 0 0 0 0 10 0 0 0 0 0 0 0 0 0 45 124 0 0 0 0 0 0 0 0 0 0 57 0 79 0 
0 0 0 55 0 0 37 0 0 0 0 0 0 79 0 0 0 0 0 83 169 0 0 0 0 0 187 0 0 0 0 0 0 0 0 4 0 0 0 0 0 115 0 0 0 0 0 0 0 0 96 0 0 194 0 0 0 0 0 0 0 0 0 0 0 0 0 0 0 0 106 0 0 0 0 0 0 0 0 0 0 0 0 0 0 0 135 0 0 0 0 0 0 49 17 0 0 0 0 151 
0 0 0 0 161 0 0 0 0 0 0 87 0 0 0 0 116 0 0 0 0 0 0 0 0 0 0 0 0 0 0 0 0 0 0 0 0 0 0 0 0 0 0 0 0 0 0 0 0 45 0 0 0 0 0 0 0 0 0 0 0 0 0 0 7 0 0 0 0 0 0 0 0 0 6 0 0 0 0 0 60 165 114 0 0 0 0 0 0 0 0 0 0 80 0 0 0 112 0 0 
0 0 0 0 0 0 0 0 0 0 0 0 0 0 0 0 0 0 0 0 0 0 2 67 0 0 39 0 0 0 0 0 0 0 0 0 117 0 0 0 0 0 164 0 0 0 0 0 0 0 0 174 0 0 0 55 0 198 0 0 0 0 0 0 0 0 0 0 0 0 0 0 0 194 0 0 0 0 0 79 137 0 0 0 0 0 0 0 0 0 0 49 80 0 0 47 0 80 0 0 
0 0 0 0 0 0 0 0 0 0 197 0 0 0 0 46 96 0 66 0 0 0 0 0 0 0 0 0 0 0 0 0 0 0 0 0 0 0 0 0 0 0 0 0 0 0 179 0 63 0 0 0 0 0 0 0 0 0 0 0 0 0 0 0 66 146 0 0 155 0 135 0 0 0 0 0 0 0 0 39 0 7 0 0 0 0 0 0 0 26 0 17 0 0 0 0 0 0 165 0 
0 0 121 0 0 0 0 0 97 0 0 0 0 0 0 0 0 0 167 0 0 0 0 0 173 0 0 0 0 0 0 0 64 0 0 0 0 0 0 0 0 0 0 0 190 0 0 0 0 0 0 0 0 0 0 0 0 185 0 0 0 6 0 17 0 0 0 0 0 0 0 0 0 0 0 0 0 0 0 0 0 0 0 0 0 0 0 0 0 0 0 0 0 47 0 0 0 0 0 0 
0 0 0 0 0 0 0 0 0 0 0 0 0 0 0 0 0 0 0 0 0 0 0 0 0 0 0 0 0 0 0 79 0 0 0 0 0 0 0 0 0 0 0 0 0 0 181 0 0 0 0 127 0 26 0 0 0 0 0 0 0 0 0 0 0 0 0 0 0 0 0 56 0 0 0 0 0 0 0 0 0 0 0 0 0 0 0 184 0 0 57 0 0 0 0 0 0 0 0 0 
0 0 0 0 42 0 0 0 0 0 0 0 119 0 0 0 0 0 0 0 0 0 0 0 0 0 0 0 109 0 0 0 0 0 0 0 0 0 31 0 0 0 0 0 0 0 0 0 42 87 0 0 0 0 0 0 0 0 0 0 125 0 0 66 0 75 122 0 0 0 0 0 0 0 0 0 94 0 0 0 0 0 0 0 67 172 0 0 0 0 0 0 112 80 0 0 0 0 0 0 
0 0 0 0 0 0 0 0 0 0 0 0 0 0 0 0 0 0 0 0 0 0 0 0 0 17 0 0 18 0 0 0 0 0 0 0 0 0 0 99 10 0 0 0 0 194 0 46 0 0 0 0 0 0 0 0 0 0 0 0 97 0 0 13 41 0 0 0 0 0 0 21 0 73 0 0 0 0 0 178 139 0 0 0 0 0 0 0 0 0 79 0 0 0 165 0 0 0 0 0 
0 0 0 0 0 0 0 0 0 0 163 0 0 0 0 0 0 0 151 0 0 192 0 0 55 12 0 0 0 0 0 0 0 0 0 108 0 0 0 0 45 0 0 0 0 0 0 0 0 0 0 0 0 0 65 0 0 0 98 29 0 0 0 129 0 0 68 173 0 0 0 0 0 0 0 0 0 0 0 0 0 0 0 0 101 0 0 0 0 0 0 151 0 0 0 0 0 0 0 0 
