0 0 0 0 0 0 0 0 0 0 63 0 0 0 0 0 0 0 0 0 0 69 0 71 0 0 0 142 0 0 0 0 71 0 0 0 0 0 16 0 0 0 0 0 0 0 0 0 0 0 0 0 0 0 103 0 0 0 0 0 0 108 0 0 0 54 0 0 0 0 113 0 39 0 0 0 0 3 0 88 0 0 0 0 0 0 0 0 9 0 0 0 0 0 0 0 45 0 0 0 
0 0 0 133 0 0 0 135 0 0 0 0 0 0 0 0 0 32 0 0 0 0 0 0 0 0 0 0 0 0 104 0 0 0 0 0 81 67 0 0 0 0 0 0 0 0 0 0 0 0 0 0 0 0 0 0 0 0 132 0 0 0 0 0 0 0 0 0 0 0 0 0 0 0 0 0 0 0 0 0 72 0 0 0 0 0 0 0 21 0 0 0 0 0 4 0 73 0 0 0 
0 0 0 0 0 0 0 0 0 0 0 0 0 0 0 0 2 0 119 0 0 80 0 0 0 123 0 0 0 0 0 67 0 0 0 0 0 0 0 49 80 0 0 0 27 0 0 0 22 0 0 0 0 0 55 0 0 0 0 0 0 0 0 0 0 0 0 0 0 0 0 0 0 0 142 0 0 0 0 0 46 0 0 0 0 0 0 9 0 0 0 0 18 0 0 0 0 50 0 0 
0 133 0 0 0 0 0 0 0 0 93 0 0 0 0 0 0 0 105 0 0 6 0 137 0 0 0 0 0 65 0 0 6 0 0 0 0 0 0 0 101 104 0 0 0 0 0 0 0 0 0 0 0 0 0 0 0 17 0 0 0 0 0 0 142 0 0 0 0 0 0 0 0 0 0 0 0 0 0 0 0 60 0 0 0 0 0 0 26 0 0 0 0 16 0 0 0 0 0 15 
0 0 0 0 0 0 0 0 0 83 0 0 0 0 0 0 46 0 0 0 99 0 69 0 0 0 0 0 0 0 0 0 0 0 0 0 0 0 0 0 0 119 16 69 0 0 0 0 0 140 60 0 0 0 0 38 0 0 0 0 0 0 0 0 0 0 0 0 0 0 0 0 0 46 11 0 0 0 0 0 0 0 0 0 0 0 0 0 0 0 0 0 0 0 0 0 0 0 0 0 
0 0 0 0 0 0 0 138 0 0 0 0 0 0 0 0 0 0 0 79 0 0 0 0 0 0 0 0 0 124 0 0 0 0 0 24 0 59 0 0 0 0 78 0 0 0 0 0 0 0 0 0 0 0 0 0 0 5 0 0 149 0 0 0 0 0 0 0 0 0 0 0 0 0 0 0 68 140 135 0 0 5 0 0 0 0 0 49 0 0 11 0 81 0 0 0 0 0 0 0 
0 0 0 0 0 0 0 0 0 0 26 0 66 0 109 0 0 0 0 0 0 0 0 0 0 0 0 0 0 0 0 0 0 0 0 0 0 0 132 106 0 0 0 0 0 62 0 0 0 15 0 0 0 0 0 0 0 0 0 0 0 143 0 96 42 123 0 0 0 0 148 119 0 0 0 0 0 0 0 0 0 0 0 0 0 127 0 0 0 0 0 0 138 0 0 0 0 0 0 0 
0 135 0 0 0 138 0 0 0 0 0 0 0 0 0 0 0 0 0 0 0 0 95 0 87 0 0 0 0 0 117 82 0 0 0 0 68 0 0 0 0 71 0 0 0 0 0 0 0 0 0 0 0 0 0 0 0 0 0 0 0 0 0 0 0 0 43 0 0 0 0 0 0 0 0 0 0 0 118 0 55 0 0 0 86 0 0 0 0 0 0 0 0 63 0 0 0 0 68 0 
0 0 0 0 0 0 0 0 0 0 0 0 0 0 0 0 0 0 0 0 0 0 0 102 0 0 0 0 98 0 0 0 0 0 143 0 0 0 0 0 0 0 0 22 0 0 0 0 0 0 0 0 82 71 0 0 0 0 0 0 64 140 0 0 0 52 0 0 0 0 0 0 0 0 0 0 0 0 0 0 0 0 0 0 0 0 0 0 0 0 0 50 0 0 0 0 0 13 0 0 
0 0 0 0 83 0 0 0 0 0 149 0 0 0 0 0 0 0 68 0 0 0 137 0 0 126 0 0 0 0 0 0 0 0 0 0 0 0 0 0 0 0 0 0 0 0 0 98 0 0 105 0 89 0 0 0 0 0 0 0 0 0 0 0 112 0 0 0 0 0 0 0 0 0 0 34 0 0 0 0 0 0 0 0 0 74 86 43 0 0 0 0 0 0 0 0 0 108 139 0 
63 0 0 93 0 0 26 0 0 149 0 0 0 0 0 0 0 0 0 0 0 0 0 0 0 0 0 0 0 0 0 0 0 0 0 48 0 0 0 0 0 0 0 0 0 0 0 0 0 0 0 0 0 0 0 0 0 0 0 0 0 0 0 0 0 0 0 0 0 76 19 37 0 57 0 0 0 56 0 0 0 0 0 0 0 98 0 0 0 0 0 0 0 86 0 0 0 0 0 0 
0 0 0 0 0 0 0 0 0 0 0 0 0 0 0 0 0 0 0 0 0 0 0 0 0 0 0 0 0 0 17 0 0 0 116 0 7 0 0 0 0 0 0 0 0 0 0 0 0 0 118 0 0 129 0 0 0 0 0 0 10 0 0 49 0 0 0 0 0 0 0 0 0 0 2 43 0 0 0 0 0 0 0 0 0 0 145 29 0 0 107 0 0 0 7 0 0 0 0 94 
0 0 0 0 0 0 66 0 0 0 0 0 0 0 0 0 0 44 0 0 0 0 0 0 0 0 0 0 0 0 0 0 0 0 0 0 0 81 87 0 0 0 0 0 0 0 0 0 0 0 5 0 0 0 68 117 0 0 0 26 68 0 0 0 0 0 0 6 0 0 0 0 0 0 0 6 0 0 0 0 0 0 0 0 0 0 3 0 0 0 0 0 0 0 88 139 0 64 0 0 
0 0 0 0 0 0 0 0 0 0 0 0 0 0 0 0 0 0 0 81 0 104 0 0 0 0 0 0 0 0 0 0 0 0 0 0 108 0 0 0 0 0 142 0 0 0 0 0 0 0 0 139 0 0 0 0 0 124 0 23 0 107 34 0 0 17 0 0 0 0 0 0 0 0 0 0 0 0 0 0 0 91 0 0 0 0 0 0 0 0 0 0 0 0 0 33 71 0 0 0 
0 0 0 0 0 0 109 0 0 0 0 0 0 0 0 0 0 0 0 128 0 0 0 0 0 0 0 0 0 118 0 0 0 128 0 0 0 0 0 0 0 0 0 0 0 102 63 0 69 0 0 0 0 0 0 114 0 0 60 0 92 0 0 0 0 0 0 64 60 20 0 0 0 0 0 0 0 115 0 0 0 0 0 0 0 0 0 0 0 0 0 0 15 0 0 0 0 0 0 0 
0 0 0 0 0 0 0 0 0 0 0 0 0 0 0 0 0 40 0 0 0 0 0 0 3 0 0 0 0 0 0 0 0 0 0 0 0 121 0 17 0 0 0 0 0 0 0 0 0 0 0 27 0 0 0 0 64 0 0 0 0 0 33 106 0 0 0 101 0 0 0 0 0 129 95 0 114 0 0 0 92 0 0 0 0 0 0 30 0 0 0 0 0 0 0 0 0 3 0 0 
0 0 2 0 46 0 0 0 0 0 0 0 0 0 0 0 0 0 0 0 0 0 0 31 119 0 0 0 0 0 0 0 0 0 91 0 0 0 69 0 0 0 134 0 0 0 0 0 0 0 0 0 0 0 0 0 132 0 0 0 0 0 0 0 0 93 100 0 0 54 0 136 0 83 0 0 0 76 0 0 0 0 0 0 0 0 0 7 0 0 0 0 0 0 0 0 0 0 0 0 
0 32 0 0 0 0 0 0 0 0 0 0 44 0 0 40 0 0 0 0 0 0 0 0 0 89 0 0 27 0 0 0 0 0 0 0 0 0 0 0 0 0 3 0 0 0 138 0 0 0 0 0 0 0 0 108 0 0 0 0 0 0 13 0 0 0 95 0 0 0 0 0 115 0 0 129 0 0 150 0 0 0 0 0 0 0 0 0 0 0 0 0 0 0 0 0 119 35 0 0 
0 0 119 105 0 0 0 0 0 68 0 0 0 0 0 0 0 0 0 0 0 0 0 0 84 0 0 0 0 0 0 0 139 0 0 0 0 0 0 0 0 0 0 0 0 0 0 0 50 0 0 0 0 0 0 79 0 0 0 0 0 0 0 0 0 0 0 0 0 0 0 0 0 0 0 0 0 0 0 0 0 0 0 0 0 0 0 0 0 0 0 0 0 0 0 97 0 0 0 0 
0 0 0 0 0 79 0 0 0 0 0 0 0 81 128 0 0 0 0 0 0 0 0 0 0 0 0 0 0 0 0 0 106 0 0 0 0 0 0 0 0 0 0 0 0 0 42 0 0 0 0 0 0 140 0 0 45 0 0 0 0 0 0 46 0 0 0 0 0 0 130 0 0 0 0 0 0 0 0 0 16 59 0 0 0 0 0 0 66 0 0 72 0 0 0 0 0 48 0 0 
0 0 0 0 99 0 0 0 0 0 0 0 0 0 0 0 0 0 0 0 0 0 0 0 0 0 0 7 0 0 0 0 81 0 0 0 0 0 0 61 0 136 0 0 0 0 0 0 0 92 0 0 102 0 0 0 0 0 0 0 87 0 0 0 0 0 0 0 0 0 0 0 0 0 0 0 0 0 0 82 0 48 0 0 0 67 0 0 0 0 0 0 0 0 0 0 0 0 0 0 
69 0 80 6 0 0 0 0 0 0 0 0 0 104 0 0 0 0 0 0 0 0 0 0 0 0 0 108 0 0 0 0 0 0 110 0 0 0 0 91 0 138 0 0 0 0 0 38 0 0 0 0 0 0 0 0 0 0 0 0 0 0 0 0 0 110 0 0 0 21 0 0 0 0 0 0 0 0 0 0 0 0 0 0 0 0 0 0 0 0 0 0 0 0 0 0 0 0 0 0 
0 0 0 0 69 0 0 95 0 137 0 0 0 0 0 0 0 0 0 0 0 0 0 0 0 0 0 0 0 0 0 0 0 0 0 0 0 0 0 0 0 0 71 0 0 30 0 0 56 102 112 0 0 0 0 0 7 38 0 0 0 120 28 0 0 0 0 0 0 0 0 0 0 0 101 0 0 0 0 0 110 0 0 0 0 0 0 0 0 0 0 0 0 0 0 0 0 0 0 0 
71 0 0 137 0 0 0 0 102 0 0 0 0 0 0 0 31 0 0 0 0 0 0 0 102 0 0 0 0 0 48 0 0 0 0 0 0 0 0 0 140 0 0 0 0 0 0 0 6 0 0 0 0 0 59 0 0 0 0 0 0 0 46 59 0 0 0 0 120 0 72 0 0 0 0 0 0 0 2 0 0 0 0 0 135 0 0 0 0 0 0 0 0 0 0 0 0 0 0 0 
0 0 0 0 0 0 0 87 0 0 0 0 0 0 0 3 119 0 84 0 0 0 0 102 0 51 0 0 0 0 0 0 0 90 0 0 0 0 0 0 0 0 0 0 0 0 0 0 0 0 109 0 0 0 0 0 0 20 0 0 0 0 0 0 75 0 0 77 0 0 0 0 0 0 0 0 0 83 0 0 0 0 0 0 0 0 0 0 0 17 0 0 83 0 0 0 0 59 0 0 
0 0 123 0 0 0 0 0 0 126 0 0 0 0 0 0 0 89 0 0 0 0 0 0 51 0 0 138 0 0 0 0 0 101 0 0 0 0 30 0 0 0 0 0 0 106 0 46 0 0 0 0 0 0 0 0 0 0 0 47 0 0 0 0 0 0 0 0 0 0 59 0 0 0 0 33 0 0 0 0 2 0 0 0 0 0 0 0 140 0 0 0 0 150 0 0 0 0 0 0 
0 0 0 0 0 0 0 0 0 0 0 0 0 0 0 0 0 0 0 0 0 0 0 0 0 0 0 0 0 124 27 0 0 0 0 85 0 61 0 0 0 0 0 0 0 29 0 0 11 64 0 0 0 62 0 0 134 0 0 0 0 0 0 23 0 0 0 0 0 0 0 0 0 0 0 0 0 0 0 81 0 0 0 132 0 0 0 0 0 0 0 0 3 0 108 0 0 0 98 0 
142 0 0 0 0 0 0 0 0 0 0 0 0 0 0 0 0 0 0 0 7 108 0 0 0 138 0 0 6 0 0 0 0 0 0 0 0 0 0 0 0 0 0 0 0 60 0 0 0 0 0 0 0 0 0 0 0 0 0 0 0 41 145 0 110 0 0 0 0 0 0 0 0 0 0 0 31 0 57 0 0 27 0 0 0 0 0 0 35 0 0 0 0 61 0 42 0 0 0 0 
0 0 0 0 0 0 0 0 98 0 0 0 0 0 0 0 0 27 0 0 0 0 0 0 0 0 0 6 0 0 0 0 0 0 0 0 22 0 107 0 0 0 0 0 121 0 0 0 0 0 0 0 139 0 0 0 0 0 0 0 0 0 0 0 0 0 0 0 0 0 0 0 0 0 48 0 0 0 0 81 0 0 0 0 0 0 0 0 146 0 0 0 0 0 0 39 0 0 0 0 
0 0 0 65 0 124 0 0 0 0 0 0 0 0 118 0 0 0 0 0 0 0 0 0 0 0 124 0 0 0 0 55 0 0 0 0 19 0 0 0 0 0 13 0 0 0 0 16 0 0 0 106 0 0 75 0 0 0 0 0 0 0 0 0 0 0 0 0 0 123 0 0 0 0 0 0 0 66 126 0 0 0 0 0 0 133 0 0 0 0 0 0 0 0 0 0 0 0 30 0 
0 104 0 0 0 0 0 117 0 0 0 17 0 0 0 0 0 0 0 0 0 0 0 48 0 0 27 0 0 0 0 0 0 0 0 0 0 0 0 0 0 1 0 0 0 0 0 0 0 137 0 0 0 0 0 0 84 0 0 119 0 0 0 0 0 0 0 0 0 0 0 7 0 0 0 0 6 0 74 0 0 0 0 0 145 0 0 0 0 0 85 101 0 0 0 0 0 0 0 0 
0 0 67 0 0 0 0 82 0 0 0 0 0 0 0 0 0 0 0 0 0 0 0 0 0 0 0 0 0 55 0 0 0 0 0 0 0 0 0 0 0 0 0 0 0 0 0 0 0 0 0 0 0 0 0 103 0 0 0 0 0 25 0 0 10 0 0 136 137 0 0 0 0 0 0 0 0 0 0 0 0 30 0 0 0 0 0 0 0 0 0 0 0 0 0 0 0 0 51 0 
71 0 0 6 0 0 0 0 0 0 0 0 0 0 0 0 0 0 139 106 81 0 0 0 0 0 0 0 0 0 0 0 0 0 76 0 0 0 0 0 62 0 0 0 0 0 0 0 0 0 0 0 0 18 0 134 0 0 0 0 0 0 0 0 0 0 0 31 0 0 0 0 0 0 0 0 0 0 0 0 0 0 108 0 0 0 29 0 0 0 116 0 0 0 40 147 0 0 0 0 
0 0 0 0 0 0 0 0 0 0 0 0 0 0 128 0 0 0 0 0 0 0 0 0 90 101 0 0 0 0 0 0 0 0 0 0 0 0 0 60 0 0 0 0 0 0 0 73 0 0 0 0 0 0 0 0 1 0 0 0 143 2 0 0 0 0 6 0 0 0 22 0 0 0 129 0 0 76 4 63 0 0 0 0 0 0 0 0 0 33 0 0 0 0 0 0 0 0 0 0 
0 0 0 0 0 0 0 0 143 0 0 116 0 0 0 0 91 0 0 0 0 110 0 0 0 0 0 0 0 0 0 0 76 0 0 0 21 0 0 0 0 0 0 0 0 59 0 0 0 0 0 0 93 0 0 0 0 0 0 0 0 0 0 0 0 0 0 0 62 0 0 0 0 0 0 0 0 0 0 0 0 0 0 0 0 0 0 0 0 0 41 0 0 139 116 0 0 0 0 0 
0 0 0 0 0 24 0 0 0 0 48 0 0 0 0 0 0 0 0 0 0 0 0 0 0 0 85 0 0 0 0 0 0 0 0 0 0 0 0 0 0 0 0 0 0 0 0 66 0 22 0 0 0 50 0 0 0 0 0 0 0 0 0 0 0 0 0 0 0 147 14 0 0 0 0 0 0 0 0 0 0 0 0 0 0 0 0 0 0 0 0 0 0 0 0 59 0 0 0 0 
0 81 0 0 0 0 0 68 0 0 0 7 0 108 0 0 0 0 0 0 0 0 0 0 0 0 0 0 22 19 0 0 0 0 21 0 0 0 0 0 0 0 0 0 0 0 0 0 0 0 0 0 11 0 0 0 0 0 0 0 0 0 0 114 0 0 109 0 0 0 0 0 0 0 0 0 0 0 0 79 0 0 0 0 0 0 0 0 129 0 91 0 0 0 0 0 60 0 0 88 
0 67 0 0 0 59 0 0 0 0 0 0 81 0 0 121 0 0 0 0 0 0 0 0 0 0 61 0 0 0 0 0 0 0 0 0 0 0 0 118 33 0 0 0 0 0 0 0 0 133 0 0 0 0 0 0 0 0 0 0 0 0 0 0 71 0 0 0 0 0 0 0 0 0 0 134 0 0 0 21 0 12 0 38 0 0 52 0 0 125 0 0 0 0 0 0 0 0 0 0 
16 0 0 0 0 0 132 0 0 0 0 0 87 0 0 0 69 0 0 0 0 0 0 0 0 30 0 0 107 0 0 0 0 0 0 0 0 0 0 0 0 0 107 0 0 0 1 0 0 0 0 0 0 0 0 0 0 0 0 0 0 0 0 0 0 12 45 0 0 0 0 0 95 0 0 0 0 0 78 0 83 0 16 0 0 0 0 0 0 0 0 0 0 0 109 0 0 0 0 0 
0 0 49 0 0 0 106 0 0 0 0 0 0 0 0 17 0 0 0 0 61 91 0 0 0 0 0 0 0 0 0 0 0 60 0 0 0 118 0 0 0 0 17 0 0 0 0 0 0 0 0 0 0 0 0 0 0 0 0 0 0 0 0 0 0 0 101 0 111 0 0 0 0 0 0 0 0 0 0 0 0 0 0 0 0 0 0 0 0 0 0 0 0 4 0 0 0 0 0 0 
0 0 80 101 0 0 0 0 0 0 0 0 0 0 0 0 0 0 0 0 0 0 0 140 0 0 0 0 0 0 0 0 62 0 0 0 0 33 0 0 0 0 0 0 0 0 0 0 0 0 0 0 0 130 0 0 0 0 0 0 0 0 0 0 0 0 0 0 22 0 0 0 0 149 2 0 0 13 0 0 0 148 99 0 0 127 0 0 0 134 0 0 0 0 0 50 0 0 0 0 
0 0 0 104 119 0 0 71 0 0 0 0 0 0 0 0 0 0 0 0 136 138 0 0 0 0 0 0 0 0 1 0 0 0 0 0 0 0 0 0 0 0 0 0 0 0 0 0 0 0 0 0 0 0 0 0 0 39 0 0 0 0 0 109 0 0 0 0 0 0 0 0 0 0 0 46 0 0 0 0 0 0 0 0 0 0 0 0 0 0 0 0 0 144 0 0 0 0 0 0 
0 0 0 0 16 78 0 0 0 0 0 0 0 142 0 0 134 3 0 0 0 0 71 0 0 0 0 0 0 13 0 0 0 0 0 0 0 0 107 17 0 0 0 0 112 0 0 0 0 0 0 0 0 0 0 0 0 26 0 0 0 0 0 0 0 0 63 0 0 0 0 0 0 0 68 0 0 0 0 144 0 0 0 0 0 0 0 0 0 0 0 0 0 0 0 0 0 5 0 0 
0 0 0 0 69 0 0 0 22 0 0 0 0 0 0 0 0 0 0 0 0 0 0 0 0 0 0 0 0 0 0 0 0 0 0 0 0 0 0 0 0 0 0 0 0 0 0 131 0 0 0 46 0 0 0 0 0 0 0 104 0 0 0 0 0 0 0 0 0 0 0 0 0 0 0 0 0 0 0 0 0 0 0 0 0 0 0 0 0 0 68 127 0 17 0 0 0 0 0 0 
0 0 27 0 0 0 0 0 0 0 0 0 0 0 0 0 0 0 0 0 0 0 0 0 0 0 0 0 121 0 0 0 0 0 0 0 0 0 0 0 0 0 112 0 0 78 0 0 0 0 0 0 0 0 0 0 0 0 0 0 92 0 0 142 0 104 0 0 0 0 0 0 68 0 0 0 0 0 15 0 0 0 0 0 0 0 12 148 0 44 0 0 0 0 0 0 0 103 0 0 
0 0 0 0 0 0 62 0 0 0 0 0 0 0 102 0 0 0 0 0 0 0 30 0 0 106 29 60 0 0 0 0 0 0 59 0 0 0 0 0 0 0 0 0 78 0 0 0 147 0 0 0 0 43 56 0 0 136 0 0 0 0 0 0 0 0 0 0 0 0 0 0 0 0 0 0 0 0 0 0 0 134 0 0 0 0 0 0 0 0 107 0 0 0 0 0 30 0 0 0 
0 0 0 0 0 0 0 0 0 0 0 0 0 0 63 0 0 138 0 42 0 0 0 0 0 0 0 0 0 0 0 0 0 0 0 0 0 0 1 0 0 0 0 0 0 0 0 0 0 0 0 105 0 0 0 0 0 0 0 0 105 70 0 0 0 0 0 0 0 147 0 0 0 0 0 0 0 118 0 0 0 0 0 0 0 78 0 0 0 0 0 0 125 0 0 0 0 0 0 0 
0 0 0 0 0 0 0 0 0 98 0 0 0 0 0 0 0 0 0 0 0 38 0 0 0 46 0 0 0 16 0 0 0 73 0 66 0 0 0 0 0 0 0 131 0 0 0 0 0 0 0 80 99 0 0 0 20 0 0 0 94 0 0 0 0 0 99 0 0 0 0 0 0 0 0 0 118 0 0 0 0 0 0 0 0 0 0 0 2 0 0 0 0 0 48 0 0 0 0 0 
0 0 22 0 0 0 0 0 0 0 0 0 0 0 69 0 0 0 50 0 0 0 56 6 0 0 11 0 0 0 0 0 0 0 0 0 0 0 0 0 0 0 0 0 0 147 0 0 0 0 0 0 0 0 0 147 0 0 0 0 0 44 0 0 0 0 105 0 0 11 0 0 0 0 0 0 0 0 0 0 0 0 106 0 0 34 0 130 0 47 0 0 0 0 0 0 0 0 0 0 
0 0 0 0 140 0 15 0 0 0 0 0 0 0 0 0 0 0 0 0 92 0 102 0 0 0 64 0 0 0 137 0 0 0 0 22 0 133 0 0 0 0 0 0 0 0 0 0 0 0 0 0 0 0 0 146 0 0 0 121 0 0 0 0 0 0 0 0 0 0 0 0 112 0 0 103 0 0 0 0 0 0 0 12 140 0 0 0 0 56 0 0 0 0 0 0 0 0 0 0 
0 0 0 0 60 0 0 0 0 105 0 118 5 0 0 0 0 0 0 0 0 0 112 0 109 0 0 0 0 0 0 0 0 0 0 0 0 0 0 0 0 0 0 0 0 0 0 0 0 0 0 0 0 0 0 0 0 0 0 0 0 0 0 0 35 0 0 0 0 0 0 0 0 0 0 0 0 6 0 0 0 50 0 0 0 0 0 111 138 0 0 74 0 0 0 0 0 0 112 105 
0 0 0 0 0 0 0 0 0 0 0 0 0 139 0 27 0 0 0 0 0 0 0 0 0 0 0 0 0 106 0 0 0 0 0 0 0 0 0 0 0 0 0 46 0 0 105 80 0 0 0 0 0 0 0 0 0 0 0 0 121 131 0 0 0 0 0 0 0 0 0 0 0 67 0 105 0 0 0 13 0 0 0 0 0 0 0 73 0 6 0 0 0 0 57 0 0 0 0 0 
0 0 0 0 0 0 0 0 82 89 0 0 0 0 0 0 0 0 0 0 102 0 0 0 0 0 0 0 139 0 0 0 0 0 93 0 11 0 0 0 0 0 0 0 0 0 0 99 0 0 0 0 0 0 145 0 0 0 0 22 0 0 0 0 0 0 0 0 0 0 66 0 0 0 0 0 0 104 0 0 0 0 0 0 0 111 0 0 0 0 0 0 22 0 0 0 0 0 82 42 
0 0 0 0 0 0 0 0 71 0 0 129 0 0 0 0 0 0 0 140 0 0 0 0 0 0 62 0 0 0 0 0 18 0 0 50 0 0 0 0 130 0 0 0 0 43 0 0 0 0 0 0 0 0 108 0 0 0 58 21 0 0 0 55 0 0 0 0 0 0 0 0 0 0 0 0 0 0 0 108 0 0 0 0 52 0 0 0 0 0 0 0 0 0 0 68 0 0 0 0 
103 0 55 0 0 0 0 0 0 0 0 0 68 0 0 0 0 0 0 0 0 0 0 59 0 0 0 0 0 75 0 0 0 0 0 0 0 0 0 0 0 0 0 0 0 56 0 0 0 0 0 0 145 108 0 46 0 0 0 0 0 0 0 51 0 14 0 0 0 0 0 0 0 0 0 0 0 0 0 0 0 0 0 0 0 149 0 0 0 136 0 0 0 0 0 0 9 83 0 0 
0 0 0 0 38 0 0 0 0 0 0 0 117 0 114 0 0 108 79 0 0 0 0 0 0 0 0 0 0 0 0 103 134 0 0 0 0 0 0 0 0 0 0 0 0 0 0 0 147 146 0 0 0 0 46 0 0 0 0 0 0 0 0 0 0 0 0 0 129 0 0 117 0 0 0 145 0 0 0 0 0 0 0 0 41 0 0 0 0 0 0 0 0 0 26 0 0 0 0 0 
0 0 0 0 0 0 0 0 0 0 0 0 0 0 0 64 132 0 0 45 0 0 7 0 0 0 134 0 0 0 84 0 0 1 0 0 0 0 0 0 0 0 0 0 0 0 0 20 0 0 0 0 0 0 0 0 0 114 0 0 0 3 0 82 0 0 0 0 0 0 0 0 0 0 0 57 0 0 0 0 0 0 0 0 0 0 0 0 0 21 0 0 0 0 0 0 0 0 0 0 
0 0 0 17 0 5 0 0 0 0 0 0 0 124 0 0 0 0 0 0 0 0 38 0 20 0 0 0 0 0 0 0 0 0 0 0 0 0 0 0 0 39 26 0 0 136 0 0 0 0 0 0 0 0 0 0 114 0 0 61 13 0 0 0 0 0 0 0 0 0 0 0 0 0 150 0 0 0 0 0 0 0 0 0 0 0 0 0 0 0 25 149 0 0 0 0 127 0 0 0 
0 132 0 0 0 0 0 0 0 0 0 0 0 0 60 0 0 0 0 0 0 0 0 0 0 0 0 0 0 0 0 0 0 0 0 0 0 0 0 0 0 0 0 0 0 0 0 0 0 0 0 0 0 58 0 0 0 0 0 99 0 0 0 0 0 148 0 0 0 0 0 0 0 0 0 0 0 0 0 150 0 0 0 0 0 0 0 0 0 128 70 150 73 0 0 0 0 0 0 0 
0 0 0 0 0 0 0 0 0 0 0 0 26 23 0 0 0 0 0 0 0 0 0 0 0 47 0 0 0 0 119 0 0 0 0 0 0 0 0 0 0 0 0 104 0 0 0 0 0 121 0 0 22 21 0 0 0 61 99 0 0 0 0 0 0 20 135 0 0 0 0 0 0 0 0 0 0 0 0 0 0 0 0 0 116 0 0 0 9 0 0 0 0 0 0 0 0 0 117 0 
0 0 0 0 0 149 0 0 64 0 0 10 68 0 92 0 0 0 0 0 87 0 0 0 0 0 0 0 0 0 0 0 0 143 0 0 0 0 0 0 0 0 0 0 92 0 105 94 0 0 0 121 0 0 0 0 0 13 0 0 0 0 0 0 0 10 0 0 0 0 0 0 0 0 0 0 0 0 0 0 0 0 0 0 0 0 0 0 0 0 0 42 0 0 0 0 0 0 16 0 
108 0 0 0 0 0 143 0 140 0 0 0 0 107 0 0 0 0 0 0 0 0 120 0 0 0 0 41 0 0 0 25 0 2 0 0 0 0 0 0 0 0 0 0 0 0 70 0 44 0 0 131 0 0 0 0 3 0 0 0 0 0 72 0 44 0 0 0 150 0 0 0 0 0 0 0 0 0 0 0 0 0 0 0 0 0 0 0 0 0 0 0 0 0 0 0 0 0 0 0 
0 0 0 0 0 0 0 0 0 0 0 0 0 34 0 33 0 13 0 0 0 0 28 46 0 0 0 145 0 0 0 0 0 0 0 0 0 0 0 0 0 0 0 0 0 0 0 0 0 0 0 0 0 0 0 0 0 0 0 0 0 72 0 0 0 0 91 0 80 0 0 0 0 105 0 40 0 0 2 0 94 0 0 0 0 0 0 0 0 0 0 0 0 0 0 0 0 0 0 0 
0 0 0 0 0 0 96 0 0 0 0 49 0 0 0 106 0 0 0 46 0 0 0 59 0 0 23 0 0 0 0 0 0 0 0 0 114 0 0 0 0 109 0 0 142 0 0 0 0 0 0 0 0 55 51 0 82 0 0 0 0 0 0 0 0 0 0 0 0 0 0 0 0 0 0 0 123 0 0 0 0 0 0 29 131 0 0 0 0 0 0 0 0 0 0 0 0 0 0 0 
0 0 0 142 0 0 42 0 0 112 0 0 0 0 0 0 0 0 0 0 0 0 0 0 75 0 0 110 0 0 0 10 0 0 0 0 0 71 0 0 0 0 0 0 0 0 0 0 0 0 35 0 0 0 0 0 0 0 0 0 0 44 0 0 0 0 0 0 0 139 0 0 0 0 0 0 0 0 0 0 0 0 0 0 0 62 85 0 0 130 0 13 0 0 0 0 0 0 0 0 
54 0 0 0 0 0 123 0 52 0 0 0 0 17 0 0 93 0 0 0 0 110 0 0 0 0 0 0 0 0 0 0 0 0 0 0 0 0 12 0 0 0 0 0 104 0 0 0 0 0 0 0 0 0 14 0 0 0 148 20 10 0 0 0 0 0 0 0 0 0 0 0 0 0 0 0 0 0 0 0 0 0 0 0 0 0 0 0 0 0 0 0 0 0 0 0 68 42 0 0 
0 0 0 0 0 0 0 43 0 0 0 0 0 0 0 0 100 95 0 0 0 0 0 0 0 0 0 0 0 0 0 0 0 6 0 0 109 0 45 101 0 0 63 0 0 0 0 99 105 0 0 0 0 0 0 0 0 0 0 135 0 0 91 0 0 0 0 0 83 0 0 0 0 0 0 0 0 0 0 0 0 0 0 0 0 0 49 0 0 0 0 0 0 0 0 0 0 0 0 57 
0 0 0 0 0 0 0 0 0 0 0 0 6 0 64 101 0 0 0 0 0 0 0 0 77 0 0 0 0 0 0 136 31 0 0 0 0 0 0 0 0 0 0 0 0 0 0 0 0 0 0 0 0 0 0 0 0 0 0 0 0 0 0 0 0 0 0 0 0 0 0 0 0 0 98 0 29 0 0 0 0 0 108 73 106 0 0 66 0 0 0 0 0 0 0 0 0 0 145 0 
0 0 0 0 0 0 0 0 0 0 0 0 0 0 60 0 0 0 0 0 0 0 0 120 0 0 0 0 0 0 0 137 0 0 62 0 0 0 0 111 22 0 0 0 0 0 0 0 0 0 0 0 0 0 0 129 0 0 0 0 0 150 80 0 0 0 83 0 0 0 0 0 0 0 0 0 0 0 0 0 9 131 92 0 0 0 0 0 0 0 0 0 0 137 0 0 0 0 129 0 
0 0 0 0 0 0 0 0 0 0 76 0 0 0 20 0 54 0 0 0 0 21 0 0 0 0 0 0 0 123 0 0 0 0 0 147 0 0 0 0 0 0 0 0 0 0 147 0 11 0 0 0 0 0 0 0 0 0 0 0 0 0 0 0 139 0 0 0 0 0 0 0 0 55 0 0 0 0 118 0 139 0 0 0 0 0 0 0 0 0 0 0 0 0 0 0 0 0 0 0 
113 0 0 0 0 0 148 0 0 0 19 0 0 0 0 0 0 0 0 130 0 0 0 72 0 59 0 0 0 0 0 0 0 22 0 14 0 0 0 0 0 0 0 0 0 0 0 0 0 0 0 0 66 0 0 0 0 0 0 0 0 0 0 0 0 0 0 0 0 0 0 0 0 0 0 0 0 0 0 0 67 0 37 71 56 101 0 0 93 0 0 0 0 0 0 0 0 0 0 0 
0 0 0 0 0 0 119 0 0 0 37 0 0 0 0 0 136 0 0 0 0 0 0 0 0 0 0 0 0 0 7 0 0 0 0 0 0 0 0 0 0 0 0 0 0 0 0 0 0 0 0 0 0 0 0 117 0 0 0 0 0 0 0 0 0 0 0 0 0 0 0 0 0 0 0 0 0 0 0 0 0 0 0 0 0 0 0 0 0 0 0 0 0 0 0 0 78 0 0 0 
39 0 0 0 0 0 0 0 0 0 0 0 0 0 0 0 0 115 0 0 0 0 0 0 0 0 0 0 0 0 0 0 0 0 0 0 0 0 95 0 0 0 0 0 68 0 0 0 0 112 0 0 0 0 0 0 0 0 0 0 0 0 0 0 0 0 0 0 0 0 0 0 0 0 112 0 10 0 0 0 0 0 0 0 41 0 0 93 0 0 84 0 0 0 101 0 0 0 0 0 
0 0 0 0 46 0 0 0 0 0 57 0 0 0 0 129 83 0 0 0 0 0 0 0 0 0 0 0 0 0 0 0 0 0 0 0 0 0 0 0 149 0 0 0 0 0 0 0 0 0 0 67 0 0 0 0 0 0 0 0 0 0 105 0 0 0 0 0 0 55 0 0 0 0 0 0 0 46 0 107 0 0 0 0 0 0 0 0 0 0 0 16 0 0 0 0 0 0 0 0 
0 0 142 0 11 0 0 0 0 0 0 2 0 0 0 95 0 0 0 0 0 0 101 0 0 0 0 0 48 0 0 0 0 129 0 0 0 0 0 0 2 0 68 0 0 0 0 0 0 0 0 0 0 0 0 0 0 150 0 0 0 0 0 0 0 0 0 98 0 0 0 0 112 0 0 0 0 0 0 0 0 0 0 0 0 0 0 0 0 0 132 0 0 0 118 0 0 0 42 0 
0 0 0 0 0 0 0 0 0 34 0 43 6 0 0 0 0 129 0 0 0 0 0 0 0 33 0 0 0 0 0 0 0 0 0 0 0 134 0 0 0 46 0 0 0 0 0 0 0 103 0 105 0 0 0 145 57 0 0 0 0 0 40 0 0 0 0 0 0 0 0 0 0 0 0 0 0 0 138 0 0 0 0 0 0 0 0 0 124 28 0 0 0 0 0 0 0 0 0 0 
0 0 0 0 0 68 0 0 0 0 0 0 0 0 0 114 0 0 0 0 0 0 0 0 0 0 0 31 0 0 6 0 0 0 0 0 0 0 0 0 0 0 0 0 0 0 0 118 0 0 0 0 0 0 0 0 0 0 0 0 0 0 0 123 0 0 0 29 0 0 0 0 10 0 0 0 0 0 0 0 0 0 0 0 101 94 0 0 0 0 0 147 0 0 0 65 33 0 0 0 
3 0 0 0 0 140 0 0 0 0 56 0 0 0 115 0 76 0 0 0 0 0 0 0 83 0 0 0 0 66 0 0 0 76 0 0 0 0 0 0 13 0 0 0 0 0 118 0 0 0 6 0 104 0 0 0 0 0 0 0 0 0 0 0 0 0 0 0 0 0 0 0 0 46 0 0 0 0 0 0 0 0 0 0 0 25 0 0 0 0 0 0 0 0 0 0 0 47 0 0 
0 0 0 0 0 135 0 118 0 0 0 0 0 0 0 0 0 150 0 0 0 0 0 2 0 0 0 57 0 126 74 0 0 4 0 0 0 0 78 0 0 0 0 0 15 0 0 0 0 0 0 0 0 0 0 0 0 0 0 0 0 0 2 0 0 0 0 0 0 118 0 0 0 0 0 138 0 0 0 0 114 0 0 0 0 0 0 0 0 0 0 0 0 0 0 60 0 0 0 0 
88 0 0 0 0 0 0 0 0 0 0 0 0 0 0 0 0 0 0 0 82 0 0 0 0 0 81 0 81 0 0 0 0 63 0 0 79 21 0 0 0 0 144 0 0 0 0 0 0 0 0 13 0 108 0 0 0 0 150 0 0 0 0 0 0 0 0 0 0 0 0 0 0 107 0 0 0 0 0 0 0 0 0 0 0 113 0 0 0 0 0 0 0 0 0 0 0 25 0 150 
0 72 46 0 0 0 0 55 0 0 0 0 0 0 0 92 0 0 0 16 0 0 110 0 0 2 0 0 0 0 0 0 0 0 0 0 0 0 83 0 0 0 0 0 0 0 0 0 0 0 0 0 0 0 0 0 0 0 0 0 0 0 94 0 0 0 0 0 9 139 67 0 0 0 0 0 0 0 114 0 0 0 0 0 0 0 0 0 0 0 0 0 0 0 62 0 0 0 146 0 
0 0 0 60 0 5 0 0 0 0 0 0 0 91 0 0 0 0 0 59 48 0 0 0 0 0 0 27 0 0 0 30 0 0 0 0 0 12 0 0 148 0 0 0 0 134 0 0 0 0 50 0 0 0 0 0 0 0 0 0 0 0 0 0 0 0 0 0 131 0 0 0 0 0 0 0 0 0 0 0 0 0 0 0 0 0 0 0 0 0 71 0 0 0 0 0 0 0 0 0 
0 0 0 0 0 0 0 0 0 0 0 0 0 0 0 0 0 0 0 0 0 0 0 0 0 0 0 0 0 0 0 0 108 0 0 0 0 0 16 0 99 0 0 0 0 0 0 0 106 0 0 0 0 0 0 0 0 0 0 0 0 0 0 0 0 0 0 108 92 0 37 0 0 0 0 0 0 0 0 0 0 0 0 0 0 0 0 0 0 4 0 0 50 0 0 0 0 0 55 0 
0 0 0 0 0 0 0 0 0 0 0 0 0 0 0 0 0 0 0 0 0 0 0 0 0 0 132 0 0 0 0 0 0 0 0 0 0 38 0 0 0 0 0 0 0 0 0 0 0 12 0 0 0 0 0 0 0 0 0 0 0 0 0 29 0 0 0 73 0 0 71 0 0 0 0 0 0 0 0 0 0 0 0 0 138 0 0 0 0 0 0 0 46 0 0 78 108 0 0 0 
0 0 0 0 0 0 0 86 0 0 0 0 0 0 0 0 0 0 0 0 0 0 0 135 0 0 0 0 0 0 145 0 0 0 0 0 0 0 0 0 0 0 0 0 0 0 0 0 0 140 0 0 0 52 0 41 0 0 0 116 0 0 0 131 0 0 0 106 0 0 56 0 41 0 0 0 101 0 0 0 0 0 0 138 0 0 0 0 0 44 0 0 0 0 0 22 0 0 0 0 
0 0 0 0 0 0 127 0 0 74 98 0 0 0 0 0 0 0 0 0 67 0 0 0 0 0 0 0 0 133 0 0 0 0 0 0 0 0 0 0 127 0 0 0 0 0 78 0 34 0 0 0 111 0 149 0 0 0 0 0 0 0 0 0 62 0 0 0 0 0 101 0 0 0 0 0 94 25 0 113 0 0 0 0 0 0 0 0 0 0 0 0 0 0 0 0 0 0 0 0 
0 0 0 0 0 0 0 0 0 86 0 145 3 0 0 0 0 0 0 0 0 0 0 0 0 0 0 0 0 0 0 0 29 0 0 0 0 52 0 0 0 0 0 0 12 0 0 0 0 0 0 0 0 0 0 0 0 0 0 0 0 0 0 0 85 0 49 0 0 0 0 0 0 0 0 0 0 0 0 0 0 0 0 0 0 0 0 0 0 0 48 0 0 0 0 0 0 0 0 0 
0 0 9 0 0 49 0 0 0 43 0 29 0 0 0 30 7 0 0 0 0 0 0 0 0 0 0 0 0 0 0 0 0 0 0 0 0 0 0 0 0 0 0 0 148 0 0 0 130 0 111 73 0 0 0 0 0 0 0 0 0 0 0 0 0 0 0 66 0 0 0 0 93 0 0 0 0 0 0 0 0 0 0 0 0 0 0 0 0 0 0 0 0 0 0 0 0 0 0 0 
9 21 0 26 0 0 0 0 0 0 0 0 0 0 0 0 0 0 0 66 0 0 0 0 0 140 0 35 146 0 0 0 0 0 0 0 129 0 0 0 0 0 0 0 0 0 0 2 0 0 138 0 0 0 0 0 0 0 0 9 0 0 0 0 0 0 0 0 0 0 93 0 0 0 0 124 0 0 0 0 0 0 0 0 0 0 0 0 0 0 0 0 30 0 145 0 0 0 0 0 
0 0 0 0 0 0 0 0 0 0 0 0 0 0 0 0 0 0 0 0 0 0 0 0 17 0 0 0 0 0 0 0 0 33 0 0 0 125 0 0 134 0 0 0 44 0 0 0 47 56 0 6 0 0 136 0 21 0 128 0 0 0 0 0 130 0 0 0 0 0 0 0 0 0 0 28 0 0 0 0 0 0 4 0 44 0 0 0 0 0 0 0 0 0 0 0 0 0 0 0 
0 0 0 0 0 11 0 0 0 0 0 107 0 0 0 0 0 0 0 0 0 0 0 0 0 0 0 0 0 0 85 0 116 0 41 0 91 0 0 0 0 0 0 68 0 107 0 0 0 0 0 0 0 0 0 0 0 25 70 0 0 0 0 0 0 0 0 0 0 0 0 0 84 0 132 0 0 0 0 0 0 71 0 0 0 0 48 0 0 0 0 0 0 0 135 0 0 0 0 0 
0 0 0 0 0 0 0 0 50 0 0 0 0 0 0 0 0 0 0 72 0 0 0 0 0 0 0 0 0 0 101 0 0 0 0 0 0 0 0 0 0 0 0 127 0 0 0 0 0 0 74 0 0 0 0 0 0 149 150 0 42 0 0 0 13 0 0 0 0 0 0 0 0 16 0 0 147 0 0 0 0 0 0 0 0 0 0 0 0 0 0 0 143 0 0 0 0 0 0 0 
0 0 18 0 0 81 138 0 0 0 0 0 0 0 15 0 0 0 0 0 0 0 0 0 83 0 3 0 0 0 0 0 0 0 0 0 0 0 0 0 0 0 0 0 0 0 125 0 0 0 0 0 22 0 0 0 0 0 73 0 0 0 0 0 0 0 0 0 0 0 0 0 0 0 0 0 0 0 0 0 0 0 50 46 0 0 0 0 30 0 0 143 0 17 0 0 0 131 0 0 
0 0 0 16 0 0 0 63 0 0 86 0 0 0 0 0 0 0 0 0 0 0 0 0 0 150 0 61 0 0 0 0 0 0 139 0 0 0 0 4 0 144 0 17 0 0 0 0 0 0 0 0 0 0 0 0 0 0 0 0 0 0 0 0 0 0 0 0 137 0 0 0 0 0 0 0 0 0 0 0 0 0 0 0 0 0 0 0 0 0 0 0 17 0 0 0 139 0 0 0 
0 4 0 0 0 0 0 0 0 0 0 7 88 0 0 0 0 0 0 0 0 0 0 0 0 0 108 0 0 0 0 0 40 0 116 0 0 0 109 0 0 0 0 0 0 0 0 48 0 0 0 57 0 0 0 26 0 0 0 0 0 0 0 0 0 0 0 0 0 0 0 0 101 0 118 0 0 0 0 0 62 0 0 0 0 0 0 0 145 0 135 0 0 0 0 0 0 0 0 0 
0 0 0 0 0 0 0 0 0 0 0 0 139 33 0 0 0 0 97 0 0 0 0 0 0 0 0 42 39 0 0 0 147 0 0 59 0 0 0 0 50 0 0 0 0 0 0 0 0 0 0 0 0 68 0 0 0 0 0 0 0 0 0 0 0 0 0 0 0 0 0 0 0 0 0 0 65 0 60 0 0 0 0 78 22 0 0 0 0 0 0 0 0 0 0 0 0 0 26 0 
45 73 0 0 0 0 0 0 0 0 0 0 0 71 0 0 0 119 0 0 0 0 0 0 0 0 0 0 0 0 0 0 0 0 0 0 60 0 0 0 0 0 0 0 0 30 0 0 0 0 0 0 0 0 9 0 0 127 0 0 0 0 0 0 0 68 0 0 0 0 0 78 0 0 0 0 33 0 0 0 0 0 0 108 0 0 0 0 0 0 0 0 0 139 0 0 0 0 0 0 
0 0 50 0 0 0 0 0 13 108 0 0 64 0 0 3 0 35 0 48 0 0 0 0 59 0 0 0 0 0 0 0 0 0 0 0 0 0 0 0 0 0 5 0 103 0 0 0 0 0 0 0 0 0 83 0 0 0 0 0 0 0 0 0 0 42 0 0 0 0 0 0 0 0 0 0 0 47 0 25 0 0 0 0 0 0 0 0 0 0 0 0 131 0 0 0 0 0 0 0 
0 0 0 0 0 0 0 68 0 139 0 0 0 0 0 0 0 0 0 0 0 0 0 0 0 0 98 0 0 30 0 51 0 0 0 0 0 0 0 0 0 0 0 0 0 0 0 0 0 0 112 0 82 0 0 0 0 0 0 117 16 0 0 0 0 0 0 145 129 0 0 0 0 0 42 0 0 0 0 0 146 0 55 0 0 0 0 0 0 0 0 0 0 0 0 26 0 0 0 0 
0 0 0 15 0 0 0 0 0 0 0 94 0 0 0 0 0 0 0 0 0 0 0 0 0 0 0 0 0 0 0 0 0 0 0 0 88 0 0 0 0 0 0 0 0 0 0 0 0 0 105 0 42 0 0 0 0 0 0 0 0 0 0 0 0 0 57 0 0 0 0 0 0 0 0 0 0 0 0 150 0 0 0 0 0 0 0 0 0 0 0 0 0 0 0 0 0 0 0 0 
