0 82 0 0 0 0 11 0 73 0 62 0 0 0 0 30 0 0 0 0 60 89 0 0 0 81 0 0 0 0 0 0 0 0 56 0 0 0 0 0 0 0 0 0 0 0 0 0 0 0 0 0 0 91 23 0 0 0 0 0 0 0 83 17 0 0 0 0 0 0 0 0 0 0 0 0 0 0 0 0 0 0 0 0 49 0 0 0 0 0 0 0 0 0 81 0 0 0 0 0 
82 0 0 10 0 0 0 0 0 0 0 0 0 0 0 0 0 0 0 0 0 49 0 0 0 0 0 0 0 0 0 0 0 0 0 14 100 0 0 0 0 0 66 0 0 0 0 93 0 59 58 29 0 0 0 0 0 0 0 0 0 0 0 0 0 0 0 0 53 59 0 0 0 0 0 0 0 0 0 0 0 0 0 0 0 0 0 0 83 0 0 51 0 0 0 0 0 0 9 0 
0 0 0 0 0 0 0 0 3 0 0 0 50 0 0 0 0 0 0 0 0 0 0 61 46 0 0 52 57 0 0 0 0 0 0 0 0 90 0 0 0 0 0 0 0 57 0 0 0 0 0 0 55 0 0 0 0 0 0 0 85 0 29 0 0 0 0 0 0 0 0 0 0 0 0 0 0 0 50 0 41 0 0 0 0 0 0 0 0 0 0 0 0 0 0 0 0 0 0 0 
0 10 0 0 0 0 0 0 94 0 0 0 0 0 0 81 0 0 0 0 0 0 0 0 0 64 0 45 0 0 0 0 0 0 0 0 0 0 0 0 55 0 0 0 0 76 64 0 0 91 0 0 72 0 0 98 0 0 0 0 0 0 0 0 0 0 0 0 0 0 0 0 34 0 0 0 0 0 0 0 0 0 0 37 0 0 0 0 0 0 0 21 0 0 0 34 0 0 0 0 
0 0 0 0 0 0 0 0 52 64 34 0 0 0 0 0 0 0 0 0 0 0 56 0 0 76 47 0 0 96 0 0 0 0 0 87 0 0 0 0 81 26 0 0 0 97 0 0 0 0 0 0 0 13 0 0 0 0 0 0 0 0 0 0 0 83 0 0 0 0 0 0 0 0 0 0 0 0 0 0 64 0 0 0 0 0 0 0 0 80 0 0 0 0 0 0 0 0 0 0 
0 0 0 0 0 0 29 0 0 0 0 0 0 0 0 0 17 0 0 0 0 0 0 91 0 0 0 0 0 0 97 0 0 0 0 0 0 0 23 0 0 0 0 0 0 0 0 0 70 0 0 0 0 0 0 0 0 66 0 0 0 0 0 0 54 0 0 0 0 0 0 0 0 40 0 0 0 0 0 0 0 0 0 0 0 0 0 0 53 0 0 0 0 0 0 0 0 0 0 0 
11 0 0 0 0 29 0 0 0 30 0 0 0 0 0 0 0 0 0 54 0 0 0 0 0 0 82 0 0 0 0 0 0 0 0 74 0 0 0 0 0 0 54 0 2 54 0 0 0 0 0 0 0 0 0 0 0 0 0 0 53 0 0 0 0 0 0 0 0 0 0 0 0 0 0 0 0 0 0 3 0 0 31 1 0 0 0 0 0 41 0 0 0 0 80 0 0 0 0 0 
0 0 0 0 0 0 0 0 0 0 0 49 0 0 0 0 0 0 0 0 0 0 0 0 0 0 68 0 29 0 0 0 21 0 0 0 0 0 0 12 88 0 0 78 0 0 0 0 0 0 0 0 0 0 0 0 0 0 0 0 0 0 0 0 99 0 0 0 0 34 0 4 0 41 0 0 84 0 0 0 0 0 0 0 67 0 0 0 0 0 0 0 0 0 0 13 0 0 31 0 
73 0 3 94 52 0 0 0 0 0 0 0 0 0 0 0 0 0 0 0 0 0 11 0 0 0 0 0 0 0 0 72 0 0 0 45 0 0 0 0 0 0 0 0 0 0 0 0 0 0 0 0 0 51 0 0 0 0 0 0 66 0 0 0 0 0 0 1 0 0 0 0 0 0 0 0 73 0 0 0 0 0 0 66 0 0 0 0 0 82 0 0 44 0 0 0 84 0 0 0 
0 0 0 0 64 0 30 0 0 0 0 0 0 0 0 0 0 0 0 0 0 0 0 0 0 0 0 0 0 0 0 0 0 0 0 0 0 0 0 0 0 0 0 0 0 0 0 0 0 38 0 0 46 0 0 53 35 0 0 19 0 0 0 0 0 40 0 0 0 27 51 0 0 0 23 0 0 0 0 0 0 0 100 0 0 0 0 0 0 15 0 0 0 0 0 0 66 0 0 1 
62 0 0 0 34 0 0 0 0 0 0 0 0 0 0 0 39 0 0 88 72 89 0 89 0 0 57 0 58 0 0 0 0 0 0 0 0 0 39 0 0 0 0 0 0 0 0 0 0 0 0 0 0 0 69 0 0 0 0 0 0 0 0 0 0 0 80 0 0 0 0 0 0 0 0 0 0 0 0 0 0 0 0 0 0 0 0 40 0 29 0 0 0 0 0 36 0 0 0 0 
0 0 0 0 0 0 0 49 0 0 0 0 0 0 0 0 0 0 0 63 0 0 34 0 0 0 0 0 0 0 21 5 0 0 53 0 0 0 0 0 0 0 0 0 0 0 0 0 0 0 0 0 0 0 0 0 0 0 0 62 0 0 0 0 0 0 0 0 0 0 0 0 42 0 0 1 0 0 0 33 0 0 11 0 41 63 0 24 0 0 0 0 0 48 0 0 0 0 0 0 
0 0 50 0 0 0 0 0 0 0 0 0 0 0 0 0 0 0 52 0 0 0 82 0 63 0 0 0 60 0 0 0 0 0 0 0 0 0 0 0 0 61 0 89 0 0 10 0 0 0 2 0 29 0 0 0 0 84 0 0 0 0 0 86 0 0 0 0 0 0 0 0 0 0 0 0 0 0 0 0 0 0 0 0 0 0 0 0 0 0 0 0 0 81 0 0 0 0 0 92 
0 0 0 0 0 0 0 0 0 0 0 0 0 0 0 0 0 0 0 0 0 27 80 9 0 0 0 0 0 0 46 82 38 0 0 0 0 0 0 0 49 0 0 0 87 0 0 0 0 0 0 0 0 0 0 77 0 0 82 0 0 0 0 0 0 0 91 0 0 0 0 0 37 0 0 0 0 0 0 0 0 0 0 0 0 0 0 0 0 0 15 15 0 0 45 0 0 0 0 0 
0 0 0 0 0 0 0 0 0 0 0 0 0 0 0 0 0 0 0 0 71 0 0 0 0 0 34 0 0 0 0 0 0 0 0 0 0 0 0 0 0 0 0 0 64 0 34 0 0 0 0 0 0 0 0 0 0 0 0 0 0 0 16 0 0 0 0 0 4 0 0 0 0 0 0 0 0 0 3 0 0 0 0 71 0 0 0 0 0 0 44 0 0 0 0 0 0 0 0 0 
30 0 0 81 0 0 0 0 0 0 0 0 0 0 0 0 0 0 0 0 0 0 0 0 0 0 0 0 0 0 0 0 36 0 0 63 0 0 0 0 0 0 0 0 0 0 0 0 0 0 0 93 66 0 0 0 0 0 0 0 0 0 0 0 0 0 0 0 0 14 0 0 0 0 0 0 0 51 0 0 0 0 0 0 58 0 0 68 0 0 0 0 0 0 0 0 0 0 0 0 
0 0 0 0 0 17 0 0 0 0 39 0 0 0 0 0 0 0 93 0 0 0 0 0 0 0 0 0 0 0 85 0 0 0 0 2 0 0 0 4 0 0 0 0 0 0 0 87 0 0 0 0 0 0 0 0 0 15 0 0 0 0 0 5 0 0 12 0 0 76 0 0 0 0 0 41 0 0 0 0 0 45 0 0 62 0 0 0 0 0 0 0 0 0 0 0 0 0 0 18 
0 0 0 0 0 0 0 0 0 0 0 0 0 0 0 0 0 0 0 0 0 0 0 0 0 0 0 0 0 89 0 0 0 0 0 0 0 0 43 0 0 0 0 0 0 0 0 0 0 0 0 0 0 0 0 0 0 0 0 0 0 90 0 0 0 0 0 93 3 0 30 0 83 0 0 0 0 0 0 3 0 0 0 0 0 27 40 0 76 0 0 38 0 0 0 0 77 0 0 0 
0 0 0 0 0 0 0 0 0 0 0 0 52 0 0 0 93 0 0 0 0 0 47 0 0 0 0 0 0 0 37 0 0 0 0 0 0 0 0 0 6 0 0 0 0 0 0 0 0 0 0 7 0 0 0 59 1 20 0 0 0 99 0 0 0 0 0 0 0 83 41 0 0 0 0 0 0 0 60 0 0 0 0 0 0 0 0 0 0 0 0 0 0 0 0 0 0 0 0 0 
0 0 0 0 0 0 54 0 0 0 88 63 0 0 0 0 0 0 0 0 0 0 0 0 0 0 0 0 83 0 0 96 0 0 80 0 0 0 0 0 33 0 0 0 0 0 0 0 0 94 0 0 0 0 0 0 0 0 0 0 0 0 0 0 0 0 0 0 0 0 0 23 0 93 0 34 0 0 0 96 11 0 0 0 0 96 0 0 0 0 0 17 0 0 0 0 0 0 0 0 
60 0 0 0 0 0 0 0 0 0 72 0 0 0 71 0 0 0 0 0 0 0 0 0 0 0 0 0 0 0 0 0 0 0 0 0 0 0 0 0 83 0 0 0 0 0 0 0 86 0 0 0 0 0 0 91 0 0 0 50 0 0 0 0 0 0 1 0 0 0 0 0 0 0 0 0 25 0 0 0 0 0 0 0 0 0 0 0 0 0 0 0 0 0 0 0 0 0 0 23 
89 49 0 0 0 0 0 0 0 0 89 0 0 27 0 0 0 0 0 0 0 0 0 0 95 0 0 0 0 0 0 11 0 0 0 0 0 0 0 14 0 0 9 0 0 0 0 0 0 0 10 0 0 0 0 0 0 0 0 0 0 0 0 0 0 0 0 50 0 0 0 0 0 0 0 0 56 0 0 0 0 0 0 0 0 0 0 9 0 92 0 0 0 0 0 0 0 0 0 0 
0 0 0 0 56 0 0 0 11 0 0 34 82 80 0 0 0 0 47 0 0 0 0 0 0 0 0 0 29 0 0 0 0 0 0 88 0 0 68 0 0 0 0 0 57 0 0 0 0 78 0 0 0 0 0 0 0 0 0 0 29 22 0 0 0 0 0 0 7 0 0 0 0 0 0 0 33 0 0 0 0 0 0 0 0 0 0 0 0 0 0 0 0 0 0 0 0 0 0 0 
0 0 61 0 0 91 0 0 0 0 89 0 0 9 0 0 0 0 0 0 0 0 0 0 0 0 0 99 0 0 0 0 0 0 0 0 0 85 0 31 0 0 0 0 0 0 0 0 0 32 58 27 0 0 0 0 0 0 0 0 0 0 0 0 0 35 84 0 0 0 0 0 0 0 0 69 0 0 0 0 0 0 0 0 81 0 0 0 0 0 0 0 0 0 0 0 0 0 0 0 
0 0 46 0 0 0 0 0 0 0 0 0 63 0 0 0 0 0 0 0 0 95 0 0 0 0 0 0 0 0 0 0 0 0 0 0 0 0 0 0 66 0 28 0 0 0 14 0 0 0 78 0 0 0 0 0 0 0 0 0 63 0 53 0 3 29 0 0 0 0 0 0 0 0 9 0 0 0 23 0 0 0 77 0 0 0 0 0 66 0 0 0 0 0 0 0 0 0 0 0 
81 0 0 64 76 0 0 0 0 0 0 0 0 0 0 0 0 0 0 0 0 0 0 0 0 0 0 0 0 0 0 0 0 0 0 62 0 0 98 0 0 0 0 71 0 91 0 65 9 0 39 0 0 0 5 34 0 0 0 0 0 0 0 0 0 0 0 0 0 0 0 0 0 0 0 0 0 0 0 37 0 0 0 0 0 0 0 0 10 0 93 0 0 0 0 0 0 0 0 0 
0 0 0 0 47 0 82 68 0 0 57 0 0 0 34 0 0 0 0 0 0 0 0 0 0 0 0 0 0 0 0 0 85 0 94 0 0 0 0 0 0 0 0 0 0 0 0 0 0 0 0 0 0 0 0 0 0 0 68 0 0 0 0 0 0 0 0 0 0 0 0 0 0 0 0 0 0 0 0 0 0 0 0 0 0 0 0 0 27 0 0 0 0 0 0 0 0 0 0 0 
0 0 52 45 0 0 0 0 0 0 0 0 0 0 0 0 0 0 0 0 0 0 0 99 0 0 0 0 0 0 0 0 0 0 0 82 0 0 0 0 0 0 91 0 0 8 51 0 0 85 0 0 0 0 0 0 0 31 66 0 0 78 0 0 0 0 0 0 0 40 0 0 0 71 0 0 0 0 22 0 0 0 0 0 0 0 0 0 0 48 0 0 0 0 0 0 0 0 0 0 
0 0 57 0 0 0 0 29 0 0 58 0 60 0 0 0 0 0 0 83 0 0 29 0 0 0 0 0 0 0 0 0 0 0 0 0 79 0 0 0 0 0 45 0 0 0 0 0 0 61 0 0 0 0 0 0 0 0 0 28 0 0 0 0 0 69 0 0 0 0 0 0 0 0 0 0 44 0 0 0 70 0 79 0 0 85 0 0 0 0 0 0 0 0 0 0 0 0 0 0 
0 0 0 0 96 0 0 0 0 0 0 0 0 0 0 0 0 89 0 0 0 0 0 0 0 0 0 0 0 0 0 0 0 9 0 0 0 0 0 0 0 0 0 0 0 0 0 0 0 0 0 0 0 0 0 0 0 0 41 0 0 0 0 0 0 0 0 0 0 0 0 0 0 0 0 0 0 0 0 0 0 0 0 0 0 0 75 0 0 0 0 0 0 0 0 80 0 0 5 0 
0 0 0 0 0 97 0 0 0 0 0 21 0 46 0 0 85 0 37 0 0 0 0 0 0 0 0 0 0 0 0 0 0 0 0 0 0 0 0 96 0 0 0 0 93 0 0 0 0 0 0 0 0 0 0 26 42 0 0 51 0 0 0 0 0 0 81 0 0 0 0 0 0 0 0 0 0 100 0 0 0 0 0 0 0 0 0 2 0 0 46 0 0 0 0 0 0 0 0 0 
0 0 0 0 0 0 0 0 72 0 0 5 0 82 0 0 0 0 0 96 0 11 0 0 0 0 0 0 0 0 0 0 0 0 0 49 0 0 0 0 82 0 0 0 0 0 0 0 0 0 0 0 87 0 0 0 0 0 0 77 0 0 0 0 0 0 0 0 0 0 0 0 75 0 0 0 0 5 0 0 0 0 0 0 0 64 0 33 0 0 0 0 0 0 13 32 0 0 0 0 
0 0 0 0 0 0 0 21 0 0 0 0 0 38 0 36 0 0 0 0 0 0 0 0 0 0 85 0 0 0 0 0 0 0 83 0 0 0 0 0 0 0 0 0 0 0 0 86 0 0 0 0 0 0 0 0 0 0 0 0 0 0 0 0 0 0 0 0 0 0 0 0 0 0 0 0 50 0 65 0 0 61 0 0 8 0 0 0 0 0 0 0 69 0 0 0 0 0 0 0 
0 0 0 0 0 0 0 0 0 0 0 0 0 0 0 0 0 0 0 0 0 0 0 0 0 0 0 0 0 9 0 0 0 0 0 0 0 0 0 0 0 0 81 0 0 0 0 0 0 0 38 95 0 0 62 0 0 0 28 0 0 0 72 0 0 0 0 0 0 0 0 0 0 0 0 0 0 67 0 0 0 0 0 0 0 0 0 0 0 0 0 0 0 9 0 0 0 0 3 0 
56 0 0 0 0 0 0 0 0 0 0 53 0 0 0 0 0 0 0 80 0 0 0 0 0 0 94 0 0 0 0 0 83 0 0 0 0 0 0 0 0 0 0 0 33 0 94 0 0 0 0 0 0 0 0 0 0 0 5 0 0 0 0 0 29 5 0 0 0 0 5 0 0 0 0 0 0 0 0 0 0 0 0 0 0 0 0 47 29 0 0 0 0 21 0 67 0 0 0 0 
0 14 0 0 87 0 74 0 45 0 0 0 0 0 0 63 2 0 0 0 0 0 88 0 0 62 0 82 0 0 0 49 0 0 0 0 0 0 0 0 0 0 0 0 0 0 81 0 0 0 0 0 0 0 0 0 74 0 0 25 0 0 0 0 0 0 0 0 0 0 0 0 0 0 0 0 0 0 0 0 0 0 0 0 0 0 0 0 0 64 0 0 0 0 0 0 0 58 0 0 
0 100 0 0 0 0 0 0 0 0 0 0 0 0 0 0 0 0 0 0 0 0 0 0 0 0 0 0 79 0 0 0 0 0 0 0 0 0 73 0 0 0 0 31 0 0 0 0 0 0 0 0 92 0 0 0 0 0 0 0 12 90 0 0 0 21 0 0 0 0 0 0 21 0 0 0 0 28 0 0 91 0 0 0 0 81 0 0 0 0 50 0 0 0 0 80 0 0 0 18 
0 0 90 0 0 0 0 0 0 0 0 0 0 0 0 0 0 0 0 0 0 0 0 85 0 0 0 0 0 0 0 0 0 0 0 0 0 0 0 0 38 92 0 0 26 0 0 0 0 13 0 0 0 48 0 0 44 6 0 0 0 0 0 0 0 0 0 0 0 0 0 0 0 97 30 0 0 0 0 0 0 0 0 0 0 0 0 0 0 0 0 0 0 0 0 0 0 0 80 0 
0 0 0 0 0 23 0 0 0 0 39 0 0 0 0 0 0 43 0 0 0 0 68 0 0 98 0 0 0 0 0 0 0 0 0 0 73 0 0 0 0 0 0 0 0 0 0 0 0 0 0 0 0 0 0 0 0 0 0 0 0 0 0 0 75 0 0 0 0 0 0 0 0 0 0 0 0 0 0 0 0 0 0 0 0 0 0 0 0 0 0 0 0 0 0 0 0 0 0 0 
0 0 0 0 0 0 0 12 0 0 0 0 0 0 0 0 4 0 0 0 0 14 0 31 0 0 0 0 0 0 96 0 0 0 0 0 0 0 0 0 0 0 0 0 0 0 0 0 10 0 0 0 0 0 0 0 0 18 0 0 0 93 0 0 0 0 0 0 0 0 0 0 0 0 0 0 55 0 0 0 0 0 0 0 0 0 0 0 8 0 0 0 0 0 0 0 0 0 0 0 
0 0 0 55 81 0 0 88 0 0 0 0 0 49 0 0 0 0 6 33 83 0 0 0 66 0 0 0 0 0 0 82 0 0 0 0 0 38 0 0 0 0 0 0 0 0 0 0 0 0 0 0 89 0 0 0 0 0 39 0 0 0 0 0 0 0 0 0 0 4 0 0 0 0 0 61 0 0 0 0 0 0 0 0 0 0 0 0 0 0 0 0 0 0 42 0 0 0 0 0 
0 0 0 0 26 0 0 0 0 0 0 0 61 0 0 0 0 0 0 0 0 0 0 0 0 0 0 0 0 0 0 0 0 0 0 0 0 92 0 0 0 0 0 0 0 16 0 0 0 0 0 0 0 54 0 0 0 0 0 0 0 0 0 0 0 0 0 0 0 0 15 59 0 0 0 0 0 0 93 91 46 0 0 0 0 0 0 0 0 6 0 0 0 0 0 0 0 0 0 0 
0 66 0 0 0 0 54 0 0 0 0 0 0 0 0 0 0 0 0 0 0 9 0 0 28 0 0 91 45 0 0 0 0 81 0 0 0 0 0 0 0 0 0 0 54 0 53 0 84 0 0 0 0 0 0 0 0 0 0 0 0 0 0 0 0 0 0 0 0 0 47 0 0 100 0 0 0 0 53 0 0 0 0 0 0 0 59 0 0 0 0 0 0 0 84 0 0 0 0 0 
0 0 0 0 0 0 0 78 0 0 0 0 89 0 0 0 0 0 0 0 0 0 0 0 0 71 0 0 0 0 0 0 0 0 0 0 31 0 0 0 0 0 0 0 0 0 0 0 100 0 0 0 0 0 0 32 0 0 58 0 0 0 13 91 0 0 0 0 0 0 0 0 0 0 68 0 0 0 94 0 0 0 0 0 0 0 0 0 0 71 0 61 0 0 0 0 91 0 93 0 
0 0 0 0 0 0 2 0 0 0 0 0 0 87 64 0 0 0 0 0 0 0 57 0 0 0 0 0 0 0 93 0 0 0 33 0 0 26 0 0 0 0 54 0 0 0 0 0 0 79 0 0 0 0 0 0 0 0 0 0 0 0 0 0 0 0 0 0 0 55 0 0 0 0 0 0 0 0 41 0 0 20 0 0 40 83 0 0 0 0 0 0 0 70 0 0 0 0 0 0 
0 0 57 76 97 0 54 0 0 0 0 0 0 0 0 0 0 0 0 0 0 0 0 0 0 91 0 8 0 0 0 0 0 0 0 0 0 0 0 0 0 16 0 0 0 0 3 0 0 0 0 18 0 0 0 0 0 0 0 0 0 0 0 0 0 0 0 0 0 0 0 2 57 0 0 0 0 0 0 0 0 0 0 0 0 0 0 0 0 0 0 0 13 0 0 75 0 0 47 0 
0 0 0 64 0 0 0 0 0 0 0 0 10 0 34 0 0 0 0 0 0 0 0 0 14 0 0 51 0 0 0 0 0 0 94 81 0 0 0 0 0 0 53 0 0 3 0 0 0 0 0 0 0 59 0 0 0 0 0 0 0 0 0 0 86 0 0 0 56 0 74 0 0 0 0 0 0 0 0 0 0 0 0 0 0 0 0 0 0 20 0 0 41 0 0 0 0 0 0 0 
0 93 0 0 0 0 0 0 0 0 0 0 0 0 0 0 87 0 0 0 0 0 0 0 0 65 0 0 0 0 0 0 86 0 0 0 0 0 0 0 0 0 0 0 0 0 0 0 0 0 0 6 0 0 0 0 0 85 0 85 0 0 37 41 0 0 0 0 0 0 0 0 0 0 0 0 0 0 0 0 0 94 75 0 0 0 0 0 44 0 0 0 0 0 0 0 0 0 0 0 
0 0 0 0 0 70 0 0 0 0 0 0 0 0 0 0 0 0 0 0 86 0 0 0 0 9 0 0 0 0 0 0 0 0 0 0 0 0 0 10 0 0 84 100 0 0 0 0 0 0 0 0 0 0 0 0 0 0 0 0 0 67 98 0 0 81 0 0 0 0 0 0 0 0 0 0 0 0 0 0 0 0 27 19 0 0 0 0 89 25 0 22 0 0 10 0 0 0 0 0 
0 59 0 91 0 0 0 0 0 38 0 0 0 0 0 0 0 0 0 94 0 0 78 32 0 0 0 85 61 0 0 0 0 0 0 0 0 13 0 0 0 0 0 0 79 0 0 0 0 0 0 0 0 0 0 0 0 0 0 0 0 0 0 0 0 0 0 0 0 0 0 0 0 0 25 0 0 0 72 0 0 0 88 0 0 0 0 0 0 0 0 0 0 59 0 85 0 0 0 0 
0 58 0 0 0 0 0 0 0 0 0 0 2 0 0 0 0 0 0 0 0 10 0 58 78 39 0 0 0 0 0 0 0 38 0 0 0 0 0 0 0 0 0 0 0 0 0 0 0 0 0 0 0 72 0 0 0 0 0 0 0 0 0 0 0 0 0 0 0 0 0 0 0 94 0 0 0 0 0 0 86 78 0 0 0 42 0 0 0 4 0 0 0 0 0 0 50 0 17 0 
0 29 0 0 0 0 0 0 0 0 0 0 0 0 0 93 0 0 7 0 0 0 0 27 0 0 0 0 0 0 0 0 0 95 0 0 0 0 0 0 0 0 0 0 0 18 0 6 0 0 0 0 0 0 0 0 0 0 0 26 0 6 0 0 24 0 0 0 0 0 0 0 0 0 0 0 0 0 0 81 0 0 0 25 0 0 0 0 0 0 66 0 0 0 0 9 0 0 42 0 
0 0 55 72 0 0 0 0 0 46 0 0 29 0 0 66 0 0 0 0 0 0 0 0 0 0 0 0 0 0 0 87 0 0 0 0 92 0 0 0 89 0 0 0 0 0 0 0 0 0 0 0 0 0 0 0 0 0 0 0 0 0 11 0 0 0 0 0 71 0 0 0 0 0 0 0 0 0 0 0 0 0 0 0 0 0 0 47 0 0 0 0 0 0 0 0 35 0 13 0 
91 0 0 0 13 0 0 0 51 0 0 0 0 0 0 0 0 0 0 0 0 0 0 0 0 0 0 0 0 0 0 0 0 0 0 0 0 48 0 0 0 54 0 0 0 0 59 0 0 0 72 0 0 0 0 0 0 0 0 0 0 0 75 0 0 0 0 4 91 0 0 75 0 46 0 0 0 37 0 0 0 0 0 0 0 0 27 0 0 0 0 0 0 0 0 0 0 0 0 0 
23 0 0 0 0 0 0 0 0 0 69 0 0 0 0 0 0 0 0 0 0 0 0 0 0 5 0 0 0 0 0 0 0 62 0 0 0 0 0 0 0 0 0 0 0 0 0 0 0 0 0 0 0 0 0 0 0 40 0 0 0 0 0 0 0 0 0 85 0 0 0 0 0 98 0 55 0 0 0 0 0 0 0 0 70 0 0 0 0 82 0 0 0 0 0 0 0 0 0 0 
0 0 0 98 0 0 0 0 0 53 0 0 0 77 0 0 0 0 59 0 91 0 0 0 0 34 0 0 0 0 26 0 0 0 0 0 0 0 0 0 0 0 0 32 0 0 0 0 0 0 0 0 0 0 0 0 0 0 0 0 0 0 0 0 0 0 0 0 0 0 0 0 0 0 0 0 33 0 10 0 16 0 0 0 0 0 0 80 0 0 0 0 4 0 0 0 0 0 0 68 
0 0 0 0 0 0 0 0 0 35 0 0 0 0 0 0 0 0 1 0 0 0 0 0 0 0 0 0 0 0 42 0 0 0 0 74 0 44 0 0 0 0 0 0 0 0 0 0 0 0 0 0 0 0 0 0 0 0 0 0 0 71 0 0 14 0 0 0 45 0 0 79 0 0 20 0 29 0 0 32 0 0 0 0 0 0 0 0 0 0 0 0 0 44 35 0 0 0 0 0 
0 0 0 0 0 66 0 0 0 0 0 0 84 0 0 0 15 0 20 0 0 0 0 0 0 0 0 31 0 0 0 0 0 0 0 0 0 6 0 18 0 0 0 0 0 0 0 85 0 0 0 0 0 0 40 0 0 0 0 0 91 0 0 0 0 0 0 0 0 0 0 0 0 45 0 97 0 0 0 0 23 0 0 0 0 0 24 29 0 0 0 0 0 0 0 0 0 0 0 0 
0 0 0 0 0 0 0 0 0 0 0 0 0 82 0 0 0 0 0 0 0 0 0 0 0 0 68 66 0 41 0 0 0 28 5 0 0 0 0 0 39 0 0 58 0 0 0 0 0 0 0 0 0 0 0 0 0 0 0 0 0 0 0 0 0 0 0 0 0 0 0 0 0 0 0 0 6 17 0 0 96 0 1 68 0 0 0 0 98 0 0 0 0 0 0 56 0 0 0 0 
0 0 0 0 0 0 0 0 0 19 0 62 0 0 0 0 0 0 0 0 50 0 0 0 0 0 0 0 28 0 51 77 0 0 0 25 0 0 0 0 0 0 0 0 0 0 0 85 0 0 0 26 0 0 0 0 0 0 0 0 40 0 0 0 0 0 0 46 0 0 0 92 0 0 0 36 82 0 0 0 0 0 0 0 29 0 0 0 0 0 0 0 0 0 0 0 0 0 0 0 
0 0 85 0 0 0 53 0 66 0 0 0 0 0 0 0 0 0 0 0 0 0 29 0 63 0 0 0 0 0 0 0 0 0 0 0 12 0 0 0 0 0 0 0 0 0 0 0 0 0 0 0 0 0 0 0 0 91 0 40 0 0 74 1 13 6 0 0 0 24 36 0 0 0 0 0 0 0 0 0 0 0 0 0 0 0 0 0 0 0 0 0 0 0 0 0 0 0 0 0 
0 0 0 0 0 0 0 0 0 0 0 0 0 0 0 0 0 90 99 0 0 0 22 0 0 0 0 78 0 0 0 0 0 0 0 0 90 0 0 93 0 0 0 0 0 0 0 0 67 0 0 6 0 0 0 0 71 0 0 0 0 0 0 0 43 0 29 0 0 0 0 0 0 0 0 0 0 9 0 0 0 0 0 0 0 0 0 0 0 0 0 0 0 0 0 0 0 0 26 0 
83 0 29 0 0 0 0 0 0 0 0 0 0 0 16 0 0 0 0 0 0 0 0 0 53 0 0 0 0 0 0 0 0 72 0 0 0 0 0 0 0 0 0 13 0 0 0 37 98 0 0 0 11 75 0 0 0 0 0 0 74 0 0 0 62 0 0 0 0 0 0 82 0 0 13 0 0 0 0 0 0 0 0 0 0 0 0 0 0 0 0 0 27 0 0 0 0 0 0 0 
17 0 0 0 0 0 0 0 0 0 0 0 86 0 0 0 5 0 0 0 0 0 0 0 0 0 0 0 0 0 0 0 0 0 0 0 0 0 0 0 0 0 0 91 0 0 0 41 0 0 0 0 0 0 0 0 0 0 0 0 1 0 0 0 0 0 0 0 0 0 0 0 0 0 0 0 0 0 71 61 0 0 49 0 63 0 0 0 0 0 0 0 0 27 0 0 0 0 0 0 
0 0 0 0 0 54 0 99 0 0 0 0 0 0 0 0 0 0 0 0 0 0 0 0 3 0 0 0 0 0 0 0 0 0 29 0 0 0 75 0 0 0 0 0 0 0 86 0 0 0 0 24 0 0 0 0 14 0 0 0 13 43 62 0 0 0 0 0 0 0 0 0 0 0 0 0 0 0 0 0 0 0 0 32 0 0 0 0 0 0 0 0 0 0 63 0 0 0 0 0 
0 0 0 0 83 0 0 0 0 40 0 0 0 0 0 0 0 0 0 0 0 0 0 35 29 0 0 0 69 0 0 0 0 0 5 0 21 0 0 0 0 0 0 0 0 0 0 0 81 0 0 0 0 0 0 0 0 0 0 0 6 0 0 0 0 0 48 0 0 0 0 51 40 0 20 0 0 0 0 0 0 0 0 0 0 0 0 0 0 0 92 0 0 0 0 0 22 0 0 0 
0 0 0 0 0 0 0 0 0 0 80 0 0 91 0 0 12 0 0 0 1 0 0 84 0 0 0 0 0 0 81 0 0 0 0 0 0 0 0 0 0 0 0 0 0 0 0 0 0 0 0 0 0 0 0 0 0 0 0 0 0 29 0 0 0 48 0 0 0 0 77 0 0 42 0 0 0 0 0 33 0 0 0 0 53 0 0 0 91 0 0 0 0 0 7 0 0 0 0 13 
0 0 0 0 0 0 0 0 1 0 0 0 0 0 0 0 0 93 0 0 0 50 0 0 0 0 0 0 0 0 0 0 0 0 0 0 0 0 0 0 0 0 0 0 0 0 0 0 0 0 0 0 0 4 85 0 0 0 0 46 0 0 0 0 0 0 0 0 0 0 0 0 0 0 0 0 0 2 0 0 54 0 0 83 0 0 0 0 36 0 0 0 0 0 0 0 78 0 0 0 
0 53 0 0 0 0 0 0 0 0 0 0 0 0 4 0 0 3 0 0 0 0 7 0 0 0 0 0 0 0 0 0 0 0 0 0 0 0 0 0 0 0 0 0 0 0 56 0 0 0 0 0 71 91 0 0 45 0 0 0 0 0 0 0 0 0 0 0 0 71 86 0 72 0 0 0 0 58 0 0 0 0 30 0 0 0 0 0 0 0 0 21 82 0 0 0 0 0 0 0 
0 59 0 0 0 0 0 34 0 27 0 0 0 0 0 14 76 0 83 0 0 0 0 0 0 0 0 40 0 0 0 0 0 0 0 0 0 0 0 0 4 0 0 0 55 0 0 0 0 0 0 0 0 0 0 0 0 0 0 0 24 0 0 0 0 0 0 0 71 0 0 0 0 0 0 0 0 0 0 0 0 0 0 0 0 96 0 0 0 0 0 0 0 0 0 0 0 0 0 0 
0 0 0 0 0 0 0 0 0 51 0 0 0 0 0 0 0 30 41 0 0 0 0 0 0 0 0 0 0 0 0 0 0 0 5 0 0 0 0 0 0 15 47 0 0 0 74 0 0 0 0 0 0 0 0 0 0 0 0 0 36 0 0 0 0 0 77 0 86 0 0 0 0 0 0 0 0 0 0 0 0 0 0 0 0 0 0 0 0 0 0 73 0 5 0 0 0 0 0 0 
0 0 0 0 0 0 0 4 0 0 0 0 0 0 0 0 0 0 0 23 0 0 0 0 0 0 0 0 0 0 0 0 0 0 0 0 0 0 0 0 0 59 0 0 0 2 0 0 0 0 0 0 0 75 0 0 79 0 0 92 0 0 82 0 0 51 0 0 0 0 0 0 74 0 0 0 91 0 0 0 0 88 0 0 0 0 0 44 0 0 27 0 0 0 0 0 0 0 0 37 
0 0 0 34 0 0 0 0 0 0 0 42 0 37 0 0 0 83 0 0 0 0 0 0 0 0 0 0 0 0 0 75 0 0 0 0 21 0 0 0 0 0 0 0 0 57 0 0 0 0 0 0 0 0 0 0 0 0 0 0 0 0 0 0 0 40 0 0 72 0 0 74 0 39 0 0 75 0 0 0 0 0 0 0 0 0 0 0 0 0 35 0 0 0 0 0 0 0 0 0 
0 0 0 0 0 40 0 41 0 0 0 0 0 0 0 0 0 0 0 93 0 0 0 0 0 0 0 71 0 0 0 0 0 0 0 0 0 97 0 0 0 0 100 0 0 0 0 0 0 0 94 0 0 46 98 0 0 45 0 0 0 0 0 0 0 0 42 0 0 0 0 0 39 0 19 0 0 0 35 0 0 0 0 0 0 0 0 0 0 0 0 0 0 0 0 0 0 0 0 79 
0 0 0 0 0 0 0 0 0 23 0 0 0 0 0 0 0 0 0 0 0 0 0 0 9 0 0 0 0 0 0 0 0 0 0 0 0 30 0 0 0 0 0 68 0 0 0 0 0 25 0 0 0 0 0 0 20 0 0 0 0 0 13 0 0 20 0 0 0 0 0 0 0 19 0 99 0 0 0 0 0 40 0 0 0 0 0 0 0 0 45 0 0 0 0 22 0 0 93 63 
0 0 0 0 0 0 0 0 0 0 0 1 0 0 0 0 41 0 0 34 0 0 0 69 0 0 0 0 0 0 0 0 0 0 0 0 0 0 0 0 61 0 0 0 0 0 0 0 0 0 0 0 0 0 55 0 0 97 0 36 0 0 0 0 0 0 0 0 0 0 0 0 0 0 99 0 0 0 0 0 100 49 0 0 0 0 0 0 0 0 71 1 0 0 35 0 0 50 0 0 
0 0 0 0 0 0 0 84 73 0 0 0 0 0 0 0 0 0 0 0 25 56 33 0 0 0 0 0 44 0 0 0 50 0 0 0 0 0 0 55 0 0 0 0 0 0 0 0 0 0 0 0 0 0 0 33 29 0 6 82 0 0 0 0 0 0 0 0 0 0 0 91 75 0 0 0 0 0 0 0 0 0 0 0 0 0 0 0 0 0 0 0 87 0 0 0 0 0 0 0 
0 0 0 0 0 0 0 0 0 0 0 0 0 0 0 51 0 0 0 0 0 0 0 0 0 0 0 0 0 0 100 5 0 67 0 0 28 0 0 0 0 0 0 0 0 0 0 0 0 0 0 0 0 37 0 0 0 0 17 0 0 9 0 0 0 0 0 2 58 0 0 0 0 0 0 0 0 0 0 0 0 49 40 0 0 0 0 0 66 0 0 0 0 0 0 24 0 0 0 57 
0 0 50 0 0 0 0 0 0 0 0 0 0 0 3 0 0 0 60 0 0 0 0 0 23 0 0 22 0 0 0 0 65 0 0 0 0 0 0 0 0 93 53 94 41 0 0 0 0 72 0 0 0 0 0 10 0 0 0 0 0 0 0 71 0 0 0 0 0 0 0 0 0 35 0 0 0 0 0 0 0 0 0 0 0 0 0 0 0 0 0 0 0 0 0 0 73 0 0 0 
0 0 0 0 0 0 3 0 0 0 0 33 0 0 0 0 0 3 0 96 0 0 0 0 0 37 0 0 0 0 0 0 0 0 0 0 0 0 0 0 0 91 0 0 0 0 0 0 0 0 0 81 0 0 0 0 32 0 0 0 0 0 0 61 0 0 33 0 0 0 0 0 0 0 0 0 0 0 0 0 0 0 0 0 0 0 0 0 0 0 0 0 0 0 0 0 0 0 0 70 
0 0 41 0 64 0 0 0 0 0 0 0 0 0 0 0 0 0 0 11 0 0 0 0 0 0 0 0 70 0 0 0 0 0 0 0 91 0 0 0 0 46 0 0 0 0 0 0 0 0 86 0 0 0 0 16 0 23 96 0 0 0 0 0 0 0 0 54 0 0 0 0 0 0 0 100 0 0 0 0 0 0 0 0 0 0 63 0 0 0 0 67 0 0 0 0 73 0 0 0 
0 0 0 0 0 0 0 0 0 0 0 0 0 0 0 0 45 0 0 0 0 0 0 0 0 0 0 0 0 0 0 0 61 0 0 0 0 0 0 0 0 0 0 0 20 0 0 94 0 0 78 0 0 0 0 0 0 0 0 0 0 0 0 0 0 0 0 0 0 0 0 88 0 0 40 49 0 49 0 0 0 0 2 0 0 0 0 0 0 0 0 0 0 0 0 0 62 0 0 0 
0 0 0 0 0 0 31 0 0 100 0 11 0 0 0 0 0 0 0 0 0 0 0 0 77 0 0 0 79 0 0 0 0 0 0 0 0 0 0 0 0 0 0 0 0 0 0 75 27 88 0 0 0 0 0 0 0 0 1 0 0 0 0 49 0 0 0 0 30 0 0 0 0 0 0 0 0 40 0 0 0 2 0 22 0 0 0 0 0 0 0 0 0 0 0 0 0 39 0 0 
0 0 0 37 0 0 1 0 66 0 0 0 0 0 71 0 0 0 0 0 0 0 0 0 0 0 0 0 0 0 0 0 0 0 0 0 0 0 0 0 0 0 0 0 0 0 0 0 19 0 0 25 0 0 0 0 0 0 68 0 0 0 0 0 32 0 0 83 0 0 0 0 0 0 0 0 0 0 0 0 0 0 22 0 0 0 0 0 0 0 0 0 0 0 0 0 0 0 0 0 
49 0 0 0 0 0 0 67 0 0 0 41 0 0 0 58 62 0 0 0 0 0 0 81 0 0 0 0 0 0 0 0 8 0 0 0 0 0 0 0 0 0 0 0 40 0 0 0 0 0 0 0 0 0 70 0 0 0 0 29 0 0 0 63 0 0 53 0 0 0 0 0 0 0 0 0 0 0 0 0 0 0 0 0 0 0 0 0 0 0 21 0 0 0 62 49 0 0 0 0 
0 0 0 0 0 0 0 0 0 0 0 63 0 0 0 0 0 27 0 96 0 0 0 0 0 0 0 0 85 0 0 64 0 0 0 0 81 0 0 0 0 0 0 0 83 0 0 0 0 0 42 0 0 0 0 0 0 0 0 0 0 0 0 0 0 0 0 0 0 96 0 0 0 0 0 0 0 0 0 0 0 0 0 0 0 0 0 98 0 0 0 0 0 92 0 0 18 81 0 0 
0 0 0 0 0 0 0 0 0 0 0 0 0 0 0 0 0 40 0 0 0 0 0 0 0 0 0 0 0 75 0 0 0 0 0 0 0 0 0 0 0 0 59 0 0 0 0 0 0 0 0 0 0 27 0 0 0 24 0 0 0 0 0 0 0 0 0 0 0 0 0 0 0 0 0 0 0 0 0 0 63 0 0 0 0 0 0 81 0 0 0 77 0 0 0 0 56 0 58 10 
0 0 0 0 0 0 0 0 0 0 40 24 0 0 0 68 0 0 0 0 0 9 0 0 0 0 0 0 0 0 2 33 0 0 47 0 0 0 0 0 0 0 0 0 0 0 0 0 0 0 0 0 47 0 0 80 0 29 0 0 0 0 0 0 0 0 0 0 0 0 0 44 0 0 0 0 0 0 0 0 0 0 0 0 0 98 81 0 0 0 0 0 0 0 0 0 0 80 0 0 
0 83 0 0 0 53 0 0 0 0 0 0 0 0 0 0 0 76 0 0 0 0 0 0 66 10 27 0 0 0 0 0 0 0 29 0 0 0 0 8 0 0 0 0 0 0 0 44 89 0 0 0 0 0 0 0 0 0 98 0 0 0 0 0 0 0 91 36 0 0 0 0 0 0 0 0 0 66 0 0 0 0 0 0 0 0 0 0 0 0 0 0 0 0 0 0 96 0 0 0 
0 0 0 0 80 0 41 0 82 15 29 0 0 0 0 0 0 0 0 0 0 92 0 0 0 0 0 48 0 0 0 0 0 0 0 64 0 0 0 0 0 6 0 71 0 0 20 0 25 0 4 0 0 0 82 0 0 0 0 0 0 0 0 0 0 0 0 0 0 0 0 0 0 0 0 0 0 0 0 0 0 0 0 0 0 0 0 0 0 0 0 0 0 0 0 0 0 0 0 0 
0 0 0 0 0 0 0 0 0 0 0 0 0 15 44 0 0 0 0 0 0 0 0 0 0 93 0 0 0 0 46 0 0 0 0 0 50 0 0 0 0 0 0 0 0 0 0 0 0 0 0 66 0 0 0 0 0 0 0 0 0 0 0 0 0 92 0 0 0 0 0 27 35 0 45 71 0 0 0 0 0 0 0 0 21 0 0 0 0 0 0 0 0 18 0 0 0 10 0 0 
0 51 0 21 0 0 0 0 0 0 0 0 0 15 0 0 0 38 0 17 0 0 0 0 0 0 0 0 0 0 0 0 0 0 0 0 0 0 0 0 0 0 0 61 0 0 0 0 22 0 0 0 0 0 0 0 0 0 0 0 0 0 0 0 0 0 0 0 21 0 73 0 0 0 0 1 0 0 0 0 67 0 0 0 0 0 77 0 0 0 0 0 0 0 0 0 0 52 0 0 
0 0 0 0 0 0 0 0 44 0 0 0 0 0 0 0 0 0 0 0 0 0 0 0 0 0 0 0 0 0 0 0 69 0 0 0 0 0 0 0 0 0 0 0 0 13 41 0 0 0 0 0 0 0 0 4 0 0 0 0 0 0 27 0 0 0 0 0 82 0 0 0 0 0 0 0 87 0 0 0 0 0 0 0 0 0 0 0 0 0 0 0 0 0 81 0 0 19 0 0 
0 0 0 0 0 0 0 0 0 0 0 48 81 0 0 0 0 0 0 0 0 0 0 0 0 0 0 0 0 0 0 0 0 9 21 0 0 0 0 0 0 0 0 0 70 0 0 0 0 59 0 0 0 0 0 0 44 0 0 0 0 0 0 27 0 0 0 0 0 0 5 0 0 0 0 0 0 0 0 0 0 0 0 0 0 92 0 0 0 0 18 0 0 0 0 57 0 0 0 0 
81 0 0 0 0 0 80 0 0 0 0 0 0 45 0 0 0 0 0 0 0 0 0 0 0 0 0 0 0 0 0 13 0 0 0 0 0 0 0 0 42 0 84 0 0 0 0 0 10 0 0 0 0 0 0 0 35 0 0 0 0 0 0 0 63 0 7 0 0 0 0 0 0 0 0 35 0 0 0 0 0 0 0 0 62 0 0 0 0 0 0 0 81 0 0 0 0 0 36 71 
0 0 0 34 0 0 0 13 0 0 36 0 0 0 0 0 0 0 0 0 0 0 0 0 0 0 0 0 0 80 0 32 0 0 67 0 80 0 0 0 0 0 0 0 0 75 0 0 0 85 0 9 0 0 0 0 0 0 56 0 0 0 0 0 0 0 0 0 0 0 0 0 0 0 22 0 0 24 0 0 0 0 0 0 49 0 0 0 0 0 0 0 0 57 0 0 0 0 0 0 
0 0 0 0 0 0 0 0 84 66 0 0 0 0 0 0 0 77 0 0 0 0 0 0 0 0 0 0 0 0 0 0 0 0 0 0 0 0 0 0 0 0 0 91 0 0 0 0 0 0 50 0 35 0 0 0 0 0 0 0 0 0 0 0 0 22 0 78 0 0 0 0 0 0 0 0 0 0 73 0 73 62 0 0 0 18 56 0 96 0 0 0 0 0 0 0 0 0 0 7 
0 0 0 0 0 0 0 0 0 0 0 0 0 0 0 0 0 0 0 0 0 0 0 0 0 0 0 0 0 0 0 0 0 0 0 58 0 0 0 0 0 0 0 0 0 0 0 0 0 0 0 0 0 0 0 0 0 0 0 0 0 0 0 0 0 0 0 0 0 0 0 0 0 0 0 50 0 0 0 0 0 0 39 0 0 81 0 80 0 0 10 52 19 0 0 0 0 0 0 0 
0 9 0 0 0 0 0 31 0 0 0 0 0 0 0 0 0 0 0 0 0 0 0 0 0 0 0 0 0 5 0 0 0 3 0 0 0 80 0 0 0 0 0 93 0 47 0 0 0 0 17 42 13 0 0 0 0 0 0 0 0 26 0 0 0 0 0 0 0 0 0 0 0 0 93 0 0 0 0 0 0 0 0 0 0 0 58 0 0 0 0 0 0 0 36 0 0 0 0 0 
0 0 0 0 0 0 0 0 0 1 0 0 92 0 0 0 18 0 0 0 23 0 0 0 0 0 0 0 0 0 0 0 0 0 0 0 18 0 0 0 0 0 0 0 0 0 0 0 0 0 0 0 0 0 0 68 0 0 0 0 0 0 0 0 0 0 13 0 0 0 0 37 0 79 63 0 0 57 0 70 0 0 0 0 0 0 10 0 0 0 0 0 0 0 71 0 7 0 0 0 
